time,cc,pci,earfcn,rsrp,pl,cfo,dl_mcs,dl_snr,dl_turbo,dl_brate,dl_bler,ul_ta,ul_mcs,ul_buff,ul_brate,ul_bler,rf_o,rf_u,rf_l,is_attached
0,0,0,4294967295,0.0,0.0,0.0,0.0,0.0,0.0,0.0,0.0,0.0,0.0,0.0,0.0,0.0,0.0,0.0,0.0,0.0
249,0,0,3400,0.0,0.0,0.0,0.0,0.0,0.0,0.0,0.0,0.0,0.0,0.0,0.0,0.0,0.0,0.0,0.0,0.0
498,0,0,3400,0.0,0.0,0.0,0.0,0.0,0.0,0.0,0.0,0.0,0.0,0.0,0.0,0.0,0.0,0.0,0.0,0.0
747,0,1,3400,-53,53,-710,0.44,18,0.11,581,0,0.0,0.0,0.0,0.0,0.0,0.0,0.0,0.0,0.0
996,0,1,3400,-53,53,-685,3.6,19,0.44,2317.460205,0,0.0,0.0,33,444,0,0.0,0.0,0.0,1.0
1245,0,1,3400,-53,53,-681,3.5,18,0.50,0.0,0.0,1.0,0.0,33,0.0,0.0,0.0,0.0,0.0,1.0
1494,0,1,3400,-53,53,-678,2.3,19,0.50,8920.634766,0,1.0,10,36,112476.187500,0,0.0,0.0,0.0,1.0
1743,0,1,3400,-53,53,-685,1.4,18,0.50,2358.565674,0,2.1,12,0.0,37705.179688,0,0.0,0.0,0.0,1.0
1992,0,1,3400,-53,53,-685,2.5,19,0.50,0.0,0.0,2.1,12,0.0,0.0,0.0,0.0,0.0,0.0,1.0
2241,0,1,3400,-53,53,-686,2.5,18,0.50,0.0,0.0,2.1,12,0.0,0.0,0.0,0.0,0.0,0.0,1.0
2490,0,1,3400,-53,53,-682,2.5,19,0.50,0.0,0.0,2.1,12,0.0,0.0,0.0,0.0,0.0,0.0,1.0
2739,0,1,3400,-53,53,-682,2.5,19,0.50,0.0,0.0,2.1,12,0.0,0.0,0.0,0.0,0.0,0.0,1.0
2988,0,1,3400,-53,53,-675,2.5,19,0.50,0.0,0.0,2.1,12,0.0,0.0,0.0,0.0,0.0,0.0,1.0
3237,0,1,3400,-53,53,-679,2.5,18,0.50,0.0,0.0,2.1,12,0.0,0.0,0.0,0.0,0.0,0.0,1.0
3486,0,1,3400,-53,53,-685,2.5,18,0.50,0.0,0.0,2.1,12,0.0,0.0,0.0,0.0,0.0,0.0,1.0
3735,0,1,3400,-53,53,-683,2.5,18,0.50,0.0,0.0,2.1,12,0.0,0.0,0.0,0.0,0.0,0.0,1.0
3984,0,1,3400,-53,53,-681,2.5,18,0.50,0.0,0.0,2.1,12,0.0,0.0,0.0,0.0,0.0,0.0,1.0
4233,0,1,3400,-53,53,-690,2.5,18,0.50,0.0,0.0,2.1,12,0.0,0.0,0.0,0.0,0.0,0.0,1.0
4482,0,1,3400,-53,53,-681,2.5,18,0.50,0.0,0.0,2.1,12,0.0,0.0,0.0,0.0,0.0,0.0,1.0
4731,0,1,3400,-53,53,-679,2.5,18,0.50,0.0,0.0,2.1,12,0.0,0.0,0.0,0.0,0.0,0.0,1.0
4980,0,1,3400,-53,53,-686,2.5,19,0.50,0.0,0.0,2.1,12,0.0,0.0,0.0,0.0,0.0,0.0,1.0
5229,0,1,3400,-53,53,-694,2.5,18,0.50,0.0,0.0,2.1,12,0.0,0.0,0.0,0.0,0.0,0.0,1.0
5478,0,1,3400,-53,53,-692,2.5,19,0.50,0.0,0.0,2.1,12,0.0,0.0,0.0,0.0,0.0,0.0,1.0
5727,0,1,3400,-53,53,-692,2.5,18,0.50,0.0,0.0,2.1,12,0.0,0.0,0.0,0.0,0.0,0.0,1.0
5976,0,1,3400,-53,53,-690,2.5,19,0.50,0.0,0.0,2.1,12,0.0,0.0,0.0,0.0,0.0,0.0,1.0
6225,0,1,3400,-53,53,-687,2.5,18,0.50,0.0,0.0,2.1,12,0.0,0.0,0.0,0.0,0.0,0.0,1.0
6474,0,1,3400,-53,53,-687,2.5,18,0.50,0.0,0.0,2.1,12,0.0,0.0,0.0,0.0,0.0,0.0,1.0
6723,0,1,3400,-53,53,-693,2.5,18,0.50,0.0,0.0,2.1,12,0.0,0.0,0.0,0.0,0.0,0.0,1.0
6972,0,1,3400,-53,53,-687,2.5,18,0.50,0.0,0.0,2.1,12,0.0,0.0,0.0,0.0,0.0,0.0,1.0
7221,0,1,3400,-53,53,-680,2.5,18,0.50,0.0,0.0,2.1,12,0.0,0.0,0.0,0.0,0.0,0.0,1.0
7470,0,1,3400,-53,53,-682,2.5,18,0.50,0.0,0.0,2.1,12,0.0,0.0,0.0,0.0,0.0,0.0,1.0
7719,0,1,3400,-53,53,-688,2.5,18,0.50,0.0,0.0,2.1,12,0.0,0.0,0.0,0.0,0.0,0.0,1.0
7968,0,1,3400,-53,53,-686,2.5,18,0.50,0.0,0.0,2.1,12,0.0,0.0,0.0,0.0,0.0,0.0,1.0
8217,0,1,3400,-53,53,-685,2.5,18,0.50,0.0,0.0,2.1,12,0.0,0.0,0.0,0.0,0.0,0.0,1.0
8466,0,1,3400,-53,53,-681,2.5,19,0.50,0.0,0.0,2.1,12,0.0,0.0,0.0,0.0,0.0,0.0,1.0
8715,0,1,3400,-53,53,-680,2.5,19,0.50,0.0,0.0,2.1,12,0.0,0.0,0.0,0.0,0.0,0.0,1.0
8964,0,1,3400,-53,53,-688,2.5,18,0.50,0.0,0.0,2.1,11,0.0,0.0,0.0,0.0,0.0,0.0,1.0
9213,0,1,3400,-53,53,-689,2.5,18,0.50,0.0,0.0,2.1,12,0.0,0.0,0.0,0.0,0.0,0.0,1.0
9462,0,1,3400,-53,53,-685,2.5,18,0.50,0.0,0.0,2.1,12,0.0,0.0,0.0,0.0,0.0,0.0,1.0
9711,0,1,3400,-53,53,-684,2.5,19,0.49,0.0,0.0,2.1,11,0.0,0.0,0.0,0.0,1.0,16,1.0
9960,0,1,3400,-53,53,-679,2.5,19,0.50,0.0,0.0,2.1,12,0.0,0.0,0.0,0.0,0.0,0.0,1.0
10209,0,1,3400,-53,53,-684,2.5,18,0.50,0.0,0.0,2.1,12,0.0,0.0,0.0,0.0,0.0,0.0,1.0
10458,0,1,3400,-53,53,-688,2.5,18,0.50,0.0,0.0,2.1,12,0.0,0.0,0.0,0.0,0.0,0.0,1.0
10707,0,1,3400,-53,53,-694,2.5,18,0.50,0.0,0.0,2.1,11,0.0,0.0,0.0,0.0,0.0,0.0,1.0
10956,0,1,3400,-53,53,-690,2.5,18,0.50,0.0,0.0,2.1,12,0.0,0.0,0.0,0.0,0.0,0.0,1.0
11205,0,1,3400,-53,53,-683,2.5,18,0.50,0.0,0.0,2.1,12,0.0,0.0,0.0,0.0,0.0,0.0,1.0
11454,0,1,3400,-53,53,-686,2.5,19,0.50,0.0,0.0,2.1,11,0.0,0.0,0.0,0.0,0.0,0.0,1.0
11703,0,1,3400,-53,53,-686,2.5,19,0.50,0.0,0.0,2.1,12,0.0,0.0,0.0,0.0,0.0,0.0,1.0
11952,0,1,3400,-53,53,-691,2.5,19,0.50,0.0,0.0,2.1,12,0.0,0.0,0.0,0.0,0.0,0.0,1.0
12201,0,1,3400,-53,53,-686,2.5,18,0.50,0.0,0.0,2.1,12,0.0,0.0,0.0,0.0,0.0,0.0,1.0
12450,0,1,3400,-53,53,-688,2.5,18,0.50,0.0,0.0,2.1,12,0.0,0.0,0.0,0.0,0.0,0.0,1.0
12699,0,1,3400,-53,53,-682,2.5,19,0.50,0.0,0.0,2.1,11,0.0,0.0,0.0,0.0,0.0,0.0,1.0
12948,0,1,3400,-53,53,-674,2.5,18,0.50,0.0,0.0,2.1,12,0.0,0.0,0.0,0.0,0.0,0.0,1.0
13197,0,1,3400,-53,53,-683,2.5,18,0.50,0.0,0.0,2.1,12,0.0,0.0,0.0,0.0,0.0,0.0,1.0
13446,0,1,3400,-53,53,-682,2.5,19,0.50,0.0,0.0,2.1,12,0.0,0.0,0.0,0.0,0.0,0.0,1.0
13695,0,1,3400,-53,53,-681,2.5,18,0.50,0.0,0.0,2.1,12,0.0,0.0,0.0,0.0,0.0,0.0,1.0
13944,0,1,3400,-53,53,-680,2.5,19,0.50,0.0,0.0,2.1,12,0.0,0.0,0.0,0.0,0.0,0.0,1.0
14193,0,1,3400,-53,53,-687,2.5,18,0.50,0.0,0.0,2.1,12,0.0,0.0,0.0,0.0,0.0,0.0,1.0
14442,0,1,3400,-53,53,-686,2.5,18,0.50,0.0,0.0,2.1,12,0.0,0.0,0.0,0.0,0.0,0.0,1.0
14691,0,1,3400,-53,53,-682,2.5,19,0.50,0.0,0.0,2.1,12,0.0,0.0,0.0,0.0,0.0,0.0,1.0
14940,0,1,3400,-53,53,-683,2.5,18,0.50,0.0,0.0,2.1,12,0.0,0.0,0.0,0.0,0.0,0.0,1.0
15189,0,1,3400,-53,53,-692,2.5,18,0.50,0.0,0.0,2.1,12,0.0,0.0,0.0,0.0,0.0,0.0,1.0
15438,0,1,3400,-53,53,-687,2.5,18,0.50,0.0,0.0,2.1,12,0.0,0.0,0.0,0.0,0.0,0.0,1.0
15687,0,1,3400,-53,53,-686,2.5,18,0.50,0.0,0.0,2.1,12,0.0,0.0,0.0,0.0,0.0,0.0,1.0
15936,0,1,3400,-53,53,-691,2.5,19,0.50,0.0,0.0,2.1,12,0.0,0.0,0.0,0.0,0.0,0.0,1.0
16185,0,1,3400,-53,53,-685,2.5,18,0.50,0.0,0.0,2.1,12,0.0,0.0,0.0,0.0,0.0,0.0,1.0
16434,0,1,3400,-53,53,-680,2.5,19,0.50,0.0,0.0,2.1,12,0.0,0.0,0.0,0.0,0.0,0.0,1.0
16683,0,1,3400,-53,53,-684,2.5,18,0.50,0.0,0.0,2.1,12,0.0,0.0,0.0,0.0,0.0,0.0,1.0
16932,0,1,3400,-53,53,-692,2.5,18,0.50,0.0,0.0,2.1,12,0.0,0.0,0.0,0.0,0.0,0.0,1.0
17181,0,1,3400,-53,53,-686,2.5,18,0.50,0.0,0.0,2.1,12,0.0,0.0,0.0,0.0,0.0,0.0,1.0
17430,0,1,3400,-53,53,-686,2.5,18,0.50,0.0,0.0,2.1,12,0.0,0.0,0.0,0.0,0.0,0.0,1.0
17679,0,1,3400,-53,53,-691,2.5,18,0.50,0.0,0.0,2.1,12,0.0,0.0,0.0,0.0,0.0,0.0,1.0
17928,0,1,3400,-53,53,-686,2.5,18,0.50,0.0,0.0,2.1,12,0.0,0.0,0.0,0.0,0.0,0.0,1.0
18177,0,1,3400,-53,53,-688,2.5,18,0.50,0.0,0.0,2.1,12,0.0,0.0,0.0,0.0,0.0,0.0,1.0
18426,0,1,3400,-53,53,-687,2.5,19,0.50,0.0,0.0,2.1,12,0.0,0.0,0.0,0.0,0.0,0.0,1.0
18675,0,1,3400,-53,53,-682,2.5,18,0.50,0.0,0.0,2.1,12,0.0,0.0,0.0,0.0,0.0,0.0,1.0
18924,0,1,3400,-53,53,-678,2.5,19,0.50,0.0,0.0,2.1,12,0.0,0.0,0.0,0.0,0.0,0.0,1.0
19173,0,1,3400,-53,53,-684,2.5,18,0.50,0.0,0.0,2.1,12,0.0,0.0,0.0,0.0,0.0,0.0,1.0
19422,0,1,3400,-53,53,-688,2.5,19,0.50,0.0,0.0,2.1,12,0.0,0.0,0.0,0.0,0.0,0.0,1.0
19671,0,1,3400,-53,53,-690,2.5,19,0.50,0.0,0.0,2.1,12,0.0,0.0,0.0,0.0,0.0,0.0,1.0
19920,0,1,3400,-53,53,-686,2.5,19,0.50,0.0,0.0,2.1,12,0.0,0.0,0.0,0.0,0.0,0.0,1.0
20169,0,1,3400,-53,53,-679,2.5,18,0.50,0.0,0.0,2.1,12,0.0,0.0,0.0,0.0,0.0,0.0,1.0
20418,0,1,3400,-53,53,-685,2.5,18,0.50,0.0,0.0,2.1,12,0.0,0.0,0.0,0.0,0.0,0.0,1.0
20667,0,1,3400,-53,53,-691,2.5,18,0.50,0.0,0.0,2.1,12,0.0,0.0,0.0,0.0,0.0,0.0,1.0
20916,0,1,3400,-53,53,-689,2.5,18,0.50,0.0,0.0,2.1,12,0.0,0.0,0.0,0.0,0.0,0.0,1.0
21165,0,1,3400,-53,53,-687,2.5,18,0.50,0.0,0.0,2.1,11,0.0,0.0,0.0,0.0,1.0,1.0,1.0
21414,0,1,3400,-53,53,-683,2.5,18,0.50,0.0,0.0,2.1,12,0.0,0.0,0.0,0.0,0.0,0.0,1.0
21663,0,1,3400,-53,53,-679,2.5,17,0.50,0.0,0.0,2.1,12,0.0,0.0,0.0,0.0,0.0,0.0,1.0
21912,0,1,3400,-53,53,-685,2.5,18,0.50,0.0,0.0,2.1,12,0.0,0.0,0.0,0.0,0.0,0.0,1.0
22161,0,1,3400,-53,53,-675,2.5,19,0.50,0.0,0.0,2.1,12,0.0,0.0,0.0,0.0,0.0,0.0,1.0
22410,0,1,3400,-53,53,-678,2.5,18,0.50,0.0,0.0,2.1,12,0.0,0.0,0.0,0.0,0.0,0.0,1.0
22659,0,1,3400,-53,53,-683,2.5,18,0.50,0.0,0.0,2.1,12,0.0,0.0,0.0,0.0,0.0,0.0,1.0
22908,0,1,3400,-53,53,-683,2.5,18,0.50,0.0,0.0,2.1,12,0.0,0.0,0.0,0.0,0.0,0.0,1.0
23157,0,1,3400,-53,53,-686,2.5,18,0.50,0.0,0.0,2.1,12,0.0,0.0,0.0,0.0,0.0,0.0,1.0
23406,0,1,3400,-53,53,-682,2.5,19,0.50,0.0,0.0,2.1,12,0.0,0.0,0.0,0.0,0.0,0.0,1.0
23655,0,1,3400,-53,53,-685,2.5,18,0.50,0.0,0.0,2.1,12,0.0,0.0,0.0,0.0,0.0,0.0,1.0
23904,0,1,3400,-53,53,-685,2.5,18,0.50,0.0,0.0,2.1,12,0.0,0.0,0.0,0.0,0.0,0.0,1.0
24153,0,1,3400,-53,53,-687,2.5,18,0.50,0.0,0.0,2.1,12,0.0,0.0,0.0,0.0,0.0,0.0,1.0
24402,0,1,3400,-53,53,-684,2.5,18,0.50,0.0,0.0,2.1,12,0.0,0.0,0.0,0.0,0.0,0.0,1.0
24651,0,1,3400,-53,53,-679,2.5,19,0.50,0.0,0.0,2.1,12,0.0,0.0,0.0,0.0,0.0,0.0,1.0
24900,0,1,3400,-53,53,-677,2.5,18,0.50,0.0,0.0,2.1,12,0.0,0.0,0.0,0.0,0.0,0.0,1.0
25149,0,1,3400,-53,53,-681,2.5,18,0.50,0.0,0.0,2.1,11,0.0,0.0,0.0,0.0,0.0,0.0,1.0
25398,0,1,3400,-53,53,-691,2.5,18,0.50,0.0,0.0,2.1,12,0.0,0.0,0.0,0.0,0.0,0.0,1.0
25647,0,1,3400,-53,53,-683,2.5,18,0.50,0.0,0.0,2.1,12,0.0,0.0,0.0,0.0,0.0,0.0,1.0
25896,0,1,3400,-53,53,-685,2.5,18,0.50,0.0,0.0,2.1,12,0.0,0.0,0.0,0.0,0.0,0.0,1.0
26145,0,1,3400,-53,53,-684,2.5,18,0.50,0.0,0.0,2.1,12,0.0,0.0,0.0,0.0,0.0,0.0,1.0
26394,0,1,3400,-53,53,-679,2.5,18,0.50,0.0,0.0,2.1,12,0.0,0.0,0.0,0.0,0.0,0.0,1.0
26643,0,1,3400,-53,53,-686,2.5,18,0.50,0.0,0.0,2.1,12,0.0,0.0,0.0,0.0,0.0,0.0,1.0
26892,0,1,3400,-53,53,-680,2.5,18,0.50,0.0,0.0,2.1,12,0.0,0.0,0.0,0.0,0.0,0.0,1.0
27141,0,1,3400,-53,53,-679,2.5,18,0.50,0.0,0.0,2.1,12,0.0,0.0,0.0,0.0,0.0,0.0,1.0
27390,0,1,3400,-53,53,-690,2.5,18,0.50,0.0,0.0,2.1,12,0.0,0.0,0.0,0.0,0.0,0.0,1.0
27639,0,1,3400,-53,53,-693,2.5,19,0.50,0.0,0.0,2.1,12,0.0,0.0,0.0,0.0,0.0,0.0,1.0
27888,0,1,3400,-53,53,-688,2.5,19,0.50,0.0,0.0,2.1,11,0.0,0.0,0.0,0.0,0.0,0.0,1.0
28137,0,1,3400,-53,53,-691,2.5,19,0.50,0.0,0.0,2.1,12,0.0,0.0,0.0,0.0,0.0,0.0,1.0
28386,0,1,3400,-53,53,-682,2.5,18,0.50,0.0,0.0,2.1,12,0.0,0.0,0.0,0.0,0.0,0.0,1.0
28635,0,1,3400,-53,53,-680,2.5,18,0.50,0.0,0.0,2.1,12,0.0,0.0,0.0,0.0,0.0,0.0,1.0
28884,0,1,3400,-53,53,-678,2.5,18,0.50,0.0,0.0,2.1,12,0.0,0.0,0.0,0.0,0.0,0.0,1.0
29133,0,1,3400,-53,53,-679,2.5,18,0.50,0.0,0.0,2.1,12,0.0,0.0,0.0,0.0,0.0,0.0,1.0
29382,0,1,3400,-53,53,-684,2.5,19,0.50,0.0,0.0,2.1,12,0.0,0.0,0.0,0.0,0.0,0.0,1.0
29631,0,1,3400,-53,53,-685,2.5,17,0.50,0.0,0.0,2.1,12,0.0,0.0,0.0,0.0,0.0,0.0,1.0
29880,0,1,3400,-53,53,-685,2.5,18,0.50,0.0,0.0,2.1,12,0.0,0.0,0.0,0.0,0.0,0.0,1.0
30129,0,1,3400,-53,53,-689,2.5,17,0.50,0.0,0.0,2.1,12,0.0,0.0,0.0,0.0,0.0,0.0,1.0
30378,0,1,3400,-53,53,-681,2.5,18,0.50,0.0,0.0,2.1,12,0.0,0.0,0.0,0.0,0.0,0.0,1.0
30627,0,1,3400,-53,53,-681,2.5,19,0.50,0.0,0.0,2.1,12,0.0,0.0,0.0,0.0,0.0,0.0,1.0
30876,0,1,3400,-53,53,-678,2.5,18,0.50,0.0,0.0,2.1,12,0.0,0.0,0.0,0.0,0.0,0.0,1.0
31125,0,1,3400,-53,53,-684,2.5,18,0.50,0.0,0.0,2.1,12,0.0,0.0,0.0,0.0,0.0,0.0,1.0
31374,0,1,3400,-53,53,-685,2.5,18,0.50,0.0,0.0,2.1,12,0.0,0.0,0.0,0.0,0.0,0.0,1.0
31623,0,1,3400,-53,53,-689,2.5,19,0.50,0.0,0.0,2.1,12,0.0,0.0,0.0,0.0,0.0,0.0,1.0
31872,0,1,3400,-53,53,-691,2.5,18,0.50,0.0,0.0,2.1,12,0.0,0.0,0.0,0.0,0.0,0.0,1.0
32121,0,1,3400,-53,53,-688,2.5,18,0.50,0.0,0.0,2.1,12,0.0,0.0,0.0,0.0,0.0,0.0,1.0
32370,0,1,3400,-53,53,-689,2.5,18,0.50,0.0,0.0,2.1,12,0.0,0.0,0.0,0.0,0.0,0.0,1.0
32619,0,1,3400,-53,53,-679,2.5,18,0.50,0.0,0.0,2.1,12,0.0,0.0,0.0,0.0,0.0,0.0,1.0
32868,0,1,3400,-53,53,-676,2.5,19,0.50,0.0,0.0,2.1,12,0.0,0.0,0.0,0.0,0.0,0.0,1.0
33117,0,1,3400,-53,53,-687,2.5,18,0.50,0.0,0.0,2.1,12,0.0,0.0,0.0,0.0,0.0,0.0,1.0
33366,0,1,3400,-53,53,-691,2.5,18,0.50,0.0,0.0,2.1,12,0.0,0.0,0.0,0.0,0.0,0.0,1.0
33615,0,1,3400,-53,53,-684,2.5,18,0.50,0.0,0.0,2.1,12,0.0,0.0,0.0,0.0,0.0,0.0,1.0
33864,0,1,3400,-53,53,-680,2.5,19,0.50,0.0,0.0,2.1,12,0.0,0.0,0.0,0.0,0.0,0.0,1.0
34113,0,1,3400,-53,53,-680,2.5,18,0.50,0.0,0.0,2.1,12,0.0,0.0,0.0,0.0,0.0,0.0,1.0
34362,0,1,3400,-53,53,-677,2.5,18,0.50,0.0,0.0,2.1,11,0.0,0.0,0.0,0.0,0.0,0.0,1.0
34611,0,1,3400,-53,53,-683,2.5,19,0.50,0.0,0.0,2.1,12,0.0,0.0,0.0,0.0,0.0,0.0,1.0
34860,0,1,3400,-53,53,-692,2.5,18,0.50,0.0,0.0,2.1,12,0.0,0.0,0.0,0.0,0.0,0.0,1.0
35109,0,1,3400,-53,53,-689,2.5,18,0.50,0.0,0.0,2.1,12,0.0,0.0,0.0,0.0,0.0,0.0,1.0
35358,0,1,3400,-53,53,-682,2.5,19,0.50,0.0,0.0,2.1,11,0.0,0.0,0.0,0.0,0.0,0.0,1.0
35607,0,1,3400,-53,53,-683,2.5,18,0.50,0.0,0.0,2.1,12,0.0,0.0,0.0,0.0,0.0,0.0,1.0
35856,0,1,3400,-53,53,-689,2.5,18,0.50,0.0,0.0,2.1,12,0.0,0.0,0.0,0.0,0.0,0.0,1.0
36105,0,1,3400,-53,53,-686,2.5,18,0.50,0.0,0.0,2.1,12,0.0,0.0,0.0,0.0,0.0,0.0,1.0
36354,0,1,3400,-53,53,-686,2.5,18,0.50,0.0,0.0,2.1,12,0.0,0.0,0.0,0.0,0.0,0.0,1.0
36603,0,1,3400,-53,53,-688,2.5,17,0.50,0.0,0.0,2.1,12,0.0,0.0,0.0,0.0,0.0,0.0,1.0
36852,0,1,3400,-53,53,-683,2.5,18,0.50,0.0,0.0,2.1,12,0.0,0.0,0.0,0.0,0.0,0.0,1.0
37101,0,1,3400,-53,53,-678,2.5,18,0.50,0.0,0.0,2.1,12,0.0,0.0,0.0,0.0,0.0,0.0,1.0
37350,0,1,3400,-53,53,-682,2.5,18,0.50,0.0,0.0,2.1,12,0.0,0.0,0.0,0.0,0.0,0.0,1.0
37599,0,1,3400,-53,53,-690,2.5,18,0.50,0.0,0.0,2.1,12,0.0,0.0,0.0,0.0,0.0,0.0,1.0
37848,0,1,3400,-53,53,-682,2.5,18,0.50,0.0,0.0,2.1,11,0.0,0.0,0.0,0.0,0.0,0.0,1.0
38097,0,1,3400,-53,53,-686,2.5,18,0.50,0.0,0.0,2.1,12,0.0,0.0,0.0,0.0,0.0,0.0,1.0
38346,0,1,3400,-53,53,-694,2.5,18,0.50,0.0,0.0,2.1,12,0.0,0.0,0.0,0.0,0.0,0.0,1.0
38595,0,1,3400,-53,53,-684,2.5,17,0.50,0.0,0.0,2.1,12,0.0,0.0,0.0,0.0,0.0,0.0,1.0
38844,0,1,3400,-53,53,-678,2.5,18,0.50,0.0,0.0,2.1,12,0.0,0.0,0.0,0.0,0.0,0.0,1.0
39093,0,1,3400,-53,53,-682,2.5,18,0.50,0.0,0.0,2.1,12,0.0,0.0,0.0,0.0,0.0,0.0,1.0
39342,0,1,3400,-53,53,-686,2.5,17,0.50,0.0,0.0,2.1,12,0.0,0.0,0.0,0.0,0.0,0.0,1.0
39591,0,1,3400,-53,53,-684,2.5,18,0.50,0.0,0.0,2.1,12,0.0,0.0,0.0,0.0,0.0,0.0,1.0
39840,0,1,3400,-53,53,-688,2.5,19,0.50,0.0,0.0,2.1,12,0.0,0.0,0.0,0.0,0.0,0.0,1.0
40089,0,1,3400,-53,53,-686,2.5,18,0.50,0.0,0.0,2.1,11,0.0,0.0,0.0,0.0,0.0,0.0,1.0
40338,0,1,3400,-53,53,-679,2.5,18,0.50,0.0,0.0,2.1,12,0.0,0.0,0.0,0.0,0.0,0.0,1.0
40587,0,1,3400,-53,53,-683,2.5,18,0.50,0.0,0.0,2.1,12,0.0,0.0,0.0,0.0,0.0,0.0,1.0
40836,0,1,3400,-53,53,-684,2.5,19,0.50,0.0,0.0,2.1,12,0.0,0.0,0.0,0.0,0.0,0.0,1.0
41085,0,1,3400,-53,53,-690,2.5,19,0.50,0.0,0.0,2.1,12,0.0,0.0,0.0,0.0,0.0,0.0,1.0
41334,0,1,3400,-53,53,-680,2.5,18,0.50,0.0,0.0,2.1,12,0.0,0.0,0.0,0.0,0.0,0.0,1.0
41583,0,1,3400,-53,53,-681,2.5,17,0.50,0.0,0.0,2.1,12,0.0,0.0,0.0,0.0,0.0,0.0,1.0
41832,0,1,3400,-53,53,-682,2.5,18,0.50,0.0,0.0,2.1,12,0.0,0.0,0.0,0.0,0.0,0.0,1.0
42081,0,1,3400,-53,53,-677,2.5,19,0.50,0.0,0.0,2.1,12,0.0,0.0,0.0,0.0,0.0,0.0,1.0
42330,0,1,3400,-53,53,-684,2.5,18,0.50,0.0,0.0,2.1,12,0.0,0.0,0.0,0.0,0.0,0.0,1.0
42579,0,1,3400,-53,53,-683,2.5,18,0.50,0.0,0.0,2.1,12,0.0,0.0,0.0,0.0,0.0,0.0,1.0
42828,0,1,3400,-53,53,-683,2.5,18,0.50,0.0,0.0,2.1,12,0.0,0.0,0.0,0.0,0.0,0.0,1.0
43077,0,1,3400,-53,53,-689,2.5,19,0.50,0.0,0.0,2.1,12,0.0,0.0,0.0,0.0,0.0,0.0,1.0
43326,0,1,3400,-53,53,-689,2.5,19,0.50,0.0,0.0,2.1,12,0.0,0.0,0.0,0.0,0.0,0.0,1.0
43575,0,1,3400,-53,53,-692,2.5,19,0.50,0.0,0.0,2.1,12,0.0,0.0,0.0,0.0,0.0,0.0,1.0
43824,0,1,3400,-53,53,-685,2.5,19,0.50,0.0,0.0,2.1,12,0.0,0.0,0.0,0.0,0.0,0.0,1.0
44073,0,1,3400,-53,53,-690,2.5,19,0.50,0.0,0.0,2.1,12,0.0,0.0,0.0,0.0,0.0,0.0,1.0
44322,0,1,3400,-53,53,-682,2.5,18,0.50,0.0,0.0,2.1,12,0.0,0.0,0.0,0.0,0.0,0.0,1.0
44571,0,1,3400,-53,53,-686,2.5,19,0.50,0.0,0.0,2.1,12,0.0,0.0,0.0,0.0,0.0,0.0,1.0
44820,0,1,3400,-53,53,-686,2.5,18,0.50,0.0,0.0,2.1,12,0.0,0.0,0.0,0.0,0.0,0.0,1.0
45069,0,1,3400,-53,53,-689,2.5,19,0.50,0.0,0.0,2.1,12,0.0,0.0,0.0,0.0,0.0,0.0,1.0
45318,0,1,3400,-53,53,-681,2.5,19,0.50,0.0,0.0,2.1,12,0.0,0.0,0.0,0.0,0.0,0.0,1.0
45567,0,1,3400,-53,53,-677,2.5,19,0.50,0.0,0.0,2.1,12,0.0,0.0,0.0,0.0,0.0,0.0,1.0
45816,0,1,3400,-53,53,-682,2.5,18,0.50,0.0,0.0,2.1,12,0.0,0.0,0.0,0.0,0.0,0.0,1.0
46065,0,1,3400,-53,53,-687,2.5,18,0.50,0.0,0.0,2.1,12,0.0,0.0,0.0,0.0,0.0,0.0,1.0
46314,0,1,3400,-53,53,-684,2.5,19,0.50,0.0,0.0,2.1,12,0.0,0.0,0.0,0.0,0.0,0.0,1.0
46563,0,1,3400,-53,53,-686,2.5,18,0.50,0.0,0.0,2.1,12,0.0,0.0,0.0,0.0,0.0,0.0,1.0
46812,0,1,3400,-53,53,-681,12,18,0.51,52222.222656,10,2.1,12,0.0,37428.570312,41,0.0,0.0,0.0,1.0
47061,0,1,3400,-53,53,-677,13,18,0.65,103523.812500,5,2.1,7.0,0.0,8031.746094,0,0.0,0.0,0.0,1.0
47310,0,1,3400,-53,53,-682,11,18,0.50,64253.968750,0,2.1,7.0,0.0,0.0,0.0,0.0,0.0,0.0,1.0
47559,0,1,3400,-53,53,-678,13,18,0.58,69841.273438,8,2.1,7.0,0.0,0.0,0.0,0.0,0.0,0.0,1.0
47808,0,1,3400,-53,53,-685,13,18,0.50,32190.476562,0,2.1,9.2,0.0,23301.587891,0,0.0,0.0,0.0,1.0
48057,0,1,3400,-53,53,-686,11,17,0.50,61555.554688,0,2.1,14,0.0,0.0,0.0,0.0,0.0,0.0,1.0
48306,0,1,3400,-53,53,-689,12,17,1.1,37555.554688,42,2.1,14,0.0,0.0,0.0,0.0,0.0,0.0,1.0
48555,0,1,3400,-53,53,-688,8.7,18,1.1,66709.164062,0,2.1,14,0.0,0.0,0.0,0.0,0.0,0.0,1.0
48804,0,1,3400,-53,53,-681,9.1,18,0.50,58222.222656,0,2.1,14,0.0,23301.587891,0,0.0,0.0,0.0,1.0
49053,0,1,3400,-53,53,-677,8.5,19,0.50,33968.253906,0,2.1,14,0.0,0.0,0.0,0.0,0.0,0.0,1.0
49302,0,1,3400,-53,53,-691,13,18,0.50,53650.792969,0,2.1,14,0.0,0.0,0.0,0.0,0.0,0.0,1.0
49551,0,1,3400,-53,53,-689,14,18,0.50,79968.257812,0,2.1,14,0.0,0.0,0.0,0.0,0.0,0.0,1.0
49800,0,1,3400,-53,53,-681,11,18,0.58,64349.207031,7,2.1,9.2,0.0,23714.285156,36,0.0,0.0,0.0,1.0
50049,0,1,3400,-53,53,-673,15,18,0.50,53142.855469,0,2.1,0.0,0.0,0.0,0.0,0.0,0.0,0.0,1.0
50298,0,1,3400,-53,53,-681,13,18,0.71,64380.953125,8,2.1,0.0,0.0,0.0,0.0,0.0,0.0,0.0,1.0
50547,0,1,3400,-53,53,-684,11,18,0.99,54825.398438,0,2.1,0.0,0.0,0.0,0.0,0.0,0.0,0.0,1.0
50796,0,1,3400,-53,53,-683,13,18,0.50,26857.142578,0,2.1,5.5,0.0,3079.364990,73,0.0,0.0,0.0,1.0
51045,0,1,3400,-53,53,-678,12,18,0.79,58857.144531,8,2.1,21,0.0,0.0,0.0,0.0,0.0,0.0,1.0
51294,0,1,3400,-53,53,-687,9.6,19,0.64,58952.382812,8,2.1,21,0.0,0.0,0.0,0.0,0.0,0.0,1.0
51543,0,1,3400,-53,53,-685,11,18,0.50,66167.328125,0,2.1,21,0.0,0.0,0.0,0.0,0.0,0.0,1.0
51792,0,1,3400,-53,53,-692,14,18,0.50,31810.277344,0,2.1,17,0.0,23209.486328,0,0.0,0.0,0.0,1.0
52041,0,1,3400,-53,53,-688,9.5,18,0.50,48095.617188,0,2.1,13,0.0,0.0,0.0,0.0,0.0,0.0,1.0
52290,0,1,3400,-53,53,-685,12,17,0.50,56190.476562,0,2.1,14,0.0,0.0,0.0,0.0,0.0,0.0,1.0
52539,0,1,3400,-53,53,-682,8.1,18,0.50,52825.398438,0,2.1,14,0.0,0.0,0.0,0.0,0.0,0.0,1.0
52788,0,1,3400,-53,53,-682,12,17,0.50,53142.855469,0,2.1,13,0.0,23301.587891,0,0.0,0.0,0.0,1.0
53037,0,1,3400,-53,53,-682,12,18,0.60,75047.617188,12,2.1,14,0.0,0.0,0.0,0.0,0.0,0.0,1.0
53286,0,1,3400,-53,53,-682,13,19,0.50,63873.015625,0,2.1,14,0.0,0.0,0.0,0.0,0.0,0.0,1.0
53535,0,1,3400,-53,53,-687,12,17,0.50,42095.238281,0,2.1,14,0.0,0.0,0.0,0.0,0.0,0.0,1.0
53784,0,1,3400,-53,53,-684,9.2,19,0.50,48984.128906,0,2.1,14,0.0,23301.587891,33,0.0,0.0,0.0,1.0
54033,0,1,3400,-53,53,-690,16,18,0.50,57809.523438,0,2.1,14,0.0,0.0,0.0,0.0,0.0,0.0,1.0
54282,0,1,3400,-53,53,-681,11,18,0.50,64190.476562,0,2.1,14,0.0,0.0,0.0,0.0,0.0,0.0,1.0
54531,0,1,3400,-53,53,-679,13,18,0.50,64634.921875,0,2.1,14,0.0,0.0,0.0,0.0,0.0,0.0,1.0
54780,0,1,3400,-53,53,-688,8.1,18,0.50,59873.015625,0,2.1,14,0.0,23301.587891,20,0.0,0.0,0.0,1.0
55029,0,1,3400,-53,53,-685,13,18,1.1,48285.714844,10,2.1,14,0.0,0.0,0.0,0.0,0.0,0.0,1.0
55278,0,1,3400,-53,53,-687,13,18,0.50,37555.554688,0,2.1,14,0.0,0.0,0.0,0.0,0.0,0.0,1.0
55527,0,1,3400,-53,53,-682,11,18,0.50,69737.054688,0,2.1,14,0.0,0.0,0.0,0.0,0.0,0.0,1.0
55776,0,1,3400,-53,53,-682,11,18,0.63,42761.906250,0,2.1,9.2,0.0,23714.285156,36,0.0,0.0,0.0,1.0
56025,0,1,3400,-53,53,-691,8.7,18,0.50,53904.761719,0,2.1,0.0,0.0,0.0,0.0,0.0,0.0,0.0,1.0
56274,0,1,3400,-53,53,-689,12,18,0.56,38063.492188,12,2.1,0.0,0.0,0.0,0.0,0.0,0.0,0.0,1.0
56523,0,1,3400,-53,53,-681,11,18,0.50,42888.890625,0,2.1,0.0,0.0,0.0,0.0,0.0,0.0,0.0,1.0
56772,0,1,3400,-53,53,-685,8.4,18,1.3,49206.347656,7,2.1,0.0,0.0,8095.238281,0,0.0,0.0,0.0,1.0
57021,0,1,3400,-53,53,-682,9.8,18,0.56,48222.222656,0,2.1,0.0,0.0,0.0,0.0,0.0,0.0,0.0,1.0
57270,0,1,3400,-53,53,-681,13,18,0.50,103047.617188,0,2.1,0.0,0.0,0.0,0.0,0.0,0.0,0.0,1.0
57519,0,1,3400,-53,53,-685,13,19,0.55,63968.253906,0,2.1,0.0,0.0,0.0,0.0,0.0,0.0,0.0,1.0
57768,0,1,3400,-53,53,-686,14,18,0.50,79968.257812,0,2.1,8.9,0.0,6666.666504,50,0.0,0.0,0.0,1.0
58017,0,1,3400,-53,53,-689,13,18,0.75,74698.414062,7,2.1,21,0.0,0.0,0.0,0.0,0.0,0.0,1.0
58266,0,1,3400,-53,53,-691,13,18,0.67,48285.714844,10,2.1,21,0.0,0.0,0.0,0.0,0.0,0.0,1.0
58515,0,1,3400,-53,53,-683,6.7,18,0.78,44031.746094,0,2.1,21,0.0,0.0,0.0,0.0,0.0,0.0,1.0
58764,0,1,3400,-53,53,-678,15,18,0.77,101111.109375,5,2.1,18,0.0,23301.587891,0,0.0,0.0,0.0,1.0
59013,0,1,3400,-53,53,-679,13,19,0.50,59250.996094,0,2.1,14,0.0,0.0,0.0,0.0,0.0,0.0,1.0
59262,0,1,3400,-53,53,-685,12,19,0.50,48190.476562,0,2.1,14,0.0,0.0,0.0,0.0,0.0,0.0,1.0
59511,0,1,3400,-53,53,-686,12,18,0.50,61555.554688,0,2.1,14,0.0,0.0,0.0,0.0,0.0,0.0,1.0
59760,0,1,3400,-53,53,-685,9.2,18,0.50,16095.238281,0,2.1,14,0.0,16920.634766,33,0.0,0.0,0.0,1.0
60009,0,1,3400,-53,53,-685,12,18,0.50,76095.234375,0,2.1,15,0.0,0.0,0.0,0.0,0.0,0.0,1.0
60258,0,1,3400,-53,53,-682,9.5,18,0.58,64063.492188,7,2.1,15,0.0,0.0,0.0,0.0,0.0,0.0,1.0
60507,0,1,3400,-53,53,-686,9.9,18,0.50,53333.332031,0,2.1,15,0.0,0.0,0.0,0.0,0.0,0.0,1.0
60756,0,1,3400,-53,53,-687,6.8,18,0.50,42666.667969,0,2.1,7.9,0.0,8095.238281,0,0.0,0.0,0.0,1.0
61005,0,1,3400,-53,53,-689,11,18,0.50,70253.968750,0,2.1,0.0,0.0,0.0,0.0,0.0,0.0,0.0,1.0
61254,0,1,3400,-53,53,-680,13,18,0.63,48285.714844,25,2.1,0.0,0.0,0.0,0.0,0.0,0.0,0.0,1.0
61503,0,1,3400,-53,53,-680,14,18,0.50,52952.382812,0,2.1,0.0,0.0,0.0,0.0,0.0,0.0,0.0,1.0
61752,0,1,3400,-53,53,-680,10,19,0.50,64063.492188,0,2.1,4.3,0.0,23301.587891,0,0.0,0.0,0.0,1.0
62001,0,1,3400,-53,53,-688,11,17,0.50,21460.318359,0,2.1,14,0.0,0.0,0.0,0.0,0.0,0.0,1.0
62250,0,1,3400,-53,53,-689,13,19,0.50,64380.953125,0,2.1,14,0.0,0.0,0.0,0.0,0.0,0.0,1.0
62499,0,1,3400,-53,53,-689,13,18,1.0,48285.714844,10,2.1,14,0.0,0.0,0.0,0.0,0.0,0.0,1.0
62748,0,1,3400,-53,53,-684,11,18,0.50,61290.835938,0,2.1,14,80,0.0,80,0.0,0.0,0.0,1.0
62997,0,1,3400,-53,53,-682,12,18,0.50,71269.843750,0,2.1,14,0.0,5492.063477,0,0.0,0.0,0.0,1.0
63246,0,1,3400,-53,53,-685,14,18,0.98,69079.367188,0,2.1,2.9,0.0,12825.396484,55,0.0,0.0,0.0,1.0
63495,0,1,3400,-53,53,-680,13,18,0.79,48285.714844,0,2.1,0.0,0.0,0.0,0.0,0.0,0.0,0.0,1.0
63744,0,1,3400,-53,53,-686,14,17,0.50,42253.968750,0,2.1,0.0,0.0,12285.713867,0,0.0,0.0,0.0,1.0
63993,0,1,3400,-53,53,-684,14,18,0.50,53396.824219,0,2.1,0.0,0.0,0.0,0.0,0.0,0.0,0.0,1.0
64242,0,1,3400,-53,53,-680,14,19,0.57,42920.636719,0,2.1,0.0,0.0,0.0,0.0,0.0,0.0,0.0,1.0
64491,0,1,3400,-53,53,-676,9.6,19,0.54,42349.207031,0,2.1,0.0,0.0,0.0,0.0,0.0,0.0,0.0,1.0
64740,0,1,3400,-53,53,-684,13,18,0.50,37142.855469,0,2.1,2.3,0.0,23841.269531,36,0.0,0.0,0.0,1.0
64989,0,1,3400,-53,53,-686,13,18,0.50,80444.445312,0,2.1,0.0,0.0,0.0,0.0,0.0,0.0,0.0,1.0
65238,0,1,3400,-53,53,-684,13,18,0.50,59015.871094,0,2.1,0.0,0.0,0.0,0.0,0.0,0.0,0.0,1.0
65487,0,1,3400,-53,53,-682,11,18,0.50,26571.427734,0,2.1,0.0,0.0,0.0,0.0,0.0,0.0,0.0,1.0
65736,0,1,3400,-53,53,-687,12,18,0.51,70349.203125,0,2.1,4.3,0.0,367968.250000,43,0.0,0.0,0.0,1.0
65985,0,1,3400,-53,53,-683,11,18,0.50,49142.855469,0,2.1,16,0.0,0.0,0.0,0.0,0.0,0.0,1.0
66234,0,1,3400,-53,53,-688,10,18,0.50,47904.382812,0,2.1,16,0.0,0.0,0.0,0.0,0.0,0.0,1.0
66483,0,1,3400,-53,53,-687,16,18,0.50,75619.046875,0,2.1,16,0.0,0.0,0.0,0.0,0.0,0.0,1.0
66732,0,1,3400,-53,53,-682,14,18,0.60,53492.062500,10,2.1,12,0.0,12412.698242,36,0.0,0.0,0.0,1.0
66981,0,1,3400,-53,53,-684,11,18,0.50,68793.648438,0,2.1,0.0,0.0,0.0,0.0,0.0,0.0,0.0,1.0
67230,0,1,3400,-53,53,-684,9.8,18,0.50,74634.921875,0,2.1,0.0,0.0,0.0,0.0,0.0,0.0,0.0,1.0
67479,0,1,3400,-53,53,-684,9.6,17,0.79,53333.332031,14,2.1,0.0,0.0,0.0,0.0,0.0,0.0,0.0,1.0
67728,0,1,3400,-53,53,-690,12,18,0.50,43174.601562,0,2.1,4.3,0.0,254444.437500,55,0.0,0.0,0.0,1.0
67977,0,1,3400,-53,53,-691,13,18,0.50,64317.460938,0,2.1,16,0.0,0.0,0.0,0.0,0.0,0.0,1.0
68226,0,1,3400,-53,53,-688,11,19,0.50,89904.765625,0,2.1,16,0.0,0.0,0.0,0.0,0.0,0.0,1.0
68475,0,1,3400,-53,53,-686,13,18,1.0,48285.714844,10,2.1,16,0.0,0.0,0.0,0.0,0.0,0.0,1.0
68724,0,1,3400,-53,53,-683,9.0,18,0.60,21960.160156,20,2.1,14,0.0,35410.359375,32,0.0,0.0,0.0,1.0
68973,0,1,3400,-53,53,-684,9.2,18,0.50,68920.632812,0,2.1,6.5,0.0,0.0,0.0,0.0,0.0,0.0,1.0
69222,0,1,3400,-53,53,-686,11,18,0.69,49650.792969,0,2.1,6.5,0.0,0.0,0.0,0.0,0.0,0.0,1.0
69471,0,1,3400,-53,53,-681,12,19,0.50,70761.906250,0,2.1,6.5,0.0,0.0,0.0,0.0,0.0,0.0,1.0
69720,0,1,3400,-53,53,-683,6.8,19,0.50,75142.859375,0,2.1,3.3,0.0,8095.238281,0,0.0,0.0,0.0,1.0
69969,0,1,3400,-53,53,-682,13,18,0.50,37555.554688,0,2.1,0.0,0.0,0.0,0.0,0.0,0.0,0.0,1.0
70218,0,1,3400,-53,53,-678,8.1,17,0.50,73809.523438,0,2.1,0.0,0.0,0.0,0.0,0.0,0.0,0.0,1.0
70467,0,1,3400,-53,53,-683,13,18,0.65,59015.871094,8,2.1,0.0,0.0,0.0,0.0,0.0,0.0,0.0,1.0
70716,0,1,3400,-53,53,-684,13,18,0.50,59015.871094,0,2.1,0.82,0.0,11142.857422,36,0.0,0.0,0.0,1.0
70965,0,1,3400,-53,53,-684,13,18,0.91,42920.636719,11,2.1,0.0,0.0,0.0,0.0,0.0,0.0,0.0,1.0
71214,0,1,3400,-53,53,-691,13,18,0.50,69746.031250,0,2.1,0.0,0.0,0.0,0.0,0.0,0.0,0.0,1.0
71463,0,1,3400,-53,53,-685,13,18,0.50,48285.714844,0,2.1,0.0,0.0,0.0,0.0,0.0,0.0,0.0,1.0
71712,0,1,3400,-53,53,-682,14,18,0.50,54158.730469,0,2.1,0.0,0.0,8095.238281,0,0.0,0.0,0.0,1.0
71961,0,1,3400,-53,53,-689,11,18,0.50,32190.476562,0,2.1,0.0,0.0,0.0,0.0,0.0,0.0,0.0,1.0
72210,0,1,3400,-53,53,-676,13,18,0.70,53864.542969,9,2.1,0.0,0.0,0.0,0.0,0.0,0.0,0.0,1.0
72459,0,1,3400,-53,53,-686,11,18,0.89,63111.109375,6,2.1,0.0,0.0,0.0,0.0,0.0,0.0,0.0,1.0
72708,0,1,3400,-53,53,-688,12,19,0.53,81238.093750,6,2.1,0.0,0.0,12031.746094,0,0.0,0.0,0.0,1.0
72957,0,1,3400,-53,53,-675,13,18,0.50,37555.554688,0,2.1,0.0,0.0,0.0,0.0,0.0,0.0,0.0,1.0
73206,0,1,3400,-53,53,-683,12,19,0.50,47365.078125,0,2.1,0.0,0.0,0.0,0.0,0.0,0.0,0.0,1.0
73455,0,1,3400,-53,53,-679,12,19,0.70,75047.617188,0,2.1,0.0,0.0,0.0,0.0,0.0,0.0,0.0,1.0
73704,0,1,3400,-53,53,-679,11,18,0.56,74761.906250,0,2.1,2.1,0.0,23714.285156,36,0.0,0.0,0.0,1.0
73953,0,1,3400,-53,53,-683,13,17,0.50,37555.554688,0,2.1,0.0,0.0,0.0,0.0,0.0,0.0,0.0,1.0
74202,0,1,3400,-53,53,-689,14,18,0.50,42412.699219,0,2.1,0.0,0.0,0.0,0.0,0.0,0.0,0.0,1.0
74451,0,1,3400,-53,53,-688,13,18,0.50,69333.335938,0,2.1,0.0,0.0,0.0,0.0,0.0,0.0,0.0,1.0
74700,0,1,3400,-53,53,-688,14,18,0.50,74190.476562,0,2.1,4.6,0.0,112507.937500,70,0.0,0.0,0.0,1.0
74949,0,1,3400,-53,53,-678,11,18,1.3,76222.218750,6,2.1,16,0.0,0.0,0.0,0.0,0.0,0.0,1.0
75198,0,1,3400,-53,53,-686,12,18,0.50,53904.761719,0,2.1,16,0.0,0.0,0.0,0.0,0.0,0.0,1.0
75447,0,1,3400,-53,53,-693,13,18,0.50,64380.953125,0,2.1,16,0.0,0.0,0.0,0.0,0.0,0.0,1.0
75696,0,1,3400,-53,53,-685,14,18,0.64,42007.968750,25,2.1,15,0.0,18390.437500,31,0.0,0.0,0.0,1.0
75945,0,1,3400,-53,53,-685,13,17,1.3,64380.953125,8,2.1,15,0.0,0.0,0.0,0.0,0.0,0.0,1.0
76194,0,1,3400,-53,53,-682,13,18,0.50,53650.792969,0,2.1,15,0.0,0.0,0.0,0.0,0.0,0.0,1.0
76443,0,1,3400,-53,53,-689,12,18,0.50,79555.554688,0,2.1,15,0.0,0.0,0.0,0.0,0.0,0.0,1.0
76692,0,1,3400,-53,53,-691,13,19,0.56,58603.175781,9,2.1,14,0.0,84825.398438,0,0.0,0.0,0.0,1.0
76941,0,1,3400,-53,53,-686,13,18,1.7,42920.636719,11,2.1,14,0.0,0.0,0.0,0.0,0.0,0.0,1.0
77190,0,1,3400,-53,53,-688,5.3,18,0.50,57650.792969,0,2.1,14,0.0,0.0,0.0,0.0,0.0,0.0,1.0
77439,0,1,3400,-53,53,-675,8.8,17,0.50,48222.222656,0,2.1,14,0.0,0.0,0.0,0.0,0.0,0.0,1.0
77688,0,1,3400,-53,53,-677,9.6,18,0.50,85650.796875,0,2.1,14,0.0,0.0,80,0.0,0.0,0.0,1.0
77937,0,1,3400,-53,53,-679,6.3,17,0.60,53047.617188,7,2.1,14,0.0,0.0,0.0,0.0,0.0,0.0,1.0
78186,0,1,3400,-53,53,-681,12,19,0.88,85301.585938,0,2.1,14,0.0,0.0,0.0,0.0,0.0,0.0,1.0
78435,0,1,3400,-53,53,-689,12,19,0.56,69587.304688,7,2.1,14,0.0,0.0,0.0,0.0,0.0,0.0,1.0
78684,0,1,3400,-53,53,-687,10,18,0.50,58952.382812,0,2.1,14,0.0,142698.406250,58,0.0,0.0,0.0,1.0
78933,0,1,3400,-53,53,-686,10.0,17,0.77,59523.808594,7,2.1,16,0.0,0.0,0.0,0.0,0.0,0.0,1.0
79182,0,1,3400,-53,53,-681,13,18,0.50,47873.015625,0,2.1,16,0.0,0.0,0.0,0.0,0.0,0.0,1.0
79431,0,1,3400,-53,53,-685,13,18,0.81,58836.652344,9,2.1,16,0.0,0.0,0.0,0.0,0.0,0.0,1.0
79680,0,1,3400,-53,53,-690,10,19,0.50,42603.175781,0,2.1,8.4,0.0,8095.238281,0,0.0,0.0,0.0,1.0
79929,0,1,3400,-53,53,-688,13,18,1.1,53650.792969,17,2.1,0.0,0.0,0.0,0.0,0.0,0.0,0.0,1.0
80178,0,1,3400,-53,53,-684,14,19,0.50,31682.539062,0,2.1,0.0,0.0,0.0,0.0,0.0,0.0,0.0,1.0
80427,0,1,3400,-53,53,-684,14,18,0.65,52634.921875,9,2.1,0.064,0.0,0.0,0.0,0.0,0.0,0.0,1.0
80676,0,1,3400,-53,53,-686,15,19,0.50,68603.171875,0,2.1,0.0,0.0,8095.238281,0,0.0,0.0,0.0,1.0
80925,0,1,3400,-53,53,-680,15,17,0.50,31682.539062,0,2.1,0.0,0.0,0.0,0.0,0.0,0.0,0.0,1.0
81174,0,1,3400,-53,53,-685,11,19,0.50,78888.890625,0,2.1,0.0,0.0,0.0,0.0,0.0,0.0,0.0,1.0
81423,0,1,3400,-53,53,-684,11,18,0.50,69746.031250,0,2.1,0.0,0.0,0.0,0.0,0.0,0.0,0.0,1.0
81672,0,1,3400,-53,53,-686,11,18,1.5,32380.953125,14,2.1,0.0,84,0.0,0,0.0,0.0,0.0,1.0
81921,0,1,3400,-53,53,-687,12,18,0.50,37555.554688,0,2.1,13,0.0,9492.063477,20,0.0,0.0,0.0,1.0
82170,0,1,3400,-53,53,-684,13,18,0.96,48285.714844,10,2.1,14,0.0,0.0,0.0,0.0,0.0,0.0,1.0
82419,0,1,3400,-53,53,-678,11,18,0.52,48317.460938,0,2.1,14,0.0,0.0,0.0,0.0,0.0,0.0,1.0
82668,0,1,3400,-53,53,-681,13,18,0.50,80063.492188,0,2.1,11,0.0,2476.190430,33,0.0,0.0,0.0,1.0
82917,0,1,3400,-53,53,-686,9.0,18,0.50,58571.429688,0,2.1,8.5,0.0,0.0,0.0,0.0,0.0,0.0,1.0
83166,0,1,3400,-53,53,-682,9.5,18,0.50,48285.714844,0,2.1,8.5,0.0,0.0,0.0,0.0,0.0,0.0,1.0
83415,0,1,3400,-53,53,-673,16,18,0.50,53354.582031,0,2.1,8.5,0.0,0.0,0.0,0.0,0.0,0.0,1.0
83664,0,1,3400,-53,53,-688,11,18,0.50,93206.351562,0,2.1,4.3,0.0,12285.713867,0,0.0,0.0,0.0,1.0
83913,0,1,3400,-53,53,-683,11,19,0.50,64317.460938,0,2.1,0.064,0.0,0.0,0.0,0.0,0.0,0.0,1.0
84162,0,1,3400,-53,53,-679,11,17,0.50,69428.570312,0,2.1,0.0,0.0,0.0,0.0,0.0,0.0,0.0,1.0
84411,0,1,3400,-53,53,-682,8.6,17,0.57,66317.460938,6,2.1,0.0,0.0,0.0,0.0,0.0,0.0,0.0,1.0
84660,0,1,3400,-53,53,-683,15,18,0.50,73682.539062,7,2.1,7.0,0.0,300222.218750,50,0.0,0.0,0.0,1.0
84909,0,1,3400,-53,53,-684,13,18,0.86,89587.304688,6,2.1,16,0.0,0.0,0.0,0.0,0.0,0.0,1.0
85158,0,1,3400,-53,53,-676,13,18,1.3,64126.984375,0,2.1,16,0.0,0.0,0.0,0.0,0.0,0.0,1.0
85407,0,1,3400,-53,53,-672,7.3,18,0.50,31936.507812,0,2.1,16,0.0,0.0,0.0,0.0,0.0,0.0,1.0
85656,0,1,3400,-53,53,-682,12,18,0.56,42920.636719,11,2.1,14,0.0,13301.586914,0,0.0,0.0,0.0,1.0
85905,0,1,3400,-53,53,-685,12,18,0.50,48222.222656,0,2.1,0.50,0.0,0.0,0.0,0.0,0.0,0.0,1.0
86154,0,1,3400,-53,53,-685,13,19,0.50,64159.363281,0,2.1,0.50,0.0,0.0,0.0,0.0,0.0,0.0,1.0
86403,0,1,3400,-53,53,-681,13,18,1.0,58857.144531,23,2.1,0.50,0.0,0.0,0.0,0.0,0.0,0.0,1.0
86652,0,1,3400,-53,53,-683,13,18,0.50,53650.792969,0,2.1,2.9,0.0,45587.300781,31,0.0,0.0,0.0,1.0
86901,0,1,3400,-53,53,-685,7.5,18,0.88,47809.523438,8,2.1,0.0,0.0,0.0,0.0,0.0,0.0,0.0,1.0
87150,0,1,3400,-53,53,-684,13,18,0.68,37555.554688,22,2.1,0.064,0.0,0.0,0.0,0.0,0.0,0.0,1.0
87399,0,1,3400,-53,53,-679,13,18,0.70,69746.031250,0,2.1,0.0,0.0,0.0,0.0,0.0,0.0,0.0,1.0
87648,0,1,3400,-53,53,-681,5.7,19,0.50,47619.046875,0,2.1,6.8,0.0,246730.156250,49,0.0,0.0,0.0,1.0
87897,0,1,3400,-53,53,-686,13,18,0.72,75111.109375,7,2.1,16,0.0,0.0,0.0,0.0,0.0,0.0,1.0
88146,0,1,3400,-53,53,-687,9.6,19,0.50,52603.175781,0,2.1,16,0.0,0.0,0.0,0.0,0.0,0.0,1.0
88395,0,1,3400,-53,53,-692,12,18,0.50,27079.365234,0,2.1,16,0.0,0.0,0.0,0.0,0.0,0.0,1.0
88644,0,1,3400,-53,53,-685,13,18,0.51,48285.714844,10,2.1,9.1,0.0,12412.698242,36,0.0,0.0,0.0,1.0
88893,0,1,3400,-53,53,-683,12,17,0.50,31936.507812,0,2.1,0.0,0.0,0.0,0.0,0.0,0.0,0.0,1.0
89142,0,1,3400,-53,53,-686,12,19,0.50,32698.412109,0,2.1,0.0,0.0,0.0,0.0,0.0,0.0,0.0,1.0
89391,0,1,3400,-53,53,-685,12,19,1.2,26825.396484,17,2.1,0.0,0.0,0.0,0.0,0.0,0.0,0.0,1.0
89640,0,1,3400,-53,53,-682,13,18,0.51,59187.250000,0,2.1,5.6,0.0,6693.227051,50,0.0,0.0,0.0,1.0
89889,0,1,3400,-53,53,-685,13,18,0.50,37555.554688,0,2.1,21,0.0,0.0,0.0,0.0,0.0,0.0,1.0
90138,0,1,3400,-53,53,-686,13,18,0.53,90349.203125,0,2.1,21,0.0,0.0,0.0,0.0,0.0,0.0,1.0
90387,0,1,3400,-53,53,-685,12,17,0.63,53238.093750,10,2.1,21,0.0,0.0,0.0,0.0,0.0,0.0,1.0
90636,0,1,3400,-53,53,-687,11,18,0.58,54190.476562,8,2.1,16,0.0,39079.363281,27,0.0,0.0,0.0,1.0
90885,0,1,3400,-53,53,-682,11,18,0.50,53714.285156,0,2.1,6.5,0.0,0.0,0.0,0.0,0.0,0.0,1.0
91134,0,1,3400,-53,53,-683,13,18,0.52,64063.492188,0,2.1,6.5,0.0,0.0,0.0,0.0,0.0,0.0,1.0
91383,0,1,3400,-53,53,-676,13,18,0.77,48285.714844,10,2.1,6.5,0.0,0.0,0.0,0.0,0.0,0.0,1.0
91632,0,1,3400,-53,53,-679,13,19,0.50,32190.476562,0,2.1,3.3,0.0,8095.238281,0,0.0,0.0,0.0,1.0
91881,0,1,3400,-53,53,-686,13,18,0.50,64476.191406,0,2.1,0.0,0.0,0.0,0.0,0.0,0.0,0.0,1.0
92130,0,1,3400,-53,53,-690,11,17,0.50,92984.125000,0,2.1,0.0,0.0,0.0,0.0,0.0,0.0,0.0,1.0
92379,0,1,3400,-53,53,-688,12,18,0.65,90730.156250,6,2.1,0.0,0.0,0.0,0.0,0.0,0.0,0.0,1.0
92628,0,1,3400,-53,53,-684,13,18,0.50,53396.824219,0,2.1,4.2,0.0,113396.828125,69,0.0,0.0,0.0,1.0
92877,0,1,3400,-53,53,-683,12,19,0.50,74857.140625,0,2.1,16,0.0,0.0,0.0,0.0,0.0,0.0,1.0
93126,0,1,3400,-53,53,-685,12,19,0.50,113777.781250,0,2.1,16,0.0,0.0,0.0,0.0,0.0,0.0,1.0
93375,0,1,3400,-53,53,-682,12,18,0.50,64380.953125,0,2.1,16,0.0,0.0,0.0,0.0,0.0,0.0,1.0
93624,0,1,3400,-53,53,-685,14,18,0.61,58231.074219,8,2.1,15,0.0,75474.101562,55,0.0,0.0,0.0,1.0
93873,0,1,3400,-53,53,-685,9.6,17,0.50,57904.761719,0,2.1,16,0.0,0.0,0.0,0.0,0.0,0.0,1.0
94122,0,1,3400,-53,53,-685,9.5,19,0.50,70539.679688,0,2.1,16,0.0,0.0,0.0,0.0,0.0,0.0,1.0
94371,0,1,3400,-53,53,-684,13,18,0.52,90793.648438,0,2.1,16,0.0,0.0,0.0,0.0,0.0,0.0,1.0
94620,0,1,3400,-53,53,-682,11,19,0.50,42603.175781,0,2.1,17,0.0,6666.666504,50,0.0,0.0,0.0,1.0
94869,0,1,3400,-53,53,-687,7.5,18,0.50,71492.062500,0,2.1,21,0.0,0.0,0.0,0.0,0.0,0.0,1.0
95118,0,1,3400,-53,53,-682,13,18,0.88,69746.031250,13,2.1,21,0.0,0.0,0.0,0.0,0.0,0.0,1.0
95367,0,1,3400,-53,53,-679,13,18,0.50,54158.730469,0,2.1,21,0.0,0.0,0.0,0.0,0.0,0.0,1.0
95616,0,1,3400,-53,53,-685,13,19,0.82,74857.140625,7,2.1,16,116,0.0,80,0.0,0.0,0.0,1.0
95865,0,1,3400,-53,53,-683,10,17,0.61,58793.652344,8,2.1,11,0.0,5492.063477,0,0.0,0.0,0.0,1.0
96114,0,1,3400,-53,53,-682,13,18,0.50,69746.031250,0,2.1,1.9,0.0,13047.619141,53,0.0,0.0,0.0,1.0
96363,0,1,3400,-53,53,-686,13,19,0.57,48285.714844,0,2.1,0.0,0.0,0.0,0.0,0.0,0.0,0.0,1.0
96612,0,1,3400,-53,53,-687,14,18,0.50,36793.652344,0,2.1,0.0,0.0,12158.730469,0,0.0,0.0,0.0,1.0
96861,0,1,3400,-53,53,-686,13,18,0.50,70023.906250,0,2.1,0.0,0.0,0.0,0.0,0.0,0.0,0.0,1.0
97110,0,1,3400,-53,53,-687,11,18,0.82,68380.953125,7,2.1,0.0,0.0,0.0,0.0,0.0,0.0,0.0,1.0
97359,0,1,3400,-53,53,-681,14,18,0.50,69746.031250,0,2.1,0.0,0.0,0.0,0.0,0.0,0.0,0.0,1.0
97608,0,1,3400,-53,53,-682,12,18,0.51,70984.125000,6,2.1,6.4,0.0,23301.587891,0,0.0,0.0,0.0,1.0
97857,0,1,3400,-53,53,-681,12,18,0.50,48285.714844,0,2.1,14,0.0,0.0,0.0,0.0,0.0,0.0,1.0
98106,0,1,3400,-53,53,-671,9.3,18,0.50,75904.765625,0,2.1,14,0.0,0.0,0.0,0.0,0.0,0.0,1.0
98355,0,1,3400,-53,53,-680,11,17,0.71,48253.968750,8,2.1,14,0.0,0.0,0.0,0.0,0.0,0.0,1.0
98604,0,1,3400,-53,53,-687,12,18,0.78,54158.730469,9,2.1,11,0.0,23714.285156,36,0.0,0.0,0.0,1.0
98853,0,1,3400,-53,53,-687,13,19,0.50,32190.476562,0,2.1,0.0,0.0,0.0,0.0,0.0,0.0,0.0,1.0
99102,0,1,3400,-53,53,-685,13,18,0.50,37555.554688,0,2.1,0.0,0.0,0.0,0.0,0.0,0.0,0.0,1.0
99351,0,1,3400,-53,53,-684,13,18,0.70,42158.730469,11,2.1,0.0,0.0,0.0,0.0,0.0,0.0,0.0,1.0
99600,0,1,3400,-53,53,-691,14,18,0.50,36793.652344,0,2.1,3.2,0.0,91587.304688,31,0.0,0.0,0.0,1.0
99849,0,1,3400,-53,53,-689,14,18,0.50,79809.523438,0,2.1,6.5,0.0,0.0,0.0,0.0,0.0,0.0,1.0
100098,0,1,3400,-53,53,-684,12,18,0.50,71269.843750,0,2.1,6.5,0.0,0.0,0.0,0.0,0.0,0.0,1.0
100347,0,1,3400,-53,53,-681,11,19,0.50,48350.597656,0,2.1,6.5,0.0,0.0,0.0,0.0,0.0,0.0,1.0
100596,0,1,3400,-53,53,-684,11,17,0.50,58539.683594,0,2.1,9.8,0.0,79111.109375,43,0.0,0.0,0.0,1.0
100845,0,1,3400,-53,53,-685,13,19,0.53,69587.304688,0,2.1,14,0.0,0.0,0.0,0.0,0.0,0.0,1.0
101094,0,1,3400,-53,53,-686,12,18,0.50,53365.078125,0,2.1,15,0.0,0.0,0.0,0.0,0.0,0.0,1.0
101343,0,1,3400,-53,53,-687,14,18,0.50,80825.398438,0,2.1,14,0.0,0.0,0.0,0.0,0.0,0.0,1.0
101592,0,1,3400,-53,53,-685,11,18,0.50,65650.796875,0,2.1,17,0.0,6666.666504,50,0.0,0.0,0.0,1.0
101841,0,1,3400,-53,53,-678,10,18,0.51,53523.808594,0,2.1,21,0.0,0.0,0.0,0.0,0.0,0.0,1.0
102090,0,1,3400,-53,53,-682,12,19,0.50,75142.859375,0,2.1,21,0.0,0.0,0.0,0.0,0.0,0.0,1.0
102339,0,1,3400,-53,53,-691,13,18,0.50,53238.093750,0,2.1,21,0.0,0.0,0.0,0.0,0.0,0.0,1.0
102588,0,1,3400,-53,53,-690,13,18,0.63,42920.636719,0,2.1,21,0.0,0.0,80,0.0,0.0,0.0,1.0
102837,0,1,3400,-53,53,-692,13,18,0.50,21460.318359,0,2.1,22,0.0,0.0,0.0,0.0,0.0,0.0,1.0
103086,0,1,3400,-53,53,-680,13,19,0.50,96158.726562,0,2.1,22,0.0,0.0,0.0,0.0,0.0,0.0,1.0
103335,0,1,3400,-53,53,-682,12,18,1.1,32761.904297,12,2.1,22,0.0,0.0,0.0,0.0,0.0,0.0,1.0
103584,0,1,3400,-53,53,-681,13,18,0.62,48285.714844,0,2.1,18,0.0,94317.460938,33,0.0,0.0,0.0,1.0
103833,0,1,3400,-53,53,-680,13,18,0.50,43174.601562,0,2.1,16,0.0,0.0,0.0,0.0,0.0,0.0,1.0
104082,0,1,3400,-53,53,-683,7.7,18,0.50,37641.433594,0,2.1,16,0.0,0.0,0.0,0.0,0.0,0.0,1.0
104331,0,1,3400,-53,53,-680,12,18,0.50,47777.777344,0,2.1,16,0.0,0.0,0.0,0.0,0.0,0.0,1.0
104580,0,1,3400,-53,53,-683,14,18,0.51,68825.398438,0,2.1,15,0.0,150984.125000,48,0.0,0.0,0.0,1.0
104829,0,1,3400,-53,53,-688,7.8,18,0.50,68571.429688,0,2.1,16,0.0,0.0,0.0,0.0,0.0,0.0,1.0
105078,0,1,3400,-53,53,-684,12,18,0.50,69587.304688,0,2.1,16,0.0,0.0,0.0,0.0,0.0,0.0,1.0
105327,0,1,3400,-53,53,-685,7.1,17,0.74,62984.128906,6,2.1,16,0.0,0.0,0.0,0.0,0.0,0.0,1.0
105576,0,1,3400,-53,53,-678,13,18,0.63,74793.648438,0,2.1,14,0.0,29841.269531,20,0.0,0.0,0.0,1.0
105825,0,1,3400,-53,53,-684,15,18,1.2,37047.617188,12,2.1,7.5,0.0,0.0,0.0,0.0,0.0,0.0,1.0
106074,0,1,3400,-53,53,-685,6.5,17,0.50,52317.460938,0,2.1,7.5,0.0,0.0,0.0,0.0,0.0,0.0,1.0
106323,0,1,3400,-53,53,-683,11,18,0.50,58063.492188,0,2.1,7.5,0.0,0.0,0.0,0.0,0.0,0.0,1.0
106572,0,1,3400,-54,54,-685,13,17,0.50,75111.109375,0,2.1,9.5,0.0,23301.587891,0,0.0,0.0,0.0,1.0
106821,0,1,3400,-53,53,-690,13,18,0.57,75111.109375,0,2.1,14,0.0,0.0,0.0,0.0,0.0,0.0,1.0
107070,0,1,3400,-53,53,-681,9.6,18,0.50,75904.765625,0,2.1,14,0.0,0.0,0.0,0.0,0.0,0.0,1.0
107319,0,1,3400,-53,53,-680,12,17,0.50,76126.984375,0,2.1,14,0.0,0.0,0.0,0.0,0.0,0.0,1.0
107568,0,1,3400,-53,53,-684,10,18,0.50,42888.890625,0,2.1,14,0.0,23301.587891,0,0.0,0.0,0.0,1.0
107817,0,1,3400,-53,53,-683,13,17,0.50,57721.117188,0,2.1,14,0.0,0.0,0.0,0.0,0.0,0.0,1.0
108066,0,1,3400,-53,53,-683,13,18,0.64,80095.234375,6,2.1,14,0.0,0.0,0.0,0.0,0.0,0.0,1.0
108315,0,1,3400,-53,53,-684,13,19,0.50,37555.554688,0,2.1,14,0.0,0.0,0.0,0.0,0.0,0.0,1.0
108564,0,1,3400,-53,53,-682,13,19,0.50,48285.714844,0,2.1,9.1,0.0,23841.269531,36,0.0,0.0,0.0,1.0
108813,0,1,3400,-53,53,-685,13,18,0.51,75111.109375,7,2.1,0.0,0.0,0.0,0.0,0.0,0.0,0.0,1.0
109062,0,1,3400,-53,53,-684,12,17,0.50,71269.843750,0,2.1,0.0,0.0,0.0,0.0,0.0,0.0,0.0,1.0
109311,0,1,3400,-53,53,-683,7.0,18,0.50,58317.460938,0,2.1,0.0,0.0,0.0,0.0,0.0,0.0,0.0,1.0
109560,0,1,3400,-53,53,-685,12,19,0.50,33206.347656,0,2.1,6.6,0.0,132698.406250,64,0.0,0.0,0.0,1.0
109809,0,1,3400,-54,54,-692,13,18,0.50,58888.890625,0,2.1,16,0.0,0.0,0.0,0.0,0.0,0.0,1.0
110058,0,1,3400,-53,53,-693,13,19,0.59,58634.921875,0,2.1,16,0.0,0.0,0.0,0.0,0.0,0.0,1.0
110307,0,1,3400,-53,53,-687,14,18,1.1,32698.412109,0,2.1,16,0.0,0.0,0.0,0.0,0.0,0.0,1.0
110556,0,1,3400,-53,53,-681,7.9,18,0.50,79015.875000,0,2.1,15,0.0,164126.984375,61,0.0,0.0,0.0,1.0
110805,0,1,3400,-53,53,-687,13,18,0.50,42920.636719,0,2.1,16,0.0,0.0,0.0,0.0,0.0,0.0,1.0
111054,0,1,3400,-53,53,-692,12,18,0.50,32126.984375,0,2.1,16,0.0,0.0,0.0,0.0,0.0,0.0,1.0
111303,0,1,3400,-53,53,-693,12,18,0.50,69238.093750,0,2.1,16,0.0,0.0,0.0,0.0,0.0,0.0,1.0
111552,0,1,3400,-53,53,-687,8.4,18,0.50,93673.304688,0,2.1,15,0.0,85673.304688,25,0.0,0.0,0.0,1.0
111801,0,1,3400,-53,53,-692,11,18,0.52,52825.398438,0,2.1,15,0.0,0.0,0.0,0.0,0.0,0.0,1.0
112050,0,1,3400,-53,53,-688,14,18,0.60,74857.140625,7,2.1,14,0.0,0.0,0.0,0.0,0.0,0.0,1.0
112299,0,1,3400,-53,53,-691,12,18,0.50,64253.968750,0,2.1,14,0.0,0.0,0.0,0.0,0.0,0.0,1.0
112548,0,1,3400,-53,53,-684,13,18,0.50,69746.031250,0,2.1,14,0.0,14095.238281,0,0.0,0.0,0.0,1.0
112797,0,1,3400,-53,53,-680,14,18,0.52,46920.636719,0,2.1,14,0.0,0.0,0.0,0.0,0.0,0.0,1.0
113046,0,1,3400,-53,53,-681,11,18,0.50,65555.554688,0,2.1,15,0.0,0.0,0.0,0.0,0.0,0.0,1.0
113295,0,1,3400,-53,53,-676,11,18,0.50,58507.937500,0,2.1,15,0.0,0.0,0.0,0.0,0.0,0.0,1.0
113544,0,1,3400,-53,53,-681,12,18,0.50,43428.570312,0,2.1,14,0.0,23301.587891,0,0.0,0.0,0.0,1.0
113793,0,1,3400,-53,53,-676,7.3,18,0.50,63587.300781,0,2.1,14,0.0,0.0,0.0,0.0,0.0,0.0,1.0
114042,0,1,3400,-53,53,-680,10,18,0.50,58444.445312,0,2.1,14,0.0,0.0,0.0,0.0,0.0,0.0,1.0
114291,0,1,3400,-53,53,-688,12,18,0.61,64507.937500,8,2.1,13,0.0,0.0,0.0,0.0,0.0,0.0,1.0
114540,0,1,3400,-53,53,-687,11,18,0.50,26571.427734,0,2.1,13,0.0,23301.587891,0,0.0,0.0,0.0,1.0
114789,0,1,3400,-53,53,-687,4.6,19,0.58,63587.300781,0,2.1,12,0.0,0.0,0.0,0.0,0.0,0.0,1.0
115038,0,1,3400,-53,53,-683,10,18,0.50,32539.681641,0,2.1,12,0.0,0.0,0.0,0.0,0.0,0.0,1.0
115287,0,1,3400,-53,53,-681,15,18,0.50,58932.269531,0,2.1,12,0.0,0.0,0.0,0.0,0.0,0.0,1.0
115536,0,1,3400,-53,53,-688,12,17,1.1,50158.730469,8,2.1,8.3,0.0,17777.777344,0,0.0,0.0,0.0,1.0
115785,0,1,3400,-53,53,-684,5.5,18,0.50,40190.476562,0,2.1,0.0,0.0,0.0,0.0,0.0,0.0,0.0,1.0
116034,0,1,3400,-53,53,-685,14,18,0.50,68253.968750,0,2.1,0.064,0.0,0.0,0.0,0.0,0.0,0.0,1.0
116283,0,1,3400,-53,53,-685,9.9,18,0.50,53555.554688,0,2.1,0.0,0.0,0.0,0.0,0.0,0.0,0.0,1.0
116532,0,1,3400,-53,53,-682,14,18,0.50,53142.855469,0,2.1,0.0,0.0,8095.238281,0,0.0,0.0,0.0,1.0
116781,0,1,3400,-53,53,-683,13,18,0.50,80158.726562,0,2.1,0.0,0.0,0.0,0.0,0.0,0.0,0.0,1.0
117030,0,1,3400,-53,53,-679,13,18,0.50,59269.839844,0,2.1,0.0,0.0,0.0,0.0,0.0,0.0,0.0,1.0
117279,0,1,3400,-53,53,-684,13,18,0.50,53650.792969,0,2.1,0.0,0.0,0.0,0.0,0.0,0.0,0.0,1.0
117528,0,1,3400,-53,53,-689,10,18,0.50,74793.648438,0,2.1,0.064,0.0,12031.746094,0,0.0,0.0,0.0,1.0
117777,0,1,3400,-53,53,-694,12,18,0.50,48793.652344,0,2.1,0.42,0.0,16920.634766,0,0.0,0.0,0.0,1.0
118026,0,1,3400,-53,53,-686,12,17,0.79,59460.316406,14,2.1,7.5,0.0,0.0,0.0,0.0,0.0,0.0,1.0
118275,0,1,3400,-53,53,-674,8.6,19,0.50,53079.363281,0,2.1,7.5,0.0,0.0,0.0,0.0,0.0,0.0,1.0
118524,0,1,3400,-53,53,-681,8.4,18,1.2,58603.175781,9,2.1,8.6,0.0,5492.063477,57,0.0,0.0,0.0,1.0
118773,0,1,3400,-53,53,-689,11,18,0.70,77482.070312,6,2.1,7.5,0.0,0.0,0.0,0.0,0.0,0.0,1.0
119022,0,1,3400,-53,53,-686,5.4,18,0.53,31873.015625,0,2.1,7.5,0.0,0.0,0.0,0.0,0.0,0.0,1.0
119271,0,1,3400,-53,53,-675,13,18,0.54,64126.984375,0,2.1,7.5,0.0,0.0,0.0,0.0,0.0,0.0,1.0
119520,0,1,3400,-53,53,-687,13,17,0.50,37555.554688,0,2.1,3.8,0.0,8095.238281,0,0.0,0.0,0.0,1.0
119769,0,1,3400,-53,53,-687,13,18,0.50,75111.109375,0,2.1,0.0,0.0,0.0,0.0,0.0,0.0,0.0,1.0
120018,0,1,3400,-53,53,-683,13,17,0.53,69746.031250,7,2.1,0.0,0.0,0.0,0.0,0.0,0.0,0.0,1.0
120267,0,1,3400,-53,53,-689,11,18,0.50,68253.968750,0,2.1,0.0,0.0,5492.063477,0,0.0,0.0,0.0,1.0
120516,0,1,3400,-53,53,-686,11,19,0.50,32190.476562,0,2.1,6.3,0.0,23301.587891,20,0.0,0.0,0.0,1.0
120765,0,1,3400,-53,53,-678,13,18,0.50,59015.871094,0,2.1,14,0.0,0.0,0.0,0.0,0.0,0.0,1.0
121014,0,1,3400,-53,53,-679,8.8,17,0.50,63904.761719,0,2.1,14,0.0,0.0,0.0,0.0,0.0,0.0,1.0
121263,0,1,3400,-53,53,-682,10,19,0.62,64952.382812,0,2.1,14,0.0,0.0,0.0,0.0,0.0,0.0,1.0
121512,0,1,3400,-53,53,-687,12,18,0.55,43091.632812,0,2.1,14,0.0,23394.421875,0,0.0,0.0,0.0,1.0
121761,0,1,3400,-53,53,-682,12,18,0.50,66000.000000,0,2.1,14,0.0,0.0,0.0,0.0,0.0,0.0,1.0
122010,0,1,3400,-53,53,-688,13,18,0.50,59015.871094,0,2.1,14,0.0,0.0,0.0,0.0,0.0,0.0,1.0
122259,0,1,3400,-53,53,-692,12,18,0.50,91809.523438,0,2.1,14,0.0,0.0,0.0,0.0,0.0,0.0,1.0
122508,0,1,3400,-53,53,-685,8.5,18,0.50,58380.953125,0,2.1,14,0.0,23301.587891,0,0.0,0.0,0.0,1.0
122757,0,1,3400,-53,53,-685,16,19,0.50,95142.859375,0,2.1,14,0.0,0.0,0.0,0.0,0.0,0.0,1.0
123006,0,1,3400,-53,53,-686,13,19,0.50,48761.906250,0,2.1,14,0.0,0.0,0.0,0.0,0.0,0.0,1.0
123255,0,1,3400,-53,53,-678,13,19,0.50,48095.238281,0,2.1,14,0.0,0.0,0.0,0.0,0.0,0.0,1.0
123504,0,1,3400,-53,53,-679,12,19,0.50,59015.871094,0,2.1,14,0.0,0.0,80,0.0,0.0,0.0,1.0
123753,0,1,3400,-53,53,-678,13,18,0.50,64380.953125,0,2.1,15,0.0,0.0,0.0,0.0,0.0,0.0,1.0
124002,0,1,3400,-53,53,-687,13,18,0.50,79968.257812,0,2.1,15,0.0,0.0,0.0,0.0,0.0,0.0,1.0
124251,0,1,3400,-53,53,-685,14,19,0.50,53396.824219,0,2.1,15,0.0,0.0,0.0,0.0,0.0,0.0,1.0
124500,0,1,3400,-54,54,-685,13,18,0.50,53301.585938,0,2.1,17,0.0,6666.666504,50,0.0,0.0,0.0,1.0
124749,0,1,3400,-53,53,-685,11,18,0.51,79682.539062,0,2.1,21,0.0,0.0,0.0,0.0,0.0,0.0,1.0
124998,0,1,3400,-53,53,-682,15,18,0.50,47298.804688,0,2.1,21,0.0,0.0,0.0,0.0,0.0,0.0,1.0
125247,0,1,3400,-53,53,-681,12,18,0.57,64253.968750,8,2.1,21,0.0,0.0,0.0,0.0,0.0,0.0,1.0
125496,0,1,3400,-53,53,-682,13,18,0.56,53650.792969,0,2.1,17,0.0,18476.191406,44,0.0,0.0,0.0,1.0
125745,0,1,3400,-53,53,-687,9.2,18,0.52,79904.765625,0,2.1,12,0.0,0.0,0.0,0.0,0.0,0.0,1.0
125994,0,1,3400,-53,53,-694,5.7,18,0.54,58698.414062,0,2.1,12,0.0,0.0,0.0,0.0,0.0,0.0,1.0
126243,0,1,3400,-53,53,-687,12,18,0.95,102698.414062,8,2.1,12,0.0,0.0,0.0,0.0,0.0,0.0,1.0
126492,0,1,3400,-53,53,-685,8.1,18,1.4,50126.984375,10,2.1,6.7,0.0,12412.698242,14,0.0,0.0,0.0,1.0
126741,0,1,3400,-53,53,-690,13,17,0.50,64063.492188,0,2.1,0.0,0.0,0.0,0.0,0.0,0.0,0.0,1.0
126990,0,1,3400,-53,53,-681,12,18,0.58,69365.078125,7,2.1,0.0,0.0,0.0,0.0,0.0,0.0,0.0,1.0
127239,0,1,3400,-53,53,-681,11,18,0.50,37333.332031,0,2.1,0.0,0.0,0.0,0.0,0.0,0.0,0.0,1.0
127488,0,1,3400,-53,53,-679,11,18,0.50,80063.492188,0,2.1,0.0,0.0,7841.270020,0,0.0,0.0,0.0,1.0
127737,0,1,3400,-53,53,-684,13,18,0.50,47777.777344,0,2.1,0.0,0.0,0.0,0.0,0.0,0.0,0.0,1.0
127986,0,1,3400,-53,53,-683,15,18,0.50,64476.191406,0,2.1,0.0,0.0,0.0,0.0,0.0,0.0,0.0,1.0
128235,0,1,3400,-53,53,-681,11,19,0.51,54158.730469,0,2.1,0.0,0.0,0.0,0.0,0.0,0.0,0.0,1.0
128484,0,1,3400,-53,53,-683,13,19,0.50,42253.968750,0,2.1,0.0,0.0,7936.507812,0,0.0,0.0,0.0,1.0
128733,0,1,3400,-53,53,-686,13,18,0.50,53864.542969,0,2.1,0.0,0.0,0.0,0.0,0.0,0.0,0.0,1.0
128982,0,1,3400,-53,53,-681,13,18,0.50,69746.031250,0,2.1,0.0,0.0,0.0,0.0,0.0,0.0,0.0,1.0
129231,0,1,3400,-53,53,-684,13,19,0.50,31777.777344,0,2.1,0.0,0.0,0.0,0.0,0.0,0.0,0.0,1.0
129480,0,1,3400,-53,53,-684,8.0,19,0.50,26666.666016,0,2.1,2.2,0.0,10507.936523,36,0.0,0.0,0.0,1.0
129729,0,1,3400,-53,53,-682,13,18,0.50,48285.714844,0,2.1,0.0,0.0,0.0,0.0,0.0,0.0,0.0,1.0
129978,0,1,3400,-53,53,-679,13,18,0.50,53650.792969,0,2.1,0.0,0.0,0.0,0.0,0.0,0.0,0.0,1.0
130227,0,1,3400,-53,53,-682,10,19,0.50,68666.664062,0,2.1,0.0,0.0,0.0,0.0,0.0,0.0,0.0,1.0
130476,0,1,3400,-53,53,-683,8.3,18,0.68,43682.539062,11,2.1,1.9,0.0,97428.570312,59,0.0,0.0,0.0,1.0
130725,0,1,3400,-53,53,-685,17,17,0.54,74349.203125,7,2.1,16,0.0,169619.046875,73,0.0,0.0,0.0,1.0
130974,0,1,3400,-53,53,-680,10,18,0.69,74571.429688,5,2.1,16,0.0,0.0,0.0,0.0,0.0,0.0,1.0
131223,0,1,3400,-53,53,-682,7.1,18,0.90,63047.617188,0,2.1,16,0.0,0.0,0.0,0.0,0.0,0.0,1.0
131472,0,1,3400,-53,53,-688,11,19,0.50,26825.396484,0,2.1,10,0.0,9746.032227,57,0.0,0.0,0.0,1.0
131721,0,1,3400,-53,53,-693,8.6,17,0.56,68349.203125,0,2.1,0.0,0.0,0.0,0.0,0.0,0.0,0.0,1.0
131970,0,1,3400,-53,53,-682,13,18,1.2,42603.175781,0,2.1,0.0,0.0,0.0,0.0,0.0,0.0,0.0,1.0
132219,0,1,3400,-53,53,-686,14,17,0.56,48000.000000,7,2.1,0.064,0.0,0.0,0.0,0.0,0.0,0.0,1.0
132468,0,1,3400,-53,53,-686,8.7,18,0.50,37809.523438,0,2.1,0.88,0.0,9746.032227,36,0.0,0.0,0.0,1.0
132717,0,1,3400,-53,53,-689,13,19,0.52,48539.683594,0,2.1,0.0,0.0,0.0,0.0,0.0,0.0,0.0,1.0
132966,0,1,3400,-53,53,-684,13,18,0.50,48031.746094,0,2.1,0.0,0.0,0.0,0.0,0.0,0.0,0.0,1.0
133215,0,1,3400,-53,53,-685,13,18,0.50,69746.031250,0,2.1,0.0,0.0,0.0,0.0,0.0,0.0,0.0,1.0
133464,0,1,3400,-53,53,-679,12,18,0.50,80412.695312,0,2.1,0.17,0.0,15587.301758,0,0.0,0.0,0.0,1.0
133713,0,1,3400,-53,53,-679,13,18,0.50,63968.253906,0,2.1,0.0,0.0,0.0,0.0,0.0,0.0,0.0,1.0
133962,0,1,3400,-53,53,-675,13,18,0.57,73428.570312,7,2.1,0.0,0.0,0.0,0.0,0.0,0.0,0.0,1.0
134211,0,1,3400,-53,53,-682,14,19,0.50,53238.093750,0,2.1,0.0,0.0,0.0,0.0,0.0,0.0,0.0,1.0
134460,0,1,3400,-53,53,-683,14,18,0.50,111746.031250,0,2.1,0.0,0.0,7936.507812,0,0.0,0.0,0.0,1.0
134709,0,1,3400,-53,53,-680,11,18,0.57,64253.968750,0,2.1,0.0,0.0,0.0,0.0,0.0,0.0,0.0,1.0
134958,0,1,3400,-53,53,-681,13,19,0.59,53650.792969,0,2.1,0.0,0.0,0.0,0.0,0.0,0.0,0.0,1.0
135207,0,1,3400,-53,53,-679,13,18,1.0,59015.871094,8,2.1,0.0,0.0,0.0,0.0,0.0,0.0,0.0,1.0
135456,0,1,3400,-53,53,-681,12,18,0.50,32573.705078,0,2.1,0.0,0.0,8127.490234,0,0.0,0.0,0.0,1.0
135705,0,1,3400,-53,53,-676,12,19,0.50,64285.714844,0,2.1,0.0,0.0,0.0,0.0,0.0,0.0,0.0,1.0
135954,0,1,3400,-53,53,-686,13,18,0.50,32190.476562,0,2.1,0.0,0.0,0.0,0.0,0.0,0.0,0.0,1.0
136203,0,1,3400,-53,53,-691,8.5,17,0.50,76063.492188,0,2.1,0.0,0.0,0.0,0.0,0.0,0.0,0.0,1.0
136452,0,1,3400,-53,53,-694,13,18,0.50,26825.396484,0,2.1,0.0,0.0,8095.238281,29,0.0,0.0,0.0,1.0
136701,0,1,3400,-53,53,-689,12,19,0.55,63873.015625,0,2.1,0.0,0.0,0.0,0.0,0.0,0.0,0.0,1.0
136950,0,1,3400,-53,53,-689,15,18,0.68,53904.761719,0,2.1,0.0,0.0,0.0,0.0,0.0,0.0,0.0,1.0
137199,0,1,3400,-53,53,-681,11,18,0.64,43365.078125,0,2.1,0.064,0.0,0.0,0.0,0.0,0.0,0.0,1.0
137448,0,1,3400,-53,53,-685,7.3,18,0.50,52920.636719,0,2.1,8.9,0.0,6666.666504,50,0.0,0.0,0.0,1.0
137697,0,1,3400,-53,53,-688,11,18,0.50,86857.140625,0,2.1,21,0.0,0.0,0.0,0.0,0.0,0.0,1.0
137946,0,1,3400,-53,53,-690,10,18,0.50,47714.285156,0,2.1,21,0.0,0.0,0.0,0.0,0.0,0.0,1.0
138195,0,1,3400,-53,53,-686,13,19,0.50,59015.871094,0,2.1,21,0.0,0.0,0.0,0.0,0.0,0.0,1.0
138444,0,1,3400,-53,53,-681,13,18,1.0,42920.636719,11,2.1,21,80,0.0,0,0.0,0.0,0.0,1.0
138693,0,1,3400,-53,53,-684,14,17,0.50,53238.093750,0,2.1,14,80,3587.301514,0,0.0,0.0,0.0,1.0
138942,0,1,3400,-53,53,-685,13,18,0.50,80984.125000,0,2.1,6.4,0.0,8698.413086,0,0.0,0.0,0.0,1.0
139191,0,1,3400,-53,53,-689,10.0,19,0.50,59187.250000,0,2.1,0.0,0.0,0.0,0.0,0.0,0.0,0.0,1.0
139440,0,1,3400,-53,53,-685,12,18,0.50,53881.421875,0,2.1,5.5,0.0,6640.316406,50,0.0,0.0,0.0,1.0
139689,0,1,3400,-53,53,-683,11,17,0.50,48095.617188,0,2.1,21,0.0,0.0,0.0,0.0,0.0,0.0,1.0
139938,0,1,3400,-53,53,-686,8.8,17,0.85,64063.492188,7,2.1,21,0.0,0.0,0.0,0.0,0.0,0.0,1.0
140187,0,1,3400,-53,53,-679,11,18,0.53,32698.412109,14,2.1,21,0.0,0.0,0.0,0.0,0.0,0.0,1.0
140436,0,1,3400,-53,53,-677,15,18,0.50,48031.746094,0,2.1,15,0.0,15333.333008,14,0.0,0.0,0.0,1.0
140685,0,1,3400,-53,53,-685,13,18,0.56,48126.984375,0,2.1,0.0,0.0,0.0,0.0,0.0,0.0,0.0,1.0
140934,0,1,3400,-53,53,-683,11,19,0.50,106158.726562,0,2.1,0.0,0.0,0.0,0.0,0.0,0.0,0.0,1.0
141183,0,1,3400,-53,53,-680,13,18,0.50,48539.683594,0,2.1,0.0,0.0,0.0,0.0,0.0,0.0,0.0,1.0
141432,0,1,3400,-53,53,-684,11,19,0.50,69428.570312,0,2.1,3.7,0.0,0.0,80,0.0,0.0,0.0,1.0
141681,0,1,3400,-53,53,-688,12,19,0.50,53587.300781,0,2.1,7.5,0.0,0.0,0.0,0.0,0.0,0.0,1.0
141930,0,1,3400,-53,53,-685,13,18,0.50,58603.175781,0,2.1,7.5,0.0,0.0,0.0,0.0,0.0,0.0,1.0
142179,0,1,3400,-53,53,-680,11,19,0.53,79396.828125,0,2.1,7.5,0.0,0.0,0.0,0.0,0.0,0.0,1.0
142428,0,1,3400,-53,53,-681,12,19,0.54,48158.730469,10,2.1,9.8,0.0,20380.953125,50,0.0,0.0,0.0,1.0
142677,0,1,3400,-53,53,-682,13,19,0.50,42698.414062,0,2.1,14,0.0,0.0,0.0,0.0,0.0,0.0,1.0
142926,0,1,3400,-53,53,-679,13,18,0.88,10772.908203,33,2.1,14,0.0,0.0,0.0,0.0,0.0,0.0,1.0
143175,0,1,3400,-53,53,-676,14,19,0.60,100761.906250,5,2.1,14,0.0,0.0,0.0,0.0,0.0,0.0,1.0
143424,0,1,3400,-53,53,-689,10,19,0.51,81174.601562,0,2.1,10,0.0,41428.570312,18,0.0,0.0,0.0,1.0
143673,0,1,3400,-53,53,-682,9.6,18,0.54,48253.968750,0,2.1,6.5,0.0,0.0,0.0,0.0,0.0,0.0,1.0
143922,0,1,3400,-53,53,-680,7.6,17,0.64,42920.636719,11,2.1,6.5,0.0,0.0,0.0,0.0,0.0,0.0,1.0
144171,0,1,3400,-53,53,-680,13,18,0.60,74730.156250,0,2.1,6.5,0.0,0.0,0.0,0.0,0.0,0.0,1.0
144420,0,1,3400,-53,53,-685,14,18,0.50,58253.968750,0,2.1,8.8,0.0,15460.317383,0,0.0,0.0,0.0,1.0
144669,0,1,3400,-53,53,-687,12,18,0.50,53587.300781,0,2.1,12,0.0,0.0,0.0,0.0,0.0,0.0,1.0
144918,0,1,3400,-53,53,-688,6.6,18,0.71,31904.761719,12,2.1,12,0.0,0.0,0.0,0.0,0.0,0.0,1.0
145167,0,1,3400,-53,53,-685,11,19,1.0,55936.507812,0,2.1,12,0.0,0.0,0.0,0.0,0.0,0.0,1.0
145416,0,1,3400,-53,53,-679,13,18,0.50,42507.937500,0,2.1,13,0.0,23301.587891,20,0.0,0.0,0.0,1.0
145665,0,1,3400,-53,53,-683,13,18,0.50,64380.953125,0,2.1,14,0.0,0.0,0.0,0.0,0.0,0.0,1.0
145914,0,1,3400,-53,53,-677,13,19,0.50,48285.714844,0,2.1,14,0.0,0.0,0.0,0.0,0.0,0.0,1.0
146163,0,1,3400,-53,53,-680,13,18,0.50,32318.724609,0,2.1,14,0.0,0.0,0.0,0.0,0.0,0.0,1.0
146412,0,1,3400,-53,53,-683,10,18,0.51,53523.808594,0,2.1,15,0.0,3079.364990,73,0.0,0.0,0.0,1.0
146661,0,1,3400,-53,53,-684,13,18,0.50,117555.554688,0,2.1,21,0.0,0.0,0.0,0.0,0.0,0.0,1.0
146910,0,1,3400,-53,53,-689,12,19,0.50,75047.617188,0,2.1,21,0.0,0.0,0.0,0.0,0.0,0.0,1.0
147159,0,1,3400,-53,53,-688,13,18,0.50,48317.460938,0,2.1,21,0.0,0.0,0.0,0.0,0.0,0.0,1.0
147408,0,1,3400,-53,53,-683,9.2,18,0.50,70603.171875,0,2.1,19,0.0,23301.587891,0,0.0,0.0,0.0,1.0
147657,0,1,3400,-53,53,-678,11,18,0.50,42730.160156,0,2.1,14,0.0,0.0,0.0,0.0,0.0,0.0,1.0
147906,0,1,3400,-53,53,-676,13,18,0.50,78095.234375,0,2.1,13,0.0,0.0,0.0,0.0,0.0,0.0,1.0
148155,0,1,3400,-53,53,-680,14,18,0.50,42920.636719,0,2.1,14,0.0,0.0,0.0,0.0,0.0,0.0,1.0
148404,0,1,3400,-53,53,-689,13,19,0.78,85428.570312,12,2.1,14,0.0,0.0,80,0.0,0.0,0.0,1.0
148653,0,1,3400,-53,53,-685,13,18,0.67,75301.585938,8,2.1,13,0.0,0.0,0.0,0.0,0.0,0.0,1.0
148902,0,1,3400,-53,53,-682,12,18,0.63,43111.109375,10,2.1,14,0.0,0.0,0.0,0.0,0.0,0.0,1.0
149151,0,1,3400,-53,53,-681,9.8,18,1.2,42730.160156,9,2.1,14,0.0,0.0,0.0,0.0,0.0,0.0,1.0
149400,0,1,3400,-53,53,-680,14,18,0.50,59523.808594,0,2.1,14,0.0,25301.587891,47,0.0,0.0,0.0,1.0
149649,0,1,3400,-53,53,-688,10,19,0.50,95745.023438,0,2.1,16,0.0,0.0,0.0,0.0,0.0,0.0,1.0
149898,0,1,3400,-53,53,-689,13,18,0.50,32444.445312,0,2.1,16,0.0,0.0,0.0,0.0,0.0,0.0,1.0
150147,0,1,3400,-53,53,-680,13,18,0.50,31936.507812,0,2.1,16,0.0,0.0,0.0,0.0,0.0,0.0,1.0
150396,0,1,3400,-53,53,-683,14,18,0.50,42666.667969,0,2.1,8.4,0.0,7841.270020,0,0.0,0.0,0.0,1.0
150645,0,1,3400,-53,53,-686,9.9,18,0.50,85809.523438,0,2.1,0.064,0.0,0.0,0.0,0.0,0.0,0.0,1.0
150894,0,1,3400,-53,53,-681,12,18,0.50,48285.714844,0,2.1,0.0,0.0,0.0,0.0,0.0,0.0,0.0,1.0
151143,0,1,3400,-53,53,-689,14,18,0.50,42507.937500,0,2.1,0.0,0.0,0.0,0.0,0.0,0.0,0.0,1.0
151392,0,1,3400,-53,53,-683,10,19,0.50,22476.191406,0,2.1,0.0,0.0,12158.730469,14,0.0,0.0,0.0,1.0
151641,0,1,3400,-53,53,-685,11,18,0.50,63523.808594,0,2.1,0.0,0.0,0.0,0.0,0.0,0.0,0.0,1.0
151890,0,1,3400,-53,53,-688,7.7,18,0.50,16000.000000,0,2.1,0.0,0.0,0.0,0.0,0.0,0.0,0.0,1.0
152139,0,1,3400,-53,53,-675,11,18,0.50,111015.875000,0,2.1,0.0,0.0,0.0,0.0,0.0,0.0,0.0,1.0
152388,0,1,3400,-53,53,-681,10,18,0.50,52126.984375,0,2.1,2.2,0.0,6666.666504,50,0.0,0.0,0.0,1.0
152637,0,1,3400,-53,53,-681,11,17,0.52,59111.109375,0,2.1,21,0.0,0.0,0.0,0.0,0.0,0.0,1.0
152886,0,1,3400,-53,53,-683,13,18,0.82,69746.031250,7,2.1,21,0.0,0.0,0.0,0.0,0.0,0.0,1.0
153135,0,1,3400,-53,53,-675,12,17,1.2,48253.968750,9,2.1,21,0.0,0.0,0.0,0.0,0.0,0.0,1.0
153384,0,1,3400,-53,53,-677,6.1,19,0.50,74709.164062,0,2.1,13,0.0,23808.765625,36,0.0,0.0,0.0,1.0
153633,0,1,3400,-53,53,-690,13,19,0.50,37555.554688,0,2.1,0.064,0.0,0.0,0.0,0.0,0.0,0.0,1.0
153882,0,1,3400,-53,53,-690,13,18,0.50,10730.159180,0,2.1,0.0,0.0,0.0,0.0,0.0,0.0,0.0,1.0
154131,0,1,3400,-53,53,-680,10,18,0.52,31809.523438,0,2.1,0.0,0.0,0.0,0.0,0.0,0.0,0.0,1.0
154380,0,1,3400,-53,53,-686,11,18,0.70,48031.746094,0,2.1,6.9,0.0,9492.063477,0,0.0,0.0,0.0,1.0
154629,0,1,3400,-53,53,-678,9.3,18,0.64,63301.585938,6,2.1,15,0.0,0.0,0.0,0.0,0.0,0.0,1.0
154878,0,1,3400,-53,53,-674,11,17,0.50,59777.777344,0,2.1,15,0.0,0.0,0.0,0.0,0.0,0.0,1.0
155127,0,1,3400,-53,53,-680,11,17,0.50,87365.078125,0,2.1,15,0.0,0.0,0.0,0.0,0.0,0.0,1.0
155376,0,1,3400,-53,53,-675,13,18,0.50,48285.714844,0,2.1,15,118,0.0,80,0.0,0.0,0.0,1.0
155625,0,1,3400,-53,53,-684,9.3,18,0.58,58253.968750,0,2.1,16,118,0.0,0.0,0.0,0.0,0.0,1.0
155874,0,1,3400,-53,53,-683,13,18,0.50,80476.187500,0,2.1,1.9,0.0,9841.269531,0,0.0,0.0,0.0,1.0
156123,0,1,3400,-53,53,-676,13,18,0.54,53650.792969,0,2.1,0.0,0.0,0.0,0.0,0.0,0.0,0.0,1.0
156372,0,1,3400,-53,53,-682,13,19,0.50,48478.085938,0,2.1,6.6,0.0,213513.937500,59,0.0,0.0,0.0,1.0
156621,0,1,3400,-53,53,-680,12,18,0.50,42920.636719,0,2.1,16,0.0,0.0,0.0,0.0,0.0,0.0,1.0
156870,0,1,3400,-53,53,-679,6.9,19,0.60,69142.859375,6,2.1,16,0.0,0.0,0.0,0.0,0.0,0.0,1.0
157119,0,1,3400,-53,53,-685,12,18,0.57,58634.921875,8,2.1,16,0.0,0.0,0.0,0.0,0.0,0.0,1.0
157368,0,1,3400,-53,53,-684,11,18,0.50,48126.984375,0,2.1,15,0.0,387523.812500,38,0.0,0.0,0.0,1.0
157617,0,1,3400,-53,53,-680,12,18,0.67,64952.382812,13,2.1,16,0.0,0.0,0.0,0.0,0.0,0.0,1.0
157866,0,1,3400,-53,53,-686,13,18,0.50,53650.792969,0,2.1,16,0.0,0.0,0.0,0.0,0.0,0.0,1.0
158115,0,1,3400,-53,53,-679,9.6,17,0.50,21809.523438,0,2.1,16,0.0,0.0,0.0,0.0,0.0,0.0,1.0
158364,0,1,3400,-53,53,-687,11,18,0.50,52984.128906,0,2.1,15,0.0,180349.203125,62,0.0,0.0,0.0,1.0
158613,0,1,3400,-53,53,-684,15,19,0.50,26825.396484,0,2.1,16,0.0,0.0,0.0,0.0,0.0,0.0,1.0
158862,0,1,3400,-53,53,-681,13,18,0.50,59015.871094,0,2.1,16,0.0,0.0,0.0,0.0,0.0,0.0,1.0
159111,0,1,3400,-53,53,-689,9.8,17,0.60,69428.570312,0,2.1,16,0.0,0.0,0.0,0.0,0.0,0.0,1.0
159360,0,1,3400,-53,53,-682,13,18,0.96,85079.367188,6,2.1,15,0.0,295396.812500,46,0.0,0.0,0.0,1.0
159609,0,1,3400,-53,53,-681,11,18,0.96,54310.757812,8,2.1,16,0.0,0.0,0.0,0.0,0.0,0.0,1.0
159858,0,1,3400,-53,53,-681,9.7,18,0.50,32252.964844,0,2.1,16,0.0,0.0,0.0,0.0,0.0,0.0,1.0
160107,0,1,3400,-53,53,-686,12,18,0.50,60015.937500,0,2.1,16,0.0,0.0,0.0,0.0,0.0,0.0,1.0
160356,0,1,3400,-53,53,-686,13,18,0.72,53650.792969,9,2.1,11,0.0,8253.967773,0,0.0,0.0,0.0,1.0
160605,0,1,3400,-53,53,-684,6.6,18,0.50,74476.187500,0,2.1,0.0,0.0,0.0,0.0,0.0,0.0,0.0,1.0
160854,0,1,3400,-53,53,-685,9.5,19,0.50,37650.792969,0,2.1,0.0,0.0,0.0,0.0,0.0,0.0,0.0,1.0
161103,0,1,3400,-53,53,-675,13,18,0.54,47873.015625,0,2.1,0.0,0.0,0.0,0.0,0.0,0.0,0.0,1.0
161352,0,1,3400,-53,53,-680,13,18,0.75,48317.460938,8,2.1,2.4,0.0,31142.857422,29,0.0,0.0,0.0,1.0
161601,0,1,3400,-53,53,-682,11,17,0.50,42920.636719,0,2.1,0.0,0.0,0.0,0.0,0.0,0.0,0.0,1.0
161850,0,1,3400,-53,53,-684,13,18,0.61,86444.445312,5,2.1,0.0,0.0,0.0,0.0,0.0,0.0,0.0,1.0
162099,0,1,3400,-53,53,-690,8.3,18,0.50,64730.160156,0,2.1,0.0,0.0,0.0,0.0,0.0,0.0,0.0,1.0
162348,0,1,3400,-53,53,-690,12,18,0.50,81746.031250,0,2.1,6.4,0.0,23301.587891,0,0.0,0.0,0.0,1.0
162597,0,1,3400,-53,53,-686,12,19,0.50,32126.984375,0,2.1,14,0.0,0.0,0.0,0.0,0.0,0.0,1.0
162846,0,1,3400,-53,53,-687,13,18,0.50,37555.554688,0,2.1,14,0.0,0.0,0.0,0.0,0.0,0.0,1.0
163095,0,1,3400,-53,53,-686,15,18,0.50,68571.429688,0,2.1,14,0.0,0.0,0.0,0.0,0.0,0.0,1.0
163344,0,1,3400,-53,53,-676,14,19,0.50,47777.777344,0,2.1,14,0.0,23301.587891,0,0.0,0.0,0.0,1.0
163593,0,1,3400,-53,53,-680,11,18,0.50,53992.031250,0,2.1,14,0.0,0.0,0.0,0.0,0.0,0.0,1.0
163842,0,1,3400,-53,53,-685,3.8,18,0.50,43714.285156,0,2.1,14,0.0,0.0,0.0,0.0,0.0,0.0,1.0
164091,0,1,3400,-53,53,-682,13,18,0.99,58603.175781,9,2.1,13,0.0,0.0,0.0,0.0,0.0,0.0,1.0
164340,0,1,3400,-53,53,-686,12,18,0.79,58761.906250,8,2.1,14,0.0,23301.587891,0,0.0,0.0,0.0,1.0
164589,0,1,3400,-53,53,-674,13,18,0.84,69746.031250,0,2.1,14,0.0,0.0,0.0,0.0,0.0,0.0,1.0
164838,0,1,3400,-53,53,-677,13,18,0.50,37555.554688,0,2.1,14,0.0,0.0,0.0,0.0,0.0,0.0,1.0
165087,0,1,3400,-53,53,-681,12,18,0.77,64253.968750,12,2.1,14,0.0,0.0,0.0,0.0,0.0,0.0,1.0
165336,0,1,3400,-53,53,-685,13,19,0.50,59015.871094,0,2.1,14,0.0,23301.587891,0,0.0,0.0,0.0,1.0
165585,0,1,3400,-53,53,-683,13,17,0.50,26825.396484,0,2.1,14,0.0,0.0,0.0,0.0,0.0,0.0,1.0
165834,0,1,3400,-53,53,-678,14,18,0.50,95650.796875,0,2.1,14,0.0,0.0,0.0,0.0,0.0,0.0,1.0
166083,0,1,3400,-53,53,-678,13,18,0.50,53650.792969,0,2.1,14,0.0,0.0,0.0,0.0,0.0,0.0,1.0
166332,0,1,3400,-53,53,-684,14,18,0.50,74444.445312,0,2.1,14,0.0,23301.587891,0,0.0,0.0,0.0,1.0
166581,0,1,3400,-53,53,-679,12,18,0.54,43174.601562,0,2.1,14,0.0,0.0,0.0,0.0,0.0,0.0,1.0
166830,0,1,3400,-53,53,-678,12,18,0.70,90294.820312,6,2.1,14,0.0,0.0,0.0,0.0,0.0,0.0,1.0
167079,0,1,3400,-53,53,-677,10.0,17,0.50,58698.414062,0,2.1,14,0.0,0.0,0.0,0.0,0.0,0.0,1.0
167328,0,1,3400,-53,53,-685,13,19,0.87,59015.871094,8,2.1,13,0.0,16920.634766,44,0.0,0.0,0.0,1.0
167577,0,1,3400,-53,53,-686,9.9,18,0.50,80380.953125,0,2.1,0.0,0.0,6920.634766,0,0.0,0.0,0.0,1.0
167826,0,1,3400,-53,53,-681,9.8,18,0.50,64063.492188,0,2.1,0.0,0.0,0.0,0.0,0.0,0.0,0.0,1.0
168075,0,1,3400,-53,53,-683,11,18,0.50,31873.015625,0,2.1,0.0,0.0,0.0,0.0,0.0,0.0,0.0,1.0
168324,0,1,3400,-53,53,-684,9.9,18,0.50,58698.414062,0,2.1,4.6,0.0,163238.093750,55,0.0,0.0,0.0,1.0
168573,0,1,3400,-53,53,-676,13,17,0.96,65682.539062,13,2.1,16,0.0,0.0,0.0,0.0,0.0,0.0,1.0
168822,0,1,3400,-53,53,-681,7.9,18,0.65,64222.222656,0,2.1,16,0.0,0.0,0.0,0.0,0.0,0.0,1.0
169071,0,1,3400,-53,53,-678,9.8,18,0.50,58952.382812,0,2.1,16,0.0,0.0,0.0,0.0,0.0,0.0,1.0
169320,0,1,3400,-54,54,-681,13,18,0.76,64637.449219,0,2.1,13,0.0,17721.115234,56,0.0,0.0,0.0,1.0
169569,0,1,3400,-53,53,-690,10,18,0.60,38571.429688,0,2.1,0.0,0.0,0.0,0.0,0.0,0.0,0.0,1.0
169818,0,1,3400,-53,53,-686,14,18,0.50,62984.128906,0,2.1,0.0,0.0,0.0,0.0,0.0,0.0,0.0,1.0
170067,0,1,3400,-53,53,-687,4.7,18,0.50,15936.507812,0,2.1,0.0,0.0,0.0,0.0,0.0,0.0,0.0,1.0
170316,0,1,3400,-53,53,-688,11,19,0.51,64380.953125,0,2.1,6.7,0.0,42920.636719,56,0.0,0.0,0.0,1.0
170565,0,1,3400,-53,53,-678,12,18,0.51,47492.062500,0,2.1,14,0.0,0.0,0.0,0.0,0.0,0.0,1.0
170814,0,1,3400,-53,53,-683,10,18,0.50,64126.984375,0,2.1,14,0.0,0.0,0.0,0.0,0.0,0.0,1.0
171063,0,1,3400,-53,53,-689,13,19,0.50,37142.855469,0,2.1,14,0.0,0.0,0.0,0.0,0.0,0.0,1.0
171312,0,1,3400,-53,53,-683,11,18,0.80,91047.617188,9,2.1,14,0.0,23301.587891,0,0.0,0.0,0.0,1.0
171561,0,1,3400,-53,53,-684,16,17,0.50,57746.031250,0,2.1,14,0.0,0.0,0.0,0.0,0.0,0.0,1.0
171810,0,1,3400,-53,53,-677,13,18,0.50,37555.554688,0,2.1,14,0.0,0.0,0.0,0.0,0.0,0.0,1.0
172059,0,1,3400,-53,53,-680,12,18,0.50,42349.207031,0,2.1,14,0.0,0.0,0.0,0.0,0.0,0.0,1.0
172308,0,1,3400,-53,53,-679,12,18,0.50,59269.839844,0,2.1,14,0.0,23301.587891,0,0.0,0.0,0.0,1.0
172557,0,1,3400,-53,53,-677,13,18,0.50,75410.359375,0,2.1,14,0.0,0.0,0.0,0.0,0.0,0.0,1.0
172806,0,1,3400,-53,53,-682,13,18,0.50,90571.429688,0,2.1,14,0.0,0.0,0.0,0.0,0.0,0.0,1.0
173055,0,1,3400,-53,53,-677,13,18,0.50,48285.714844,0,2.1,14,0.0,0.0,0.0,0.0,0.0,0.0,1.0
173304,0,1,3400,-53,53,-677,12,18,0.50,90814.226562,0,2.1,9.3,0.0,10339.920898,36,0.0,0.0,0.0,1.0
173553,0,1,3400,-53,53,-682,13,18,0.50,58996.015625,0,2.1,0.0,0.0,0.0,0.0,0.0,0.0,0.0,1.0
173802,0,1,3400,-53,53,-680,13,18,0.50,101174.601562,0,2.1,0.0,0.0,0.0,0.0,0.0,0.0,0.0,1.0
174051,0,1,3400,-53,53,-681,17,18,0.60,42095.238281,0,2.1,0.0,0.0,0.0,0.0,0.0,0.0,0.0,1.0
174300,0,1,3400,-53,53,-685,8.9,18,0.50,58158.730469,0,2.1,1.4,0.0,19555.554688,33,0.0,0.0,0.0,1.0
174549,0,1,3400,-53,53,-678,12,18,0.50,62857.144531,0,2.1,0.0,0.0,0.0,0.0,0.0,0.0,0.0,1.0
174798,0,1,3400,-53,53,-682,10,18,0.50,37555.554688,0,2.1,0.0,0.0,0.0,0.0,0.0,0.0,0.0,1.0
175047,0,1,3400,-53,53,-680,12,18,0.50,43936.507812,0,2.1,0.064,0.0,0.0,0.0,0.0,0.0,0.0,1.0
175296,0,1,3400,-53,53,-682,10,18,0.50,64063.492188,0,2.1,4.3,0.0,23301.587891,43,0.0,0.0,0.0,1.0
175545,0,1,3400,-53,53,-681,6.7,18,0.50,42317.460938,0,2.1,14,0.0,0.0,0.0,0.0,0.0,0.0,1.0
175794,0,1,3400,-53,53,-682,11,19,1.2,32573.705078,14,2.1,13,0.0,0.0,0.0,0.0,0.0,0.0,1.0
176043,0,1,3400,-53,53,-688,12,18,0.50,43288.539062,0,2.1,14,0.0,0.0,0.0,0.0,0.0,0.0,1.0
176292,0,1,3400,-53,53,-677,9.7,18,0.50,63107.570312,0,2.1,9.3,0.0,8031.872559,0,0.0,0.0,0.0,1.0
176541,0,1,3400,-53,53,-678,14,18,0.50,26825.396484,0,2.1,0.0,0.0,0.0,0.0,0.0,0.0,0.0,1.0
176790,0,1,3400,-53,53,-680,13,18,0.50,63968.253906,0,2.1,0.064,0.0,0.0,0.0,0.0,0.0,0.0,1.0
177039,0,1,3400,-53,53,-678,10,18,0.50,47841.269531,0,2.1,0.064,0.0,0.0,0.0,0.0,0.0,0.0,1.0
177288,0,1,3400,-53,53,-684,11,18,0.50,55269.839844,0,2.1,6.5,0.0,23301.587891,0,0.0,0.0,0.0,1.0
177537,0,1,3400,-53,53,-685,9.9,18,0.71,53587.300781,8,2.1,14,0.0,0.0,0.0,0.0,0.0,0.0,1.0
177786,0,1,3400,-53,53,-685,12,17,0.50,48285.714844,0,2.1,14,0.0,0.0,0.0,0.0,0.0,0.0,1.0
178035,0,1,3400,-53,53,-685,11,18,0.50,42825.398438,0,2.1,13,0.0,0.0,0.0,0.0,0.0,0.0,1.0
178284,0,1,3400,-53,53,-677,13,18,0.53,58603.175781,0,2.1,9.2,0.0,30222.222656,0,0.0,0.0,0.0,1.0
178533,0,1,3400,-53,53,-686,12,18,0.50,32063.492188,0,2.1,0.0,0.0,0.0,0.0,0.0,0.0,0.0,1.0
178782,0,1,3400,-53,53,-685,13,17,0.50,69746.031250,0,2.1,0.0,0.0,0.0,0.0,0.0,0.0,0.0,1.0
179031,0,1,3400,-53,53,-685,12,18,0.50,86693.226562,0,2.1,0.0,0.0,0.0,0.0,0.0,0.0,0.0,1.0
179280,0,1,3400,-53,53,-677,14,18,0.50,74476.187500,0,2.1,6.8,0.0,167904.765625,57,0.0,0.0,0.0,1.0
179529,0,1,3400,-53,53,-672,12,19,0.50,85841.273438,0,2.1,16,0.0,0.0,0.0,0.0,0.0,0.0,1.0
179778,0,1,3400,-53,53,-681,13,18,0.50,90666.664062,0,2.1,16,0.0,0.0,0.0,0.0,0.0,0.0,1.0
180027,0,1,3400,-53,53,-676,12,18,0.50,48285.714844,0,2.1,16,0.0,0.0,0.0,0.0,0.0,0.0,1.0
180276,0,1,3400,-53,53,-682,14,18,0.50,36888.890625,0,2.1,8.4,0.0,12158.730469,0,0.0,0.0,0.0,1.0
180525,0,1,3400,-53,53,-689,15,19,0.50,42158.730469,0,2.1,0.0,0.0,0.0,0.0,0.0,0.0,0.0,1.0
180774,0,1,3400,-53,53,-679,13,18,0.50,75111.109375,0,2.1,0.0,0.0,0.0,0.0,0.0,0.0,0.0,1.0
181023,0,1,3400,-53,53,-683,9.0,17,0.50,69936.507812,0,2.1,0.0,0.0,0.0,0.0,0.0,0.0,0.0,1.0
181272,0,1,3400,-53,53,-693,13,18,0.50,69111.109375,0,2.1,3.0,0.0,23301.587891,0,0.0,0.0,0.0,1.0
181521,0,1,3400,-53,53,-678,13,18,0.53,58793.652344,0,2.1,6.0,0.0,0.0,0.0,0.0,0.0,0.0,1.0
181770,0,1,3400,-53,53,-680,15,18,0.50,74349.203125,0,2.1,6.0,0.0,0.0,0.0,0.0,0.0,0.0,1.0
182019,0,1,3400,-53,53,-684,11,17,0.61,64825.398438,6,2.1,6.0,0.0,0.0,0.0,0.0,0.0,0.0,1.0
182268,0,1,3400,-53,53,-682,8.4,18,0.50,64253.968750,0,2.1,9.7,0.0,23301.587891,20,0.0,0.0,0.0,1.0
182517,0,1,3400,-53,53,-680,11,18,0.50,50103.585938,0,2.1,14,0.0,0.0,0.0,0.0,0.0,0.0,1.0
182766,0,1,3400,-53,53,-680,13,18,0.50,53650.792969,0,2.1,14,0.0,0.0,0.0,0.0,0.0,0.0,1.0
183015,0,1,3400,-53,53,-674,14,18,0.50,64222.222656,0,2.1,13,0.0,0.0,0.0,0.0,0.0,0.0,1.0
183264,0,1,3400,-53,53,-685,13,18,0.50,80222.218750,0,2.1,14,0.0,23301.587891,0,0.0,0.0,0.0,1.0
183513,0,1,3400,-53,53,-684,13,18,0.50,64000.000000,0,2.1,13,0.0,0.0,0.0,0.0,0.0,0.0,1.0
183762,0,1,3400,-53,53,-690,12,19,0.50,53079.363281,0,2.1,14,0.0,0.0,0.0,0.0,0.0,0.0,1.0
184011,0,1,3400,-53,53,-687,7.5,18,0.75,38000.000000,11,2.1,14,0.0,0.0,0.0,0.0,0.0,0.0,1.0
184260,0,1,3400,-53,53,-683,13,18,0.56,75111.109375,0,2.1,14,40,0.0,80,0.0,0.0,0.0,1.0
184509,0,1,3400,-53,53,-674,13,17,1.2,16095.238281,25,2.1,16,40,0.0,0.0,0.0,0.0,0.0,1.0
184758,0,1,3400,-53,53,-682,9.1,19,0.50,26507.935547,0,2.1,5.3,0.0,8603.174805,42,0.0,0.0,0.0,1.0
185007,0,1,3400,-53,53,-685,10.0,17,0.81,52920.636719,13,2.1,4.0,0.0,0.0,0.0,0.0,0.0,0.0,1.0
185256,0,1,3400,-53,53,-679,12,17,0.91,53809.523438,17,2.1,2.0,0.0,8095.238281,0,0.0,0.0,0.0,1.0
185505,0,1,3400,-53,53,-676,13,18,0.50,48285.714844,0,2.1,0.0,0.0,0.0,0.0,0.0,0.0,0.0,1.0
185754,0,1,3400,-53,53,-685,13,18,0.56,64380.953125,0,2.1,0.0,0.0,0.0,0.0,0.0,0.0,0.0,1.0
186003,0,1,3400,-53,53,-685,15,18,0.64,80159.359375,6,2.1,0.0,0.0,0.0,0.0,0.0,0.0,0.0,1.0
186252,0,1,3400,-54,54,-676,9.8,17,0.69,43619.046875,0,2.1,3.5,0.0,15460.317383,0,0.0,0.0,0.0,1.0
186501,0,1,3400,-53,53,-687,13,17,0.77,64126.984375,14,2.1,12,0.0,0.0,0.0,0.0,0.0,0.0,1.0
186750,0,1,3400,-53,53,-684,12,19,0.50,58634.921875,0,2.1,12,0.0,0.0,0.0,0.0,0.0,0.0,1.0
186999,0,1,3400,-53,53,-680,13,19,0.78,42920.636719,11,2.1,12,0.0,0.0,0.0,0.0,0.0,0.0,1.0
187248,0,1,3400,-53,53,-674,12,18,1.1,48222.222656,9,2.1,11,0.0,23714.285156,36,0.0,0.0,0.0,1.0
187497,0,1,3400,-53,53,-683,17,18,0.98,48031.746094,0,2.1,0.0,0.0,0.0,0.0,0.0,0.0,0.0,1.0
187746,0,1,3400,-53,53,-686,11,18,0.50,102476.187500,0,2.1,0.0,0.0,0.0,0.0,0.0,0.0,0.0,1.0
187995,0,1,3400,-53,53,-684,9.8,19,0.50,63841.269531,0,2.1,0.0,0.0,0.0,0.0,0.0,0.0,0.0,1.0
188244,0,1,3400,-53,53,-687,14,18,0.50,42412.699219,0,2.1,4.2,0.0,208349.203125,60,0.0,0.0,0.0,1.0
188493,0,1,3400,-53,53,-683,12,18,0.50,79396.828125,0,2.1,16,0.0,0.0,0.0,0.0,0.0,0.0,1.0
188742,0,1,3400,-53,53,-675,12,19,0.50,64380.953125,0,2.1,16,0.0,0.0,0.0,0.0,0.0,0.0,1.0
188991,0,1,3400,-53,53,-683,9.9,18,0.50,64317.460938,0,2.1,16,0.0,0.0,0.0,0.0,0.0,0.0,1.0
189240,0,1,3400,-53,53,-683,17,18,0.50,36793.652344,0,2.1,16,0.0,223968.250000,55,0.0,0.0,0.0,1.0
189489,0,1,3400,-53,53,-680,14,18,0.50,42836.652344,0,2.1,16,0.0,0.0,0.0,0.0,0.0,0.0,1.0
189738,0,1,3400,-53,53,-686,12,17,0.91,53904.761719,0,2.1,16,0.0,0.0,0.0,0.0,0.0,0.0,1.0
189987,0,1,3400,-53,53,-686,10,19,0.50,21460.318359,0,2.1,16,0.0,0.0,0.0,0.0,0.0,0.0,1.0
190236,0,1,3400,-53,53,-680,13,18,0.50,53650.792969,0,2.1,8.5,0.0,8126.983887,0,0.0,0.0,0.0,1.0
190485,0,1,3400,-53,53,-676,13,18,0.50,48285.714844,0,2.1,0.0,0.0,0.0,0.0,0.0,0.0,0.0,1.0
190734,0,1,3400,-53,53,-677,11,18,0.50,69968.257812,0,2.1,0.0,0.0,0.0,0.0,0.0,0.0,0.0,1.0
190983,0,1,3400,-53,53,-685,15,18,0.50,85428.570312,0,2.1,0.0,0.0,0.0,0.0,0.0,0.0,0.0,1.0
191232,0,1,3400,-53,53,-676,13,18,0.50,80412.695312,0,2.1,6.4,0.0,23301.587891,0,0.0,0.0,0.0,1.0
191481,0,1,3400,-53,53,-681,13,19,0.50,32190.476562,0,2.1,13,0.0,0.0,0.0,0.0,0.0,0.0,1.0
191730,0,1,3400,-53,53,-683,12,18,0.51,80666.664062,0,2.1,14,0.0,0.0,0.0,0.0,0.0,0.0,1.0
191979,0,1,3400,-53,53,-682,12,18,0.50,101396.828125,0,2.1,14,0.0,0.0,0.0,0.0,0.0,0.0,1.0
192228,0,1,3400,-53,53,-683,13,18,0.50,26825.396484,0,2.1,14,0.0,23301.587891,0,0.0,0.0,0.0,1.0
192477,0,1,3400,-53,53,-690,13,18,0.99,64888.890625,0,2.1,14,0.0,0.0,0.0,0.0,0.0,0.0,1.0
192726,0,1,3400,-53,53,-687,14,18,0.83,63904.761719,8,2.1,14,0.0,0.0,0.0,0.0,0.0,0.0,1.0
192975,0,1,3400,-53,53,-684,12,17,0.82,48924.304688,9,2.1,14,0.0,0.0,0.0,0.0,0.0,0.0,1.0
193224,0,1,3400,-53,53,-687,12,17,0.60,69492.062500,0,2.1,9.2,0.0,23714.285156,36,0.0,0.0,0.0,1.0
193473,0,1,3400,-53,53,-686,12,18,0.67,42857.144531,0,2.1,0.064,0.0,0.0,0.0,0.0,0.0,0.0,1.0
193722,0,1,3400,-53,53,-681,10,18,0.50,53936.507812,0,2.1,0.0,0.0,0.0,0.0,0.0,0.0,0.0,1.0
193971,0,1,3400,-53,53,-683,13,18,0.54,73936.507812,7,2.1,0.0,0.0,0.0,0.0,0.0,0.0,0.0,1.0
194220,0,1,3400,-53,53,-677,12,19,0.50,37238.093750,0,2.1,4.3,0.0,246634.921875,62,0.0,0.0,0.0,1.0
194469,0,1,3400,-53,53,-681,12,18,0.50,69619.046875,0,2.1,16,0.0,0.0,0.0,0.0,0.0,0.0,1.0
194718,0,1,3400,-53,53,-683,12,18,0.50,21460.318359,0,2.1,16,0.0,0.0,0.0,0.0,0.0,0.0,1.0
194967,0,1,3400,-53,53,-686,12,18,0.50,52730.160156,0,2.1,16,0.0,0.0,0.0,0.0,0.0,0.0,1.0
195216,0,1,3400,-53,53,-687,12,18,0.50,42857.144531,0,2.1,12,0.0,55968.253906,26,0.0,0.0,0.0,1.0
195465,0,1,3400,-53,53,-687,13,18,0.50,96158.726562,0,2.1,0.0,0.0,0.0,0.0,0.0,0.0,0.0,1.0
195714,0,1,3400,-53,53,-683,13,19,0.71,80476.187500,6,2.1,0.0,0.0,0.0,0.0,0.0,0.0,0.0,1.0
195963,0,1,3400,-53,53,-681,13,18,1.3,47873.015625,20,2.1,0.0,0.0,0.0,0.0,0.0,0.0,0.0,1.0
196212,0,1,3400,-53,53,-675,13,19,0.50,59015.871094,0,2.1,0.0,0.0,8095.238281,0,0.0,0.0,0.0,1.0
196461,0,1,3400,-53,53,-676,10,18,0.50,49269.839844,0,2.1,0.0,0.0,0.0,0.0,0.0,0.0,0.0,1.0
196710,0,1,3400,-53,53,-678,13,19,0.50,80796.812500,0,2.1,0.0,0.0,0.0,0.0,0.0,0.0,0.0,1.0
196959,0,1,3400,-53,53,-683,11,18,0.50,63904.761719,0,2.1,0.0,0.0,0.0,0.0,0.0,0.0,0.0,1.0
197208,0,1,3400,-53,53,-679,13,17,2.1,21460.318359,33,2.1,6.5,0.0,272349.218750,47,0.0,0.0,0.0,1.0
197457,0,1,3400,-53,53,-675,12,18,0.50,60539.683594,0,2.1,16,0.0,0.0,0.0,0.0,0.0,0.0,1.0
197706,0,1,3400,-53,53,-678,13,18,0.50,59777.777344,0,2.1,16,0.0,0.0,0.0,0.0,0.0,0.0,1.0
197955,0,1,3400,-53,53,-683,12,18,0.91,60095.238281,8,2.1,16,0.0,0.0,0.0,0.0,0.0,0.0,1.0
198204,0,1,3400,-53,53,-675,13,18,0.50,53650.792969,0,2.1,8.7,0.0,8000.000000,12,0.0,0.0,0.0,1.0
198453,0,1,3400,-53,53,-673,11,18,0.82,49873.015625,17,2.1,0.064,0.0,0.0,0.0,0.0,0.0,0.0,1.0
198702,0,1,3400,-53,53,-680,10,19,0.50,75111.109375,0,2.1,0.064,0.0,0.0,0.0,0.0,0.0,0.0,1.0
198951,0,1,3400,-53,53,-685,12,18,0.50,64380.953125,0,2.1,0.0,0.0,0.0,0.0,0.0,0.0,0.0,1.0
199200,0,1,3400,-53,53,-682,13,18,0.50,80476.187500,0,2.1,0.064,0.0,8095.238281,0,0.0,0.0,0.0,1.0
199449,0,1,3400,-53,53,-684,12,19,0.50,26772.908203,0,2.1,0.0,0.0,0.0,0.0,0.0,0.0,0.0,1.0
199698,0,1,3400,-53,53,-689,13,18,0.66,37555.554688,0,2.1,0.064,0.0,0.0,0.0,0.0,0.0,0.0,1.0
199947,0,1,3400,-53,53,-681,11,18,0.50,54666.667969,0,2.1,0.0,0.0,0.0,0.0,0.0,0.0,0.0,1.0
200196,0,1,3400,-53,53,-683,13,18,0.50,42920.636719,0,2.1,0.0,0.0,7936.507812,0,0.0,0.0,0.0,1.0
200445,0,1,3400,-53,53,-687,12,18,0.50,37396.824219,0,2.1,0.064,0.0,0.0,0.0,0.0,0.0,0.0,1.0
200694,0,1,3400,-53,53,-692,13,18,0.50,53650.792969,0,2.1,0.0,0.0,0.0,0.0,0.0,0.0,0.0,1.0
200943,0,1,3400,-53,53,-680,9.1,18,0.50,53301.585938,0,2.1,0.064,0.0,0.0,0.0,0.0,0.0,0.0,1.0
201192,0,1,3400,-53,53,-677,13,17,0.50,42920.636719,0,2.1,6.5,0.0,23301.587891,0,0.0,0.0,0.0,1.0
201441,0,1,3400,-53,53,-678,13,18,0.50,42920.636719,0,2.1,14,0.0,0.0,0.0,0.0,0.0,0.0,1.0
201690,0,1,3400,-53,53,-680,14,18,0.50,68825.398438,0,2.1,14,0.0,0.0,0.0,0.0,0.0,0.0,1.0
201939,0,1,3400,-53,53,-684,9.7,18,0.50,48412.699219,0,2.1,14,0.0,0.0,0.0,0.0,0.0,0.0,1.0
202188,0,1,3400,-53,53,-686,13,18,0.57,53650.792969,9,2.1,14,80,3587.301514,0,0.0,0.0,0.0,1.0
202437,0,1,3400,-53,53,-688,9.0,17,0.50,58730.160156,0,2.1,14,0.0,5492.063477,0,0.0,0.0,0.0,1.0
202686,0,1,3400,-53,53,-680,11,18,0.50,53650.792969,0,2.1,2.9,0.0,12825.396484,55,0.0,0.0,0.0,1.0
202935,0,1,3400,-53,53,-679,12,18,0.50,97841.273438,0,2.1,0.0,0.0,0.0,0.0,0.0,0.0,0.0,1.0
203184,0,1,3400,-53,53,-680,11,19,0.81,59665.339844,7,2.1,0.0,0.0,10422.310547,0,0.0,0.0,0.0,1.0
203433,0,1,3400,-53,53,-677,12,18,0.50,64634.921875,0,2.1,0.0,0.0,0.0,0.0,0.0,0.0,0.0,1.0
203682,0,1,3400,-53,53,-674,3.4,19,0.50,26190.476562,0,2.1,0.0,0.0,0.0,0.0,0.0,0.0,0.0,1.0
203931,0,1,3400,-53,53,-683,8.0,19,0.50,36793.652344,0,2.1,0.0,0.0,0.0,0.0,0.0,0.0,0.0,1.0
204180,0,1,3400,-53,53,-683,9.7,18,0.50,37587.300781,0,2.1,2.1,0.0,23301.587891,0,0.0,0.0,0.0,1.0
204429,0,1,3400,-53,53,-677,12,18,0.50,68761.906250,0,2.1,6.0,0.0,0.0,0.0,0.0,0.0,0.0,1.0
204678,0,1,3400,-53,53,-677,7.5,18,0.50,74539.679688,0,2.1,6.0,0.0,0.0,0.0,0.0,0.0,0.0,1.0
204927,0,1,3400,-53,53,-677,7.3,18,0.50,37904.761719,0,2.1,6.0,0.0,0.0,0.0,0.0,0.0,0.0,1.0
205176,0,1,3400,-53,53,-686,10,18,0.55,32063.492188,0,2.1,5.1,0.0,30222.222656,0,0.0,0.0,0.0,1.0
205425,0,1,3400,-53,53,-680,13,18,0.61,70761.906250,0,2.1,0.0,0.0,0.0,0.0,0.0,0.0,0.0,1.0
205674,0,1,3400,-53,53,-679,13,18,0.58,80476.187500,6,2.1,0.0,0.0,0.0,0.0,0.0,0.0,0.0,1.0
205923,0,1,3400,-53,53,-683,15,18,0.50,31682.539062,0,2.1,0.0,0.0,0.0,0.0,0.0,0.0,0.0,1.0
206172,0,1,3400,-53,53,-680,16,18,0.50,31936.507812,0,2.1,1.6,0.0,14031.746094,47,0.0,0.0,0.0,1.0
206421,0,1,3400,-53,53,-682,16,19,0.50,64223.109375,0,2.1,0.0,0.0,0.0,0.0,0.0,0.0,0.0,1.0
206670,0,1,3400,-53,53,-679,13,19,0.50,38063.492188,0,2.1,0.0,0.0,0.0,0.0,0.0,0.0,0.0,1.0
206919,0,1,3400,-53,53,-686,9.5,19,0.50,64920.636719,0,2.1,0.0,0.0,0.0,0.0,0.0,0.0,0.0,1.0
207168,0,1,3400,-53,53,-674,10,18,0.50,58793.652344,0,2.1,0.064,0.0,16253.967773,11,0.0,0.0,0.0,1.0
207417,0,1,3400,-53,53,-679,12,18,0.50,53650.792969,0,2.1,0.0,0.0,0.0,0.0,0.0,0.0,0.0,1.0
207666,0,1,3400,-53,53,-679,13,19,0.50,85841.273438,0,2.1,0.0,0.0,0.0,0.0,0.0,0.0,0.0,1.0
207915,0,1,3400,-53,53,-683,12,18,0.50,76126.984375,0,2.1,0.0,0.0,0.0,0.0,0.0,0.0,0.0,1.0
208164,0,1,3400,-53,53,-681,13,18,0.50,80190.476562,0,2.1,4.4,0.0,127809.523438,70,0.0,0.0,0.0,1.0
208413,0,1,3400,-53,53,-683,15,18,0.50,73555.554688,0,2.1,16,0.0,0.0,0.0,0.0,0.0,0.0,1.0
208662,0,1,3400,-53,53,-685,12,18,0.50,79746.031250,0,2.1,16,0.0,0.0,0.0,0.0,0.0,0.0,1.0
208911,0,1,3400,-53,53,-677,9.2,18,0.58,63968.253906,0,2.1,16,0.0,0.0,0.0,0.0,0.0,0.0,1.0
209160,0,1,3400,-53,53,-680,14,18,0.50,85333.335938,0,2.1,15,0.0,170095.234375,68,0.0,0.0,0.0,1.0
209409,0,1,3400,-53,53,-679,15,18,0.50,58836.652344,0,2.1,16,0.0,0.0,0.0,0.0,0.0,0.0,1.0
209658,0,1,3400,-53,53,-680,13,18,0.50,58952.382812,0,2.1,16,0.0,0.0,0.0,0.0,0.0,0.0,1.0
209907,0,1,3400,-53,53,-692,11,17,1.2,64444.445312,7,2.1,16,0.0,0.0,0.0,0.0,0.0,0.0,1.0
210156,0,1,3400,-53,53,-685,13,18,0.50,65142.855469,0,2.1,15,0.0,184158.734375,50,0.0,0.0,0.0,1.0
210405,0,1,3400,-53,53,-677,13,18,0.50,75111.109375,0,2.1,16,0.0,0.0,0.0,0.0,0.0,0.0,1.0
210654,0,1,3400,-53,53,-675,12,18,0.50,59523.808594,0,2.1,11,0.0,5492.063477,0,0.0,0.0,0.0,1.0
210903,0,1,3400,-53,53,-682,14,18,0.58,74095.234375,7,2.1,8.0,0.0,0.0,0.0,0.0,0.0,0.0,1.0
211152,0,1,3400,-53,53,-691,13,18,0.50,69333.335938,0,2.1,9.5,0.0,23111.111328,53,0.0,0.0,0.0,1.0
211401,0,1,3400,-53,53,-688,13,17,0.60,75206.351562,7,2.1,14,0.0,0.0,0.0,0.0,0.0,0.0,1.0
211650,0,1,3400,-53,53,-678,13,19,0.50,48031.746094,0,2.1,15,0.0,0.0,0.0,0.0,0.0,0.0,1.0
211899,0,1,3400,-53,53,-672,12,19,0.50,64444.445312,0,2.1,14,0.0,0.0,0.0,0.0,0.0,0.0,1.0
212148,0,1,3400,-53,53,-680,12,19,0.50,42920.636719,0,2.1,10,0.0,10000.000000,36,0.0,0.0,0.0,1.0
212397,0,1,3400,-53,53,-684,10,18,0.84,52888.890625,9,2.1,0.0,0.0,0.0,0.0,0.0,0.0,0.0,1.0
212646,0,1,3400,-53,53,-681,13,19,0.50,69333.335938,0,2.1,0.0,0.0,0.0,0.0,0.0,0.0,0.0,1.0
212895,0,1,3400,-53,53,-682,13,18,0.50,38725.097656,0,2.1,0.0,0.0,0.0,0.0,0.0,0.0,0.0,1.0
213144,0,1,3400,-53,53,-692,13,18,0.51,85841.273438,6,2.1,3.9,0.0,148634.921875,26,0.0,0.0,0.0,1.0
213393,0,1,3400,-53,53,-687,5.7,17,1.1,42920.636719,15,2.1,8.0,0.0,0.0,0.0,0.0,0.0,0.0,1.0
213642,0,1,3400,-53,53,-689,8.8,18,0.50,75428.570312,0,2.1,8.0,0.0,0.0,0.0,0.0,0.0,0.0,1.0
213891,0,1,3400,-53,53,-689,10,18,0.50,86285.710938,0,2.1,8.0,0.0,0.0,0.0,0.0,0.0,0.0,1.0
214140,0,1,3400,-53,53,-680,13,18,0.71,64380.953125,8,2.1,13,0.0,6666.666504,50,0.0,0.0,0.0,1.0
214389,0,1,3400,-53,53,-680,11,18,0.50,65904.765625,0,2.1,21,0.0,0.0,0.0,0.0,0.0,0.0,1.0
214638,0,1,3400,-53,53,-686,11,17,0.53,69555.554688,0,2.1,21,0.0,0.0,0.0,0.0,0.0,0.0,1.0
214887,0,1,3400,-53,53,-678,12,18,0.54,58603.175781,0,2.1,21,0.0,0.0,0.0,0.0,0.0,0.0,1.0
215136,0,1,3400,-53,53,-679,11,18,0.50,32000.000000,0,2.1,16,0.0,19269.841797,36,0.0,0.0,0.0,1.0
215385,0,1,3400,-53,53,-683,14,18,0.80,53238.093750,0,2.1,0.0,0.0,0.0,0.0,0.0,0.0,0.0,1.0
215634,0,1,3400,-53,53,-684,13,18,0.83,48285.714844,0,2.1,0.0,0.0,0.0,0.0,0.0,0.0,0.0,1.0
215883,0,1,3400,-53,53,-676,16,18,0.50,42158.730469,0,2.1,0.0,0.0,0.0,0.0,0.0,0.0,0.0,1.0
216132,0,1,3400,-53,53,-676,13,18,0.51,59269.839844,0,2.1,4.8,0.0,15460.317383,40,0.0,0.0,0.0,1.0
216381,0,1,3400,-53,53,-678,12,17,0.54,37809.523438,12,2.1,22,0.0,0.0,0.0,0.0,0.0,0.0,1.0
216630,0,1,3400,-53,53,-680,12,18,0.50,53864.542969,0,2.1,21,0.0,0.0,0.0,0.0,0.0,0.0,1.0
216879,0,1,3400,-53,53,-682,17,18,0.90,47523.808594,10,2.1,22,0.0,0.0,0.0,0.0,0.0,0.0,1.0
217128,0,1,3400,-53,53,-690,15,18,0.54,42920.636719,11,2.1,18,0.0,23301.587891,0,0.0,0.0,0.0,1.0
217377,0,1,3400,-53,53,-689,14,18,2.2,26825.396484,17,2.1,14,0.0,0.0,0.0,0.0,0.0,0.0,1.0
217626,0,1,3400,-53,53,-687,13,18,0.56,58507.937500,0,2.1,14,0.0,0.0,0.0,0.0,0.0,0.0,1.0
217875,0,1,3400,-53,53,-684,13,17,1.8,37555.554688,12,2.1,13,0.0,0.0,0.0,0.0,0.0,0.0,1.0
218124,0,1,3400,-53,53,-681,14,18,0.50,74095.234375,0,2.1,14,0.0,23301.587891,0,0.0,0.0,0.0,1.0
218373,0,1,3400,-53,53,-679,13,18,0.50,31365.080078,0,2.1,13,0.0,0.0,0.0,0.0,0.0,0.0,1.0
218622,0,1,3400,-53,53,-676,15,18,0.50,26571.427734,0,2.1,14,0.0,0.0,0.0,0.0,0.0,0.0,1.0
218871,0,1,3400,-53,53,-680,13,18,0.50,64476.191406,0,2.1,14,0.0,0.0,0.0,0.0,0.0,0.0,1.0
219120,0,1,3400,-53,53,-680,7.8,18,0.83,58476.191406,5,2.1,13,0.0,9746.032227,17,0.0,0.0,0.0,1.0
219369,0,1,3400,-53,53,-687,10.0,18,0.50,53650.792969,0,2.1,12,0.0,0.0,0.0,0.0,0.0,0.0,1.0
219618,0,1,3400,-53,53,-684,13,19,0.56,64380.953125,0,2.1,13,0.0,0.0,0.0,0.0,0.0,0.0,1.0
219867,0,1,3400,-53,53,-684,11,18,0.60,32698.412109,14,2.1,12,0.0,0.0,0.0,0.0,0.0,0.0,1.0
220116,0,1,3400,-53,53,-678,14,18,0.53,69768.921875,7,2.1,15,0.0,29800.796875,58,0.0,0.0,0.0,1.0
220365,0,1,3400,-53,53,-671,13,18,0.82,70761.906250,0,2.1,0.87,0.0,6793.650879,33,0.0,0.0,0.0,1.0
220614,0,1,3400,-53,53,-679,13,18,0.50,32190.476562,0,2.1,0.0,0.0,0.0,0.0,0.0,0.0,0.0,1.0
220863,0,1,3400,-53,53,-688,12,18,0.50,58952.382812,0,2.1,0.0,0.0,0.0,0.0,0.0,0.0,0.0,1.0
221112,0,1,3400,-53,53,-684,13,18,0.50,85142.859375,0,2.1,6.9,0.0,258031.750000,54,0.0,0.0,0.0,1.0
221361,0,1,3400,-53,53,-681,13,18,0.60,52857.144531,8,2.1,16,0.0,0.0,0.0,0.0,0.0,0.0,1.0
221610,0,1,3400,-53,53,-680,16,18,0.89,37047.617188,12,2.1,16,0.0,0.0,0.0,0.0,0.0,0.0,1.0
221859,0,1,3400,-53,53,-677,13,18,1.2,63968.253906,8,2.1,16,0.0,0.0,0.0,0.0,0.0,0.0,1.0
222108,0,1,3400,-53,53,-679,13,18,0.58,85111.109375,6,2.1,15,0.0,254857.140625,45,0.0,0.0,0.0,1.0
222357,0,1,3400,-53,53,-680,8.9,18,0.58,76476.187500,0,2.1,16,0.0,0.0,0.0,0.0,0.0,0.0,1.0
222606,0,1,3400,-53,53,-686,13,18,0.81,37555.554688,22,2.1,16,0.0,0.0,0.0,0.0,0.0,0.0,1.0
222855,0,1,3400,-53,53,-683,13,18,0.78,37555.554688,12,2.1,16,0.0,0.0,0.0,0.0,0.0,0.0,1.0
223104,0,1,3400,-53,53,-682,9.6,18,0.51,92111.554688,0,2.1,8.5,0.0,8286.852539,0,0.0,0.0,0.0,1.0
223353,0,1,3400,-53,53,-682,10,17,0.50,63904.761719,0,2.1,0.0,0.0,0.0,0.0,0.0,0.0,0.0,1.0
223602,0,1,3400,-53,53,-684,12,19,0.50,54666.667969,0,2.1,0.0,0.0,0.0,0.0,0.0,0.0,0.0,1.0
223851,0,1,3400,-53,53,-682,13,17,1.2,75206.351562,19,2.1,0.0,0.0,0.0,0.0,0.0,0.0,0.0,1.0
224100,0,1,3400,-53,53,-685,12,18,2.1,52730.160156,9,2.1,3.8,0.0,151587.296875,29,0.0,0.0,0.0,1.0
224349,0,1,3400,-53,53,-677,13,18,0.56,76222.218750,0,2.1,15,0.0,0.0,0.0,0.0,0.0,0.0,1.0
224598,0,1,3400,-53,53,-671,11,18,0.53,71619.046875,0,2.1,14,0.0,0.0,0.0,0.0,0.0,0.0,1.0
224847,0,1,3400,-53,53,-680,13,18,0.77,75619.046875,7,2.1,14,0.0,0.0,0.0,0.0,0.0,0.0,1.0
225096,0,1,3400,-53,53,-690,12,18,0.72,79904.765625,6,2.1,14,0.0,116000.000000,55,0.0,0.0,0.0,1.0
225345,0,1,3400,-53,53,-686,15,17,0.66,81428.570312,6,2.1,16,0.0,0.0,0.0,0.0,0.0,0.0,1.0
225594,0,1,3400,-53,53,-679,12,18,0.50,59015.871094,0,2.1,16,0.0,0.0,0.0,0.0,0.0,0.0,1.0
225843,0,1,3400,-53,53,-680,13,17,0.66,68888.890625,0,2.1,16,0.0,0.0,0.0,0.0,0.0,0.0,1.0
226092,0,1,3400,-53,53,-685,13,19,0.53,48285.714844,0,2.1,10,0.0,10253.967773,57,0.0,0.0,0.0,1.0
226341,0,1,3400,-53,53,-688,13,19,0.50,64380.953125,0,2.1,0.0,0.0,0.0,0.0,0.0,0.0,0.0,1.0
226590,0,1,3400,-53,53,-683,9.7,18,0.50,42539.683594,0,2.1,0.0,0.0,0.0,0.0,0.0,0.0,0.0,1.0
226839,0,1,3400,-53,53,-676,13,17,0.50,43091.632812,0,2.1,0.0,0.0,0.0,0.0,0.0,0.0,0.0,1.0
227088,0,1,3400,-53,53,-685,11,18,0.53,60539.683594,0,2.1,8.9,0.0,6666.666504,50,0.0,0.0,0.0,1.0
227337,0,1,3400,-53,53,-681,12,18,0.60,47873.015625,11,2.1,21,0.0,0.0,0.0,0.0,0.0,0.0,1.0
227586,0,1,3400,-53,53,-680,13,19,0.70,64380.953125,0,2.1,21,0.0,0.0,0.0,0.0,0.0,0.0,1.0
227835,0,1,3400,-53,53,-679,12,17,0.50,48539.683594,0,2.1,21,0.0,0.0,0.0,0.0,0.0,0.0,1.0
228084,0,1,3400,-53,53,-679,12,18,0.50,69936.507812,0,2.1,11,0.0,15333.333008,0,0.0,0.0,0.0,1.0
228333,0,1,3400,-53,53,-680,13,19,0.50,59015.871094,0,2.1,0.0,0.0,0.0,0.0,0.0,0.0,0.0,1.0
228582,0,1,3400,-53,53,-681,13,18,0.50,42920.636719,0,2.1,0.0,0.0,0.0,0.0,0.0,0.0,0.0,1.0
228831,0,1,3400,-53,53,-681,12,18,0.57,58761.906250,0,2.1,0.0,0.0,0.0,0.0,0.0,0.0,0.0,1.0
229080,0,1,3400,-53,53,-683,15,18,0.50,74190.476562,0,2.1,2.1,0.0,23714.285156,36,0.0,0.0,0.0,1.0
229329,0,1,3400,-53,53,-685,11,19,0.50,5206.349121,0,2.1,0.0,0.0,0.0,0.0,0.0,0.0,0.0,1.0
229578,0,1,3400,-53,53,-684,10,17,0.50,50539.683594,0,2.1,0.0,0.0,0.0,0.0,0.0,0.0,0.0,1.0
229827,0,1,3400,-53,53,-684,9.7,18,0.50,101301.585938,0,2.1,0.0,0.0,0.0,0.0,0.0,0.0,0.0,1.0
230076,0,1,3400,-53,53,-679,12,18,0.56,89083.664062,0,2.1,8.9,0.0,6693.227051,50,0.0,0.0,0.0,1.0
230325,0,1,3400,-53,53,-681,7.2,18,1.0,60571.429688,14,2.1,21,0.0,0.0,0.0,0.0,0.0,0.0,1.0
230574,0,1,3400,-53,53,-688,13,18,0.55,80476.187500,0,2.1,21,0.0,0.0,0.0,0.0,0.0,0.0,1.0
230823,0,1,3400,-53,53,-687,14,18,0.89,64634.921875,8,2.1,21,0.0,0.0,0.0,0.0,0.0,0.0,1.0
231072,0,1,3400,-53,53,-682,3.4,18,0.51,84476.187500,0,2.1,12,0.0,16761.904297,0,0.0,0.0,0.0,1.0
231321,0,1,3400,-53,53,-682,12,18,0.50,64888.890625,0,2.1,0.0,0.0,0.0,0.0,0.0,0.0,0.0,1.0
231570,0,1,3400,-53,53,-683,13,18,0.50,64476.191406,0,2.1,0.0,0.0,0.0,0.0,0.0,0.0,0.0,1.0
231819,0,1,3400,-53,53,-678,11,18,0.50,80253.968750,0,2.1,0.0,0.0,0.0,0.0,0.0,0.0,0.0,1.0
232068,0,1,3400,-53,53,-681,13,18,0.50,86095.234375,0,2.1,0.0,0.0,12285.713867,0,0.0,0.0,0.0,1.0
232317,0,1,3400,-53,53,-683,6.8,19,0.50,58444.445312,0,2.1,0.0,0.0,0.0,0.0,0.0,0.0,0.0,1.0
232566,0,1,3400,-53,53,-688,9.9,18,0.50,58793.652344,0,2.1,0.064,0.0,0.0,0.0,0.0,0.0,0.0,1.0
232815,0,1,3400,-53,53,-691,7.0,18,0.50,97111.109375,0,2.1,0.0,0.0,0.0,0.0,0.0,0.0,0.0,1.0
233064,0,1,3400,-53,53,-682,11,18,0.57,59269.839844,8,2.1,0.0,0.0,12285.713867,14,0.0,0.0,0.0,1.0
233313,0,1,3400,-53,53,-686,11,18,0.58,54666.667969,0,2.1,0.0,0.0,0.0,0.0,0.0,0.0,0.0,1.0
233562,0,1,3400,-53,53,-689,14,18,0.50,58000.000000,0,2.1,0.0,0.0,0.0,0.0,0.0,0.0,0.0,1.0
233811,0,1,3400,-53,53,-681,11,18,0.50,42666.667969,0,2.1,0.0,0.0,0.0,0.0,0.0,0.0,0.0,1.0
234060,0,1,3400,-53,53,-678,13,18,0.50,75410.359375,0,2.1,6.5,0.0,23394.421875,0,0.0,0.0,0.0,1.0
234309,0,1,3400,-53,53,-689,13,18,0.50,42920.636719,0,2.1,14,0.0,0.0,0.0,0.0,0.0,0.0,1.0
234558,0,1,3400,-53,53,-680,13,17,0.50,48285.714844,0,2.1,14,0.0,0.0,0.0,0.0,0.0,0.0,1.0
234807,0,1,3400,-53,53,-684,11,17,1.4,44095.238281,10,2.1,14,0.0,0.0,0.0,0.0,0.0,0.0,1.0
235056,0,1,3400,-53,53,-684,14,18,0.50,63873.015625,0,2.1,14,0.0,23301.587891,0,0.0,0.0,0.0,1.0
235305,0,1,3400,-53,53,-683,12,18,0.50,69174.601562,0,2.1,14,0.0,0.0,0.0,0.0,0.0,0.0,1.0
235554,0,1,3400,-53,53,-683,13,18,0.50,58603.175781,0,2.1,14,0.0,0.0,0.0,0.0,0.0,0.0,1.0
235803,0,1,3400,-53,53,-681,13,19,0.58,69746.031250,0,2.1,13,0.0,0.0,0.0,0.0,0.0,0.0,1.0
236052,0,1,3400,-53,53,-686,13,18,0.55,37555.554688,0,2.1,13,0.0,23301.587891,20,0.0,0.0,0.0,1.0
236301,0,1,3400,-53,53,-685,14,18,0.50,74603.171875,0,2.1,12,0.0,0.0,0.0,0.0,0.0,0.0,1.0
236550,0,1,3400,-53,53,-682,13,18,0.50,75410.359375,0,2.1,12,0.0,0.0,0.0,0.0,0.0,0.0,1.0
236799,0,1,3400,-53,53,-680,12,19,0.50,33206.347656,0,2.1,12,0.0,0.0,0.0,0.0,0.0,0.0,1.0
237048,0,1,3400,-53,53,-680,14,18,0.50,47111.109375,0,2.1,10,0.0,23841.269531,50,0.0,0.0,0.0,1.0
237297,0,1,3400,-53,53,-682,8.2,18,0.50,37396.824219,0,2.1,6.0,0.0,0.0,0.0,0.0,0.0,0.0,1.0
237546,0,1,3400,-53,53,-679,11,18,0.50,74603.171875,0,2.1,6.0,0.0,0.0,0.0,0.0,0.0,0.0,1.0
237795,0,1,3400,-53,53,-676,13,19,0.96,48285.714844,10,2.1,6.0,0.0,0.0,0.0,0.0,0.0,0.0,1.0
238044,0,1,3400,-53,53,-686,9.9,18,0.60,42603.175781,17,2.1,10.0,0.0,109523.812500,50,0.0,0.0,0.0,1.0
238293,0,1,3400,-53,53,-692,11,18,0.67,63777.777344,0,2.1,16,0.0,0.0,0.0,0.0,0.0,0.0,1.0
238542,0,1,3400,-53,53,-679,12,18,0.50,70000.000000,0,2.1,16,0.0,0.0,0.0,0.0,0.0,0.0,1.0
238791,0,1,3400,-53,53,-683,13,18,0.64,37841.269531,11,2.1,16,0.0,0.0,0.0,0.0,0.0,0.0,1.0
239040,0,1,3400,-53,53,-685,14,18,0.50,79968.257812,0,2.1,15,0.0,226603.171875,59,0.0,0.0,0.0,1.0
239289,0,1,3400,-53,53,-677,13,18,0.55,91206.351562,6,2.1,16,0.0,0.0,0.0,0.0,0.0,0.0,1.0
239538,0,1,3400,-53,53,-679,12,19,0.50,54412.699219,0,2.1,16,0.0,0.0,0.0,0.0,0.0,0.0,1.0
239787,0,1,3400,-53,53,-687,13,18,0.50,53768.925781,0,2.1,16,0.0,0.0,0.0,0.0,0.0,0.0,1.0
240036,0,1,3400,-53,53,-682,9.5,18,0.57,71238.093750,7,2.1,17,0.0,6666.666504,56,0.0,0.0,0.0,1.0
240285,0,1,3400,-53,53,-673,17,18,0.84,31936.507812,0,2.1,21,0.0,0.0,0.0,0.0,0.0,0.0,1.0
240534,0,1,3400,-53,53,-679,13,19,0.50,75174.601562,0,2.1,21,0.0,0.0,0.0,0.0,0.0,0.0,1.0
240783,0,1,3400,-53,53,-682,15,18,0.50,47365.078125,0,2.1,21,0.0,0.0,0.0,0.0,0.0,0.0,1.0
241032,0,1,3400,-53,53,-686,13,19,1.7,59015.871094,0,2.1,15,0.0,54920.636719,11,0.0,0.0,0.0,1.0
241281,0,1,3400,-53,53,-690,13,18,0.50,42920.636719,0,2.1,0.0,0.0,0.0,0.0,0.0,0.0,0.0,1.0
241530,0,1,3400,-53,53,-680,10,18,0.50,48126.984375,0,2.1,0.0,0.0,0.0,0.0,0.0,0.0,0.0,1.0
241779,0,1,3400,-53,53,-676,13,18,0.50,10730.159180,0,2.1,0.0,0.0,0.0,0.0,0.0,0.0,0.0,1.0
242028,0,1,3400,-53,53,-683,13,18,0.50,37555.554688,0,2.1,0.0,0.0,12158.730469,0,0.0,0.0,0.0,1.0
242277,0,1,3400,-53,53,-687,11,18,0.50,74603.171875,0,2.1,0.0,0.0,0.0,0.0,0.0,0.0,0.0,1.0
242526,0,1,3400,-53,53,-687,13,17,0.50,58031.746094,0,2.1,0.0,0.0,0.0,0.0,0.0,0.0,0.0,1.0
242775,0,1,3400,-53,53,-681,15,18,0.50,37047.617188,0,2.1,0.0,0.0,0.0,0.0,0.0,0.0,0.0,1.0
243024,0,1,3400,-53,53,-673,13,18,0.56,38126.984375,11,2.1,4.3,0.0,23301.587891,0,0.0,0.0,0.0,1.0
243273,0,1,3400,-53,53,-679,9.3,17,0.66,53555.554688,0,2.1,14,0.0,0.0,0.0,0.0,0.0,0.0,1.0
243522,0,1,3400,-53,53,-683,13,19,0.50,75282.867188,0,2.1,13,0.0,0.0,0.0,0.0,0.0,0.0,1.0
243771,0,1,3400,-53,53,-684,14,17,0.50,31873.015625,0,2.1,14,0.0,0.0,0.0,0.0,0.0,0.0,1.0
244020,0,1,3400,-53,53,-685,11,18,0.78,66158.726562,8,2.1,14,0.0,23301.587891,0,0.0,0.0,0.0,1.0
244269,0,1,3400,-53,53,-676,11,18,0.56,64158.730469,0,2.1,14,0.0,0.0,0.0,0.0,0.0,0.0,1.0
244518,0,1,3400,-53,53,-677,14,18,0.50,79968.257812,0,2.1,14,0.0,0.0,0.0,0.0,0.0,0.0,1.0
244767,0,1,3400,-53,53,-682,11,18,0.50,63492.062500,0,2.1,13,0.0,0.0,0.0,0.0,0.0,0.0,1.0
245016,0,1,3400,-53,53,-683,11,19,0.85,44571.429688,9,2.1,14,0.0,23301.587891,0,0.0,0.0,0.0,1.0
245265,0,1,3400,-53,53,-683,12,18,1.1,52984.128906,10,2.1,14,0.0,0.0,0.0,0.0,0.0,0.0,1.0
245514,0,1,3400,-53,53,-686,16,17,0.70,68476.187500,13,2.1,14,0.0,0.0,0.0,0.0,0.0,0.0,1.0
245763,0,1,3400,-53,53,-682,13,18,0.75,91206.351562,0,2.1,14,0.0,0.0,0.0,0.0,0.0,0.0,1.0
246012,0,1,3400,-53,53,-681,13,19,0.50,68825.398438,0,2.1,13,0.0,89873.015625,27,0.0,0.0,0.0,1.0
246261,0,1,3400,-53,53,-684,13,18,0.50,54412.699219,0,2.1,11,0.0,0.0,0.0,0.0,0.0,0.0,1.0
246510,0,1,3400,-53,53,-680,13,18,0.50,90793.648438,0,2.1,11,0.0,0.0,0.0,0.0,0.0,0.0,1.0
246759,0,1,3400,-53,53,-682,13,18,0.50,48478.085938,0,2.1,11,0.0,0.0,0.0,0.0,0.0,0.0,1.0
247008,0,1,3400,-53,53,-683,13,19,0.50,53650.792969,0,2.1,5.7,0.0,7841.270020,0,0.0,0.0,0.0,1.0
247257,0,1,3400,-53,53,-682,13,18,0.50,48222.222656,0,2.1,0.0,0.0,0.0,0.0,0.0,0.0,0.0,1.0
247506,0,1,3400,-53,53,-682,17,18,0.50,58253.968750,0,2.1,0.0,0.0,0.0,0.0,0.0,0.0,0.0,1.0
247755,0,1,3400,-53,53,-675,12,18,0.52,64730.160156,0,2.1,0.0,0.0,0.0,0.0,0.0,0.0,0.0,1.0
248004,0,1,3400,-53,53,-678,11,18,0.96,53333.332031,8,2.1,2.1,0.0,23714.285156,36,0.0,0.0,0.0,1.0
248253,0,1,3400,-53,53,-675,13,18,0.50,42920.636719,0,2.1,0.0,0.0,0.0,0.0,0.0,0.0,0.0,1.0
248502,0,1,3400,-53,53,-673,14,18,0.50,48031.746094,0,2.1,0.0,0.0,0.0,0.0,0.0,0.0,0.0,1.0
248751,0,1,3400,-53,53,-682,13,18,0.50,70253.968750,0,2.1,0.0,0.0,0.0,0.0,0.0,0.0,0.0,1.0
249000,0,1,3400,-53,53,-686,6.2,18,0.50,83587.304688,0,2.1,0.82,0.0,20825.396484,33,0.0,0.0,0.0,1.0
249249,0,1,3400,-53,53,-684,11,17,0.50,74698.414062,0,2.1,0.0,0.0,0.0,0.0,0.0,0.0,0.0,1.0
249498,0,1,3400,-53,53,-678,4.3,18,0.50,37333.332031,0,2.1,0.0,0.0,0.0,0.0,0.0,0.0,0.0,1.0
249747,0,1,3400,-53,53,-675,13,17,0.50,53650.792969,0,2.1,0.0,0.0,0.0,0.0,0.0,0.0,0.0,1.0
249996,0,1,3400,-53,53,-677,13,18,0.50,43091.632812,0,2.1,0.0,0.0,8159.362793,0,0.0,0.0,0.0,1.0
250245,0,1,3400,-53,53,-673,10,18,0.50,32698.412109,0,2.1,0.0,0.0,0.0,0.0,0.0,0.0,0.0,1.0
250494,0,1,3400,-53,53,-677,14,18,0.50,63206.347656,0,2.1,0.0,0.0,0.0,0.0,0.0,0.0,0.0,1.0
250743,0,1,3400,-53,53,-686,8.9,18,0.50,48253.968750,0,2.1,0.0,0.0,0.0,0.0,0.0,0.0,0.0,1.0
250992,0,1,3400,-53,53,-677,14,18,0.54,69269.843750,0,2.1,2.2,0.0,16888.888672,0,0.0,0.0,0.0,1.0
251241,0,1,3400,-53,53,-687,12,19,0.50,43015.871094,0,2.1,0.0,0.0,0.0,0.0,0.0,0.0,0.0,1.0
251490,0,1,3400,-53,53,-687,11,18,0.50,47746.031250,0,2.1,0.0,0.0,0.0,0.0,0.0,0.0,0.0,1.0
251739,0,1,3400,-53,53,-682,13,18,0.70,42920.636719,11,2.1,0.0,0.0,0.0,0.0,0.0,0.0,0.0,1.0
251988,0,1,3400,-53,53,-682,13,18,0.50,43428.570312,0,2.1,5.5,0.0,6666.666504,50,0.0,0.0,0.0,1.0
252237,0,1,3400,-53,53,-679,13,18,0.50,59015.871094,0,2.1,21,0.0,0.0,0.0,0.0,0.0,0.0,1.0
252486,0,1,3400,-53,53,-678,12,18,0.50,42603.175781,0,2.1,21,0.0,0.0,0.0,0.0,0.0,0.0,1.0
252735,0,1,3400,-53,53,-678,8.0,18,0.56,74952.382812,0,2.1,21,0.0,0.0,0.0,0.0,0.0,0.0,1.0
252984,0,1,3400,-53,53,-681,10,18,0.72,43238.093750,8,2.1,14,0.0,17777.777344,0,0.0,0.0,0.0,1.0
253233,0,1,3400,-53,53,-681,13,18,0.50,59250.996094,0,2.1,0.0,0.0,0.0,0.0,0.0,0.0,0.0,1.0
253482,0,1,3400,-53,53,-684,9.6,18,0.50,64000.000000,0,2.1,0.0,0.0,0.0,0.0,0.0,0.0,0.0,1.0
253731,0,1,3400,-53,53,-684,8.9,18,0.50,42888.890625,0,2.1,0.0,0.0,0.0,0.0,0.0,0.0,0.0,1.0
253980,0,1,3400,-53,53,-680,12,18,0.50,63841.269531,0,2.1,5.7,0.0,9746.032227,0,0.0,0.0,0.0,1.0
254229,0,1,3400,-53,53,-686,11,18,0.50,74666.664062,0,2.1,12,0.0,0.0,0.0,0.0,0.0,0.0,1.0
254478,0,1,3400,-53,53,-683,13,18,0.50,53650.792969,0,2.1,12,0.0,0.0,0.0,0.0,0.0,0.0,1.0
254727,0,1,3400,-53,53,-687,13,18,0.53,43428.570312,11,2.1,12,0.0,0.0,0.0,0.0,0.0,0.0,1.0
254976,0,1,3400,-53,53,-677,6.7,19,0.50,47650.792969,0,2.1,13,0.0,23301.587891,0,0.0,0.0,0.0,1.0
255225,0,1,3400,-53,53,-675,13,19,0.50,26825.396484,0,2.1,13,0.0,0.0,0.0,0.0,0.0,0.0,1.0
255474,0,1,3400,-53,53,-679,12,18,0.57,31873.015625,0,2.1,14,0.0,0.0,0.0,0.0,0.0,0.0,1.0
255723,0,1,3400,-53,53,-677,12,18,0.92,37428.570312,12,2.1,14,0.0,0.0,0.0,0.0,0.0,0.0,1.0
255972,0,1,3400,-53,53,-673,12,19,0.50,48539.683594,0,2.1,14,0.0,0.0,80,0.0,0.0,0.0,1.0
256221,0,1,3400,-53,53,-684,14,18,0.54,74095.234375,7,2.1,15,0.0,0.0,0.0,0.0,0.0,0.0,1.0
256470,0,1,3400,-53,53,-688,12,18,0.52,70857.140625,0,2.1,15,0.0,0.0,0.0,0.0,0.0,0.0,1.0
256719,0,1,3400,-53,53,-680,9.4,18,0.99,63936.253906,7,2.1,15,0.0,0.0,0.0,0.0,0.0,0.0,1.0
256968,0,1,3400,-53,53,-684,12,17,0.76,32190.476562,14,2.1,17,0.0,6666.666504,50,0.0,0.0,0.0,1.0
257217,0,1,3400,-53,53,-685,14,18,0.50,85841.273438,0,2.1,21,0.0,0.0,0.0,0.0,0.0,0.0,1.0
257466,0,1,3400,-53,53,-690,13,18,0.50,59015.871094,0,2.1,21,0.0,0.0,0.0,0.0,0.0,0.0,1.0
257715,0,1,3400,-53,53,-690,11,18,0.61,74476.187500,5,2.1,21,0.0,0.0,0.0,0.0,0.0,0.0,1.0
257964,0,1,3400,-53,53,-681,13,18,0.50,59015.871094,0,2.1,15,0.0,19746.031250,0,0.0,0.0,0.0,1.0
258213,0,1,3400,-53,53,-688,14,19,1.0,54952.382812,8,2.1,9.5,0.0,0.0,0.0,0.0,0.0,0.0,1.0
258462,0,1,3400,-53,53,-687,7.1,18,0.50,48253.968750,0,2.1,9.5,0.0,0.0,0.0,0.0,0.0,0.0,1.0
258711,0,1,3400,-53,53,-691,16,17,0.74,42000.000000,12,2.1,9.5,0.0,0.0,0.0,0.0,0.0,0.0,1.0
258960,0,1,3400,-53,53,-680,13,18,1.6,53650.792969,0,2.1,11,0.0,23301.587891,0,0.0,0.0,0.0,1.0
259209,0,1,3400,-53,53,-677,12,18,0.50,43428.570312,0,2.1,14,0.0,0.0,0.0,0.0,0.0,0.0,1.0
259458,0,1,3400,-53,53,-675,13,17,0.51,74698.414062,0,2.1,14,0.0,0.0,0.0,0.0,0.0,0.0,1.0
259707,0,1,3400,-53,53,-685,5.4,17,0.77,48095.238281,5,2.1,13,0.0,0.0,0.0,0.0,0.0,0.0,1.0
259956,0,1,3400,-53,53,-686,9.6,18,0.61,47650.792969,0,2.1,14,0.0,23301.587891,0,0.0,0.0,0.0,1.0
260205,0,1,3400,-53,53,-681,14,18,0.50,47681.273438,0,2.1,14,0.0,0.0,0.0,0.0,0.0,0.0,1.0
260454,0,1,3400,-53,53,-674,12,18,0.50,49047.617188,0,2.1,14,0.0,0.0,0.0,0.0,0.0,0.0,1.0
260703,0,1,3400,-53,53,-675,13,19,0.50,32190.476562,0,2.1,13,0.0,0.0,0.0,0.0,0.0,0.0,1.0
260952,0,1,3400,-53,53,-686,12,18,0.50,38063.492188,0,2.1,14,0.0,0.0,80,0.0,0.0,0.0,1.0
261201,0,1,3400,-53,53,-678,14,18,0.50,47523.808594,0,2.1,15,0.0,0.0,0.0,0.0,0.0,0.0,1.0
261450,0,1,3400,-53,53,-676,14,18,0.50,69746.031250,0,2.1,15,0.0,0.0,0.0,0.0,0.0,0.0,1.0
261699,0,1,3400,-53,53,-678,13,18,0.50,87619.046875,0,2.1,15,0.0,0.0,0.0,0.0,0.0,0.0,1.0
261948,0,1,3400,-53,53,-678,7.3,18,0.52,73238.093750,0,2.1,9.8,0.0,12952.380859,50,0.0,0.0,0.0,1.0
262197,0,1,3400,-53,53,-683,12,18,0.50,53650.792969,0,2.1,0.0,0.0,0.0,0.0,0.0,0.0,0.0,1.0
262446,0,1,3400,-53,53,-691,13,18,1.3,32190.476562,14,2.1,0.0,0.0,0.0,0.0,0.0,0.0,0.0,1.0
262695,0,1,3400,-53,53,-691,11,18,0.50,86126.984375,0,2.1,0.0,0.0,0.0,0.0,0.0,0.0,0.0,1.0
262944,0,1,3400,-53,53,-691,13,18,0.77,32190.476562,14,2.1,2.6,40,0.0,80,0.0,0.0,0.0,1.0
263193,0,1,3400,-53,53,-682,13,19,0.50,32190.476562,0,2.1,8.0,40,0.0,0.0,0.0,0.0,0.0,1.0
263442,0,1,3400,-53,53,-681,13,19,0.50,69746.031250,0,2.1,4.3,0.0,7047.619141,33,0.0,0.0,0.0,1.0
263691,0,1,3400,-53,53,-684,13,18,0.99,75410.359375,12,2.1,4.0,0.0,0.0,0.0,0.0,0.0,0.0,1.0
263940,0,1,3400,-53,53,-685,12,17,0.82,59269.839844,0,2.1,11,0.0,6666.666504,50,0.0,0.0,0.0,1.0
264189,0,1,3400,-53,53,-677,12,18,0.50,80349.203125,0,2.1,21,0.0,0.0,0.0,0.0,0.0,0.0,1.0
264438,0,1,3400,-53,53,-676,13,17,1.5,37396.824219,20,2.1,21,0.0,0.0,0.0,0.0,0.0,0.0,1.0
264687,0,1,3400,-53,53,-681,15,18,1.7,27333.333984,0,2.1,21,0.0,0.0,0.0,0.0,0.0,0.0,1.0
264936,0,1,3400,-53,53,-688,9.5,18,0.50,105841.273438,0,2.1,15,0.0,23809.523438,0,0.0,0.0,0.0,1.0
265185,0,1,3400,-53,53,-685,11,18,0.52,64000.000000,0,2.1,9.5,0.0,0.0,0.0,0.0,0.0,0.0,1.0
265434,0,1,3400,-53,53,-686,13,18,0.84,59015.871094,0,2.1,9.5,0.0,0.0,0.0,0.0,0.0,0.0,1.0
265683,0,1,3400,-53,53,-685,12,19,0.50,64698.414062,0,2.1,9.5,0.0,0.0,0.0,0.0,0.0,0.0,1.0
265932,0,1,3400,-53,53,-678,11,18,0.53,59460.316406,8,2.1,11,0.0,18476.191406,62,0.0,0.0,0.0,1.0
266181,0,1,3400,-53,53,-675,15,18,1.2,37047.617188,30,2.1,12,0.0,0.0,0.0,0.0,0.0,0.0,1.0
266430,0,1,3400,-53,53,-677,15,18,0.67,79301.585938,0,2.1,12,0.0,0.0,0.0,0.0,0.0,0.0,1.0
266679,0,1,3400,-53,53,-677,9.4,19,0.55,47587.300781,0,2.1,12,0.0,0.0,0.0,0.0,0.0,0.0,1.0
266928,0,1,3400,-53,53,-680,9.3,18,0.55,80988.046875,0,2.1,15,0.0,6693.227051,50,0.0,0.0,0.0,1.0
267177,0,1,3400,-53,53,-679,13,18,0.50,42920.636719,0,2.1,21,0.0,0.0,0.0,0.0,0.0,0.0,1.0
267426,0,1,3400,-53,53,-684,16,19,0.50,63873.015625,0,2.1,21,0.0,0.0,0.0,0.0,0.0,0.0,1.0
267675,0,1,3400,-53,53,-682,15,18,0.64,76825.398438,6,2.1,21,0.0,0.0,0.0,0.0,0.0,0.0,1.0
267924,0,1,3400,-53,53,-685,14,18,0.54,63206.347656,8,2.1,13,0.0,29968.253906,33,0.0,0.0,0.0,1.0
268173,0,1,3400,-53,53,-683,16,17,0.50,53650.792969,0,2.1,0.0,0.0,0.0,0.0,0.0,0.0,0.0,1.0
268422,0,1,3400,-53,53,-684,13,19,0.50,53650.792969,0,2.1,0.0,0.0,0.0,0.0,0.0,0.0,0.0,1.0
268671,0,1,3400,-53,53,-679,12,18,0.51,80412.695312,0,2.1,0.0,0.0,0.0,0.0,0.0,0.0,0.0,1.0
268920,0,1,3400,-53,53,-678,14,18,0.53,69777.781250,7,2.1,0.0,0.0,8000.000000,0,0.0,0.0,0.0,1.0
269169,0,1,3400,-53,53,-684,13,18,0.50,48285.714844,0,2.1,0.0,0.0,0.0,0.0,0.0,0.0,0.0,1.0
269418,0,1,3400,-53,53,-678,13,19,0.50,59047.617188,0,2.1,0.0,0.0,0.0,0.0,0.0,0.0,0.0,1.0
269667,0,1,3400,-53,53,-681,13,19,0.50,64634.921875,0,2.1,0.0,0.0,0.0,0.0,0.0,0.0,0.0,1.0
269916,0,1,3400,-53,53,-684,13,18,0.54,69746.031250,7,2.1,6.4,0.0,23301.587891,0,0.0,0.0,0.0,1.0
270165,0,1,3400,-53,53,-679,16,18,0.53,80286.851562,0,2.1,13,0.0,0.0,0.0,0.0,0.0,0.0,1.0
270414,0,1,3400,-53,53,-678,13,18,0.50,53650.792969,0,2.1,14,0.0,0.0,0.0,0.0,0.0,0.0,1.0
270663,0,1,3400,-53,53,-682,13,18,0.86,75111.109375,7,2.1,14,0.0,0.0,0.0,0.0,0.0,0.0,1.0
270912,0,1,3400,-53,53,-674,10,18,0.60,85460.320312,5,2.1,14,40,0.0,80,0.0,0.0,0.0,1.0
271161,0,1,3400,-53,53,-673,13,18,0.50,48285.714844,0,2.1,16,40,0.0,0.0,0.0,0.0,0.0,1.0
271410,0,1,3400,-53,53,-682,12,18,0.85,69746.031250,7,2.1,5.3,0.0,8603.174805,50,0.0,0.0,0.0,1.0
271659,0,1,3400,-53,53,-691,13,18,1.5,74698.414062,7,2.1,4.0,0.0,0.0,0.0,0.0,0.0,0.0,1.0
271908,0,1,3400,-53,53,-688,13,17,0.50,63968.253906,0,2.1,2.0,0.0,8095.238281,0,0.0,0.0,0.0,1.0
272157,0,1,3400,-53,53,-684,12,18,0.50,58412.699219,0,2.1,0.0,0.0,0.0,0.0,0.0,0.0,0.0,1.0
272406,0,1,3400,-53,53,-677,14,19,0.50,42920.636719,0,2.1,0.0,0.0,0.0,0.0,0.0,0.0,0.0,1.0
272655,0,1,3400,-53,53,-688,12,17,0.50,64444.445312,0,2.1,0.0,0.0,0.0,0.0,0.0,0.0,0.0,1.0
272904,0,1,3400,-53,53,-686,12,18,0.50,58761.906250,0,2.1,2.0,0.0,9746.032227,57,0.0,0.0,0.0,1.0
273153,0,1,3400,-53,53,-673,13,18,0.50,64380.953125,0,2.1,0.0,0.0,0.0,0.0,0.0,0.0,0.0,1.0
273402,0,1,3400,-53,53,-681,13,19,0.50,26825.396484,0,2.1,0.0,0.0,0.0,0.0,0.0,0.0,0.0,1.0
273651,0,1,3400,-53,53,-678,12,19,0.50,37960.160156,0,2.1,0.0,0.0,0.0,0.0,0.0,0.0,0.0,1.0
273900,0,1,3400,-53,53,-681,12,18,0.57,75206.351562,7,2.1,8.9,0.0,6666.666504,50,0.0,0.0,0.0,1.0
274149,0,1,3400,-53,53,-683,9.8,18,0.87,32031.746094,0,2.1,21,0.0,0.0,0.0,0.0,0.0,0.0,1.0
274398,0,1,3400,-53,53,-679,11,17,0.68,64317.460938,7,2.1,21,0.0,0.0,0.0,0.0,0.0,0.0,1.0
274647,0,1,3400,-53,53,-681,13,19,0.50,53650.792969,0,2.1,21,0.0,0.0,0.0,0.0,0.0,0.0,1.0
274896,0,1,3400,-53,53,-683,12,18,0.50,49809.523438,0,2.1,16,0.0,23301.587891,0,0.0,0.0,0.0,1.0
275145,0,1,3400,-53,53,-688,14,18,0.52,63492.062500,0,2.1,10,0.0,0.0,0.0,0.0,0.0,0.0,1.0
275394,0,1,3400,-53,53,-685,9.5,17,0.70,54761.906250,6,2.1,10,0.0,0.0,0.0,0.0,0.0,0.0,1.0
275643,0,1,3400,-53,53,-683,11,18,0.50,70698.414062,0,2.1,11,0.0,0.0,0.0,0.0,0.0,0.0,1.0
275892,0,1,3400,-53,53,-686,8.1,18,0.50,42380.953125,0,2.1,11,0.0,0.0,80,0.0,0.0,0.0,1.0
276141,0,1,3400,-53,53,-684,9.8,18,0.50,53746.031250,0,2.1,14,0.0,0.0,0.0,0.0,0.0,0.0,1.0
276390,0,1,3400,-53,53,-680,13,18,0.50,37555.554688,0,2.1,14,0.0,0.0,0.0,0.0,0.0,0.0,1.0
276639,0,1,3400,-53,53,-680,14,18,0.50,42412.699219,0,2.1,14,0.0,0.0,0.0,0.0,0.0,0.0,1.0
276888,0,1,3400,-53,53,-684,14,18,0.50,58761.906250,0,2.1,7.0,0.0,8095.238281,0,0.0,0.0,0.0,1.0
277137,0,1,3400,-53,53,-673,12,18,0.71,90007.968750,6,2.1,0.0,0.0,0.0,0.0,0.0,0.0,0.0,1.0
277386,0,1,3400,-53,53,-672,10,18,0.50,74920.632812,0,2.1,0.0,0.0,0.0,0.0,0.0,0.0,0.0,1.0
277635,0,1,3400,-53,53,-681,12,18,0.50,96095.234375,0,2.1,0.0,0.0,0.0,0.0,0.0,0.0,0.0,1.0
277884,0,1,3400,-53,53,-684,12,18,0.50,54412.699219,0,2.1,0.0,0.0,13587.301758,0,0.0,0.0,0.0,1.0
278133,0,1,3400,-53,53,-682,13,17,0.85,42920.636719,11,2.1,0.0,0.0,0.0,0.0,0.0,0.0,0.0,1.0
278382,0,1,3400,-53,53,-681,8.3,17,1.2,57682.539062,19,2.1,0.0,0.0,0.0,0.0,0.0,0.0,0.0,1.0
278631,0,1,3400,-53,53,-684,11,18,0.67,59301.585938,8,2.1,0.0,0.0,0.0,0.0,0.0,0.0,0.0,1.0
278880,0,1,3400,-53,53,-677,12,18,0.75,70571.429688,12,2.1,5.5,0.0,18888.888672,33,0.0,0.0,0.0,1.0
279129,0,1,3400,-53,53,-682,12,19,0.50,54158.730469,0,2.1,12,0.0,0.0,0.0,0.0,0.0,0.0,1.0
279378,0,1,3400,-53,53,-686,12,18,0.50,54412.699219,0,2.1,12,0.0,0.0,0.0,0.0,0.0,0.0,1.0
279627,0,1,3400,-53,53,-680,13,18,0.50,80063.492188,0,2.1,12,0.0,0.0,0.0,0.0,0.0,0.0,1.0
279876,0,1,3400,-53,53,-681,11,18,0.85,80444.445312,6,2.1,13,0.0,23301.587891,0,0.0,0.0,0.0,1.0
280125,0,1,3400,-53,53,-676,13,18,0.50,42412.699219,0,2.1,14,0.0,0.0,0.0,0.0,0.0,0.0,1.0
280374,0,1,3400,-53,53,-673,13,18,0.56,61800.796875,8,2.1,13,0.0,0.0,0.0,0.0,0.0,0.0,1.0
280623,0,1,3400,-53,53,-675,5.7,19,0.50,37142.855469,0,2.1,14,0.0,0.0,0.0,0.0,0.0,0.0,1.0
280872,0,1,3400,-53,53,-685,7.5,18,0.50,10730.159180,0,2.1,14,0.0,0.0,0.0,0.0,0.0,0.0,1.0
281121,0,1,3400,-53,53,-689,12,18,0.53,69746.031250,0,2.1,14,0.0,23301.587891,0,0.0,0.0,0.0,1.0
281370,0,1,3400,-53,53,-685,9.5,19,0.50,21206.349609,0,2.1,14,0.0,0.0,0.0,0.0,0.0,0.0,1.0
281619,0,1,3400,-53,53,-675,13,18,0.50,90793.648438,0,2.1,13,0.0,0.0,0.0,0.0,0.0,0.0,1.0
281868,0,1,3400,-53,53,-683,15,19,0.50,73714.289062,0,2.1,11,0.0,23841.269531,36,0.0,0.0,0.0,1.0
282117,0,1,3400,-53,53,-683,13,18,0.50,55174.601562,0,2.1,0.0,0.0,0.0,0.0,0.0,0.0,0.0,1.0
282366,0,1,3400,-53,53,-681,14,18,0.56,48285.714844,0,2.1,0.0,0.0,0.0,0.0,0.0,0.0,0.0,1.0
282615,0,1,3400,-53,53,-678,11,19,1.1,37301.585938,22,2.1,0.0,0.0,0.0,0.0,0.0,0.0,0.0,1.0
282864,0,1,3400,-53,53,-679,8.3,18,0.50,53079.363281,0,2.1,6.4,0.0,23301.587891,0,0.0,0.0,0.0,1.0
283113,0,1,3400,-53,53,-682,4.7,18,0.94,27079.365234,17,2.1,14,0.0,0.0,0.0,0.0,0.0,0.0,1.0
283362,0,1,3400,-53,53,-685,13,18,0.70,75410.359375,7,2.1,14,0.0,0.0,0.0,0.0,0.0,0.0,1.0
283611,0,1,3400,-53,53,-685,13,18,0.60,53650.792969,0,2.1,14,0.0,0.0,0.0,0.0,0.0,0.0,1.0
283860,0,1,3400,-53,53,-687,13,19,0.50,75111.109375,0,2.1,13,0.0,23301.587891,0,0.0,0.0,0.0,1.0
284109,0,1,3400,-53,53,-684,13,18,0.64,54222.222656,8,2.1,14,0.0,0.0,0.0,0.0,0.0,0.0,1.0
284358,0,1,3400,-53,53,-674,8.6,18,1.7,75682.539062,0,2.1,14,0.0,0.0,0.0,0.0,0.0,0.0,1.0
284607,0,1,3400,-53,53,-672,10,18,0.61,59523.808594,6,2.1,14,0.0,0.0,0.0,0.0,0.0,0.0,1.0
284856,0,1,3400,-53,53,-680,13,18,0.60,42253.968750,0,2.1,14,0.0,12507.936523,0,0.0,0.0,0.0,1.0
285105,0,1,3400,-53,53,-690,15,18,0.74,69079.367188,8,2.1,14,0.0,0.0,0.0,0.0,0.0,0.0,1.0
285354,0,1,3400,-53,53,-682,16,18,0.50,47809.523438,0,2.1,14,0.0,0.0,0.0,0.0,0.0,0.0,1.0
285603,0,1,3400,-53,53,-673,11,19,0.50,42603.175781,0,2.1,14,0.0,0.0,0.0,0.0,0.0,0.0,1.0
285852,0,1,3400,-53,53,-682,12,17,0.50,59365.078125,0,2.1,14,0.0,12507.936523,0,0.0,0.0,0.0,1.0
286101,0,1,3400,-53,53,-681,5.2,18,0.52,65238.093750,0,2.1,14,0.0,0.0,0.0,0.0,0.0,0.0,1.0
286350,0,1,3400,-53,53,-680,13,19,0.50,37142.855469,0,2.1,14,0.0,0.0,0.0,0.0,0.0,0.0,1.0
286599,0,1,3400,-53,53,-680,13,18,0.90,53650.792969,0,2.1,14,0.0,0.0,0.0,0.0,0.0,0.0,1.0
286848,0,1,3400,-53,53,-681,14,18,0.75,91059.757812,6,2.1,14,0.0,23394.421875,0,0.0,0.0,0.0,1.0
287097,0,1,3400,-53,53,-684,12,17,0.50,69460.320312,0,2.1,14,0.0,0.0,0.0,0.0,0.0,0.0,1.0
287346,0,1,3400,-53,53,-684,17,18,0.99,47111.109375,11,2.1,14,0.0,0.0,0.0,0.0,0.0,0.0,1.0
287595,0,1,3400,-53,53,-691,12,18,0.58,63809.523438,0,2.1,14,0.0,0.0,0.0,0.0,0.0,0.0,1.0
287844,0,1,3400,-53,53,-682,13,18,0.56,37555.554688,0,2.1,13,0.0,0.0,80,0.0,0.0,0.0,1.0
288093,0,1,3400,-53,53,-671,13,18,0.50,68158.726562,0,2.1,14,0.0,0.0,0.0,0.0,0.0,0.0,1.0
288342,0,1,3400,-53,53,-675,13,18,0.50,48285.714844,0,2.1,14,0.0,0.0,0.0,0.0,0.0,0.0,1.0
288591,0,1,3400,-53,53,-684,15,17,0.96,47523.808594,18,2.1,14,0.0,0.0,0.0,0.0,0.0,0.0,1.0
288840,0,1,3400,-53,53,-693,13,18,0.82,48793.652344,18,2.1,14,0.0,123746.031250,52,0.0,0.0,0.0,1.0
289089,0,1,3400,-53,53,-685,8.8,18,0.86,32031.746094,12,2.1,16,0.0,0.0,0.0,0.0,0.0,0.0,1.0
289338,0,1,3400,-53,53,-681,13,18,0.50,43174.601562,0,2.1,16,0.0,0.0,0.0,0.0,0.0,0.0,1.0
289587,0,1,3400,-53,53,-690,13,18,0.50,75111.109375,0,2.1,16,0.0,0.0,0.0,0.0,0.0,0.0,1.0
289836,0,1,3400,-53,53,-681,15,19,0.50,63206.347656,0,2.1,15,0.0,114603.171875,59,0.0,0.0,0.0,1.0
290085,0,1,3400,-53,53,-687,13,17,0.60,59015.871094,8,2.1,16,0.0,0.0,0.0,0.0,0.0,0.0,1.0
290334,0,1,3400,-53,53,-682,13,19,0.50,64380.953125,0,2.1,16,0.0,0.0,0.0,0.0,0.0,0.0,1.0
290583,0,1,3400,-53,53,-685,11,18,0.50,96478.085938,0,2.1,16,0.0,0.0,0.0,0.0,0.0,0.0,1.0
290832,0,1,3400,-53,53,-679,13,18,0.50,80063.492188,0,2.1,15,0.0,85333.335938,0,0.0,0.0,0.0,1.0
291081,0,1,3400,-53,53,-687,13,18,0.50,58952.382812,0,2.1,14,0.0,0.0,0.0,0.0,0.0,0.0,1.0
291330,0,1,3400,-53,53,-686,13,18,0.50,74698.414062,0,2.1,14,0.0,0.0,0.0,0.0,0.0,0.0,1.0
291579,0,1,3400,-53,53,-675,13,18,0.50,85269.843750,0,2.1,14,0.0,0.0,0.0,0.0,0.0,0.0,1.0
291828,0,1,3400,-53,53,-676,13,18,0.50,37555.554688,0,2.1,10.0,0.0,29206.349609,31,0.0,0.0,0.0,1.0
292077,0,1,3400,-53,53,-673,6.8,18,0.50,63904.761719,0,2.1,0.0,0.0,0.0,0.0,0.0,0.0,0.0,1.0
292326,0,1,3400,-53,53,-668,11,18,0.50,42507.937500,0,2.1,0.0,0.0,0.0,0.0,0.0,0.0,0.0,1.0
292575,0,1,3400,-53,53,-676,9.9,18,0.50,84444.445312,0,2.1,0.0,0.0,0.0,0.0,0.0,0.0,0.0,1.0
292824,0,1,3400,-53,53,-686,14,19,1.2,36539.683594,12,2.1,6.2,0.0,6539.682617,50,0.0,0.0,0.0,1.0
293073,0,1,3400,-53,53,-686,13,18,0.50,42920.636719,0,2.1,14,0.0,0.0,0.0,0.0,0.0,0.0,1.0
293322,0,1,3400,-53,53,-684,12,17,1.0,48222.222656,17,2.1,14,0.0,0.0,0.0,0.0,0.0,0.0,1.0
293571,0,1,3400,-53,53,-681,13,18,0.71,58666.667969,8,2.1,14,0.0,0.0,0.0,0.0,0.0,0.0,1.0
293820,0,1,3400,-53,53,-682,13,18,0.50,53800.796875,0,2.1,7.1,0.0,8127.490234,0,0.0,0.0,0.0,1.0
294069,0,1,3400,-53,53,-680,15,18,0.89,42666.667969,11,2.1,0.0,0.0,0.0,0.0,0.0,0.0,0.0,1.0
294318,0,1,3400,-53,53,-685,13,19,0.50,69746.031250,0,2.1,0.0,0.0,0.0,0.0,0.0,0.0,0.0,1.0
294567,0,1,3400,-53,53,-686,9.4,18,1.1,96095.234375,4,2.1,0.0,0.0,0.0,0.0,0.0,0.0,0.0,1.0
294816,0,1,3400,-53,53,-689,9.0,18,0.50,32126.984375,0,2.1,0.82,0.0,11777.777344,36,0.0,0.0,0.0,1.0
295065,0,1,3400,-53,53,-686,11,17,0.83,39650.792969,10,2.1,0.0,0.0,0.0,0.0,0.0,0.0,0.0,1.0
295314,0,1,3400,-53,53,-685,9.9,18,0.50,63650.792969,0,2.1,0.0,0.0,0.0,0.0,0.0,0.0,0.0,1.0
295563,0,1,3400,-53,53,-677,13,18,0.50,75111.109375,0,2.1,0.0,0.0,0.0,0.0,0.0,0.0,0.0,1.0
295812,0,1,3400,-53,53,-667,13,19,0.50,59269.839844,0,2.1,0.0,0.0,53174.601562,0,0.0,0.0,0.0,1.0
296061,0,1,3400,-53,53,-678,15,18,0.52,83428.570312,0,2.1,0.0,0.0,0.0,0.0,0.0,0.0,0.0,1.0
296310,0,1,3400,-53,53,-685,13,18,0.50,69682.539062,0,2.1,0.0,0.0,0.0,0.0,0.0,0.0,0.0,1.0
296559,0,1,3400,-53,53,-675,13,18,0.54,48285.714844,10,2.1,0.0,0.0,0.0,0.0,0.0,0.0,0.0,1.0
296808,0,1,3400,-53,53,-673,13,18,0.84,96507.937500,5,2.1,3.0,0.0,23301.587891,0,0.0,0.0,0.0,1.0
297057,0,1,3400,-53,53,-680,10,18,0.50,59856.574219,0,2.1,6.0,0.0,0.0,0.0,0.0,0.0,0.0,1.0
297306,0,1,3400,-53,53,-687,13,18,0.50,42920.636719,0,2.1,6.0,0.0,0.0,0.0,0.0,0.0,0.0,1.0
297555,0,1,3400,-53,53,-680,14,18,0.50,58761.906250,0,2.1,6.0,0.0,0.0,0.0,0.0,0.0,0.0,1.0
297804,0,1,3400,-53,53,-681,14,18,0.51,68603.171875,0,2.1,9.7,0.0,23301.587891,0,0.0,0.0,0.0,1.0
298053,0,1,3400,-53,53,-683,9.5,19,0.50,53333.332031,0,2.1,14,0.0,0.0,0.0,0.0,0.0,0.0,1.0
298302,0,1,3400,-53,53,-685,13,17,0.50,53650.792969,0,2.1,14,0.0,0.0,0.0,0.0,0.0,0.0,1.0
298551,0,1,3400,-53,53,-684,13,18,0.50,68952.382812,0,2.1,14,0.0,0.0,0.0,0.0,0.0,0.0,1.0
298800,0,1,3400,-53,53,-688,13,18,0.50,59015.871094,0,2.1,8.7,0.0,11015.873047,57,0.0,0.0,0.0,1.0
299049,0,1,3400,-53,53,-685,13,18,0.50,37555.554688,0,2.1,0.0,0.0,0.0,0.0,0.0,0.0,0.0,1.0
299298,0,1,3400,-53,53,-692,9.2,18,0.50,59428.570312,0,2.1,0.0,0.0,0.0,0.0,0.0,0.0,0.0,1.0
299547,0,1,3400,-53,53,-687,13,18,0.65,62222.222656,14,2.1,0.0,0.0,0.0,0.0,0.0,0.0,0.0,1.0
299796,0,1,3400,-53,53,-681,12,17,0.74,85460.320312,6,2.1,5.5,0.0,6666.666504,50,0.0,0.0,0.0,1.0
300045,0,1,3400,-53,53,-680,12,18,0.50,75873.015625,0,2.1,21,0.0,0.0,0.0,0.0,0.0,0.0,1.0
300294,0,1,3400,-53,53,-676,13,18,0.52,69746.031250,0,2.1,21,0.0,0.0,0.0,0.0,0.0,0.0,1.0
300543,0,1,3400,-53,53,-678,13,17,0.52,21460.318359,0,2.1,21,0.0,0.0,0.0,0.0,0.0,0.0,1.0
300792,0,1,3400,-53,53,-680,12,18,0.50,54629.480469,0,2.1,16,0.0,9752.988281,33,0.0,0.0,0.0,1.0
301041,0,1,3400,-53,53,-678,13,18,0.58,53238.093750,18,2.1,0.0,0.0,0.0,0.0,0.0,0.0,0.0,1.0
301290,0,1,3400,-53,53,-680,13,18,0.58,59015.871094,0,2.1,0.0,0.0,0.0,0.0,0.0,0.0,0.0,1.0
301539,0,1,3400,-53,53,-685,12,18,0.50,48317.460938,0,2.1,0.0,0.0,0.0,0.0,0.0,0.0,0.0,1.0
301788,0,1,3400,-53,53,-689,11,19,0.51,71587.304688,7,2.1,3.7,0.0,0.0,80,0.0,0.0,0.0,1.0
302037,0,1,3400,-53,53,-679,14,18,0.50,48031.746094,0,2.1,7.5,0.0,0.0,0.0,0.0,0.0,0.0,1.0
302286,0,1,3400,-53,53,-680,13,18,0.50,36634.921875,0,2.1,7.5,0.0,0.0,0.0,0.0,0.0,0.0,1.0
302535,0,1,3400,-53,53,-670,13,18,0.50,69682.539062,0,2.1,7.5,0.0,0.0,0.0,0.0,0.0,0.0,1.0
302784,0,1,3400,-53,53,-680,15,19,0.50,68317.460938,0,2.1,4.1,0.0,8095.238281,0,0.0,0.0,0.0,1.0
303033,0,1,3400,-53,53,-683,13,18,0.61,48285.714844,10,2.1,0.0,0.0,0.0,0.0,0.0,0.0,0.0,1.0
303282,0,1,3400,-53,53,-684,14,18,1.6,42920.636719,11,2.1,0.0,0.0,0.0,0.0,0.0,0.0,0.0,1.0
303531,0,1,3400,-53,53,-683,13,18,0.92,48285.714844,10,2.1,0.0,0.0,0.0,0.0,0.0,0.0,0.0,1.0
303780,0,1,3400,-53,53,-681,13,18,0.70,81147.414062,7,2.1,3.8,0.0,89243.031250,39,0.0,0.0,0.0,1.0
304029,0,1,3400,-53,53,-684,11,18,0.50,53079.363281,0,2.1,15,0.0,0.0,0.0,0.0,0.0,0.0,1.0
304278,0,1,3400,-53,53,-679,7.8,17,0.71,53428.570312,0,2.1,14,0.0,0.0,0.0,0.0,0.0,0.0,1.0
304527,0,1,3400,-53,53,-677,13,18,0.51,53650.792969,0,2.1,15,0.0,0.0,0.0,0.0,0.0,0.0,1.0
304776,0,1,3400,-53,53,-682,14,19,0.50,26063.492188,0,2.1,14,0.0,26698.412109,0,0.0,0.0,0.0,1.0
305025,0,1,3400,-53,53,-677,15,18,0.50,48285.714844,0,2.1,13,0.0,0.0,0.0,0.0,0.0,0.0,1.0
305274,0,1,3400,-53,53,-684,12,18,0.50,74730.156250,0,2.1,14,0.0,0.0,0.0,0.0,0.0,0.0,1.0
305523,0,1,3400,-53,53,-675,11,18,0.50,46761.906250,0,2.1,13,0.0,0.0,0.0,0.0,0.0,0.0,1.0
305772,0,1,3400,-53,53,-679,12,17,0.74,43142.855469,10,2.1,9.2,0.0,23714.285156,42,0.0,0.0,0.0,1.0
306021,0,1,3400,-53,53,-685,11,18,0.50,48253.968750,0,2.1,0.0,0.0,0.0,0.0,0.0,0.0,0.0,1.0
306270,0,1,3400,-53,53,-687,9.2,18,0.50,89714.289062,0,2.1,0.0,0.0,0.0,0.0,0.0,0.0,0.0,1.0
306519,0,1,3400,-53,53,-676,13,19,0.51,58761.906250,0,2.1,0.064,0.0,0.0,0.0,0.0,0.0,0.0,1.0
306768,0,1,3400,-53,53,-684,13,18,0.50,53650.792969,0,2.1,0.0,0.0,7841.270020,0,0.0,0.0,0.0,1.0
307017,0,1,3400,-53,53,-681,13,18,0.84,64634.921875,14,2.1,0.0,0.0,0.0,0.0,0.0,0.0,0.0,1.0
307266,0,1,3400,-53,53,-678,11,19,0.51,75601.593750,0,2.1,0.064,0.0,0.0,0.0,0.0,0.0,0.0,1.0
307515,0,1,3400,-53,53,-680,12,18,0.50,32793.652344,0,2.1,0.0,0.0,0.0,0.0,0.0,0.0,0.0,1.0
307764,0,1,3400,-53,53,-684,12,18,0.51,48412.699219,10,2.1,2.6,118,0.0,80,0.0,0.0,0.0,1.0
308013,0,1,3400,-53,53,-681,13,18,0.67,32190.476562,0,2.1,8.1,118,0.0,0.0,0.0,0.0,0.0,1.0
308262,0,1,3400,-53,53,-685,12,18,0.50,53396.824219,0,2.1,0.83,0.0,9841.269531,0,0.0,0.0,0.0,1.0
308511,0,1,3400,-53,53,-683,13,18,0.50,21714.285156,0,2.1,0.0,0.0,0.0,0.0,0.0,0.0,0.0,1.0
308760,0,1,3400,-53,53,-684,12,18,0.51,70507.937500,0,2.1,1.1,0.0,16634.919922,31,0.0,0.0,0.0,1.0
309009,0,1,3400,-53,53,-675,13,18,0.50,59015.871094,0,2.1,0.0,0.0,0.0,0.0,0.0,0.0,0.0,1.0
309258,0,1,3400,-53,53,-676,13,17,0.50,48285.714844,0,2.1,0.0,0.0,0.0,0.0,0.0,0.0,0.0,1.0
309507,0,1,3400,-53,53,-680,13,18,0.50,42920.636719,0,2.1,0.0,0.0,0.0,0.0,0.0,0.0,0.0,1.0
309756,0,1,3400,-53,53,-674,12,18,1.0,76253.968750,11,2.1,0.064,0.0,8095.238281,0,0.0,0.0,0.0,1.0
310005,0,1,3400,-53,53,-670,13,18,0.50,64634.921875,0,2.1,0.0,0.0,0.0,0.0,0.0,0.0,0.0,1.0
310254,0,1,3400,-53,53,-677,12,17,0.59,48988.046875,10,2.1,0.064,0.0,0.0,0.0,0.0,0.0,0.0,1.0
310503,0,1,3400,-53,53,-680,12,18,0.50,48539.683594,0,2.1,0.0,0.0,0.0,0.0,0.0,0.0,0.0,1.0
310752,0,1,3400,-53,53,-681,13,18,0.50,90539.679688,0,2.1,9.0,0.0,6666.666504,50,0.0,0.0,0.0,1.0
311001,0,1,3400,-53,53,-683,15,18,0.58,79460.320312,0,2.1,21,0.0,0.0,0.0,0.0,0.0,0.0,1.0
311250,0,1,3400,-53,53,-680,13,18,1.5,69333.335938,8,2.1,21,0.0,0.0,0.0,0.0,0.0,0.0,1.0
311499,0,1,3400,-53,53,-687,13,17,0.50,48285.714844,0,2.1,21,0.0,0.0,0.0,0.0,0.0,0.0,1.0
311748,0,1,3400,-53,53,-684,13,18,0.50,37555.554688,0,2.1,21,0.0,0.0,0,0.0,0.0,0.0,1.0
311997,0,1,3400,-53,53,-677,13,18,0.50,37555.554688,0,2.1,0.13,0.0,15587.301758,0,0.0,0.0,0.0,1.0
312246,0,1,3400,-53,53,-681,9.5,18,0.50,48634.921875,0,2.1,0.0,0.0,0.0,0.0,0.0,0.0,0.0,1.0
312495,0,1,3400,-53,53,-674,13,17,0.50,42920.636719,0,2.1,0.064,0.0,0.0,0.0,0.0,0.0,0.0,1.0
312744,0,1,3400,-53,53,-681,7.1,18,0.50,31873.015625,0,2.1,3.3,0.0,39809.523438,12,0.0,0.0,0.0,1.0
312993,0,1,3400,-53,53,-678,10,19,0.50,70253.968750,0,2.1,15,0.0,0.0,0.0,0.0,0.0,0.0,1.0
313242,0,1,3400,-53,53,-679,11,18,0.50,57650.792969,0,2.1,15,0.0,0.0,0.0,0.0,0.0,0.0,1.0
313491,0,1,3400,-53,53,-688,14,18,0.50,47968.128906,0,2.1,15,0.0,0.0,0.0,0.0,0.0,0.0,1.0
313740,0,1,3400,-53,53,-683,11,17,0.51,90158.726562,0,2.1,9.8,0.0,23714.285156,36,0.0,0.0,0.0,1.0
313989,0,1,3400,-53,53,-680,14,18,1.1,100920.632812,5,2.1,0.0,0.0,0.0,0.0,0.0,0.0,0.0,1.0
314238,0,1,3400,-53,53,-681,14,18,0.64,85174.601562,6,2.1,0.0,0.0,0.0,0.0,0.0,0.0,0.0,1.0
314487,0,1,3400,-53,53,-680,13,18,0.50,26761.904297,0,2.1,0.0,0.0,0.0,0.0,0.0,0.0,0.0,1.0
314736,0,1,3400,-53,53,-679,13,18,0.71,64380.953125,14,2.1,0.0,0.0,7904.761719,22,0.0,0.0,0.0,1.0
314985,0,1,3400,-53,53,-679,13,17,0.50,48285.714844,0,2.1,0.0,0.0,0.0,0.0,0.0,0.0,0.0,1.0
315234,0,1,3400,-53,53,-684,13,19,0.50,27333.333984,0,2.1,0.0,0.0,0.0,0.0,0.0,0.0,0.0,1.0
315483,0,1,3400,-53,53,-683,12,18,0.74,59365.078125,0,2.1,0.0,0.0,0.0,0.0,0.0,0.0,0.0,1.0
315732,0,1,3400,-53,53,-677,11,18,0.50,42920.636719,0,2.1,0.82,0.0,11142.857422,36,0.0,0.0,0.0,1.0
315981,0,1,3400,-53,53,-679,14,18,0.50,63873.015625,0,2.1,0.0,0.0,0.0,0.0,0.0,0.0,0.0,1.0
316230,0,1,3400,-53,53,-681,12,18,0.50,88888.890625,0,2.1,0.0,0.0,0.0,0.0,0.0,0.0,0.0,1.0
316479,0,1,3400,-53,53,-679,10,18,0.63,87809.523438,0,2.1,0.0,0.0,0.0,0.0,0.0,0.0,0.0,1.0
316728,0,1,3400,-53,53,-683,12,18,0.50,80031.742188,0,2.1,0.0,0.0,8095.238281,0,0.0,0.0,0.0,1.0
316977,0,1,3400,-53,53,-677,13,18,0.50,53864.542969,0,2.1,0.0,0.0,0.0,0.0,0.0,0.0,0.0,1.0
317226,0,1,3400,-53,53,-676,13,18,0.50,42920.636719,0,2.1,0.0,0.0,0.0,0.0,0.0,0.0,0.0,1.0
317475,0,1,3400,-53,53,-684,13,18,1.1,59015.871094,8,2.1,0.0,0.0,0.0,0.0,0.0,0.0,0.0,1.0
317724,0,1,3400,-53,53,-684,9.5,18,0.54,53492.062500,8,2.1,8.0,0.0,13873.015625,56,0.0,0.0,0.0,1.0
317973,0,1,3400,-53,53,-683,12,18,1.4,75047.617188,0,2.1,21,0.0,0.0,0.0,0.0,0.0,0.0,1.0
318222,0,1,3400,-53,53,-676,12,18,0.50,64984.128906,0,2.1,21,0.0,0.0,0.0,0.0,0.0,0.0,1.0
318471,0,1,3400,-53,53,-683,6.1,18,1.3,15936.507812,20,2.1,21,0.0,0.0,0.0,0.0,0.0,0.0,1.0
318720,0,1,3400,-53,53,-689,13,18,0.74,48285.714844,0,2.1,15,0.0,54063.492188,9,0.0,0.0,0.0,1.0
318969,0,1,3400,-53,53,-682,14,18,0.57,37238.093750,11,2.1,0.0,0.0,0.0,0.0,0.0,0.0,0.0,1.0
319218,0,1,3400,-53,53,-686,14,18,0.78,64539.683594,0,2.1,0.0,0.0,0.0,0.0,0.0,0.0,0.0,1.0
319467,0,1,3400,-53,53,-678,2.7,18,0.51,42603.175781,0,2.1,0.0,0.0,0.0,0.0,0.0,0.0,0.0,1.0
319716,0,1,3400,-53,53,-683,10,18,0.95,54190.476562,7,2.1,4.3,0.0,23301.587891,0,0.0,0.0,0.0,1.0
319965,0,1,3400,-53,53,-687,13,18,0.56,43174.601562,0,2.1,14,0.0,0.0,0.0,0.0,0.0,0.0,1.0
320214,0,1,3400,-53,53,-689,13,17,0.62,26349.207031,0,2.1,14,0.0,0.0,0.0,0.0,0.0,0.0,1.0
320463,0,1,3400,-53,53,-685,14,18,0.50,95936.507812,0,2.1,14,0.0,0.0,0.0,0.0,0.0,0.0,1.0
320712,0,1,3400,-53,53,-688,13,18,0.50,53290.835938,0,2.1,13,0.0,0.0,0,0.0,0.0,0.0,1.0
320961,0,1,3400,-53,53,-690,8.3,18,0.65,59206.347656,7,2.1,2.1,0.0,23841.269531,40,0.0,0.0,0.0,1.0
321210,0,1,3400,-53,53,-683,7.8,17,1.2,52761.906250,0,2.1,0.0,0.0,0.0,0.0,0.0,0.0,0.0,1.0
321459,0,1,3400,-53,53,-679,9.1,18,0.50,46984.128906,0,2.1,0.0,0.0,0.0,0.0,0.0,0.0,0.0,1.0
321708,0,1,3400,-53,53,-676,11,18,0.50,70857.140625,0,2.1,0.040,0.0,15587.301758,0,0.0,0.0,0.0,1.0
321957,0,1,3400,-53,53,-678,13,19,0.50,80507.937500,0,2.1,0.0,0.0,0.0,0.0,0.0,0.0,0.0,1.0
322206,0,1,3400,-53,53,-690,17,17,0.50,36539.683594,0,2.1,0.0,0.0,0.0,0.0,0.0,0.0,0.0,1.0
322455,0,1,3400,-53,53,-677,13,19,0.50,80476.187500,0,2.1,0.0,0.0,0.0,0.0,0.0,0.0,0.0,1.0
322704,0,1,3400,-53,53,-669,13,18,0.50,85365.078125,0,2.1,1.9,0.0,22730.158203,0,0.0,0.0,0.0,1.0
322953,0,1,3400,-53,53,-678,10.0,18,0.75,55238.093750,8,2.1,7.0,0.0,0.0,0.0,0.0,0.0,0.0,1.0
323202,0,1,3400,-53,53,-687,12,18,0.50,53682.539062,0,2.1,7.0,0.0,0.0,0.0,0.0,0.0,0.0,1.0
323451,0,1,3400,-53,53,-684,8.2,17,0.60,58920.636719,7,2.1,7.0,0.0,0.0,0.0,0.0,0.0,0.0,1.0
323700,0,1,3400,-53,53,-671,12,18,0.79,47873.015625,20,2.1,5.7,0.0,10507.936523,36,0.0,0.0,0.0,1.0
323949,0,1,3400,-53,53,-680,9.2,17,1.0,69386.453125,6,2.1,0.0,0.0,0.0,0.0,0.0,0.0,0.0,1.0
324198,0,1,3400,-53,53,-688,13,18,0.66,64380.953125,0,2.1,0.0,0.0,0.0,0.0,0.0,0.0,0.0,1.0
324447,0,1,3400,-53,53,-682,15,18,0.50,68158.726562,0,2.1,0.0,0.0,0.0,0.0,0.0,0.0,0.0,1.0
324696,0,1,3400,-53,53,-682,13,18,0.50,54158.730469,0,2.1,7.0,0.0,288095.250000,56,0.0,0.0,0.0,1.0
324945,0,1,3400,-53,53,-683,9.9,18,0.50,75841.273438,0,2.1,16,0.0,0.0,0.0,0.0,0.0,0.0,1.0
325194,0,1,3400,-53,53,-681,11,19,0.50,96698.414062,0,2.1,16,0.0,0.0,0.0,0.0,0.0,0.0,1.0
325443,0,1,3400,-53,53,-686,6.6,19,0.81,79714.289062,5,2.1,16,0.0,0.0,0.0,0.0,0.0,0.0,1.0
325692,0,1,3400,-53,53,-687,12,18,0.86,123650.796875,4,2.1,8.4,0.0,8095.238281,0,0.0,0.0,0.0,1.0
325941,0,1,3400,-53,53,-683,12,18,0.50,50222.222656,0,2.1,0.0,0.0,0.0,0.0,0.0,0.0,0.0,1.0
326190,0,1,3400,-53,53,-680,9.4,18,0.50,55365.078125,0,2.1,0.0,0.0,0.0,0.0,0.0,0.0,0.0,1.0
326439,0,1,3400,-53,53,-673,13,18,0.50,53396.824219,0,2.1,0.0,0.0,0.0,0.0,0.0,0.0,0.0,1.0
326688,0,1,3400,-53,53,-678,9.1,18,0.53,53174.601562,7,2.1,5.9,0.0,6666.666504,50,0.0,0.0,0.0,1.0
326937,0,1,3400,-53,53,-683,12,18,0.83,37555.554688,0,2.1,14,0.0,0.0,0.0,0.0,0.0,0.0,1.0
327186,0,1,3400,-53,53,-669,13,18,0.50,59015.871094,0,2.1,14,0.0,0.0,0.0,0.0,0.0,0.0,1.0
327435,0,1,3400,-53,53,-674,13,19,0.50,53864.542969,0,2.1,14,0.0,0.0,0.0,0.0,0.0,0.0,1.0
327684,0,1,3400,-53,53,-689,12,18,1.2,63619.046875,7,2.1,17,0.0,0.0,80,0.0,0.0,0.0,1.0
327933,0,1,3400,-53,53,-684,14,18,0.50,47015.871094,0,2.1,22,0.0,0.0,0.0,0.0,0.0,0.0,1.0
328182,0,1,3400,-53,53,-674,9.1,18,0.54,58317.460938,5,2.1,22,0.0,0.0,0.0,0.0,0.0,0.0,1.0
328431,0,1,3400,-53,53,-679,9.2,18,0.50,64539.683594,0,2.1,22,0.0,0.0,0.0,0.0,0.0,0.0,1.0
328680,0,1,3400,-53,53,-681,11,18,0.50,59523.808594,0,2.1,18,0.0,206476.187500,59,0.0,0.0,0.0,1.0
328929,0,1,3400,-53,53,-683,11,18,0.67,44317.460938,9,2.1,16,0.0,0.0,0.0,0.0,0.0,0.0,1.0
329178,0,1,3400,-53,53,-680,9.0,19,0.50,80190.476562,0,2.1,16,0.0,0.0,0.0,0.0,0.0,0.0,1.0
329427,0,1,3400,-53,53,-679,13,18,0.50,53650.792969,0,2.1,16,0.0,0.0,0.0,0.0,0.0,0.0,1.0
329676,0,1,3400,-53,53,-672,13,18,0.50,58761.906250,0,2.1,8.9,0.0,45650.792969,5,0.0,0.0,0.0,1.0
329925,0,1,3400,-53,53,-678,9.4,18,0.50,44952.382812,0,2.1,0.0,0.0,0.0,0.0,0.0,0.0,0.0,1.0
330174,0,1,3400,-53,53,-685,13,19,0.50,26825.396484,0,2.1,0.0,0.0,0.0,0.0,0.0,0.0,0.0,1.0
330423,0,1,3400,-53,53,-683,12,18,0.67,44111.554688,0,2.1,0.0,0.0,0.0,0.0,0.0,0.0,0.0,1.0
330672,0,1,3400,-53,53,-677,13,17,1.2,69746.031250,7,2.1,2.0,0.0,22730.158203,0,0.0,0.0,0.0,1.0
330921,0,1,3400,-53,53,-685,13,18,0.50,64380.953125,0,2.1,7.0,0.0,0.0,0.0,0.0,0.0,0.0,1.0
331170,0,1,3400,-53,53,-680,12,18,0.50,48793.652344,0,2.1,7.0,0.0,0.0,0.0,0.0,0.0,0.0,1.0
331419,0,1,3400,-53,53,-683,14,19,0.50,52507.937500,0,2.1,7.0,0.0,0.0,0.0,0.0,0.0,0.0,1.0
331668,0,1,3400,-53,53,-675,10,18,0.50,53523.808594,0,2.1,7.2,0.0,0.0,80,0.0,0.0,0.0,1.0
331917,0,1,3400,-53,53,-678,12,19,0.50,43111.109375,0,2.1,7.5,0.0,0.0,0.0,0.0,0.0,0.0,1.0
332166,0,1,3400,-53,53,-686,12,18,0.82,58761.906250,31,2.1,7.6,0.0,0.0,0.0,0.0,0.0,0.0,1.0
332415,0,1,3400,-53,53,-681,13,18,0.50,85768.921875,0,2.1,7.5,0.0,0.0,0.0,0.0,0.0,0.0,1.0
332664,0,1,3400,-53,53,-683,13,18,0.50,53438.734375,0,2.1,13,0.0,6640.316406,50,0.0,0.0,0.0,1.0
332913,0,1,3400,-53,53,-688,13,18,0.50,10772.908203,0,2.1,21,0.0,0.0,0.0,0.0,0.0,0.0,1.0
333162,0,1,3400,-53,53,-687,11,18,0.51,34000.000000,12,2.1,21,0.0,0.0,0.0,0.0,0.0,0.0,1.0
333411,0,1,3400,-53,53,-678,12,18,0.50,49809.523438,0,2.1,21,0.0,0.0,0.0,0.0,0.0,0.0,1.0
333660,0,1,3400,-53,53,-680,13,18,0.70,42920.636719,11,2.1,15,0.0,6825.396973,29,0.0,0.0,0.0,1.0
333909,0,1,3400,-53,53,-686,13,18,0.50,48285.714844,0,2.1,1.0,0.0,0.0,0.0,0.0,0.0,0.0,1.0
334158,0,1,3400,-53,53,-686,12,18,1.4,59777.777344,15,2.1,1.1,0.0,0.0,0.0,0.0,0.0,0.0,1.0
334407,0,1,3400,-53,53,-675,13,17,1.0,21460.318359,20,2.1,1.0,0.0,0.0,0.0,0.0,0.0,0.0,1.0
334656,0,1,3400,-53,53,-674,11,18,0.50,43682.539062,0,2.1,0.74,0.0,15587.301758,0,0.0,0.0,0.0,1.0
334905,0,1,3400,-53,53,-677,13,17,0.50,48285.714844,0,2.1,0.0,0.0,0.0,0.0,0.0,0.0,0.0,1.0
335154,0,1,3400,-53,53,-678,9.6,18,0.50,48222.222656,0,2.1,0.0,0.0,0.0,0.0,0.0,0.0,0.0,1.0
335403,0,1,3400,-53,53,-680,16,17,0.50,42412.699219,0,2.1,0.0,0.0,0.0,0.0,0.0,0.0,0.0,1.0
335652,0,1,3400,-53,53,-679,14,18,0.55,74698.414062,0,2.1,1.8,0.0,9619.047852,57,0.0,0.0,0.0,1.0
335901,0,1,3400,-53,53,-677,13,18,0.54,92079.679688,0,2.1,0.0,0.0,0.0,0.0,0.0,0.0,0.0,1.0
336150,0,1,3400,-53,53,-679,13,18,0.50,22222.222656,0,2.1,0.0,0.0,0.0,0.0,0.0,0.0,0.0,1.0
336399,0,1,3400,-53,53,-678,13,18,0.50,21047.619141,0,2.1,0.0,0.0,0.0,0.0,0.0,0.0,0.0,1.0
336648,0,1,3400,-53,53,-679,11,18,0.51,70000.000000,0,2.1,0.064,0.0,8095.238281,17,0.0,0.0,0.0,1.0
336897,0,1,3400,-53,53,-685,13,18,0.53,64380.953125,0,2.1,0.0,0.0,0.0,0.0,0.0,0.0,0.0,1.0
337146,0,1,3400,-53,53,-687,12,18,0.50,59206.347656,0,2.1,0.0,0.0,0.0,0.0,0.0,0.0,0.0,1.0
337395,0,1,3400,-53,53,-680,13,18,0.50,96031.742188,0,2.1,0.0,0.0,0.0,0.0,0.0,0.0,0.0,1.0
337644,0,1,3400,-53,53,-681,15,18,0.50,73841.273438,0,2.1,0.0,0.0,8095.238281,0,0.0,0.0,0.0,1.0
337893,0,1,3400,-53,53,-681,13,19,0.50,85841.273438,0,2.1,0.0,0.0,0.0,0.0,0.0,0.0,0.0,1.0
338142,0,1,3400,-53,53,-677,13,19,0.50,26825.396484,0,2.1,0.0,0.0,0.0,0.0,0.0,0.0,0.0,1.0
338391,0,1,3400,-53,53,-672,13,18,0.68,80476.187500,6,2.1,0.0,0.0,0.0,0.0,0.0,0.0,0.0,1.0
338640,0,1,3400,-53,53,-677,13,18,1.4,21460.318359,20,2.1,5.5,0.0,6666.666504,50,0.0,0.0,0.0,1.0
338889,0,1,3400,-53,53,-686,13,18,0.50,37555.554688,0,2.1,21,0.0,0.0,0.0,0.0,0.0,0.0,1.0
339138,0,1,3400,-53,53,-679,13,18,0.50,21545.816406,0,2.1,21,0.0,0.0,0.0,0.0,0.0,0.0,1.0
339387,0,1,3400,-53,53,-680,13,18,1.1,75047.617188,12,2.1,21,0.0,0.0,0.0,0.0,0.0,0.0,1.0
339636,0,1,3400,-53,53,-683,13,18,0.50,64380.953125,0,2.1,17,0.0,23301.587891,0,0.0,0.0,0.0,1.0
339885,0,1,3400,-53,53,-682,12,18,0.50,43174.601562,0,2.1,14,0.0,0.0,0.0,0.0,0.0,0.0,1.0
340134,0,1,3400,-53,53,-680,13,18,0.50,53396.824219,0,2.1,13,0.0,0.0,0.0,0.0,0.0,0.0,1.0
340383,0,1,3400,-53,53,-679,13,18,0.50,59015.871094,0,2.1,14,0.0,0.0,0.0,0.0,0.0,0.0,1.0
340632,0,1,3400,-53,53,-681,16,18,0.50,59269.839844,0,2.1,14,0.0,23301.587891,0,0.0,0.0,0.0,1.0
340881,0,1,3400,-53,53,-686,7.4,19,0.50,75333.335938,0,2.1,14,0.0,0.0,0.0,0.0,0.0,0.0,1.0
341130,0,1,3400,-53,53,-688,12,18,0.54,65396.824219,0,2.1,14,0.0,0.0,0.0,0.0,0.0,0.0,1.0
341379,0,1,3400,-53,53,-691,11,18,0.50,76253.968750,0,2.1,14,0.0,0.0,0.0,0.0,0.0,0.0,1.0
341628,0,1,3400,-53,53,-685,13,18,0.53,85428.570312,6,2.1,15,0.0,23301.587891,58,0.0,0.0,0.0,1.0
341877,0,1,3400,-53,53,-681,13,17,0.50,58380.953125,0,2.1,0.80,0.0,6920.634766,33,0.0,0.0,0.0,1.0
342126,0,1,3400,-53,53,-680,13,18,0.50,75111.109375,0,2.1,0.0,0.0,0.0,0.0,0.0,0.0,0.0,1.0
342375,0,1,3400,-53,53,-675,12,18,0.50,55174.601562,0,2.1,0.0,0.0,0.0,0.0,0.0,0.0,0.0,1.0
342624,0,1,3400,-53,53,-675,9.3,17,1.1,42772.910156,9,2.1,4.0,0.0,8509.959961,40,0.0,0.0,0.0,1.0
342873,0,1,3400,-53,53,-685,13,18,0.50,69746.031250,0,2.1,15,0.0,0.0,0.0,0.0,0.0,0.0,1.0
343122,0,1,3400,-53,53,-678,9.7,18,0.50,53174.601562,0,2.1,14,0.0,0.0,0.0,0.0,0.0,0.0,1.0
343371,0,1,3400,-53,53,-681,13,19,0.50,108317.460938,0,2.1,14,0.0,0.0,0.0,0.0,0.0,0.0,1.0
343620,0,1,3400,-53,53,-681,14,18,0.66,62571.429688,7,2.1,15,0.0,334444.437500,57,0.0,0.0,0.0,1.0
343869,0,1,3400,-53,53,-684,13,17,0.50,59269.839844,0,2.1,16,0.0,0.0,0.0,0.0,0.0,0.0,1.0
344118,0,1,3400,-53,53,-684,7.2,18,0.50,52857.144531,0,2.1,16,0.0,0.0,0.0,0.0,0.0,0.0,1.0
344367,0,1,3400,-53,53,-673,12,18,0.65,65142.855469,0,2.1,16,0.0,0.0,0.0,0.0,0.0,0.0,1.0
344616,0,1,3400,-53,53,-678,13,18,0.50,58952.382812,0,2.1,15,0.0,23301.587891,0,0.0,0.0,0.0,1.0
344865,0,1,3400,-53,53,-689,14,18,0.50,63555.554688,0,2.1,13,0.0,0.0,0.0,0.0,0.0,0.0,1.0
345114,0,1,3400,-53,53,-677,14,17,1.00,85619.046875,11,2.1,14,0.0,0.0,0.0,0.0,0.0,0.0,1.0
345363,0,1,3400,-53,53,-670,13,19,0.50,64380.953125,0,2.1,14,0.0,0.0,0.0,0.0,0.0,0.0,1.0
345612,0,1,3400,-53,53,-684,8.2,18,0.50,64000.000000,0,2.1,9.5,0.0,29131.474609,27,0.0,0.0,0.0,1.0
345861,0,1,3400,-53,53,-693,12,18,1.3,74952.382812,12,2.1,0.0,0.0,0.0,0.0,0.0,0.0,0.0,1.0
346110,0,1,3400,-53,53,-683,9.0,18,0.69,69587.304688,0,2.1,0.0,0.0,0.0,0.0,0.0,0.0,0.0,1.0
346359,0,1,3400,-53,53,-676,13,18,0.50,64380.953125,0,2.1,0.0,0.0,0.0,0.0,0.0,0.0,0.0,1.0
346608,0,1,3400,-53,53,-682,16,18,0.60,57682.539062,0,2.1,3.8,0.0,13174.603516,53,0.0,0.0,0.0,1.0
346857,0,1,3400,-53,53,-677,17,17,0.50,58253.968750,0,2.1,0.0,0.0,0.0,0.0,0.0,0.0,0.0,1.0
347106,0,1,3400,-53,53,-674,13,18,0.50,42920.636719,0,2.1,0.0,0.0,0.0,0.0,0.0,0.0,0.0,1.0
347355,0,1,3400,-53,53,-681,12,18,0.50,90952.382812,0,2.1,0.0,0.0,0.0,0.0,0.0,0.0,0.0,1.0
347604,0,1,3400,-53,53,-679,13,19,0.50,42507.937500,0,2.1,0.11,0.0,41650.792969,0,0.0,0.0,0.0,1.0
347853,0,1,3400,-53,53,-682,14,18,0.51,58507.937500,8,2.1,0.0,0.0,0.0,0.0,0.0,0.0,0.0,1.0
348102,0,1,3400,-53,53,-682,16,18,0.71,68825.398438,20,2.1,0.0,0.0,0.0,0.0,0.0,0.0,0.0,1.0
348351,0,1,3400,-53,53,-677,13,18,0.67,75111.109375,7,2.1,0.0,0.0,0.0,0.0,0.0,0.0,0.0,1.0
348600,0,1,3400,-53,53,-683,13,18,0.55,74793.648438,0,2.1,0.82,0.0,11142.857422,36,0.0,0.0,0.0,1.0
348849,0,1,3400,-53,53,-686,8.9,18,1.4,48444.445312,15,2.1,0.064,0.0,0.0,0.0,0.0,0.0,0.0,1.0
349098,0,1,3400,-53,53,-685,12,18,0.51,43091.632812,0,2.1,0.064,0.0,0.0,0.0,0.0,0.0,0.0,1.0
349347,0,1,3400,-53,53,-682,13,19,0.77,79936.507812,7,2.1,0.0,0.0,0.0,0.0,0.0,0.0,0.0,1.0
349596,0,1,3400,-53,53,-688,13,18,0.67,21460.318359,0,2.1,1.8,0.0,2952.380859,73,0.0,0.0,0.0,1.0
349845,0,1,3400,-53,53,-693,8.1,17,0.52,62730.160156,0,2.1,0.0,0.0,6666.666504,0,0.0,0.0,0.0,1.0
350094,0,1,3400,-53,53,-685,11,18,0.50,65746.031250,0,2.1,0.0,0.0,0.0,0.0,0.0,0.0,0.0,1.0
350343,0,1,3400,-53,53,-680,11,18,0.50,42952.382812,0,2.1,0.0,0.0,0.0,0.0,0.0,0.0,0.0,1.0
350592,0,1,3400,-53,53,-681,13,18,0.50,32190.476562,0,2.1,4.4,0.0,329269.843750,60,0.0,0.0,0.0,1.0
350841,0,1,3400,-53,53,-681,11,18,0.58,48380.953125,9,2.1,16,0.0,0.0,0.0,0.0,0.0,0.0,1.0
351090,0,1,3400,-53,53,-680,9.5,18,0.50,47968.253906,0,2.1,16,0.0,0.0,0.0,0.0,0.0,0.0,1.0
351339,0,1,3400,-53,53,-678,11,18,0.56,32190.476562,14,2.1,16,0.0,0.0,0.0,0.0,0.0,0.0,1.0
351588,0,1,3400,-53,53,-680,14,18,0.50,31936.507812,0,2.1,8.4,0.0,8095.238281,0,0.0,0.0,0.0,1.0
351837,0,1,3400,-53,53,-668,13,19,0.50,53238.093750,0,2.1,0.0,0.0,0.0,0.0,0.0,0.0,0.0,1.0
352086,0,1,3400,-53,53,-674,15,18,0.50,58253.968750,0,2.1,0.0,0.0,0.0,0.0,0.0,0.0,0.0,1.0
352335,0,1,3400,-53,53,-678,13,19,0.50,58741.035156,0,2.1,0.064,0.0,0.0,0.0,0.0,0.0,0.0,1.0
352584,0,1,3400,-53,53,-683,15,18,0.50,37555.554688,0,2.1,1.9,0.0,22730.158203,0,0.0,0.0,0.0,1.0
352833,0,1,3400,-53,53,-686,13,18,0.62,59015.871094,0,2.1,7.0,0.0,0.0,0.0,0.0,0.0,0.0,1.0
353082,0,1,3400,-53,53,-677,15,18,0.50,15841.269531,0,2.1,7.0,0.0,0.0,0.0,0.0,0.0,0.0,1.0
353331,0,1,3400,-53,53,-682,13,18,0.53,63301.585938,0,2.1,7.0,0.0,0.0,0.0,0.0,0.0,0.0,1.0
353580,0,1,3400,-53,53,-683,8.0,18,0.50,63904.761719,0,2.1,5.6,0.0,23841.269531,36,0.0,0.0,0.0,1.0
353829,0,1,3400,-53,53,-678,13,17,0.50,42507.937500,0,2.1,0.0,0.0,0.0,0.0,0.0,0.0,0.0,1.0
354078,0,1,3400,-53,53,-682,9.4,18,0.50,53269.839844,0,2.1,0.0,0.0,0.0,0.0,0.0,0.0,0.0,1.0
354327,0,1,3400,-53,53,-686,13,18,0.50,37555.554688,0,2.1,0.0,0.0,0.0,0.0,0.0,0.0,0.0,1.0
354576,0,1,3400,-53,53,-684,8.8,18,0.50,48634.921875,0,2.1,3.0,0.0,41428.570312,18,0.0,0.0,0.0,1.0
354825,0,1,3400,-53,53,-675,13,18,0.50,69746.031250,0,2.1,6.5,0.0,0.0,0.0,0.0,0.0,0.0,1.0
355074,0,1,3400,-53,53,-673,12,18,0.50,64253.968750,0,2.1,6.5,0.0,0.0,0.0,0.0,0.0,0.0,1.0
355323,0,1,3400,-53,53,-681,12,19,0.50,92222.218750,0,2.1,6.5,0.0,0.0,0.0,0.0,0.0,0.0,1.0
355572,0,1,3400,-53,53,-687,13,19,0.50,59523.808594,0,2.1,3.5,0.0,8095.238281,0,0.0,0.0,0.0,1.0
355821,0,1,3400,-53,53,-678,13,18,1.3,48988.046875,10,2.1,0.0,0.0,0.0,0.0,0.0,0.0,0.0,1.0
356070,0,1,3400,-53,53,-674,14,19,0.50,74539.679688,0,2.1,0.0,0.0,0.0,0.0,0.0,0.0,0.0,1.0
356319,0,1,3400,-53,53,-681,12,18,0.50,64380.953125,0,2.1,0.0,0.0,0.0,0.0,0.0,0.0,0.0,1.0
356568,0,1,3400,-53,53,-684,8.8,18,0.50,69841.273438,0,2.1,0.0,0.0,7841.270020,0,0.0,0.0,0.0,1.0
356817,0,1,3400,-53,53,-685,13,19,0.56,64380.953125,0,2.1,0.0,0.0,0.0,0.0,0.0,0.0,0.0,1.0
357066,0,1,3400,-53,53,-688,13,18,0.50,37555.554688,0,2.1,0.0,0.0,0.0,0.0,0.0,0.0,0.0,1.0
357315,0,1,3400,-53,53,-688,11,18,0.50,71015.875000,0,2.1,0.0,0.0,0.0,0.0,0.0,0.0,0.0,1.0
357564,0,1,3400,-53,53,-678,16,17,0.61,53142.855469,9,2.1,2.1,0.0,33396.824219,33,0.0,0.0,0.0,1.0
357813,0,1,3400,-53,53,-679,12,18,0.58,74825.398438,0,2.1,0.0,0.0,0.0,0.0,0.0,0.0,0.0,1.0
358062,0,1,3400,-53,53,-678,15,18,0.59,52984.128906,0,2.1,0.0,0.0,0.0,0.0,0.0,0.0,0.0,1.0
358311,0,1,3400,-53,53,-674,13,18,0.50,48285.714844,0,2.1,0.0,0.0,0.0,0.0,0.0,0.0,0.0,1.0
358560,0,1,3400,-53,53,-678,13,17,1.5,70634.921875,13,2.1,3.6,0.0,6666.666504,50,0.0,0.0,0.0,1.0
358809,0,1,3400,-53,53,-687,15,18,0.78,42412.699219,11,2.1,14,0.0,0.0,0.0,0.0,0.0,0.0,1.0
359058,0,1,3400,-53,53,-671,13,18,0.93,53650.792969,9,2.1,14,0.0,0.0,0.0,0.0,0.0,0.0,1.0
359307,0,1,3400,-53,53,-671,13,18,0.89,48318.726562,0,2.1,14,0.0,0.0,0.0,0.0,0.0,0.0,1.0
359556,0,1,3400,-53,53,-682,13,19,0.61,37555.554688,0,2.1,11,0.0,7904.761719,0,0.0,0.0,0.0,1.0
359805,0,1,3400,-53,53,-686,12,18,0.74,48857.144531,9,2.1,7.0,0.0,0.0,0.0,0.0,0.0,0.0,1.0
360054,0,1,3400,-53,53,-685,13,19,0.53,47873.015625,0,2.1,7.0,0.0,0.0,0.0,0.0,0.0,0.0,1.0
360303,0,1,3400,-53,53,-688,13,18,0.52,42920.636719,0,2.1,7.0,0.0,0.0,0.0,0.0,0.0,0.0,1.0
360552,0,1,3400,-53,53,-680,11,18,0.74,63587.300781,8,2.1,5.9,0.0,23714.285156,36,0.0,0.0,0.0,1.0
360801,0,1,3400,-53,53,-673,13,18,0.50,64380.953125,0,2.1,0.0,0.0,0.0,0.0,0.0,0.0,0.0,1.0
361050,0,1,3400,-53,53,-676,11,18,0.50,53650.792969,0,2.1,0.0,0.0,0.0,0.0,0.0,0.0,0.0,1.0
361299,0,1,3400,-53,53,-676,14,18,0.50,63714.285156,0,2.1,0.0,0.0,0.0,0.0,0.0,0.0,0.0,1.0
361548,0,1,3400,-53,53,-681,12,18,0.50,79746.031250,0,2.1,1.6,0.0,9111.111328,57,0.0,0.0,0.0,1.0
361797,0,1,3400,-53,53,-678,11,18,0.60,59523.808594,0,2.1,0.0,0.0,0.0,0.0,0.0,0.0,0.0,1.0
362046,0,1,3400,-53,53,-681,13,19,0.60,53650.792969,9,2.1,0.0,0.0,0.0,0.0,0.0,0.0,0.0,1.0
362295,0,1,3400,-53,53,-676,7.3,18,0.50,45035.855469,0,2.1,0.0,0.0,0.0,0.0,0.0,0.0,0.0,1.0
362544,0,1,3400,-53,53,-675,12,17,0.50,34634.921875,0,2.1,0.0,84,0.0,0,0.0,0.0,0.0,1.0
362793,0,1,3400,-53,53,-670,15,17,1.1,63873.015625,8,2.1,20,0.0,6666.666504,57,0.0,0.0,0.0,1.0
363042,0,1,3400,-53,53,-684,13,18,0.50,63968.253906,0,2.1,21,0.0,0.0,0.0,0.0,0.0,0.0,1.0
363291,0,1,3400,-53,53,-675,13,17,0.50,21460.318359,0,2.1,21,0.0,0.0,0.0,0.0,0.0,0.0,1.0
363540,0,1,3400,-53,53,-671,13,18,0.50,59015.871094,0,2.1,18,0.0,23301.587891,0,0.0,0.0,0.0,1.0
363789,0,1,3400,-53,53,-681,12,18,0.50,79904.765625,0,2.1,14,0.0,0.0,0.0,0.0,0.0,0.0,1.0
364038,0,1,3400,-53,53,-680,12,18,0.50,31777.777344,0,2.1,14,0.0,0.0,0.0,0.0,0.0,0.0,1.0
364287,0,1,3400,-53,53,-679,14,18,0.50,63714.285156,0,2.1,14,0.0,0.0,0.0,0.0,0.0,0.0,1.0
364536,0,1,3400,-53,53,-689,13,19,0.50,53904.761719,0,2.1,14,0.0,0.0,80,0.0,0.0,0.0,1.0
364785,0,1,3400,-53,53,-689,12,18,0.50,26825.396484,0,2.1,15,0.0,0.0,0.0,0.0,0.0,0.0,1.0
365034,0,1,3400,-53,53,-690,11,19,0.50,53269.839844,0,2.1,15,0.0,0.0,0.0,0.0,0.0,0.0,1.0
365283,0,1,3400,-53,53,-689,13,19,0.50,64317.460938,0,2.1,15,0.0,0.0,0.0,0.0,0.0,0.0,1.0
365532,0,1,3400,-53,53,-677,11,19,0.50,52253.968750,0,2.1,8.8,0.0,11142.857422,36,0.0,0.0,0.0,1.0
365781,0,1,3400,-53,53,-683,12,18,0.52,63714.285156,0,2.1,0.0,0.0,0.0,0.0,0.0,0.0,0.0,1.0
366030,0,1,3400,-53,53,-680,10,18,0.50,97593.625000,0,2.1,0.0,0.0,0.0,0.0,0.0,0.0,0.0,1.0
366279,0,1,3400,-53,53,-682,15,18,0.50,53142.855469,0,2.1,0.0,0.0,0.0,0.0,0.0,0.0,0.0,1.0
366528,0,1,3400,-53,53,-683,13,18,0.60,53650.792969,0,2.1,6.6,0.0,85333.335938,33,0.0,0.0,0.0,1.0
366777,0,1,3400,-53,53,-673,12,18,0.50,48095.238281,0,2.1,15,0.0,0.0,0.0,0.0,0.0,0.0,1.0
367026,0,1,3400,-53,53,-686,11,18,0.52,71174.601562,6,2.1,14,0.0,0.0,0.0,0.0,0.0,0.0,1.0
367275,0,1,3400,-53,53,-684,11,17,0.93,54222.222656,8,2.1,14,0.0,0.0,0.0,0.0,0.0,0.0,1.0
367524,0,1,3400,-53,53,-679,11,18,0.50,37809.523438,0,2.1,12,0.0,23841.269531,36,0.0,0.0,0.0,1.0
367773,0,1,3400,-53,53,-680,11,18,0.50,32698.412109,0,2.1,6.1,0.0,0.0,0.0,0.0,0.0,0.0,1.0
368022,0,1,3400,-53,53,-681,10,18,0.50,48476.191406,0,2.1,6.0,0.0,0.0,0.0,0.0,0.0,0.0,1.0
368271,0,1,3400,-53,53,-686,12,18,0.50,42857.144531,0,2.1,6.0,0.0,0.0,0.0,0.0,0.0,0.0,1.0
368520,0,1,3400,-53,53,-688,9.1,18,0.56,80730.156250,5,2.1,4.1,0.0,11142.857422,36,0.0,0.0,0.0,1.0
368769,0,1,3400,-53,53,-681,13,18,0.50,42920.636719,0,2.1,0.0,0.0,0.0,0.0,0.0,0.0,0.0,1.0
369018,0,1,3400,-53,53,-680,10,18,0.50,68603.171875,0,2.1,0.0,0.0,0.0,0.0,0.0,0.0,0.0,1.0
369267,0,1,3400,-53,53,-678,11,18,0.50,42422.312500,0,2.1,0.0,0.0,0.0,0.0,0.0,0.0,0.0,1.0
369516,0,1,3400,-53,53,-673,14,18,0.93,107047.617188,5,2.1,2.8,0.0,94920.632812,0,0.0,0.0,0.0,1.0
369765,0,1,3400,-53,53,-680,12,18,0.50,21714.285156,0,2.1,10,0.0,0.0,0.0,0.0,0.0,0.0,1.0
370014,0,1,3400,-53,53,-678,13,18,0.50,42920.636719,0,2.1,10,0.0,0.0,0.0,0.0,0.0,0.0,1.0
370263,0,1,3400,-53,53,-683,13,18,0.50,26825.396484,0,2.1,10,0.0,0.0,0.0,0.0,0.0,0.0,1.0
370512,0,1,3400,-53,53,-682,11,19,0.53,48158.730469,8,2.1,10,0.0,22190.476562,0,0.0,0.0,0.0,1.0
370761,0,1,3400,-53,53,-680,12,18,0.50,21460.318359,0,2.1,8.0,0.0,0.0,0.0,0.0,0.0,0.0,1.0
371010,0,1,3400,-53,53,-683,13,18,0.50,32190.476562,0,2.1,8.0,0.0,0.0,0.0,0.0,0.0,0.0,1.0
371259,0,1,3400,-53,53,-682,13,18,0.50,53650.792969,0,2.1,8.0,0.0,0.0,0.0,0.0,0.0,0.0,1.0
371508,0,1,3400,-53,53,-678,12,18,0.50,49301.585938,0,2.1,9.1,0.0,130730.156250,50,0.0,0.0,0.0,1.0
371757,0,1,3400,-53,53,-682,13,18,0.50,42666.667969,0,2.1,16,0.0,60571.429688,91,0.0,0.0,0.0,1.0
372006,0,1,3400,-53,53,-676,13,18,0.50,53238.093750,0,2.1,16,0.0,0.0,0.0,0.0,0.0,0.0,1.0
372255,0,1,3400,-53,53,-677,5.1,17,0.50,43523.808594,0,2.1,16,0.0,0.0,0.0,0.0,0.0,0.0,1.0
372504,0,1,3400,-53,53,-677,13,18,0.50,64382.468750,0,2.1,15,0.0,60398.406250,45,0.0,0.0,0.0,1.0
372753,0,1,3400,-53,53,-677,11,18,0.50,59206.347656,0,2.1,14,0.0,0.0,0.0,0.0,0.0,0.0,1.0
373002,0,1,3400,-53,53,-683,13,18,0.50,48285.714844,0,2.1,14,0.0,0.0,0.0,0.0,0.0,0.0,1.0
373251,0,1,3400,-53,53,-680,11,18,0.88,49238.093750,9,2.1,14,0.0,0.0,0.0,0.0,0.0,0.0,1.0
373500,0,1,3400,-53,53,-678,13,18,0.50,31809.523438,0,2.1,7.6,0.0,7587.301758,40,0.0,0.0,0.0,1.0
373749,0,1,3400,-53,53,-678,12,18,0.50,46444.445312,0,2.1,0.0,0.0,0.0,0.0,0.0,0.0,0.0,1.0
373998,0,1,3400,-53,53,-683,7.8,18,0.50,35142.855469,0,2.1,0.0,0.0,0.0,0.0,0.0,0.0,0.0,1.0
374247,0,1,3400,-53,53,-682,12,17,0.50,53015.871094,0,2.1,0.0,0.0,0.0,0.0,0.0,0.0,0.0,1.0
374496,0,1,3400,-53,53,-686,15,18,0.50,37142.855469,0,2.1,0.12,0.0,0.0,0,0.0,0.0,0.0,1.0
374745,0,1,3400,-53,53,-687,13,19,0.50,37555.554688,0,2.1,7.5,0.0,0.0,100.000000,0.0,0.0,0.0,1.0
374994,0,1,3400,-53,53,-685,16,18,0.50,31936.507812,0,2.1,7.5,0.0,0.0,0.0,0.0,0.0,0.0,1.0
375243,0,1,3400,-53,53,-684,13,18,0.50,59015.871094,0,2.1,7.5,0.0,0.0,0.0,0.0,0.0,0.0,1.0
375492,0,1,3400,-53,53,-685,13,18,0.74,75111.109375,7,2.1,4.1,0.0,8095.238281,0,0.0,0.0,0.0,1.0
375741,0,1,3400,-53,53,-679,12,18,0.52,64888.890625,0,2.1,0.064,0.0,0.0,0.0,0.0,0.0,0.0,1.0
375990,0,1,3400,-53,53,-680,11,18,0.50,48159.363281,0,2.1,0.0,0.0,0.0,0.0,0.0,0.0,0.0,1.0
376239,0,1,3400,-53,53,-686,14,18,0.92,58095.238281,9,2.1,0.0,0.0,0.0,0.0,0.0,0.0,0.0,1.0
376488,0,1,3400,-53,53,-688,12,18,0.50,54158.730469,0,2.1,5.7,0.0,9746.032227,0,0.0,0.0,0.0,1.0
376737,0,1,3400,-53,53,-685,12,18,0.50,70253.968750,0,2.1,12,0.0,0.0,0.0,0.0,0.0,0.0,1.0
376986,0,1,3400,-53,53,-681,9.8,18,0.50,42285.714844,0,2.1,12,0.0,0.0,0.0,0.0,0.0,0.0,1.0
377235,0,1,3400,-53,53,-684,13,18,0.50,64380.953125,0,2.1,12,0.0,0.0,0.0,0.0,0.0,0.0,1.0
377484,0,1,3400,-53,53,-687,13,17,0.70,43809.523438,11,2.1,8.8,0.0,23714.285156,36,0.0,0.0,0.0,1.0
377733,0,1,3400,-53,53,-676,11,18,0.91,85460.320312,6,2.1,0.0,0.0,0.0,0.0,0.0,0.0,0.0,1.0
377982,0,1,3400,-53,53,-680,13,18,0.58,59269.839844,0,2.1,0.0,0.0,0.0,0.0,0.0,0.0,0.0,1.0
378231,0,1,3400,-53,53,-681,12,18,0.50,54158.730469,0,2.1,0.0,0.0,0.0,0.0,0.0,0.0,0.0,1.0
378480,0,1,3400,-53,53,-675,12,18,0.50,42793.652344,0,2.1,2.1,0.0,23714.285156,36,0.0,0.0,0.0,1.0
378729,0,1,3400,-53,53,-685,13,18,0.50,42920.636719,0,2.1,0.0,0.0,0.0,0.0,0.0,0.0,0.0,1.0
378978,0,1,3400,-53,53,-684,13,18,0.50,58793.652344,0,2.1,0.0,0.0,0.0,0.0,0.0,0.0,0.0,1.0
379227,0,1,3400,-53,53,-678,13,18,1.1,37705.179688,12,2.1,0.0,0.0,0.0,0.0,0.0,0.0,0.0,1.0
379476,0,1,3400,-53,53,-682,14,18,0.70,58095.238281,8,2.1,5.8,0.0,9746.032227,0,0.0,0.0,0.0,1.0
379725,0,1,3400,-53,53,-682,9.4,18,0.93,53079.363281,9,2.1,12,0.0,0.0,0.0,0.0,0.0,0.0,1.0
379974,0,1,3400,-53,53,-678,13,17,0.50,64380.953125,0,2.1,12,0.0,0.0,0.0,0.0,0.0,0.0,1.0
380223,0,1,3400,-53,53,-676,13,18,0.70,64952.382812,7,2.1,12,0.0,0.0,0.0,0.0,0.0,0.0,1.0
380472,0,1,3400,-53,53,-681,13,17,0.50,42666.667969,0,2.1,13,0.0,18031.746094,44,0.0,0.0,0.0,1.0
380721,0,1,3400,-53,53,-683,13,18,0.50,69746.031250,0,2.1,14,0.0,0.0,0.0,0.0,0.0,0.0,1.0
380970,0,1,3400,-53,53,-680,10,18,0.50,76126.984375,0,2.1,14,0.0,0.0,0.0,0.0,0.0,0.0,1.0
381219,0,1,3400,-53,53,-674,9.3,18,0.50,62857.144531,0,2.1,14,0.0,0.0,0.0,0.0,0.0,0.0,1.0
381468,0,1,3400,-53,53,-681,13,18,0.91,37142.855469,14,2.1,12,0.0,8095.238281,0,0.0,0.0,0.0,1.0
381717,0,1,3400,-53,53,-682,17,18,0.50,89428.570312,0,2.1,0.0,0.0,0.0,0.0,0.0,0.0,0.0,1.0
381966,0,1,3400,-53,53,-685,11,18,0.50,64222.222656,0,2.1,0.0,0.0,0.0,0.0,0.0,0.0,0.0,1.0
382215,0,1,3400,-53,53,-687,13,18,0.50,96095.234375,0,2.1,0.0,0.0,0.0,0.0,0.0,0.0,0.0,1.0
382464,0,1,3400,-53,53,-685,13,18,0.50,85428.570312,0,2.1,8.9,0.0,6666.666504,50,0.0,0.0,0.0,1.0
382713,0,1,3400,-53,53,-678,13,19,0.81,61258.964844,7,2.1,21,0.0,0.0,0.0,0.0,0.0,0.0,1.0
382962,0,1,3400,-53,53,-671,12,18,0.50,74603.171875,0,2.1,21,0.0,0.0,0.0,0.0,0.0,0.0,1.0
383211,0,1,3400,-53,53,-675,13,18,0.50,96158.726562,0,2.1,21,0.0,0.0,0.0,0.0,0.0,0.0,1.0
383460,0,1,3400,-53,53,-681,13,18,0.60,42920.636719,0,2.1,18,0.0,23301.587891,0,0.0,0.0,0.0,1.0
383709,0,1,3400,-53,53,-680,12,18,0.52,70507.937500,0,2.1,14,0.0,0.0,0.0,0.0,0.0,0.0,1.0
383958,0,1,3400,-53,53,-679,12,19,0.50,43682.539062,0,2.1,14,0.0,0.0,0.0,0.0,0.0,0.0,1.0
384207,0,1,3400,-53,53,-686,12,19,0.50,53650.792969,0,2.1,14,0.0,0.0,0.0,0.0,0.0,0.0,1.0
384456,0,1,3400,-53,53,-682,6.3,18,0.72,58158.730469,0,2.1,14,0.0,20761.904297,20,0.0,0.0,0.0,1.0
384705,0,1,3400,-53,53,-683,10,18,0.50,54158.730469,0,2.1,14,0.0,0.0,0.0,0.0,0.0,0.0,1.0
384954,0,1,3400,-53,53,-683,9.6,18,0.56,69682.539062,6,2.1,14,0.0,0.0,0.0,0.0,0.0,0.0,1.0
385203,0,1,3400,-53,53,-675,16,18,0.72,47015.871094,25,2.1,14,0.0,0.0,0.0,0.0,0.0,0.0,1.0
385452,0,1,3400,-53,53,-681,15,19,0.50,79301.585938,0,2.1,14,0.0,23301.587891,0,0.0,0.0,0.0,1.0
385701,0,1,3400,-53,53,-681,13,19,0.50,60366.535156,0,2.1,14,0.0,0.0,0.0,0.0,0.0,0.0,1.0
385950,0,1,3400,-53,53,-677,15,19,0.50,73079.367188,0,2.1,14,0.0,0.0,0.0,0.0,0.0,0.0,1.0
386199,0,1,3400,-53,53,-677,14,19,0.50,58507.937500,0,2.1,14,0.0,0.0,0.0,0.0,0.0,0.0,1.0
386448,0,1,3400,-53,53,-676,15,18,0.92,52476.191406,21,2.1,14,0.0,23301.587891,0,0.0,0.0,0.0,1.0
386697,0,1,3400,-53,53,-678,7.0,18,0.50,42761.906250,0,2.1,14,0.0,0.0,0.0,0.0,0.0,0.0,1.0
386946,0,1,3400,-53,53,-682,11,18,0.68,42920.636719,20,2.1,14,0.0,0.0,0.0,0.0,0.0,0.0,1.0
387195,0,1,3400,-53,53,-684,14,18,0.59,117523.812500,0,2.1,13,0.0,0.0,0.0,0.0,0.0,0.0,1.0
387444,0,1,3400,-53,53,-678,11,18,0.61,73841.273438,0,2.1,14,0.0,23301.587891,0,0.0,0.0,0.0,1.0
387693,0,1,3400,-53,53,-682,11,18,0.53,90634.921875,0,2.1,14,0.0,0.0,0.0,0.0,0.0,0.0,1.0
387942,0,1,3400,-53,53,-685,14,18,0.50,53142.855469,0,2.1,14,0.0,0.0,0.0,0.0,0.0,0.0,1.0
388191,0,1,3400,-53,53,-684,11,18,0.50,48730.160156,0,2.1,14,0.0,0.0,0.0,0.0,0.0,0.0,1.0
388440,0,1,3400,-53,53,-680,14,18,0.91,53333.332031,0,2.1,14,0.0,40222.222656,0,0.0,0.0,0.0,1.0
388689,0,1,3400,-53,53,-678,13,18,0.50,26825.396484,0,2.1,15,0.0,0.0,0.0,0.0,0.0,0.0,1.0
388938,0,1,3400,-53,53,-669,8.2,18,0.84,47394.421875,10,2.1,15,0.0,0.0,0.0,0.0,0.0,0.0,1.0
389187,0,1,3400,-53,53,-675,15,18,0.50,42412.699219,0,2.1,15,0.0,0.0,0.0,0.0,0.0,0.0,1.0
389436,0,1,3400,-53,53,-679,11,18,0.50,42920.636719,0,2.1,14,0.0,16920.634766,57,0.0,0.0,0.0,1.0
389685,0,1,3400,-53,53,-685,11,18,0.50,42603.175781,0,2.1,13,0.0,0.0,0.0,0.0,0.0,0.0,1.0
389934,0,1,3400,-53,53,-691,9.8,19,0.50,68793.648438,0,2.1,14,0.0,0.0,0.0,0.0,0.0,0.0,1.0
390183,0,1,3400,-53,53,-681,12,18,0.50,70000.000000,0,2.1,14,0.0,0.0,0.0,0.0,0.0,0.0,1.0
390432,0,1,3400,-53,53,-673,13,17,0.50,48031.746094,0,2.1,10,0.0,30095.238281,47,0.0,0.0,0.0,1.0
390681,0,1,3400,-53,53,-684,13,18,0.50,65142.855469,0,2.1,0.0,0.0,0.0,0.0,0.0,0.0,0.0,1.0
390930,0,1,3400,-53,53,-683,12,18,0.67,36730.160156,11,2.1,0.0,0.0,0.0,0.0,0.0,0.0,0.0,1.0
391179,0,1,3400,-53,53,-676,14,19,2.2,53650.792969,0,2.1,0.0,0.0,0.0,0.0,0.0,0.0,0.0,1.0
391428,0,1,3400,-53,53,-679,13,19,0.50,59015.871094,0,2.1,1.4,0.0,12158.730469,53,0.0,0.0,0.0,1.0
391677,0,1,3400,-53,53,-681,13,18,0.50,74698.414062,0,2.1,0.0,0.0,0.0,0.0,0.0,0.0,0.0,1.0
391926,0,1,3400,-53,53,-677,13,18,0.50,37555.554688,0,2.1,0.0,0.0,0.0,0.0,0.0,0.0,0.0,1.0
392175,0,1,3400,-53,53,-684,13,19,0.50,70215.140625,0,2.1,0.0,0.0,0.0,0.0,0.0,0.0,0.0,1.0
392424,0,1,3400,-53,53,-690,12,18,0.50,48539.683594,0,2.1,0.0,0.0,13968.253906,0,0.0,0.0,0.0,1.0
392673,0,1,3400,-53,53,-683,13,18,0.50,47873.015625,0,2.1,0.0,0.0,0.0,0.0,0.0,0.0,0.0,1.0
392922,0,1,3400,-53,53,-675,13,19,0.50,64412.699219,0,2.1,0.0,0.0,0.0,0.0,0.0,0.0,0.0,1.0
393171,0,1,3400,-53,53,-670,11,18,0.54,49238.093750,0,2.1,0.0,0.0,0.0,0.0,0.0,0.0,0.0,1.0
393420,0,1,3400,-53,53,-679,9.4,18,0.59,63746.031250,0,2.1,2.6,0.0,26285.714844,36,0.0,0.0,0.0,1.0
393669,0,1,3400,-53,53,-682,12,19,0.50,71269.843750,0,2.1,4.5,0.0,0.0,0.0,0.0,0.0,0.0,1.0
393918,0,1,3400,-53,53,-684,13,17,0.50,74888.890625,0,2.1,4.5,0.0,0.0,0.0,0.0,0.0,0.0,1.0
394167,0,1,3400,-53,53,-686,12,18,0.50,94380.953125,0,2.1,4.5,0.0,0.0,0.0,0.0,0.0,0.0,1.0
394416,0,1,3400,-53,53,-678,13,18,0.63,54666.667969,9,2.1,7.5,0.0,23301.587891,0,0.0,0.0,0.0,1.0
394665,0,1,3400,-53,53,-678,8.4,18,0.50,37238.093750,0,2.1,14,0.0,0.0,0.0,0.0,0.0,0.0,1.0
394914,0,1,3400,-53,53,-680,11,18,0.50,43936.507812,0,2.1,14,0.0,0.0,0.0,0.0,0.0,0.0,1.0
395163,0,1,3400,-53,53,-683,13,18,0.50,80222.218750,0,2.1,13,0.0,0.0,0.0,0.0,0.0,0.0,1.0
395412,0,1,3400,-53,53,-679,12,18,0.50,53587.300781,0,2.1,14,0.0,23301.587891,0,0.0,0.0,0.0,1.0
395661,0,1,3400,-53,53,-675,14,18,0.50,58326.691406,0,2.1,14,0.0,0.0,0.0,0.0,0.0,0.0,1.0
395910,0,1,3400,-53,53,-674,12,18,0.64,53587.300781,8,2.1,14,0.0,0.0,0.0,0.0,0.0,0.0,1.0
396159,0,1,3400,-53,53,-680,13,18,0.50,32190.476562,0,2.1,14,0.0,0.0,0.0,0.0,0.0,0.0,1.0
396408,0,1,3400,-53,53,-680,17,18,1.6,58507.937500,8,2.1,14,0.0,23301.587891,0,0.0,0.0,0.0,1.0
396657,0,1,3400,-53,53,-682,13,18,0.50,53650.792969,0,2.1,14,0.0,0.0,0.0,0.0,0.0,0.0,1.0
396906,0,1,3400,-53,53,-682,12,18,0.53,59714.285156,10,2.1,14,0.0,0.0,0.0,0.0,0.0,0.0,1.0
397155,0,1,3400,-53,53,-686,13,18,0.50,85206.351562,0,2.1,14,0.0,0.0,0.0,0.0,0.0,0.0,1.0
397404,0,1,3400,-53,53,-683,12,18,0.57,64317.460938,0,2.1,14,80,3587.301514,0,0.0,0.0,0.0,1.0
397653,0,1,3400,-53,53,-679,12,18,0.50,48222.222656,0,2.1,15,0.0,5492.063477,0,0.0,0.0,0.0,1.0
397902,0,1,3400,-53,53,-680,14,18,0.50,64380.953125,0,2.1,2.9,0.0,12825.396484,55,0.0,0.0,0.0,1.0
398151,0,1,3400,-53,53,-669,13,19,0.50,75111.109375,0,2.1,0.0,0.0,0.0,0.0,0.0,0.0,0.0,1.0
398400,0,1,3400,-53,53,-685,12,18,0.50,59015.871094,0,2.1,0.82,0.0,10253.967773,36,0.0,0.0,0.0,1.0
398649,0,1,3400,-53,53,-689,12,18,0.93,58698.414062,14,2.1,0.0,0.0,0.0,0.0,0.0,0.0,0.0,1.0
398898,0,1,3400,-53,53,-673,11,18,1.6,33274.902344,12,2.1,0.0,0.0,0.0,0.0,0.0,0.0,0.0,1.0
399147,0,1,3400,-53,53,-676,13,18,0.74,53450.199219,10,2.1,0.0,0.0,0.0,0.0,0.0,0.0,0.0,1.0
399396,0,1,3400,-53,53,-682,13,18,1.4,37407.113281,12,2.1,2.1,0.0,54924.902344,44,0.0,0.0,0.0,1.0
399645,0,1,3400,-53,53,-678,14,17,0.50,69238.093750,0,2.1,8.0,0.0,0.0,0.0,0.0,0.0,0.0,1.0
399894,0,1,3400,-53,53,-678,10,18,0.50,48317.460938,0,2.1,8.0,0.0,0.0,0.0,0.0,0.0,0.0,1.0
400143,0,1,3400,-53,53,-679,13,18,0.50,47873.015625,0,2.1,8.0,0.0,0.0,0.0,0.0,0.0,0.0,1.0
400392,0,1,3400,-53,53,-677,13,19,0.50,48317.460938,0,2.1,7.7,0.0,5492.063477,50,0.0,0.0,0.0,1.0
400641,0,1,3400,-53,53,-683,13,17,0.61,80000.000000,6,2.1,0.0,0.0,6920.634766,0,0.0,0.0,0.0,1.0
400890,0,1,3400,-53,53,-681,11,18,0.50,42031.746094,0,2.1,0.0,0.0,0.0,0.0,0.0,0.0,0.0,1.0
401139,0,1,3400,-53,53,-679,8.6,18,0.74,32031.746094,11,2.1,0.0,0.0,0.0,0.0,0.0,0.0,0.0,1.0
401388,0,1,3400,-53,53,-674,12,19,0.52,53904.761719,0,2.1,0.82,0.0,8095.238281,36,0.0,0.0,0.0,1.0
401637,0,1,3400,-53,53,-679,10.0,17,0.50,32031.746094,0,2.1,0.0,0.0,0.0,0.0,0.0,0.0,0.0,1.0
401886,0,1,3400,-53,53,-679,13,18,0.98,48478.085938,25,2.1,0.0,0.0,0.0,0.0,0.0,0.0,0.0,1.0
402135,0,1,3400,-53,53,-689,12,17,0.79,53492.062500,0,2.1,0.0,0.0,0.0,0.0,0.0,0.0,0.0,1.0
402384,0,1,3400,-53,53,-691,13,18,0.50,42920.636719,0,2.1,6.2,0.0,15777.777344,54,0.0,0.0,0.0,1.0
402633,0,1,3400,-53,53,-683,13,18,0.51,48285.714844,0,2.1,14,0.0,0.0,0.0,0.0,0.0,0.0,1.0
402882,0,1,3400,-53,53,-683,13,18,0.50,48539.683594,0,2.1,14,0.0,0.0,0.0,0.0,0.0,0.0,1.0
403131,0,1,3400,-53,53,-671,13,18,0.50,63904.761719,0,2.1,14,0.0,0.0,0.0,0.0,0.0,0.0,1.0
403380,0,1,3400,-53,53,-672,12,18,0.50,42857.144531,0,2.1,9.8,0.0,12285.713867,14,0.0,0.0,0.0,1.0
403629,0,1,3400,-53,53,-681,12,18,0.50,59523.808594,0,2.1,0.0,0.0,0.0,0.0,0.0,0.0,0.0,1.0
403878,0,1,3400,-53,53,-688,13,18,0.50,59015.871094,0,2.1,0.0,0.0,0.0,0.0,0.0,0.0,0.0,1.0
404127,0,1,3400,-53,53,-693,13,18,0.51,63904.761719,0,2.1,0.0,0.0,0.0,0.0,0.0,0.0,0.0,1.0
404376,0,1,3400,-53,53,-680,8.1,18,0.77,64000.000000,6,2.1,1.8,0.0,12412.698242,53,0.0,0.0,0.0,1.0
404625,0,1,3400,-53,53,-678,11,18,0.50,48888.890625,0,2.1,6.0,0.0,0.0,100.000000,0.0,0.0,0.0,1.0
404874,0,1,3400,-53,53,-690,15,18,0.57,47873.015625,0,2.1,6.0,0.0,0.0,0.0,0.0,0.0,0.0,1.0
405123,0,1,3400,-53,53,-688,14,18,1.3,80063.492188,7,2.1,6.0,0.0,0.0,0.0,0.0,0.0,0.0,1.0
405372,0,1,3400,-53,53,-683,10,18,0.82,58380.953125,7,2.1,8.8,0.0,15460.317383,0,0.0,0.0,0.0,1.0
405621,0,1,3400,-53,53,-680,10.0,18,0.50,64159.363281,0,2.1,12,0.0,0.0,0.0,0.0,0.0,0.0,1.0
405870,0,1,3400,-53,53,-680,13,17,0.50,53864.542969,0,2.1,12,0.0,0.0,0.0,0.0,0.0,0.0,1.0
406119,0,1,3400,-53,53,-672,13,17,0.50,43003.953125,0,2.1,12,0.0,0.0,0.0,0.0,0.0,0.0,1.0
406368,0,1,3400,-53,53,-672,15,19,0.50,78476.187500,0,2.1,13,0.0,0.0,80,0.0,0.0,0.0,1.0
406617,0,1,3400,-53,53,-678,13,17,0.50,37555.554688,0,2.1,14,0.0,0.0,0.0,0.0,0.0,0.0,1.0
406866,0,1,3400,-53,53,-688,13,18,0.81,117619.046875,5,2.1,14,0.0,0.0,0.0,0.0,0.0,0.0,1.0
407115,0,1,3400,-53,53,-679,7.7,19,0.50,69301.585938,0,2.1,14,0.0,0.0,0.0,0.0,0.0,0.0,1.0
407364,0,1,3400,-53,53,-678,9.9,18,0.50,68698.414062,0,2.1,7.4,0.0,7841.270020,12,0.0,0.0,0.0,1.0
407613,0,1,3400,-53,53,-686,11,18,0.50,85238.093750,0,2.1,0.048,0.0,0.0,0.0,0.0,0.0,0.0,1.0
407862,0,1,3400,-53,53,-675,10,18,0.50,79904.765625,0,2.1,0.0,0.0,0.0,0.0,0.0,0.0,0.0,1.0
408111,0,1,3400,-53,53,-679,13,18,0.63,64380.953125,8,2.1,0.0,0.0,0.0,0.0,0.0,0.0,0.0,1.0
408360,0,1,3400,-53,53,-679,12,18,0.50,48317.460938,0,2.1,2.0,0.0,16920.634766,50,0.0,0.0,0.0,1.0
408609,0,1,3400,-53,53,-679,10,19,0.50,53238.093750,0,2.1,0.048,0.0,1301.587280,62,0.0,0.0,0.0,1.0
408858,0,1,3400,-53,53,-681,11,18,0.75,53705.179688,8,2.1,0.048,0.0,0.0,0.0,0.0,0.0,0.0,1.0
409107,0,1,3400,-53,53,-680,3.8,18,0.50,42539.683594,0,2.1,0.0,0.0,0.0,0.0,0.0,0.0,0.0,1.0
409356,0,1,3400,-53,53,-678,8.1,18,0.85,53555.554688,7,2.1,5.7,0.0,9746.032227,0,0.0,0.0,0.0,1.0
409605,0,1,3400,-53,53,-679,14,18,0.54,31682.539062,14,2.1,12,0.0,0.0,0.0,0.0,0.0,0.0,1.0
409854,0,1,3400,-53,53,-680,12,18,0.50,32952.382812,0,2.1,12,0.0,0.0,0.0,0.0,0.0,0.0,1.0
410103,0,1,3400,-53,53,-671,14,18,0.50,58761.906250,0,2.1,12,0.0,0.0,0.0,0.0,0.0,0.0,1.0
410352,0,1,3400,-53,53,-678,13,18,0.50,48285.714844,0,2.1,13,40,0.0,80,0.0,0.0,0.0,1.0
410601,0,1,3400,-53,53,-680,10,18,0.50,37777.777344,0,2.1,14,40,0.0,0.0,0.0,0.0,0.0,1.0
410850,0,1,3400,-53,53,-683,13,19,0.50,80380.953125,0,2.1,7.3,0.0,7047.619141,20,0.0,0.0,0.0,1.0
411099,0,1,3400,-53,53,-681,15,18,0.50,42158.730469,0,2.1,6.5,0.0,0.0,0.0,0.0,0.0,0.0,1.0
411348,0,1,3400,-53,53,-677,14,18,0.56,69523.812500,7,2.1,4.9,0.0,57079.363281,31,0.0,0.0,0.0,1.0
411597,0,1,3400,-53,53,-680,13,18,1.2,58507.937500,8,2.1,0.0,0.0,0.0,0.0,0.0,0.0,0.0,1.0
411846,0,1,3400,-53,53,-683,13,18,0.50,79553.781250,0,2.1,0.0,0.0,0.0,0.0,0.0,0.0,0.0,1.0
412095,0,1,3400,-53,53,-681,13,18,0.50,59015.871094,0,2.1,0.0,0.0,0.0,0.0,0.0,0.0,0.0,1.0
412344,0,1,3400,-53,53,-685,12,19,0.50,77238.093750,0,2.1,4.4,0.0,6666.666504,67,0.0,0.0,0.0,1.0
412593,0,1,3400,-53,53,-679,12,18,0.50,32190.476562,0,2.1,22,0.0,0.0,0.0,0.0,0.0,0.0,1.0
412842,0,1,3400,-53,53,-677,13,18,0.50,53650.792969,0,2.1,22,0.0,0.0,0.0,0.0,0.0,0.0,1.0
413091,0,1,3400,-53,53,-679,13,18,0.50,32190.476562,0,2.1,22,0.0,0.0,0.0,0.0,0.0,0.0,1.0
413340,0,1,3400,-53,53,-680,13,18,0.54,54158.730469,9,2.1,22,0.0,0.0,80,0.0,0.0,0.0,1.0
413589,0,1,3400,-53,53,-679,13,18,0.54,59015.871094,8,2.1,23,0.0,0.0,0.0,0.0,0.0,0.0,1.0
413838,0,1,3400,-53,53,-682,13,18,0.50,42920.636719,0,2.1,23,0.0,0.0,0.0,0.0,0.0,0.0,1.0
414087,0,1,3400,-53,53,-685,9.6,18,0.81,63809.523438,8,2.1,23,0.0,0.0,0.0,0.0,0.0,0.0,1.0
414336,0,1,3400,-53,53,-679,11,18,0.50,65904.765625,0,2.1,13,0.0,11142.857422,36,0.0,0.0,0.0,1.0
414585,0,1,3400,-53,53,-680,8.7,18,0.50,53396.824219,0,2.1,0.0,0.0,0.0,0.0,0.0,0.0,0.0,1.0
414834,0,1,3400,-53,53,-687,12,17,0.50,27333.333984,0,2.1,0.0,0.0,0.0,0.0,0.0,0.0,0.0,1.0
415083,0,1,3400,-53,53,-687,12,19,0.50,59760.957031,0,2.1,0.0,0.0,0.0,0.0,0.0,0.0,0.0,1.0
415332,0,1,3400,-53,53,-677,13,18,0.50,37555.554688,0,2.1,0.0,0.0,8000.000000,0,0.0,0.0,0.0,1.0
415581,0,1,3400,-53,53,-672,13,18,0.50,26825.396484,0,2.1,0.0,0.0,0.0,0.0,0.0,0.0,0.0,1.0
415830,0,1,3400,-53,53,-677,14,18,0.50,63873.015625,0,2.1,0.0,0.0,0.0,0.0,0.0,0.0,0.0,1.0
416079,0,1,3400,-53,53,-681,12,18,0.50,96349.203125,0,2.1,0.0,0.0,0.0,0.0,0.0,0.0,0.0,1.0
416328,0,1,3400,-53,53,-683,13,18,0.53,59619.046875,0,2.1,1.3,0.0,0.0,80,0.0,0.0,0.0,1.0
416577,0,1,3400,-53,53,-683,12,18,1.2,37555.554688,0,2.1,8.0,0.0,0.0,0.0,0.0,0.0,0.0,1.0
416826,0,1,3400,-53,53,-677,13,18,0.72,80063.492188,0,2.1,8.0,0.0,0.0,0.0,0.0,0.0,0.0,1.0
417075,0,1,3400,-53,53,-682,16,18,0.50,47111.109375,0,2.1,8.0,0.0,0.0,0.0,0.0,0.0,0.0,1.0
417324,0,1,3400,-53,53,-695,9.6,18,0.50,48730.160156,0,2.1,5.8,0.0,8095.238281,0,0.0,0.0,0.0,1.0
417573,0,1,3400,-53,53,-689,13,18,0.50,42326.691406,0,2.1,0.0,0.0,0.0,0.0,0.0,0.0,0.0,1.0
417822,0,1,3400,-53,53,-683,13,18,0.50,74634.921875,0,2.1,0.0,0.0,0.0,0.0,0.0,0.0,0.0,1.0
418071,0,1,3400,-53,53,-678,13,18,0.50,37142.855469,0,2.1,0.0,0.0,0.0,0.0,0.0,0.0,0.0,1.0
418320,0,1,3400,-53,53,-672,11,18,0.75,42507.937500,0,2.1,7.0,0.0,292444.437500,55,0.0,0.0,0.0,1.0
418569,0,1,3400,-53,53,-679,15,18,0.86,80063.492188,0,2.1,16,0.0,0.0,0.0,0.0,0.0,0.0,1.0
418818,0,1,3400,-53,53,-682,13,18,0.96,53650.792969,9,2.1,16,0.0,0.0,0.0,0.0,0.0,0.0,1.0
419067,0,1,3400,-53,53,-681,13,19,0.95,64380.953125,0,2.1,16,0.0,0.0,0.0,0.0,0.0,0.0,1.0
419316,0,1,3400,-53,53,-675,13,18,0.50,42920.636719,0,2.1,8.4,0.0,7841.270020,0,0.0,0.0,0.0,1.0
419565,0,1,3400,-53,53,-682,8.9,18,0.70,63841.269531,6,2.1,0.0,0.0,0.0,0.0,0.0,0.0,0.0,1.0
419814,0,1,3400,-53,53,-685,11,19,0.50,73936.507812,0,2.1,0.0,0.0,0.0,0.0,0.0,0.0,0.0,1.0
420063,0,1,3400,-53,53,-676,11,18,0.70,58793.652344,8,2.1,0.0,0.0,0.0,0.0,0.0,0.0,0.0,1.0
420312,0,1,3400,-53,53,-683,11,19,0.50,53650.792969,0,2.1,6.2,0.0,23301.587891,20,0.0,0.0,0.0,1.0
420561,0,1,3400,-53,53,-681,13,19,0.50,64637.449219,0,2.1,14,0.0,0.0,0.0,0.0,0.0,0.0,1.0
420810,0,1,3400,-53,53,-685,13,18,0.50,64380.953125,0,2.1,14,0.0,0.0,0.0,0.0,0.0,0.0,1.0
421059,0,1,3400,-53,53,-687,13,18,0.61,53650.792969,0,2.1,14,0.0,0.0,0.0,0.0,0.0,0.0,1.0
421308,0,1,3400,-53,53,-686,13,18,0.50,53864.542969,0,2.1,14,0.0,0.0,80,0.0,0.0,0.0,1.0
421557,0,1,3400,-53,53,-681,14,18,0.50,47841.898438,0,2.1,16,0.0,0.0,0.0,0.0,0.0,0.0,1.0
421806,0,1,3400,-53,53,-674,13,18,0.56,75365.078125,7,2.1,16,0.0,0.0,0.0,0.0,0.0,0.0,1.0
422055,0,1,3400,-53,53,-679,13,17,0.50,63968.253906,0,2.1,16,0.0,0.0,0.0,0.0,0.0,0.0,1.0
422304,0,1,3400,-53,53,-682,13,18,0.50,85841.273438,0,2.1,8.1,0.0,12031.746094,0,0.0,0.0,0.0,1.0
422553,0,1,3400,-53,53,-680,13,18,0.50,53650.792969,0,2.1,0.0,0.0,0.0,0.0,0.0,0.0,0.0,1.0
422802,0,1,3400,-53,53,-679,13,19,0.50,37555.554688,0,2.1,0.0,0.0,0.0,0.0,0.0,0.0,0.0,1.0
423051,0,1,3400,-53,53,-682,14,18,0.50,42666.667969,0,2.1,0.0,0.0,0.0,0.0,0.0,0.0,0.0,1.0
423300,0,1,3400,-53,53,-682,12,19,0.50,48317.460938,0,2.1,4.1,0.0,23301.587891,0,0.0,0.0,0.0,1.0
423549,0,1,3400,-53,53,-682,11,18,0.54,32318.724609,14,2.1,14,0.0,0.0,0.0,0.0,0.0,0.0,1.0
423798,0,1,3400,-53,53,-678,10,18,0.50,32095.238281,0,2.1,14,0.0,0.0,0.0,0.0,0.0,0.0,1.0
424047,0,1,3400,-53,53,-678,15,18,0.50,79142.859375,0,2.1,14,0.0,0.0,0.0,0.0,0.0,0.0,1.0
424296,0,1,3400,-53,53,-676,13,17,0.70,32190.476562,14,2.1,13,0.0,16920.634766,50,0.0,0.0,0.0,1.0
424545,0,1,3400,-53,53,-679,14,18,0.50,64634.921875,0,2.1,0.0,0.0,6920.634766,0,0.0,0.0,0.0,1.0
424794,0,1,3400,-53,53,-680,11,18,1.3,55682.539062,9,2.1,0.0,0.0,0.0,0.0,0.0,0.0,0.0,1.0
425043,0,1,3400,-53,53,-680,9.1,17,1.0,58857.144531,8,2.1,0.0,0.0,0.0,0.0,0.0,0.0,0.0,1.0
425292,0,1,3400,-53,53,-674,14,18,0.50,37301.585938,0,2.1,4.8,0.0,7015.873047,20,0.0,0.0,0.0,1.0
425541,0,1,3400,-53,53,-679,16,18,0.54,52940.238281,0,2.1,10,0.0,0.0,0.0,0.0,0.0,0.0,1.0
425790,0,1,3400,-53,53,-688,11,19,0.50,54956.523438,0,2.1,10,0.0,0.0,0.0,0.0,0.0,0.0,1.0
426039,0,1,3400,-53,53,-683,14,18,0.50,58063.492188,0,2.1,10,0.0,0.0,0.0,0.0,0.0,0.0,1.0
426288,0,1,3400,-53,53,-682,11,19,0.53,54984.128906,8,2.1,11,0.0,23301.587891,33,0.0,0.0,0.0,1.0
426537,0,1,3400,-53,53,-677,13,18,0.50,64380.953125,0,2.1,14,0.0,0.0,0.0,0.0,0.0,0.0,1.0
426786,0,1,3400,-53,53,-684,13,18,0.50,53650.792969,0,2.1,14,0.0,0.0,0.0,0.0,0.0,0.0,1.0
427035,0,1,3400,-53,53,-685,11,18,0.50,22476.191406,0,2.1,14,0.0,0.0,0.0,0.0,0.0,0.0,1.0
427284,0,1,3400,-53,53,-677,12,18,0.50,74996.015625,0,2.1,13,0.0,23394.421875,0,0.0,0.0,0.0,1.0
427533,0,1,3400,-53,53,-674,9.4,18,0.75,32634.919922,0,2.1,14,0.0,0.0,0.0,0.0,0.0,0.0,1.0
427782,0,1,3400,-53,53,-683,10,18,0.50,69737.054688,0,2.1,14,0.0,0.0,0.0,0.0,0.0,0.0,1.0
428031,0,1,3400,-53,53,-687,13,18,0.65,42750.988281,11,2.1,14,0.0,0.0,0.0,0.0,0.0,0.0,1.0
428280,0,1,3400,-53,53,-681,13,18,0.60,48031.746094,10,2.1,15,0.0,16920.634766,67,0.0,0.0,0.0,1.0
428529,0,1,3400,-53,53,-673,17,17,0.50,52888.890625,0,2.1,0.048,0.0,6793.650879,20,0.0,0.0,0.0,1.0
428778,0,1,3400,-53,53,-679,13,19,0.50,42920.636719,0,2.1,0.0,0.0,0.0,0.0,0.0,0.0,0.0,1.0
429027,0,1,3400,-53,53,-690,11,18,0.82,53269.839844,9,2.1,0.0,0.0,0.0,0.0,0.0,0.0,0.0,1.0
429276,0,1,3400,-53,53,-681,14,18,1.0,48031.746094,10,2.1,4.6,0.0,18920.634766,27,0.0,0.0,0.0,1.0
429525,0,1,3400,-53,53,-677,11,17,0.50,27333.333984,0,2.1,12,0.0,0.0,0.0,0.0,0.0,0.0,1.0
429774,0,1,3400,-53,53,-686,12,17,0.50,37641.433594,0,2.1,12,0.0,0.0,0.0,0.0,0.0,0.0,1.0
430023,0,1,3400,-53,53,-677,13,18,0.73,59015.871094,8,2.1,12,0.0,0.0,0.0,0.0,0.0,0.0,1.0
430272,0,1,3400,-53,53,-677,11,18,0.50,32569.169922,0,2.1,13,0.0,35920.949219,11,0.0,0.0,0.0,1.0
430521,0,1,3400,-53,53,-678,11,18,0.50,43601.593750,0,2.1,12,0.0,0.0,0.0,0.0,0.0,0.0,1.0
430770,0,1,3400,-53,53,-683,10,18,0.78,69015.875000,7,2.1,12,0.0,0.0,0.0,0.0,0.0,0.0,1.0
431019,0,1,3400,-53,53,-681,13,19,0.50,37555.554688,0,2.1,12,0.0,0.0,0.0,0.0,0.0,0.0,1.0
431268,0,1,3400,-53,53,-674,13,18,0.50,81682.539062,0,2.1,12,0.0,16920.634766,50,0.0,0.0,0.0,1.0
431517,0,1,3400,-53,53,-678,12,18,0.50,52476.191406,0,2.1,0.048,0.0,10984.126953,44,0.0,0.0,0.0,1.0
431766,0,1,3400,-53,53,-682,14,18,0.50,58996.015625,0,2.1,0.0,0.0,0.0,0.0,0.0,0.0,0.0,1.0
432015,0,1,3400,-53,53,-685,13,18,0.50,59047.617188,0,2.1,0.0,0.0,0.0,0.0,0.0,0.0,0.0,1.0
432264,0,1,3400,-53,53,-689,13,17,0.87,64380.953125,8,2.1,0.0,0.0,8000.000000,0,0.0,0.0,0.0,1.0
432513,0,1,3400,-53,53,-684,13,18,0.50,63715.414062,0,2.1,0.0,0.0,0.0,0.0,0.0,0.0,0.0,1.0
432762,0,1,3400,-53,53,-682,13,18,1.0,53650.792969,9,2.1,0.0,0.0,0.0,0.0,0.0,0.0,0.0,1.0
433011,0,1,3400,-53,53,-682,10.0,18,0.50,59015.871094,0,2.1,0.0,0.0,0.0,0.0,0.0,0.0,0.0,1.0
433260,0,1,3400,-53,53,-681,15,18,0.60,90031.742188,6,2.1,2.5,0.0,7555.555664,53,0.0,0.0,0.0,1.0
433509,0,1,3400,-53,53,-685,15,18,0.64,106581.671875,5,2.1,0.0,0.0,0.0,0.0,0.0,0.0,0.0,1.0
433758,0,1,3400,-53,53,-693,13,18,0.50,58656.125000,0,2.1,0.0,0.0,0.0,0.0,0.0,0.0,0.0,1.0
434007,0,1,3400,-53,53,-685,13,18,0.50,53482.070312,0,2.1,0.0,0.0,0.0,0.0,0.0,0.0,0.0,1.0
434256,0,1,3400,-53,53,-680,7.2,18,0.60,42645.417969,9,2.1,3.7,0.0,0.0,80,0.0,0.0,0.0,1.0
434505,0,1,3400,-53,53,-679,9.6,18,0.50,59555.554688,0,2.1,7.5,0.0,0.0,0.0,0.0,0.0,0.0,1.0
434754,0,1,3400,-53,53,-676,13,18,0.74,58782.609375,8,2.1,7.5,0.0,0.0,0.0,0.0,0.0,0.0,1.0
435003,0,1,3400,-53,53,-675,10,18,0.50,66412.695312,0,2.1,7.5,0.0,0.0,0.0,0.0,0.0,0.0,1.0
435252,0,1,3400,-53,53,-678,15,19,0.50,53396.824219,0,2.1,9.6,0.0,175174.609375,60,0.0,0.0,0.0,1.0
435501,0,1,3400,-53,53,-680,14,18,0.50,84825.398438,0,2.1,16,0.0,0.0,0.0,0.0,0.0,0.0,1.0
435750,0,1,3400,-53,53,-677,12,18,0.50,60031.746094,0,2.1,16,0.0,0.0,0.0,0.0,0.0,0.0,1.0
435999,0,1,3400,-53,53,-668,12,18,0.50,53174.601562,0,2.1,16,0.0,0.0,0.0,0.0,0.0,0.0,1.0
436248,0,1,3400,-53,53,-680,12,18,0.50,32444.445312,0,2.1,11,0.0,43714.285156,6,0.0,0.0,0.0,1.0
436497,0,1,3400,-53,53,-674,13,18,1.3,32318.724609,14,2.1,0.0,0.0,0.0,0.0,0.0,0.0,0.0,1.0
436746,0,1,3400,-53,53,-670,9.3,18,0.50,37587.300781,0,2.1,0.0,0.0,0.0,0.0,0.0,0.0,0.0,1.0
436995,0,1,3400,-53,53,-680,13,18,0.50,63873.015625,0,2.1,0.0,0.0,0.0,0.0,0.0,0.0,0.0,1.0
437244,0,1,3400,-53,53,-688,12,18,0.50,64888.890625,0,2.1,6.4,0.0,23301.587891,0,0.0,0.0,0.0,1.0
437493,0,1,3400,-53,53,-686,13,18,0.63,59015.871094,0,2.1,14,0.0,0.0,0.0,0.0,0.0,0.0,1.0
437742,0,1,3400,-53,53,-679,13,18,0.50,59015.871094,0,2.1,14,0.0,0.0,0.0,0.0,0.0,0.0,1.0
437991,0,1,3400,-53,53,-686,12,18,0.50,59492.062500,0,2.1,14,0.0,0.0,0.0,0.0,0.0,0.0,1.0
438240,0,1,3400,-53,53,-685,12,18,0.50,48031.746094,0,2.1,14,40,0.0,80,0.0,0.0,0.0,1.0
438489,0,1,3400,-53,53,-679,8.3,18,0.54,55840.636719,0,2.1,15,0.0,5513.944336,0,0.0,0.0,0.0,1.0
438738,0,1,3400,-53,53,-676,12,18,0.50,53650.792969,0,2.1,4.0,0.0,3111.111084,60,0.0,0.0,0.0,1.0
438987,0,1,3400,-53,53,-682,13,19,0.56,89517.789062,0,2.1,4.0,0.0,0.0,0.0,0.0,0.0,0.0,1.0
439236,0,1,3400,-53,53,-677,15,18,0.50,37555.554688,0,2.1,2.0,0.0,7841.270020,0,0.0,0.0,0.0,1.0
439485,0,1,3400,-53,53,-675,12,19,0.52,77269.843750,0,2.1,0.0,0.0,0.0,0.0,0.0,0.0,0.0,1.0
439734,0,1,3400,-53,53,-674,12,18,0.50,85587.304688,0,2.1,0.0,0.0,0.0,0.0,0.0,0.0,0.0,1.0
439983,0,1,3400,-53,53,-682,12,18,0.50,59250.996094,0,2.1,0.0,0.0,0.0,0.0,0.0,0.0,0.0,1.0
440232,0,1,3400,-53,53,-685,13,17,0.50,37555.554688,0,2.1,3.7,0.0,0.0,80,0.0,0.0,0.0,1.0
440481,0,1,3400,-53,53,-681,10,18,0.50,58868.527344,0,2.1,7.5,0.0,0.0,0.0,0.0,0.0,0.0,1.0
440730,0,1,3400,-53,53,-683,7.5,18,0.56,48730.160156,0,2.1,7.5,0.0,0.0,0.0,0.0,0.0,0.0,1.0
440979,0,1,3400,-53,53,-685,13,18,0.50,59015.871094,0,2.1,7.5,0.0,0.0,0.0,0.0,0.0,0.0,1.0
441228,0,1,3400,-53,53,-692,13,18,0.50,69976.281250,0,2.1,4.1,0.0,56505.929688,0,0.0,0.0,0.0,1.0
441477,0,1,3400,-53,53,-685,12,18,0.50,48031.746094,0,2.1,0.0,0.0,0.0,0.0,0.0,0.0,0.0,1.0
441726,0,1,3400,-53,53,-682,7.7,17,0.51,47555.554688,9,2.1,0.0,0.0,0.0,0.0,0.0,0.0,0.0,1.0
441975,0,1,3400,-53,53,-680,14,18,0.50,79396.828125,0,2.1,0.0,0.0,0.0,0.0,0.0,0.0,0.0,1.0
442224,0,1,3400,-53,53,-681,13,19,0.65,75111.109375,7,2.1,0.0,0.0,7936.507812,0,0.0,0.0,0.0,1.0
442473,0,1,3400,-53,53,-679,13,19,0.93,59015.871094,8,2.1,0.0,0.0,0.0,0.0,0.0,0.0,0.0,1.0
442722,0,1,3400,-53,53,-679,13,17,0.51,37142.855469,0,2.1,0.0,0.0,0.0,0.0,0.0,0.0,0.0,1.0
442971,0,1,3400,-53,53,-675,13,18,1.0,64637.449219,8,2.1,0.0,0.0,0.0,0.0,0.0,0.0,0.0,1.0
443220,0,1,3400,-53,53,-684,13,19,0.53,64380.953125,0,2.1,6.5,0.0,46000.000000,44,0.0,0.0,0.0,1.0
443469,0,1,3400,-53,53,-683,15,18,1.5,36539.683594,12,2.1,14,0.0,0.0,0.0,0.0,0.0,0.0,1.0
443718,0,1,3400,-53,53,-677,13,19,0.50,85777.781250,0,2.1,14,0.0,0.0,0.0,0.0,0.0,0.0,1.0
443967,0,1,3400,-53,53,-682,13,18,0.50,31936.507812,0,2.1,14,0.0,0.0,0.0,0.0,0.0,0.0,1.0
444216,0,1,3400,-53,53,-682,13,18,0.57,32190.476562,0,2.1,14,0.0,23301.587891,0,0.0,0.0,0.0,1.0
444465,0,1,3400,-53,53,-681,13,18,0.81,32190.476562,0,2.1,14,0.0,0.0,0.0,0.0,0.0,0.0,1.0
444714,0,1,3400,-53,53,-685,12,18,0.50,74952.382812,0,2.1,14,0.0,0.0,0.0,0.0,0.0,0.0,1.0
444963,0,1,3400,-53,53,-681,11,18,0.50,84793.648438,0,2.1,14,0.0,0.0,0.0,0.0,0.0,0.0,1.0
445212,0,1,3400,-53,53,-677,12,19,0.53,48988.046875,0,2.1,13,0.0,23394.421875,0,0.0,0.0,0.0,1.0
445461,0,1,3400,-53,53,-679,13,18,0.96,37555.554688,12,2.1,14,0.0,0.0,0.0,0.0,0.0,0.0,1.0
445710,0,1,3400,-53,53,-683,9.1,18,0.50,52806.324219,0,2.1,14,0.0,0.0,0.0,0.0,0.0,0.0,1.0
445959,0,1,3400,-53,53,-682,13,18,0.50,42507.937500,0,2.1,14,0.0,0.0,0.0,0.0,0.0,0.0,1.0
446208,0,1,3400,-53,53,-677,14,18,0.50,64222.222656,0,2.1,14,0.0,0.0,80,0.0,0.0,0.0,1.0
446457,0,1,3400,-53,53,-687,13,17,0.50,37555.554688,0,2.1,15,0.0,0.0,0.0,0.0,0.0,0.0,1.0
446706,0,1,3400,-53,53,-688,13,18,0.50,86183.265625,0,2.1,15,0.0,0.0,0.0,0.0,0.0,0.0,1.0
446955,0,1,3400,-53,53,-680,12,18,0.66,38063.492188,0,2.1,15,0.0,0.0,0.0,0.0,0.0,0.0,1.0
447204,0,1,3400,-53,53,-682,13,18,0.50,53864.542969,0,2.1,14,0.0,104031.875000,0,0.0,0.0,0.0,1.0
447453,0,1,3400,-53,53,-680,10,17,1.1,58126.984375,8,2.1,14,0.0,0.0,0.0,0.0,0.0,0.0,1.0
447702,0,1,3400,-53,53,-684,12,18,0.50,48031.746094,0,2.1,14,0.0,0.0,0.0,0.0,0.0,0.0,1.0
447951,0,1,3400,-53,53,-689,11,18,0.50,63873.519531,0,2.1,14,0.0,0.0,0.0,0.0,0.0,0.0,1.0
448200,0,1,3400,-53,53,-679,8.2,18,0.50,74857.140625,0,2.1,9.4,0.0,23587.300781,31,0.0,0.0,0.0,1.0
448449,0,1,3400,-53,53,-680,12,18,0.63,58761.906250,8,2.1,0.0,0.0,0.0,0.0,0.0,0.0,0.0,1.0
448698,0,1,3400,-53,53,-685,16,18,1.2,47269.839844,0,2.1,0.0,0.0,0.0,0.0,0.0,0.0,0.0,1.0
448947,0,1,3400,-53,53,-680,12,18,0.50,53587.300781,0,2.1,0.0,0.0,0.0,0.0,0.0,0.0,0.0,1.0
449196,0,1,3400,-53,53,-674,13,18,0.51,64637.449219,0,2.1,4.1,0.0,79553.781250,64,0.0,0.0,0.0,1.0
449445,0,1,3400,-53,53,-678,11,18,0.50,71523.812500,0,2.1,16,0.0,0.0,0.0,0.0,0.0,0.0,1.0
449694,0,1,3400,-53,53,-679,9.7,17,0.50,48793.652344,0,2.1,16,0.0,0.0,0.0,0.0,0.0,0.0,1.0
449943,0,1,3400,-53,53,-682,11,17,0.51,63620.554688,8,2.1,16,0.0,0.0,0.0,0.0,0.0,0.0,1.0
450192,0,1,3400,-53,53,-677,10.0,18,0.52,69896.414062,0,2.1,12,0.0,114517.929688,15,0.0,0.0,0.0,1.0
450441,0,1,3400,-53,53,-673,13,18,0.50,80476.187500,0,2.1,6.5,0.0,0.0,0.0,0.0,0.0,0.0,1.0
450690,0,1,3400,-53,53,-683,8.9,18,0.50,71396.828125,0,2.1,6.5,0.0,0.0,0.0,0.0,0.0,0.0,1.0
450939,0,1,3400,-53,53,-682,13,18,0.51,64634.921875,0,2.1,6.5,0.0,0.0,0.0,0.0,0.0,0.0,1.0
451188,0,1,3400,-53,53,-682,11,18,0.50,32828.683594,0,2.1,7.5,0.0,3601.593506,50,0.0,0.0,0.0,1.0
451437,0,1,3400,-53,53,-676,11,17,0.50,58222.222656,0,2.1,0.0,0.0,6920.634766,0,0.0,0.0,0.0,1.0
451686,0,1,3400,-53,53,-679,13,19,0.50,26825.396484,0,2.1,0.0,0.0,0.0,0.0,0.0,0.0,0.0,1.0
451935,0,1,3400,-53,53,-682,13,18,0.53,37555.554688,12,2.1,0.0,0.0,0.0,0.0,0.0,0.0,0.0,1.0
452184,0,1,3400,-53,53,-683,13,19,0.53,26719.367188,17,2.1,2.1,0.0,16853.755859,50,0.0,0.0,0.0,1.0
452433,0,1,3400,-53,53,-676,14,18,1.7,37301.585938,0,2.1,0.0,0.0,6920.634766,0,0.0,0.0,0.0,1.0
452682,0,1,3400,-53,53,-678,13,18,0.50,75111.109375,0,2.1,0.0,0.0,0.0,0.0,0.0,0.0,0.0,1.0
452931,0,1,3400,-53,53,-679,13,18,0.50,85768.921875,0,2.1,0.0,0.0,0.0,0.0,0.0,0.0,0.0,1.0
453180,0,1,3400,-53,53,-677,13,18,0.51,85428.570312,0,2.1,0.0,0.0,8095.238281,0,0.0,0.0,0.0,1.0
453429,0,1,3400,-53,53,-675,12,17,0.50,74634.921875,0,2.1,0.0,0.0,0.0,0.0,0.0,0.0,0.0,1.0
453678,0,1,3400,-53,53,-683,8.8,18,0.70,37195.218750,12,2.1,0.0,0.0,0.0,0.0,0.0,0.0,0.0,1.0
453927,0,1,3400,-53,53,-687,7.3,19,0.65,38920.636719,0,2.1,0.0,0.0,0.0,0.0,0.0,0.0,0.0,1.0
454176,0,1,3400,-53,53,-680,6.9,19,0.51,80793.648438,0,2.1,1.7,0.0,10253.967773,57,0.0,0.0,0.0,1.0
454425,0,1,3400,-53,53,-680,7.3,19,0.50,53280.632812,0,2.1,0.0,0.0,0.0,0.0,0.0,0.0,0.0,1.0
454674,0,1,3400,-53,53,-679,13,18,0.50,48285.714844,0,2.1,0.0,0.0,0.0,0.0,0.0,0.0,0.0,1.0
454923,0,1,3400,-53,53,-682,12,18,0.53,69936.507812,8,2.1,0.0,0.0,0.0,0.0,0.0,0.0,0.0,1.0
455172,0,1,3400,-53,53,-674,11,18,0.50,42920.636719,0,2.1,1.9,0.0,111047.617188,60,0.0,0.0,0.0,1.0
455421,0,1,3400,-53,53,-680,15,18,0.50,25809.523438,0,2.1,16,0.0,60571.429688,91,0.0,0.0,0.0,1.0
455670,0,1,3400,-53,53,-676,14,18,0.85,44111.554688,20,2.1,16,0.0,0.0,0.0,0.0,0.0,0.0,1.0
455919,0,1,3400,-53,53,-680,13,17,0.55,69746.031250,0,2.1,16,0.0,0.0,0.0,0.0,0.0,0.0,1.0
456168,0,1,3400,-53,53,-684,13,18,0.50,32318.724609,0,2.1,14,0.0,8509.959961,0,0.0,0.0,0.0,1.0
456417,0,1,3400,-53,53,-684,13,18,0.50,42920.636719,0,2.1,12,0.0,0.0,0.0,0.0,0.0,0.0,1.0
456666,0,1,3400,-53,53,-680,13,19,0.50,37407.113281,0,2.1,12,0.0,0.0,0.0,0.0,0.0,0.0,1.0
456915,0,1,3400,-53,53,-678,11,18,0.50,47809.523438,0,2.1,12,0.0,0.0,0.0,0.0,0.0,0.0,1.0
457164,0,1,3400,-53,53,-678,13,18,0.50,48285.714844,0,2.1,13,0.0,12507.936523,0,0.0,0.0,0.0,1.0
457413,0,1,3400,-53,53,-684,10,18,0.56,48126.984375,0,2.1,14,0.0,0.0,0.0,0.0,0.0,0.0,1.0
457662,0,1,3400,-53,53,-678,6.6,18,0.50,74158.726562,0,2.1,14,0.0,0.0,0.0,0.0,0.0,0.0,1.0
457911,0,1,3400,-53,53,-676,13,18,0.51,53650.792969,0,2.1,14,0.0,0.0,0.0,0.0,0.0,0.0,1.0
458160,0,1,3400,-53,53,-679,13,18,1.3,37705.179688,22,2.1,9.4,0.0,23808.765625,36,0.0,0.0,0.0,1.0
458409,0,1,3400,-53,53,-679,13,19,0.64,54666.667969,0,2.1,0.0,0.0,0.0,0.0,0.0,0.0,0.0,1.0
458658,0,1,3400,-53,53,-677,13,18,0.51,75111.109375,0,2.1,0.0,0.0,0.0,0.0,0.0,0.0,0.0,1.0
458907,0,1,3400,-53,53,-677,13,17,0.63,87019.765625,6,2.1,0.0,0.0,0.0,0.0,0.0,0.0,0.0,1.0
459156,0,1,3400,-53,53,-687,12,18,0.50,69960.156250,0,2.1,3.0,0.0,31458.167969,22,0.0,0.0,0.0,1.0
459405,0,1,3400,-53,53,-687,15,19,1.4,101492.062500,9,2.1,6.4,0.0,0.0,0.0,0.0,0.0,0.0,1.0
459654,0,1,3400,-53,53,-692,11,19,0.89,75301.585938,6,2.1,6.5,0.0,0.0,0.0,0.0,0.0,0.0,1.0
459903,0,1,3400,-53,53,-678,5.7,18,0.50,42761.906250,0,2.1,6.5,0.0,0.0,0.0,0.0,0.0,0.0,1.0
460152,0,1,3400,-53,53,-680,12,17,0.50,64637.449219,0,2.1,6.3,0.0,18486.056641,14,0.0,0.0,0.0,1.0
460401,0,1,3400,-53,53,-681,12,18,0.50,37809.523438,0,2.1,7.0,0.0,0.0,0.0,0.0,0.0,0.0,1.0
460650,0,1,3400,-53,53,-678,11,18,0.50,53523.808594,0,2.1,7.0,0.0,0.0,0.0,0.0,0.0,0.0,1.0
460899,0,1,3400,-53,53,-679,11,17,0.50,71777.781250,0,2.1,7.0,0.0,0.0,0.0,0.0,0.0,0.0,1.0
461148,0,1,3400,-53,53,-679,13,19,0.50,21375.494141,0,2.1,9.2,0.0,23209.486328,0,0.0,0.0,0.0,1.0
461397,0,1,3400,-53,53,-688,13,18,0.59,27187.251953,0,2.1,14,0.0,0.0,0.0,0.0,0.0,0.0,1.0
461646,0,1,3400,-53,53,-682,13,18,0.67,80158.101562,6,2.1,14,0.0,0.0,0.0,0.0,0.0,0.0,1.0
461895,0,1,3400,-53,53,-678,11,17,0.50,54190.476562,0,2.1,14,0.0,0.0,0.0,0.0,0.0,0.0,1.0
462144,0,1,3400,-53,53,-675,13,18,0.50,53864.542969,0,2.1,14,0.0,0.0,80,0.0,0.0,0.0,1.0
462393,0,1,3400,-53,53,-681,13,18,0.50,64000.000000,0,2.1,14,0.0,0.0,0.0,0.0,0.0,0.0,1.0
462642,0,1,3400,-53,53,-682,13,18,0.50,48285.714844,0,2.1,14,0.0,0.0,0.0,0.0,0.0,0.0,1.0
462891,0,1,3400,-53,53,-683,13,18,0.78,64380.953125,14,2.1,14,0.0,0.0,0.0,0.0,0.0,0.0,1.0
463140,0,1,3400,-53,53,-678,13,18,0.50,74814.226562,0,2.1,7.2,0.0,5944.664062,0,0.0,0.0,0.0,1.0
463389,0,1,3400,-53,53,-678,8.7,18,0.50,48095.238281,0,2.1,0.0,0.0,0.0,0.0,0.0,0.0,0.0,1.0
463638,0,1,3400,-53,53,-679,12,18,0.50,75619.046875,0,2.1,0.0,0.0,0.0,0.0,0.0,0.0,0.0,1.0
463887,0,1,3400,-53,53,-686,14,18,0.50,63619.046875,0,2.1,0.0,0.0,0.0,0.0,0.0,0.0,0.0,1.0
464136,0,1,3400,-53,53,-680,13,18,0.50,69746.031250,0,2.1,1.5,0.0,9111.111328,57,0.0,0.0,0.0,1.0
464385,0,1,3400,-53,53,-671,10,18,1.3,43250.996094,15,2.1,0.0,0.0,0.0,0.0,0.0,0.0,0.0,1.0
464634,0,1,3400,-53,53,-677,10,18,0.77,65682.539062,7,2.1,0.0,0.0,0.0,0.0,0.0,0.0,0.0,1.0
464883,0,1,3400,-53,53,-679,10,18,0.50,74317.460938,0,2.1,0.0,0.0,0.0,0.0,0.0,0.0,0.0,1.0
465132,0,1,3400,-53,53,-692,9.8,18,0.50,48222.222656,0,2.1,0.0,0.0,7841.270020,0,0.0,0.0,0.0,1.0
465381,0,1,3400,-53,53,-679,13,18,0.50,47588.933594,0,2.1,0.0,0.0,0.0,0.0,0.0,0.0,0.0,1.0
465630,0,1,3400,-53,53,-676,7.4,18,0.50,26666.666016,0,2.1,0.0,0.0,0.0,0.0,0.0,0.0,0.0,1.0
465879,0,1,3400,-53,53,-680,11,18,0.85,70278.882812,6,2.1,0.0,0.0,0.0,0.0,0.0,0.0,0.0,1.0
466128,0,1,3400,-53,53,-677,11,18,0.50,64317.460938,0,2.1,3.9,80,0.0,80,0.0,0.0,0.0,1.0
466377,0,1,3400,-53,53,-682,12,18,0.50,32254.980469,0,2.1,7.9,0.0,5513.944336,0,0.0,0.0,0.0,1.0
466626,0,1,3400,-53,53,-683,14,18,0.50,74308.296875,0,2.1,0.0,0.0,3193.675781,0,0.0,0.0,0.0,1.0
466875,0,1,3400,-53,53,-678,10,18,0.50,75027.890625,0,2.1,0.0,0.0,0.0,0.0,0.0,0.0,0.0,1.0
467124,0,1,3400,-53,53,-675,11,17,0.50,54095.238281,0,2.1,0.67,0.0,30920.634766,0,0.0,0.0,0.0,1.0
467373,0,1,3400,-53,53,-680,15,18,0.50,10476.190430,0,2.1,0.0,0.0,0.0,0.0,0.0,0.0,0.0,1.0
467622,0,1,3400,-53,53,-686,13,18,0.56,48094.863281,0,2.1,0.0,0.0,0.0,0.0,0.0,0.0,0.0,1.0
467871,0,1,3400,-53,53,-684,7.4,19,0.50,37111.109375,0,2.1,0.0,0.0,0.0,0.0,0.0,0.0,0.0,1.0
468120,0,1,3400,-53,53,-689,11,18,0.50,48285.714844,0,2.1,6.7,0.0,12507.936523,0,0.0,0.0,0.0,1.0
468369,0,1,3400,-53,53,-684,14,18,0.50,58095.238281,0,2.1,14,0.0,0.0,0.0,0.0,0.0,0.0,1.0
468618,0,1,3400,-53,53,-685,13,18,0.50,43091.632812,0,2.1,14,0.0,0.0,0.0,0.0,0.0,0.0,1.0
468867,0,1,3400,-53,53,-684,8.3,18,0.99,32414.341797,12,2.1,14,0.0,0.0,0.0,0.0,0.0,0.0,1.0
469116,0,1,3400,-53,53,-682,13,19,0.56,87142.859375,6,2.1,14,0.0,23301.587891,0,0.0,0.0,0.0,1.0
469365,0,1,3400,-53,53,-685,12,18,0.79,75111.109375,0,2.1,14,0.0,0.0,0.0,0.0,0.0,0.0,1.0
469614,0,1,3400,-53,53,-688,9.9,18,1.1,66920.632812,12,2.1,14,0.0,0.0,0.0,0.0,0.0,0.0,1.0
469863,0,1,3400,-53,53,-683,13,18,0.57,53312.253906,0,2.1,14,0.0,0.0,0.0,0.0,0.0,0.0,1.0
470112,0,1,3400,-53,53,-683,9.7,17,0.50,21333.333984,0,2.1,14,40,0.0,80,0.0,0.0,0.0,1.0
470361,0,1,3400,-53,53,-678,13,19,0.50,74698.414062,0,2.1,14,0.0,5492.063477,0,0.0,0.0,0.0,1.0
470610,0,1,3400,-53,53,-675,12,18,0.78,74730.156250,7,2.1,4.0,0.0,1555.555542,0,0.0,0.0,0.0,1.0
470859,0,1,3400,-53,53,-678,12,19,0.50,37641.433594,0,2.1,4.0,0.0,0.0,0.0,0.0,0.0,0.0,1.0
471108,0,1,3400,-53,53,-681,12,18,0.50,42920.636719,0,2.1,4.9,0.0,23841.269531,36,0.0,0.0,0.0,1.0
471357,0,1,3400,-53,53,-681,13,18,0.50,75111.109375,0,2.1,0.0,0.0,0.0,0.0,0.0,0.0,0.0,1.0
471606,0,1,3400,-53,53,-687,13,19,0.54,48285.714844,0,2.1,0.0,0.0,0.0,0.0,0.0,0.0,0.0,1.0
471855,0,1,3400,-53,53,-680,13,18,0.50,64380.953125,0,2.1,0.0,0.0,0.0,0.0,0.0,0.0,0.0,1.0
472104,0,1,3400,-53,53,-677,12,18,0.50,54666.667969,0,2.1,0.0,0.0,12285.713867,0,0.0,0.0,0.0,1.0
472353,0,1,3400,-53,53,-679,12,17,0.50,37396.824219,0,2.1,0.0,0.0,0.0,0.0,0.0,0.0,0.0,1.0
472602,0,1,3400,-53,53,-684,11,19,0.50,63968.253906,0,2.1,0.0,0.0,0.0,0.0,0.0,0.0,0.0,1.0
472851,0,1,3400,-53,53,-683,15,18,0.50,74190.476562,0,2.1,0.0,0.0,0.0,0.0,0.0,0.0,0.0,1.0
473100,0,1,3400,-53,53,-679,15,18,0.50,53864.542969,0,2.1,6.4,0.0,23394.421875,0,0.0,0.0,0.0,1.0
473349,0,1,3400,-53,53,-680,10,18,0.85,59047.617188,7,2.1,14,0.0,0.0,0.0,0.0,0.0,0.0,1.0
473598,0,1,3400,-53,53,-682,15,19,0.50,37142.855469,0,2.1,14,0.0,0.0,0.0,0.0,0.0,0.0,1.0
473847,0,1,3400,-53,53,-679,13,18,0.51,75111.109375,0,2.1,14,0.0,0.0,0.0,0.0,0.0,0.0,1.0
474096,0,1,3400,-53,53,-684,12,17,0.60,48190.476562,9,2.1,14,0.0,0.0,80,0.0,0.0,0.0,1.0
474345,0,1,3400,-53,53,-685,13,18,0.50,42750.988281,0,2.1,15,0.0,0.0,0.0,0.0,0.0,0.0,1.0
474594,0,1,3400,-53,53,-679,13,18,0.52,80476.187500,0,2.1,15,0.0,0.0,0.0,0.0,0.0,0.0,1.0
474843,0,1,3400,-53,53,-686,13,19,0.50,32190.476562,0,2.1,15,0.0,0.0,0.0,0.0,0.0,0.0,1.0
475092,0,1,3400,-53,53,-680,13,18,0.50,48285.714844,0,2.1,7.9,0.0,8095.238281,0,0.0,0.0,0.0,1.0
475341,0,1,3400,-53,53,-683,13,19,0.50,80796.812500,0,2.1,0.0,0.0,0.0,0.0,0.0,0.0,0.0,1.0
475590,0,1,3400,-53,53,-686,13,19,0.53,42920.636719,0,2.1,0.0,0.0,0.0,0.0,0.0,0.0,0.0,1.0
475839,0,1,3400,-53,53,-684,13,19,0.50,80796.812500,0,2.1,0.0,0.0,0.0,0.0,0.0,0.0,0.0,1.0
476088,0,1,3400,-53,53,-680,11,19,0.50,79841.273438,0,2.1,0.0,0.0,7841.270020,0,0.0,0.0,0.0,1.0
476337,0,1,3400,-53,53,-677,9.9,18,1.1,64094.863281,7,2.1,0.0,0.0,0.0,0.0,0.0,0.0,0.0,1.0
476586,0,1,3400,-53,53,-672,15,18,0.50,64730.160156,0,2.1,0.0,0.0,0.0,0.0,0.0,0.0,0.0,1.0
476835,0,1,3400,-53,53,-677,13,17,0.79,59015.871094,0,2.1,0.0,0.0,0.0,0.0,0.0,0.0,0.0,1.0
477084,0,1,3400,-53,53,-679,13,19,0.56,79809.523438,0,2.1,3.0,0.0,14698.413086,29,0.0,0.0,0.0,1.0
477333,0,1,3400,-53,53,-677,13,18,0.50,48478.085938,0,2.1,7.0,0.0,0.0,0.0,0.0,0.0,0.0,1.0
477582,0,1,3400,-53,53,-685,13,18,1.1,37555.554688,12,2.1,7.0,0.0,0.0,0.0,0.0,0.0,0.0,1.0
477831,0,1,3400,-53,53,-691,13,18,0.50,32190.476562,0,2.1,7.0,0.0,0.0,0.0,0.0,0.0,0.0,1.0
478080,0,1,3400,-53,53,-677,13,18,0.50,32190.476562,0,2.1,9.2,0.0,23301.587891,0,0.0,0.0,0.0,1.0
478329,0,1,3400,-53,53,-672,12,18,0.50,70000.000000,0,2.1,14,0.0,0.0,0.0,0.0,0.0,0.0,1.0
478578,0,1,3400,-53,53,-680,11,17,0.50,42750.988281,0,2.1,14,0.0,0.0,0.0,0.0,0.0,0.0,1.0
478827,0,1,3400,-53,53,-685,13,18,0.58,37705.179688,0,2.1,14,0.0,0.0,0.0,0.0,0.0,0.0,1.0
479076,0,1,3400,-53,53,-680,12,18,1.2,31650.792969,29,2.1,14,0.0,0.0,0,0.0,0.0,0.0,1.0
479325,0,1,3400,-53,53,-685,11,18,0.50,97019.921875,0,2.1,13,0.0,23394.421875,0,0.0,0.0,0.0,1.0
479574,0,1,3400,-53,53,-686,14,19,0.50,80222.218750,0,2.1,14,0.0,0.0,0.0,0.0,0.0,0.0,1.0
479823,0,1,3400,-53,53,-685,12,18,0.50,106634.921875,0,2.1,14,0.0,0.0,0.0,0.0,0.0,0.0,1.0
480072,0,1,3400,-53,53,-689,8.5,17,1.4,47809.523438,8,2.1,14,0.0,23587.300781,0,0.0,0.0,0.0,1.0
480321,0,1,3400,-53,53,-687,11,19,0.51,21142.857422,0,2.1,14,0.0,0.0,0.0,0.0,0.0,0.0,1.0
480570,0,1,3400,-53,53,-680,14,19,0.64,32190.476562,14,2.1,14,0.0,0.0,0.0,0.0,0.0,0.0,1.0
480819,0,1,3400,-53,53,-687,12,19,0.50,80063.242188,0,2.1,14,0.0,0.0,0.0,0.0,0.0,0.0,1.0
481068,0,1,3400,-53,53,-685,13,18,0.50,58603.175781,0,2.1,15,0.0,3079.364990,73,0.0,0.0,0.0,1.0
481317,0,1,3400,-53,53,-685,13,18,0.65,37555.554688,12,2.1,21,0.0,0.0,0.0,0.0,0.0,0.0,1.0
481566,0,1,3400,-53,53,-679,13,19,0.50,59250.996094,0,2.1,21,0.0,0.0,0.0,0.0,0.0,0.0,1.0
481815,0,1,3400,-53,53,-670,9.5,19,0.50,37142.855469,0,2.1,21,0.0,0.0,0.0,0.0,0.0,0.0,1.0
482064,0,1,3400,-53,53,-683,8.2,18,0.50,37492.062500,0,2.1,17,0.0,23301.587891,0,0.0,0.0,0.0,1.0
482313,0,1,3400,-53,53,-681,13,18,2.0,16159.362305,25,2.1,14,0.0,0.0,0.0,0.0,0.0,0.0,1.0
482562,0,1,3400,-53,53,-680,12,18,1.7,37396.824219,11,2.1,14,0.0,0.0,0.0,0.0,0.0,0.0,1.0
482811,0,1,3400,-53,53,-680,13,19,0.50,32190.476562,0,2.1,14,0.0,0.0,0.0,0.0,0.0,0.0,1.0
483060,0,1,3400,-53,53,-677,11,18,0.50,65644.265625,0,2.1,15,0.0,23209.486328,58,0.0,0.0,0.0,1.0
483309,0,1,3400,-53,53,-676,11,18,0.91,84222.218750,0,2.1,0.74,0.0,6920.634766,33,0.0,0.0,0.0,1.0
483558,0,1,3400,-53,53,-671,13,18,1.5,42920.636719,11,2.1,0.0,0.0,0.0,0.0,0.0,0.0,0.0,1.0
483807,0,1,3400,-53,53,-679,13,18,0.50,70023.906250,0,2.1,0.0,0.0,0.0,0.0,0.0,0.0,0.0,1.0
484056,0,1,3400,-53,53,-687,16,18,0.50,46888.890625,0,2.1,4.4,0.0,194253.968750,55,0.0,0.0,0.0,1.0
484305,0,1,3400,-53,53,-690,10,18,0.50,52920.636719,0,2.1,16,0.0,0.0,0.0,0.0,0.0,0.0,1.0
484554,0,1,3400,-53,53,-678,10,19,0.50,58603.175781,0,2.1,16,0.0,0.0,0.0,0.0,0.0,0.0,1.0
484803,0,1,3400,-53,53,-676,13,18,0.50,48285.714844,0,2.1,16,0.0,0.0,0.0,0.0,0.0,0.0,1.0
485052,0,1,3400,-53,53,-676,16,18,0.51,26571.427734,17,2.1,8.7,0.0,12031.746094,14,0.0,0.0,0.0,1.0
485301,0,1,3400,-53,53,-691,12,17,1.0,36984.128906,18,2.1,0.0,0.0,0.0,0.0,0.0,0.0,0.0,1.0
485550,0,1,3400,-53,53,-689,12,18,0.65,70476.187500,0,2.1,0.0,0.0,0.0,0.0,0.0,0.0,0.0,1.0
485799,0,1,3400,-53,53,-677,14,18,0.50,53609.562500,0,2.1,0.0,0.0,0.0,0.0,0.0,0.0,0.0,1.0
486048,0,1,3400,-53,53,-683,12,17,0.61,48793.652344,10,2.1,1.1,0.0,16920.634766,40,0.0,0.0,0.0,1.0
486297,0,1,3400,-53,53,-676,13,18,0.64,53650.792969,9,2.1,1.5,0.0,12285.713867,45,0.0,0.0,0.0,1.0
486546,0,1,3400,-53,53,-679,12,18,0.78,85333.335938,0,2.1,0.0,0.0,0.0,0.0,0.0,0.0,0.0,1.0
486795,0,1,3400,-53,53,-679,12,18,0.50,37555.554688,0,2.1,0.0,0.0,0.0,0.0,0.0,0.0,0.0,1.0
487044,0,1,3400,-53,53,-678,11,18,0.50,80095.234375,0,2.1,2.1,0.0,23714.285156,36,0.0,0.0,0.0,1.0
487293,0,1,3400,-53,53,-679,14,18,0.50,47777.777344,0,2.1,0.0,0.0,0.0,0.0,0.0,0.0,0.0,1.0
487542,0,1,3400,-53,53,-685,14,17,0.82,69059.289062,14,2.1,0.0,0.0,0.0,0.0,0.0,0.0,0.0,1.0
487791,0,1,3400,-53,53,-686,13,18,0.74,75111.109375,0,2.1,0.0,0.0,0.0,0.0,0.0,0.0,0.0,1.0
488040,0,1,3400,-53,53,-679,13,18,1.4,37555.554688,12,2.1,0.0,0.0,7841.270020,12,0.0,0.0,0.0,1.0
488289,0,1,3400,-53,53,-683,7.7,18,0.70,43697.210938,0,2.1,0.0,0.0,0.0,0.0,0.0,0.0,0.0,1.0
488538,0,1,3400,-53,53,-685,12,17,0.50,70023.906250,0,2.1,0.0,0.0,0.0,0.0,0.0,0.0,0.0,1.0
488787,0,1,3400,-53,53,-681,8.4,17,0.99,57523.808594,15,2.1,0.0,0.0,0.0,0.0,0.0,0.0,0.0,1.0
489036,0,1,3400,-53,53,-682,14,18,0.65,63904.761719,8,2.1,3.0,0.0,38349.207031,27,0.0,0.0,0.0,1.0
489285,0,1,3400,-53,53,-681,12,18,0.50,75047.617188,0,2.1,6.5,0.0,0.0,0.0,0.0,0.0,0.0,1.0
489534,0,1,3400,-53,53,-680,12,18,0.50,58782.609375,0,2.1,6.5,0.0,0.0,0.0,0.0,0.0,0.0,1.0
489783,0,1,3400,-53,53,-684,13,17,0.50,32190.476562,0,2.1,6.5,0.0,0.0,0.0,0.0,0.0,0.0,1.0
490032,0,1,3400,-53,53,-685,14,18,0.84,63301.585938,9,2.1,5.7,0.0,7968.253906,0,0.0,0.0,0.0,1.0
490281,0,1,3400,-53,53,-690,14,18,0.50,42677.289062,0,2.1,0.0,0.0,0.0,0.0,0.0,0.0,0.0,1.0
490530,0,1,3400,-53,53,-684,12,18,0.50,71269.843750,0,2.1,0.0,0.0,0.0,0.0,0.0,0.0,0.0,1.0
490779,0,1,3400,-53,53,-678,13,18,1.3,53650.792969,9,2.1,0.0,0.0,0.0,0.0,0.0,0.0,0.0,1.0
491028,0,1,3400,-53,53,-681,13,18,0.50,47142.855469,0,2.1,0.040,0.0,15714.286133,0,0.0,0.0,0.0,1.0
491277,0,1,3400,-53,53,-681,13,18,0.50,63968.253906,0,2.1,0.0,0.0,0.0,0.0,0.0,0.0,0.0,1.0
491526,0,1,3400,-53,53,-684,12,18,0.67,48634.921875,9,2.1,0.0,0.0,0.0,0.0,0.0,0.0,0.0,1.0
491775,0,1,3400,-53,53,-678,11,18,0.59,58782.609375,0,2.1,0.0,0.0,0.0,0.0,0.0,0.0,0.0,1.0
492024,0,1,3400,-53,53,-680,14,18,0.95,47968.128906,10,2.1,2.0,0.0,46087.648438,21,0.0,0.0,0.0,1.0
492273,0,1,3400,-53,53,-678,11,17,0.50,48000.000000,0,2.1,6.5,0.0,0.0,0.0,0.0,0.0,0.0,1.0
492522,0,1,3400,-53,53,-681,11,19,0.50,108507.937500,0,2.1,6.5,0.0,0.0,0.0,0.0,0.0,0.0,1.0
492771,0,1,3400,-53,53,-679,7.0,18,0.50,91079.367188,0,2.1,6.5,0.0,0.0,0.0,0.0,0.0,0.0,1.0
493020,0,1,3400,-53,53,-681,13,18,0.96,42920.636719,11,2.1,5.5,0.0,46253.968750,10,0.0,0.0,0.0,1.0
493269,0,1,3400,-53,53,-684,14,17,0.89,42666.667969,11,2.1,2.0,0.0,8793.650391,0,0.0,0.0,0.0,1.0
493518,0,1,3400,-53,53,-677,8.3,18,0.57,73682.539062,0,2.1,2.0,0.0,0.0,0.0,0.0,0.0,0.0,1.0
493767,0,1,3400,-53,53,-675,12,18,0.50,43936.507812,0,2.1,2.0,0.0,0.0,0.0,0.0,0.0,0.0,1.0
494016,0,1,3400,-53,53,-680,12,18,0.50,91699.601562,0,2.1,4.2,0.0,91288.539062,27,0.0,0.0,0.0,1.0
494265,0,1,3400,-53,53,-682,7.1,18,0.86,47555.554688,17,2.1,6.5,0.0,0.0,0.0,0.0,0.0,0.0,1.0
494514,0,1,3400,-53,53,-686,13,18,2.1,37705.179688,12,2.1,6.5,0.0,0.0,0.0,0.0,0.0,0.0,1.0
494763,0,1,3400,-53,53,-679,11,18,0.65,49047.617188,10,2.1,6.5,0.0,0.0,0.0,0.0,0.0,0.0,1.0
495012,0,1,3400,-53,53,-677,15,18,0.50,63968.253906,0,2.1,3.5,0.0,8095.238281,0,0.0,0.0,0.0,1.0
495261,0,1,3400,-53,53,-684,13,18,0.55,70597.609375,7,2.1,0.0,0.0,0.0,0.0,0.0,0.0,0.0,1.0
495510,0,1,3400,-53,53,-682,15,17,0.57,100507.937500,0,2.1,0.0,0.0,0.0,0.0,0.0,0.0,0.0,1.0
495759,0,1,3400,-53,53,-674,12,19,0.50,54412.699219,0,2.1,0.0,0.0,0.0,0.0,0.0,0.0,0.0,1.0
496008,0,1,3400,-53,53,-682,13,18,0.50,42603.175781,0,2.1,4.4,0.0,279142.843750,50,0.0,0.0,0.0,1.0
496257,0,1,3400,-53,53,-686,9.1,18,0.52,87494.070312,0,2.1,16,0.0,0.0,0.0,0.0,0.0,0.0,1.0
496506,0,1,3400,-53,53,-681,17,18,0.75,42071.714844,11,2.1,16,0.0,0.0,0.0,0.0,0.0,0.0,1.0
496755,0,1,3400,-53,53,-677,11,17,0.50,48126.984375,0,2.1,16,0.0,0.0,0.0,0.0,0.0,0.0,1.0
497004,0,1,3400,-53,53,-679,13,18,0.75,78666.664062,6,2.1,15,0.0,121365.078125,58,0.0,0.0,0.0,1.0
497253,0,1,3400,-53,53,-677,6.4,18,0.57,52857.144531,0,2.1,16,0.0,0.0,0.0,0.0,0.0,0.0,1.0
497502,0,1,3400,-53,53,-677,13,18,0.80,69746.031250,0,2.1,16,0.0,0.0,0.0,0.0,0.0,0.0,1.0
497751,0,1,3400,-53,53,-684,14,17,0.83,90190.476562,11,2.1,16,0.0,0.0,0.0,0.0,0.0,0.0,1.0
498000,0,1,3400,-53,53,-682,6.6,19,0.52,21492.064453,0,2.1,11,0.0,8095.238281,0,0.0,0.0,0.0,1.0
498249,0,1,3400,-53,53,-674,8.9,19,0.50,58932.269531,0,2.1,0.0,0.0,0.0,0.0,0.0,0.0,0.0,1.0
498498,0,1,3400,-53,53,-684,13,19,0.50,48094.863281,0,2.1,0.0,0.0,0.0,0.0,0.0,0.0,0.0,1.0
498747,0,1,3400,-53,53,-674,13,18,0.50,80796.812500,0,2.1,0.064,0.0,0.0,0.0,0.0,0.0,0.0,1.0
498996,0,1,3400,-53,53,-673,13,18,0.50,42920.636719,0,2.1,5.8,0.0,9460.317383,0,0.0,0.0,0.0,1.0
499245,0,1,3400,-53,53,-679,13,19,0.50,81079.367188,0,2.1,12,0.0,0.0,0.0,0.0,0.0,0.0,1.0
499494,0,1,3400,-53,53,-679,8.8,17,0.50,63968.253906,0,2.1,13,0.0,0.0,0.0,0.0,0.0,0.0,1.0
499743,0,1,3400,-53,53,-682,12,19,0.50,42539.683594,0,2.1,12,0.0,0.0,0.0,0.0,0.0,0.0,1.0
499992,0,1,3400,-53,53,-684,12,17,0.63,69682.539062,7,2.1,12,0.0,0.0,80,0.0,0.0,0.0,1.0
500241,0,1,3400,-53,53,-679,13,18,0.50,53238.093750,0,2.1,12,0.0,0.0,0.0,0.0,0.0,0.0,1.0
500490,0,1,3400,-53,53,-676,13,18,0.50,69746.031250,0,2.1,12,0.0,0.0,0.0,0.0,0.0,0.0,1.0
500739,0,1,3400,-53,53,-678,13,18,0.65,42750.988281,11,2.1,12,0.0,0.0,0.0,0.0,0.0,0.0,1.0
500988,0,1,3400,-53,53,-677,13,18,0.54,32318.724609,0,2.1,9.2,0.0,8127.490234,36,0.0,0.0,0.0,1.0
501237,0,1,3400,-53,53,-680,13,18,0.52,37555.554688,0,2.1,0.0,0.0,0.0,0.0,0.0,0.0,0.0,1.0
501486,0,1,3400,-53,53,-687,14,18,0.51,37545.816406,0,2.1,0.0,0.0,0.0,0.0,0.0,0.0,0.0,1.0
501735,0,1,3400,-53,53,-691,11,18,0.50,69365.078125,0,2.1,0.0,0.0,0.0,0.0,0.0,0.0,0.0,1.0
501984,0,1,3400,-53,53,-684,13,19,0.50,64380.953125,0,2.1,1.9,0.0,22730.158203,0,0.0,0.0,0.0,1.0
502233,0,1,3400,-53,53,-678,11,19,0.50,53301.585938,0,2.1,7.0,0.0,0.0,0.0,0.0,0.0,0.0,1.0
502482,0,1,3400,-53,53,-681,13,18,0.50,64380.953125,0,2.1,7.0,0.0,0.0,0.0,0.0,0.0,0.0,1.0
502731,0,1,3400,-53,53,-676,9.5,19,0.51,63968.378906,0,2.1,7.0,0.0,0.0,0.0,0.0,0.0,0.0,1.0
502980,0,1,3400,-53,53,-686,13,17,0.50,51904.761719,0,2.1,8.9,0.0,23301.587891,0,0.0,0.0,0.0,1.0
503229,0,1,3400,-53,53,-681,13,18,0.50,37386.453125,0,2.1,14,0.0,0.0,0.0,0.0,0.0,0.0,1.0
503478,0,1,3400,-53,53,-678,10,18,0.50,75111.109375,0,2.1,14,0.0,0.0,0.0,0.0,0.0,0.0,1.0
503727,0,1,3400,-53,53,-684,14,18,0.50,46984.128906,0,2.1,14,0.0,0.0,0.0,0.0,0.0,0.0,1.0
503976,0,1,3400,-53,53,-682,13,17,0.51,58253.968750,8,2.1,9.3,0.0,10507.936523,36,0.0,0.0,0.0,1.0
504225,0,1,3400,-53,53,-682,12,18,0.54,82507.937500,0,2.1,0.0,0.0,0.0,0.0,0.0,0.0,0.0,1.0
504474,0,1,3400,-53,53,-686,13,18,1.2,27333.333984,17,2.1,0.0,0.0,0.0,0.0,0.0,0.0,0.0,1.0
504723,0,1,3400,-53,53,-672,16,18,0.96,31808.765625,0,2.1,0.0,0.0,0.0,0.0,0.0,0.0,0.0,1.0
504972,0,1,3400,-53,53,-673,12,18,0.50,64063.492188,0,2.1,6.6,0.0,85333.335938,0,0.0,0.0,0.0,1.0
505221,0,1,3400,-53,53,-671,11,18,0.89,37238.093750,10,2.1,14,0.0,0.0,0.0,0.0,0.0,0.0,1.0
505470,0,1,3400,-53,53,-672,11,19,0.50,74380.953125,0,2.1,14,0.0,0.0,0.0,0.0,0.0,0.0,1.0
505719,0,1,3400,-53,53,-685,15,18,0.50,84412.695312,0,2.1,14,0.0,0.0,0.0,0.0,0.0,0.0,1.0
505968,0,1,3400,-53,53,-686,14,18,0.50,42920.636719,0,2.1,13,0.0,30444.445312,42,0.0,0.0,0.0,1.0
506217,0,1,3400,-53,53,-688,13,18,0.50,37555.554688,0,2.1,7.0,0.0,0.0,0.0,0.0,0.0,0.0,1.0
506466,0,1,3400,-53,53,-681,14,18,0.50,68730.156250,0,2.1,7.0,0.0,0.0,0.0,0.0,0.0,0.0,1.0
506715,0,1,3400,-53,53,-670,13,19,0.96,32190.476562,14,2.1,7.0,0.0,0.0,0.0,0.0,0.0,0.0,1.0
506964,0,1,3400,-53,53,-679,11,18,0.50,63873.015625,0,2.1,10,0.0,12507.936523,0,0.0,0.0,0.0,1.0
507213,0,1,3400,-53,53,-690,13,18,0.50,58952.382812,0,2.1,14,0.0,0.0,0.0,0.0,0.0,0.0,1.0
507462,0,1,3400,-53,53,-682,8.9,17,0.57,74793.648438,6,2.1,14,0.0,0.0,0.0,0.0,0.0,0.0,1.0
507711,0,1,3400,-53,53,-683,12,18,0.50,92589.640625,0,2.1,14,0.0,0.0,0.0,0.0,0.0,0.0,1.0
507960,0,1,3400,-53,53,-686,12,18,0.50,53650.792969,0,2.1,14,0.0,23301.587891,0,0.0,0.0,0.0,1.0
508209,0,1,3400,-53,53,-687,13,18,0.60,69746.031250,7,2.1,14,0.0,0.0,0.0,0.0,0.0,0.0,1.0
508458,0,1,3400,-53,53,-680,10,18,0.54,53142.855469,0,2.1,14,0.0,0.0,0.0,0.0,0.0,0.0,1.0
508707,0,1,3400,-53,53,-690,11,18,0.50,75047.617188,0,2.1,14,0.0,0.0,0.0,0.0,0.0,0.0,1.0
508956,0,1,3400,-53,53,-682,13,18,0.50,48285.714844,0,2.1,14,0.0,0.0,80,0.0,0.0,0.0,1.0
509205,0,1,3400,-53,53,-680,7.7,18,0.50,48349.207031,0,2.1,15,0.0,0.0,0.0,0.0,0.0,0.0,1.0
509454,0,1,3400,-53,53,-675,14,18,0.50,41992.093750,0,2.1,15,0.0,0.0,0.0,0.0,0.0,0.0,1.0
509703,0,1,3400,-53,53,-681,13,18,0.50,42454.183594,0,2.1,15,0.0,0.0,0.0,0.0,0.0,0.0,1.0
509952,0,1,3400,-53,53,-689,12,18,0.74,53650.792969,0,2.1,12,0.0,102571.429688,24,0.0,0.0,0.0,1.0
510201,0,1,3400,-53,53,-681,13,18,0.50,59015.871094,0,2.1,6.5,0.0,0.0,0.0,0.0,0.0,0.0,1.0
510450,0,1,3400,-53,53,-679,13,19,0.50,52984.128906,0,2.1,6.5,0.0,0.0,0.0,0.0,0.0,0.0,1.0
510699,0,1,3400,-53,53,-685,13,19,0.50,53238.093750,0,2.1,6.5,0.0,0.0,0.0,0.0,0.0,0.0,1.0
510948,0,1,3400,-53,53,-689,13,18,0.60,59015.871094,8,2.1,4.6,0.0,8000.000000,0,0.0,0.0,0.0,1.0
511197,0,1,3400,-53,53,-691,12,18,0.50,97051.789062,0,2.1,0.0,0.0,0.0,0.0,0.0,0.0,0.0,1.0
511446,0,1,3400,-53,53,-680,12,18,0.50,64317.460938,0,2.1,0.0,0.0,0.0,0.0,0.0,0.0,0.0,1.0
511695,0,1,3400,-53,53,-685,11,18,0.50,37428.570312,0,2.1,0.0,0.0,0.0,0.0,0.0,0.0,0.0,1.0
511944,0,1,3400,-53,53,-689,13,17,1.7,37555.554688,22,2.1,3.7,0.0,0.0,80,0.0,0.0,0.0,1.0
512193,0,1,3400,-53,53,-684,13,18,1.9,32444.445312,0,2.1,7.5,0.0,0.0,0.0,0.0,0.0,0.0,1.0
512442,0,1,3400,-53,53,-679,14,18,0.50,53079.363281,0,2.1,7.5,0.0,0.0,0.0,0.0,0.0,0.0,1.0
512691,0,1,3400,-53,53,-674,8.7,18,0.57,91873.015625,5,2.1,7.5,0.0,0.0,0.0,0.0,0.0,0.0,1.0
512940,0,1,3400,-53,53,-687,13,18,0.50,58603.175781,0,2.1,5.0,0.0,8095.238281,17,0.0,0.0,0.0,1.0
513189,0,1,3400,-53,53,-685,11,18,0.61,31841.269531,0,2.1,0.0,0.0,0.0,0.0,0.0,0.0,0.0,1.0
513438,0,1,3400,-53,53,-679,13,18,0.96,37555.554688,12,2.1,0.0,0.0,0.0,0.0,0.0,0.0,0.0,1.0
513687,0,1,3400,-53,53,-680,13,18,1.6,42750.988281,0,2.1,0.0,0.0,0.0,0.0,0.0,0.0,0.0,1.0
513936,0,1,3400,-53,53,-675,15,18,0.50,48223.109375,0,2.1,0.82,0.0,11187.250977,36,0.0,0.0,0.0,1.0
514185,0,1,3400,-53,53,-679,15,18,0.50,42412.699219,0,2.1,0.0,0.0,0.0,0.0,0.0,0.0,0.0,1.0
514434,0,1,3400,-53,53,-680,14,18,0.50,21545.816406,0,2.1,0.0,0.0,0.0,0.0,0.0,0.0,0.0,1.0
514683,0,1,3400,-53,53,-677,13,18,0.50,0.0,0.0,2.1,0.0,0.0,0.0,0.0,0.0,0.0,0.0,1.0
514932,0,1,3400,-53,53,-681,13,17,0.50,0.0,0.0,2.1,0.0,0.0,0.0,0.0,0.0,0.0,0.0,1.0
515181,0,1,3400,-53,53,-684,13,18,0.50,0.0,0.0,2.1,0.0,0.0,0.0,0.0,0.0,0.0,0.0,1.0
515430,0,1,3400,-53,53,-688,13,19,0.50,0.0,0.0,2.1,0.0,0.0,0.0,0.0,0.0,0.0,0.0,1.0
515679,0,1,3400,-53,53,-687,13,18,0.50,0.0,0.0,2.1,0.0,0.0,0.0,0.0,0.0,0.0,0.0,1.0
515928,0,1,3400,-53,53,-683,13,17,0.50,0.0,0.0,2.1,0.0,0.0,0.0,0.0,0.0,0.0,0.0,1.0
516177,0,1,3400,-53,53,-676,13,18,0.50,0.0,0.0,2.1,0.0,0.0,0.0,0.0,0.0,0.0,0.0,1.0
516426,0,1,3400,-53,53,-680,13,18,0.50,0.0,0.0,2.1,0.0,0.0,0.0,0.0,0.0,0.0,0.0,1.0
516675,0,1,3400,-53,53,-671,13,18,0.50,0.0,0.0,2.1,0.0,0.0,0.0,0.0,0.0,0.0,0.0,1.0
516924,0,1,3400,-53,53,-675,13,18,0.50,0.0,0.0,2.1,0.0,0.0,0.0,0.0,0.0,0.0,0.0,1.0
517173,0,1,3400,-53,53,-679,13,18,0.50,0.0,0.0,2.1,0.0,0.0,0.0,0.0,0.0,0.0,0.0,1.0
517422,0,1,3400,-53,53,-676,13,18,0.50,0.0,0.0,2.1,0.0,0.0,