time,cc,pci,earfcn,rsrp,pl,cfo,dl_mcs,dl_snr,dl_turbo,dl_brate,dl_bler,ul_ta,ul_mcs,ul_buff,ul_brate,ul_bler,rf_o,rf_u,rf_l,is_attached
0,0,0,4294967295,0.0,0.0,0.0,0.0,0.0,0.0,0.0,0.0,0.0,0.0,0.0,0.0,0.0,0.0,0.0,0.0,0.0
249,0,0,3400,0.0,0.0,0.0,0.0,0.0,0.0,0.0,0.0,0.0,0.0,0.0,0.0,0.0,0.0,0.0,0.0,0.0
498,0,0,3400,0.0,0.0,0.0,0.0,0.0,0.0,0.0,0.0,0.0,0.0,0.0,0.0,0.0,0.0,0.0,0.0,0.0
747,0,1,3400,-52,52,524,0.44,19,0.11,583,0,0.0,0.0,0.0,0.0,0.0,0.0,0.0,0.0,0.0
996,0,1,3400,-52,52,497,1.1,20,0.30,2336.000000,0,0.0,0.0,33,448,0,0.0,0.0,0.0,1.0
1245,0,1,3400,-52,52,497,3.5,20,0.49,0.0,0.0,1.0,0.0,33,0.0,0.0,0.0,0.0,0.0,1.0
1494,0,1,3400,-52,52,498,2.8,20,0.50,4608.000000,0,1.0,7.6,0.0,76544.000000,0,0.0,0.0,0.0,1.0
1743,0,1,3400,-52,52,494,1.3,20,0.50,4896.000000,0,2.1,12,0.0,56608.000000,0,0.0,0.0,0.0,1.0
1992,0,1,3400,-52,52,492,2.6,20,0.50,1824.000000,0,2.1,11,0.0,21152.000000,0,0.0,0.0,0.0,1.0
2241,0,1,3400,-52,52,496,4.5,20,0.50,0.0,0.0,2.1,8.0,0.0,0.0,0.0,0.0,0.0,0.0,1.0
2490,0,1,3400,-52,52,498,4.5,20,0.50,0.0,0.0,2.1,8.0,0.0,0.0,0.0,0.0,0.0,0.0,1.0
2739,0,1,3400,-52,52,496,4.5,20,0.50,0.0,0.0,2.1,8.0,0.0,0.0,0.0,0.0,0.0,0.0,1.0
2988,0,1,3400,-52,52,494,4.5,20,0.50,0.0,0.0,2.1,8.0,0.0,0.0,0.0,0.0,0.0,0.0,1.0
3237,0,1,3400,-52,52,499,4.5,20,0.50,0.0,0.0,2.1,8.0,0.0,0.0,0.0,0.0,0.0,0.0,1.0
3486,0,1,3400,-52,52,498,4.5,20,0.50,0.0,0.0,2.1,8.0,0.0,0.0,0.0,0.0,0.0,0.0,1.0
3735,0,1,3400,-52,52,496,4.5,20,0.50,0.0,0.0,2.1,8.0,0.0,0.0,0.0,0.0,0.0,0.0,1.0
3984,0,1,3400,-52,52,496,4.5,20,0.50,0.0,0.0,2.1,8.0,0.0,0.0,0.0,0.0,0.0,0.0,1.0
4233,0,1,3400,-52,52,498,4.5,20,0.50,0.0,0.0,2.1,8.0,0.0,0.0,0.0,0.0,0.0,0.0,1.0
4482,0,1,3400,-52,52,497,4.5,20,0.50,0.0,0.0,2.1,8.0,0.0,0.0,0.0,0.0,0.0,0.0,1.0
4731,0,1,3400,-52,52,496,4.5,20,0.50,0.0,0.0,2.1,8.0,0.0,0.0,0.0,0.0,0.0,0.0,1.0
4980,0,1,3400,-52,52,495,4.5,20,0.50,0.0,0.0,2.1,8.0,0.0,0.0,0.0,0.0,0.0,0.0,1.0
5229,0,1,3400,-52,52,495,4.5,19,0.50,0.0,0.0,2.1,8.0,0.0,0.0,0.0,0.0,0.0,0.0,1.0
5478,0,1,3400,-52,52,498,4.5,19,0.50,0.0,0.0,2.1,8.0,0.0,0.0,0.0,0.0,0.0,0.0,1.0
5727,0,1,3400,-52,52,501,4.5,20,0.50,0.0,0.0,2.1,8.0,0.0,0.0,0.0,0.0,0.0,0.0,1.0
5976,0,1,3400,-52,52,500,4.5,19,0.50,0.0,0.0,2.1,8.0,0.0,0.0,0.0,0.0,0.0,0.0,1.0
6225,0,1,3400,-52,52,499,4.5,19,0.50,0.0,0.0,2.1,8.0,0.0,0.0,0.0,0.0,0.0,0.0,1.0
6474,0,1,3400,-52,52,495,4.5,20,0.50,0.0,0.0,2.1,8.0,0.0,0.0,0.0,0.0,0.0,0.0,1.0
6723,0,1,3400,-52,52,492,4.5,20,0.50,0.0,0.0,2.1,8.0,0.0,0.0,0.0,0.0,0.0,0.0,1.0
6972,0,1,3400,-52,52,495,4.5,19,0.50,0.0,0.0,2.1,8.0,0.0,0.0,0.0,0.0,0.0,0.0,1.0
7221,0,1,3400,-52,52,495,4.5,18,0.50,0.0,0.0,2.1,8.0,0.0,0.0,0.0,0.0,0.0,0.0,1.0
7470,0,1,3400,-52,52,498,4.5,20,0.50,0.0,0.0,2.1,8.0,0.0,0.0,0.0,0.0,0.0,0.0,1.0
7719,0,1,3400,-52,52,496,4.5,19,0.50,0.0,0.0,2.1,8.0,0.0,0.0,0.0,0.0,0.0,0.0,1.0
7968,0,1,3400,-52,52,496,4.5,18,0.50,0.0,0.0,2.1,8.0,0.0,0.0,0.0,0.0,0.0,0.0,1.0
8217,0,1,3400,-52,52,497,4.5,18,0.50,0.0,0.0,2.1,8.0,0.0,0.0,0.0,0.0,0.0,0.0,1.0
8466,0,1,3400,-52,52,495,4.5,19,0.50,0.0,0.0,2.1,8.0,0.0,0.0,0.0,0.0,0.0,0.0,1.0
8715,0,1,3400,-52,52,498,4.5,18,0.50,0.0,0.0,2.1,8.0,0.0,0.0,0.0,0.0,0.0,0.0,1.0
8964,0,1,3400,-52,52,497,4.5,19,0.50,0.0,0.0,2.1,7.9,0.0,0.0,0.0,0.0,1.0,5.0,1.0
9213,0,1,3400,-52,52,497,4.5,20,0.50,0.0,0.0,2.1,8.0,0.0,0.0,0.0,0.0,0.0,0.0,1.0
9462,0,1,3400,-52,52,499,4.5,19,0.50,0.0,0.0,2.1,8.0,0.0,0.0,0.0,0.0,0.0,0.0,1.0
9711,0,1,3400,-52,52,497,4.5,19,0.50,0.0,0.0,2.1,8.0,0.0,0.0,0.0,0.0,0.0,0.0,1.0
9960,0,1,3400,-52,52,495,4.5,19,0.50,0.0,0.0,2.1,8.0,0.0,0.0,0.0,0.0,0.0,0.0,1.0
10209,0,1,3400,-52,52,492,4.5,20,0.50,0.0,0.0,2.1,7.9,0.0,0.0,0.0,0.0,1.0,2.0,1.0
10458,0,1,3400,-52,52,495,4.5,19,0.50,0.0,0.0,2.1,8.0,0.0,0.0,0.0,0.0,0.0,0.0,1.0
10707,0,1,3400,-52,52,497,4.5,20,0.50,0.0,0.0,2.1,8.0,0.0,0.0,0.0,0.0,0.0,0.0,1.0
10956,0,1,3400,-52,52,494,4.5,20,0.50,0.0,0.0,2.1,8.0,0.0,0.0,0.0,0.0,0.0,0.0,1.0
11205,0,1,3400,-52,52,491,4.5,20,0.50,0.0,0.0,2.1,8.0,0.0,0.0,0.0,0.0,0.0,0.0,1.0
11454,0,1,3400,-52,52,490,4.5,20,0.50,0.0,0.0,2.1,8.0,0.0,0.0,0.0,0.0,0.0,0.0,1.0
11703,0,1,3400,-52,52,495,4.5,19,0.50,0.0,0.0,2.1,8.0,0.0,0.0,0.0,0.0,0.0,0.0,1.0
11952,0,1,3400,-52,52,494,4.5,19,0.50,0.0,0.0,2.1,7.9,0.0,0.0,0.0,0.0,0.0,0.0,1.0
12201,0,1,3400,-52,52,494,4.5,19,0.50,0.0,0.0,2.1,8.0,0.0,0.0,0.0,0.0,0.0,0.0,1.0
12450,0,1,3400,-52,52,494,4.5,20,0.50,0.0,0.0,2.1,8.0,0.0,0.0,0.0,0.0,0.0,0.0,1.0
12699,0,1,3400,-52,52,500,4.5,19,0.50,0.0,0.0,2.1,8.0,0.0,0.0,0.0,0.0,0.0,0.0,1.0
12948,0,1,3400,-52,52,495,4.5,20,0.50,0.0,0.0,2.1,8.0,0.0,0.0,0.0,0.0,0.0,0.0,1.0
13197,0,1,3400,-52,52,498,4.5,19,0.50,0.0,0.0,2.1,8.0,0.0,0.0,0.0,0.0,0.0,0.0,1.0
13446,0,1,3400,-52,52,495,4.5,19,0.50,0.0,0.0,2.1,8.0,0.0,0.0,0.0,0.0,0.0,0.0,1.0
13695,0,1,3400,-52,52,496,4.5,19,0.50,0.0,0.0,2.1,8.0,0.0,0.0,0.0,0.0,0.0,0.0,1.0
13944,0,1,3400,-52,52,495,4.5,20,0.50,0.0,0.0,2.1,8.0,0.0,0.0,0.0,0.0,0.0,0.0,1.0
14193,0,1,3400,-52,52,495,4.5,19,0.50,0.0,0.0,2.1,8.0,0.0,0.0,0.0,0.0,0.0,0.0,1.0
14442,0,1,3400,-52,52,499,4.5,20,0.50,0.0,0.0,2.1,8.0,0.0,0.0,0.0,0.0,0.0,0.0,1.0
14691,0,1,3400,-52,52,495,4.5,19,0.50,0.0,0.0,2.1,8.0,0.0,0.0,0.0,0.0,0.0,0.0,1.0
14940,0,1,3400,-52,52,493,4.5,20,0.50,0.0,0.0,2.1,8.0,0.0,0.0,0.0,0.0,0.0,0.0,1.0
15189,0,1,3400,-52,52,494,4.5,20,0.50,0.0,0.0,2.1,8.0,0.0,0.0,0.0,0.0,0.0,0.0,1.0
15438,0,1,3400,-52,52,496,4.5,19,0.50,0.0,0.0,2.1,8.0,0.0,0.0,0.0,0.0,0.0,0.0,1.0
15687,0,1,3400,-52,52,497,4.5,20,0.50,0.0,0.0,2.1,8.0,0.0,0.0,0.0,0.0,0.0,0.0,1.0
15936,0,1,3400,-52,52,495,4.5,20,0.50,0.0,0.0,2.1,8.0,0.0,0.0,0.0,0.0,0.0,0.0,1.0
16185,0,1,3400,-52,52,495,4.5,20,0.50,0.0,0.0,2.1,8.0,0.0,0.0,0.0,0.0,0.0,0.0,1.0
16434,0,1,3400,-52,52,498,4.5,19,0.50,0.0,0.0,2.1,8.0,0.0,0.0,0.0,0.0,0.0,0.0,1.0
16683,0,1,3400,-52,52,497,4.5,20,0.50,0.0,0.0,2.1,8.0,0.0,0.0,0.0,0.0,0.0,0.0,1.0
16932,0,1,3400,-52,52,500,4.5,20,0.50,0.0,0.0,2.1,8.0,0.0,0.0,0.0,0.0,0.0,0.0,1.0
17181,0,1,3400,-52,52,498,4.5,20,0.50,0.0,0.0,2.1,8.0,0.0,0.0,0.0,0.0,0.0,0.0,1.0
17430,0,1,3400,-52,52,497,4.5,19,0.50,0.0,0.0,2.1,8.0,0.0,0.0,0.0,0.0,0.0,0.0,1.0
17679,0,1,3400,-52,52,497,4.5,20,0.50,0.0,0.0,2.1,8.0,0.0,0.0,0.0,0.0,0.0,0.0,1.0
17928,0,1,3400,-52,52,496,4.5,19,0.50,0.0,0.0,2.1,8.0,0.0,0.0,0.0,0.0,0.0,0.0,1.0
18177,0,1,3400,-52,52,495,4.5,19,0.50,0.0,0.0,2.1,8.0,0.0,0.0,0.0,0.0,0.0,0.0,1.0
18426,0,1,3400,-52,52,494,4.5,20,0.50,0.0,0.0,2.1,8.0,0.0,0.0,0.0,0.0,0.0,0.0,1.0
18675,0,1,3400,-52,52,495,4.5,19,0.50,0.0,0.0,2.1,8.0,0.0,0.0,0.0,0.0,0.0,0.0,1.0
18924,0,1,3400,-52,52,496,4.5,20,0.50,0.0,0.0,2.1,8.0,0.0,0.0,0.0,0.0,0.0,0.0,1.0
19173,0,1,3400,-52,52,496,4.5,19,0.50,0.0,0.0,2.1,8.0,0.0,0.0,0.0,0.0,0.0,0.0,1.0
19422,0,1,3400,-52,52,496,4.5,19,0.50,0.0,0.0,2.1,8.0,0.0,0.0,0.0,0.0,0.0,0.0,1.0
19671,0,1,3400,-52,52,495,4.5,19,0.50,0.0,0.0,2.1,8.0,0.0,0.0,0.0,0.0,0.0,0.0,1.0
19920,0,1,3400,-52,52,496,4.5,20,0.50,0.0,0.0,2.1,8.0,0.0,0.0,0.0,0.0,0.0,0.0,1.0
20169,0,1,3400,-52,52,501,4.5,19,0.50,0.0,0.0,2.1,8.0,0.0,0.0,0.0,0.0,0.0,0.0,1.0
20418,0,1,3400,-52,52,499,4.5,19,0.50,0.0,0.0,2.1,8.0,0.0,0.0,0.0,0.0,0.0,0.0,1.0
20667,0,1,3400,-52,52,492,4.5,19,0.50,0.0,0.0,2.1,8.0,0.0,0.0,0.0,0.0,0.0,0.0,1.0
20916,0,1,3400,-52,52,497,4.5,20,0.50,0.0,0.0,2.1,8.0,0.0,0.0,0.0,0.0,0.0,0.0,1.0
21165,0,1,3400,-52,52,501,4.5,20,0.50,0.0,0.0,2.1,8.0,0.0,0.0,0.0,0.0,0.0,0.0,1.0
21414,0,1,3400,-52,52,498,4.5,19,0.50,0.0,0.0,2.1,8.0,0.0,0.0,0.0,0.0,0.0,0.0,1.0
21663,0,1,3400,-52,52,496,4.5,19,0.50,0.0,0.0,2.1,8.0,0.0,0.0,0.0,0.0,0.0,0.0,1.0
21912,0,1,3400,-52,52,498,4.5,19,0.50,0.0,0.0,2.1,8.0,0.0,0.0,0.0,0.0,0.0,0.0,1.0
22161,0,1,3400,-52,52,495,4.5,20,0.50,0.0,0.0,2.1,8.0,0.0,0.0,0.0,0.0,0.0,0.0,1.0
22410,0,1,3400,-52,52,493,4.5,20,0.50,0.0,0.0,2.1,8.0,0.0,0.0,0.0,0.0,0.0,0.0,1.0
22659,0,1,3400,-52,52,491,4.5,20,0.50,0.0,0.0,2.1,8.0,0.0,0.0,0.0,0.0,0.0,0.0,1.0
22908,0,1,3400,-52,52,491,4.5,19,0.50,0.0,0.0,2.1,8.0,0.0,0.0,0.0,0.0,0.0,0.0,1.0
23157,0,1,3400,-52,52,496,4.5,20,0.50,0.0,0.0,2.1,8.0,0.0,0.0,0.0,0.0,0.0,0.0,1.0
23406,0,1,3400,-52,52,496,4.5,20,0.50,0.0,0.0,2.1,8.0,0.0,0.0,0.0,0.0,0.0,0.0,1.0
23655,0,1,3400,-52,52,494,4.5,20,0.50,0.0,0.0,2.1,8.0,0.0,0.0,0.0,0.0,0.0,0.0,1.0
23904,0,1,3400,-52,52,495,4.5,19,0.50,0.0,0.0,2.1,8.0,0.0,0.0,0.0,0.0,0.0,0.0,1.0
24153,0,1,3400,-52,52,498,4.5,20,0.50,0.0,0.0,2.1,8.0,0.0,0.0,0.0,0.0,0.0,0.0,1.0
24402,0,1,3400,-52,52,497,4.5,20,0.50,0.0,0.0,2.1,8.0,0.0,0.0,0.0,0.0,0.0,0.0,1.0
24651,0,1,3400,-52,52,501,4.5,19,0.50,0.0,0.0,2.1,8.0,0.0,0.0,0.0,0.0,0.0,0.0,1.0
24900,0,1,3400,-52,52,502,4.5,19,0.50,0.0,0.0,2.1,8.0,0.0,0.0,0.0,0.0,0.0,0.0,1.0
25149,0,1,3400,-52,52,500,4.5,19,0.50,0.0,0.0,2.1,8.0,0.0,0.0,0.0,0.0,0.0,0.0,1.0
25398,0,1,3400,-52,52,496,4.5,20,0.50,0.0,0.0,2.1,8.0,0.0,0.0,0.0,0.0,0.0,0.0,1.0
25647,0,1,3400,-52,52,497,4.5,19,0.50,0.0,0.0,2.1,8.0,0.0,0.0,0.0,0.0,0.0,0.0,1.0
25896,0,1,3400,-52,52,495,4.5,19,0.50,0.0,0.0,2.1,8.0,0.0,0.0,0.0,0.0,0.0,0.0,1.0
26145,0,1,3400,-52,52,494,4.5,19,0.50,0.0,0.0,2.1,8.0,0.0,0.0,0.0,0.0,0.0,0.0,1.0
26394,0,1,3400,-52,52,497,4.5,20,0.50,0.0,0.0,2.1,8.0,0.0,0.0,0.0,0.0,0.0,0.0,1.0
26643,0,1,3400,-52,52,499,4.5,19,0.50,0.0,0.0,2.1,8.0,0.0,0.0,0.0,0.0,0.0,0.0,1.0
26892,0,1,3400,-52,52,500,4.5,19,0.50,0.0,0.0,2.1,8.0,0.0,0.0,0.0,0.0,0.0,0.0,1.0
27141,0,1,3400,-52,52,497,4.5,20,0.50,0.0,0.0,2.1,8.0,0.0,0.0,0.0,0.0,0.0,0.0,1.0
27390,0,1,3400,-52,52,498,4.5,20,0.50,0.0,0.0,2.1,8.0,0.0,0.0,0.0,0.0,0.0,0.0,1.0
27639,0,1,3400,-52,52,499,4.5,18,0.50,0.0,0.0,2.1,8.0,0.0,0.0,0.0,0.0,0.0,0.0,1.0
27888,0,1,3400,-52,52,498,4.5,20,0.50,0.0,0.0,2.1,8.0,0.0,0.0,0.0,0.0,0.0,0.0,1.0
28137,0,1,3400,-52,52,498,4.5,19,0.50,0.0,0.0,2.1,8.0,0.0,0.0,0.0,0.0,0.0,0.0,1.0
28386,0,1,3400,-52,52,495,4.5,20,0.50,0.0,0.0,2.1,8.0,0.0,0.0,0.0,0.0,0.0,0.0,1.0
28635,0,1,3400,-52,52,497,4.5,20,0.50,0.0,0.0,2.1,8.0,0.0,0.0,0.0,0.0,0.0,0.0,1.0
28884,0,1,3400,-52,52,500,4.5,19,0.50,0.0,0.0,2.1,8.0,0.0,0.0,0.0,0.0,0.0,0.0,1.0
29133,0,1,3400,-52,52,499,4.5,19,0.50,0.0,0.0,2.1,8.0,0.0,0.0,0.0,0.0,0.0,0.0,1.0
29382,0,1,3400,-52,52,492,4.5,19,0.50,0.0,0.0,2.1,8.0,0.0,0.0,0.0,0.0,0.0,0.0,1.0
29631,0,1,3400,-52,52,491,4.5,19,0.50,0.0,0.0,2.1,8.0,0.0,0.0,0.0,0.0,0.0,0.0,1.0
29880,0,1,3400,-52,52,496,4.5,20,0.50,0.0,0.0,2.1,8.0,0.0,0.0,0.0,0.0,0.0,0.0,1.0
30129,0,1,3400,-52,52,499,4.5,19,0.50,0.0,0.0,2.1,8.0,0.0,0.0,0.0,0.0,0.0,0.0,1.0
30378,0,1,3400,-52,52,499,4.5,18,0.50,0.0,0.0,2.1,8.0,0.0,0.0,0.0,0.0,0.0,0.0,1.0
30627,0,1,3400,-52,52,494,4.5,19,0.50,0.0,0.0,2.1,8.0,0.0,0.0,0.0,0.0,0.0,0.0,1.0
30876,0,1,3400,-52,52,490,4.5,19,0.50,0.0,0.0,2.1,8.0,0.0,0.0,0.0,0.0,0.0,0.0,1.0
31125,0,1,3400,-52,52,494,4.5,19,0.50,0.0,0.0,2.1,8.0,0.0,0.0,0.0,0.0,0.0,0.0,1.0
31374,0,1,3400,-52,52,490,4.5,19,0.50,0.0,0.0,2.1,8.0,0.0,0.0,0.0,0.0,0.0,0.0,1.0
31623,0,1,3400,-52,52,492,4.5,20,0.50,0.0,0.0,2.1,8.0,0.0,0.0,0.0,0.0,0.0,0.0,1.0
31872,0,1,3400,-52,52,493,4.5,20,0.50,0.0,0.0,2.1,8.0,0.0,0.0,0.0,0.0,0.0,0.0,1.0
32121,0,1,3400,-52,52,496,4.5,20,0.50,0.0,0.0,2.1,8.0,0.0,0.0,0.0,0.0,0.0,0.0,1.0
32370,0,1,3400,-52,52,495,4.5,19,0.50,0.0,0.0,2.1,8.0,0.0,0.0,0.0,0.0,0.0,0.0,1.0
32619,0,1,3400,-52,52,493,4.5,20,0.50,0.0,0.0,2.1,8.0,0.0,0.0,0.0,0.0,0.0,0.0,1.0
32868,0,1,3400,-52,52,496,4.5,19,0.50,0.0,0.0,2.1,8.0,0.0,0.0,0.0,0.0,0.0,0.0,1.0
33117,0,1,3400,-52,52,500,4.5,20,0.50,0.0,0.0,2.1,8.0,0.0,0.0,0.0,0.0,0.0,0.0,1.0
33366,0,1,3400,-52,52,502,4.5,20,0.50,0.0,0.0,2.1,8.0,0.0,0.0,0.0,0.0,0.0,0.0,1.0
33615,0,1,3400,-52,52,498,4.5,19,0.50,0.0,0.0,2.1,8.0,0.0,0.0,0.0,0.0,0.0,0.0,1.0
33864,0,1,3400,-52,52,497,4.5,20,0.50,0.0,0.0,2.1,8.0,0.0,0.0,0.0,0.0,0.0,0.0,1.0
34113,0,1,3400,-52,52,497,4.5,20,0.50,0.0,0.0,2.1,8.0,0.0,0.0,0.0,0.0,0.0,0.0,1.0
34362,0,1,3400,-52,52,495,4.5,19,0.50,0.0,0.0,2.1,8.0,0.0,0.0,0.0,0.0,0.0,0.0,1.0
34611,0,1,3400,-52,52,493,4.5,19,0.50,0.0,0.0,2.1,8.0,0.0,0.0,0.0,0.0,0.0,0.0,1.0
34860,0,1,3400,-52,52,493,4.5,19,0.50,0.0,0.0,2.1,8.0,0.0,0.0,0.0,0.0,0.0,0.0,1.0
35109,0,1,3400,-52,52,495,4.5,19,0.50,0.0,0.0,2.1,8.0,0.0,0.0,0.0,0.0,0.0,0.0,1.0
35358,0,1,3400,-52,52,497,4.5,20,0.50,0.0,0.0,2.1,8.0,0.0,0.0,0.0,0.0,0.0,0.0,1.0
35607,0,1,3400,-52,52,497,4.5,20,0.50,0.0,0.0,2.1,8.0,0.0,0.0,0.0,0.0,0.0,0.0,1.0
35856,0,1,3400,-52,52,496,4.5,19,0.50,0.0,0.0,2.1,8.0,0.0,0.0,0.0,0.0,0.0,0.0,1.0
36105,0,1,3400,-52,52,500,4.5,19,0.50,0.0,0.0,2.1,8.0,0.0,0.0,0.0,0.0,0.0,0.0,1.0
36354,0,1,3400,-52,52,498,4.5,19,0.50,0.0,0.0,2.1,8.0,0.0,0.0,0.0,0.0,0.0,0.0,1.0
36603,0,1,3400,-52,52,496,4.5,20,0.50,0.0,0.0,2.1,8.0,0.0,0.0,0.0,0.0,0.0,0.0,1.0
36852,0,1,3400,-52,52,499,4.5,19,0.50,0.0,0.0,2.1,8.0,0.0,0.0,0.0,0.0,0.0,0.0,1.0
37101,0,1,3400,-52,52,496,4.5,20,0.50,0.0,0.0,2.1,8.0,0.0,0.0,0.0,0.0,0.0,0.0,1.0
37350,0,1,3400,-52,52,493,4.5,20,0.50,0.0,0.0,2.1,8.0,0.0,0.0,0.0,0.0,0.0,0.0,1.0
37599,0,1,3400,-52,52,494,4.5,20,0.50,0.0,0.0,2.1,8.0,0.0,0.0,0.0,0.0,0.0,0.0,1.0
37848,0,1,3400,-52,52,493,4.5,19,0.50,0.0,0.0,2.1,8.0,0.0,0.0,0.0,0.0,0.0,0.0,1.0
38097,0,1,3400,-52,52,497,4.5,19,0.50,0.0,0.0,2.1,8.0,0.0,0.0,0.0,0.0,0.0,0.0,1.0
38346,0,1,3400,-52,52,498,4.5,20,0.50,0.0,0.0,2.1,8.0,0.0,0.0,0.0,0.0,0.0,0.0,1.0
38595,0,1,3400,-52,52,496,4.5,19,0.50,0.0,0.0,2.1,8.0,0.0,0.0,0.0,0.0,0.0,0.0,1.0
38844,0,1,3400,-52,52,494,4.5,19,0.50,0.0,0.0,2.1,8.0,0.0,0.0,0.0,0.0,0.0,0.0,1.0
39093,0,1,3400,-52,52,496,4.5,19,0.50,0.0,0.0,2.1,8.0,0.0,0.0,0.0,0.0,0.0,0.0,1.0
39342,0,1,3400,-52,52,497,4.5,20,0.50,0.0,0.0,2.1,8.0,0.0,0.0,0.0,0.0,0.0,0.0,1.0
39591,0,1,3400,-52,52,501,4.5,20,0.50,0.0,0.0,2.1,8.0,0.0,0.0,0.0,0.0,0.0,0.0,1.0
39840,0,1,3400,-52,52,499,4.5,20,0.50,0.0,0.0,2.1,8.0,0.0,0.0,0.0,0.0,0.0,0.0,1.0
40089,0,1,3400,-52,52,493,4.5,20,0.50,0.0,0.0,2.1,8.0,0.0,0.0,0.0,0.0,0.0,0.0,1.0
40338,0,1,3400,-52,52,494,4.5,19,0.50,0.0,0.0,2.1,8.0,0.0,0.0,0.0,0.0,0.0,0.0,1.0
40587,0,1,3400,-52,52,497,4.5,19,0.50,0.0,0.0,2.1,8.0,0.0,0.0,0.0,0.0,0.0,0.0,1.0
40836,0,1,3400,-52,52,498,4.5,19,0.50,0.0,0.0,2.1,8.0,0.0,0.0,0.0,0.0,0.0,0.0,1.0
41085,0,1,3400,-52,52,498,4.5,20,0.50,0.0,0.0,2.1,8.0,0.0,0.0,0.0,0.0,0.0,0.0,1.0
41334,0,1,3400,-52,52,499,4.5,19,0.50,0.0,0.0,2.1,8.0,0.0,0.0,0.0,0.0,0.0,0.0,1.0
41583,0,1,3400,-52,52,495,4.5,20,0.50,0.0,0.0,2.1,8.0,0.0,0.0,0.0,0.0,0.0,0.0,1.0
41832,0,1,3400,-52,52,495,4.5,19,0.50,0.0,0.0,2.1,8.0,0.0,0.0,0.0,0.0,0.0,0.0,1.0
42081,0,1,3400,-52,52,496,4.5,19,0.50,0.0,0.0,2.1,8.0,0.0,0.0,0.0,0.0,0.0,0.0,1.0
42330,0,1,3400,-52,52,495,4.5,19,0.50,0.0,0.0,2.1,8.0,0.0,0.0,0.0,0.0,0.0,0.0,1.0
42579,0,1,3400,-52,52,494,4.5,19,0.50,0.0,0.0,2.1,8.0,0.0,0.0,0.0,0.0,0.0,0.0,1.0
42828,0,1,3400,-52,52,497,4.5,19,0.50,0.0,0.0,2.1,8.0,0.0,0.0,0.0,0.0,0.0,0.0,1.0
43077,0,1,3400,-52,52,499,4.5,20,0.50,0.0,0.0,2.1,8.0,0.0,0.0,0.0,0.0,0.0,0.0,1.0
43326,0,1,3400,-52,52,496,4.5,19,0.50,0.0,0.0,2.1,8.0,0.0,0.0,0.0,0.0,0.0,0.0,1.0
43575,0,1,3400,-52,52,492,4.5,19,0.50,0.0,0.0,2.1,8.0,0.0,0.0,0.0,0.0,0.0,0.0,1.0
43824,0,1,3400,-52,52,495,4.5,19,0.50,0.0,0.0,2.1,8.0,0.0,0.0,0.0,0.0,0.0,0.0,1.0
44073,0,1,3400,-52,52,497,4.5,19,0.50,0.0,0.0,2.1,8.0,0.0,0.0,0.0,0.0,0.0,0.0,1.0
44322,0,1,3400,-52,52,497,4.5,20,0.50,0.0,0.0,2.1,8.0,0.0,0.0,0.0,0.0,0.0,0.0,1.0
44571,0,1,3400,-52,52,495,4.5,19,0.50,0.0,0.0,2.1,8.0,0.0,0.0,0.0,0.0,0.0,0.0,1.0
44820,0,1,3400,-52,52,496,4.5,19,0.50,0.0,0.0,2.1,8.0,0.0,0.0,0.0,0.0,0.0,0.0,1.0
45069,0,1,3400,-52,52,497,4.5,20,0.50,0.0,0.0,2.1,8.0,0.0,0.0,0.0,0.0,0.0,0.0,1.0
45318,0,1,3400,-52,52,498,4.5,19,0.50,0.0,0.0,2.1,8.0,0.0,0.0,0.0,0.0,0.0,0.0,1.0
45567,0,1,3400,-52,52,490,4.5,19,0.50,0.0,0.0,2.1,8.0,0.0,0.0,0.0,0.0,0.0,0.0,1.0
45816,0,1,3400,-52,52,495,4.5,19,0.50,0.0,0.0,2.1,8.0,0.0,0.0,0.0,0.0,0.0,0.0,1.0
46065,0,1,3400,-52,52,496,4.5,19,0.50,0.0,0.0,2.1,8.0,0.0,0.0,0.0,0.0,0.0,0.0,1.0
46314,0,1,3400,-52,52,497,4.5,20,0.50,0.0,0.0,2.1,8.0,0.0,0.0,0.0,0.0,0.0,0.0,1.0
46563,0,1,3400,-52,52,500,4.5,19,0.50,0.0,0.0,2.1,8.0,0.0,0.0,0.0,0.0,0.0,0.0,1.0
46812,0,1,3400,-52,52,500,4.5,20,0.50,0.0,0.0,2.1,8.0,0.0,0.0,0.0,0.0,0.0,0.0,1.0
47061,0,1,3400,-52,52,495,4.5,20,0.50,0.0,0.0,2.1,8.0,0.0,0.0,0.0,0.0,0.0,0.0,1.0
47310,0,1,3400,-52,52,496,4.5,20,0.50,0.0,0.0,2.1,8.0,0.0,0.0,0.0,0.0,0.0,0.0,1.0
47559,0,1,3400,-52,52,497,4.5,19,0.50,0.0,0.0,2.1,8.0,0.0,0.0,0.0,0.0,0.0,0.0,1.0
47808,0,1,3400,-52,52,495,4.5,20,0.50,0.0,0.0,2.1,8.0,0.0,0.0,0.0,0.0,0.0,0.0,1.0
48057,0,1,3400,-52,52,492,4.5,20,0.50,0.0,0.0,2.1,8.0,0.0,0.0,0.0,0.0,0.0,0.0,1.0
48306,0,1,3400,-52,52,492,4.5,19,0.50,0.0,0.0,2.1,8.0,0.0,0.0,0.0,0.0,0.0,0.0,1.0
48555,0,1,3400,-52,52,494,4.5,20,0.50,0.0,0.0,2.1,8.0,0.0,0.0,0.0,0.0,0.0,0.0,1.0
48804,0,1,3400,-52,52,496,4.5,19,0.50,0.0,0.0,2.1,8.0,0.0,0.0,0.0,0.0,0.0,0.0,1.0
49053,0,1,3400,-52,52,497,4.5,19,0.50,0.0,0.0,2.1,8.0,0.0,0.0,0.0,0.0,0.0,0.0,1.0
49302,0,1,3400,-52,52,494,4.5,20,0.50,0.0,0.0,2.1,8.0,0.0,0.0,0.0,0.0,0.0,0.0,1.0
49551,0,1,3400,-52,52,495,4.5,19,0.50,0.0,0.0,2.1,8.0,0.0,0.0,0.0,0.0,0.0,0.0,1.0
49800,0,1,3400,-52,52,497,4.5,19,0.50,0.0,0.0,2.1,8.0,0.0,0.0,0.0,0.0,0.0,0.0,1.0
50049,0,1,3400,-52,52,496,4.5,19,0.50,0.0,0.0,2.1,8.0,0.0,0.0,0.0,0.0,0.0,0.0,1.0
50298,0,1,3400,-52,52,496,4.5,19,0.50,0.0,0.0,2.1,8.0,0.0,0.0,0.0,0.0,0.0,0.0,1.0
50547,0,1,3400,-52,52,494,4.5,19,0.50,0.0,0.0,2.1,8.0,0.0,0.0,0.0,0.0,0.0,0.0,1.0
50796,0,1,3400,-52,52,497,4.5,19,0.50,0.0,0.0,2.1,8.0,0.0,0.0,0.0,0.0,0.0,0.0,1.0
51045,0,1,3400,-52,52,495,4.5,20,0.50,0.0,0.0,2.1,8.0,0.0,0.0,0.0,0.0,0.0,0.0,1.0
51294,0,1,3400,-52,52,492,4.5,19,0.50,0.0,0.0,2.1,8.0,0.0,0.0,0.0,0.0,0.0,0.0,1.0
51543,0,1,3400,-52,52,490,12,19,0.57,1691616.000000,3,2.1,8.2,0.0,17056.000000,0,0.0,0.0,0.0,1.0
51792,0,1,3400,-52,52,497,18,19,0.67,3289664.000000,4,2.1,15,0.0,170592.000000,17,0.0,0.0,0.0,1.0
52041,0,1,3400,-52,52,495,19,18,0.82,1604992.000000,10,2.1,16,0.0,0.0,0.0,0.0,0.0,0.0,1.0
52290,0,1,3400,-52,52,493,18,19,0.70,1773760.000000,5,2.1,16,0.0,0.0,0.0,0.0,0.0,0.0,1.0
52539,0,1,3400,-52,52,491,18,18,0.77,1742912.000000,7,2.1,15,581,0.0,0.0,0.0,0.0,0.0,1.0
52788,0,1,3400,-55,55,485,18,17,0.74,1781408.000000,4,2.1,4.3,0.0,36896.000000,27,0.0,0.0,0.0,1.0
53037,0,1,3400,-52,52,496,17,18,0.85,1661408.000000,9,2.1,0.0,0.0,0.0,0.0,0.0,0.0,0.0,1.0
53286,0,1,3400,-52,52,498,18,18,0.76,1742912.000000,7,2.1,0.0,0.0,5536.000000,0,0.0,0.0,0.0,1.0
53535,0,1,3400,-52,52,495,18,18,0.79,1766048.000000,7,2.1,0.0,581,5536.000000,0,0.0,0.0,0.0,1.0
53784,0,1,3400,-52,52,494,18,18,0.73,1796896.000000,5,2.1,1.6,0.0,146144.000000,17,0.0,0.0,0.0,1.0
54033,0,1,3400,-52,52,495,17,18,0.93,1582368.000000,12,2.1,1.0,0.0,0.0,0.0,0.0,0.0,0.0,1.0
54282,0,1,3400,-52,52,499,18,18,0.73,1766048.000000,6,2.1,1.0,0.0,0.0,0.0,0.0,0.0,0.0,1.0
54531,0,1,3400,-52,52,495,17,17,0.84,1651904.000000,7,2.1,1.0,581,0.0,0.0,0.0,0.0,0.0,1.0
54780,0,1,3400,-53,53,499,17,18,0.71,1624960.000000,5,2.1,2.5,0.0,79360.000000,26,0.0,0.0,0.0,1.0
55029,0,1,3400,-52,52,495,17,17,0.89,1586432.000000,11,2.1,2.0,0.0,0.0,0.0,0.0,0.0,0.0,1.0
55278,0,1,3400,-52,52,494,18,19,0.70,1789184.000000,5,2.1,2.0,0.0,0.0,0.0,0.0,0.0,0.0,1.0
55527,0,1,3400,-52,52,497,18,19,0.83,1782528.000000,9,2.1,1.9,0.0,5536.000000,0,0.0,0.0,0.0,1.0
55776,0,1,3400,-52,52,495,18,19,0.70,1804608.000000,5,2.1,0.72,0.0,58784.000000,8,0.0,0.0,0.0,1.0
56025,0,1,3400,-53,53,493,17,17,0.76,1553696.000000,7,2.1,7.5,0.0,0.0,0.0,0.0,0.0,0.0,1.0
56274,0,1,3400,-52,52,494,17,19,0.69,1654240.000000,5,2.1,7.5,0.0,0.0,0.0,0.0,0.0,0.0,1.0
56523,0,1,3400,-52,52,496,17,18,0.70,1635456.000000,4,2.1,7.5,581,17056.000000,0,0.0,0.0,0.0,1.0
56772,0,1,3400,-52,52,497,18,19,0.70,1766048.000000,5,2.1,7.5,55,0.0,80,0.0,0.0,0.0,1.0
57021,0,1,3400,-52,52,497,18,19,0.70,1860128.000000,4,2.1,6.1,0.0,16224.000000,33,0.0,0.0,0.0,1.0
57270,0,1,3400,-52,52,493,18,18,0.78,1750624.000000,7,2.1,12,0.0,0.0,80,0.0,0.0,0.0,1.0
57519,0,1,3400,-52,52,495,18,19,0.73,1773760.000000,6,2.1,6.8,581,5536.000000,0,0.0,0.0,0.0,1.0
57768,0,1,3400,-52,52,496,17,17,0.92,1568288.000000,10,2.1,0.65,0.0,36192.000000,0,0.0,0.0,0.0,1.0
58017,0,1,3400,-52,52,493,17,18,0.69,1760128.000000,4,2.1,0.0,0.0,0.0,0.0,0.0,0.0,0.0,1.0
58266,0,1,3400,-52,52,493,18,18,0.71,1738304.000000,5,2.1,0.0,0.0,0.0,0.0,0.0,0.0,0.0,1.0
58515,0,1,3400,-52,52,492,17,18,0.68,1660096.000000,3,2.1,0.0,581,0.0,0.0,0.0,0.0,0.0,1.0
58764,0,1,3400,-52,52,492,17,19,0.64,1773248.000000,2,2.1,0.0,0.0,41728.000000,0,0.0,0.0,0.0,1.0
59013,0,1,3400,-52,52,491,18,19,0.75,1820032.000000,6,2.1,0.0,0.0,0.0,0.0,0.0,0.0,0.0,1.0
59262,0,1,3400,-52,52,496,18,18,0.88,1696640.000000,10,2.1,0.0,0.0,0.0,0.0,0.0,0.0,0.0,1.0
59511,0,1,3400,-52,52,496,18,18,0.81,1750624.000000,8,2.1,0.16,0.0,15520.000000,0,0.0,0.0,0.0,1.0
59760,0,1,3400,-52,52,497,17,18,0.92,1585824.000000,11,2.1,8.2,0.0,156384.000000,25,0.0,0.0,0.0,1.0
60009,0,1,3400,-52,52,497,18,18,0.89,1665792.000000,11,2.1,10,0.0,0.0,80,0.0,0.0,0.0,1.0
60258,0,1,3400,-54,54,496,17,17,0.81,1436480.000000,10,2.1,15,0.0,0.0,0,0.0,0.0,0.0,1.0
60507,0,1,3400,-53,53,501,17,18,0.75,1608350.625000,5,2.1,8.0,581,5513.944336,0,0.0,0.0,0.0,1.0
60756,0,1,3400,-53,53,492,18,18,0.79,1719776.000000,7,2.1,3.5,0.0,30624.000000,27,0.0,0.0,0.0,1.0
61005,0,1,3400,-52,52,492,17,18,0.85,1665984.000000,9,2.1,1.0,0.0,0.0,0.0,0.0,0.0,0.0,1.0
61254,0,1,3400,-52,52,491,18,19,0.66,1811584.000000,4,2.1,1.0,0.0,0.0,0.0,0.0,0.0,0.0,1.0
61503,0,1,3400,-52,52,496,18,19,0.77,1742912.000000,8,2.1,6.2,581,22592.000000,0,0.0,0.0,0.0,1.0
61752,0,1,3400,-52,52,495,18,19,0.70,1766048.000000,6,2.1,6.1,0.0,7360.000000,44,0.0,0.0,0.0,1.0
62001,0,1,3400,-52,52,494,18,19,0.76,1789184.000000,6,2.1,4.5,0.0,0.0,0.0,0.0,0.0,0.0,1.0
62250,0,1,3400,-52,52,500,18,19,0.69,1820032.000000,4,2.1,4.5,0.0,0.0,0.0,0.0,0.0,0.0,1.0
62499,0,1,3400,-52,52,495,18,18,0.77,1750624.000000,7,2.1,4.6,55,5536.000000,25,0.0,0.0,0.0,1.0
62748,0,1,3400,-52,52,492,17,18,0.81,1613632.000000,9,2.1,7.5,55,0.0,100.000000,0.0,0.0,0.0,1.0
62997,0,1,3400,-53,53,489,18,18,0.75,1753984.000000,6,2.1,5.8,0.0,7360.000000,0,0.0,0.0,0.0,1.0
63246,0,1,3400,-52,52,494,18,19,0.70,1796896.000000,5,2.1,5.8,0.0,22592.000000,0,0.0,0.0,0.0,1.0
63495,0,1,3400,-52,52,491,18,19,0.79,1735200.000000,7,2.1,12,55,0.0,50,0.0,0.0,0.0,1.0
63744,0,1,3400,-52,52,494,17,17,0.95,1613984.000000,12,2.1,12,55,0.0,100.000000,0.0,0.0,0.0,1.0
63993,0,1,3400,-53,53,496,15,19,0.68,1473568.000000,5,2.1,7.5,0.0,5312.000000,0,0.0,0.0,0.0,1.0
64242,0,1,3400,-52,52,492,18,18,0.77,1726720.000000,7,2.1,4.5,0.0,0.0,0.0,0.0,0.0,0.0,1.0
64491,0,1,3400,-52,52,496,17,18,0.64,1625632.000000,4,2.1,4.5,581,0.0,0.0,0.0,0.0,0.0,1.0
64740,0,1,3400,-53,53,497,18,19,0.70,1727488.000000,5,2.1,11,55,0.0,80,0.0,0.0,0.0,1.0
64989,0,1,3400,-52,52,493,17,18,0.75,1730048.000000,6,2.1,7.5,0.0,11008.000000,20,0.0,0.0,0.0,1.0
65238,0,1,3400,-52,52,495,18,19,0.67,1758336.000000,5,2.1,1.0,0.0,0.0,0.0,0.0,0.0,0.0,1.0
65487,0,1,3400,-52,52,495,18,19,0.69,1796896.000000,5,2.1,0.97,177,4384.000000,0,0.0,0.0,0.0,1.0
65736,0,1,3400,-52,52,496,18,18,0.75,1749088.000000,4,2.1,8.3,0.0,46464.000000,0,0.0,0.0,0.0,1.0
65985,0,1,3400,-52,52,497,18,19,0.76,1742912.000000,7,2.1,8.5,0.0,0.0,0.0,0.0,0.0,0.0,1.0
66234,0,1,3400,-52,52,494,17,19,0.67,1694560.000000,4,2.1,13,0.0,0.0,80,0.0,0.0,0.0,1.0
66483,0,1,3400,-52,52,492,18,18,0.72,1804608.000000,6,2.1,15,0.0,5536.000000,0,0.0,0.0,0.0,1.0
66732,0,1,3400,-52,52,493,18,19,0.76,1789184.000000,5,2.1,0.90,0.0,14304.000000,53,0.0,0.0,0.0,1.0
66981,0,1,3400,-52,52,500,18,19,0.73,1750624.000000,6,2.1,0.0,0.0,5536.000000,0,0.0,0.0,0.0,1.0
67230,0,1,3400,-52,52,496,17,18,0.85,1573472.000000,10,2.1,1.3,0.0,17056.000000,0,0.0,0.0,0.0,1.0
67479,0,1,3400,-52,52,494,18,19,0.66,1789184.000000,5,2.1,7.5,55,0.0,50,0.0,0.0,0.0,1.0
67728,0,1,3400,-52,52,492,19,18,0.80,2036416.000000,7,2.1,16,0.0,77408.000000,66,0.0,0.0,0.0,1.0
67977,0,1,3400,-52,52,496,17,18,0.89,1615904.000000,11,2.1,16,0.0,0.0,0.0,0.0,0.0,0.0,1.0
68226,0,1,3400,-52,52,493,18,20,0.65,1788416.000000,4,2.1,16,0.0,17056.000000,0,0.0,0.0,0.0,1.0
68475,0,1,3400,-52,52,492,18,19,0.63,1812320.000000,2,2.1,15,0.0,17056.000000,0,0.0,0.0,0.0,1.0
68724,0,1,3400,-52,52,492,18,18,0.75,1735200.000000,7,2.1,1.9,0.0,25120.000000,31,0.0,0.0,0.0,1.0
68973,0,1,3400,-52,52,490,18,17,0.83,1734432.000000,9,2.1,0.0,0.0,0.0,0.0,0.0,0.0,0.0,1.0
69222,0,1,3400,-52,52,495,13,18,0.67,1233632.000000,3,2.1,0.0,0.0,0.0,0.0,0.0,0.0,0.0,1.0
69471,0,1,3400,-52,52,492,18,19,0.65,1812320.000000,4,2.1,0.0,581,5536.000000,0,0.0,0.0,0.0,1.0
69720,0,1,3400,-52,52,492,18,17,0.86,1673504.000000,10,2.1,6.7,55,0.0,80,0.0,0.0,0.0,1.0
69969,0,1,3400,-52,52,496,16,19,0.60,1606048.000000,2,2.1,4.1,0.0,7680.000000,0,0.0,0.0,0.0,1.0
70218,0,1,3400,-52,52,497,16,18,0.81,1598880.000000,7,2.1,0.0,0.0,5536.000000,33,0.0,0.0,0.0,1.0
70467,0,1,3400,-52,52,498,17,18,0.77,1669856.000000,7,2.1,0.12,0.0,11072.000000,0,0.0,0.0,0.0,1.0
70716,0,1,3400,-52,52,498,15,19,0.61,1534496.000000,3,2.1,8.3,0.0,237568.000000,60,0.0,0.0,0.0,1.0
70965,0,1,3400,-52,52,495,18,19,0.73,1820992.000000,6,2.1,8.0,0.0,0.0,0.0,0.0,0.0,0.0,1.0
71214,0,1,3400,-52,52,494,16,18,0.73,1562080.000000,5,2.1,8.0,0.0,5536.000000,0,0.0,0.0,0.0,1.0
71463,0,1,3400,-52,52,493,17,18,0.80,1640800.000000,6,2.1,8.0,0.0,5536.000000,0,0.0,0.0,0.0,1.0
71712,0,1,3400,-52,52,493,18,18,0.74,1788416.000000,6,2.1,4.7,0.0,36896.000000,27,0.0,0.0,0.0,1.0
71961,0,1,3400,-52,52,490,17,17,0.98,1496544.000000,13,2.1,0.0,0.0,0.0,0.0,0.0,0.0,0.0,1.0
72210,0,1,3400,-52,52,492,18,18,0.88,1695872.000000,9,2.1,0.0,0.0,0.0,0.0,0.0,0.0,0.0,1.0
72459,0,1,3400,-52,52,495,18,18,0.75,1758336.000000,6,2.1,0.0,581,0.0,0.0,0.0,0.0,0.0,1.0
72708,0,1,3400,-52,52,492,18,18,0.85,1671200.000000,9,2.1,1.0,0.0,25376.000000,27,0.0,0.0,0.0,1.0
72957,0,1,3400,-53,53,497,17,18,0.70,1655072.000000,5,2.1,0.62,0.0,8864.000000,0,0.0,0.0,0.0,1.0
73206,0,1,3400,-52,52,495,18,19,0.61,1774023.875000,2,2.1,1.1,0.0,0.0,0,0.0,0.0,0.0,1.0
73455,0,1,3400,-52,52,493,17,18,0.61,1708960.000000,2,2.1,7.5,581,0.0,100.000000,0.0,0.0,0.0,1.0
73704,0,1,3400,-52,52,492,17,18,0.79,1689184.000000,7,2.1,3.2,0.0,25088.000000,36,0.0,0.0,0.0,1.0
73953,0,1,3400,-52,52,494,18,18,0.70,1796896.000000,5,2.1,2.0,0.0,0.0,0.0,0.0,0.0,0.0,1.0
74202,0,1,3400,-52,52,496,18,19,0.68,1796896.000000,4,2.1,2.0,0.0,0.0,0.0,0.0,0.0,0.0,1.0
74451,0,1,3400,-52,52,494,17,17,0.93,1536960.000000,12,2.1,1.3,581,5536.000000,0,0.0,0.0,0.0,1.0
74700,0,1,3400,-52,52,494,18,19,0.62,1843168.000000,3,2.1,1.2,0.0,25376.000000,27,0.0,0.0,0.0,1.0
74949,0,1,3400,-52,52,495,17,18,0.79,1622112.000000,7,2.1,0.0,0.0,0.0,0.0,0.0,0.0,0.0,1.0
75198,0,1,3400,-52,52,498,18,19,0.69,1765376.000000,5,2.1,0.016,0.0,0.0,0,0.0,0.0,0.0,1.0
75447,0,1,3400,-52,52,495,17,18,0.74,1730048.000000,6,2.1,1.0,581,8864.000000,0,0.0,0.0,0.0,1.0
75696,0,1,3400,-52,52,492,17,18,0.71,1723072.000000,6,2.1,6.8,55,0.0,80,0.0,0.0,0.0,1.0
75945,0,1,3400,-52,52,494,18,19,0.76,1758336.000000,7,2.1,6.0,0.0,7360.000000,20,0.0,0.0,0.0,1.0
76194,0,1,3400,-52,52,495,18,18,0.81,1727488.000000,7,2.1,4.5,0.0,0.0,0.0,0.0,0.0,0.0,1.0
76443,0,1,3400,-52,52,496,16,18,0.84,1538240.000000,9,2.1,5.0,581,8864.000000,0,0.0,0.0,0.0,1.0
76692,0,1,3400,-52,52,496,18,19,0.64,1835456.000000,4,2.1,0.75,0.0,74208.000000,18,0.0,0.0,0.0,1.0
76941,0,1,3400,-52,52,494,18,19,0.67,1835456.000000,4,2.1,0.0,0.0,5536.000000,0,0.0,0.0,0.0,1.0
77190,0,1,3400,-52,52,496,15,18,0.70,1440192.000000,5,2.1,0.0,0.0,5536.000000,0,0.0,0.0,0.0,1.0
77439,0,1,3400,-52,52,491,18,18,0.76,1750624.000000,7,2.1,4.0,0.0,22592.000000,0,0.0,0.0,0.0,1.0
77688,0,1,3400,-52,52,492,17,19,0.64,1781728.000000,3,2.1,6.6,0.0,12896.000000,42,0.0,0.0,0.0,1.0
77937,0,1,3400,-52,52,498,18,18,0.74,1758336.000000,7,2.1,4.5,0.0,0.0,0.0,0.0,0.0,0.0,1.0
78186,0,1,3400,-52,52,495,18,19,0.73,1766048.000000,7,2.1,4.5,0.0,0.0,0.0,0.0,0.0,0.0,1.0
78435,0,1,3400,-53,53,493,17,18,0.84,1602400.000000,10,2.1,4.9,0.0,1120.000000,0,0.0,0.0,0.0,1.0
78684,0,1,3400,-52,52,500,17,17,0.83,1575328.000000,9,2.1,15,0.0,34528.000000,0,0.0,0.0,0.0,1.0
78933,0,1,3400,-52,52,494,17,18,0.82,1645984.000000,9,2.1,15,0.0,0.0,0.0,0.0,0.0,0.0,1.0
79182,0,1,3400,-52,52,492,18,19,0.64,1850880.000000,3,2.1,14,0.0,0.0,0.0,0.0,0.0,0.0,1.0
79431,0,1,3400,-52,52,489,18,19,0.66,1758336.000000,5,2.1,15,0.0,20640.000000,57,0.0,0.0,0.0,1.0
79680,0,1,3400,-52,52,491,18,19,0.63,1827744.000000,3,2.1,1.8,0.0,19840.000000,33,0.0,0.0,0.0,1.0
79929,0,1,3400,-52,52,489,18,19,0.71,1781472.000000,6,2.1,0.0,0.0,0.0,0.0,0.0,0.0,0.0,1.0
80178,0,1,3400,-52,52,492,18,18,0.84,1735200.000000,9,2.1,0.0,0.0,0.0,0.0,0.0,0.0,0.0,1.0
80427,0,1,3400,-52,52,492,17,19,0.69,1744704.000000,5,2.1,0.0,0.0,5536.000000,0,0.0,0.0,0.0,1.0
80676,0,1,3400,-52,52,491,17,18,0.80,1616160.000000,7,2.1,0.0,0.0,30656.000000,14,0.0,0.0,0.0,1.0
80925,0,1,3400,-52,52,488,18,18,0.80,1742912.000000,8,2.1,0.0,0.0,5536.000000,0,0.0,0.0,0.0,1.0
81174,0,1,3400,-52,52,489,17,19,0.72,1648640.000000,5,2.1,2.5,0.0,17056.000000,0,0.0,0.0,0.0,1.0
81423,0,1,3400,-52,52,490,18,18,0.82,1735200.000000,8,2.1,7.5,581,0.0,0.0,0.0,0.0,0.0,1.0
81672,0,1,3400,-52,52,491,19,18,0.77,2020576.000000,7,2.1,13,0.0,166304.000000,63,0.0,0.0,0.0,1.0
81921,0,1,3400,-52,52,491,17,18,0.82,1636288.000000,8,2.1,8.0,0.0,0.0,0.0,0.0,0.0,0.0,1.0
82170,0,1,3400,-52,52,499,18,18,0.70,1750624.000000,5,2.1,8.0,0.0,0.0,0.0,0.0,0.0,0.0,1.0
82419,0,1,3400,-52,52,497,18,18,0.79,1727488.000000,7,2.1,8.0,581,0.0,0.0,0.0,0.0,0.0,1.0
82668,0,1,3400,-53,53,496,18,17,0.88,1811314.750000,10,2.1,2.2,0.0,25274.900391,27,0.0,0.0,0.0,1.0
82917,0,1,3400,-52,52,496,18,18,0.76,1719872.000000,7,2.1,0.0,0.0,0.0,0.0,0.0,0.0,0.0,1.0
83166,0,1,3400,-52,52,494,17,17,0.94,1551776.000000,12,2.1,0.0,0.0,0.0,0.0,0.0,0.0,0.0,1.0
83415,0,1,3400,-52,52,492,17,18,0.78,1709984.000000,7,2.1,0.0,0.0,5536.000000,0,0.0,0.0,0.0,1.0
83664,0,1,3400,-52,52,492,18,19,0.74,1758336.000000,7,2.1,0.0,0.0,25120.000000,29,0.0,0.0,0.0,1.0
83913,0,1,3400,-52,52,494,18,19,0.66,1804608.000000,4,2.1,0.0,0.0,0.0,0.0,0.0,0.0,0.0,1.0
84162,0,1,3400,-52,52,489,18,19,0.75,1742912.000000,7,2.1,0.0,0.0,0.0,0.0,0.0,0.0,0.0,1.0
84411,0,1,3400,-52,52,491,18,18,0.70,1773760.000000,5,2.1,0.0,0.0,5536.000000,0,0.0,0.0,0.0,1.0
84660,0,1,3400,-52,52,495,17,18,0.79,1602496.000000,8,2.1,0.0,0.0,41728.000000,0,0.0,0.0,0.0,1.0
84909,0,1,3400,-52,52,493,18,19,0.60,1819264.000000,2,2.1,0.0,0.0,0.0,0.0,0.0,0.0,0.0,1.0
85158,0,1,3400,-52,52,491,18,18,0.87,1695872.000000,10,2.1,0.0,0.0,0.0,0.0,0.0,0.0,0.0,1.0
85407,0,1,3400,-52,52,494,17,18,0.67,1731296.000000,4,2.1,0.0,0.0,0.0,0.0,0.0,0.0,0.0,1.0
85656,0,1,3400,-52,52,493,16,18,0.75,1566976.000000,5,2.1,0.0,0.0,44704.000000,12,0.0,0.0,0.0,1.0
85905,0,1,3400,-52,52,494,18,18,0.86,1773760.000000,8,2.1,0.0,0.0,0.0,0.0,0.0,0.0,0.0,1.0
86154,0,1,3400,-53,53,492,17,17,0.91,1592000.000000,11,2.1,0.0,0.0,0.0,0.0,0.0,0.0,0.0,1.0
86403,0,1,3400,-52,52,492,18,18,0.81,1719776.000000,9,2.1,0.064,581,0.0,0.0,0.0,0.0,0.0,1.0
86652,0,1,3400,-52,52,496,18,19,0.70,1789184.000000,5,2.1,1.2,0.0,28704.000000,27,0.0,0.0,0.0,1.0
86901,0,1,3400,-52,52,496,18,18,0.75,1742912.000000,7,2.1,0.0,0.0,5536.000000,0,0.0,0.0,0.0,1.0
87150,0,1,3400,-52,52,491,18,19,0.79,1765280.000000,7,2.1,0.0,0.0,0.0,0.0,0.0,0.0,0.0,1.0
87399,0,1,3400,-52,52,492,18,19,0.69,1765280.000000,5,2.1,0.0,0.0,5536.000000,0,0.0,0.0,0.0,1.0
87648,0,1,3400,-52,52,493,18,19,0.73,1750624.000000,6,2.1,6.7,55,0.0,80,0.0,0.0,0.0,1.0
87897,0,1,3400,-52,52,500,18,18,0.76,1750624.000000,7,2.1,4.1,0.0,7680.000000,20,0.0,0.0,0.0,1.0
88146,0,1,3400,-53,53,497,17,18,0.70,1674528.000000,5,2.1,0.0,0.0,11072.000000,0,0.0,0.0,0.0,1.0
88395,0,1,3400,-53,53,493,17,17,0.85,1550023.875000,9,2.1,0.0,581,0.0,0.0,0.0,0.0,0.0,1.0
88644,0,1,3400,-52,52,493,18,19,0.76,1726720.000000,7,2.1,1.9,0.0,97664.000000,15,0.0,0.0,0.0,1.0
88893,0,1,3400,-52,52,493,19,19,0.74,1922912.000000,7,2.1,1.0,0.0,0.0,0.0,0.0,0.0,0.0,1.0
89142,0,1,3400,-52,52,494,18,18,0.70,1773760.000000,6,2.1,1.0,0.0,0.0,0.0,0.0,0.0,0.0,1.0
89391,0,1,3400,-52,52,491,18,19,0.78,1750624.000000,8,2.1,1.0,0.0,0.0,0.0,0.0,0.0,0.0,1.0
89640,0,1,3400,-52,52,492,18,18,0.74,1796896.000000,5,2.1,0.15,0.0,47264.000000,7,0.0,0.0,0.0,1.0
89889,0,1,3400,-54,54,496,18,17,0.65,1751330.625000,4,2.1,0.0,0.0,0.0,0.0,0.0,0.0,0.0,1.0
90138,0,1,3400,-52,52,497,18,18,0.79,1742912.000000,8,2.1,0.064,0.0,11072.000000,0,0.0,0.0,0.0,1.0
90387,0,1,3400,-52,52,495,16,18,0.81,1515424.000000,9,2.1,0.41,0.0,7872.000000,0,0.0,0.0,0.0,1.0
90636,0,1,3400,-53,53,489,16,18,0.72,1481880.500000,6,2.1,13,0.0,35250.996094,57,0.0,0.0,0.0,1.0
90885,0,1,3400,-53,53,493,17,18,0.63,1757824.000000,2,2.1,7.5,0.0,0.0,0.0,0.0,0.0,0.0,1.0
91134,0,1,3400,-53,53,492,17,18,0.76,1629641.375000,7,2.1,7.5,0.0,0.0,0.0,0.0,0.0,0.0,1.0
91383,0,1,3400,-52,52,492,19,18,0.83,1879296.000000,9,2.1,7.5,435,0.0,50,0.0,0.0,0.0,1.0
91632,0,1,3400,-52,52,494,16,19,0.63,1657248.000000,3,2.1,3.0,0.0,78656.000000,34,0.0,0.0,0.0,1.0
91881,0,1,3400,-53,53,494,17,17,0.80,1528992.000000,9,2.1,1.4,0.0,5536.000000,0,0.0,0.0,0.0,1.0
92130,0,1,3400,-52,52,491,17,18,0.93,1564128.000000,11,2.1,3.5,0.0,0.0,80,0.0,0.0,0.0,1.0
92379,0,1,3400,-52,52,488,18,19,0.75,1758336.000000,7,2.1,8.5,581,0.0,0.0,0.0,0.0,0.0,1.0
92628,0,1,3400,-52,52,490,18,18,0.74,1742912.000000,6,2.1,1.9,0.0,25376.000000,27,0.0,0.0,0.0,1.0
92877,0,1,3400,-52,52,493,18,18,0.79,1773760.000000,7,2.1,1.0,0.0,5536.000000,57,0.0,0.0,0.0,1.0
93126,0,1,3400,-52,52,493,18,17,1.0,1594848.000000,14,2.1,7.5,0.0,0.0,0.0,0.0,0.0,0.0,1.0
93375,0,1,3400,-52,52,493,18,19,0.67,1806880.000000,3,2.1,7.5,581,5536.000000,0,0.0,0.0,0.0,1.0
93624,0,1,3400,-52,52,494,17,19,0.67,1742784.000000,4,2.1,3.4,0.0,42432.000000,24,0.0,0.0,0.0,1.0
93873,0,1,3400,-52,52,492,18,19,0.75,1742912.000000,7,2.1,4.6,0.0,17056.000000,0,0.0,0.0,0.0,1.0
94122,0,1,3400,-52,52,492,18,18,0.81,1681216.000000,9,2.1,7.5,0.0,17056.000000,0,0.0,0.0,0.0,1.0
94371,0,1,3400,-52,52,490,17,18,0.77,1673760.000000,7,2.1,7.6,0.0,2336.000000,0,0.0,0.0,0.0,1.0
94620,0,1,3400,-52,52,495,18,18,0.81,1726720.000000,8,2.1,4.4,0.0,58464.000000,38,0.0,0.0,0.0,1.0
94869,0,1,3400,-52,52,492,17,19,0.71,1746240.000000,5,2.1,0.064,0.0,0.0,0.0,0.0,0.0,0.0,1.0
95118,0,1,3400,-52,52,493,18,19,0.70,1812320.000000,4,2.1,0.0,0.0,0.0,0.0,0.0,0.0,0.0,1.0
95367,0,1,3400,-53,53,491,17,18,0.84,1592669.375000,8,2.1,0.0,0.0,0.0,0.0,0.0,0.0,0.0,1.0
95616,0,1,3400,-52,52,492,17,18,0.71,1643040.000000,5,2.1,0.0,0.0,36192.000000,8,0.0,0.0,0.0,1.0
95865,0,1,3400,-52,52,492,17,18,0.89,1589216.000000,10,2.1,0.0,0.0,5536.000000,0,0.0,0.0,0.0,1.0
96114,0,1,3400,-52,52,496,18,20,0.59,1858592.000000,2,2.1,2.5,0.0,0.0,80,0.0,0.0,0.0,1.0
96363,0,1,3400,-52,52,493,17,18,0.82,1612160.000000,9,2.1,7.2,415,5536.000000,0,0.0,0.0,0.0,1.0
96612,0,1,3400,-52,52,491,17,18,0.70,1627936.000000,5,2.1,9.0,0.0,42976.000000,41,0.0,0.0,0.0,1.0
96861,0,1,3400,-52,52,491,18,18,0.83,1696640.000000,9,2.1,7.5,0.0,0.0,0.0,0.0,0.0,0.0,1.0
97110,0,1,3400,-52,52,488,17,18,0.87,1677600.000000,9,2.1,7.5,0.0,0.0,0.0,0.0,0.0,0.0,1.0
97359,0,1,3400,-53,53,485,16,17,0.88,1547537.875000,10,2.1,7.5,581,0.0,0.0,0.0,0.0,0.0,1.0
97608,0,1,3400,-52,52,492,18,18,0.77,1704512.000000,7,2.1,3.2,0.0,25088.000000,31,0.0,0.0,0.0,1.0
97857,0,1,3400,-53,53,493,17,18,0.71,1685088.000000,4,2.1,2.0,0.0,0.0,0.0,0.0,0.0,0.0,1.0
98106,0,1,3400,-52,52,489,17,18,0.73,1611808.000000,5,2.1,2.0,0.0,0.0,0.0,0.0,0.0,0.0,1.0
98355,0,1,3400,-52,52,491,18,18,0.78,1758336.000000,7,2.1,2.0,0.0,0.0,0.0,0.0,0.0,0.0,1.0
98604,0,1,3400,-52,52,493,18,18,0.78,1773760.000000,7,2.1,1.8,0.0,28704.000000,27,0.0,0.0,0.0,1.0
98853,0,1,3400,-52,52,491,16,19,0.66,1592544.000000,4,2.1,0.0,0.0,5536.000000,0,0.0,0.0,0.0,1.0
99102,0,1,3400,-52,52,492,17,18,0.76,1700288.000000,7,2.1,6.1,0.0,0.0,80,0.0,0.0,0.0,1.0
99351,0,1,3400,-52,52,494,18,19,0.67,1812320.000000,4,2.1,7.5,581,0.0,0.0,0.0,0.0,0.0,1.0
99600,0,1,3400,-52,52,497,18,19,0.70,1804608.000000,4,2.1,0.84,0.0,36192.000000,8,0.0,0.0,0.0,1.0
99849,0,1,3400,-52,52,493,16,17,0.91,1516352.000000,11,2.1,0.13,0.0,0.0,0.0,0.0,0.0,0.0,1.0
100098,0,1,3400,-53,53,488,18,19,0.69,1781472.000000,4,2.1,0.0,0.0,0.0,0.0,0.0,0.0,0.0,1.0
100347,0,1,3400,-52,52,489,18,19,0.69,1812320.000000,4,2.1,0.0,245,5536.000000,0,0.0,0.0,0.0,1.0
100596,0,1,3400,-52,52,489,18,19,0.71,1789184.000000,5,2.1,6.8,0.0,37184.000000,11,0.0,0.0,0.0,1.0
100845,0,1,3400,-52,52,489,18,18,0.80,1704352.000000,9,2.1,7.0,0.0,0.0,0.0,0.0,0.0,0.0,1.0
101094,0,1,3400,-52,52,496,18,19,0.65,1781472.000000,4,2.1,7.0,0.0,0.0,0.0,0.0,0.0,0.0,1.0
101343,0,1,3400,-52,52,494,17,18,0.81,1604960.000000,7,2.1,7.0,581,0.0,0.0,0.0,0.0,0.0,1.0
101592,0,1,3400,-52,52,491,18,18,0.74,1773760.000000,6,2.1,1.9,0.0,30912.000000,24,0.0,0.0,0.0,1.0
101841,0,1,3400,-53,53,494,16,17,0.75,1401472.000000,7,2.1,0.0,0.0,0.0,0.0,0.0,0.0,0.0,1.0
102090,0,1,3400,-53,53,494,18,18,0.75,1695968.000000,7,2.1,0.0,0.0,0.0,0.0,0.0,0.0,0.0,1.0
102339,0,1,3400,-52,52,492,17,18,0.88,1605152.000000,8,2.1,0.0,0.0,0.0,0.0,0.0,0.0,0.0,1.0
102588,0,1,3400,-52,52,493,18,20,0.57,1913344.000000,0.8,2.1,0.0,0.0,36192.000000,8,0.0,0.0,0.0,1.0
102837,0,1,3400,-52,52,491,18,19,0.74,1734432.000000,6,2.1,0.0,0.0,0.0,0.0,0.0,0.0,0.0,1.0
103086,0,1,3400,-52,52,494,17,18,0.83,1661408.000000,8,2.1,0.0,0.0,0.0,0.0,0.0,0.0,0.0,1.0
103335,0,1,3400,-52,52,493,16,18,0.70,1521216.000000,5,2.1,0.12,0.0,5536.000000,0,0.0,0.0,0.0,1.0
103584,0,1,3400,-53,53,495,17,18,0.84,1644448.000000,9,2.1,0.90,0.0,19744.000000,33,0.0,0.0,0.0,1.0
103833,0,1,3400,-52,52,493,18,19,0.75,1750624.000000,6,2.1,0.064,0.0,0.0,0.0,0.0,0.0,0.0,1.0
104082,0,1,3400,-52,52,495,17,18,0.90,1602784.000000,12,2.1,0.0,0.0,0.0,0.0,0.0,0.0,0.0,1.0
104331,0,1,3400,-53,53,493,18,18,0.75,1735200.000000,6,2.1,0.12,0.0,3488.000000,0,0.0,0.0,0.0,1.0
104580,0,1,3400,-52,52,492,19,17,0.94,1821952.000000,13,2.1,16,0.0,109920.000000,74,0.0,0.0,0.0,1.0
104829,0,1,3400,-52,52,495,18,18,0.80,1673504.000000,8,2.1,16,0.0,0.0,0.0,0.0,0.0,0.0,1.0
105078,0,1,3400,-52,52,493,18,19,0.72,1820032.000000,4,2.1,11,0.0,5536.000000,0,0.0,0.0,0.0,1.0
105327,0,1,3400,-52,52,489,18,18,0.80,1712064.000000,9,2.1,8.4,55,0.0,50,0.0,0.0,0.0,1.0
105576,0,1,3400,-52,52,489,18,17,0.93,1627232.000000,12,2.1,16,55,0.0,100.000000,0.0,0.0,0.0,1.0
105825,0,1,3400,-52,52,489,18,18,0.87,1696640.000000,11,2.1,6.3,0.0,7680.000000,0,0.0,0.0,0.0,1.0
106074,0,1,3400,-52,52,492,18,19,0.75,1750624.000000,6,2.1,0.0,0.0,5536.000000,0,0.0,0.0,0.0,1.0
106323,0,1,3400,-52,52,489,18,20,0.61,1850880.000000,2,2.1,0.42,0.0,17056.000000,0,0.0,0.0,0.0,1.0
106572,0,1,3400,-52,52,492,18,19,0.73,1766048.000000,5,2.1,1.9,0.0,25120.000000,29,0.0,0.0,0.0,1.0
106821,0,1,3400,-53,53,486,16,18,0.83,1464000.000000,8,2.1,0.0,0.0,0.0,0.0,0.0,0.0,0.0,1.0
107070,0,1,3400,-52,52,489,18,19,0.77,1735264.000000,7,2.1,0.0,0.0,0.0,0.0,0.0,0.0,0.0,1.0
107319,0,1,3400,-52,52,490,18,18,0.95,1658080.000000,12,2.1,0.0,581,0.0,0.0,0.0,0.0,0.0,1.0
107568,0,1,3400,-52,52,491,18,19,0.69,1820032.000000,4,2.1,6.7,55,0.0,80,0.0,0.0,0.0,1.0
107817,0,1,3400,-52,52,492,18,18,0.76,1781472.000000,6,2.1,6.0,0.0,7360.000000,0,0.0,0.0,0.0,1.0
108066,0,1,3400,-52,52,493,17,18,0.80,1616128.000000,7,2.1,4.5,0.0,0.0,0.0,0.0,0.0,0.0,1.0
108315,0,1,3400,-52,52,495,18,19,0.65,1789184.000000,3,2.1,4.5,581,0.0,0.0,0.0,0.0,0.0,1.0
108564,0,1,3400,-53,53,494,16,17,0.79,1484288.000000,7,2.1,1.7,0.0,25376.000000,27,0.0,0.0,0.0,1.0
108813,0,1,3400,-52,52,493,18,19,0.59,1827744.000000,2,2.1,0.0,0.0,0.0,0.0,0.0,0.0,0.0,1.0
109062,0,1,3400,-52,52,491,17,18,0.77,1698432.000000,6,2.1,0.0,0.0,0.0,0.0,0.0,0.0,0.0,1.0
109311,0,1,3400,-52,52,489,17,18,0.80,1644640.000000,8,2.1,0.10,0.0,7200.000000,0,0.0,0.0,0.0,1.0
109560,0,1,3400,-52,52,489,18,19,0.73,1766048.000000,5,2.1,1.1,0.0,19584.000000,33,0.0,0.0,0.0,1.0
109809,0,1,3400,-52,52,491,18,18,0.71,1789184.000000,6,2.1,0.0,0.0,5536.000000,0,0.0,0.0,0.0,1.0
110058,0,1,3400,-52,52,488,17,18,0.78,1725408.000000,6,2.1,0.0,0.0,0.0,0.0,0.0,0.0,0.0,1.0
110307,0,1,3400,-52,52,488,18,18,0.81,1727488.000000,8,2.1,0.0,0.0,0.0,0.0,0.0,0.0,0.0,1.0
110556,0,1,3400,-52,52,493,18,18,0.79,1727488.000000,7,2.1,0.0,0.0,52800.000000,15,0.0,0.0,0.0,1.0
110805,0,1,3400,-52,52,490,15,18,0.73,1479456.000000,6,2.1,0.0,0.0,0.0,0.0,0.0,0.0,0.0,1.0
111054,0,1,3400,-52,52,491,18,19,0.68,1804608.000000,4,2.1,0.0,0.0,0.0,0.0,0.0,0.0,0.0,1.0
111303,0,1,3400,-52,52,493,17,18,0.87,1638272.000000,9,2.1,6.5,0.0,36448.000000,0,0.0,0.0,0.0,1.0
111552,0,1,3400,-52,52,498,18,19,0.75,1716704.000000,7,2.1,1.9,0.0,20896.000000,50,0.0,0.0,0.0,1.0
111801,0,1,3400,-52,52,492,18,18,0.81,1712064.000000,9,2.1,4.6,0.0,17056.000000,0,0.0,0.0,0.0,1.0
112050,0,1,3400,-52,52,488,18,19,0.67,1812320.000000,4,2.1,7.5,0.0,17056.000000,0,0.0,0.0,0.0,1.0
112299,0,1,3400,-52,52,489,18,20,0.58,1820032.000000,2,2.1,7.5,581,0.0,80,0.0,0.0,0.0,1.0
112548,0,1,3400,-53,53,495,17,19,0.71,1699968.000000,6,2.1,3.2,0.0,25088.000000,31,0.0,0.0,0.0,1.0
112797,0,1,3400,-52,52,490,18,18,0.79,1742912.000000,8,2.1,1.5,0.0,5536.000000,0,0.0,0.0,0.0,1.0
113046,0,1,3400,-52,52,491,17,18,0.90,1624384.000000,10,2.1,1.0,0.0,0.0,0.0,0.0,0.0,0.0,1.0
113295,0,1,3400,-52,52,491,18,18,0.78,1716480.000000,7,2.1,1.0,581,0.0,0.0,0.0,0.0,0.0,1.0
113544,0,1,3400,-52,52,488,17,19,0.71,1685472.000000,6,2.1,0.14,0.0,36608.000000,8,0.0,0.0,0.0,1.0
113793,0,1,3400,-52,52,489,17,17,0.92,1567904.000000,11,2.1,0.0,0.0,0.0,0.0,0.0,0.0,0.0,1.0
114042,0,1,3400,-52,52,488,17,18,0.83,1629856.000000,8,2.1,0.0080,0.0,0.0,0,0.0,0.0,0.0,1.0
114291,0,1,3400,-52,52,491,17,18,0.66,1690944.000000,3,2.1,5.5,581,8864.000000,67,0.0,0.0,0.0,1.0
114540,0,1,3400,-52,52,491,18,19,0.77,1773760.000000,7,2.1,3.1,0.0,97088.000000,13,0.0,0.0,0.0,1.0
114789,0,1,3400,-53,53,489,15,18,0.68,1425920.000000,5,2.1,2.0,0.0,0.0,0.0,0.0,0.0,0.0,1.0
115038,0,1,3400,-52,52,489,18,18,0.67,1783040.000000,3,2.1,2.0,0.0,0.0,0.0,0.0,0.0,0.0,1.0
115287,0,1,3400,-52,52,487,17,20,0.59,1780160.000000,2,2.1,2.0,0.0,0.0,0.0,0.0,0.0,0.0,1.0
115536,0,1,3400,-53,53,493,17,19,0.75,1633888.000000,6,2.1,0.25,0.0,19584.000000,31,0.0,0.0,0.0,1.0
115785,0,1,3400,-52,52,496,18,19,0.74,1727488.000000,7,2.1,0.0,0.0,5536.000000,0,0.0,0.0,0.0,1.0
116034,0,1,3400,-52,52,494,18,19,0.77,1766048.000000,6,2.1,0.0,0.0,0.0,0.0,0.0,0.0,0.0,1.0
116283,0,1,3400,-52,52,485,18,17,0.97,1642720.000000,12,2.1,0.0,581,0.0,0.0,0.0,0.0,0.0,1.0
116532,0,1,3400,-52,52,483,18,18,0.88,1644352.000000,10,2.1,6.7,55,0.0,80,0.0,0.0,0.0,1.0
116781,0,1,3400,-52,52,486,18,19,0.78,1758336.000000,8,2.1,6.2,0.0,12832.000000,36,0.0,0.0,0.0,1.0
117030,0,1,3400,-52,52,491,18,18,0.73,1804608.000000,4,2.1,5.0,0.0,8864.000000,0,0.0,0.0,0.0,1.0
117279,0,1,3400,-52,52,492,16,18,0.80,1488736.000000,9,2.1,5.9,0.0,2336.000000,0,0.0,0.0,0.0,1.0
117528,0,1,3400,-52,52,490,18,18,0.77,1758336.000000,7,2.1,2.1,0.0,28608.000000,48,0.0,0.0,0.0,1.0
117777,0,1,3400,-52,52,489,18,18,0.73,1812320.000000,5,2.1,1.00,0.0,0.0,0.0,0.0,0.0,0.0,1.0
118026,0,1,3400,-52,52,488,18,18,0.88,1710944.000000,8,2.1,1.0,0.0,0.0,0.0,0.0,0.0,0.0,1.0
118275,0,1,3400,-52,52,490,17,18,0.91,1530272.000000,11,2.1,1.0,581,0.0,0.0,0.0,0.0,0.0,1.0
118524,0,1,3400,-52,52,488,15,19,0.58,1519776.000000,1,2.1,13,0.0,236192.000000,57,0.0,0.0,0.0,1.0
118773,0,1,3400,-52,52,488,17,18,0.83,1659872.000000,8,2.1,16,0.0,0.0,0.0,0.0,0.0,0.0,1.0
119022,0,1,3400,-52,52,493,17,18,0.87,1629408.000000,11,2.1,16,0.0,0.0,0.0,0.0,0.0,0.0,1.0
119271,0,1,3400,-52,52,492,18,18,0.75,1750624.000000,6,2.1,16,581,0.0,0.0,0.0,0.0,0.0,1.0
119520,0,1,3400,-52,52,496,18,19,0.73,1766048.000000,6,2.1,3.0,0.0,30912.000000,24,0.0,0.0,0.0,1.0
119769,0,1,3400,-52,52,495,18,19,0.58,1820032.000000,2,2.1,0.0,0.0,0.0,0.0,0.0,0.0,0.0,1.0
120018,0,1,3400,-52,52,489,18,19,0.71,1781472.000000,5,2.1,0.0,0.0,0.0,0.0,0.0,0.0,0.0,1.0
120267,0,1,3400,-52,52,490,18,19,0.76,1742144.000000,6,2.1,0.0,581,0.0,0.0,0.0,0.0,0.0,1.0
120516,0,1,3400,-52,52,489,18,18,0.75,1735200.000000,7,2.1,5.8,0.0,7360.000000,50,0.0,0.0,0.0,1.0
120765,0,1,3400,-53,53,491,17,17,0.87,1642454.125000,9,2.1,4.5,0.0,0.0,0.0,0.0,0.0,0.0,1.0
121014,0,1,3400,-53,53,487,18,18,0.73,1707392.000000,6,2.1,4.5,0.0,0.0,0,0.0,0.0,0.0,1.0
121263,0,1,3400,-52,52,489,17,19,0.72,1674848.000000,5,2.1,4.4,75,11072.000000,0,0.0,0.0,0.0,1.0
121512,0,1,3400,-52,52,489,17,18,0.80,1660768.000000,7,2.1,7.3,0.0,60640.000000,0,0.0,0.0,0.0,1.0
121761,0,1,3400,-52,52,490,18,19,0.65,1834016.000000,2,2.1,7.6,0.0,0.0,0.0,0.0,0.0,0.0,1.0
122010,0,1,3400,-52,52,490,17,19,0.62,1769376.000000,2,2.1,7.5,0.0,0.0,80,0.0,0.0,0.0,1.0
122259,0,1,3400,-52,52,490,17,18,0.87,1580480.000000,11,2.1,7.5,581,0.0,0.0,0.0,0.0,0.0,1.0
122508,0,1,3400,-52,52,495,18,19,0.73,1719776.000000,7,2.1,2.0,0.0,41728.000000,0,0.0,0.0,0.0,1.0
122757,0,1,3400,-52,52,494,18,18,0.69,1777120.000000,5,2.1,0.0,0.0,0.0,0.0,0.0,0.0,0.0,1.0
123006,0,1,3400,-52,52,495,17,17,0.88,1580128.000000,10,2.1,2.5,0.0,22592.000000,0,0.0,0.0,0.0,1.0
123255,0,1,3400,-54,54,491,17,18,0.63,1610720.000000,3,2.1,7.5,0.0,0.0,80,0.0,0.0,0.0,1.0
123504,0,1,3400,-52,52,485,14,18,0.78,1305984.000000,6,2.1,2.3,0.0,41696.000000,12,0.0,0.0,0.0,1.0
123753,0,1,3400,-52,52,486,17,19,0.74,1675520.000000,5,2.1,0.0,0.0,0.0,0.0,0.0,0.0,0.0,1.0
124002,0,1,3400,-53,53,485,17,18,0.75,1610880.000000,5,2.1,0.0,0.0,5536.000000,0,0.0,0.0,0.0,1.0
124251,0,1,3400,-52,52,488,18,19,0.69,1812320.000000,4,2.1,0.0,581,0.0,0.0,0.0,0.0,0.0,1.0
124500,0,1,3400,-52,52,489,18,18,0.73,1765408.000000,6,2.1,2.5,0.0,25088.000000,31,0.0,0.0,0.0,1.0
124749,0,1,3400,-52,52,491,17,18,0.81,1652256.000000,9,2.1,2.0,0.0,0.0,0.0,0.0,0.0,0.0,1.0
124998,0,1,3400,-52,52,492,17,18,0.72,1699968.000000,6,2.1,8.3,0.0,0.0,80,0.0,0.0,0.0,1.0
125247,0,1,3400,-52,52,487,16,17,0.90,1506496.000000,10,2.1,8.5,581,0.0,0.0,0.0,0.0,0.0,1.0
125496,0,1,3400,-53,53,495,17,18,0.72,1611776.000000,6,2.1,7.5,0.0,109344.000000,20,0.0,0.0,0.0,1.0
125745,0,1,3400,-52,52,489,17,19,0.70,1738528.000000,5,2.1,5.6,0.0,5536.000000,0,0.0,0.0,0.0,1.0
125994,0,1,3400,-52,52,488,17,18,0.79,1691488.000000,8,2.1,0.0,0.0,0.0,0.0,0.0,0.0,0.0,1.0
126243,0,1,3400,-52,52,490,16,18,0.77,1615616.000000,6,2.1,0.0,581,0.0,0.0,0.0,0.0,0.0,1.0
126492,0,1,3400,-52,52,493,18,19,0.70,1781472.000000,6,2.1,3.1,0.0,58784.000000,0,0.0,0.0,0.0,1.0
126741,0,1,3400,-53,53,495,17,17,0.90,1519328.000000,12,2.1,7.5,0.0,0.0,0.0,0.0,0.0,0.0,1.0
126990,0,1,3400,-53,53,489,16,18,0.87,1518944.000000,10,2.1,7.5,0.0,0.0,0.0,0.0,0.0,0.0,1.0
127239,0,1,3400,-52,52,489,17,17,0.85,1620000.000000,9,2.1,7.5,581,0.0,0.0,0.0,0.0,0.0,1.0
127488,0,1,3400,-52,52,486,18,18,0.84,1696640.000000,9,2.1,7.5,55,0.0,80,0.0,0.0,0.0,1.0
127737,0,1,3400,-52,52,485,18,19,0.69,1820032.000000,5,2.1,4.1,0.0,7680.000000,20,0.0,0.0,0.0,1.0
127986,0,1,3400,-52,52,489,17,18,0.88,1555040.000000,11,2.1,0.0,0.0,0.0,0.0,0.0,0.0,0.0,1.0
128235,0,1,3400,-52,52,492,18,18,0.79,1719776.000000,8,2.1,0.36,55,5536.000000,25,0.0,0.0,0.0,1.0
128484,0,1,3400,-52,52,492,16,19,0.60,1582912.000000,2,2.1,7.5,55,0.0,100.000000,0.0,0.0,0.0,1.0
128733,0,1,3400,-52,52,486,17,18,0.76,1718464.000000,7,2.1,6.4,0.0,10688.000000,0,0.0,0.0,0.0,1.0
128982,0,1,3400,-53,53,488,17,18,0.69,1643680.000000,5,2.1,5.5,0.0,0.0,0.0,0.0,0.0,0.0,1.0
129231,0,1,3400,-52,52,492,18,18,0.82,1719776.000000,9,2.1,5.1,0.0,11072.000000,0,0.0,0.0,0.0,1.0
129480,0,1,3400,-52,52,488,18,18,0.78,1700512.000000,8,2.1,0.90,0.0,19840.000000,33,0.0,0.0,0.0,1.0
129729,0,1,3400,-52,52,484,17,18,0.77,1713088.000000,7,2.1,0.0,0.0,0.0,0.0,0.0,0.0,0.0,1.0
129978,0,1,3400,-52,52,489,17,18,0.89,1553568.000000,11,2.1,0.0,0.0,0.0,0.0,0.0,0.0,0.0,1.0
130227,0,1,3400,-53,53,493,18,18,0.74,1742912.000000,7,2.1,0.0,581,5536.000000,0,0.0,0.0,0.0,1.0
130476,0,1,3400,-52,52,489,17,18,0.81,1655520.000000,8,2.1,2.3,0.0,36640.000000,27,0.0,0.0,0.0,1.0
130725,0,1,3400,-52,52,490,18,19,0.70,1773760.000000,5,2.1,0.0,0.0,0.0,0.0,0.0,0.0,0.0,1.0
130974,0,1,3400,-53,53,495,17,18,0.69,1712320.000000,3,2.1,0.13,0.0,0.0,0.0,0.0,0.0,0.0,1.0
131223,0,1,3400,-52,52,488,18,18,0.83,1696640.000000,9,2.1,0.064,0.0,0.0,0.0,0.0,0.0,0.0,1.0
131472,0,1,3400,-52,52,487,18,19,0.67,1766048.000000,5,2.1,0.032,0.0,41728.000000,0,0.0,0.0,0.0,1.0
131721,0,1,3400,-53,53,487,16,18,0.68,1594581.625000,4,2.1,0.0,0.0,0.0,0.0,0.0,0.0,0.0,1.0
131970,0,1,3400,-52,52,493,18,19,0.69,1804608.000000,4,2.1,0.0,0.0,0.0,0.0,0.0,0.0,0.0,1.0
132219,0,1,3400,-52,52,488,18,19,0.75,1753728.000000,6,2.1,0.064,581,0.0,0.0,0.0,0.0,0.0,1.0
132468,0,1,3400,-52,52,488,18,19,0.71,1766048.000000,6,2.1,3.7,0.0,36608.000000,31,0.0,0.0,0.0,1.0
132717,0,1,3400,-52,52,489,17,18,0.74,1636352.000000,5,2.1,2.0,0.0,0.0,0.0,0.0,0.0,0.0,1.0
132966,0,1,3400,-53,53,492,18,18,0.68,1764544.000000,5,2.1,2.0,0.0,0.0,0.0,0.0,0.0,0.0,1.0
133215,0,1,3400,-53,53,498,17,18,0.78,1689184.000000,7,2.1,2.0,581,0.0,0.0,0.0,0.0,0.0,1.0
133464,0,1,3400,-52,52,494,18,18,0.81,1696640.000000,9,2.1,7.8,55,0.0,80,0.0,0.0,0.0,1.0
133713,0,1,3400,-52,52,488,18,18,0.71,1812320.000000,5,2.1,4.9,0.0,7680.000000,0,0.0,0.0,0.0,1.0
133962,0,1,3400,-52,52,485,19,19,0.69,1948768.000000,5,2.1,0.0,0.0,5536.000000,0,0.0,0.0,0.0,1.0
134211,0,1,3400,-52,52,492,18,19,0.71,1773760.000000,6,2.1,0.0,581,0.0,0.0,0.0,0.0,0.0,1.0
134460,0,1,3400,-53,53,487,17,18,0.62,1603840.000000,3,2.1,1.6,0.0,96992.000000,9,0.0,0.0,0.0,1.0
134709,0,1,3400,-52,52,486,18,19,0.68,1764608.000000,5,2.1,1.0,0.0,0.0,0.0,0.0,0.0,0.0,1.0
134958,0,1,3400,-52,52,490,17,18,0.82,1675744.000000,5,2.1,1.0,0.0,0.0,0.0,0.0,0.0,0.0,1.0
135207,0,1,3400,-52,52,491,16,18,0.71,1577280.000000,4,2.1,1.3,55,0.0,50,0.0,0.0,0.0,1.0
135456,0,1,3400,-52,52,489,17,18,0.77,1648768.000000,7,2.1,7.5,55,0.0,100.000000,0.0,0.0,0.0,1.0
135705,0,1,3400,-52,52,490,17,18,0.79,1694560.000000,8,2.1,5.8,0.0,7360.000000,20,0.0,0.0,0.0,1.0
135954,0,1,3400,-52,52,493,18,18,0.89,1681216.000000,11,2.1,5.5,0.0,8864.000000,0,0.0,0.0,0.0,1.0
136203,0,1,3400,-52,52,490,18,19,0.68,1781472.000000,5,2.1,5.5,0.0,0.0,0.0,0.0,0.0,0.0,1.0
136452,0,1,3400,-52,52,488,18,18,0.81,1688928.000000,9,2.1,6.0,0.0,7360.000000,55,0.0,0.0,0.0,1.0
136701,0,1,3400,-52,52,489,16,18,0.74,1529920.000000,5,2.1,4.8,0.0,8864.000000,0,0.0,0.0,0.0,1.0
136950,0,1,3400,-52,52,483,18,19,0.77,1750624.000000,7,2.1,8.7,0.0,0.0,80,0.0,0.0,0.0,1.0
137199,0,1,3400,-52,52,487,18,19,0.58,1812320.000000,2,2.1,12,0.0,0.0,0.0,0.0,0.0,0.0,1.0
137448,0,1,3400,-52,52,491,17,18,0.63,1684384.000000,3,2.1,3.4,0.0,41728.000000,0,0.0,0.0,0.0,1.0
137697,0,1,3400,-52,52,486,17,18,0.73,1673024.000000,6,2.1,0.0,0.0,0.0,0.0,0.0,0.0,0.0,1.0
137946,0,1,3400,-52,52,485,18,19,0.78,1742912.000000,7,2.1,0.0,0.0,5536.000000,0,0.0,0.0,0.0,1.0
138195,0,1,3400,-52,52,483,18,18,0.76,1750624.000000,7,2.1,0.0,0.0,0.0,0.0,0.0,0.0,0.0,1.0
138444,0,1,3400,-52,52,487,18,19,0.65,1843168.000000,4,2.1,6.7,55,0.0,80,0.0,0.0,0.0,1.0
138693,0,1,3400,-53,53,490,18,18,0.82,1727488.000000,7,2.1,4.1,0.0,7680.000000,0,0.0,0.0,0.0,1.0
138942,0,1,3400,-52,52,490,16,18,0.71,1607136.000000,5,2.1,0.0,0.0,0.0,0.0,0.0,0.0,0.0,1.0
139191,0,1,3400,-52,52,487,18,18,0.78,1735200.000000,7,2.1,0.18,0.0,20640.000000,0,0.0,0.0,0.0,1.0
139440,0,1,3400,-52,52,490,18,18,0.77,1727488.000000,8,2.1,7.8,0.0,155968.000000,0,0.0,0.0,0.0,1.0
139689,0,1,3400,-52,52,488,18,18,0.80,1750624.000000,8,2.1,13,0.0,17056.000000,0,0.0,0.0,0.0,1.0
139938,0,1,3400,-52,52,488,17,19,0.67,1701376.000000,4,2.1,16,0.0,0.0,0.0,0.0,0.0,0.0,1.0
140187,0,1,3400,-52,52,491,18,19,0.67,1804608.000000,5,2.1,16,581,0.0,80,0.0,0.0,0.0,1.0
140436,0,1,3400,-52,52,491,17,18,0.83,1710752.000000,8,2.1,7.8,0.0,45600.000000,29,0.0,0.0,0.0,1.0
140685,0,1,3400,-52,52,486,18,18,0.87,1705408.000000,10,2.1,6.5,0.0,0.0,0.0,0.0,0.0,0.0,1.0
140934,0,1,3400,-52,52,488,18,18,0.75,1766048.000000,7,2.1,6.5,0.0,0.0,0.0,0.0,0.0,0.0,1.0
141183,0,1,3400,-52,52,489,18,19,0.69,1789184.000000,5,2.1,6.9,55,0.0,50,0.0,0.0,0.0,1.0
141432,0,1,3400,-52,52,489,18,19,0.64,1843168.000000,3,2.1,14,55,0.0,100.000000,0.0,0.0,0.0,1.0
141681,0,1,3400,-52,52,493,18,18,0.83,1727488.000000,9,2.1,5.9,0.0,7680.000000,20,0.0,0.0,0.0,1.0
141930,0,1,3400,-52,52,490,17,19,0.74,1716928.000000,6,2.1,0.0,0.0,0.0,0.0,0.0,0.0,0.0,1.0
142179,0,1,3400,-52,52,488,18,18,0.88,1681216.000000,10,2.1,0.0,577,0.0,50,0.0,0.0,0.0,1.0
142428,0,1,3400,-52,52,491,18,18,0.72,1789184.000000,5,2.1,0.0,0.0,39520.000000,6,0.0,0.0,0.0,1.0
142677,0,1,3400,-52,52,490,17,18,0.83,1662944.000000,8,2.1,0.0,0.0,0.0,0.0,0.0,0.0,0.0,1.0
142926,0,1,3400,-52,52,489,19,18,0.86,1854496.000000,10,2.1,0.0,0.0,0.0,0.0,0.0,0.0,0.0,1.0
143175,0,1,3400,-52,52,488,18,17,0.95,1634944.000000,12,2.1,0.032,0.0,9920.000000,0,0.0,0.0,0.0,1.0
143424,0,1,3400,-52,52,489,18,20,0.58,1866304.000000,2,2.1,4.0,0.0,20160.000000,0,0.0,0.0,0.0,1.0
143673,0,1,3400,-52,52,488,14,18,0.75,1333856.000000,6,2.1,4.0,0.0,0.0,0.0,0.0,0.0,0.0,1.0
143922,0,1,3400,-52,52,489,18,18,0.80,1747584.000000,8,2.1,4.9,0.0,0.0,80,0.0,0.0,0.0,1.0
144171,0,1,3400,-52,52,490,17,17,0.97,1553440.000000,13,2.1,9.5,581,0.0,0.0,0.0,0.0,0.0,1.0
144420,0,1,3400,-52,52,494,18,18,0.86,1673504.000000,10,2.1,1.2,0.0,39520.000000,11,0.0,0.0,0.0,1.0
144669,0,1,3400,-52,52,490,17,18,0.83,1619104.000000,9,2.1,0.0,0.0,0.0,0.0,0.0,0.0,0.0,1.0
144918,0,1,3400,-52,52,487,18,18,0.92,1658080.000000,11,2.1,0.0,0.0,0.0,0.0,0.0,0.0,0.0,1.0
145167,0,1,3400,-52,52,486,18,19,0.76,1727488.000000,7,2.1,0.0,0.0,0.0,0.0,0.0,0.0,0.0,1.0
145416,0,1,3400,-52,52,484,18,18,0.82,1703584.000000,9,2.1,0.82,0.0,50944.000000,8,0.0,0.0,0.0,1.0
145665,0,1,3400,-52,52,489,18,18,0.78,1692032.000000,8,2.1,1.0,0.0,0.0,0.0,0.0,0.0,0.0,1.0
145914,0,1,3400,-52,52,488,18,18,0.92,1672736.000000,11,2.1,1.0,0.0,5536.000000,0,0.0,0.0,0.0,1.0
146163,0,1,3400,-52,52,491,18,18,0.84,1703584.000000,9,2.1,1.0,581,0.0,0.0,0.0,0.0,0.0,1.0
146412,0,1,3400,-52,52,490,18,19,0.68,1804608.000000,4,2.1,0.14,0.0,47264.000000,0,0.0,0.0,0.0,1.0
146661,0,1,3400,-52,52,489,18,19,0.70,1812320.000000,6,2.1,0.0,0.0,0.0,0.0,0.0,0.0,0.0,1.0
146910,0,1,3400,-52,52,489,18,17,0.79,1678272.000000,8,2.1,0.0,0.0,0.0,0.0,0.0,0.0,0.0,1.0
147159,0,1,3400,-52,52,491,17,18,0.74,1648608.000000,6,2.1,0.0,581,0.0,0.0,0.0,0.0,0.0,1.0
147408,0,1,3400,-52,52,488,16,17,0.91,1406400.000000,11,2.1,0.76,0.0,20512.000000,0,0.0,0.0,0.0,1.0
147657,0,1,3400,-52,52,489,18,19,0.59,1843168.000000,2,2.1,1.00,0.0,8864.000000,0,0.0,0.0,0.0,1.0
147906,0,1,3400,-52,52,491,18,19,0.65,1843168.000000,3,2.1,1.0,0.0,0.0,0.0,0.0,0.0,0.0,1.0
148155,0,1,3400,-52,52,489,18,18,0.69,1789184.000000,5,2.1,1.4,0.0,17056.000000,0,0.0,0.0,0.0,1.0
148404,0,1,3400,-52,52,490,17,18,0.72,1652640.000000,6,2.1,1.8,0.0,19840.000000,33,0.0,0.0,0.0,1.0
148653,0,1,3400,-52,52,493,18,19,0.73,1749856.000000,6,2.1,0.0,0.0,0.0,0.0,0.0,0.0,0.0,1.0
148902,0,1,3400,-52,52,492,18,19,0.68,1781472.000000,5,2.1,0.0,0.0,0.0,0.0,0.0,0.0,0.0,1.0
149151,0,1,3400,-52,52,491,18,19,0.73,1789184.000000,6,2.1,0.0,581,0.0,0.0,0.0,0.0,0.0,1.0
149400,0,1,3400,-52,52,489,17,18,0.75,1692256.000000,5,2.1,0.0,0.0,47264.000000,0,0.0,0.0,0.0,1.0
149649,0,1,3400,-52,52,487,18,20,0.60,1835456.000000,3,2.1,0.0,0.0,0.0,0.0,0.0,0.0,0.0,1.0
149898,0,1,3400,-52,52,491,18,19,0.62,1897024.000000,2,2.1,0.0,0.0,0.0,0.0,0.0,0.0,0.0,1.0
150147,0,1,3400,-52,52,490,17,18,0.77,1689184.000000,6,2.1,0.0,581,5536.000000,0,0.0,0.0,0.0,1.0
150396,0,1,3400,-52,52,488,18,19,0.78,1750624.000000,8,2.1,6.0,0.0,7680.000000,44,0.0,0.0,0.0,1.0
150645,0,1,3400,-53,53,491,18,18,0.60,1827744.000000,2,2.1,0.0,0.0,5536.000000,0,0.0,0.0,0.0,1.0
150894,0,1,3400,-52,52,491,18,18,0.76,1719776.000000,7,2.1,1.3,0.0,0.0,80,0.0,0.0,0.0,1.0
151143,0,1,3400,-53,53,490,17,18,0.84,1546624.000000,8,2.1,7.3,0.0,14496.000000,0,0.0,0.0,0.0,1.0
151392,0,1,3400,-52,52,487,17,18,0.77,1709216.000000,6,2.1,6.9,0.0,34432.000000,42,0.0,0.0,0.0,1.0
151641,0,1,3400,-52,52,490,17,18,0.79,1699200.000000,8,2.1,7.5,0.0,0.0,0.0,0.0,0.0,0.0,1.0
151890,0,1,3400,-52,52,488,17,18,0.78,1667584.000000,8,2.1,13,0.0,0.0,80,0.0,0.0,0.0,1.0
152139,0,1,3400,-53,53,482,18,18,0.83,1704352.000000,8,2.1,14,0.0,0.0,0.0,0.0,0.0,0.0,1.0
152388,0,1,3400,-52,52,490,19,18,0.76,1992224.000000,7,2.1,13,0.0,129248.000000,62,0.0,0.0,0.0,1.0
152637,0,1,3400,-52,52,487,18,19,0.71,1796896.000000,5,2.1,13,0.0,17056.000000,0,0.0,0.0,0.0,1.0
152886,0,1,3400,-52,52,488,18,18,0.69,1796896.000000,5,2.1,15,0.0,0.0,0,0.0,0.0,0.0,1.0
153135,0,1,3400,-52,52,488,18,19,0.74,1735200.000000,7,2.1,15,55,51168.000000,14,0.0,0.0,0.0,1.0
153384,0,1,3400,-52,52,488,17,19,0.76,1699200.000000,7,2.1,7.4,0.0,7360.000000,43,0.0,0.0,0.0,1.0
153633,0,1,3400,-52,52,491,18,18,0.72,1764512.000000,5,2.1,4.5,0.0,0.0,0.0,0.0,0.0,0.0,1.0
153882,0,1,3400,-52,52,486,18,18,0.80,1785728.000000,7,2.1,5.3,0.0,8864.000000,0,0.0,0.0,0.0,1.0
154131,0,1,3400,-53,53,486,18,18,0.77,1712924.250000,7,2.1,5.5,581,0.0,0.0,0.0,0.0,0.0,1.0
154380,0,1,3400,-52,52,487,18,19,0.67,1804608.000000,4,2.1,1.8,0.0,29408.000000,29,0.0,0.0,0.0,1.0
154629,0,1,3400,-52,52,487,17,19,0.73,1626720.000000,5,2.1,0.0,0.0,5536.000000,0,0.0,0.0,0.0,1.0
154878,0,1,3400,-53,53,492,18,18,0.72,1777408.000000,5,2.1,0.0,0.0,0.0,0.0,0.0,0.0,0.0,1.0
155127,0,1,3400,-53,53,486,18,18,0.79,1688928.000000,9,2.1,2.8,581,17056.000000,0,0.0,0.0,0.0,1.0
155376,0,1,3400,-53,53,482,17,18,0.70,1708448.000000,5,2.1,8.3,0.0,36608.000000,57,0.0,0.0,0.0,1.0
155625,0,1,3400,-52,52,484,18,19,0.59,1820032.000000,2,2.1,7.5,0.0,0.0,0.0,0.0,0.0,0.0,1.0
155874,0,1,3400,-52,52,487,18,17,0.95,1681216.000000,12,2.1,7.5,0.0,0.0,0.0,0.0,0.0,0.0,1.0
156123,0,1,3400,-52,52,491,17,18,0.78,1665280.000000,8,2.1,7.5,581,0.0,0.0,0.0,0.0,0.0,1.0
156372,0,1,3400,-52,52,494,18,18,0.76,1750624.000000,7,2.1,0.82,0.0,41728.000000,0,0.0,0.0,0.0,1.0
156621,0,1,3400,-52,52,491,18,18,0.89,1712064.000000,10,2.1,0.0,0.0,0.0,0.0,0.0,0.0,0.0,1.0
156870,0,1,3400,-52,52,490,18,18,0.77,1715936.000000,8,2.1,0.0,0.0,0.0,0,0.0,0.0,0.0,1.0
157119,0,1,3400,-52,52,485,17,18,0.72,1747008.000000,6,2.1,0.0,415,5536.000000,60,0.0,0.0,0.0,1.0
157368,0,1,3400,-53,53,487,18,17,0.89,1642656.000000,11,2.1,0.0,0.0,36192.000000,9,0.0,0.0,0.0,1.0
157617,0,1,3400,-52,52,488,18,19,0.77,1735200.000000,8,2.1,0.96,0.0,22592.000000,0,0.0,0.0,0.0,1.0
157866,0,1,3400,-52,52,489,17,19,0.62,1790976.000000,2,2.1,7.5,0.0,0.0,0,0.0,0.0,0.0,1.0
158115,0,1,3400,-52,52,489,17,18,0.84,1696096.000000,7,2.1,1.1,581,5536.000000,67,0.0,0.0,0.0,1.0
158364,0,1,3400,-52,52,489,18,19,0.61,1850880.000000,3,2.1,1.1,0.0,30912.000000,24,0.0,0.0,0.0,1.0
158613,0,1,3400,-53,53,491,17,19,0.61,1732768.000000,3,2.1,0.0,0.0,0.0,0.0,0.0,0.0,0.0,1.0
158862,0,1,3400,-52,52,489,18,19,0.70,1781472.000000,5,2.1,0.0,0.0,0.0,0.0,0.0,0.0,0.0,1.0
159111,0,1,3400,-52,52,488,18,18,0.79,1773760.000000,7,2.1,0.060,0.0,3488.000000,0,0.0,0.0,0.0,1.0
159360,0,1,3400,-52,52,489,18,19,0.69,1843168.000000,4,2.1,0.96,0.0,19584.000000,47,0.0,0.0,0.0,1.0
159609,0,1,3400,-52,52,485,18,19,0.76,1758336.000000,7,2.1,0.0,0.0,0.0,0.0,0.0,0.0,0.0,1.0
159858,0,1,3400,-52,52,487,17,19,0.83,1659104.000000,9,2.1,0.0,0.0,5536.000000,0,0.0,0.0,0.0,1.0
160107,0,1,3400,-52,52,489,18,18,0.72,1789184.000000,5,2.1,0.064,0.0,0.0,0.0,0.0,0.0,0.0,1.0
160356,0,1,3400,-52,52,489,17,18,0.81,1556480.000000,9,2.1,2.3,0.0,36800.000000,24,0.0,0.0,0.0,1.0
160605,0,1,3400,-52,52,488,17,18,0.84,1696832.000000,7,2.1,0.0,0.0,0.0,0.0,0.0,0.0,0.0,1.0
160854,0,1,3400,-53,53,487,17,18,0.72,1676864.000000,6,2.1,0.0,0.0,0.0,0.0,0.0,0.0,0.0,1.0
161103,0,1,3400,-52,52,487,18,18,0.72,1789184.000000,6,2.1,0.12,311,0.0,50,0.0,0.0,0.0,1.0
161352,0,1,3400,-52,52,487,18,19,0.65,1804608.000000,3,2.1,0.11,0.0,32192.000000,9,0.0,0.0,0.0,1.0
161601,0,1,3400,-52,52,488,18,19,0.69,1796896.000000,5,2.1,0.064,0.0,0.0,0.0,0.0,0.0,0.0,1.0
161850,0,1,3400,-52,52,490,18,19,0.61,1820032.000000,2,2.1,3.7,0.0,0.0,80,0.0,0.0,0.0,1.0
162099,0,1,3400,-52,52,487,18,19,0.70,1773760.000000,5,2.1,7.6,0.0,4384.000000,0,0.0,0.0,0.0,1.0
162348,0,1,3400,-52,52,485,17,18,0.78,1660608.000000,7,2.1,2.3,0.0,19424.000000,40,0.0,0.0,0.0,1.0
162597,0,1,3400,-52,52,484,18,19,0.77,1750624.000000,7,2.1,1.5,0.0,0.0,0.0,0.0,0.0,0.0,1.0
162846,0,1,3400,-52,52,483,18,18,0.81,1712064.000000,8,2.1,1.5,0.0,0.0,0.0,0.0,0.0,0.0,1.0
163095,0,1,3400,-52,52,485,18,18,0.71,1789184.000000,5,2.1,1.5,581,0.0,0.0,0.0,0.0,0.0,1.0
163344,0,1,3400,-52,52,492,18,18,0.77,1766048.000000,7,2.1,2.4,0.0,57856.000000,20,0.0,0.0,0.0,1.0
163593,0,1,3400,-52,52,496,18,18,0.79,1727488.000000,8,2.1,7.5,0.0,0.0,0.0,0.0,0.0,0.0,1.0
163842,0,1,3400,-52,52,491,17,18,0.77,1642048.000000,7,2.1,7.5,0.0,0.0,80,0.0,0.0,0.0,1.0
164091,0,1,3400,-52,52,487,17,18,0.84,1582816.000000,9,2.1,1.1,581,5536.000000,0,0.0,0.0,0.0,1.0
164340,0,1,3400,-52,52,484,18,19,0.63,1843168.000000,3,2.1,6.2,0.0,34336.000000,29,0.0,0.0,0.0,1.0
164589,0,1,3400,-52,52,483,18,19,0.73,1789184.000000,5,2.1,7.8,0.0,0.0,80,0.0,0.0,0.0,1.0
164838,0,1,3400,-52,52,486,18,19,0.62,1801536.000000,3,2.1,8.0,0.0,0.0,0.0,0.0,0.0,0.0,1.0
165087,0,1,3400,-52,52,490,17,19,0.67,1748576.000000,4,2.1,8.0,581,0.0,0.0,0.0,0.0,0.0,1.0
165336,0,1,3400,-52,52,488,16,18,0.96,1494368.000000,12,2.1,7.7,0.0,146112.000000,0,0.0,0.0,0.0,1.0
165585,0,1,3400,-52,52,487,18,18,0.76,1758336.000000,7,2.1,8.0,0.0,0.0,0.0,0.0,0.0,0.0,1.0
165834,0,1,3400,-53,53,486,18,18,0.88,1642656.000000,11,2.1,8.0,0.0,0.0,0.0,0.0,0.0,0.0,1.0
166083,0,1,3400,-53,53,489,18,19,0.66,1820032.000000,3,2.1,7.5,0.0,17056.000000,0,0.0,0.0,0.0,1.0
166332,0,1,3400,-52,52,490,19,18,0.71,2031808.000000,4,2.1,15,0.0,191904.000000,57,0.0,0.0,0.0,1.0
166581,0,1,3400,-52,52,489,14,18,0.71,1376992.000000,5,2.1,16,0.0,0.0,0.0,0.0,0.0,0.0,1.0
166830,0,1,3400,-52,52,490,16,18,0.79,1580064.000000,6,2.1,16,0.0,0.0,0.0,0.0,0.0,0.0,1.0
167079,0,1,3400,-52,52,492,17,18,0.77,1682816.000000,7,2.1,16,581,0.0,0.0,0.0,0.0,0.0,1.0
167328,0,1,3400,-52,52,488,19,19,0.68,1926464.000000,4,2.1,3.1,0.0,30912.000000,24,0.0,0.0,0.0,1.0
167577,0,1,3400,-52,52,484,15,19,0.67,1511520.000000,5,2.1,0.0,0.0,0.0,0.0,0.0,0.0,0.0,1.0
167826,0,1,3400,-52,52,484,18,18,0.77,1758336.000000,7,2.1,2.5,0.0,17056.000000,0,0.0,0.0,0.0,1.0
168075,0,1,3400,-52,52,488,17,18,0.81,1631840.000000,8,2.1,7.5,0.0,0.0,0.0,0.0,0.0,0.0,1.0
168324,0,1,3400,-52,52,488,18,19,0.75,1773760.000000,5,2.1,5.4,0.0,36608.000000,31,0.0,0.0,0.0,1.0
168573,0,1,3400,-52,52,481,17,17,0.92,1618208.000000,12,2.1,2.0,0.0,8864.000000,33,0.0,0.0,0.0,1.0
168822,0,1,3400,-52,52,486,17,18,0.82,1585792.000000,9,2.1,2.0,0.0,0.0,0.0,0.0,0.0,0.0,1.0
169071,0,1,3400,-52,52,484,18,18,0.69,1827744.000000,4,2.1,2.0,581,0.0,0.0,0.0,0.0,0.0,1.0
169320,0,1,3400,-53,53,485,17,17,0.84,1641376.000000,9,2.1,0.26,0.0,74944.000000,11,0.0,0.0,0.0,1.0
169569,0,1,3400,-52,52,486,18,19,0.69,1789184.000000,5,2.1,0.064,0.0,5536.000000,0,0.0,0.0,0.0,1.0
169818,0,1,3400,-52,52,489,18,18,0.83,1698464.000000,9,2.1,6.1,0.0,17056.000000,57,0.0,0.0,0.0,1.0
170067,0,1,3400,-52,52,490,17,18,0.80,1642720.000000,7,2.1,2.3,0.0,11072.000000,0,0.0,0.0,0.0,1.0
170316,0,1,3400,-52,52,492,18,18,0.84,1742912.000000,9,2.1,7.3,0.0,62560.000000,11,0.0,0.0,0.0,1.0
170565,0,1,3400,-52,52,492,16,17,0.83,1488960.000000,10,2.1,7.5,0.0,0.0,0.0,0.0,0.0,0.0,1.0
170814,0,1,3400,-52,52,489,17,18,0.78,1672256.000000,7,2.1,7.5,0.0,0.0,0.0,0.0,0.0,0.0,1.0
171063,0,1,3400,-52,52,490,18,19,0.69,1804608.000000,4,2.1,7.5,581,0.0,0.0,0.0,0.0,0.0,1.0
171312,0,1,3400,-52,52,487,16,18,0.77,1616000.000000,6,2.1,14,55,0.0,80,0.0,0.0,0.0,1.0
171561,0,1,3400,-52,52,490,18,18,0.79,1727488.000000,8,2.1,10,0.0,7360.000000,33,0.0,0.0,0.0,1.0
171810,0,1,3400,-52,52,486,18,18,0.84,1719776.000000,9,2.1,4.6,0.0,14400.000000,0,0.0,0.0,0.0,1.0
172059,0,1,3400,-53,53,481,20,17,1.1,1862080.000000,12,2.1,11,253,22080.000000,40,0.0,0.0,0.0,1.0
172308,0,1,3400,-54,54,490,16,17,0.72,1381344.000000,7,2.1,1.1,0.0,64928.000000,29,0.0,0.0,0.0,1.0
172557,0,1,3400,-52,52,490,18,19,0.66,1843168.000000,3,2.1,1.0,0.0,5536.000000,0,0.0,0.0,0.0,1.0
172806,0,1,3400,-52,52,488,18,18,0.71,1734432.000000,6,2.1,1.0,0.0,0.0,0.0,0.0,0.0,0.0,1.0
173055,0,1,3400,-53,53,487,17,18,0.80,1706112.000000,7,2.1,1.3,55,0.0,50,0.0,0.0,0.0,1.0
173304,0,1,3400,-52,52,485,18,18,0.71,1773760.000000,5,2.1,7.5,55,0.0,100.000000,0.0,0.0,0.0,1.0
173553,0,1,3400,-52,52,485,17,18,0.77,1651296.000000,7,2.1,7.6,0.0,11008.000000,20,0.0,0.0,0.0,1.0
173802,0,1,3400,-52,52,486,17,17,0.91,1612896.000000,10,2.1,7.5,0.0,0.0,0.0,0.0,0.0,0.0,1.0
174051,0,1,3400,-53,53,482,18,19,0.70,1765280.000000,4,2.1,7.5,0.0,0.0,0.0,0.0,0.0,0.0,1.0
174300,0,1,3400,-52,52,485,18,19,0.72,1804608.000000,6,2.1,4.4,0.0,25088.000000,31,0.0,0.0,0.0,1.0
174549,0,1,3400,-52,52,485,18,18,0.81,1726720.000000,9,2.1,2.0,0.0,8864.000000,33,0.0,0.0,0.0,1.0
174798,0,1,3400,-52,52,487,18,18,0.85,1712064.000000,10,2.1,1.0,0.0,5536.000000,0,0.0,0.0,0.0,1.0
175047,0,1,3400,-52,52,485,18,18,0.68,1773760.000000,5,2.1,3.8,0.0,0.0,80,0.0,0.0,0.0,1.0
175296,0,1,3400,-52,52,488,18,18,0.75,1766048.000000,7,2.1,3.4,0.0,25376.000000,27,0.0,0.0,0.0,1.0
175545,0,1,3400,-52,52,488,18,18,0.78,1773760.000000,7,2.1,0.0,0.0,5536.000000,0,0.0,0.0,0.0,1.0
175794,0,1,3400,-52,52,489,18,18,0.82,1704352.000000,9,2.1,7.3,0.0,0.0,80,0.0,0.0,0.0,1.0
176043,0,1,3400,-52,52,488,18,18,0.77,1671264.000000,8,2.1,7.2,0.0,3488.000000,0,0.0,0.0,0.0,1.0
176292,0,1,3400,-53,53,482,10,17,0.62,985338.625000,3,2.1,0.90,0.0,19760.957031,33,0.0,0.0,0.0,1.0
176541,0,1,3400,-52,52,490,18,19,0.65,1759968.000000,4,2.1,0.13,0.0,11072.000000,0,0.0,0.0,0.0,1.0
176790,0,1,3400,-52,52,492,15,18,0.74,1465696.000000,7,2.1,4.9,0.0,17056.000000,0,0.0,0.0,0.0,1.0
177039,0,1,3400,-52,52,491,18,18,0.86,1719776.000000,10,2.1,7.5,581,17056.000000,0,0.0,0.0,0.0,1.0
177288,0,1,3400,-52,52,486,18,19,0.70,1781472.000000,5,2.1,7.5,55,0.0,80,0.0,0.0,0.0,1.0
177537,0,1,3400,-52,52,486,18,19,0.72,1773760.000000,6,2.1,6.5,0.0,10688.000000,0,0.0,0.0,0.0,1.0
177786,0,1,3400,-52,52,486,18,19,0.86,1687392.000000,10,2.1,5.5,0.0,0.0,0.0,0.0,0.0,0.0,1.0
178035,0,1,3400,-52,52,486,16,18,0.72,1597344.000000,5,2.1,5.5,0.0,0.0,0.0,0.0,0.0,0.0,1.0
178284,0,1,3400,-52,52,483,17,19,0.67,1737152.000000,3,2.1,0.76,0.0,36192.000000,8,0.0,0.0,0.0,1.0
178533,0,1,3400,-52,52,486,17,18,0.85,1632096.000000,10,2.1,0.0,0.0,11072.000000,0,0.0,0.0,0.0,1.0
178782,0,1,3400,-52,52,488,17,19,0.66,1623104.000000,4,2.1,0.0,0.0,0.0,0.0,0.0,0.0,0.0,1.0
179031,0,1,3400,-53,53,489,18,18,0.81,1681216.000000,8,2.1,0.0,581,0.0,0.0,0.0,0.0,0.0,1.0
179280,0,1,3400,-53,53,496,17,17,0.85,1638272.000000,9,2.1,12,0.0,23008.000000,0,0.0,0.0,0.0,1.0
179529,0,1,3400,-52,52,488,16,18,0.91,1488800.000000,11,2.1,15,0.0,17056.000000,0,0.0,0.0,0.0,1.0
179778,0,1,3400,-52,52,484,18,18,0.84,1712064.000000,9,2.1,13,0.0,5536.000000,57,0.0,0.0,0.0,1.0
180027,0,1,3400,-52,52,490,17,19,0.67,1723872.000000,4,2.1,10,55,17056.000000,25,0.0,0.0,0.0,1.0
180276,0,1,3400,-52,52,486,17,18,0.83,1641056.000000,8,2.1,15,55,0.0,100.000000,0.0,0.0,0.0,1.0
180525,0,1,3400,-52,52,486,18,19,0.67,1804608.000000,4,2.1,8.7,0.0,7360.000000,0,0.0,0.0,0.0,1.0
180774,0,1,3400,-52,52,488,18,18,0.78,1735200.000000,8,2.1,4.5,0.0,5536.000000,0,0.0,0.0,0.0,1.0
181023,0,1,3400,-52,52,490,17,19,0.75,1697664.000000,7,2.1,4.8,55,0.0,50,0.0,0.0,0.0,1.0
181272,0,1,3400,-52,52,484,17,18,0.78,1681472.000000,8,2.1,12,0.0,0.0,88,0.0,0.0,0.0,1.0
181521,0,1,3400,-52,52,489,18,18,0.75,1766048.000000,6,2.1,12,0.0,0.0,0.0,0.0,0.0,0.0,1.0
181770,0,1,3400,-52,52,494,17,17,0.96,1554976.000000,13,2.1,12,0.0,0.0,0.0,0.0,0.0,0.0,1.0
182019,0,1,3400,-52,52,490,15,19,0.72,1487584.000000,6,2.1,12,0.0,0.0,0.0,0.0,0.0,0.0,1.0
182268,0,1,3400,-52,52,491,18,19,0.63,1789184.000000,3,2.1,4.4,0.0,28608.000000,25,0.0,0.0,0.0,1.0
182517,0,1,3400,-52,52,489,18,18,0.79,1773760.000000,7,2.1,0.77,0.0,8864.000000,0,0.0,0.0,0.0,1.0
182766,0,1,3400,-52,52,485,18,19,0.72,1773760.000000,6,2.1,1.0,0.0,0.0,0.0,0.0,0.0,0.0,1.0
183015,0,1,3400,-52,52,486,18,19,0.70,1789184.000000,5,2.1,1.0,581,0.0,0.0,0.0,0.0,0.0,1.0
183264,0,1,3400,-52,52,486,18,18,0.80,1742912.000000,9,2.1,2.5,0.0,30272.000000,25,0.0,0.0,0.0,1.0
183513,0,1,3400,-52,52,485,17,19,0.64,1705216.000000,3,2.1,0.0,0.0,0.0,0.0,0.0,0.0,0.0,1.0
183762,0,1,3400,-52,52,488,17,18,0.76,1669120.000000,7,2.1,0.0,0.0,0.0,0.0,0.0,0.0,0.0,1.0
184011,0,1,3400,-52,52,491,16,17,0.95,1390592.000000,13,2.1,0.0,581,0.0,0.0,0.0,0.0,0.0,1.0
184260,0,1,3400,-52,52,487,17,18,0.74,1710784.000000,6,2.1,6.3,0.0,28416.000000,44,0.0,0.0,0.0,1.0
184509,0,1,3400,-52,52,488,18,18,0.79,1727488.000000,8,2.1,8.5,0.0,0.0,0.0,0.0,0.0,0.0,1.0
184758,0,1,3400,-52,52,486,18,18,0.79,1719776.000000,8,2.1,8.5,0.0,0.0,0.0,0.0,0.0,0.0,1.0
185007,0,1,3400,-52,52,486,18,19,0.70,1796896.000000,5,2.1,8.1,0.0,5536.000000,0,0.0,0.0,0.0,1.0
185256,0,1,3400,-52,52,491,16,19,0.62,1599968.000000,3,2.1,2.0,0.0,72416.000000,9,0.0,0.0,0.0,1.0
185505,0,1,3400,-52,52,488,17,18,0.85,1587936.000000,10,2.1,0.0,0.0,0.0,0.0,0.0,0.0,0.0,1.0
185754,0,1,3400,-52,52,489,18,18,0.75,1747744.000000,6,2.1,0.0,0.0,0.0,0.0,0.0,0.0,0.0,1.0
186003,0,1,3400,-52,52,489,16,17,0.77,1625152.000000,8,2.1,0.0,0.0,0.0,0.0,0.0,0.0,0.0,1.0
186252,0,1,3400,-52,52,487,18,18,0.86,1681216.000000,10,2.1,0.0,0.0,52800.000000,15,0.0,0.0,0.0,1.0
186501,0,1,3400,-52,52,487,18,19,0.72,1781472.000000,6,2.1,2.4,0.0,5536.000000,57,0.0,0.0,0.0,1.0
186750,0,1,3400,-52,52,487,17,18,0.79,1693792.000000,7,2.1,0.0,0.0,0.0,0.0,0.0,0.0,0.0,1.0
186999,0,1,3400,-52,52,486,18,17,0.83,1666080.000000,9,2.1,0.36,55,0.0,50,0.0,0.0,0.0,1.0
187248,0,1,3400,-52,52,490,17,18,0.71,1697600.000000,5,2.1,3.5,0.0,7680.000000,43,0.0,0.0,0.0,1.0
187497,0,1,3400,-52,52,487,17,18,0.85,1593664.000000,9,2.1,0.0,0.0,0.0,0.0,0.0,0.0,0.0,1.0
187746,0,1,3400,-52,52,487,17,18,0.91,1658304.000000,10,2.1,0.0,0.0,0.0,0.0,0.0,0.0,0.0,1.0
187995,0,1,3400,-52,52,486,17,18,0.88,1632096.000000,10,2.1,0.10,0.0,15520.000000,0,0.0,0.0,0.0,1.0
188244,0,1,3400,-52,52,485,18,19,0.68,1781472.000000,4,2.1,7.9,0.0,15072.000000,50,0.0,0.0,0.0,1.0
188493,0,1,3400,-52,52,484,18,19,0.66,1804608.000000,4,2.1,6.0,0.0,5536.000000,0,0.0,0.0,0.0,1.0
188742,0,1,3400,-52,52,487,18,19,0.64,1820032.000000,3,2.1,6.0,0.0,5536.000000,0,0.0,0.0,0.0,1.0
188991,0,1,3400,-52,52,486,16,18,0.67,1579616.000000,4,2.1,10,55,17056.000000,25,0.0,0.0,0.0,1.0
189240,0,1,3400,-52,52,488,18,19,0.67,1788416.000000,5,2.1,15,55,0.0,100.000000,0.0,0.0,0.0,1.0
189489,0,1,3400,-52,52,486,18,18,0.75,1789184.000000,7,2.1,8.7,0.0,7360.000000,33,0.0,0.0,0.0,1.0
189738,0,1,3400,-52,52,487,17,18,0.90,1588256.000000,10,2.1,4.5,0.0,0.0,0.0,0.0,0.0,0.0,1.0
189987,0,1,3400,-52,52,484,18,18,0.98,1748832.000000,13,2.1,4.3,0.0,8864.000000,0,0.0,0.0,0.0,1.0
190236,0,1,3400,-52,52,482,17,18,0.72,1695584.000000,5,2.1,0.0,0.0,30912.000000,0,0.0,0.0,0.0,1.0
190485,0,1,3400,-52,52,485,16,19,0.59,1598336.000000,2,2.1,0.0,0.0,5536.000000,0,0.0,0.0,0.0,1.0
190734,0,1,3400,-52,52,485,17,17,0.92,1643648.000000,10,2.1,0.0,0.0,0.0,0.0,0.0,0.0,0.0,1.0
190983,0,1,3400,-52,52,493,18,18,0.79,1704352.000000,8,2.1,0.0,0.0,0.0,0.0,0.0,0.0,0.0,1.0
191232,0,1,3400,-52,52,493,18,18,0.83,1719776.000000,9,2.1,3.4,0.0,36608.000000,31,0.0,0.0,0.0,1.0
191481,0,1,3400,-52,52,488,18,19,0.65,1789184.000000,4,2.1,3.9,0.0,17056.000000,0,0.0,0.0,0.0,1.0
191730,0,1,3400,-52,52,485,17,18,0.95,1598144.000000,12,2.1,8.5,0.0,0.0,0.0,0.0,0.0,0.0,1.0
191979,0,1,3400,-52,52,483,18,18,0.73,1750624.000000,6,2.1,8.5,0.0,0.0,0.0,0.0,0.0,0.0,1.0
192228,0,1,3400,-52,52,485,17,18,0.72,1639296.000000,6,2.1,3.3,0.0,27168.000000,27,0.0,0.0,0.0,1.0
192477,0,1,3400,-52,52,489,18,18,0.71,1765280.000000,5,2.1,0.0,0.0,0.0,0.0,0.0,0.0,0.0,1.0
192726,0,1,3400,-53,53,485,17,18,0.77,1546231.125000,6,2.1,0.81,0.0,8828.685547,0,0.0,0.0,0.0,1.0
192975,0,1,3400,-52,52,486,17,18,0.80,1679904.000000,8,2.1,1.1,0.0,5536.000000,0,0.0,0.0,0.0,1.0
193224,0,1,3400,-52,52,481,17,18,0.90,1568992.000000,10,2.1,1.6,0.0,28704.000000,29,0.0,0.0,0.0,1.0
193473,0,1,3400,-52,52,482,18,19,0.72,1756896.000000,5,2.1,1.0,0.0,0.0,0.0,0.0,0.0,0.0,1.0
193722,0,1,3400,-52,52,482,18,17,0.83,1712064.000000,9,2.1,0.35,0.0,5536.000000,0,0.0,0.0,0.0,1.0
193971,0,1,3400,-53,53,484,17,19,0.66,1761664.000000,4,2.1,0.12,0.0,20640.000000,0,0.0,0.0,0.0,1.0
194220,0,1,3400,-53,53,486,18,18,0.80,1696640.000000,8,2.1,3.9,0.0,40064.000000,38,0.0,0.0,0.0,1.0
194469,0,1,3400,-52,52,488,17,17,0.81,1643680.000000,9,2.1,1.5,0.0,0.0,0.0,0.0,0.0,0.0,1.0
194718,0,1,3400,-52,52,492,18,18,0.79,1750624.000000,6,2.1,1.5,0.0,0.0,0.0,0.0,0.0,0.0,1.0
194967,0,1,3400,-52,52,496,18,18,0.87,1711296.000000,9,2.1,1.5,581,0.0,0.0,0.0,0.0,0.0,1.0
195216,0,1,3400,-53,53,489,18,19,0.63,1835456.000000,2,2.1,2.5,0.0,36896.000000,27,0.0,0.0,0.0,1.0
195465,0,1,3400,-53,53,485,17,17,0.93,1541120.000000,11,2.1,0.064,0.0,0.0,0.0,0.0,0.0,0.0,1.0
195714,0,1,3400,-52,52,482,16,18,0.73,1479488.000000,6,2.1,0.0,0.0,0.0,0.0,0.0,0.0,0.0,1.0
195963,0,1,3400,-52,52,485,15,18,0.76,1509696.000000,7,2.1,0.0,581,0.0,0.0,0.0,0.0,0.0,1.0
196212,0,1,3400,-52,52,484,17,19,0.68,1723104.000000,5,2.1,0.064,0.0,41728.000000,8,0.0,0.0,0.0,1.0
196461,0,1,3400,-52,52,485,18,19,0.67,1827744.000000,4,2.1,0.0,0.0,0.0,0.0,0.0,0.0,0.0,1.0
196710,0,1,3400,-53,53,485,16,17,0.73,1609944.250000,5,2.1,0.0,0.0,0.0,0.0,0.0,0.0,0.0,1.0
196959,0,1,3400,-52,52,485,16,18,0.77,1587040.000000,7,2.1,0.0,75,5536.000000,0,0.0,0.0,0.0,1.0
197208,0,1,3400,-52,52,489,18,18,0.80,1703584.000000,8,2.1,7.7,0.0,134816.000000,0,0.0,0.0,0.0,1.0
197457,0,1,3400,-52,52,490,18,19,0.79,1727488.000000,7,2.1,8.0,0.0,0.0,0.0,0.0,0.0,0.0,1.0
197706,0,1,3400,-52,52,488,18,18,0.83,1758336.000000,6,2.1,7.8,0.0,0.0,80,0.0,0.0,0.0,1.0
197955,0,1,3400,-52,52,480,15,19,0.70,1505024.000000,4,2.1,2.3,581,5536.000000,0,0.0,0.0,0.0,1.0
198204,0,1,3400,-52,52,480,18,19,0.65,1773760.000000,3,2.1,6.7,55,0.0,80,0.0,0.0,0.0,1.0
198453,0,1,3400,-52,52,484,18,19,0.72,1832896.000000,6,2.1,6.0,0.0,7360.000000,0,0.0,0.0,0.0,1.0
198702,0,1,3400,-52,52,485,18,18,0.77,1758336.000000,7,2.1,4.5,0.0,5536.000000,0,0.0,0.0,0.0,1.0
198951,0,1,3400,-52,52,485,17,18,0.84,1607264.000000,9,2.1,4.5,581,0.0,0.0,0.0,0.0,0.0,1.0
199200,0,1,3400,-52,52,486,17,19,0.65,1749312.000000,4,2.1,3.2,0.0,114048.000000,12,0.0,0.0,0.0,1.0
199449,0,1,3400,-52,52,490,18,18,0.72,1756800.000000,5,2.1,1.0,0.0,11072.000000,0,0.0,0.0,0.0,1.0
199698,0,1,3400,-52,52,489,18,19,0.66,1789184.000000,3,2.1,4.6,0.0,11072.000000,50,0.0,0.0,0.0,1.0
199947,0,1,3400,-52,52,488,16,18,0.69,1544352.000000,5,2.1,1.0,581,0.0,0.0,0.0,0.0,0.0,1.0
200196,0,1,3400,-52,52,485,18,19,0.72,1773760.000000,5,2.1,0.14,0.0,36192.000000,8,0.0,0.0,0.0,1.0
200445,0,1,3400,-52,52,482,17,18,0.89,1625920.000000,11,2.1,0.0,0.0,0.0,0.0,0.0,0.0,0.0,1.0
200694,0,1,3400,-52,52,484,17,17,0.92,1587392.000000,12,2.1,0.0,0.0,0.0,0.0,0.0,0.0,0.0,1.0
200943,0,1,3400,-52,52,487,17,19,0.76,1645952.000000,7,2.1,0.0,0.0,0.0,0.0,0.0,0.0,0.0,1.0
201192,0,1,3400,-52,52,487,18,18,0.65,1843168.000000,3,2.1,1.0,0.0,25376.000000,27,0.0,0.0,0.0,1.0
201441,0,1,3400,-52,52,485,17,18,0.85,1638272.000000,10,2.1,0.0,0.0,0.0,0.0,0.0,0.0,0.0,1.0
201690,0,1,3400,-53,53,489,17,18,0.87,1536576.000000,8,2.1,0.0,0.0,5536.000000,0,0.0,0.0,0.0,1.0
201939,0,1,3400,-52,52,485,18,19,0.65,1804608.000000,4,2.1,5.2,0.0,17056.000000,0,0.0,0.0,0.0,1.0
202188,0,1,3400,-52,52,487,18,18,0.69,1773760.000000,5,2.1,3.8,0.0,37280.000000,11,0.0,0.0,0.0,1.0
202437,0,1,3400,-52,52,489,17,18,0.81,1572832.000000,8,2.1,0.61,0.0,11072.000000,50,0.0,0.0,0.0,1.0
202686,0,1,3400,-52,52,486,18,18,0.82,1708000.000000,9,2.1,0.0,0.0,0.0,0.0,0.0,0.0,0.0,1.0
202935,0,1,3400,-52,52,486,16,18,0.74,1576352.000000,5,2.1,0.0,0.0,0.0,0.0,0.0,0.0,0.0,1.0
203184,0,1,3400,-53,53,493,18,18,0.77,1712064.000000,7,2.1,0.0,0.0,47264.000000,0,0.0,0.0,0.0,1.0
203433,0,1,3400,-53,53,482,18,18,0.79,1788416.000000,5,2.1,0.0,0.0,5536.000000,0,0.0,0.0,0.0,1.0
203682,0,1,3400,-52,52,485,17,19,0.72,1672448.000000,6,2.1,0.0,0.0,0.0,0.0,0.0,0.0,0.0,1.0
203931,0,1,3400,-52,52,485,18,19,0.77,1781472.000000,6,2.1,0.048,0.0,4384.000000,0,0.0,0.0,0.0,1.0
204180,0,1,3400,-52,52,485,17,18,0.73,1595424.000000,6,2.1,2.1,0.0,73696.000000,19,0.0,0.0,0.0,1.0
204429,0,1,3400,-52,52,488,18,19,0.72,1854080.000000,5,2.1,1.4,0.0,5536.000000,0,0.0,0.0,0.0,1.0
204678,0,1,3400,-52,52,489,18,18,0.85,1719776.000000,9,2.1,2.3,0.0,22592.000000,0,0.0,0.0,0.0,1.0
204927,0,1,3400,-52,52,491,18,19,0.66,1787648.000000,5,2.1,6.1,55,5536.000000,56,0.0,0.0,0.0,1.0
205176,0,1,3400,-53,53,482,17,18,0.79,1645984.000000,8,2.1,2.6,0.0,13216.000000,33,0.0,0.0,0.0,1.0
205425,0,1,3400,-52,52,485,15,19,0.69,1512736.000000,5,2.1,0.0,0.0,5536.000000,0,0.0,0.0,0.0,1.0
205674,0,1,3400,-52,52,488,18,19,0.67,1812320.000000,4,2.1,4.9,0.0,17056.000000,0,0.0,0.0,0.0,1.0
205923,0,1,3400,-52,52,490,18,19,0.78,1781472.000000,7,2.1,7.9,55,17056.000000,33,0.0,0.0,0.0,1.0
206172,0,1,3400,-52,52,485,17,18,0.78,1632864.000000,7,2.1,15,55,0.0,100.000000,0.0,0.0,0.0,1.0
206421,0,1,3400,-52,52,484,18,18,0.78,1742912.000000,8,2.1,8.7,0.0,7360.000000,0,0.0,0.0,0.0,1.0
206670,0,1,3400,-52,52,487,17,18,0.78,1699968.000000,7,2.1,4.5,0.0,0.0,0.0,0.0,0.0,0.0,1.0
206919,0,1,3400,-52,52,486,18,18,0.78,1735200.000000,8,2.1,4.5,581,0.0,0.0,0.0,0.0,0.0,1.0
207168,0,1,3400,-52,52,485,18,19,0.72,1789184.000000,6,2.1,0.65,0.0,49824.000000,0,0.0,0.0,0.0,1.0
207417,0,1,3400,-52,52,488,16,18,0.77,1534592.000000,7,2.1,0.0,0.0,0.0,0.0,0.0,0.0,0.0,1.0
207666,0,1,3400,-53,53,483,17,19,0.70,1700908.375000,5,2.1,0.0,0.0,0.0,0.0,0.0,0.0,0.0,1.0
207915,0,1,3400,-52,52,489,15,17,0.83,1455968.000000,9,2.1,0.0,581,0.0,0.0,0.0,0.0,0.0,1.0
208164,0,1,3400,-52,52,485,17,19,0.68,1748736.000000,4,2.1,0.0,0.0,33632.000000,20,0.0,0.0,0.0,1.0
208413,0,1,3400,-52,52,482,18,19,0.64,1850880.000000,3,2.1,0.0,0.0,0.0,0.0,0.0,0.0,0.0,1.0
208662,0,1,3400,-52,52,482,17,18,0.87,1562496.000000,11,2.1,0.0,0.0,0.0,0.0,0.0,0.0,0.0,1.0
208911,0,1,3400,-52,52,486,18,19,0.66,1812320.000000,4,2.1,0.0,581,0.0,0.0,0.0,0.0,0.0,1.0
209160,0,1,3400,-52,52,484,18,19,0.73,1766048.000000,6,2.1,6.0,0.0,52032.000000,27,0.0,0.0,0.0,1.0
209409,0,1,3400,-52,52,485,17,18,0.82,1709984.000000,6,2.1,11,0.0,5536.000000,50,0.0,0.0,0.0,1.0
209658,0,1,3400,-52,52,487,17,18,0.75,1633888.000000,7,2.1,7.0,0.0,0.0,0.0,0.0,0.0,0.0,1.0
209907,0,1,3400,-52,52,486,18,19,0.73,1766048.000000,7,2.1,9.8,581,5536.000000,57,0.0,0.0,0.0,1.0
210156,0,1,3400,-52,52,486,17,18,0.78,1610496.000000,8,2.1,4.2,0.0,59744.000000,17,0.0,0.0,0.0,1.0
210405,0,1,3400,-53,53,488,17,19,0.69,1537088.000000,5,2.1,0.0,0.0,5536.000000,33,0.0,0.0,0.0,1.0
210654,0,1,3400,-54,54,474,16,17,0.89,1379872.000000,12,2.1,0.0,0.0,0.0,0.0,0.0,0.0,0.0,1.0
210903,0,1,3400,-52,52,485,18,18,0.89,1696640.000000,10,2.1,0.0,0.0,0.0,0.0,0.0,0.0,0.0,1.0
211152,0,1,3400,-52,52,485,18,18,0.80,1758336.000000,8,2.1,1.9,0.0,99200.000000,15,0.0,0.0,0.0,1.0
211401,0,1,3400,-52,52,489,17,18,0.73,1690720.000000,6,2.1,2.0,0.0,0.0,0.0,0.0,0.0,0.0,1.0
211650,0,1,3400,-52,52,483,18,18,0.79,1719776.000000,8,2.1,1.7,0.0,5536.000000,0,0.0,0.0,0.0,1.0
211899,0,1,3400,-52,52,481,18,18,0.67,1770464.000000,4,2.1,1.0,581,0.0,0.0,0.0,0.0,0.0,1.0
212148,0,1,3400,-52,52,487,17,19,0.71,1633312.000000,5,2.1,0.18,0.0,49824.000000,18,0.0,0.0,0.0,1.0
212397,0,1,3400,-52,52,486,16,18,0.66,1567488.000000,4,2.1,0.0,0.0,0.0,0.0,0.0,0.0,0.0,1.0
212646,0,1,3400,-52,52,485,18,18,0.90,1676608.000000,11,2.1,0.0,0.0,0.0,0.0,0.0,0.0,0.0,1.0
212895,0,1,3400,-52,52,483,18,19,0.71,1778144.000000,5,2.1,0.0,75,5536.000000,0,0.0,0.0,0.0,1.0
213144,0,1,3400,-53,53,487,18,17,0.78,1727488.000000,7,2.1,11,0.0,129280.000000,47,0.0,0.0,0.0,1.0
213393,0,1,3400,-52,52,489,18,19,0.63,1850880.000000,3,2.1,11,0.0,5536.000000,0,0.0,0.0,0.0,1.0
213642,0,1,3400,-52,52,491,19,18,0.79,1848832.000000,7,2.1,11,0.0,0.0,80,0.0,0.0,0.0,1.0
213891,0,1,3400,-52,52,486,18,19,0.78,1773760.000000,5,2.1,8.6,581,5536.000000,0,0.0,0.0,0.0,1.0
214140,0,1,3400,-53,53,486,18,18,0.78,1735968.125000,6,2.1,1.1,0.0,41561.753906,0,0.0,0.0,0.0,1.0
214389,0,1,3400,-52,52,484,18,19,0.59,1820032.000000,2,2.1,0.0,0.0,0.0,0.0,0.0,0.0,0.0,1.0
214638,0,1,3400,-52,52,486,17,19,0.66,1654592.000000,4,2.1,0.0,0.0,0.0,0.0,0.0,0.0,0.0,1.0
214887,0,1,3400,-52,52,486,15,18,0.74,1525120.000000,6,2.1,0.0,581,0.0,0.0,0.0,0.0,0.0,1.0
215136,0,1,3400,-53,53,487,18,18,0.74,1704480.000000,6,2.1,3.4,0.0,96992.000000,21,0.0,0.0,0.0,1.0
215385,0,1,3400,-52,52,486,18,19,0.63,1817824.000000,3,2.1,8.5,0.0,0.0,0.0,0.0,0.0,0.0,1.0
215634,0,1,3400,-52,52,482,18,18,0.86,1679680.000000,10,2.1,8.5,0.0,0.0,0.0,0.0,0.0,0.0,1.0
215883,0,1,3400,-52,52,484,18,18,0.87,1704352.000000,9,2.1,2.1,581,5536.000000,0,0.0,0.0,0.0,1.0
216132,0,1,3400,-52,52,491,19,17,0.86,1973600.000000,9,2.1,13,0.0,297472.000000,60,0.0,0.0,0.0,1.0
216381,0,1,3400,-53,53,489,14,17,0.80,1331424.000000,7,2.1,15,0.0,5536.000000,0,0.0,0.0,0.0,1.0
216630,0,1,3400,-52,52,481,18,18,0.76,1773760.000000,6,2.1,8.0,0.0,0.0,0.0,0.0,0.0,0.0,1.0
216879,0,1,3400,-52,52,485,18,18,0.72,1773760.000000,6,2.1,14,0.0,17056.000000,57,0.0,0.0,0.0,1.0
217128,0,1,3400,-52,52,486,17,18,0.76,1699968.000000,6,2.1,2.0,0.0,41728.000000,0,0.0,0.0,0.0,1.0
217377,0,1,3400,-52,52,483,18,17,0.94,1650368.000000,12,2.1,0.0,0.0,0.0,0.0,0.0,0.0,0.0,1.0
217626,0,1,3400,-52,52,483,17,17,0.88,1635168.000000,10,2.1,0.0,0.0,0.0,0.0,0.0,0.0,0.0,1.0
217875,0,1,3400,-53,53,489,18,18,0.81,1712064.000000,8,2.1,0.0,415,0.0,50,0.0,0.0,0.0,1.0
218124,0,1,3400,-52,52,482,15,19,0.69,1463008.000000,5,2.1,0.0,0.0,47264.000000,0,0.0,0.0,0.0,1.0
218373,0,1,3400,-52,52,485,17,18,0.85,1649472.000000,10,2.1,4.6,0.0,17056.000000,0,0.0,0.0,0.0,1.0
218622,0,1,3400,-53,53,486,18,18,0.68,1764928.000000,4,2.1,7.5,0.0,34112.000000,0,0.0,0.0,0.0,1.0
218871,0,1,3400,-52,52,485,17,18,0.76,1642816.000000,7,2.1,7.5,0.0,0.0,0.0,0.0,0.0,0.0,1.0
219120,0,1,3400,-52,52,487,18,18,0.85,1688928.000000,10,2.1,3.9,0.0,84864.000000,23,0.0,0.0,0.0,1.0
219369,0,1,3400,-52,52,489,15,18,0.81,1465248.000000,8,2.1,7.5,0.0,0.0,0.0,0.0,0.0,0.0,1.0
219618,0,1,3400,-52,52,488,18,18,0.82,1742912.000000,8,2.1,5.0,0.0,5536.000000,0,0.0,0.0,0.0,1.0
219867,0,1,3400,-52,52,485,18,19,0.65,1789184.000000,4,2.1,0.0,581,5536.000000,0,0.0,0.0,0.0,1.0
220116,0,1,3400,-52,52,483,14,18,0.66,1448192.000000,4,2.1,6.7,55,0.0,80,0.0,0.0,0.0,1.0
220365,0,1,3400,-53,53,480,18,18,0.78,1758336.000000,7,2.1,6.3,0.0,12896.000000,14,0.0,0.0,0.0,1.0
220614,0,1,3400,-52,52,488,17,18,0.87,1599552.000000,10,2.1,4.5,0.0,0.0,0.0,0.0,0.0,0.0,1.0
220863,0,1,3400,-52,52,486,18,18,0.86,1696640.000000,9,2.1,4.7,55,0.0,50,0.0,0.0,0.0,1.0
221112,0,1,3400,-52,52,485,17,18,0.89,1608960.000000,10,2.1,7.5,55,0.0,100.000000,0.0,0.0,0.0,1.0
221361,0,1,3400,-52,52,484,18,19,0.66,1812320.000000,4,2.1,4.0,0.0,11008.000000,20,0.0,0.0,0.0,1.0
221610,0,1,3400,-52,52,485,18,19,0.65,1812320.000000,4,2.1,1.0,0.0,0.0,0.0,0.0,0.0,0.0,1.0
221859,0,1,3400,-52,52,487,15,19,0.71,1511520.000000,5,2.1,1.0,0.0,0.0,0.0,0.0,0.0,0.0,1.0
222108,0,1,3400,-52,52,484,18,19,0.61,1843168.000000,2,2.1,0.27,0.0,47264.000000,0,0.0,0.0,0.0,1.0
222357,0,1,3400,-52,52,484,18,18,0.88,1704352.000000,11,2.1,1.0,0.0,22592.000000,0,0.0,0.0,0.0,1.0
222606,0,1,3400,-52,52,485,18,19,0.63,1804608.000000,2,2.1,7.6,0.0,0.0,0.0,0.0,0.0,0.0,1.0
222855,0,1,3400,-52,52,488,18,18,0.83,1735200.000000,9,2.1,7.5,0.0,0.0,0.0,0.0,0.0,0.0,1.0
223104,0,1,3400,-53,53,486,18,19,0.58,1827744.000000,2,2.1,4.6,0.0,42432.000000,28,0.0,0.0,0.0,1.0
223353,0,1,3400,-52,52,482,18,19,0.69,1789184.000000,5,2.1,0.0,0.0,0.0,0.0,0.0,0.0,0.0,1.0
223602,0,1,3400,-52,52,483,18,19,0.67,1812320.000000,4,2.1,0.0,0.0,5536.000000,0,0.0,0.0,0.0,1.0
223851,0,1,3400,-53,53,479,18,17,0.94,1618048.000000,12,2.1,0.0,415,0.0,50,0.0,0.0,0.0,1.0
224100,0,1,3400,-53,53,485,18,18,0.72,1706048.000000,5,2.1,0.0,0.0,47264.000000,0,0.0,0.0,0.0,1.0
224349,0,1,3400,-52,52,485,18,20,0.61,1843168.000000,2,2.1,0.0,0.0,5536.000000,0,0.0,0.0,0.0,1.0
224598,0,1,3400,-52,52,484,18,18,0.86,1696640.000000,10,2.1,7.3,0.0,0.0,80,0.0,0.0,0.0,1.0
224847,0,1,3400,-52,52,484,17,18,0.66,1743104.000000,2,2.1,3.5,581,5536.000000,0,0.0,0.0,0.0,1.0
225096,0,1,3400,-52,52,484,16,17,0.91,1473376.000000,12,2.1,3.3,0.0,108512.000000,25,0.0,0.0,0.0,1.0
225345,0,1,3400,-52,52,484,18,19,0.76,1742912.000000,7,2.1,1.2,0.0,5536.000000,0,0.0,0.0,0.0,1.0
225594,0,1,3400,-52,52,484,18,18,0.77,1756800.000000,7,2.1,1.0,0.0,0.0,0.0,0.0,0.0,0.0,1.0
225843,0,1,3400,-52,52,489,17,19,0.75,1633504.000000,6,2.1,1.0,581,0.0,0.0,0.0,0.0,0.0,1.0
226092,0,1,3400,-52,52,485,18,18,0.81,1719776.000000,9,2.1,0.14,0.0,41728.000000,7,0.0,0.0,0.0,1.0
226341,0,1,3400,-53,53,486,16,16,0.99,1455490.000000,14,2.1,0.0,0.0,0.0,0.0,0.0,0.0,0.0,1.0
226590,0,1,3400,-52,52,488,18,19,0.69,1781472.000000,5,2.1,0.0,0.0,0.0,0.0,0.0,0.0,0.0,1.0
226839,0,1,3400,-53,53,488,18,18,0.73,1696640.000000,6,2.1,0.0,581,5536.000000,0,0.0,0.0,0.0,1.0
227088,0,1,3400,-53,53,490,18,19,0.70,1789184.000000,5,2.1,2.3,0.0,42176.000000,24,0.0,0.0,0.0,1.0
227337,0,1,3400,-53,53,490,18,18,0.72,1735200.000000,6,2.1,0.0,0.0,0.0,0.0,0.0,0.0,0.0,1.0
227586,0,1,3400,-52,52,488,18,19,0.73,1773760.000000,6,2.1,0.0,0.0,0.0,0.0,0.0,0.0,0.0,1.0
227835,0,1,3400,-52,52,487,18,18,0.65,1749856.000000,3,2.1,0.0,581,0.0,0.0,0.0,0.0,0.0,1.0
228084,0,1,3400,-55,55,493,17,17,0.59,1639264.000000,1,2.1,1.1,0.0,25376.000000,27,0.0,0.0,0.0,1.0
228333,0,1,3400,-53,53,484,16,17,0.71,1506039.875000,6,2.1,0.0,0.0,0.0,0.0,0.0,0.0,0.0,1.0
228582,0,1,3400,-53,53,486,18,19,0.67,1786144.000000,4,2.1,0.0,0.0,0.0,0,0.0,0.0,0.0,1.0
228831,0,1,3400,-52,52,485,18,19,0.77,1750624.000000,7,2.1,0.0,581,5536.000000,0,0.0,0.0,0.0,1.0
229080,0,1,3400,-52,52,483,18,19,0.61,1858592.000000,2,2.1,3.7,0.0,36608.000000,31,0.0,0.0,0.0,1.0
229329,0,1,3400,-52,52,485,18,19,0.62,1858592.000000,2,2.1,2.0,0.0,0.0,0.0,0.0,0.0,0.0,1.0
229578,0,1,3400,-52,52,485,18,17,0.94,1636111.500000,13,2.1,2.0,0.0,0.0,0.0,0.0,0.0,0.0,1.0
229827,0,1,3400,-52,52,485,18,18,0.69,1789184.000000,5,2.1,2.4,0.0,11200.000000,0,0.0,0.0,0.0,1.0
230076,0,1,3400,-52,52,483,17,18,0.69,1661248.000000,4,2.1,15,0.0,126624.000000,40,0.0,0.0,0.0,1.0
230325,0,1,3400,-52,52,486,17,18,0.86,1644448.000000,9,2.1,16,0.0,0.0,0.0,0.0,0.0,0.0,1.0
230574,0,1,3400,-52,52,486,17,17,0.93,1647520.000000,11,2.1,16,0.0,0.0,0.0,0.0,0.0,0.0,1.0
230823,0,1,3400,-52,52,485,17,19,0.72,1724640.000000,5,2.1,15,415,0.0,50,0.0,0.0,0.0,1.0
231072,0,1,3400,-52,52,486,18,19,0.73,1758336.000000,6,2.1,0.25,0.0,53920.000000,18,0.0,0.0,0.0,1.0
231321,0,1,3400,-52,52,485,17,19,0.64,1753952.000000,3,2.1,0.0,0.0,5536.000000,0,0.0,0.0,0.0,1.0
231570,0,1,3400,-52,52,485,17,17,0.90,1673728.000000,10,2.1,0.0,0.0,0.0,0.0,0.0,0.0,0.0,1.0
231819,0,1,3400,-52,52,484,17,18,0.69,1747776.000000,4,2.1,0.0,75,5536.000000,0,0.0,0.0,0.0,1.0
232068,0,1,3400,-53,53,485,17,19,0.70,1648288.000000,6,2.1,0.064,0.0,52416.000000,18,0.0,0.0,0.0,1.0
232317,0,1,3400,-53,53,478,17,17,0.66,1568096.000000,3,2.1,0.0,0.0,5536.000000,0,0.0,0.0,0.0,1.0
232566,0,1,3400,-53,53,484,17,18,0.69,1635744.000000,6,2.1,2.4,0.0,5536.000000,57,0.0,0.0,0.0,1.0
232815,0,1,3400,-52,52,484,18,18,0.80,1758336.000000,8,2.1,0.060,0.0,5536.000000,0,0.0,0.0,0.0,1.0
233064,0,1,3400,-53,53,486,17,18,0.80,1584480.000000,8,2.1,0.85,0.0,69312.000000,14,0.0,0.0,0.0,1.0
233313,0,1,3400,-54,54,479,16,17,0.73,1422048.000000,7,2.1,0.0,0.0,0.0,0.0,0.0,0.0,0.0,1.0
233562,0,1,3400,-52,52,483,18,19,0.73,1750624.000000,6,2.1,0.0,0.0,0.0,0.0,0.0,0.0,0.0,1.0
233811,0,1,3400,-52,52,484,18,18,0.84,1710592.000000,9,2.1,0.12,0.0,5536.000000,0,0.0,0.0,0.0,1.0
234060,0,1,3400,-52,52,489,16,19,0.64,1657952.000000,3,2.1,2.0,0.0,85856.000000,5,0.0,0.0,0.0,1.0
234309,0,1,3400,-52,52,486,16,18,0.73,1536640.000000,6,2.1,1.00,0.0,0.0,0.0,0.0,0.0,0.0,1.0
234558,0,1,3400,-52,52,485,17,18,0.84,1689952.000000,7,2.1,3.4,0.0,5536.000000,62,0.0,0.0,0.0,1.0
234807,0,1,3400,-52,52,484,18,19,0.68,1789184.000000,5,2.1,0.96,415,11072.000000,0,0.0,0.0,0.0,1.0
235056,0,1,3400,-52,52,485,17,18,0.71,1753184.000000,5,2.1,0.0,0.0,28608.000000,0,0.0,0.0,0.0,1.0
235305,0,1,3400,-52,52,489,17,19,0.71,1760128.000000,4,2.1,0.064,0.0,0.0,0.0,0.0,0.0,0.0,1.0
235554,0,1,3400,-52,52,486,17,18,0.71,1764416.000000,3,2.1,0.0,0.0,0.0,0.0,0.0,0.0,0.0,1.0
235803,0,1,3400,-52,52,484,17,19,0.64,1741952.000000,3,2.1,5.2,0.0,34112.000000,0,0.0,0.0,0.0,1.0
236052,0,1,3400,-52,52,487,18,18,0.84,1712064.000000,10,2.1,4.9,0.0,38816.000000,29,0.0,0.0,0.0,1.0
236301,0,1,3400,-52,52,487,15,18,0.86,1340288.000000,10,2.1,1.0,0.0,0.0,0.0,0.0,0.0,0.0,1.0
236550,0,1,3400,-52,52,484,17,18,0.76,1643936.000000,7,2.1,1.0,0.0,0.0,0.0,0.0,0.0,0.0,1.0
236799,0,1,3400,-52,52,484,17,18,0.89,1641568.000000,8,2.1,1.0,581,0.0,0.0,0.0,0.0,0.0,1.0
237048,0,1,3400,-52,52,485,16,19,0.64,1610464.000000,3,2.1,2.6,0.0,33952.000000,27,0.0,0.0,0.0,1.0
237297,0,1,3400,-52,52,485,16,18,0.72,1505888.000000,6,2.1,2.0,0.0,0.0,0.0,0.0,0.0,0.0,1.0
237546,0,1,3400,-52,52,484,16,19,0.76,1609952.000000,6,2.1,8.3,0.0,0.0,80,0.0,0.0,0.0,1.0
237795,0,1,3400,-52,52,488,17,18,0.89,1599712.000000,10,2.1,8.5,581,0.0,0.0,0.0,0.0,0.0,1.0
238044,0,1,3400,-53,53,485,15,17,0.62,1496605.625000,3,2.1,2.0,0.0,25274.900391,27,0.0,0.0,0.0,1.0
238293,0,1,3400,-52,52,483,18,18,0.77,1719776.000000,8,2.1,0.064,0.0,0.0,0.0,0.0,0.0,0.0,1.0
238542,0,1,3400,-52,52,486,18,18,0.84,1688928.000000,10,2.1,0.0,0.0,0.0,0.0,0.0,0.0,0.0,1.0
238791,0,1,3400,-52,52,486,18,19,0.59,1843168.000000,2,2.1,0.0,581,11072.000000,20,0.0,0.0,0.0,1.0
239040,0,1,3400,-52,52,485,18,19,0.74,1826368.000000,6,2.1,1.1,0.0,34240.000000,28,0.0,0.0,0.0,1.0
239289,0,1,3400,-52,52,486,18,19,0.64,1796896.000000,4,2.1,0.23,0.0,11072.000000,0,0.0,0.0,0.0,1.0
239538,0,1,3400,-52,52,479,18,19,0.77,1734432.000000,7,2.1,6.1,0.0,5536.000000,57,0.0,0.0,0.0,1.0
239787,0,1,3400,-52,52,482,16,19,0.62,1610496.000000,2,2.1,1.1,581,5536.000000,0,0.0,0.0,0.0,1.0
240036,0,1,3400,-52,52,487,18,18,0.76,1723008.000000,7,2.1,0.72,0.0,66432.000000,12,0.0,0.0,0.0,1.0
240285,0,1,3400,-52,52,485,18,18,0.81,1690560.000000,9,2.1,0.0,0.0,0.0,0.0,0.0,0.0,0.0,1.0
240534,0,1,3400,-53,53,491,17,18,0.85,1586677.250000,8,2.1,0.0,0.0,0.0,0.0,0.0,0.0,0.0,1.0
240783,0,1,3400,-52,52,483,17,18,0.78,1671424.000000,8,2.1,0.0,581,0.0,0.0,0.0,0.0,0.0,1.0
241032,0,1,3400,-52,52,484,18,18,0.82,1704352.000000,8,2.1,1.0,0.0,30912.000000,24,0.0,0.0,0.0,1.0
241281,0,1,3400,-52,52,484,18,19,0.69,1812320.000000,4,2.1,0.0,0.0,0.0,0.0,0.0,0.0,0.0,1.0
241530,0,1,3400,-52,52,485,18,18,0.80,1712064.000000,8,2.1,0.064,0.0,11072.000000,0,0.0,0.0,0.0,1.0
241779,0,1,3400,-52,52,484,18,18,0.71,1796896.000000,6,2.1,0.32,435,5536.000000,25,0.0,0.0,0.0,1.0
242028,0,1,3400,-52,52,482,18,18,0.71,1781472.000000,5,2.1,8.1,435,0.0,100.000000,0.0,0.0,0.0,1.0
242277,0,1,3400,-52,52,485,17,19,0.70,1658304.000000,5,2.1,3.1,0.0,31168.000000,0,0.0,0.0,0.0,1.0
242526,0,1,3400,-52,52,482,17,18,0.81,1664480.000000,8,2.1,0.0,0.0,5536.000000,0,0.0,0.0,0.0,1.0
242775,0,1,3400,-52,52,485,18,19,0.64,1789184.000000,3,2.1,0.0,75,5536.000000,0,0.0,0.0,0.0,1.0
243024,0,1,3400,-53,53,491,18,18,0.75,1758336.000000,6,2.1,2.7,0.0,92096.000000,42,0.0,0.0,0.0,1.0
243273,0,1,3400,-52,52,483,15,17,0.79,1496096.000000,7,2.1,1.0,0.0,0.0,0.0,0.0,0.0,0.0,1.0
243522,0,1,3400,-52,52,483,18,19,0.70,1789184.000000,6,2.1,1.0,0.0,0.0,0.0,0.0,0.0,0.0,1.0
243771,0,1,3400,-52,52,483,18,18,0.81,1766048.000000,7,2.1,0.98,0.0,5536.000000,0,0.0,0.0,0.0,1.0
244020,0,1,3400,-52,52,483,15,18,0.73,1421184.000000,5,2.1,0.0,0.0,36192.000000,0,0.0,0.0,0.0,1.0
244269,0,1,3400,-52,52,486,18,19,0.77,1729600.000000,8,2.1,0.0,0.0,0.0,0.0,0.0,0.0,0.0,1.0
244518,0,1,3400,-53,53,493,17,18,0.64,1638496.000000,3,2.1,0.0,0.0,5536.000000,0,0.0,0.0,0.0,1.0
244767,0,1,3400,-52,52,485,18,19,0.77,1750624.000000,7,2.1,0.0,0.0,0.0,0.0,0.0,0.0,0.0,1.0
245016,0,1,3400,-52,52,486,18,19,0.64,1789184.000000,4,2.1,4.8,0.0,7680.000000,50,0.0,0.0,0.0,1.0
245265,0,1,3400,-52,52,480,18,18,0.76,1688832.000000,7,2.1,0.0,0.0,5536.000000,0,0.0,0.0,0.0,1.0
245514,0,1,3400,-52,52,483,18,19,0.80,1735200.000000,8,2.1,1.3,0.0,0.0,80,0.0,0.0,0.0,1.0
245763,0,1,3400,-52,52,483,18,19,0.66,1843168.000000,4,2.1,7.5,581,0.0,0.0,0.0,0.0,0.0,1.0
246012,0,1,3400,-52,52,485,16,18,0.80,1539392.000000,8,2.1,2.7,0.0,36192.000000,28,0.0,0.0,0.0,1.0
246261,0,1,3400,-52,52,488,17,18,0.74,1778400.000000,7,2.1,7.5,0.0,0.0,0.0,0.0,0.0,0.0,1.0
246510,0,1,3400,-52,52,484,18,18,0.84,1719776.000000,9,2.1,6.3,0.0,5536.000000,57,0.0,0.0,0.0,1.0
246759,0,1,3400,-52,52,485,18,19,0.67,1812320.000000,4,2.1,7.1,0.0,5536.000000,0,0.0,0.0,0.0,1.0
247008,0,1,3400,-52,52,488,17,18,0.85,1588224.000000,9,2.1,0.024,0.0,50944.000000,27,0.0,0.0,0.0,1.0
247257,0,1,3400,-52,52,483,18,20,0.59,1858592.000000,1,2.1,0.0,0.0,0.0,0.0,0.0,0.0,0.0,1.0
247506,0,1,3400,-52,52,483,18,18,0.80,1742912.000000,7,2.1,0.064,0.0,0.0,0.0,0.0,0.0,0.0,1.0
247755,0,1,3400,-52,52,484,17,19,0.70,1718464.000000,5,2.1,0.0,581,0.0,0.0,0.0,0.0,0.0,1.0
248004,0,1,3400,-52,52,484,19,19,0.71,2051424.000000,5,2.1,13,0.0,123648.000000,72,0.0,0.0,0.0,1.0
248253,0,1,3400,-53,53,491,17,19,0.68,1692430.250000,5,2.1,16,0.0,0.0,0.0,0.0,0.0,0.0,1.0
248502,0,1,3400,-52,52,487,17,19,0.71,1738528.000000,5,2.1,16,0.0,0.0,0.0,0.0,0.0,0.0,1.0
248751,0,1,3400,-52,52,483,18,19,0.63,1850880.000000,4,2.1,12,581,5536.000000,0,0.0,0.0,0.0,1.0
249000,0,1,3400,-52,52,480,17,19,0.66,1744704.000000,4,2.1,3.4,0.0,88128.000000,17,0.0,0.0,0.0,1.0
249249,0,1,3400,-52,52,482,17,18,0.78,1693024.000000,7,2.1,2.0,0.0,0.0,0.0,0.0,0.0,0.0,1.0
249498,0,1,3400,-52,52,482,17,18,0.87,1601248.000000,11,2.1,1.2,0.0,5536.000000,0,0.0,0.0,0.0,1.0
249747,0,1,3400,-52,52,485,17,18,0.83,1671424.000000,8,2.1,1.1,0.0,5536.000000,0,0.0,0.0,0.0,1.0
249996,0,1,3400,-53,53,488,19,18,0.78,2005568.000000,6,2.1,15,0.0,255808.000000,58,0.0,0.0,0.0,1.0
250245,0,1,3400,-52,52,485,18,19,0.66,1804608.000000,4,2.1,8.0,0.0,0.0,0.0,0.0,0.0,0.0,1.0
250494,0,1,3400,-52,52,483,17,19,0.76,1713824.000000,7,2.1,8.0,0.0,0.0,0.0,0.0,0.0,0.0,1.0
250743,0,1,3400,-52,52,483,18,18,0.76,1735200.000000,7,2.1,12,581,17056.000000,0,0.0,0.0,0.0,1.0
250992,0,1,3400,-52,52,481,17,19,0.73,1692736.000000,4,2.1,15,0.0,10688.000000,44,0.0,0.0,0.0,1.0
251241,0,1,3400,-52,52,483,16,18,0.85,1538624.000000,9,2.1,5.5,0.0,0.0,0.0,0.0,0.0,0.0,1.0
251490,0,1,3400,-52,52,486,18,19,0.76,1766048.000000,7,2.1,4.5,0.0,5536.000000,0,0.0,0.0,0.0,1.0
251739,0,1,3400,-53,53,479,17,18,0.78,1573705.125000,7,2.1,11,581,16988.046875,57,0.0,0.0,0.0,1.0
251988,0,1,3400,-52,52,480,18,18,0.73,1781472.000000,5,2.1,2.9,0.0,37376.000000,20,0.0,0.0,0.0,1.0
252237,0,1,3400,-52,52,482,18,19,0.80,1742912.000000,8,2.1,1.0,0.0,0.0,0.0,0.0,0.0,0.0,1.0
252486,0,1,3400,-52,52,486,17,18,0.86,1647520.000000,8,2.1,1.0,0.0,0.0,0.0,0.0,0.0,0.0,1.0
252735,0,1,3400,-52,52,486,19,19,0.66,1988608.000000,5,2.1,0.99,75,5536.000000,0,0.0,0.0,0.0,1.0
252984,0,1,3400,-52,52,485,18,19,0.69,1820032.000000,4,2.1,7.7,0.0,129280.000000,0,0.0,0.0,0.0,1.0
253233,0,1,3400,-52,52,486,18,19,0.68,1812320.000000,4,2.1,8.0,0.0,0.0,0.0,0.0,0.0,0.0,1.0
253482,0,1,3400,-52,52,485,17,18,0.86,1602496.000000,10,2.1,7.5,0.0,0.0,80,0.0,0.0,0.0,1.0
253731,0,1,3400,-53,53,487,17,18,0.68,1739296.000000,5,2.1,3.5,581,5536.000000,0,0.0,0.0,0.0,1.0
253980,0,1,3400,-52,52,486,19,18,0.88,1862784.000000,10,2.1,1.7,0.0,36448.000000,30,0.0,0.0,0.0,1.0
254229,0,1,3400,-52,52,481,18,19,0.75,1750624.000000,7,2.1,7.5,0.0,0.0,100.000000,0.0,0.0,0.0,1.0
254478,0,1,3400,-52,52,482,18,18,0.86,1688928.000000,10,2.1,7.5,0.0,0.0,0.0,0.0,0.0,0.0,1.0
254727,0,1,3400,-52,52,486,18,18,0.82,1681216.000000,9,2.1,1.1,581,11072.000000,0,0.0,0.0,0.0,1.0
254976,0,1,3400,-52,52,484,17,18,0.73,1672448.000000,5,2.1,6.7,55,0.0,80,0.0,0.0,0.0,1.0
255225,0,1,3400,-52,52,482,18,18,0.80,1735200.000000,8,2.1,4.6,0.0,11008.000000,20,0.0,0.0,0.0,1.0
255474,0,1,3400,-52,52,481,18,18,0.74,1804608.000000,5,2.1,2.9,0.0,5536.000000,57,0.0,0.0,0.0,1.0
255723,0,1,3400,-52,52,485,17,18,0.71,1599776.000000,6,2.1,2.7,55,608,25,0.0,0.0,0.0,1.0
255972,0,1,3400,-52,52,484,18,18,0.81,1644352.000000,9,2.1,13,0.0,23008.000000,33,0.0,0.0,0.0,1.0
256221,0,1,3400,-52,52,484,17,18,0.81,1672192.000000,8,2.1,14,0.0,0.0,0.0,0.0,0.0,0.0,1.0
256470,0,1,3400,-52,52,485,18,18,0.74,1773760.000000,7,2.1,14,0.0,0.0,0.0,0.0,0.0,0.0,1.0
256719,0,1,3400,-52,52,487,18,19,0.73,1781472.000000,6,2.1,14,55,0.0,50,0.0,0.0,0.0,1.0
256968,0,1,3400,-52,52,483,18,19,0.84,1719776.000000,9,2.1,15,0.0,0.0,88,0.0,0.0,0.0,1.0
257217,0,1,3400,-52,52,482,18,18,0.79,1735200.000000,8,2.1,14,0.0,22592.000000,20,0.0,0.0,0.0,1.0
257466,0,1,3400,-52,52,484,16,18,0.72,1568320.000000,5,2.1,15,0.0,0.0,0.0,0.0,0.0,0.0,1.0
257715,0,1,3400,-52,52,489,18,18,0.76,1735200.000000,7,2.1,10,111,14400.000000,25,0.0,0.0,0.0,1.0
257964,0,1,3400,-52,52,488,18,18,0.81,1727488.000000,8,2.1,7.7,0.0,98528.000000,29,0.0,0.0,0.0,1.0
258213,0,1,3400,-54,54,484,17,18,0.64,1635936.000000,3,2.1,4.4,0.0,5536.000000,0,0.0,0.0,0.0,1.0
258462,0,1,3400,-52,52,480,18,19,0.71,1765376.000000,6,2.1,0.0,0.0,0.0,0.0,0.0,0.0,0.0,1.0
258711,0,1,3400,-52,52,481,18,19,0.67,1773760.000000,5,2.1,5.2,581,22592.000000,57,0.0,0.0,0.0,1.0
258960,0,1,3400,-53,53,485,17,18,0.85,1628685.250000,9,2.1,6.7,0.0,96605.578125,21,0.0,0.0,0.0,1.0
259209,0,1,3400,-52,52,486,18,19,0.63,1820032.000000,3,2.1,3.9,0.0,11072.000000,0,0.0,0.0,0.0,1.0
259458,0,1,3400,-52,52,486,18,18,0.91,1665792.000000,11,2.1,1.0,0.0,0.0,0.0,0.0,0.0,0.0,1.0
259707,0,1,3400,-52,52,488,18,18,0.66,1820032.000000,4,2.1,1.4,0.0,7872.000000,0,0.0,0.0,0.0,1.0
259956,0,1,3400,-52,52,490,17,18,0.84,1624384.000000,8,2.1,21,0.0,18336.000000,71,0.0,0.0,0.0,1.0
260205,0,1,3400,-52,52,482,18,18,0.71,1781472.000000,5,2.1,16,0.0,58240.000000,25,0.0,0.0,0.0,1.0
260454,0,1,3400,-52,52,481,18,19,0.77,1798880.000000,7,2.1,15,0.0,17056.000000,0,0.0,0.0,0.0,1.0
260703,0,1,3400,-52,52,480,18,19,0.60,1827744.000000,2,2.1,15,55,0.0,50,0.0,0.0,0.0,1.0
260952,0,1,3400,-52,52,484,18,19,0.57,1843168.000000,2,2.1,15,55,0.0,100.000000,0.0,0.0,0.0,1.0
261201,0,1,3400,-52,52,487,18,18,1.0,1611808.000000,14,2.1,6.7,0.0,11008.000000,0,0.0,0.0,0.0,1.0
261450,0,1,3400,-52,52,486,18,18,0.86,1719776.000000,9,2.1,0.35,0.0,5536.000000,0,0.0,0.0,0.0,1.0
261699,0,1,3400,-53,53,479,17,17,0.80,1663712.000000,7,2.1,0.0,581,5536.000000,0,0.0,0.0,0.0,1.0
261948,0,1,3400,-52,52,484,17,17,0.93,1525216.000000,12,2.1,6.7,55,0.0,80,0.0,0.0,0.0,1.0
262197,0,1,3400,-52,52,489,17,18,0.81,1556800.000000,8,2.1,4.1,0.0,7680.000000,0,0.0,0.0,0.0,1.0
262446,0,1,3400,-52,52,486,18,18,0.80,1705056.000000,9,2.1,0.0,0.0,0.0,0.0,0.0,0.0,0.0,1.0
262695,0,1,3400,-52,52,483,18,19,0.74,1781472.000000,6,2.1,0.0,581,5536.000000,0,0.0,0.0,0.0,1.0
262944,0,1,3400,-52,52,483,17,19,0.69,1678880.000000,4,2.1,6.7,55,0.0,80,0.0,0.0,0.0,1.0
263193,0,1,3400,-52,52,478,18,18,0.79,1742912.000000,6,2.1,4.6,0.0,11008.000000,0,0.0,0.0,0.0,1.0
263442,0,1,3400,-52,52,479,18,18,0.76,1784576.000000,6,2.1,1.0,0.0,0.0,0.0,0.0,0.0,0.0,1.0
263691,0,1,3400,-53,53,486,17,19,0.66,1765504.000000,3,2.1,0.47,581,5536.000000,0,0.0,0.0,0.0,1.0
263940,0,1,3400,-52,52,487,17,18,0.85,1639808.000000,9,2.1,2.3,0.0,36640.000000,31,0.0,0.0,0.0,1.0
264189,0,1,3400,-53,53,480,17,18,0.80,1669120.000000,8,2.1,0.064,0.0,0.0,0.0,0.0,0.0,0.0,1.0
264438,0,1,3400,-52,52,486,15,18,0.72,1475136.000000,6,2.1,0.0,0.0,0.0,0.0,0.0,0.0,0.0,1.0
264687,0,1,3400,-52,52,482,17,20,0.58,1804832.000000,2,2.1,2.8,581,5536.000000,57,0.0,0.0,0.0,1.0
264936,0,1,3400,-52,52,480,18,17,0.87,1771104.000000,9,2.1,0.84,0.0,41728.000000,0,0.0,0.0,0.0,1.0
265185,0,1,3400,-52,52,480,18,18,0.78,1781472.000000,7,2.1,0.0,0.0,0.0,0.0,0.0,0.0,0.0,1.0
265434,0,1,3400,-52,52,482,18,19,0.71,1766048.000000,5,2.1,0.0,0.0,0.0,0.0,0.0,0.0,0.0,1.0
265683,0,1,3400,-52,52,486,18,18,0.86,1688928.000000,10,2.1,0.0,0.0,5536.000000,0,0.0,0.0,0.0,1.0
265932,0,1,3400,-52,52,485,17,19,0.70,1727744.000000,5,2.1,0.0,0.0,36192.000000,0,0.0,0.0,0.0,1.0
266181,0,1,3400,-52,52,485,18,18,0.71,1781472.000000,5,2.1,0.0,0.0,0.0,0.0,0.0,0.0,0.0,1.0
266430,0,1,3400,-52,52,484,17,19,0.81,1666816.000000,8,2.1,0.0,0.0,0.0,0.0,0.0,0.0,0.0,1.0
266679,0,1,3400,-52,52,487,18,18,0.85,1668960.000000,10,2.1,0.0,581,0.0,0.0,0.0,0.0,0.0,1.0
266928,0,1,3400,-52,52,487,17,19,0.72,1576832.000000,6,2.1,0.0,0.0,41728.000000,7,0.0,0.0,0.0,1.0
267177,0,1,3400,-52,52,488,17,19,0.65,1697088.000000,3,2.1,0.0,0.0,4384.000000,0,0.0,0.0,0.0,1.0
267426,0,1,3400,-52,52,483,18,19,0.79,1719808.000000,7,2.1,0.0,0.0,0.0,0.0,0.0,0.0,0.0,1.0
267675,0,1,3400,-53,53,490,18,17,0.83,1688928.000000,8,2.1,0.44,0.0,3616.000000,0,0.0,0.0,0.0,1.0
267924,0,1,3400,-52,52,479,18,19,0.77,1727488.000000,8,2.1,1.9,0.0,19584.000000,33,0.0,0.0,0.0,1.0
268173,0,1,3400,-52,52,480,15,18,0.73,1463232.000000,4,2.1,0.0,0.0,0.0,0.0,0.0,0.0,0.0,1.0
268422,0,1,3400,-52,52,479,18,18,0.79,1723936.000000,8,2.1,0.0,0.0,0.0,0.0,0.0,0.0,0.0,1.0
268671,0,1,3400,-52,52,479,18,19,0.64,1843168.000000,2,2.1,0.048,311,0.0,50,0.0,0.0,0.0,1.0
268920,0,1,3400,-52,52,483,20,19,0.71,2117440.000000,5,2.1,0.024,0.0,39520.000000,8,0.0,0.0,0.0,1.0
269169,0,1,3400,-53,53,494,17,19,0.63,1738528.000000,4,2.1,0.0,0.0,0.0,0.0,0.0,0.0,0.0,1.0
269418,0,1,3400,-52,52,487,18,19,0.77,1712064.000000,8,2.1,0.0,0.0,5536.000000,0,0.0,0.0,0.0,1.0
269667,0,1,3400,-52,52,486,18,19,0.70,1766048.000000,5,2.1,0.36,55,0.0,50,0.0,0.0,0.0,1.0
269916,0,1,3400,-52,52,488,18,20,0.66,1804608.000000,4,2.1,7.5,55,0.0,100.000000,0.0,0.0,0.0,1.0
270165,0,1,3400,-52,52,485,18,19,0.69,1789184.000000,5,2.1,5.8,0.0,7360.000000,0,0.0,0.0,0.0,1.0
270414,0,1,3400,-52,52,477,18,18,0.85,1688928.000000,10,2.1,4.5,0.0,0.0,0.0,0.0,0.0,0.0,1.0
270663,0,1,3400,-52,52,475,18,19,0.67,1835456.000000,3,2.1,4.5,581,0.0,0.0,0.0,0.0,0.0,1.0
270912,0,1,3400,-53,53,478,17,19,0.67,1687968.000000,4,2.1,1.7,0.0,25376.000000,27,0.0,0.0,0.0,1.0
271161,0,1,3400,-53,53,483,18,19,0.68,1864640.000000,4,2.1,0.0,0.0,0.0,0.0,0.0,0.0,0.0,1.0
271410,0,1,3400,-52,52,483,18,18,0.84,1735200.000000,9,2.1,0.0,0.0,0.0,0.0,0.0,0.0,0.0,1.0
271659,0,1,3400,-52,52,484,18,19,0.71,1773760.000000,5,2.1,0.12,0.0,5536.000000,0,0.0,0.0,0.0,1.0
271908,0,1,3400,-52,52,488,18,18,0.82,1647392.000000,9,2.1,2.5,0.0,73824.000000,44,0.0,0.0,0.0,1.0
272157,0,1,3400,-52,52,486,18,19,0.65,1771552.000000,4,2.1,4.8,0.0,22592.000000,0,0.0,0.0,0.0,1.0
272406,0,1,3400,-52,52,485,18,17,0.93,1683040.000000,11,2.1,8.5,0.0,0.0,80,0.0,0.0,0.0,1.0
272655,0,1,3400,-52,52,484,17,18,0.75,1592352.000000,7,2.1,8.4,0.0,3616.000000,0,0.0,0.0,0.0,1.0
272904,0,1,3400,-52,52,483,19,18,0.82,1911136.000000,8,2.1,15,0.0,265664.000000,52,0.0,0.0,0.0,1.0
273153,0,1,3400,-52,52,481,18,18,0.89,1688928.000000,11,2.1,7.7,0.0,0.0,0.0,0.0,1.0,65,1.0
273402,0,1,3400,-52,52,483,18,18,0.86,1712064.000000,9,2.1,8.0,0.0,0.0,0.0,0.0,0.0,0.0,1.0
273651,0,1,3400,-52,52,486,18,19,0.74,1758336.000000,7,2.1,8.1,0.0,17056.000000,0,0.0,0.0,0.0,1.0
273900,0,1,3400,-52,52,485,18,19,0.65,1804608.000000,4,2.1,2.9,0.0,91456.000000,17,0.0,0.0,0.0,1.0
274149,0,1,3400,-52,52,483,18,18,0.83,1688928.000000,10,2.1,8.5,0.0,0.0,100.000000,0.0,0.0,0.0,1.0
274398,0,1,3400,-52,52,480,17,18,0.82,1607200.000000,9,2.1,8.4,0.0,0.0,0,0.0,0.0,0.0,1.0
274647,0,1,3400,-52,52,480,17,18,0.78,1688032.000000,7,2.1,1.4,0.0,28128.000000,0,0.0,0.0,0.0,1.0
274896,0,1,3400,-52,52,480,18,19,0.59,1826976.000000,2,2.1,2.6,0.0,28448.000000,29,0.0,0.0,0.0,1.0
275145,0,1,3400,-52,52,482,17,18,0.74,1716928.000000,7,2.1,1.0,0.0,0.0,0.0,0.0,0.0,0.0,1.0
275394,0,1,3400,-52,52,486,17,17,0.95,1612832.000000,11,2.1,1.0,0.0,0.0,0.0,0.0,0.0,0.0,1.0
275643,0,1,3400,-52,52,487,15,18,0.73,1522208.000000,5,2.1,1.0,0.0,0.0,0.0,0.0,0.0,0.0,1.0
275892,0,1,3400,-53,53,488,17,18,0.79,1572192.000000,8,2.1,13,55,0.0,80,0.0,0.0,0.0,1.0
276141,0,1,3400,-52,52,484,18,18,0.76,1742912.000000,7,2.1,1.3,0.0,7680.000000,0,0.0,0.0,0.0,1.0
276390,0,1,3400,-52,52,486,18,18,0.77,1742912.000000,7,2.1,0.0,0.0,5536.000000,0,0.0,0.0,0.0,1.0
276639,0,1,3400,-53,53,485,18,18,0.80,1727488.000000,7,2.1,4.0,581,0.0,80,0.0,0.0,0.0,1.0
276888,0,1,3400,-52,52,478,18,18,0.77,1727488.000000,7,2.1,0.84,0.0,36192.000000,0,0.0,0.0,0.0,1.0
277137,0,1,3400,-52,52,478,17,17,0.87,1575264.000000,9,2.1,0.0,0.0,0.0,0.0,0.0,0.0,0.0,1.0
277386,0,1,3400,-52,52,483,18,19,0.79,1719776.000000,8,2.1,0.0,0.0,0.0,0.0,0.0,0.0,0.0,1.0
277635,0,1,3400,-52,52,482,18,19,0.69,1804608.000000,5,2.1,0.36,0.0,22592.000000,0,0.0,0.0,0.0,1.0
277884,0,1,3400,-52,52,485,16,18,0.82,1499712.000000,8,2.1,1.9,0.0,19584.000000,33,0.0,0.0,0.0,1.0
278133,0,1,3400,-53,53,484,17,18,0.80,1638528.000000,9,2.1,0.0,0.0,0.0,0.0,0.0,0.0,0.0,1.0
278382,0,1,3400,-52,52,485,18,19,0.75,1773760.000000,5,2.1,0.0,0.0,5536.000000,0,0.0,0.0,0.0,1.0
278631,0,1,3400,-52,52,486,17,19,0.72,1677856.000000,5,2.1,6.4,581,17056.000000,0,0.0,0.0,0.0,1.0
278880,0,1,3400,-52,52,484,18,19,0.65,1835456.000000,3,2.1,3.2,0.0,22080.000000,40,0.0,0.0,0.0,1.0
279129,0,1,3400,-52,52,485,18,18,0.86,1696640.000000,9,2.1,3.4,0.0,39648.000000,0,0.0,0.0,0.0,1.0
279378,0,1,3400,-52,52,482,18,19,0.78,1765280.000000,8,2.1,7.5,0.0,0.0,0.0,0.0,0.0,0.0,1.0
279627,0,1,3400,-52,52,480,17,19,0.67,1650720.000000,5,2.1,7.5,581,0.0,0.0,0.0,0.0,0.0,1.0
279876,0,1,3400,-52,52,482,17,18,0.72,1643506.000000,5,2.1,7.5,55,0.0,80,0.0,0.0,0.0,1.0
280125,0,1,3400,-52,52,480,18,19,0.61,1843168.000000,3,2.1,4.4,0.0,7680.000000,0,0.0,0.0,0.0,1.0
280374,0,1,3400,-53,53,486,18,19,0.57,1820032.000000,2,2.1,0.0,0.0,5536.000000,0,0.0,0.0,0.0,1.0
280623,0,1,3400,-52,52,488,18,18,0.78,1764512.000000,6,2.1,0.0,581,0.0,0.0,0.0,0.0,0.0,1.0
280872,0,1,3400,-52,52,484,18,18,0.70,1750624.000000,5,2.1,0.0080,0.0,47264.000000,0,0.0,1.0,6.0,1.0
281121,0,1,3400,-53,53,481,17,18,0.62,1677312.000000,3,2.1,0.0,0.0,0.0,0.0,0.0,0.0,0.0,1.0
281370,0,1,3400,-52,52,481,18,18,0.81,1735200.000000,9,2.1,0.0,0.0,0.0,0.0,0.0,0.0,0.0,1.0
281619,0,1,3400,-52,52,479,18,19,0.58,1843168.000000,2,2.1,2.8,581,5536.000000,57,0.0,0.0,0.0,1.0
281868,0,1,3400,-52,52,480,15,18,0.78,1453760.000000,6,2.1,14,0.0,237568.000000,65,0.0,0.0,0.0,1.0
282117,0,1,3400,-52,52,484,18,19,0.69,1796896.000000,5,2.1,16,0.0,0.0,0.0,0.0,0.0,0.0,1.0
282366,0,1,3400,-52,52,484,18,18,0.78,1727488.000000,7,2.1,16,0.0,0.0,0.0,0.0,0.0,0.0,1.0
282615,0,1,3400,-52,52,485,18,18,0.72,1820032.000000,4,2.1,12,0.0,7872.000000,0,0.0,0.0,0.0,1.0
282864,0,1,3400,-52,52,483,16,19,0.71,1627808.000000,5,2.1,14,0.0,20672.000000,57,0.0,0.0,0.0,1.0
283113,0,1,3400,-52,52,482,18,19,0.71,1781472.000000,6,2.1,15,0.0,0.0,0.0,0.0,0.0,0.0,1.0
283362,0,1,3400,-52,52,483,18,18,0.84,1758336.000000,8,2.1,13,0.0,11072.000000,0,0.0,0.0,0.0,1.0
283611,0,1,3400,-52,52,485,18,18,0.89,1704352.000000,10,2.1,7.6,0.0,17056.000000,0,0.0,0.0,0.0,1.0
283860,0,1,3400,-53,53,481,17,17,0.87,1622816.000000,10,2.1,5.9,0.0,35552.000000,43,0.0,0.0,0.0,1.0
284109,0,1,3400,-52,52,477,17,17,0.95,1559040.000000,12,2.1,6.0,0.0,0.0,0.0,0.0,0.0,0.0,1.0
284358,0,1,3400,-52,52,479,16,18,0.80,1566944.000000,7,2.1,6.0,0.0,0.0,0.0,0.0,0.0,0.0,1.0
284607,0,1,3400,-52,52,483,17,20,0.66,1760096.000000,4,2.1,6.3,0.0,10432.000000,0,0.0,0.0,0.0,1.0
284856,0,1,3400,-52,52,480,17,19,0.62,1755264.000000,3,2.1,2.0,0.0,19584.000000,33,0.0,0.0,0.0,1.0
285105,0,1,3400,-52,52,488,17,18,0.84,1617504.000000,9,2.1,0.0,0.0,0.0,0.0,0.0,0.0,0.0,1.0
285354,0,1,3400,-53,53,483,18,17,0.97,1636111.500000,12,2.1,0.0,0.0,0.0,0.0,0.0,0.0,0.0,1.0
285603,0,1,3400,-52,52,479,18,19,0.66,1789184.000000,5,2.1,0.048,19,8864.000000,0,0.0,0.0,0.0,1.0
285852,0,1,3400,-52,52,481,18,19,0.73,1810560.000000,5,2.1,20,0.0,29088.000000,53,0.0,0.0,0.0,1.0
286101,0,1,3400,-52,52,482,18,19,0.63,1810880.000000,3,2.1,22,0.0,0.0,0.0,0.0,0.0,0.0,1.0
286350,0,1,3400,-52,52,483,17,18,0.96,1594304.000000,13,2.1,22,0.0,0.0,0.0,0.0,0.0,0.0,1.0
286599,0,1,3400,-52,52,483,18,19,0.78,1742912.000000,7,2.1,22,581,0.0,0.0,0.0,0.0,0.0,1.0
286848,0,1,3400,-52,52,481,15,18,0.63,1557792.000000,2,2.1,15,55,0.0,80,0.0,0.0,0.0,1.0
287097,0,1,3400,-52,52,482,17,18,0.77,1685504.000000,7,2.1,10,0.0,7360.000000,0,0.0,0.0,0.0,1.0
287346,0,1,3400,-52,52,485,18,19,0.69,1758336.000000,5,2.1,4.5,0.0,5536.000000,0,0.0,0.0,0.0,1.0
287595,0,1,3400,-52,52,480,18,18,0.84,1719776.000000,9,2.1,4.5,0.0,4384.000000,0,0.0,0.0,0.0,1.0
287844,0,1,3400,-52,52,482,18,19,0.63,1827744.000000,3,2.1,5.2,0.0,66304.000000,27,0.0,0.0,0.0,1.0
288093,0,1,3400,-52,52,484,18,19,0.68,1772992.000000,5,2.1,10,0.0,0.0,0.0,0.0,0.0,0.0,1.0
288342,0,1,3400,-52,52,485,18,18,0.75,1719776.000000,7,2.1,16,0.0,22592.000000,44,0.0,0.0,0.0,1.0
288591,0,1,3400,-52,52,485,18,17,0.92,1626880.000000,12,2.1,18,581,0.0,0.0,0.0,0.0,0.0,1.0
288840,0,1,3400,-52,52,484,16,18,0.77,1537280.000000,6,2.1,3.3,0.0,25376.000000,27,0.0,0.0,0.0,1.0
289089,0,1,3400,-53,53,486,16,19,0.57,1542272.000000,2,2.1,0.0,0.0,0.0,0.0,0.0,0.0,0.0,1.0
289338,0,1,3400,-52,52,479,17,17,0.85,1540512.000000,9,2.1,0.0,0.0,0.0,0.0,0.0,0.0,0.0,1.0
289587,0,1,3400,-52,52,484,17,18,0.78,1692224.000000,7,2.1,0.0,0.0,5536.000000,0,0.0,0.0,0.0,1.0
289836,0,1,3400,-52,52,480,17,18,0.74,1664128.000000,6,2.1,7.3,0.0,65984.000000,0,0.0,0.0,0.0,1.0
290085,0,1,3400,-53,53,479,17,17,0.74,1622688.000000,6,2.1,7.4,0.0,0.0,0.0,0.0,1.0,37,1.0
290334,0,1,3400,-52,52,485,18,18,0.75,1796896.000000,5,2.1,7.5,0.0,0.0,0.0,0.0,0.0,0.0,1.0
290583,0,1,3400,-52,52,481,18,19,0.73,1750624.000000,5,2.1,7.5,581,5536.000000,0,0.0,0.0,0.0,1.0
290832,0,1,3400,-52,52,482,18,19,0.71,1804608.000000,5,2.1,2.9,0.0,61216.000000,0,0.0,0.0,0.0,1.0
291081,0,1,3400,-52,52,487,18,19,0.61,1835456.000000,2,2.1,1.7,0.0,5536.000000,0,0.0,0.0,0.0,1.0
291330,0,1,3400,-52,52,488,18,18,0.92,1688928.000000,12,2.1,1.0,0.0,0.0,0.0,0.0,0.0,0.0,1.0
291579,0,1,3400,-52,52,481,17,18,0.91,1577344.000000,11,2.1,1.0,581,0.0,0.0,0.0,0.0,0.0,1.0
291828,0,1,3400,-52,52,480,17,17,0.93,1639808.000000,11,2.1,1.2,0.0,25376.000000,27,0.0,0.0,0.0,1.0
292077,0,1,3400,-52,52,484,18,19,0.76,1804544.000000,6,2.1,0.0080,0.0,0.0,0.0,0.0,1.0,1.0,1.0
292326,0,1,3400,-52,52,487,17,18,0.89,1610560.000000,10,2.1,0.0080,0.0,0.0,0,0.0,1.0,3.0,1.0
292575,0,1,3400,-52,52,482,17,18,0.64,1758560.000000,2,2.1,4.0,581,5536.000000,67,0.0,0.0,0.0,1.0
292824,0,1,3400,-53,53,484,18,19,0.61,1843168.000000,2,2.1,6.7,0.0,110880.000000,33,0.0,0.0,0.0,1.0
293073,0,1,3400,-52,52,481,18,19,0.64,1773760.000000,3,2.1,6.5,0.0,5536.000000,0,0.0,0.0,0.0,1.0
293322,0,1,3400,-52,52,479,18,19,0.71,1804608.000000,6,2.1,1.3,0.0,17056.000000,0,0.0,0.0,0.0,1.0
293571,0,1,3400,-53,53,479,19,18,0.75,2008864.000000,6,2.1,7.5,581,0.0,80,0.0,0.0,0.0,1.0
293820,0,1,3400,-53,53,493,15,17,0.84,1385824.000000,8,2.1,2.0,0.0,25376.000000,27,0.0,0.0,0.0,1.0
294069,0,1,3400,-52,52,487,18,18,0.72,1766048.000000,6,2.1,0.0,0.0,0.0,0.0,0.0,0.0,0.0,1.0
294318,0,1,3400,-52,52,485,18,19,0.64,1820032.000000,4,2.1,0.0,0.0,5536.000000,0,0.0,0.0,0.0,1.0
294567,0,1,3400,-52,52,481,17,18,0.73,1699968.000000,6,2.1,0.36,55,5536.000000,33,0.0,0.0,0.0,1.0
294816,0,1,3400,-52,52,477,18,19,0.77,1735200.000000,7,2.1,7.5,55,0.0,100.000000,0.0,0.0,0.0,1.0
295065,0,1,3400,-52,52,481,18,19,0.75,1758336.000000,7,2.1,5.8,0.0,12896.000000,14,0.0,0.0,0.0,1.0
295314,0,1,3400,-52,52,485,18,18,0.81,1727488.000000,8,2.1,4.5,0.0,0.0,0.0,0.0,0.0,0.0,1.0
295563,0,1,3400,-54,54,485,14,16,0.63,1238788.875000,3,2.1,6.0,581,46533.863281,20,0.0,0.0,0.0,1.0
295812,0,1,3400,-53,53,485,18,18,0.85,1703453.875000,9,2.1,3.6,0.0,103036.148438,12,0.0,0.0,0.0,1.0
296061,0,1,3400,-53,53,487,17,17,0.92,1602549.750000,11,2.1,1.0,0.0,0.0,0.0,0.0,0.0,0.0,1.0
296310,0,1,3400,-52,52,484,17,18,0.79,1546816.000000,8,2.1,1.0,0.0,0.0,0.0,0.0,0.0,0.0,1.0
296559,0,1,3400,-52,52,484,17,18,0.76,1635872.000000,7,2.1,7.4,581,17056.000000,0,0.0,0.0,0.0,1.0
296808,0,1,3400,-53,53,485,18,19,0.59,1820032.000000,2,2.1,6.4,0.0,7680.000000,44,0.0,0.0,0.0,1.0
297057,0,1,3400,-53,53,480,14,17,0.87,1288860.500000,10,2.1,0.0,0.0,0.0,0.0,0.0,0.0,0.0,1.0
297306,0,1,3400,-52,52,484,17,18,0.76,1683008.000000,7,2.1,0.0,0.0,0.0,0.0,0.0,0.0,0.0,1.0
297555,0,1,3400,-52,52,486,18,19,0.75,1766048.000000,7,2.1,0.060,0.0,4384.000000,0,0.0,0.0,0.0,1.0
297804,0,1,3400,-52,52,486,18,18,0.78,1741376.000000,8,2.1,0.91,0.0,19584.000000,33,0.0,0.0,0.0,1.0
298053,0,1,3400,-52,52,482,18,18,0.65,1796128.000000,3,2.1,0.0,0.0,0.0,0.0,0.0,0.0,0.0,1.0
298302,0,1,3400,-52,52,482,16,17,0.98,1445664.000000,13,2.1,0.0,0.0,0.0,0.0,0.0,0.0,0.0,1.0
298551,0,1,3400,-52,52,478,18,18,0.95,1658080.000000,12,2.1,0.0,415,11072.000000,0,0.0,0.0,0.0,1.0
298800,0,1,3400,-52,52,476,18,18,0.73,1773760.000000,6,2.1,3.1,0.0,57472.000000,0,0.0,0.0,0.0,1.0
299049,0,1,3400,-53,53,481,18,18,0.77,1735200.000000,7,2.1,7.5,0.0,0.0,0.0,0.0,0.0,0.0,1.0
299298,0,1,3400,-52,52,485,18,19,0.75,1727488.000000,6,2.1,7.5,0.0,17056.000000,0,0.0,0.0,0.0,1.0
299547,0,1,3400,-52,52,484,18,19,0.76,1781472.000000,6,2.1,7.5,581,0.0,0.0,0.0,0.0,0.0,1.0
299796,0,1,3400,-52,52,487,18,18,0.75,1689056.000000,7,2.1,5.7,0.0,102272.000000,8,0.0,0.0,0.0,1.0
300045,0,1,3400,-52,52,480,18,18,0.84,1688256.000000,9,2.1,7.5,0.0,0.0,0.0,0.0,0.0,0.0,1.0
300294,0,1,3400,-52,52,480,20,18,0.82,2078016.000000,8,2.1,7.5,0.0,0.0,0.0,0.0,0.0,0.0,1.0
300543,0,1,3400,-52,52,480,17,18,0.84,1633632.000000,9,2.1,7.5,581,0.0,80,0.0,0.0,0.0,1.0
300792,0,1,3400,-52,52,479,18,18,0.82,1712064.000000,9,2.1,1.9,0.0,34144.000000,22,0.0,0.0,0.0,1.0
301041,0,1,3400,-52,52,478,17,18,0.83,1620384.000000,8,2.1,4.6,0.0,17056.000000,57,0.0,0.0,0.0,1.0
301290,0,1,3400,-52,52,481,16,19,0.66,1559872.000000,2,2.1,1.4,0.0,5536.000000,0,0.0,0.0,0.0,1.0
301539,0,1,3400,-52,52,480,17,18,0.84,1668352.000000,7,2.1,0.060,0.0,352,0,0.0,0.0,0.0,1.0
301788,0,1,3400,-53,53,480,17,18,0.75,1616800.000000,7,2.1,15,0.0,170976.000000,72,0.0,0.0,0.0,1.0
302037,0,1,3400,-52,52,483,18,18,0.80,1735200.000000,8,2.1,16,0.0,0.0,0.0,0.0,0.0,0.0,1.0
302286,0,1,3400,-52,52,479,18,19,0.65,1820032.000000,3,2.1,8.3,0.0,5536.000000,0,0.0,0.0,0.0,1.0
302535,0,1,3400,-52,52,481,18,18,0.67,1761504.000000,4,2.1,8.0,581,0.0,0.0,0.0,0.0,0.0,1.0
302784,0,1,3400,-52,52,480,18,18,0.80,1692960.000000,9,2.1,2.2,0.0,25376.000000,27,0.0,0.0,0.0,1.0
303033,0,1,3400,-52,52,483,18,19,0.62,1820032.000000,3,2.1,0.0,0.0,0.0,0.0,0.0,0.0,0.0,1.0
303282,0,1,3400,-53,53,484,15,19,0.77,1433472.000000,8,2.1,0.0,0.0,0.0,0.0,0.0,0.0,0.0,1.0
303531,0,1,3400,-52,52,483,17,18,0.78,1692512.000000,7,2.1,0.17,0.0,8864.000000,0,0.0,0.0,0.0,1.0
303780,0,1,3400,-52,52,479,19,19,0.70,2062752.000000,5,2.1,16,0.0,250272.000000,59,0.0,0.0,0.0,1.0
304029,0,1,3400,-52,52,481,17,18,0.88,1625152.000000,10,2.1,9.9,0.0,5536.000000,0,0.0,0.0,0.0,1.0
304278,0,1,3400,-52,52,483,17,18,0.83,1663744.000000,9,2.1,8.0,0.0,0.0,0.0,0.0,0.0,0.0,1.0
304527,0,1,3400,-52,52,486,17,18,0.66,1750848.000000,4,2.1,8.0,581,0.0,0.0,0.0,0.0,0.0,1.0
304776,0,1,3400,-52,52,484,17,19,0.71,1620000.000000,5,2.1,7.0,0.0,66176.000000,0,0.0,0.0,0.0,1.0
305025,0,1,3400,-53,53,480,15,18,0.78,1460128.000000,7,2.1,7.5,0.0,0.0,0.0,0.0,0.0,0.0,1.0
305274,0,1,3400,-52,52,482,17,19,0.61,1778016.000000,2,2.1,7.5,0.0,0.0,0.0,0.0,0.0,0.0,1.0
305523,0,1,3400,-52,52,480,18,18,0.75,1712064.000000,8,2.1,7.5,55,0.0,50,0.0,0.0,0.0,1.0
305772,0,1,3400,-52,52,481,17,17,0.89,1586592.000000,10,2.1,7.5,55,0.0,100.000000,0.0,0.0,0.0,1.0
306021,0,1,3400,-52,52,482,18,18,0.89,1681216.000000,11,2.1,5.8,0.0,10688.000000,33,0.0,0.0,0.0,1.0
306270,0,1,3400,-52,52,481,18,18,0.87,1688928.000000,10,2.1,5.5,0.0,0.0,0.0,0.0,0.0,0.0,1.0
306519,0,1,3400,-52,52,481,18,19,0.68,1773760.000000,4,2.1,5.4,0.0,12352.000000,0,0.0,0.0,0.0,1.0
306768,0,1,3400,-52,52,484,18,19,0.75,1758336.000000,7,2.1,1.4,0.0,88352.000000,14,0.0,0.0,0.0,1.0
307017,0,1,3400,-52,52,484,18,19,0.64,1796896.000000,4,2.1,1.0,0.0,0.0,0.0,0.0,0.0,0.0,1.0
307266,0,1,3400,-52,52,479,18,18,0.92,1642656.000000,12,2.1,1.0,0.0,0.0,0.0,0.0,0.0,0.0,1.0
307515,0,1,3400,-52,52,478,18,18,0.88,1676672.000000,10,2.1,1.1,0.0,9920.000000,0,0.0,0.0,0.0,1.0
307764,0,1,3400,-52,52,482,18,18,0.82,1779232.000000,9,2.1,2.4,0.0,81024.000000,12,0.0,0.0,0.0,1.0
308013,0,1,3400,-52,52,485,18,18,0.81,1704352.000000,9,2.1,2.0,0.0,0.0,0.0,0.0,0.0,0.0,1.0
308262,0,1,3400,-52,52,484,18,18,0.74,1732128.000000,7,2.1,2.0,0.0,0.0,0.0,0.0,0.0,0.0,1.0
308511,0,1,3400,-54,54,485,16,17,0.73,1509928.250000,5,2.1,1.9,55,5513.944336,25,0.0,0.0,0.0,1.0
308760,0,1,3400,-52,52,478,17,18,0.76,1721568.000000,6,2.1,7.5,55,0.0,100.000000,0.0,0.0,0.0,1.0
309009,0,1,3400,-53,53,485,18,18,0.82,1773760.000000,7,2.1,5.8,0.0,7360.000000,33,0.0,0.0,0.0,1.0
309258,0,1,3400,-52,52,486,17,17,0.96,1591232.000000,13,2.1,4.5,0.0,0.0,0.0,0.0,0.0,0.0,1.0
309507,0,1,3400,-52,52,483,18,19,0.61,1843168.000000,2,2.1,4.5,0.0,0.0,0.0,0.0,0.0,0.0,1.0
309756,0,1,3400,-52,52,484,18,18,0.80,1712064.000000,9,2.1,2.4,0.0,25376.000000,27,0.0,0.0,0.0,1.0
310005,0,1,3400,-52,52,482,18,18,0.72,1781472.000000,5,2.1,0.0,0.0,5536.000000,0,0.0,0.0,0.0,1.0
310254,0,1,3400,-52,52,483,18,19,0.72,1789184.000000,5,2.1,4.9,0.0,0.0,80,0.0,0.0,0.0,1.0
310503,0,1,3400,-52,52,481,17,18,0.84,1597248.000000,9,2.1,1.1,0.0,5536.000000,0,0.0,0.0,0.0,1.0
310752,0,1,3400,-52,52,479,18,18,0.65,1835456.000000,2,2.1,2.3,0.0,36896.000000,27,0.0,0.0,0.0,1.0
311001,0,1,3400,-52,52,480,17,18,0.73,1607232.000000,7,2.1,0.0,0.0,0.0,0.0,0.0,0.0,0.0,1.0
311250,0,1,3400,-52,52,484,18,18,0.80,1704352.000000,8,2.1,0.65,0.0,8864.000000,0,0.0,0.0,0.0,1.0
311499,0,1,3400,-52,52,482,18,18,0.76,1742912.000000,7,2.1,0.47,63,11072.000000,14,0.0,0.0,0.0,1.0
311748,0,1,3400,-52,52,482,18,17,0.91,1650368.000000,11,2.1,7.3,0.0,43104.000000,36,0.0,0.0,0.0,1.0
311997,0,1,3400,-52,52,485,18,18,0.73,1766048.000000,6,2.1,7.5,0.0,0.0,0.0,0.0,0.0,0.0,1.0
312246,0,1,3400,-52,52,482,18,19,0.79,1750624.000000,8,2.1,7.5,0.0,0.0,0.0,0.0,0.0,0.0,1.0
312495,0,1,3400,-52,52,480,18,19,0.72,1758336.000000,6,2.1,7.3,0.0,5536.000000,0,0.0,0.0,0.0,1.0
312744,0,1,3400,-52,52,481,17,18,0.87,1635968.000000,10,2.1,6.1,0.0,110720.000000,19,0.0,0.0,0.0,1.0
312993,0,1,3400,-52,52,484,18,18,0.71,1820032.000000,5,2.1,8.5,0.0,0.0,0.0,0.0,0.0,0.0,1.0
313242,0,1,3400,-52,52,485,16,18,0.78,1481024.000000,8,2.1,8.6,0.0,0.0,0.0,0.0,0.0,0.0,1.0
313491,0,1,3400,-52,52,485,18,19,0.75,1773312.000000,7,2.1,8.8,55,0.0,50,0.0,0.0,0.0,1.0
313740,0,1,3400,-52,52,477,18,18,0.88,1639808.000000,10,2.1,15,55,0.0,100.000000,0.0,0.0,0.0,1.0
313989,0,1,3400,-52,52,477,17,19,0.72,1658784.000000,5,2.1,9.3,0.0,10688.000000,33,0.0,0.0,0.0,1.0
314238,0,1,3400,-52,52,483,17,18,0.76,1607904.000000,7,2.1,5.5,0.0,8864.000000,0,0.0,0.0,0.0,1.0
314487,0,1,3400,-52,52,484,18,18,0.81,1758336.000000,7,2.1,4.9,0.0,21056.000000,0,0.0,0.0,0.0,1.0
314736,0,1,3400,-52,52,483,18,18,0.78,1781472.000000,7,2.1,8.7,0.0,12864.000000,57,0.0,1.0,13,1.0
314985,0,1,3400,-52,52,482,18,18,0.83,1719776.000000,8,2.1,7.1,0.0,0.0,0.0,0.0,0.0,0.0,1.0
315234,0,1,3400,-52,52,478,18,17,1.0,1560544.000000,15,2.1,7.0,0.0,0.0,0.0,0.0,0.0,0.0,1.0
315483,0,1,3400,-52,52,482,18,18,0.73,1773760.000000,5,2.1,7.0,0.0,0.0,0.0,0.0,0.0,0.0,1.0
315732,0,1,3400,-52,52,484,18,17,0.86,1681216.000000,10,2.1,4.4,0.0,36896.000000,27,0.0,0.0,0.0,1.0
315981,0,1,3400,-52,52,490,18,19,0.71,1804608.000000,4,2.1,0.0,0.0,0.0,0.0,0.0,0.0,0.0,1.0
316230,0,1,3400,-53,53,479,16,17,0.95,1469440.000000,13,2.1,0.17,0.0,8864.000000,50,0.0,0.0,0.0,1.0
316479,0,1,3400,-52,52,478,17,18,0.74,1713856.000000,7,2.1,0.63,581,5536.000000,0,0.0,0.0,0.0,1.0
316728,0,1,3400,-52,52,481,18,19,0.66,1788416.000000,4,2.1,2.6,0.0,88928.000000,9,0.0,0.0,0.0,1.0
316977,0,1,3400,-52,52,486,18,18,0.86,1735200.000000,9,2.1,1.0,0.0,0.0,0.0,0.0,0.0,0.0,1.0
317226,0,1,3400,-52,52,487,16,17,0.97,1450464.000000,12,2.1,3.3,0.0,1024.000000,0,0.0,0.0,0.0,1.0
317475,0,1,3400,-52,52,483,17,19,0.70,1740064.000000,5,2.1,0.060,0.0,9024.000000,0,0.0,0.0,0.0,1.0
317724,0,1,3400,-52,52,480,18,18,0.82,1712064.000000,9,2.1,2.3,0.0,19424.000000,40,0.0,0.0,0.0,1.0
317973,0,1,3400,-52,52,481,17,18,0.85,1571552.000000,9,2.1,1.5,0.0,0.0,0.0,0.0,0.0,0.0,1.0
318222,0,1,3400,-52,52,483,18,19,0.69,1796896.000000,5,2.1,0.69,0.0,11072.000000,0,0.0,0.0,0.0,1.0
318471,0,1,3400,-52,52,483,18,18,0.87,1665792.000000,11,2.1,0.50,581,0.0,0.0,0.0,0.0,0.0,1.0
318720,0,1,3400,-52,52,484,17,18,0.80,1615360.000000,8,2.1,0.072,0.0,41728.000000,0,0.0,0.0,0.0,1.0
318969,0,1,3400,-52,52,481,18,18,0.80,1735200.000000,8,2.1,0.0,0.0,0.0,0.0,0.0,0.0,0.0,1.0
319218,0,1,3400,-52,52,482,18,19,0.68,1804608.000000,4,2.1,0.0,0.0,0.0,0.0,0.0,0.0,0.0,1.0
319467,0,1,3400,-52,52,480,18,19,0.86,1673504.000000,9,2.1,0.0,413,5536.000000,50,0.0,0.0,0.0,1.0
319716,0,1,3400,-52,52,477,18,18,0.72,1719904.000000,6,2.1,0.0,0.0,46752.000000,0,0.0,0.0,0.0,1.0
319965,0,1,3400,-52,52,479,18,18,0.74,1743008.000000,7,2.1,0.0,0.0,0.0,0.0,0.0,0.0,0.0,1.0
320214,0,1,3400,-52,52,483,17,19,0.76,1662944.000000,7,2.1,0.0,0.0,5536.000000,0,0.0,0.0,0.0,1.0
320463,0,1,3400,-52,52,481,18,19,0.68,1796896.000000,5,2.1,0.0,581,0.0,0.0,0.0,0.0,0.0,1.0
320712,0,1,3400,-53,53,477,18,18,0.87,1681216.000000,9,2.1,1.2,0.0,42016.000000,9,0.0,0.0,0.0,1.0
320961,0,1,3400,-52,52,477,17,17,0.90,1558948.250000,11,2.1,0.50,0.0,0.0,0.0,0.0,0.0,0.0,1.0
321210,0,1,3400,-53,53,473,17,17,0.79,1553920.000000,8,2.1,0.50,0.0,0.0,0.0,0.0,0.0,0.0,1.0
321459,0,1,3400,-52,52,480,18,18,0.76,1744544.000000,7,2.1,0.50,581,0.0,0.0,0.0,0.0,0.0,1.0
321708,0,1,3400,-52,52,480,18,18,0.72,1727648.000000,5,2.1,1.5,0.0,42176.000000,24,0.0,0.0,0.0,1.0
321957,0,1,3400,-52,52,485,17,18,0.83,1650624.000000,9,2.1,0.0,0.0,0.0,0.0,0.0,0.0,0.0,1.0
322206,0,1,3400,-52,52,480,18,18,0.75,1766048.000000,5,2.1,0.0,0.0,0.0,0.0,0.0,0.0,0.0,1.0
322455,0,1,3400,-52,52,480,18,18,0.79,1742912.000000,8,2.1,0.0,581,0.0,0.0,0.0,0.0,0.0,1.0
322704,0,1,3400,-52,52,485,18,18,0.77,1758336.000000,6,2.1,3.7,0.0,45472.000000,27,0.0,0.0,0.0,1.0
322953,0,1,3400,-52,52,484,18,19,0.69,1789184.000000,5,2.1,2.0,0.0,0.0,0.0,0.0,0.0,0.0,1.0
323202,0,1,3400,-52,52,487,19,19,0.71,1975648.000000,5,2.1,2.0,0.0,0.0,0.0,0.0,0.0,0.0,1.0
323451,0,1,3400,-53,53,481,17,18,0.80,1690688.000000,8,2.1,5.3,111,5536.000000,40,0.0,0.0,0.0,1.0
323700,0,1,3400,-52,52,478,16,18,0.74,1519584.000000,7,2.1,4.5,0.0,98016.000000,33,0.0,0.0,0.0,1.0
323949,0,1,3400,-52,52,479,18,19,0.76,1852416.000000,6,2.1,0.064,0.0,0.0,0.0,0.0,0.0,0.0,1.0
324198,0,1,3400,-52,52,483,18,18,0.78,1758336.000000,7,2.1,0.0,0.0,0.0,0.0,0.0,0.0,0.0,1.0
324447,0,1,3400,-52,52,483,17,18,0.75,1635808.000000,7,2.1,0.12,0.0,2144.000000,0,0.0,0.0,0.0,1.0
324696,0,1,3400,-52,52,478,20,19,0.83,2182560.000000,9,2.1,14,0.0,298624.000000,64,0.0,0.0,0.0,1.0
324945,0,1,3400,-52,52,477,17,19,0.66,1733248.000000,4,2.1,12,0.0,5536.000000,0,0.0,0.0,0.0,1.0
325194,0,1,3400,-52,52,483,18,19,0.79,1727488.000000,7,2.1,8.0,0.0,5536.000000,0,0.0,0.0,0.0,1.0
325443,0,1,3400,-53,53,479,18,18,0.71,1750624.000000,5,2.1,8.0,0.0,5536.000000,0,0.0,0.0,0.0,1.0
325692,0,1,3400,-52,52,482,19,18,0.81,1905952.000000,9,2.1,16,0.0,292320.000000,53,0.0,0.0,0.0,1.0
325941,0,1,3400,-52,52,481,18,19,0.70,1796896.000000,5,2.1,15,0.0,5536.000000,0,0.0,0.0,0.0,1.0
326190,0,1,3400,-52,52,482,18,18,0.86,1719776.000000,9,2.1,8.0,0.0,0.0,0.0,0.0,0.0,0.0,1.0
326439,0,1,3400,-52,52,482,18,18,0.90,1688928.000000,11,2.1,8.0,327,8096.000000,0,0.0,0.0,0.0,1.0
326688,0,1,3400,-52,52,481,18,18,0.76,1785920.000000,6,2.1,6.7,0.0,64960.000000,22,0.0,0.0,0.0,1.0
326937,0,1,3400,-52,52,478,18,18,0.81,1719776.000000,9,2.1,1.6,0.0,5536.000000,0,0.0,0.0,0.0,1.0
327186,0,1,3400,-52,52,480,18,19,0.63,1835456.000000,2,2.1,0.0,0.0,5536.000000,0,0.0,0.0,0.0,1.0
327435,0,1,3400,-52,52,482,18,18,0.72,1773760.000000,5,2.1,0.36,55,5536.000000,25,0.0,0.0,0.0,1.0
327684,0,1,3400,-52,52,480,18,19,0.73,1812320.000000,5,2.1,7.5,55,0.0,100.000000,0.0,0.0,0.0,1.0
327933,0,1,3400,-52,52,478,18,19,0.71,1781472.000000,5,2.1,3.2,0.0,7680.000000,0,0.0,0.0,0.0,1.0
328182,0,1,3400,-53,53,478,17,18,0.87,1574496.000000,10,2.1,0.0,0.0,0.0,0.0,0.0,0.0,0.0,1.0
328431,0,1,3400,-52,52,480,17,18,0.82,1606624.000000,8,2.1,0.0,581,5536.000000,0,0.0,0.0,0.0,1.0
328680,0,1,3400,-52,52,480,17,18,0.96,1581184.000000,13,2.1,0.0,0.0,79328.000000,7,0.0,0.0,0.0,1.0
328929,0,1,3400,-52,52,480,17,19,0.72,1737280.000000,5,2.1,0.0,0.0,0.0,0.0,0.0,0.0,0.0,1.0
329178,0,1,3400,-52,52,482,18,19,0.64,1812320.000000,3,2.1,0.064,0.0,5536.000000,33,0.0,0.0,0.0,1.0
329427,0,1,3400,-53,53,478,18,19,0.68,1758336.000000,5,2.1,0.0,0.0,5536.000000,0,0.0,0.0,0.0,1.0
329676,0,1,3400,-52,52,482,18,19,0.60,1835456.000000,3,2.1,0.0,0.0,41728.000000,0,0.0,0.0,0.0,1.0
329925,0,1,3400,-52,52,484,18,20,0.63,1812320.000000,3,2.1,0.0,0.0,0.0,0.0,0.0,0.0,0.0,1.0
330174,0,1,3400,-53,53,480,17,18,0.75,1693792.000000,5,2.1,1.3,0.0,17056.000000,0,0.0,0.0,0.0,1.0
330423,0,1,3400,-52,52,481,16,18,0.78,1548736.000000,7,2.1,7.5,0.0,0.0,100.000000,0.0,0.0,0.0,1.0
330672,0,1,3400,-54,54,485,18,17,0.82,1658080.000000,6,2.1,2.0,0.0,52800.000000,0,0.0,0.0,0.0,1.0
330921,0,1,3400,-52,52,479,18,18,0.89,1665792.000000,11,2.1,0.0,0.0,0.0,75,0.0,0.0,0.0,1.0
331170,0,1,3400,-52,52,478,18,18,0.74,1812320.000000,6,2.1,0.0,0.0,0.0,0.0,0.0,0.0,0.0,1.0
331419,0,1,3400,-52,52,483,18,18,0.78,1742912.000000,7,2.1,0.0,75,5536.000000,0,0.0,0.0,0.0,1.0
331668,0,1,3400,-52,52,483,18,19,0.77,1742912.000000,8,2.1,7.6,0.0,165344.000000,0,0.0,0.0,0.0,1.0
331917,0,1,3400,-53,53,481,18,17,0.79,1658080.000000,8,2.1,7.5,0.0,0.0,0.0,0.0,0.0,0.0,1.0
332166,0,1,3400,-53,53,475,17,18,0.72,1648160.000000,3,2.1,7.5,0.0,0.0,0.0,0.0,0.0,0.0,1.0
332415,0,1,3400,-52,52,475,18,18,0.69,1804608.000000,5,2.1,7.9,55,0.0,50,0.0,0.0,0.0,1.0
332664,0,1,3400,-52,52,480,18,18,0.71,1781472.000000,4,2.1,4.6,0.0,7680.000000,50,0.0,0.0,0.0,1.0
332913,0,1,3400,-52,52,484,18,18,0.80,1742912.000000,7,2.1,0.0,0.0,5536.000000,0,0.0,0.0,0.0,1.0
333162,0,1,3400,-52,52,485,17,18,0.85,1609088.000000,9,2.1,0.0,0.0,0.0,0.0,0.0,0.0,0.0,1.0
333411,0,1,3400,-52,52,481,17,18,0.89,1544320.000000,9,2.1,0.12,0.0,20640.000000,0,0.0,0.0,0.0,1.0
333660,0,1,3400,-52,52,479,14,18,0.58,1418816.000000,2,2.1,3.8,0.0,45600.000000,38,0.0,0.0,0.0,1.0
333909,0,1,3400,-52,52,478,18,19,0.72,1773760.000000,6,2.1,1.0,0.0,0.0,0.0,0.0,0.0,0.0,1.0
334158,0,1,3400,-52,52,481,18,19,0.76,1750624.000000,7,2.1,1.0,0.0,0.0,0.0,0.0,0.0,0.0,1.0
334407,0,1,3400,-54,54,467,15,17,0.56,1404960.000000,2,2.1,1.1,0.0,15520.000000,0,0.0,0.0,0.0,1.0
334656,0,1,3400,-53,53,476,17,19,0.58,1701184.000000,1,2.1,1.7,0.0,28832.000000,47,0.0,0.0,0.0,1.0
334905,0,1,3400,-52,52,483,18,19,0.67,1796896.000000,5,2.1,0.77,0.0,8864.000000,0,0.0,0.0,0.0,1.0
335154,0,1,3400,-53,53,488,18,18,0.77,1740480.000000,8,2.1,1.0,0.0,0.0,0.0,0.0,0.0,0.0,1.0
335403,0,1,3400,-52,52,486,17,19,0.74,1668448.000000,6,2.1,4.6,0.0,34112.000000,0,0.0,0.0,0.0,1.0
335652,0,1,3400,-52,52,485,18,18,0.83,1649760.000000,9,2.1,1.8,0.0,19840.000000,33,0.0,0.0,0.0,1.0
335901,0,1,3400,-52,52,483,17,17,0.91,1618208.000000,11,2.1,0.0,0.0,0.0,0.0,0.0,0.0,0.0,1.0
336150,0,1,3400,-52,52,483,17,19,0.72,1658688.000000,6,2.1,0.0,0.0,0.0,0.0,0.0,0.0,0.0,1.0
336399,0,1,3400,-52,52,485,16,17,0.83,1480128.000000,7,2.1,0.0,581,0.0,0.0,0.0,0.0,0.0,1.0
336648,0,1,3400,-52,52,481,18,19,0.71,1766048.000000,5,2.1,2.3,0.0,36896.000000,27,0.0,0.0,0.0,1.0
336897,0,1,3400,-52,52,483,18,18,0.75,1780704.000000,6,2.1,0.0,0.0,0.0,0.0,0.0,0.0,0.0,1.0
337146,0,1,3400,-53,53,478,18,19,0.78,1726720.000000,8,2.1,0.0,0.0,0.0,0.0,0.0,0.0,0.0,1.0
337395,0,1,3400,-52,52,478,18,18,0.76,1758336.000000,7,2.1,0.0,581,0.0,0.0,0.0,0.0,0.0,1.0
337644,0,1,3400,-52,52,484,18,18,0.72,1795360.000000,6,2.1,0.0,0.0,47264.000000,0,0.0,0.0,0.0,1.0
337893,0,1,3400,-52,52,482,18,19,0.66,1820032.000000,4,2.1,0.0,0.0,0.0,0.0,0.0,0.0,0.0,1.0
338142,0,1,3400,-52,52,479,18,18,0.69,1772640.000000,5,2.1,0.0,0.0,0.0,0.0,0.0,0.0,0.0,1.0
338391,0,1,3400,-52,52,478,17,19,0.64,1709376.000000,4,2.1,0.0,581,0.0,0.0,0.0,0.0,0.0,1.0
338640,0,1,3400,-53,53,477,18,18,0.79,1766048.000000,8,2.1,1.1,0.0,23072.000000,45,0.0,0.0,0.0,1.0
338889,0,1,3400,-52,52,485,18,18,0.75,1773760.000000,6,2.1,0.0,0.0,0.0,0.0,0.0,0.0,0.0,1.0
339138,0,1,3400,-52,52,482,17,19,0.71,1740064.000000,5,2.1,4.9,0.0,0.0,80,0.0,0.0,0.0,1.0
339387,0,1,3400,-52,52,480,18,19,0.76,1742912.000000,7,2.1,7.5,581,0.0,0.0,0.0,0.0,0.0,1.0
339636,0,1,3400,-52,52,481,17,18,0.84,1629792.000000,9,2.1,0.84,0.0,47264.000000,0,0.0,0.0,0.0,1.0
339885,0,1,3400,-52,52,487,18,20,0.65,1850880.000000,3,2.1,0.0,0.0,0.0,0.0,0.0,0.0,0.0,1.0
340134,0,1,3400,-53,53,484,18,19,0.77,1727488.000000,8,2.1,1.3,0.0,11072.000000,40,0.0,0.0,0.0,1.0
340383,0,1,3400,-53,53,481,18,19,0.63,1796896.000000,3,2.1,0.0,0.0,5536.000000,0,0.0,0.0,0.0,1.0
340632,0,1,3400,-52,52,479,18,18,0.74,1781472.000000,6,2.1,1.5,0.0,23968.000000,27,0.0,0.0,0.0,1.0
340881,0,1,3400,-52,52,482,18,18,0.79,1750624.000000,8,2.1,0.0,0.0,0.0,0.0,0.0,0.0,0.0,1.0
341130,0,1,3400,-53,53,480,18,19,0.66,1758336.000000,5,2.1,2.5,0.0,5536.000000,57,0.0,0.0,0.0,1.0
341379,0,1,3400,-52,52,479,18,19,0.74,1742912.000000,7,2.1,7.5,581,0.0,0.0,0.0,0.0,0.0,1.0
341628,0,1,3400,-52,52,479,18,19,0.71,1779936.000000,6,2.1,1.9,0.0,25376.000000,27,0.0,0.0,0.0,1.0
341877,0,1,3400,-52,52,480,16,18,0.60,1583392.000000,3,2.1,0.0,0.0,0.0,0.0,0.0,0.0,0.0,1.0
342126,0,1,3400,-52,52,480,18,19,0.69,1796896.000000,4,2.1,0.0,0.0,0.0,0,0.0,0.0,0.0,1.0
342375,0,1,3400,-52,52,481,18,18,0.79,1773760.000000,8,2.1,0.12,0.0,11072.000000,0,0.0,0.0,0.0,1.0
342624,0,1,3400,-52,52,478,17,18,0.74,1713760.000000,6,2.1,0.90,0.0,19840.000000,33,0.0,0.0,0.0,1.0
342873,0,1,3400,-52,52,481,18,18,0.80,1701472.000000,8,2.1,0.0,0.0,0.0,0.0,0.0,0.0,0.0,1.0
343122,0,1,3400,-52,52,485,15,18,0.77,1465856.000000,8,2.1,0.0,0.0,0.0,0,0.0,0.0,0.0,1.0
343371,0,1,3400,-52,52,483,17,18,0.70,1666048.000000,5,2.1,0.0,581,5536.000000,0,0.0,0.0,0.0,1.0
343620,0,1,3400,-52,52,488,17,18,0.74,1577088.000000,7,2.1,2.6,0.0,108512.000000,9,0.0,0.0,0.0,1.0
343869,0,1,3400,-52,52,480,18,19,0.63,1812320.000000,4,2.1,1.0,0.0,0.0,0.0,0.0,0.0,0.0,1.0
344118,0,1,3400,-52,52,484,18,19,0.72,1701280.000000,6,2.1,1.0,0.0,0.0,0.0,0.0,0.0,0.0,1.0
344367,0,1,3400,-52,52,484,18,18,0.83,1727488.000000,9,2.1,7.5,0.0,51168.000000,0,0.0,0.0,0.0,1.0
344616,0,1,3400,-52,52,480,18,19,0.72,1789184.000000,5,2.1,1.8,0.0,19840.000000,33,0.0,0.0,0.0,1.0
344865,0,1,3400,-52,52,484,17,18,0.83,1689184.000000,7,2.1,0.0,0.0,0.0,0.0,0.0,0.0,0.0,1.0
345114,0,1,3400,-52,52,483,18,18,0.77,1773760.000000,6,2.1,0.0,0.0,0.0,0.0,0.0,0.0,0.0,1.0
345363,0,1,3400,-52,52,479,18,19,0.66,1796896.000000,4,2.1,0.0,0.0,0.0,0.0,0.0,0.0,0.0,1.0
345612,0,1,3400,-52,52,477,18,19,0.71,1789184.000000,5,2.1,1.0,0.0,25376.000000,27,0.0,0.0,0.0,1.0
345861,0,1,3400,-52,52,476,18,18,0.87,1704352.000000,10,2.1,0.0,0.0,5536.000000,0,0.0,0.0,0.0,1.0
346110,0,1,3400,-53,53,474,18,18,0.71,1796896.000000,5,2.1,0.0,0.0,0.0,0.0,0.0,0.0,0.0,1.0
346359,0,1,3400,-52,52,481,18,18,0.81,1750624.000000,7,2.1,0.13,307,2400.000000,0,0.0,0.0,0.0,1.0
346608,0,1,3400,-52,52,482,15,18,0.75,1465856.000000,7,2.1,11,0.0,254560.000000,57,0.0,0.0,0.0,1.0
346857,0,1,3400,-52,52,481,18,18,0.80,1742912.000000,8,2.1,8.0,0.0,5536.000000,0,0.0,0.0,0.0,1.0
347106,0,1,3400,-52,52,484,18,19,0.72,1766048.000000,6,2.1,8.0,0.0,0.0,0.0,0.0,0.0,0.0,1.0
347355,0,1,3400,-52,52,480,18,18,0.80,1757568.000000,7,2.1,8.0,0.0,0.0,0.0,0.0,0.0,0.0,1.0
347604,0,1,3400,-52,52,481,17,18,0.74,1662176.000000,5,2.1,4.4,0.0,88128.000000,23,0.0,0.0,0.0,1.0
347853,0,1,3400,-52,52,481,18,18,0.82,1695104.000000,8,2.1,2.0,0.0,0.0,0.0,0.0,0.0,0.0,1.0
348102,0,1,3400,-52,52,478,19,18,0.94,1765472.000000,12,2.1,2.0,0.0,0.0,0.0,0.0,0.0,0.0,1.0
348351,0,1,3400,-53,53,481,14,17,0.80,1333056.000000,7,2.1,2.0,0.0,0.0,0.0,0.0,0.0,0.0,1.0
348600,0,1,3400,-52,52,479,16,19,0.68,1550464.000000,5,2.1,1.6,0.0,28608.000000,25,0.0,0.0,0.0,1.0
348849,0,1,3400,-52,52,482,18,19,0.75,1839712.000000,6,2.1,0.77,0.0,8864.000000,33,0.0,0.0,0.0,1.0
349098,0,1,3400,-52,52,481,18,19,0.79,1719776.000000,8,2.1,0.19,0.0,5536.000000,0,0.0,0.0,0.0,1.0
349347,0,1,3400,-53,53,478,18,18,0.74,1758336.000000,7,2.1,0.0,581,5536.000000,0,0.0,0.0,0.0,1.0
349596,0,1,3400,-52,52,482,18,18,0.77,1726720.000000,7,2.1,0.13,0.0,41728.000000,0,0.0,0.0,0.0,1.0
349845,0,1,3400,-53,53,484,18,19,0.59,1827744.000000,2,2.1,0.0,0.0,5536.000000,0,0.0,0.0,0.0,1.0
350094,0,1,3400,-52,52,481,17,18,0.94,1534016.000000,10,2.1,0.0,0.0,0.0,0.0,0.0,0.0,0.0,1.0
350343,0,1,3400,-53,53,480,17,18,0.71,1727712.000000,5,2.1,0.0,581,0.0,0.0,0.0,0.0,0.0,1.0
350592,0,1,3400,-52,52,478,18,20,0.60,1850880.000000,2,2.1,6.1,0.0,148640.000000,28,0.0,0.0,0.0,1.0
350841,0,1,3400,-53,53,485,17,17,0.83,1662176.000000,8,2.1,7.5,0.0,0.0,0.0,0.0,0.0,0.0,1.0
351090,0,1,3400,-52,52,484,18,19,0.67,1789184.000000,4,2.1,7.5,0.0,0.0,0.0,0.0,0.0,0.0,1.0
351339,0,1,3400,-52,52,483,17,19,0.76,1687616.000000,7,2.1,7.4,75,5536.000000,0,0.0,0.0,0.0,1.0
351588,0,1,3400,-52,52,487,18,19,0.72,1734432.000000,6,2.1,5.2,0.0,62464.000000,29,0.0,0.0,0.0,1.0
351837,0,1,3400,-52,52,483,18,19,0.72,1773760.000000,5,2.1,1.0,0.0,0.0,0.0,0.0,0.0,0.0,1.0
352086,0,1,3400,-52,52,485,18,18,0.76,1733952.000000,7,2.1,1.0,0.0,5536.000000,0,0.0,0.0,0.0,1.0
352335,0,1,3400,-52,52,481,18,18,0.73,1781472.000000,5,2.1,0.95,91,5536.000000,0,0.0,0.0,0.0,1.0
352584,0,1,3400,-53,53,481,18,18,0.75,1758336.000000,6,2.1,7.5,0.0,157632.000000,0,0.0,0.0,0.0,1.0
352833,0,1,3400,-52,52,477,18,18,0.70,1812320.000000,5,2.1,7.5,0.0,0.0,0.0,0.0,0.0,0.0,1.0
353082,0,1,3400,-52,52,478,18,18,0.85,1681216.000000,10,2.1,7.5,0.0,0.0,80,0.0,0.0,0.0,1.0
353331,0,1,3400,-52,52,478,17,18,0.93,1615136.000000,11,2.1,7.1,0.0,5536.000000,0,0.0,0.0,0.0,1.0
353580,0,1,3400,-53,53,478,18,18,0.78,1735200.000000,7,2.1,0.0,0.0,41728.000000,10,0.0,0.0,0.0,1.0
353829,0,1,3400,-52,52,482,18,19,0.68,1781472.000000,5,2.1,0.0,0.0,0.0,0.0,0.0,0.0,0.0,1.0
354078,0,1,3400,-52,52,484,18,18,0.81,1712064.000000,9,2.1,6.1,0.0,0.0,80,0.0,0.0,0.0,1.0
354327,0,1,3400,-52,52,481,18,18,0.76,1773760.000000,7,2.1,7.5,581,0.0,0.0,0.0,0.0,0.0,1.0
354576,0,1,3400,-53,53,481,18,19,0.67,1781472.000000,5,2.1,0.84,0.0,41728.000000,13,0.0,0.0,0.0,1.0
354825,0,1,3400,-52,52,481,18,19,0.61,1804608.000000,3,2.1,0.0,0.0,0.0,0.0,0.0,0.0,0.0,1.0
355074,0,1,3400,-52,52,481,18,19,0.66,1835456.000000,3,2.1,0.0,0.0,0.0,0.0,0.0,0.0,0.0,1.0
355323,0,1,3400,-52,52,480,18,18,0.78,1735200.000000,7,2.1,0.0,0.0,5536.000000,0,0.0,0.0,0.0,1.0
355572,0,1,3400,-52,52,480,17,18,0.80,1653696.000000,8,2.1,0.056,0.0,43328.000000,0,0.0,0.0,0.0,1.0
355821,0,1,3400,-52,52,477,17,18,0.73,1684800.000000,5,2.1,0.0,0.0,0.0,0.0,0.0,0.0,0.0,1.0
356070,0,1,3400,-52,52,478,18,18,0.83,1758336.000000,8,2.1,0.064,0.0,5536.000000,0,0.0,0.0,0.0,1.0
356319,0,1,3400,-52,52,477,19,19,0.65,2128128.000000,2,2.1,0.064,0.0,0.0,0.0,0.0,0.0,0.0,1.0
356568,0,1,3400,-52,52,473,14,18,0.76,1300448.000000,7,2.1,0.78,0.0,73696.000000,9,0.0,0.0,0.0,1.0
356817,0,1,3400,-52,52,478,18,19,0.70,1804608.000000,5,2.1,0.0,0.0,0.0,0.0,0.0,0.0,0.0,1.0
357066,0,1,3400,-52,52,481,17,18,0.87,1642144.000000,10,2.1,0.0,0.0,0.0,0.0,0.0,0.0,0.0,1.0
357315,0,1,3400,-52,52,486,18,18,0.73,1766048.000000,5,2.1,2.8,0.0,0.0,80,0.0,0.0,0.0,1.0
357564,0,1,3400,-52,52,484,18,18,0.71,1758336.000000,6,2.1,3.1,0.0,25376.000000,31,0.0,0.0,0.0,1.0
357813,0,1,3400,-52,52,483,18,18,0.78,1742912.000000,7,2.1,0.0,0.0,5536.000000,0,0.0,0.0,0.0,1.0
358062,0,1,3400,-53,53,483,18,18,0.81,1719776.000000,8,2.1,1.2,0.0,5536.000000,57,0.0,1.0,2.0,1.0
358311,0,1,3400,-53,53,481,18,18,0.71,1670880.000000,6,2.1,5.2,581,22592.000000,44,0.0,0.0,0.0,1.0
358560,0,1,3400,-52,52,483,17,19,0.58,1757984.000000,1,2.1,8.4,0.0,41344.000000,33,0.0,0.0,0.0,1.0
358809,0,1,3400,-52,52,478,18,18,0.91,1679872.000000,11,2.1,5.3,0.0,8864.000000,0,0.0,0.0,0.0,1.0
359058,0,1,3400,-52,52,479,18,18,0.79,1680448.000000,8,2.1,0.032,0.0,5536.000000,0,0.0,0.0,0.0,1.0
359307,0,1,3400,-52,52,477,17,18,0.78,1687616.000000,8,2.1,0.0,581,0.0,0.0,0.0,0.0,0.0,1.0
359556,0,1,3400,-53,53,482,18,19,0.73,1754560.000000,6,2.1,0.0,0.0,52800.000000,0,0.0,0.0,0.0,1.0
359805,0,1,3400,-52,52,480,18,18,0.75,1727488.000000,6,2.1,0.0,0.0,0.0,0.0,0.0,0.0,0.0,1.0
360054,0,1,3400,-54,54,479,18,18,0.74,1647456.000000,7,2.1,0.0,0.0,0.0,0.0,0.0,0.0,0.0,1.0
360303,0,1,3400,-52,52,478,16,17,0.85,1458358.625000,9,2.1,0.0,581,0.0,0.0,0.0,0.0,0.0,1.0
360552,0,1,3400,-52,52,481,18,19,0.70,1781472.000000,6,2.1,1.1,0.0,25376.000000,27,0.0,0.0,0.0,1.0
360801,0,1,3400,-53,53,476,18,18,0.73,1758336.000000,6,2.1,0.0,0.0,0.0,0.0,0.0,0.0,0.0,1.0
361050,0,1,3400,-52,52,479,17,18,0.84,1590656.000000,9,2.1,0.32,0.0,14400.000000,0,0.0,0.0,0.0,1.0
361299,0,1,3400,-52,52,485,18,18,0.88,1672736.000000,11,2.1,0.060,0.0,3488.000000,0,0.0,0.0,0.0,1.0
361548,0,1,3400,-52,52,483,18,18,0.78,1761696.000000,7,2.1,1.5,0.0,28448.000000,29,0.0,0.0,0.0,1.0
361797,0,1,3400,-52,52,481,18,19,0.68,1796896.000000,5,2.1,2.9,0.0,17056.000000,0,0.0,0.0,0.0,1.0
362046,0,1,3400,-52,52,482,18,19,0.68,1835456.000000,4,2.1,7.5,0.0,17056.000000,0,0.0,0.0,0.0,1.0
362295,0,1,3400,-52,52,481,18,18,0.78,1742912.000000,7,2.1,7.6,0.0,2336.000000,0,0.0,0.0,0.0,1.0
362544,0,1,3400,-52,52,485,18,19,0.74,1749216.000000,5,2.1,21,0.0,18336.000000,80,0.0,0.0,0.0,1.0
362793,0,1,3400,-52,52,482,17,19,0.57,1727040.000000,2,2.1,22,0.0,0.0,0.0,0.0,0.0,0.0,1.0
363042,0,1,3400,-53,53,482,17,18,0.78,1605536.000000,8,2.1,22,0.0,0.0,0.0,0.0,0.0,0.0,1.0
363291,0,1,3400,-53,53,479,17,18,0.87,1568256.000000,8,2.1,19,0.0,20640.000000,57,0.0,0.0,0.0,1.0
363540,0,1,3400,-52,52,480,18,18,0.80,1734432.000000,8,2.1,2.6,0.0,28704.000000,29,0.0,0.0,0.0,1.0
363789,0,1,3400,-53,53,483,18,18,0.75,1727488.000000,7,2.1,5.0,0.0,17056.000000,50,0.0,0.0,0.0,1.0
364038,0,1,3400,-52,52,483,18,18,0.79,1724416.000000,8,2.1,5.0,0.0,5536.000000,33,0.0,0.0,0.0,1.0
364287,0,1,3400,-52,52,480,17,18,0.85,1578880.000000,10,2.1,0.0,0.0,0.0,0.0,0.0,0.0,0.0,1.0
364536,0,1,3400,-52,52,482,18,19,0.67,1821728.000000,4,2.1,4.8,0.0,7360.000000,58,0.0,0.0,0.0,1.0
364785,0,1,3400,-52,52,482,18,18,0.75,1749376.000000,6,2.1,4.5,0.0,0.0,0.0,0.0,0.0,0.0,1.0
365034,0,1,3400,-52,52,480,18,18,0.83,1696640.000000,9,2.1,4.5,0.0,0.0,0.0,0.0,0.0,0.0,1.0
365283,0,1,3400,-52,52,482,18,18,0.88,1688928.000000,11,2.1,4.5,0.0,0.0,0.0,0.0,0.0,0.0,1.0
365532,0,1,3400,-53,53,481,18,18,0.81,1688928.000000,8,2.1,3.7,0.0,28416.000000,36,0.0,0.0,0.0,1.0
365781,0,1,3400,-52,52,483,17,18,0.80,1666016.000000,7,2.1,1.1,0.0,5536.000000,0,0.0,0.0,0.0,1.0
366030,0,1,3400,-52,52,479,18,18,0.89,1677728.000000,11,2.1,7.1,0.0,22592.000000,0,0.0,0.0,0.0,1.0
366279,0,1,3400,-52,52,479,17,18,0.84,1637728.000000,9,2.1,8.5,0.0,17056.000000,0,0.0,0.0,0.0,1.0
366528,0,1,3400,-52,52,477,18,18,0.71,1781472.000000,5,2.1,3.1,0.0,40160.000000,22,0.0,0.0,0.0,1.0
366777,0,1,3400,-52,52,480,18,18,0.76,1750624.000000,7,2.1,0.0,0.0,0.0,0.0,0.0,0.0,0.0,1.0
367026,0,1,3400,-52,52,481,15,18,0.76,1457312.000000,7,2.1,0.0,0.0,0.0,0.0,0.0,0.0,0.0,1.0
367275,0,1,3400,-52,52,476,17,18,0.83,1653664.000000,9,2.1,0.10,0.0,15520.000000,0,0.0,0.0,0.0,1.0
367524,0,1,3400,-52,52,478,18,18,0.84,1735200.000000,7,2.1,1.6,0.0,19584.000000,53,0.0,0.0,0.0,1.0
367773,0,1,3400,-52,52,479,15,18,0.74,1488832.000000,7,2.1,0.0,0.0,0.0,0.0,0.0,0.0,0.0,1.0
368022,0,1,3400,-53,53,480,18,19,0.68,1789737.000000,4,2.1,0.0,0.0,0.0,0.0,0.0,0.0,0.0,1.0
368271,0,1,3400,-52,52,480,18,20,0.60,1835456.000000,2,2.1,0.17,0.0,8864.000000,0,0.0,0.0,0.0,1.0
368520,0,1,3400,-52,52,484,18,18,0.75,1742912.000000,7,2.1,0.69,0.0,55360.000000,11,0.0,0.0,0.0,1.0
368769,0,1,3400,-52,52,482,18,19,0.73,1735200.000000,7,2.1,0.0,0.0,0.0,0.0,0.0,0.0,0.0,1.0
369018,0,1,3400,-52,52,482,18,19,0.66,1803840.000000,3,2.1,0.0,0.0,0.0,0.0,0.0,0.0,0.0,1.0
369267,0,1,3400,-52,52,482,18,18,0.77,1710528.000000,7,2.1,0.0,0.0,0.0,0.0,0.0,0.0,0.0,1.0
369516,0,1,3400,-52,52,483,18,18,0.85,1704352.000000,9,2.1,2.5,0.0,25088.000000,31,0.0,0.0,0.0,1.0
369765,0,1,3400,-52,52,481,18,19,0.71,1804608.000000,6,2.1,2.0,0.0,0.0,0.0,0.0,0.0,0.0,1.0
370014,0,1,3400,-52,52,478,17,17,0.93,1534912.000000,12,2.1,2.0,0.0,0.0,0.0,0.0,0.0,0.0,1.0
370263,0,1,3400,-52,52,479,18,18,0.75,1765280.000000,7,2.1,2.0,581,8864.000000,0,0.0,0.0,0.0,1.0
370512,0,1,3400,-52,52,483,18,19,0.72,1758336.000000,5,2.1,2.1,0.0,79328.000000,17,0.0,0.0,0.0,1.0
370761,0,1,3400,-52,52,479,18,18,0.87,1727488.000000,9,2.1,7.5,0.0,0.0,0.0,0.0,0.0,0.0,1.0
371010,0,1,3400,-52,52,475,18,18,0.80,1750624.000000,8,2.1,3.8,0.0,5536.000000,0,0.0,0.0,0.0,1.0
371259,0,1,3400,-53,53,477,18,18,0.78,1716768.000000,8,2.1,0.0,415,0.0,50,0.0,0.0,0.0,1.0
371508,0,1,3400,-52,52,480,18,19,0.56,1810944.000000,0.8,2.1,0.0,0.0,41728.000000,0,0.0,0.0,0.0,1.0
371757,0,1,3400,-52,52,480,17,19,0.68,1770144.000000,4,2.1,0.0,0.0,5536.000000,0,0.0,0.0,0.0,1.0
372006,0,1,3400,-52,52,487,18,18,0.79,1713888.000000,8,2.1,0.13,0.0,0.0,0,0.0,0.0,0.0,1.0
372255,0,1,3400,-54,54,486,17,18,0.71,1586176.000000,6,2.1,0.0,581,5536.000000,0,0.0,0.0,0.0,1.0
372504,0,1,3400,-52,52,485,17,20,0.54,1769472.000000,1,2.1,0.0,0.0,47264.000000,0,0.0,0.0,0.0,1.0
372753,0,1,3400,-52,52,486,18,18,0.76,1763744.000000,7,2.1,0.0,0.0,0.0,0.0,0.0,0.0,0.0,1.0
373002,0,1,3400,-52,52,483,18,19,0.63,1872608.000000,2,2.1,0.0,0.0,0.0,0.0,0.0,0.0,0.0,1.0
373251,0,1,3400,-53,53,483,18,18,0.75,1755328.000000,6,2.1,0.0,451,9920.000000,0,0.0,0.0,0.0,1.0
373500,0,1,3400,-53,53,481,18,19,0.72,1851456.000000,5,2.1,0.62,0.0,27296.000000,0,0.0,0.0,0.0,1.0
373749,0,1,3400,-52,52,481,18,19,0.77,1712064.000000,8,2.1,0.0,0.0,0.0,0.0,0.0,0.0,0.0,1.0
373998,0,1,3400,-52,52,472,18,19,0.68,1827744.000000,4,2.1,3.7,0.0,0.0,80,0.0,0.0,0.0,1.0
374247,0,1,3400,-52,52,475,15,18,0.76,1434848.000000,7,2.1,7.5,415,0.0,50,0.0,0.0,0.0,1.0
374496,0,1,3400,-53,53,477,18,20,0.57,1858592.000000,2,2.1,7.7,0.0,99808.000000,31,0.0,0.0,0.0,1.0
374745,0,1,3400,-53,53,479,17,18,0.81,1659040.000000,9,2.1,5.7,0.0,5536.000000,0,0.0,0.0,0.0,1.0
374994,0,1,3400,-52,52,478,19,19,0.69,2026368.000000,5,2.1,1.3,0.0,22592.000000,0,0.0,0.0,0.0,1.0
375243,0,1,3400,-53,53,480,18,18,0.70,1742912.000000,5,2.1,6.3,581,5536.000000,67,0.0,0.0,0.0,1.0
375492,0,1,3400,-53,53,479,18,18,0.73,1750624.000000,6,2.1,14,0.0,88896.000000,36,0.0,0.0,0.0,1.0
375741,0,1,3400,-52,52,477,18,19,0.64,1959968.000000,4,2.1,16,0.0,0.0,0.0,0.0,0.0,0.0,1.0
375990,0,1,3400,-52,52,478,18,19,0.78,1758336.000000,7,2.1,16,0.0,0.0,0.0,0.0,0.0,0.0,1.0
376239,0,1,3400,-53,53,478,18,18,0.68,1766048.000000,5,2.1,12,0.0,16608.000000,10,0.0,0.0,0.0,1.0
376488,0,1,3400,-53,53,480,18,18,0.70,1799488.000000,4,2.1,0.064,0.0,41728.000000,9,0.0,0.0,0.0,1.0
376737,0,1,3400,-52,52,485,17,18,0.81,1642176.000000,7,2.1,0.0,0.0,0.0,0.0,0.0,0.0,0.0,1.0
376986,0,1,3400,-53,53,485,18,18,0.77,1754560.000000,7,2.1,0.0,0.0,0.0,0.0,0.0,0.0,0.0,1.0
377235,0,1,3400,-52,52,483,18,18,0.83,1688928.000000,10,2.1,0.0,581,5536.000000,0,0.0,0.0,0.0,1.0
377484,0,1,3400,-52,52,482,15,18,0.69,1512128.000000,5,2.1,0.096,0.0,96128.000000,6,0.0,0.0,0.0,1.0
377733,0,1,3400,-52,52,482,18,18,0.75,1727488.000000,7,2.1,0.0,0.0,0.0,0.0,0.0,0.0,0.0,1.0
377982,0,1,3400,-52,52,481,18,19,0.72,1804608.000000,4,2.1,2.5,0.0,0.0,80,0.0,0.0,0.0,1.0
378231,0,1,3400,-52,52,481,18,19,0.70,1742912.000000,5,2.1,7.5,581,0.0,0.0,0.0,0.0,0.0,1.0
378480,0,1,3400,-52,52,483,18,19,0.56,1812320.000000,2,2.1,0.84,0.0,47264.000000,0,0.0,0.0,0.0,1.0
378729,0,1,3400,-52,52,481,17,19,0.77,1698432.000000,7,2.1,0.0,0.0,0.0,0.0,0.0,0.0,0.0,1.0
378978,0,1,3400,-52,52,481,18,19,0.65,1781472.000000,4,2.1,0.0,0.0,0.0,0.0,0.0,0.0,0.0,1.0
379227,0,1,3400,-52,52,478,17,18,0.82,1590304.000000,8,2.1,0.36,55,0.0,50,0.0,0.0,0.0,1.0
379476,0,1,3400,-52,52,478,18,18,0.77,1712192.000000,7,2.1,0.84,0.0,13216.000000,33,0.0,0.0,0.0,1.0
379725,0,1,3400,-52,52,481,17,18,0.72,1624704.000000,5,2.1,4.6,0.0,0.0,80,0.0,0.0,0.0,1.0
379974,0,1,3400,-52,52,480,18,19,0.79,1725984.000000,8,2.1,7.5,0.0,0.0,0.0,0.0,0.0,0.0,1.0
380223,0,1,3400,-52,52,479,18,19,0.64,1796896.000000,3,2.1,7.5,581,0.0,0.0,0.0,0.0,0.0,1.0
380472,0,1,3400,-52,52,475,18,18,0.74,1766048.000000,7,2.1,0.97,0.0,36192.000000,8,0.0,0.0,0.0,1.0
380721,0,1,3400,-52,52,475,18,19,0.61,1858592.000000,2,2.1,0.0,0.0,0.0,0.0,0.0,0.0,0.0,1.0
380970,0,1,3400,-52,52,475,18,18,0.83,1685856.000000,9,2.1,0.0,0.0,5536.000000,0,0.0,0.0,0.0,1.0
381219,0,1,3400,-52,52,476,16,18,0.76,1596768.000000,6,2.1,0.0,581,0.0,0.0,0.0,0.0,0.0,1.0
381468,0,1,3400,-52,52,478,18,18,0.78,1735200.000000,7,2.1,2.3,0.0,36896.000000,27,0.0,0.0,0.0,1.0
381717,0,1,3400,-52,52,481,18,18,0.86,1665024.000000,10,2.1,0.0,0.0,0.0,0.0,0.0,0.0,0.0,1.0
381966,0,1,3400,-53,53,481,17,19,0.64,1619792.875000,4,2.1,0.0,0.0,0.0,0.0,0.0,0.0,0.0,1.0
382215,0,1,3400,-52,52,485,18,19,0.70,1796128.000000,5,2.1,0.064,581,0.0,0.0,0.0,0.0,0.0,1.0
382464,0,1,3400,-52,52,484,18,19,0.75,1766048.000000,7,2.1,0.10,0.0,45056.000000,0,0.0,0.0,0.0,1.0
382713,0,1,3400,-52,52,482,17,18,0.68,1778592.000000,3,2.1,0.0,0.0,0.0,0.0,0.0,0.0,0.0,1.0
382962,0,1,3400,-52,52,480,18,18,0.78,1755296.000000,7,2.1,0.0,0.0,0.0,0.0,0.0,0.0,0.0,1.0
383211,0,1,3400,-52,52,480,17,18,0.81,1643456.000000,6,2.1,0.0,581,0.0,0.0,0.0,0.0,0.0,1.0
383460,0,1,3400,-52,52,481,17,18,0.80,1574976.000000,8,2.1,6.7,55,0.0,80,0.0,0.0,0.0,1.0
383709,0,1,3400,-52,52,481,18,19,0.68,1796896.000000,5,2.1,4.1,0.0,7680.000000,0,0.0,0.0,0.0,1.0
383958,0,1,3400,-52,52,477,18,18,0.85,1704352.000000,9,2.1,0.0,0.0,0.0,0.0,0.0,0.0,0.0,1.0
384207,0,1,3400,-53,53,480,18,19,0.60,1850880.000000,2,2.1,0.0,581,0.0,0.0,0.0,0.0,0.0,1.0
384456,0,1,3400,-52,52,478,18,18,0.75,1758336.000000,7,2.1,0.19,0.0,149792.000000,21,0.0,0.0,0.0,1.0
384705,0,1,3400,-52,52,480,18,19,0.64,1820032.000000,3,2.1,0.0,0.0,0.0,0.0,0.0,0.0,0.0,1.0
384954,0,1,3400,-52,52,477,17,19,0.78,1644448.000000,8,2.1,0.0,0.0,0.0,0.0,0.0,0.0,0.0,1.0
385203,0,1,3400,-52,52,481,18,18,0.70,1796896.000000,6,2.1,0.0,415,0.0,50,0.0,0.0,0.0,1.0
385452,0,1,3400,-52,52,481,18,20,0.60,1843168.000000,2,2.1,7.5,0.0,160864.000000,19,0.0,0.0,0.0,1.0
385701,0,1,3400,-52,52,481,18,18,0.66,1804608.000000,4,2.1,8.0,0.0,0.0,0.0,0.0,0.0,0.0,1.0
385950,0,1,3400,-52,52,479,17,18,0.83,1692256.000000,8,2.1,8.0,0.0,0.0,0.0,0.0,0.0,0.0,1.0
386199,0,1,3400,-52,52,476,18,19,0.81,1727488.000000,8,2.1,5.3,0.0,22592.000000,0,0.0,0.0,0.0,1.0
386448,0,1,3400,-52,52,481,18,18,0.74,1789184.000000,5,2.1,4.5,0.0,44352.000000,25,0.0,0.0,0.0,1.0
386697,0,1,3400,-53,53,479,18,18,0.70,1756800.000000,5,2.1,0.0,0.0,0.0,0.0,0.0,0.0,0.0,1.0
386946,0,1,3400,-53,53,479,17,18,0.73,1655232.000000,6,2.1,0.0,0.0,0.0,0.0,0.0,0.0,0.0,1.0
387195,0,1,3400,-52,52,478,18,18,0.76,1894080.000000,7,2.1,0.0,0.0,0.0,0.0,0.0,0.0,0.0,1.0
387444,0,1,3400,-52,52,482,18,18,0.77,1742912.000000,7,2.1,1.2,0.0,7680.000000,44,0.0,0.0,0.0,1.0
387693,0,1,3400,-52,52,481,18,19,0.65,1789184.000000,4,2.1,0.0,0.0,0.0,0.0,0.0,0.0,0.0,1.0
387942,0,1,3400,-52,52,478,18,19,0.73,1758336.000000,6,2.1,0.0,0.0,0.0,0.0,0.0,0.0,0.0,1.0
388191,0,1,3400,-53,53,480,18,18,0.68,1804608.000000,4,2.1,0.0,75,5536.000000,0,0.0,0.0,0.0,1.0
388440,0,1,3400,-52,52,480,18,18,0.74,1696640.000000,7,2.1,2.5,0.0,86208.000000,42,0.0,0.0,0.0,1.0
388689,0,1,3400,-52,52,478,18,20,0.59,1850880.000000,2,2.1,4.1,0.0,5536.000000,67,0.0,0.0,0.0,1.0
388938,0,1,3400,-52,52,480,17,18,0.73,1624512.000000,6,2.1,0.0,0.0,5536.000000,0,0.0,0.0,0.0,1.0
389187,0,1,3400,-52,52,484,18,19,0.81,1681216.000000,9,2.1,5.2,0.0,5536.000000,57,0.0,0.0,0.0,1.0
389436,0,1,3400,-52,52,480,18,19,0.69,1789184.000000,5,2.1,2.0,0.0,30656.000000,38,0.0,0.0,0.0,1.0
389685,0,1,3400,-53,53,477,17,18,0.81,1649056.000000,8,2.1,3.4,0.0,0.0,80,0.0,0.0,0.0,1.0
389934,0,1,3400,-53,53,477,17,19,0.64,1726432.000000,3,2.1,6.2,0.0,5536.000000,0,0.0,0.0,0.0,1.0
390183,0,1,3400,-52,52,479,17,18,0.74,1795232.000000,4,2.1,6.4,435,17056.000000,25,0.0,0.0,0.0,1.0
390432,0,1,3400,-52,52,480,18,18,0.78,1742912.000000,7,2.1,2.2,0.0,31168.000000,25,0.0,0.0,0.0,1.0
390681,0,1,3400,-53,53,478,17,18,0.85,1625920.000000,10,2.1,0.0,0.0,0.0,0.0,0.0,0.0,0.0,1.0
390930,0,1,3400,-52,52,478,16,19,0.64,1569120.000000,4,2.1,0.0,0.0,5536.000000,0,0.0,0.0,0.0,1.0
391179,0,1,3400,-52,52,482,18,19,0.75,1766048.000000,6,2.1,0.0,581,0.0,0.0,0.0,0.0,0.0,1.0
391428,0,1,3400,-53,53,477,17,19,0.58,1759360.000000,2,2.1,0.0,0.0,47264.000000,18,0.0,0.0,0.0,1.0
391677,0,1,3400,-54,54,461,13,15,0.71,1160860.500000,6,2.1,0.0,0.0,0.0,0.0,0.0,0.0,0.0,1.0
391926,0,1,3400,-53,53,476,17,18,0.75,1712352.000000,6,2.1,0.0,0.0,0.0,0.0,0.0,0.0,0.0,1.0
392175,0,1,3400,-52,52,483,18,18,0.88,1681216.000000,10,2.1,0.0,581,0.0,0.0,0.0,0.0,0.0,1.0
392424,0,1,3400,-52,52,476,17,19,0.68,1664576.000000,4,2.1,0.0,0.0,41728.000000,0,0.0,0.0,0.0,1.0
392673,0,1,3400,-52,52,476,17,19,0.80,1670656.000000,8,2.1,0.0,0.0,0.0,0.0,0.0,0.0,0.0,1.0
392922,0,1,3400,-52,52,478,17,18,0.73,1723104.000000,5,2.1,0.0,0.0,5536.000000,0,0.0,0.0,0.0,1.0
393171,0,1,3400,-52,52,478,17,18,0.89,1591360.000000,9,2.1,0.12,0.0,224,0,0.0,0.0,0.0,1.0
393420,0,1,3400,-52,52,480,17,18,0.72,1719264.000000,6,2.1,0.90,0.0,19840.000000,33,0.0,0.0,0.0,1.0
393669,0,1,3400,-53,53,484,18,18,0.74,1722368.000000,7,2.1,0.0,0.0,0.0,0.0,0.0,0.0,0.0,1.0
393918,0,1,3400,-52,52,477,17,18,0.84,1655232.000000,10,2.1,0.0,0.0,0.0,0.0,0.0,0.0,0.0,1.0
394167,0,1,3400,-53,53,478,18,18,0.84,1704352.000000,8,2.1,0.0,581,0.0,0.0,0.0,0.0,0.0,1.0
394416,0,1,3400,-52,52,476,18,19,0.69,1782055.750000,5,2.1,6.5,0.0,80350.593750,27,0.0,0.0,0.0,1.0
394665,0,1,3400,-52,52,479,17,18,0.72,1705434.250000,6,2.1,8.0,0.0,0.0,0.0,0.0,0.0,0.0,1.0
394914,0,1,3400,-52,52,478,17,18,0.90,1566432.000000,11,2.1,8.0,0.0,0.0,0.0,0.0,0.0,0.0,1.0
395163,0,1,3400,-52,52,478,18,18,0.82,1673792.000000,9,2.1,8.0,0.0,8864.000000,0,0.0,0.0,0.0,1.0
395413,0,1,3400,-52,52,480,17,19,0.63,1701344.000000,3,2.1,0.0,0.0,30912.000000,0,0.0,0.0,0.0,1.0
395662,0,1,3400,-52,52,481,18,20,0.56,1858592.000000,1,2.1,0.0,0.0,0.0,0.0,0.0,0.0,0.0,1.0
395911,0,1,3400,-52,52,482,18,19,0.70,1789184.000000,6,2.1,0.0,0.0,0.0,0.0,0.0,0.0,0.0,1.0
396160,0,1,3400,-52,52,476,18,18,0.74,1719776.000000,7,2.1,0.46,0.0,7872.000000,0,0.0,0.0,0.0,1.0
396409,0,1,3400,-52,52,478,18,19,0.70,1715168.000000,6,2.1,2.6,0.0,23808.000000,44,0.0,0.0,0.0,1.0
396658,0,1,3400,-52,52,481,18,18,0.75,1703584.000000,7,2.1,5.1,0.0,0.0,80,0.0,0.0,0.0,1.0
396907,0,1,3400,-53,53,480,18,19,0.65,1781472.000000,3,2.1,1.9,0.0,5536.000000,0,0.0,0.0,0.0,1.0
397156,0,1,3400,-53,53,477,17,18,0.81,1662438.250000,8,2.1,0.50,0.0,0.0,0.0,0.0,0.0,0.0,1.0
397405,0,1,3400,-52,52,480,17,18,0.91,1610752.000000,8,2.1,0.87,0.0,60896.000000,9,0.0,0.0,0.0,1.0
397654,0,1,3400,-52,52,479,18,18,0.84,1691520.000000,9,2.1,0.0,0.0,0.0,0.0,0.0,0.0,0.0,1.0
397903,0,1,3400,-52,52,475,17,18,0.78,1673760.000000,8,2.1,0.0,0.0,0.0,0.0,0.0,0.0,0.0,1.0
398152,0,1,3400,-53,53,477,18,18,0.77,1750624.000000,7,2.1,0.36,55,5536.000000,25,0.0,0.0,0.0,1.0
398401,0,1,3400,-52,52,474,18,18,0.74,1735203.125000,7,2.1,13,0.0,20589.640625,57,0.0,0.0,0.0,1.0
398650,0,1,3400,-52,52,474,18,19,0.71,1836992.000000,5,2.1,14,0.0,0.0,0.0,0.0,0.0,0.0,1.0
398899,0,1,3400,-52,52,480,18,19,0.73,1750624.000000,6,2.1,14,0.0,0.0,0.0,0.0,0.0,0.0,1.0
399148,0,1,3400,-52,52,478,18,19,0.68,1781472.000000,4,2.1,13,0.0,5536.000000,0,0.0,0.0,0.0,1.0
399397,0,1,3400,-52,52,476,18,18,0.81,1718368.000000,8,2.1,8.0,0.0,205312.000000,40,0.0,0.0,0.0,1.0
399646,0,1,3400,-52,52,481,17,18,0.75,1678464.000000,7,2.1,8.0,0.0,0.0,0.0,0.0,0.0,0.0,1.0
399895,0,1,3400,-52,52,482,17,18,0.84,1549376.000000,9,2.1,12,0.0,5536.000000,57,0.0,0.0,0.0,1.0
400144,0,1,3400,-52,52,476,17,18,0.79,1688800.000000,8,2.1,15,245,5536.000000,0,0.0,0.0,0.0,1.0
400393,0,1,3400,-52,52,479,18,20,0.63,1796896.000000,4,2.1,0.068,0.0,53504.000000,0,0.0,0.0,0.0,1.0
400642,0,1,3400,-52,52,480,16,18,0.77,1583360.000000,6,2.1,0.0,0.0,0.0,0.0,0.0,0.0,0.0,1.0
400891,0,1,3400,-52,52,478,18,19,0.68,1781472.000000,5,2.1,0.0,0.0,0.0,0.0,0.0,0.0,0.0,1.0
401140,0,1,3400,-52,52,481,18,18,0.77,1750624.000000,7,2.1,6.4,581,34112.000000,0,0.0,0.0,0.0,1.0
401389,0,1,3400,-52,52,478,18,18,0.69,1804608.000000,5,2.1,5.8,0.0,12896.000000,43,0.0,0.0,0.0,1.0
401638,0,1,3400,-52,52,476,18,18,0.74,1812320.000000,5,2.1,12,0.0,0.0,100.000000,0.0,0.0,0.0,1.0
401887,0,1,3400,-52,52,477,18,18,0.87,1766208.000000,10,2.1,12,0.0,0.0,0,0.0,0.0,0.0,1.0
402136,0,1,3400,-52,52,477,18,18,0.81,1727488.000000,8,2.1,4.6,55,5536.000000,33,0.0,0.0,0.0,1.0
402385,0,1,3400,-52,52,477,17,19,0.54,1823360.000000,0,2.1,7.5,55,0.0,100.000000,0.0,0.0,0.0,1.0
402634,0,1,3400,-52,52,481,17,17,0.98,1527680.000000,13,2.1,5.8,0.0,7360.000000,43,0.0,0.0,0.0,1.0
402883,0,1,3400,-53,53,480,18,18,0.85,1688928.000000,10,2.1,4.5,0.0,0.0,0.0,0.0,0.0,0.0,1.0
403132,0,1,3400,-53,53,484,17,18,0.80,1658336.000000,8,2.1,4.5,581,0.0,0.0,0.0,0.0,0.0,1.0
403381,0,1,3400,-52,52,476,18,18,0.76,1758336.000000,7,2.1,0.69,0.0,45056.000000,0,0.0,0.0,0.0,1.0
403630,0,1,3400,-53,53,472,18,19,0.76,1735200.000000,6,2.1,0.0,0.0,0.0,0.0,0.0,0.0,0.0,1.0
403879,0,1,3400,-52,52,479,17,19,0.76,1645824.000000,7,2.1,0.0,0.0,0.0,0.0,0.0,0.0,0.0,1.0
404128,0,1,3400,-52,52,483,18,19,0.62,1812320.000000,3,2.1,0.0,581,0.0,0.0,0.0,0.0,0.0,1.0
404377,0,1,3400,-53,53,483,17,19,0.62,1745434.250000,2,2.1,0.0,0.0,30533.865234,21,0.0,0.0,0.0,1.0
404626,0,1,3400,-52,52,481,18,19,0.77,1773140.500000,7,2.1,0.0,0.0,5558.232910,0,0.0,0.0,0.0,1.0
404875,0,1,3400,-52,52,478,15,19,0.70,1498422.250000,5,2.1,0.0,0.0,5513.944336,0,0.0,0.0,0.0,1.0
405124,0,1,3400,-52,52,478,17,18,0.84,1576576.000000,10,2.1,0.0,581,0.0,0.0,0.0,0.0,0.0,1.0
405373,0,1,3400,-52,52,479,16,18,0.78,1544160.000000,8,2.1,11,0.0,151072.000000,25,0.0,0.0,0.0,1.0
405622,0,1,3400,-52,52,480,18,17,0.87,1652480.000000,10,2.1,14,0.0,0.0,75,0.0,0.0,0.0,1.0
405871,0,1,3400,-52,52,481,18,19,0.74,1766048.000000,6,2.1,7.5,0.0,0.0,100.000000,0.0,0.0,0.0,1.0
406120,0,1,3400,-52,52,475,17,18,0.90,1575808.000000,11,2.1,7.5,581,0.0,0.0,0.0,0.0,0.0,1.0
406369,0,1,3400,-52,52,475,18,19,0.60,1858592.000000,2,2.1,1.9,0.0,34144.000000,22,0.0,0.0,0.0,1.0
406618,0,1,3400,-52,52,481,17,19,0.62,1680642.625000,3,2.1,0.0,0.0,5558.232910,0,0.0,1.0,3.0,1.0
406867,0,1,3400,-52,52,476,18,19,0.67,1805099.625000,4,2.1,3.7,0.0,0.0,80,0.0,0.0,0.0,1.0
407116,0,1,3400,-52,52,476,18,18,0.70,1807200.000000,3,2.1,7.2,53,8096.000000,0,0.0,0.0,0.0,1.0
407365,0,1,3400,-52,52,477,14,18,0.64,1485984.000000,3,2.1,16,0.0,201312.000000,52,0.0,0.0,0.0,1.0
407614,0,1,3400,-52,52,477,18,19,0.69,1804608.000000,4,2.1,16,0.0,0.0,0.0,0.0,0.0,0.0,1.0
407863,0,1,3400,-52,52,478,18,18,0.63,1850880.000000,2,2.1,16,0.0,0.0,0.0,0.0,0.0,0.0,1.0
408112,0,1,3400,-52,52,480,16,18,0.75,1542112.000000,5,2.1,16,0.0,5536.000000,0,0.0,0.0,0.0,1.0
408361,0,1,3400,-53,53,476,13,18,0.75,1285024.000000,5,2.1,16,0.0,293088.000000,63,0.0,0.0,0.0,1.0
408610,0,1,3400,-52,52,477,15,18,0.76,1412384.000000,7,2.1,16,0.0,0.0,0.0,0.0,0.0,0.0,1.0
408859,0,1,3400,-53,53,481,18,18,0.77,1758336.000000,7,2.1,13,0.0,5536.000000,0,0.0,0.0,0.0,1.0
409108,0,1,3400,-52,52,478,18,18,0.72,1796128.000000,5,2.1,13,0.0,0.0,80,0.0,0.0,0.0,1.0
409357,0,1,3400,-52,52,475,18,18,0.80,1735200.000000,9,2.1,2.0,0.0,49824.000000,7,0.0,0.0,0.0,1.0
409606,0,1,3400,-52,52,476,18,18,0.76,1718240.000000,7,2.1,0.0,0.0,0.0,0.0,0.0,0.0,0.0,1.0
409855,0,1,3400,-53,53,487,18,19,0.77,1735200.000000,6,2.1,2.5,0.0,17056.000000,50,0.0,0.0,0.0,1.0
410104,0,1,3400,-52,52,475,18,18,0.91,1656544.000000,11,2.1,7.3,0.0,5536.000000,50,0.0,0.0,0.0,1.0
410353,0,1,3400,-52,52,476,17,18,0.78,1664096.000000,7,2.1,0.90,0.0,23072.000000,31,0.0,0.0,0.0,1.0
410602,0,1,3400,-52,52,481,17,18,0.81,1627488.000000,8,2.1,0.0,0.0,0.0,0.0,0.0,0.0,0.0,1.0
410851,0,1,3400,-52,52,480,17,18,0.87,1580928.000000,10,2.1,0.0,0.0,0.0,0.0,0.0,0.0,0.0,1.0
411100,0,1,3400,-52,52,482,17,18,0.86,1586880.000000,10,2.1,0.10,0.0,15520.000000,0,0.0,0.0,0.0,1.0
411349,0,1,3400,-52,52,481,18,19,0.70,1804608.000000,4,2.1,0.87,0.0,48672.000000,27,0.0,0.0,0.0,1.0
411598,0,1,3400,-53,53,473,18,19,0.65,1796896.000000,4,2.1,0.0,0.0,0.0,0.0,0.0,0.0,0.0,1.0
411847,0,1,3400,-53,53,477,17,19,0.63,1743168.000000,4,2.1,0.0,0.0,0.0,0.0,0.0,0.0,0.0,1.0
412096,0,1,3400,-52,52,475,16,19,0.64,1683104.000000,2,2.1,0.36,55,0.0,50,0.0,0.0,0.0,1.0
412345,0,1,3400,-52,52,477,16,17,0.89,1509952.000000,10,2.1,6.1,0.0,7360.000000,43,0.0,0.0,0.0,1.0
412594,0,1,3400,-52,52,480,18,19,0.60,1843168.000000,3,2.1,4.5,0.0,0.0,0.0,0.0,0.0,0.0,1.0
412843,0,1,3400,-52,52,479,18,18,0.80,1758336.000000,8,2.1,4.5,0.0,5536.000000,0,0.0,0.0,0.0,1.0
413092,0,1,3400,-53,53,481,17,17,0.83,1603951.750000,7,2.1,4.4,139,5558.232910,0,0.0,0.0,0.0,1.0
413341,0,1,3400,-53,53,474,17,17,0.85,1604239.000000,9,2.1,0.0,0.0,30501.992188,0,0.0,0.0,0.0,1.0
413590,0,1,3400,-52,52,480,16,18,0.68,1539008.000000,5,2.1,0.0,0.0,5536.000000,33,0.0,0.0,0.0,1.0
413839,0,1,3400,-52,52,483,17,18,0.86,1658688.000000,9,2.1,0.0,0.0,0.0,0.0,0.0,0.0,0.0,1.0
414088,0,1,3400,-52,52,479,18,18,0.72,1766048.000000,6,2.1,0.0,581,0.0,0.0,0.0,0.0,0.0,1.0
414337,0,1,3400,-52,52,479,17,18,0.79,1691488.000000,7,2.1,0.0,0.0,62720.000000,5,0.0,0.0,0.0,1.0
414586,0,1,3400,-52,52,477,18,18,0.77,1735200.000000,7,2.1,0.0,0.0,0.0,0.0,0.0,0.0,0.0,1.0
414835,0,1,3400,-52,52,477,18,19,0.71,1766048.000000,5,2.1,0.0,0.0,11072.000000,0,0.0,0.0,0.0,1.0
415084,0,1,3400,-53,53,480,18,18,0.79,1704352.000000,8,2.1,0.0,0.0,5536.000000,0,0.0,0.0,0.0,1.0
415333,0,1,3400,-52,52,477,18,19,0.62,1819264.000000,3,2.1,2.3,0.0,36896.000000,27,0.0,0.0,0.0,1.0
415582,0,1,3400,-52,52,476,18,19,0.70,1796896.000000,5,2.1,0.0,0.0,0.0,0.0,0.0,0.0,0.0,1.0
415831,0,1,3400,-52,52,477,17,18,0.77,1710784.000000,6,2.1,1.3,0.0,22592.000000,0,0.0,0.0,0.0,1.0
416080,0,1,3400,-52,52,474,17,18,0.80,1646752.000000,8,2.1,7.5,55,0.0,50,0.0,0.0,0.0,1.0
416329,0,1,3400,-52,52,480,17,18,0.84,1647520.000000,9,2.1,5.6,0.0,10688.000000,56,0.0,0.0,0.0,1.0
416578,0,1,3400,-52,52,476,15,18,0.73,1449696.000000,5,2.1,5.5,0.0,8864.000000,0,0.0,0.0,0.0,1.0
416827,0,1,3400,-53,53,484,17,18,0.85,1538400.000000,9,2.1,5.5,0.0,0.0,0.0,0.0,0.0,0.0,1.0
417076,0,1,3400,-53,53,479,18,17,0.90,1688928.000000,11,2.1,5.4,0.0,5536.000000,0,0.0,0.0,0.0,1.0
417325,0,1,3400,-52,52,480,16,17,1.0,1428128.000000,13,2.1,0.0,0.0,36192.000000,10,0.0,0.0,0.0,1.0
417574,0,1,3400,-52,52,477,17,19,0.68,1758682.750000,4,2.1,0.0,0.0,0.0,0.0,0.0,0.0,0.0,1.0
417823,0,1,3400,-52,52,480,16,18,0.85,1501545.875000,9,2.1,0.0,0.0,5513.944336,0,0.0,0.0,0.0,1.0
418072,0,1,3400,-52,52,480,18,18,0.81,1712064.000000,9,2.1,6.5,0.0,19392.000000,0,0.0,0.0,0.0,1.0
418321,0,1,3400,-53,53,480,17,18,0.80,1615008.000000,8,2.1,1.6,0.0,22080.000000,33,0.0,0.0,0.0,1.0
418570,0,1,3400,-52,52,478,18,19,0.77,1792672.000000,7,2.1,0.0,0.0,0.0,0.0,0.0,0.0,0.0,1.0
418819,0,1,3400,-53,53,474,15,17,0.77,1358112.000000,7,2.1,0.0,0.0,0.0,0.0,0.0,0.0,0.0,1.0
419068,0,1,3400,-52,52,475,17,19,0.68,1717952.000000,4,2.1,0.32,435,5536.000000,25,0.0,0.0,0.0,1.0
419317,0,1,3400,-54,54,469,15,17,0.68,1492047.750000,5,2.1,14,0.0,35410.359375,68,0.0,0.0,0.0,1.0
419566,0,1,3400,-53,53,478,17,17,0.86,1619040.000000,9,2.1,14,0.0,0.0,0.0,0.0,0.0,0.0,1.0
419815,0,1,3400,-52,52,482,18,19,0.70,1758336.000000,5,2.1,14,0.0,0.0,0,0.0,0.0,0.0,1.0
420064,0,1,3400,-52,52,481,15,18,0.79,1466464.000000,7,2.1,7.8,0.0,10432.000000,0,0.0,0.0,0.0,1.0
420313,0,1,3400,-52,52,480,18,18,0.77,1750624.000000,7,2.1,3.3,0.0,19424.000000,40,0.0,0.0,0.0,1.0
420562,0,1,3400,-52,52,479,18,18,0.75,1735200.000000,7,2.1,1.2,0.0,5536.000000,0,0.0,0.0,0.0,1.0
420811,0,1,3400,-52,52,482,18,19,0.64,1804608.000000,3,2.1,1.0,0.0,0.0,0.0,0.0,0.0,0.0,1.0
421060,0,1,3400,-52,52,481,18,19,0.74,1781472.000000,6,2.1,1.1,0.0,5760.000000,0,0.0,0.0,0.0,1.0
421309,0,1,3400,-52,52,479,17,19,0.65,1673440.000000,4,2.1,16,0.0,218208.000000,69,0.0,0.0,0.0,1.0
421558,0,1,3400,-53,53,480,18,18,0.79,1742912.000000,8,2.1,16,0.0,0.0,0.0,0.0,0.0,0.0,1.0
421807,0,1,3400,-52,52,476,16,18,0.83,1480768.000000,9,2.1,8.3,0.0,5536.000000,0,0.0,0.0,0.0,1.0
422056,0,1,3400,-53,53,477,17,18,0.64,1714506.000000,3,2.1,8.0,0.0,5558.232910,0,0.0,0.0,0.0,1.0
422305,0,1,3400,-52,52,474,17,19,0.67,1720095.625000,4,2.1,2.4,0.0,36047.808594,8,0.0,0.0,0.0,1.0
422554,0,1,3400,-52,52,476,15,18,0.72,1520448.000000,5,2.1,0.0,0.0,0.0,0.0,0.0,0.0,0.0,1.0
422803,0,1,3400,-52,52,480,17,18,0.83,1600768.000000,9,2.1,0.0,0.0,5536.000000,0,0.0,0.0,0.0,1.0
423052,0,1,3400,-52,52,478,17,18,0.69,1672000.000000,5,2.1,0.12,0.0,5536.000000,0,0.0,0.0,0.0,1.0
423301,0,1,3400,-53,53,473,18,18,0.73,1758336.000000,5,2.1,0.91,0.0,19840.000000,43,0.0,0.0,0.0,1.0
423550,0,1,3400,-52,52,480,18,18,0.75,1758336.000000,7,2.1,0.0,0.0,0.0,0.0,0.0,0.0,0.0,1.0
423799,0,1,3400,-53,53,481,17,18,0.86,1572192.000000,10,2.1,0.0,0.0,0.0,0.0,0.0,0.0,0.0,1.0
424048,0,1,3400,-52,52,475,18,19,0.66,1812320.000000,4,2.1,0.0,581,0.0,0.0,0.0,0.0,0.0,1.0
424297,0,1,3400,-53,53,476,17,19,0.74,1673760.000000,7,2.1,0.0,0.0,36192.000000,0,0.0,0.0,0.0,1.0
424546,0,1,3400,-52,52,477,16,16,1.0,1450368.000000,15,2.1,0.0,0.0,5536.000000,0,0.0,0.0,0.0,1.0
424795,0,1,3400,-52,52,477,18,18,0.74,1773760.000000,6,2.1,0.0,0.0,0.0,0.0,0.0,0.0,0.0,1.0
425044,0,1,3400,-52,52,480,18,20,0.72,1773760.000000,6,2.1,0.0,0.0,0.0,0.0,0.0,0.0,0.0,1.0
425293,0,1,3400,-54,54,491,14,16,0.89,1240032.000000,8,2.1,2.3,0.0,60768.000000,0,0.0,0.0,0.0,1.0
425542,0,1,3400,-53,53,475,18,19,0.64,1807264.000000,3,2.1,0.0,0.0,0.0,0.0,0.0,0.0,0.0,1.0
425791,0,1,3400,-52,52,475,18,18,0.80,1712064.000000,9,2.1,0.0080,0.0,5536.000000,0,0.0,0.0,0.0,1.0
426040,0,1,3400,-52,52,480,17,18,0.80,1599744.000000,9,2.1,0.0,581,0.0,0.0,0.0,0.0,0.0,1.0
426289,0,1,3400,-53,53,474,15,18,0.72,1503200.000000,5,2.1,0.0,0.0,36160.000000,7,0.0,0.0,0.0,1.0
426538,0,1,3400,-52,52,475,18,18,0.90,1681216.000000,11,2.1,0.0,0.0,0.0,0.0,0.0,0.0,0.0,1.0
426787,0,1,3400,-52,52,477,18,19,0.69,1773760.000000,5,2.1,0.0,0.0,0.0,0.0,0.0,0.0,0.0,1.0
427036,0,1,3400,-52,52,480,18,18,0.77,1750624.000000,7,2.1,0.17,0.0,17056.000000,0,0.0,0.0,0.0,1.0
427285,0,1,3400,-52,52,479,18,18,0.81,1734432.000000,7,2.1,4.6,0.0,111360.000000,22,0.0,0.0,0.0,1.0
427534,0,1,3400,-53,53,477,18,18,0.73,1743649.375000,6,2.1,0.0,0.0,0.0,0.0,0.0,0.0,0.0,1.0
427783,0,1,3400,-52,52,483,18,17,0.74,1788416.000000,5,2.1,7.3,0.0,0.0,80,0.0,0.0,0.0,1.0
428032,0,1,3400,-52,52,480,18,18,0.81,1703584.000000,9,2.1,7.2,0.0,8864.000000,0,0.0,0.0,0.0,1.0
428281,0,1,3400,-52,52,481,17,18,0.84,1668352.000000,9,2.1,1.7,0.0,41184.000000,0,0.0,0.0,0.0,1.0
428530,0,1,3400,-52,52,479,18,18,0.73,1851502.000000,5,2.1,0.0,0.0,0.0,0.0,0.0,0.0,0.0,1.0
428779,0,1,3400,-53,53,472,17,18,0.79,1566820.750000,8,2.1,0.0080,0.0,5513.944336,0,0.0,0.0,0.0,1.0
429028,0,1,3400,-53,53,474,16,18,0.59,1585920.000000,3,2.1,6.4,581,0.0,80,0.0,0.0,0.0,1.0
429277,0,1,3400,-53,53,488,18,19,0.65,1773760.000000,4,2.1,3.3,0.0,25088.000000,31,0.0,0.0,0.0,1.0
429526,0,1,3400,-52,52,479,18,18,0.74,1758336.000000,7,2.1,2.0,0.0,0.0,0.0,0.0,0.0,0.0,1.0
429775,0,1,3400,-52,52,477,18,18,0.72,1789184.000000,6,2.1,2.0,0.0,0.0,0.0,0.0,0.0,0.0,1.0
430024,0,1,3400,-52,52,475,17,18,0.82,1649408.000000,8,2.1,1.9,0.0,14400.000000,0,0.0,0.0,0.0,1.0
430273,0,1,3400,-54,54,498,15,17,0.74,1380384.000000,6,2.1,0.0,0.0,41728.000000,17,0.0,0.0,0.0,1.0
430522,0,1,3400,-52,52,478,18,19,0.62,1802400.000000,2,2.1,0.0,0.0,5536.000000,0,0.0,0.0,0.0,1.0
430771,0,1,3400,-52,52,478,18,18,0.88,1688928.000000,10,2.1,0.0,0.0,0.0,0.0,0.0,0.0,0.0,1.0
431020,0,1,3400,-52,52,479,18,19,0.71,1789184.000000,6,2.1,0.0,581,0.0,0.0,0.0,0.0,0.0,1.0
431269,0,1,3400,-53,53,477,15,17,0.95,1285248.000000,11,2.1,4.8,0.0,7360.000000,44,0.0,0.0,0.0,1.0
431518,0,1,3400,-54,54,475,15,17,0.63,1394996.000000,4,2.1,4.5,0.0,0.0,0.0,0.0,0.0,0.0,1.0
431767,0,1,3400,-53,53,475,18,18,0.74,1742912.000000,7,2.1,4.5,0.0,0.0,0.0,0.0,0.0,0.0,1.0
432016,0,1,3400,-52,52,477,17,17,0.93,1564288.000000,12,2.1,4.5,581,0.0,0.0,0.0,0.0,0.0,1.0
432265,0,1,3400,-53,53,478,17,18,0.81,1609593.625000,9,2.1,3.1,0.0,24988.046875,31,0.0,0.0,0.0,1.0
432514,0,1,3400,-52,52,476,18,19,0.74,1773140.500000,7,2.1,2.0,0.0,0.0,0.0,0.0,0.0,0.0,1.0
432763,0,1,3400,-52,52,474,18,18,0.82,1712064.000000,8,2.1,1.5,0.0,5536.000000,0,0.0,0.0,0.0,1.0
433012,0,1,3400,-52,52,481,18,18,0.87,1725992.000000,7,2.1,1.0,581,0.0,0.0,0.0,0.0,0.0,1.0
433261,0,1,3400,-52,52,479,18,18,0.74,1773760.000000,6,2.1,7.7,55,0.0,80,0.0,0.0,0.0,1.0
433510,0,1,3400,-52,52,479,18,18,0.82,1750624.000000,8,2.1,6.6,0.0,7360.000000,20,0.0,0.0,0.0,1.0
433759,0,1,3400,-52,52,477,14,17,0.78,1369376.000000,7,2.1,4.5,0.0,0.0,0.0,0.0,0.0,0.0,1.0
434008,0,1,3400,-52,52,476,18,18,0.72,1765280.000000,6,2.1,4.5,581,0.0,0.0,0.0,0.0,0.0,1.0
434257,0,1,3400,-53,53,474,18,19,0.59,1812320.000000,2,2.1,3.3,0.0,25376.000000,37,0.0,0.0,0.0,1.0
434506,0,1,3400,-53,53,475,18,18,0.87,1671200.000000,11,2.1,0.0,0.0,5536.000000,0,0.0,0.0,0.0,1.0
434755,0,1,3400,-53,53,474,16,18,0.78,1560064.250000,7,2.1,0.0,0.0,0.0,0.0,0.0,0.0,0.0,1.0
435004,0,1,3400,-52,52,479,17,19,0.62,1704672.000000,3,2.1,0.0,581,0.0,0.0,0.0,0.0,0.0,1.0
435253,0,1,3400,-52,52,474,18,19,0.71,1696956.125000,6,2.1,6.7,55,0.0,80,0.0,0.0,0.0,1.0
435502,0,1,3400,-53,53,477,18,18,0.69,1820032.000000,3,2.1,5.5,0.0,7360.000000,0,0.0,0.0,0.0,1.0
435751,0,1,3400,-52,52,478,17,17,0.93,1615904.000000,12,2.1,4.5,0.0,0.0,0.0,0.0,0.0,0.0,1.0
436000,0,1,3400,-53,53,475,18,18,0.82,1697664.000000,8,2.1,4.5,153,13632.000000,0,0.0,0.0,0.0,1.0
436249,0,1,3400,-52,52,478,15,19,0.77,1481280.000000,7,2.1,16,0.0,202080.000000,61,0.0,0.0,0.0,1.0
436498,0,1,3400,-52,52,477,17,18,0.89,1577536.000000,10,2.1,16,0.0,0.0,0.0,0.0,0.0,0.0,1.0
436747,0,1,3400,-52,52,482,15,19,0.66,1415357.375000,4,2.1,16,0.0,0.0,0.0,0.0,0.0,0.0,1.0
436996,0,1,3400,-52,52,481,17,18,0.66,1727040.000000,3,2.1,10,581,5536.000000,0,0.0,0.0,0.0,1.0
437245,0,1,3400,-52,52,478,19,19,0.81,1967426.250000,8,2.1,15,0.0,184223.109375,62,0.0,0.0,0.0,1.0
437494,0,1,3400,-53,53,474,18,19,0.74,1750624.000000,6,2.1,9.9,0.0,5536.000000,0,0.0,0.0,0.0,1.0
437743,0,1,3400,-52,52,474,18,18,0.81,1719776.000000,8,2.1,8.0,0.0,11072.000000,0,0.0,0.0,0.0,1.0
437992,0,1,3400,-54,54,478,18,18,0.68,1688928.000000,5,2.1,13,581,5536.000000,57,0.0,0.0,0.0,1.0
438241,0,1,3400,-53,53,474,17,17,0.83,1526560.000000,9,2.1,15,0.0,27808.000000,44,0.0,0.0,0.0,1.0
438490,0,1,3400,-53,53,480,19,18,0.70,1803392.000000,6,2.1,9.9,0.0,5536.000000,0,0.0,0.0,0.0,1.0
438739,0,1,3400,-52,52,476,18,18,0.87,1696640.000000,10,2.1,8.0,0.0,0.0,0.0,0.0,0.0,0.0,1.0
438988,0,1,3400,-52,52,482,17,19,0.66,1779598.375000,4,2.1,8.0,0.0,0.0,0.0,0.0,0.0,0.0,1.0
439237,0,1,3400,-52,52,478,18,18,0.80,1742912.000000,9,2.1,2.3,0.0,34240.000000,24,0.0,0.0,0.0,1.0
439486,0,1,3400,-52,52,478,17,19,0.66,1692653.375000,4,2.1,1.0,0.0,0.0,0.0,0.0,0.0,0.0,1.0
439735,0,1,3400,-52,52,478,15,18,0.73,1472992.000000,6,2.1,5.2,0.0,0.0,80,0.0,0.0,0.0,1.0
439984,0,1,3400,-52,52,480,18,19,0.64,1850880.000000,4,2.1,7.3,0.0,5536.000000,0,0.0,0.0,0.0,1.0
440233,0,1,3400,-52,52,479,18,19,0.70,1773760.000000,5,2.1,2.5,0.0,74528.000000,27,0.0,0.0,0.0,1.0
440482,0,1,3400,-53,53,477,18,19,0.65,1796896.000000,4,2.1,2.0,0.0,0.0,0.0,0.0,0.0,0.0,1.0
440731,0,1,3400,-52,52,477,18,19,0.69,1773760.000000,4,2.1,1.7,0.0,5536.000000,0,0.0,0.0,0.0,1.0
440980,0,1,3400,-52,52,475,18,19,0.71,1796896.000000,5,2.1,5.0,581,5536.000000,57,0.0,0.0,0.0,1.0
441229,0,1,3400,-53,53,478,14,19,0.57,1472032.125000,1,2.1,2.9,0.0,95807.226562,13,0.0,0.0,0.0,1.0
441478,0,1,3400,-53,53,476,17,18,0.76,1614976.000000,6,2.1,2.0,0.0,0.0,0.0,0.0,0.0,0.0,1.0
441727,0,1,3400,-52,52,479,18,18,0.82,1728286.875000,8,2.1,2.0,0.0,0.0,0.0,0.0,0.0,0.0,1.0
441976,0,1,3400,-52,52,476,17,18,0.98,1618208.000000,12,2.1,1.9,0.0,5536.000000,0,0.0,0.0,0.0,1.0
442225,0,1,3400,-52,52,475,17,18,0.81,1666048.000000,9,2.1,21,0.0,84960.000000,62,0.0,0.0,0.0,1.0
442474,0,1,3400,-53,53,474,18,18,0.72,1742144.000000,6,2.1,21,0.0,5536.000000,0,0.0,0.0,0.0,1.0
442723,0,1,3400,-53,53,482,18,18,0.72,1742912.000000,5,2.1,14,0.0,17056.000000,0,0.0,0.0,0.0,1.0
442972,0,1,3400,-52,52,484,18,17,0.98,1611808.000000,14,2.1,16,581,0.0,75,0.0,0.0,0.0,1.0
443221,0,1,3400,-52,52,476,18,19,0.77,1757654.625000,7,2.1,2.0,0.0,47453.816406,0,0.0,0.0,0.0,1.0
443470,0,1,3400,-53,53,470,17,17,0.75,1582666.625000,7,2.1,0.96,0.0,0.0,75,0.0,0.0,0.0,1.0
443719,0,1,3400,-52,52,473,18,19,0.65,1856800.000000,4,2.1,1.4,0.0,5536.000000,33,0.0,0.0,0.0,1.0
443968,0,1,3400,-52,52,479,18,18,0.78,1728286.875000,5,2.1,0.0,581,0.0,0.0,0.0,0.0,0.0,1.0
444217,0,1,3400,-52,52,474,18,19,0.76,1795552.000000,7,2.1,5.5,0.0,7360.000000,55,0.0,0.0,0.0,1.0
444466,0,1,3400,-52,52,477,18,18,0.77,1722368.000000,6,2.1,5.1,0.0,8864.000000,0,0.0,0.0,0.0,1.0
444715,0,1,3400,-52,52,475,17,18,0.95,1576576.000000,11,2.1,5.5,0.0,0.0,0.0,0.0,0.0,0.0,1.0
444964,0,1,3400,-52,52,474,18,20,0.63,1835456.000000,3,2.1,5.5,581,0.0,0.0,0.0,0.0,0.0,1.0
445213,0,1,3400,-52,52,476,18,19,0.80,1712064.000000,9,2.1,1.8,0.0,30912.000000,24,0.0,0.0,0.0,1.0
445462,0,1,3400,-52,52,476,17,18,0.70,1727196.750000,5,2.1,0.0,0.0,0.0,0.0,0.0,0.0,0.0,1.0
445711,0,1,3400,-52,52,476,16,18,0.86,1541024.000000,9,2.1,0.0,0.0,11072.000000,0,0.0,0.0,0.0,1.0
445960,0,1,3400,-52,52,474,18,19,0.75,1759012.000000,6,2.1,0.0,581,5513.944336,0,0.0,0.0,0.0,1.0
446209,0,1,3400,-52,52,477,18,17,0.86,1850368.000000,9,2.1,0.72,0.0,22144.000000,15,0.0,0.0,0.0,1.0
446458,0,1,3400,-53,53,478,17,19,0.67,1730400.000000,4,2.1,0.0,0.0,0.0,0.0,0.0,0.0,0.0,1.0
446707,0,1,3400,-52,52,477,16,17,0.89,1423168.000000,10,2.1,0.0,0.0,0.0,0.0,0.0,0.0,0.0,1.0
446956,0,1,3400,-52,52,478,18,18,0.70,1750624.000000,5,2.1,0.0,0.0,5536.000000,0,0.0,0.0,0.0,1.0
447205,0,1,3400,-52,52,477,18,19,0.74,1758336.000000,7,2.1,1.0,0.0,25376.000000,27,0.0,0.0,0.0,1.0
447454,0,1,3400,-53,53,480,18,19,0.68,1820032.000000,4,2.1,0.0,0.0,0.0,0.0,0.0,0.0,0.0,1.0
447703,0,1,3400,-52,52,480,18,19,0.64,1789184.000000,4,2.1,0.0,0.0,0.0,0.0,0.0,0.0,0.0,1.0
447952,0,1,3400,-52,52,478,18,18,0.82,1734425.750000,9,2.1,0.0,0.0,5558.232910,0,0.0,0.0,0.0,1.0
448201,0,1,3400,-53,53,481,18,19,0.66,1782055.750000,3,2.1,2.3,0.0,36749.003906,27,0.0,0.0,0.0,1.0
448450,0,1,3400,-52,52,479,16,18,0.82,1545792.000000,9,2.1,0.0,0.0,0.0,0.0,0.0,0.0,0.0,1.0
448699,0,1,3400,-52,52,475,17,17,0.96,1551520.000000,13,2.1,0.0,0.0,5536.000000,0,0.0,0.0,0.0,1.0
448948,0,1,3400,-53,53,476,18,19,0.55,1866304.000000,0.8,2.1,0.48,0.0,17056.000000,0,0.0,0.0,0.0,1.0
449197,0,1,3400,-52,52,476,18,19,0.65,1850880.000000,2,2.1,1.8,0.0,19840.000000,33,0.0,0.0,0.0,1.0
449446,0,1,3400,-53,53,479,17,19,0.82,1590656.000000,9,2.1,0.61,0.0,8864.000000,50,0.0,0.0,0.0,1.0
449695,0,1,3400,-53,53,476,18,18,0.93,1642656.000000,12,2.1,1.0,0.0,0.0,0.0,0.0,0.0,0.0,1.0
449944,0,1,3400,-53,53,473,18,18,0.75,1773140.500000,5,2.1,0.83,55,22682.730469,0,0.0,0.0,0.0,1.0
450193,0,1,3400,-52,52,477,18,19,0.64,1827744.000000,3,2.1,1.9,0.0,19584.000000,33,0.0,0.0,0.0,1.0
450442,0,1,3400,-52,52,478,17,18,0.80,1670151.375000,8,2.1,0.0,0.0,0.0,0.0,0.0,0.0,0.0,1.0
450691,0,1,3400,-53,53,474,18,18,0.88,1681216.000000,11,2.1,0.0,0.0,11072.000000,0,0.0,0.0,0.0,1.0
450940,0,1,3400,-52,52,472,18,19,0.75,1781472.000000,6,2.1,0.0,581,0.0,0.0,0.0,0.0,0.0,1.0
451189,0,1,3400,-52,52,472,17,18,0.71,1651232.000000,6,2.1,6.7,55,0.0,80,0.0,0.0,0.0,1.0
451438,0,1,3400,-53,53,474,18,18,0.83,1658080.000000,9,2.1,6.0,0.0,12896.000000,14,0.0,0.0,0.0,1.0
451687,0,1,3400,-52,52,474,18,17,0.96,1604096.000000,13,2.1,4.5,0.0,0.0,0.0,0.0,0.0,0.0,1.0
451936,0,1,3400,-52,52,474,18,19,0.61,1850880.000000,2,2.1,4.5,581,0.0,0.0,0.0,0.0,0.0,1.0
452185,0,1,3400,-52,52,475,18,19,0.60,1866056.250000,2,2.1,1.3,0.0,91630.523438,15,0.0,0.0,0.0,1.0
452434,0,1,3400,-52,52,477,15,18,0.77,1382565.750000,7,2.1,7.5,0.0,0.0,0.0,0.0,0.0,0.0,1.0
452683,0,1,3400,-52,52,480,17,17,0.96,1568864.000000,12,2.1,7.5,0.0,0.0,0.0,0.0,0.0,0.0,1.0
452932,0,1,3400,-52,52,479,18,18,0.81,1735200.000000,9,2.1,7.5,581,0.0,0.0,0.0,0.0,0.0,1.0
453181,0,1,3400,-53,53,477,17,17,0.88,1566880.000000,10,2.1,3.3,0.0,102272.000000,8,0.0,0.0,0.0,1.0
453430,0,1,3400,-52,52,473,18,20,0.59,1850880.000000,2,2.1,7.5,0.0,0.0,80,0.0,0.0,0.0,1.0
453679,0,1,3400,-53,53,478,18,18,0.89,1634944.000000,11,2.1,7.5,0.0,0.0,0.0,0.0,0.0,0.0,1.0
453928,0,1,3400,-52,52,480,17,18,0.84,1613076.250000,9,2.1,7.5,581,0.0,0.0,0.0,0.0,0.0,1.0
454177,0,1,3400,-52,52,481,16,17,0.94,1505952.000000,13,2.1,12,0.0,132992.000000,39,0.0,0.0,0.0,1.0
454426,0,1,3400,-52,52,478,17,17,0.94,1520768.000000,11,2.1,10,0.0,34112.000000,38,0.0,0.0,0.0,1.0
454675,0,1,3400,-52,52,472,18,18,0.74,1732494.000000,6,2.1,7.5,0.0,0.0,100.000000,0.0,0.0,0.0,1.0
454924,0,1,3400,-52,52,476,18,19,0.60,1889440.000000,2,2.1,7.1,581,5536.000000,0,0.0,0.0,0.0,1.0
455173,0,1,3400,-52,52,474,17,18,0.74,1696896.000000,6,2.1,17,0.0,19392.000000,50,0.0,0.0,0.0,1.0
455422,0,1,3400,-53,53,475,18,18,0.76,1742912.000000,7,2.1,12,0.0,5536.000000,57,0.0,0.0,0.0,1.0
455671,0,1,3400,-52,52,477,18,18,0.78,1825184.000000,7,2.1,6.1,0.0,0.0,0,0.0,0.0,0.0,1.0
455920,0,1,3400,-52,52,475,18,19,0.65,1804896.000000,4,2.1,14,581,34112.000000,0,0.0,0.0,0.0,1.0
456169,0,1,3400,-52,52,474,17,19,0.66,1763020.125000,3,2.1,8.2,0.0,7710.843262,44,0.0,0.0,0.0,1.0
456418,0,1,3400,-52,52,475,18,18,0.82,1719776.000000,9,2.1,0.0,0.0,0.0,0.0,0.0,0.0,0.0,1.0
456667,0,1,3400,-52,52,476,18,18,0.76,1750624.000000,6,2.1,0.0,0.0,0.0,0.0,0.0,0.0,0.0,1.0
456916,0,1,3400,-52,52,473,18,19,0.67,1789737.000000,5,2.1,5.2,581,5513.944336,57,0.0,0.0,0.0,1.0
457165,0,1,3400,-52,52,475,18,20,0.62,1820032.000000,3,2.1,3.3,0.0,25088.000000,31,0.0,0.0,0.0,1.0
457414,0,1,3400,-52,52,476,18,19,0.73,1784832.000000,6,2.1,2.0,0.0,8864.000000,0,0.0,0.0,0.0,1.0
457663,0,1,3400,-52,52,481,18,18,0.82,1703584.000000,9,2.1,8.3,0.0,17056.000000,0,0.0,0.0,0.0,1.0
457912,0,1,3400,-52,52,479,17,17,0.96,1535104.000000,12,2.1,8.5,581,0.0,80,0.0,0.0,0.0,1.0
458161,0,1,3400,-52,52,479,17,18,0.84,1654464.000000,9,2.1,0.98,0.0,33632.000000,8,0.0,0.0,0.0,1.0
458410,0,1,3400,-52,52,478,17,18,0.80,1675296.000000,8,2.1,0.77,0.0,8864.000000,0,0.0,0.0,0.0,1.0
458659,0,1,3400,-53,53,474,18,18,0.84,1718939.750000,9,2.1,1.0,0.0,0.0,0.0,0.0,0.0,0.0,1.0
458908,0,1,3400,-53,53,473,18,17,0.82,1704352.000000,9,2.1,1.0,581,0.0,0.0,0.0,0.0,0.0,1.0
459157,0,1,3400,-52,52,477,18,19,0.72,1782055.750000,6,2.1,0.11,0.0,47075.695312,7,0.0,0.0,0.0,1.0
459406,0,1,3400,-52,52,473,15,19,0.68,1536064.000000,5,2.1,0.0,0.0,0.0,0.0,0.0,0.0,0.0,1.0
459655,0,1,3400,-53,53,467,18,19,0.63,1773760.000000,3,2.1,7.3,0.0,17056.000000,57,0.0,0.0,0.0,1.0
459904,0,1,3400,-52,52,473,17,18,0.81,1680672.000000,7,2.1,7.5,581,0.0,0.0,0.0,0.0,0.0,1.0
460153,0,1,3400,-53,53,474,18,19,0.73,1766048.000000,7,2.1,1.7,0.0,95872.000000,12,0.0,0.0,0.0,1.0
460402,0,1,3400,-53,53,475,18,18,0.77,1712064.000000,6,2.1,4.6,0.0,17056.000000,57,0.0,0.0,0.0,1.0
460651,0,1,3400,-53,53,479,16,18,0.76,1555328.000000,7,2.1,3.8,0.0,5536.000000,33,0.0,0.0,0.0,1.0
460900,0,1,3400,-52,52,479,18,18,0.86,1672481.875000,10,2.1,0.0,293,5558.232910,0,0.0,0.0,0.0,1.0
461149,0,1,3400,-54,54,477,18,18,0.60,1782055.750000,2,2.1,6.6,0.0,109864.539062,43,0.0,0.0,0.0,1.0
461398,0,1,3400,-52,52,470,18,18,0.70,1789184.000000,5,2.1,7.5,0.0,0.0,0.0,0.0,0.0,0.0,1.0
461647,0,1,3400,-53,53,474,17,19,0.72,1632416.000000,6,2.1,7.5,0.0,0.0,0.0,0.0,0.0,0.0,1.0
461896,0,1,3400,-53,53,474,18,18,0.87,1719776.000000,8,2.1,7.3,0.0,5536.000000,0,0.0,0.0,0.0,1.0
462145,0,1,3400,-52,52,470,18,19,0.64,1804608.000000,4,2.1,2.7,0.0,19552.000000,40,0.0,0.0,0.0,1.0
462394,0,1,3400,-53,53,474,17,18,0.84,1624032.000000,10,2.1,2.0,0.0,0.0,0.0,0.0,0.0,0.0,1.0
462643,0,1,3400,-52,52,479,15,19,0.71,1519840.000000,6,2.1,2.0,0.0,0.0,0.0,0.0,0.0,0.0,1.0
462892,0,1,3400,-52,52,481,18,18,0.82,1757654.625000,7,2.1,5.4,581,8899.598633,57,0.0,0.0,0.0,1.0
463141,0,1,3400,-52,52,479,18,18,0.87,1703584.000000,10,2.1,2.0,0.0,30912.000000,24,0.0,0.0,0.0,1.0
463390,0,1,3400,-52,52,474,18,19,0.69,1789737.000000,5,2.1,0.0,0.0,5513.944336,0,0.0,0.0,0.0,1.0
463639,0,1,3400,-52,52,476,18,18,0.81,1673504.000000,8,2.1,1.3,0.0,17056.000000,0,0.0,0.0,0.0,1.0
463888,0,1,3400,-52,52,480,18,19,0.77,1757568.000000,6,2.1,1.5,55,22592.000000,33,0.0,0.0,0.0,1.0
464137,0,1,3400,-52,52,478,18,18,0.82,1688928.000000,9,2.1,7.5,55,0.0,100.000000,0.0,0.0,0.0,1.0
464386,0,1,3400,-53,53,470,18,18,0.86,1688928.000000,9,2.1,6.7,0.0,7360.000000,38,0.0,0.0,0.0,1.0
464635,0,1,3400,-53,53,478,17,18,0.77,1664480.000000,7,2.1,4.5,0.0,0.0,0.0,0.0,0.0,0.0,1.0
464884,0,1,3400,-53,53,479,18,19,0.67,1773140.500000,3,2.1,4.6,55,5558.232910,25,0.0,0.0,0.0,1.0
465133,0,1,3400,-52,52,475,18,17,0.93,1665792.000000,11,2.1,7.3,0.0,5536.000000,57,0.0,0.0,0.0,1.0
465382,0,1,3400,-52,52,475,16,17,0.93,1475456.000000,12,2.1,4.5,0.0,1824.000000,0,0.0,0.0,0.0,1.0
465631,0,1,3400,-52,52,479,18,18,0.90,1659155.375000,11,2.1,4.5,0.0,0.0,0.0,0.0,0.0,0.0,1.0
465880,0,1,3400,-52,52,478,18,19,0.69,1781472.000000,5,2.1,4.5,581,5536.000000,0,0.0,0.0,0.0,1.0
466129,0,1,3400,-52,52,477,18,18,0.76,1773760.000000,7,2.1,2.9,0.0,36896.000000,27,0.0,0.0,0.0,1.0
466378,0,1,3400,-52,52,472,18,19,0.67,1827744.000000,3,2.1,0.0,0.0,0.0,0.0,0.0,0.0,0.0,1.0
466627,0,1,3400,-52,52,472,18,19,0.72,1781472.000000,6,2.1,0.0,0.0,0.0,0.0,0.0,0.0,0.0,1.0
466876,0,1,3400,-53,53,478,17,18,0.95,1521285.125000,13,2.1,0.0080,0.0,0.0,0.0,0.0,0.0,0.0,1.0
467125,0,1,3400,-52,52,480,18,18,0.86,1704352.000000,10,2.1,2.5,0.0,25088.000000,31,0.0,0.0,0.0,1.0
467374,0,1,3400,-52,52,473,18,18,0.76,1750624.000000,7,2.1,3.9,0.0,0.0,80,0.0,0.0,0.0,1.0
467623,0,1,3400,-52,52,475,18,18,0.79,1720605.625000,7,2.1,8.5,0.0,0.0,0.0,0.0,0.0,0.0,1.0
467872,0,1,3400,-53,53,474,18,17,0.98,1696512.000000,12,2.1,8.2,0.0,5536.000000,0,0.0,0.0,0.0,1.0
468121,0,1,3400,-52,52,477,16,18,0.80,1592672.000000,6,2.1,2.7,0.0,19552.000000,50,0.0,0.0,0.0,1.0
468370,0,1,3400,-52,52,475,18,19,0.66,1779936.000000,4,2.1,2.0,0.0,0.0,0.0,0.0,0.0,0.0,1.0
468619,0,1,3400,-52,52,478,16,17,0.85,1411520.000000,10,2.1,2.0,0.0,0.0,0.0,0.0,0.0,0.0,1.0
468868,0,1,3400,-52,52,475,18,18,0.80,1732896.000000,6,2.1,1.9,0.0,5536.000000,0,0.0,0.0,0.0,1.0
469117,0,1,3400,-52,52,483,18,19,0.62,1796369.500000,3,2.1,12,0.0,162184.734375,32,0.0,0.0,0.0,1.0
469366,0,1,3400,-52,52,479,18,18,0.87,1648064.000000,11,2.1,8.0,0.0,0.0,0.0,0.0,0.0,0.0,1.0
469615,0,1,3400,-52,52,475,18,18,0.88,1704352.000000,10,2.1,8.0,0.0,5536.000000,0,0.0,0.0,0.0,1.0
469864,0,1,3400,-52,52,474,18,18,0.75,1736730.125000,7,2.1,8.0,581,0.0,0.0,0.0,0.0,0.0,1.0
470113,0,1,3400,-52,52,475,16,18,0.82,1521248.000000,9,2.1,3.4,0.0,36896.000000,27,0.0,0.0,0.0,1.0
470362,0,1,3400,-52,52,473,15,18,0.78,1396448.000000,8,2.1,0.0,0.0,0.0,0.0,0.0,0.0,0.0,1.0
470611,0,1,3400,-52,52,475,18,18,0.82,1719776.000000,9,2.1,0.0,0.0,0.0,0.0,0.0,0.0,0.0,1.0
470860,0,1,3400,-53,53,478,17,18,0.72,1691488.000000,5,2.1,0.0,581,0.0,0.0,0.0,0.0,0.0,1.0
471109,0,1,3400,-52,52,479,18,19,0.62,1812320.000000,3,2.1,1.6,0.0,90336.000000,9,0.0,0.0,0.0,1.0
471358,0,1,3400,-52,52,475,18,19,0.73,1780883.500000,5,2.1,4.4,0.0,17124.498047,0,0.0,0.0,0.0,1.0
471607,0,1,3400,-52,52,472,17,19,0.71,1596864.000000,6,2.1,8.5,0.0,0.0,0.0,0.0,0.0,0.0,1.0
471856,0,1,3400,-53,53,477,18,18,0.79,1727488.000000,7,2.1,8.5,581,0.0,80,0.0,0.0,0.0,1.0
472105,0,1,3400,-52,52,474,18,19,0.67,1805099.625000,4,2.1,1.8,0.0,62374.503906,32,0.0,0.0,0.0,1.0
472354,0,1,3400,-52,52,472,17,18,0.94,1565152.000000,12,2.1,0.0,0.0,0.0,0.0,0.0,0.0,0.0,1.0
472603,0,1,3400,-53,53,471,18,18,0.76,1755296.000000,6,2.1,0.0,0.0,0.0,0.0,0.0,0.0,0.0,1.0
472852,0,1,3400,-52,52,477,18,18,0.76,1781472.000000,6,2.1,0.0,581,0.0,0.0,0.0,0.0,0.0,1.0
473101,0,1,3400,-52,52,478,18,19,0.75,1727488.000000,7,2.1,2.8,0.0,26080.000000,63,0.0,0.0,0.0,1.0
473350,0,1,3400,-52,52,474,18,18,0.82,1749911.625000,8,2.1,1.4,0.0,5558.232910,0,0.0,0.0,0.0,1.0
473599,0,1,3400,-53,53,471,17,18,0.83,1629792.000000,9,2.1,0.56,0.0,0.0,0,0.0,0.0,0.0,1.0
473848,0,1,3400,-52,52,476,18,19,0.60,1835456.000000,2,2.1,7.6,0.0,5536.000000,44,0.0,0.0,0.0,1.0
474097,0,1,3400,-53,53,476,15,18,0.77,1444047.750000,8,2.1,7.4,0.0,60398.406250,0,0.0,0.0,0.0,1.0
474346,0,1,3400,-52,52,475,17,18,0.72,1608576.000000,6,2.1,7.5,0.0,0.0,0.0,0.0,0.0,0.0,1.0
474595,0,1,3400,-52,52,475,18,18,0.81,1797440.000000,8,2.1,7.5,0.0,0.0,0.0,0.0,0.0,0.0,1.0
474844,0,1,3400,-53,53,476,17,19,0.68,1703903.625000,5,2.1,7.5,581,0.0,0.0,0.0,0.0,0.0,1.0
475093,0,1,3400,-52,52,479,18,18,0.85,1727488.000000,9,2.1,0.84,0.0,47264.000000,0,0.0,0.0,0.0,1.0
475342,0,1,3400,-53,53,479,18,18,0.72,1758336.000000,5,2.1,0.0,0.0,0.0,0.0,0.0,0.0,0.0,1.0
475591,0,1,3400,-52,52,478,17,19,0.75,1662000.000000,7,2.1,0.0,0.0,0.0,0.0,0.0,0.0,0.0,1.0
475840,0,1,3400,-52,52,478,17,19,0.79,1692224.000000,7,2.1,0.0,581,5536.000000,0,0.0,0.0,0.0,1.0
476089,0,1,3400,-52,52,478,18,18,0.79,1750624.000000,7,2.1,1.0,0.0,30912.000000,32,0.0,0.0,0.0,1.0
476338,0,1,3400,-54,54,472,16,17,0.64,1489047.625000,4,2.1,0.96,0.0,16920.634766,0,0.0,0.0,0.0,1.0
476587,0,1,3400,-53,53,481,18,18,0.81,1746016.000000,5,2.1,7.5,0.0,17056.000000,0,0.0,0.0,0.0,1.0
476836,0,1,3400,-52,52,483,18,19,0.75,1758336.000000,6,2.1,7.8,0.0,2336.000000,0,0.0,0.0,0.0,1.0
477085,0,1,3400,-52,52,476,17,18,0.78,1684576.000000,7,2.1,0.40,0.0,129696.000000,6,0.0,0.0,0.0,1.0
477334,0,1,3400,-53,53,468,18,18,0.85,1783807.250000,10,2.1,0.016,0.0,5558.232910,0,0.0,0.0,0.0,1.0
477583,0,1,3400,-52,52,475,17,18,0.67,1775552.000000,4,2.1,0.0,0.0,0.0,0,0.0,0.0,0.0,1.0
477832,0,1,3400,-53,53,476,18,19,0.70,1804608.000000,5,2.1,5.3,0.0,24928.000000,0,0.0,0.0,0.0,1.0
478081,0,1,3400,-52,52,470,17,18,0.74,1684960.000000,6,2.1,14,0.0,110624.000000,25,0.0,0.0,0.0,1.0
478330,0,1,3400,-52,52,475,18,18,0.74,1773760.000000,6,2.1,14,0.0,0.0,0.0,0.0,0.0,0.0,1.0
478579,0,1,3400,-52,52,476,18,17,0.93,1636111.500000,12,2.1,14,0.0,0.0,0.0,0.0,0.0,0.0,1.0
478828,0,1,3400,-52,52,476,18,18,0.81,1715232.000000,8,2.1,14,581,0.0,0.0,0.0,0.0,0.0,1.0
479077,0,1,3400,-52,52,474,18,19,0.73,1791072.000000,6,2.1,2.8,0.0,30912.000000,24,0.0,0.0,0.0,1.0
479326,0,1,3400,-52,52,476,17,19,0.77,1660544.000000,7,2.1,0.0,0.0,0.0,0.0,0.0,0.0,0.0,1.0
479575,0,1,3400,-53,53,479,18,19,0.71,1744672.000000,5,2.1,0.0,0.0,0.0,0.0,0.0,0.0,0.0,1.0
479824,0,1,3400,-53,53,474,17,18,0.88,1567100.375000,11,2.1,0.36,55,0.0,50,0.0,0.0,0.0,1.0
480073,0,1,3400,-52,52,475,17,18,0.92,1600224.000000,12,2.1,6.8,0.0,7680.000000,43,0.0,0.0,0.0,1.0
480322,0,1,3400,-53,53,474,17,19,0.69,1686304.000000,5,2.1,0.0,0.0,5536.000000,0,0.0,0.0,0.0,1.0
480571,0,1,3400,-52,52,476,18,19,0.62,1812320.000000,2,2.1,0.0,0.0,0.0,0.0,0.0,0.0,0.0,1.0
480820,0,1,3400,-52,52,475,18,18,0.83,1712924.250000,8,2.1,0.0080,581,0.0,0.0,0.0,0.0,0.0,1.0
481069,0,1,3400,-52,52,481,20,19,0.68,2096768.000000,4,2.1,0.0080,0.0,62720.000000,27,0.0,0.0,0.0,1.0
481318,0,1,3400,-53,53,481,18,19,0.66,1850112.000000,3,2.1,0.0,0.0,0.0,0.0,0.0,0.0,0.0,1.0
481567,0,1,3400,-52,52,476,18,18,0.77,1727488.000000,7,2.1,0.0,0.0,5536.000000,33,0.0,0.0,0.0,1.0
481816,0,1,3400,-53,53,476,15,19,0.71,1572176.750000,5,2.1,0.060,451,9959.839844,0,0.0,0.0,0.0,1.0
482065,0,1,3400,-52,52,475,19,19,0.77,1919456.000000,7,2.1,16,0.0,170976.000000,68,0.0,0.0,0.0,1.0
482314,0,1,3400,-53,53,476,18,18,0.73,1697561.750000,7,2.1,16,0.0,0.0,0.0,0.0,0.0,0.0,1.0
482563,0,1,3400,-52,52,475,18,18,0.80,1727488.000000,8,2.1,16,0.0,0.0,0.0,0.0,0.0,0.0,1.0
482812,0,1,3400,-53,53,471,18,19,0.66,1782055.750000,3,2.1,13,55,5513.944336,25,0.0,0.0,0.0,1.0
483061,0,1,3400,-53,53,479,18,17,0.78,1720605.625000,7,2.1,9.4,0.0,7649.402344,43,0.0,0.0,0.0,1.0
483310,0,1,3400,-52,52,478,18,19,0.76,1750624.000000,7,2.1,0.0080,0.0,0.0,0.0,0.0,0.0,0.0,1.0
483559,0,1,3400,-52,52,477,18,18,0.81,1719008.000000,7,2.1,1.3,0.0,5536.000000,57,0.0,0.0,0.0,1.0
483808,0,1,3400,-52,52,477,18,18,0.73,1756883.500000,6,2.1,1.1,0.0,5558.232910,0,0.0,0.0,0.0,1.0
484057,0,1,3400,-52,52,476,18,17,0.81,1704352.000000,9,2.1,0.0,0.0,36192.000000,14,0.0,0.0,0.0,1.0
484306,0,1,3400,-52,52,477,18,18,0.85,1719008.000000,9,2.1,0.0,0.0,0.0,0.0,0.0,0.0,0.0,1.0
484555,0,1,3400,-52,52,475,17,19,0.80,1604960.000000,8,2.1,0.0,0.0,0.0,0.0,0.0,0.0,0.0,1.0
484804,0,1,3400,-53,53,475,17,18,0.70,1598688.000000,5,2.1,0.0,581,0.0,0.0,0.0,0.0,0.0,1.0
485053,0,1,3400,-52,52,480,18,19,0.71,1743649.375000,6,2.1,0.0,0.0,41561.753906,0,0.0,0.0,0.0,1.0
485302,0,1,3400,-52,52,474,19,19,0.73,2076544.000000,4,2.1,0.0,0.0,0.0,0.0,0.0,0.0,0.0,1.0
485551,0,1,3400,-52,52,476,17,18,0.93,1562592.000000,12,2.1,0.0,0.0,0.0,0.0,0.0,0.0,0.0,1.0
485800,0,1,3400,-52,52,479,18,19,0.68,1781472.000000,4,2.1,0.0,581,0.0,0.0,0.0,0.0,0.0,1.0
486049,0,1,3400,-52,52,479,18,19,0.57,1873799.250000,2,2.1,6.7,55,0.0,80,0.0,0.0,0.0,1.0
486298,0,1,3400,-53,53,474,17,18,0.69,1627296.000000,5,2.1,6.3,0.0,7360.000000,0,0.0,0.0,0.0,1.0
486547,0,1,3400,-53,53,478,18,18,0.86,1688928.000000,10,2.1,4.7,0.0,14400.000000,0,0.0,0.0,0.0,1.0
486796,0,1,3400,-53,53,475,18,19,0.68,1820032.000000,3,2.1,4.5,581,5536.000000,0,0.0,0.0,0.0,1.0
487045,0,1,3400,-52,52,474,18,19,0.68,1804608.000000,5,2.1,0.66,0.0,41728.000000,0,0.0,0.0,0.0,1.0
487294,0,1,3400,-52,52,479,18,18,0.76,1766693.250000,7,2.1,0.0,0.0,5513.944336,0,0.0,0.0,0.0,1.0
487543,0,1,3400,-52,52,480,18,19,0.76,1773760.000000,7,2.1,0.0,0.0,0.0,0.0,0.0,0.0,0.0,1.0
487792,0,1,3400,-53,53,479,18,18,0.84,1727488.000000,9,2.1,0.0,581,0.0,0.0,0.0,0.0,0.0,1.0
488041,0,1,3400,-52,52,477,18,18,0.83,1726682.750000,9,2.1,5.8,0.0,12947.791016,36,0.0,0.0,0.0,1.0
488290,0,1,3400,-53,53,471,18,18,0.72,1758336.000000,5,2.1,5.5,0.0,0.0,75,0.0,0.0,0.0,1.0
488539,0,1,3400,-52,52,477,17,18,0.77,1635552.000000,7,2.1,12,0.0,0.0,100.000000,0.0,0.0,0.0,1.0
488788,0,1,3400,-52,52,479,17,18,0.78,1614560.000000,7,2.1,8.3,55,5536.000000,25,0.0,0.0,0.0,1.0
489037,0,1,3400,-52,52,473,17,17,0.94,1570784.000000,12,2.1,4.1,0.0,14496.000000,47,0.0,0.0,0.0,1.0
489286,0,1,3400,-52,52,473,17,18,0.78,1638342.625000,6,2.1,0.0,0.0,0.0,0.0,0.0,0.0,0.0,1.0
489535,0,1,3400,-52,52,474,18,18,0.83,1696640.000000,9,2.1,0.0,0.0,0.0,0.0,0.0,0.0,0.0,1.0
489784,0,1,3400,-52,52,474,18,18,0.76,1758336.000000,7,2.1,0.35,0.0,2336.000000,0,0.0,0.0,0.0,1.0
490033,0,1,3400,-52,52,475,18,19,0.73,1773760.000000,6,2.1,1.7,0.0,32288.000000,44,0.0,0.0,0.0,1.0
490282,0,1,3400,-52,52,475,18,19,0.71,1844016.125000,5,2.1,0.0,0.0,0.0,0.0,0.0,0.0,0.0,1.0
490531,0,1,3400,-52,52,475,18,18,0.90,1681216.000000,11,2.1,0.0,0.0,5536.000000,0,0.0,0.0,0.0,1.0
490780,0,1,3400,-53,53,473,15,18,0.76,1458144.000000,7,2.1,0.0,0.0,5536.000000,67,0.0,0.0,0.0,1.0
491029,0,1,3400,-53,53,475,18,19,0.66,1858592.000000,2,2.1,1.0,0.0,25376.000000,27,0.0,0.0,0.0,1.0
491278,0,1,3400,-52,52,477,17,18,0.76,1661440.000000,7,2.1,0.0,0.0,0.0,0.0,0.0,0.0,0.0,1.0
491527,0,1,3400,-53,53,474,18,19,0.65,1780525.875000,4,2.1,0.0,0.0,5513.944336,0,0.0,0.0,0.0,1.0
491776,0,1,3400,-53,53,477,18,19,0.69,1750624.000000,5,2.1,0.0,415,5536.000000,0,0.0,0.0,0.0,1.0
492025,0,1,3400,-54,54,465,12,15,0.75,1075314.750000,6,2.1,0.0,0.0,30788.843750,0,0.0,0.0,0.0,1.0
492274,0,1,3400,-52,52,474,18,19,0.64,1843168.000000,3,2.1,0.0,0.0,0.0,0.0,0.0,0.0,0.0,1.0
492523,0,1,3400,-52,52,477,18,18,0.76,1765397.625000,7,2.1,0.060,0.0,0.0,0,0.0,0.0,0.0,1.0
492772,0,1,3400,-52,52,475,18,19,0.66,1804608.000000,3,2.1,4.9,0.0,21056.000000,45,0.0,0.0,0.0,1.0
493021,0,1,3400,-52,52,472,18,18,0.76,1766048.000000,7,2.1,15,0.0,3840.000000,67,0.0,0.0,0.0,1.0
493270,0,1,3400,-52,52,474,17,18,0.86,1644384.000000,10,2.1,15,0.0,0.0,0.0,0.0,0.0,0.0,1.0
493519,0,1,3400,-52,52,474,18,18,0.73,1719808.000000,7,2.1,15,0.0,0.0,0.0,0.0,0.0,0.0,1.0
493768,0,1,3400,-53,53,469,18,17,0.83,1681434.250000,10,2.1,15,0.0,7171.314941,0,0.0,0.0,0.0,1.0
494017,0,1,3400,-52,52,473,18,19,0.60,1826976.000000,2,2.1,1.1,0.0,19584.000000,33,0.0,0.0,0.0,1.0
494266,0,1,3400,-52,52,475,18,19,0.59,1834688.000000,2,2.1,0.0,0.0,0.0,0.0,0.0,0.0,0.0,1.0
494515,0,1,3400,-53,53,472,17,18,0.73,1726176.000000,6,2.1,0.0,0.0,0.0,0.0,0.0,0.0,0.0,1.0
494764,0,1,3400,-53,53,476,18,19,0.71,1765397.625000,6,2.1,0.060,0.0,5558.232910,0,0.0,0.0,0.0,1.0
495013,0,1,3400,-52,52,481,17,18,0.81,1576544.000000,8,2.1,1.7,0.0,28448.000000,33,0.0,0.0,0.0,1.0
495262,0,1,3400,-52,52,477,18,19,0.72,1758336.000000,6,2.1,1.0,0.0,0.0,0.0,0.0,0.0,0.0,1.0
495511,0,1,3400,-53,53,472,18,19,0.81,1727488.000000,9,2.1,1.0,0.0,0.0,0.0,0.0,0.0,0.0,1.0
495760,0,1,3400,-52,52,476,18,18,0.85,1689880.500000,9,2.1,1.0,581,0.0,0.0,0.0,0.0,0.0,1.0
496009,0,1,3400,-53,53,475,18,18,0.90,1688160.000000,11,2.1,1.1,0.0,25376.000000,31,0.0,0.0,0.0,1.0
496258,0,1,3400,-52,52,481,18,19,0.75,1789184.000000,6,2.1,0.0,0.0,0.0,0.0,0.0,0.0,0.0,1.0
496507,0,1,3400,-52,52,480,18,19,0.69,1812320.000000,5,2.1,0.0,0.0,5536.000000,33,0.0,0.0,0.0,1.0
496756,0,1,3400,-52,52,473,17,19,0.61,1816739.000000,2,2.1,0.0,581,0.0,0.0,0.0,0.0,0.0,1.0
497005,0,1,3400,-53,53,475,18,18,0.68,1735968.125000,5,2.1,0.0,0.0,44111.554688,13,0.0,0.0,0.0,1.0
497254,0,1,3400,-52,52,474,16,17,0.85,1524192.000000,9,2.1,0.0,0.0,5536.000000,0,0.0,0.0,0.0,1.0
497503,0,1,3400,-52,52,478,18,18,0.85,1688928.000000,10,2.1,0.0,0.0,0.0,0.0,0.0,0.0,0.0,1.0
497752,0,1,3400,-52,52,474,17,18,0.79,1612672.000000,8,2.1,0.0,245,5536.000000,0,0.0,0.0,0.0,1.0
498001,0,1,3400,-52,52,474,17,18,0.83,1567968.125000,9,2.1,7.7,0.0,134278.890625,18,0.0,0.0,0.0,1.0
498250,0,1,3400,-52,52,469,17,19,0.63,1747424.000000,4,2.1,1.9,0.0,5536.000000,0,0.0,0.0,0.0,1.0
498499,0,1,3400,-52,52,471,18,19,0.76,1781472.000000,6,2.1,4.8,0.0,5536.000000,50,0.0,0.0,0.0,1.0
498748,0,1,3400,-52,52,473,19,19,0.74,2026763.000000,6,2.1,2.5,451,9959.839844,50,0.0,0.0,0.0,1.0
498997,0,1,3400,-52,52,476,17,18,0.78,1665280.000000,8,2.1,0.78,0.0,38080.000000,9,0.0,0.0,0.0,1.0
499246,0,1,3400,-53,53,479,16,18,0.60,1648573.750000,3,2.1,3.4,0.0,22501.992188,0,0.0,0.0,0.0,1.0
499495,0,1,3400,-53,53,483,16,18,0.63,1542304.000000,3,2.1,7.5,0.0,0.0,0.0,0.0,0.0,0.0,1.0
499744,0,1,3400,-52,52,479,17,18,0.79,1625152.000000,8,2.1,7.5,581,0.0,0.0,0.0,0.0,0.0,1.0
499993,0,1,3400,-52,52,476,18,19,0.65,1827744.000000,3,2.1,14,55,0.0,80,0.0,0.0,0.0,1.0
500242,0,1,3400,-53,53,479,18,18,0.80,1735968.125000,8,2.1,10,0.0,9466.135742,42,0.0,0.0,0.0,1.0
500491,0,1,3400,-53,53,474,18,18,0.75,1727488.000000,7,2.1,4.5,0.0,0.0,0.0,0.0,0.0,0.0,1.0
500740,0,1,3400,-52,52,474,18,19,0.63,1826976.000000,3,2.1,4.5,581,5536.000000,0,0.0,0.0,0.0,1.0
500989,0,1,3400,-52,52,473,16,19,0.65,1570024.125000,4,2.1,0.65,0.0,41895.582031,0,0.0,0.0,0.0,1.0
501238,0,1,3400,-52,52,475,17,19,0.63,1768256.000000,3,2.1,0.0,0.0,5536.000000,0,0.0,0.0,0.0,1.0
501487,0,1,3400,-52,52,469,18,18,0.81,1735200.000000,9,2.1,0.0,0.0,0.0,0.0,0.0,0.0,0.0,1.0
501736,0,1,3400,-53,53,475,18,19,0.66,1773760.000000,4,2.1,0.0,581,0.0,0.0,0.0,0.0,0.0,1.0
501985,0,1,3400,-52,52,474,17,19,0.69,1685760.000000,4,2.1,1.0,0.0,25248.000000,24,0.0,0.0,0.0,1.0
502234,0,1,3400,-52,52,474,18,19,0.65,1827744.000000,2,2.1,0.0,0.0,0.0,0.0,0.0,0.0,0.0,1.0
502483,0,1,3400,-52,52,471,18,19,0.73,1757482.125000,6,2.1,0.33,0.0,8828.685547,0,0.0,0.0,0.0,1.0
502732,0,1,3400,-53,53,474,17,18,0.72,1566144.000000,5,2.1,1.0,0.0,0.0,0.0,0.0,0.0,0.0,1.0
502981,0,1,3400,-52,52,475,16,19,0.63,1629365.500000,3,2.1,2.6,0.0,99437.750000,17,0.0,0.0,0.0,1.0
503230,0,1,3400,-52,52,473,18,19,0.63,1811552.000000,2,2.1,1.0,0.0,11072.000000,0,0.0,0.0,0.0,1.0
503479,0,1,3400,-53,53,471,18,18,0.76,1712064.000000,7,2.1,1.0,0.0,0.0,0.0,0.0,0.0,0.0,1.0
503728,0,1,3400,-52,52,476,18,18,0.71,1789184.000000,6,2.1,0.99,407,5536.000000,0,0.0,0.0,0.0,1.0
503977,0,1,3400,-52,52,478,17,18,0.73,1714624.000000,6,2.1,0.0,0.0,33600.000000,7,0.0,0.0,0.0,1.0
504226,0,1,3400,-53,53,479,18,18,0.69,1820032.000000,4,2.1,4.6,0.0,17056.000000,0,0.0,0.0,0.0,1.0
504475,0,1,3400,-52,52,476,14,19,0.78,1421705.125000,7,2.1,7.4,0.0,0.0,67,0.0,0.0,0.0,1.0
504724,0,1,3400,-52,52,473,17,18,0.82,1623392.000000,8,2.1,0.0,75,11072.000000,0,0.0,0.0,0.0,1.0
504973,0,1,3400,-52,52,473,16,18,0.78,1561856.000000,7,2.1,1.1,0.0,90560.000000,35,0.0,0.0,0.0,1.0
505222,0,1,3400,-52,52,478,18,18,0.83,1737799.250000,9,2.1,0.0,0.0,0.0,0.0,0.0,0.0,0.0,1.0
505471,0,1,3400,-52,52,482,17,19,0.74,1606784.000000,6,2.1,0.0,0.0,0.0,0.0,0.0,0.0,0.0,1.0
505720,0,1,3400,-52,52,477,18,19,0.66,1804608.000000,4,2.1,3.1,55,42976.000000,0,0.0,0.0,0.0,1.0
505969,0,1,3400,-52,52,473,20,19,0.74,2200640.000000,6,2.1,16,0.0,109920.000000,75,0.0,0.0,0.0,1.0
506218,0,1,3400,-53,53,472,16,18,0.56,1550240.000000,2,2.1,16,0.0,0.0,0.0,0.0,0.0,0.0,1.0
506467,0,1,3400,-52,52,474,17,17,0.80,1636192.000000,7,2.1,9.5,0.0,5536.000000,0,0.0,0.0,0.0,1.0
506716,0,1,3400,-53,53,473,18,18,0.75,1705243.000000,7,2.1,11,0.0,16988.046875,0,0.0,0.0,0.0,1.0
506965,0,1,3400,-53,53,471,17,18,0.88,1625920.000000,10,2.1,16,55,0.0,80,0.0,0.0,0.0,1.0
507214,0,1,3400,-53,53,473,18,17,0.97,1666836.625000,10,2.1,12,0.0,12844.621094,14,0.0,0.0,0.0,1.0
507463,0,1,3400,-52,52,469,17,19,0.63,1797152.000000,2,2.1,4.5,0.0,0.0,0.0,0.0,0.0,0.0,1.0
507712,0,1,3400,-53,53,473,18,19,0.64,1835084.375000,4,2.1,7.3,0.0,17124.498047,0,0.0,0.0,0.0,1.0
507961,0,1,3400,-52,52,477,17,17,0.89,1644416.000000,10,2.1,15,55,0.0,80,0.0,0.0,0.0,1.0
508210,0,1,3400,-52,52,477,18,19,0.66,1799360.000000,4,2.1,8.5,0.0,13216.000000,0,0.0,0.0,0.0,1.0
508459,0,1,3400,-52,52,478,17,18,0.83,1660640.000000,8,2.1,0.0,0.0,0.0,0.0,0.0,0.0,0.0,1.0
508708,0,1,3400,-52,52,475,18,18,0.65,1835456.000000,2,2.1,0.0,581,0.0,0.0,0.0,0.0,0.0,1.0
508957,0,1,3400,-53,53,473,18,18,0.75,1751330.625000,7,2.1,0.0,0.0,47075.695312,0,0.0,0.0,0.0,1.0
509206,0,1,3400,-52,52,472,17,17,0.88,1594528.000000,10,2.1,0.0,0.0,0.0,0.0,0.0,0.0,0.0,1.0
509455,0,1,3400,-52,52,472,18,19,0.70,1781472.000000,5,2.1,0.0,0.0,0.0,0.0,0.0,0.0,0.0,1.0
509704,0,1,3400,-52,52,474,18,19,0.75,1765397.625000,7,2.1,2.8,581,0.0,80,0.0,0.0,0.0,1.0
509953,0,1,3400,-52,52,471,18,19,0.71,1781472.000000,6,2.1,3.1,0.0,96992.000000,25,0.0,0.0,0.0,1.0
510202,0,1,3400,-52,52,474,18,18,0.80,1735200.000000,9,2.1,2.0,0.0,0.0,0.0,0.0,0.0,0.0,1.0
510451,0,1,3400,-52,52,472,18,18,0.87,1688928.000000,10,2.1,2.0,0.0,0.0,0.0,0.0,0.0,0.0,1.0
510700,0,1,3400,-52,52,472,18,19,0.72,1789184.000000,6,2.1,1.5,581,5536.000000,33,0.0,0.0,0.0,1.0
510949,0,1,3400,-52,52,474,18,18,0.71,1774374.500000,6,2.1,0.14,0.0,36047.808594,0,0.0,0.0,0.0,1.0
511198,0,1,3400,-52,52,473,17,18,0.72,1667855.375000,6,2.1,0.0,0.0,0.0,0.0,0.0,0.0,0.0,1.0
511447,0,1,3400,-52,52,475,18,18,0.81,1698263.000000,9,2.1,0.0,0.0,0.0,0.0,0.0,0.0,0.0,1.0
511696,0,1,3400,-52,52,477,18,19,0.67,1827341.375000,4,2.1,0.0,581,0.0,0.0,0.0,0.0,0.0,1.0
511945,0,1,3400,-53,53,477,18,19,0.63,1803840.000000,3,2.1,1.0,0.0,25376.000000,27,0.0,0.0,0.0,1.0
512194,0,1,3400,-53,53,475,18,18,0.77,1735200.000000,8,2.1,0.0,0.0,0.0,0.0,0.0,0.0,0.0,1.0
512443,0,1,3400,-52,52,475,18,19,0.71,1796896.000000,5,2.1,0.0,0.0,0.0,0.0,0.0,0.0,0.0,1.0
512692,0,1,3400,-52,52,473,16,17,1.0,1440704.000000,14,2.1,0.0080,0.0,0.0,0.0,0.0,0.0,0.0,1.0
512941,0,1,3400,-52,52,472,18,19,0.66,1804608.000000,4,2.1,0.50,0.0,30496.000000,0,0.0,0.0,0.0,1.0
513190,0,1,3400,-53,53,474,16,18,0.76,1582247.000000,5,2.1,0.50,0.0,0.0,0.0,0.0,0.0,0.0,1.0
513439,0,1,3400,-52,52,477,18,18,0.91,1613056.000000,12,2.1,0.51,0.0,0.0,0.0,0.0,0.0,0.0,1.0
513688,0,1,3400,-52,52,474,15,19,0.71,1509237.000000,6,2.1,0.60,0.0,3502.008057,0,0.0,0.0,0.0,1.0
513937,0,1,3400,-52,52,473,18,18,0.75,1735200.000000,7,2.1,2.7,0.0,28416.000000,33,0.0,0.0,0.0,1.0
514186,0,1,3400,-52,52,476,18,20,0.59,1894208.000000,2,2.1,2.0,0.0,0.0,0.0,0.0,0.0,0.0,1.0
514435,0,1,3400,-52,52,480,18,19,0.68,1812320.000000,5,2.1,7.3,0.0,0.0,80,0.0,0.0,0.0,1.0
514684,0,1,3400,-52,52,474,18,18,0.69,1796896.000000,4,2.1,2.1,0.0,5536.000000,0,0.0,0.0,0.0,1.0
514933,0,1,3400,-53,53,477,17,16,0.92,1579008.000000,11,2.1,5.7,55,0.0,80,0.0,0.0,0.0,1.0
515182,0,1,3400,-52,52,477,18,19,0.70,1730784.000000,4,2.1,5.6,0.0,7680.000000,44,0.0,0.0,0.0,1.0
515431,0,1,3400,-53,53,475,17,18,0.71,1639266.875000,5,2.1,1.0,0.0,8828.685547,0,0.0,0.0,0.0,1.0
515680,0,1,3400,-52,52,471,17,18,0.79,1709984.000000,7,2.1,7.3,0.0,5536.000000,57,0.0,0.0,0.0,1.0
515929,0,1,3400,-52,52,471,18,18,0.79,1756883.500000,8,2.1,1.6,0.0,91823.296875,18,0.0,0.0,0.0,1.0
516178,0,1,3400,-54,54,460,15,16,0.70,1364448.000000,6,2.1,1.0,0.0,0.0,0.0,0.0,0.0,0.0,1.0
516427,0,1,3400,-52,52,473,18,18,0.82,1696640.000000,9,2.1,1.0,0.0,5536.000000,0,0.0,0.0,0.0,1.0
516676,0,1,3400,-53,53,480,17,18,0.71,1724640.000000,5,2.1,1.4,0.0,1120.000000,0,0.0,0.0,0.0,1.0
516925,0,1,3400,-53,53,477,18,19,0.60,1900352.000000,2,2.1,1.9,0.0,25120.000000,29,0.0,0.0,0.0,1.0
517174,0,1,3400,-52,52,470,18,19,0.74,1727488.000000,6,2.1,0.0,0.0,0.0,0.0,0.0,0.0,0.0,1.0
517423,0,1,3400,-52,52,472,18,17,1.1,1577880.500000,14,2.1,0.0,0.0,0.0,0.0,0.0,0.0,0.0,1.0
517672,0,1,3400,-53,53,474,17,18,0.81,1576352.000000,8,2.1,0.0,581,0.0,0.0,0.0,0.0,0.0,1.0
517921,0,1,3400,-53,53,477,18,19,0.68,1819598.375000,5,2.1,5.2,0.0,23518.072266,52,0.0,0.0,0.0,1.0
518170,0,1,3400,-53,53,475,17,18,0.74,1635808.000000,6,2.1,0.50,0.0,0.0,0.0,0.0,0.0,0.0,1.0
518419,0,1,3400,-52,52,477,18,18,0.73,1712064.000000,6,2.1,0.50,0.0,0.0,0.0,0.0,0.0,0.0,1.0
518668,0,1,3400,-52,52,475,18,18,0.78,1727488.000000,8,2.1,0.50,0.0,0.0,0.0,0.0,0.0,0.0,1.0
518917,0,1,3400,-53,53,476,18,19,0.62,1843168.000000,2,2.1,0.072,0.0,36192.000000,0,0.0,0.0,0.0,1.0
519166,0,1,3400,-53,53,472,17,18,0.72,1645088.000000,5,2.1,0.0,0.0,0.0,0.0,0.0,0.0,0.0,1.0
519415,0,1,3400,-52,52,478,18,18,0.81,1688928.000000,8,2.1,0.0,0.0,11072.000000,0,0.0,0.0,0.0,1.0
519664,0,1,3400,-52,52,475,18,19,0.70,1782055.750000,5,2.1,4.0,581,22501.992188,0,0.0,0.0,0.0,1.0
519913,0,1,3400,-52,52,472,18,19,0.63,1698464.000000,3,2.1,7.1,0.0,5536.000000,56,0.0,0.0,0.0,1.0
520162,0,1,3400,-52,52,475,14,18,0.50,0.0,0.0,2.1,4.5,0.0,1831.325317,0,0.0,0.0,0.0,1.0
520411,0,1,3400,-52,52,473,14,19,0.50,0.0,0.0,2.1,4.5,0.0,0.0,0.0,0.0,0.0,0.0,1.0
520660,0,1,3400,-52,52,476,14,19,0.50,0.0,0.0,2.1,4.5,0.0,0.0,0.0,0.0,0.0,0.0,1.0
520909,0,1,3400,-53,53,472,14,19,0.50,0.0,0.0,2.1,4.5,0.0,0.0,0.0,0.0,0.0,0.0,1.0
521158,0,1,3400,-52,52,468,14,20,0.50,0.0,0.0,2.1,4.5,0.0,0.0,0.0,0.0,0.0,0.0,1.0
521407,0,1,3400,-52,52,475,14,19,0.50,0.0,0.0,2.1,4.5,0.0,0.0,0.0,0.0,0.0,0.0,1.0
521656,0,1,3400,-52,52,476,14,18,0.50,0.0,0.0,2.1,4.5,0.0,0.0,0.0,0.0,0.0,0.0,1.0
521905,0,1,3400,-53,53,478,14,20,0.50,0.0,0.0,2.1,4.5,0.0,0.0,0.0,0.0,0.0,0.0,1.0
522154,0,1,3400,-52,52,475,14,19,0.50,0.0,0.0,2.1,4.5,0.0,0.0,0.0,0.0,0.0,0.0,1.0
522403,0,1,3400,-53,53,479,14,19,0.50,0.0,0.0,2.1,4.5,0.0,0.0,0.0,0.0,0.0,0.0,1.0
522652,0,1,3400,-52,52,478,14,19,0.50,0.0,0.0,2.1,4.5,0.0,0.0,0.0,0.0,0.0,0.0,1.0
522901,0,1,3400,-52,52,474,14,20,0.50,0.0,0.0,2.1,4.5,0.0,0.0,0.0,0.0,0.0,0.0,1.0
523150,0,1,3400,-52,52,477,14,20,0.50,0.0,0.0,2.1,4.5,0.0,0.0,0.0,0.0,0.0,0.0,1.0
523399,0,1,3400,-53,53,470,14,19,0.50,0.0,0.0,2.1,4.5,0.0,0.0,0.0,0.0,0.0,0.0,1.0
523648,0,1,3400,-52,52,467,14,18,0.50,0.0,0.0,2.1,4.5,0.0,0.0,0.0,0.0,0.0,0.0,1.0
523897,0,1,3400,-52,52,470,14,19,0.50,0.0,0.0,2.1,4.5,0.0,0.0,0.0,0.0,0.0,0.0,1.0
524146,0,1,3400,-53,53,472,14,19,0.50,0.0,0.0,2.1,4.5,0.0,