time,cc,pci,earfcn,rsrp,pl,cfo,dl_mcs,dl_snr,dl_turbo,dl_brate,dl_bler,ul_ta,ul_mcs,ul_buff,ul_brate,ul_bler,rf_o,rf_u,rf_l,is_attached
249,0,0,3400,0.0,0.0,0.0,0.0,0.0,0.0,0.0,0.0,0.0,0.0,0.0,0.0,0.0,0.0,0.0,0.0,0.0
498,0,0,3400,0.0,0.0,0.0,0.0,0.0,0.0,0.0,0.0,0.0,0.0,0.0,0.0,0.0,0.0,0.0,0.0,0.0
747,0,1,3400,-57,57,322,0.45,14,0.11,581,0,0.0,0.0,0.0,0.0,0.0,0.0,0.0,0.0,0.0
996,0,1,3400,-57,57,299,2.8,15,0.43,2336.000000,0,0.0,0.0,33,448,0,0.0,0.0,0.0,1.0
1245,0,1,3400,-57,57,304,3.5,15,0.50,0.0,0.0,1.0,0.0,33,0.0,0.0,0.0,0.0,0.0,1.0
1494,0,1,3400,-57,57,300,2.7,15,0.50,5568.000000,0,1.0,9.5,0.0,94496.000000,0,0.0,0.0,0.0,1.0
1743,0,1,3400,-57,57,300,2.9,15,0.50,5920.000000,0,2.1,12,0.0,55712.000000,0,0.0,0.0,0.0,1.0
1992,0,1,3400,-57,57,299,5.5,15,0.50,0.0,0.0,2.1,10,0.0,1024.000000,0,0.0,0.0,0.0,1.0
2241,0,1,3400,-57,57,294,5.5,15,0.50,0.0,0.0,2.1,10,0.0,0.0,0.0,0.0,0.0,0.0,1.0
2490,0,1,3400,-57,57,295,5.5,14,0.50,0.0,0.0,2.1,10,0.0,34112.000000,0,0.0,0.0,0.0,1.0
2739,0,1,3400,-57,57,299,5.5,15,0.50,0.0,0.0,2.1,10,0.0,34112.000000,0,0.0,0.0,0.0,1.0
2988,0,1,3400,-57,57,298,5.5,15,0.50,0.0,0.0,2.1,10,0.0,0.0,0.0,0.0,0.0,0.0,1.0
3237,0,1,3400,-57,57,300,5.5,15,0.50,0.0,0.0,2.1,10,0.0,51168.000000,0,0.0,0.0,0.0,1.0
3486,0,1,3400,-57,57,300,5.5,14,0.50,0.0,0.0,2.1,10,0.0,17056.000000,0,0.0,0.0,0.0,1.0
3735,0,1,3400,-57,57,299,5.5,14,0.50,0.0,0.0,2.1,10,0.0,0.0,0.0,0.0,0.0,0.0,1.0
3984,0,1,3400,-57,57,299,5.5,14,0.50,0.0,0.0,2.1,10,0.0,0.0,0.0,0.0,0.0,0.0,1.0
4233,0,1,3400,-57,57,300,5.5,14,0.50,0.0,0.0,2.1,11,0.0,0.0,0.0,0.0,0.0,0.0,1.0
4482,0,1,3400,-57,57,298,5.5,14,0.50,0.0,0.0,2.1,10,0.0,0.0,0.0,0.0,0.0,0.0,1.0
4731,0,1,3400,-57,57,304,5.5,14,0.50,0.0,0.0,2.1,10,0.0,0.0,0.0,0.0,0.0,0.0,1.0
4980,0,1,3400,-57,57,302,5.5,14,0.50,0.0,0.0,2.1,10,0.0,0.0,0.0,0.0,0.0,0.0,1.0
5229,0,1,3400,-57,57,297,5.5,14,0.50,0.0,0.0,2.1,10,0.0,0.0,0.0,0.0,0.0,0.0,1.0
5478,0,1,3400,-57,57,298,5.5,14,0.50,0.0,0.0,2.1,10,0.0,0.0,0.0,0.0,0.0,0.0,1.0
5727,0,1,3400,-57,57,298,5.5,14,0.50,0.0,0.0,2.1,10,0.0,0.0,0.0,0.0,0.0,0.0,1.0
5976,0,1,3400,-57,57,292,5.5,14,0.50,0.0,0.0,2.1,10,0.0,0.0,0.0,0.0,0.0,0.0,1.0
6225,0,1,3400,-57,57,297,5.5,14,0.50,0.0,0.0,2.1,10,0.0,0.0,0.0,0.0,0.0,0.0,1.0
6474,0,1,3400,-57,57,301,5.5,14,0.50,0.0,0.0,2.1,10,0.0,0.0,0.0,0.0,0.0,0.0,1.0
6723,0,1,3400,-57,57,297,5.5,14,0.50,0.0,0.0,2.1,10,0.0,0.0,0.0,0.0,0.0,0.0,1.0
6972,0,1,3400,-57,57,299,5.5,14,0.50,0.0,0.0,2.1,10,0.0,0.0,0.0,0.0,0.0,0.0,1.0
7221,0,1,3400,-57,57,301,5.5,14,0.50,0.0,0.0,2.1,10,0.0,0.0,0.0,0.0,0.0,0.0,1.0
7470,0,1,3400,-57,57,295,5.5,14,0.50,0.0,0.0,2.1,10,0.0,0.0,0.0,0.0,0.0,0.0,1.0
7719,0,1,3400,-57,57,295,5.5,13,0.50,0.0,0.0,2.1,10,0.0,0.0,0.0,0.0,0.0,0.0,1.0
7968,0,1,3400,-57,57,295,5.5,14,0.50,0.0,0.0,2.1,10,0.0,0.0,0.0,0.0,0.0,0.0,1.0
8217,0,1,3400,-57,57,298,5.5,13,0.50,0.0,0.0,2.1,11,0.0,0.0,0.0,0.0,0.0,0.0,1.0
8466,0,1,3400,-57,57,298,5.5,14,0.50,0.0,0.0,2.1,10,0.0,0.0,0.0,0.0,0.0,0.0,1.0
8715,0,1,3400,-57,57,301,5.5,14,0.50,0.0,0.0,2.1,10,0.0,0.0,0.0,0.0,0.0,0.0,1.0
8964,0,1,3400,-57,57,301,5.5,14,0.50,0.0,0.0,2.1,10,0.0,17056.000000,0,0.0,0.0,0.0,1.0
9213,0,1,3400,-57,57,300,5.5,14,0.50,0.0,0.0,2.1,10,0.0,0.0,0.0,0.0,0.0,0.0,1.0
9462,0,1,3400,-57,57,302,5.5,14,0.50,0.0,0.0,2.1,10,0.0,0.0,0.0,0.0,0.0,0.0,1.0
9711,0,1,3400,-57,57,301,5.5,14,0.50,0.0,0.0,2.1,10,0.0,0.0,0.0,0.0,0.0,0.0,1.0
9960,0,1,3400,-57,57,300,5.5,14,0.50,0.0,0.0,2.1,10,0.0,0.0,0.0,0.0,0.0,0.0,1.0
10209,0,1,3400,-57,57,297,5.5,14,0.50,0.0,0.0,2.1,10,0.0,0.0,0.0,0.0,0.0,0.0,1.0
10458,0,1,3400,-57,57,299,5.5,14,0.50,0.0,0.0,2.1,10,0.0,0.0,0.0,0.0,0.0,0.0,1.0
10707,0,1,3400,-57,57,297,5.5,14,0.50,0.0,0.0,2.1,10,0.0,0.0,0.0,0.0,0.0,0.0,1.0
10956,0,1,3400,-57,57,296,5.5,14,0.50,0.0,0.0,2.1,10,0.0,0.0,0.0,0.0,0.0,0.0,1.0
11205,0,1,3400,-57,57,300,5.5,14,0.50,0.0,0.0,2.1,10,0.0,0.0,0.0,0.0,0.0,0.0,1.0
11454,0,1,3400,-57,57,299,5.5,13,0.50,0.0,0.0,2.1,11,0.0,0.0,0.0,0.0,0.0,0.0,1.0
11703,0,1,3400,-57,57,292,5.5,13,0.50,0.0,0.0,2.1,10,0.0,0.0,0.0,0.0,0.0,0.0,1.0
11952,0,1,3400,-57,57,291,5.5,14,0.50,0.0,0.0,2.1,10,0.0,0.0,0.0,0.0,0.0,0.0,1.0
12201,0,1,3400,-57,57,295,5.5,14,0.50,0.0,0.0,2.1,10,0.0,0.0,0.0,0.0,0.0,0.0,1.0
12450,0,1,3400,-57,57,299,5.5,13,0.50,0.0,0.0,2.1,11,0.0,0.0,0.0,0.0,0.0,0.0,1.0
12699,0,1,3400,-57,57,302,5.5,14,0.50,0.0,0.0,2.1,10,0.0,0.0,0.0,0.0,1.0,2.0,1.0
12948,0,1,3400,-57,57,300,5.5,14,0.50,0.0,0.0,2.1,10,0.0,0.0,0.0,0.0,0.0,0.0,1.0
13197,0,1,3400,-57,57,297,5.5,14,0.50,0.0,0.0,2.1,10,0.0,0.0,0.0,0.0,0.0,0.0,1.0
13446,0,1,3400,-57,57,297,5.5,14,0.50,0.0,0.0,2.1,10,0.0,0.0,0.0,0.0,0.0,0.0,1.0
13695,0,1,3400,-57,57,298,5.5,14,0.50,0.0,0.0,2.1,10,0.0,0.0,0.0,0.0,0.0,0.0,1.0
13944,0,1,3400,-57,57,297,5.5,13,0.50,0.0,0.0,2.1,10,0.0,0.0,0.0,0.0,0.0,0.0,1.0
14193,0,1,3400,-57,57,294,5.5,14,0.50,0.0,0.0,2.1,10,0.0,0.0,0.0,0.0,0.0,0.0,1.0
14442,0,1,3400,-57,57,295,5.5,14,0.50,0.0,0.0,2.1,10,0.0,0.0,0.0,0.0,0.0,0.0,1.0
14691,0,1,3400,-57,57,298,5.5,14,0.50,0.0,0.0,2.1,10,0.0,0.0,0.0,0.0,0.0,0.0,1.0
14940,0,1,3400,-57,57,298,5.5,14,0.50,0.0,0.0,2.1,10,0.0,0.0,0.0,0.0,0.0,0.0,1.0
15189,0,1,3400,-57,57,304,5.5,14,0.50,0.0,0.0,2.1,10,0.0,0.0,0.0,0.0,0.0,0.0,1.0
15438,0,1,3400,-57,57,305,5.5,14,0.50,0.0,0.0,2.1,10,0.0,0.0,0.0,0.0,0.0,0.0,1.0
15687,0,1,3400,-57,57,300,5.5,13,0.50,0.0,0.0,2.1,10,0.0,0.0,0.0,0.0,0.0,0.0,1.0
15936,0,1,3400,-57,57,297,5.5,13,0.50,0.0,0.0,2.1,10,0.0,0.0,0.0,0.0,0.0,0.0,1.0
16185,0,1,3400,-57,57,299,5.5,14,0.50,0.0,0.0,2.1,10,0.0,0.0,0.0,0.0,0.0,0.0,1.0
16434,0,1,3400,-57,57,299,5.5,14,0.50,0.0,0.0,2.1,10,0.0,0.0,0.0,0.0,0.0,0.0,1.0
16683,0,1,3400,-57,57,297,5.5,13,0.50,0.0,0.0,2.1,10,0.0,0.0,0.0,0.0,0.0,0.0,1.0
16932,0,1,3400,-57,57,296,5.5,13,0.50,0.0,0.0,2.1,10,0.0,0.0,0.0,0.0,0.0,0.0,1.0
17181,0,1,3400,-57,57,297,5.5,13,0.50,0.0,0.0,2.1,10,0.0,0.0,0.0,0.0,0.0,0.0,1.0
17430,0,1,3400,-57,57,298,5.5,14,0.50,0.0,0.0,2.1,10,0.0,0.0,0.0,0.0,0.0,0.0,1.0
17679,0,1,3400,-57,57,299,5.5,14,0.50,0.0,0.0,2.1,10,0.0,0.0,0.0,0.0,0.0,0.0,1.0
17928,0,1,3400,-57,57,301,5.5,14,0.50,0.0,0.0,2.1,10,0.0,0.0,0.0,0.0,0.0,0.0,1.0
18177,0,1,3400,-57,57,298,5.5,13,0.50,0.0,0.0,2.1,10,0.0,0.0,0.0,0.0,0.0,0.0,1.0
18426,0,1,3400,-57,57,298,5.5,13,0.50,0.0,0.0,2.1,10,0.0,0.0,0.0,0.0,0.0,0.0,1.0
18675,0,1,3400,-57,57,299,5.5,14,0.50,0.0,0.0,2.1,10,0.0,0.0,0.0,0.0,0.0,0.0,1.0
18924,0,1,3400,-57,57,302,5.5,14,0.50,0.0,0.0,2.1,10,0.0,0.0,0.0,0.0,0.0,0.0,1.0
19173,0,1,3400,-57,57,297,5.5,14,0.50,0.0,0.0,2.1,10,0.0,0.0,0.0,0.0,0.0,0.0,1.0
19422,0,1,3400,-57,57,294,5.5,14,0.50,0.0,0.0,2.1,10,0.0,0.0,0.0,0.0,0.0,0.0,1.0
19671,0,1,3400,-57,57,294,5.5,14,0.50,0.0,0.0,2.1,10,0.0,0.0,0.0,0.0,0.0,0.0,1.0
19920,0,1,3400,-57,57,296,5.5,13,0.50,0.0,0.0,2.1,11,0.0,0.0,0.0,0.0,0.0,0.0,1.0
20169,0,1,3400,-57,57,299,5.5,13,0.50,0.0,0.0,2.1,10,0.0,0.0,0.0,0.0,0.0,0.0,1.0
20418,0,1,3400,-57,57,302,5.5,13,0.50,0.0,0.0,2.1,10,0.0,0.0,0.0,0.0,0.0,0.0,1.0
20667,0,1,3400,-57,57,300,5.5,14,0.50,0.0,0.0,2.1,10,0.0,0.0,0.0,0.0,0.0,0.0,1.0
20916,0,1,3400,-57,57,298,5.5,13,0.50,0.0,0.0,2.1,10,0.0,0.0,0.0,0.0,0.0,0.0,1.0
21165,0,1,3400,-57,57,298,5.5,13,0.50,0.0,0.0,2.1,10,0.0,0.0,0.0,0.0,0.0,0.0,1.0
21414,0,1,3400,-57,57,303,5.5,14,0.50,0.0,0.0,2.1,10,0.0,0.0,0.0,0.0,0.0,0.0,1.0
21663,0,1,3400,-57,57,303,5.5,14,0.50,0.0,0.0,2.1,10,0.0,0.0,0.0,0.0,0.0,0.0,1.0
21912,0,1,3400,-57,57,301,5.5,14,0.50,0.0,0.0,2.1,10,0.0,0.0,0.0,0.0,0.0,0.0,1.0
22161,0,1,3400,-57,57,297,5.5,13,0.50,0.0,0.0,2.1,10,0.0,0.0,0.0,0.0,0.0,0.0,1.0
22410,0,1,3400,-57,57,293,5.5,13,0.50,0.0,0.0,2.1,10,0.0,0.0,0.0,0.0,0.0,0.0,1.0
22659,0,1,3400,-57,57,298,5.5,14,0.50,0.0,0.0,2.1,10,0.0,0.0,0.0,0.0,0.0,0.0,1.0
22908,0,1,3400,-57,57,297,5.5,14,0.50,0.0,0.0,2.1,10,0.0,0.0,0.0,0.0,0.0,0.0,1.0
23157,0,1,3400,-57,57,296,5.5,14,0.50,0.0,0.0,2.1,10,0.0,0.0,0.0,0.0,0.0,0.0,1.0
23406,0,1,3400,-57,57,295,5.5,14,0.50,0.0,0.0,2.1,10,0.0,0.0,0.0,0.0,0.0,0.0,1.0
23655,0,1,3400,-57,57,297,5.5,14,0.50,0.0,0.0,2.1,10,0.0,0.0,0.0,0.0,0.0,0.0,1.0
23904,0,1,3400,-57,57,302,5.5,14,0.50,0.0,0.0,2.1,10,0.0,0.0,0.0,0.0,0.0,0.0,1.0
24153,0,1,3400,-57,57,300,5.5,13,0.50,0.0,0.0,2.1,10,0.0,0.0,0.0,0.0,0.0,0.0,1.0
24402,0,1,3400,-57,57,297,5.5,13,0.50,0.0,0.0,2.1,10,0.0,0.0,0.0,0.0,0.0,0.0,1.0
24651,0,1,3400,-57,57,298,5.5,14,0.50,0.0,0.0,2.1,10,0.0,0.0,0.0,0.0,0.0,0.0,1.0
24900,0,1,3400,-57,57,298,5.5,14,0.50,0.0,0.0,2.1,10,0.0,0.0,0.0,0.0,0.0,0.0,1.0
25149,0,1,3400,-57,57,292,5.5,14,0.50,0.0,0.0,2.1,10,0.0,0.0,0.0,0.0,0.0,0.0,1.0
25398,0,1,3400,-57,57,296,5.5,13,0.50,0.0,0.0,2.1,10,0.0,0.0,0.0,0.0,0.0,0.0,1.0
25647,0,1,3400,-57,57,300,5.5,14,0.50,0.0,0.0,2.1,10,0.0,0.0,0.0,0.0,0.0,0.0,1.0
25896,0,1,3400,-57,57,299,5.5,13,0.50,0.0,0.0,2.1,10,0.0,0.0,0.0,0.0,0.0,0.0,1.0
26145,0,1,3400,-57,57,294,5.5,14,0.50,0.0,0.0,2.1,10,0.0,0.0,0.0,0.0,0.0,0.0,1.0
26394,0,1,3400,-57,57,298,5.5,14,0.50,0.0,0.0,2.1,10,0.0,0.0,0.0,0.0,0.0,0.0,1.0
26643,0,1,3400,-57,57,299,5.5,15,0.50,0.0,0.0,2.1,10,0.0,0.0,0.0,0.0,0.0,0.0,1.0
26892,0,1,3400,-57,57,302,5.5,14,0.50,0.0,0.0,2.1,10,0.0,0.0,0.0,0.0,0.0,0.0,1.0
27141,0,1,3400,-57,57,303,5.5,14,0.50,0.0,0.0,2.1,10,0.0,0.0,0.0,0.0,0.0,0.0,1.0
27390,0,1,3400,-57,57,299,5.5,13,0.50,0.0,0.0,2.1,10,0.0,0.0,0.0,0.0,0.0,0.0,1.0
27639,0,1,3400,-57,57,298,5.5,13,0.50,0.0,0.0,2.1,10,0.0,0.0,0.0,0.0,0.0,0.0,1.0
27888,0,1,3400,-57,57,301,5.5,14,0.50,0.0,0.0,2.1,10,0.0,0.0,0.0,0.0,0.0,0.0,1.0
28137,0,1,3400,-57,57,299,5.5,13,0.50,0.0,0.0,2.1,10,0.0,0.0,0.0,0.0,0.0,0.0,1.0
28386,0,1,3400,-57,57,299,5.5,13,0.50,0.0,0.0,2.1,10,0.0,0.0,0.0,0.0,0.0,0.0,1.0
28635,0,1,3400,-57,57,300,5.5,14,0.50,0.0,0.0,2.1,10,0.0,0.0,0.0,0.0,0.0,0.0,1.0
28884,0,1,3400,-57,57,295,5.5,14,0.50,0.0,0.0,2.1,10,0.0,0.0,0.0,0.0,0.0,0.0,1.0
29133,0,1,3400,-57,57,297,5.5,13,0.50,0.0,0.0,2.1,11,0.0,0.0,0.0,0.0,0.0,0.0,1.0
29382,0,1,3400,-57,57,299,5.5,13,0.50,0.0,0.0,2.1,10,0.0,0.0,0.0,0.0,0.0,0.0,1.0
29631,0,1,3400,-57,57,299,5.5,14,0.50,0.0,0.0,2.1,10,0.0,0.0,0.0,0.0,0.0,0.0,1.0
29880,0,1,3400,-57,57,300,5.5,14,0.50,0.0,0.0,2.1,10,0.0,0.0,0.0,0.0,0.0,0.0,1.0
30129,0,1,3400,-57,57,304,5.5,14,0.50,0.0,0.0,2.1,11,0.0,0.0,0.0,0.0,0.0,0.0,1.0
30378,0,1,3400,-57,57,300,5.5,14,0.50,0.0,0.0,2.1,10,0.0,0.0,0.0,0.0,0.0,0.0,1.0
30627,0,1,3400,-57,57,297,5.5,13,0.50,0.0,0.0,2.1,10,0.0,0.0,0.0,0.0,0.0,0.0,1.0
30876,0,1,3400,-57,57,299,5.5,14,0.50,0.0,0.0,2.1,10,0.0,0.0,0.0,0.0,0.0,0.0,1.0
31125,0,1,3400,-57,57,299,5.5,14,0.50,0.0,0.0,2.1,10,0.0,0.0,0.0,0.0,0.0,0.0,1.0
31374,0,1,3400,-57,57,296,5.5,14,0.50,0.0,0.0,2.1,10,0.0,0.0,0.0,0.0,0.0,0.0,1.0
31623,0,1,3400,-57,57,296,5.5,14,0.50,0.0,0.0,2.1,10,0.0,0.0,0.0,0.0,0.0,0.0,1.0
31872,0,1,3400,-57,57,295,5.5,14,0.50,0.0,0.0,2.1,10,0.0,0.0,0.0,0.0,0.0,0.0,1.0
32121,0,1,3400,-57,57,300,5.5,13,0.50,0.0,0.0,2.1,10,0.0,0.0,0.0,0.0,0.0,0.0,1.0
32370,0,1,3400,-57,57,295,5.5,14,0.50,0.0,0.0,2.1,10,0.0,0.0,0.0,0.0,0.0,0.0,1.0
32619,0,1,3400,-57,57,297,5.5,14,0.50,0.0,0.0,2.1,10,0.0,0.0,0.0,0.0,0.0,0.0,1.0
32868,0,1,3400,-57,57,300,5.5,14,0.50,0.0,0.0,2.1,10,0.0,0.0,0.0,0.0,0.0,0.0,1.0
33117,0,1,3400,-57,57,300,5.5,14,0.50,0.0,0.0,2.1,10,0.0,0.0,0.0,0.0,0.0,0.0,1.0
33366,0,1,3400,-57,57,298,5.5,14,0.50,0.0,0.0,2.1,10,0.0,0.0,0.0,0.0,0.0,0.0,1.0
33615,0,1,3400,-57,57,297,5.5,14,0.50,0.0,0.0,2.1,10,0.0,0.0,0.0,0.0,0.0,0.0,1.0
33864,0,1,3400,-57,57,299,5.5,14,0.50,0.0,0.0,2.1,10,0.0,0.0,0.0,0.0,0.0,0.0,1.0
34113,0,1,3400,-57,57,303,5.5,14,0.50,0.0,0.0,2.1,11,0.0,0.0,0.0,0.0,0.0,0.0,1.0
34362,0,1,3400,-57,57,303,5.5,13,0.50,0.0,0.0,2.1,10,0.0,0.0,0.0,0.0,0.0,0.0,1.0
34611,0,1,3400,-57,57,300,5.5,14,0.50,0.0,0.0,2.1,10,0.0,0.0,0.0,0.0,0.0,0.0,1.0
34860,0,1,3400,-57,57,300,5.5,14,0.50,0.0,0.0,2.1,10,0.0,0.0,0.0,0.0,0.0,0.0,1.0
35109,0,1,3400,-57,57,299,5.5,13,0.50,0.0,0.0,2.1,10,0.0,0.0,0.0,0.0,0.0,0.0,1.0
35358,0,1,3400,-57,57,297,5.5,14,0.50,0.0,0.0,2.1,10,0.0,0.0,0.0,0.0,0.0,0.0,1.0
35607,0,1,3400,-57,57,300,5.5,13,0.50,0.0,0.0,2.1,10,0.0,0.0,0.0,0.0,0.0,0.0,1.0
35856,0,1,3400,-57,57,302,5.5,13,0.50,0.0,0.0,2.1,10,0.0,0.0,0.0,0.0,0.0,0.0,1.0
36105,0,1,3400,-57,57,306,5.5,14,0.50,0.0,0.0,2.1,10,0.0,0.0,0.0,0.0,0.0,0.0,1.0
36354,0,1,3400,-57,57,301,5.5,14,0.50,0.0,0.0,2.1,10,0.0,0.0,0.0,0.0,0.0,0.0,1.0
36603,0,1,3400,-57,57,297,5.5,13,0.50,0.0,0.0,2.1,10,0.0,0.0,0.0,0.0,0.0,0.0,1.0
36852,0,1,3400,-57,57,298,5.5,14,0.50,0.0,0.0,2.1,10,0.0,0.0,0.0,0.0,0.0,0.0,1.0
37101,0,1,3400,-57,57,298,5.5,14,0.50,0.0,0.0,2.1,10,0.0,0.0,0.0,0.0,0.0,0.0,1.0
37350,0,1,3400,-57,57,300,5.5,13,0.50,0.0,0.0,2.1,10,0.0,0.0,0.0,0.0,0.0,0.0,1.0
37599,0,1,3400,-57,57,296,5.5,13,0.50,0.0,0.0,2.1,10,0.0,0.0,0.0,0.0,0.0,0.0,1.0
37848,0,1,3400,-57,57,298,5.5,14,0.50,0.0,0.0,2.1,10,0.0,0.0,0.0,0.0,0.0,0.0,1.0
38097,0,1,3400,-57,57,303,5.5,14,0.50,0.0,0.0,2.1,10,0.0,0.0,0.0,0.0,0.0,0.0,1.0
38346,0,1,3400,-57,57,303,5.5,13,0.50,0.0,0.0,2.1,10,0.0,0.0,0.0,0.0,0.0,0.0,1.0
38595,0,1,3400,-57,57,305,5.5,13,0.50,0.0,0.0,2.1,10,0.0,0.0,0.0,0.0,0.0,0.0,1.0
38844,0,1,3400,-57,57,300,5.5,14,0.50,0.0,0.0,2.1,10,0.0,0.0,0.0,0.0,0.0,0.0,1.0
39093,0,1,3400,-57,57,295,5.5,14,0.50,0.0,0.0,2.1,11,0.0,0.0,0.0,0.0,0.0,0.0,1.0
39342,0,1,3400,-57,57,294,5.5,14,0.50,0.0,0.0,2.1,10,0.0,0.0,0.0,0.0,0.0,0.0,1.0
39591,0,1,3400,-57,57,302,5.5,13,0.50,0.0,0.0,2.1,10,0.0,0.0,0.0,0.0,0.0,0.0,1.0
39840,0,1,3400,-57,57,303,5.5,13,0.50,0.0,0.0,2.1,11,0.0,0.0,0.0,0.0,0.0,0.0,1.0
40089,0,1,3400,-57,57,303,5.5,14,0.50,0.0,0.0,2.1,10,0.0,0.0,0.0,0.0,0.0,0.0,1.0
40338,0,1,3400,-57,57,300,5.5,14,0.50,0.0,0.0,2.1,10,0.0,0.0,0.0,0.0,0.0,0.0,1.0
40587,0,1,3400,-57,57,295,5.5,14,0.50,0.0,0.0,2.1,10,0.0,0.0,0.0,0.0,0.0,0.0,1.0
40836,0,1,3400,-57,57,298,5.5,14,0.50,0.0,0.0,2.1,10,0.0,0.0,0.0,0.0,0.0,0.0,1.0
41085,0,1,3400,-57,57,298,5.5,14,0.50,0.0,0.0,2.1,11,0.0,0.0,0.0,0.0,0.0,0.0,1.0
41334,0,1,3400,-57,57,297,5.5,15,0.50,0.0,0.0,2.1,10,0.0,0.0,0.0,0.0,0.0,0.0,1.0
41583,0,1,3400,-57,57,299,5.5,14,0.50,0.0,0.0,2.1,10,0.0,0.0,0.0,0.0,0.0,0.0,1.0
41832,0,1,3400,-57,57,299,5.5,14,0.50,0.0,0.0,2.1,10,0.0,0.0,0.0,0.0,0.0,0.0,1.0
42081,0,1,3400,-57,57,300,5.5,14,0.50,0.0,0.0,2.1,10,0.0,0.0,0.0,0.0,0.0,0.0,1.0
42330,0,1,3400,-57,57,302,5.5,14,0.50,0.0,0.0,2.1,10,0.0,0.0,0.0,0.0,0.0,0.0,1.0
42579,0,1,3400,-57,57,305,5.5,14,0.50,0.0,0.0,2.1,10,0.0,0.0,0.0,0.0,0.0,0.0,1.0
42828,0,1,3400,-57,57,302,5.5,13,0.50,0.0,0.0,2.1,10,0.0,0.0,0.0,0.0,0.0,0.0,1.0
43077,0,1,3400,-57,57,297,5.5,14,0.50,0.0,0.0,2.1,10,0.0,0.0,0.0,0.0,0.0,0.0,1.0
43326,0,1,3400,-57,57,300,5.5,14,0.50,0.0,0.0,2.1,10,0.0,0.0,0.0,0.0,0.0,0.0,1.0
43575,0,1,3400,-57,57,297,5.5,14,0.50,0.0,0.0,2.1,10,0.0,0.0,0.0,0.0,0.0,0.0,1.0
43824,0,1,3400,-57,57,296,5.5,14,0.50,0.0,0.0,2.1,10,0.0,0.0,0.0,0.0,0.0,0.0,1.0
44073,0,1,3400,-57,57,297,5.5,14,0.50,0.0,0.0,2.1,11,0.0,0.0,0.0,0.0,0.0,0.0,1.0
44322,0,1,3400,-57,57,301,5.5,14,0.50,0.0,0.0,2.1,10,0.0,0.0,0.0,0.0,0.0,0.0,1.0
44571,0,1,3400,-57,57,303,5.5,14,0.50,0.0,0.0,2.1,10,0.0,0.0,0.0,0.0,0.0,0.0,1.0
44820,0,1,3400,-57,57,303,5.5,14,0.50,0.0,0.0,2.1,10,0.0,0.0,0.0,0.0,0.0,0.0,1.0
45069,0,1,3400,-57,57,302,5.5,13,0.50,0.0,0.0,2.1,10,0.0,0.0,0.0,0.0,0.0,0.0,1.0
45318,0,1,3400,-57,57,298,5.5,13,0.50,0.0,0.0,2.1,10,0.0,0.0,0.0,0.0,0.0,0.0,1.0
45567,0,1,3400,-57,57,298,5.5,14,0.50,0.0,0.0,2.1,10,0.0,0.0,0.0,0.0,0.0,0.0,1.0
45816,0,1,3400,-57,57,300,5.5,14,0.50,0.0,0.0,2.1,10,0.0,0.0,0.0,0.0,0.0,0.0,1.0
46065,0,1,3400,-57,57,298,5.5,14,0.50,0.0,0.0,2.1,11,0.0,0.0,0.0,0.0,0.0,0.0,1.0
46314,0,1,3400,-57,57,298,5.5,13,0.50,0.0,0.0,2.1,10,0.0,0.0,0.0,0.0,0.0,0.0,1.0
46563,0,1,3400,-57,57,301,5.5,14,0.50,0.0,0.0,2.1,10,0.0,0.0,0.0,0.0,0.0,0.0,1.0
46812,0,1,3400,-57,57,302,5.5,14,0.50,0.0,0.0,2.1,10,0.0,0.0,0.0,0.0,0.0,0.0,1.0
47061,0,1,3400,-57,57,296,5.5,14,0.50,0.0,0.0,2.1,10,0.0,0.0,0.0,0.0,0.0,0.0,1.0
47310,0,1,3400,-57,57,296,5.5,14,0.50,0.0,0.0,2.1,10,0.0,0.0,0.0,0.0,0.0,0.0,1.0
47559,0,1,3400,-57,57,298,5.5,13,0.50,0.0,0.0,2.1,10,0.0,0.0,0.0,0.0,0.0,0.0,1.0
47808,0,1,3400,-57,57,302,5.5,13,0.50,0.0,0.0,2.1,10,0.0,0.0,0.0,0.0,0.0,0.0,1.0
48057,0,1,3400,-57,57,299,5.5,14,0.50,0.0,0.0,2.1,11,0.0,0.0,0.0,0.0,0.0,0.0,1.0
48306,0,1,3400,-57,57,298,5.5,14,0.50,0.0,0.0,2.1,10,0.0,0.0,0.0,0.0,0.0,0.0,1.0
48555,0,1,3400,-57,57,298,5.5,14,0.50,0.0,0.0,2.1,10,0.0,0.0,0.0,0.0,0.0,0.0,1.0
48804,0,1,3400,-57,57,297,9.6,14,0.72,1460544.000000,9,2.1,12,0.0,178560.000000,56,0.0,1.0,2.0,1.0
49053,0,1,3400,-57,57,296,18,13,1.0,3639936.000000,10,2.1,9.7,0.0,61056.000000,80,0.0,0.0,0.0,1.0
49302,0,1,3400,-57,57,299,8.4,13,0.71,1553120.000000,5,2.1,8.0,0.0,0.0,0.0,0.0,0.0,0.0,1.0
49551,0,1,3400,-57,57,300,13,14,0.75,2495136.000000,5,2.1,8.0,0.0,5536.000000,33,0.0,0.0,0.0,1.0
49800,0,1,3400,-57,57,297,13,14,0.80,2427264.000000,6,2.1,7.7,0.0,896,14,0.0,0.0,0.0,1.0
50049,0,1,3400,-57,57,298,11,13,0.92,1905504.000000,10,2.1,0.0,0.0,25120.000000,67,0.0,0.0,0.0,1.0
50298,0,1,3400,-57,57,302,13,13,0.73,2305760.000000,5,2.1,1.2,0.0,23104.000000,43,0.0,0.0,0.0,1.0
50547,0,1,3400,-57,57,302,11,12,0.89,2089664.000000,8,2.1,3.5,0.0,0.0,0.0,0.0,0.0,0.0,1.0
50796,0,1,3400,-57,57,299,13,13,0.84,2365984.000000,8,2.1,5.0,0.0,113792.000000,62,0.0,0.0,0.0,1.0
51045,0,1,3400,-57,57,293,14,13,0.95,2863904.000000,8,2.1,7.5,0.0,0.0,0.0,0.0,0.0,0.0,1.0
51294,0,1,3400,-57,57,295,11,13,0.83,1929600.000000,9,2.1,7.5,0.0,0.0,0.0,0.0,0.0,0.0,1.0
51543,0,1,3400,-57,57,295,13,13,0.74,2406944.000000,6,2.1,7.5,0.0,0.0,80,0.0,0.0,0.0,1.0
51792,0,1,3400,-57,57,299,12,13,0.95,2343104.000000,9,2.1,8.9,0.0,59232.000000,48,0.0,0.0,0.0,1.0
52041,0,1,3400,-57,57,302,13,12,1.00,2200384.000000,13,2.1,0.0,0.0,5536.000000,33,0.0,0.0,0.0,1.0
52290,0,1,3400,-57,57,299,11,12,0.93,1769408.000000,11,2.1,0.0,0.0,11072.000000,38,0.0,0.0,0.0,1.0
52539,0,1,3400,-57,57,293,13,12,1.0,2384384.000000,13,2.1,0.0,0.0,5536.000000,50,0.0,0.0,0.0,1.0
52788,0,1,3400,-57,57,296,14,13,0.73,2465280.000000,6,2.1,0.0,0.0,19584.000000,40,0.0,0.0,0.0,1.0
53037,0,1,3400,-57,57,297,11,13,0.76,1912864.000000,8,2.1,1.2,0.0,35456.000000,20,0.0,0.0,0.0,1.0
53286,0,1,3400,-57,57,298,12,11,1.0,1851360.000000,13,2.1,19,0.0,17056.000000,0,0.0,0.0,0.0,1.0
53535,0,1,3400,-57,57,300,11,13,0.84,1881504.000000,9,2.1,19,0.0,0.0,0.0,0.0,0.0,0.0,1.0
53784,0,1,3400,-57,57,301,9.4,13,0.83,1585920.000000,10,2.1,16,0.0,23968.000000,40,0.0,0.0,0.0,1.0
54033,0,1,3400,-57,57,298,18,13,1.3,3123040.000000,18,2.1,0.0,0.0,0.0,0.0,0.0,0.0,0.0,1.0
54282,0,1,3400,-57,57,297,14,13,0.99,2643136.000000,10,2.1,0.0,0.0,0.0,0.0,0.0,0.0,0.0,1.0
54531,0,1,3400,-57,57,300,18,12,1.3,3604512.000000,15,2.1,0.0,0.0,5536.000000,0,0.0,0.0,0.0,1.0
54780,0,1,3400,-57,57,301,12,11,0.95,2236704.000000,10,2.1,3.7,0.0,26208.000000,45,0.0,0.0,0.0,1.0
55029,0,1,3400,-57,57,298,9.7,13,0.77,1712032.000000,8,2.1,7.5,0.0,0.0,0.0,0.0,0.0,0.0,1.0
55278,0,1,3400,-57,57,303,15,12,1.5,1899328.000000,27,2.1,7.4,0.0,5536.000000,0,0.0,0.0,0.0,1.0
55527,0,1,3400,-57,57,304,14,12,0.99,2702976.000000,9,2.1,6.3,0.0,0.0,80,0.0,0.0,0.0,1.0
55776,0,1,3400,-57,57,295,13,12,0.89,2382496.000000,10,2.1,1.9,0.0,30656.000000,48,0.0,0.0,0.0,1.0
56025,0,1,3400,-57,57,293,18,11,1.5,3455328.000000,18,2.1,0.0,0.0,0.0,0.0,0.0,0.0,0.0,1.0
56274,0,1,3400,-57,57,294,9.7,11,0.89,1562496.000000,11,2.1,0.0,0.0,5536.000000,0,0.0,0.0,0.0,1.0
56523,0,1,3400,-57,57,301,12,10,1.1,1799424.000000,16,2.1,0.0,0.0,0.0,0.0,0.0,0.0,0.0,1.0
56772,0,1,3400,-57,57,300,11,13,0.78,2131072.000000,6,2.1,6.1,0.0,86656.000000,0,0.0,0.0,0.0,1.0
57021,0,1,3400,-57,57,300,11,12,0.89,1763328.000000,9,2.1,15,0.0,0.0,0.0,0.0,0.0,0.0,1.0
57270,0,1,3400,-57,57,293,15,13,0.92,2860352.000000,8,2.1,16,0.0,17056.000000,0,0.0,0.0,0.0,1.0
57519,0,1,3400,-57,57,296,11,13,0.67,1859360.000000,4,2.1,16,0.0,0.0,0.0,0.0,0.0,0.0,1.0
57768,0,1,3400,-57,57,299,12,12,0.89,2043264.000000,10,2.1,13,0.0,26208.000000,40,0.0,0.0,0.0,1.0
58017,0,1,3400,-57,57,297,9.8,12,0.77,1679200.000000,7,2.1,8.0,0.0,0.0,0.0,0.0,0.0,0.0,1.0
58266,0,1,3400,-57,57,300,17,13,1.1,3166048.000000,14,2.1,7.9,0.0,0.0,0.0,0.0,0.0,0.0,1.0
58515,0,1,3400,-57,57,304,10,12,0.77,1719488.000000,8,2.1,7.9,0.0,0.0,0.0,0.0,0.0,0.0,1.0
58764,0,1,3400,-57,57,304,17,12,1.4,3124224.000000,20,2.1,4.5,0.0,28096.000000,43,0.0,0.0,0.0,1.0
59013,0,1,3400,-57,57,298,12,12,0.83,2070208.000000,8,2.1,0.0,0.0,0.0,0.0,0.0,0.0,0.0,1.0
59262,0,1,3400,-57,57,301,12,12,0.95,2245504.000000,11,2.1,0.0,0.0,5536.000000,33,0.0,0.0,0.0,1.0
59511,0,1,3400,-57,57,299,12,13,0.80,2103616.000000,8,2.1,0.0,0.0,0.0,0.0,0.0,0.0,0.0,1.0
59760,0,1,3400,-57,57,300,12,13,0.71,2281696.000000,4,2.1,1.3,0.0,26048.000000,29,0.0,0.0,0.0,1.0
60009,0,1,3400,-57,57,296,8.2,13,0.75,1441888.000000,8,2.1,5.0,0.0,0.0,0.0,0.0,0.0,0.0,1.0
60258,0,1,3400,-57,57,297,13,13,0.64,2504288.000000,3,2.1,11,0.0,0.0,67,0.0,0.0,0.0,1.0
60507,0,1,3400,-57,57,301,10,13,0.60,1833920.000000,3,2.1,7.5,0.0,5536.000000,50,0.0,0.0,0.0,1.0
60756,0,1,3400,-57,57,302,11,13,0.86,1836800.000000,10,2.1,0.72,0.0,39168.000000,56,0.0,0.0,0.0,1.0
61005,0,1,3400,-57,57,302,15,11,1.7,2448768.000000,25,2.1,0.0,0.0,0.0,80,0.0,0.0,0.0,1.0
61254,0,1,3400,-57,57,298,15,12,1.1,2558400.000000,14,2.1,0.0,0.0,5536.000000,33,0.0,0.0,0.0,1.0
61503,0,1,3400,-57,57,299,16,13,1.3,2655264.000000,19,2.1,0.0,0.0,0.0,0.0,0.0,0.0,0.0,1.0
61752,0,1,3400,-57,57,303,12,13,0.77,2080640.000000,6,2.1,0.61,0.0,19840.000000,38,0.0,0.0,0.0,1.0
62001,0,1,3400,-57,57,301,9.4,13,0.79,1666880.000000,8,2.1,0.0,0.0,0.0,100.000000,0.0,0.0,0.0,1.0
62250,0,1,3400,-57,57,297,11,12,0.85,1789440.000000,9,2.1,0.0,0.0,5536.000000,33,0.0,0.0,0.0,1.0
62499,0,1,3400,-57,57,293,12,12,0.79,2012320.000000,7,2.1,0.0,0.0,0.0,0.0,0.0,0.0,0.0,1.0
62748,0,1,3400,-57,57,296,14,13,0.98,2651776.000000,10,2.1,1.5,0.0,19520.000000,50,0.0,0.0,0.0,1.0
62997,0,1,3400,-57,57,299,11,12,0.98,1834592.000000,12,2.1,7.0,0.0,0.0,0.0,0.0,0.0,0.0,1.0
63246,0,1,3400,-57,57,300,13,11,1.1,2267456.000000,14,2.1,7.0,0.0,0.0,0.0,0.0,0.0,0.0,1.0
63495,0,1,3400,-57,57,300,12,12,0.95,2136192.000000,11,2.1,4.3,0.0,5536.000000,50,0.0,0.0,0.0,1.0
63744,0,1,3400,-57,57,302,15,13,1.1,2672416.000000,13,2.1,0.77,0.0,23424.000000,52,0.0,0.0,0.0,1.0
63993,0,1,3400,-57,57,304,14,13,1.1,2659200.000000,12,2.1,4.0,0.0,0.0,100.000000,0.0,0.0,0.0,1.0
64242,0,1,3400,-57,57,300,15,13,0.94,2940960.000000,9,2.1,4.0,0.0,5536.000000,0,0.0,0.0,0.0,1.0
64491,0,1,3400,-57,57,295,10,13,0.75,1820640.000000,6,2.1,4.0,0.0,0.0,0.0,0.0,0.0,0.0,1.0
64740,0,1,3400,-57,57,296,12,12,1.0,2071680.000000,13,2.1,6.5,0.0,19584.000000,57,0.0,0.0,0.0,1.0
64989,0,1,3400,-57,57,298,17,12,1.3,2830656.000000,21,2.1,0.0,0.0,0.0,0.0,0.0,0.0,0.0,1.0
65238,0,1,3400,-57,57,296,12,14,0.69,2094464.000000,5,2.1,7.0,0.0,5536.000000,57,0.0,0.0,0.0,1.0
65487,0,1,3400,-57,57,295,17,12,1.2,3253568.000000,13,2.1,6.0,0.0,0.0,80,0.0,0.0,0.0,1.0
65736,0,1,3400,-57,57,293,15,13,0.96,2889952.000000,9,2.1,5.4,0.0,75424.000000,35,0.0,0.0,0.0,1.0
65985,0,1,3400,-57,57,296,10,13,0.63,1907328.000000,3,2.1,0.0,0.0,5536.000000,33,0.0,0.0,0.0,1.0
66234,0,1,3400,-57,57,297,14,12,1.1,2483296.000000,17,2.1,0.0,0.0,0.0,80,0.0,0.0,0.0,1.0
66483,0,1,3400,-57,57,299,9.9,12,0.82,1782048.000000,8,2.1,0.0,0.0,5536.000000,33,0.0,0.0,0.0,1.0
66732,0,1,3400,-57,57,302,17,12,1.0,3169824.000000,11,2.1,2.2,0.0,84544.000000,29,0.0,0.0,0.0,1.0
66981,0,1,3400,-57,57,301,19,13,1.2,3684544.000000,14,2.1,6.0,0.0,0.0,0.0,0.0,0.0,0.0,1.0
67230,0,1,3400,-57,57,303,15,12,0.97,2708000.000000,11,2.1,0.096,0.0,11072.000000,20,0.0,0.0,0.0,1.0
67479,0,1,3400,-57,57,303,17,12,1.2,3682880.000000,11,2.1,0.0,0.0,0.0,0.0,0.0,0.0,0.0,1.0
67728,0,1,3400,-57,57,296,11,13,0.88,2087840.000000,8,2.1,0.52,55,0.0,75,0.0,0.0,0.0,1.0
67977,0,1,3400,-57,57,299,12,13,0.68,2042368.000000,5,2.1,5.0,55,0.0,100.000000,0.0,0.0,0.0,1.0
68226,0,1,3400,-57,57,302,10,13,0.76,1757824.000000,7,2.1,3.4,0.0,9568.000000,33,0.0,0.0,0.0,1.0
68475,0,1,3400,-57,57,300,18,12,1.3,3644416.000000,14,2.1,9.9,0.0,0.0,80,0.0,0.0,0.0,1.0
68724,0,1,3400,-57,57,300,13,13,0.94,2406560.000000,11,2.1,7.1,0.0,25088.000000,36,0.0,0.0,0.0,1.0
68973,0,1,3400,-57,57,299,7.7,13,0.72,1334976.000000,6,2.1,0.0,0.0,5536.000000,0,0.0,0.0,0.0,1.0
69222,0,1,3400,-57,57,300,14,13,0.83,2513152.000000,8,2.1,0.0,0.0,0.0,80,0.0,0.0,0.0,1.0
69471,0,1,3400,-57,57,302,15,13,1.2,2207808.000000,17,2.1,0.0,0.0,0.0,0.0,0.0,0.0,0.0,1.0
69720,0,1,3400,-57,57,300,12,12,0.88,2331904.000000,8,2.1,1.0,0.0,23072.000000,31,0.0,0.0,0.0,1.0
69969,0,1,3400,-57,57,297,13,12,0.91,2229184.000000,10,2.1,0.0,0.0,0.0,80,0.0,0.0,0.0,1.0
70218,0,1,3400,-57,57,302,15,12,1.3,2623040.000000,17,2.1,0.0,0.0,0.0,0.0,0.0,0.0,0.0,1.0
70467,0,1,3400,-57,57,298,12,13,0.91,2090304.000000,10,2.1,0.0,0.0,0.0,0.0,0.0,0.0,0.0,1.0
70716,0,1,3400,-57,57,300,11,13,0.70,2041120.000000,5,2.1,0.0,415,0.0,80,0.0,0.0,0.0,1.0
70965,0,1,3400,-57,57,303,11,13,0.89,1893152.000000,10,2.1,0.0,249,0.0,80,0.0,0.0,0.0,1.0
71214,0,1,3400,-57,57,305,13,13,0.85,2371136.000000,8,2.1,0.0,0.0,20096.000000,27,0.0,0.0,0.0,1.0
71463,0,1,3400,-57,57,305,11,14,0.61,2045184.000000,2,2.1,0.0,0.0,0.0,0.0,0.0,0.0,0.0,1.0
71712,0,1,3400,-57,57,305,14,13,1.0,2564480.000000,10,2.1,0.0,0.0,25120.000000,50,0.0,0.0,0.0,1.0
71961,0,1,3400,-57,57,305,15,12,1.1,2705088.000000,14,2.1,0.0,0.0,0.0,0.0,0.0,0.0,0.0,1.0
72210,0,1,3400,-57,57,298,12,11,1.1,1765184.000000,14,2.1,2.3,0.0,0.0,80,0.0,0.0,0.0,1.0
72459,0,1,3400,-57,57,295,11,13,0.72,2043776.000000,5,2.1,3.5,0.0,0.0,0.0,0.0,0.0,0.0,1.0
72708,0,1,3400,-57,57,296,13,13,0.91,2255040.000000,10,2.1,2.6,0.0,21152.000000,17,0.0,0.0,0.0,1.0
72957,0,1,3400,-57,57,297,17,13,0.95,3381216.000000,7,2.1,0.0,0.0,0.0,0.0,0.0,0.0,0.0,1.0
73206,0,1,3400,-57,57,301,14,13,0.98,2674144.000000,8,2.1,0.0,0.0,0.0,0.0,0.0,0.0,0.0,1.0
73455,0,1,3400,-57,57,304,18,12,1.4,3115744.000000,20,2.1,0.0,0.0,0.0,0.0,0.0,0.0,0.0,1.0
73704,0,1,3400,-57,57,298,16,13,0.94,3195264.000000,9,2.1,2.1,0.0,24128.000000,50,0.0,0.0,0.0,1.0
73953,0,1,3400,-57,57,297,15,14,0.87,2927328.000000,6,2.1,0.18,0.0,16768.000000,44,0.0,0.0,0.0,1.0
74202,0,1,3400,-57,57,301,13,13,1.0,2501376.000000,10,2.1,0.0,0.0,5536.000000,33,0.0,0.0,0.0,1.0
74451,0,1,3400,-57,57,304,16,13,1.0,3126720.000000,12,2.1,0.0,0.0,0.0,0.0,0.0,0.0,0.0,1.0
74700,0,1,3400,-57,57,298,12,13,0.79,1985760.000000,7,2.1,0.0,0.0,61184.000000,44,0.0,0.0,0.0,1.0
74949,0,1,3400,-57,57,291,12,14,0.68,2430528.000000,3,2.1,0.0,0.0,0.0,100.000000,0.0,0.0,0.0,1.0
75198,0,1,3400,-57,57,295,15,13,0.98,2974016.000000,8,2.1,0.0,0.0,0.0,0.0,0.0,0.0,0.0,1.0
75447,0,1,3400,-57,57,300,13,12,1.0,2195808.000000,14,2.1,0.0,0.0,0.0,0.0,0.0,0.0,0.0,1.0
75696,0,1,3400,-57,57,302,13,12,1.0,2158784.000000,13,2.1,1.2,53,5536.000000,57,0.0,0.0,0.0,1.0
75945,0,1,3400,-57,57,305,17,13,1.1,3103328.000000,10,2.1,0.86,0.0,0.0,80,0.0,0.0,0.0,1.0
76194,0,1,3400,-57,57,305,9.8,13,0.70,1714464.000000,5,2.1,0.0,0.0,0.0,0.0,0.0,0.0,0.0,1.0
76443,0,1,3400,-57,57,301,15,12,1.2,2905184.000000,15,2.1,0.0,0.0,0.0,0.0,0.0,0.0,0.0,1.0
76692,0,1,3400,-57,57,296,14,14,0.82,2820192.000000,6,2.1,0.0,581,0.0,0.0,0.0,0.0,0.0,1.0
76941,0,1,3400,-57,57,301,14,12,1.4,1875328.000000,23,2.1,0.86,0.0,19584.000000,50,0.0,0.0,0.0,1.0
77190,0,1,3400,-57,57,302,14,13,1.1,2295456.000000,14,2.1,12,0.0,29920.000000,62,0.0,0.0,0.0,1.0
77439,0,1,3400,-57,57,295,15,12,1.1,2916864.000000,12,2.1,14,0.0,0.0,0.0,0.0,0.0,0.0,1.0
77688,0,1,3400,-57,57,290,12,12,1.0,2025824.000000,13,2.1,8.1,0.0,35136.000000,12,0.0,0.0,0.0,1.0
77937,0,1,3400,-57,57,294,17,8.0,2.2,1490208.000000,46,2.1,0.0,0.0,0.0,0.0,0.0,0.0,0.0,1.0
78186,0,1,3400,-57,57,295,15,11,1.8,1715328.000000,35,2.1,0.0,0.0,0.0,0.0,0.0,0.0,0.0,1.0
78435,0,1,3400,-57,57,297,15,12,1.0,2554048.000000,14,2.1,0.0,0.0,0.0,0.0,0.0,0.0,0.0,1.0
78684,0,1,3400,-57,57,300,12,12,0.71,1979552.000000,6,2.1,1.3,0.0,42144.000000,25,0.0,0.0,0.0,1.0
78933,0,1,3400,-57,57,298,11,12,1.1,1903360.000000,12,2.1,5.0,0.0,0.0,0.0,0.0,0.0,0.0,1.0
79182,0,1,3400,-57,57,299,12,11,1.2,1896704.000000,18,2.1,6.5,0.0,0.0,67,0.0,0.0,0.0,1.0
79431,0,1,3400,-57,57,300,17,12,1.2,3363360.000000,13,2.1,0.0,0.0,0.0,100.000000,0.0,0.0,0.0,1.0
79680,0,1,3400,-57,57,293,8.3,13,0.77,1493312.000000,7,2.1,0.0,0.0,38336.000000,38,0.0,0.0,0.0,1.0
79929,0,1,3400,-57,57,296,12,12,0.90,2497472.000000,7,2.1,0.0,0.0,0.0,0.0,0.0,0.0,0.0,1.0
80178,0,1,3400,-57,57,299,11,13,0.81,1885568.000000,8,2.1,0.0,0.0,0.0,0.0,0.0,0.0,0.0,1.0
80427,0,1,3400,-57,57,298,12,11,1.3,1754368.000000,21,2.1,0.0,0.0,0.0,0.0,0.0,0.0,0.0,1.0
80676,0,1,3400,-57,57,303,16,9.8,1.6,2179520.000000,27,2.1,0.0,0.0,14048.000000,65,0.0,0.0,0.0,1.0
80925,0,1,3400,-57,57,305,12,12,0.92,1980800.000000,9,2.1,0.0,0.0,0.0,100.000000,0.0,0.0,0.0,1.0
81174,0,1,3400,-57,57,305,12,12,0.89,2056800.000000,9,2.1,0.0,0.0,0.0,80,0.0,0.0,0.0,1.0
81423,0,1,3400,-57,57,299,11,13,0.87,1946688.000000,10,2.1,0.0,0.0,0.0,0.0,0.0,0.0,0.0,1.0
81672,0,1,3400,-57,57,294,13,12,1.3,2070464.000000,19,2.1,0.0,415,0.0,80,0.0,0.0,0.0,1.0
81921,0,1,3400,-57,57,293,13,12,1.1,2139072.000000,16,2.1,0.0,415,0.0,0.0,0.0,0.0,0.0,1.0
82170,0,1,3400,-57,57,297,14,13,0.91,2733824.000000,8,2.1,0.82,0.0,20480.000000,31,0.0,0.0,0.0,1.0
82419,0,1,3400,-57,57,303,14,13,0.93,2784512.000000,7,2.1,0.0,0.0,0.0,80,0.0,0.0,0.0,1.0
82668,0,1,3400,-57,57,304,10,13,0.74,1956736.000000,6,2.1,0.0,581,0.0,0.0,0.0,0.0,0.0,1.0
82917,0,1,3400,-57,57,303,11,13,0.74,1811296.000000,7,2.1,0.0,0.0,38912.000000,46,0.0,0.0,0.0,1.0
83166,0,1,3400,-57,57,300,11,13,1.0,1788864.000000,13,2.1,0.0,0.0,0.0,80,0.0,0.0,0.0,1.0
83415,0,1,3400,-57,57,297,14,13,1.0,2559840.000000,12,2.1,0.0,0.0,0.0,0.0,0.0,0.0,0.0,1.0
83664,0,1,3400,-57,57,294,16,11,1.8,2341504.000000,29,2.1,0.0,0.0,22528.000000,28,0.0,0.0,0.0,1.0
83913,0,1,3400,-57,57,294,15,12,1.1,3018240.000000,9,2.1,0.0,0.0,5536.000000,33,0.0,0.0,0.0,1.0
84162,0,1,3400,-57,57,295,11,12,0.92,1776992.000000,11,2.1,0.0,0.0,5536.000000,33,0.0,0.0,0.0,1.0
84411,0,1,3400,-57,57,297,12,12,0.93,2167648.000000,9,2.1,0.0,0.0,0.0,0.0,0.0,0.0,0.0,1.0
84660,0,1,3400,-57,57,299,15,12,1.4,2220064.000000,23,2.1,3.1,0.0,116064.000000,64,0.0,0.0,0.0,1.0
84909,0,1,3400,-57,57,296,11,12,0.86,1842912.000000,10,2.1,6.0,0.0,0.0,0.0,0.0,0.0,0.0,1.0
85158,0,1,3400,-57,57,297,12,12,0.84,1900992.000000,9,2.1,7.0,0.0,5536.000000,67,0.0,0.0,0.0,1.0
85407,0,1,3400,-57,57,300,14,11,1.3,2146144.000000,21,2.1,7.4,0.0,0.0,0.0,0.0,0.0,0.0,1.0
85656,0,1,3400,-57,57,296,16,13,1.0,3075424.000000,9,2.1,4.3,0.0,34752.000000,39,0.0,0.0,0.0,1.0
85905,0,1,3400,-57,57,295,13,13,0.90,2386368.000000,7,2.1,0.0,0.0,0.0,0.0,0.0,0.0,0.0,1.0
86154,0,1,3400,-57,57,298,12,12,0.98,2177888.000000,10,2.1,0.0,0.0,5536.000000,0,0.0,0.0,0.0,1.0
86403,0,1,3400,-57,57,299,11,12,0.87,1901280.000000,9,2.1,0.0,0.0,0.0,0.0,0.0,0.0,0.0,1.0
86652,0,1,3400,-57,57,297,15,12,1.1,2471072.000000,14,2.1,1.2,0.0,5536.000000,67,0.0,0.0,0.0,1.0
86901,0,1,3400,-57,57,300,15,13,0.89,2770176.000000,8,2.1,0.0,0.0,3136.000000,0,0.0,0.0,0.0,1.0
87150,0,1,3400,-57,57,296,19,12,1.4,3719520.000000,14,2.1,0.0,0.0,0.0,80,0.0,0.0,0.0,1.0
87399,0,1,3400,-57,57,295,13,12,1.1,2115296.000000,15,2.1,0.0,0.0,5536.000000,0,0.0,0.0,0.0,1.0
87648,0,1,3400,-57,57,301,13,13,0.75,2376672.000000,7,2.1,0.52,55,0.0,75,0.0,0.0,0.0,1.0
87897,0,1,3400,-57,57,301,17,12,1.0,3012384.000000,11,2.1,7.8,0.0,9376.000000,53,0.0,0.0,0.0,1.0
88146,0,1,3400,-57,57,295,12,11,1.1,1834624.000000,16,2.1,10,0.0,0.0,0.0,0.0,0.0,0.0,1.0
88395,0,1,3400,-57,57,297,9.9,12,0.96,1706368.000000,11,2.1,10,0.0,0.0,0.0,0.0,0.0,0.0,1.0
88644,0,1,3400,-57,57,300,16,12,1.3,3021344.000000,14,2.1,11,0.0,180896.000000,52,0.0,0.0,0.0,1.0
88893,0,1,3400,-57,57,296,13,13,0.97,2435968.000000,8,2.1,11,0.0,5536.000000,50,0.0,0.0,0.0,1.0
89142,0,1,3400,-57,57,297,11,13,0.78,1908000.000000,8,2.1,8.0,0.0,5536.000000,0,0.0,0.0,0.0,1.0
89391,0,1,3400,-57,57,297,12,12,1.0,2093728.000000,11,2.1,8.0,0.0,0.0,0.0,0.0,0.0,0.0,1.0
89640,0,1,3400,-57,57,296,16,12,1.1,2874912.000000,13,2.1,7.6,0.0,5536.000000,17,0.0,0.0,0.0,1.0
89889,0,1,3400,-57,57,297,14,13,1.3,2241152.000000,17,2.1,0.0,0.0,36192.000000,43,0.0,0.0,0.0,1.0
90138,0,1,3400,-57,57,296,16,12,1.3,2480064.000000,19,2.1,0.0,0.0,5536.000000,60,0.0,0.0,0.0,1.0
90387,0,1,3400,-57,57,301,15,13,1.1,2799296.000000,10,2.1,0.0,0.0,0.0,0.0,0.0,0.0,0.0,1.0
90636,0,1,3400,-57,57,303,11,13,0.80,2291328.000000,5,2.1,0.0,0.0,5536.000000,25,0.0,0.0,0.0,1.0
90885,0,1,3400,-57,57,301,11,13,0.72,1928704.000000,5,2.1,0.0,0.0,52800.000000,48,0.0,0.0,0.0,1.0
91134,0,1,3400,-57,57,298,12,12,0.88,1928800.000000,11,2.1,0.0,0.0,5536.000000,0,0.0,0.0,0.0,1.0
91383,0,1,3400,-57,57,297,15,13,1.0,3271296.000000,8,2.1,2.4,0.0,0.0,80,0.0,0.0,0.0,1.0
91632,0,1,3400,-57,57,299,12,14,0.68,2171776.000000,4,2.1,4.2,0.0,150208.000000,28,0.0,0.0,0.0,1.0
91881,0,1,3400,-57,57,299,12,13,0.90,1934752.000000,10,2.1,0.0,0.0,5536.000000,50,0.0,0.0,0.0,1.0
92130,0,1,3400,-57,57,303,9.8,13,0.71,1779904.000000,4,2.1,11,0.0,65376.000000,0,0.0,0.0,0.0,1.0
92379,0,1,3400,-57,57,302,19,13,1.7,3000608.000000,26,2.1,13,0.0,0.0,0.0,0.0,0.0,0.0,1.0
92628,0,1,3400,-57,57,300,9.7,13,0.83,1488800.000000,8,2.1,12,0.0,5536.000000,29,0.0,0.0,0.0,1.0
92877,0,1,3400,-57,57,299,12,13,0.74,2164096.000000,5,2.1,3.1,0.0,74880.000000,41,0.0,0.0,0.0,1.0
93126,0,1,3400,-57,57,303,15,13,0.85,3083296.000000,7,2.1,6.9,0.0,5536.000000,0,0.0,0.0,0.0,1.0
93375,0,1,3400,-57,57,298,14,12,1.1,2404800.000000,15,2.1,0.0,0.0,0.0,0.0,0.0,0.0,0.0,1.0
93624,0,1,3400,-57,57,301,15,11,1.2,2175328.000000,19,2.1,5.9,0.0,133440.000000,48,0.0,0.0,0.0,1.0
93873,0,1,3400,-57,57,299,13,13,0.89,2338176.000000,9,2.1,24,0.0,0.0,0.0,0.0,0.0,0.0,1.0
94122,0,1,3400,-57,57,295,10,12,0.86,1854432.000000,7,2.1,23,0.0,0.0,80,0.0,0.0,0.0,1.0
94371,0,1,3400,-57,57,294,17,12,1.3,3013312.000000,19,2.1,23,0.0,0.0,0.0,0.0,0.0,0.0,1.0
94620,0,1,3400,-57,57,294,15,13,1.1,2688128.000000,13,2.1,21,0.0,5536.000000,25,0.0,0.0,0.0,1.0
94869,0,1,3400,-57,57,298,13,14,0.80,2295456.000000,7,2.1,13,0.0,18304.000000,55,0.0,0.0,0.0,1.0
95118,0,1,3400,-57,57,303,11,12,1.1,1814816.000000,13,2.1,11,0.0,0.0,80,0.0,0.0,0.0,1.0
95367,0,1,3400,-57,57,304,11,11,1.0,1846048.000000,14,2.1,7.4,0.0,0.0,0.0,0.0,0.0,0.0,1.0
95616,0,1,3400,-57,57,304,8.7,13,0.67,1537728.000000,4,2.1,3.9,0.0,39520.000000,38,0.0,0.0,0.0,1.0
95865,0,1,3400,-57,57,304,13,13,0.99,2662080.000000,9,2.1,0.0,0.0,5536.000000,33,0.0,0.0,0.0,1.0
96114,0,1,3400,-57,57,300,17,13,1.2,3095104.000000,16,2.1,0.0,0.0,0.0,0.0,0.0,0.0,0.0,1.0
96363,0,1,3400,-57,57,299,12,12,1.1,2156032.000000,13,2.1,0.0,0.0,0.0,0.0,0.0,0.0,0.0,1.0
96612,0,1,3400,-57,57,294,15,12,0.98,2542496.000000,11,2.1,0.0,581,0.0,0.0,0.0,0.0,0.0,1.0
96861,0,1,3400,-57,57,289,19,13,1.4,4206112.000000,13,2.1,0.0,415,0.0,80,0.0,0.0,0.0,1.0
97110,0,1,3400,-57,57,290,14,11,1.0,2743232.000000,11,2.1,0.0,0.0,49600.000000,42,0.0,0.0,0.0,1.0
97359,0,1,3400,-57,57,300,18,12,1.6,2992928.000000,23,2.1,0.0,0.0,5536.000000,50,0.0,0.0,0.0,1.0
97608,0,1,3400,-57,57,302,18,13,1.3,3498400.000000,15,2.1,3.3,0.0,175712.000000,59,0.0,0.0,0.0,1.0
97857,0,1,3400,-57,57,300,15,13,1.0,2753056.000000,12,2.1,8.0,0.0,0.0,0.0,0.0,0.0,0.0,1.0
98106,0,1,3400,-57,57,297,14,13,0.95,2517600.000000,8,2.1,7.9,0.0,0.0,0.0,0.0,0.0,0.0,1.0
98355,0,1,3400,-57,57,300,11,13,0.91,2007840.000000,9,2.1,7.9,0.0,0.0,0.0,0.0,0.0,0.0,1.0
98604,0,1,3400,-57,57,297,16,14,0.89,3470784.000000,5,2.1,6.5,0.0,51648.000000,38,0.0,0.0,0.0,1.0
98853,0,1,3400,-57,57,300,15,13,1.4,2254080.000000,22,2.1,0.0,0.0,0.0,100.000000,0.0,0.0,0.0,1.0
99102,0,1,3400,-57,57,298,9.8,14,0.78,1653184.000000,7,2.1,0.0,0.0,5536.000000,50,0.0,0.0,0.0,1.0
99351,0,1,3400,-57,57,295,11,12,0.96,1775488.000000,12,2.1,0.0,0.0,0.0,80,0.0,0.0,0.0,1.0
99600,0,1,3400,-57,57,298,12,13,0.90,2259680.000000,8,2.1,0.68,71,3488.000000,50,0.0,0.0,0.0,1.0
99849,0,1,3400,-57,57,300,9.0,12,0.78,1627392.000000,7,2.1,6.5,71,0.0,100.000000,0.0,0.0,0.0,1.0
100098,0,1,3400,-57,57,302,15,12,1.1,2534240.000000,14,2.1,0.57,0.0,8512.000000,20,0.0,0.0,0.0,1.0
100347,0,1,3400,-57,57,300,8.0,13,0.74,1448832.000000,6,2.1,0.0,0.0,0.0,0.0,0.0,0.0,0.0,1.0
100596,0,1,3400,-57,57,301,14,13,0.89,2585344.000000,7,2.1,2.7,0.0,19520.000000,50,0.0,0.0,0.0,1.0
100845,0,1,3400,-57,57,299,9.0,13,0.80,1593120.000000,8,2.1,6.9,0.0,0.0,0.0,0.0,0.0,0.0,1.0
101094,0,1,3400,-57,57,300,12,13,0.82,1997632.000000,9,2.1,0.11,0.0,5536.000000,62,0.0,0.0,0.0,1.0
101343,0,1,3400,-57,57,301,12,12,0.68,2162912.000000,4,2.1,0.0,0.0,5536.000000,0,0.0,0.0,0.0,1.0
101592,0,1,3400,-57,57,298,13,13,0.87,2371744.000000,9,2.1,0.72,0.0,5536.000000,56,0.0,0.0,0.0,1.0
101841,0,1,3400,-57,57,296,18,13,1.3,3484832.000000,18,2.1,0.0,0.0,7680.000000,40,0.0,0.0,0.0,1.0
102090,0,1,3400,-57,57,298,15,11,1.4,2312256.000000,22,2.1,0.0,0.0,0.0,80,0.0,0.0,0.0,1.0
102339,0,1,3400,-57,57,297,10,12,0.61,2027200.000000,2,2.1,0.0,0.0,0.0,0.0,0.0,0.0,0.0,1.0
102588,0,1,3400,-57,57,296,12,14,0.71,2138432.000000,4,2.1,0.0,581,0.0,0.0,0.0,0.0,0.0,1.0
102837,0,1,3400,-57,57,297,12,12,0.94,1870176.000000,13,2.1,9.3,0.0,50432.000000,19,0.0,0.0,0.0,1.0
103086,0,1,3400,-57,57,300,12,12,1.0,2067936.000000,14,2.1,14,0.0,0.0,0.0,0.0,0.0,0.0,1.0
103335,0,1,3400,-57,57,303,7.5,12,0.68,1332032.000000,5,2.1,14,0.0,0.0,0.0,0.0,0.0,0.0,1.0
103584,0,1,3400,-57,57,301,17,12,1.2,3359936.000000,13,2.1,14,0.0,5536.000000,56,0.0,0.0,0.0,1.0
103833,0,1,3400,-57,57,297,15,12,1.2,2862432.000000,12,2.1,0.0,0.0,2144.000000,0,0.0,0.0,0.0,1.0
104082,0,1,3400,-57,57,299,11,11,1.2,1687776.000000,17,2.1,0.0,0.0,5536.000000,0,0.0,0.0,0.0,1.0
104331,0,1,3400,-57,57,302,15,13,0.79,3142336.000000,5,2.1,0.0,0.0,0.0,0.0,0.0,0.0,0.0,1.0
104580,0,1,3400,-57,57,298,9.9,12,0.84,1989088.000000,8,2.1,0.0,0.0,44416.000000,27,0.0,0.0,0.0,1.0
104829,0,1,3400,-57,57,299,14,13,0.88,2643840.000000,9,2.1,0.0,0.0,0.0,0.0,0.0,0.0,0.0,1.0
105078,0,1,3400,-57,57,296,10,12,0.94,1701664.000000,13,2.1,0.0,0.0,0.0,80,0.0,0.0,0.0,1.0
105327,0,1,3400,-57,57,297,9.1,11,0.94,1555456.000000,10,2.1,0.0,0.0,0.0,0.0,0.0,0.0,0.0,1.0
105576,0,1,3400,-57,57,298,13,12,0.93,2245856.000000,11,2.1,0.0,0.0,47872.000000,38,0.0,0.0,0.0,1.0
105825,0,1,3400,-57,57,298,13,13,0.74,2450976.000000,6,2.1,0.0,0.0,0.0,0.0,0.0,0.0,0.0,1.0
106074,0,1,3400,-57,57,300,17,13,1.3,3251584.000000,13,2.1,0.0,0.0,5536.000000,57,0.0,0.0,0.0,1.0
106323,0,1,3400,-57,57,304,19,12,1.4,4012544.000000,14,2.1,0.0,0.0,0.0,0.0,0.0,0.0,0.0,1.0
106572,0,1,3400,-57,57,302,17,13,0.98,3387072.000000,7,2.1,2.3,0.0,8672.000000,50,0.0,0.0,0.0,1.0
106821,0,1,3400,-57,57,300,14,13,1.0,2675968.000000,10,2.1,0.0,0.0,0.0,0.0,0.0,0.0,0.0,1.0
107070,0,1,3400,-57,57,305,11,12,0.81,1837472.000000,8,2.1,1.9,0.0,29920.000000,67,0.0,0.0,0.0,1.0
107319,0,1,3400,-57,57,304,13,12,0.96,2319008.000000,11,2.1,14,0.0,29920.000000,0,0.0,0.0,0.0,1.0
107568,0,1,3400,-57,57,303,12,12,0.95,2090048.000000,13,2.1,9.2,0.0,23072.000000,42,0.0,0.0,0.0,1.0
107817,0,1,3400,-57,57,297,15,12,1.2,2575712.000000,15,2.1,0.0,0.0,0.0,0.0,0.0,0.0,0.0,1.0
108066,0,1,3400,-57,57,298,9.7,13,0.74,1675104.000000,7,2.1,0.0,0.0,5536.000000,60,0.0,0.0,0.0,1.0
108315,0,1,3400,-57,57,301,15,11,1.3,2397056.000000,21,2.1,0.0,0.0,0.0,0.0,0.0,0.0,0.0,1.0
108564,0,1,3400,-57,57,300,13,12,0.99,2322528.000000,13,2.1,1.6,0.0,36448.000000,44,0.0,0.0,0.0,1.0
108813,0,1,3400,-57,57,303,12,13,1.1,1851584.000000,15,2.1,6.4,0.0,0.0,0.0,0.0,0.0,0.0,1.0
109062,0,1,3400,-57,57,299,13,13,0.87,2255360.000000,10,2.1,6.4,0.0,4384.000000,0,0.0,0.0,0.0,1.0
109311,0,1,3400,-57,57,292,13,12,1.1,2189600.000000,13,2.1,6.5,0.0,0.0,0.0,0.0,0.0,0.0,1.0
109560,0,1,3400,-57,57,298,18,13,1.2,3898880.000000,10,2.1,6.5,581,0.0,0.0,0.0,0.0,0.0,1.0
109809,0,1,3400,-57,57,307,13,13,0.92,2387392.000000,10,2.1,8.6,0.0,9824.000000,59,0.0,0.0,0.0,1.0
110058,0,1,3400,-57,57,306,14,12,1.0,2574912.000000,11,2.1,0.0,0.0,0.0,80,0.0,0.0,0.0,1.0
110307,0,1,3400,-57,57,301,11,12,1.0,1735168.000000,13,2.1,0.0,0.0,0.0,0.0,0.0,0.0,0.0,1.0
110556,0,1,3400,-57,57,300,9.5,13,0.75,1824096.000000,5,2.1,0.0,0.0,22176.000000,53,0.0,0.0,0.0,1.0
110805,0,1,3400,-57,57,299,14,13,1.1,2683936.000000,11,2.1,0.0,0.0,11072.000000,33,0.0,0.0,0.0,1.0
111054,0,1,3400,-57,57,292,14,12,1.2,2330400.000000,18,2.1,0.0,0.0,0.0,0.0,0.0,0.0,0.0,1.0
111303,0,1,3400,-57,57,295,15,13,1.3,2269216.000000,19,2.1,0.0,0.0,0.0,0.0,0.0,0.0,0.0,1.0
111552,0,1,3400,-57,57,301,7.9,13,0.57,1471968.000000,2,2.1,0.0,0.0,16000.000000,17,0.0,0.0,0.0,1.0
111801,0,1,3400,-57,57,304,12,12,0.96,1912544.000000,10,2.1,2.8,0.0,22144.000000,40,0.0,0.0,0.0,1.0
112050,0,1,3400,-57,57,300,13,12,0.93,2141984.000000,11,2.1,4.5,0.0,11072.000000,50,0.0,0.0,0.0,1.0
112299,0,1,3400,-57,57,299,13,13,0.77,2399680.000000,7,2.1,4.5,0.0,0.0,0.0,0.0,0.0,0.0,1.0
112548,0,1,3400,-57,57,297,14,12,1.3,2166752.000000,19,2.1,4.4,415,0.0,80,0.0,0.0,0.0,1.0
112797,0,1,3400,-57,57,303,11,11,1.0,1668384.000000,13,2.1,4.5,415,0.0,0.0,0.0,0.0,0.0,1.0
113046,0,1,3400,-57,57,294,18,13,1.0,3690208.000000,8,2.1,0.97,0.0,24480.000000,25,0.0,0.0,0.0,1.0
113295,0,1,3400,-57,57,296,17,13,1.4,2851968.000000,17,2.1,2.9,0.0,0.0,80,0.0,0.0,0.0,1.0
113544,0,1,3400,-57,57,295,8.7,13,0.79,1536992.000000,8,2.1,5.5,0.0,14560.000000,42,0.0,0.0,0.0,1.0
113793,0,1,3400,-57,57,299,12,11,1.1,1946368.000000,15,2.1,0.0,0.0,37600.000000,55,0.0,0.0,0.0,1.0
114042,0,1,3400,-57,57,300,16,12,1.2,2980832.000000,14,2.1,0.0,0.0,0.0,80,0.0,0.0,0.0,1.0
114291,0,1,3400,-57,57,296,14,11,1.3,2467520.000000,17,2.1,0.0,0.0,0.0,0.0,0.0,0.0,0.0,1.0
114540,0,1,3400,-57,57,293,14,13,0.96,2727200.000000,8,2.1,0.0,581,0.0,0.0,0.0,0.0,0.0,1.0
114789,0,1,3400,-57,57,296,12,13,0.67,2090688.000000,4,2.1,0.0,0.0,9024.000000,67,0.0,0.0,0.0,1.0
115038,0,1,3400,-57,57,292,22,13,1.7,4519968.000000,20,2.1,0.0,0.0,0.0,80,0.0,0.0,0.0,1.0
115287,0,1,3400,-57,57,296,11,12,0.88,2068096.000000,9,2.1,0.0,0.0,0.0,0.0,0.0,0.0,0.0,1.0
115536,0,1,3400,-57,57,303,15,12,1.2,2591136.000000,16,2.1,0.0,0.0,52800.000000,56,0.0,0.0,0.0,1.0
115785,0,1,3400,-57,57,306,12,13,0.85,2046624.000000,9,2.1,0.0,0.0,5536.000000,71,0.0,0.0,0.0,1.0
116034,0,1,3400,-57,57,301,13,12,0.88,2651424.000000,6,2.1,0.0,0.0,0.0,0.0,0.0,0.0,0.0,1.0
116283,0,1,3400,-57,57,293,10,13,0.73,1772320.000000,6,2.1,0.0,0.0,0.0,0.0,0.0,0.0,0.0,1.0
116532,0,1,3400,-57,57,295,12,13,0.71,2020896.000000,6,2.1,0.0,581,0.0,0.0,0.0,0.0,0.0,1.0
116781,0,1,3400,-57,57,301,9.7,13,0.67,1778560.000000,4,2.1,0.0,0.0,55136.000000,45,0.0,0.0,0.0,1.0
117030,0,1,3400,-57,57,303,11,14,0.70,2014880.000000,5,2.1,0.0,0.0,0.0,0.0,0.0,0.0,0.0,1.0
117279,0,1,3400,-57,57,304,12,13,0.70,2434656.000000,5,2.1,0.0,0.0,0.0,0.0,0.0,0.0,0.0,1.0
117528,0,1,3400,-57,57,301,14,13,1.0,2575456.000000,12,2.1,0.0,0.0,49088.000000,30,0.0,0.0,0.0,1.0
117777,0,1,3400,-57,57,302,11,13,0.76,2183904.000000,4,1.0,0.0,0.0,11072.000000,67,0.0,0.0,0.0,1.0
118026,0,1,3400,-57,57,302,12,13,0.80,2049728.000000,7,2.1,0.0,0.0,0.0,80,0.0,0.0,0.0,1.0
118275,0,1,3400,-57,57,300,14,12,1.1,2639392.000000,14,2.1,0.0,0.0,0.0,0.0,0.0,0.0,0.0,1.0
118524,0,1,3400,-57,57,299,11,12,0.98,1924928.000000,12,2.1,0.30,0.0,118432.000000,22,0.0,0.0,0.0,1.0
118773,0,1,3400,-57,57,294,9.9,13,0.65,1748128.000000,3,2.1,12,0.0,66592.000000,85,0.0,0.0,0.0,1.0
119022,0,1,3400,-57,57,297,13,12,0.78,2304352.000000,8,2.1,10,0.0,5536.000000,0,0.0,0.0,0.0,1.0
119271,0,1,3400,-57,57,301,13,13,0.66,2446304.000000,3,2.1,21,0.0,23968.000000,0,0.0,0.0,0.0,1.0
119520,0,1,3400,-57,57,301,11,12,0.96,1800832.000000,12,2.1,22,581,0.0,0.0,0.0,0.0,0.0,1.0
119769,0,1,3400,-57,57,301,17,13,1.1,3549184.000000,8,2.1,9.4,0.0,7680.000000,44,0.0,0.0,0.0,1.0
120018,0,1,3400,-57,57,301,16,12,1.1,3444032.000000,10,2.1,8.0,0.0,0.0,0.0,0.0,0.0,0.0,1.0
120267,0,1,3400,-57,57,298,13,14,0.80,2488384.000000,6,2.1,8.0,0.0,0.0,0.0,0.0,0.0,0.0,1.0
120516,0,1,3400,-57,57,302,11,12,0.87,1762016.000000,10,2.1,5.1,0.0,36640.000000,33,0.0,0.0,0.0,1.0
120765,0,1,3400,-57,57,297,12,12,1.0,2232128.000000,11,2.1,0.0,0.0,16608.000000,55,0.0,0.0,0.0,1.0
121014,0,1,3400,-57,57,296,9.8,12,0.83,1562176.000000,8,2.1,0.0,0.0,5536.000000,33,0.0,0.0,0.0,1.0
121263,0,1,3400,-57,57,299,14,13,1.0,2562144.000000,12,2.1,0.0,0.0,0.0,0.0,0.0,0.0,0.0,1.0
121512,0,1,3400,-57,57,298,14,12,0.79,2789088.000000,6,2.1,3.3,0.0,130976.000000,47,0.0,0.0,0.0,1.0
121761,0,1,3400,-57,57,296,17,13,1.3,3111776.000000,15,2.1,14,0.0,29920.000000,0,0.0,0.0,0.0,1.0
122010,0,1,3400,-57,57,301,12,13,0.66,2052416.000000,4,2.1,18,0.0,0.0,0.0,0.0,0.0,0.0,1.0
122259,0,1,3400,-57,57,302,14,13,1.0,2773824.000000,10,2.1,18,0.0,0.0,0.0,0.0,0.0,0.0,1.0
122508,0,1,3400,-57,57,302,18,12,1.4,2988512.000000,19,2.1,13,0.0,19584.000000,52,0.0,0.0,0.0,1.0
122757,0,1,3400,-57,57,298,12,13,0.87,2006752.000000,10,2.1,0.0,0.0,0.0,0.0,0.0,0.0,0.0,1.0
123006,0,1,3400,-57,57,296,11,12,1.0,2039872.000000,13,2.1,0.0,0.0,5536.000000,50,0.0,0.0,0.0,1.0
123255,0,1,3400,-57,57,297,11,11,0.91,1837664.000000,11,2.1,0.0,0.0,0.0,0.0,0.0,0.0,0.0,1.0
123504,0,1,3400,-57,57,299,11,11,1.2,1820864.000000,16,2.1,0.0,0.0,5536.000000,29,0.0,0.0,0.0,1.0
123753,0,1,3400,-57,57,295,19,13,1.1,4051680.000000,11,2.1,0.0,0.0,22560.000000,46,0.0,0.0,0.0,1.0
124002,0,1,3400,-57,57,297,17,13,1.2,3279072.000000,14,2.1,0.0,0.0,5536.000000,0,0.0,0.0,0.0,1.0
124251,0,1,3400,-57,57,300,7.4,12,0.77,1328032.000000,6,2.1,0.0,0.0,0.0,0.0,0.0,0.0,0.0,1.0
124500,0,1,3400,-57,57,299,13,12,0.88,2126272.000000,10,2.1,1.9,55,0.0,80,0.0,0.0,0.0,1.0
124749,0,1,3400,-57,57,300,14,12,1.1,2525536.000000,11,2.1,4.5,55,0.0,67,0.0,0.0,0.0,1.0
124998,0,1,3400,-57,57,299,13,13,1.0,2099008.000000,11,2.1,0.072,0.0,7680.000000,33,0.0,0.0,0.0,1.0
125247,0,1,3400,-57,57,296,13,13,0.85,2112224.000000,9,2.1,0.0,0.0,0.0,0.0,0.0,0.0,0.0,1.0
125496,0,1,3400,-57,57,297,9.2,12,0.66,1660192.000000,4,2.1,0.0,0.0,19840.000000,31,0.0,0.0,0.0,1.0
125745,0,1,3400,-57,57,301,16,12,1.1,2944640.000000,11,2.1,0.0,0.0,0.0,0.0,0.0,0.0,0.0,1.0
125994,0,1,3400,-57,57,302,6.9,12,0.86,1196288.000000,8,2.1,0.0,0.0,0.0,0.0,0.0,0.0,0.0,1.0
126243,0,1,3400,-57,57,305,10,11,1.1,1558464.000000,15,2.1,0.0,0.0,0.0,0.0,0.0,0.0,0.0,1.0
126492,0,1,3400,-57,57,299,14,13,0.93,2816416.000000,7,2.1,0.0,0.0,39168.000000,48,0.0,0.0,0.0,1.0
126741,0,1,3400,-57,57,297,10,13,0.75,1747200.000000,7,2.1,0.0,0.0,0.0,0.0,0.0,0.0,0.0,1.0
126990,0,1,3400,-57,57,298,12,12,1.1,1887264.000000,14,2.1,0.0,0.0,0.0,0.0,0.0,0.0,0.0,1.0
127239,0,1,3400,-57,57,297,12,12,0.80,2093696.000000,6,2.1,0.0,0.0,0.0,0.0,0.0,0.0,0.0,1.0
127488,0,1,3400,-57,57,297,13,13,1.0,2490752.000000,9,2.1,0.0,0.0,33888.000000,21,0.0,0.0,0.0,1.0
127737,0,1,3400,-57,57,298,10,12,0.83,1865408.000000,8,2.1,7.0,0.0,0.0,80,0.0,0.0,0.0,1.0
127986,0,1,3400,-57,57,298,16,12,0.95,2961504.000000,10,2.1,7.5,0.0,0.0,0.0,0.0,0.0,0.0,1.0
128235,0,1,3400,-57,57,302,13,10,1.6,1787296.000000,28,2.1,7.4,0.0,0.0,0.0,0.0,0.0,0.0,1.0
128484,0,1,3400,-57,57,303,13,12,1.0,2026880.000000,14,2.1,8.9,0.0,191808.000000,48,0.0,0.0,0.0,1.0
128733,0,1,3400,-57,57,299,9.6,13,0.85,1621632.000000,8,2.1,14,0.0,0.0,0.0,0.0,0.0,0.0,1.0
128982,0,1,3400,-57,57,300,14,14,0.89,2767744.000000,6,2.1,14,0.0,0.0,0.0,0.0,0.0,0.0,1.0
129231,0,1,3400,-57,57,299,5.1,13,0.65,969376.000000,4,2.1,14,0.0,0.0,0.0,0.0,0.0,0.0,1.0
129480,0,1,3400,-57,57,295,12,12,0.99,1808672.000000,11,2.1,14,581,0.0,0.0,0.0,0.0,0.0,1.0
129729,0,1,3400,-57,57,300,16,13,1.2,3347904.000000,11,2.1,15,0.0,136096.000000,61,0.0,0.0,0.0,1.0
129978,0,1,3400,-57,57,302,13,13,0.86,2154784.000000,9,2.1,16,0.0,0.0,0.0,0.0,0.0,0.0,1.0
130227,0,1,3400,-57,57,302,12,13,0.69,2302304.000000,4,2.1,16,0.0,0.0,0.0,0.0,0.0,0.0,1.0
130476,0,1,3400,-57,57,304,14,12,0.92,2590912.000000,10,2.1,10,0.0,63904.000000,8,0.0,0.0,0.0,1.0
130725,0,1,3400,-57,57,305,13,13,0.73,2268416.000000,6,2.1,12,0.0,0.0,0.0,0.0,0.0,0.0,1.0
130974,0,1,3400,-57,57,299,13,14,1.0,2244992.000000,11,2.1,12,0.0,0.0,0.0,0.0,0.0,0.0,1.0
131223,0,1,3400,-57,57,300,15,12,1.1,2683008.000000,12,2.1,12,0.0,0.0,0.0,0.0,0.0,0.0,1.0
131472,0,1,3400,-57,57,298,17,13,1.2,3277984.000000,12,2.1,8.8,0.0,7680.000000,50,0.0,0.0,0.0,1.0
131721,0,1,3400,-57,57,296,13,12,0.70,2173760.000000,6,2.1,0.0,0.0,0.0,0.0,0.0,0.0,0.0,1.0
131970,0,1,3400,-57,57,301,16,13,1.1,3012736.000000,12,2.1,0.0,0.0,0.0,0.0,0.0,0.0,0.0,1.0
132219,0,1,3400,-57,57,296,15,13,0.90,2867680.000000,9,2.1,0.0,0.0,0.0,0.0,0.0,0.0,0.0,1.0
132468,0,1,3400,-57,57,292,12,13,0.86,2028288.000000,10,2.1,3.1,0.0,7680.000000,44,0.0,0.0,0.0,1.0
132717,0,1,3400,-57,57,298,9.9,13,0.69,2086848.000000,4,2.1,7.5,0.0,0.0,0.0,0.0,0.0,0.0,1.0
132966,0,1,3400,-57,57,304,11,13,0.62,2087840.000000,0.9,2.1,7.5,0.0,5536.000000,50,0.0,0.0,0.0,1.0
133215,0,1,3400,-57,57,307,17,11,1.6,2747424.000000,25,2.1,7.3,0.0,5536.000000,33,0.0,0.0,0.0,1.0
133464,0,1,3400,-57,57,304,17,12,1.1,3565344.000000,8,2.1,6.7,0.0,5536.000000,14,0.0,0.0,0.0,1.0
133713,0,1,3400,-57,57,301,13,13,0.71,2276064.000000,3,2.1,0.0,0.0,30656.000000,36,0.0,0.0,0.0,1.0
133962,0,1,3400,-57,57,298,15,12,1.4,2737280.000000,19,2.1,0.0,0.0,0.0,0.0,0.0,0.0,0.0,1.0
134211,0,1,3400,-57,57,299,15,12,1.2,3030688.000000,16,2.1,0.0,0.0,0.0,0.0,0.0,0.0,0.0,1.0
134460,0,1,3400,-57,57,299,15,12,0.94,2885280.000000,9,2.1,3.1,0.0,123552.000000,63,0.0,0.0,0.0,1.0
134709,0,1,3400,-57,57,297,14,13,0.98,2772960.000000,10,2.1,16,0.0,0.0,0.0,0.0,0.0,0.0,1.0
134958,0,1,3400,-57,57,296,10,12,0.78,1680544.000000,8,2.1,9.4,0.0,0.0,80,0.0,0.0,0.0,1.0
135207,0,1,3400,-57,57,299,11,12,0.94,1637728.000000,10,2.1,8.0,0.0,0.0,0.0,0.0,0.0,0.0,1.0
135456,0,1,3400,-57,57,297,17,13,1.2,3181888.000000,14,2.1,7.5,0.0,5536.000000,25,0.0,0.0,0.0,1.0
135705,0,1,3400,-57,57,299,11,13,0.77,1801568.000000,5,2.1,0.36,0.0,14304.000000,33,0.0,0.0,0.0,1.0
135954,0,1,3400,-57,57,297,16,12,1.6,2874496.000000,22,2.1,0.0,0.0,5536.000000,0,0.0,0.0,0.0,1.0
136203,0,1,3400,-57,57,299,19,11,1.6,3379776.000000,24,2.1,0.0,0.0,0.0,0.0,0.0,0.0,0.0,1.0
136452,0,1,3400,-57,57,297,11,10,1.3,1647424.000000,15,2.1,0.0,581,0.0,0.0,0.0,0.0,0.0,1.0
136701,0,1,3400,-57,57,298,17,13,1.2,3261568.000000,14,2.1,0.61,0.0,25120.000000,31,0.0,0.0,0.0,1.0
136950,0,1,3400,-57,57,296,11,13,0.99,1757504.000000,14,2.1,0.0,0.0,5536.000000,33,0.0,0.0,0.0,1.0
137199,0,1,3400,-57,57,294,16,13,0.96,2774688.000000,9,2.1,0.0,0.0,0.0,0.0,0.0,0.0,0.0,1.0
137448,0,1,3400,-57,57,299,11,13,0.87,1834848.000000,10,2.1,2.1,0.0,59328.000000,22,0.0,0.0,0.0,1.0
137697,0,1,3400,-57,57,299,16,12,1.3,2574848.000000,18,2.1,6.9,0.0,0.0,0.0,0.0,0.0,0.0,1.0
137946,0,1,3400,-57,57,298,14,12,1.0,2297632.000000,13,2.1,1.3,0.0,5536.000000,33,0.0,1.0,0.0,1.0
138195,0,1,3400,-57,57,299,12,12,1.1,2025344.000000,14,2.1,0.0,0.0,0.0,0.0,0.0,0.0,0.0,1.0
138444,0,1,3400,-57,57,301,9.5,11,0.67,1653056.000000,4,2.1,0.0,415,0.0,80,0.0,0.0,0.0,1.0
138693,0,1,3400,-57,57,302,13,13,0.91,2228576.000000,10,2.1,0.0,415,0.0,0.0,0.0,0.0,0.0,1.0
138942,0,1,3400,-57,57,299,17,12,1.5,2966016.000000,18,2.1,0.82,0.0,14560.000000,43,0.0,0.0,0.0,1.0
139191,0,1,3400,-57,57,295,14,13,0.69,2764448.000000,2,2.1,0.0,0.0,0.0,0.0,0.0,0.0,0.0,1.0
139440,0,1,3400,-57,57,301,17,11,1.5,2538688.000000,24,2.1,0.0,415,0.0,80,0.0,0.0,0.0,1.0
139689,0,1,3400,-57,57,302,12,13,0.92,2117376.000000,11,2.1,0.0,415,0.0,0.0,0.0,0.0,0.0,1.0
139938,0,1,3400,-57,57,300,15,12,1.1,2616416.000000,17,2.1,0.0,0.0,35552.000000,56,0.0,0.0,0.0,1.0
140187,0,1,3400,-57,57,301,13,13,0.85,2255808.000000,8,2.1,0.0,0.0,0.0,0.0,0.0,0.0,0.0,1.0
140436,0,1,3400,-57,57,304,13,13,0.91,2464928.000000,8,2.1,0.0,581,0.0,0.0,0.0,0.0,0.0,1.0
140685,0,1,3400,-57,57,300,12,13,0.74,2021312.000000,6,2.1,0.0,581,0.0,0.0,0.0,0.0,0.0,1.0
140934,0,1,3400,-57,57,295,11,13,0.85,1805440.000000,9,2.1,0.0,0.0,57184.000000,38,0.0,0.0,0.0,1.0
141183,0,1,3400,-57,57,297,11,13,0.60,1984064.000000,2,2.1,0.0,0.0,0.0,0.0,0.0,0.0,0.0,1.0
141432,0,1,3400,-57,57,301,12,12,0.85,2149216.000000,9,2.1,0.0,415,0.0,75,0.0,0.0,0.0,1.0
141681,0,1,3400,-57,57,298,12,12,0.91,2271072.000000,7,2.1,0.0,247,0.0,83,0.0,0.0,0.0,1.0
141930,0,1,3400,-57,57,298,17,13,0.96,3317952.000000,9,2.1,0.0,0.0,8768.000000,44,0.0,0.0,0.0,1.0
142179,0,1,3400,-57,57,305,9.0,12,0.68,1606976.000000,5,2.1,0.0,0.0,0.0,0.0,0.0,0.0,0.0,1.0
142428,0,1,3400,-57,57,304,12,13,0.79,2138080.000000,6,2.1,0.0,0.0,8512.000000,36,0.0,0.0,0.0,1.0
142677,0,1,3400,-57,57,300,12,13,0.68,2170528.000000,5,2.1,0.0,0.0,49824.000000,52,0.0,0.0,0.0,1.0
142926,0,1,3400,-57,57,297,12,14,0.84,2119328.000000,9,2.1,0.0,0.0,5536.000000,33,0.0,0.0,0.0,1.0
143175,0,1,3400,-57,57,293,11,13,0.65,1848608.000000,3,2.1,0.0,0.0,0.0,0.0,0.0,0.0,0.0,1.0
143424,0,1,3400,-57,57,293,12,12,1.1,1847360.000000,15,2.1,2.1,0.0,47968.000000,46,0.0,0.0,0.0,1.0
143673,0,1,3400,-57,57,300,10,11,1.0,1502016.000000,14,2.1,14,0.0,0.0,0.0,0.0,0.0,0.0,1.0
143922,0,1,3400,-57,57,304,14,12,1.0,2580640.000000,10,2.1,14,0.0,0.0,0.0,0.0,0.0,0.0,1.0
144171,0,1,3400,-57,57,297,12,13,0.76,2090272.000000,7,2.1,14,0.0,0.0,0.0,0.0,0.0,0.0,1.0
144420,0,1,3400,-57,57,299,11,12,1.1,1672256.000000,13,2.1,11,0.0,29504.000000,37,0.0,0.0,0.0,1.0
144669,0,1,3400,-57,57,300,16,11,1.4,2808384.000000,19,2.1,0.0,0.0,0.0,0.0,0.0,0.0,0.0,1.0
144918,0,1,3400,-57,57,296,16,13,1.0,3123712.000000,9,2.1,0.0,0.0,0.0,0.0,0.0,0.0,0.0,1.0
145167,0,1,3400,-57,57,297,22,12,1.6,4407744.000000,18,2.1,0.0,0.0,0.0,0.0,0.0,0.0,0.0,1.0
145416,0,1,3400,-57,57,299,12,13,0.82,2041888.000000,8,2.1,0.0,0.0,68672.000000,28,0.0,0.0,0.0,1.0
145665,0,1,3400,-57,57,297,10,13,0.83,1750528.000000,8,2.1,0.0,0.0,0.0,100.000000,0.0,0.0,0.0,1.0
145914,0,1,3400,-57,57,298,13,12,1.1,2331360.000000,13,2.1,0.0,0.0,0.0,0.0,0.0,0.0,0.0,1.0
146163,0,1,3400,-57,57,302,15,13,1.1,2818304.000000,13,2.1,0.0,0.0,0.0,0.0,0.0,0.0,0.0,1.0
146412,0,1,3400,-57,57,306,14,13,1.1,2330432.000000,13,2.1,1.7,0.0,29568.000000,64,0.0,0.0,0.0,1.0
146661,0,1,3400,-57,57,303,12,13,0.79,2357216.000000,5,2.1,0.0,0.0,0.0,0.0,0.0,0.0,0.0,1.0
146910,0,1,3400,-57,57,300,12,13,0.80,2036320.000000,8,2.1,0.0,0.0,5536.000000,60,0.0,0.0,0.0,1.0
147159,0,1,3400,-57,57,303,12,13,0.69,2150848.000000,5,2.1,0.0,0.0,0.0,0.0,0.0,0.0,0.0,1.0
147408,0,1,3400,-57,57,295,15,12,0.95,3014816.000000,8,2.1,0.060,0.0,63904.000000,15,0.0,0.0,0.0,1.0
147657,0,1,3400,-57,57,297,13,12,1.1,2144064.000000,14,2.1,0.0,0.0,0.0,0.0,0.0,0.0,0.0,1.0
147906,0,1,3400,-57,57,306,11,13,0.82,1855712.000000,8,2.1,0.0,0.0,0.0,0.0,0.0,0.0,0.0,1.0
148155,0,1,3400,-57,57,304,14,14,0.76,2567328.000000,7,2.1,0.0,0.0,0.0,0.0,0.0,0.0,0.0,1.0
148404,0,1,3400,-57,57,304,17,13,1.4,2971072.000000,20,2.1,4.4,0.0,52320.000000,42,0.0,0.0,0.0,1.0
148653,0,1,3400,-57,57,298,14,13,0.87,2427008.000000,10,2.1,13,0.0,0.0,0.0,0.0,0.0,0.0,1.0
148902,0,1,3400,-57,57,296,13,11,1.4,2029184.000000,23,2.1,13,0.0,0.0,0.0,0.0,0.0,0.0,1.0
149151,0,1,3400,-57,57,296,15,13,0.92,2848832.000000,9,2.1,15,0.0,29920.000000,0,0.0,0.0,0.0,1.0
149400,0,1,3400,-57,57,298,10,13,0.76,1713888.000000,7,2.1,14,0.0,21280.000000,50,0.0,0.0,0.0,1.0
149649,0,1,3400,-57,57,300,13,12,0.82,2490432.000000,7,2.1,3.0,0.0,0.0,0.0,0.0,0.0,0.0,1.0
149898,0,1,3400,-57,57,297,14,13,0.97,2333184.000000,13,2.1,3.0,0.0,0.0,0.0,0.0,0.0,0.0,1.0
150147,0,1,3400,-57,57,297,17,12,1.1,3247328.000000,14,2.1,3.0,0.0,0.0,0.0,0.0,0.0,0.0,1.0
150396,0,1,3400,-57,57,295,10,13,0.79,1829472.000000,8,2.1,6.7,0.0,35040.000000,0,0.0,0.0,0.0,1.0
150645,0,1,3400,-57,57,294,9.1,12,0.77,1543904.000000,8,2.1,13,0.0,0.0,0.0,0.0,0.0,0.0,1.0
150894,0,1,3400,-57,57,298,13,12,0.96,2296960.000000,13,2.1,13,0.0,0.0,0.0,0.0,0.0,0.0,1.0
151143,0,1,3400,-57,57,298,16,13,1.1,2983936.000000,12,2.1,13,0.0,34112.000000,0,0.0,0.0,0.0,1.0
151392,0,1,3400,-57,57,300,14,13,1.0,2857568.000000,7,2.1,13,55,0.0,80,0.0,0.0,0.0,1.0
151641,0,1,3400,-57,57,300,15,11,1.4,2231392.000000,23,2.1,14,55,0.0,0.0,0.0,0.0,0.0,1.0
151890,0,1,3400,-57,57,302,17,12,1.0,3340032.000000,9,2.1,7.2,0.0,0.0,80,0.0,0.0,0.0,1.0
152139,0,1,3400,-57,57,301,16,12,1.2,3453888.000000,11,2.1,7.0,0.0,0.0,0.0,0.0,0.0,0.0,1.0
152388,0,1,3400,-57,57,301,12,13,0.80,1962400.000000,8,2.1,6.3,415,0.0,75,0.0,0.0,0.0,1.0
152637,0,1,3400,-57,57,296,17,12,1.0,3197632.000000,11,2.1,0.0,415,0.0,100.000000,0.0,0.0,0.0,1.0
152886,0,1,3400,-57,57,299,9.8,12,0.91,1618048.000000,10,2.1,0.0,0.0,25632.000000,44,0.0,0.0,0.0,1.0
153135,0,1,3400,-57,57,300,14,12,1.1,2443008.000000,13,2.1,0.0,0.0,5536.000000,0,0.0,0.0,0.0,1.0
153384,0,1,3400,-57,57,301,15,13,1.0,2891744.000000,11,2.1,0.95,0.0,16256.000000,41,0.0,0.0,0.0,1.0
153633,0,1,3400,-57,57,299,14,14,0.86,2794400.000000,6,2.1,0.0,0.0,0.0,100.000000,0.0,0.0,0.0,1.0
153882,0,1,3400,-57,57,299,21,12,1.5,4623232.000000,13,2.1,0.0,0.0,0.0,80,0.0,0.0,0.0,1.0
154131,0,1,3400,-57,57,294,15,12,1.2,2763136.000000,16,2.1,0.0,0.0,0.0,50,0.0,0.0,0.0,1.0
154380,0,1,3400,-57,57,295,14,12,1.0,2317440.000000,13,2.1,2.2,0.0,29312.000000,48,0.0,0.0,0.0,1.0
154629,0,1,3400,-57,57,295,11,14,0.77,1944256.000000,7,2.1,5.1,0.0,0.0,80,0.0,0.0,0.0,1.0
154878,0,1,3400,-57,57,301,12,13,0.69,1910240.000000,3,2.1,4.5,0.0,0.0,0.0,0.0,0.0,0.0,1.0
155127,0,1,3400,-57,57,299,12,13,0.75,2029536.000000,7,2.1,4.5,0.0,0.0,0.0,0.0,0.0,0.0,1.0
155376,0,1,3400,-57,57,300,9.7,13,0.77,1632640.000000,8,2.1,3.4,0.0,35776.000000,35,0.0,0.0,0.0,1.0
155625,0,1,3400,-57,57,297,10,13,0.67,1833600.000000,3,2.1,0.0,0.0,0.0,0.0,0.0,0.0,0.0,1.0
155874,0,1,3400,-57,57,299,7.2,14,0.57,1384448.000000,1,2.1,0.0,0.0,0.0,0.0,0.0,0.0,0.0,1.0
156123,0,1,3400,-57,57,301,18,14,1.0,3916064.000000,7,2.1,0.0,0.0,0.0,0.0,0.0,0.0,0.0,1.0
156372,0,1,3400,-57,57,295,12,13,0.72,2058816.000000,5,2.1,0.41,0.0,51072.000000,36,0.0,0.0,0.0,1.0
156621,0,1,3400,-57,57,299,11,13,0.86,1895616.000000,10,2.1,8.0,0.0,49568.000000,81,0.0,0.0,0.0,1.0
156870,0,1,3400,-57,57,304,13,13,0.82,2410496.000000,6,2.1,8.0,0.0,0.0,80,0.0,0.0,0.0,1.0
157119,0,1,3400,-57,57,301,18,12,1.6,3519488.000000,16,2.1,8.0,0.0,0.0,0.0,0.0,0.0,0.0,1.0
157368,0,1,3400,-57,57,299,14,13,0.99,3201344.000000,7,2.1,5.1,0.0,35872.000000,43,0.0,0.0,0.0,1.0
157617,0,1,3400,-57,57,297,11,13,0.70,1946528.000000,5,2.1,0.0,0.0,0.0,0.0,0.0,0.0,0.0,1.0
157866,0,1,3400,-57,57,297,14,12,1.3,1948128.000000,20,2.1,1.9,0.0,29920.000000,33,0.0,0.0,0.0,1.0
158115,0,1,3400,-57,57,293,16,14,1.3,3085984.000000,12,2.1,14,0.0,0.0,0.0,0.0,0.0,0.0,1.0
158364,0,1,3400,-57,57,292,13,13,0.88,2322976.000000,9,2.1,13,0.0,59488.000000,61,0.0,0.0,0.0,1.0
158613,0,1,3400,-57,57,294,12,14,0.65,2098016.000000,3,2.1,0.0,0.0,5536.000000,67,0.0,0.0,0.0,1.0
158862,0,1,3400,-57,57,298,19,13,1.6,3386240.000000,23,2.1,0.0,0.0,0.0,0.0,0.0,0.0,0.0,1.0
159111,0,1,3400,-57,57,299,9.6,12,0.77,1612864.000000,6,2.1,0.0,0.0,0.0,0.0,0.0,0.0,0.0,1.0
159360,0,1,3400,-57,57,296,12,12,0.73,2397888.000000,4,2.1,6.1,0.0,206272.000000,63,0.0,0.0,0.0,1.0
159609,0,1,3400,-57,57,302,8.4,12,0.70,1482496.000000,5,2.1,16,0.0,0.0,0.0,0.0,0.0,0.0,1.0
159858,0,1,3400,-57,57,307,15,13,1.1,2587904.000000,12,2.1,8.1,0.0,5536.000000,0,0.0,0.0,0.0,1.0
160107,0,1,3400,-57,57,299,14,13,0.71,2812032.000000,5,2.1,3.6,0.0,5536.000000,60,0.0,0.0,0.0,1.0
160356,0,1,3400,-57,57,296,14,14,0.81,2785632.000000,7,2.1,0.0,0.0,35680.000000,20,0.0,0.0,0.0,1.0
160605,0,1,3400,-57,57,295,12,14,0.69,2119136.000000,3,2.1,0.0,0.0,0.0,0.0,0.0,0.0,0.0,1.0
160854,0,1,3400,-57,57,302,8.1,14,0.58,1602880.000000,2,2.1,0.0,0.0,0.0,0.0,0.0,0.0,0.0,1.0
161103,0,1,3400,-57,57,301,11,13,0.99,1849888.000000,11,2.1,0.0,0.0,0.0,0.0,0.0,0.0,0.0,1.0
161352,0,1,3400,-57,57,299,13,13,0.89,2248160.000000,10,2.1,1.4,247,5536.000000,67,0.0,0.0,0.0,1.0
161601,0,1,3400,-57,57,303,13,14,0.89,2756992.000000,6,2.1,0.0,0.0,22304.000000,54,0.0,0.0,0.0,1.0
161850,0,1,3400,-57,57,298,18,14,1.00,3971488.000000,4,2.1,0.0,0.0,0.0,0.0,0.0,0.0,0.0,1.0
162099,0,1,3400,-57,57,293,15,12,1.1,2638368.000000,14,2.1,0.0,0.0,0.0,0.0,0.0,0.0,0.0,1.0
162348,0,1,3400,-57,57,294,16,13,1.3,2747904.000000,18,2.1,2.4,0.0,2144.000000,68,0.0,0.0,0.0,1.0
162597,0,1,3400,-57,57,296,13,12,1.0,2046400.000000,13,2.1,0.50,0.0,4288.000000,50,0.0,0.0,0.0,1.0
162846,0,1,3400,-57,57,295,20,12,1.4,3938976.000000,13,2.1,0.0,0.0,5536.000000,33,0.0,0.0,0.0,1.0
163095,0,1,3400,-57,57,299,13,14,0.70,2423040.000000,5,2.1,0.0,0.0,0.0,80,0.0,0.0,0.0,1.0
163344,0,1,3400,-57,57,299,12,14,0.67,2140992.000000,3,2.1,0.70,0.0,36544.000000,27,0.0,0.0,0.0,1.0
163593,0,1,3400,-57,57,298,18,12,1.6,3516608.000000,18,2.1,4.0,0.0,0.0,0.0,0.0,0.0,0.0,1.0
163842,0,1,3400,-57,57,297,11,13,0.84,1860160.000000,9,2.1,0.70,0.0,5536.000000,0,0.0,0.0,0.0,1.0
164091,0,1,3400,-57,57,304,16,12,1.1,2845120.000000,17,2.1,0.0,0.0,0.0,0.0,0.0,0.0,0.0,1.0
164340,0,1,3400,-57,57,303,13,12,1.3,1749472.000000,20,2.1,0.72,0.0,0.0,75,0.0,0.0,0.0,1.0
164589,0,1,3400,-57,57,303,8.2,13,0.58,1525888.000000,2,2.1,0.0,0.0,0.0,100.000000,0.0,0.0,0.0,1.0
164838,0,1,3400,-57,57,306,15,13,0.78,2706784.000000,6,2.1,0.0,0.0,0.0,0.0,0.0,0.0,0.0,1.0
165087,0,1,3400,-57,57,301,13,12,0.95,2428512.000000,9,2.1,0.0,0.0,0.0,0.0,0.0,0.0,0.0,1.0
165336,0,1,3400,-57,57,300,18,13,1.3,3294080.000000,15,2.1,0.056,0.0,42848.000000,33,0.0,0.0,0.0,1.0
165585,0,1,3400,-57,57,298,8.1,12,0.70,1335168.000000,6,2.1,0.0,0.0,0.0,80,0.0,0.0,0.0,1.0
165834,0,1,3400,-57,57,286,12,12,1.1,1858368.000000,13,2.1,0.0,0.0,0.0,0.0,0.0,0.0,0.0,1.0
166083,0,1,3400,-57,57,287,10,11,0.83,1666176.000000,9,2.1,0.0,0.0,0.0,0.0,0.0,0.0,0.0,1.0
166332,0,1,3400,-57,57,295,15,13,1.3,2875488.000000,15,2.1,1.8,0.0,101504.000000,54,0.0,0.0,0.0,1.0
166581,0,1,3400,-57,57,300,17,13,1.4,3126560.000000,18,2.1,7.8,0.0,0.0,0.0,0.0,0.0,0.0,1.0
166830,0,1,3400,-57,57,307,17,13,1.5,3253056.000000,17,2.1,5.1,0.0,5536.000000,0,0.0,0.0,0.0,1.0
167079,0,1,3400,-57,57,305,12,13,0.97,2148544.000000,10,2.1,4.5,0.0,0.0,0.0,0.0,0.0,0.0,1.0
167328,0,1,3400,-57,57,302,13,13,0.89,2265152.000000,9,2.1,3.3,415,0.0,80,0.0,0.0,0.0,1.0
167577,0,1,3400,-57,57,303,14,14,0.84,2694112.000000,8,2.1,0.0,415,0.0,0.0,0.0,0.0,0.0,1.0
167826,0,1,3400,-57,57,299,11,12,0.94,1904480.000000,11,2.1,0.61,0.0,14944.000000,43,0.0,0.0,0.0,1.0
168075,0,1,3400,-57,57,293,13,12,0.93,2296192.000000,9,2.1,0.0,0.0,0.0,0.0,0.0,0.0,0.0,1.0
168324,0,1,3400,-57,57,298,10,13,0.74,1776256.000000,6,2.1,0.17,0.0,41536.000000,45,0.0,0.0,0.0,1.0
168573,0,1,3400,-57,57,296,12,13,0.65,2226624.000000,3,2.1,0.0,0.0,0.0,0.0,0.0,0.0,0.0,1.0
168822,0,1,3400,-57,57,297,14,11,1.1,2061024.000000,19,2.1,0.0,0.0,0.0,0.0,0.0,0.0,0.0,1.0
169071,0,1,3400,-57,57,297,12,12,0.88,2012864.000000,10,2.1,0.0,0.0,0.0,0.0,0.0,0.0,0.0,1.0
169320,0,1,3400,-57,57,297,7.6,12,0.97,1206016.000000,11,2.1,1.1,0.0,20640.000000,42,0.0,0.0,0.0,1.0
169569,0,1,3400,-57,57,295,14,13,0.81,2553472.000000,6,2.1,0.0,0.0,5888.000000,67,0.0,0.0,0.0,1.0
169818,0,1,3400,-57,57,300,7.8,12,0.60,1420736.000000,3,2.1,0.0,0.0,0.0,0.0,0.0,0.0,0.0,1.0
170067,0,1,3400,-57,57,302,12,13,0.67,2258784.000000,3,2.1,0.0,0.0,0.0,0.0,0.0,0.0,0.0,1.0
170316,0,1,3400,-57,57,297,9.4,12,0.68,1718624.000000,3,2.1,0.17,0.0,23552.000000,11,0.0,0.0,0.0,1.0
170565,0,1,3400,-57,57,299,15,12,1.1,2737536.000000,13,2.1,13,0.0,8096.000000,92,0.0,0.0,0.0,1.0
170814,0,1,3400,-57,57,304,18,13,1.2,3229056.000000,18,2.1,10.0,0.0,5536.000000,33,0.0,0.0,0.0,1.0
171063,0,1,3400,-57,57,304,12,12,0.96,1887712.000000,11,2.1,6.5,0.0,0.0,0.0,0.0,0.0,0.0,1.0
171312,0,1,3400,-57,57,299,7.6,12,0.84,1285536.000000,8,2.1,4.8,0.0,26048.000000,43,0.0,0.0,0.0,1.0
171561,0,1,3400,-57,57,298,12,13,0.81,2038208.000000,9,2.1,0.0,0.0,5536.000000,0,0.0,0.0,0.0,1.0
171810,0,1,3400,-57,57,296,11,13,0.92,1822976.000000,11,2.1,0.0,0.0,0.0,0.0,0.0,0.0,0.0,1.0
172059,0,1,3400,-57,57,294,14,13,0.83,2739744.000000,6,2.1,0.0,0.0,0.0,0.0,0.0,0.0,0.0,1.0
172308,0,1,3400,-57,57,297,12,13,0.71,2086336.000000,5,2.1,0.29,0.0,5536.000000,25,0.0,0.0,0.0,1.0
172557,0,1,3400,-57,57,299,17,11,1.4,2948032.000000,19,2.1,0.32,0.0,8768.000000,65,0.0,0.0,0.0,1.0
172806,0,1,3400,-57,57,293,11,12,0.83,1743712.000000,9,2.1,0.0,0.0,5536.000000,33,0.0,0.0,0.0,1.0
173055,0,1,3400,-57,57,295,12,13,0.76,1982688.000000,7,2.1,0.0,0.0,0.0,0.0,0.0,0.0,0.0,1.0
173304,0,1,3400,-57,57,300,13,13,0.92,2380896.000000,9,2.1,0.0,413,0.0,80,0.0,0.0,0.0,1.0
173553,0,1,3400,-57,57,300,11,11,1.1,1824960.000000,14,2.1,0.0,413,0.0,0.0,0.0,0.0,0.0,1.0
173802,0,1,3400,-57,57,293,16,12,1.2,2775968.000000,16,2.1,0.0,0.0,25632.000000,27,0.0,0.0,0.0,1.0
174051,0,1,3400,-57,57,297,11,13,0.78,2158208.000000,6,2.1,0.0,0.0,0.0,0.0,0.0,0.0,0.0,1.0
174300,0,1,3400,-57,57,293,15,12,1.1,2758016.000000,12,2.1,3.9,0.0,27936.000000,52,0.0,0.0,0.0,1.0
174549,0,1,3400,-57,57,297,7.8,14,0.65,1438016.000000,3,2.1,21,0.0,0.0,0.0,0.0,0.0,0.0,1.0
174798,0,1,3400,-57,57,298,11,11,1.1,1699168.000000,17,2.1,22,0.0,0.0,0.0,0.0,0.0,0.0,1.0
175047,0,1,3400,-57,57,301,11,13,0.67,1970784.000000,5,2.1,22,0.0,0.0,0.0,0.0,0.0,0.0,1.0
175296,0,1,3400,-57,57,301,15,12,1.1,2538272.000000,9,2.1,17,0.0,10336.000000,50,0.0,0.0,0.0,1.0
175545,0,1,3400,-57,57,302,15,12,0.96,2776928.000000,10,2.1,0.0,0.0,0.0,0.0,0.0,0.0,0.0,1.0
175794,0,1,3400,-57,57,297,10,13,0.79,1667328.000000,6,2.1,0.0,0.0,4384.000000,0,0.0,0.0,0.0,1.0
176043,0,1,3400,-57,57,295,17,13,1.2,3380480.000000,13,2.1,4.8,0.0,29920.000000,57,0.0,0.0,0.0,1.0
176292,0,1,3400,-57,57,306,12,13,0.79,2085760.000000,7,2.1,15,0.0,18400.000000,55,0.0,0.0,0.0,1.0
176541,0,1,3400,-57,57,303,11,12,0.92,1957152.000000,10,2.1,22,0.0,0.0,0.0,0.0,0.0,0.0,1.0
176790,0,1,3400,-57,57,298,13,13,0.90,2113632.000000,11,2.1,22,0.0,0.0,0.0,0.0,0.0,0.0,1.0
177039,0,1,3400,-57,57,293,12,13,0.79,2059424.000000,8,2.1,22,0.0,0.0,0.0,0.0,0.0,0.0,1.0
177288,0,1,3400,-57,57,297,13,13,0.97,2163424.000000,11,2.1,22,55,0.0,80,0.0,0.0,0.0,1.0
177537,0,1,3400,-57,57,298,12,11,0.93,2036032.000000,10,2.1,4.5,0.0,7552.000000,0,0.0,0.0,0.0,1.0
177786,0,1,3400,-57,57,299,11,13,0.78,1923936.000000,6,2.1,6.7,0.0,0.0,80,0.0,0.0,0.0,1.0
178035,0,1,3400,-57,57,297,15,12,1.1,2635456.000000,14,2.1,7.5,0.0,0.0,0.0,0.0,0.0,0.0,1.0
178284,0,1,3400,-57,57,302,11,13,0.84,1910880.000000,8,2.1,4.9,0.0,67104.000000,22,0.0,0.0,0.0,1.0
178533,0,1,3400,-57,57,299,16,12,1.6,2746368.000000,24,2.1,0.0,0.0,0.0,0.0,0.0,0.0,0.0,1.0
178782,0,1,3400,-57,57,304,18,13,1.2,3653312.000000,12,2.1,5.0,0.0,0.0,80,0.0,0.0,0.0,1.0
179031,0,1,3400,-57,57,300,10,13,0.73,1833120.000000,6,2.1,7.5,0.0,0.0,0.0,0.0,0.0,0.0,1.0
179280,0,1,3400,-57,57,295,12,13,0.86,2105408.000000,10,2.1,7.3,0.0,5536.000000,17,0.0,0.0,0.0,1.0
179529,0,1,3400,-57,57,296,8.1,13,0.77,1530336.000000,7,2.1,4.0,0.0,36608.000000,61,0.0,0.0,0.0,1.0
179778,0,1,3400,-57,57,292,14,12,1.1,2766752.000000,11,2.1,5.0,0.0,0.0,0.0,0.0,0.0,0.0,1.0
180027,0,1,3400,-57,57,299,11,13,0.76,1903744.000000,7,2.1,5.0,0.0,0.0,0.0,0.0,0.0,0.0,1.0
180276,0,1,3400,-57,57,302,9.7,12,0.90,1584704.000000,11,2.1,5.1,0.0,14368.000000,58,0.0,0.0,0.0,1.0
180525,0,1,3400,-57,57,299,13,12,0.99,2443392.000000,11,2.1,7.5,0.0,0.0,0.0,0.0,0.0,0.0,1.0
180774,0,1,3400,-57,57,299,14,13,1.3,2324448.000000,16,2.1,7.3,0.0,0.0,0.0,0.0,0.0,0.0,1.0
181023,0,1,3400,-57,57,302,19,11,1.4,3265888.000000,20,2.1,7.2,0.0,0.0,0.0,0.0,0.0,0.0,1.0
181272,0,1,3400,-57,57,304,17,12,1.2,3155584.000000,14,2.1,7.3,0.0,11072.000000,30,0.0,0.0,0.0,1.0
181521,0,1,3400,-57,57,301,14,13,1.2,2520864.000000,16,2.1,0.0,0.0,14048.000000,77,0.0,0.0,0.0,1.0
181770,0,1,3400,-57,57,302,12,12,1.1,1842656.000000,17,2.1,0.0,0.0,5536.000000,0,0.0,0.0,0.0,1.0
182019,0,1,3400,-57,57,299,9.6,13,0.81,1648352.000000,8,2.1,0.0,0.0,0.0,0.0,0.0,0.0,0.0,1.0
182268,0,1,3400,-57,57,296,14,12,1.2,2286432.000000,18,2.1,0.0,415,0.0,80,0.0,0.0,0.0,1.0
182517,0,1,3400,-57,57,292,14,14,0.75,2609888.000000,6,2.1,0.0,415,0.0,0.0,0.0,0.0,0.0,1.0
182766,0,1,3400,-57,57,291,10,12,0.77,1814144.000000,7,2.1,4.0,0.0,14560.000000,56,0.0,0.0,0.0,1.0
183015,0,1,3400,-57,57,294,13,12,1.1,2299168.000000,13,2.1,14,0.0,0.0,0.0,0.0,0.0,0.0,1.0
183264,0,1,3400,-57,57,301,14,13,0.91,2453888.000000,11,2.1,5.9,0.0,65280.000000,38,0.0,0.0,0.0,1.0
183513,0,1,3400,-57,57,305,11,14,0.71,2079296.000000,5,2.1,0.0,0.0,0.0,0.0,0.0,0.0,0.0,1.0
183762,0,1,3400,-57,57,301,11,13,0.84,2130144.000000,8,2.1,0.0,0.0,0.0,80,0.0,0.0,0.0,1.0
184011,0,1,3400,-57,57,298,12,13,0.77,1999040.000000,7,2.1,0.0,0.0,0.0,0.0,0.0,0.0,0.0,1.0
184260,0,1,3400,-57,57,297,16,13,1.3,2944704.000000,18,2.1,0.0,0.0,8512.000000,53,0.0,0.0,0.0,1.0
184509,0,1,3400,-57,57,297,14,12,1.1,2340384.000000,15,2.1,0.0,0.0,37600.000000,52,0.0,0.0,0.0,1.0
184758,0,1,3400,-57,57,295,13,11,1.0,2027008.000000,14,2.1,0.0,0.0,5536.000000,33,0.0,0.0,0.0,1.0
185007,0,1,3400,-57,57,298,12,13,0.79,2084608.000000,7,2.1,0.0,0.0,0.0,0.0,0.0,0.0,0.0,1.0
185256,0,1,3400,-57,57,304,13,9.8,1.2,2112032.000000,18,2.1,0.0,0.0,30144.000000,43,0.0,0.0,0.0,1.0
185505,0,1,3400,-57,57,304,14,13,1.0,2744000.000000,11,2.1,0.0,0.0,0.0,0.0,0.0,0.0,0.0,1.0
185754,0,1,3400,-57,57,301,12,12,0.98,2476160.000000,7,2.1,0.0,0.0,0.0,0.0,0.0,0.0,0.0,1.0
186003,0,1,3400,-57,57,301,12,13,0.82,2157504.000000,8,2.1,0.0,0.0,0.0,0.0,0.0,0.0,0.0,1.0
186252,0,1,3400,-57,57,300,14,10,1.3,1994976.000000,23,2.1,3.4,0.0,25056.000000,54,0.0,0.0,0.0,1.0
186501,0,1,3400,-57,57,297,10,11,0.93,1669632.000000,11,2.1,7.2,0.0,17056.000000,0,0.0,0.0,0.0,1.0
186750,0,1,3400,-57,57,296,15,13,0.98,2851392.000000,9,2.1,12,0.0,0.0,80,0.0,0.0,0.0,1.0
186999,0,1,3400,-57,57,293,15,13,0.98,3237216.000000,7,2.1,12,0.0,0.0,0.0,0.0,0.0,0.0,1.0
187248,0,1,3400,-57,57,293,17,13,1.3,2760640.000000,16,2.1,11,0.0,8512.000000,40,0.0,0.0,0.0,1.0
187497,0,1,3400,-57,57,296,12,13,0.76,2158880.000000,7,2.1,0.0,0.0,11072.000000,78,0.0,0.0,0.0,1.0
187746,0,1,3400,-57,57,294,12,12,1.0,2206048.000000,11,2.1,0.0,0.0,0.0,0.0,0.0,0.0,0.0,1.0
187995,0,1,3400,-57,57,297,14,11,1.2,2165088.000000,16,2.1,0.0,0.0,0.0,0.0,0.0,0.0,0.0,1.0
188244,0,1,3400,-57,57,300,13,13,0.86,2470752.000000,8,2.1,0.84,0.0,38432.000000,40,0.0,0.0,0.0,1.0
188493,0,1,3400,-57,57,296,11,12,0.73,1994656.000000,5,2.1,6.5,0.0,0.0,100.000000,0.0,0.0,0.0,1.0
188742,0,1,3400,-57,57,296,19,12,1.3,3359968.000000,18,2.1,2.2,0.0,5536.000000,33,0.0,0.0,0.0,1.0
188991,0,1,3400,-57,57,296,17,12,1.4,3076128.000000,14,2.1,0.0,0.0,0.0,0.0,0.0,0.0,0.0,1.0
189240,0,1,3400,-57,57,293,13,13,0.72,2521696.000000,5,2.1,0.18,0.0,58240.000000,43,0.0,0.0,0.0,1.0
189489,0,1,3400,-57,57,299,11,12,0.98,1893696.000000,13,2.1,0.0,0.0,0.0,0.0,0.0,0.0,0.0,1.0
189738,0,1,3400,-57,57,302,11,12,1.00,1732544.000000,14,2.1,0.0,0.0,0.0,0.0,0.0,0.0,0.0,1.0
189987,0,1,3400,-57,57,302,8.7,12,0.69,1519776.000000,6,2.1,0.0,0.0,0.0,0.0,0.0,0.0,0.0,1.0
190236,0,1,3400,-57,57,303,12,11,1.1,1699360.000000,16,2.1,0.0,581,0.0,0.0,0.0,0.0,0.0,1.0
190485,0,1,3400,-57,57,302,13,12,0.98,2188320.000000,12,2.1,0.82,0.0,19584.000000,55,0.0,0.0,0.0,1.0
190734,0,1,3400,-57,57,299,14,12,0.95,2548640.000000,9,2.1,0.0,0.0,5536.000000,0,0.0,0.0,0.0,1.0
190983,0,1,3400,-57,57,299,11,12,0.76,1963040.000000,7,2.1,0.0,0.0,0.0,0.0,0.0,0.0,0.0,1.0
191232,0,1,3400,-57,57,302,18,12,1.2,3653216.000000,10,2.1,3.4,0.0,178944.000000,42,0.0,0.0,0.0,1.0
191481,0,1,3400,-57,57,299,17,13,0.97,3569088.000000,7,2.1,16,0.0,0.0,100.000000,0.0,0.0,0.0,1.0
191730,0,1,3400,-57,57,297,14,13,1.0,2449952.000000,12,2.1,16,0.0,0.0,0.0,0.0,0.0,0.0,1.0
191979,0,1,3400,-57,57,297,11,14,0.65,1917920.000000,4,2.1,16,0.0,0.0,0.0,0.0,0.0,0.0,1.0
192228,0,1,3400,-57,57,298,16,12,1.1,2831168.000000,14,2.1,14,415,0.0,80,0.0,0.0,0.0,1.0
192477,0,1,3400,-57,57,302,6.0,12,0.68,1137632.000000,4,2.1,8.0,415,0.0,0.0,0.0,0.0,0.0,1.0
192726,0,1,3400,-57,57,300,13,11,1.4,2030560.000000,20,2.1,6.3,0.0,15584.000000,60,0.0,0.0,0.0,1.0
192975,0,1,3400,-57,57,296,6.9,11,0.76,1232192.000000,6,2.1,7.0,0.0,0.0,0.0,0.0,0.0,0.0,1.0
193224,0,1,3400,-57,57,297,14,12,1.1,2349472.000000,14,2.1,6.3,0.0,18496.000000,70,0.0,0.0,0.0,1.0
193473,0,1,3400,-57,57,300,13,13,0.75,2481696.000000,6,2.1,0.064,0.0,0.0,80,0.0,0.0,0.0,1.0
193722,0,1,3400,-57,57,298,12,13,0.76,2130304.000000,7,2.1,0.0,0.0,0.0,0.0,0.0,0.0,0.0,1.0
193971,0,1,3400,-57,57,300,15,13,0.99,2902496.000000,10,2.1,0.0,0.0,0.0,0.0,0.0,0.0,0.0,1.0
194220,0,1,3400,-57,57,302,16,11,1.4,2604224.000000,21,2.1,0.13,0.0,28832.000000,60,0.0,0.0,0.0,1.0
194469,0,1,3400,-57,57,299,14,13,1.1,1987552.000000,16,2.1,0.32,0.0,0.0,0.0,0.0,0.0,0.0,1.0
194718,0,1,3400,-57,57,296,15,12,1.0,2945568.000000,11,2.1,0.0,0.0,0.0,0.0,0.0,0.0,0.0,1.0
194967,0,1,3400,-57,57,293,13,12,1.1,2423872.000000,12,2.1,0.0,0.0,0.0,0.0,0.0,0.0,0.0,1.0
195216,0,1,3400,-57,57,294,15,12,1.2,2514816.000000,15,2.1,2.7,0.0,5536.000000,56,0.0,0.0,0.0,1.0
195465,0,1,3400,-57,57,298,16,13,0.88,3233760.000000,8,2.1,4.6,0.0,34208.000000,45,0.0,0.0,0.0,1.0
195714,0,1,3400,-57,57,302,12,13,0.94,1911808.000000,11,2.1,14,0.0,0.0,0.0,0.0,0.0,0.0,1.0
195963,0,1,3400,-57,57,300,12,12,0.93,2381216.000000,7,2.1,14,0.0,0.0,0.0,0.0,0.0,0.0,1.0
196212,0,1,3400,-57,57,296,14,14,0.90,2995328.000000,4,2.1,18,0.0,0.0,78,0.0,0.0,0.0,1.0
196461,0,1,3400,-57,57,299,12,12,1.1,2236032.000000,14,2.1,14,0.0,5536.000000,67,0.0,0.0,0.0,1.0
196710,0,1,3400,-57,57,297,17,13,1.3,3036544.000000,16,2.1,14,0.0,5536.000000,60,0.0,0.0,0.0,1.0
196959,0,1,3400,-57,57,300,20,13,1.6,3443872.000000,20,2.1,14,0.0,0.0,0.0,0.0,0.0,0.0,1.0
197208,0,1,3400,-57,57,293,12,12,0.90,1949632.000000,9,2.1,14,581,0.0,0.0,0.0,0.0,0.0,1.0
197457,0,1,3400,-57,57,294,18,12,1.4,2711680.000000,22,2.1,4.3,0.0,60576.000000,44,0.0,0.0,0.0,1.0
197706,0,1,3400,-57,57,301,11,13,0.75,1958688.000000,6,2.1,14,0.0,0.0,0.0,0.0,0.0,0.0,1.0
197955,0,1,3400,-57,57,302,16,13,1.2,2925760.000000,15,2.1,14,0.0,0.0,0.0,0.0,0.0,0.0,1.0
198204,0,1,3400,-57,57,298,13,12,0.93,2240832.000000,11,2.1,14,581,0.0,0.0,0.0,0.0,0.0,1.0
198453,0,1,3400,-57,57,296,11,13,1.1,1725824.000000,14,2.1,0.98,415,0.0,80,0.0,0.0,0.0,1.0
198702,0,1,3400,-57,57,300,15,12,1.1,2714432.000000,14,2.1,0.0,0.0,9024.000000,64,0.0,0.0,0.0,1.0
198951,0,1,3400,-57,57,301,12,8.8,1.4,1521664.000000,23,2.1,0.26,0.0,0.0,0.0,0.0,0.0,0.0,1.0
199200,0,1,3400,-57,57,295,12,12,0.88,2008032.000000,10,2.1,0.064,0.0,17536.000000,10,0.0,0.0,0.0,1.0
199449,0,1,3400,-57,57,292,16,13,0.82,3278272.000000,7,2.1,7.1,0.0,9920.000000,57,0.0,0.0,0.0,1.0
199698,0,1,3400,-57,57,293,12,13,0.85,1993504.000000,10,2.1,7.5,0.0,0.0,0.0,0.0,0.0,0.0,1.0
199947,0,1,3400,-57,57,294,14,13,1.1,2399104.000000,11,2.1,7.6,0.0,0.0,0.0,0.0,0.0,0.0,1.0
200196,0,1,3400,-57,57,300,12,12,1.1,2179360.000000,12,2.1,8.3,55,4384.000000,50,0.0,0.0,0.0,1.0
200445,0,1,3400,-57,57,300,20,13,1.2,4702464.000000,8,2.1,15,55,0.0,100.000000,0.0,0.0,0.0,1.0
200694,0,1,3400,-57,57,293,12,12,1.1,1925760.000000,13,2.1,12,0.0,6208.000000,0,0.0,0.0,0.0,1.0
200943,0,1,3400,-57,57,295,14,13,0.98,2628416.000000,9,2.1,12,0.0,17056.000000,0,0.0,0.0,0.0,1.0
201192,0,1,3400,-57,57,300,13,12,1.1,2101696.000000,16,2.1,12,55,0.0,75,0.0,0.0,0.0,1.0
201441,0,1,3400,-57,57,304,12,13,0.79,2187200.000000,7,2.1,9.5,55,0.0,100.000000,0.0,0.0,0.0,1.0
201690,0,1,3400,-57,57,299,16,12,1.1,2985856.000000,13,2.1,13,0.0,37344.000000,45,0.0,0.0,0.0,1.0
201939,0,1,3400,-57,57,293,11,13,0.72,1876416.000000,6,2.1,18,0.0,0.0,0.0,0.0,0.0,0.0,1.0
202188,0,1,3400,-57,57,296,12,13,0.86,2174496.000000,9,2.1,17,0.0,17056.000000,25,0.0,0.0,0.0,1.0
202437,0,1,3400,-57,57,296,14,12,0.83,2276416.000000,7,2.1,0.96,0.0,8768.000000,58,0.0,0.0,0.0,1.0
202686,0,1,3400,-57,57,297,8.0,11,0.74,1370976.000000,7,2.1,0.0,0.0,0.0,0.0,0.0,0.0,0.0,1.0
202935,0,1,3400,-57,57,301,12,13,0.79,2089216.000000,7,2.1,0.0,0.0,0.0,0.0,0.0,0.0,0.0,1.0
203184,0,1,3400,-57,57,295,20,12,1.6,3851328.000000,22,2.1,2.1,0.0,25056.000000,45,0.0,1.0,0.0,1.0
203433,0,1,3400,-57,57,291,13,13,0.96,2347776.000000,11,2.1,0.064,0.0,0.0,80,0.0,0.0,0.0,1.0
203682,0,1,3400,-57,57,295,14,12,0.86,2486496.000000,9,2.1,0.0,0.0,0.0,0.0,0.0,0.0,0.0,1.0
203931,0,1,3400,-57,57,297,13,12,1.2,2206496.000000,15,2.1,0.0,0.0,0.0,0.0,0.0,0.0,0.0,1.0
204180,0,1,3400,-57,57,303,12,13,0.90,2021344.000000,12,2.1,0.0,581,0.0,0.0,0.0,0.0,0.0,1.0
204429,0,1,3400,-57,57,301,14,13,0.90,2712608.000000,8,2.1,0.064,0.0,19584.000000,60,0.0,0.0,0.0,1.0
204678,0,1,3400,-57,57,300,13,11,1.2,1903392.000000,18,2.1,0.0,0.0,8256.000000,40,0.0,0.0,0.0,1.0
204927,0,1,3400,-57,57,299,12,13,0.93,2181280.000000,8,2.1,0.0,0.0,0.0,0.0,0.0,0.0,0.0,1.0
205176,0,1,3400,-57,57,300,14,9.5,1.4,2130816.000000,23,2.1,0.0,247,0.0,78,0.0,0.0,0.0,1.0
205425,0,1,3400,-57,57,298,9.8,8.1,1.2,1177440.000000,20,2.1,0.0,247,0.0,100.000000,0.0,0.0,0.0,1.0
205674,0,1,3400,-57,57,299,12,12,0.68,2155264.000000,5,2.1,0.0,81,0.0,80,0.0,0.0,0.0,1.0
205923,0,1,3400,-57,57,301,13,13,0.77,2273248.000000,7,2.1,0.0,0.0,12000.000000,33,0.0,0.0,0.0,1.0
206172,0,1,3400,-57,57,296,19,12,1.9,2923232.000000,28,2.1,2.2,0.0,29952.000000,41,0.0,0.0,0.0,1.0
206421,0,1,3400,-57,57,297,16,12,1.2,2774016.000000,15,2.1,4.9,0.0,11072.000000,50,0.0,0.0,0.0,1.0
206670,0,1,3400,-57,57,293,15,13,1.4,2619424.000000,14,2.1,4.9,0.0,5536.000000,0,0.0,0.0,0.0,1.0
206919,0,1,3400,-57,57,295,12,12,0.98,1937856.000000,12,2.1,5.0,0.0,0.0,0.0,0.0,0.0,0.0,1.0
207168,0,1,3400,-57,57,296,13,13,0.85,2509728.000000,9,2.1,6.5,0.0,203552.000000,59,0.0,0.0,0.0,1.0
207417,0,1,3400,-57,57,297,13,12,0.83,2334272.000000,9,2.1,4.5,0.0,0.0,0.0,0.0,0.0,0.0,1.0
207666,0,1,3400,-57,57,296,9.6,10,1.1,1430752.000000,16,2.1,4.5,0.0,0.0,0.0,0.0,0.0,0.0,1.0
207915,0,1,3400,-57,57,296,13,12,0.90,2475552.000000,9,2.1,4.5,0.0,0.0,0.0,0.0,0.0,0.0,1.0
208164,0,1,3400,-57,57,298,13,12,0.97,2512192.000000,9,2.1,2.3,0.0,36192.000000,25,0.0,0.0,0.0,1.0
208413,0,1,3400,-57,57,294,10,12,0.83,1786816.000000,6,2.1,0.0,0.0,0.0,0.0,0.0,0.0,0.0,1.0
208662,0,1,3400,-57,57,300,16,12,1.3,2908704.000000,16,2.1,0.0,0.0,0.0,80,0.0,0.0,0.0,1.0
208911,0,1,3400,-57,57,304,11,11,0.96,1685088.000000,11,2.1,0.0,0.0,0.0,0.0,0.0,0.0,0.0,1.0
209160,0,1,3400,-57,57,298,6.8,13,0.63,1245216.000000,3,2.1,4.0,0.0,24224.000000,41,0.0,0.0,0.0,1.0
209409,0,1,3400,-57,57,296,15,12,0.80,3180672.000000,4,2.1,0.0,0.0,0.0,0.0,0.0,0.0,0.0,1.0
209658,0,1,3400,-57,57,293,12,13,0.79,2131488.000000,9,2.1,0.0,0.0,4384.000000,0,0.0,0.0,0.0,1.0
209907,0,1,3400,-57,57,296,9.5,11,1.0,1415360.000000,14,2.1,0.0,0.0,0.0,0.0,0.0,0.0,0.0,1.0
210156,0,1,3400,-57,57,297,16,11,1.5,2889216.000000,21,2.1,4.0,0.0,7552.000000,44,0.0,0.0,0.0,1.0
210405,0,1,3400,-57,57,296,13,11,0.96,2259200.000000,12,2.1,2.5,0.0,0.0,0.0,0.0,0.0,0.0,1.0
210654,0,1,3400,-57,57,296,14,11,1.3,2209600.000000,20,2.1,2.5,0.0,0.0,0.0,0.0,0.0,0.0,1.0
210903,0,1,3400,-57,57,296,16,12,1.2,3062624.000000,16,2.1,2.5,0.0,0.0,0.0,0.0,0.0,0.0,1.0
211152,0,1,3400,-57,57,299,12,13,0.91,2123776.000000,10,2.1,3.0,55,0.0,67,0.0,0.0,0.0,1.0
211401,0,1,3400,-57,57,297,13,12,0.91,2358496.000000,9,2.1,4.6,0.0,20800.000000,62,0.0,0.0,0.0,1.0
211650,0,1,3400,-57,57,302,9.4,13,0.79,1527520.000000,7,2.1,2.2,0.0,5536.000000,33,0.0,0.0,0.0,1.0
211899,0,1,3400,-57,57,300,11,13,0.73,1886176.000000,4,2.1,0.0,0.0,0.0,0.0,0.0,0.0,0.0,1.0
212148,0,1,3400,-57,57,298,15,13,0.99,3015168.000000,9,2.1,0.0,0.0,11072.000000,33,0.0,0.0,0.0,1.0
212397,0,1,3400,-57,57,301,10,12,0.95,1756928.000000,12,2.1,0.0,0.0,16768.000000,73,0.0,0.0,0.0,1.0
212646,0,1,3400,-57,57,303,12,11,0.91,1863040.000000,12,2.1,0.0,0.0,0.0,0.0,0.0,0.0,0.0,1.0
212895,0,1,3400,-57,57,302,22,12,1.8,4527104.000000,20,2.1,0.0,0.0,0.0,0.0,0.0,0.0,0.0,1.0
213144,0,1,3400,-57,57,297,13,12,0.93,2170304.000000,11,2.1,0.0,415,0.0,80,0.0,0.0,0.0,1.0
213393,0,1,3400,-57,57,292,15,13,1.1,3043136.000000,10,2.1,0.0,0.0,33216.000000,36,0.0,0.0,0.0,1.0
213642,0,1,3400,-57,57,295,13,12,1.1,2186432.000000,15,2.1,0.0,0.0,5536.000000,33,0.0,0.0,0.0,1.0
213891,0,1,3400,-57,57,299,13,12,0.87,2314944.000000,7,2.1,0.0,0.0,0.0,0.0,0.0,0.0,0.0,1.0
214140,0,1,3400,-57,57,302,10,12,0.93,1656544.000000,11,2.1,0.30,0.0,144864.000000,42,0.0,0.0,0.0,1.0
214389,0,1,3400,-57,57,294,16,12,1.5,2534176.000000,18,2.1,0.0,0.0,0.0,0.0,0.0,0.0,0.0,1.0
214638,0,1,3400,-57,57,295,15,12,0.94,2643840.000000,10,2.1,0.0,0.0,0.0,0.0,0.0,0.0,0.0,1.0
214887,0,1,3400,-57,57,299,14,13,0.89,3189088.000000,5,2.1,0.0,0.0,0.0,0.0,0.0,0.0,0.0,1.0
215136,0,1,3400,-57,57,298,17,12,1.1,3124032.000000,14,2.1,0.0,0.0,5536.000000,14,0.0,0.0,0.0,1.0
215385,0,1,3400,-57,57,303,17,13,1.1,3147168.000000,12,2.1,0.0,0.0,14048.000000,80,0.0,0.0,0.0,1.0
215634,0,1,3400,-57,57,307,13,11,1.0,2242624.000000,12,2.1,0.0,0.0,0.0,0.0,0.0,0.0,0.0,1.0
215883,0,1,3400,-57,57,302,19,13,1.2,3836672.000000,11,2.1,0.0,0.0,0.0,0.0,0.0,0.0,0.0,1.0
216132,0,1,3400,-57,57,295,16,13,0.89,3289856.000000,7,2.1,1.2,0.0,38016.000000,36,0.0,0.0,0.0,1.0
216381,0,1,3400,-57,57,292,12,11,1.1,1887872.000000,13,2.1,7.9,0.0,0.0,0.0,0.0,0.0,0.0,1.0
216630,0,1,3400,-57,57,294,13,13,1.2,2191456.000000,15,2.1,7.8,0.0,0.0,0.0,0.0,0.0,0.0,1.0
216879,0,1,3400,-57,57,298,12,13,0.90,2065600.000000,11,2.1,8.0,0.0,0.0,0.0,0.0,0.0,0.0,1.0
217128,0,1,3400,-57,57,301,12,13,0.76,2068384.000000,6,2.1,7.2,415,0.0,67,0.0,0.0,0.0,1.0
217377,0,1,3400,-57,57,297,14,12,1.0,2554080.000000,12,2.1,11,0.0,150816.000000,45,0.0,0.0,0.0,1.0
217626,0,1,3400,-57,57,295,8.1,13,0.81,1406592.000000,9,2.1,12,0.0,0.0,0.0,0.0,0.0,0.0,1.0
217875,0,1,3400,-57,57,296,17,13,1.2,3255584.000000,12,2.1,11,0.0,0.0,0.0,0.0,0.0,0.0,1.0
218124,0,1,3400,-57,57,294,8.4,13,0.69,1543616.000000,5,2.1,8.0,0.0,39392.000000,46,0.0,0.0,0.0,1.0
218373,0,1,3400,-57,57,292,13,13,0.90,2502016.000000,8,2.1,5.0,0.0,0.0,100.000000,0.0,0.0,0.0,1.0
218622,0,1,3400,-57,57,297,14,13,0.87,2839552.000000,6,2.1,5.0,0.0,5536.000000,33,0.0,0.0,0.0,1.0
218871,0,1,3400,-57,57,302,10,13,0.66,2026176.000000,3,2.1,5.0,0.0,0.0,0.0,0.0,0.0,0.0,1.0
219120,0,1,3400,-57,57,294,13,13,0.97,2212512.000000,11,2.1,5.0,415,0.0,75,0.0,0.0,0.0,1.0
219369,0,1,3400,-57,57,297,9.0,12,0.75,1571936.000000,7,2.1,0.16,0.0,40576.000000,43,0.0,0.0,0.0,1.0
219618,0,1,3400,-57,57,300,13,13,0.86,2366368.000000,10,2.1,0.0,0.0,5536.000000,33,0.0,0.0,0.0,1.0
219867,0,1,3400,-57,57,300,17,12,1.1,3345792.000000,10,2.1,0.0,0.0,0.0,0.0,0.0,0.0,0.0,1.0
220116,0,1,3400,-57,57,300,12,13,0.79,2098624.000000,8,2.1,0.0,0.0,19840.000000,44,0.0,0.0,0.0,1.0
220365,0,1,3400,-57,57,302,14,14,0.97,2649408.000000,10,2.1,14,0.0,29920.000000,50,0.0,0.0,0.0,1.0
220614,0,1,3400,-57,57,298,15,13,0.96,2784064.000000,8,2.1,14,0.0,0.0,0.0,0.0,0.0,0.0,1.0
220863,0,1,3400,-57,57,295,12,12,0.77,2128896.000000,6,2.1,14,0.0,0.0,0.0,0.0,0.0,0.0,1.0
221112,0,1,3400,-57,57,297,15,12,1.1,2641824.000000,13,2.1,9.3,0.0,25632.000000,56,0.0,0.0,0.0,1.0
221361,0,1,3400,-57,57,302,17,13,1.3,3335840.000000,14,2.1,0.0,0.0,0.0,0.0,0.0,0.0,0.0,1.0
221610,0,1,3400,-57,57,303,6.3,13,0.58,1210720.000000,1,2.1,0.0,0.0,0.0,0.0,0.0,0.0,0.0,1.0
221859,0,1,3400,-57,57,302,15,13,0.73,3059200.000000,3,2.1,0.0,0.0,0.0,0.0,0.0,0.0,0.0,1.0
222108,0,1,3400,-57,57,296,15,13,0.82,2991040.000000,6,2.1,0.0,0.0,11072.000000,33,0.0,0.0,0.0,1.0
222357,0,1,3400,-57,57,292,8.4,13,0.79,1466432.000000,8,2.1,0.0,0.0,50432.000000,46,0.0,0.0,0.0,1.0
222606,0,1,3400,-57,57,297,17,13,1.2,3126976.000000,13,2.1,0.0,0.0,608,50,0.0,0.0,0.0,1.0
222855,0,1,3400,-57,57,302,12,13,0.95,2002304.000000,11,2.1,0.0,0.0,0.0,0.0,0.0,0.0,0.0,1.0
223104,0,1,3400,-57,57,301,16,12,1.1,2807904.000000,15,2.1,1.7,0.0,29568.000000,61,0.0,0.0,0.0,1.0
223353,0,1,3400,-57,57,295,12,12,0.89,2083520.000000,10,2.1,0.0,0.0,0.0,0.0,0.0,0.0,0.0,1.0
223602,0,1,3400,-57,57,291,11,14,0.71,2014848.000000,5,2.1,0.0,0.0,0.0,0.0,0.0,0.0,0.0,1.0
223851,0,1,3400,-57,57,295,11,13,0.79,2062656.000000,6,2.1,0.0,0.0,0.0,80,0.0,0.0,0.0,1.0
224100,0,1,3400,-57,57,298,16,12,1.2,2740864.000000,15,2.1,0.0,415,0.0,75,0.0,0.0,0.0,1.0
224349,0,1,3400,-57,57,298,11,9.5,1.2,1968256.000000,14,2.1,0.0,0.0,31328.000000,40,0.0,0.0,0.0,1.0
224598,0,1,3400,-57,57,296,17,13,1.4,3056832.000000,17,2.1,0.0,0.0,5536.000000,33,0.0,0.0,0.0,1.0
224847,0,1,3400,-57,57,297,15,13,1.1,2779232.000000,13,2.1,0.0,0.0,0.0,0.0,0.0,0.0,0.0,1.0
225096,0,1,3400,-57,57,298,15,13,0.87,2977312.000000,7,2.1,0.0,0.0,28096.000000,37,0.0,0.0,0.0,1.0
225345,0,1,3400,-57,57,295,13,12,0.91,2274496.000000,9,2.1,0.0,0.0,0.0,0.0,0.0,0.0,0.0,1.0
225594,0,1,3400,-57,57,295,12,13,1.0,2403040.000000,10,2.1,0.0,0.0,0.0,0.0,0.0,0.0,0.0,1.0
225843,0,1,3400,-57,57,297,19,11,1.4,3154208.000000,20,2.1,0.0,0.0,0.0,0.0,0.0,0.0,0.0,1.0
226092,0,1,3400,-57,57,301,11,10,1.2,1529056.000000,19,2.1,0.0,247,0.0,80,0.0,0.0,0.0,1.0
226341,0,1,3400,-57,57,298,12,13,0.75,2009632.000000,6,2.1,0.0,247,0.0,0.0,0.0,0.0,0.0,1.0
226590,0,1,3400,-57,57,295,13,12,1.1,2487104.000000,12,2.1,0.0,0.0,20096.000000,25,0.0,0.0,0.0,1.0
226839,0,1,3400,-57,57,295,14,13,0.75,2536960.000000,6,2.1,0.0,0.0,0.0,0.0,0.0,0.0,0.0,1.0
227088,0,1,3400,-57,57,297,11,13,0.74,1946720.000000,5,2.1,0.0,0.0,19712.000000,39,0.0,0.0,0.0,1.0
227337,0,1,3400,-57,57,297,17,14,0.90,3834368.000000,4,2.1,0.0,0.0,0.0,0.0,0.0,0.0,0.0,1.0
227586,0,1,3400,-57,57,293,12,12,1.1,1965408.000000,15,2.1,0.0,0.0,5536.000000,33,0.0,0.0,0.0,1.0
227835,0,1,3400,-57,57,296,17,13,1.2,2998080.000000,15,2.1,0.0,0.0,0.0,0.0,0.0,0.0,0.0,1.0
228084,0,1,3400,-57,57,294,18,12,1.4,3047136.000000,20,2.1,0.45,0.0,31232.000000,41,0.0,0.0,0.0,1.0
228333,0,1,3400,-57,57,293,13,11,1.1,2449792.000000,14,2.1,0.0,0.0,896,67,0.0,0.0,0.0,1.0
228582,0,1,3400,-57,57,299,13,13,0.86,2417792.000000,8,2.1,0.0,0.0,0.0,0.0,0.0,0.0,0.0,1.0
228831,0,1,3400,-57,57,304,7.7,12,0.68,1474848.000000,5,2.1,0.0,0.0,0.0,0.0,0.0,0.0,0.0,1.0
229080,0,1,3400,-57,57,303,16,13,1.2,2820480.000000,15,2.1,0.15,0.0,18016.000000,18,0.0,0.0,0.0,1.0
229329,0,1,3400,-57,57,301,11,13,0.74,1933408.000000,6,2.1,7.0,0.0,4000.000000,91,0.0,0.0,0.0,1.0
229578,0,1,3400,-57,57,301,13,13,0.97,2348768.000000,13,2.1,7.0,0.0,0.0,0.0,0.0,0.0,0.0,1.0
229827,0,1,3400,-57,57,302,13,13,0.67,2311552.000000,4,2.1,7.0,0.0,0.0,0.0,0.0,0.0,0.0,1.0
230076,0,1,3400,-57,57,302,16,12,1.2,2780480.000000,15,2.1,4.1,0.0,31488.000000,38,0.0,0.0,0.0,1.0
230325,0,1,3400,-57,57,303,17,14,1.3,3783872.000000,12,2.1,0.0,0.0,0.0,0.0,0.0,0.0,0.0,1.0
230574,0,1,3400,-57,57,302,12,13,0.77,2171648.000000,6,2.1,0.0,0.0,0.0,0.0,0.0,0.0,0.0,1.0
230823,0,1,3400,-57,57,301,13,13,0.76,2780672.000000,3,2.1,0.0,0.0,0.0,0.0,0.0,0.0,0.0,1.0
231072,0,1,3400,-57,57,293,12,11,1.3,1652032.000000,21,2.1,3.4,0.0,29920.000000,40,0.0,0.0,0.0,1.0
231321,0,1,3400,-57,57,298,13,13,0.75,2405408.000000,5,2.1,0.0,0.0,0.0,100.000000,0.0,0.0,0.0,1.0
231570,0,1,3400,-57,57,300,16,12,1.2,2854528.000000,16,2.1,0.0,0.0,0.0,0.0,0.0,0.0,0.0,1.0
231819,0,1,3400,-57,57,294,13,13,0.85,2331872.000000,9,2.1,0.0,0.0,0.0,0.0,0.0,0.0,0.0,1.0
232068,0,1,3400,-57,57,296,14,12,1.2,2305856.000000,18,2.1,0.0,0.0,5536.000000,29,0.0,0.0,0.0,1.0
232317,0,1,3400,-57,57,298,10,12,0.69,1780448.000000,4,2.1,0.0,0.0,18432.000000,50,0.0,0.0,0.0,1.0
232566,0,1,3400,-57,57,298,12,13,0.73,2011424.000000,6,2.1,3.8,0.0,0.0,80,0.0,0.0,0.0,1.0
232815,0,1,3400,-57,57,301,11,12,0.88,1866080.000000,9,2.1,7.5,0.0,0.0,0.0,0.0,0.0,0.0,1.0
233064,0,1,3400,-57,57,300,10,12,0.86,1726176.000000,8,2.1,4.1,0.0,14048.000000,60,0.0,0.0,0.0,1.0
233313,0,1,3400,-57,57,298,16,13,1.0,3104768.000000,10,2.1,0.0,0.0,0.0,0.0,0.0,0.0,0.0,1.0
233562,0,1,3400,-57,57,297,10,12,1.1,1657920.000000,13,2.1,0.0,0.0,0.0,0.0,0.0,0.0,0.0,1.0
233811,0,1,3400,-57,57,297,9.8,10,1.2,1343136.000000,20,2.1,0.0,0.0,0.0,0.0,0.0,0.0,0.0,1.0
234060,0,1,3400,-57,57,298,6.3,8.9,1.1,831744.000000,17,2.1,0.0,249,0.0,78,0.0,0.0,0.0,1.0
234309,0,1,3400,-57,57,298,16,14,0.98,3400192.000000,8,2.1,0.0,249,0.0,100.000000,0.0,0.0,0.0,1.0
234558,0,1,3400,-57,57,307,10,13,0.79,1830048.000000,7,2.1,0.0,0.0,51008.000000,49,0.0,0.0,0.0,1.0
234807,0,1,3400,-57,57,303,11,13,0.77,1942176.000000,6,2.1,0.0,0.0,0.0,0.0,0.0,0.0,0.0,1.0
235056,0,1,3400,-57,57,301,14,13,0.88,2798368.000000,8,2.1,1.1,0.0,2336.000000,50,0.0,0.0,0.0,1.0
235305,0,1,3400,-57,57,299,11,11,1.0,1766720.000000,15,2.1,12,0.0,18336.000000,83,0.0,0.0,0.0,1.0
235554,0,1,3400,-57,57,300,9.6,12,0.94,1555136.000000,11,2.1,11,0.0,0.0,0.0,0.0,0.0,0.0,1.0
235803,0,1,3400,-57,57,299,14,12,0.89,2670624.000000,8,2.1,11,0.0,0.0,0.0,0.0,0.0,0.0,1.0
236052,0,1,3400,-57,57,296,13,13,1.0,2375936.000000,12,2.1,8.7,0.0,88544.000000,38,0.0,0.0,0.0,1.0
236301,0,1,3400,-57,57,296,13,12,0.97,2208608.000000,11,2.1,7.0,0.0,0.0,0.0,0.0,0.0,0.0,1.0
236550,0,1,3400,-57,57,297,17,12,1.3,3172064.000000,15,2.1,1.3,0.0,11072.000000,20,0.0,0.0,0.0,1.0
236799,0,1,3400,-57,57,299,16,12,1.2,2831904.000000,15,2.1,0.096,0.0,0.0,0.0,0.0,0.0,0.0,1.0
237048,0,1,3400,-57,57,298,15,13,0.73,2821472.000000,5,2.1,0.86,0.0,7680.000000,42,0.0,0.0,0.0,1.0
237297,0,1,3400,-57,57,298,18,12,1.3,3809184.000000,12,2.1,0.032,0.0,0.0,0.0,0.0,0.0,0.0,1.0
237546,0,1,3400,-57,57,301,16,12,1.3,2601632.000000,17,2.1,0.064,0.0,0.0,0.0,0.0,0.0,0.0,1.0
237795,0,1,3400,-57,57,304,13,14,0.85,2309312.000000,9,2.1,0.0,0.0,0.0,0.0,0.0,0.0,0.0,1.0
238044,0,1,3400,-57,57,299,12,12,0.84,1976736.000000,9,2.1,0.032,247,0.0,75,0.0,0.0,0.0,1.0
238293,0,1,3400,-57,57,296,12,12,0.92,2138944.000000,10,2.1,0.0,0.0,32608.000000,37,0.0,0.0,0.0,1.0
238542,0,1,3400,-57,57,296,12,12,1.1,1663456.000000,15,2.1,0.16,0.0,0.0,80,0.0,0.0,0.0,1.0
238791,0,1,3400,-57,57,301,13,11,0.96,2162592.000000,11,2.1,0.0,0.0,0.0,0.0,0.0,0.0,0.0,1.0
239040,0,1,3400,-57,57,300,9.3,12,0.77,1590304.000000,7,2.1,0.0,415,0.0,80,0.0,0.0,0.0,1.0
239289,0,1,3400,-57,57,302,11,13,0.68,1986432.000000,4,2.1,0.0,415,0.0,0.0,0.0,0.0,0.0,1.0
239538,0,1,3400,-57,57,300,14,11,1.3,2084672.000000,20,2.1,0.0,0.0,46624.000000,45,0.0,0.0,0.0,1.0
239787,0,1,3400,-57,57,301,15,11,1.3,2572480.000000,18,2.1,0.032,0.0,0.0,0.0,0.0,0.0,0.0,1.0
240036,0,1,3400,-57,57,297,12,12,1.1,2191744.000000,13,2.1,1.1,0.0,23968.000000,50,0.0,0.0,0.0,1.0
240285,0,1,3400,-57,57,300,11,12,0.95,1914336.000000,13,2.1,0.0,0.0,5536.000000,50,0.0,0.0,0.0,1.0
240534,0,1,3400,-57,57,303,12,12,1.1,1850784.000000,14,2.1,0.032,0.0,0.0,0.0,0.0,0.0,0.0,1.0
240783,0,1,3400,-57,57,302,15,12,1.3,2517600.000000,19,2.1,0.064,0.0,0.0,0.0,0.0,0.0,0.0,1.0
241032,0,1,3400,-57,57,293,15,13,0.95,2728416.000000,11,2.1,0.0,581,0.0,0.0,0.0,0.0,0.0,1.0
241281,0,1,3400,-57,57,298,7.5,13,0.69,1378720.000000,5,2.1,0.0,0.0,47616.000000,42,0.0,0.0,0.0,1.0
241530,0,1,3400,-57,57,293,13,13,0.99,2373408.000000,10,2.1,0.0,0.0,0.0,0.0,0.0,0.0,0.0,1.0
241779,0,1,3400,-57,57,300,15,13,0.96,2964672.000000,9,2.1,0.0,0.0,0.0,0.0,0.0,0.0,0.0,1.0
242028,0,1,3400,-57,57,300,19,12,1.6,3708672.000000,21,2.1,0.26,0.0,123360.000000,44,0.0,0.0,0.0,1.0
242277,0,1,3400,-57,57,301,12,13,0.56,2176288.000000,2,2.1,0.0,0.0,0.0,0.0,0.0,0.0,0.0,1.0
242526,0,1,3400,-57,57,302,12,13,1.1,1817344.000000,17,2.1,0.0,0.0,0.0,0.0,0.0,0.0,0.0,1.0
242775,0,1,3400,-57,57,300,13,12,0.91,2388736.000000,8,2.1,0.0,0.0,0.0,0.0,0.0,0.0,0.0,1.0
243024,0,1,3400,-57,57,297,14,13,0.89,2578304.000000,8,2.1,0.0,581,0.0,0.0,0.0,0.0,0.0,1.0
243273,0,1,3400,-57,57,296,9.2,12,0.94,1681984.000000,11,2.1,1.7,0.0,9824.000000,50,0.0,0.0,0.0,1.0
243522,0,1,3400,-57,57,295,15,12,1.2,2809088.000000,13,2.1,1.4,0.0,17056.000000,0,0.0,0.0,0.0,1.0
243771,0,1,3400,-57,57,296,15,13,0.99,3041024.000000,7,2.1,7.5,0.0,0.0,0.0,0.0,0.0,0.0,1.0
244020,0,1,3400,-57,57,300,16,12,1.2,2442624.000000,19,2.1,9.1,0.0,178176.000000,53,0.0,0.0,0.0,1.0
244269,0,1,3400,-57,57,300,8.1,11,0.82,1310880.000000,8,2.1,13,0.0,0.0,0.0,0.0,0.0,0.0,1.0
244518,0,1,3400,-57,57,296,12,13,0.84,1994720.000000,9,2.1,9.0,0.0,0.0,80,0.0,0.0,0.0,1.0
244767,0,1,3400,-57,57,296,11,13,0.76,2088224.000000,6,2.1,8.0,0.0,5536.000000,33,0.0,0.0,0.0,1.0
245016,0,1,3400,-57,57,297,12,13,0.77,2184928.000000,7,2.1,8.3,0.0,92224.000000,33,0.0,0.0,0.0,1.0
245265,0,1,3400,-57,57,293,12,13,0.86,2158624.000000,9,2.1,4.5,0.0,0.0,100.000000,0.0,0.0,0.0,1.0
245514,0,1,3400,-57,57,297,14,11,1.5,1930688.000000,23,2.1,4.5,0.0,5536.000000,33,0.0,0.0,0.0,1.0
245763,0,1,3400,-57,57,302,12,13,0.72,2063936.000000,4,2.1,4.5,0.0,0.0,0.0,0.0,0.0,0.0,1.0
246012,0,1,3400,-57,57,297,12,13,0.77,2018784.000000,7,2.1,4.5,581,0.0,0.0,0.0,0.0,0.0,1.0
246261,0,1,3400,-57,57,302,19,12,1.6,3492352.000000,22,2.1,0.46,0.0,32064.000000,48,0.0,0.0,0.0,1.0
246510,0,1,3400,-57,57,302,16,13,1.1,2947904.000000,11,2.1,0.0,0.0,5536.000000,33,0.0,0.0,0.0,1.0
246759,0,1,3400,-57,57,299,17,12,1.6,3547712.000000,18,2.1,0.0,0.0,0.0,0.0,0.0,0.0,0.0,1.0
247008,0,1,3400,-57,57,295,16,13,1.1,3190720.000000,13,2.1,0.0,581,5536.000000,33,0.0,0.0,0.0,1.0
247257,0,1,3400,-57,57,297,11,12,0.94,1833728.000000,11,2.1,0.0,0.0,22912.000000,41,0.0,0.0,0.0,1.0
247506,0,1,3400,-57,57,302,13,13,0.73,2205056.000000,6,2.1,0.0,0.0,0.0,80,0.0,0.0,0.0,1.0
247755,0,1,3400,-57,57,302,9.7,11,1.1,1478176.000000,13,2.1,0.0,0.0,0.0,0.0,0.0,0.0,0.0,1.0
248004,0,1,3400,-57,57,301,12,14,0.73,2082592.000000,4,2.1,0.0,415,0.0,80,0.0,0.0,0.0,1.0
248253,0,1,3400,-57,57,302,19,13,1.4,3731296.000000,17,2.1,0.0,415,0.0,0.0,0.0,0.0,0.0,1.0
248502,0,1,3400,-57,57,297,14,14,0.86,2529696.000000,7,2.1,0.0,0.0,25376.000000,53,0.0,0.0,0.0,1.0
248751,0,1,3400,-57,57,295,15,11,1.4,2454272.000000,22,2.1,0.0,0.0,0.0,0.0,0.0,0.0,0.0,1.0
249000,0,1,3400,-57,57,297,16,13,1.2,3172288.000000,12,2.1,0.0,581,0.0,0.0,0.0,0.0,0.0,1.0
249249,0,1,3400,-57,57,301,15,12,1.3,2691008.000000,16,2.1,0.0,0.0,39456.000000,32,0.0,0.0,0.0,1.0
249498,0,1,3400,-57,57,301,13,12,0.96,2077280.000000,13,2.1,0.0,0.0,5536.000000,33,0.0,0.0,0.0,1.0
249747,0,1,3400,-57,57,298,18,13,1.2,3517280.000000,13,2.1,0.0,0.0,0.0,0.0,0.0,0.0,0.0,1.0
249996,0,1,3400,-57,57,300,14,12,1.2,2052736.000000,19,2.1,0.65,0.0,25120.000000,35,0.0,0.0,0.0,1.0
250245,0,1,3400,-57,57,300,14,13,1.1,2500128.000000,11,2.1,0.0,0.0,0.0,0.0,0.0,0.0,0.0,1.0
250494,0,1,3400,-57,57,302,12,13,0.73,2036320.000000,5,2.1,0.0,0.0,5536.000000,0,0.0,0.0,0.0,1.0
250743,0,1,3400,-57,57,297,14,13,0.90,2577984.000000,10,2.1,0.29,0.0,0.0,50,0.0,0.0,0.0,1.0
250992,0,1,3400,-57,57,297,15,13,0.76,3008960.000000,5,2.1,4.9,0.0,15520.000000,62,0.0,0.0,0.0,1.0
251241,0,1,3400,-57,57,294,13,13,1.0,2131040.000000,12,2.1,0.94,0.0,19584.000000,53,0.0,0.0,0.0,1.0
251490,0,1,3400,-57,57,291,17,13,1.1,3329184.000000,13,2.1,0.0,0.0,5536.000000,0,0.0,0.0,0.0,1.0
251739,0,1,3400,-57,57,296,19,13,1.1,3478208.000000,13,2.1,0.0,0.0,0.0,0.0,0.0,0.0,0.0,1.0
251988,0,1,3400,-57,57,297,14,13,0.73,2507392.000000,6,2.1,1.9,55,0.0,80,0.0,0.0,0.0,1.0
252237,0,1,3400,-57,57,299,12,13,0.71,2177600.000000,6,2.1,4.5,0.0,7680.000000,33,0.0,0.0,0.0,1.0
252486,0,1,3400,-57,57,302,9.5,13,0.72,1737792.000000,5,2.1,4.5,0.0,5536.000000,0,0.0,0.0,0.0,1.0
252735,0,1,3400,-57,57,305,11,13,0.67,1854016.000000,5,2.1,4.5,0.0,0.0,0.0,0.0,0.0,0.0,1.0
252984,0,1,3400,-57,57,305,14,13,1.2,2867776.000000,11,2.1,4.5,581,0.0,0.0,0.0,0.0,0.0,1.0
253233,0,1,3400,-57,57,299,22,13,1.7,4190624.000000,21,2.1,1.7,0.0,31872.000000,36,0.0,0.0,0.0,1.0
253482,0,1,3400,-57,57,296,15,13,1.2,2890464.000000,14,2.1,0.0,0.0,5536.000000,33,0.0,0.0,0.0,1.0
253731,0,1,3400,-57,57,298,14,13,0.70,2487296.000000,5,2.1,0.0,0.0,0.0,0.0,0.0,0.0,0.0,1.0
253980,0,1,3400,-57,57,298,13,13,0.64,2413024.000000,3,2.1,4.8,0.0,106272.000000,38,0.0,0.0,0.0,1.0
254229,0,1,3400,-57,57,296,14,12,1.1,2592832.000000,11,2.1,16,0.0,0.0,0.0,0.0,0.0,0.0,1.0
254478,0,1,3400,-57,57,295,17,13,1.6,3064960.000000,21,2.1,7.6,0.0,5536.000000,33,0.0,0.0,0.0,1.0
254727,0,1,3400,-57,57,297,14,14,0.95,2875872.000000,7,2.1,7.4,0.0,0.0,0.0,0.0,0.0,0.0,1.0
254976,0,1,3400,-57,57,298,13,14,1.1,2188416.000000,12,2.1,7.4,581,0.0,0.0,0.0,0.0,0.0,1.0
255225,0,1,3400,-57,57,295,9.8,12,1.0,1574112.000000,11,2.1,7.5,247,0.0,80,0.0,0.0,0.0,1.0
255474,0,1,3400,-57,57,296,11,13,0.78,1954752.000000,8,2.1,5.8,0.0,47776.000000,27,0.0,0.0,0.0,1.0
255723,0,1,3400,-57,57,294,12,13,0.79,2033152.000000,7,2.1,0.0,0.0,0.0,0.0,0.0,0.0,0.0,1.0
255972,0,1,3400,-57,57,298,12,12,0.84,2137792.000000,8,2.1,0.0,581,0.0,0.0,0.0,0.0,0.0,1.0
256221,0,1,3400,-57,57,295,10,12,0.79,1666912.000000,7,2.1,0.0,0.0,28992.000000,43,0.0,0.0,0.0,1.0
256470,0,1,3400,-57,57,293,13,12,0.75,2229088.000000,7,2.1,0.0,0.0,0.0,0.0,0.0,0.0,0.0,1.0
256719,0,1,3400,-57,57,297,14,13,0.97,2315360.000000,11,2.1,0.0,0.0,0.0,0.0,0.0,0.0,0.0,1.0
256968,0,1,3400,-57,57,293,11,12,0.96,1934072.250000,13,2.1,2.6,0.0,160160.640625,55,0.0,0.0,0.0,1.0
257217,0,1,3400,-57,57,295,13,13,0.79,2329816.750000,4,2.1,11,0.0,0.0,100.000000,0.0,0.0,0.0,1.0
257466,0,1,3400,-57,57,303,12,13,0.76,2169632.000000,7,2.1,3.2,0.0,11072.000000,20,0.0,0.0,0.0,1.0
257715,0,1,3400,-57,57,303,12,12,0.83,1954880.000000,9,2.1,0.0,0.0,0.0,0.0,0.0,0.0,0.0,1.0
257964,0,1,3400,-57,57,297,14,13,0.94,2518848.000000,10,2.1,0.43,55,0.0,67,0.0,0.0,0.0,1.0
258213,0,1,3400,-57,57,299,12,12,0.98,1844960.000000,13,2.1,4.5,0.0,0.0,86,0.0,0.0,0.0,1.0
258462,0,1,3400,-57,57,296,12,12,0.99,2137120.000000,12,2.1,4.5,0.0,5536.000000,0,0.0,0.0,0.0,1.0
258711,0,1,3400,-57,57,291,15,12,1.1,2513664.000000,15,2.1,4.5,0.0,0.0,0.0,0.0,0.0,0.0,1.0
258960,0,1,3400,-57,57,293,9.4,10,1.0,1339855.375000,14,2.1,4.6,39,0.0,67,0.0,0.0,0.0,1.0
259209,0,1,3400,-57,57,296,10,13,0.92,1962368.000000,7,2.1,1.1,0.0,8672.000000,46,0.0,0.0,0.0,1.0
259458,0,1,3400,-57,57,297,9.2,14,0.68,1648478.125000,3,2.1,0.0,0.0,5513.944336,33,0.0,0.0,0.0,1.0
259707,0,1,3400,-57,57,299,12,13,0.84,2001632.000000,9,2.1,0.0,0.0,0.0,0.0,0.0,0.0,0.0,1.0
259956,0,1,3400,-57,57,301,13,12,1.0,2129888.000000,11,2.1,0.61,0.0,25376.000000,43,0.0,0.0,0.0,1.0
260205,0,1,3400,-57,57,298,8.8,12,0.88,1438592.000000,10,2.1,0.0,0.0,0.0,100.000000,0.0,0.0,0.0,1.0
260454,0,1,3400,-57,57,299,10,13,0.75,1889312.000000,6,2.1,0.0,0.0,0.0,0.0,0.0,0.0,0.0,1.0
260703,0,1,3400,-57,57,300,15,13,1.1,2660864.000000,12,2.1,0.0,0.0,0.0,0.0,0.0,0.0,0.0,1.0
260952,0,1,3400,-57,57,295,8.6,12,0.66,1528960.000000,2,2.1,0.23,0.0,24096.000000,54,0.0,0.0,0.0,1.0
261201,0,1,3400,-57,57,298,8.2,12,0.92,1461044.125000,10,2.1,7.9,0.0,0.0,83,0.0,0.0,0.0,1.0
261450,0,1,3400,-57,57,298,10,12,1.0,1809243.000000,12,2.1,7.4,0.0,0.0,0.0,0.0,0.0,0.0,1.0
261699,0,1,3400,-57,57,299,12,13,0.87,1985600.000000,9,2.1,7.5,0.0,0.0,0.0,0.0,0.0,0.0,1.0
261948,0,1,3400,-57,57,301,11,13,0.87,1914176.000000,9,2.1,7.5,0.0,16768.000000,43,0.0,0.0,0.0,1.0
262197,0,1,3400,-57,57,297,9.5,13,0.86,1866048.000000,8,2.1,0.0,0.0,8512.000000,50,0.0,0.0,0.0,1.0
262446,0,1,3400,-57,57,296,11,13,1.00,1701312.000000,11,2.1,0.0,0.0,0.0,0.0,0.0,0.0,0.0,1.0
262695,0,1,3400,-57,57,295,15,13,1.0,2688192.000000,9,2.1,0.0,0.0,0.0,0.0,0.0,0.0,0.0,1.0
262944,0,1,3400,-57,57,300,17,13,1.1,3407712.000000,8,2.1,2.6,0.0,82048.000000,57,0.0,0.0,0.0,1.0
263193,0,1,3400,-57,57,296,10,13,0.70,1883424.000000,5,2.1,1.7,0.0,5536.000000,0,0.0,0.0,0.0,1.0
263442,0,1,3400,-57,57,297,11,12,0.78,1749718.875000,8,2.1,1.5,0.0,0.0,80,0.0,0.0,0.0,1.0
263691,0,1,3400,-57,57,298,15,12,1.1,2946773.000000,9,2.1,4.5,0.0,0.0,0.0,0.0,0.0,0.0,1.0
263940,0,1,3400,-57,57,296,8.5,12,0.61,1468928.000000,2,2.1,1.9,0.0,62720.000000,35,0.0,0.0,0.0,1.0
264189,0,1,3400,-57,57,298,14,12,1.0,2543616.000000,12,2.1,0.0,0.0,0.0,0.0,0.0,0.0,0.0,1.0
264438,0,1,3400,-57,57,295,16,13,1.1,3158880.000000,12,2.1,0.0,0.0,0.0,0.0,0.0,0.0,0.0,1.0
264687,0,1,3400,-57,57,300,12,12,0.86,2265664.000000,7,2.1,0.0,0.0,0.0,0.0,0.0,0.0,0.0,1.0
264936,0,1,3400,-57,57,299,8.2,13,0.78,1367840.000000,7,2.1,0.056,0.0,54560.000000,17,0.0,0.0,0.0,1.0
265185,0,1,3400,-57,57,295,8.8,13,0.74,1611520.000000,6,2.1,7.1,0.0,17056.000000,0,0.0,0.0,0.0,1.0
265434,0,1,3400,-57,57,304,17,12,1.5,2850496.000000,21,2.1,7.5,0.0,0.0,0.0,0.0,0.0,0.0,1.0
265683,0,1,3400,-57,57,307,14,13,1.0,2499502.000000,12,2.1,7.4,0.0,0.0,0.0,0.0,0.0,0.0,1.0
265932,0,1,3400,-57,57,304,17,13,1.4,3035761.000000,15,2.1,7.7,0.0,7139.442383,44,0.0,0.0,0.0,1.0
266181,0,1,3400,-57,57,300,19,13,1.3,3710656.000000,12,2.1,0.0,0.0,0.0,0.0,0.0,0.0,0.0,1.0
266430,0,1,3400,-57,57,298,17,12,1.4,3321152.000000,18,2.1,0.0,0.0,0.0,0.0,0.0,0.0,0.0,1.0
266679,0,1,3400,-57,57,297,15,13,1.1,2696128.000000,11,2.1,0.0,0.0,0.0,0.0,0.0,0.0,0.0,1.0
266928,0,1,3400,-57,57,293,14,13,0.78,2709024.000000,5,2.1,0.78,55,0.0,75,0.0,0.0,0.0,1.0
267177,0,1,3400,-57,57,295,17,12,1.2,2878016.000000,14,2.1,7.5,0.0,0.0,83,0.0,0.0,0.0,1.0
267426,0,1,3400,-57,57,294,12,13,0.92,1996512.000000,11,2.1,7.5,0.0,0.0,0.0,0.0,0.0,0.0,1.0
267675,0,1,3400,-57,57,297,16,13,0.78,3237568.000000,4,2.1,7.5,0.0,0.0,0.0,0.0,0.0,0.0,1.0
267924,0,1,3400,-57,57,294,14,12,1.2,2304352.000000,18,2.1,3.1,415,0.0,80,0.0,0.0,0.0,1.0
268173,0,1,3400,-57,57,297,12,13,0.89,2139424.000000,10,2.1,0.0,0.0,14560.000000,33,0.0,0.0,0.0,1.0
268422,0,1,3400,-57,57,300,9.4,12,0.93,1679680.000000,9,2.1,2.2,0.0,11072.000000,57,0.0,0.0,0.0,1.0
268671,0,1,3400,-57,57,299,11,12,0.86,1902112.000000,10,2.1,4.5,0.0,0.0,0.0,0.0,0.0,0.0,1.0
268920,0,1,3400,-57,57,296,8.2,13,0.78,1446784.000000,6,2.1,4.1,0.0,5536.000000,14,0.0,0.0,0.0,1.0
269169,0,1,3400,-57,57,295,11,10,1.2,1406496.000000,18,2.1,0.0,0.0,11072.000000,85,0.0,0.0,0.0,1.0
269418,0,1,3400,-57,57,296,11,12,0.90,1762400.000000,9,2.1,0.0,0.0,5536.000000,0,0.0,0.0,0.0,1.0
269667,0,1,3400,-57,57,298,12,13,0.75,2120192.000000,5,2.1,0.0,0.0,0.0,0.0,0.0,0.0,0.0,1.0
269916,0,1,3400,-57,57,298,9.5,12,0.93,1594506.000000,11,2.1,0.0,0.0,19726.908203,50,0.0,0.0,0.0,1.0
270165,0,1,3400,-57,57,300,11,11,1.1,1792286.875000,14,2.1,0.0,0.0,0.0,0.0,0.0,0.0,0.0,1.0
270414,0,1,3400,-57,57,299,8.1,12,0.92,1310976.000000,11,2.1,0.0,0.0,5536.000000,0,0.0,0.0,0.0,1.0
270663,0,1,3400,-57,57,303,16,12,1.1,2770304.000000,14,2.1,0.0,0.0,0.0,0.0,0.0,0.0,0.0,1.0
270912,0,1,3400,-57,57,299,16,12,1.3,2750336.000000,17,2.1,0.72,0.0,5536.000000,56,0.0,0.0,0.0,1.0
271161,0,1,3400,-57,57,297,15,12,0.85,3093472.000000,6,2.1,0.0,0.0,2144.000000,50,0.0,0.0,0.0,1.0
271410,0,1,3400,-57,57,300,11,12,0.93,1932896.000000,12,2.1,0.0,0.0,0.0,0.0,0.0,0.0,0.0,1.0
271659,0,1,3400,-57,57,303,13,13,0.92,2287712.000000,12,2.1,0.0,0.0,0.0,0.0,0.0,0.0,0.0,1.0
271908,0,1,3400,-57,57,305,5.2,13,0.71,954976.000000,6,2.1,2.1,0.0,106240.000000,68,0.0,0.0,0.0,1.0
272157,0,1,3400,-57,57,299,11,13,0.58,2128000.000000,0.4,2.1,12,0.0,0.0,100.000000,0.0,0.0,0.0,1.0
272406,0,1,3400,-57,57,300,9.7,12,0.97,1657115.500000,10,2.1,8.0,0.0,5513.944336,0,0.0,0.0,0.0,1.0
272655,0,1,3400,-57,57,298,14,14,1.1,2556032.000000,9,2.1,6.0,0.0,0.0,0.0,0.0,0.0,0.0,1.0
272904,0,1,3400,-57,57,296,14,13,1.1,2493152.000000,11,2.1,6.5,0.0,7680.000000,50,0.0,0.0,0.0,1.0
273153,0,1,3400,-57,57,295,11,13,0.90,2352928.000000,6,2.1,0.048,0.0,0.0,0.0,0.0,0.0,0.0,1.0
273402,0,1,3400,-57,57,297,15,13,1.2,2736736.000000,15,2.1,0.096,0.0,5536.000000,0,0.0,0.0,0.0,1.0
273651,0,1,3400,-57,57,303,13,14,0.76,2329696.000000,6,2.1,0.0,0.0,0.0,0.0,0.0,0.0,0.0,1.0
273900,0,1,3400,-57,57,298,13,10,1.5,1557365.500000,27,2.1,0.90,55,0.0,75,0.0,0.0,0.0,1.0
274149,0,1,3400,-57,57,299,18,12,1.2,3863744.000000,10,2.1,4.8,0.0,7680.000000,33,0.0,0.0,0.0,1.0
274398,0,1,3400,-57,57,293,11,12,0.95,1741376.000000,13,2.1,4.5,0.0,5536.000000,0,0.0,0.0,0.0,1.0
274647,0,1,3400,-57,57,300,11,12,0.94,1975266.875000,9,2.1,4.5,0.0,0.0,0.0,0.0,0.0,0.0,1.0
274896,0,1,3400,-57,57,299,13,12,1.1,2365376.000000,14,2.1,8.8,0.0,130816.000000,52,0.0,0.0,0.0,1.0
275145,0,1,3400,-57,57,298,12,11,0.97,1985056.000000,12,2.1,16,0.0,0.0,0.0,0.0,0.0,0.0,1.0
275394,0,1,3400,-57,57,298,17,13,1.2,3171488.000000,14,2.1,8.2,0.0,5536.000000,50,0.0,0.0,0.0,1.0
275643,0,1,3400,-57,57,296,14,13,0.87,2903840.000000,6,2.1,8.0,0.0,0.0,0.0,0.0,0.0,0.0,1.0
275892,0,1,3400,-57,57,296,12,11,0.89,2179552.000000,10,2.1,7.2,0.0,144608.000000,15,0.0,0.0,0.0,1.0
276141,0,1,3400,-57,57,298,19,13,1.3,3581654.500000,13,2.1,9.0,0.0,0.0,0.0,0.0,0.0,0.0,1.0
276390,0,1,3400,-57,57,298,14,13,0.96,2838496.000000,8,2.1,5.3,0.0,5536.000000,33,0.0,0.0,0.0,1.0
276639,0,1,3400,-57,57,296,11,13,0.71,1925641.375000,3,2.1,4.5,0.0,0.0,0.0,0.0,0.0,0.0,1.0
276888,0,1,3400,-57,57,298,15,12,1.1,2679232.000000,14,2.1,4.5,415,0.0,80,0.0,0.0,0.0,1.0
277137,0,1,3400,-57,57,291,12,12,0.80,2004160.000000,9,2.1,4.5,0.0,5536.000000,50,0.0,0.0,0.0,1.0
277386,0,1,3400,-57,57,295,15,12,0.91,3085696.000000,7,2.1,0.14,0.0,14944.000000,25,0.0,0.0,0.0,1.0
277635,0,1,3400,-57,57,301,11,13,0.92,1792928.000000,10,2.1,0.0,0.0,0.0,0.0,0.0,0.0,0.0,1.0
277884,0,1,3400,-57,57,305,13,11,1.4,1863456.000000,20,2.1,1.5,0.0,111808.000000,56,0.0,0.0,0.0,1.0
278133,0,1,3400,-57,57,298,12,12,1.0,2201799.250000,12,2.1,7.5,0.0,0.0,100.000000,0.0,0.0,0.0,1.0
278382,0,1,3400,-57,57,297,11,13,0.76,1983104.000000,5,2.1,7.5,0.0,0.0,0.0,0.0,0.0,0.0,1.0
278631,0,1,3400,-57,57,299,15,13,0.94,2956896.000000,6,2.1,7.5,0.0,0.0,0.0,0.0,0.0,0.0,1.0
278880,0,1,3400,-57,57,297,16,13,1.1,2767553.750000,13,2.1,8.8,0.0,58231.074219,0,0.0,0.0,0.0,1.0
279129,0,1,3400,-57,57,301,14,12,0.91,2744064.000000,7,2.1,14,0.0,0.0,0.0,0.0,0.0,0.0,1.0
279378,0,1,3400,-57,57,304,14,12,1.1,2463232.000000,15,2.1,14,0.0,0.0,80,0.0,0.0,0.0,1.0
279627,0,1,3400,-57,57,300,19,12,1.5,3537728.000000,16,2.1,14,0.0,0.0,0.0,0.0,0.0,0.0,1.0
279876,0,1,3400,-57,57,291,12,13,0.90,2058752.000000,9,2.1,8.8,0.0,14560.000000,67,0.0,0.0,0.0,1.0
280125,0,1,3400,-57,57,295,11,11,1.2,1752480.000000,17,2.1,0.0,0.0,0.0,0.0,0.0,0.0,0.0,1.0
280374,0,1,3400,-57,57,297,10.0,11,1.0,1520704.000000,14,2.1,0.0,0.0,0.0,0.0,0.0,0.0,0.0,1.0
280623,0,1,3400,-57,57,301,16,11,1.4,2856803.250000,19,2.1,8.0,0.0,30040.160156,60,0.0,0.0,0.0,1.0
280872,0,1,3400,-57,57,298,15,11,1.4,2377600.000000,20,2.1,10,0.0,18688.000000,47,0.0,0.0,0.0,1.0
281121,0,1,3400,-57,57,302,14,13,1.1,2188812.750000,14,2.1,0.0,0.0,0.0,0.0,0.0,0.0,0.0,1.0
281370,0,1,3400,-57,57,304,14,12,1.0,2157888.000000,13,2.1,0.0,0.0,0.0,0.0,0.0,0.0,0.0,1.0
281619,0,1,3400,-57,57,300,4.2,12,0.87,691552.000000,7,2.1,6.6,0.0,29920.000000,0,0.0,0.0,0.0,1.0
281868,0,1,3400,-57,57,298,16,11,1.2,2625184.000000,17,2.1,12,415,0.0,75,0.0,0.0,0.0,1.0
282117,0,1,3400,-57,57,295,11,13,0.69,1871776.000000,5,2.1,0.0,415,0.0,100.000000,0.0,0.0,0.0,1.0
282366,0,1,3400,-57,57,293,17,12,1.4,3072482.000000,17,2.1,2.4,0.0,24128.513672,62,0.0,0.0,0.0,1.0
282615,0,1,3400,-57,57,296,14,12,1.1,2551936.000000,15,2.1,0.0,0.0,0.0,0.0,0.0,0.0,0.0,1.0
282864,0,1,3400,-57,57,295,11,13,0.56,1883200.000000,1,2.1,3.9,0.0,53696.000000,41,0.0,0.0,0.0,1.0
283113,0,1,3400,-57,57,300,16,12,1.1,3291537.750000,8,2.1,12,0.0,0.0,0.0,0.0,0.0,0.0,1.0
283362,0,1,3400,-57,57,304,14,12,0.96,2326976.000000,13,2.1,12,0.0,0.0,0.0,0.0,0.0,0.0,1.0
283611,0,1,3400,-57,57,301,10.0,13,0.95,1627360.000000,11,2.1,12,0.0,0.0,0.0,0.0,0.0,0.0,1.0
283860,0,1,3400,-57,57,302,13,12,1.1,2253696.000000,14,2.1,11,0.0,5536.000000,25,0.0,0.0,0.0,1.0
284109,0,1,3400,-57,57,298,18,13,1.5,3132576.000000,19,2.1,0.77,0.0,14304.000000,53,0.0,0.0,0.0,1.0
284358,0,1,3400,-57,57,293,14,13,0.94,2578240.000000,10,2.1,0.096,0.0,0.0,0.0,0.0,0.0,0.0,1.0
284607,0,1,3400,-57,57,296,18,12,1.0,3497959.750000,11,2.1,0.0,0.0,0.0,0.0,0.0,0.0,0.0,1.0
284856,0,1,3400,-57,57,297,15,13,1.1,2505472.000000,15,2.1,0.0,415,0.0,75,0.0,0.0,0.0,1.0
285105,0,1,3400,-57,57,296,18,14,0.85,3849280.000000,3,2.1,1.0,0.0,20096.000000,36,0.0,0.0,0.0,1.0
285354,0,1,3400,-57,57,299,14,12,1.0,2652111.500000,12,2.1,0.048,0.0,5513.944336,0,0.0,0.0,0.0,1.0
285603,0,1,3400,-57,57,296,14,13,1.0,2513280.000000,12,2.1,0.0,0.0,0.0,0.0,0.0,0.0,0.0,1.0
285852,0,1,3400,-57,57,295,16,12,1.3,2911200.000000,14,2.1,1.9,0.0,15520.000000,60,0.0,0.0,0.0,1.0
286101,0,1,3400,-57,57,295,13,13,0.77,2561984.000000,5,2.1,0.94,0.0,8512.000000,74,0.0,0.0,0.0,1.0
286350,0,1,3400,-57,57,296,12,12,1.0,2372512.000000,10,2.1,0.0,0.0,5536.000000,50,0.0,0.0,0.0,1.0
286599,0,1,3400,-57,57,302,5.8,10,0.97,918688.000000,12,2.1,0.096,0.0,0.0,0.0,0.0,0.0,0.0,1.0
286848,0,1,3400,-57,57,301,14,12,1.0,2284256.000000,13,2.1,0.0,0.0,39232.000000,55,0.0,0.0,0.0,1.0
287097,0,1,3400,-57,57,302,17,13,1.2,3336963.750000,13,2.1,0.048,0.0,0.0,0.0,0.0,0.0,0.0,1.0
287346,0,1,3400,-57,57,302,10,13,0.67,1892736.000000,4,2.1,0.048,0.0,0.0,80,0.0,0.0,0.0,1.0
287595,0,1,3400,-57,57,297,8.3,12,0.65,1467537.875000,4,2.1,0.0,0.0,0.0,0.0,0.0,0.0,0.0,1.0
287844,0,1,3400,-57,57,297,11,12,0.91,1891584.000000,11,2.1,3.3,0.0,104096.000000,48,0.0,0.0,0.0,1.0
288093,0,1,3400,-57,57,302,17,13,0.93,3483936.000000,6,2.1,8.0,0.0,0.0,0.0,0.0,0.0,0.0,1.0
288342,0,1,3400,-57,57,303,12,12,1.1,1961856.000000,14,2.1,8.0,0.0,5536.000000,0,0.0,0.0,0.0,1.0
288591,0,1,3400,-57,57,296,13,12,1.0,2335552.000000,11,2.1,8.0,0.0,0.0,0.0,0.0,0.0,0.0,1.0
288840,0,1,3400,-57,57,294,11,13,0.81,1980128.000000,8,2.1,7.2,0.0,0.0,78,0.0,0.0,0.0,1.0
289089,0,1,3400,-57,57,297,14,11,1.1,1989686.750000,18,2.1,5.1,0.0,0.0,100.000000,0.0,0.0,0.0,1.0
289338,0,1,3400,-57,57,297,8.0,12,0.91,1308640.000000,10,2.1,5.0,0.0,0.0,0.0,0.0,0.0,0.0,1.0
289587,0,1,3400,-57,57,297,9.9,12,1.0,1447328.000000,13,2.1,5.0,0.0,0.0,0.0,0.0,0.0,0.0,1.0
289836,0,1,3400,-57,57,301,10,12,0.61,1911490.000000,3,2.1,4.3,0.0,104701.195312,50,0.0,0.0,0.0,1.0
290085,0,1,3400,-57,57,302,11,13,0.73,1967904.000000,6,2.1,0.0,0.0,0.0,100.000000,0.0,0.0,0.0,1.0
290334,0,1,3400,-57,57,299,13,13,0.88,2442944.000000,9,2.1,0.048,0.0,0.0,0.0,0.0,0.0,0.0,1.0
290583,0,1,3400,-57,57,296,13,13,0.92,2273184.000000,10,2.1,0.0,0.0,0.0,0.0,0.0,0.0,0.0,1.0
290832,0,1,3400,-57,57,300,14,13,0.81,2545312.000000,8,2.1,1.8,0.0,47136.000000,33,0.0,0.0,0.0,1.0
291081,0,1,3400,-57,57,296,13,11,1.2,1940000.000000,16,2.1,7.0,0.0,0.0,0.0,0.0,0.0,0.0,1.0
291330,0,1,3400,-57,57,297,18,12,1.2,3454072.250000,13,2.1,7.0,0.0,0.0,0.0,0.0,0.0,0.0,1.0
291579,0,1,3400,-57,57,301,18,12,1.3,3620800.000000,13,2.1,7.0,0.0,0.0,0.0,0.0,0.0,0.0,1.0
291828,0,1,3400,-57,57,296,14,12,1.3,2222948.250000,17,2.1,7.1,55,0.0,80,0.0,0.0,0.0,1.0
292077,0,1,3400,-57,57,294,16,13,1.0,3439968.000000,7,2.1,7.5,55,0.0,0.0,0.0,0.0,0.0,1.0
292326,0,1,3400,-57,57,298,10,13,0.70,1825888.000000,4,2.1,7.5,0.0,0.0,80,0.0,0.0,0.0,1.0
292575,0,1,3400,-57,57,300,14,12,1.0,2516768.000000,12,2.1,7.5,0.0,0.0,0.0,0.0,0.0,0.0,1.0
292824,0,1,3400,-57,57,296,10,11,1.1,1419840.000000,17,2.1,5.6,0.0,18144.000000,29,0.0,0.0,0.0,1.0
293073,0,1,3400,-57,57,294,13,13,0.81,2303936.000000,6,1.0,1.2,0.0,25376.000000,62,0.0,0.0,0.0,1.0
293322,0,1,3400,-57,57,294,11,14,0.75,2004755.000000,6,2.1,4.0,0.0,0.0,0.0,0.0,0.0,0.0,1.0
293571,0,1,3400,-57,57,300,12,10,1.00,1878816.000000,11,2.1,4.0,0.0,0.0,0.0,0.0,0.0,0.0,1.0
293820,0,1,3400,-57,57,301,11,13,0.79,1928736.000000,7,2.1,4.9,0.0,51872.000000,32,0.0,0.0,0.0,1.0
294069,0,1,3400,-57,57,302,11,13,0.86,1886310.750000,10,2.1,6.5,0.0,0.0,0.0,0.0,0.0,0.0,1.0
294318,0,1,3400,-57,57,296,16,13,1.1,3026368.000000,13,2.1,6.6,0.0,0.0,0.0,0.0,0.0,0.0,1.0
294567,0,1,3400,-57,57,296,14,12,1.0,2391680.000000,14,2.1,6.5,0.0,0.0,0.0,0.0,0.0,0.0,1.0
294816,0,1,3400,-57,57,297,7.7,14,0.55,1414048.000000,0.4,2.1,5.8,415,0.0,75,0.0,0.0,0.0,1.0
295065,0,1,3400,-57,57,299,12,14,0.68,2224256.000000,5,2.1,6.9,0.0,107424.000000,40,0.0,0.0,0.0,1.0
295314,0,1,3400,-57,57,302,11,13,0.79,2114016.000000,7,2.1,8.0,0.0,0.0,0.0,0.0,0.0,0.0,1.0
295563,0,1,3400,-57,57,298,14,11,1.2,2118297.250000,18,2.1,8.0,0.0,0.0,0.0,0.0,0.0,0.0,1.0
295812,0,1,3400,-57,57,298,14,12,1.3,2410208.000000,17,2.1,5.4,0.0,14304.000000,57,0.0,0.0,0.0,1.0
296061,0,1,3400,-57,57,305,16,13,0.95,3269152.000000,8,2.1,0.048,0.0,5536.000000,33,0.0,0.0,0.0,1.0
296310,0,1,3400,-57,57,302,15,12,0.95,2652589.750000,11,2.1,0.0,0.0,5513.944336,33,0.0,0.0,0.0,1.0
296559,0,1,3400,-57,57,291,12,12,0.97,2017952.000000,12,2.1,0.0,0.0,0.0,0.0,0.0,0.0,0.0,1.0
296808,0,1,3400,-57,57,289,13,12,0.92,2462112.000000,10,2.1,0.0,0.0,33216.000000,39,0.0,0.0,0.0,1.0
297057,0,1,3400,-57,57,291,12,13,0.96,2160832.000000,10,2.1,0.0,0.0,0.0,0.0,0.0,0.0,0.0,1.0
297306,0,1,3400,-57,57,294,12,12,0.96,2262586.250000,11,2.1,0.048,0.0,0.0,0.0,0.0,0.0,0.0,1.0
297555,0,1,3400,-57,57,296,13,13,0.94,2401888.000000,7,2.1,0.048,0.0,0.0,0.0,0.0,0.0,0.0,1.0
297804,0,1,3400,-57,57,297,12,13,0.81,2254272.000000,6,2.1,0.22,0.0,43296.000000,17,0.0,0.0,0.0,1.0
298053,0,1,3400,-57,57,298,17,13,1.1,3657664.000000,7,2.1,0.0,0.0,0.0,0.0,0.0,0.0,0.0,1.0
298302,0,1,3400,-57,57,301,19,11,1.9,2872672.000000,29,2.1,0.14,0.0,0.0,0.0,0.0,0.0,0.0,1.0
298551,0,1,3400,-57,57,304,11,13,0.77,2164717.250000,5,2.1,0.0,0.0,0.0,0.0,0.0,0.0,0.0,1.0
298800,0,1,3400,-57,57,301,14,12,1.2,2189824.000000,17,2.1,2.5,0.0,0.0,80,0.0,0.0,0.0,1.0
299049,0,1,3400,-57,57,300,11,11,0.96,1713248.000000,13,2.1,0.0,0.0,0.0,0.0,0.0,0.0,0.0,1.0
299298,0,1,3400,-57,57,295,17,12,1.3,3265728.000000,15,2.1,6.3,0.0,29920.000000,60,0.0,0.0,0.0,1.0
299547,0,1,3400,-57,57,294,13,13,0.71,2484032.000000,4,2.1,14,0.0,0.0,0.0,0.0,0.0,0.0,1.0
299796,0,1,3400,-57,57,295,17,12,1.3,2706313.250000,16,2.1,14,415,0.0,75,0.0,0.0,0.0,1.0
300045,0,1,3400,-57,57,302,11,14,0.62,1967680.000000,3,2.1,14,415,0.0,100.000000,0.0,0.0,0.0,1.0
300294,0,1,3400,-57,57,305,10,14,0.69,1827488.000000,5,2.1,6.2,0.0,18048.000000,44,0.0,0.0,0.0,1.0
300543,0,1,3400,-57,57,303,18,14,1.0,3773864.500000,8,2.1,0.0,0.0,0.0,0.0,0.0,0.0,0.0,1.0
300792,0,1,3400,-57,57,302,20,13,1.4,4007488.000000,14,2.1,0.048,0.0,5536.000000,29,0.0,0.0,0.0,1.0
301041,0,1,3400,-57,57,298,17,12,1.2,3247872.000000,15,2.1,7.5,0.0,26752.000000,67,0.0,0.0,0.0,1.0
301290,0,1,3400,-57,57,301,11,13,0.96,1708800.000000,12,2.1,7.5,0.0,0.0,80,0.0,0.0,0.0,1.0
301539,0,1,3400,-57,57,300,13,13,1.1,2572433.750000,11,2.1,7.5,0.0,0.0,0.0,0.0,0.0,0.0,1.0
301788,0,1,3400,-57,57,292,15,12,1.3,2270368.000000,20,2.1,7.5,0.0,5536.000000,25,0.0,0.0,0.0,1.0
302037,0,1,3400,-57,57,297,10,13,0.71,1717696.000000,5,2.1,0.48,0.0,19584.000000,27,0.0,0.0,0.0,1.0
302286,0,1,3400,-57,57,298,14,13,0.78,2542400.000000,6,2.1,0.096,0.0,5536.000000,0,0.0,0.0,0.0,1.0
302535,0,1,3400,-57,57,299,18,12,1.3,3689856.000000,13,2.1,0.0,0.0,0.0,0.0,0.0,0.0,0.0,1.0
302784,0,1,3400,-57,57,299,14,12,0.82,2570836.750000,7,2.1,3.7,0.0,24956.175781,44,0.0,0.0,0.0,1.0
303033,0,1,3400,-57,57,296,13,12,1.1,2348064.000000,13,2.1,7.5,0.0,0.0,0.0,0.0,0.0,0.0,1.0
303282,0,1,3400,-57,57,298,19,13,1.3,3836832.000000,13,2.1,7.5,0.0,0.0,0.0,0.0,0.0,0.0,1.0
303531,0,1,3400,-57,57,299,12,13,0.77,2103072.000000,7,2.1,7.5,0.0,0.0,0.0,0.0,0.0,0.0,1.0
303780,0,1,3400,-57,57,293,12,13,0.66,2032931.750000,4,2.1,10.0,0.0,0.0,75,0.0,0.0,0.0,1.0
304029,0,1,3400,-57,57,298,9.3,13,0.80,1519008.000000,8,2.1,7.5,0.0,9824.000000,29,0.0,0.0,0.0,1.0
304278,0,1,3400,-57,57,300,14,13,0.84,2647488.000000,8,2.1,2.6,0.0,5536.000000,33,0.0,0.0,0.0,1.0
304527,0,1,3400,-57,57,297,10,13,0.70,1746464.000000,4,2.1,0.0,0.0,0.0,0.0,0.0,0.0,0.0,1.0
304776,0,1,3400,-57,57,300,10,12,0.89,1657568.000000,10,2.1,0.0,247,0.0,80,0.0,0.0,0.0,1.0
305025,0,1,3400,-57,57,297,11,12,0.97,1708972.125000,13,2.1,0.0,247,0.0,0.0,0.0,0.0,0.0,1.0
305274,0,1,3400,-57,57,295,8.9,12,0.81,1595072.000000,8,2.1,4.4,0.0,13920.000000,53,0.0,0.0,0.0,1.0
305523,0,1,3400,-57,57,298,16,13,0.94,3112032.000000,10,2.1,6.0,0.0,0.0,0.0,0.0,0.0,0.0,1.0
305772,0,1,3400,-57,57,297,14,12,1.2,2308672.000000,16,2.1,6.7,0.0,39648.000000,50,0.0,0.0,0.0,1.0
306021,0,1,3400,-57,57,298,14,12,1.1,2618409.750000,11,2.1,7.5,0.0,0.0,100.000000,0.0,0.0,0.0,1.0
306270,0,1,3400,-57,57,299,16,12,1.2,2750208.000000,16,2.1,7.5,0.0,0.0,0.0,0.0,0.0,0.0,1.0
306519,0,1,3400,-57,57,299,15,12,0.98,2657696.000000,11,2.1,7.5,0.0,0.0,0.0,0.0,0.0,0.0,1.0
306768,0,1,3400,-57,57,300,16,13,1.0,3230656.000000,11,2.1,6.1,0.0,24480.000000,58,0.0,0.0,0.0,1.0
307017,0,1,3400,-57,57,298,14,13,1.0,2891187.250000,9,2.1,0.14,0.0,5513.944336,50,0.0,0.0,0.0,1.0
307266,0,1,3400,-57,57,295,8.0,12,0.80,1433888.000000,7,2.1,0.0,0.0,0.0,0.0,0.0,0.0,0.0,1.0
307515,0,1,3400,-57,57,301,9.2,12,0.89,1646368.000000,9,2.1,0.0,0.0,0.0,0.0,0.0,0.0,0.0,1.0
307764,0,1,3400,-57,57,302,12,13,0.85,2003936.000000,9,2.1,0.90,0.0,75808.000000,43,0.0,0.0,0.0,1.0
308013,0,1,3400,-57,57,297,14,13,0.91,2652755.000000,8,2.1,0.0,0.0,0.0,0.0,0.0,0.0,0.0,1.0
308262,0,1,3400,-57,57,296,9.3,13,0.86,1651232.000000,9,2.1,0.096,0.0,0.0,80,0.0,0.0,0.0,1.0
308511,0,1,3400,-57,57,301,16,12,1.5,2592928.000000,21,2.1,0.24,0.0,0.0,0.0,0.0,0.0,0.0,1.0
308760,0,1,3400,-57,57,300,13,13,0.76,2452992.000000,6,2.1,0.0,581,0.0,0.0,0.0,0.0,0.0,1.0
309009,0,1,3400,-57,57,296,15,12,1.4,2600608.000000,18,2.1,0.66,0.0,28608.000000,29,0.0,0.0,0.0,1.0
309258,0,1,3400,-57,57,301,12,12,0.89,1953083.625000,8,2.1,1.3,0.0,0.0,80,0.0,0.0,0.0,1.0
309507,0,1,3400,-57,57,302,11,13,0.71,2246432.000000,5,2.1,7.5,0.0,0.0,0.0,0.0,0.0,0.0,1.0
309756,0,1,3400,-57,57,301,15,13,0.80,2966496.000000,6,2.1,6.9,0.0,15456.000000,44,0.0,0.0,0.0,1.0
310005,0,1,3400,-57,57,298,12,13,0.72,1968672.000000,6,2.1,0.048,0.0,8512.000000,0,0.0,0.0,0.0,1.0
310254,0,1,3400,-57,57,297,11,13,0.72,2083148.625000,6,2.1,0.0,0.0,5558.232910,60,0.0,0.0,0.0,1.0
310503,0,1,3400,-57,57,294,14,13,0.92,3065984.000000,5,2.1,0.0,0.0,0.0,0.0,0.0,0.0,0.0,1.0
310752,0,1,3400,-57,57,299,13,13,0.79,2478848.000000,7,2.1,0.17,0.0,75776.000000,44,0.0,0.0,0.0,1.0
311001,0,1,3400,-57,57,303,11,13,0.73,2014176.000000,6,2.1,0.0,0.0,0.0,0.0,0.0,0.0,0.0,1.0
311250,0,1,3400,-57,57,300,11,13,0.83,1815168.000000,7,2.1,0.0,0.0,5536.000000,0,0.0,0.0,0.0,1.0
311499,0,1,3400,-57,57,298,13,12,0.75,2344860.500000,7,2.1,0.0,0.0,0.0,0.0,0.0,0.0,0.0,1.0
311748,0,1,3400,-57,57,297,12,10,1.3,2311872.000000,13,2.1,0.0,0.0,41728.000000,40,0.0,0.0,0.0,1.0
311997,0,1,3400,-57,57,297,11,13,0.75,1996960.000000,6,2.1,0.0,0.0,0.0,100.000000,0.0,0.0,0.0,1.0
312246,0,1,3400,-57,57,296,7.3,13,0.62,1344385.500000,3,2.1,0.0,0.0,5558.232910,0,0.0,0.0,0.0,1.0
312495,0,1,3400,-57,57,300,11,13,0.82,1908000.000000,8,2.1,0.0,0.0,0.0,0.0,0.0,0.0,0.0,1.0
312744,0,1,3400,-57,57,301,14,12,1.1,2463520.000000,16,2.1,0.95,0.0,57664.000000,27,0.0,0.0,0.0,1.0
312993,0,1,3400,-57,57,302,13,12,0.98,2182848.000000,11,2.1,7.0,0.0,0.0,0.0,0.0,0.0,0.0,1.0
313242,0,1,3400,-57,57,300,20,14,1.2,4136320.000000,13,2.1,6.8,0.0,0.0,80,0.0,0.0,0.0,1.0
313491,0,1,3400,-57,57,298,12,13,0.83,1954144.000000,8,2.1,6.9,0.0,0.0,80,0.0,0.0,0.0,1.0
313740,0,1,3400,-57,57,300,12,13,0.90,2089115.500000,8,2.1,6.3,0.0,5513.944336,17,0.0,0.0,0.0,1.0
313989,0,1,3400,-57,57,301,12,13,0.61,2146784.000000,2,2.1,0.036,0.0,96864.000000,47,0.0,0.0,0.0,1.0
314238,0,1,3400,-57,57,299,15,14,0.92,2785600.000000,5,2.1,0.0,0.0,5536.000000,33,0.0,0.0,0.0,1.0
314487,0,1,3400,-57,57,302,15,12,1.1,2985381.500000,10,2.1,0.0,0.0,0.0,0.0,0.0,0.0,0.0,1.0
314736,0,1,3400,-57,57,301,11,12,0.84,1870496.000000,9,2.1,0.0,581,0.0,0.0,0.0,0.0,0.0,1.0
314985,0,1,3400,-57,57,301,12,12,0.96,2268416.000000,9,2.1,0.0,0.0,47008.000000,34,0.0,0.0,0.0,1.0
315234,0,1,3400,-57,57,296,9.7,12,0.86,1896544.000000,6,2.1,0.0,0.0,0.0,80,0.0,0.0,0.0,1.0
315483,0,1,3400,-57,57,293,12,13,0.73,2101184.000000,6,2.1,0.0,0.0,0.0,0.0,0.0,0.0,0.0,1.0
315732,0,1,3400,-57,57,297,18,12,1.2,3305689.250000,16,2.1,0.0,581,0.0,0.0,0.0,0.0,0.0,1.0
315981,0,1,3400,-57,57,302,14,10,1.3,2413312.000000,19,2.1,0.0,247,0.0,80,0.0,0.0,0.0,1.0
316230,0,1,3400,-57,57,302,7.5,11,0.75,1138816.000000,7,2.1,0.0,0.0,0.0,67,0.0,0.0,0.0,1.0
316479,0,1,3400,-57,57,305,13,13,0.81,2444787.250000,8,2.1,0.76,0.0,12048.192383,40,0.0,0.0,0.0,1.0
316728,0,1,3400,-57,57,305,15,12,1.3,2539392.000000,18,2.1,2.4,0.0,0.0,78,0.0,0.0,0.0,1.0
316977,0,1,3400,-57,57,299,13,13,0.82,2104960.000000,8,2.1,4.2,0.0,9504.000000,0,0.0,0.0,0.0,1.0
317226,0,1,3400,-57,57,302,18,13,1.2,3749152.000000,12,2.1,6.4,0.0,0.0,80,0.0,0.0,0.0,1.0
317475,0,1,3400,-57,57,302,14,13,0.78,2599360.000000,6,2.1,12,0.0,29920.000000,33,0.0,0.0,0.0,1.0
317724,0,1,3400,-57,57,302,12,12,0.85,2078496.000000,10,2.1,11,0.0,40832.000000,25,0.0,0.0,0.0,1.0
317973,0,1,3400,-57,57,299,19,12,1.4,3642008.000000,16,2.1,0.0,0.0,0.0,0.0,0.0,0.0,0.0,1.0
318222,0,1,3400,-57,57,295,9.1,12,0.85,1632096.000000,9,2.1,0.0,0.0,0.0,0.0,0.0,0.0,0.0,1.0
318471,0,1,3400,-57,57,295,17,13,1.4,2968803.250000,18,2.1,0.0,0.0,0.0,0.0,0.0,0.0,0.0,1.0
318720,0,1,3400,-57,57,298,17,10,1.5,2406080.000000,25,2.1,2.0,53,3488.000000,57,0.0,0.0,0.0,1.0
318969,0,1,3400,-57,57,298,10,13,0.75,1715360.000000,7,2.1,7.5,53,0.0,0.0,0.0,0.0,0.0,1.0
319218,0,1,3400,-57,57,294,10,12,0.73,1818112.000000,6,2.1,1.9,0.0,7680.000000,20,0.0,0.0,0.0,1.0
319467,0,1,3400,-57,57,299,16,13,1.0,3474304.000000,8,2.1,0.0,0.0,0.0,0.0,0.0,0.0,0.0,1.0
319716,0,1,3400,-57,57,306,13,12,1.0,2132192.000000,13,2.1,0.0,0.0,45440.000000,43,0.0,0.0,0.0,1.0
319965,0,1,3400,-57,57,300,12,13,1.1,1874496.000000,14,2.1,0.0,0.0,5536.000000,50,0.0,0.0,0.0,1.0
320214,0,1,3400,-57,57,297,12,12,0.93,2358342.750000,9,2.1,0.0,0.0,0.0,0.0,0.0,0.0,0.0,1.0
320463,0,1,3400,-57,57,294,15,13,0.89,3129760.000000,5,2.1,0.0,0.0,0.0,0.0,0.0,0.0,0.0,1.0
320712,0,1,3400,-57,57,300,17,13,1.2,3368448.000000,14,2.1,0.0,581,0.0,0.0,0.0,0.0,0.0,1.0
320961,0,1,3400,-57,57,298,14,13,0.86,3047646.500000,5,2.1,0.0,0.0,30779.117188,25,0.0,0.0,0.0,1.0
321210,0,1,3400,-57,57,300,12,13,0.75,2040768.000000,7,2.1,1.7,0.0,0.0,80,0.0,0.0,0.0,1.0
321459,0,1,3400,-57,57,300,9.0,13,0.79,1584448.000000,7,2.1,5.0,0.0,0.0,0.0,0.0,0.0,0.0,1.0
321708,0,1,3400,-57,57,295,23,13,2.0,4207936.000000,28,2.1,4.8,0.0,5536.000000,14,0.0,0.0,0.0,1.0
321957,0,1,3400,-57,57,297,11,12,0.89,2044800.000000,8,2.1,0.0,0.0,19456.000000,56,0.0,0.0,0.0,1.0
322206,0,1,3400,-57,57,302,13,12,0.83,2513211.250000,8,2.1,0.0,0.0,0.0,0.0,0.0,0.0,0.0,1.0
322455,0,1,3400,-57,57,302,13,13,0.89,2376128.000000,10,2.1,0.0,0.0,0.0,0.0,0.0,0.0,0.0,1.0
322704,0,1,3400,-57,57,295,17,12,1.3,3024544.000000,15,2.1,0.0,0.0,5536.000000,14,0.0,0.0,0.0,1.0
322953,0,1,3400,-57,57,292,10,12,0.94,1727453.875000,9,2.1,0.0,0.0,36337.347656,44,0.0,0.0,0.0,1.0
323202,0,1,3400,-57,57,296,16,13,0.94,3151680.000000,9,2.1,0.0,0.0,0.0,0.0,0.0,0.0,0.0,1.0
323451,0,1,3400,-57,57,296,14,12,1.1,2835712.000000,10,2.1,0.0,0.0,0.0,0.0,0.0,0.0,0.0,1.0
323700,0,1,3400,-57,57,302,13,13,0.76,2249408.000000,6,2.1,0.0,581,0.0,0.0,0.0,0.0,0.0,1.0
323949,0,1,3400,-57,57,301,10.0,13,0.83,1773504.000000,8,2.1,2.6,0.0,23712.000000,42,0.0,0.0,0.0,1.0
324198,0,1,3400,-57,57,297,15,12,1.1,3128352.000000,10,2.1,3.5,0.0,0.0,0.0,0.0,0.0,0.0,1.0
324447,0,1,3400,-57,57,297,11,14,0.88,2251697.250000,5,2.1,3.5,0.0,0.0,0.0,0.0,0.0,0.0,1.0
324696,0,1,3400,-57,57,303,12,12,0.89,2002656.000000,11,2.1,2.8,0.0,25120.000000,60,0.0,0.0,0.0,1.0
324945,0,1,3400,-57,57,302,12,11,1.0,2118656.000000,13,2.1,0.0,0.0,10944.000000,83,0.0,0.0,0.0,1.0
325194,0,1,3400,-57,57,298,12,13,0.77,2079584.000000,8,2.1,0.0,0.0,5536.000000,0,0.0,0.0,0.0,1.0
325443,0,1,3400,-57,57,302,13,12,0.83,2527196.750000,6,2.1,0.0,0.0,0.0,0.0,0.0,0.0,0.0,1.0
325692,0,1,3400,-57,57,300,11,13,0.72,1880992.000000,6,2.1,0.0,581,0.0,0.0,0.0,0.0,0.0,1.0
325941,0,1,3400,-57,57,299,8.9,12,0.93,1426560.000000,10,2.1,6.3,0.0,63648.000000,62,0.0,0.0,0.0,1.0
326190,0,1,3400,-57,57,299,13,12,0.94,2181984.000000,7,2.1,8.7,0.0,5536.000000,33,0.0,0.0,0.0,1.0
326439,0,1,3400,-57,57,293,14,13,0.84,2523168.000000,8,2.1,3.0,0.0,0.0,0.0,0.0,0.0,0.0,1.0
326688,0,1,3400,-57,57,291,12,13,0.82,2025434.250000,8,2.1,3.0,409,0.0,80,0.0,0.0,0.0,1.0
326937,0,1,3400,-57,57,296,15,13,1.0,2750368.000000,10,2.1,3.0,409,0.0,0.0,0.0,0.0,0.0,1.0
327186,0,1,3400,-57,57,294,11,12,0.74,1801056.000000,7,2.1,0.74,0.0,30016.000000,41,0.0,0.0,0.0,1.0
327435,0,1,3400,-57,57,295,12,12,0.99,1944224.875000,13,2.1,0.0,0.0,0.0,0.0,0.0,0.0,0.0,1.0
327684,0,1,3400,-57,57,293,14,12,1.0,2449760.000000,12,2.1,0.72,55,0.0,67,0.0,0.0,0.0,1.0
327933,0,1,3400,-57,57,297,16,13,0.98,3358496.000000,9,2.1,7.5,55,0.0,100.000000,0.0,0.0,0.0,1.0
328182,0,1,3400,-57,57,299,15,13,1.0,2648864.000000,11,2.1,3.8,0.0,5536.000000,70,0.0,0.0,0.0,1.0
328431,0,1,3400,-57,57,299,15,12,1.2,2712320.000000,15,2.1,0.0,0.0,0.0,0.0,0.0,0.0,0.0,1.0
328680,0,1,3400,-57,57,298,11,12,0.96,1851808.000000,13,2.1,0.0,0.0,19584.000000,20,0.0,0.0,0.0,1.0
328929,0,1,3400,-57,57,297,12,13,0.69,2130454.250000,5,2.1,0.0,0.0,42964.144531,38,0.0,0.0,0.0,1.0
329178,0,1,3400,-57,57,301,13,13,0.87,2756416.000000,7,2.1,1.7,0.0,5536.000000,57,0.0,0.0,0.0,1.0
329427,0,1,3400,-57,57,300,17,13,1.1,3505702.750000,9,2.1,5.0,0.0,0.0,0.0,0.0,0.0,0.0,1.0
329676,0,1,3400,-57,57,300,17,14,0.90,3405952.000000,7,2.1,5.0,415,0.0,80,0.0,0.0,0.0,1.0
329925,0,1,3400,-57,57,302,20,12,1.3,4010752.000000,17,2.1,4.9,415,0.0,0.0,0.0,0.0,0.0,1.0
330174,0,1,3400,-57,57,302,12,12,0.80,2068576.000000,7,2.1,1.6,0.0,19328.000000,30,0.0,0.0,0.0,1.0
330423,0,1,3400,-57,57,298,12,11,1.2,1914688.000000,19,2.1,0.0,0.0,0.0,0.0,0.0,0.0,0.0,1.0
330672,0,1,3400,-57,57,297,11,12,0.94,2164512.000000,9,2.1,0.0,0.0,23072.000000,48,0.0,0.0,0.0,1.0
330921,0,1,3400,-57,57,301,15,12,1.2,2155665.250000,17,2.1,0.0,0.0,0.0,0.0,0.0,0.0,0.0,1.0
331170,0,1,3400,-57,57,300,14,12,1.2,2270272.000000,17,2.1,0.0,0.0,5536.000000,0,0.0,0.0,0.0,1.0
331419,0,1,3400,-57,57,298,13,12,0.68,2433504.000000,4,2.1,0.0,0.0,0.0,0.0,0.0,0.0,0.0,1.0
331668,0,1,3400,-57,57,299,14,13,0.88,2427791.250000,9,2.1,0.36,0.0,69975.906250,37,0.0,0.0,0.0,1.0
331917,0,1,3400,-57,57,297,15,13,0.96,2739776.000000,10,2.1,0.0,0.0,0.0,0.0,0.0,0.0,0.0,1.0
332166,0,1,3400,-57,57,294,6.3,12,0.74,1140320.000000,7,2.1,0.0,0.0,0.0,0.0,0.0,0.0,0.0,1.0
332415,0,1,3400,-57,57,296,12,12,0.84,1972736.000000,9,2.1,0.0,0.0,0.0,0.0,0.0,0.0,0.0,1.0
332664,0,1,3400,-57,57,300,13,12,0.89,2269152.000000,8,2.1,0.0,581,0.0,0.0,0.0,0.0,0.0,1.0
332913,0,1,3400,-57,57,297,10,12,0.87,1695584.000000,10,2.1,0.0,0.0,63872.000000,35,0.0,0.0,0.0,1.0
333162,0,1,3400,-57,57,299,11,13,0.86,1971506.000000,8,2.1,0.0,0.0,0.0,0.0,0.0,0.0,0.0,1.0
333411,0,1,3400,-57,57,300,16,12,1.4,2911296.000000,16,2.1,0.0,0.0,0.0,0.0,0.0,0.0,0.0,1.0
333660,0,1,3400,-57,57,298,12,13,0.84,2243360.000000,7,2.1,4.8,0.0,123136.000000,59,0.0,0.0,0.0,1.0
333909,0,1,3400,-57,57,295,14,13,1.0,2157654.500000,11,2.1,9.3,0.0,0.0,75,0.0,0.0,0.0,1.0
334158,0,1,3400,-57,57,298,10,12,0.85,1648480.000000,10,2.1,17,0.0,0.0,86,0.0,0.0,0.0,1.0
334407,0,1,3400,-57,57,300,12,13,0.74,2142048.000000,6,2.1,14,0.0,0.0,0.0,0.0,0.0,0.0,1.0
334656,0,1,3400,-57,57,298,15,13,1.0,2672416.000000,11,2.1,12,0.0,90080.000000,59,0.0,0.0,0.0,1.0
334905,0,1,3400,-57,57,296,14,13,0.84,2629792.000000,7,2.1,7.9,0.0,0.0,0.0,0.0,0.0,0.0,1.0
335154,0,1,3400,-57,57,298,15,13,0.88,2680416.000000,9,2.1,1.5,0.0,5536.000000,33,0.0,0.0,0.0,1.0
335403,0,1,3400,-57,57,303,18,12,1.0,3813120.000000,8,2.1,0.0,0.0,5536.000000,0,0.0,0.0,0.0,1.0
335652,0,1,3400,-57,57,299,16,13,0.96,3174406.250000,7,2.1,1.7,0.0,30597.609375,61,0.0,0.0,0.0,1.0
335901,0,1,3400,-57,57,300,8.6,13,0.75,1661076.250000,7,2.1,0.0,0.0,5558.232910,50,0.0,0.0,0.0,1.0
336150,0,1,3400,-57,57,298,15,13,0.86,3042048.000000,5,2.1,0.0,0.0,5536.000000,0,0.0,0.0,0.0,1.0
336399,0,1,3400,-57,57,299,13,12,1.1,1809472.000000,18,2.1,0.0,0.0,0.0,0.0,0.0,0.0,0.0,1.0
336648,0,1,3400,-57,57,300,15,12,1.2,2587200.000000,16,2.1,0.0,0.0,14304.000000,22,0.0,0.0,0.0,1.0
336897,0,1,3400,-57,57,300,12,13,0.91,2219008.000000,9,2.1,0.0,0.0,25024.000000,44,0.0,0.0,0.0,1.0
337146,0,1,3400,-57,57,297,14,13,1.1,2519264.000000,14,2.1,0.0,0.0,0.0,0.0,0.0,0.0,0.0,1.0
337395,0,1,3400,-57,57,294,13,14,1.1,2276928.000000,12,2.1,0.0,0.0,0.0,0.0,0.0,0.0,0.0,1.0
337644,0,1,3400,-57,57,296,14,13,1.0,2906518.000000,8,2.1,0.0,0.0,11027.888672,45,0.0,0.0,0.0,1.0
337893,0,1,3400,-57,57,301,14,13,0.94,2617863.500000,8,2.1,0.0,0.0,14618.473633,50,0.0,0.0,0.0,1.0
338142,0,1,3400,-57,57,299,9.7,12,0.83,1566880.000000,9,2.1,0.0,0.0,0.0,0.0,0.0,0.0,0.0,1.0
338391,0,1,3400,-57,57,300,14,13,0.69,2705920.000000,4,2.1,0.0,0.0,0.0,0.0,0.0,0.0,0.0,1.0
338640,0,1,3400,-57,57,301,14,12,1.2,2595488.000000,17,2.1,0.0,0.0,59936.000000,47,0.0,0.0,0.0,1.0
338889,0,1,3400,-57,57,304,13,13,0.89,2420576.000000,9,2.1,0.0,0.0,0.0,0.0,0.0,0.0,0.0,1.0
339138,0,1,3400,-57,57,302,15,12,1.4,3055712.000000,15,2.1,0.0,0.0,5536.000000,0,0.0,0.0,0.0,1.0
339387,0,1,3400,-57,57,294,13,12,1.0,2368512.000000,12,2.1,0.0,0.0,0.0,0.0,0.0,0.0,0.0,1.0
339636,0,1,3400,-57,57,295,9.6,12,0.94,1757195.250000,9,2.1,0.72,0.0,5513.944336,67,0.0,0.0,0.0,1.0
339885,0,1,3400,-57,57,295,14,13,0.96,2713280.000000,10,2.1,0.0,0.0,4288.000000,0,0.0,0.0,0.0,1.0
340134,0,1,3400,-57,57,297,11,13,0.68,2034730.875000,4,2.1,0.0,0.0,5558.232910,33,0.0,0.0,0.0,1.0
340383,0,1,3400,-57,57,299,15,13,1.1,2310880.000000,13,2.1,0.0,0.0,0.0,0.0,0.0,0.0,0.0,1.0
340632,0,1,3400,-57,57,295,12,13,0.83,2207584.000000,7,2.1,0.0,581,0.0,0.0,0.0,0.0,0.0,1.0
340881,0,1,3400,-57,57,298,13,12,0.94,2183936.000000,11,2.1,11,0.0,47680.000000,33,0.0,0.0,0.0,1.0
341130,0,1,3400,-57,57,301,15,12,1.1,2328096.000000,16,2.1,14,0.0,0.0,0.0,0.0,0.0,0.0,1.0
341379,0,1,3400,-57,57,294,12,12,1.1,1929504.000000,12,2.1,14,0.0,0.0,0.0,0.0,0.0,0.0,1.0
341628,0,1,3400,-57,57,298,12,13,0.73,2134560.000000,5,2.1,14,581,0.0,0.0,0.0,0.0,0.0,1.0
341877,0,1,3400,-57,57,296,11,12,0.83,1963474.125000,7,2.1,7.9,55,0.0,80,0.0,0.0,0.0,1.0
342126,0,1,3400,-57,57,300,17,14,1.4,3132480.000000,18,2.1,4.3,0.0,9824.000000,36,0.0,0.0,0.0,1.0
342375,0,1,3400,-57,57,296,14,14,0.84,2912835.250000,5,2.1,0.0,0.0,0.0,0.0,0.0,0.0,0.0,1.0
342624,0,1,3400,-57,57,296,14,12,1.2,2442080.000000,15,2.1,3.9,55,17056.000000,40,0.0,0.0,0.0,1.0
342873,0,1,3400,-57,57,297,11,12,0.94,1897120.000000,10,2.1,15,55,0.0,100.000000,0.0,0.0,0.0,1.0
343122,0,1,3400,-57,57,301,12,12,0.99,1989632.000000,14,2.1,6.5,0.0,11968.000000,44,0.0,0.0,0.0,1.0
343371,0,1,3400,-57,57,299,15,13,1.0,2980352.000000,8,2.1,0.0,0.0,0.0,0.0,0.0,0.0,0.0,1.0
343620,0,1,3400,-57,57,299,8.1,12,0.87,1353792.000000,8,2.1,5.8,0.0,48832.000000,29,0.0,0.0,0.0,1.0
343869,0,1,3400,-57,57,298,12,13,0.89,2307104.000000,7,2.1,14,0.0,0.0,0.0,0.0,0.0,0.0,1.0
344118,0,1,3400,-57,57,298,12,14,0.67,2289024.000000,5,2.1,14,0.0,0.0,0.0,0.0,0.0,0.0,1.0
344367,0,1,3400,-57,57,299,12,12,0.97,1907264.000000,13,2.1,14,0.0,0.0,0.0,0.0,0.0,0.0,1.0
344616,0,1,3400,-57,57,301,17,13,1.0,3488032.000000,10,2.1,14,581,0.0,0.0,0.0,0.0,0.0,1.0
344865,0,1,3400,-57,57,298,11,10,1.3,1405440.000000,23,2.1,4.0,0.0,25536.000000,52,0.0,0.0,0.0,1.0
345114,0,1,3400,-57,57,299,7.0,13,0.62,1249824.000000,3,2.1,0.0,0.0,5536.000000,50,0.0,0.0,0.0,1.0
345363,0,1,3400,-57,57,298,16,12,1.2,2679040.000000,18,2.1,0.0,0.0,0.0,0.0,0.0,0.0,0.0,1.0
345612,0,1,3400,-57,57,298,14,11,1.3,2395776.000000,20,2.1,3.6,0.0,227584.000000,54,0.0,0.0,0.0,1.0
345861,0,1,3400,-57,57,300,17,13,1.1,3615872.000000,11,2.1,8.0,0.0,0.0,0.0,0.0,0.0,0.0,1.0
346110,0,1,3400,-57,57,297,13,10,1.4,1881689.250000,22,2.1,8.1,0.0,0.0,0.0,0.0,0.0,0.0,1.0
346359,0,1,3400,-57,57,298,12,13,0.86,2299968.000000,9,2.1,8.0,0.0,0.0,0.0,0.0,0.0,0.0,1.0
346608,0,1,3400,-57,57,299,20,12,1.5,3788787.250000,19,2.1,8.0,415,0.0,75,0.0,0.0,0.0,1.0
346857,0,1,3400,-57,57,300,19,13,1.1,3760672.000000,8,2.1,15,0.0,255808.000000,55,0.0,0.0,0.0,1.0
347106,0,1,3400,-57,57,303,11,13,0.77,2071776.000000,6,2.1,16,0.0,0.0,0.0,0.0,0.0,0.0,1.0
347355,0,1,3400,-57,57,297,9.1,12,0.82,1528480.000000,8,2.1,16,0.0,0.0,0.0,0.0,0.0,0.0,1.0
347604,0,1,3400,-57,57,295,12,13,0.87,2014464.000000,11,2.1,8.0,0.0,18432.000000,67,0.0,0.0,0.0,1.0
347853,0,1,3400,-57,57,296,12,12,0.95,2339872.000000,9,2.1,7.6,0.0,0.0,100.000000,0.0,0.0,0.0,1.0
348102,0,1,3400,-57,57,298,12,11,1.2,1834208.000000,18,2.1,7.5,0.0,0.0,0.0,0.0,0.0,0.0,1.0
348351,0,1,3400,-57,57,295,9.8,11,1.1,1476768.000000,17,2.1,7.5,0.0,0.0,0.0,0.0,0.0,0.0,1.0
348600,0,1,3400,-57,57,294,11,12,0.83,2212640.000000,8,2.1,5.1,0.0,56224.000000,49,0.0,0.0,0.0,1.0
348849,0,1,3400,-57,57,297,17,12,1.4,2534432.000000,23,2.1,4.4,0.0,0.0,0.0,0.0,0.0,0.0,1.0
349098,0,1,3400,-57,57,298,10,13,0.70,1843488.000000,5,2.1,4.5,0.0,0.0,0.0,0.0,0.0,0.0,1.0
349347,0,1,3400,-57,57,301,16,11,1.5,2561184.000000,21,2.1,4.5,0.0,0.0,0.0,0.0,0.0,0.0,1.0
349596,0,1,3400,-57,57,303,7.5,12,0.68,1380640.000000,4,2.1,5.1,0.0,22304.000000,45,0.0,0.0,0.0,1.0
349845,0,1,3400,-57,57,301,7.2,12,0.68,1260032.000000,5,2.1,0.0,0.0,0.0,0.0,0.0,0.0,0.0,1.0
350094,0,1,3400,-57,57,296,12,12,0.90,2234240.000000,9,2.1,0.0,0.0,0.0,0.0,0.0,0.0,0.0,1.0
350343,0,1,3400,-57,57,292,13,13,0.94,2360192.000000,8,2.1,7.4,0.0,29920.000000,60,0.0,0.0,0.0,1.0
350592,0,1,3400,-57,57,296,13,12,1.1,2112095.500000,14,2.1,14,581,0.0,0.0,0.0,0.0,0.0,1.0
350841,0,1,3400,-57,57,301,10,12,0.82,1877792.000000,6,2.1,4.0,0.0,17024.000000,59,0.0,0.0,0.0,1.0
351090,0,1,3400,-57,57,302,10,13,0.95,1653783.125000,12,2.1,0.0,0.0,5558.232910,60,0.0,0.0,0.0,1.0
351339,0,1,3400,-57,57,297,15,12,1.4,2475200.000000,18,2.1,0.0,0.0,0.0,0.0,0.0,0.0,0.0,1.0
351588,0,1,3400,-57,57,294,18,13,1.0,4023488.000000,7,2.1,1.9,0.0,68768.000000,21,0.0,0.0,0.0,1.0
351837,0,1,3400,-57,57,298,8.7,13,0.74,1507872.000000,6,2.1,6.0,0.0,0.0,0.0,0.0,0.0,0.0,1.0
352086,0,1,3400,-57,57,296,13,13,1.00,2666272.000000,9,2.1,6.5,0.0,17056.000000,0,0.0,0.0,0.0,1.0
352335,0,1,3400,-57,57,291,16,14,0.84,3317536.000000,5,2.1,7.5,0.0,0.0,0.0,0.0,0.0,0.0,1.0
352584,0,1,3400,-57,57,295,14,14,0.91,2473248.000000,9,2.1,8.2,323,0.0,75,0.0,0.0,0.0,1.0
352833,0,1,3400,-57,57,299,13,13,0.91,2413312.000000,9,2.1,0.0,0.0,34816.000000,19,0.0,0.0,0.0,1.0
353082,0,1,3400,-57,57,296,12,12,1.2,1942368.000000,14,2.1,0.0,0.0,0.0,0.0,0.0,0.0,0.0,1.0
353331,0,1,3400,-57,57,299,15,12,1.3,2382784.000000,17,2.1,0.0,0.0,0.0,0.0,0.0,0.0,0.0,1.0
353580,0,1,3400,-57,57,302,18,13,1.2,3788128.000000,9,2.1,2.3,0.0,30208.000000,47,0.0,0.0,0.0,1.0
353829,0,1,3400,-57,57,300,13,12,1.3,2033408.000000,18,2.1,0.0,0.0,5536.000000,0,0.0,0.0,0.0,1.0
354078,0,1,3400,-57,57,300,13,12,1.1,2057856.000000,15,2.1,0.0,0.0,0.0,0.0,0.0,0.0,0.0,1.0
354327,0,1,3400,-57,57,299,18,13,1.3,3223616.000000,15,2.1,0.0,0.0,0.0,0.0,0.0,0.0,0.0,1.0
354576,0,1,3400,-57,57,299,13,13,0.72,2564192.000000,4,2.1,1.9,0.0,25824.000000,44,0.0,0.0,0.0,1.0
354825,0,1,3400,-57,57,299,12,14,0.64,2228334.750000,3,2.1,0.0,0.0,9880.478516,67,0.0,0.0,0.0,1.0
355074,0,1,3400,-57,57,299,10,12,0.75,1906473.875000,6,2.1,0.0,0.0,0.0,0.0,0.0,0.0,0.0,1.0
355323,0,1,3400,-57,57,299,12,12,0.96,2249632.000000,9,2.1,0.0,0.0,0.0,0.0,0.0,0.0,0.0,1.0
355572,0,1,3400,-57,57,294,11,13,0.89,1829184.000000,11,2.1,1.8,0.0,30496.000000,52,0.0,0.0,0.0,1.0
355821,0,1,3400,-57,57,294,12,13,0.73,2132992.000000,5,2.1,0.0,0.0,0.0,100.000000,0.0,0.0,0.0,1.0
356070,0,1,3400,-57,57,300,12,13,0.82,2002816.000000,9,2.1,0.0,0.0,0.0,0.0,0.0,0.0,0.0,1.0
356319,0,1,3400,-57,57,299,12,13,0.86,2075136.000000,10,2.1,0.0,0.0,0.0,0.0,0.0,0.0,0.0,1.0
356568,0,1,3400,-57,57,296,16,13,1.1,3240480.000000,8,2.1,1.7,0.0,24032.000000,70,0.0,0.0,0.0,1.0
356817,0,1,3400,-57,57,293,12,12,1.1,1887232.000000,13,2.1,0.0,0.0,5536.000000,0,0.0,0.0,0.0,1.0
357066,0,1,3400,-57,57,291,11,13,0.91,1889568.000000,11,2.1,4.1,0.0,0.0,80,0.0,0.0,0.0,1.0
357315,0,1,3400,-57,57,294,8.0,12,0.73,1440320.000000,6,2.1,9.0,0.0,29920.000000,50,0.0,0.0,0.0,1.0
357564,0,1,3400,-57,57,301,11,12,0.96,1798624.000000,12,2.1,13,0.0,5760.000000,38,0.0,0.0,0.0,1.0
357813,0,1,3400,-57,57,303,12,13,0.92,2443360.000000,7,2.1,3.3,0.0,19840.000000,44,0.0,0.0,0.0,1.0
358062,0,1,3400,-57,57,302,11,11,1.2,1459648.000000,16,2.1,5.0,0.0,0.0,0.0,0.0,0.0,0.0,1.0
358311,0,1,3400,-57,57,298,11,13,0.82,2009472.000000,8,2.1,5.0,0.0,0.0,0.0,0.0,0.0,0.0,1.0
358560,0,1,3400,-57,57,297,15,12,1.2,2554208.000000,16,2.1,5.0,415,0.0,80,0.0,0.0,0.0,1.0
358809,0,1,3400,-57,57,299,15,12,1.2,2889728.000000,14,2.1,7.2,0.0,72256.000000,53,0.0,0.0,0.0,1.0
359058,0,1,3400,-57,57,293,15,12,1.0,2568832.000000,12,2.1,5.5,0.0,5536.000000,57,0.0,0.0,0.0,1.0
359307,0,1,3400,-57,57,296,14,12,0.94,2532224.000000,11,2.1,4.2,0.0,0.0,50,0.0,0.0,0.0,1.0
359556,0,1,3400,-57,57,294,12,13,1.1,1947200.000000,16,2.1,0.0,249,5536.000000,70,0.0,0.0,0.0,1.0
359805,0,1,3400,-57,57,299,13,12,1.2,2095168.000000,18,2.1,0.0,249,0.0,100.000000,0.0,0.0,0.0,1.0
360054,0,1,3400,-57,57,300,15,13,1.1,2595488.000000,11,2.1,0.0,83,0.0,0,0.0,0.0,0.0,1.0
360303,0,1,3400,-57,57,298,10,13,0.90,1698112.000000,9,2.1,0.0,0.0,41088.000000,52,0.0,0.0,0.0,1.0
360552,0,1,3400,-57,57,303,9.6,13,0.64,1644832.000000,3,2.1,0.0,0.0,12896.000000,59,0.0,0.0,0.0,1.0
360801,0,1,3400,-57,57,303,8.8,12,0.78,1454400.000000,8,2.1,0.0,0.0,0.0,0.0,0.0,0.0,0.0,1.0
361050,0,1,3400,-57,57,301,11,12,0.95,1788704.000000,12,2.1,0.0,0.0,5536.000000,60,0.0,0.0,0.0,1.0
361299,0,1,3400,-57,57,299,9.1,13,0.65,1682752.000000,4,2.1,0.0,0.0,0.0,0.0,0.0,0.0,0.0,1.0
361548,0,1,3400,-57,57,298,12,13,0.85,1971584.000000,8,2.1,0.95,0.0,13408.000000,53,0.0,0.0,0.0,1.0
361797,0,1,3400,-57,57,298,11,13,0.84,2126688.000000,6,2.1,0.0,0.0,5536.000000,50,0.0,0.0,0.0,1.0
362046,0,1,3400,-57,57,294,12,12,1.1,2085152.000000,13,2.1,0.0,0.0,16608.000000,22,0.0,0.0,0.0,1.0
362295,0,1,3400,-57,57,299,10,12,0.74,1813184.000000,6,2.1,0.0,0.0,5536.000000,50,0.0,0.0,0.0,1.0
362544,0,1,3400,-57,57,302,12,12,0.76,1917824.000000,5,2.1,0.67,0.0,47936.000000,18,0.0,0.0,0.0,1.0
362793,0,1,3400,-57,57,300,20,13,1.9,3295360.000000,28,2.1,0.0,0.0,0.0,0.0,0.0,0.0,0.0,1.0
363042,0,1,3400,-57,57,297,12,13,0.82,2079648.000000,9,2.1,0.0,0.0,5536.000000,0,0.0,0.0,0.0,1.0
363291,0,1,3400,-57,57,303,16,12,1.2,2924960.000000,14,2.1,0.0,0.0,0.0,0.0,0.0,0.0,0.0,1.0
363540,0,1,3400,-57,57,304,12,12,1.0,1746336.000000,14,2.1,2.1,415,0.0,75,0.0,0.0,0.0,1.0
363789,0,1,3400,-57,57,297,15,12,0.98,2758432.000000,10,2.1,0.16,0.0,49824.000000,45,0.0,0.0,0.0,1.0
364038,0,1,3400,-57,57,299,16,12,1.2,3033280.000000,14,2.1,0.0,0.0,0.0,0.0,0.0,0.0,0.0,1.0
364287,0,1,3400,-57,57,303,8.1,12,0.85,1481216.000000,7,2.1,0.0,0.0,0.0,0.0,0.0,0.0,0.0,1.0
364536,0,1,3400,-57,57,299,12,13,0.68,2212480.000000,5,2.1,0.0,581,0.0,0.0,0.0,0.0,0.0,1.0
364785,0,1,3400,-57,57,302,13,13,1.0,2566688.000000,10,2.1,0.0,0.0,22496.000000,42,0.0,0.0,0.0,1.0
365034,0,1,3400,-57,57,301,8.7,12,0.65,1567168.000000,2,2.1,0.0,0.0,5536.000000,0,0.0,0.0,0.0,1.0
365283,0,1,3400,-57,57,300,13,13,0.81,2219488.000000,9,2.1,0.0,0.0,0.0,0.0,0.0,0.0,0.0,1.0
365532,0,1,3400,-57,57,299,9.0,13,0.73,1894976.000000,4,2.1,1.6,0.0,21408.000000,27,0.0,0.0,0.0,1.0
365781,0,1,3400,-57,57,298,14,12,0.79,2612704.000000,5,2.1,11,0.0,29920.000000,33,0.0,0.0,0.0,1.0
366030,0,1,3400,-57,57,297,13,12,1.2,2317088.000000,16,2.1,14,0.0,0.0,0.0,0.0,0.0,0.0,1.0
366279,0,1,3400,-57,57,303,20,12,1.4,4184160.000000,15,2.1,14,0.0,0.0,0.0,0.0,0.0,0.0,1.0
366528,0,1,3400,-57,57,306,16,14,0.98,3196608.000000,6,2.1,10,0.0,57984.000000,30,0.0,0.0,0.0,1.0
366777,0,1,3400,-57,57,301,13,13,0.99,2029024.000000,11,2.1,7.4,0.0,0.0,100.000000,0.0,0.0,0.0,1.0
367026,0,1,3400,-57,57,300,10,13,0.75,1744160.000000,7,2.1,17,0.0,29920.000000,33,0.0,0.0,0.0,1.0
367275,0,1,3400,-57,57,296,15,13,0.95,2630496.000000,10,2.1,21,0.0,0.0,0.0,0.0,0.0,0.0,1.0
367524,0,1,3400,-57,57,295,13,13,0.89,2353856.000000,9,2.1,17,0.0,11072.000000,45,0.0,0.0,0.0,1.0
367773,0,1,3400,-57,57,294,15,14,0.87,2920256.000000,9,2.1,16,0.0,173504.000000,50,0.0,0.0,0.0,1.0
368022,0,1,3400,-57,57,301,12,12,0.93,2076416.000000,10,2.1,16,0.0,0.0,0.0,0.0,0.0,0.0,1.0
368271,0,1,3400,-57,57,303,15,13,1.2,2636768.000000,15,2.1,16,0.0,0.0,0.0,0.0,0.0,0.0,1.0
368520,0,1,3400,-57,57,297,12,13,0.92,2034080.000000,11,2.1,10,0.0,20480.000000,47,0.0,0.0,0.0,1.0
368769,0,1,3400,-57,57,298,12,14,0.73,2163872.000000,6,2.1,0.0,0.0,5536.000000,0,0.0,0.0,0.0,1.0
369018,0,1,3400,-57,57,300,8.1,13,0.68,1465024.000000,4,2.1,3.7,0.0,0.0,80,0.0,0.0,0.0,1.0
369267,0,1,3400,-57,57,299,9.3,12,0.91,1550368.000000,10,2.1,4.5,0.0,0.0,0.0,0.0,0.0,0.0,1.0
369516,0,1,3400,-57,57,298,11,12,0.93,1946400.000000,9,2.1,5.6,0.0,85664.000000,42,0.0,0.0,0.0,1.0
369765,0,1,3400,-57,57,299,13,12,0.83,2387712.000000,9,2.1,16,0.0,0.0,0.0,0.0,0.0,0.0,1.0
370014,0,1,3400,-57,57,299,13,13,0.80,2326336.000000,7,2.1,8.2,0.0,0.0,80,0.0,0.0,0.0,1.0
370263,0,1,3400,-57,57,296,12,12,0.91,2455424.000000,7,2.1,8.0,0.0,0.0,0.0,0.0,0.0,0.0,1.0
370512,0,1,3400,-57,57,302,19,12,1.8,3255712.000000,24,2.1,7.1,415,0.0,67,0.0,0.0,0.0,1.0
370761,0,1,3400,-57,57,301,14,13,1.1,2418272.000000,11,2.1,0.0,415,0.0,100.000000,0.0,0.0,0.0,1.0
371010,0,1,3400,-57,57,301,14,13,0.72,2587328.000000,5,2.1,0.61,0.0,20096.000000,44,0.0,0.0,0.0,1.0
371259,0,1,3400,-57,57,301,14,13,0.72,2891808.000000,4,2.1,0.0,0.0,0.0,0.0,0.0,0.0,0.0,1.0
371508,0,1,3400,-57,57,297,12,12,0.83,2052608.000000,7,2.1,0.0,0.0,47264.000000,47,0.0,0.0,0.0,1.0
371757,0,1,3400,-57,57,295,16,10,1.4,2778400.000000,21,2.1,0.0,0.0,0.0,0.0,0.0,0.0,0.0,1.0
372006,0,1,3400,-57,57,301,16,12,1.2,3160352.000000,12,2.1,0.0,0.0,0.0,0.0,0.0,0.0,0.0,1.0
372255,0,1,3400,-57,57,304,12,13,0.73,2047680.000000,5,2.1,0.0,0.0,0.0,0.0,0.0,0.0,0.0,1.0
372504,0,1,3400,-57,57,303,13,13,0.82,2195008.000000,8,2.1,1.0,0.0,104640.000000,46,0.0,0.0,0.0,1.0
372753,0,1,3400,-57,57,298,14,12,1.2,2602272.000000,15,2.1,8.0,0.0,0.0,0.0,0.0,0.0,0.0,1.0
373002,0,1,3400,-57,57,298,13,13,0.75,2210752.000000,6,2.1,8.0,0.0,0.0,0.0,0.0,0.0,0.0,1.0
373251,0,1,3400,-57,57,299,17,12,1.3,3323872.000000,16,2.1,8.0,0.0,0.0,0.0,0.0,0.0,0.0,1.0
373500,0,1,3400,-57,57,296,16,12,1.0,3204768.000000,9,2.1,10,0.0,177472.000000,64,0.0,0.0,0.0,1.0
373749,0,1,3400,-57,57,294,14,13,1.0,2663008.000000,9,2.1,8.4,0.0,0.0,80,0.0,0.0,0.0,1.0
373998,0,1,3400,-57,57,294,17,13,1.0,3600576.000000,9,2.1,8.0,0.0,0.0,80,0.0,0.0,0.0,1.0
374247,0,1,3400,-57,57,297,12,12,0.88,1963968.000000,9,2.1,8.0,0.0,0.0,0.0,0.0,0.0,0.0,1.0
374496,0,1,3400,-57,57,299,14,13,0.86,2921184.000000,6,2.1,5.4,0.0,30912.000000,15,0.0,0.0,0.0,1.0
374745,0,1,3400,-57,57,300,14,12,1.1,2273216.000000,15,2.1,0.0,0.0,0.0,80,0.0,0.0,0.0,1.0
374994,0,1,3400,-57,57,301,14,14,0.74,2527968.000000,6,2.1,0.0,0.0,0.0,0.0,0.0,0.0,0.0,1.0
375243,0,1,3400,-57,57,297,17,13,0.93,3242976.000000,9,2.1,0.0,0.0,0.0,0.0,0.0,0.0,0.0,1.0
375492,0,1,3400,-57,57,303,11,14,0.62,1972384.000000,3,2.1,0.82,0.0,25120.000000,39,0.0,0.0,0.0,1.0
375741,0,1,3400,-57,57,302,15,13,1.1,2688384.000000,15,2.1,0.0,0.0,0.0,0.0,0.0,0.0,0.0,1.0
375990,0,1,3400,-57,57,297,15,13,1.0,2820704.000000,11,2.1,0.0,0.0,0.0,80,0.0,0.0,0.0,1.0
376239,0,1,3400,-57,57,298,8.9,12,0.71,1625216.000000,5,2.1,0.0,0.0,0.0,0.0,0.0,0.0,0.0,1.0
376488,0,1,3400,-57,57,301,9.6,12,0.83,1701184.000000,8,2.1,0.0,581,0.0,0.0,0.0,0.0,0.0,1.0
376737,0,1,3400,-57,57,303,9.2,13,0.90,1630752.000000,11,2.1,0.82,0.0,25120.000000,50,0.0,0.0,0.0,1.0
376986,0,1,3400,-57,57,303,6.3,12,0.67,1139296.000000,5,2.1,0.0,0.0,5536.000000,0,0.0,0.0,0.0,1.0
377235,0,1,3400,-57,57,294,16,13,0.95,3210944.000000,8,2.1,0.0,0.0,0.0,0.0,0.0,0.0,0.0,1.0
377484,0,1,3400,-57,57,294,19,13,1.4,3514848.000000,17,2.1,2.2,0.0,135232.000000,35,0.0,0.0,0.0,1.0
377733,0,1,3400,-57,57,295,12,13,0.79,1990592.000000,8,2.1,7.0,0.0,0.0,0.0,0.0,0.0,0.0,1.0
377982,0,1,3400,-57,57,290,8.9,13,0.61,1704320.000000,3,2.1,1.2,0.0,5536.000000,50,0.0,0.0,0.0,1.0
378231,0,1,3400,-57,57,293,17,13,1.3,3285440.000000,14,2.1,0.0,0.0,0.0,0.0,0.0,0.0,0.0,1.0
378480,0,1,3400,-57,57,301,12,13,0.78,2132864.000000,8,2.1,0.0,581,0.0,0.0,0.0,0.0,0.0,1.0
378729,0,1,3400,-57,57,302,16,13,1.0,3115232.000000,9,2.1,0.0,0.0,14048.000000,68,0.0,0.0,0.0,1.0
378978,0,1,3400,-57,57,305,15,12,1.1,2649600.000000,12,2.1,0.0,0.0,0.0,80,0.0,0.0,0.0,1.0
379227,0,1,3400,-57,57,304,11,12,0.94,1887168.000000,12,2.1,0.0,0.0,0.0,0.0,0.0,0.0,0.0,1.0
379476,0,1,3400,-57,57,301,11,13,0.75,1868960.000000,5,2.1,0.0,581,5536.000000,33,0.0,0.0,0.0,1.0
379725,0,1,3400,-57,57,301,16,13,1.5,2697888.000000,20,2.1,0.0,0.0,27680.000000,60,0.0,0.0,0.0,1.0
379974,0,1,3400,-57,57,301,12,12,1.1,2046016.000000,15,2.1,0.0,0.0,5536.000000,33,0.0,0.0,0.0,1.0
380223,0,1,3400,-57,57,297,7.1,13,0.61,1399360.000000,3,2.1,0.0,0.0,0.0,0.0,0.0,0.0,0.0,1.0
380472,0,1,3400,-57,57,293,14,12,1.0,2328608.000000,13,2.1,0.0,0.0,27840.000000,48,0.0,0.0,0.0,1.0
380721,0,1,3400,-57,57,297,15,12,1.1,2550368.000000,15,2.1,0.0,0.0,5536.000000,50,0.0,0.0,0.0,1.0
380970,0,1,3400,-57,57,304,17,13,1.2,3349472.000000,10,2.1,0.0,0.0,0.0,0.0,0.0,0.0,0.0,1.0
381219,0,1,3400,-57,57,306,18,12,1.5,3295552.000000,20,2.1,0.0,0.0,0.0,0.0,0.0,0.0,0.0,1.0
381468,0,1,3400,-57,57,299,12,13,0.67,2367584.000000,3,2.1,4.2,0.0,36704.000000,56,0.0,0.0,0.0,1.0
381717,0,1,3400,-57,57,297,15,13,0.95,2986784.000000,10,2.1,7.5,0.0,0.0,0.0,0.0,0.0,0.0,1.0
381966,0,1,3400,-57,57,300,18,13,1.2,3144416.000000,17,2.1,7.5,0.0,0.0,0.0,0.0,0.0,0.0,1.0
382215,0,1,3400,-57,57,295,14,13,0.95,2511904.000000,11,2.1,7.5,0.0,0.0,0.0,0.0,0.0,0.0,1.0
382464,0,1,3400,-57,57,299,14,13,0.79,2701152.000000,6,2.1,7.5,581,0.0,0.0,0.0,0.0,0.0,1.0
382713,0,1,3400,-57,57,302,13,13,0.77,2396832.000000,7,2.1,13,0.0,31552.000000,65,0.0,0.0,0.0,1.0
382962,0,1,3400,-57,57,303,14,12,1.2,2307712.000000,18,2.1,18,0.0,0.0,0.0,0.0,0.0,0.0,1.0
383211,0,1,3400,-57,57,306,17,13,1.1,3373472.000000,11,2.1,18,0.0,0.0,0.0,0.0,0.0,0.0,1.0
383460,0,1,3400,-57,57,301,11,13,0.84,1883584.000000,8,2.1,12,0.0,58560.000000,32,0.0,0.0,0.0,1.0
383709,0,1,3400,-57,57,302,16,12,1.2,3069120.000000,17,2.1,6.4,0.0,0.0,0.0,0.0,0.0,0.0,1.0
383958,0,1,3400,-57,57,297,13,13,0.71,2277440.000000,6,2.1,6.5,0.0,0.0,0.0,0.0,0.0,0.0,1.0
384207,0,1,3400,-57,57,297,13,9.9,1.6,1589120.000000,27,2.1,6.5,0.0,0.0,0.0,0.0,0.0,0.0,1.0
384456,0,1,3400,-57,57,298,15,9.6,1.9,1603168.000000,38,2.1,4.7,415,0.0,80,0.0,0.0,0.0,1.0
384705,0,1,3400,-57,57,299,9.8,11,0.71,1648192.000000,5,2.1,0.0,415,0.0,0.0,0.0,0.0,0.0,1.0
384954,0,1,3400,-57,57,301,15,13,1.1,2793152.000000,13,2.1,4.5,0.0,18944.000000,47,0.0,0.0,0.0,1.0
385203,0,1,3400,-57,57,302,15,13,0.90,2735520.000000,10,2.1,6.0,0.0,0.0,0.0,0.0,0.0,0.0,1.0
385452,0,1,3400,-57,57,297,13,13,0.69,2396192.000000,3,2.1,4.6,0.0,12896.000000,57,0.0,0.0,0.0,1.0
385701,0,1,3400,-57,57,298,14,13,0.89,2681152.000000,8,2.1,0.0,0.0,0.0,0.0,0.0,0.0,0.0,1.0
385950,0,1,3400,-57,57,297,14,12,0.82,2617088.000000,7,2.1,0.0,0.0,0.0,0.0,0.0,0.0,0.0,1.0
386199,0,1,3400,-57,57,302,17,12,1.2,3257504.000000,15,2.1,0.0,0.0,0.0,0.0,0.0,0.0,0.0,1.0
386448,0,1,3400,-57,57,299,11,12,1.1,1785344.000000,15,2.1,0.0,415,0.0,80,0.0,0.0,0.0,1.0
386697,0,1,3400,-57,57,293,10,13,0.93,1806432.000000,9,2.1,0.0,415,0.0,0.0,0.0,0.0,0.0,1.0
386946,0,1,3400,-57,57,297,11,12,1.0,1865248.000000,12,2.1,0.0,0.0,14560.000000,53,0.0,0.0,0.0,1.0
387195,0,1,3400,-57,57,304,16,13,1.1,3407456.000000,9,2.1,0.0,0.0,0.0,0.0,0.0,0.0,0.0,1.0
387444,0,1,3400,-57,57,298,8.5,9.7,1.2,1105184.000000,18,2.1,0.0,0.0,14048.000000,62,0.0,0.0,0.0,1.0
387693,0,1,3400,-57,57,300,7.8,12,0.65,1411456.000000,4,2.1,0.0,0.0,0.0,0.0,0.0,0.0,0.0,1.0
387942,0,1,3400,-57,57,300,15,13,0.92,2971072.000000,8,2.1,0.0,0.0,0.0,0.0,0.0,0.0,0.0,1.0
388191,0,1,3400,-57,57,299,12,12,0.95,2484960.000000,7,2.1,0.0,0.0,0.0,0.0,0.0,0.0,0.0,1.0
388440,0,1,3400,-57,57,300,10.0,11,0.79,1796416.000000,7,2.1,0.38,0.0,5536.000000,56,0.0,0.0,0.0,1.0
388689,0,1,3400,-57,57,301,17,13,1.2,3349696.000000,15,2.1,0.43,0.0,14304.000000,56,0.0,0.0,0.0,1.0
388938,0,1,3400,-57,57,298,15,12,1.2,2729984.000000,16,2.1,0.0,0.0,0.0,0.0,0.0,0.0,0.0,1.0
389187,0,1,3400,-57,57,294,17,11,1.4,3062528.000000,19,2.1,0.0,0.0,0.0,0.0,0.0,0.0,0.0,1.0
389436,0,1,3400,-57,57,292,17,13,1.1,3589408.000000,11,2.1,0.0,247,0.0,80,0.0,0.0,0.0,1.0
389685,0,1,3400,-57,57,295,9.3,12,0.91,1542944.000000,9,2.1,0.0,247,0.0,0.0,0.0,0.0,0.0,1.0
389934,0,1,3400,-57,57,299,17,12,1.3,3065664.000000,18,2.1,0.0,81,0.0,80,0.0,0.0,0.0,1.0
390183,0,1,3400,-57,57,301,14,11,1.1,2723712.000000,11,2.1,0.0,0.0,8768.000000,33,0.0,0.0,0.0,1.0
390432,0,1,3400,-57,57,300,12,9.4,1.6,1304448.000000,28,2.1,1.2,0.0,96608.000000,47,0.0,0.0,0.0,1.0
390681,0,1,3400,-57,57,300,14,13,0.86,2706944.000000,9,2.1,0.0,0.0,0.0,100.000000,0.0,0.0,0.0,1.0
390930,0,1,3400,-57,57,303,12,13,0.88,2099872.000000,10,2.1,0.0,0.0,5536.000000,33,0.0,0.0,0.0,1.0
391179,0,1,3400,-57,57,298,11,13,0.72,1944608.000000,6,2.1,0.0,0.0,5536.000000,0,0.0,0.0,0.0,1.0
391428,0,1,3400,-57,57,297,8.6,13,0.66,2027296.000000,2,2.1,3.0,0.0,38624.000000,21,0.0,0.0,0.0,1.0
391677,0,1,3400,-57,57,299,14,12,0.96,2671456.000000,9,2.1,7.4,0.0,0.0,0.0,0.0,0.0,0.0,1.0
391926,0,1,3400,-57,57,302,9.4,13,0.72,1690624.000000,5,2.1,7.5,0.0,0.0,0.0,0.0,0.0,0.0,1.0
392175,0,1,3400,-57,57,302,8.3,13,0.69,1558208.000000,5,2.1,7.5,0.0,0.0,0.0,0.0,0.0,0.0,1.0
392424,0,1,3400,-57,57,300,8.0,13,0.85,1356512.000000,9,2.1,5.2,0.0,29248.000000,38,0.0,0.0,0.0,1.0
392673,0,1,3400,-57,57,299,12,12,0.92,1949952.000000,9,2.1,0.0,0.0,0.0,0.0,0.0,0.0,0.0,1.0
392922,0,1,3400,-57,57,297,11,13,0.70,2147680.000000,3,2.1,0.0,0.0,0.0,0.0,0.0,0.0,0.0,1.0
393171,0,1,3400,-57,57,299,12,13,0.77,2017440.000000,7,2.1,0.0,0.0,0.0,0.0,0.0,0.0,0.0,1.0
393420,0,1,3400,-57,57,295,12,12,0.79,2160128.000000,6,2.1,0.0,0.0,68256.000000,37,0.0,0.0,0.0,1.0
393669,0,1,3400,-57,57,292,12,13,0.83,2166016.000000,9,2.1,8.0,0.0,29920.000000,33,0.0,0.0,0.0,1.0
393918,0,1,3400,-57,57,295,12,13,0.75,2045120.000000,7,2.1,14,0.0,0.0,0.0,0.0,0.0,0.0,1.0
394167,0,1,3400,-57,57,296,15,12,1.2,2600768.000000,13,2.1,14,0.0,0.0,0.0,0.0,0.0,0.0,1.0
394416,0,1,3400,-57,57,296,16,13,0.90,3020160.000000,8,2.1,5.8,0.0,28096.000000,40,0.0,0.0,0.0,1.0
394665,0,1,3400,-57,57,298,12,14,0.73,2094720.000000,6,2.1,0.0,0.0,0.0,0.0,0.0,0.0,0.0,1.0
394914,0,1,3400,-57,57,299,12,13,0.80,2012064.000000,8,2.1,0.0,0.0,0.0,0.0,0.0,0.0,0.0,1.0
395163,0,1,3400,-57,57,301,12,12,0.96,2112544.000000,9,2.1,0.0,0.0,5536.000000,33,0.0,0.0,0.0,1.0
395412,0,1,3400,-57,57,300,11,13,0.88,1841696.000000,8,2.1,0.0,0.0,11072.000000,45,0.0,0.0,0.0,1.0
395661,0,1,3400,-57,57,298,12,13,0.86,2243232.000000,8,2.1,0.0,0.0,22144.000000,62,0.0,0.0,0.0,1.0
395910,0,1,3400,-57,57,298,16,13,1.2,3066560.000000,13,2.1,0.0,0.0,5536.000000,33,0.0,0.0,0.0,1.0
396159,0,1,3400,-57,57,302,13,12,0.97,2273952.000000,11,2.1,0.0,0.0,0.0,0.0,0.0,0.0,0.0,1.0
396408,0,1,3400,-57,57,304,13,8.5,1.9,1465472.000000,35,2.1,0.0,415,0.0,80,0.0,0.0,0.0,1.0
396657,0,1,3400,-57,57,302,11,13,0.75,1939552.000000,6,2.1,0.0,249,0.0,80,0.0,0.0,0.0,1.0
396906,0,1,3400,-57,57,302,13,13,1.1,2251872.000000,14,2.1,0.61,0.0,14560.000000,36,0.0,0.0,0.0,1.0
397155,0,1,3400,-57,57,302,7.4,11,0.88,1240896.000000,10,2.1,0.0,0.0,0.0,0.0,0.0,0.0,0.0,1.0
397404,0,1,3400,-57,57,302,12,12,1.1,1921632.000000,15,2.1,0.0,581,0.0,0.0,0.0,0.0,0.0,1.0
397653,0,1,3400,-57,57,305,19,13,1.2,3579840.000000,13,2.1,0.61,0.0,25120.000000,48,0.0,0.0,0.0,1.0
397902,0,1,3400,-57,57,302,7.9,13,0.79,1355552.000000,7,2.1,0.0,0.0,5536.000000,50,0.0,0.0,0.0,1.0
398151,0,1,3400,-57,57,294,13,13,0.81,2351232.000000,5,2.1,0.0,0.0,0.0,0.0,0.0,0.0,0.0,1.0
398400,0,1,3400,-57,57,289,16,14,0.98,3524832.000000,6,2.1,1.8,0.0,18784.000000,53,0.0,0.0,0.0,1.0
398649,0,1,3400,-57,57,292,14,13,0.75,2497600.000000,6,2.1,3.5,0.0,0.0,0.0,0.0,0.0,0.0,1.0
398898,0,1,3400,-57,57,296,12,12,0.88,2053920.000000,10,2.1,6.7,0.0,0.0,80,0.0,0.0,0.0,1.0
399147,0,1,3400,-57,57,299,18,12,1.4,3325920.000000,17,2.1,7.5,0.0,0.0,0.0,0.0,0.0,0.0,1.0
399396,0,1,3400,-57,57,298,10,12,1.2,1510464.000000,16,2.1,4.3,0.0,25632.000000,45,0.0,0.0,0.0,1.0
399645,0,1,3400,-57,57,304,8.6,13,0.64,1601408.000000,3,2.1,0.0,0.0,0.0,80,0.0,0.0,0.0,1.0
399894,0,1,3400,-57,57,304,9.8,13,0.83,1593952.000000,9,2.1,0.0,0.0,0.0,0.0,0.0,0.0,0.0,1.0
400143,0,1,3400,-57,57,301,12,12,1.1,1873440.000000,14,2.1,0.0,0.0,0.0,0.0,0.0,0.0,0.0,1.0
400392,0,1,3400,-57,57,300,11,11,0.93,1797120.000000,10,2.1,0.24,0.0,41408.000000,31,0.0,0.0,0.0,1.0
400641,0,1,3400,-57,57,299,16,13,1.1,2871008.000000,12,2.1,4.6,0.0,93856.000000,57,0.0,0.0,0.0,1.0
400890,0,1,3400,-57,57,297,13,12,1.00,2337792.000000,13,2.1,2.2,0.0,0.0,80,0.0,0.0,0.0,1.0
401139,0,1,3400,-57,57,301,11,13,0.89,1999872.000000,10,2.1,0.0,0.0,0.0,50,0.0,0.0,0.0,1.0
401388,0,1,3400,-57,57,305,10,14,0.62,1898912.000000,3,2.1,2.1,0.0,28096.000000,46,0.0,0.0,0.0,1.0
401637,0,1,3400,-57,57,301,14,11,1.2,2448800.000000,17,2.1,4.4,0.0,0.0,80,0.0,0.0,0.0,1.0
401886,0,1,3400,-57,57,296,13,13,0.80,2448736.000000,7,2.1,4.6,0.0,5536.000000,33,0.0,0.0,0.0,1.0
402135,0,1,3400,-57,57,298,10.0,13,0.69,1839168.000000,5,2.1,3.5,0.0,0.0,0.0,0.0,0.0,0.0,1.0
402384,0,1,3400,-57,57,291,17,12,1.5,3083968.000000,18,2.1,5.0,0.0,36640.000000,43,0.0,0.0,0.0,1.0
402633,0,1,3400,-57,57,295,17,12,1.4,3038880.000000,21,2.1,0.0,0.0,0.0,0.0,0.0,0.0,0.0,1.0
402882,0,1,3400,-57,57,298,15,13,0.96,3014592.000000,7,2.1,0.0,0.0,5536.000000,60,0.0,0.0,0.0,1.0
403131,0,1,3400,-57,57,298,10,12,0.70,1675008.000000,5,2.1,0.0,0.0,0.0,80,0.0,0.0,0.0,1.0
403380,0,1,3400,-57,57,299,16,12,1.4,2121440.000000,23,2.1,0.96,0.0,124256.000000,33,0.0,0.0,0.0,1.0
403629,0,1,3400,-57,57,296,15,12,0.91,2950912.000000,7,2.1,8.0,0.0,0.0,0.0,0.0,0.0,0.0,1.0
403878,0,1,3400,-57,57,296,14,12,0.98,2666624.000000,10,2.1,7.5,0.0,0.0,80,0.0,0.0,0.0,1.0
404127,0,1,3400,-57,57,300,15,12,1.4,2593024.000000,19,2.1,7.4,0.0,0.0,0.0,0.0,0.0,0.0,1.0
404376,0,1,3400,-57,57,304,13,10,1.5,1848832.000000,24,2.1,7.6,0.0,21792.000000,58,0.0,0.0,0.0,1.0
404625,0,1,3400,-57,57,303,9.0,14,0.57,1723456.000000,1,2.1,22,0.0,0.0,100.000000,0.0,0.0,0.0,1.0
404874,0,1,3400,-57,57,302,12,11,1.00,1989056.000000,14,2.1,21,0.0,0.0,0,0.0,0.0,0.0,1.0
405123,0,1,3400,-57,57,298,12,12,0.92,2194432.000000,10,2.1,6.0,0.0,5536.000000,0,0.0,0.0,0.0,1.0
405372,0,1,3400,-57,57,300,11,11,0.94,1917312.000000,11,2.1,7.5,0.0,119264.000000,61,0.0,0.0,0.0,1.0
405621,0,1,3400,-57,57,295,16,13,1.4,2889216.000000,18,2.1,17,0.0,11936.000000,33,0.0,0.0,0.0,1.0
405870,0,1,3400,-57,57,299,13,9.6,1.5,1728768.000000,28,2.1,19,0.0,0.0,0.0,0.0,0.0,0.0,1.0
406119,0,1,3400,-57,57,305,15,10,1.5,2025920.000000,23,2.1,19,0.0,0.0,0.0,0.0,0.0,0.0,1.0
406368,0,1,3400,-57,57,306,9.5,12,0.83,1611520.000000,9,2.1,16,0.0,36800.000000,33,0.0,0.0,0.0,1.0
406617,0,1,3400,-57,57,300,12,13,0.69,2252608.000000,4,2.1,7.0,0.0,0.0,0.0,0.0,0.0,0.0,1.0
406866,0,1,3400,-57,57,294,15,13,0.97,2698048.000000,11,2.1,7.0,0.0,0.0,0.0,0.0,0.0,0.0,1.0
407115,0,1,3400,-57,57,294,18,12,1.0,3559232.000000,10,2.1,6.9,0.0,0.0,0.0,0.0,0.0,0.0,1.0
407364,0,1,3400,-57,57,302,13,13,0.71,2355104.000000,4,2.1,10,0.0,276448.000000,45,0.0,0.0,0.0,1.0
407613,0,1,3400,-57,57,301,13,12,0.90,2268576.000000,10,2.1,16,0.0,0.0,0.0,0.0,0.0,0.0,1.0
407862,0,1,3400,-57,57,296,12,11,1.1,1802752.000000,19,2.1,16,0.0,0.0,0.0,0.0,0.0,0.0,1.0
408111,0,1,3400,-57,57,301,12,13,0.81,1970656.000000,9,2.1,16,0.0,0.0,0.0,0.0,0.0,0.0,1.0
408360,0,1,3400,-57,57,301,13,12,0.79,2197824.000000,8,2.1,14,0.0,35872.000000,37,0.0,0.0,0.0,1.0
408609,0,1,3400,-57,57,301,11,12,0.70,1855040.000000,6,2.1,6.0,0.0,5536.000000,0,0.0,0.0,0.0,1.0
408858,0,1,3400,-57,57,299,9.4,12,0.84,1702080.000000,8,2.1,2.0,0.0,5536.000000,0,0.0,0.0,0.0,1.0
409107,0,1,3400,-57,57,299,16,12,1.2,2635392.000000,16,2.1,0.78,0.0,29920.000000,0,0.0,0.0,0.0,1.0
409356,0,1,3400,-57,57,294,11,13,0.73,1940640.000000,6,2.1,15,55,0.0,75,0.0,0.0,0.0,1.0
409605,0,1,3400,-57,57,295,11,14,0.66,2079808.000000,4,2.1,5.9,0.0,0.0,83,0.0,0.0,0.0,1.0
409854,0,1,3400,-57,57,297,12,12,1.0,1900352.000000,13,2.1,2.5,0.0,5536.000000,50,0.0,0.0,0.0,1.0
410103,0,1,3400,-57,57,298,12,12,0.91,1942528.000000,7,2.1,0.0,0.0,0.0,0.0,0.0,0.0,0.0,1.0
410352,0,1,3400,-57,57,304,10,13,0.74,1758048.000000,7,2.1,0.12,0.0,26784.000000,8,0.0,0.0,0.0,1.0
410601,0,1,3400,-57,57,303,12,13,0.86,2242688.000000,8,2.1,7.0,0.0,9920.000000,67,0.0,0.0,0.0,1.0
410850,0,1,3400,-57,57,299,12,13,0.81,1889824.000000,8,2.1,0.11,0.0,5536.000000,33,0.0,0.0,0.0,1.0
411099,0,1,3400,-57,57,298,14,13,0.82,2643776.000000,5,2.1,0.0,0.0,0.0,0.0,0.0,0.0,0.0,1.0
411348,0,1,3400,-57,57,296,12,12,1.1,1912448.000000,16,2.1,0.0,581,0.0,0.0,0.0,0.0,0.0,1.0
411597,0,1,3400,-57,57,292,14,13,0.76,2624640.000000,7,2.1,11,0.0,23840.000000,50,0.0,0.0,0.0,1.0
411846,0,1,3400,-57,57,294,14,13,0.94,2625248.000000,10,2.1,23,0.0,29920.000000,0,0.0,0.0,0.0,1.0
412095,0,1,3400,-57,57,295,11,14,0.74,2190016.000000,5,2.1,22,0.0,17056.000000,0,0.0,0.0,0.0,1.0
412344,0,1,3400,-57,57,298,11,11,1.3,1722048.000000,18,2.1,19,0.0,23136.000000,44,0.0,0.0,0.0,1.0
412593,0,1,3400,-57,57,301,14,14,1.0,3181472.000000,8,2.1,14,0.0,0.0,0.0,0.0,0.0,0.0,1.0
412842,0,1,3400,-57,57,298,12,12,0.86,1883168.000000,10,2.1,14,0.0,0.0,80,0.0,0.0,0.0,1.0
413091,0,1,3400,-57,57,295,9.8,12,0.81,1692416.000000,6,2.1,14,0.0,0.0,0.0,0.0,0.0,0.0,1.0
413340,0,1,3400,-57,57,294,16,12,1.5,2404160.000000,24,2.1,12,0.0,5536.000000,17,0.0,0.0,0.0,1.0
413589,0,1,3400,-57,57,299,19,13,1.2,4020192.000000,11,2.1,0.0,0.0,41728.000000,66,0.0,0.0,0.0,1.0
413838,0,1,3400,-57,57,303,18,13,1.3,3422400.000000,17,2.1,0.0,0.0,0.0,0.0,0.0,0.0,0.0,1.0
414087,0,1,3400,-57,57,298,12,13,0.86,2213376.000000,8,2.1,0.0,0.0,0.0,0.0,0.0,0.0,0.0,1.0
414336,0,1,3400,-57,57,298,11,13,1.0,1918560.000000,11,2.1,2.6,0.0,108128.000000,63,0.0,0.0,0.0,1.0
414585,0,1,3400,-57,57,301,12,12,0.94,1841888.000000,11,2.1,16,0.0,0.0,100.000000,0.0,0.0,0.0,1.0
414834,0,1,3400,-57,57,297,11,12,1.0,1818272.000000,13,2.1,16,0.0,0.0,80,0.0,0.0,0.0,1.0
415083,0,1,3400,-57,57,300,14,12,1.1,2563104.000000,13,2.1,16,0.0,0.0,0.0,0.0,0.0,0.0,1.0
415332,0,1,3400,-57,57,302,13,12,0.63,2152576.000000,3,2.1,12,0.0,25056.000000,40,0.0,0.0,0.0,1.0
415581,0,1,3400,-57,57,305,11,12,1.0,1753504.000000,13,2.1,6.0,0.0,0.0,0.0,0.0,0.0,0.0,1.0
415830,0,1,3400,-57,57,304,14,11,1.2,2036160.000000,19,2.1,1.2,0.0,0.0,80,0.0,0.0,0.0,1.0
416079,0,1,3400,-57,57,296,11,12,0.91,1780416.000000,10,2.1,0.0,0.0,0.0,0.0,0.0,0.0,0.0,1.0
416328,0,1,3400,-57,57,295,12,12,0.84,1969184.000000,9,2.1,3.2,0.0,47712.000000,26,0.0,0.0,0.0,1.0
416577,0,1,3400,-57,57,293,13,13,0.76,2453280.000000,7,2.1,7.5,0.0,0.0,0.0,0.0,0.0,0.0,1.0
416826,0,1,3400,-57,57,297,15,13,0.86,3032864.000000,8,2.1,6.8,0.0,0.0,80,0.0,0.0,0.0,1.0
417075,0,1,3400,-57,57,305,12,13,0.81,2074720.000000,9,2.1,6.5,0.0,0.0,0.0,0.0,0.0,0.0,1.0
417324,0,1,3400,-57,57,301,12,13,0.94,2091200.000000,12,2.1,4.3,0.0,41312.000000,28,0.0,0.0,0.0,1.0
417573,0,1,3400,-57,57,298,11,13,0.78,1931456.000000,8,2.1,0.0,0.0,0.0,0.0,0.0,0.0,0.0,1.0
417822,0,1,3400,-57,57,300,11,12,0.94,1775872.000000,11,2.1,0.0,0.0,5536.000000,0,0.0,0.0,0.0,1.0
418071,0,1,3400,-57,57,296,10,13,0.65,1807776.000000,3,2.1,0.0,0.0,0.0,0.0,0.0,0.0,0.0,1.0
418320,0,1,3400,-57,57,299,9.7,13,0.67,1702496.000000,4,2.1,2.6,51,352,70,0.0,0.0,0.0,1.0
418569,0,1,3400,-57,57,296,15,13,0.93,3047776.000000,9,2.1,4.5,51,0.0,0.0,0.0,0.0,0.0,1.0
418818,0,1,3400,-57,57,293,12,13,1.1,1979360.000000,15,2.1,10,0.0,9824.000000,45,0.0,0.0,0.0,1.0
419067,0,1,3400,-57,57,295,13,13,0.76,2356448.000000,6,2.1,15,0.0,0.0,0.0,0.0,0.0,0.0,1.0
419316,0,1,3400,-57,57,297,18,12,1.4,2942048.000000,21,2.1,17,0.0,20800.000000,50,0.0,0.0,0.0,1.0
419565,0,1,3400,-57,57,296,6.2,13,0.66,1139296.000000,4,2.1,22,0.0,0.0,0.0,0.0,0.0,0.0,1.0
419814,0,1,3400,-57,57,294,14,13,0.93,2346368.000000,10,2.1,21,0.0,0.0,0.0,0.0,0.0,0.0,1.0
420063,0,1,3400,-57,57,297,15,13,0.86,2879712.000000,8,2.1,21,0.0,0.0,0.0,0.0,0.0,0.0,1.0
420312,0,1,3400,-57,57,301,11,13,0.70,1953952.000000,6,2.1,15,0.0,37152.000000,44,0.0,0.0,0.0,1.0
420561,0,1,3400,-57,57,299,10,12,0.67,1790432.000000,5,2.1,0.0,0.0,0.0,0.0,0.0,0.0,0.0,1.0
420810,0,1,3400,-57,57,300,14,13,0.93,2723232.000000,5,2.1,0.0,0.0,5536.000000,33,0.0,0.0,0.0,1.0
421059,0,1,3400,-57,57,302,10,13,1.2,1519296.000000,16,2.1,0.0,0.0,0.0,0.0,0.0,0.0,0.0,1.0
421308,0,1,3400,-57,57,302,12,14,0.59,2159040.000000,3,2.1,0.0,0.0,39168.000000,22,0.0,0.0,0.0,1.0
421557,0,1,3400,-57,57,304,19,13,1.5,3694528.000000,17,2.1,0.0,0.0,0.0,0.0,0.0,0.0,0.0,1.0
421806,0,1,3400,-57,57,307,15,12,1.0,2809888.000000,11,2.1,5.0,0.0,0.0,80,0.0,0.0,0.0,1.0
422055,0,1,3400,-57,57,298,11,13,0.72,1928096.000000,5,2.1,7.5,0.0,0.0,0.0,0.0,0.0,0.0,1.0
422304,0,1,3400,-57,57,296,14,11,1.3,2333184.000000,16,2.1,5.4,0.0,23968.000000,35,0.0,0.0,0.0,1.0
422553,0,1,3400,-57,57,296,9.6,13,0.80,1684736.000000,8,2.1,0.0,0.0,0.0,0.0,0.0,0.0,0.0,1.0
422802,0,1,3400,-57,57,297,14,13,1.2,2286400.000000,16,2.1,0.0,0.0,0.0,0.0,0.0,0.0,0.0,1.0
423051,0,1,3400,-57,57,302,13,13,0.79,2349120.000000,6,2.1,0.0,0.0,0.0,0.0,0.0,0.0,0.0,1.0
423300,0,1,3400,-57,57,302,14,14,1.2,2089728.000000,17,2.1,0.45,0.0,27424.000000,54,0.0,0.0,0.0,1.0
423549,0,1,3400,-57,57,297,12,12,0.97,2016288.000000,12,2.1,0.0,0.0,0.0,0.0,0.0,0.0,0.0,1.0
423798,0,1,3400,-57,57,300,12,13,0.81,2014272.000000,9,2.1,3.7,0.0,22592.000000,0,0.0,0.0,0.0,1.0
424047,0,1,3400,-57,57,296,17,13,1.2,3122880.000000,15,2.1,4.4,0.0,0.0,0.0,0.0,0.0,0.0,1.0
424296,0,1,3400,-57,57,296,12,13,0.77,2022848.000000,8,2.1,5.2,71,0.0,75,0.0,0.0,0.0,1.0
424545,0,1,3400,-57,57,302,13,12,1.0,2186048.000000,13,2.1,0.94,0.0,8512.000000,33,0.0,0.0,0.0,1.0
424794,0,1,3400,-57,57,302,13,13,0.79,2257568.000000,8,2.1,0.0,0.0,0.0,0.0,0.0,0.0,0.0,1.0
425043,0,1,3400,-57,57,304,18,13,1.1,3821184.000000,8,2.1,0.0,0.0,0.0,0.0,0.0,0.0,0.0,1.0
425292,0,1,3400,-57,57,305,15,12,1.1,2615904.000000,15,2.1,0.78,55,0.0,75,0.0,0.0,0.0,1.0
425541,0,1,3400,-57,57,304,14,14,0.87,2982624.000000,5,2.1,0.42,0.0,7680.000000,20,0.0,0.0,0.0,1.0
425790,0,1,3400,-57,57,302,16,13,0.93,3445888.000000,6,2.1,0.0,0.0,0.0,0.0,0.0,0.0,0.0,1.0
426039,0,1,3400,-57,57,302,12,11,1.1,2166400.000000,14,2.1,0.0,0.0,0.0,0.0,0.0,0.0,0.0,1.0
426288,0,1,3400,-57,57,298,15,12,1.0,2796800.000000,13,2.1,1.2,0.0,0.0,75,0.0,0.0,0.0,1.0
426537,0,1,3400,-57,57,302,15,13,1.0,2477152.000000,13,2.1,0.0,0.0,0.0,100.000000,0.0,0.0,0.0,1.0
426786,0,1,3400,-57,57,300,9.7,12,0.90,1565312.000000,11,2.1,0.0,0.0,0.0,0.0,0.0,0.0,0.0,1.0
427035,0,1,3400,-57,57,297,13,12,0.89,2446176.000000,8,2.1,0.0,0.0,0.0,0.0,0.0,0.0,0.0,1.0
427284,0,1,3400,-57,57,299,14,13,0.83,2643136.000000,6,2.1,0.0,581,0.0,0.0,0.0,0.0,0.0,1.0
427533,0,1,3400,-57,57,301,13,13,1.0,2292672.000000,10,2.1,3.0,0.0,22048.000000,29,0.0,0.0,0.0,1.0
427782,0,1,3400,-57,57,299,15,12,1.0,2462176.000000,13,2.1,3.5,0.0,0.0,0.0,0.0,0.0,0.0,1.0
428031,0,1,3400,-57,57,298,17,13,1.0,3761952.000000,9,2.1,3.5,0.0,0.0,0.0,0.0,0.0,0.0,1.0
428280,0,1,3400,-57,57,303,11,13,0.85,1946368.000000,9,2.1,4.3,55,0.0,75,0.0,0.0,0.0,1.0
428529,0,1,3400,-57,57,307,11,12,0.96,2049120.000000,10,2.1,11,55,0.0,100.000000,0.0,0.0,0.0,1.0
428778,0,1,3400,-57,57,308,7.8,12,0.83,1306240.000000,9,2.1,4.1,0.0,9824.000000,25,0.0,0.0,0.0,1.0
429027,0,1,3400,-57,57,303,14,12,0.99,2458464.000000,11,2.1,0.0,0.0,0.0,0.0,0.0,0.0,0.0,1.0
429276,0,1,3400,-57,57,301,7.9,12,0.81,1417728.000000,6,2.1,0.10,0.0,63200.000000,23,0.0,0.0,0.0,1.0
429525,0,1,3400,-57,57,300,12,11,1.1,1873376.000000,16,2.1,0.51,0.0,9920.000000,79,0.0,0.0,0.0,1.0
429774,0,1,3400,-57,57,302,16,14,1.3,3092064.000000,13,2.1,0.0,0.0,0.0,0.0,0.0,0.0,0.0,1.0
430023,0,1,3400,-57,57,296,11,13,0.99,1961216.000000,10,2.1,0.0,0.0,0.0,0.0,0.0,0.0,0.0,1.0
430272,0,1,3400,-57,57,298,11,13,0.86,1863808.000000,9,2.1,0.0,581,0.0,0.0,0.0,0.0,0.0,1.0
430521,0,1,3400,-57,57,294,18,13,0.93,3471072.000000,10,2.1,0.0,0.0,36192.000000,41,0.0,0.0,0.0,1.0
430770,0,1,3400,-57,57,297,16,12,1.0,3151104.000000,12,2.1,0.0,0.0,0.0,80,0.0,0.0,0.0,1.0
431019,0,1,3400,-57,57,305,14,13,1.0,2527552.000000,11,2.1,0.0,0.0,0.0,0.0,0.0,0.0,0.0,1.0
431268,0,1,3400,-57,57,307,16,13,1.2,3182720.000000,11,2.1,0.36,0.0,27680.000000,62,0.0,0.0,0.0,1.0
431517,0,1,3400,-57,57,299,10,12,0.73,1731104.000000,5,2.1,4.5,0.0,0.0,100.000000,0.0,0.0,0.0,1.0
431766,0,1,3400,-57,57,298,16,13,1.2,2931616.000000,15,2.1,4.5,0.0,0.0,0.0,0.0,0.0,0.0,1.0
432015,0,1,3400,-57,57,299,11,14,0.68,1922112.000000,5,2.1,4.5,0.0,0.0,0.0,0.0,0.0,0.0,1.0
432264,0,1,3400,-57,57,298,9.7,13,0.75,1732736.000000,5,2.1,3.8,0.0,21440.000000,17,0.0,0.0,0.0,1.0
432513,0,1,3400,-57,57,298,12,13,0.87,2090720.000000,10,2.1,0.91,0.0,19840.000000,33,0.0,0.0,0.0,1.0
432762,0,1,3400,-57,57,299,11,13,0.95,2191584.000000,9,2.1,0.0,0.0,0.0,80,0.0,0.0,0.0,1.0
433011,0,1,3400,-57,57,302,14,11,1.2,2360320.000000,13,2.1,0.0,0.0,0.0,0.0,0.0,0.0,0.0,1.0
433260,0,1,3400,-57,57,296,15,12,1.3,2663232.000000,18,2.1,1.7,0.0,45120.000000,45,0.0,0.0,0.0,1.0
433509,0,1,3400,-57,57,299,17,11,1.3,2772672.000000,19,2.1,0.0,0.0,0.0,0.0,0.0,0.0,0.0,1.0
433758,0,1,3400,-57,57,296,10.0,13,0.76,1644160.000000,5,2.1,0.0,0.0,0.0,0.0,0.0,0.0,0.0,1.0
434007,0,1,3400,-57,57,298,11,13,0.65,1822720.000000,4,2.1,0.0,0.0,0.0,0.0,0.0,0.0,0.0,1.0
434256,0,1,3400,-57,57,301,11,13,0.74,2051264.000000,4,2.1,0.0,581,5536.000000,0,0.0,0.0,0.0,1.0
434505,0,1,3400,-57,57,296,17,12,1.6,2062464.000000,27,2.1,0.72,0.0,0.0,80,0.0,0.0,0.0,1.0
434754,0,1,3400,-57,57,297,14,13,0.96,2574240.000000,10,2.1,0.0,0.0,5536.000000,33,0.0,0.0,0.0,1.0
435003,0,1,3400,-57,57,301,11,12,0.70,1894240.000000,5,2.1,0.0,0.0,0.0,0.0,0.0,0.0,0.0,1.0
435252,0,1,3400,-57,57,301,17,11,1.3,2723104.000000,18,2.1,0.0,415,0.0,80,0.0,0.0,0.0,1.0
435501,0,1,3400,-57,57,296,11,13,0.95,1823456.000000,11,2.1,0.0,415,0.0,0.0,0.0,0.0,0.0,1.0
435750,0,1,3400,-57,57,302,7.3,13,0.63,1319520.000000,3,2.1,0.0,0.0,63616.000000,24,0.0,0.0,0.0,1.0
435999,0,1,3400,-57,57,299,16,12,1.3,2591360.000000,17,2.1,0.0,0.0,0.0,0.0,0.0,0.0,0.0,1.0
436248,0,1,3400,-57,57,296,14,13,0.95,2519008.000000,11,2.1,0.0,0.0,38528.000000,32,0.0,0.0,0.0,1.0
436497,0,1,3400,-57,57,299,12,13,0.78,2109056.000000,7,2.1,0.0,0.0,0.0,0.0,0.0,0.0,0.0,1.0
436746,0,1,3400,-57,57,298,14,12,1.3,2333696.000000,18,2.1,0.0,0.0,0.0,0.0,0.0,0.0,0.0,1.0
436995,0,1,3400,-57,57,295,9.8,12,0.64,1743104.000000,3,2.1,0.0,0.0,0.0,0.0,0.0,0.0,0.0,1.0
437244,0,1,3400,-57,57,300,10,12,0.83,1798208.000000,7,2.1,4.6,0.0,59584.000000,33,0.0,0.0,0.0,1.0
437493,0,1,3400,-57,57,302,11,13,0.82,1935104.000000,7,2.1,7.3,0.0,5536.000000,33,0.0,0.0,0.0,1.0
437742,0,1,3400,-57,57,302,12,13,0.71,2343680.000000,5,2.1,7.0,0.0,0.0,0.0,0.0,0.0,0.0,1.0
437991,0,1,3400,-57,57,300,7.9,13,0.60,1414592.000000,2,2.1,7.0,0.0,0.0,0.0,0.0,0.0,0.0,1.0
438240,0,1,3400,-57,57,296,12,13,0.60,2148000.000000,3,2.1,6.2,0.0,23712.000000,31,0.0,0.0,0.0,1.0
438489,0,1,3400,-57,57,297,12,12,0.96,2254048.000000,10,2.1,3.5,0.0,0.0,100.000000,0.0,0.0,0.0,1.0
438738,0,1,3400,-57,57,306,12,12,0.83,2308928.000000,8,2.1,3.5,0.0,0.0,0.0,0.0,0.0,0.0,1.0
438987,0,1,3400,-57,57,305,12,12,1.1,1878528.000000,16,2.1,3.5,0.0,0.0,0.0,0.0,0.0,0.0,1.0
439236,0,1,3400,-57,57,299,16,13,1.2,2853728.000000,13,2.1,1.6,0.0,19584.000000,47,0.0,0.0,0.0,1.0
439485,0,1,3400,-57,57,290,12,13,0.89,2140896.000000,10,2.1,0.0,0.0,0.0,0.0,0.0,0.0,0.0,1.0
439734,0,1,3400,-57,57,301,11,12,0.97,1914656.000000,12,2.1,0.0,0.0,0.0,80,0.0,0.0,0.0,1.0
439983,0,1,3400,-57,57,307,9.4,11,1.1,1295872.000000,18,2.1,0.0,0.0,0.0,0.0,0.0,0.0,0.0,1.0
440232,0,1,3400,-57,57,304,10,12,0.81,1657984.000000,8,2.1,0.0,0.0,30656.000000,45,0.0,0.0,0.0,1.0
440481,0,1,3400,-57,57,302,14,12,1.00,2553408.000000,9,2.1,0.0,0.0,0.0,0.0,0.0,0.0,0.0,1.0
440730,0,1,3400,-57,57,302,11,13,0.89,1888416.000000,10,2.1,0.0,0.0,0.0,0.0,0.0,0.0,0.0,1.0
440979,0,1,3400,-57,57,300,15,13,1.0,2594720.000000,13,2.1,0.0,0.0,0.0,0.0,0.0,0.0,0.0,1.0
441228,0,1,3400,-57,57,302,12,12,1.0,1907264.000000,14,2.1,2.4,0.0,169120.000000,63,0.0,0.0,0.0,1.0
441477,0,1,3400,-57,57,297,12,12,1.1,2107552.000000,16,2.1,0.0,0.0,0.0,0.0,0.0,0.0,0.0,1.0
441726,0,1,3400,-57,57,296,11,12,1.0,1882784.000000,14,2.1,0.0,0.0,5536.000000,0,0.0,0.0,0.0,1.0
441975,0,1,3400,-57,57,302,9.6,12,0.71,1692416.000000,6,2.1,1.8,0.0,29920.000000,50,0.0,0.0,0.0,1.0
442224,0,1,3400,-57,57,303,17,13,0.89,3670816.000000,5,2.1,14,0.0,2336.000000,40,0.0,0.0,0.0,1.0
442473,0,1,3400,-57,57,299,13,13,0.81,2863584.000000,5,2.1,0.97,0.0,32288.000000,41,0.0,0.0,0.0,1.0
442722,0,1,3400,-57,57,298,14,13,0.75,2874432.000000,3,2.1,0.0,0.0,0.0,0.0,0.0,0.0,0.0,1.0
442971,0,1,3400,-57,57,302,13,12,0.87,2251520.000000,10,2.1,0.0,0.0,0.0,0.0,0.0,0.0,0.0,1.0
443220,0,1,3400,-57,57,304,10,13,0.85,1805280.000000,9,2.1,0.78,0.0,46720.000000,22,0.0,0.0,0.0,1.0
443469,0,1,3400,-57,57,297,18,12,1.2,3417824.000000,16,2.1,7.5,0.0,0.0,0.0,0.0,0.0,0.0,1.0
443718,0,1,3400,-57,57,294,14,13,0.78,2565600.000000,5,2.1,7.5,0.0,0.0,0.0,0.0,0.0,0.0,1.0
443967,0,1,3400,-57,57,296,14,13,1.3,2105376.000000,19,2.1,7.4,0.0,0.0,0.0,0.0,0.0,0.0,1.0
444216,0,1,3400,-57,57,303,14,13,1.1,2914432.000000,12,2.1,8.0,55,0.0,67,0.0,0.0,0.0,1.0
444465,0,1,3400,-57,57,304,13,12,1.0,2087488.000000,13,2.1,12,55,0.0,100.000000,0.0,0.0,0.0,1.0
444714,0,1,3400,-57,57,300,14,14,0.70,2486336.000000,5,2.1,4.6,0.0,7680.000000,50,0.0,0.0,0.0,1.0
444963,0,1,3400,-57,57,300,14,14,0.78,2797184.000000,4,2.1,0.0,0.0,0.0,0.0,0.0,0.0,0.0,1.0
445212,0,1,3400,-57,57,302,16,12,1.1,2757088.000000,14,2.1,5.0,0.0,218496.000000,57,0.0,0.0,0.0,1.0
445461,0,1,3400,-57,57,299,17,13,1.4,3188256.000000,16,2.1,8.1,0.0,0.0,0.0,0.0,0.0,0.0,1.0
445710,0,1,3400,-57,57,297,15,13,1.1,2855744.000000,10,2.1,7.7,0.0,17056.000000,0,0.0,0.0,0.0,1.0
445959,0,1,3400,-57,57,300,13,14,0.73,2373888.000000,6,2.1,7.5,0.0,0.0,0.0,0.0,0.0,0.0,1.0
446208,0,1,3400,-57,57,296,16,13,1.1,3034624.000000,11,2.1,6.5,55,0.0,80,0.0,0.0,0.0,1.0
446457,0,1,3400,-57,57,292,14,13,0.84,2436736.000000,9,2.1,5.1,55,0.0,0.0,0.0,0.0,0.0,1.0
446706,0,1,3400,-57,57,295,9.7,12,0.75,1650272.000000,4,2.1,0.18,0.0,0.0,80,0.0,0.0,0.0,1.0
446955,0,1,3400,-57,57,299,14,12,1.3,2485376.000000,19,2.1,0.064,0.0,0.0,0.0,0.0,0.0,0.0,1.0
447204,0,1,3400,-57,57,303,17,12,1.5,3307840.000000,16,2.1,0.39,0.0,39008.000000,53,0.0,0.0,0.0,1.0
447453,0,1,3400,-57,57,300,13,14,0.63,2360800.000000,3,2.1,0.0,0.0,5536.000000,0,0.0,0.0,0.0,1.0
447702,0,1,3400,-57,57,297,16,12,1.1,3196000.000000,11,2.1,0.0,0.0,5536.000000,25,0.0,0.0,0.0,1.0
447951,0,1,3400,-57,57,297,7.3,13,0.68,1294176.000000,5,2.1,0.0,0.0,5536.000000,67,0.0,0.0,0.0,1.0
448200,0,1,3400,-57,57,301,10,13,0.86,1857696.000000,8,2.1,3.8,0.0,38688.000000,52,0.0,0.0,0.0,1.0
448449,0,1,3400,-57,57,299,14,12,1.0,2425056.000000,12,2.1,8.0,0.0,0.0,0.0,0.0,0.0,0.0,1.0
448698,0,1,3400,-57,57,298,13,10,1.3,1999776.000000,23,2.1,8.0,0.0,0.0,0.0,0.0,0.0,0.0,1.0
448947,0,1,3400,-57,57,300,18,12,1.2,3368384.000000,14,2.1,8.1,0.0,0.0,0.0,0.0,0.0,0.0,1.0
449196,0,1,3400,-57,57,298,13,13,0.82,2558528.000000,6,2.1,7.4,0.0,39552.000000,31,0.0,0.0,0.0,1.0
449445,0,1,3400,-57,57,298,13,12,1.1,2070944.000000,14,2.1,15,0.0,0.0,0.0,0.0,0.0,0.0,1.0
449694,0,1,3400,-57,57,297,15,12,1.3,2727904.000000,17,2.1,15,0.0,0.0,0.0,0.0,0.0,0.0,1.0
449943,0,1,3400,-57,57,300,16,13,1.3,3163456.000000,13,2.1,15,0.0,0.0,0.0,0.0,0.0,0.0,1.0
450192,0,1,3400,-57,57,301,11,13,0.74,1868160.000000,6,2.1,10.0,0.0,41888.000000,36,0.0,0.0,0.0,1.0
450441,0,1,3400,-57,57,301,22,13,1.8,4335904.000000,22,2.1,7.6,0.0,0.0,100.000000,0.0,0.0,0.0,1.0
450690,0,1,3400,-57,57,300,18,13,1.3,3602400.000000,14,2.1,7.6,0.0,0.0,0.0,0.0,0.0,0.0,1.0
450939,0,1,3400,-57,57,297,13,13,0.76,2495424.000000,5,2.1,7.5,0.0,0.0,0.0,0.0,0.0,0.0,1.0
451188,0,1,3400,-57,57,297,9.1,11,0.83,1476864.000000,9,2.1,5.5,0.0,29504.000000,46,0.0,0.0,0.0,1.0
451437,0,1,3400,-57,57,301,6.4,12,0.87,1176480.000000,10,2.1,0.0,0.0,0.0,0.0,0.0,0.0,0.0,1.0
451686,0,1,3400,-57,57,300,14,13,0.91,2681280.000000,8,2.1,3.0,0.0,17056.000000,0,0.0,0.0,0.0,1.0
451935,0,1,3400,-57,57,304,8.7,13,0.57,1582560.000000,1,2.1,4.5,0.0,0.0,0.0,0.0,0.0,0.0,1.0
452184,0,1,3400,-57,57,302,12,13,0.69,2067840.000000,5,2.1,5.2,395,0.0,80,0.0,0.0,0.0,1.0
452433,0,1,3400,-57,57,300,13,13,0.90,2360800.000000,10,2.1,7.0,395,0.0,0.0,0.0,0.0,0.0,1.0
452682,0,1,3400,-57,57,299,12,13,0.99,1924576.000000,12,2.1,1.3,0.0,14560.000000,42,0.0,0.0,0.0,1.0
452931,0,1,3400,-57,57,296,17,11,1.4,2848960.000000,20,2.1,0.12,0.0,0.0,0.0,0.0,0.0,0.0,1.0
453180,0,1,3400,-57,57,303,13,13,0.92,2314816.000000,9,2.1,0.97,0.0,63488.000000,30,0.0,0.0,0.0,1.0
453429,0,1,3400,-57,57,300,14,13,0.98,2354304.000000,13,2.1,3.0,0.0,0.0,0.0,0.0,0.0,0.0,1.0
453678,0,1,3400,-57,57,295,14,12,1.1,2824992.000000,10,2.1,3.0,0.0,0.0,0.0,0.0,0.0,0.0,1.0
453927,0,1,3400,-57,57,303,13,12,0.77,2307872.000000,7,2.1,3.0,0.0,0.0,0.0,0.0,0.0,0.0,1.0
454176,0,1,3400,-57,57,303,13,14,0.85,2408832.000000,9,2.1,4.1,0.0,23776.000000,40,0.0,0.0,0.0,1.0
454425,0,1,3400,-57,57,298,12,13,0.80,1997792.000000,8,2.1,3.5,0.0,0.0,0.0,0.0,0.0,0.0,1.0
454674,0,1,3400,-57,57,297,9.5,12,0.82,1643424.000000,8,2.1,8.5,0.0,0.0,80,0.0,0.0,0.0,1.0
454923,0,1,3400,-57,57,300,14,13,0.87,2710080.000000,8,2.1,11,0.0,0.0,0.0,0.0,0.0,0.0,1.0
455172,0,1,3400,-57,57,300,11,12,0.87,2043680.000000,9,2.1,6.7,0.0,28160.000000,39,0.0,0.0,0.0,1.0
455421,0,1,3400,-57,57,297,18,12,1.7,3137344.000000,25,2.1,0.060,0.0,0.0,100.000000,0.0,0.0,0.0,1.0
455670,0,1,3400,-57,57,296,18,12,1.3,3159616.000000,15,2.1,5.0,0.0,0.0,80,0.0,0.0,0.0,1.0
455919,0,1,3400,-57,57,303,15,13,1.0,2696288.000000,11,2.1,7.6,0.0,0.0,0.0,0.0,0.0,0.0,1.0
456168,0,1,3400,-57,57,308,12,13,0.71,2239712.000000,6,2.1,5.5,0.0,21440.000000,17,0.0,0.0,0.0,1.0
456417,0,1,3400,-57,57,308,14,12,1.3,2243904.000000,20,2.1,1.2,0.0,2976.000000,76,0.0,0.0,0.0,1.0
456666,0,1,3400,-57,57,299,16,13,0.89,2877920.000000,9,2.1,0.0,0.0,5536.000000,0,0.0,0.0,0.0,1.0
456915,0,1,3400,-57,57,298,16,12,1.3,2963776.000000,15,2.1,0.060,0.0,0.0,0.0,0.0,0.0,0.0,1.0
457164,0,1,3400,-57,57,299,12,13,0.68,2232224.000000,3,2.1,2.5,0.0,50528.000000,25,0.0,0.0,0.0,1.0
457413,0,1,3400,-57,57,303,14,12,1.2,2466912.000000,14,2.1,0.45,0.0,0.0,80,0.0,0.0,0.0,1.0
457662,0,1,3400,-57,57,299,9.4,13,0.76,1684000.000000,6,2.1,0.060,0.0,5536.000000,0,0.0,0.0,0.0,1.0
457911,0,1,3400,-57,57,296,12,12,0.82,2060672.000000,8,2.1,0.0,0.0,0.0,0.0,0.0,0.0,0.0,1.0
458160,0,1,3400,-57,57,298,17,13,1.3,3394080.000000,14,2.1,0.31,0.0,17568.000000,14,0.0,0.0,0.0,1.0
458409,0,1,3400,-57,57,306,13,13,0.86,2479232.000000,6,2.1,0.18,0.0,50976.000000,48,0.0,0.0,0.0,1.0
458658,0,1,3400,-57,57,307,17,13,0.98,3162016.000000,8,2.1,0.060,0.0,0.0,0.0,0.0,0.0,0.0,1.0
458907,0,1,3400,-57,57,306,14,13,0.90,2626944.000000,9,2.1,0.0,0.0,0.0,0.0,0.0,0.0,0.0,1.0
459156,0,1,3400,-57,57,303,13,12,0.94,2138560.000000,12,2.1,0.0,581,0.0,0.0,0.0,0.0,0.0,1.0
459405,0,1,3400,-57,57,297,11,12,0.85,1838688.000000,9,2.1,0.0,415,0.0,80,0.0,0.0,0.0,1.0
459654,0,1,3400,-57,57,297,14,12,0.94,2651840.000000,10,2.1,0.0,249,0.0,80,0.0,0.0,0.0,1.0
459903,0,1,3400,-57,57,296,10,12,0.90,1716064.000000,10,2.1,0.096,0.0,5536.000000,0,0.0,0.0,0.0,1.0
460152,0,1,3400,-57,57,301,17,13,1.00,3149216.000000,13,2.1,1.4,0.0,29248.000000,48,0.0,0.0,0.0,1.0
460401,0,1,3400,-57,57,304,12,12,1.1,1914880.000000,15,2.1,0.18,0.0,5536.000000,0,0.0,0.0,0.0,1.0
460650,0,1,3400,-57,57,301,9.3,13,0.75,1642752.000000,7,2.1,0.0,0.0,0.0,0.0,0.0,0.0,0.0,1.0
460899,0,1,3400,-57,57,300,12,13,0.82,1986304.000000,7,2.1,0.0,0.0,0.0,0.0,0.0,0.0,0.0,1.0
461148,0,1,3400,-57,57,302,17,13,1.2,3705792.000000,9,2.1,4.0,0.0,7360.000000,44,0.0,0.0,0.0,1.0
461397,0,1,3400,-57,57,302,12,13,0.83,2047104.000000,8,2.1,9.5,0.0,0.0,0.0,0.0,0.0,0.0,1.0
461646,0,1,3400,-57,57,303,14,9.9,1.9,1813600.000000,36,2.1,12,0.0,0.0,80,0.0,0.0,0.0,1.0
461895,0,1,3400,-57,57,300,6.1,12,0.65,1144416.000000,3,2.1,12,0.0,0.0,0.0,0.0,0.0,0.0,1.0
462144,0,1,3400,-57,57,300,11,14,0.78,2238176.000000,5,2.1,12,581,0.0,0.0,0.0,0.0,0.0,1.0
462393,0,1,3400,-57,57,304,13,13,0.97,2358336.000000,13,2.1,9.0,0.0,96320.000000,43,0.0,0.0,0.0,1.0
462642,0,1,3400,-57,57,300,7.5,12,0.74,1257472.000000,6,2.1,8.0,0.0,0.0,0.0,0.0,0.0,0.0,1.0
462891,0,1,3400,-57,57,295,9.9,12,0.88,1654432.000000,10,2.1,8.0,0.0,0.0,0.0,0.0,0.0,0.0,1.0
463140,0,1,3400,-57,57,293,17,13,0.94,3352672.000000,8,2.1,6.0,415,0.0,80,0.0,0.0,0.0,1.0
463389,0,1,3400,-57,57,297,10.0,13,0.65,1794624.000000,4,2.1,0.0,0.0,46496.000000,37,0.0,0.0,0.0,1.0
463638,0,1,3400,-57,57,301,13,12,0.93,2221280.000000,11,2.1,0.0,0.0,0.0,0.0,0.0,0.0,0.0,1.0
463887,0,1,3400,-57,57,301,9.6,11,1.1,1498240.000000,12,2.1,0.0,0.0,0.0,0.0,0.0,0.0,0.0,1.0
464136,0,1,3400,-57,57,298,11,13,1.00,1861216.000000,13,2.1,0.0,247,0.0,78,0.0,0.0,0.0,1.0
464385,0,1,3400,-57,57,300,12,12,1.1,1924320.000000,16,2.1,0.0,247,0.0,100.000000,0.0,0.0,0.0,1.0
464634,0,1,3400,-57,57,296,12,13,0.85,2365856.000000,6,2.1,0.0,0.0,21024.000000,38,0.0,0.0,0.0,1.0
464883,0,1,3400,-57,57,296,16,12,0.97,3121184.000000,8,2.1,0.0,0.0,0.0,0.0,0.0,0.0,0.0,1.0
465132,0,1,3400,-57,57,300,8.6,13,0.62,1631648.000000,3,2.1,0.0,0.0,47264.000000,26,0.0,0.0,0.0,1.0
465381,0,1,3400,-57,57,297,8.7,12,0.74,1472576.000000,6,2.1,0.0,0.0,0.0,0.0,0.0,0.0,0.0,1.0
465630,0,1,3400,-57,57,297,16,12,1.0,3183552.000000,8,2.1,0.060,0.0,4384.000000,0,0.0,0.0,0.0,1.0
465879,0,1,3400,-57,57,298,18,11,1.4,2901600.000000,21,2.1,0.060,0.0,0.0,0.0,0.0,0.0,0.0,1.0
466128,0,1,3400,-57,57,299,6.5,11,0.65,1123008.000000,4,2.1,1.1,0.0,36736.000000,39,0.0,0.0,0.0,1.0
466377,0,1,3400,-57,57,298,16,13,1.3,3015168.000000,15,2.1,0.18,0.0,0.0,0.0,0.0,0.0,0.0,1.0
466626,0,1,3400,-57,57,300,16,12,1.5,2686560.000000,20,2.1,0.12,0.0,0.0,0.0,0.0,0.0,0.0,1.0
466875,0,1,3400,-57,57,299,8.4,13,0.70,1577216.000000,5,2.1,0.0,0.0,0.0,0.0,0.0,0.0,0.0,1.0
467124,0,1,3400,-57,57,297,11,13,0.64,1980448.000000,3,2.1,0.052,0.0,57920.000000,31,0.0,0.0,0.0,1.0
467373,0,1,3400,-57,57,293,16,11,1.3,2882496.000000,20,2.1,0.060,0.0,0.0,0.0,0.0,0.0,0.0,1.0
467622,0,1,3400,-57,57,293,12,13,0.72,1991136.000000,4,2.1,0.0,0.0,0.0,0.0,0.0,0.0,0.0,1.0
467871,0,1,3400,-57,57,301,10,13,0.66,1808032.000000,4,2.1,0.0,0.0,0.0,0.0,0.0,0.0,0.0,1.0
468120,0,1,3400,-57,57,302,16,12,1.2,2926656.000000,14,2.1,1.2,0.0,17056.000000,25,0.0,0.0,0.0,1.0
468369,0,1,3400,-57,57,301,14,12,0.83,2449600.000000,6,2.1,5.7,0.0,19840.000000,40,0.0,0.0,0.0,1.0
468618,0,1,3400,-57,57,304,15,14,0.91,2717952.000000,10,2.1,15,0.0,0.0,80,0.0,0.0,0.0,1.0
468867,0,1,3400,-57,57,305,13,13,0.76,2426976.000000,6,2.1,15,0.0,0.0,0.0,0.0,0.0,0.0,1.0
469116,0,1,3400,-57,57,303,12,14,0.67,2061760.000000,5,2.1,12,0.0,21920.000000,31,0.0,0.0,0.0,1.0
469365,0,1,3400,-57,57,299,9.3,13,0.66,1789600.000000,4,2.1,9.5,0.0,29920.000000,67,0.0,0.0,0.0,1.0
469614,0,1,3400,-57,57,296,15,13,0.94,2830656.000000,8,2.1,14,0.0,0.0,0.0,0.0,0.0,0.0,1.0
469863,0,1,3400,-57,57,297,12,13,0.87,2169280.000000,8,2.1,14,0.0,0.0,0.0,0.0,0.0,0.0,1.0
470112,0,1,3400,-57,57,298,18,13,1.0,3831136.000000,8,2.1,13,0.0,25056.000000,40,0.0,0.0,0.0,1.0
470361,0,1,3400,-57,57,300,8.4,12,0.75,1510784.000000,6,2.1,6.0,0.0,0.0,0.0,0.0,0.0,0.0,1.0
470610,0,1,3400,-57,57,299,12,12,1.0,2046592.000000,12,2.1,2.2,0.0,5536.000000,0,0.0,0.0,0.0,1.0
470859,0,1,3400,-57,57,300,14,12,0.83,2710208.000000,5,2.1,0.12,0.0,0.0,0.0,0.0,0.0,0.0,1.0
471108,0,1,3400,-57,57,296,12,13,0.70,2115232.000000,5,2.1,2.2,0.0,22240.000000,38,0.0,0.0,0.0,1.0
471357,0,1,3400,-57,57,298,15,12,1.1,2646688.000000,13,2.1,11,0.0,46464.000000,0,0.0,0.0,0.0,1.0
471606,0,1,3400,-57,57,302,14,13,1.00,2499968.000000,12,2.1,14,0.0,0.0,0.0,0.0,0.0,0.0,1.0
471855,0,1,3400,-57,57,300,13,14,0.80,2551744.000000,7,2.1,14,0.0,0.0,0.0,0.0,0.0,0.0,1.0
472104,0,1,3400,-57,57,300,13,13,0.95,2208160.000000,9,2.1,16,0.0,0.0,75,0.0,0.0,0.0,1.0
472353,0,1,3400,-57,57,300,14,12,1.2,2242208.000000,15,2.1,0.060,0.0,0.0,100.000000,0.0,0.0,0.0,1.0
472602,0,1,3400,-57,57,301,21,12,1.7,3976960.000000,22,2.1,0.36,0.0,0.0,0.0,0.0,0.0,0.0,1.0
472851,0,1,3400,-57,57,297,12,13,1.0,2439104.000000,10,2.1,0.12,0.0,0.0,80,0.0,0.0,0.0,1.0
473100,0,1,3400,-57,57,292,16,13,0.95,2970336.000000,9,2.1,0.0,415,0.0,80,0.0,0.0,0.0,1.0
473349,0,1,3400,-57,57,291,13,13,0.91,2148000.000000,11,2.1,6.7,0.0,18496.000000,50,0.0,0.0,0.0,1.0
473598,0,1,3400,-57,57,296,12,10,1.2,1518752.000000,19,2.1,4.3,0.0,0.0,80,0.0,0.0,0.0,1.0
473847,0,1,3400,-57,57,301,15,12,1.1,2708704.000000,14,2.1,0.060,0.0,0.0,0.0,0.0,0.0,0.0,1.0
474096,0,1,3400,-57,57,301,14,12,1.2,2250784.000000,17,2.1,0.24,0.0,30656.000000,65,0.0,0.0,0.0,1.0
474345,0,1,3400,-57,57,298,7.2,12,0.71,1270560.000000,6,2.1,4.7,0.0,0.0,80,0.0,0.0,0.0,1.0
474594,0,1,3400,-57,57,296,14,12,1.2,2575296.000000,12,2.1,7.5,0.0,0.0,80,0.0,0.0,0.0,1.0
474843,0,1,3400,-57,57,295,12,12,0.95,1960000.000000,12,2.1,4.7,0.0,5536.000000,33,0.0,0.0,0.0,1.0
475092,0,1,3400,-57,57,297,11,12,0.81,1784448.000000,9,2.1,0.052,0.0,49440.000000,38,0.0,0.0,0.0,1.0
475341,0,1,3400,-57,57,300,17,12,1.3,3298400.000000,16,2.1,0.12,0.0,0.0,0.0,0.0,0.0,0.0,1.0
475590,0,1,3400,-57,57,298,17,12,1.3,3023456.000000,18,2.1,0.0,0.0,0.0,0.0,0.0,0.0,0.0,1.0
475839,0,1,3400,-57,57,303,14,13,0.86,2524832.000000,10,2.1,0.0,0.0,0.0,0.0,0.0,0.0,0.0,1.0
476088,0,1,3400,-57,57,302,11,13,0.73,1908736.000000,4,2.1,1.1,0.0,30912.000000,33,0.0,0.0,0.0,1.0
476337,0,1,3400,-57,57,301,9.4,12,0.78,1765728.000000,7,2.1,5.0,0.0,8256.000000,0,0.0,0.0,0.0,1.0
476586,0,1,3400,-57,57,300,15,12,1.3,2824768.000000,14,2.1,6.7,0.0,0.0,80,0.0,0.0,0.0,1.0
476835,0,1,3400,-57,57,301,15,13,1.1,2790784.000000,11,2.1,7.5,0.0,0.0,0.0,0.0,0.0,0.0,1.0
477084,0,1,3400,-57,57,304,11,13,0.79,1920608.000000,5,2.1,2.2,0.0,152768.000000,48,0.0,0.0,0.0,1.0
477333,0,1,3400,-57,57,302,14,13,1.1,2609536.000000,11,2.1,0.060,0.0,5536.000000,33,0.0,0.0,0.0,1.0
477582,0,1,3400,-57,57,304,12,14,0.77,2204864.000000,6,2.1,0.0,0.0,0.0,0.0,0.0,0.0,0.0,1.0
477831,0,1,3400,-57,57,301,14,12,1.1,2355232.000000,13,2.1,2.5,0.0,0.0,80,0.0,0.0,0.0,1.0
478080,0,1,3400,-57,57,305,13,12,1.1,2123968.000000,13,2.1,14,415,0.0,67,0.0,0.0,0.0,1.0
478329,0,1,3400,-57,57,304,9.8,12,1.0,1535328.000000,12,2.1,0.84,247,0.0,86,0.0,0.0,0.0,1.0
478578,0,1,3400,-57,57,301,11,13,0.70,1946752.000000,5,2.1,0.0,0.0,12512.000000,62,0.0,0.0,0.0,1.0
478827,0,1,3400,-57,57,297,13,12,1.0,2164352.000000,14,2.1,0.0,0.0,0.0,0.0,0.0,0.0,0.0,1.0
479076,0,1,3400,-57,57,297,11,12,0.92,1708544.000000,11,2.1,0.060,0.0,5600.000000,36,0.0,0.0,0.0,1.0
479325,0,1,3400,-57,57,297,15,13,1.3,2816128.000000,15,2.1,0.12,0.0,17024.000000,60,0.0,0.0,0.0,1.0
479574,0,1,3400,-57,57,296,12,14,0.76,2061984.000000,6,2.1,0.0,0.0,0.0,0.0,0.0,0.0,0.0,1.0
479823,0,1,3400,-57,57,303,12,13,0.93,2432352.000000,9,2.1,0.0,0.0,0.0,0.0,0.0,0.0,0.0,1.0
480072,0,1,3400,-57,57,301,14,12,0.87,2444576.000000,9,2.1,0.0,581,0.0,50,0.0,0.0,0.0,1.0
480321,0,1,3400,-57,57,293,14,13,1.1,2322080.000000,13,2.1,0.67,0.0,25120.000000,31,0.0,0.0,0.0,1.0
480570,0,1,3400,-57,57,300,10,13,0.75,1833120.000000,7,2.1,0.0,0.0,5536.000000,33,0.0,0.0,0.0,1.0
480819,0,1,3400,-57,57,302,11,11,0.84,2075552.000000,5,2.1,0.0,0.0,0.0,0.0,0.0,0.0,0.0,1.0
481068,0,1,3400,-57,57,306,11,12,0.79,1807776.000000,9,2.1,0.0,0.0,8768.000000,68,0.0,0.0,0.0,1.0
481317,0,1,3400,-57,57,304,11,11,1.1,1612672.000000,17,2.1,0.0,0.0,22656.000000,39,0.0,0.0,0.0,1.0
481566,0,1,3400,-57,57,300,10,11,0.88,1619712.000000,9,2.1,0.0,0.0,0.0,0.0,0.0,0.0,0.0,1.0
481815,0,1,3400,-57,57,301,12,12,0.95,1866976.000000,10,2.1,0.0,0.0,0.0,0.0,0.0,0.0,0.0,1.0
482064,0,1,3400,-57,57,299,14,10,1.4,2115968.000000,18,2.1,0.78,0.0,15520.000000,40,0.0,0.0,0.0,1.0
482313,0,1,3400,-57,57,299,13,13,0.76,2703360.000000,3,2.1,0.94,0.0,25120.000000,55,0.0,0.0,0.0,1.0
482562,0,1,3400,-57,57,299,14,12,0.96,2466336.000000,10,2.1,0.0,0.0,5536.000000,0,0.0,0.0,0.0,1.0
482811,0,1,3400,-57,57,293,9.7,13,0.79,1851520.000000,7,2.1,0.0,0.0,0.0,0.0,0.0,0.0,0.0,1.0
483060,0,1,3400,-57,57,295,12,13,0.82,2210528.000000,9,2.1,2.2,0.0,204288.000000,32,0.0,0.0,0.0,1.0
483309,0,1,3400,-57,57,299,18,12,1.5,2988320.000000,24,2.1,0.28,0.0,57376.000000,60,0.0,0.0,0.0,1.0
483558,0,1,3400,-57,57,296,11,12,1.1,1710560.000000,15,2.1,0.0,0.0,0.0,0.0,0.0,0.0,0.0,1.0
483807,0,1,3400,-57,57,300,12,13,0.67,2118688.000000,3,2.1,0.0,0.0,11072.000000,20,0.0,0.0,0.0,1.0
484056,0,1,3400,-57,57,305,15,13,0.93,2709856.000000,11,2.1,0.78,0.0,15520.000000,40,0.0,0.0,0.0,1.0
484305,0,1,3400,-57,57,302,18,14,1.2,4234784.000000,6,2.1,0.94,0.0,19584.000000,50,0.0,0.0,0.0,1.0
484554,0,1,3400,-57,57,301,13,13,0.73,2236320.000000,6,2.1,0.0,0.0,0.0,0.0,0.0,0.0,0.0,1.0
484803,0,1,3400,-57,57,304,13,13,0.92,2206208.000000,11,2.1,0.0,0.0,0.0,0.0,0.0,0.0,0.0,1.0
485052,0,1,3400,-57,57,307,15,13,1.0,2925440.000000,10,2.1,4.8,0.0,113152.000000,24,0.0,0.0,0.0,1.0
485301,0,1,3400,-57,57,304,7.5,13,0.73,1401568.000000,4,2.1,14,0.0,0.0,0.0,0.0,0.0,0.0,1.0
485550,0,1,3400,-57,57,299,11,13,1.0,1799616.000000,11,2.1,14,0.0,0.0,0.0,0.0,0.0,0.0,1.0
485799,0,1,3400,-57,57,298,11,12,1.1,1909632.000000,13,2.1,14,0.0,0.0,0.0,0.0,0.0,0.0,1.0
486048,0,1,3400,-57,57,305,14,12,1.2,2334016.000000,17,2.1,13,415,5536.000000,50,0.0,0.0,0.0,1.0
486297,0,1,3400,-57,57,304,13,12,1.2,2238432.000000,16,2.1,0.0,0.0,34880.000000,41,0.0,0.0,0.0,1.0
486546,0,1,3400,-57,57,296,13,12,0.87,2147776.000000,10,2.1,0.0,0.0,0.0,0.0,0.0,0.0,0.0,1.0
486795,0,1,3400,-57,57,297,12,12,0.70,2123840.000000,6,2.1,6.4,0.0,29920.000000,62,0.0,0.0,0.0,1.0
487044,0,1,3400,-57,57,299,14,13,1.1,2702272.000000,10,2.1,12,0.0,214112.000000,66,0.0,0.0,0.0,1.0
487293,0,1,3400,-57,57,304,20,12,1.4,3791712.000000,18,2.1,8.0,0.0,0.0,0.0,0.0,0.0,0.0,1.0
487542,0,1,3400,-57,57,301,18,12,1.6,2950944.000000,26,2.1,8.0,0.0,5536.000000,60,0.0,0.0,0.0,1.0
487791,0,1,3400,-57,57,302,12,13,0.88,2140576.000000,10,2.1,5.0,0.0,11072.000000,43,0.0,0.0,0.0,1.0
488040,0,1,3400,-57,57,297,12,13,0.72,1978080.000000,6,2.1,4.9,0.0,19520.000000,50,0.0,0.0,0.0,1.0
488289,0,1,3400,-57,57,299,16,12,1.3,3052928.000000,16,2.1,13,0.0,0.0,0.0,0.0,0.0,0.0,1.0
488538,0,1,3400,-57,57,301,9.6,13,0.84,1856704.000000,9,2.1,13,0.0,0.0,0.0,0.0,0.0,0.0,1.0
488787,0,1,3400,-57,57,301,12,13,0.76,1916672.000000,7,2.1,7.0,0.0,5536.000000,33,0.0,0.0,0.0,1.0
489036,0,1,3400,-57,57,300,9.3,13,0.68,1771936.000000,4,2.1,4.5,415,0.0,80,0.0,0.0,0.0,1.0
489285,0,1,3400,-57,57,300,7.5,13,0.69,1418432.000000,5,2.1,0.0,415,0.0,0.0,0.0,0.0,0.0,1.0
489534,0,1,3400,-57,57,299,12,12,0.89,2034944.000000,8,2.1,0.0,249,0.0,80,0.0,0.0,0.0,1.0
489783,0,1,3400,-57,57,292,15,12,1.0,2608352.000000,9,2.1,0.0,0.0,12512.000000,38,0.0,0.0,0.0,1.0
490032,0,1,3400,-57,57,298,21,13,1.4,4079872.000000,16,2.1,3.5,0.0,105568.000000,71,0.0,0.0,0.0,1.0
490281,0,1,3400,-57,57,302,6.7,13,0.64,1229440.000000,3,2.1,16,0.0,0.0,0.0,0.0,0.0,0.0,1.0
490530,0,1,3400,-57,57,300,12,12,1.1,1852416.000000,16,2.1,9.5,0.0,5536.000000,0,0.0,0.0,0.0,1.0
490779,0,1,3400,-57,57,296,11,13,0.76,1932640.000000,6,2.1,6.9,0.0,0.0,80,0.0,0.0,0.0,1.0
491028,0,1,3400,-57,57,293,12,12,0.97,2100000.000000,9,2.1,5.0,415,5536.000000,50,0.0,0.0,0.0,1.0
491277,0,1,3400,-57,57,300,14,12,0.92,2352608.000000,11,2.1,14,0.0,14400.000000,55,0.0,0.0,0.0,1.0
491526,0,1,3400,-57,57,300,14,11,1.2,2395872.000000,15,2.1,15,0.0,0.0,0.0,0.0,0.0,0.0,1.0
491775,0,1,3400,-57,57,302,9.1,12,0.71,1622752.000000,6,2.1,9.6,0.0,5536.000000,25,0.0,0.0,0.0,1.0
492024,0,1,3400,-57,57,303,15,12,1.0,2842208.000000,11,2.1,4.4,0.0,5536.000000,44,0.0,0.0,0.0,1.0
492273,0,1,3400,-57,57,297,12,12,1.1,1896576.000000,16,2.1,0.0,0.0,8512.000000,89,0.0,0.0,0.0,1.0
492522,0,1,3400,-57,57,295,14,12,1.4,2070656.000000,19,2.1,0.32,0.0,0.0,80,0.0,0.0,0.0,1.0
492771,0,1,3400,-57,57,298,15,13,1.1,2735616.000000,11,2.1,0.32,0.0,0.0,0.0,0.0,0.0,0.0,1.0
493020,0,1,3400,-57,57,296,21,12,1.4,4183232.000000,16,2.1,0.13,0.0,26016.000000,41,0.0,0.0,0.0,1.0
493269,0,1,3400,-57,57,298,11,11,0.85,1954112.000000,6,2.1,0.0,0.0,0.0,0.0,0.0,0.0,0.0,1.0
493518,0,1,3400,-57,57,301,16,12,1.4,3131968.000000,14,2.1,0.32,0.0,5536.000000,33,0.0,0.0,0.0,1.0
493767,0,1,3400,-57,57,302,12,13,0.70,2280064.000000,4,2.1,0.0,0.0,5536.000000,0,0.0,0.0,0.0,1.0
494016,0,1,3400,-57,57,299,14,12,1.1,2614560.000000,12,2.1,1.1,0.0,5536.000000,56,0.0,0.0,0.0,1.0
494265,0,1,3400,-57,57,295,11,14,0.75,2159680.000000,5,2.1,5.1,0.0,4704.000000,60,0.0,0.0,0.0,1.0
494514,0,1,3400,-57,57,297,15,12,1.2,2302048.000000,19,2.1,7.6,0.0,5536.000000,60,0.0,0.0,0.0,1.0
494763,0,1,3400,-57,57,301,16,13,0.86,3367360.000000,6,2.1,7.5,0.0,0.0,0.0,0.0,0.0,0.0,1.0
495012,0,1,3400,-57,57,301,14,13,1.1,2884704.000000,11,2.1,5.6,0.0,5536.000000,42,0.0,0.0,0.0,1.0
495261,0,1,3400,-57,57,297,8.6,14,0.64,1581088.000000,3,2.1,0.0,0.0,27680.000000,65,0.0,0.0,0.0,1.0
495510,0,1,3400,-57,57,300,12,13,0.92,2041600.000000,11,2.1,0.064,0.0,0.0,80,0.0,0.0,0.0,1.0
495759,0,1,3400,-57,57,298,14,11,1.3,2232928.000000,21,2.1,0.064,0.0,0.0,0.0,0.0,0.0,0.0,1.0
496008,0,1,3400,-57,57,302,13,12,0.86,2282144.000000,9,2.1,2.4,0.0,53184.000000,52,0.0,0.0,0.0,1.0
496257,0,1,3400,-57,57,300,13,12,1.1,2150144.000000,14,2.1,4.0,0.0,608,33,0.0,0.0,0.0,1.0
496506,0,1,3400,-57,57,303,9.1,12,0.70,1613024.000000,5,2.1,0.0,0.0,0.0,0.0,0.0,0.0,0.0,1.0
496755,0,1,3400,-57,57,306,20,13,1.5,4367424.000000,12,2.1,0.064,0.0,11072.000000,0,0.0,0.0,0.0,1.0
497004,0,1,3400,-57,57,299,16,12,1.2,3048448.000000,11,2.1,3.5,0.0,31040.000000,29,0.0,0.0,0.0,1.0
497253,0,1,3400,-57,57,300,15,11,1.2,2581120.000000,17,2.1,16,0.0,109920.000000,93,0.0,0.0,0.0,1.0
497502,0,1,3400,-57,57,304,16,13,1.2,2827328.000000,15,2.1,16,0.0,0.0,0.0,0.0,0.0,0.0,1.0
497751,0,1,3400,-57,57,299,9.1,13,0.64,1655552.000000,4,2.1,12,0.0,0.0,80,0.0,0.0,0.0,1.0
498000,0,1,3400,-57,57,301,14,12,0.73,2435616.000000,6,2.1,9.9,0.0,45152.000000,44,0.0,0.0,0.0,1.0
498249,0,1,3400,-57,57,304,12,12,0.96,2158912.000000,10,2.1,14,0.0,0.0,0.0,0.0,0.0,0.0,1.0
498498,0,1,3400,-57,57,303,14,12,1.2,2346528.000000,16,2.1,14,0.0,0.0,0,0.0,0.0,0.0,1.0
498747,0,1,3400,-57,57,297,15,12,1.2,2659744.000000,15,2.1,7.5,0.0,0.0,100.000000,0.0,0.0,0.0,1.0
498996,0,1,3400,-57,57,295,9.7,12,0.94,1620384.000000,10,2.1,5.6,247,0.0,75,0.0,0.0,0.0,1.0
499245,0,1,3400,-57,57,294,18,13,1.3,3455712.000000,17,2.1,0.13,0.0,32480.000000,21,0.0,0.0,0.0,1.0
499494,0,1,3400,-57,57,295,11,11,1.0,1850240.000000,11,2.1,0.0,0.0,0.0,80,0.0,0.0,0.0,1.0
499743,0,1,3400,-57,57,298,12,11,1.2,2000608.000000,14,2.1,0.064,0.0,0.0,0.0,0.0,0.0,0.0,1.0
499992,0,1,3400,-57,57,301,11,11,0.82,1768320.000000,7,2.1,0.0,0.0,8512.000000,30,0.0,0.0,0.0,1.0
500241,0,1,3400,-57,57,298,15,13,0.86,2933088.000000,8,2.1,3.9,0.0,79488.000000,47,0.0,0.0,0.0,1.0
500490,0,1,3400,-57,57,299,11,13,0.66,2025440.000000,5,2.1,2.3,0.0,5536.000000,60,0.0,0.0,0.0,1.0
500739,0,1,3400,-57,57,301,14,12,1.2,2333792.000000,15,2.1,0.0,0.0,0.0,0.0,0.0,0.0,0.0,1.0
500988,0,1,3400,-57,57,304,17,13,1.4,2943936.000000,18,2.1,0.0,581,0.0,0.0,0.0,0.0,0.0,1.0
501237,0,1,3400,-57,57,306,8.2,13,0.71,1546784.000000,5,2.1,0.61,0.0,25120.000000,50,0.0,0.0,0.0,1.0
501486,0,1,3400,-57,57,303,15,12,1.2,3172736.000000,12,2.1,0.0,0.0,5536.000000,57,0.0,0.0,0.0,1.0
501735,0,1,3400,-57,57,299,17,12,1.0,3691744.000000,7,2.1,0.0,0.0,0.0,0.0,0.0,0.0,0.0,1.0
501984,0,1,3400,-57,57,300,12,12,0.98,2066016.000000,9,2.1,4.0,0.0,29824.000000,56,0.0,0.0,0.0,1.0
502233,0,1,3400,-57,57,302,12,12,0.94,1999392.000000,9,2.1,6.0,0.0,0.0,100.000000,0.0,0.0,0.0,1.0
502482,0,1,3400,-57,57,304,11,13,0.86,2010496.000000,8,2.1,6.0,0.0,0.0,0.0,0.0,0.0,0.0,1.0
502731,0,1,3400,-57,57,306,11,13,0.71,2015392.000000,6,2.1,6.0,0.0,0.0,0.0,0.0,0.0,0.0,1.0
502980,0,1,3400,-57,57,301,13,13,0.57,2299744.000000,2,2.1,5.4,0.0,5536.000000,29,0.0,0.0,0.0,1.0
503229,0,1,3400,-57,57,299,11,12,0.73,1726176.000000,6,2.1,0.056,0.0,30752.000000,63,0.0,0.0,0.0,1.0
503478,0,1,3400,-57,57,301,14,12,0.84,2829344.000000,5,2.1,0.0,0.0,0.0,0.0,0.0,0.0,0.0,1.0
503727,0,1,3400,-57,57,301,8.7,13,0.86,1675072.000000,8,2.1,0.0,0.0,0.0,80,0.0,0.0,0.0,1.0
503976,0,1,3400,-57,57,299,13,12,0.90,2483264.000000,7,2.1,0.48,0.0,67232.000000,18,0.0,0.0,0.0,1.0
504225,0,1,3400,-57,57,300,13,13,1.0,2352864.000000,11,2.1,0.0,0.0,0.0,0.0,0.0,0.0,0.0,1.0
504474,0,1,3400,-57,57,301,12,11,0.87,2021386.500000,8,2.1,0.0,0.0,5513.944336,50,0.0,0.0,0.0,1.0
504723,0,1,3400,-57,57,298,12,13,0.69,2064384.000000,5,2.1,0.0,0.0,0.0,0.0,0.0,0.0,0.0,1.0
504972,0,1,3400,-57,57,299,13,13,0.78,2411104.000000,6,2.1,0.0,0.0,28096.000000,29,0.0,0.0,0.0,1.0
505221,0,1,3400,-57,57,300,13,13,0.97,2279104.000000,11,2.1,0.0,0.0,5536.000000,50,0.0,0.0,0.0,1.0
505470,0,1,3400,-57,57,297,15,12,1.1,2956416.000000,13,2.1,0.0,0.0,0.0,0.0,0.0,0.0,0.0,1.0
505719,0,1,3400,-57,57,296,17,12,1.0,3131520.000000,11,2.1,0.0,0.0,0.0,0.0,0.0,0.0,0.0,1.0
505968,0,1,3400,-57,57,300,4.8,13,0.61,985696.000000,3,2.1,1.9,0.0,65472.000000,27,0.0,0.0,0.0,1.0
506217,0,1,3400,-57,57,301,12,13,0.93,2486688.000000,8,2.1,0.0,0.0,0.0,0.0,0.0,0.0,0.0,1.0
506466,0,1,3400,-57,57,301,14,11,1.1,2344928.000000,14,2.1,4.9,0.0,0.0,80,0.0,0.0,0.0,1.0
506715,0,1,3400,-57,57,300,11,13,0.75,2109024.000000,6,2.1,7.5,0.0,0.0,0.0,0.0,0.0,0.0,1.0
506964,0,1,3400,-57,57,304,12,13,0.72,2034464.000000,6,2.1,7.3,0.0,31104.000000,56,0.0,0.0,0.0,1.0
507213,0,1,3400,-57,57,305,14,12,0.96,2861696.000000,9,2.1,0.0,0.0,5536.000000,50,0.0,0.0,0.0,1.0
507462,0,1,3400,-57,57,301,13,13,0.88,2482912.000000,9,2.1,0.0,0.0,0.0,0.0,0.0,0.0,0.0,1.0
507711,0,1,3400,-57,57,297,11,12,1.2,1859840.000000,16,2.1,0.0,0.0,0.0,0.0,0.0,0.0,0.0,1.0
507960,0,1,3400,-57,57,299,11,12,1.1,1750080.000000,14,2.1,0.0,0.0,36192.000000,29,0.0,0.0,0.0,1.0
508209,0,1,3400,-57,57,296,8.5,13,0.69,1617632.000000,5,2.1,0.0,0.0,0.0,100.000000,0.0,0.0,0.0,1.0
508458,0,1,3400,-57,57,299,9.4,12,0.74,1590048.000000,7,2.1,0.0,0.0,0.0,0.0,0.0,0.0,0.0,1.0
508707,0,1,3400,-57,57,300,12,13,0.89,2067552.000000,10,2.1,0.0,0.0,0.0,0.0,0.0,0.0,0.0,1.0
508956,0,1,3400,-57,57,302,13,12,1.1,2155328.000000,12,2.1,0.0,581,0.0,0.0,0.0,0.0,0.0,1.0
509205,0,1,3400,-57,57,305,14,12,1.1,2479744.000000,13,2.1,0.0,0.0,25120.000000,57,0.0,0.0,0.0,1.0
509454,0,1,3400,-57,57,301,14,13,0.79,2888320.000000,5,2.1,0.0,0.0,5536.000000,33,0.0,0.0,0.0,1.0
509703,0,1,3400,-57,57,295,9.1,12,0.95,1485312.000000,12,2.1,0.0,0.0,0.0,0.0,0.0,0.0,0.0,1.0
509952,0,1,3400,-57,57,298,13,12,1.4,1685344.000000,24,2.1,3.5,0.0,122624.000000,62,0.0,0.0,0.0,1.0
510201,0,1,3400,-57,57,302,19,13,1.5,3311680.000000,23,2.1,16,0.0,0.0,0.0,0.0,0.0,0.0,1.0
510450,0,1,3400,-57,57,301,13,12,1.0,2017664.000000,14,2.1,16,0.0,0.0,0.0,0.0,0.0,0.0,1.0
510699,0,1,3400,-57,57,301,12,11,1.1,2073408.000000,13,2.1,16,0.0,0.0,0.0,0.0,0.0,0.0,1.0
510948,0,1,3400,-57,57,302,12,12,0.62,2090464.000000,3,2.1,14,0.0,82400.000000,62,0.0,0.0,0.0,1.0
511197,0,1,3400,-57,57,300,9.8,14,0.61,1925472.000000,2,2.1,14,0.0,0.0,0.0,0.0,0.0,0.0,1.0
511446,0,1,3400,-57,57,298,15,11,1.2,2358688.000000,18,2.1,14,0.0,0.0,0.0,0.0,0.0,0.0,1.0
511695,0,1,3400,-57,57,302,15,12,0.84,2781824.000000,8,2.1,14,0.0,0.0,0.0,0.0,0.0,0.0,1.0
511944,0,1,3400,-57,57,300,12,13,0.99,1988960.000000,12,2.1,13,415,5536.000000,50,0.0,0.0,0.0,1.0
512193,0,1,3400,-57,57,299,14,12,1.1,2338112.000000,12,2.1,0.0,0.0,11072.000000,75,0.0,0.0,0.0,1.0
512442,0,1,3400,-57,57,299,14,13,0.95,2369952.000000,11,2.1,0.0,0.0,0.0,0.0,0.0,0.0,0.0,1.0
512691,0,1,3400,-57,57,293,14,13,1.1,2473536.000000,14,2.1,0.0,0.0,5536.000000,33,0.0,0.0,0.0,1.0
512940,0,1,3400,-57,57,297,9.8,13,0.78,1825248.000000,6,2.1,0.0,249,0.0,75,0.0,0.0,0.0,1.0
513189,0,1,3400,-57,57,307,10,12,0.87,1688544.000000,8,2.1,0.0,0.0,35552.000000,57,0.0,0.0,0.0,1.0
513438,0,1,3400,-57,57,300,12,12,0.85,1888736.000000,10,2.1,0.0,0.0,5536.000000,60,0.0,0.0,0.0,1.0
513687,0,1,3400,-57,57,295,14,13,0.80,2558240.000000,6,2.1,0.0,0.0,0.0,50,0.0,0.0,0.0,1.0
513936,0,1,3400,-57,57,296,12,13,0.87,2267392.000000,9,2.1,1.5,0.0,118400.000000,52,0.0,0.0,0.0,1.0
514185,0,1,3400,-57,57,302,12,13,0.77,2177664.000000,8,2.1,9.0,0.0,0.0,100.000000,0.0,0.0,0.0,1.0
514434,0,1,3400,-57,57,302,11,12,0.96,1803328.000000,13,2.1,4.6,0.0,5536.000000,33,0.0,0.0,0.0,1.0
514683,0,1,3400,-57,57,305,17,12,1.3,2870304.000000,18,2.1,4.4,0.0,0.0,0.0,0.0,0.0,0.0,1.0
514932,0,1,3400,-57,57,302,16,13,1.1,2991424.000000,9,2.1,2.9,0.0,19840.000000,54,0.0,0.0,0.0,1.0
515181,0,1,3400,-57,57,298,15,13,1.1,2651616.000000,12,2.1,0.0,0.0,0.0,0.0,0.0,0.0,0.0,1.0
515430,0,1,3400,-57,57,296,11,13,0.82,1951936.000000,8,2.1,0.0,0.0,5536.000000,60,0.0,0.0,0.0,1.0
515679,0,1,3400,-57,57,303,17,14,1.1,3614272.000000,8,2.1,0.0,0.0,0.0,80,0.0,0.0,0.0,1.0
515928,0,1,3400,-57,57,305,16,13,0.88,3259264.000000,6,2.1,0.0,581,0.0,0.0,0.0,0.0,0.0,1.0
516177,0,1,3400,-57,57,300,17,13,1.1,3610848.000000,10,2.1,0.0,0.0,33216.000000,61,0.0,0.0,0.0,1.0
516426,0,1,3400,-57,57,298,15,12,1.1,2971840.000000,13,2.1,0.0,0.0,0.0,0.0,0.0,0.0,0.0,1.0
516675,0,1,3400,-57,57,298,14,13,0.83,3020672.000000,4,2.1,0.0,0.0,0.0,0.0,0.0,0.0,0.0,1.0
516924,0,1,3400,-57,57,293,10,13,0.56,502848.000000,1,2.1,5.1,0.0,482080.000000,0,0.0,0.0,0.0,1.0
517173,0,1,3400,-57,57,296,9.5,14,0.50,0.0,0.0,2.1,14,0.0,0.0,0.0,0.0,0.0,0.0,1.0
517422,0,1,3400,-57,57,296,9.5,14,0.50,0.0,0.0,2.1,14,0.0,0.0,0.0,0.0,0.0,0.0,1.0
517671,0,1,3400,-57,57,297,9.5,14,0.50,0.0,0.0,2.1,14,0.0,0.0,0.0,0.0,0.0,0.0,1.0
517920,0,1,3400,-57,57,297,9.5,15,0.50,0.0,0.0,2.1,14,0.0,0.0,0.0,0.0,0.0,0.0,1.0
518169,0,1,3400,-57,57,298,9.5,14,0.50,0.0,0.0,2.1,14,0.0,0.0,0.0,0.0,0.0,0.0,1.0
518418,0,1,3400,-57,57,296,9.5,13,0.50,0.0,0.0,2.1,14,0.0,0.0,0.0,0.0,0.0,0.0,1.0
518667,0,1,3400,-57,57,296,9.5,13,0.50,0.0,0.0,2.1,14,0.0,0.0,0.0,0.0,0.0,0.0,1.0
518916,0,1,3400,-57,57,302,9.5,14,0.50,0.0,0.0,2.1,14,0.0,0.0,0.0,0.0,0.0,0.0,1.0
519165,0,1,3400,-57,57,302,9.5,13,0.50,0.0,0.0,2.1,14,0.0,0.0,0.0,0.0,0.0,0.0,1.0
519414,0,1,3400,-57,57,299,9.5,14,0.50,0.0,0.0,2.1,14,0.0,0.0,0.0,0.0,0.0,0.0,1.0
519663,0,1,3400,-57,57,297,9.5,13,0.50,0.0,0.0,2.1,14,0.0,0.0,0.0,0.0,0.0,0.0,1.0
519912,0,1,3400,-57,57,302,9.5,13,0.50,0.0,0.0,2.1,14,0.0,0.0,0.0,0.0,0.0,0.0,1.0
520161,0,1,3400,-57,57,301,9.5,13,0.50,0.0,0.0,2.1,14,0.0,0.0,0.0,0.0,0.0,0.0,1.0
520410,0,1,3400,-57,57,298,9.5,14,0.50,0.0,0.0,2.1,14,0.0,0.0,0.0,0.0,0.0,0.0,1.0
520659,0,1,3400,-57,57,296,9.5,13,0.50,0.0,0.0,2.1,14,0.0,0.0,0.0,0.0,0.0,0.0,1.0
520908,0,1,3400,-57,57,296,9.5,14,0.50,0.0,0.0,2.1,14,0.0,0.0,0.0,0.0,0.0,0.0,1.0
521157,0,1,3400,-57,57,296,9.5,14,0.50,0.0,0.0,2.1,14,0.0,0.0,0.0,0.0,0.0,0.0,1.0
521406,0,1,3400,-57,57,301,9.5,14,0.50,0.0,0.0,2.1,14,0.0,0.0,0.0,0.0,0.0,0.0,1.0
521655,0,1,3400,-57,57,306,9.5,14,0.50,0.0,0.0,2.1,14,0.0,0.0,0.0,0.0,0.0,0.0,1.0
521904,0,1,3400,-57,57,305,9.5,14,0.50,0.0,0.0,2.1,14,0.0,0.0,0.0,0.0,0.0,0.0,1.0
522153,0,1,3400,-74,74,239,9.5,-1.2,0.50,0.0,0.0,2.1,14,0.0,0.0,0.0,0.0,0.0,0.0,1.0
522402,0,1,3400,-79,79,-323,9.5,-5.9,0.50,0.0,0.0,2.1,14,0.0,0.0,0.0,0.0,0.0,0.0,1.0
522651,0,1,3400,-79,79,-937,9.5,-6.0,0.50,0.0,0.0,2.1,14,0.0,0.0,0.0,0.0,0.0,0.0,1.0
522900,0,1,3400,-79,79,-444,9.5,-5.9,0.50,0.0,0.0,2.1,14,0.0,0.0,0.0,0.0,0.0,0.0,1.0
523149,0,1,3400,-79,79,291,9.5,-5.6,0.50,0.0,0.0,2.1,14,0.0,0.0,0.0,0.0,0.0,0.0,1.0
523398,0,1,3400,-79,79,291,9.5,-5.6,0.50,0.0,0.0,2.1,14,0.0,0.0,0.0,0.0,0.0,0.0,1.0
523647,0,1,3400,-79,79,291,9.5,-5.6,0.50,0.0,0.0,2.1,14,0.0,0.0,0.0,0.0,0.0,0.0,1.0
523896,0,1,3400,-79,79,291,9.5,-5.6,0.50,0.0,0.0,2.1,14,0.0,0.0,0.0,0.0,0.0,0.0,1.0
524145,0,1,3400,-79,79,291,9.5,-5.6,0.50,0.0,0.0,2.1,14,0.0,0.0,0.0,0.0,0.0,0.0,0.0
524394,0,1,3400,-79,79,291,9.5,-5.6,0.50,0.0,0.0,2.1,14,0.0,0.0,0.0,0.0,0.0,0.0,0.0
524643,0,1,3400,-79,79,291,9.5,-5.6,0.50,0.0,0.0,2.1,14,0.0,0.0,0.0,0.0,0.0,0.0,0.0
524892,0,1,3400,-79,79,291,9.5,-5.6,0.50,0.0,0.0,2.1,14,0.0,0.0,0.0,0.0,0.0,0.0,0.0
525141,0,1,3400,-79,79,291,9.5,-5.6,0.50,0.0,0.0,2.1,14,0.0,0.0,0.0,0.0,0.0,0.0,0.0
525390,0,1,3400,-79,79,291,9.5,-5.6,0.50,0.0,0.0,2.1,14,0.0,0.0,0.0,0.0,0.0,0.0,0.0
525639,0,1,3400,-79,79,291,9.5,-5.6,0.50,0.0,0.0,2.1,14,0.0,0.0,0.0,0.0,0.0,0.0,0.0
525888,0,1,3400,-79,79,291,9.5,-5.6,0.50,0.0,0.0,2.1,14,0.0,0.0,0.0,0.0,0.0,0.0,0.0
526137,0,1,3400,-79,79,291,9.5,-5.6,0.50,0.0,0.0,2.1,14,0.0,0.0,0.0,0.0,0.0,0.0,0.0
526386,0,1,3400,-79,79,291,9.5,-5.6,0.50,0.0,0.0,2.1,14,0.0,0.0,0.0,0.0,0.0,0.0,0.0
526635,0,1,3400,-79,79,291,9.5,-5.6,0.50,0.0,0.0,2.1,14,0.0,0.0,0.0,0.0,0.0,0.0,