time,cc,pci,earfcn,rsrp,pl,cfo,dl_mcs,dl_snr,dl_turbo,dl_brate,dl_bler,ul_ta,ul_mcs,ul_buff,ul_brate,ul_bler,rf_o,rf_u,rf_l,is_attached
0,0,0,4294967295,0.0,0.0,0.0,0.0,0.0,0.0,0.0,0.0,0.0,0.0,0.0,0.0,0.0,0.0,0.0,0.0,0.0
249,0,0,3400,0.0,0.0,0.0,0.0,0.0,0.0,0.0,0.0,0.0,0.0,0.0,0.0,0.0,0.0,0.0,0.0,0.0
498,0,0,3400,0.0,0.0,0.0,0.0,0.0,0.0,0.0,0.0,0.0,0.0,0.0,0.0,0.0,0.0,0.0,0.0,0.0
747,0,1,3400,-56,56,-943,0.96,15,0.13,1918.699219,0,0.0,0.0,6.0,0.0,0.0,0.0,0.0,0.0,0.0
996,0,1,3400,-56,56,-946,2.7,16,0.41,1015.872986,0,0.0,0.0,33,222,0,0.0,0.0,0.0,1.0
1245,0,1,3400,-56,56,-951,3.4,16,0.50,3067.193604,0,1.0,3.5,21,37944.664062,0,0.0,0.0,0.0,1.0
1494,0,1,3400,-56,56,-955,3.0,16,0.50,6482.213379,0,2.1,12,0.0,93628.460938,0,0.0,0.0,0.0,1.0
1743,0,1,3400,-56,56,-945,3.5,16,0.50,1809.523804,0,2.1,12,0.0,17936.507812,20,0.0,0.0,0.0,1.0
1992,0,1,3400,-56,56,-949,5.5,16,0.50,0.0,0.0,2.1,12,0.0,0.0,0.0,0.0,0.0,0.0,1.0
2241,0,1,3400,-56,56,-947,5.5,16,0.50,0.0,0.0,2.1,12,0.0,0.0,0.0,0.0,0.0,0.0,1.0
2490,0,1,3400,-56,56,-952,5.5,16,0.50,0.0,0.0,2.1,12,0.0,0.0,0.0,0.0,0.0,0.0,1.0
2739,0,1,3400,-56,56,-953,5.5,16,0.50,0.0,0.0,2.1,12,0.0,0.0,0.0,0.0,0.0,0.0,1.0
2988,0,1,3400,-56,56,-952,5.5,16,0.50,0.0,0.0,2.1,12,0.0,0.0,0.0,0.0,0.0,0.0,1.0
3237,0,1,3400,-56,56,-951,5.5,16,0.50,0.0,0.0,2.1,12,0.0,0.0,0.0,0.0,0.0,0.0,1.0
3486,0,1,3400,-56,56,-947,5.5,16,0.50,0.0,0.0,2.1,12,0.0,0.0,0.0,0.0,0.0,0.0,1.0
3735,0,1,3400,-56,56,-948,5.5,16,0.50,0.0,0.0,2.1,12,0.0,0.0,0.0,0.0,0.0,0.0,1.0
3984,0,1,3400,-56,56,-949,5.5,16,0.50,0.0,0.0,2.1,12,0.0,0.0,0.0,0.0,0.0,0.0,1.0
4233,0,1,3400,-56,56,-947,5.5,15,0.50,0.0,0.0,2.1,12,0.0,16853.755859,0,0.0,0.0,0.0,1.0
4482,0,1,3400,-56,56,-950,5.5,14,0.50,0.0,0.0,2.1,12,0.0,0.0,0.0,0.0,0.0,0.0,1.0
4731,0,1,3400,-56,56,-950,5.5,15,0.50,0.0,0.0,2.1,12,0.0,0.0,0.0,0.0,0.0,0.0,1.0
4980,0,1,3400,-56,56,-944,5.5,15,0.50,0.0,0.0,2.1,12,0.0,0.0,0.0,0.0,0.0,0.0,1.0
5229,0,1,3400,-56,56,-950,5.5,15,0.50,0.0,0.0,2.1,12,0.0,0.0,0.0,0.0,0.0,0.0,1.0
5478,0,1,3400,-56,56,-950,5.5,15,0.50,0.0,0.0,2.1,12,0.0,0.0,0.0,0.0,0.0,0.0,1.0
5727,0,1,3400,-56,56,-949,5.5,15,0.50,0.0,0.0,2.1,12,0.0,0.0,0.0,0.0,0.0,0.0,1.0
5976,0,1,3400,-56,56,-952,5.5,14,0.50,0.0,0.0,2.1,12,0.0,0.0,0.0,0.0,0.0,0.0,1.0
6225,0,1,3400,-56,56,-948,5.5,14,0.50,0.0,0.0,2.1,12,0.0,0.0,0.0,0.0,0.0,0.0,1.0
6474,0,1,3400,-56,56,-952,5.5,14,0.50,0.0,0.0,2.1,12,0.0,0.0,0.0,0.0,0.0,0.0,1.0
6723,0,1,3400,-56,56,-952,5.5,14,0.50,0.0,0.0,2.1,12,0.0,0.0,0.0,0.0,0.0,0.0,1.0
6972,0,1,3400,-56,56,-947,5.5,14,0.50,0.0,0.0,2.1,12,0.0,0.0,0.0,0.0,0.0,0.0,1.0
7221,0,1,3400,-56,56,-944,5.5,14,0.50,0.0,0.0,2.1,12,0.0,0.0,0.0,0.0,0.0,0.0,1.0
7470,0,1,3400,-56,56,-946,5.5,15,0.50,0.0,0.0,2.1,12,0.0,0.0,0.0,0.0,0.0,0.0,1.0
7719,0,1,3400,-56,56,-954,5.5,14,0.50,0.0,0.0,2.1,12,0.0,0.0,0.0,0.0,0.0,0.0,1.0
7968,0,1,3400,-56,56,-947,5.5,14,0.50,0.0,0.0,2.1,12,0.0,0.0,0.0,0.0,0.0,0.0,1.0
8217,0,1,3400,-56,56,-948,5.5,14,0.50,0.0,0.0,2.1,12,0.0,0.0,0.0,0.0,0.0,0.0,1.0
8466,0,1,3400,-56,56,-949,5.5,14,0.50,0.0,0.0,2.1,12,0.0,0.0,0.0,0.0,0.0,0.0,1.0
8715,0,1,3400,-56,56,-951,5.5,14,0.50,0.0,0.0,2.1,12,0.0,0.0,0.0,0.0,0.0,0.0,1.0
8964,0,1,3400,-56,56,-951,5.5,14,0.50,0.0,0.0,2.1,12,0.0,0.0,0.0,0.0,0.0,0.0,1.0
9213,0,1,3400,-56,56,-948,5.5,14,0.50,0.0,0.0,2.1,12,0.0,0.0,0.0,0.0,0.0,0.0,1.0
9462,0,1,3400,-56,56,-951,5.5,14,0.50,0.0,0.0,2.1,12,0.0,0.0,0.0,0.0,0.0,0.0,1.0
9711,0,1,3400,-56,56,-945,5.5,14,0.50,0.0,0.0,2.1,12,0.0,0.0,0.0,0.0,0.0,0.0,1.0
9960,0,1,3400,-56,56,-945,5.5,15,0.50,0.0,0.0,2.1,11,0.0,0.0,0.0,0.0,0.0,0.0,1.0
10209,0,1,3400,-56,56,-953,5.5,14,0.50,0.0,0.0,2.1,12,0.0,0.0,0.0,0.0,0.0,0.0,1.0
10458,0,1,3400,-56,56,-952,5.5,15,0.50,0.0,0.0,2.1,12,0.0,0.0,0.0,0.0,0.0,0.0,1.0
10707,0,1,3400,-56,56,-943,5.5,14,0.50,0.0,0.0,2.1,12,0.0,0.0,0.0,0.0,0.0,0.0,1.0
10956,0,1,3400,-56,56,-948,5.5,14,0.50,0.0,0.0,2.1,12,0.0,0.0,0.0,0.0,0.0,0.0,1.0
11205,0,1,3400,-56,56,-951,5.5,15,0.50,0.0,0.0,2.1,12,0.0,0.0,0.0,0.0,0.0,0.0,1.0
11454,0,1,3400,-56,56,-947,5.5,14,0.50,0.0,0.0,2.1,12,0.0,0.0,0.0,0.0,0.0,0.0,1.0
11703,0,1,3400,-56,56,-949,5.5,14,0.50,0.0,0.0,2.1,12,0.0,0.0,0.0,0.0,0.0,0.0,1.0
11952,0,1,3400,-56,56,-955,5.5,14,0.50,0.0,0.0,2.1,12,0.0,0.0,0.0,0.0,0.0,0.0,1.0
12201,0,1,3400,-56,56,-956,5.5,15,0.50,0.0,0.0,2.1,12,0.0,0.0,0.0,0.0,0.0,0.0,1.0
12450,0,1,3400,-56,56,-952,5.5,15,0.50,0.0,0.0,2.1,12,0.0,0.0,0.0,0.0,0.0,0.0,1.0
12699,0,1,3400,-56,56,-952,5.5,14,0.50,0.0,0.0,2.1,12,0.0,0.0,0.0,0.0,0.0,0.0,1.0
12948,0,1,3400,-56,56,-949,5.5,14,0.50,0.0,0.0,2.1,12,0.0,0.0,0.0,0.0,0.0,0.0,1.0
13197,0,1,3400,-56,56,-945,5.5,14,0.50,0.0,0.0,2.1,11,0.0,0.0,0.0,0.0,0.0,0.0,1.0
13446,0,1,3400,-56,56,-944,5.5,14,0.50,0.0,0.0,2.1,12,0.0,0.0,0.0,0.0,0.0,0.0,1.0
13695,0,1,3400,-56,56,-950,5.5,14,0.50,0.0,0.0,2.1,12,0.0,0.0,0.0,0.0,0.0,0.0,1.0
13944,0,1,3400,-56,56,-950,5.5,14,0.50,0.0,0.0,2.1,12,0.0,0.0,0.0,0.0,0.0,0.0,1.0
14193,0,1,3400,-56,56,-944,5.5,14,0.50,0.0,0.0,2.1,12,0.0,0.0,0.0,0.0,0.0,0.0,1.0
14442,0,1,3400,-56,56,-948,5.5,15,0.50,0.0,0.0,2.1,12,0.0,0.0,0.0,0.0,0.0,0.0,1.0
14691,0,1,3400,-56,56,-950,5.5,14,0.50,0.0,0.0,2.1,12,0.0,0.0,0.0,0.0,0.0,0.0,1.0
14940,0,1,3400,-56,56,-955,5.5,14,0.50,0.0,0.0,2.1,12,0.0,0.0,0.0,0.0,0.0,0.0,1.0
15189,0,1,3400,-56,56,-947,5.5,14,0.50,0.0,0.0,2.1,12,0.0,0.0,0.0,0.0,0.0,0.0,1.0
15438,0,1,3400,-56,56,-948,5.5,14,0.50,0.0,0.0,2.1,12,0.0,0.0,0.0,0.0,0.0,0.0,1.0
15687,0,1,3400,-56,56,-949,5.5,14,0.50,0.0,0.0,2.1,12,0.0,0.0,0.0,0.0,0.0,0.0,1.0
15936,0,1,3400,-56,56,-951,5.5,14,0.50,0.0,0.0,2.1,12,0.0,0.0,0.0,0.0,0.0,0.0,1.0
16185,0,1,3400,-56,56,-944,5.5,14,0.50,0.0,0.0,2.1,12,0.0,0.0,0.0,0.0,0.0,0.0,1.0
16434,0,1,3400,-56,56,-942,5.5,14,0.50,0.0,0.0,2.1,11,0.0,0.0,0.0,0.0,0.0,0.0,1.0
16683,0,1,3400,-56,56,-944,5.5,14,0.50,0.0,0.0,2.1,12,0.0,0.0,0.0,0.0,0.0,0.0,1.0
16932,0,1,3400,-56,56,-941,5.5,15,0.50,0.0,0.0,2.1,12,0.0,0.0,0.0,0.0,0.0,0.0,1.0
17181,0,1,3400,-56,56,-948,5.5,14,0.50,0.0,0.0,2.1,12,0.0,0.0,0.0,0.0,0.0,0.0,1.0
17430,0,1,3400,-56,56,-953,5.5,14,0.50,0.0,0.0,2.1,12,0.0,0.0,0.0,0.0,0.0,0.0,1.0
17679,0,1,3400,-56,56,-950,5.5,14,0.50,0.0,0.0,2.1,12,0.0,0.0,0.0,0.0,0.0,0.0,1.0
17928,0,1,3400,-56,56,-948,5.5,14,0.50,0.0,0.0,2.1,12,0.0,0.0,0.0,0.0,0.0,0.0,1.0
18177,0,1,3400,-56,56,-953,5.5,14,0.50,0.0,0.0,2.1,12,0.0,0.0,0.0,0.0,0.0,0.0,1.0
18426,0,1,3400,-56,56,-952,5.5,14,0.50,0.0,0.0,2.1,12,0.0,0.0,0.0,0.0,0.0,0.0,1.0
18675,0,1,3400,-56,56,-944,5.5,14,0.50,0.0,0.0,2.1,12,0.0,0.0,0.0,0.0,0.0,0.0,1.0
18924,0,1,3400,-56,56,-954,5.5,14,0.50,0.0,0.0,2.1,12,0.0,0.0,0.0,0.0,0.0,0.0,1.0
19173,0,1,3400,-56,56,-943,5.5,15,0.50,0.0,0.0,2.1,12,0.0,0.0,0.0,0.0,0.0,0.0,1.0
19422,0,1,3400,-56,56,-948,5.5,14,0.50,0.0,0.0,2.1,12,0.0,0.0,0.0,0.0,0.0,0.0,1.0
19671,0,1,3400,-56,56,-945,5.5,14,0.50,0.0,0.0,2.1,12,0.0,0.0,0.0,0.0,0.0,0.0,1.0
19920,0,1,3400,-56,56,-941,5.5,15,0.50,0.0,0.0,2.1,12,0.0,0.0,0.0,0.0,0.0,0.0,1.0
20169,0,1,3400,-56,56,-946,5.5,14,0.50,0.0,0.0,2.1,12,0.0,0.0,0.0,0.0,0.0,0.0,1.0
20418,0,1,3400,-56,56,-952,5.5,14,0.50,0.0,0.0,2.1,12,0.0,0.0,0.0,0.0,0.0,0.0,1.0
20667,0,1,3400,-56,56,-955,5.5,14,0.50,0.0,0.0,2.1,12,0.0,0.0,0.0,0.0,0.0,0.0,1.0
20916,0,1,3400,-56,56,-949,5.5,15,0.50,0.0,0.0,2.1,12,0.0,0.0,0.0,0.0,0.0,0.0,1.0
21165,0,1,3400,-56,56,-951,5.5,14,0.50,0.0,0.0,2.1,12,0.0,0.0,0.0,0.0,0.0,0.0,1.0
21414,0,1,3400,-56,56,-946,5.5,14,0.50,0.0,0.0,2.1,12,0.0,0.0,0.0,0.0,0.0,0.0,1.0
21663,0,1,3400,-56,56,-949,5.5,14,0.50,0.0,0.0,2.1,12,0.0,0.0,0.0,0.0,0.0,0.0,1.0
21912,0,1,3400,-56,56,-949,5.5,14,0.50,0.0,0.0,2.1,12,0.0,0.0,0.0,0.0,0.0,0.0,1.0
22161,0,1,3400,-56,56,-944,5.5,14,0.50,0.0,0.0,2.1,12,0.0,0.0,0.0,0.0,0.0,0.0,1.0
22410,0,1,3400,-56,56,-946,5.5,15,0.50,0.0,0.0,2.1,12,0.0,0.0,0.0,0.0,0.0,0.0,1.0
22659,0,1,3400,-56,56,-950,5.5,13,0.50,0.0,0.0,2.1,12,0.0,0.0,0.0,0.0,0.0,0.0,1.0
22908,0,1,3400,-56,56,-956,5.5,14,0.50,0.0,0.0,2.1,12,0.0,0.0,0.0,0.0,0.0,0.0,1.0
23157,0,1,3400,-56,56,-954,5.5,14,0.50,0.0,0.0,2.1,12,0.0,0.0,0.0,0.0,0.0,0.0,1.0
23406,0,1,3400,-56,56,-946,5.5,14,0.50,0.0,0.0,2.1,12,0.0,0.0,0.0,0.0,0.0,0.0,1.0
23655,0,1,3400,-56,56,-950,5.5,14,0.50,0.0,0.0,2.1,12,0.0,0.0,0.0,0.0,0.0,0.0,1.0
23904,0,1,3400,-56,56,-946,5.5,14,0.50,0.0,0.0,2.1,12,0.0,0.0,0.0,0.0,0.0,0.0,1.0
24153,0,1,3400,-56,56,-950,5.5,14,0.50,0.0,0.0,2.1,12,0.0,0.0,0.0,0.0,0.0,0.0,1.0
24402,0,1,3400,-56,56,-950,5.5,14,0.50,0.0,0.0,2.1,12,0.0,0.0,0.0,0.0,0.0,0.0,1.0
24651,0,1,3400,-56,56,-946,5.5,14,0.50,0.0,0.0,2.1,12,0.0,0.0,0.0,0.0,0.0,0.0,1.0
24900,0,1,3400,-56,56,-952,5.5,14,0.50,0.0,0.0,2.1,12,0.0,0.0,0.0,0.0,0.0,0.0,1.0
25149,0,1,3400,-56,56,-951,5.5,14,0.50,0.0,0.0,2.1,12,0.0,0.0,0.0,0.0,0.0,0.0,1.0
25398,0,1,3400,-56,56,-949,5.5,14,0.50,0.0,0.0,2.1,12,0.0,0.0,0.0,0.0,0.0,0.0,1.0
25647,0,1,3400,-56,56,-952,5.5,14,0.50,0.0,0.0,2.1,12,0.0,0.0,0.0,0.0,0.0,0.0,1.0
25896,0,1,3400,-56,56,-949,5.5,14,0.50,0.0,0.0,2.1,12,0.0,0.0,0.0,0.0,0.0,0.0,1.0
26145,0,1,3400,-56,56,-946,5.5,14,0.50,0.0,0.0,2.1,12,0.0,0.0,0.0,0.0,0.0,0.0,1.0
26394,0,1,3400,-56,56,-947,5.5,14,0.50,0.0,0.0,2.1,12,0.0,0.0,0.0,0.0,0.0,0.0,1.0
26643,0,1,3400,-56,56,-949,5.5,14,0.50,0.0,0.0,2.1,12,0.0,0.0,0.0,0.0,0.0,0.0,1.0
26892,0,1,3400,-56,56,-947,5.5,14,0.50,0.0,0.0,2.1,12,0.0,0.0,0.0,0.0,0.0,0.0,1.0
27141,0,1,3400,-56,56,-950,5.5,14,0.50,0.0,0.0,2.1,12,0.0,0.0,0.0,0.0,0.0,0.0,1.0
27390,0,1,3400,-56,56,-950,5.5,14,0.50,0.0,0.0,2.1,12,0.0,0.0,0.0,0.0,0.0,0.0,1.0
27639,0,1,3400,-56,56,-949,5.5,14,0.50,0.0,0.0,2.1,12,0.0,0.0,0.0,0.0,0.0,0.0,1.0
27888,0,1,3400,-56,56,-948,5.5,14,0.50,0.0,0.0,2.1,12,0.0,0.0,0.0,0.0,0.0,0.0,1.0
28137,0,1,3400,-56,56,-951,5.5,14,0.50,0.0,0.0,2.1,12,0.0,0.0,0.0,0.0,0.0,0.0,1.0
28386,0,1,3400,-56,56,-945,5.5,14,0.50,0.0,0.0,2.1,12,0.0,0.0,0.0,0.0,0.0,0.0,1.0
28635,0,1,3400,-56,56,-947,5.5,14,0.50,0.0,0.0,2.1,12,0.0,0.0,0.0,0.0,0.0,0.0,1.0
28884,0,1,3400,-56,56,-949,5.5,14,0.50,0.0,0.0,2.1,12,0.0,0.0,0.0,0.0,0.0,0.0,1.0
29133,0,1,3400,-56,56,-948,5.5,15,0.50,0.0,0.0,2.1,12,0.0,0.0,0.0,0.0,0.0,0.0,1.0
29382,0,1,3400,-56,56,-947,5.5,15,0.50,0.0,0.0,2.1,12,0.0,0.0,0.0,0.0,0.0,0.0,1.0
29631,0,1,3400,-56,56,-951,5.5,15,0.50,0.0,0.0,2.1,11,0.0,0.0,0.0,0.0,0.0,0.0,1.0
29880,0,1,3400,-56,56,-949,5.5,14,0.50,0.0,0.0,2.1,12,0.0,0.0,0.0,0.0,0.0,0.0,1.0
30129,0,1,3400,-56,56,-949,5.5,13,0.50,0.0,0.0,2.1,12,0.0,0.0,0.0,0.0,0.0,0.0,1.0
30378,0,1,3400,-56,56,-947,5.5,14,0.50,0.0,0.0,2.1,12,0.0,0.0,0.0,0.0,0.0,0.0,1.0
30627,0,1,3400,-56,56,-948,5.5,14,0.50,0.0,0.0,2.1,12,0.0,0.0,0.0,0.0,0.0,0.0,1.0
30876,0,1,3400,-56,56,-952,5.5,14,0.50,0.0,0.0,2.1,12,0.0,0.0,0.0,0.0,0.0,0.0,1.0
31125,0,1,3400,-56,56,-950,5.5,14,0.50,0.0,0.0,2.1,12,0.0,0.0,0.0,0.0,0.0,0.0,1.0
31374,0,1,3400,-56,56,-950,5.5,14,0.50,0.0,0.0,2.1,12,0.0,0.0,0.0,0.0,0.0,0.0,1.0
31623,0,1,3400,-56,56,-945,5.5,13,0.50,0.0,0.0,2.1,12,0.0,0.0,0.0,0.0,0.0,0.0,1.0
31872,0,1,3400,-56,56,-949,5.5,15,0.50,0.0,0.0,2.1,12,0.0,0.0,0.0,0.0,0.0,0.0,1.0
32121,0,1,3400,-56,56,-942,5.5,14,0.50,0.0,0.0,2.1,12,0.0,0.0,0.0,0.0,0.0,0.0,1.0
32370,0,1,3400,-56,56,-942,5.5,14,0.50,0.0,0.0,2.1,12,0.0,0.0,0.0,0.0,0.0,0.0,1.0
32619,0,1,3400,-56,56,-949,5.5,13,0.50,0.0,0.0,2.1,12,0.0,0.0,0.0,0.0,0.0,0.0,1.0
32868,0,1,3400,-56,56,-953,5.5,14,0.50,0.0,0.0,2.1,12,0.0,0.0,0.0,0.0,0.0,0.0,1.0
33117,0,1,3400,-56,56,-950,5.5,15,0.50,0.0,0.0,2.1,11,0.0,0.0,0.0,0.0,0.0,0.0,1.0
33366,0,1,3400,-56,56,-941,5.5,14,0.50,0.0,0.0,2.1,12,0.0,0.0,0.0,0.0,0.0,0.0,1.0
33615,0,1,3400,-56,56,-946,5.5,14,0.50,0.0,0.0,2.1,12,0.0,0.0,0.0,0.0,0.0,0.0,1.0
33864,0,1,3400,-56,56,-940,5.5,14,0.50,0.0,0.0,2.1,12,0.0,0.0,0.0,0.0,0.0,0.0,1.0
34113,0,1,3400,-56,56,-943,5.5,14,0.50,0.0,0.0,2.1,12,0.0,0.0,0.0,0.0,0.0,0.0,1.0
34362,0,1,3400,-56,56,-946,5.5,14,0.50,0.0,0.0,2.1,12,0.0,0.0,0.0,0.0,0.0,0.0,1.0
34611,0,1,3400,-56,56,-954,5.5,14,0.50,0.0,0.0,2.1,12,0.0,0.0,0.0,0.0,0.0,0.0,1.0
34860,0,1,3400,-56,56,-948,5.5,14,0.50,0.0,0.0,2.1,12,0.0,0.0,0.0,0.0,0.0,0.0,1.0
35109,0,1,3400,-56,56,-945,5.5,14,0.50,0.0,0.0,2.1,12,0.0,0.0,0.0,0.0,0.0,0.0,1.0
35358,0,1,3400,-56,56,-950,5.5,14,0.50,0.0,0.0,2.1,12,0.0,0.0,0.0,0.0,0.0,0.0,1.0
35607,0,1,3400,-56,56,-947,5.5,14,0.50,0.0,0.0,2.1,12,0.0,0.0,0.0,0.0,0.0,0.0,1.0
35856,0,1,3400,-56,56,-948,5.5,14,0.50,0.0,0.0,2.1,12,0.0,0.0,0.0,0.0,0.0,0.0,1.0
36105,0,1,3400,-56,56,-942,5.5,14,0.50,0.0,0.0,2.1,12,0.0,0.0,0.0,0.0,0.0,0.0,1.0
36354,0,1,3400,-56,56,-945,5.5,14,0.50,0.0,0.0,2.1,12,0.0,0.0,0.0,0.0,0.0,0.0,1.0
36603,0,1,3400,-56,56,-949,5.5,13,0.50,0.0,0.0,2.1,12,0.0,0.0,0.0,0.0,0.0,0.0,1.0
36852,0,1,3400,-56,56,-944,5.5,14,0.50,0.0,0.0,2.1,12,0.0,0.0,0.0,0.0,0.0,0.0,1.0
37101,0,1,3400,-56,56,-943,5.5,14,0.50,0.0,0.0,2.1,12,0.0,0.0,0.0,0.0,0.0,0.0,1.0
37350,0,1,3400,-56,56,-943,5.5,14,0.50,0.0,0.0,2.1,12,0.0,0.0,0.0,0.0,0.0,0.0,1.0
37599,0,1,3400,-56,56,-943,5.5,13,0.50,0.0,0.0,2.1,12,0.0,0.0,0.0,0.0,0.0,0.0,1.0
37848,0,1,3400,-56,56,-946,5.5,14,0.50,0.0,0.0,2.1,12,0.0,0.0,0.0,0.0,0.0,0.0,1.0
38097,0,1,3400,-56,56,-949,5.5,14,0.50,0.0,0.0,2.1,12,0.0,0.0,0.0,0.0,0.0,0.0,1.0
38346,0,1,3400,-56,56,-955,5.5,14,0.50,0.0,0.0,2.1,12,0.0,0.0,0.0,0.0,0.0,0.0,1.0
38595,0,1,3400,-56,56,-955,5.5,14,0.50,0.0,0.0,2.1,12,0.0,0.0,0.0,0.0,0.0,0.0,1.0
38844,0,1,3400,-56,56,-950,5.5,14,0.50,0.0,0.0,2.1,11,0.0,0.0,0.0,0.0,0.0,0.0,1.0
39093,0,1,3400,-56,56,-943,5.5,14,0.50,0.0,0.0,2.1,12,0.0,0.0,0.0,0.0,0.0,0.0,1.0
39342,0,1,3400,-56,56,-949,5.5,14,0.50,0.0,0.0,2.1,12,0.0,0.0,0.0,0.0,0.0,0.0,1.0
39591,0,1,3400,-56,56,-943,5.5,14,0.50,0.0,0.0,2.1,12,0.0,0.0,0.0,0.0,0.0,0.0,1.0
39840,0,1,3400,-56,56,-939,5.5,14,0.50,0.0,0.0,2.1,12,0.0,0.0,0.0,0.0,0.0,0.0,1.0
40089,0,1,3400,-56,56,-950,5.5,14,0.50,0.0,0.0,2.1,12,0.0,0.0,0.0,0.0,0.0,0.0,1.0
40338,0,1,3400,-56,56,-952,5.5,15,0.50,0.0,0.0,2.1,12,0.0,0.0,0.0,0.0,0.0,0.0,1.0
40587,0,1,3400,-56,56,-949,5.5,14,0.50,0.0,0.0,2.1,12,0.0,0.0,0.0,0.0,0.0,0.0,1.0
40836,0,1,3400,-56,56,-948,5.5,14,0.50,0.0,0.0,2.1,12,0.0,0.0,0.0,0.0,0.0,0.0,1.0
41085,0,1,3400,-56,56,-948,5.5,15,0.50,0.0,0.0,2.1,12,0.0,0.0,0.0,0.0,0.0,0.0,1.0
41334,0,1,3400,-56,56,-952,5.5,15,0.50,0.0,0.0,2.1,12,0.0,0.0,0.0,0.0,0.0,0.0,1.0
41583,0,1,3400,-56,56,-947,5.5,14,0.50,0.0,0.0,2.1,12,0.0,0.0,0.0,0.0,0.0,0.0,1.0
41832,0,1,3400,-56,56,-944,5.5,14,0.50,0.0,0.0,2.1,12,0.0,0.0,0.0,0.0,0.0,0.0,1.0
42081,0,1,3400,-56,56,-948,5.5,14,0.50,0.0,0.0,2.1,12,0.0,0.0,0.0,0.0,0.0,0.0,1.0
42330,0,1,3400,-56,56,-945,5.5,14,0.50,0.0,0.0,2.1,12,0.0,0.0,0.0,0.0,0.0,0.0,1.0
42579,0,1,3400,-56,56,-947,5.5,14,0.50,0.0,0.0,2.1,12,0.0,0.0,0.0,0.0,0.0,0.0,1.0
42828,0,1,3400,-56,56,-947,5.5,15,0.50,0.0,0.0,2.1,12,0.0,0.0,0.0,0.0,0.0,0.0,1.0
43077,0,1,3400,-56,56,-954,5.5,14,0.50,0.0,0.0,2.1,12,0.0,0.0,0.0,0.0,0.0,0.0,1.0
43326,0,1,3400,-56,56,-950,5.5,14,0.50,0.0,0.0,2.1,12,0.0,0.0,0.0,0.0,0.0,0.0,1.0
43575,0,1,3400,-56,56,-945,5.5,14,0.50,0.0,0.0,2.1,12,0.0,0.0,0.0,0.0,0.0,0.0,1.0
43824,0,1,3400,-56,56,-950,5.5,14,0.50,0.0,0.0,2.1,12,0.0,0.0,0.0,0.0,0.0,0.0,1.0
44073,0,1,3400,-56,56,-949,5.5,14,0.50,0.0,0.0,2.1,12,0.0,0.0,0.0,0.0,0.0,0.0,1.0
44322,0,1,3400,-56,56,-948,5.5,14,0.50,0.0,0.0,2.1,12,0.0,0.0,0.0,0.0,0.0,0.0,1.0
44571,0,1,3400,-56,56,-949,5.5,14,0.50,0.0,0.0,2.1,12,0.0,0.0,0.0,0.0,0.0,0.0,1.0
44820,0,1,3400,-56,56,-942,5.5,14,0.50,0.0,0.0,2.1,11,0.0,0.0,0.0,0.0,0.0,0.0,1.0
45069,0,1,3400,-56,56,-943,5.5,14,0.50,0.0,0.0,2.1,12,0.0,0.0,0.0,0.0,0.0,0.0,1.0
45318,0,1,3400,-56,56,-952,5.5,14,0.50,0.0,0.0,2.1,12,0.0,0.0,0.0,0.0,0.0,0.0,1.0
45567,0,1,3400,-56,56,-953,5.5,14,0.50,0.0,0.0,2.1,12,0.0,0.0,0.0,0.0,0.0,0.0,1.0
45816,0,1,3400,-56,56,-957,5.5,14,0.50,0.0,0.0,2.1,12,0.0,0.0,0.0,0.0,0.0,0.0,1.0
46065,0,1,3400,-56,56,-948,5.5,14,0.50,0.0,0.0,2.1,12,0.0,0.0,0.0,0.0,0.0,0.0,1.0
46314,0,1,3400,-56,56,-943,5.5,14,0.50,0.0,0.0,2.1,12,0.0,0.0,0.0,0.0,0.0,0.0,1.0
46563,0,1,3400,-56,56,-947,5.5,14,0.50,0.0,0.0,2.1,12,0.0,0.0,0.0,0.0,0.0,0.0,1.0
46812,0,1,3400,-56,56,-948,5.5,14,0.50,0.0,0.0,2.1,12,0.0,0.0,0.0,0.0,0.0,0.0,1.0
47061,0,1,3400,-56,56,-948,5.5,14,0.50,0.0,0.0,2.1,12,0.0,0.0,0.0,0.0,0.0,0.0,1.0
47310,0,1,3400,-56,56,-946,5.5,14,0.50,0.0,0.0,2.1,12,0.0,0.0,0.0,0.0,0.0,0.0,1.0
47559,0,1,3400,-56,56,-946,5.5,14,0.50,0.0,0.0,2.1,12,0.0,0.0,0.0,0.0,0.0,0.0,1.0
47808,0,1,3400,-56,56,-950,5.5,14,0.50,0.0,0.0,2.1,12,0.0,0.0,0.0,0.0,0.0,0.0,1.0
48057,0,1,3400,-56,56,-944,5.5,14,0.50,0.0,0.0,2.1,12,0.0,0.0,0.0,0.0,0.0,0.0,1.0
48306,0,1,3400,-56,56,-944,5.5,15,0.50,0.0,0.0,2.1,12,0.0,0.0,0.0,0.0,0.0,0.0,1.0
48555,0,1,3400,-56,56,-947,5.5,14,0.50,0.0,0.0,2.1,12,0.0,0.0,0.0,0.0,0.0,0.0,1.0
48804,0,1,3400,-56,56,-944,5.5,14,0.50,0.0,0.0,2.1,12,0.0,0.0,0.0,0.0,0.0,0.0,1.0
49053,0,1,3400,-56,56,-949,5.5,14,0.50,0.0,0.0,2.1,11,0.0,0.0,0.0,0.0,0.0,0.0,1.0
49302,0,1,3400,-56,56,-951,5.5,14,0.50,0.0,0.0,2.1,12,0.0,0.0,0.0,0.0,0.0,0.0,1.0
49551,0,1,3400,-56,56,-947,5.5,14,0.50,0.0,0.0,2.1,12,0.0,0.0,0.0,0.0,0.0,0.0,1.0
49800,0,1,3400,-56,56,-943,7.5,14,0.67,85873.015625,6,2.1,11,0.0,47587.300781,18,0.0,0.0,0.0,1.0
50049,0,1,3400,-56,56,-945,8.6,12,0.66,109154.148438,6,2.1,0.0,0.0,52837.945312,0,0.0,0.0,0.0,1.0
50298,0,1,3400,-56,56,-949,9.4,12,0.63,124521.742188,4,2.1,1.4,0.0,0.0,80,0.0,0.0,0.0,1.0
50547,0,1,3400,-56,56,-951,8.9,12,0.77,88825.398438,9,2.1,7.5,0.0,0.0,0.0,0.0,0.0,0.0,1.0
50796,0,1,3400,-56,56,-951,9.1,12,0.88,113833.992188,9,2.1,5.5,0.0,13533.596680,22,0.0,0.0,0.0,1.0
51045,0,1,3400,-56,56,-951,7.5,12,0.77,106624.507812,5,2.1,0.0,0.0,0.0,0.0,0.0,0.0,0.0,1.0
51294,0,1,3400,-56,56,-944,8.9,12,0.50,91365.078125,0,2.1,0.0,0.0,5492.063477,0,0.0,0.0,0.0,1.0
51543,0,1,3400,-56,56,-947,8.6,12,0.63,80252.960938,12,2.1,0.0,0.0,0.0,0.0,0.0,0.0,0.0,1.0
51792,0,1,3400,-56,56,-947,6.9,11,0.58,94166.007812,3,2.1,0.43,0.0,21628.458984,8,0.0,0.0,0.0,1.0
52041,0,1,3400,-56,56,-946,10,12,1.0,114253.968750,9,2.1,16,0.0,48476.191406,84,0.0,0.0,0.0,1.0
52290,0,1,3400,-56,56,-951,7.3,13,0.61,89517.789062,6,2.1,16,0.0,0.0,0.0,0.0,0.0,0.0,1.0
52539,0,1,3400,-56,56,-950,8.4,12,0.58,104094.859375,3,2.1,13,0.0,5470.355957,0,0.0,0.0,0.0,1.0
52788,0,1,3400,-56,56,-954,6.8,11,0.81,131984.187500,8,2.1,7.7,0.0,2592.885254,20,0.0,0.0,0.0,1.0
53037,0,1,3400,-56,56,-951,7.8,12,0.66,133396.828125,5,2.1,0.0,0.0,5492.063477,0,0.0,0.0,0.0,1.0
53286,0,1,3400,-56,56,-953,8.9,13,0.65,130245.062500,5,2.1,0.0,0.0,0.0,0.0,0.0,0.0,0.0,1.0
53535,0,1,3400,-56,56,-942,9.0,12,0.69,86545.453125,6,2.1,0.0,0.0,0.0,0.0,0.0,0.0,0.0,1.0
53784,0,1,3400,-56,56,-950,8.8,12,0.73,83174.601562,12,2.1,0.0,186,0.0,0.0,0.0,0.0,0.0,1.0
54033,0,1,3400,-56,56,-943,8.6,13,0.77,99320.156250,4,2.1,0.0,0.0,13533.596680,0,0.0,0.0,0.0,1.0
54282,0,1,3400,-56,56,-944,8.5,12,0.79,72980.234375,5,2.1,0.0,0.0,0.0,0.0,0.0,0.0,0.0,1.0
54531,0,1,3400,-56,56,-948,7.9,12,0.63,95079.367188,5,2.1,0.0,0.0,0.0,0.0,0.0,0.0,0.0,1.0
54780,0,1,3400,-56,56,-954,9.7,12,0.64,82782.609375,8,2.1,0.0,0.0,8063.241211,38,0.0,0.0,0.0,1.0
55029,0,1,3400,-56,56,-953,7.3,13,0.59,84173.914062,6,2.1,0.0,0.0,0.0,0.0,0.0,0.0,0.0,1.0
55278,0,1,3400,-56,56,-944,8.2,13,0.81,107365.078125,5,2.1,0.0,0.0,5492.063477,0,0.0,0.0,0.0,1.0
55527,0,1,3400,-56,56,-947,7.8,12,0.78,81928.851562,4,2.1,0.0,0.0,5470.355957,0,0.0,0.0,0.0,1.0
55776,0,1,3400,-56,56,-949,8.4,13,0.73,111365.078125,5,2.1,0.0,0.0,8095.238281,0,0.0,0.0,0.0,1.0
56025,0,1,3400,-56,56,-952,8.4,12,0.63,124142.289062,8,2.1,0.0,0.0,5470.355957,0,0.0,0.0,0.0,1.0
56274,0,1,3400,-56,56,-954,6.9,11,0.89,154782.609375,5,2.1,0.0,0.0,0.0,0.0,0.0,0.0,0.0,1.0
56523,0,1,3400,-56,56,-946,8.4,12,0.57,75746.031250,5,2.1,0.0,0.0,0.0,0.0,0.0,0.0,0.0,1.0
56772,0,1,3400,-56,56,-946,8.1,13,0.69,96505.929688,9,2.1,0.0,0.0,13533.596680,12,0.0,0.0,0.0,1.0
57021,0,1,3400,-56,56,-950,8.9,12,0.57,130909.093750,6,2.1,0.0,0.0,0.0,0.0,0.0,0.0,0.0,1.0
57270,0,1,3400,-56,56,-948,8.9,12,0.78,101396.828125,14,2.1,0.0,0.0,0.0,0.0,0.0,0.0,0.0,1.0
57519,0,1,3400,-56,56,-949,7.9,13,0.64,106339.921875,5,2.1,0.0,0.0,0.0,0.0,0.0,0.0,0.0,1.0
57768,0,1,3400,-56,56,-946,9.0,12,0.67,89865.609375,9,2.1,0.0,0.0,18561.265625,8,0.0,0.0,0.0,1.0
58017,0,1,3400,-56,56,-951,9.0,13,0.60,136980.234375,6,2.1,0.0,0.0,0.0,0.0,0.0,0.0,0.0,1.0
58266,0,1,3400,-56,56,-952,9.0,12,0.85,87333.335938,8,2.1,0.0,0.0,0.0,0.0,0.0,0.0,0.0,1.0
58515,0,1,3400,-56,56,-949,9.3,13,0.65,106023.718750,3,2.1,1.2,0.0,5470.355957,57,0.0,0.0,0.0,1.0
58764,0,1,3400,-56,56,-951,8.6,13,0.56,57581.027344,3,2.1,0.0,0.0,8063.241211,0,0.0,0.0,0.0,1.0
59013,0,1,3400,-56,56,-945,8.8,13,0.53,108920.632812,3,2.1,0.0,0.0,0.0,0.0,0.0,0.0,0.0,1.0
59262,0,1,3400,-56,56,-940,8.1,12,0.73,103083.007812,9,2.1,0.0,0.0,0.0,0.0,0.0,0.0,0.0,1.0
59511,0,1,3400,-56,56,-947,9.1,13,0.52,124363.632812,2,2.1,0.0,0.0,0.0,0.0,0.0,0.0,0.0,1.0
59760,0,1,3400,-56,56,-950,9.2,13,0.71,122730.156250,3,2.1,0.0,0.0,8095.238281,14,0.0,0.0,0.0,1.0
60009,0,1,3400,-56,56,-944,8.4,13,0.75,83415.023438,6,2.1,0.0,0.0,10940.711914,57,0.0,0.0,0.0,1.0
60258,0,1,3400,-56,56,-945,9.0,12,0.73,137486.171875,5,2.1,0.0,0.0,5470.355957,0,0.0,0.0,0.0,1.0
60507,0,1,3400,-56,56,-951,8.8,12,0.68,103365.078125,3,2.1,0.0,0.0,0.0,0.0,0.0,0.0,0.0,1.0
60756,0,1,3400,-56,56,-947,7.3,11,0.64,119968.382812,2,2.1,0.0,0.0,8063.241211,38,0.0,0.0,0.0,1.0
61005,0,1,3400,-56,56,-946,8.2,11,0.53,91920.945312,2,2.1,0.0,0.0,5470.355957,0,0.0,0.0,0.0,1.0
61254,0,1,3400,-56,56,-951,8.1,12,0.51,90888.890625,2,2.1,0.0,0.0,5492.063477,0,0.0,0.0,0.0,1.0
61503,0,1,3400,-56,56,-951,7.8,12,0.56,70007.906250,0,2.1,0.0,0.0,0.0,0.0,0.0,0.0,0.0,1.0
61752,0,1,3400,-56,56,-949,8.7,13,0.74,115952.570312,1,2.1,0.0,186,0.0,0.0,0.0,0.0,0.0,1.0
62001,0,1,3400,-56,56,-947,9.8,13,0.82,147428.578125,9,2.1,0.0,0.0,13587.301758,22,0.0,0.0,0.0,1.0
62250,0,1,3400,-56,56,-949,8.2,12,0.85,109185.773438,9,2.1,0.0,0.0,0.0,0.0,0.0,0.0,0.0,1.0
62499,0,1,3400,-56,56,-952,8.5,12,0.65,106466.406250,3,2.1,0.0,0.0,5470.355957,0,0.0,0.0,0.0,1.0
62748,0,1,3400,-56,56,-951,9.0,13,0.64,104285.710938,11,2.1,0.0,186,0.0,0.0,0.0,0.0,0.0,1.0
62997,0,1,3400,-56,56,-946,9.2,12,0.77,116774.703125,4,2.1,0.0,0.0,12363.636719,0,0.0,0.0,0.0,1.0
63246,0,1,3400,-56,56,-947,8.2,13,0.57,76079.054688,5,2.1,0.0,0.0,0.0,0.0,0.0,0.0,0.0,1.0
63495,0,1,3400,-56,56,-950,8.4,12,0.63,107984.187500,3,2.1,1.7,0.0,0.0,80,0.0,0.0,0.0,1.0
63744,0,1,3400,-56,56,-949,7.5,12,0.79,68825.398438,10,2.1,7.8,0.0,6476.190430,50,0.0,0.0,0.0,1.0
63993,0,1,3400,-56,56,-953,8.7,13,0.53,105391.304688,2,2.1,10,0.0,0.0,0.0,0.0,0.0,0.0,1.0
64242,0,1,3400,-56,56,-950,8.5,12,0.68,155762.843750,4,2.1,10,0.0,0.0,0.0,0.0,0.0,0.0,1.0
64491,0,1,3400,-56,56,-948,7.4,11,0.67,102380.953125,4,2.1,3.7,0.0,16476.191406,0,0.0,0.0,0.0,1.0
64740,0,1,3400,-56,56,-947,8.5,13,0.64,104221.343750,6,2.1,0.0,186,0.0,0.0,0.0,0.0,0.0,1.0
64989,0,1,3400,-56,56,-950,8.5,13,0.87,100332.015625,6,2.1,0.0,0.0,13533.596680,0,0.0,0.0,0.0,1.0
65238,0,1,3400,-56,56,-944,8.5,13,0.70,90793.648438,5,2.1,0.0,0.0,0.0,0.0,0.0,0.0,0.0,1.0
65487,0,1,3400,-56,56,-946,8.8,13,0.62,113492.062500,6,2.1,0.0,0.0,5492.063477,0,0.0,0.0,0.0,1.0
65736,0,1,3400,-56,56,-941,7.9,12,0.69,114086.953125,9,2.1,0.0,0.0,12110.671875,0,0.0,0.0,0.0,1.0
65985,0,1,3400,-56,56,-949,8.9,12,0.70,124711.460938,5,2.1,0.0,0.0,5470.355957,0,0.0,0.0,0.0,1.0
66234,0,1,3400,-56,56,-952,7.2,13,0.77,74561.265625,4,2.1,0.0,0.0,5470.355957,0,0.0,0.0,0.0,1.0
66483,0,1,3400,-56,56,-948,9.0,12,0.52,74339.921875,0,2.1,0.0,0.0,5470.355957,0,0.0,0.0,0.0,1.0
66732,0,1,3400,-56,56,-951,7.2,13,0.60,95904.765625,3,2.1,0.0,0.0,8095.238281,0,0.0,0.0,0.0,1.0
66981,0,1,3400,-56,56,-950,9.2,12,0.69,79841.898438,7,2.1,0.0,0.0,0.0,0.0,0.0,0.0,0.0,1.0
67230,0,1,3400,-56,56,-945,9.1,13,0.80,104600.789062,5,2.1,0.0,0.0,5470.355957,0,0.0,0.0,0.0,1.0
67479,0,1,3400,-56,56,-942,7.4,13,0.71,87047.617188,2,2.1,0.0,0.0,0.0,0.0,0.0,0.0,0.0,1.0
67728,0,1,3400,-56,56,-945,9.5,13,0.74,115351.781250,5,2.1,0.0,0.0,8063.241211,17,0.0,0.0,0.0,1.0
67977,0,1,3400,-56,56,-953,9.8,13,0.61,149723.312500,5,2.1,0.0,0.0,0.0,0.0,0.0,0.0,0.0,1.0
68226,0,1,3400,-56,56,-948,7.9,12,0.72,71746.031250,8,2.1,0.0,0.0,0.0,0.0,0.0,0.0,0.0,1.0
68475,0,1,3400,-56,56,-948,7.9,12,0.63,65422.925781,5,2.1,0.0,0.0,0.0,0.0,0.0,0.0,0.0,1.0
68724,0,1,3400,-56,56,-948,8.8,12,0.80,120857.140625,10,2.1,0.0,0.0,13587.301758,0,0.0,0.0,0.0,1.0
68973,0,1,3400,-56,56,-946,9.3,13,0.68,59826.085938,6,2.1,0.0,0.0,0.0,0.0,0.0,0.0,0.0,1.0
69222,0,1,3400,-56,56,-947,8.4,12,0.74,140584.984375,8,2.1,0.0,0.0,0.0,0.0,0.0,0.0,0.0,1.0
69471,0,1,3400,-56,56,-951,8.5,12,1.1,51604.742188,9,2.1,0.0,0.0,0.0,0.0,0.0,0.0,0.0,1.0
69720,0,1,3400,-56,56,-954,8.9,13,1.2,106561.265625,4,2.1,0.0,186,0.0,0.0,0.0,0.0,0.0,1.0
69969,0,1,3400,-56,56,-940,7.4,12,0.62,91015.875000,3,2.1,3.5,0.0,12158.730469,31,0.0,0.0,0.0,1.0
70218,0,1,3400,-56,56,-941,8.7,12,0.81,121391.304688,9,2.1,3.7,0.0,5470.355957,0,0.0,0.0,0.0,1.0
70467,0,1,3400,-56,56,-943,8.3,11,0.85,157587.296875,7,2.1,0.0,0.0,0.0,0.0,0.0,0.0,0.0,1.0
70716,0,1,3400,-56,56,-939,8.9,13,0.74,123952.570312,9,2.1,0.0,0.0,17581.027344,0,0.0,0.0,0.0,1.0
70965,0,1,3400,-56,56,-946,8.3,11,0.89,135652.171875,7,2.1,0.0,0.0,5470.355957,0,0.0,0.0,0.0,1.0
71214,0,1,3400,-56,56,-951,8.5,12,0.90,101619.046875,10,2.1,0.0,0.0,0.0,0.0,0.0,0.0,0.0,1.0
71463,0,1,3400,-56,56,-948,6.8,11,0.79,119051.382812,9,2.1,0.0,0.0,5470.355957,0,0.0,0.0,0.0,1.0
71712,0,1,3400,-56,56,-953,8.2,12,0.75,111272.726562,5,2.1,0.0,0.0,12237.154297,0,0.0,0.0,0.0,1.0
71961,0,1,3400,-56,56,-947,8.4,11,0.76,127650.796875,2,2.1,0.0,0.0,0.0,0.0,0.0,0.0,0.0,1.0
72210,0,1,3400,-56,56,-947,8.1,12,0.56,116679.843750,1,2.1,0.0,0.0,0.0,0.0,0.0,0.0,0.0,1.0
72459,0,1,3400,-56,56,-949,8.7,12,0.73,98118.578125,3,2.1,0.0,0.0,5470.355957,0,0.0,0.0,0.0,1.0
72708,0,1,3400,-56,56,-953,8.7,13,0.70,118190.476562,6,2.1,0.0,0.0,8095.238281,0,0.0,0.0,0.0,1.0
72957,0,1,3400,-56,56,-952,8.1,12,0.96,111905.140625,7,2.1,0.0,0.0,0.0,0.0,0.0,0.0,0.0,1.0
73206,0,1,3400,-56,56,-953,7.3,11,0.83,114940.710938,8,2.1,0.0,0.0,16411.066406,45,0.0,0.0,0.0,1.0
73455,0,1,3400,-56,56,-947,8.2,12,0.70,126349.203125,11,2.1,0.0,0.0,0.0,0.0,0.0,0.0,0.0,1.0
73704,0,1,3400,-56,56,-939,8.9,13,0.77,115003.953125,8,2.1,2.5,0.0,6450.592773,50,0.0,0.0,0.0,1.0
73953,0,1,3400,-56,56,-938,8.3,12,0.66,89928.851562,2,2.1,12,0.0,0.0,0.0,0.0,0.0,0.0,1.0
74202,0,1,3400,-56,56,-950,7.2,11,1.0,70539.679688,11,2.1,12,0.0,0.0,0.0,0.0,0.0,0.0,1.0
74451,0,1,3400,-56,56,-949,7.0,11,0.54,102924.898438,1,2.1,9.0,0.0,5470.355957,0,0.0,0.0,0.0,1.0
74700,0,1,3400,-56,56,-950,8.4,12,0.53,99225.296875,0,2.1,4.0,0.0,10118.577148,33,0.0,0.0,0.0,1.0
74949,0,1,3400,-56,56,-948,8.7,13,0.70,91746.031250,4,2.1,6.5,0.0,0.0,0.0,0.0,0.0,0.0,1.0
75198,0,1,3400,-56,56,-941,7.6,12,0.81,89454.546875,9,2.1,13,0.0,0.0,80,0.0,0.0,0.0,1.0
75447,0,1,3400,-56,56,-944,10.0,13,0.90,89011.859375,8,2.1,14,0.0,0.0,0.0,0.0,0.0,0.0,1.0
75696,0,1,3400,-56,56,-951,8.4,12,0.71,58063.492188,3,2.1,11,0.0,8412.698242,30,0.0,0.0,0.0,1.0
75945,0,1,3400,-56,56,-946,8.9,11,0.55,123415.023438,3,2.1,0.0,0.0,0.0,0.0,0.0,0.0,0.0,1.0
76194,0,1,3400,-56,56,-945,8.1,12,0.60,103494.070312,5,2.1,0.0,0.0,5470.355957,0,0.0,0.0,0.0,1.0
76443,0,1,3400,-56,56,-948,8.1,11,0.67,105396.828125,9,2.1,0.0,0.0,0.0,0.0,0.0,0.0,0.0,1.0
76692,0,1,3400,-56,56,-947,8.7,12,0.84,94134.390625,4,2.1,0.0,186,0.0,0.0,0.0,0.0,0.0,1.0
76941,0,1,3400,-56,56,-948,8.7,12,0.61,142545.453125,1,2.1,0.0,0.0,8063.241211,29,0.0,0.0,0.0,1.0
77190,0,1,3400,-56,56,-945,8.7,13,0.58,82857.140625,0,2.1,0.0,0.0,0.0,0.0,0.0,0.0,0.0,1.0
77439,0,1,3400,-56,56,-947,6.8,11,0.59,136885.375000,2,2.1,0.0,0.0,5470.355957,0,0.0,0.0,0.0,1.0
77688,0,1,3400,-56,56,-946,8.1,12,0.60,117660.078125,5,2.1,0.0,0.0,8063.241211,0,0.0,0.0,0.0,1.0
77937,0,1,3400,-56,56,-947,7.9,11,0.90,104793.648438,10,2.1,0.0,0.0,0.0,0.0,0.0,0.0,0.0,1.0
78186,0,1,3400,-56,56,-948,8.7,12,0.70,144000.000000,11,2.1,0.0,0.0,5470.355957,0,0.0,0.0,0.0,1.0
78435,0,1,3400,-56,56,-950,9.1,13,0.61,110703.554688,3,2.1,0.0,0.0,0.0,0.0,0.0,0.0,0.0,1.0
78684,0,1,3400,-56,56,-952,8.8,12,0.71,127587.304688,3,2.1,0.0,0.0,7841.270020,0,0.0,0.0,0.0,1.0
78933,0,1,3400,-56,56,-949,6.5,11,0.65,148205.531250,5,2.1,0.0,0.0,0.0,0.0,0.0,0.0,0.0,1.0
79182,0,1,3400,-56,56,-952,8.0,12,0.66,143335.968750,6,2.1,1.2,0.0,17359.683594,0,0.0,0.0,0.0,1.0
79431,0,1,3400,-56,56,-955,8.4,13,0.61,89587.304688,6,2.1,3.5,0.0,0.0,0.0,0.0,0.0,0.0,1.0
79680,0,1,3400,-56,56,-947,8.6,11,0.79,94007.906250,6,2.1,3.5,186,0.0,0.0,0.0,0.0,0.0,1.0
79929,0,1,3400,-56,56,-947,7.7,12,0.60,80948.617188,6,2.1,1.8,0.0,19920.949219,38,0.0,0.0,0.0,1.0
80178,0,1,3400,-56,56,-945,9.4,12,0.60,116521.742188,6,2.1,0.0,0.0,0.0,0.0,0.0,0.0,0.0,1.0
80427,0,1,3400,-56,56,-941,7.5,12,0.60,119174.601562,1,2.1,0.0,0.0,0.0,0.0,0.0,0.0,0.0,1.0
80676,0,1,3400,-56,56,-944,8.1,12,0.76,80758.890625,14,2.1,0.0,0.0,8063.241211,44,0.0,0.0,0.0,1.0
80925,0,1,3400,-56,56,-947,7.4,12,0.76,102735.179688,6,2.1,0.0,0.0,0.0,0.0,0.0,0.0,0.0,1.0
81174,0,1,3400,-56,56,-953,5.8,12,0.92,52317.460938,9,2.1,0.0,0.0,0.0,0,0.0,0.0,0.0,1.0
81423,0,1,3400,-56,56,-944,7.3,10,0.96,162150.203125,12,2.1,0.0,0.0,5470.355957,50,0.0,0.0,0.0,1.0
81672,0,1,3400,-56,56,-947,9.0,12,0.59,130412.695312,6,2.1,0.0,0.0,13587.301758,22,0.0,0.0,0.0,1.0
81921,0,1,3400,-56,56,-951,8.9,13,0.61,137264.828125,4,2.1,0.0,0.0,5470.355957,0,0.0,0.0,0.0,1.0
82170,0,1,3400,-56,56,-953,8.2,13,0.75,106118.578125,10,2.1,0.0,0.0,5470.355957,0,0.0,0.0,0.0,1.0
82419,0,1,3400,-56,56,-949,9.6,12,0.62,156679.843750,1,2.1,0.0,0.0,10940.711914,0,0.0,0.0,0.0,1.0
82668,0,1,3400,-56,56,-944,8.2,12,0.73,105142.859375,7,2.1,0.0,0.0,8126.983887,0,0.0,0.0,0.0,1.0
82917,0,1,3400,-56,56,-938,8.6,12,0.86,142671.937500,6,2.1,0.0,0.0,0.0,0.0,0.0,0.0,0.0,1.0
83166,0,1,3400,-56,56,-942,7.5,11,0.71,94893.281250,7,2.1,0.0,0.0,0.0,0.0,0.0,0.0,0.0,1.0
83415,0,1,3400,-56,56,-948,7.9,13,0.75,104380.953125,8,2.1,0.0,0.0,0.0,0.0,0.0,0.0,0.0,1.0
83664,0,1,3400,-56,56,-944,9.1,13,0.59,79936.757812,0,2.1,1.2,0.0,10624.505859,47,0.0,0.0,0.0,1.0
83913,0,1,3400,-56,56,-949,8.5,12,0.88,89770.750000,7,2.1,1.1,0.0,0.0,80,0.0,0.0,0.0,1.0
84162,0,1,3400,-56,56,-949,8.3,12,0.58,115460.320312,4,2.1,7.5,0.0,0.0,0.0,0.0,0.0,0.0,1.0
84411,0,1,3400,-56,56,-948,6.9,13,0.54,110735.179688,2,2.1,7.0,0.0,0.0,50,0.0,0.0,0.0,1.0
84660,0,1,3400,-56,56,-950,9.3,12,0.63,150988.140625,1,2.1,0.0,0.0,2592.885254,50,0.0,0.0,0.0,1.0
84909,0,1,3400,-56,56,-948,8.1,13,0.65,72476.187500,4,2.1,0.0,0.0,5492.063477,0,0.0,0.0,0.0,1.0
85158,0,1,3400,-56,56,-952,8.7,12,0.71,117375.492188,6,2.1,0.0,0.0,5470.355957,0,0.0,0.0,0.0,1.0
85407,0,1,3400,-56,56,-956,8.0,12,0.74,87430.828125,3,2.1,0.0,0.0,5470.355957,0,0.0,0.0,0.0,1.0
85656,0,1,3400,-56,56,-948,8.7,12,0.81,113333.335938,7,2.1,0.0,0.0,8095.238281,0,0.0,0.0,0.0,1.0
85905,0,1,3400,-56,56,-945,9.0,12,0.94,115509.882812,6,2.1,0.0,0.0,0.0,0.0,0.0,0.0,0.0,1.0
86154,0,1,3400,-56,56,-943,8.0,12,0.53,135588.937500,1,2.1,0.0,0.0,0.0,0,0.0,0.0,0.0,1.0
86403,0,1,3400,-56,56,-945,8.2,11,0.73,108507.937500,5,2.1,0.0,0.0,0.0,100.000000,0.0,0.0,0.0,1.0
86652,0,1,3400,-56,56,-946,8.6,12,0.71,109343.875000,3,2.1,0.0,0.0,8063.241211,0,0.0,0.0,0.0,1.0
86901,0,1,3400,-56,56,-948,9.0,12,0.84,82023.718750,13,2.1,0.0,0.0,5470.355957,0,0.0,0.0,0.0,1.0
87150,0,1,3400,-56,56,-948,8.5,13,0.76,73011.859375,12,2.1,0.0,0.0,0.0,0.0,0.0,0.0,0.0,1.0
87399,0,1,3400,-56,56,-953,9.4,12,0.60,61142.855469,0,2.1,0.0,0.0,0.0,0.0,0.0,0.0,0.0,1.0
87648,0,1,3400,-56,56,-943,8.1,11,0.89,106118.578125,11,2.1,0.0,0.0,12110.671875,0,0.0,0.0,0.0,1.0
87897,0,1,3400,-56,56,-946,7.4,12,0.65,68932.804688,8,2.1,0.0,0.0,0.0,0.0,0.0,0.0,0.0,1.0
88146,0,1,3400,-56,56,-947,7.9,10,0.76,106539.679688,6,2.1,0.0,0.0,0.0,0.0,0.0,0.0,0.0,1.0
88395,0,1,3400,-56,56,-949,7.7,12,0.78,83067.195312,9,2.1,0.0,0.0,0.0,0.0,0.0,0.0,0.0,1.0
88644,0,1,3400,-56,56,-941,8.7,12,0.71,135047.625000,3,2.1,0.0,0.0,8000.000000,0,0.0,0.0,0.0,1.0
88893,0,1,3400,-56,56,-941,7.2,11,0.53,94545.453125,3,2.1,0.0,0.0,0.0,0.0,0.0,0.0,0.0,1.0
89142,0,1,3400,-56,56,-946,9.3,12,0.73,146539.687500,2,2.1,0.0,0.0,5492.063477,50,0.0,0.0,0.0,1.0
89391,0,1,3400,-56,56,-949,7.4,10,1.0,126703.554688,5,2.1,0.0,0.0,5470.355957,0,0.0,0.0,0.0,1.0
89640,0,1,3400,-56,56,-947,6.3,10,0.61,147731.218750,5,2.1,1.5,0.0,10624.505859,47,0.0,0.0,0.0,1.0
89889,0,1,3400,-56,56,-948,6.7,11,0.61,92490.117188,5,2.1,3.5,0.0,0.0,80,0.0,0.0,0.0,1.0
90138,0,1,3400,-56,56,-949,8.1,13,1.00,92952.382812,6,2.1,7.5,0.0,0.0,0.0,0.0,0.0,0.0,1.0
90387,0,1,3400,-56,56,-951,8.4,11,0.68,122719.367188,3,2.1,7.5,0.0,0.0,0.0,0.0,0.0,0.0,1.0
90636,0,1,3400,-56,56,-944,8.2,12,0.60,76363.632812,2,2.1,5.9,0.0,10118.577148,33,0.0,0.0,0.0,1.0
90885,0,1,3400,-56,56,-949,8.0,12,0.69,135841.890625,8,2.1,7.3,0.0,0.0,80,0.0,0.0,0.0,1.0
91134,0,1,3400,-56,56,-949,9.0,13,0.64,81523.812500,12,2.1,7.5,0.0,0.0,0.0,0.0,0.0,0.0,1.0
91383,0,1,3400,-56,56,-949,8.8,13,0.98,97011.859375,4,2.1,7.5,0.0,0.0,0.0,0.0,0.0,0.0,1.0
91632,0,1,3400,-56,56,-949,9.3,12,0.64,94545.453125,2,2.1,5.6,0.0,8063.241211,0,0.0,0.0,0.0,1.0
91881,0,1,3400,-56,56,-952,8.0,12,0.75,105460.320312,10,2.1,0.0,0.0,0.0,0.0,0.0,0.0,0.0,1.0
92130,0,1,3400,-56,56,-949,8.3,13,0.61,62039.527344,8,2.1,0.0,0.0,5470.355957,0,0.0,0.0,0.0,1.0
92379,0,1,3400,-56,56,-950,8.2,12,0.56,81581.031250,2,2.1,0.0,0.0,0.0,0.0,0.0,0.0,0.0,1.0
92628,0,1,3400,-56,56,-941,9.2,12,1.1,79714.289062,10,2.1,4.5,0.0,6000.000000,50,0.0,0.0,0.0,1.0
92877,0,1,3400,-56,56,-944,8.6,11,0.76,118102.765625,11,2.1,23,0.0,0.0,0.0,0.0,0.0,0.0,1.0
93126,0,1,3400,-56,56,-948,9.0,12,0.52,92300.398438,0,2.1,23,0.0,0.0,0.0,0.0,0.0,0.0,1.0
93375,0,1,3400,-56,56,-946,6.8,11,0.80,102825.398438,9,2.1,23,0.0,0.0,0.0,0.0,0.0,0.0,1.0
93624,0,1,3400,-56,56,-947,7.1,11,0.61,105644.265625,5,2.1,19,0.0,25106.718750,33,0.0,0.0,0.0,1.0
93873,0,1,3400,-56,56,-952,7.4,12,0.60,90845.851562,3,2.1,13,0.0,0.0,80,0.0,0.0,0.0,1.0
94122,0,1,3400,-56,56,-951,7.6,13,0.51,54920.636719,3,2.1,8.0,0.0,0.0,0.0,0.0,0.0,0.0,1.0
94371,0,1,3400,-56,56,-949,8.4,12,0.56,89296.445312,4,2.1,5.1,0.0,10940.711914,0,0.0,0.0,0.0,1.0
94620,0,1,3400,-56,56,-948,9.5,12,0.73,132363.640625,8,2.1,0.50,186,0.0,0.0,0.0,0.0,0.0,1.0
94869,0,1,3400,-56,56,-950,7.8,13,0.51,91523.812500,0,2.1,3.6,0.0,12158.730469,36,0.0,0.0,0.0,1.0
95118,0,1,3400,-56,56,-949,8.3,12,1.0,118229.250000,8,2.1,7.5,0.0,0.0,0.0,0.0,0.0,0.0,1.0
95367,0,1,3400,-56,56,-951,8.4,12,1.1,120474.304688,10,2.1,7.5,0.0,5470.355957,33,0.0,0.0,0.0,1.0
95616,0,1,3400,-56,56,-951,7.5,12,0.82,89992.093750,12,2.1,5.6,0.0,7873.517578,0,0.0,0.0,0.0,1.0
95865,0,1,3400,-56,56,-949,8.8,13,0.60,81333.335938,4,2.1,0.0,0.0,0.0,0.0,0.0,0.0,0.0,1.0
96114,0,1,3400,-56,56,-946,8.1,11,0.95,104632.414062,7,2.1,0.0,0.0,5470.355957,0,0.0,0.0,0.0,1.0
96363,0,1,3400,-56,56,-948,7.8,12,0.56,97644.265625,6,2.1,0.0,0.0,0.0,0.0,0.0,0.0,0.0,1.0
96612,0,1,3400,-56,56,-949,7.8,12,0.53,80634.921875,0,2.1,0.0,0.0,6793.650879,17,0.0,0.0,0.0,1.0
96861,0,1,3400,-56,56,-950,8.4,13,0.63,75509.882812,4,2.1,5.8,0.0,7525.691895,56,0.0,0.0,0.0,1.0
97110,0,1,3400,-56,56,-951,9.1,12,0.87,102603.171875,5,2.1,6.5,0.0,0.0,0.0,0.0,0.0,0.0,1.0
97359,0,1,3400,-56,56,-944,8.7,11,0.68,145039.375000,3,2.1,10,0.0,0.0,80,0.0,0.0,0.0,1.0
97608,0,1,3400,-56,56,-949,7.4,12,0.72,79241.109375,4,2.1,9.9,0.0,8063.241211,29,0.0,0.0,0.0,1.0
97857,0,1,3400,-56,56,-951,9.5,12,0.73,107555.554688,10,2.1,0.0,0.0,0.0,0.0,0.0,0.0,0.0,1.0
98106,0,1,3400,-56,56,-948,8.3,12,1.3,87683.796875,12,2.1,0.0,0.0,5470.355957,0,0.0,0.0,0.0,1.0
98355,0,1,3400,-56,56,-949,7.9,12,0.67,122086.953125,7,2.1,0.0,0.0,16411.066406,25,0.0,0.0,0.0,1.0
98604,0,1,3400,-56,56,-947,8.0,11,0.80,99079.367188,8,2.1,0.0,0.0,8095.238281,17,0.0,0.0,0.0,1.0
98853,0,1,3400,-56,56,-948,9.0,12,0.87,122592.882812,8,2.1,0.0,0.0,0.0,0.0,0.0,0.0,0.0,1.0
99102,0,1,3400,-56,56,-951,8.2,12,0.51,113201.578125,0,2.1,0.0,0.0,0.0,0.0,0.0,0.0,0.0,1.0
99351,0,1,3400,-56,56,-950,9.7,13,0.74,129587.304688,4,2.1,0.0,0.0,0.0,0.0,0.0,0.0,0.0,1.0
99600,0,1,3400,-56,56,-950,8.5,12,0.70,120537.546875,4,2.1,0.0,0.0,6766.798340,17,0.0,0.0,0.0,1.0
99849,0,1,3400,-56,56,-948,7.4,11,1.5,84743.085938,11,2.1,1.1,0.0,11857.707031,46,0.0,0.0,0.0,1.0
100098,0,1,3400,-56,56,-944,7.8,12,0.57,136571.421875,2,2.1,0.0,0.0,5492.063477,0,0.0,0.0,0.0,1.0
100347,0,1,3400,-56,56,-948,8.9,13,0.76,120695.648438,3,2.1,0.0,0.0,0.0,0.0,0.0,0.0,0.0,1.0
100596,0,1,3400,-56,56,-956,6.8,11,0.68,86766.796875,5,2.1,0.0,0.0,8031.620605,12,0.0,0.0,0.0,1.0
100845,0,1,3400,-56,56,-956,9.1,12,0.58,131746.031250,6,2.1,0.0,0.0,0.0,0.0,0.0,0.0,0.0,1.0
101094,0,1,3400,-56,56,-952,8.5,12,0.58,98909.093750,4,2.1,0.0,0.0,5470.355957,0,0.0,0.0,0.0,1.0
101343,0,1,3400,-56,56,-948,8.0,11,0.78,140743.078125,6,2.1,0.0,0.0,5470.355957,0,0.0,0.0,0.0,1.0
101592,0,1,3400,-56,56,-955,9.5,12,0.80,110956.523438,3,2.1,0.0,0.0,7968.379395,0,0.0,0.0,0.0,1.0
101841,0,1,3400,-56,56,-950,9.1,12,0.63,153047.625000,1,2.1,0.0,0.0,0.0,0.0,0.0,0.0,0.0,1.0
102090,0,1,3400,-56,56,-949,9.3,12,0.64,117059.289062,5,2.1,0.0,0.0,0.0,0.0,0.0,0.0,0.0,1.0
102339,0,1,3400,-56,56,-954,9.4,12,0.54,124616.601562,3,2.1,0.0,0.0,0.0,0.0,0.0,0.0,0.0,1.0
102588,0,1,3400,-56,56,-950,9.3,12,0.51,103714.289062,0,2.1,1.5,0.0,6476.190430,60,0.0,0.0,0.0,1.0
102837,0,1,3400,-56,56,-953,8.3,12,0.70,115478.257812,10,2.1,1.9,0.0,5470.355957,0,0.0,0.0,0.0,1.0
103086,0,1,3400,-56,56,-944,8.7,12,0.97,56316.207031,8,2.1,0.0,0.0,5470.355957,0,0.0,0.0,0.0,1.0
103335,0,1,3400,-56,56,-947,6.9,11,0.63,107904.765625,7,2.1,0.0,0.0,0.0,0.0,0.0,0.0,0.0,1.0
103584,0,1,3400,-56,56,-950,7.7,13,0.51,98055.335938,0,2.1,0.0,0.0,2592.885254,20,0.0,0.0,0.0,1.0
103833,0,1,3400,-56,56,-944,8.6,12,0.59,103335.968750,0,2.1,0.0,0.0,5470.355957,67,0.0,0.0,0.0,1.0
104082,0,1,3400,-56,56,-945,9.0,12,0.60,123714.289062,1,2.1,0.0,0.0,0.0,0.0,0.0,0.0,0.0,1.0
104331,0,1,3400,-56,56,-953,8.2,13,0.57,95588.929688,5,2.1,0.0,0.0,0.0,0.0,0.0,0.0,0.0,1.0
104580,0,1,3400,-56,56,-949,7.3,12,0.54,75794.468750,2,2.1,0.0,0.0,16189.723633,11,0.0,0.0,0.0,1.0
104829,0,1,3400,-56,56,-947,8.7,12,0.62,102539.679688,5,2.1,0.0,0.0,0.0,0.0,0.0,0.0,0.0,1.0
105078,0,1,3400,-56,56,-946,8.2,12,0.96,131003.953125,11,2.1,0.0,0.0,0.0,0.0,0.0,0.0,0.0,1.0
105327,0,1,3400,-56,56,-945,9.0,13,0.84,128569.171875,10,2.1,0.0,0.0,0.0,0.0,0.0,0.0,0.0,1.0
105576,0,1,3400,-56,56,-947,8.4,12,0.63,110766.796875,3,2.1,0.0,186,0.0,67,0.0,0.0,0.0,1.0
105825,0,1,3400,-56,56,-953,9.2,13,0.53,133682.546875,1,2.1,0.0,0.0,8000.000000,0,0.0,0.0,0.0,1.0
106074,0,1,3400,-56,56,-951,8.5,12,0.65,84521.742188,11,2.1,0.0,0.0,0.0,0.0,0.0,0.0,0.0,1.0
106323,0,1,3400,-56,56,-951,8.3,11,0.53,157596.843750,1,2.1,0.0,0.0,0.0,0.0,0.0,0.0,0.0,1.0
106572,0,1,3400,-56,56,-951,8.4,12,0.82,104634.921875,5,2.1,3.6,0.0,16253.967773,36,0.0,0.0,0.0,1.0
106821,0,1,3400,-56,56,-943,7.0,12,0.52,45565.218750,3,2.1,0.0,0.0,0.0,0.0,0.0,0.0,0.0,1.0
107070,0,1,3400,-56,56,-943,9.5,13,0.70,99920.945312,9,2.1,0.0,0.0,0.0,0.0,0.0,0.0,0.0,1.0
107319,0,1,3400,-56,56,-951,9.3,12,0.66,120952.382812,3,2.1,0.0,0.0,0.0,0.0,0.0,0.0,0.0,1.0
107568,0,1,3400,-56,56,-949,9.3,12,0.77,90308.296875,6,2.1,2.0,0.0,0.0,80,0.0,0.0,0.0,1.0
107817,0,1,3400,-56,56,-949,8.4,12,0.69,81897.234375,6,2.1,7.5,0.0,0.0,0.0,0.0,0.0,0.0,1.0
108066,0,1,3400,-56,56,-949,9.3,12,0.58,108332.015625,3,2.1,7.5,0.0,0.0,0.0,0.0,0.0,0.0,1.0
108315,0,1,3400,-56,56,-945,7.2,10,0.57,116825.398438,2,2.1,7.5,0.0,0.0,0.0,0.0,0.0,0.0,1.0
108564,0,1,3400,-56,56,-949,9.0,13,0.56,139762.843750,3,2.1,4.4,0.0,8063.241211,38,0.0,0.0,0.0,1.0
108813,0,1,3400,-56,56,-944,8.2,12,0.95,93249.015625,9,2.1,0.0,0.0,0.0,0.0,0.0,0.0,0.0,1.0
109062,0,1,3400,-56,56,-944,8.2,13,0.74,93660.078125,2,2.1,0.0,0.0,5470.355957,0,0.0,0.0,0.0,1.0
109311,0,1,3400,-56,56,-953,8.2,12,0.55,107256.914062,3,2.1,0.0,0.0,0.0,0.0,0.0,0.0,0.0,1.0
109560,0,1,3400,-56,56,-949,8.5,12,0.79,92395.257812,2,2.1,0.0,0.0,8063.241211,17,0.0,0.0,0.0,1.0
109809,0,1,3400,-56,56,-949,7.6,12,0.72,121111.109375,8,2.1,0.0,0.0,0.0,0.0,0.0,0.0,0.0,1.0
110058,0,1,3400,-56,56,-946,9.5,12,0.70,104888.890625,14,2.1,0.0,0.0,5492.063477,0,0.0,0.0,0.0,1.0
110307,0,1,3400,-56,56,-957,8.2,12,0.68,95430.828125,7,2.1,0.0,0.0,0.0,0.0,0.0,0.0,0.0,1.0
110556,0,1,3400,-56,56,-953,8.9,13,0.53,96031.617188,4,2.1,0.0,0.0,2592.885254,20,0.0,0.0,0.0,1.0
110805,0,1,3400,-56,56,-949,8.5,12,0.54,111557.312500,2,2.1,5.8,0.0,7525.691895,43,0.0,0.0,0.0,1.0
111054,0,1,3400,-56,56,-947,8.4,12,0.64,90444.445312,2,2.1,6.5,0.0,0.0,0.0,0.0,0.0,0.0,1.0
111303,0,1,3400,-56,56,-953,8.5,12,0.62,116901.187500,3,2.1,6.5,0.0,0.0,0.0,0.0,0.0,0.0,1.0
111552,0,1,3400,-56,56,-951,9.1,12,0.75,118007.906250,3,2.1,6.8,0.0,0.0,80,0.0,0.0,0.0,1.0
111801,0,1,3400,-56,56,-947,9.3,11,0.86,144698.406250,8,2.1,7.5,0.0,0.0,0.0,0.0,0.0,0.0,1.0
112050,0,1,3400,-56,56,-951,7.7,12,0.76,117059.289062,3,2.1,7.5,0.0,0.0,0.0,0.0,0.0,0.0,1.0
112299,0,1,3400,-56,56,-946,8.5,11,0.72,114000.000000,3,2.1,7.5,0.0,0.0,0.0,0.0,0.0,0.0,1.0
112548,0,1,3400,-56,56,-947,9.1,11,0.66,94577.078125,3,2.1,6.1,0.0,8063.241211,17,0.0,0.0,0.0,1.0
112797,0,1,3400,-56,56,-952,8.5,13,0.78,111304.351562,7,2.1,0.0,0.0,0.0,0.0,0.0,0.0,0.0,1.0
113046,0,1,3400,-56,56,-943,7.0,10,0.62,88980.234375,6,2.1,0.0,0.0,0.0,0.0,0.0,0.0,0.0,1.0
113295,0,1,3400,-56,56,-945,8.7,12,0.53,112284.585938,2,2.1,0.0,0.0,5470.355957,0,0.0,0.0,0.0,1.0
113544,0,1,3400,-56,56,-950,9.0,13,0.74,103777.781250,5,2.1,0.0,0.0,7936.507812,12,0.0,0.0,0.0,1.0
113793,0,1,3400,-56,56,-952,5.1,11,0.72,83889.328125,8,2.1,0.0,0.0,5470.355957,0,0.0,0.0,0.0,1.0
114042,0,1,3400,-56,56,-949,8.3,12,0.56,103968.257812,5,2.1,0.0,0.0,0.0,0.0,0.0,0.0,0.0,1.0
114291,0,1,3400,-56,56,-943,8.4,12,0.58,128442.687500,4,2.1,0.0,0.0,0.0,0.0,0.0,0.0,0.0,1.0
114540,0,1,3400,-56,56,-946,9.3,11,0.88,116964.429688,3,2.1,0.0,0.0,13533.596680,12,0.0,0.0,0.0,1.0
114789,0,1,3400,-56,56,-944,6.4,9.4,0.70,146086.953125,5,2.1,0.0,0.0,0.0,0.0,0.0,0.0,0.0,1.0
115038,0,1,3400,-56,56,-953,7.7,12,0.82,78825.398438,7,2.1,0.0,0.0,0.0,0.0,0.0,0.0,0.0,1.0
115287,0,1,3400,-56,56,-948,8.3,11,0.66,111936.757812,9,2.1,0.0,0.0,5470.355957,0,0.0,0.0,0.0,1.0
115536,0,1,3400,-56,56,-947,8.2,13,0.70,98393.703125,5,2.1,0.0,0.0,12314.960938,0,0.0,0.0,0.0,1.0
115785,0,1,3400,-56,56,-947,9.3,12,0.59,124837.945312,7,2.1,0.0,0.0,0.0,0.0,0.0,0.0,0.0,1.0
116034,0,1,3400,-56,56,-945,9.3,13,0.63,81206.351562,14,2.1,3.6,0.0,5492.063477,57,0.0,0.0,0.0,1.0
116283,0,1,3400,-56,56,-945,9.5,12,0.58,131288.531250,4,2.1,0.0,0.0,0.0,0.0,0.0,0.0,0.0,1.0
116532,0,1,3400,-56,56,-948,8.5,11,0.62,137142.859375,1,2.1,0.0,0.0,13587.301758,0,0.0,0.0,0.0,1.0
116781,0,1,3400,-56,56,-957,7.7,12,0.51,77438.734375,0,2.1,0.0,0.0,0.0,0.0,0.0,0.0,0.0,1.0
117030,0,1,3400,-56,56,-957,8.0,12,0.69,99826.085938,9,2.1,0.0,0.0,0.0,0.0,0.0,0.0,0.0,1.0
117279,0,1,3400,-56,56,-947,8.4,12,0.59,120537.546875,5,2.1,0.0,0.0,5470.355957,0,0.0,0.0,0.0,1.0
117528,0,1,3400,-56,56,-943,8.5,12,0.65,76507.937500,7,2.1,0.0,0.0,12285.713867,0,0.0,0.0,0.0,1.0
117777,0,1,3400,-56,56,-954,8.4,12,0.76,126893.281250,5,2.1,0.0,0.0,0.0,0.0,0.0,0.0,0.0,1.0
118026,0,1,3400,-56,56,-954,8.0,12,0.52,80980.234375,0,2.1,0.0,0.0,0.0,0.0,0.0,0.0,0.0,1.0
118275,0,1,3400,-56,56,-954,9.1,12,0.67,125238.093750,7,2.1,0.0,0.0,0.0,0.0,0.0,0.0,0.0,1.0
118524,0,1,3400,-56,56,-951,8.7,13,0.76,99288.539062,5,2.1,1.7,0.0,12110.671875,36,0.0,0.0,0.0,1.0
118773,0,1,3400,-56,56,-945,7.4,13,0.51,59193.675781,3,2.1,14,0.0,0.0,0.0,0.0,0.0,0.0,1.0
119022,0,1,3400,-56,56,-950,9.3,12,0.88,110444.445312,6,2.1,13,0.0,0.0,80,0.0,0.0,0.0,1.0
119271,0,1,3400,-56,56,-950,9.3,12,0.63,86387.351562,4,2.1,7.5,0.0,0.0,0.0,0.0,0.0,0.0,1.0
119520,0,1,3400,-56,56,-949,7.9,12,0.67,112888.890625,3,2.1,3.2,0.0,13619.047852,0,0.0,0.0,0.0,1.0
119769,0,1,3400,-56,56,-948,8.7,12,0.53,112853.757812,0,2.1,0.0,0.0,0.0,0.0,0.0,0.0,0.0,1.0
120018,0,1,3400,-56,56,-953,8.8,12,0.92,126071.148438,8,2.1,0.0,0.0,0.0,0.0,0.0,0.0,0.0,1.0
120267,0,1,3400,-56,56,-946,8.5,12,0.85,77841.273438,9,2.1,0.0,0.0,5492.063477,0,0.0,0.0,0.0,1.0
120516,0,1,3400,-56,56,-946,8.2,13,0.75,67162.054688,7,2.1,0.0,0.0,8063.241211,29,0.0,0.0,0.0,1.0
120765,0,1,3400,-56,56,-947,9.1,13,0.68,88790.515625,4,2.1,0.0,0.0,0.0,0.0,0.0,0.0,0.0,1.0
121014,0,1,3400,-56,56,-951,9.9,13,0.76,104507.937500,11,2.1,0.0,0.0,0.0,0.0,0.0,0.0,0.0,1.0
121263,0,1,3400,-56,56,-947,8.9,13,0.83,110260.867188,9,2.1,0.0,0.0,0.0,0.0,0.0,0.0,0.0,1.0
121512,0,1,3400,-56,56,-945,8.3,13,0.81,106656.125000,9,2.1,0.0,186,0.0,0.0,0.0,0.0,0.0,1.0
121761,0,1,3400,-56,56,-951,8.4,11,0.81,125206.351562,5,2.1,0.0,0.0,8095.238281,0,0.0,0.0,0.0,1.0
122010,0,1,3400,-56,56,-950,9.1,12,0.73,128758.890625,12,2.1,0.0,0.0,0.0,0.0,0.0,0.0,0.0,1.0
122259,0,1,3400,-56,56,-950,8.9,12,0.74,66624.507812,5,2.1,0.0,0.0,0.0,0.0,0.0,0.0,0.0,1.0
122508,0,1,3400,-56,56,-949,9.2,13,0.81,82403.164062,7,2.1,0.0,186,0.0,0.0,0.0,0.0,0.0,1.0
122757,0,1,3400,-56,56,-952,7.8,13,1.00,58507.937500,10,2.1,0.0,0.0,12349.206055,38,0.0,0.0,0.0,1.0
123006,0,1,3400,-56,56,-951,9.5,13,0.68,114086.953125,2,2.1,0.0,0.0,0.0,0.0,0.0,0.0,0.0,1.0
123255,0,1,3400,-56,56,-951,9.6,12,0.64,140490.125000,9,2.1,0.0,0.0,0.0,0.0,0.0,0.0,0.0,1.0
123504,0,1,3400,-56,56,-944,8.8,13,0.79,160000.000000,8,2.1,0.0,0.0,17650.792969,0,0.0,0.0,0.0,1.0
123753,0,1,3400,-56,56,-951,9.0,12,0.87,73644.265625,9,2.1,0.0,0.0,0.0,0.0,0.0,0.0,0.0,1.0
124002,0,1,3400,-56,56,-953,8.2,12,0.77,68490.117188,7,2.1,0.0,0.0,0.0,0.0,0.0,0.0,0.0,1.0
124251,0,1,3400,-56,56,-946,7.7,12,0.54,93777.781250,2,2.1,0.0,0.0,0.0,0.0,0.0,0.0,0.0,1.0
124500,0,1,3400,-56,56,-947,7.5,11,0.92,150482.218750,7,2.1,0.0,0.0,2592.885254,20,0.0,0.0,0.0,1.0
124749,0,1,3400,-56,56,-947,9.2,12,0.60,135367.593750,4,2.1,0.0,0.0,5470.355957,67,0.0,0.0,0.0,1.0
124998,0,1,3400,-56,56,-953,9.0,12,0.56,85660.078125,2,2.1,0.0,0.0,0.0,0.0,0.0,0.0,0.0,1.0
125247,0,1,3400,-56,56,-948,8.1,11,0.70,98666.664062,0,2.1,0.0,0.0,0.0,0.0,0.0,0.0,0.0,1.0
125496,0,1,3400,-56,56,-949,7.6,12,0.68,145233.203125,6,2.1,0.0,186,5470.355957,0,0.0,0.0,0.0,1.0
125745,0,1,3400,-56,56,-952,9.1,12,0.57,61660.078125,3,2.1,0.0,0.0,16189.723633,11,0.0,0.0,0.0,1.0
125994,0,1,3400,-56,56,-950,9.1,12,0.85,97936.507812,4,2.1,0.0,0.0,0.0,0.0,0.0,0.0,0.0,1.0
126243,0,1,3400,-56,56,-946,8.5,12,0.75,89391.304688,9,2.1,0.0,0.0,0.0,0.0,0.0,0.0,0.0,1.0
126492,0,1,3400,-56,56,-949,8.6,13,0.95,80885.375000,13,2.1,0.0,0.0,8063.241211,17,0.0,0.0,0.0,1.0
126741,0,1,3400,-56,56,-946,7.8,13,0.57,124285.710938,1,2.1,0.0,0.0,0.0,0.0,0.0,0.0,0.0,1.0
126990,0,1,3400,-56,56,-947,8.9,12,0.70,103367.585938,3,2.1,0.0,0.0,5470.355957,0,0.0,0.0,0.0,1.0
127239,0,1,3400,-56,56,-945,9.1,12,0.76,116426.875000,10,2.1,0.0,0.0,0.0,0.0,0.0,0.0,0.0,1.0
127488,0,1,3400,-56,56,-947,9.2,12,0.88,100444.445312,10,2.1,0.0,0.0,2603.174561,20,0.0,0.0,0.0,1.0
127737,0,1,3400,-56,56,-953,8.4,12,0.69,122023.718750,7,2.1,0.0,0.0,5470.355957,75,0.0,0.0,0.0,1.0
127986,0,1,3400,-56,56,-947,8.7,12,0.77,102229.250000,11,2.1,0.0,0.0,5470.355957,0,0.0,0.0,0.0,1.0
128235,0,1,3400,-56,56,-947,8.5,12,0.70,114571.429688,4,2.1,0.0,0.0,0.0,0.0,0.0,0.0,0.0,1.0
128484,0,1,3400,-56,56,-949,7.1,12,0.97,118071.148438,6,2.1,0.0,0.0,17581.027344,0,0.0,0.0,0.0,1.0
128733,0,1,3400,-56,56,-946,8.5,13,0.70,128695.648438,7,2.1,0.0,0.0,0.0,0.0,0.0,0.0,0.0,1.0
128982,0,1,3400,-56,56,-945,8.8,12,0.67,128825.398438,10,2.1,0.0,0.0,0.0,0.0,0.0,0.0,0.0,1.0
129231,0,1,3400,-56,56,-946,7.7,10,0.91,172047.437500,9,2.1,0.0,0.0,0.0,0.0,0.0,0.0,0.0,1.0
129480,0,1,3400,-56,56,-954,8.5,13,0.82,106529.640625,5,2.1,0.0,186,0.0,0.0,0.0,0.0,0.0,1.0
129729,0,1,3400,-56,56,-944,7.6,11,0.66,104603.171875,4,2.1,1.1,0.0,23460.318359,36,0.0,0.0,0.0,1.0
129978,0,1,3400,-56,56,-951,7.4,12,0.61,78924.898438,2,2.1,0.0,0.0,0.0,0.0,0.0,0.0,0.0,1.0
130227,0,1,3400,-56,56,-957,9.4,12,0.82,113675.890625,9,2.1,0.0,0.0,0.0,0.0,0.0,0.0,0.0,1.0
130476,0,1,3400,-56,56,-952,9.0,14,0.55,95494.070312,4,2.1,0.0,0.0,7968.379395,22,0.0,0.0,0.0,1.0
130725,0,1,3400,-56,56,-949,8.9,12,0.98,105746.031250,6,2.1,0.0,0.0,0.0,0.0,0.0,0.0,0.0,1.0
130974,0,1,3400,-56,56,-939,7.6,12,0.71,114086.953125,7,2.1,0.0,0.0,5470.355957,0,0.0,0.0,0.0,1.0
131223,0,1,3400,-56,56,-939,7.5,12,0.63,117723.320312,5,2.1,0.0,0.0,0.0,0.0,0.0,0.0,0.0,1.0
131472,0,1,3400,-56,56,-945,7.6,13,0.53,56634.921875,0,2.1,1.5,0.0,7238.095215,53,0.0,0.0,0.0,1.0
131721,0,1,3400,-56,56,-949,8.8,13,0.74,122181.820312,3,2.1,0.0,0.0,0.0,0.0,0.0,0.0,0.0,1.0
131970,0,1,3400,-56,56,-949,7.9,12,0.64,81396.828125,4,2.1,0.0,0.0,0.0,0.0,0.0,0.0,0.0,1.0
132219,0,1,3400,-56,56,-953,7.8,12,0.68,107446.640625,5,2.1,0.0,0.0,0.0,0.0,0.0,0.0,0.0,1.0
132468,0,1,3400,-56,56,-948,7.9,12,0.66,117343.875000,11,2.1,0.72,0.0,0.0,67,0.0,0.0,0.0,1.0
132717,0,1,3400,-56,56,-948,9.1,13,0.58,106845.851562,2,2.1,7.5,0.0,0.0,100.000000,0.0,0.0,0.0,1.0
132966,0,1,3400,-56,56,-949,8.0,12,0.71,46292.488281,10,2.1,7.5,0.0,0.0,0.0,0.0,0.0,0.0,1.0
133215,0,1,3400,-56,56,-943,8.2,12,0.90,71206.351562,7,2.1,7.5,0.0,0.0,0.0,0.0,0.0,0.0,1.0
133464,0,1,3400,-56,56,-955,8.3,13,0.67,119335.968750,4,2.1,5.8,0.0,7968.379395,0,0.0,0.0,0.0,1.0
133713,0,1,3400,-56,56,-952,8.1,13,0.80,62952.382812,12,2.1,0.0,0.0,0.0,0.0,0.0,0.0,0.0,1.0
133962,0,1,3400,-56,56,-947,8.4,12,0.62,88632.414062,2,2.1,0.0,0.0,0.0,0.0,0.0,0.0,0.0,1.0
134211,0,1,3400,-56,56,-946,6.7,11,0.68,106403.164062,2,2.1,0.0,0.0,0.0,0.0,0.0,0.0,0.0,1.0
134460,0,1,3400,-56,56,-948,6.4,11,0.60,96790.515625,4,2.1,0.37,0.0,6545.454590,46,0.0,0.0,0.0,1.0
134709,0,1,3400,-56,56,-949,7.4,12,0.53,88444.445312,2,2.1,0.73,0.0,7936.507812,43,0.0,0.0,0.0,1.0
134958,0,1,3400,-56,56,-943,8.6,12,1.0,128600.789062,7,2.1,0.0,0.0,0.0,0.0,0.0,0.0,0.0,1.0
135207,0,1,3400,-56,56,-943,9.1,12,0.70,139714.281250,5,2.1,0.0,0.0,0.0,0.0,0.0,0.0,0.0,1.0
135456,0,1,3400,-56,56,-951,8.3,12,0.99,92205.531250,12,2.1,1.6,0.0,12110.671875,36,0.0,0.0,0.0,1.0
135705,0,1,3400,-56,56,-952,8.7,12,0.60,71619.046875,2,2.1,15,0.0,0.0,0.0,0.0,0.0,0.0,1.0
135954,0,1,3400,-56,56,-952,8.1,12,0.65,65612.648438,18,2.1,14,0.0,0.0,0.0,0.0,0.0,0.0,1.0
136203,0,1,3400,-56,56,-947,9.2,12,0.68,108616.601562,5,2.1,15,0.0,0.0,0.0,0.0,0.0,0.0,1.0
136452,0,1,3400,-56,56,-949,7.7,12,0.60,106603.171875,2,2.1,11,0.0,14507.936523,50,0.0,0.0,0.0,1.0
136701,0,1,3400,-56,56,-950,7.6,12,0.58,114877.468750,4,2.1,0.0,0.0,0.0,0.0,0.0,0.0,0.0,1.0
136950,0,1,3400,-56,56,-944,8.3,12,0.89,105612.648438,12,2.1,0.0,0.0,0.0,0.0,0.0,0.0,0.0,1.0
137199,0,1,3400,-56,56,-944,9.4,12,0.83,137238.093750,12,2.1,0.0,0.0,0.0,0.0,0.0,0.0,0.0,1.0
137448,0,1,3400,-56,56,-947,8.3,11,0.73,121707.507812,5,2.1,0.0,0.0,13090.909180,9,0.0,0.0,0.0,1.0
137697,0,1,3400,-56,56,-948,7.4,12,0.71,109913.046875,4,2.1,0.0,0.0,0.0,0.0,0.0,0.0,0.0,1.0
137946,0,1,3400,-56,56,-949,8.8,12,0.85,111114.625000,6,2.1,0.0,0.0,0.0,0.0,0.0,0.0,0.0,1.0
138195,0,1,3400,-56,56,-950,8.6,12,0.61,143269.843750,2,2.1,0.0,0.0,0.0,0.0,0.0,0.0,0.0,1.0
138444,0,1,3400,-56,56,-948,7.7,13,0.68,108869.562500,3,2.1,3.1,0.0,0.0,80,0.0,0.0,0.0,1.0
138693,0,1,3400,-56,56,-943,8.3,12,0.75,103462.453125,5,2.1,7.5,0.0,0.0,0.0,0.0,0.0,0.0,1.0
138942,0,1,3400,-56,56,-946,8.8,12,0.58,138761.906250,4,2.1,3.8,0.0,5492.063477,0,0.0,0.0,0.0,1.0
139191,0,1,3400,-56,56,-944,9.4,13,0.71,115857.710938,8,2.1,0.0,0.0,0.0,0.0,0.0,0.0,0.0,1.0
139440,0,1,3400,-56,56,-947,9.1,12,0.86,123225.296875,7,2.1,0.0,0.0,8063.241211,17,0.0,0.0,0.0,1.0
139689,0,1,3400,-56,56,-944,8.8,12,0.87,108730.156250,11,2.1,0.0,0.0,0.0,0.0,0.0,0.0,0.0,1.0
139938,0,1,3400,-56,56,-946,8.6,12,0.64,85881.421875,6,2.1,0.0,0.0,0.0,0.0,0.0,0.0,0.0,1.0
140187,0,1,3400,-56,56,-951,9.5,13,0.61,109343.875000,8,2.1,0.0,0.0,10940.711914,20,0.0,0.0,0.0,1.0
140436,0,1,3400,-56,56,-949,8.7,11,0.62,142292.484375,6,2.1,0.0,0.0,8063.241211,29,0.0,0.0,0.0,1.0
140685,0,1,3400,-56,56,-946,7.8,12,0.81,147428.578125,7,2.1,0.0,0.0,5492.063477,0,0.0,0.0,0.0,1.0
140934,0,1,3400,-56,56,-947,8.4,12,0.69,78988.140625,9,2.1,0.0,0.0,0.0,0.0,0.0,0.0,0.0,1.0
141183,0,1,3400,-56,56,-942,8.1,12,0.54,96347.828125,3,2.1,0.0,0.0,0.0,0.0,0.0,0.0,0.0,1.0
141432,0,1,3400,-56,56,-949,9.7,12,0.70,115650.796875,5,2.1,0.0,0.0,12031.746094,0,0.0,0.0,0.0,1.0
141681,0,1,3400,-56,56,-950,8.3,12,0.52,70924.898438,0,2.1,2.3,0.0,0.0,80,0.0,0.0,0.0,1.0
141930,0,1,3400,-56,56,-946,6.7,11,0.70,80379.445312,4,2.1,7.4,0.0,0.0,0.0,0.0,0.0,0.0,1.0
142179,0,1,3400,-56,56,-947,7.5,12,0.50,84825.398438,0,2.1,7.5,0.0,0.0,0.0,0.0,0.0,0.0,1.0
142428,0,1,3400,-56,56,-948,8.9,13,0.65,80980.234375,6,2.1,6.7,0.0,2592.885254,20,0.0,0.0,0.0,1.0
142677,0,1,3400,-56,56,-947,8.4,12,1.2,86830.039062,12,2.1,0.0,0.0,5470.355957,0,0.0,0.0,0.0,1.0
142926,0,1,3400,-56,56,-944,8.6,12,0.55,82412.695312,5,2.1,0.0,0.0,0.0,0.0,0.0,0.0,0.0,1.0
143175,0,1,3400,-56,56,-947,7.8,12,0.55,97264.820312,5,2.1,0.0,0.0,0.0,0.0,0.0,0.0,0.0,1.0
143424,0,1,3400,-56,56,-952,8.8,13,0.53,94825.398438,0,2.1,0.0,0.0,8095.238281,0,0.0,0.0,0.0,1.0
143673,0,1,3400,-56,56,-950,8.5,13,0.54,79557.312500,2,2.1,0.0,0.0,5470.355957,0,0.0,0.0,0.0,1.0
143922,0,1,3400,-56,56,-949,9.2,13,0.76,135083.000000,7,2.1,0.0,0.0,5470.355957,0,0.0,0.0,0.0,1.0
144171,0,1,3400,-56,56,-947,8.3,13,0.94,121043.476562,6,2.1,0.0,0.0,0.0,0.0,0.0,0.0,0.0,1.0
144420,0,1,3400,-56,56,-950,8.8,12,0.62,123936.507812,7,2.1,0.36,0.0,6571.428711,42,0.0,0.0,0.0,1.0
144669,0,1,3400,-56,56,-945,7.7,12,0.55,124332.015625,4,2.1,0.73,0.0,13375.494141,33,0.0,0.0,0.0,1.0
144918,0,1,3400,-56,56,-947,8.4,12,0.70,87968.382812,4,2.1,0.0,0.0,5470.355957,0,0.0,0.0,0.0,1.0
145167,0,1,3400,-56,56,-948,7.6,11,0.57,114698.414062,2,2.1,0.0,0.0,0.0,0.0,0.0,0.0,0.0,1.0
145416,0,1,3400,-56,56,-955,8.1,12,0.61,106023.718750,4,2.1,0.0,0.0,8094.861816,0,0.0,0.0,0.0,1.0
145665,0,1,3400,-56,56,-945,8.3,13,0.74,114845.851562,10,2.1,0.0,0.0,0.0,0.0,0.0,0.0,0.0,1.0
145914,0,1,3400,-56,56,-942,7.8,12,0.55,89428.570312,2,2.1,0.0,0.0,0.0,0.0,0.0,0.0,0.0,1.0
146163,0,1,3400,-56,56,-943,8.0,13,0.84,82245.062500,9,2.1,0.0,0.0,0.0,0.0,0.0,0.0,0.0,1.0
146412,0,1,3400,-56,56,-944,8.5,12,0.67,72221.343750,5,2.1,3.8,0.0,14418.972656,45,0.0,0.0,0.0,1.0
146661,0,1,3400,-56,56,-948,9.1,12,0.74,112505.929688,6,2.1,8.0,0.0,0.0,80,0.0,0.0,0.0,1.0
146910,0,1,3400,-56,56,-953,8.1,12,0.61,107269.843750,4,2.1,14,0.0,0.0,0.0,0.0,0.0,0.0,1.0
147159,0,1,3400,-56,56,-950,5.1,9.9,0.66,135557.312500,5,2.1,14,0.0,0.0,0.0,0.0,0.0,0.0,1.0
147408,0,1,3400,-56,56,-952,6.4,11,0.61,110229.250000,4,2.1,11,0.0,12237.154297,56,0.0,0.0,0.0,1.0
147657,0,1,3400,-56,56,-949,8.8,13,1.2,76095.234375,7,2.1,0.0,0.0,0.0,0.0,0.0,0.0,0.0,1.0
147906,0,1,3400,-56,56,-948,7.9,12,0.68,110229.250000,7,2.1,2.0,0.0,1992.094849,33,0.0,0.0,0.0,1.0
148155,0,1,3400,-56,56,-955,9.5,13,0.73,82434.781250,7,2.1,3.0,0.0,0.0,0.0,0.0,0.0,0.0,1.0
148404,0,1,3400,-56,56,-958,9.0,12,0.64,96822.132812,4,2.1,3.0,0.0,0.0,0.0,0.0,0.0,0.0,1.0
148653,0,1,3400,-56,56,-948,9.0,13,0.60,100063.492188,3,2.1,1.6,0.0,10380.952148,36,0.0,0.0,0.0,1.0
148902,0,1,3400,-56,56,-951,8.7,12,0.70,73106.718750,4,2.1,0.0,0.0,0.0,0.0,0.0,0.0,0.0,1.0
149151,0,1,3400,-56,56,-946,9.2,13,0.90,88189.726562,2,2.1,0.0,0.0,0.0,0.0,0.0,0.0,0.0,1.0
149400,0,1,3400,-56,56,-947,9.6,12,0.82,133650.796875,7,2.1,0.0,0.0,8095.238281,0,0.0,0.0,0.0,1.0
149649,0,1,3400,-56,56,-947,6.8,12,0.56,96380.953125,1,2.1,0.0,0.0,0.0,0.0,0.0,0.0,0.0,1.0
149898,0,1,3400,-56,56,-946,5.4,9.0,0.80,114118.578125,4,2.1,0.0,0.0,0.0,0.0,0.0,0.0,0.0,1.0
150147,0,1,3400,-56,56,-948,5.8,11,0.61,101501.976562,2,2.1,0.0,0.0,0.0,0.0,0.0,0.0,0.0,1.0
150396,0,1,3400,-56,56,-952,8.0,12,0.52,76476.187500,0,2.1,0.0,0.0,19079.365234,18,0.0,0.0,0.0,1.0
150645,0,1,3400,-56,56,-958,8.2,12,1.0,101944.664062,18,2.1,0.0,0.0,0.0,0.0,0.0,0.0,0.0,1.0
150894,0,1,3400,-56,56,-951,8.7,12,0.50,103936.757812,0,2.1,0.0,0.0,0.0,0.0,0.0,0.0,0.0,1.0
151143,0,1,3400,-56,56,-946,9.1,13,0.51,133976.281250,0,2.1,0.0,0.0,0.0,0.0,0.0,0.0,0.0,1.0
151392,0,1,3400,-56,56,-948,8.1,13,0.57,71587.304688,0,2.1,0.0,0.0,17777.777344,0,0.0,0.0,0.0,1.0
151641,0,1,3400,-56,56,-947,9.1,13,0.69,69786.562500,7,2.1,0.0,0.0,0.0,0.0,0.0,0.0,0.0,1.0
151890,0,1,3400,-56,56,-942,7.3,12,0.73,44679.843750,16,2.1,0.0,0.0,0.0,0.0,0.0,0.0,0.0,1.0
152139,0,1,3400,-56,56,-943,8.4,12,0.69,91794.468750,7,2.1,0.0,0.0,0.0,0.0,0.0,0.0,0.0,1.0
152388,0,1,3400,-56,56,-950,7.0,12,0.64,93079.367188,6,2.1,0.34,0.0,4349.206543,25,0.0,0.0,0.0,1.0
152637,0,1,3400,-56,56,-954,9.5,11,1.2,96474.304688,11,2.1,0.48,0.0,6766.798340,43,0.0,0.0,0.0,1.0
152886,0,1,3400,-56,56,-944,8.0,13,0.70,82190.476562,11,2.1,0.0,0.0,0.0,0.0,0.0,0.0,0.0,1.0
153135,0,1,3400,-56,56,-945,9.0,12,0.68,69944.664062,3,2.1,0.0,0.0,0.0,0.0,0.0,0.0,0.0,1.0
153384,0,1,3400,-56,56,-952,8.2,12,0.64,90719.367188,2,2.1,0.36,0.0,6545.454590,36,0.0,0.0,0.0,1.0
153633,0,1,3400,-56,56,-950,9.3,13,1.1,62190.476562,9,2.1,0.73,0.0,7936.507812,43,0.0,0.0,0.0,1.0
153882,0,1,3400,-56,56,-949,7.9,12,0.90,73011.859375,4,2.1,0.0,0.0,0.0,0.0,0.0,0.0,0.0,1.0
154131,0,1,3400,-56,56,-947,8.6,12,0.53,125375.492188,1,2.1,0.0,0.0,5470.355957,0,0.0,0.0,0.0,1.0
154380,0,1,3400,-56,56,-946,9.4,13,0.80,82253.968750,6,2.1,0.0,0.0,18380.953125,0,0.0,0.0,0.0,1.0
154629,0,1,3400,-56,56,-952,8.3,13,0.68,109754.937500,5,2.1,0.0,0.0,0.0,0.0,0.0,0.0,0.0,1.0
154878,0,1,3400,-56,56,-950,8.5,12,0.62,105517.789062,9,2.1,0.0,0.0,0.0,0.0,0.0,0.0,0.0,1.0
155127,0,1,3400,-56,56,-945,6.6,9.4,0.72,78260.867188,2,2.1,0.0,0.0,5470.355957,0,0.0,0.0,0.0,1.0
155376,0,1,3400,-56,56,-948,4.7,9.1,0.94,126603.171875,12,2.1,0.0,0.0,2603.174561,44,0.0,0.0,0.0,1.0
155625,0,1,3400,-56,56,-944,7.0,10,0.52,79462.453125,2,2.1,12,0.0,7525.691895,58,0.0,0.0,0.0,1.0
155874,0,1,3400,-56,56,-947,9.6,12,0.80,92173.914062,12,2.1,14,0.0,0.0,0.0,0.0,0.0,0.0,1.0
156123,0,1,3400,-56,56,-950,9.7,13,0.75,99142.859375,8,2.1,14,0.0,0.0,0.0,0.0,0.0,0.0,1.0
156372,0,1,3400,-56,56,-950,7.9,12,0.67,122308.296875,5,2.1,11,0.0,8221.343750,0,0.0,0.0,0.0,1.0
156621,0,1,3400,-56,56,-951,8.2,13,0.60,96063.242188,3,2.1,0.0,0.0,5470.355957,0,0.0,0.0,0.0,1.0
156870,0,1,3400,-56,56,-948,9.2,13,0.70,144476.187500,8,2.1,0.0,0.0,0.0,0.0,0.0,0.0,0.0,1.0
157119,0,1,3400,-56,56,-939,8.9,13,0.61,99035.570312,6,2.1,0.0,0.0,5470.355957,0,0.0,1.0,1.0,1.0
157368,0,1,3400,-56,56,-945,8.3,12,0.66,142513.828125,2,2.1,0.0,0.0,10498.023438,33,0.0,0.0,0.0,1.0
157617,0,1,3400,-56,56,-952,8.9,12,0.83,157818.187500,8,2.1,2.2,0.0,0.0,80,0.0,0.0,0.0,1.0
157866,0,1,3400,-56,56,-948,9.5,13,0.71,136095.234375,8,2.1,7.5,0.0,0.0,0.0,0.0,0.0,0.0,1.0
158115,0,1,3400,-56,56,-949,8.8,11,0.74,110007.906250,5,2.1,7.5,0.0,0.0,0.0,0.0,0.0,0.0,1.0
158364,0,1,3400,-56,56,-950,8.8,13,0.65,85280.632812,9,2.1,7.5,186,0.0,0.0,0.0,0.0,0.0,1.0
158613,0,1,3400,-56,56,-952,7.3,12,0.52,116380.953125,1,2.1,0.42,0.0,8000.000000,0,0.0,0.0,0.0,1.0
158862,0,1,3400,-56,56,-942,9.4,13,0.66,102735.179688,8,2.1,0.0,0.0,5470.355957,0,0.0,0.0,0.0,1.0
159111,0,1,3400,-56,56,-942,9.1,12,0.58,142102.765625,3,2.1,0.0,0.0,5470.355957,0,0.0,0.0,0.0,1.0
159360,0,1,3400,-56,56,-949,8.1,12,0.55,118603.171875,4,2.1,0.0,186,0.0,0.0,0.0,0.0,0.0,1.0
159609,0,1,3400,-56,56,-950,7.9,12,0.54,113865.609375,3,2.1,0.0,0.0,20142.292969,17,0.0,0.0,0.0,1.0
159858,0,1,3400,-56,56,-944,8.5,13,0.79,108964.429688,5,2.1,0.0,0.0,0.0,0.0,0.0,0.0,0.0,1.0
160107,0,1,3400,-56,56,-951,7.8,12,0.66,161936.515625,3,2.1,0.0,0.0,0.0,0.0,0.0,0.0,0.0,1.0
160356,0,1,3400,-56,56,-947,8.6,12,0.62,123857.710938,7,2.1,0.0,186,5470.355957,0,0.0,0.0,0.0,1.0
160605,0,1,3400,-56,56,-944,8.0,12,0.58,82561.265625,6,2.1,0.0,0.0,12110.671875,0,0.0,0.0,0.0,1.0
160854,0,1,3400,-56,56,-952,7.8,12,0.51,86031.742188,2,2.1,0.0,0.0,0.0,0.0,0.0,0.0,0.0,1.0
161103,0,1,3400,-56,56,-951,6.8,12,0.63,68363.632812,5,2.1,0.0,0.0,0.0,0.0,0.0,0.0,0.0,1.0
161352,0,1,3400,-56,56,-948,7.9,13,0.59,110197.625000,5,2.1,3.3,0.0,23209.486328,0,0.0,0.0,0.0,1.0
161601,0,1,3400,-56,56,-948,8.3,13,0.74,95904.765625,7,2.1,14,0.0,0.0,0.0,0.0,0.0,0.0,1.0
161850,0,1,3400,-56,56,-951,9.2,12,0.84,79905.140625,14,2.1,14,0.0,0.0,80,0.0,0.0,0.0,1.0
162099,0,1,3400,-56,56,-956,7.8,11,1.2,112822.132812,9,2.1,13,0.0,0.0,0.0,0.0,0.0,0.0,1.0
162348,0,1,3400,-56,56,-944,7.8,13,0.52,91333.335938,0,2.1,7.9,0.0,8095.238281,14,0.0,0.0,0.0,1.0
162597,0,1,3400,-56,56,-955,8.8,12,0.64,114719.367188,7,2.1,6.0,0.0,10940.711914,40,0.0,0.0,0.0,1.0
162846,0,1,3400,-56,56,-948,8.8,13,0.72,99523.812500,5,2.1,6.0,0.0,0.0,0.0,0.0,0.0,0.0,1.0
163095,0,1,3400,-56,56,-936,9.1,12,0.68,99699.601562,5,2.1,6.0,0.0,0.0,0.0,0.0,0.0,0.0,1.0
163344,0,1,3400,-56,56,-940,9.4,12,0.74,127588.929688,6,2.1,6.4,0.0,13501.976562,36,0.0,0.0,0.0,1.0
163593,0,1,3400,-56,56,-951,6.9,12,0.66,130095.234375,4,2.1,14,0.0,0.0,0.0,0.0,0.0,0.0,1.0
163842,0,1,3400,-56,56,-949,9.1,12,0.53,95304.351562,4,2.1,15,0.0,0.0,0.0,0.0,0.0,0.0,1.0
164091,0,1,3400,-56,56,-945,8.2,12,0.72,104916.992188,6,2.1,14,0.0,0.0,0.0,0.0,0.0,0.0,1.0
164340,0,1,3400,-56,56,-943,8.3,12,0.78,99396.828125,6,2.1,13,0.0,0.0,80,0.0,0.0,0.0,1.0
164589,0,1,3400,-56,56,-945,8.0,12,0.57,91699.601562,5,2.1,7.5,0.0,0.0,0.0,0.0,0.0,0.0,1.0
164838,0,1,3400,-56,56,-947,8.5,12,0.93,102039.523438,14,2.1,7.4,0.0,0.0,0,0.0,0.0,0.0,1.0
165087,0,1,3400,-56,56,-948,8.4,12,0.68,117492.062500,6,2.1,7.5,0.0,5492.063477,0,0.0,0.0,0.0,1.0
165336,0,1,3400,-56,56,-945,8.7,12,0.93,115415.023438,8,2.1,5.8,0.0,8063.241211,0,0.0,0.0,0.0,1.0
165585,0,1,3400,-56,56,-948,8.6,12,0.69,108237.156250,6,2.1,0.0,0.0,5470.355957,0,0.0,0.0,0.0,1.0
165834,0,1,3400,-56,56,-943,9.0,13,0.56,105555.554688,5,2.1,0.0,0.0,0.0,0.0,0.0,0.0,0.0,1.0
166083,0,1,3400,-56,56,-947,7.9,13,0.53,76490.117188,5,2.1,0.0,0.0,0.0,0.0,0.0,0.0,0.0,1.0
166332,0,1,3400,-56,56,-955,8.0,12,0.53,103715.414062,0,2.1,0.0,0.0,17707.509766,0,0.0,0.0,0.0,1.0
166581,0,1,3400,-56,56,-953,7.5,12,0.62,74750.984375,6,2.1,0.0,0.0,0.0,0.0,0.0,0.0,0.0,1.0
166830,0,1,3400,-56,56,-951,8.7,12,0.70,128126.984375,4,2.1,0.0,0.0,0.0,0.0,0.0,0.0,0.0,1.0
167079,0,1,3400,-56,56,-948,8.4,13,0.62,76142.289062,10,2.1,0.0,0.0,0.0,0.0,0.0,0.0,0.0,1.0
167328,0,1,3400,-56,56,-950,8.3,13,0.54,104695.648438,0,2.1,0.0,0.0,10498.023438,33,0.0,0.0,0.0,1.0
167577,0,1,3400,-56,56,-951,8.7,12,0.54,83111.109375,2,2.1,0.0,0.0,0.0,0.0,0.0,0.0,0.0,1.0
167826,0,1,3400,-56,56,-952,6.9,11,0.58,100869.562500,0,2.1,0.0,0.0,0.0,0.0,0.0,0.0,0.0,1.0
168075,0,1,3400,-56,56,-953,7.8,12,0.61,120727.273438,1,2.1,1.2,0.0,5470.355957,57,0.0,0.0,0.0,1.0
168324,0,1,3400,-56,56,-947,7.4,12,0.65,96730.156250,6,2.1,0.0,0.0,8095.238281,0,0.0,0.0,0.0,1.0
168573,0,1,3400,-56,56,-947,9.1,12,0.68,113264.820312,10,2.1,0.0,0.0,0.0,0.0,0.0,0.0,0.0,1.0
168822,0,1,3400,-56,56,-948,7.8,12,0.61,98656.125000,6,2.1,0.0,0.0,0.0,0.0,0.0,0.0,0.0,1.0
169071,0,1,3400,-56,56,-949,7.9,11,0.91,129264.820312,8,2.1,0.0,0.0,10940.711914,0,0.0,0.0,0.0,1.0
169320,0,1,3400,-56,56,-946,9.2,12,0.51,91079.367188,0,2.1,0.0,0.0,12158.730469,0,0.0,0.0,0.0,1.0
169569,0,1,3400,-56,56,-952,7.8,12,1.2,99731.226562,11,2.1,0.0,0.0,0.0,0.0,0.0,0.0,0.0,1.0
169818,0,1,3400,-56,56,-945,9.0,13,0.72,152094.859375,10,2.1,0.0,0.0,0.0,0.0,0.0,0.0,0.0,1.0
170067,0,1,3400,-56,56,-951,8.0,12,0.58,142190.468750,3,2.1,0.0,0.0,5492.063477,0,0.0,0.0,0.0,1.0
170316,0,1,3400,-56,56,-951,6.9,12,0.67,160094.859375,3,2.1,0.0,0.0,17707.509766,0,0.0,0.0,0.0,1.0
170565,0,1,3400,-56,56,-942,7.8,12,0.57,88347.828125,5,2.1,0.0,0.0,0.0,0.0,0.0,0.0,0.0,1.0
170814,0,1,3400,-56,56,-944,8.4,12,0.67,105333.335938,13,2.1,0.0,0.0,5492.063477,0,0.0,0.0,0.0,1.0
171063,0,1,3400,-56,56,-954,8.9,13,0.89,62260.871094,15,2.1,0.0,0.0,0.0,0.0,0.0,0.0,0.0,1.0
171312,0,1,3400,-56,56,-949,7.7,13,0.61,46893.281250,13,2.1,0.0,0.0,11984.189453,0,0.0,0.0,0.0,1.0
171561,0,1,3400,-56,56,-947,7.6,12,0.58,97301.585938,8,2.1,0.0,0.0,0.0,0.0,0.0,0.0,0.0,1.0
171810,0,1,3400,-56,56,-946,9.1,12,0.66,104379.445312,8,2.1,2.5,0.0,0.0,80,0.0,0.0,0.0,1.0
172059,0,1,3400,-56,56,-940,10,13,1.0,129897.234375,5,2.1,7.5,0.0,0.0,0.0,0.0,0.0,0.0,1.0
172308,0,1,3400,-56,56,-948,8.6,13,0.71,130782.609375,5,2.1,6.3,0.0,8094.861816,30,0.0,0.0,0.0,1.0
172557,0,1,3400,-56,56,-955,9.9,12,0.54,109079.367188,3,2.1,0.0,0.0,0.0,0.0,0.0,0.0,0.0,1.0
172806,0,1,3400,-56,56,-953,8.0,12,0.51,70861.656250,0,2.1,0.0,0.0,5470.355957,0,0.0,0.0,0.0,1.0
173055,0,1,3400,-56,56,-953,8.8,13,0.60,91320.156250,6,2.1,0.0,0.0,0.0,0.0,0.0,0.0,0.0,1.0
173304,0,1,3400,-56,56,-946,8.5,13,0.59,111206.351562,8,2.1,0.0,0.0,23269.841797,0,0.0,0.0,0.0,1.0
173553,0,1,3400,-56,56,-949,8.4,12,0.89,100015.812500,8,2.1,0.0,0.0,10940.711914,0,0.0,0.0,0.0,1.0
173802,0,1,3400,-56,56,-949,7.8,13,0.52,88158.101562,2,2.1,0.0,0.0,0.0,0.0,0.0,0.0,0.0,1.0
174051,0,1,3400,-56,56,-947,7.8,12,0.53,73714.289062,0,2.1,0.0,0.0,5492.063477,33,0.0,0.0,0.0,1.0
174300,0,1,3400,-56,56,-950,8.2,11,1.0,92142.289062,8,2.1,0.0,0.0,12584.980469,0,0.0,0.0,0.0,1.0
174549,0,1,3400,-56,56,-950,6.0,10,0.66,148300.390625,3,2.1,0.0,0.0,0.0,0.0,0.0,0.0,0.0,1.0
174798,0,1,3400,-56,56,-952,7.9,11,1.0,97396.828125,8,2.1,0.0,0.0,0.0,0.0,0.0,0.0,0.0,1.0
175047,0,1,3400,-56,56,-943,9.0,12,0.62,84332.015625,4,2.1,0.0,0.0,0.0,0.0,0.0,0.0,0.0,1.0
175296,0,1,3400,-56,56,-943,7.6,13,0.63,111557.312500,7,2.1,1.9,0.0,0.0,80,0.0,0.0,0.0,1.0
175545,0,1,3400,-56,56,-949,7.7,12,0.82,60825.398438,16,2.1,7.5,0.0,0.0,0.0,0.0,0.0,0.0,1.0
175794,0,1,3400,-56,56,-956,6.3,9.5,0.87,137549.406250,4,2.1,7.5,0.0,0.0,0.0,0.0,0.0,0.0,1.0
176043,0,1,3400,-56,56,-952,7.9,12,0.58,94166.007812,6,2.1,7.5,0.0,5470.355957,0,0.0,0.0,0.0,1.0
176292,0,1,3400,-56,56,-947,8.5,11,0.72,111525.695312,4,2.1,7.0,0.0,12237.154297,12,0.0,0.0,0.0,1.0
176541,0,1,3400,-56,56,-947,7.5,12,0.59,132603.171875,2,2.1,0.0,0.0,14952.380859,0,0.0,0.0,0.0,1.0
176790,0,1,3400,-56,56,-948,7.9,11,0.59,102380.953125,4,2.1,0.0,0.0,5492.063477,57,0.0,0.0,0.0,1.0
177039,0,1,3400,-56,56,-949,6.8,11,0.51,99937.007812,1,2.1,0.0,0.0,0.0,0.0,0.0,0.0,0.0,1.0
177288,0,1,3400,-56,56,-941,7.8,12,0.63,108126.984375,4,2.1,0.0,186,0.0,0.0,0.0,0.0,0.0,1.0
177537,0,1,3400,-56,56,-946,8.6,11,0.82,134988.140625,5,2.1,0.82,0.0,11098.814453,36,0.0,0.0,0.0,1.0
177786,0,1,3400,-56,56,-951,6.8,13,0.52,80126.484375,2,2.1,0.0,0.0,0.0,0.0,0.0,0.0,0.0,1.0
178035,0,1,3400,-56,56,-951,9.2,12,0.83,72730.156250,9,2.1,0.0,0.0,0.0,0.0,0.0,0.0,0.0,1.0
178284,0,1,3400,-56,56,-950,7.8,13,0.62,89169.960938,2,2.1,0.0,0.0,12237.154297,0,0.0,0.0,0.0,1.0
178533,0,1,3400,-56,56,-952,8.8,13,0.62,112730.156250,2,2.1,0.0,0.0,0.0,0.0,0.0,0.0,0.0,1.0
178782,0,1,3400,-56,56,-951,9.1,12,0.60,92332.015625,7,2.1,0.0,0.0,0.0,0.0,0.0,0.0,0.0,1.0
179031,0,1,3400,-56,56,-948,9.3,12,0.93,104698.414062,7,2.1,5.2,0.0,0.0,80,0.0,0.0,0.0,1.0
179280,0,1,3400,-56,56,-947,7.7,13,0.73,72000.000000,9,2.1,6.8,0.0,12237.154297,0,0.0,0.0,0.0,1.0
179529,0,1,3400,-56,56,-947,9.2,13,0.61,121201.578125,5,2.1,0.0,0.0,5470.355957,0,0.0,0.0,0.0,1.0
179778,0,1,3400,-56,56,-951,9.1,13,0.86,83762.843750,10,2.1,0.0,0.0,0.0,0.0,0.0,0.0,0.0,1.0
180027,0,1,3400,-56,56,-958,7.1,12,0.64,101873.015625,4,2.1,0.0,0.0,0.0,0.0,0.0,0.0,0.0,1.0
180276,0,1,3400,-56,56,-958,8.9,12,0.65,99288.539062,3,2.1,0.0,0.0,8063.241211,0,0.0,0.0,0.0,1.0
180525,0,1,3400,-56,56,-943,9.2,13,0.73,77596.835938,12,2.1,0.0,0.0,5470.355957,0,0.0,0.0,0.0,1.0
180774,0,1,3400,-56,56,-946,8.1,13,0.54,88253.968750,2,2.1,0.0,0.0,5492.063477,0,0.0,0.0,0.0,1.0
181023,0,1,3400,-56,56,-956,7.9,12,0.74,91351.781250,7,2.1,0.0,0.0,0.0,0.0,0.0,0.0,0.0,1.0
181272,0,1,3400,-56,56,-949,6.5,11,0.64,75446.640625,2,2.1,0.36,0.0,10118.577148,38,0.0,1.0,2.0,1.0
181521,0,1,3400,-56,56,-944,8.4,13,0.56,87588.929688,2,2.1,12,0.0,0.0,80,0.0,0.0,0.0,1.0
181770,0,1,3400,-56,56,-943,9.0,12,0.56,103746.031250,3,2.1,14,0.0,0.0,0.0,0.0,0.0,0.0,1.0
182019,0,1,3400,-56,56,-953,7.9,12,0.61,99067.195312,6,2.1,14,0.0,0.0,0.0,0.0,0.0,0.0,1.0
182268,0,1,3400,-56,56,-949,7.2,12,0.72,105802.375000,3,2.1,13,0.0,6766.798340,17,0.0,0.0,0.0,1.0
182517,0,1,3400,-56,56,-946,8.1,12,0.73,113047.617188,7,2.1,1.1,0.0,11904.761719,46,0.0,0.0,0.0,1.0
182766,0,1,3400,-56,56,-950,8.2,11,0.65,103177.867188,4,2.1,0.0,0.0,0.0,0.0,0.0,0.0,0.0,1.0
183015,0,1,3400,-56,56,-948,8.1,12,0.65,160379.453125,4,2.1,0.0,0.0,0.0,0.0,0.0,0.0,0.0,1.0
183264,0,1,3400,-56,56,-947,8.9,12,0.58,147396.828125,3,2.1,0.0,0.0,14857.142578,33,0.0,0.0,0.0,1.0
183513,0,1,3400,-56,56,-951,8.2,13,0.51,85090.906250,2,2.1,0.0,0.0,0.0,0.0,0.0,0.0,0.0,1.0
183762,0,1,3400,-56,56,-950,9.6,12,0.60,99573.125000,7,2.1,0.0,0.0,0.0,0.0,0.0,0.0,0.0,1.0
184011,0,1,3400,-56,56,-945,6.9,11,0.58,125217.390625,4,2.1,0.0,0.0,0.0,0.0,0.0,0.0,0.0,1.0
184260,0,1,3400,-56,56,-947,7.5,13,0.68,123269.843750,5,2.1,0.0,0.0,8095.238281,0,0.0,0.0,0.0,1.0
184509,0,1,3400,-56,56,-953,9.9,13,0.71,62134.386719,9,2.1,0.0,0.0,0.0,0.0,0.0,0.0,0.0,1.0
184758,0,1,3400,-56,56,-947,8.2,12,0.57,85501.976562,0,2.1,0.0,0.0,0.0,0.0,0.0,0.0,0.0,1.0
185007,0,1,3400,-56,56,-950,7.2,12,0.97,108190.476562,8,2.1,0.0,0.0,0.0,0.0,0.0,0.0,0.0,1.0
185256,0,1,3400,-56,56,-951,9.5,12,0.59,105486.164062,5,2.1,0.0,0.0,13533.596680,12,0.0,0.0,0.0,1.0
185505,0,1,3400,-56,56,-952,8.1,12,0.58,121555.554688,1,2.1,0.0,0.0,5492.063477,0,0.0,0.0,0.0,1.0
185754,0,1,3400,-56,56,-947,8.6,12,0.75,96600.789062,7,2.1,0.0,0.0,0.0,0.0,0.0,0.0,0.0,1.0
186003,0,1,3400,-56,56,-950,7.6,12,0.72,110260.867188,5,2.1,0.0,0.0,0.0,0.0,0.0,0.0,0.0,1.0
186252,0,1,3400,-56,56,-951,8.6,11,0.67,151841.890625,7,2.1,1.4,0.0,11920.948242,50,0.0,0.0,0.0,1.0
186501,0,1,3400,-56,56,-953,7.8,12,0.56,76952.382812,2,2.1,5.0,0.0,0.0,0.0,0.0,0.0,0.0,1.0
186750,0,1,3400,-56,56,-950,9.0,12,0.64,88252.960938,9,2.1,5.0,0.0,0.0,0.0,0.0,0.0,0.0,1.0
186999,0,1,3400,-56,56,-949,9.1,13,0.73,115762.843750,7,2.1,5.0,0.0,0.0,0.0,0.0,0.0,0.0,1.0
187248,0,1,3400,-56,56,-950,8.4,12,0.70,101809.523438,8,2.1,3.7,0.0,12285.713867,0,0.0,0.0,0.0,1.0
187497,0,1,3400,-56,56,-946,8.6,12,0.78,127367.585938,8,2.1,0.0,0.0,0.0,0.0,0.0,0.0,0.0,1.0
187746,0,1,3400,-56,56,-946,9.1,13,0.92,85375.492188,13,2.1,0.0,0.0,0.0,0.0,0.0,0.0,0.0,1.0
187995,0,1,3400,-56,56,-947,7.5,13,0.76,105428.570312,6,2.1,0.0,0.0,0.0,0.0,0.0,0.0,0.0,1.0
188244,0,1,3400,-56,56,-948,7.3,12,1.1,109122.531250,12,2.1,0.0,0.0,8063.241211,38,0.0,0.0,0.0,1.0
188493,0,1,3400,-56,56,-949,6.9,13,0.51,66371.539062,2,2.1,0.0,0.0,0.0,0.0,0.0,0.0,0.0,1.0
188742,0,1,3400,-56,56,-948,7.9,12,0.78,88948.617188,7,2.1,0.0,0.0,0.0,0.0,0.0,0.0,0.0,1.0
188991,0,1,3400,-56,56,-950,8.3,12,0.61,119809.523438,6,2.1,0.0,0.0,0.0,0.0,0.0,0.0,0.0,1.0
189240,0,1,3400,-56,56,-953,7.8,13,0.66,88063.242188,6,2.1,0.0,186,0.0,0.0,0.0,0.0,0.0,1.0
189489,0,1,3400,-56,56,-948,8.8,12,1.3,89928.851562,11,2.1,0.0,0.0,5249.011719,41,0.0,0.0,0.0,1.0
189738,0,1,3400,-56,56,-946,7.5,12,0.68,134476.187500,5,2.1,0.0,0.0,10984.126953,0,0.0,0.0,0.0,1.0
189987,0,1,3400,-56,56,-946,8.6,12,0.90,91193.679688,9,2.1,0.0,0.0,0.0,0.0,0.0,0.0,0.0,1.0
190236,0,1,3400,-56,56,-950,8.6,13,0.54,95019.765625,4,2.1,0.0,0.0,8063.241211,0,0.0,0.0,0.0,1.0
190485,0,1,3400,-56,56,-950,7.6,12,0.60,115396.828125,5,2.1,0.0,0.0,0.0,0.0,0.0,0.0,0.0,1.0
190734,0,1,3400,-56,56,-945,7.6,12,0.62,103494.070312,2,2.1,0.0,0.0,5470.355957,0,0.0,0.0,0.0,1.0
190983,0,1,3400,-56,56,-943,7.7,12,0.63,103142.859375,10,2.1,0.0,0.0,5492.063477,0,0.0,0.0,0.0,1.0
191232,0,1,3400,-56,56,-948,8.1,12,0.63,103083.007812,5,2.1,0.0,0.0,8063.241211,0,0.0,0.0,0.0,1.0
191481,0,1,3400,-56,56,-951,8.6,13,0.74,122940.710938,7,2.1,0.0,0.0,0.0,0.0,0.0,0.0,0.0,1.0
191730,0,1,3400,-56,56,-952,8.7,11,0.86,118603.171875,9,2.1,0.0,0.0,0.0,0.0,0.0,0.0,0.0,1.0
191979,0,1,3400,-56,56,-953,8.5,12,0.64,75320.156250,5,2.1,0.0,0.0,0.0,0.0,0.0,0.0,0.0,1.0
192228,0,1,3400,-56,56,-952,7.6,12,0.66,89296.445312,7,2.1,0.0,0.0,8063.241211,0,0.0,0.0,0.0,1.0
192477,0,1,3400,-56,56,-951,9.3,13,0.53,54412.699219,6,2.1,0.0,0.0,5492.063477,0,0.0,0.0,0.0,1.0
192726,0,1,3400,-56,56,-946,8.9,12,0.74,115573.125000,8,2.1,0.0,0.0,5470.355957,0,0.0,0.0,0.0,1.0
192975,0,1,3400,-56,56,-947,8.8,12,0.73,146023.718750,7,2.1,0.0,0.0,5470.355957,0,0.0,0.0,0.0,1.0
193224,0,1,3400,-56,56,-948,8.9,12,0.55,86634.921875,6,2.1,0.0,0.0,22888.888672,31,0.0,0.0,0.0,1.0
193473,0,1,3400,-56,56,-947,12,13,1.5,109501.976562,7,2.1,0.0,0.0,0.0,0.0,0.0,0.0,0.0,1.0
193722,0,1,3400,-56,56,-948,8.4,12,1.0,89296.445312,12,2.1,0.0,0.0,0.0,0.0,0.0,0.0,0.0,1.0
193971,0,1,3400,-56,56,-947,9.1,12,0.83,114782.609375,4,2.1,0.0,0.0,5470.355957,0,0.0,0.0,0.0,1.0
194220,0,1,3400,-56,56,-949,7.4,12,0.78,73809.523438,17,2.1,0.0,186,0.0,0.0,0.0,0.0,0.0,1.0
194469,0,1,3400,-56,56,-948,8.6,12,1.1,68047.429688,15,2.1,0.0,0.0,13565.217773,0,0.0,0.0,0.0,1.0
194718,0,1,3400,-56,56,-946,6.9,12,0.72,73359.687500,8,2.1,0.0,0.0,0.0,0.0,0.0,0.0,0.0,1.0
194967,0,1,3400,-56,56,-936,8.8,12,0.80,79396.828125,4,2.1,0.0,0.0,0.0,0.0,0.0,0.0,0.0,1.0
195216,0,1,3400,-56,56,-942,6.6,11,0.53,110924.898438,0,2.1,0.0,0.0,7968.379395,12,0.0,0.0,0.0,1.0
195465,0,1,3400,-56,56,-949,8.1,13,0.61,94095.234375,7,2.1,0.0,0.0,0.0,0.0,0.0,0.0,0.0,1.0
195714,0,1,3400,-56,56,-947,8.3,12,0.77,103019.765625,9,2.1,0.0,0.0,0.0,0.0,0.0,0.0,0.0,1.0
195963,0,1,3400,-56,56,-941,8.6,12,0.72,163667.984375,5,2.1,0.0,0.0,0.0,0.0,0.0,0.0,0.0,1.0
196212,0,1,3400,-56,56,-948,9.3,11,1.0,152822.140625,10,2.1,0.0,0.0,11920.948242,0,0.0,0.0,0.0,1.0
196461,0,1,3400,-56,56,-946,7.9,11,0.79,77206.351562,11,2.1,0.0,0.0,0.0,0.0,0.0,0.0,0.0,1.0
196710,0,1,3400,-56,56,-947,8.7,12,0.50,88347.828125,0,2.1,2.5,0.0,0.0,80,0.0,0.0,0.0,1.0
196959,0,1,3400,-56,56,-950,7.2,11,0.57,83604.742188,3,2.1,7.5,0.0,0.0,0.0,0.0,0.0,0.0,1.0
197208,0,1,3400,-56,56,-948,9.2,12,0.71,111365.078125,3,2.1,7.3,0.0,6349.206543,56,0.0,0.0,0.0,1.0
197457,0,1,3400,-56,56,-951,7.8,12,0.83,97739.132812,8,2.1,7.5,0.0,0.0,0.0,0.0,0.0,0.0,1.0
197706,0,1,3400,-56,56,-945,8.5,12,0.67,97106.718750,8,2.1,7.5,0.0,0.0,0.0,0.0,0.0,0.0,1.0
197955,0,1,3400,-56,56,-940,8.1,12,0.78,131383.406250,5,2.1,1.5,0.0,5470.355957,0,0.0,0.0,0.0,1.0
198204,0,1,3400,-56,56,-946,5.4,11,0.58,97904.765625,0,2.1,1.1,0.0,2000.000000,40,0.0,0.0,0.0,1.0
198453,0,1,3400,-56,56,-950,8.6,13,0.71,156079.046875,3,2.1,1.1,0.0,9928.853516,60,0.0,0.0,0.0,1.0
198702,0,1,3400,-56,56,-951,6.8,11,0.57,109723.320312,3,2.1,0.0,0.0,0.0,0.0,0.0,0.0,0.0,1.0
198951,0,1,3400,-56,56,-951,8.2,12,0.95,115523.812500,4,2.1,0.0,0.0,0.0,0.0,0.0,0.0,0.0,1.0
199200,0,1,3400,-56,56,-949,9.2,12,0.57,69723.320312,0,2.1,0.0,0.0,7968.379395,0,0.0,0.0,0.0,1.0
199449,0,1,3400,-56,56,-954,8.1,12,0.84,114750.984375,8,2.1,0.0,0.0,0.0,0.0,0.0,0.0,0.0,1.0
199698,0,1,3400,-56,56,-948,8.8,12,0.91,101111.109375,7,2.1,0.0,0.0,0.0,0.0,0.0,0.0,0.0,1.0
199947,0,1,3400,-56,56,-949,8.2,12,0.79,105992.093750,8,2.1,0.0,0.0,0.0,0.0,0.0,0.0,0.0,1.0
200196,0,1,3400,-56,56,-950,8.4,13,0.68,65936.507812,3,2.1,0.0,0.0,12285.713867,0,0.0,0.0,0.0,1.0
200445,0,1,3400,-56,56,-949,8.1,13,0.50,72158.101562,0,2.1,0.0,0.0,0.0,0.0,0.0,0.0,0.0,1.0
200694,0,1,3400,-56,56,-948,5.3,10,0.50,105581.031250,0,2.1,0.0,0.0,0.0,75,0.0,0.0,0.0,1.0
200943,0,1,3400,-56,56,-947,8.0,12,0.76,138118.578125,10,2.1,0.0,0.0,5470.355957,0,0.0,0.0,0.0,1.0
201192,0,1,3400,-56,56,-949,8.6,12,0.67,111968.257812,6,2.1,0.0,0.0,8095.238281,0,0.0,0.0,0.0,1.0
201441,0,1,3400,-56,56,-944,8.3,12,0.61,63335.968750,3,2.1,0.0,0.0,0.0,0.0,0.0,0.0,0.0,1.0
201690,0,1,3400,-56,56,-950,8.1,12,0.71,138793.656250,7,2.1,0.0,0.0,0.0,0.0,0.0,0.0,0.0,1.0
201939,0,1,3400,-56,56,-958,9.6,12,1.1,55652.175781,9,2.1,0.0,0.0,0.0,0.0,0.0,0.0,0.0,1.0
202188,0,1,3400,-56,56,-953,8.8,13,0.66,135241.109375,5,2.1,0.0,0.0,8063.241211,14,0.0,0.0,0.0,1.0
202437,0,1,3400,-56,56,-947,8.7,12,0.91,85154.148438,12,2.1,0.0,0.0,5470.355957,67,0.0,0.0,0.0,1.0
202686,0,1,3400,-56,56,-949,8.3,12,0.89,91619.046875,12,2.1,0.0,0.0,0.0,0.0,0.0,0.0,0.0,1.0
202935,0,1,3400,-56,56,-953,8.8,12,0.56,111968.382812,3,2.1,0.0,0.0,5470.355957,0,0.0,0.0,0.0,1.0
203184,0,1,3400,-56,56,-950,8.3,13,0.54,89233.203125,4,2.1,0.0,0.0,17707.509766,0,0.0,0.0,0.0,1.0
203433,0,1,3400,-56,56,-942,9.0,12,0.51,99541.500000,0,2.1,0.0,0.0,0.0,0.0,0.0,0.0,0.0,1.0
203682,0,1,3400,-56,56,-937,8.2,12,0.69,95238.093750,4,2.1,0.0,0.0,0.0,0.0,0.0,0.0,0.0,1.0
203931,0,1,3400,-56,56,-948,8.1,12,0.53,75320.156250,5,2.1,0.0,0.0,0.0,0.0,0.0,0.0,0.0,1.0
204180,0,1,3400,-56,56,-951,9.0,12,0.76,113928.851562,9,2.1,1.9,0.0,21122.529297,33,0.0,0.0,0.0,1.0
204429,0,1,3400,-56,56,-947,8.3,12,0.69,136634.921875,3,2.1,10,0.0,0.0,0.0,0.0,0.0,0.0,1.0
204678,0,1,3400,-56,56,-950,8.4,12,0.67,100521.742188,5,2.1,10,0.0,0.0,0,0.0,0.0,0.0,1.0
204927,0,1,3400,-56,56,-950,7.8,11,0.77,118830.039062,3,2.1,4.0,0.0,5470.355957,0,0.0,0.0,0.0,1.0
205176,0,1,3400,-56,56,-950,9.7,12,0.75,93047.617188,6,2.1,3.7,0.0,8000.000000,0,0.0,0.0,0.0,1.0
205425,0,1,3400,-56,56,-952,8.3,12,0.64,56442.687500,3,2.1,0.0,0.0,5470.355957,0,0.0,0.0,0.0,1.0
205674,0,1,3400,-56,56,-947,7.0,11,0.63,104284.585938,7,2.1,0.0,0.0,0.0,80,0.0,0.0,0.0,1.0
205923,0,1,3400,-56,56,-948,8.3,12,0.89,85428.570312,0,2.1,0.0,0.0,0.0,0.0,0.0,0.0,0.0,1.0
206172,0,1,3400,-56,56,-945,7.8,10,0.85,174450.593750,7,2.1,0.0,0.0,6766.798340,17,0.0,0.0,0.0,1.0
206421,0,1,3400,-56,56,-946,8.1,12,0.61,114972.328125,3,2.1,0.0,0.0,9422.924805,0,0.0,0.0,0.0,1.0
206670,0,1,3400,-56,56,-957,9.6,12,1.1,63714.285156,15,2.1,0.0,0.0,5492.063477,0,0.0,0.0,0.0,1.0
206919,0,1,3400,-56,56,-951,8.6,12,0.61,116079.054688,3,2.1,0.0,0.0,0.0,0.0,0.0,0.0,0.0,1.0
207168,0,1,3400,-56,56,-953,7.2,12,0.63,86292.492188,5,2.1,0.0,0.0,8063.241211,0,0.0,0.0,0.0,1.0
207417,0,1,3400,-56,56,-947,7.9,12,0.64,75067.195312,0,2.1,0.0,0.0,5470.355957,0,0.0,0.0,0.0,1.0
207666,0,1,3400,-56,56,-941,7.2,12,0.74,49047.617188,0,2.1,0.0,0.0,5492.063477,0,0.0,0.0,0.0,1.0
207915,0,1,3400,-56,56,-946,7.2,11,0.66,104411.070312,3,2.1,0.0,0.0,0.0,0.0,0.0,0.0,0.0,1.0
208164,0,1,3400,-56,56,-948,8.9,13,0.76,138498.031250,4,2.1,0.31,0.0,19762.845703,23,0.0,0.0,0.0,1.0
208413,0,1,3400,-56,56,-945,8.5,13,0.66,110031.742188,3,2.1,6.5,0.0,0.0,0.0,0.0,0.0,0.0,1.0
208662,0,1,3400,-56,56,-947,9.3,12,1.2,93533.593750,12,2.1,9.1,0.0,0.0,80,0.0,0.0,0.0,1.0
208911,0,1,3400,-56,56,-945,7.7,12,0.56,68031.742188,0,2.1,15,0.0,0.0,0.0,0.0,0.0,0.0,1.0
209160,0,1,3400,-56,56,-947,7.7,11,0.71,112094.859375,5,2.1,13,0.0,18086.957031,31,0.0,0.0,0.0,1.0
209409,0,1,3400,-56,56,-950,8.6,13,0.82,89238.093750,9,2.1,0.0,0.0,0.0,0.0,0.0,0.0,0.0,1.0
209658,0,1,3400,-56,56,-947,8.4,12,0.71,135272.734375,3,2.1,0.0,0.0,10940.711914,0,0.0,0.0,0.0,1.0
209907,0,1,3400,-56,56,-946,7.4,11,0.74,87083.007812,6,2.1,0.0,0.0,0.0,0.0,0.0,0.0,0.0,1.0
210156,0,1,3400,-56,56,-952,9.3,12,0.84,116079.054688,17,2.1,0.0,0.0,8063.241211,25,0.0,0.0,0.0,1.0
210405,0,1,3400,-56,56,-954,8.1,12,0.74,105428.570312,7,2.1,0.0,0.0,5492.063477,50,0.0,0.0,0.0,1.0
210654,0,1,3400,-56,56,-949,8.7,12,0.53,116363.632812,0,2.1,0.0,0.0,0.0,0,0.0,0.0,0.0,1.0
210903,0,1,3400,-56,56,-949,8.7,11,0.98,109122.531250,11,2.1,0.0,0.0,10940.711914,25,0.0,0.0,0.0,1.0
211152,0,1,3400,-56,56,-950,6.7,11,0.55,118703.554688,2,2.1,0.0,186,0.0,0.0,0.0,0.0,0.0,1.0
211401,0,1,3400,-56,56,-948,8.4,12,0.64,79777.781250,6,2.1,0.0,0.0,8095.238281,29,0.0,0.0,0.0,1.0
211650,0,1,3400,-56,56,-950,7.4,12,0.53,107288.539062,3,2.1,0.0,0.0,0.0,0,0.0,0.0,0.0,1.0
211899,0,1,3400,-56,56,-951,6.3,12,0.58,102830.039062,5,2.1,0.0,0.0,10940.711914,0,0.0,0.0,0.0,1.0
212148,0,1,3400,-56,56,-953,7.2,11,0.77,104158.726562,4,2.1,1.1,0.0,20000.000000,28,0.0,0.0,0.0,1.0
212397,0,1,3400,-56,56,-948,8.9,13,0.54,107699.601562,2,2.1,0.0,0.0,0.0,0.0,0.0,0.0,0.0,1.0
212646,0,1,3400,-56,56,-950,7.2,11,0.71,147446.640625,4,2.1,0.0,0.0,5470.355957,0,0.0,0.0,0.0,1.0
212895,0,1,3400,-56,56,-950,8.1,13,0.52,122984.125000,1,2.1,0.0,0.0,10984.126953,20,0.0,0.0,0.0,1.0
213144,0,1,3400,-56,56,-947,5.8,10,0.70,121770.750000,4,2.1,0.0,0.0,26371.541016,15,0.0,0.0,0.0,1.0
213393,0,1,3400,-56,56,-950,9.0,12,1.1,120505.929688,10,2.1,2.2,0.0,0.0,80,0.0,0.0,0.0,1.0
213642,0,1,3400,-56,56,-944,8.8,13,0.59,97682.539062,7,2.1,7.5,0.0,0.0,0.0,0.0,0.0,0.0,1.0
213891,0,1,3400,-56,56,-940,9.0,12,0.80,112537.546875,3,2.1,7.1,0.0,5470.355957,0,0.0,0.0,0.0,1.0
214140,0,1,3400,-56,56,-949,9.8,13,0.84,156142.296875,5,2.1,0.0,0.0,13533.596680,12,0.0,0.0,0.0,1.0
214389,0,1,3400,-56,56,-948,8.9,12,0.51,83193.679688,0,2.1,0.0,0.0,5470.355957,0,0.0,0.0,0.0,1.0
214638,0,1,3400,-56,56,-950,7.6,11,0.70,128793.648438,7,2.1,0.0,0.0,5492.063477,0,0.0,0.0,0.0,1.0
214887,0,1,3400,-56,56,-952,8.2,13,0.54,113992.093750,2,2.1,0.0,0.0,5470.355957,0,0.0,0.0,0.0,1.0
215136,0,1,3400,-56,56,-954,8.4,13,0.84,101090.906250,10,2.1,0.0,0.0,8063.241211,0,0.0,0.0,0.0,1.0
215385,0,1,3400,-56,56,-954,7.6,11,0.87,98920.632812,12,2.1,0.0,0.0,0.0,0.0,0.0,0.0,0.0,1.0
215634,0,1,3400,-56,56,-955,9.3,12,0.76,108079.054688,8,2.1,0.0,0.0,5470.355957,33,0.0,0.0,0.0,1.0
215883,0,1,3400,-56,56,-952,7.8,11,1.2,94355.734375,8,2.1,0.0,0.0,5470.355957,0,0.0,0.0,0.0,1.0
216132,0,1,3400,-56,56,-956,9.1,11,0.86,122952.382812,8,2.1,2.9,0.0,173968.250000,57,0.0,0.0,0.0,1.0
216381,0,1,3400,-56,56,-951,10,13,0.77,97960.476562,4,2.1,12,0.0,5470.355957,0,0.0,0.0,0.0,1.0
216630,0,1,3400,-56,56,-943,8.7,12,0.64,111587.304688,10,2.1,8.0,0.0,5492.063477,0,0.0,0.0,0.0,1.0
216879,0,1,3400,-56,56,-945,8.4,12,0.71,63464.566406,5,2.1,8.0,0.0,10897.637695,0,0.0,0.0,0.0,1.0
217128,0,1,3400,-56,56,-939,8.5,13,0.52,77238.093750,2,2.1,6.2,0.0,7841.270020,0,0.0,0.0,0.0,1.0
217377,0,1,3400,-56,56,-945,8.5,12,0.63,124837.945312,8,2.1,0.0,0.0,0.0,0.0,0.0,0.0,0.0,1.0
217626,0,1,3400,-56,56,-951,8.6,11,0.57,93015.875000,3,2.1,0.0,0.0,0.0,0.0,0.0,0.0,0.0,1.0
217875,0,1,3400,-56,56,-953,8.9,12,0.71,84837.945312,6,2.1,0.0,0.0,5470.355957,60,0.0,0.0,0.0,1.0
218124,0,1,3400,-56,56,-948,9.3,12,0.81,117555.554688,5,2.1,0.0,0.0,13587.301758,12,0.0,0.0,0.0,1.0
218373,0,1,3400,-56,56,-950,9.1,12,0.78,112189.726562,7,2.1,0.0,0.0,5470.355957,33,0.0,0.0,0.0,1.0
218622,0,1,3400,-56,56,-948,8.5,12,0.93,87715.414062,11,2.1,0.0,0.0,0.0,0.0,0.0,0.0,0.0,1.0
218871,0,1,3400,-56,56,-940,8.7,12,0.90,86166.007812,10,2.1,0.0,0.0,0.0,0.0,0.0,0.0,0.0,1.0
219120,0,1,3400,-56,56,-949,8.6,12,0.68,106349.203125,8,2.1,3.2,0.0,106253.968750,52,0.0,0.0,0.0,1.0
219369,0,1,3400,-56,56,-949,7.1,11,0.65,87462.453125,7,2.1,16,0.0,0.0,0.0,0.0,0.0,0.0,1.0
219618,0,1,3400,-56,56,-950,9.1,12,1.1,101122.531250,5,2.1,16,0.0,0.0,0.0,0.0,0.0,0.0,1.0
219867,0,1,3400,-56,56,-945,7.7,13,0.71,116888.890625,9,2.1,12,0.0,5492.063477,0,0.0,0.0,0.0,1.0
220116,0,1,3400,-56,56,-944,9.6,13,0.83,126102.765625,12,2.1,6.7,0.0,8063.241211,29,0.0,0.0,0.0,1.0
220365,0,1,3400,-56,56,-946,9.7,13,0.62,124332.015625,1,2.1,0.0,0.0,5470.355957,0,0.0,0.0,0.0,1.0
220614,0,1,3400,-56,56,-947,9.3,13,0.72,117936.507812,8,2.1,0.0,0.0,5492.063477,0,0.0,0.0,0.0,1.0
220863,0,1,3400,-56,56,-952,8.6,12,1.1,89897.234375,7,2.1,0.0,0.0,5470.355957,0,0.0,0.0,0.0,1.0
221112,0,1,3400,-56,56,-953,7.6,13,0.91,87272.726562,6,2.1,0.0,0.0,17707.509766,0,0.0,0.0,0.0,1.0
221361,0,1,3400,-56,56,-948,9.4,12,0.75,105206.351562,6,2.1,0.0,0.0,0.0,0.0,0.0,0.0,0.0,1.0
221610,0,1,3400,-56,56,-945,8.7,13,0.84,87430.828125,9,2.1,0.0,0.0,5470.355957,0,0.0,0.0,0.0,1.0
221859,0,1,3400,-56,56,-951,9.0,12,0.53,124521.742188,1,2.1,0.0,0.0,10940.711914,0,0.0,0.0,0.0,1.0
222108,0,1,3400,-56,56,-950,8.9,12,0.75,121043.476562,11,2.1,0.0,0.0,8063.241211,0,0.0,0.0,0.0,1.0
222357,0,1,3400,-56,56,-951,8.2,13,0.98,62095.238281,12,2.1,0.0,0.0,0.0,0.0,0.0,0.0,0.0,1.0
222606,0,1,3400,-56,56,-947,8.5,12,0.74,114434.781250,3,2.1,0.0,0.0,5470.355957,0,0.0,0.0,0.0,1.0
222855,0,1,3400,-56,56,-944,8.1,13,0.87,112190.476562,3,2.1,0.0,0.0,5492.063477,0,0.0,0.0,0.0,1.0
223104,0,1,3400,-56,56,-948,9.9,13,0.63,60869.566406,3,2.1,0.0,186,0.0,0.0,0.0,0.0,0.0,1.0
223353,0,1,3400,-56,56,-945,8.2,13,0.54,84679.843750,4,2.1,0.0,0.0,13533.596680,0,0.0,0.0,0.0,1.0
223602,0,1,3400,-56,56,-946,8.5,13,0.64,128221.343750,6,2.1,0.0,0.0,5470.355957,0,0.0,0.0,0.0,1.0
223851,0,1,3400,-56,56,-951,9.1,12,0.75,92521.742188,8,2.1,0.0,0.0,16411.066406,0,0.0,0.0,0.0,1.0
224100,0,1,3400,-56,56,-952,8.8,12,0.70,137841.265625,10,2.1,0.0,0.0,13587.301758,30,0.0,0.0,0.0,1.0
224349,0,1,3400,-56,56,-949,6.9,11,0.64,116237.156250,5,2.1,0.0,0.0,0.0,0.0,0.0,0.0,0.0,1.0
224598,0,1,3400,-56,56,-948,8.0,12,0.91,96000.000000,13,2.1,0.0,0.0,5492.063477,57,0.0,0.0,0.0,1.0
224847,0,1,3400,-56,56,-952,8.6,12,0.82,88853.757812,4,2.1,0.0,0.0,0.0,0.0,0.0,0.0,0.0,1.0
225096,0,1,3400,-56,56,-944,7.7,10,0.70,147478.265625,5,2.1,0.0,0.0,10940.711914,14,0.0,0.0,0.0,1.0
225345,0,1,3400,-56,56,-946,7.5,12,0.69,105075.101562,3,2.1,0.0,0.0,9201.581055,38,0.0,0.0,0.0,1.0
225594,0,1,3400,-56,56,-954,8.3,12,0.69,68158.726562,7,2.1,0.0,0.0,5492.063477,0,0.0,0.0,0.0,1.0
225843,0,1,3400,-56,56,-947,9.3,13,0.69,129897.234375,1,2.1,0.0,0.0,0.0,0.0,0.0,0.0,0.0,1.0
226092,0,1,3400,-56,56,-943,8.7,13,0.64,93501.976562,5,2.1,0.0,0.0,13533.596680,0,0.0,0.0,0.0,1.0
226341,0,1,3400,-56,56,-948,8.1,12,0.92,120031.742188,10,2.1,0.0,0.0,0.0,0.0,0.0,0.0,0.0,1.0
226590,0,1,3400,-56,56,-945,7.4,12,1.1,92142.289062,7,2.1,0.0,0.0,0.0,0,0.0,0.0,0.0,1.0
226839,0,1,3400,-56,56,-944,8.4,12,0.58,114782.609375,0,2.1,0.0,0.0,5470.355957,0,0.0,0.0,0.0,1.0
227088,0,1,3400,-56,56,-945,9.1,12,1.3,109873.015625,8,2.1,0.77,0.0,5650.793457,50,0.0,0.0,0.0,1.0
227337,0,1,3400,-56,56,-944,8.6,12,0.67,80537.546875,0,2.1,0.0,0.0,5470.355957,50,0.0,0.0,0.0,1.0
227586,0,1,3400,-56,56,-944,6.9,11,0.79,82095.234375,11,2.1,0.0,0.0,0.0,0.0,0.0,0.0,0.0,1.0
227835,0,1,3400,-56,56,-941,7.3,12,0.63,94893.281250,2,2.1,0.0,0.0,0.0,0.0,0.0,0.0,0.0,1.0
228084,0,1,3400,-56,56,-945,7.6,12,0.97,83225.296875,11,2.1,0.0,0.0,12110.671875,0,0.0,0.0,0.0,1.0
228333,0,1,3400,-56,56,-944,7.5,12,0.79,84047.429688,12,2.1,1.0,0.0,0.0,80,0.0,0.0,0.0,1.0
228582,0,1,3400,-56,56,-951,9.5,12,0.75,138698.406250,7,2.1,5.0,0.0,5492.063477,33,0.0,0.0,0.0,1.0
228831,0,1,3400,-56,56,-952,7.3,11,0.75,110988.140625,3,2.1,0.0,0.0,5470.355957,0,0.0,0.0,0.0,1.0
229080,0,1,3400,-56,56,-952,9.2,12,0.83,91889.328125,11,2.1,1.6,0.0,9106.719727,47,0.0,0.0,0.0,1.0
229329,0,1,3400,-56,56,-954,8.3,13,0.64,66940.710938,5,2.1,0.0,0.0,0.0,0.0,0.0,0.0,0.0,1.0
229578,0,1,3400,-56,56,-944,8.7,12,0.93,93873.015625,7,2.1,0.0,0.0,0.0,0.0,0.0,0.0,0.0,1.0
229827,0,1,3400,-56,56,-945,8.8,12,0.72,110988.140625,10,2.1,0.0,0.0,0.0,0.0,0.0,0.0,0.0,1.0
230076,0,1,3400,-56,56,-944,7.4,11,0.97,105904.765625,10,2.1,0.0,186,0.0,0.0,0.0,0.0,0.0,1.0
230325,0,1,3400,-56,56,-951,7.3,11,0.69,146245.062500,4,2.1,0.0,0.0,8063.241211,45,0.0,0.0,0.0,1.0
230574,0,1,3400,-56,56,-953,8.4,12,0.85,154972.328125,8,2.1,0.0,0.0,10940.711914,0,0.0,0.0,0.0,1.0
230823,0,1,3400,-56,56,-947,8.8,12,0.76,98150.195312,5,2.1,0.0,0.0,0.0,50,0.0,0.0,0.0,1.0
231072,0,1,3400,-56,56,-953,8.0,12,0.70,86349.203125,4,2.1,0.0,0.0,18984.126953,17,0.0,0.0,0.0,1.0
231321,0,1,3400,-56,56,-952,9.1,12,0.62,144571.421875,2,2.1,2.2,0.0,0.0,80,0.0,0.0,0.0,1.0
231570,0,1,3400,-56,56,-950,8.6,13,0.74,74118.578125,12,2.1,3.8,0.0,5470.355957,33,0.0,0.0,0.0,1.0
231819,0,1,3400,-56,56,-948,10,12,0.51,112474.304688,0,2.1,0.0,0.0,0.0,0.0,0.0,0.0,0.0,1.0
232068,0,1,3400,-56,56,-944,7.5,12,0.66,89264.820312,7,2.1,0.0,0.0,7968.379395,0,0.0,0.0,0.0,1.0
232317,0,1,3400,-56,56,-946,9.6,13,0.95,106761.906250,5,2.1,0.0,0.0,0.0,0.0,0.0,0.0,0.0,1.0
232566,0,1,3400,-56,56,-945,9.4,12,0.73,159936.765625,9,2.1,0.0,0.0,10940.711914,0,0.0,0.0,0.0,1.0
232815,0,1,3400,-56,56,-944,8.1,12,0.53,81833.992188,2,2.1,0.0,0.0,10940.711914,25,0.0,0.0,0.0,1.0
233064,0,1,3400,-56,56,-950,9.0,13,0.66,121936.507812,6,2.1,0.0,0.0,8095.238281,14,0.0,0.0,0.0,1.0
233313,0,1,3400,-56,56,-949,9.4,12,0.78,71430.828125,7,2.1,0.0,0.0,10940.711914,25,0.0,0.0,0.0,1.0
233562,0,1,3400,-56,56,-949,8.9,13,0.56,78956.523438,2,2.1,0.0,0.0,10940.711914,0,0.0,0.0,0.0,1.0
233811,0,1,3400,-56,56,-954,8.8,12,0.56,110349.203125,2,2.1,0.0,0.0,5492.063477,0,0.0,0.0,0.0,1.0
234060,0,1,3400,-56,56,-949,7.8,9.9,0.94,128347.828125,5,2.1,0.0,20,0.0,80,0.0,0.0,0.0,1.0
234309,0,1,3400,-56,56,-950,7.3,12,0.59,115509.882812,1,2.1,0.0,20,0.0,0.0,0.0,0.0,0.0,1.0
234558,0,1,3400,-56,56,-952,7.7,12,0.94,107509.882812,14,2.1,0.0,0.0,17296.443359,33,0.0,0.0,0.0,1.0
234807,0,1,3400,-56,56,-947,7.3,11,0.75,110507.937500,8,2.1,0.0,0.0,0.0,0.0,0.0,0.0,0.0,1.0
235056,0,1,3400,-56,56,-945,8.4,12,0.95,139383.406250,10,2.1,0.0,0.0,13533.596680,12,0.0,0.0,0.0,1.0
235305,0,1,3400,-56,56,-941,9.2,13,0.95,81587.304688,5,2.1,0.0,0.0,5492.063477,0,0.0,0.0,0.0,1.0
235554,0,1,3400,-56,56,-950,9.0,13,0.77,93027.671875,7,2.1,0.0,0.0,0.0,0.0,0.0,0.0,0.0,1.0
235803,0,1,3400,-56,56,-946,8.4,12,0.85,132901.187500,11,2.1,0.0,0.0,0.0,0.0,0.0,0.0,0.0,1.0
236052,0,1,3400,-56,56,-944,6.4,10,0.94,120063.242188,5,2.1,0.0,186,0.0,0.0,0.0,0.0,0.0,1.0
236301,0,1,3400,-56,56,-951,7.0,11,0.68,132634.921875,4,2.1,1.3,0.0,17460.318359,53,0.0,0.0,0.0,1.0
236550,0,1,3400,-56,56,-950,8.2,13,0.53,82909.093750,2,2.1,0.0,0.0,0.0,0.0,0.0,0.0,0.0,1.0
236799,0,1,3400,-56,56,-947,8.0,12,0.73,98687.750000,6,2.1,0.0,0.0,5470.355957,0,0.0,1.0,6.0,1.0
237048,0,1,3400,-56,56,-954,9.0,13,0.56,105142.859375,4,2.1,0.0,0.0,8095.238281,0,0.0,0.0,0.0,1.0
237297,0,1,3400,-56,56,-947,7.8,11,1.0,98750.984375,12,2.1,0.0,0.0,0.0,0.0,0.0,0.0,0.0,1.0
237546,0,1,3400,-56,56,-950,8.9,12,0.65,107130.437500,6,2.1,0.0,0.0,0.0,0.0,0.0,0.0,0.0,1.0
237795,0,1,3400,-56,56,-945,8.1,12,0.55,114793.648438,1,2.1,0.0,0.0,5492.063477,0,0.0,0.0,0.0,1.0
238044,0,1,3400,-56,56,-946,7.6,11,0.92,119114.625000,8,2.1,0.0,0.0,8063.241211,38,0.0,0.0,0.0,1.0
238293,0,1,3400,-56,56,-952,7.4,13,0.68,71335.968750,7,2.1,0.0,0.0,10940.711914,0,0.0,0.0,0.0,1.0
238542,0,1,3400,-56,56,-949,7.5,12,0.60,103177.867188,4,2.1,0.0,0.0,0.0,0.0,0.0,0.0,0.0,1.0
238791,0,1,3400,-56,56,-947,8.8,12,0.74,98222.218750,3,2.1,0.0,0.0,0.0,0.0,0.0,0.0,0.0,1.0
239040,0,1,3400,-56,56,-944,5.4,10,0.79,98909.093750,2,2.1,0.0,186,0.0,75,0.0,0.0,0.0,1.0
239289,0,1,3400,-56,56,-946,8.9,12,0.80,125628.460938,13,2.1,0.0,0.0,12110.671875,0,0.0,0.0,0.0,1.0
239538,0,1,3400,-56,56,-951,7.4,10.0,0.55,131174.609375,0,2.1,2.5,0.0,0.0,80,0.0,0.0,0.0,1.0
239787,0,1,3400,-56,56,-954,8.2,11,0.83,146245.062500,11,2.1,7.5,0.0,0.0,0.0,0.0,0.0,0.0,1.0
240036,0,1,3400,-56,56,-953,9.3,13,0.51,103652.171875,0,2.1,7.0,0.0,2592.885254,20,0.0,0.0,0.0,1.0
240285,0,1,3400,-56,56,-950,9.0,13,0.57,106761.906250,5,2.1,0.0,0.0,10984.126953,0,0.0,0.0,0.0,1.0
240534,0,1,3400,-56,56,-951,8.3,12,0.61,85714.289062,4,2.1,0.0,0.0,0.0,0.0,0.0,0.0,0.0,1.0
240783,0,1,3400,-56,56,-952,8.3,13,0.56,86197.625000,4,2.1,0.0,0.0,0.0,0.0,0.0,0.0,0.0,1.0
241032,0,1,3400,-56,56,-942,8.1,12,0.56,81454.546875,4,2.1,0.0,0.0,8063.241211,29,0.0,0.0,0.0,1.0
241281,0,1,3400,-56,56,-947,9.2,13,1.2,146845.843750,12,2.1,0.0,0.0,0.0,0.0,0.0,0.0,0.0,1.0
241530,0,1,3400,-56,56,-947,8.2,12,0.72,107936.507812,6,2.1,0.0,0.0,0.0,0.0,0.0,0.0,0.0,1.0
241779,0,1,3400,-56,56,-951,9.5,13,0.58,92679.843750,2,2.1,0.0,0.0,0.0,75,0.0,0.0,0.0,1.0
242028,0,1,3400,-56,56,-951,8.1,12,0.50,64537.550781,0,2.1,1.00,0.0,8822.134766,33,0.0,0.0,0.0,1.0
242277,0,1,3400,-56,56,-954,7.7,13,0.56,85714.289062,5,2.1,8.5,0.0,0.0,100.000000,0.0,0.0,0.0,1.0
242526,0,1,3400,-56,56,-955,7.6,12,0.71,102039.523438,3,2.1,8.0,0.0,10940.711914,0,0.0,0.0,0.0,1.0
242775,0,1,3400,-56,56,-948,7.7,12,0.52,106466.406250,2,2.1,7.5,0.0,10940.711914,0,0.0,0.0,0.0,1.0
243024,0,1,3400,-56,56,-957,8.0,13,0.53,118735.179688,2,2.1,6.8,0.0,10434.782227,14,0.0,0.0,0.0,1.0
243273,0,1,3400,-56,56,-949,8.7,13,0.89,94190.476562,9,2.1,0.0,0.0,2126.984131,75,0.0,0.0,0.0,1.0
243522,0,1,3400,-56,56,-953,8.6,12,1.2,100869.562500,9,2.1,0.0,0.0,5470.355957,0,0.0,0.0,0.0,1.0
243771,0,1,3400,-56,56,-949,7.5,12,0.67,95304.351562,4,2.1,0.0,0.0,0.0,0.0,0.0,0.0,0.0,1.0
244020,0,1,3400,-56,56,-943,6.8,9.9,0.56,137619.046875,2,2.1,0.0,0.0,8095.238281,38,0.0,0.0,0.0,1.0
244269,0,1,3400,-56,56,-949,7.9,12,1.0,123351.781250,10,2.1,0.0,0.0,0.0,0.0,0.0,0.0,0.0,1.0
244518,0,1,3400,-56,56,-943,7.7,12,0.74,65138.339844,5,2.1,0.0,0.0,0.0,0,0.0,0.0,0.0,1.0
244767,0,1,3400,-56,56,-943,8.4,12,0.61,94888.890625,5,2.1,0.0,0.0,10984.126953,0,0.0,0.0,0.0,1.0
245016,0,1,3400,-56,56,-946,7.9,12,0.70,92047.429688,0,2.1,3.1,0.0,6355.731445,60,0.0,0.0,0.0,1.0
245265,0,1,3400,-56,56,-951,7.5,12,0.85,130023.718750,10,2.1,13,0.0,0.0,0.0,0.0,0.0,0.0,1.0
245514,0,1,3400,-56,56,-949,9.8,13,0.55,131365.078125,2,2.1,13,0.0,0.0,80,0.0,0.0,0.0,1.0
245763,0,1,3400,-56,56,-947,7.4,11,0.77,139762.843750,4,2.1,10,0.0,10940.711914,0,0.0,0.0,0.0,1.0
246012,0,1,3400,-56,56,-944,9.1,12,0.67,120031.617188,6,2.1,6.6,0.0,6545.454590,36,0.0,0.0,0.0,1.0
246261,0,1,3400,-56,56,-950,7.3,12,0.61,98158.726562,6,2.1,0.73,0.0,13428.571289,33,0.0,0.0,0.0,1.0
246510,0,1,3400,-56,56,-946,8.6,12,0.68,141027.671875,6,2.1,0.0,0.0,0.0,0.0,0.0,0.0,0.0,1.0
246759,0,1,3400,-56,56,-943,8.8,12,0.81,89675.890625,5,2.1,0.0,0.0,0.0,0.0,0.0,0.0,0.0,1.0
247008,0,1,3400,-56,56,-948,9.2,12,0.65,108521.742188,3,2.1,0.0,0.0,0.0,0.0,0.0,0.0,0.0,1.0
247257,0,1,3400,-56,56,-952,7.0,12,0.50,86126.984375,0,2.1,0.0,0.0,7936.507812,0,0.0,0.0,0.0,1.0
247506,0,1,3400,-56,56,-948,7.4,11,0.91,117122.531250,4,2.1,4.9,0.0,0.0,80,0.0,0.0,0.0,1.0
247755,0,1,3400,-56,56,-953,7.1,12,0.56,86102.765625,3,2.1,7.5,0.0,0.0,0.0,0.0,0.0,0.0,1.0
248004,0,1,3400,-56,56,-950,9.1,12,0.76,161523.812500,4,2.1,7.1,0.0,12285.713867,0,0.0,0.0,0.0,1.0
248253,0,1,3400,-56,56,-948,9.2,13,0.70,97296.445312,4,2.1,3.4,0.0,0.0,80,0.0,0.0,0.0,1.0
248502,0,1,3400,-56,56,-947,8.3,13,0.55,117533.593750,1,2.1,7.5,0.0,0.0,0.0,0.0,0.0,0.0,1.0
248751,0,1,3400,-56,56,-951,6.7,10,0.56,121714.289062,2,2.1,7.5,0.0,0.0,0.0,0.0,0.0,0.0,1.0
249000,0,1,3400,-56,56,-949,10,13,1.1,128790.515625,8,2.1,4.6,0.0,8063.241211,17,0.0,0.0,0.0,1.0
249249,0,1,3400,-56,56,-951,7.8,13,1.0,68932.804688,7,2.1,0.0,0.0,0.0,0.0,0.0,0.0,0.0,1.0
249498,0,1,3400,-56,56,-955,8.0,12,1.0,136920.640625,10,2.1,0.0,0.0,0.0,0.0,0.0,0.0,0.0,1.0
249747,0,1,3400,-56,56,-948,7.8,11,0.68,108110.671875,6,2.1,0.0,0.0,0.0,0.0,0.0,0.0,0.0,1.0
249996,0,1,3400,-56,56,-949,8.9,12,0.61,116363.632812,4,2.1,0.0,0.0,8063.241211,0,0.0,0.0,0.0,1.0
250245,0,1,3400,-56,56,-946,9.2,13,0.69,101343.875000,10,2.1,0.0,0.0,0.0,0.0,0.0,0.0,0.0,1.0
250494,0,1,3400,-56,56,-944,7.9,12,0.94,87841.273438,7,2.1,0.0,0.0,10984.126953,0,0.0,0.0,0.0,1.0
250743,0,1,3400,-56,56,-951,8.0,12,0.60,81644.265625,6,2.1,0.0,0.0,5470.355957,0,0.0,0.0,0.0,1.0
250992,0,1,3400,-56,56,-948,9.5,11,0.93,102608.695312,6,2.1,0.0,0.0,8063.241211,29,0.0,0.0,0.0,1.0
251241,0,1,3400,-56,56,-948,8.2,12,0.59,112317.460938,4,2.1,0.0,0.0,0.0,0.0,0.0,0.0,0.0,1.0
251490,0,1,3400,-56,56,-956,8.5,12,0.51,92553.359375,2,2.1,0.0,0.0,0.0,0.0,0.0,0.0,0.0,1.0
251739,0,1,3400,-56,56,-952,8.3,12,0.60,113746.031250,4,2.1,0.0,0.0,0.0,0.0,0.0,0.0,0.0,1.0
251988,0,1,3400,-56,56,-949,7.3,11,0.63,139446.640625,4,2.1,0.0,0.0,2592.885254,20,0.0,0.0,0.0,1.0
252237,0,1,3400,-56,56,-948,7.8,12,0.62,107351.781250,9,2.1,5.8,0.0,7525.691895,33,0.0,0.0,0.0,1.0
252486,0,1,3400,-56,56,-946,8.9,12,0.62,117301.585938,6,2.1,6.5,0.0,0.0,0.0,0.0,0.0,0.0,1.0
252735,0,1,3400,-56,56,-947,8.7,13,0.77,90055.335938,2,2.1,6.5,0.0,0.0,0.0,0.0,0.0,0.0,1.0
252984,0,1,3400,-56,56,-952,8.6,12,0.53,56442.687500,3,2.1,5.0,0.0,5470.355957,57,0.0,0.0,0.0,1.0
253233,0,1,3400,-56,56,-946,8.7,13,0.66,150956.515625,1,2.1,0.0,0.0,0.0,0.0,0.0,0.0,0.0,1.0
253482,0,1,3400,-56,56,-946,9.3,12,0.53,120190.476562,1,2.1,0.0,0.0,5492.063477,0,0.0,0.0,0.0,1.0
253731,0,1,3400,-56,56,-955,9.1,13,0.66,72632.414062,7,2.1,0.0,0.0,0.0,0.0,0.0,0.0,0.0,1.0
253980,0,1,3400,-56,56,-948,9.9,13,0.82,106698.414062,12,2.1,0.0,0.0,12158.730469,0,0.0,0.0,0.0,1.0
254229,0,1,3400,-56,56,-945,8.7,12,0.69,111778.656250,8,2.1,0.0,0.0,0.0,0.0,0.0,0.0,0.0,1.0
254478,0,1,3400,-56,56,-946,8.3,13,0.57,98276.679688,7,2.1,0.0,0.0,0.0,0.0,0.0,0.0,0.0,1.0
254727,0,1,3400,-56,56,-957,8.8,13,0.68,131428.578125,4,2.1,0.0,0.0,0.0,0.0,0.0,0.0,0.0,1.0
254976,0,1,3400,-56,56,-956,8.5,13,0.51,45122.531250,0,2.1,0.0,0.0,12237.154297,0,0.0,0.0,0.0,1.0
255225,0,1,3400,-56,56,-951,9.1,13,0.76,147509.875000,4,2.1,0.0,0.0,10940.711914,0,0.0,0.0,0.0,1.0
255474,0,1,3400,-56,56,-941,8.7,12,0.79,98719.367188,7,2.1,0.0,0.0,0.0,0.0,0.0,0.0,0.0,1.0
255723,0,1,3400,-56,56,-943,8.3,12,0.51,100698.414062,0,2.1,0.0,0.0,0.0,0.0,0.0,0.0,0.0,1.0
255972,0,1,3400,-56,56,-950,8.3,12,0.71,93470.359375,6,2.1,0.0,0.0,12110.671875,0,0.0,0.0,0.0,1.0
256221,0,1,3400,-56,56,-953,8.4,12,0.78,153169.953125,9,2.1,0.0,0.0,5470.355957,0,0.0,0.0,0.0,1.0
256470,0,1,3400,-56,56,-952,8.7,13,0.55,96603.171875,0,2.1,0.0,0.0,0.0,0.0,0.0,0.0,0.0,1.0
256719,0,1,3400,-56,56,-957,9.1,13,0.55,113549.406250,5,2.1,0.0,0.0,5470.355957,0,0.0,0.0,0.0,1.0
256968,0,1,3400,-56,56,-952,8.6,12,0.58,111841.898438,5,2.1,0.0,0.0,21660.078125,9,0.0,0.0,0.0,1.0
257217,0,1,3400,-56,56,-940,6.9,11,0.86,96980.234375,11,2.1,0.0,0.0,0.0,0.0,0.0,0.0,0.0,1.0
257466,0,1,3400,-56,56,-939,9.0,12,0.64,102253.968750,7,2.1,0.0,0.0,5492.063477,0,0.0,0.0,0.0,1.0
257715,0,1,3400,-56,56,-951,8.4,12,0.92,143177.859375,6,2.1,0.0,0.0,0.0,0.0,0.0,0.0,0.0,1.0
257964,0,1,3400,-56,56,-952,8.6,12,0.72,97650.796875,7,2.1,0.0,0.0,8095.238281,0,0.0,0.0,0.0,1.0
258213,0,1,3400,-56,56,-954,7.9,12,1.1,138276.687500,10,2.1,0.0,0.0,0.0,0.0,0.0,0.0,0.0,1.0
258462,0,1,3400,-56,56,-949,7.8,12,0.53,64158.101562,3,2.1,0.0,0.0,5470.355957,0,0.0,0.0,0.0,1.0
258711,0,1,3400,-56,56,-953,8.7,13,0.95,93407.117188,14,2.1,0.0,0.0,5470.355957,0,0.0,0.0,0.0,1.0
258960,0,1,3400,-56,56,-955,7.7,13,0.65,62380.953125,6,2.1,0.0,186,0.0,0.0,0.0,0.0,0.0,1.0
259209,0,1,3400,-56,56,-953,8.6,13,0.55,86988.140625,2,2.1,0.0,0.0,13533.596680,22,0.0,0.0,0.0,1.0
259458,0,1,3400,-56,56,-947,7.7,11,1.0,102134.390625,10,2.1,0.0,0.0,0.0,0.0,0.0,0.0,0.0,1.0
259707,0,1,3400,-56,56,-944,8.6,12,0.99,120444.445312,10,2.1,0.0,0.0,5492.063477,0,0.0,0.0,0.0,1.0
259956,0,1,3400,-56,56,-947,9.0,13,0.75,101438.734375,3,2.1,2.6,0.0,41264.820312,30,0.0,0.0,0.0,1.0
260205,0,1,3400,-56,56,-952,9.7,13,0.84,114972.328125,5,2.1,14,0.0,0.0,0.0,0.0,0.0,0.0,1.0
260454,0,1,3400,-56,56,-952,6.6,11,0.57,147746.031250,0.9,2.1,8.0,0.0,5492.063477,50,0.0,0.0,0.0,1.0
260703,0,1,3400,-56,56,-952,8.2,12,0.59,88031.617188,4,2.1,6.5,0.0,5470.355957,0,0.0,0.0,0.0,1.0
260952,0,1,3400,-56,56,-953,6.7,11,0.60,94793.648438,2,2.1,6.5,0.0,9841.269531,17,0.0,0.0,0.0,1.0
261201,0,1,3400,-56,56,-951,7.9,11,0.69,148566.921875,9,2.1,0.53,0.0,6740.157715,50,0.0,0.0,0.0,1.0
261450,0,1,3400,-56,56,-951,9.1,13,0.56,100222.218750,5,2.1,0.0,0.0,0.0,0.0,0.0,0.0,0.0,1.0
261699,0,1,3400,-56,56,-957,8.5,12,0.71,130782.609375,5,2.1,0.0,0.0,0.0,0.0,0.0,0.0,0.0,1.0
261948,0,1,3400,-56,56,-951,9.7,12,0.67,126671.937500,3,2.1,0.0,0.0,6766.798340,17,0.0,0.0,0.0,1.0
262197,0,1,3400,-56,56,-941,9.4,13,0.67,132761.906250,4,2.1,0.0,0.0,14952.380859,29,0.0,0.0,0.0,1.0
262446,0,1,3400,-56,56,-948,9.4,12,1.1,143019.765625,9,2.1,0.0,0.0,0.0,0.0,0.0,0.0,0.0,1.0
262695,0,1,3400,-56,56,-952,9.0,12,1.2,93185.773438,7,2.1,0.0,0.0,0.0,0.0,0.0,0.0,0.0,1.0
262944,0,1,3400,-56,56,-950,8.7,12,1.0,81142.859375,12,2.1,0.0,186,0.0,0.0,0.0,0.0,0.0,1.0
263193,0,1,3400,-56,56,-950,7.8,13,0.76,106624.507812,7,2.1,0.0,0.0,12237.154297,0,0.0,0.0,0.0,1.0
263442,0,1,3400,-56,56,-950,8.8,13,0.83,87905.140625,2,2.1,0.0,0.0,0.0,0.0,0.0,0.0,0.0,1.0
263691,0,1,3400,-56,56,-951,8.7,12,0.83,64537.550781,12,2.1,0.0,0.0,0.0,0.0,0.0,0.0,0.0,1.0
263940,0,1,3400,-56,56,-951,8.5,12,0.76,106571.429688,5,2.1,1.5,0.0,9111.111328,57,0.0,0.0,0.0,1.0
264189,0,1,3400,-56,56,-948,7.7,12,0.60,105138.343750,0,2.1,0.0,0.0,0.0,0.0,0.0,0.0,0.0,1.0
264438,0,1,3400,-56,56,-950,8.5,12,0.69,88730.156250,7,2.1,0.0,0.0,5492.063477,0,0.0,0.0,0.0,1.0
264687,0,1,3400,-56,56,-951,9.3,12,0.89,107130.437500,7,2.1,0.0,0.0,0.0,0.0,0.0,0.0,0.0,1.0
264936,0,1,3400,-56,56,-950,7.7,12,0.97,89359.687500,9,2.1,0.0,20,0.0,67,0.0,0.0,0.0,1.0
265185,0,1,3400,-56,56,-950,7.9,12,0.67,88063.242188,3,2.1,5.2,0.0,5059.288574,58,0.0,0.0,0.0,1.0
265434,0,1,3400,-56,56,-954,8.4,13,0.61,110063.492188,6,2.1,7.4,0.0,0.0,0,0.0,0.0,0.0,1.0
265683,0,1,3400,-56,56,-952,9.7,13,0.57,112853.757812,5,2.1,0.0,0.0,5470.355957,67,0.0,0.0,0.0,1.0
265932,0,1,3400,-56,56,-947,8.7,12,0.60,123541.500000,1,2.1,0.0,0.0,8063.241211,17,0.0,0.0,0.0,1.0
266181,0,1,3400,-56,56,-945,8.1,12,0.78,90972.328125,7,2.1,0.0,0.0,5470.355957,0,0.0,0.0,0.0,1.0
266430,0,1,3400,-56,56,-946,8.7,12,0.70,123047.617188,2,2.1,0.0,0.0,5492.063477,0,0.0,0.0,0.0,1.0
266679,0,1,3400,-56,56,-949,8.5,12,0.54,108349.203125,2,2.1,0.0,0.0,0.0,0.0,0.0,0.0,0.0,1.0
266928,0,1,3400,-56,56,-945,8.8,12,0.71,132964.421875,8,2.1,0.0,0.0,12110.671875,0,0.0,0.0,0.0,1.0
267177,0,1,3400,-56,56,-949,9.0,13,0.52,96853.757812,0,2.1,0.0,0.0,5470.355957,0,0.0,0.0,0.0,1.0
267426,0,1,3400,-56,56,-953,9.1,12,0.72,133746.031250,2,2.1,0.0,0.0,5492.063477,33,0.0,0.0,0.0,1.0
267675,0,1,3400,-56,56,-946,8.5,13,0.68,112063.242188,2,2.1,0.0,0.0,5470.355957,0,0.0,0.0,0.0,1.0
267924,0,1,3400,-56,56,-947,8.4,12,0.59,67509.882812,0,2.1,0.0,0.0,12553.359375,0,0.0,0.0,0.0,1.0
268173,0,1,3400,-56,56,-951,8.9,12,0.93,76476.187500,10,2.1,0.0,0.0,5492.063477,0,0.0,0.0,0.0,1.0
268422,0,1,3400,-56,56,-954,8.4,13,1.0,107446.640625,12,2.1,0.0,0.0,5470.355957,0,0.0,0.0,0.0,1.0
268671,0,1,3400,-56,56,-953,8.7,12,1.3,66529.640625,12,2.1,0.0,0.0,0.0,0.0,0.0,0.0,0.0,1.0
268920,0,1,3400,-56,56,-950,9.0,12,0.87,152664.031250,6,2.1,0.0,0.0,8063.241211,38,0.0,0.0,0.0,1.0
269169,0,1,3400,-56,56,-951,8.4,13,0.58,83873.015625,8,2.1,0.0,0.0,0.0,0.0,0.0,0.0,0.0,1.0
269418,0,1,3400,-56,56,-949,8.7,11,0.96,126197.625000,9,2.1,0.0,0.0,5470.355957,0,0.0,0.0,0.0,1.0
269667,0,1,3400,-56,56,-945,7.6,12,0.78,114877.468750,4,2.1,0.0,0.0,5470.355957,0,0.0,0.0,0.0,1.0
269916,0,1,3400,-56,56,-946,7.9,12,0.50,80380.953125,0,2.1,0.0,0.0,8000.000000,0,0.0,0.0,0.0,1.0
270165,0,1,3400,-56,56,-952,7.6,11,0.58,116426.875000,4,2.1,0.0,0.0,0.0,0.0,0.0,0.0,0.0,1.0
270414,0,1,3400,-56,56,-950,8.9,12,0.59,106845.851562,6,2.1,0.0,0.0,10940.711914,0,0.0,0.0,0.0,1.0
270663,0,1,3400,-56,56,-954,9.7,11,0.72,66308.296875,0,2.1,0.0,0.0,0.0,0.0,0.0,0.0,0.0,1.0
270912,0,1,3400,-56,56,-952,9.1,12,0.66,128634.921875,5,2.1,0.0,0.0,8095.238281,14,0.0,0.0,0.0,1.0
271161,0,1,3400,-56,56,-951,7.1,11,0.62,143177.859375,4,2.1,4.7,0.0,14924.901367,50,0.0,0.0,0.0,1.0
271410,0,1,3400,-56,56,-956,8.5,12,0.68,70450.593750,9,2.1,0.77,0.0,13375.494141,50,0.0,0.0,0.0,1.0
271659,0,1,3400,-56,56,-945,9.5,12,0.71,148603.171875,6,2.1,0.0,0.0,10984.126953,0,0.0,0.0,0.0,1.0
271908,0,1,3400,-56,56,-945,7.4,11,0.57,94324.109375,3,2.1,0.0,186,0.0,0.0,0.0,0.0,0.0,1.0
272157,0,1,3400,-56,56,-955,9.1,12,0.55,72031.742188,5,2.1,0.0,0.0,12285.713867,0,0.0,0.0,0.0,1.0
272406,0,1,3400,-56,56,-950,7.3,11,0.89,99826.085938,7,2.1,0.0,0.0,0.0,0.0,0.0,0.0,0.0,1.0
272655,0,1,3400,-56,56,-942,7.5,12,0.66,109470.359375,5,2.1,0.0,0.0,0.0,0.0,0.0,0.0,0.0,1.0
272904,0,1,3400,-56,56,-949,8.1,12,0.57,93249.015625,4,2.1,2.0,0.0,15810.276367,11,0.0,0.0,0.0,1.0
273153,0,1,3400,-56,56,-951,9.2,12,0.72,102412.695312,9,2.1,6.5,0.0,0.0,0.0,0.0,0.0,0.0,1.0
273402,0,1,3400,-56,56,-950,8.7,12,0.54,96885.375000,5,2.1,13,0.0,0.0,80,0.0,0.0,0.0,1.0
273651,0,1,3400,-56,56,-954,8.6,11,0.56,101723.320312,2,2.1,11,0.0,5470.355957,0,0.0,0.0,0.0,1.0
273900,0,1,3400,-56,56,-955,7.6,12,0.53,83650.796875,0,2.1,5.1,0.0,12412.698242,0,0.0,0.0,0.0,1.0
274149,0,1,3400,-56,56,-948,8.6,12,0.70,97486.164062,7,2.1,7.0,0.0,0.0,80,0.0,0.0,0.0,1.0
274398,0,1,3400,-56,56,-948,9.1,13,0.70,134229.250000,4,2.1,0.18,0.0,5470.355957,0,0.0,0.0,0.0,1.0
274647,0,1,3400,-56,56,-953,8.5,13,0.52,88920.632812,2,2.1,0.0,0.0,0.0,0.0,0.0,0.0,0.0,1.0
274896,0,1,3400,-56,56,-951,8.7,12,0.57,106940.710938,4,2.1,0.0,186,0.0,0.0,0.0,0.0,0.0,1.0
275145,0,1,3400,-56,56,-946,8.0,13,0.51,89928.851562,0,2.1,0.0,0.0,14924.901367,0,0.0,0.0,0.0,1.0
275394,0,1,3400,-56,56,-944,9.3,13,1.1,90063.492188,15,2.1,0.0,0.0,0.0,0.0,0.0,0.0,0.0,1.0
275643,0,1,3400,-56,56,-948,8.4,12,0.67,122592.882812,6,2.1,0.0,0.0,5470.355957,50,0.0,0.0,0.0,1.0
275892,0,1,3400,-56,56,-951,8.8,12,0.56,106086.953125,5,2.1,0.0,0.0,12110.671875,0,0.0,0.0,0.0,1.0
276141,0,1,3400,-56,56,-954,9.3,13,0.85,141280.625000,7,2.1,0.0,0.0,0.0,0.0,0.0,0.0,0.0,1.0
276390,0,1,3400,-56,56,-950,8.8,12,0.53,103777.781250,3,2.1,0.0,0.0,0.0,0.0,0.0,0.0,0.0,1.0
276639,0,1,3400,-56,56,-951,9.5,12,0.66,133090.906250,3,2.1,0.0,0.0,0.0,0.0,0.0,0.0,0.0,1.0
276888,0,1,3400,-56,56,-949,8.8,12,0.60,143114.625000,2,2.1,1.9,0.0,0.0,80,0.0,0.0,0.0,1.0
277137,0,1,3400,-56,56,-944,7.3,12,0.79,102158.726562,6,2.1,7.5,0.0,0.0,0.0,0.0,0.0,0.0,1.0
277386,0,1,3400,-56,56,-949,7.1,12,0.71,50245.058594,9,2.1,7.5,0.0,0.0,0.0,0.0,0.0,0.0,1.0
277635,0,1,3400,-56,56,-949,8.8,12,0.67,108142.289062,7,2.1,7.5,0.0,0.0,0.0,0.0,0.0,0.0,1.0
277884,0,1,3400,-56,56,-952,7.3,12,0.96,87142.859375,10,2.1,5.6,0.0,7841.270020,0,0.0,0.0,0.0,1.0
278133,0,1,3400,-56,56,-953,8.4,12,0.68,109407.117188,6,2.1,3.4,0.0,0.0,80,0.0,0.0,0.0,1.0
278382,0,1,3400,-56,56,-949,8.8,12,0.54,76095.234375,0,2.1,7.5,0.0,0.0,0.0,0.0,0.0,0.0,1.0
278631,0,1,3400,-56,56,-956,8.5,13,0.70,66750.984375,5,2.1,7.5,0.0,0.0,0.0,0.0,0.0,0.0,1.0
278880,0,1,3400,-56,56,-951,9.3,13,0.78,98592.882812,11,2.1,6.6,0.0,99067.195312,62,0.0,0.0,0.0,1.0
279129,0,1,3400,-56,56,-944,9.5,12,0.64,101841.273438,5,2.1,16,0.0,0.0,0.0,0.0,0.0,0.0,1.0
279378,0,1,3400,-56,56,-943,8.4,12,0.73,93312.250000,4,2.1,11,0.0,5470.355957,0,0.0,0.0,0.0,1.0
279627,0,1,3400,-56,56,-947,9.2,12,0.85,111620.554688,8,2.1,8.0,0.0,10940.711914,0,0.0,0.0,0.0,1.0
279876,0,1,3400,-56,56,-956,8.5,12,0.67,105873.015625,7,2.1,6.2,0.0,8095.238281,29,0.0,0.0,0.0,1.0
280125,0,1,3400,-56,56,-949,7.8,12,0.79,88031.617188,11,2.1,0.0,0.0,5470.355957,0,0.0,0.0,0.0,1.0
280374,0,1,3400,-56,56,-943,9.7,12,0.61,109818.179688,2,2.1,0.0,0.0,5470.355957,0,0.0,0.0,0.0,1.0
280623,0,1,3400,-56,56,-951,8.6,11,0.62,117913.046875,3,2.1,0.0,0.0,5470.355957,0,0.0,0.0,0.0,1.0
280872,0,1,3400,-56,56,-951,8.7,12,1.1,102793.648438,10,2.1,0.0,0.0,12285.713867,0,0.0,0.0,0.0,1.0
281121,0,1,3400,-56,56,-951,7.9,12,0.79,98339.921875,7,2.1,0.0,0.0,0.0,0.0,0.0,0.0,0.0,1.0
281370,0,1,3400,-56,56,-949,8.3,12,1.1,82656.125000,14,2.1,0.0,0.0,0.0,0.0,0.0,0.0,0.0,1.0
281619,0,1,3400,-56,56,-945,9.0,12,0.77,109587.304688,9,2.1,0.0,0.0,0.0,0.0,0.0,0.0,0.0,1.0
281868,0,1,3400,-56,56,-952,6.1,10,0.53,148363.640625,0.7,2.1,0.0,0.0,21438.734375,25,0.0,0.0,0.0,1.0
282117,0,1,3400,-56,56,-947,7.1,12,0.54,103304.351562,1,2.1,0.0,0.0,0.0,0.0,0.0,0.0,0.0,1.0
282366,0,1,3400,-56,56,-950,8.5,12,0.71,111079.367188,6,2.1,0.0,0.0,0.0,0,0.0,0.0,0.0,1.0
282615,0,1,3400,-56,56,-946,8.3,13,0.60,116490.117188,7,2.1,0.0,0.0,5470.355957,0,0.0,0.0,0.0,1.0
282864,0,1,3400,-56,56,-942,9.0,13,1.0,72853.757812,9,2.1,0.0,0.0,7905.138184,12,0.0,0.0,0.0,1.0
283113,0,1,3400,-56,56,-950,9.2,13,0.65,116825.398438,6,2.1,0.0,0.0,0.0,0.0,0.0,0.0,0.0,1.0
283362,0,1,3400,-56,56,-947,7.5,12,0.69,116015.812500,3,2.1,0.0,0.0,0.0,0.0,0.0,0.0,0.0,1.0
283611,0,1,3400,-56,56,-949,7.6,11,0.60,106466.406250,5,2.1,0.0,0.0,0.0,0.0,0.0,0.0,0.0,1.0
283860,0,1,3400,-56,56,-944,8.0,12,0.80,73492.062500,2,2.1,6.7,186,0.0,80,0.0,0.0,0.0,1.0
284109,0,1,3400,-56,56,-952,8.7,12,0.86,118545.453125,10,2.1,2.1,0.0,9075.098633,57,0.0,0.0,0.0,1.0
284358,0,1,3400,-56,56,-949,6.8,11,0.56,71525.695312,3,2.1,0.0,0.0,0.0,0.0,0.0,0.0,0.0,1.0
284607,0,1,3400,-56,56,-946,6.0,10,0.61,138190.468750,2,2.1,0.0,0.0,0.0,0.0,0.0,0.0,0.0,1.0
284856,0,1,3400,-56,56,-946,7.0,13,0.65,98814.226562,4,2.1,0.0,0.0,0.0,0.0,0.0,0.0,0.0,1.0
285105,0,1,3400,-56,56,-951,7.5,13,0.78,107320.156250,6,2.1,0.0,0.0,17707.509766,14,0.0,0.0,0.0,1.0
285354,0,1,3400,-56,56,-951,9.7,12,0.67,112285.710938,8,2.1,0.0,0.0,5492.063477,0,0.0,0.0,0.0,1.0
285603,0,1,3400,-56,56,-942,8.6,12,0.50,98814.226562,0,2.1,0.0,0.0,0.0,0.0,0.0,0.0,0.0,1.0
285852,0,1,3400,-56,56,-946,8.6,12,0.63,63810.277344,8,2.1,0.0,0.0,2592.885254,20,0.0,0.0,0.0,1.0
286101,0,1,3400,-56,56,-951,9.5,14,0.57,146656.125000,2,2.1,0.0,0.0,10940.711914,0,0.0,0.0,0.0,1.0
286350,0,1,3400,-56,56,-951,7.7,12,0.82,87650.796875,4,2.1,0.0,0.0,0.0,0.0,0.0,0.0,0.0,1.0
286599,0,1,3400,-56,56,-952,9.0,12,0.71,80094.859375,10,2.1,0.0,0.0,0.0,0.0,0.0,0.0,0.0,1.0
286848,0,1,3400,-56,56,-948,8.9,12,0.82,104189.726562,12,2.1,0.0,0.0,12110.671875,0,0.0,0.0,0.0,1.0
287097,0,1,3400,-56,56,-946,8.8,13,0.58,91809.523438,2,2.1,0.0,0.0,0.0,0.0,0.0,0.0,0.0,1.0
287346,0,1,3400,-56,56,-941,9.1,12,0.83,86166.007812,10,2.1,0.0,0.0,10940.711914,0,0.0,0.0,0.0,1.0
287595,0,1,3400,-56,56,-951,8.5,11,0.70,127683.796875,8,2.1,0.0,0.0,5470.355957,0,0.0,0.0,0.0,1.0
287844,0,1,3400,-56,56,-950,8.6,12,0.93,107333.335938,11,2.1,0.0,0.0,6793.650879,17,0.0,0.0,0.0,1.0
288093,0,1,3400,-56,56,-953,8.8,13,0.61,118197.625000,3,2.1,0.0,0.0,18845.849609,22,0.0,0.0,0.0,1.0
288342,0,1,3400,-56,56,-950,8.1,12,0.63,93628.460938,5,2.1,0.0,0.0,5470.355957,0,0.0,0.0,0.0,1.0
288591,0,1,3400,-56,56,-944,8.0,13,0.64,72664.031250,7,2.1,0.0,0.0,0.0,0.0,0.0,0.0,0.0,1.0
288840,0,1,3400,-56,56,-949,8.5,11,0.85,134634.921875,8,2.1,2.5,0.0,6476.190430,64,0.0,0.0,0.0,1.0
289089,0,1,3400,-56,56,-949,8.6,12,0.84,130561.265625,7,2.1,12,0.0,0.0,0.0,0.0,0.0,0.0,1.0
289338,0,1,3400,-56,56,-945,8.8,13,0.62,118197.625000,3,2.1,12,0.0,0.0,0.0,0.0,0.0,0.0,1.0
289587,0,1,3400,-56,56,-951,8.7,12,0.85,155650.796875,3,2.1,12,0.0,0.0,0.0,0.0,0.0,0.0,1.0
289836,0,1,3400,-56,56,-950,9.0,12,0.65,141818.187500,2,2.1,12,0.0,0.0,80,0.0,0.0,0.0,1.0
290085,0,1,3400,-56,56,-946,8.8,12,0.63,114952.382812,4,2.1,13,0.0,0.0,0.0,0.0,0.0,0.0,1.0
290334,0,1,3400,-56,56,-952,6.0,11,0.60,118608.695312,3,2.1,13,0.0,0.0,0.0,0.0,0.0,0.0,1.0
290583,0,1,3400,-56,56,-945,8.4,12,0.97,125090.906250,5,2.1,13,0.0,0.0,0.0,0.0,0.0,0.0,1.0
290832,0,1,3400,-56,56,-948,8.6,13,0.63,96758.890625,4,2.1,11,0.0,7968.379395,0,0.0,0.0,0.0,1.0
291081,0,1,3400,-56,56,-948,8.4,12,0.76,108571.429688,4,2.1,6.5,0.0,0.0,0.0,0.0,0.0,0.0,1.0
291330,0,1,3400,-56,56,-951,8.9,12,0.72,136695.656250,7,2.1,9.0,0.0,0.0,80,0.0,0.0,0.0,1.0
291579,0,1,3400,-56,56,-955,8.0,12,0.65,128569.171875,5,2.1,14,0.0,0.0,0.0,0.0,0.0,0.0,1.0
291828,0,1,3400,-56,56,-953,8.7,12,0.67,91587.304688,7,2.1,14,186,0.0,0.0,0.0,0.0,0.0,1.0
292077,0,1,3400,-56,56,-943,8.9,12,0.70,129296.445312,10,2.1,3.3,0.0,12237.154297,0,0.0,0.0,0.0,1.0
292326,0,1,3400,-56,56,-946,9.0,12,0.56,104790.515625,2,2.1,0.0,0.0,5470.355957,0,0.0,0.0,0.0,1.0
292575,0,1,3400,-56,56,-952,9.2,12,0.96,107699.601562,7,2.1,0.0,0.0,10940.711914,0,0.0,0.0,0.0,1.0
292824,0,1,3400,-56,56,-953,7.0,11,0.90,107714.289062,9,2.1,0.0,0.0,12285.713867,0,0.0,0.0,0.0,1.0
293073,0,1,3400,-56,56,-947,9.1,13,0.74,93723.320312,6,2.1,0.0,0.0,0.0,0.0,0.0,0.0,0.0,1.0
293322,0,1,3400,-56,56,-941,9.7,12,0.58,127810.273438,6,2.1,0.0,0.0,0.0,0.0,0.0,0.0,0.0,1.0
293571,0,1,3400,-56,56,-952,8.6,12,1.0,80952.382812,8,2.1,0.0,0.0,5492.063477,0,0.0,0.0,0.0,1.0
293820,0,1,3400,-56,56,-947,7.6,11,0.65,129011.859375,3,2.1,0.0,0.0,8063.241211,0,0.0,0.0,0.0,1.0
294069,0,1,3400,-56,56,-948,8.1,12,0.68,133122.531250,10,2.1,0.0,0.0,0.0,0.0,0.0,0.0,0.0,1.0
294318,0,1,3400,-56,56,-945,8.8,12,0.80,110857.140625,9,2.1,0.0,0.0,0.0,0.0,0.0,0.0,0.0,1.0
294567,0,1,3400,-56,56,-947,7.6,11,0.95,105328.062500,8,2.1,0.0,0.0,5470.355957,0,0.0,0.0,0.0,1.0
294816,0,1,3400,-56,56,-947,5.4,9.9,0.67,118634.921875,3,2.1,0.0,20,0.0,80,0.0,0.0,0.0,1.0
295065,0,1,3400,-56,56,-953,7.0,12,0.83,81328.062500,9,2.1,0.0,20,0.0,0.0,0.0,0.0,0.0,1.0
295314,0,1,3400,-56,56,-952,9.0,12,0.68,164253.968750,3,2.1,0.0,0.0,6380.952148,0,0.0,0.0,0.0,1.0
295563,0,1,3400,-56,56,-946,8.6,12,0.50,119494.070312,0,2.1,0.0,0.0,5470.355957,33,0.0,0.0,0.0,1.0
295812,0,1,3400,-56,56,-954,7.5,11,0.63,125059.289062,4,2.1,0.0,0.0,17707.509766,0,0.0,0.0,0.0,1.0
296061,0,1,3400,-56,56,-948,8.1,12,0.98,86640.312500,3,2.1,0.0,0.0,0.0,0.0,0.0,0.0,0.0,1.0
296310,0,1,3400,-56,56,-953,8.8,12,0.85,80000.000000,7,2.1,0.0,0.0,0.0,0.0,0.0,0.0,0.0,1.0
296559,0,1,3400,-56,56,-953,9.1,11,1.0,90624.507812,9,2.1,0.0,0.0,10940.711914,20,0.0,0.0,0.0,1.0
296808,0,1,3400,-56,56,-949,9.1,12,0.89,149501.968750,4,2.1,0.0,0.0,8094.861816,0,0.0,0.0,0.0,1.0
297057,0,1,3400,-56,56,-951,9.1,13,0.60,72948.617188,2,2.1,0.0,0.0,0.0,0.0,0.0,0.0,0.0,1.0
297306,0,1,3400,-56,56,-947,8.3,12,0.60,87396.828125,7,2.1,0.0,0.0,0.0,0.0,0.0,0.0,0.0,1.0
297555,0,1,3400,-56,56,-946,7.8,11,0.68,106782.609375,4,2.1,0.0,0.0,5470.355957,0,0.0,0.0,0.0,1.0
297804,0,1,3400,-56,56,-949,7.5,12,0.67,89043.476562,7,2.1,0.0,0.0,8063.241211,0,0.0,0.0,0.0,1.0
298053,0,1,3400,-56,56,-945,9.1,13,0.60,125079.367188,5,2.1,0.0,0.0,0.0,0.0,0.0,0.0,0.0,1.0
298302,0,1,3400,-56,56,-945,7.8,13,0.62,82782.609375,0,2.1,0.0,0.0,5470.355957,0,0.0,0.0,0.0,1.0
298551,0,1,3400,-56,56,-948,7.6,12,0.61,75162.054688,6,2.1,0.0,0.0,5470.355957,0,0.0,0.0,0.0,1.0
298800,0,1,3400,-56,56,-944,7.8,12,0.62,126190.476562,1,2.1,2.4,0.0,11968.253906,40,0.0,0.0,0.0,1.0
299049,0,1,3400,-56,56,-954,8.9,12,0.62,97359.687500,0,2.1,12,0.0,0.0,0.0,0.0,0.0,0.0,1.0
299298,0,1,3400,-56,56,-954,7.6,12,0.75,133154.156250,8,2.1,12,0.0,0.0,0.0,0.0,0.0,0.0,1.0
299547,0,1,3400,-56,56,-944,8.9,13,0.64,87428.570312,6,2.1,7.2,0.0,5492.063477,0,0.0,0.0,0.0,1.0
299796,0,1,3400,-56,56,-945,8.2,11,0.68,135683.796875,6,2.1,6.6,0.0,9075.098633,57,0.0,0.0,0.0,1.0
300045,0,1,3400,-56,56,-954,8.3,12,0.60,133533.593750,2,2.1,0.0,0.0,0.0,0.0,0.0,0.0,0.0,1.0
300294,0,1,3400,-56,56,-949,7.7,12,0.81,110861.656250,6,2.1,0.0,0.0,0.0,0.0,0.0,0.0,0.0,1.0
300543,0,1,3400,-56,56,-944,8.6,13,0.80,88698.414062,15,2.1,0.0,0.0,0.0,0.0,0.0,0.0,0.0,1.0
300792,0,1,3400,-56,56,-946,9.1,11,0.69,129422.921875,8,2.1,0.36,0.0,6545.454590,42,0.0,0.0,0.0,1.0
301041,0,1,3400,-56,56,-953,7.5,12,0.59,118857.140625,2,2.1,0.52,0.0,7936.507812,43,0.0,0.0,0.0,1.0
301290,0,1,3400,-56,56,-948,8.3,12,0.51,95430.828125,2,2.1,0.0,0.0,0.0,0.0,0.0,0.0,0.0,1.0
301539,0,1,3400,-56,56,-951,7.5,12,0.78,99225.296875,2,2.1,0.0,0.0,0.0,0.0,0.0,0.0,0.0,1.0
301788,0,1,3400,-56,56,-945,7.2,11,0.59,104758.890625,2,2.1,0.0,0.0,17928.853516,0,0.0,0.0,0.0,1.0
302037,0,1,3400,-56,56,-954,8.5,13,1.1,74920.632812,18,2.1,0.0,0.0,0.0,0.0,0.0,0.0,0.0,1.0
302286,0,1,3400,-56,56,-950,9.6,11,1.0,129106.718750,10,2.1,0.0,0.0,0.0,0.0,0.0,0.0,0.0,1.0
302535,0,1,3400,-56,56,-942,9.0,12,1.2,90317.460938,16,2.1,0.0,0.0,0.0,0.0,0.0,0.0,0.0,1.0
302784,0,1,3400,-56,56,-945,9.3,12,0.72,105612.648438,6,2.1,0.0,0.0,5470.355957,33,0.0,0.0,0.0,1.0
303033,0,1,3400,-56,56,-942,8.0,11,0.84,99952.570312,9,2.1,0.0,0.0,18624.505859,11,0.0,0.0,0.0,1.0
303282,0,1,3400,-56,56,-946,8.9,13,0.67,118007.906250,7,2.1,0.0,0.0,5470.355957,0,0.0,0.0,0.0,1.0
303531,0,1,3400,-56,56,-949,9.1,12,0.64,114507.937500,3,2.1,0.0,0.0,0.0,0.0,0.0,0.0,0.0,1.0
303780,0,1,3400,-56,56,-956,8.2,12,0.55,74055.335938,0,2.1,0.0,186,5470.355957,0,0.0,0.0,0.0,1.0
304029,0,1,3400,-56,56,-954,8.9,12,0.57,139636.359375,6,2.1,0.0,0.0,12110.671875,0,0.0,0.0,0.0,1.0
304278,0,1,3400,-56,56,-957,8.2,12,0.66,104411.070312,2,2.1,0.0,0.0,0.0,0.0,0.0,0.0,0.0,1.0
304527,0,1,3400,-56,56,-950,8.6,11,0.64,103777.781250,4,2.1,0.0,0.0,0.0,80,0.0,0.0,0.0,1.0
304776,0,1,3400,-56,56,-948,8.1,12,0.53,61312.253906,5,2.1,0.0,186,5470.355957,33,0.0,0.0,0.0,1.0
305025,0,1,3400,-56,56,-947,8.1,12,0.51,87111.109375,0,2.1,0.0,0.0,6380.952148,44,0.0,0.0,0.0,1.0
305274,0,1,3400,-56,56,-948,8.4,12,0.57,109154.148438,3,2.1,0.0,0.0,0.0,0,0.0,0.0,0.0,1.0
305523,0,1,3400,-56,56,-948,8.0,12,0.77,86007.906250,6,2.1,0.0,0.0,5470.355957,0,0.0,0.0,0.0,1.0
305772,0,1,3400,-56,56,-946,7.8,11,0.79,154403.156250,10,2.1,0.0,0.0,18972.332031,18,0.0,0.0,0.0,1.0
306021,0,1,3400,-56,56,-940,7.5,12,0.73,158888.890625,8,2.1,0.0,0.0,0.0,0.0,0.0,0.0,0.0,1.0
306270,0,1,3400,-56,56,-947,8.6,13,0.68,97644.265625,5,2.1,0.0,0.0,0.0,0.0,0.0,0.0,0.0,1.0
306519,0,1,3400,-56,56,-945,9.2,13,0.57,108901.187500,3,2.1,0.0,0.0,0.0,0.0,0.0,0.0,0.0,1.0
306768,0,1,3400,-56,56,-945,8.3,12,0.88,122730.156250,11,2.1,0.0,0.0,12031.746094,0,0.0,0.0,0.0,1.0
307017,0,1,3400,-56,56,-949,8.3,12,0.60,84047.429688,8,2.1,0.0,0.0,0.0,0.0,0.0,0.0,0.0,1.0
307266,0,1,3400,-56,56,-950,8.7,12,0.74,111462.453125,14,2.1,0.0,0.0,0.0,0.0,0.0,0.0,0.0,1.0
307515,0,1,3400,-56,56,-946,8.9,11,0.96,145142.859375,6,2.1,5.2,0.0,0.0,80,0.0,0.0,0.0,1.0
307764,0,1,3400,-56,56,-949,8.7,13,0.55,110166.007812,0,2.1,5.6,0.0,8063.241211,0,0.0,0.0,0.0,1.0
308013,0,1,3400,-56,56,-949,9.2,13,0.53,110158.726562,3,2.1,0.0,0.0,5492.063477,0,0.0,0.0,0.0,1.0
308262,0,1,3400,-56,56,-945,7.9,12,0.58,58909.089844,0,2.1,0.0,0.0,5470.355957,0,0.0,0.0,0.0,1.0
308511,0,1,3400,-56,56,-948,9.7,12,0.58,129328.062500,5,2.1,0.0,0.0,0.0,0.0,0.0,0.0,0.0,1.0
308760,0,1,3400,-56,56,-952,8.8,12,0.64,111333.335938,6,2.1,2.0,0.0,11968.253906,53,0.0,0.0,0.0,1.0
309009,0,1,3400,-56,56,-955,8.8,14,1.1,104537.546875,8,2.1,0.0,0.0,0.0,0.0,0.0,0.0,0.0,1.0
309258,0,1,3400,-56,56,-953,8.6,13,0.86,111335.968750,6,2.1,0.0,0.0,0.0,0.0,0.0,0.0,0.0,1.0
309507,0,1,3400,-56,56,-949,8.3,12,0.75,98687.750000,5,2.1,0.0,0.0,5470.355957,0,0.0,0.0,0.0,1.0
309756,0,1,3400,-56,56,-947,8.7,12,0.61,98666.664062,6,2.1,0.072,0.0,12158.730469,0,0.0,0.0,0.0,1.0
310005,0,1,3400,-56,56,-949,8.1,13,0.65,136317.453125,5,2.1,14,0.0,0.0,100.000000,0.0,0.0,0.0,1.0
310254,0,1,3400,-56,56,-948,6.9,11,1.0,109228.343750,10,2.1,18,0.0,0.0,67,0.0,0.0,0.0,1.0
310503,0,1,3400,-56,56,-944,6.9,11,0.67,121904.765625,3,2.1,9.0,0.0,16476.191406,0,0.0,0.0,0.0,1.0
310752,0,1,3400,-56,56,-949,8.7,12,0.50,109090.906250,0,2.1,0.0,186,5470.355957,0,0.0,0.0,0.0,1.0
311001,0,1,3400,-56,56,-955,8.7,12,0.69,140426.875000,9,2.1,0.0,0.0,12237.154297,0,0.0,0.0,0.0,1.0
311250,0,1,3400,-56,56,-957,9.1,12,0.79,72885.375000,12,2.1,0.0,0.0,0.0,0.0,0.0,0.0,0.0,1.0
311499,0,1,3400,-56,56,-948,8.2,12,0.91,73047.617188,7,2.1,0.0,0.0,5492.063477,0,0.0,0.0,0.0,1.0
311748,0,1,3400,-56,56,-943,8.2,13,0.74,100837.945312,10,2.1,0.0,0.0,1296.442627,25,0.0,0.0,0.0,1.0
311997,0,1,3400,-56,56,-945,7.2,11,0.58,120666.664062,1,2.1,0.0,0.0,12285.713867,0,0.0,0.0,0.0,1.0
312246,0,1,3400,-56,56,-945,9.0,13,0.75,133217.390625,3,2.1,0.0,0.0,5470.355957,0,0.0,0.0,0.0,1.0
312495,0,1,3400,-56,56,-946,7.7,12,0.52,74276.679688,2,2.1,0.0,0.0,0.0,0.0,0.0,0.0,0.0,1.0
312744,0,1,3400,-56,56,-952,8.5,12,0.56,110956.523438,3,2.1,0.0,0.0,12237.154297,0,0.0,0.0,0.0,1.0
312993,0,1,3400,-56,56,-949,8.8,12,0.72,115523.812500,3,2.1,1.2,0.0,10984.126953,44,0.0,0.0,0.0,1.0
313242,0,1,3400,-56,56,-954,8.3,13,0.75,130687.750000,6,2.1,0.0,0.0,5470.355957,0,0.0,0.0,0.0,1.0
313491,0,1,3400,-56,56,-949,8.9,12,0.66,112727.273438,4,2.1,0.0,0.0,5470.355957,0,0.0,0.0,0.0,1.0
313740,0,1,3400,-56,56,-952,8.1,13,0.61,103015.875000,6,2.1,0.42,0.0,10730.159180,0,0.0,0.0,0.0,1.0
313989,0,1,3400,-56,56,-948,9.4,12,0.74,71462.453125,7,2.1,12,0.0,20743.082031,65,0.0,0.0,0.0,1.0
314238,0,1,3400,-56,56,-947,6.7,11,0.52,87810.273438,1,2.1,0.19,0.0,5470.355957,60,0.0,0.0,0.0,1.0
314487,0,1,3400,-56,56,-946,6.9,11,0.60,160698.406250,2,2.1,0.0,0.0,5492.063477,50,0.0,0.0,0.0,1.0
314736,0,1,3400,-56,56,-949,8.3,13,0.65,130750.984375,3,2.1,0.0,0.0,8063.241211,0,0.0,0.0,0.0,1.0
314985,0,1,3400,-56,56,-948,9.1,12,0.74,122666.664062,3,2.1,0.0,0.0,0.0,0.0,0.0,0.0,0.0,1.0
315234,0,1,3400,-56,56,-951,8.7,12,0.79,128126.484375,8,2.1,0.0,0.0,0.0,0,0.0,0.0,0.0,1.0
315483,0,1,3400,-56,56,-960,8.6,13,0.85,96790.515625,4,2.1,0.0,0.0,16411.066406,17,0.0,0.0,0.0,1.0
315732,0,1,3400,-56,56,-946,9.1,12,0.61,115667.984375,5,2.1,0.0,0.0,12237.154297,0,0.0,0.0,0.0,1.0
315981,0,1,3400,-56,56,-948,8.4,12,0.68,104730.156250,8,2.1,0.0,0.0,0.0,80,0.0,0.0,0.0,1.0
316230,0,1,3400,-56,56,-953,7.8,12,0.52,75826.085938,2,2.1,0.0,0.0,0.0,0.0,0.0,0.0,0.0,1.0
316479,0,1,3400,-56,56,-947,7.9,12,0.54,87460.320312,4,2.1,0.0,0.0,0.0,0.0,0.0,0.0,0.0,1.0
316728,0,1,3400,-56,56,-955,7.4,13,0.58,84837.945312,4,2.1,0.0,0.0,20268.775391,0,0.0,0.0,0.0,1.0
316977,0,1,3400,-56,56,-951,8.7,11,0.65,137264.828125,5,2.1,0.0,0.0,0.0,0.0,0.0,0.0,0.0,1.0
317226,0,1,3400,-56,56,-948,6.8,10,0.57,99573.125000,2,2.1,0.0,0.0,0.0,0.0,0.0,0.0,0.0,1.0
317475,0,1,3400,-56,56,-950,8.8,12,0.74,77936.507812,7,2.1,0.0,0.0,5492.063477,0,0.0,0.0,0.0,1.0
317724,0,1,3400,-56,56,-951,9.3,12,0.74,128853.757812,1,2.1,0.0,0.0,13533.596680,0,0.0,0.0,0.0,1.0
317973,0,1,3400,-56,56,-955,9.0,13,0.61,100110.671875,2,2.1,0.0,0.0,5470.355957,0,0.0,0.0,0.0,1.0
318222,0,1,3400,-56,56,-951,7.0,12,0.69,89301.585938,6,2.1,0.0,0.0,5492.063477,0,0.0,0.0,0.0,1.0
318471,0,1,3400,-56,56,-958,8.6,13,0.92,87494.070312,12,2.1,0.0,0.0,0.0,0.0,0.0,0.0,0.0,1.0
318720,0,1,3400,-56,56,-952,8.2,12,0.96,80885.375000,6,2.1,2.0,0.0,7873.517578,58,0.0,0.0,0.0,1.0
318969,0,1,3400,-56,56,-947,8.6,12,0.64,95367.585938,5,2.1,16,0.0,0.0,0.0,0.0,0.0,0.0,1.0
319218,0,1,3400,-56,56,-951,7.8,12,0.57,105555.554688,3,2.1,16,0.0,0.0,0.0,0.0,0.0,0.0,1.0
319467,0,1,3400,-56,56,-946,7.6,11,0.74,131415.015625,7,2.1,16,0.0,0.0,0.0,0.0,0.0,0.0,1.0
319716,0,1,3400,-56,56,-948,8.7,12,0.63,109343.875000,3,2.1,15,0.0,23209.486328,43,0.0,0.0,0.0,1.0
319965,0,1,3400,-56,56,-946,7.3,11,0.64,128698.414062,7,2.1,11,0.0,8793.650391,0,0.0,0.0,0.0,1.0
320214,0,1,3400,-56,56,-947,8.3,12,0.78,143114.625000,9,2.1,7.0,0.0,0.0,0.0,0.0,0.0,0.0,1.0
320463,0,1,3400,-56,56,-953,7.9,12,0.64,89486.164062,4,2.1,7.0,0.0,0.0,0.0,0.0,0.0,0.0,1.0
320712,0,1,3400,-56,56,-957,7.3,13,0.54,91984.187500,4,2.1,7.2,0.0,6450.592773,20,0.0,0.0,0.0,1.0
320961,0,1,3400,-56,56,-950,8.7,12,0.85,132603.171875,16,2.1,12,0.0,0.0,100.000000,0.0,0.0,0.0,1.0
321210,0,1,3400,-56,56,-947,7.3,12,0.76,109407.117188,5,2.1,8.2,0.0,5470.355957,0,0.0,0.0,0.0,1.0
321459,0,1,3400,-56,56,-947,8.1,13,0.54,73075.101562,4,2.1,6.5,0.0,0.0,0.0,0.0,0.0,0.0,1.0
321708,0,1,3400,-56,56,-951,8.5,12,0.53,130063.492188,3,2.1,7.6,0.0,6476.190430,64,0.0,0.0,0.0,1.0
321957,0,1,3400,-56,56,-951,9.2,13,0.94,65644.265625,10,2.1,12,0.0,0.0,0.0,0.0,0.0,0.0,1.0
322206,0,1,3400,-56,56,-948,8.3,13,0.59,77650.796875,4,2.1,11,0.0,5492.063477,0,0.0,0.0,0.0,1.0
322455,0,1,3400,-56,56,-945,9.5,13,0.79,114750.984375,3,2.1,6.5,0.0,5470.355957,0,0.0,0.0,0.0,1.0
322704,0,1,3400,-56,56,-949,8.8,13,0.57,93849.804688,2,2.1,6.1,0.0,6766.798340,17,0.0,0.0,0.0,1.0
322953,0,1,3400,-56,56,-954,8.8,12,0.78,148507.937500,6,2.1,0.0,0.0,17396.826172,12,0.0,0.0,0.0,1.0
323202,0,1,3400,-56,56,-958,8.9,13,0.92,106687.750000,10,2.1,0.0,0.0,0.0,0.0,0.0,0.0,0.0,1.0
323451,0,1,3400,-56,56,-946,8.8,12,0.60,109565.218750,2,2.1,0.0,0.0,5470.355957,0,0.0,0.0,0.0,1.0
323700,0,1,3400,-56,56,-949,6.8,12,0.93,84412.695312,2,2.1,0.0,0.0,0.0,0.0,0.0,0.0,0.0,1.0
323949,0,1,3400,-56,56,-948,8.1,12,0.53,94260.867188,3,2.1,0.0,0.0,14798.418945,11,0.0,0.0,0.0,1.0
324198,0,1,3400,-56,56,-947,9.3,12,1.1,77470.359375,13,2.1,0.0,0.0,0.0,0.0,0.0,0.0,0.0,1.0
324447,0,1,3400,-56,56,-949,9.0,13,0.50,96888.890625,0,2.1,0.0,0.0,5492.063477,0,0.0,0.0,0.0,1.0
324696,0,1,3400,-56,56,-952,8.5,12,0.84,99098.812500,5,2.1,0.82,0.0,11098.814453,36,0.0,0.0,0.0,1.0
324945,0,1,3400,-56,56,-951,8.4,12,0.68,113928.851562,3,2.1,0.0,0.0,5470.355957,0,0.0,0.0,0.0,1.0
325194,0,1,3400,-56,56,-951,8.2,12,0.57,89936.507812,0,2.1,0.0,0.0,0.0,0.0,0.0,0.0,0.0,1.0
325443,0,1,3400,-56,56,-949,8.4,12,0.98,69217.390625,18,2.1,0.0,0.0,5470.355957,0,0.0,0.0,0.0,1.0
325692,0,1,3400,-56,56,-946,8.6,12,0.77,136632.406250,2,2.1,0.0,0.0,8063.241211,17,0.0,0.0,0.0,1.0
325941,0,1,3400,-56,56,-948,9.3,12,0.63,141523.812500,7,2.1,0.0,0.0,5492.063477,0,0.0,0.0,0.0,1.0
326190,0,1,3400,-56,56,-953,8.7,13,0.61,96505.929688,5,2.1,0.0,0.0,0.0,0.0,0.0,0.0,0.0,1.0
326439,0,1,3400,-56,56,-952,8.4,11,0.74,96632.414062,5,2.1,0.0,0.0,0.0,0.0,0.0,0.0,0.0,1.0
326688,0,1,3400,-56,56,-954,9.3,13,0.64,98023.718750,14,2.1,0.0,0.0,7905.138184,0,0.0,0.0,0.0,1.0
326937,0,1,3400,-56,56,-945,7.3,12,0.93,121777.781250,3,2.1,0.0,0.0,0.0,0.0,0.0,0.0,0.0,1.0
327186,0,1,3400,-56,56,-950,9.8,12,1.0,88664.031250,13,2.1,0.0,0.0,0.0,0.0,0.0,0.0,0.0,1.0
327435,0,1,3400,-56,56,-950,8.9,12,0.90,81138.343750,4,2.1,0.0,0.0,0.0,0.0,0.0,0.0,0.0,1.0
327684,0,1,3400,-56,56,-946,10,12,0.91,117650.796875,7,2.1,0.0,186,0.0,0.0,0.0,0.0,0.0,1.0
327933,0,1,3400,-56,56,-947,8.8,13,0.82,74023.718750,12,2.1,2.2,0.0,23620.552734,36,0.0,0.0,0.0,1.0
328182,0,1,3400,-56,56,-954,8.5,12,0.77,84584.976562,4,2.1,0.0,0.0,0.0,0.0,0.0,0.0,0.0,1.0
328431,0,1,3400,-56,56,-953,8.0,11,0.63,122126.984375,8,2.1,0.0,0.0,0.0,0.0,0.0,0.0,0.0,1.0
328680,0,1,3400,-56,56,-949,8.6,12,0.87,99857.710938,16,2.1,0.72,0.0,0.0,67,0.0,0.0,0.0,1.0
328929,0,1,3400,-56,56,-948,7.7,11,0.71,115541.500000,3,2.1,7.5,0.0,0.0,100.000000,0.0,0.0,0.0,1.0
329178,0,1,3400,-56,56,-951,7.5,12,0.81,110476.187500,8,2.1,4.2,0.0,30095.238281,0,0.0,0.0,0.0,1.0
329427,0,1,3400,-56,56,-956,8.5,13,0.90,65075.097656,9,2.1,6.5,0.0,0.0,0.0,0.0,0.0,0.0,1.0
329676,0,1,3400,-56,56,-951,6.2,11,0.69,101754.937500,7,2.1,5.4,0.0,10118.577148,27,0.0,0.0,0.0,1.0
329925,0,1,3400,-56,56,-951,8.5,12,0.60,94988.140625,7,2.1,6.5,0.0,0.0,0.0,0.0,0.0,0.0,1.0
330174,0,1,3400,-56,56,-947,8.6,11,0.85,111174.601562,9,2.1,6.5,0.0,0.0,0.0,0.0,0.0,0.0,1.0
330423,0,1,3400,-56,56,-950,8.2,13,0.57,119525.695312,2,2.1,6.5,0.0,0.0,0.0,0.0,0.0,0.0,1.0
330672,0,1,3400,-56,56,-953,8.2,12,0.81,111494.070312,6,2.1,8.1,0.0,23209.486328,0,0.0,0.0,0.0,1.0
330921,0,1,3400,-56,56,-952,8.6,13,0.66,120888.890625,7,2.1,14,0.0,0.0,0.0,0.0,0.0,0.0,1.0
331170,0,1,3400,-56,56,-950,7.3,12,0.72,94577.078125,8,2.1,14,0.0,0.0,0.0,0.0,0.0,0.0,1.0
331419,0,1,3400,-56,56,-949,9.4,12,0.70,111399.210938,2,2.1,14,0.0,0.0,0.0,0.0,0.0,0.0,1.0
331668,0,1,3400,-56,56,-945,8.9,12,0.87,118793.648438,9,2.1,14,0.0,0.0,80,0.0,0.0,0.0,1.0
331917,0,1,3400,-56,56,-942,9.0,13,0.93,97517.789062,15,2.1,14,0.0,0.0,0.0,0.0,0.0,0.0,1.0
332166,0,1,3400,-56,56,-947,8.8,13,0.86,118292.492188,9,2.1,14,0.0,0.0,0.0,0.0,0.0,0.0,1.0
332415,0,1,3400,-56,56,-950,9.5,13,0.53,109976.281250,4,2.1,14,0.0,0.0,0.0,0.0,0.0,0.0,1.0
332664,0,1,3400,-56,56,-951,9.0,12,0.70,74571.429688,2,2.1,4.5,0.0,13587.301758,22,0.0,0.0,0.0,1.0
332913,0,1,3400,-56,56,-949,8.6,13,0.81,94671.937500,5,2.1,0.0,0.0,0.0,0.0,0.0,0.0,0.0,1.0
333162,0,1,3400,-56,56,-951,8.3,13,0.53,90466.406250,2,2.1,0.0,0.0,0.0,0.0,0.0,0.0,0.0,1.0
333411,0,1,3400,-56,56,-944,8.7,13,0.83,108126.984375,3,2.1,0.0,0.0,0.0,0.0,0.0,0.0,0.0,1.0
333660,0,1,3400,-56,56,-946,8.8,12,0.68,133818.187500,1,2.1,0.0,0.0,8063.241211,0,0.0,0.0,0.0,1.0
333909,0,1,3400,-56,56,-952,8.8,11,0.88,138498.031250,7,2.1,0.0,0.0,0.0,0.0,0.0,0.0,0.0,1.0
334158,0,1,3400,-56,56,-948,9.4,12,0.71,97517.789062,7,2.1,0.0,0.0,10940.711914,0,0.0,0.0,0.0,1.0
334407,0,1,3400,-56,56,-951,9.1,13,0.54,131301.593750,1,2.1,0.0,0.0,0.0,0.0,0.0,0.0,0.0,1.0
334656,0,1,3400,-56,56,-950,8.4,11,1.0,118545.453125,9,2.1,0.0,0.0,17581.027344,0,0.0,0.0,0.0,1.0
334905,0,1,3400,-56,56,-953,8.9,12,0.84,115428.570312,4,2.1,0.0,0.0,0.0,0.0,0.0,0.0,0.0,1.0
335154,0,1,3400,-56,56,-950,8.6,12,0.57,103494.070312,5,2.1,0.0,0.0,0.0,0,0.0,0.0,0.0,1.0
335403,0,1,3400,-56,56,-952,8.2,12,0.53,87778.656250,2,2.1,0.0,0.0,5470.355957,0,0.0,0.0,0.0,1.0
335652,0,1,3400,-56,56,-952,8.2,12,0.62,132584.984375,3,2.1,0.0,0.0,8063.241211,17,0.0,0.0,0.0,1.0
335901,0,1,3400,-56,56,-952,8.8,12,1.0,126952.382812,8,2.1,0.0,0.0,0.0,0.0,0.0,0.0,0.0,1.0
336150,0,1,3400,-56,56,-954,9.2,12,0.72,98434.781250,7,2.1,0.0,0.0,0.0,0.0,0.0,0.0,0.0,1.0
336399,0,1,3400,-56,56,-952,8.3,13,0.78,75098.812500,8,2.1,0.0,0.0,0.0,0.0,0.0,0.0,0.0,1.0
336648,0,1,3400,-56,56,-947,8.8,12,0.76,98603.171875,3,2.1,0.0,0.0,17904.761719,0,0.0,0.0,0.0,1.0
336897,0,1,3400,-56,56,-948,8.6,13,0.61,117470.359375,7,2.1,0.0,0.0,0.0,0.0,0.0,0.0,0.0,1.0
337146,0,1,3400,-56,56,-947,8.2,12,0.51,77047.617188,2,2.1,0.0,0.0,0.0,0.0,0.0,0.0,0.0,1.0
337395,0,1,3400,-56,56,-954,8.9,12,0.62,129043.476562,3,2.1,1.2,0.0,5470.355957,57,0.0,0.0,0.0,1.0
337644,0,1,3400,-56,56,-958,8.2,14,0.54,92952.382812,4,2.1,1.6,0.0,14158.730469,47,0.0,0.0,0.0,1.0
337893,0,1,3400,-56,56,-951,7.4,11,0.56,136347.828125,2,2.1,2.2,0.0,822,67,0.0,0.0,0.0,1.0
338142,0,1,3400,-56,56,-950,8.8,13,0.71,78039.523438,9,2.1,7.5,0.0,0.0,0.0,0.0,0.0,0.0,1.0
338391,0,1,3400,-56,56,-955,8.6,12,0.70,147984.187500,5,2.1,7.5,0.0,0.0,0.0,0.0,0.0,0.0,1.0
338640,0,1,3400,-56,56,-955,8.7,12,0.76,98412.695312,7,2.1,5.9,0.0,8095.238281,0,0.0,0.0,0.0,1.0
338889,0,1,3400,-56,56,-956,8.6,12,0.88,45501.976562,4,2.1,0.0,0.0,0.0,0.0,0.0,0.0,0.0,1.0
339138,0,1,3400,-56,56,-955,6.8,12,0.51,71241.109375,0,2.1,0.0,0.0,0.0,0.0,0.0,0.0,0.0,1.0
339387,0,1,3400,-56,56,-955,9.0,12,0.53,100521.742188,4,2.1,0.0,0.0,0.0,0.0,0.0,0.0,0.0,1.0
339636,0,1,3400,-56,56,-947,8.7,13,0.65,100984.125000,9,2.1,0.0,0.0,14857.142578,11,0.0,0.0,0.0,1.0
339885,0,1,3400,-56,56,-945,8.4,12,0.62,118703.554688,4,2.1,0.0,0.0,0.0,0.0,0.0,0.0,0.0,1.0
340134,0,1,3400,-56,56,-947,6.9,12,0.78,66877.468750,5,2.1,0.0,0.0,5470.355957,0,0.0,0.0,0.0,1.0
340383,0,1,3400,-56,56,-951,10,12,0.63,111367.585938,8,2.1,0.0,0.0,0.0,0.0,0.0,0.0,0.0,1.0
340632,0,1,3400,-56,56,-952,8.6,12,0.77,102539.679688,8,2.1,0.0,0.0,8095.238281,17,0.0,0.0,0.0,1.0
340881,0,1,3400,-56,56,-949,6.3,11,0.57,73644.265625,1,2.1,0.0,0.0,0.0,0.0,0.0,0.0,0.0,1.0
341130,0,1,3400,-56,56,-949,8.5,13,1.2,106285.710938,6,2.1,0.0,0.0,5492.063477,50,0.0,0.0,0.0,1.0
341379,0,1,3400,-56,56,-948,9.5,12,0.53,107889.328125,0,2.1,0.0,0.0,0.0,0.0,0.0,0.0,0.0,1.0
341628,0,1,3400,-56,56,-951,8.5,12,0.53,82845.851562,2,2.1,0.0,186,0.0,0.0,0.0,0.0,0.0,1.0
341877,0,1,3400,-56,56,-952,9.7,12,0.65,133154.156250,4,2.1,0.0,0.0,12237.154297,0,0.0,0.0,0.0,1.0
342126,0,1,3400,-56,56,-947,8.7,12,0.63,149301.593750,1,2.1,0.0,0.0,0.0,0.0,0.0,0.0,0.0,1.0
342375,0,1,3400,-56,56,-951,7.8,12,0.56,116837.945312,0,2.1,0.0,0.0,0.0,0.0,0.0,0.0,0.0,1.0
342624,0,1,3400,-56,56,-945,8.0,12,1.2,99067.195312,3,2.1,0.0,186,0.0,0.0,0.0,0.0,0.0,1.0
342873,0,1,3400,-56,56,-959,9.7,12,1.0,129523.812500,9,2.1,0.0,0.0,26253.968750,12,0.0,0.0,0.0,1.0
343122,0,1,3400,-56,56,-954,7.4,12,0.63,91826.085938,1,2.1,0.0,0.0,5470.355957,0,0.0,0.0,0.0,1.0
343371,0,1,3400,-56,56,-956,9.0,12,0.66,113928.851562,7,2.1,0.0,0.0,5470.355957,0,0.0,0.0,0.0,1.0
343620,0,1,3400,-56,56,-952,8.7,13,1.0,93333.335938,7,2.1,0.0,0.0,8095.238281,0,0.0,0.0,0.0,1.0
343869,0,1,3400,-56,56,-944,9.2,13,0.87,132490.125000,6,2.1,0.0,0.0,0.0,0.0,0.0,0.0,0.0,1.0
344118,0,1,3400,-56,56,-946,8.6,12,0.69,92332.015625,14,2.1,0.0,0.0,0.0,0.0,0.0,0.0,0.0,1.0
344367,0,1,3400,-56,56,-961,8.3,11,0.74,120316.203125,4,2.1,0.0,0.0,5470.355957,0,0.0,0.0,0.0,1.0
344616,0,1,3400,-56,56,-953,9.0,12,1.1,60984.128906,11,2.1,0.0,0.0,8095.238281,0,0.0,0.0,0.0,1.0
344865,0,1,3400,-56,56,-954,8.0,12,0.66,89396.828125,4,2.1,0.0,0.0,0.0,0.0,0.0,0.0,0.0,1.0
345114,0,1,3400,-56,56,-954,7.8,12,0.59,99920.945312,3,2.1,0.0,0.0,0.0,0.0,0.0,0.0,0.0,1.0
345363,0,1,3400,-56,56,-945,8.5,13,0.52,63683.792969,3,2.1,0.0,0.0,5470.355957,0,0.0,0.0,0.0,1.0
345612,0,1,3400,-56,56,-944,9.0,12,0.56,113233.203125,3,2.1,0.0,0.0,19003.953125,0,0.0,0.0,0.0,1.0
345861,0,1,3400,-56,56,-955,8.6,12,0.61,118671.937500,4,2.1,0.0,0.0,5470.355957,0,0.0,0.0,0.0,1.0
346110,0,1,3400,-56,56,-951,8.5,13,0.57,92507.937500,7,2.1,0.0,0.0,0.0,0,0.0,0.0,0.0,1.0
346359,0,1,3400,-56,56,-947,9.1,13,0.68,111747.039062,5,2.1,0.0,0.0,10940.711914,50,0.0,0.0,0.0,1.0
346608,0,1,3400,-56,56,-951,7.4,11,0.88,148222.218750,10,2.1,0.0,0.0,13238.095703,11,0.0,0.0,0.0,1.0
346857,0,1,3400,-56,56,-957,8.3,13,0.70,82181.820312,8,2.1,0.0,0.0,0.0,0.0,0.0,0.0,0.0,1.0
347106,0,1,3400,-56,56,-959,8.5,12,0.65,76015.812500,7,2.1,0.0,0.0,0.0,0.0,0.0,0.0,0.0,1.0
347355,0,1,3400,-56,56,-953,6.2,12,0.92,85027.671875,5,2.1,0.0,0.0,0.0,0.0,0.0,0.0,0.0,1.0
347604,0,1,3400,-56,56,-944,9.5,13,0.79,115396.828125,5,2.1,1.9,0.0,0.0,80,0.0,0.0,0.0,1.0
347853,0,1,3400,-56,56,-946,7.0,12,0.51,43130.433594,4,2.1,7.5,0.0,0.0,0.0,0.0,0.0,0.0,1.0
348102,0,1,3400,-56,56,-950,6.7,12,0.88,99396.828125,4,2.1,7.5,0.0,0.0,0.0,0.0,0.0,0.0,1.0
348351,0,1,3400,-56,56,-949,8.5,12,0.59,95241.109375,7,2.1,7.5,0.0,0.0,0.0,0.0,0.0,0.0,1.0
348600,0,1,3400,-56,56,-957,7.6,12,0.71,119747.039062,5,2.1,7.5,0.0,1992.094849,40,0.0,0.0,0.0,1.0
348849,0,1,3400,-56,56,-945,6.4,11,0.60,104952.382812,5,2.1,0.87,0.0,12603.174805,55,0.0,0.0,0.0,1.0
349098,0,1,3400,-56,56,-943,8.4,12,0.78,87683.796875,12,2.1,0.0,0.0,5470.355957,57,0.0,0.0,0.0,1.0
349347,0,1,3400,-56,56,-950,9.3,12,0.60,86285.710938,6,2.1,0.0,0.0,0.0,0.0,0.0,0.0,0.0,1.0
349596,0,1,3400,-56,56,-956,8.4,12,0.56,87937.007812,2,2.1,0.0,0.0,8031.496094,0,0.0,0.0,0.0,1.0
349845,0,1,3400,-56,56,-956,8.5,13,0.57,107111.109375,6,2.1,0.0,0.0,5492.063477,0,0.0,0.0,0.0,1.0
350094,0,1,3400,-56,56,-943,8.1,12,0.93,111083.007812,13,2.1,0.0,0.0,5470.355957,60,0.0,0.0,0.0,1.0
350343,0,1,3400,-56,56,-949,7.4,12,0.72,104505.929688,6,2.1,0.0,0.0,0.0,0.0,0.0,0.0,0.0,1.0
350592,0,1,3400,-56,56,-960,8.8,12,0.53,84857.140625,4,2.1,0.0,0.0,7936.507812,0,0.0,0.0,0.0,1.0
350841,0,1,3400,-56,56,-960,7.8,12,0.56,116711.460938,3,2.1,4.6,0.0,0.0,80,0.0,0.0,0.0,1.0
351090,0,1,3400,-56,56,-949,6.5,11,0.58,109628.460938,3,2.1,7.5,0.0,0.0,0.0,0.0,0.0,0.0,1.0
351339,0,1,3400,-56,56,-947,7.9,12,0.60,101723.320312,3,2.1,7.5,0.0,0.0,0.0,0.0,0.0,0.0,1.0
351588,0,1,3400,-56,56,-952,9.1,12,0.69,131238.093750,6,2.1,6.8,0.0,6793.650879,17,0.0,0.0,0.0,1.0
351837,0,1,3400,-56,56,-956,9.1,12,0.61,104758.890625,0,2.1,1.7,0.0,16822.134766,47,0.0,0.0,0.0,1.0
352086,0,1,3400,-56,56,-949,8.6,12,0.95,132857.140625,11,2.1,0.0,0.0,5492.063477,0,0.0,0.0,0.0,1.0
352335,0,1,3400,-56,56,-951,9.3,12,0.72,143083.000000,10,2.1,0.0,0.0,0.0,0.0,0.0,0.0,0.0,1.0
352584,0,1,3400,-56,56,-948,8.0,12,0.51,103241.109375,0,2.1,3.7,186,0.0,80,0.0,0.0,0.0,1.0
352833,0,1,3400,-56,56,-950,9.0,13,0.92,113391.304688,10,2.1,12,0.0,15019.762695,44,0.0,0.0,0.0,1.0
353082,0,1,3400,-56,56,-947,7.6,12,1.0,86857.140625,7,2.1,7.4,0.0,0.0,0,0.0,0.0,0.0,1.0
353331,0,1,3400,-56,56,-948,8.6,12,0.74,92015.812500,7,2.1,0.0,0.0,10940.711914,0,0.0,0.0,0.0,1.0
353580,0,1,3400,-56,56,-953,9.4,13,0.87,136189.718750,9,2.1,0.55,0.0,12806.324219,0,0.0,0.0,0.0,1.0
353829,0,1,3400,-56,56,-954,7.3,13,0.56,77450.195312,6,2.1,3.0,0.0,5513.944336,0,0.0,0.0,0.0,1.0
354078,0,1,3400,-56,56,-957,8.2,13,0.65,118929.132812,9,2.1,3.0,0.0,0.0,0.0,0.0,0.0,0.0,1.0
354327,0,1,3400,-56,56,-955,8.9,12,0.60,149269.843750,2,2.1,0.91,0.0,10984.126953,20,0.0,0.0,0.0,1.0
354576,0,1,3400,-56,56,-950,9.4,13,0.60,81486.164062,9,2.1,0.0,0.0,19003.953125,10,0.0,0.0,0.0,1.0
354825,0,1,3400,-56,56,-952,9.6,12,0.62,118229.250000,2,2.1,0.0,0.0,0.0,0.0,0.0,0.0,0.0,1.0
355074,0,1,3400,-56,56,-951,10.0,12,0.79,103778.656250,9,2.1,0.0,0.0,0.0,0.0,0.0,0.0,0.0,1.0
355323,0,1,3400,-56,56,-950,7.6,11,0.72,128793.648438,6,2.1,0.0,0.0,5492.063477,0,0.0,0.0,0.0,1.0
355572,0,1,3400,-56,56,-951,9.2,13,0.71,129865.609375,3,2.1,0.0,0.0,17707.509766,0,0.0,0.0,0.0,1.0
355821,0,1,3400,-56,56,-947,9.2,12,1.1,92743.085938,12,2.1,0.0,0.0,0.0,0.0,0.0,0.0,0.0,1.0
356070,0,1,3400,-56,56,-951,9.8,12,0.71,122603.171875,10,2.1,0.0,0.0,0.0,0.0,0.0,0.0,0.0,1.0
356319,0,1,3400,-56,56,-952,6.8,10.0,0.61,110893.281250,2,2.1,0.0,0.0,0.0,0.0,0.0,0.0,0.0,1.0
356568,0,1,3400,-56,56,-947,7.5,11,0.68,108458.500000,6,2.1,0.0,186,10940.711914,0,0.0,0.0,0.0,1.0
356817,0,1,3400,-56,56,-952,8.9,13,0.56,103015.875000,2,2.1,0.0,0.0,8095.238281,29,0.0,0.0,0.0,1.0
357066,0,1,3400,-56,56,-954,8.5,12,0.53,104442.687500,3,2.1,0.0,0.0,0.0,0.0,0.0,0.0,0.0,1.0
357315,0,1,3400,-56,56,-953,9.3,12,0.55,108648.218750,0,2.1,0.0,0.0,16411.066406,14,0.0,0.0,0.0,1.0
357564,0,1,3400,-56,56,-951,9.0,13,0.59,94766.796875,9,2.1,0.0,0.0,8063.241211,0,0.0,0.0,0.0,1.0
357813,0,1,3400,-56,56,-950,8.9,12,0.67,113365.078125,15,2.1,0.0,0.0,0.0,0.0,0.0,0.0,0.0,1.0
358062,0,1,3400,-56,56,-952,6.5,10,0.56,102766.796875,4,2.1,0.0,0.0,5470.355957,0,0.0,0.0,0.0,1.0
358311,0,1,3400,-56,56,-949,7.7,11,0.95,77206.351562,14,2.1,0.0,0.0,5492.063477,0,0.0,0.0,0.0,1.0
358560,0,1,3400,-56,56,-946,7.7,12,0.54,89328.062500,2,2.1,0.0,0.0,8063.241211,17,0.0,0.0,0.0,1.0
358809,0,1,3400,-56,56,-949,8.8,13,0.57,131067.195312,3,2.1,0.0,0.0,0.0,0.0,0.0,0.0,0.0,1.0
359058,0,1,3400,-56,56,-948,8.9,12,0.85,138150.203125,8,2.1,0.0,0.0,0.0,0.0,0.0,0.0,0.0,1.0
359307,0,1,3400,-56,56,-947,6.9,13,0.58,76761.906250,0,2.1,0.0,0.0,5492.063477,0,0.0,0.0,0.0,1.0
359556,0,1,3400,-56,56,-958,8.5,13,0.64,95241.109375,2,2.1,0.0,0.0,7968.379395,22,0.0,0.0,0.0,1.0
359805,0,1,3400,-56,56,-953,7.2,12,0.77,89043.476562,3,2.1,0.0,0.0,0.0,0.0,0.0,0.0,0.0,1.0
360054,0,1,3400,-56,56,-953,8.6,12,0.60,89619.046875,4,2.1,0.0,0.0,5492.063477,0,0.0,0.0,0.0,1.0
360303,0,1,3400,-56,56,-952,8.4,12,0.52,45691.699219,0,2.1,0.0,0.0,0.0,0.0,0.0,0.0,0.0,1.0
360552,0,1,3400,-56,56,-947,8.6,12,0.53,97079.367188,2,2.1,0.0,0.0,8095.238281,0,0.0,0.0,0.0,1.0
360801,0,1,3400,-56,56,-949,9.1,12,0.63,125322.835938,3,2.1,0.0,0.0,0.0,0.0,0.0,0.0,0.0,1.0
361050,0,1,3400,-56,56,-948,7.6,12,0.53,93047.617188,3,2.1,0.0,0.0,0.0,0.0,0.0,0.0,0.0,1.0
361299,0,1,3400,-56,56,-948,8.8,12,0.80,104347.828125,12,2.1,0.0,0.0,5470.355957,0,0.0,0.0,0.0,1.0
361548,0,1,3400,-56,56,-953,8.4,12,0.87,107777.781250,5,2.1,0.0,0.0,12285.713867,0,0.0,0.0,0.0,1.0
361797,0,1,3400,-56,56,-947,6.5,11,0.83,88727.273438,4,2.1,0.0,0.0,0.0,0.0,0.0,0.0,0.0,1.0
362046,0,1,3400,-56,56,-951,7.9,12,0.68,83383.398438,16,2.1,0.0,0.0,0.0,0.0,0.0,0.0,0.0,1.0
362295,0,1,3400,-56,56,-955,8.0,11,0.65,110063.492188,1,2.1,0.0,0.0,0.0,0.0,0.0,0.0,0.0,1.0
362544,0,1,3400,-56,56,-952,7.9,12,0.68,117533.593750,10,2.1,0.0,0.0,8063.241211,25,0.0,0.0,0.0,1.0
362793,0,1,3400,-56,56,-957,9.1,13,0.79,131573.125000,8,2.1,5.8,0.0,7525.691895,33,0.0,0.0,0.0,1.0
363042,0,1,3400,-56,56,-947,8.8,13,0.95,102355.734375,8,2.1,6.5,0.0,0.0,0.0,0.0,0.0,0.0,1.0
363291,0,1,3400,-56,56,-946,8.6,12,0.76,75015.875000,2,2.1,6.5,0.0,0.0,0.0,0.0,0.0,0.0,1.0
363540,0,1,3400,-56,56,-950,7.8,12,0.72,62324.109375,5,2.1,6.5,186,0.0,0.0,0.0,0.0,0.0,1.0
363789,0,1,3400,-56,56,-957,8.4,11,0.78,109976.281250,6,2.1,7.4,0.0,0.0,80,0.0,0.0,0.0,1.0
364038,0,1,3400,-56,56,-952,8.8,13,0.61,87051.382812,8,2.1,7.5,0.0,0.0,0.0,0.0,0.0,0.0,1.0
364287,0,1,3400,-56,56,-953,8.6,12,0.66,100253.968750,3,2.1,7.5,0.0,0.0,0.0,0.0,0.0,0.0,1.0
364536,0,1,3400,-56,56,-947,6.9,11,0.62,120031.617188,3,2.1,7.1,0.0,10624.505859,47,0.0,0.0,0.0,1.0
364785,0,1,3400,-56,56,-953,8.1,13,0.75,69249.015625,14,2.1,0.0,0.0,0.0,0.0,0.0,0.0,0.0,1.0
365034,0,1,3400,-56,56,-952,8.1,12,0.67,107920.320312,6,2.1,14,0.0,2135.458252,33,0.0,0.0,0.0,1.0
365283,0,1,3400,-56,56,-947,9.2,13,0.66,126078.742188,4,2.1,14,0.0,0.0,0.0,0.0,0.0,0.0,1.0
365532,0,1,3400,-56,56,-952,9.5,13,0.70,69565.218750,10,2.1,16,0.0,0.0,80,0.0,0.0,0.0,1.0
365781,0,1,3400,-56,56,-949,8.7,12,0.50,106666.664062,0,2.1,22,0.0,0.0,0.0,0.0,0.0,0.0,1.0
366030,0,1,3400,-56,56,-947,9.3,11,0.80,127747.039062,5,2.1,18,0.0,5470.355957,60,0.0,0.0,0.0,1.0
366279,0,1,3400,-56,56,-949,8.4,12,0.72,122624.507812,5,2.1,14,0.0,0.0,0.0,0.0,0.0,0.0,1.0
366528,0,1,3400,-56,56,-951,9.1,13,0.50,78380.953125,0,2.1,14,0.0,8095.238281,0,0.0,0.0,0.0,1.0
366777,0,1,3400,-56,56,-954,7.7,11,0.67,104916.992188,5,2.1,14,0.0,0.0,0.0,0.0,0.0,0.0,1.0
367026,0,1,3400,-56,56,-954,6.8,12,0.58,95840.640625,4,2.1,12,0.0,5513.944336,0,0.0,0.0,0.0,1.0
367275,0,1,3400,-56,56,-952,8.4,13,0.77,104000.000000,5,2.1,0.0,0.0,0.0,0.0,0.0,0.0,0.0,1.0
367524,0,1,3400,-56,56,-949,7.8,13,0.72,105543.304688,3,2.1,0.0,0.0,8031.496094,29,0.0,0.0,0.0,1.0
367773,0,1,3400,-56,56,-953,8.7,12,0.53,87494.070312,4,2.1,0.0,0.0,0.0,0.0,0.0,0.0,0.0,1.0
368022,0,1,3400,-56,56,-950,9.0,13,0.98,93746.031250,8,2.1,0.0,0.0,0.0,0.0,0.0,0.0,0.0,1.0
368271,0,1,3400,-56,56,-960,8.5,13,0.71,100901.187500,2,2.1,0.0,0.0,10940.711914,33,0.0,0.0,0.0,1.0
368520,0,1,3400,-56,56,-954,8.4,13,0.51,108015.812500,0,2.1,0.0,0.0,12237.154297,0,0.0,0.0,0.0,1.0
368769,0,1,3400,-56,56,-943,9.3,12,0.51,96223.109375,0,2.1,0.0,0.0,0.0,0.0,0.0,0.0,0.0,1.0
369018,0,1,3400,-56,56,-945,8.8,12,0.86,89486.164062,9,2.1,0.0,0.0,0.0,0.0,0.0,0.0,0.0,1.0
369267,0,1,3400,-56,56,-951,8.1,11,0.84,123573.125000,13,2.1,0.0,0.0,5470.355957,0,0.0,0.0,0.0,1.0
369516,0,1,3400,-56,56,-950,8.9,12,0.58,86387.351562,5,2.1,0.0,0.0,17581.027344,0,0.0,0.0,0.0,1.0
369765,0,1,3400,-56,56,-955,11,12,0.54,90498.023438,2,2.1,0.0,0.0,0.0,0.0,0.0,0.0,0.0,1.0
370014,0,1,3400,-56,56,-954,7.8,13,0.61,113233.203125,2,2.1,0.0,0.0,0.0,0,0.0,0.0,0.0,1.0
370263,0,1,3400,-56,56,-948,8.1,11,0.83,150956.515625,5,2.1,0.0,0.0,5470.355957,0,0.0,0.0,0.0,1.0
370512,0,1,3400,-56,56,-949,7.8,11,0.92,113460.320312,9,2.1,0.0,0.0,8095.238281,38,0.0,0.0,0.0,1.0
370761,0,1,3400,-56,56,-949,8.8,13,0.72,120695.648438,3,2.1,0.0,0.0,0.0,0.0,0.0,0.0,0.0,1.0
371010,0,1,3400,-56,56,-952,8.9,13,0.67,116521.742188,9,2.1,0.0,0.0,0.0,0.0,0.0,0.0,0.0,1.0
371259,0,1,3400,-56,56,-952,8.4,13,0.50,104698.414062,0,2.1,0.0,0.0,5492.063477,0,0.0,0.0,0.0,1.0
371508,0,1,3400,-56,56,-949,8.7,12,0.63,108126.984375,8,2.1,0.0,186,0.0,0.0,0.0,0.0,0.0,1.0
371757,0,1,3400,-56,56,-944,6.7,10,1.1,126771.656250,13,2.1,5.3,0.0,16503.937500,31,0.0,0.0,0.0,1.0
372006,0,1,3400,-56,56,-951,8.1,13,0.87,61968.253906,8,2.1,6.0,0.0,0.0,0.0,0.0,0.0,0.0,1.0
372255,0,1,3400,-56,56,-957,7.8,12,0.75,98403.164062,8,2.1,6.0,0.0,5470.355957,0,0.0,0.0,0.0,1.0
372504,0,1,3400,-56,56,-946,5.3,9.8,0.67,106276.679688,2,2.1,6.0,186,0.0,0.0,0.0,0.0,0.0,1.0
372753,0,1,3400,-56,56,-948,6.7,11,0.69,171111.109375,6,2.1,6.0,20,0.0,80,0.0,0.0,0.0,1.0
373002,0,1,3400,-56,56,-952,8.4,12,0.88,148237.156250,5,2.1,4.2,0.0,6355.731445,0,0.0,0.0,0.0,1.0
373251,0,1,3400,-56,56,-955,8.0,12,0.51,98561.265625,2,2.1,0.0,0.0,5470.355957,0,0.0,0.0,0.0,1.0
373500,0,1,3400,-56,56,-958,9.5,13,0.59,110507.937500,2,2.1,0.0,0.0,7968.253906,0,0.0,0.0,0.0,1.0
373749,0,1,3400,-56,56,-955,8.3,13,0.71,133873.015625,4,2.1,4.6,0.0,0.0,80,0.0,0.0,0.0,1.0
373998,0,1,3400,-56,56,-952,9.8,12,0.59,109921.257812,5,2.1,3.8,0.0,5448.818848,0,0.0,0.0,0.0,1.0
374247,0,1,3400,-56,56,-956,8.8,12,0.57,101249.015625,5,2.1,0.0,0.0,0.0,0.0,0.0,0.0,0.0,1.0
374496,0,1,3400,-56,56,-953,9.1,13,0.98,109523.812500,13,2.1,0.0,0.0,2603.174561,20,0.0,0.0,0.0,1.0
374745,0,1,3400,-56,56,-949,9.1,13,0.62,102766.796875,2,2.1,0.0,0.0,5470.355957,0,0.0,0.0,0.0,1.0
374994,0,1,3400,-56,56,-954,9.4,12,0.88,80379.445312,9,2.1,0.0,0.0,0.0,0.0,0.0,0.0,0.0,1.0
375243,0,1,3400,-56,56,-949,8.5,13,0.67,109841.273438,6,2.1,0.0,0.0,0.0,0.0,0.0,0.0,0.0,1.0
375492,0,1,3400,-56,56,-948,9.2,12,0.76,106403.164062,8,2.1,0.0,186,0.0,0.0,0.0,0.0,0.0,1.0
375741,0,1,3400,-56,56,-951,9.5,13,0.69,146285.718750,4,2.1,13,0.0,10698.413086,14,0.0,0.0,0.0,1.0
375990,0,1,3400,-56,56,-951,8.8,13,0.98,82150.195312,15,2.1,10,0.0,16411.066406,0,0.0,0.0,0.0,1.0
376239,0,1,3400,-56,56,-950,8.5,12,0.77,126513.835938,8,2.1,8.0,0.0,0.0,0.0,0.0,0.0,0.0,1.0
376488,0,1,3400,-56,56,-953,8.1,12,0.74,87462.453125,4,2.1,6.3,0.0,12237.154297,40,0.0,0.0,0.0,1.0
376737,0,1,3400,-56,56,-953,9.2,13,0.63,118007.906250,2,2.1,0.0,0.0,0.0,0.0,0.0,0.0,0.0,1.0
376986,0,1,3400,-56,56,-957,8.6,12,0.53,78190.476562,2,2.1,0.0,0.0,5492.063477,0,0.0,0.0,0.0,1.0
377235,0,1,3400,-56,56,-949,8.3,12,0.65,99193.679688,3,2.1,0.0,0.0,10940.711914,0,0.0,0.0,0.0,1.0
377484,0,1,3400,-56,56,-947,8.3,12,0.75,105644.265625,12,2.1,0.0,0.0,2592.885254,20,0.0,0.0,0.0,1.0
377733,0,1,3400,-56,56,-953,8.3,12,1.00,109714.289062,5,2.1,1.1,0.0,11904.761719,42,0.0,0.0,0.0,1.0
377982,0,1,3400,-56,56,-950,8.8,13,0.56,125968.257812,4,2.1,0.0,0.0,0.0,0.0,0.0,0.0,0.0,1.0
378231,0,1,3400,-56,56,-954,8.6,13,0.63,78007.906250,2,2.1,0.0,0.0,5470.355957,0,0.0,0.0,0.0,1.0
378480,0,1,3400,-56,56,-949,9.6,13,0.50,64063.242188,0,2.1,0.0,0.0,16031.620117,9,0.0,0.0,0.0,1.0
378729,0,1,3400,-56,56,-956,8.6,12,0.52,108285.710938,1,2.1,0.0,0.0,10984.126953,33,0.0,0.0,0.0,1.0
378978,0,1,3400,-56,56,-948,7.7,13,0.55,83541.500000,6,2.1,0.0,0.0,0.0,0.0,0.0,0.0,0.0,1.0
379227,0,1,3400,-56,56,-946,9.1,12,0.73,102102.765625,11,2.1,0.0,0.0,5470.355957,0,0.0,0.0,0.0,1.0
379476,0,1,3400,-56,56,-948,8.2,11,0.96,100300.398438,12,2.1,0.0,0.0,12110.671875,22,0.0,0.0,0.0,1.0
379725,0,1,3400,-56,56,-945,9.7,13,0.69,108063.492188,7,2.1,0.0,0.0,10984.126953,0,0.0,0.0,0.0,1.0
379974,0,1,3400,-56,56,-952,9.0,12,0.67,103114.625000,10,2.1,0.0,0.0,0.0,0.0,0.0,0.0,0.0,1.0
380223,0,1,3400,-56,56,-953,7.9,13,0.58,76444.445312,8,2.1,0.0,0.0,5492.063477,0,0.0,0.0,0.0,1.0
380472,0,1,3400,-56,56,-951,8.8,12,0.69,103841.273438,3,2.1,2.1,0.0,13587.301758,43,0.0,0.0,0.0,1.0
380721,0,1,3400,-56,56,-952,7.8,12,0.98,82110.234375,9,2.1,1.9,0.0,1763.779541,43,0.0,0.0,0.0,1.0
380970,0,1,3400,-56,56,-948,8.9,12,0.66,101691.703125,6,2.1,2.0,0.0,0.0,80,0.0,0.0,0.0,1.0
381219,0,1,3400,-56,56,-956,8.1,12,0.59,144825.390625,0,2.1,2.0,0.0,0.0,0.0,0.0,0.0,0.0,1.0
381468,0,1,3400,-56,56,-944,9.7,12,1.0,101881.421875,14,2.1,1.3,0.0,21280.632812,27,0.0,0.0,0.0,1.0
381717,0,1,3400,-56,56,-944,9.1,12,0.88,108079.054688,3,2.1,0.0,0.0,0.0,0.0,0.0,0.0,0.0,1.0
381966,0,1,3400,-56,56,-948,9.0,13,0.89,85333.335938,10,2.1,0.0,0.0,0.0,0.0,0.0,0.0,0.0,1.0
382215,0,1,3400,-56,56,-950,8.0,12,0.55,115142.859375,4,2.1,0.0,0.0,0.0,0.0,0.0,0.0,0.0,1.0
382464,0,1,3400,-56,56,-952,8.7,13,0.68,84142.289062,8,2.1,0.0,0.0,8063.241211,0,0.0,0.0,0.0,1.0
382713,0,1,3400,-56,56,-951,7.8,12,0.56,83478.257812,4,2.1,0.0,0.0,5470.355957,0,0.0,0.0,0.0,1.0
382962,0,1,3400,-56,56,-958,8.5,11,0.69,130308.296875,5,2.1,0.0,0.0,0.0,0.0,0.0,0.0,0.0,1.0
383211,0,1,3400,-56,56,-953,8.2,13,0.70,108110.671875,9,2.1,0.0,0.0,5470.355957,0,0.0,0.0,0.0,1.0
383460,0,1,3400,-56,56,-955,7.8,12,0.83,115225.296875,8,2.1,0.0,186,0.0,67,0.0,0.0,0.0,1.0
383709,0,1,3400,-56,56,-951,8.7,12,1.1,91111.109375,9,2.1,0.0,0.0,23269.841797,9,0.0,0.0,0.0,1.0
383958,0,1,3400,-56,56,-955,9.2,12,1.0,97264.820312,15,2.1,0.0,0.0,10940.711914,0,0.0,0.0,0.0,1.0
384207,0,1,3400,-56,56,-955,8.2,12,0.70,123920.945312,4,2.1,0.0,0.0,0.0,0.0,0.0,0.0,0.0,1.0
384456,0,1,3400,-56,56,-955,10,13,0.61,110190.476562,3,2.1,0.0,0.0,19079.365234,18,0.0,0.0,0.0,1.0
384705,0,1,3400,-56,56,-958,8.2,12,0.68,119746.031250,8,2.1,0.0,0.0,0.0,0.0,0.0,0.0,0.0,1.0
384954,0,1,3400,-56,56,-954,7.7,12,0.61,82299.210938,5,2.1,0.0,0.0,0.0,0.0,0.0,0.0,0.0,1.0
385203,0,1,3400,-56,56,-955,8.9,12,0.58,103083.007812,3,2.1,0.0,0.0,0.0,0.0,0.0,0.0,0.0,1.0
385452,0,1,3400,-56,56,-957,7.3,12,0.71,117428.570312,4,2.1,0.0,0.0,17555.554688,10,0.0,0.0,0.0,1.0
385701,0,1,3400,-56,56,-951,8.8,12,0.85,99857.710938,2,2.1,0.0,0.0,3952.569092,0,0.0,0.0,0.0,1.0
385950,0,1,3400,-56,56,-952,8.4,12,0.78,108774.703125,6,2.1,0.0,0.0,5470.355957,0,0.0,0.0,0.0,1.0
386199,0,1,3400,-56,56,-954,8.0,11,0.58,97833.992188,4,2.1,0.0,0.0,0.0,0.0,0.0,0.0,0.0,1.0
386448,0,1,3400,-56,56,-951,7.0,12,0.53,99824.703125,3,2.1,0.0,0.0,13482.071289,10,0.0,0.0,0.0,1.0
386697,0,1,3400,-56,56,-951,9.5,12,0.82,116964.429688,14,2.1,0.0,0.0,0.0,0.0,0.0,0.0,0.0,1.0
386946,0,1,3400,-56,56,-950,8.1,13,0.79,97841.273438,8,2.1,0.0,0.0,0.0,0.0,0.0,0.0,0.0,1.0
387195,0,1,3400,-56,56,-954,8.8,12,0.97,107748.031250,7,2.1,2.8,0.0,0.0,80,0.0,0.0,0.0,1.0
387444,0,1,3400,-56,56,-949,9.2,12,0.61,122972.328125,4,2.1,6.8,0.0,12237.154297,0,0.0,0.0,0.0,1.0
387693,0,1,3400,-56,56,-950,8.9,12,0.98,121011.859375,10,2.1,0.0,0.0,0.0,0.0,0.0,0.0,0.0,1.0
387942,0,1,3400,-56,56,-957,9.0,12,0.99,77650.796875,13,2.1,0.0,0.0,0.0,0.0,0.0,0.0,0.0,1.0
388191,0,1,3400,-56,56,-952,8.3,12,0.53,140648.218750,2,2.1,0.0,0.0,5470.355957,60,0.0,0.0,0.0,1.0
388440,0,1,3400,-56,56,-954,8.0,12,0.72,115573.125000,9,2.1,0.0,0.0,12237.154297,0,0.0,0.0,0.0,1.0
388689,0,1,3400,-56,56,-949,8.4,13,0.59,73848.609375,7,2.1,0.0,0.0,2581.673340,0,0.0,0.0,0.0,1.0
388938,0,1,3400,-56,56,-954,8.2,13,0.62,97802.375000,4,2.1,0.0,0.0,5470.355957,0,0.0,0.0,0.0,1.0
389187,0,1,3400,-56,56,-952,8.0,12,0.77,95715.414062,8,2.1,0.0,0.0,0.0,0.0,0.0,0.0,0.0,1.0
389436,0,1,3400,-56,56,-946,7.9,12,0.70,81328.062500,2,2.1,0.0,186,0.0,0.0,0.0,0.0,0.0,1.0
389685,0,1,3400,-56,56,-948,9.5,13,0.74,124173.914062,4,2.1,1.4,0.0,13944.664062,42,0.0,0.0,0.0,1.0
389934,0,1,3400,-56,56,-952,7.7,12,0.58,126450.593750,1,2.1,0.50,0.0,0.0,0.0,0.0,0.0,0.0,1.0
390183,0,1,3400,-56,56,-953,8.1,11,1.0,109976.281250,14,2.1,0.23,0.0,16411.066406,0,0.0,0.0,0.0,1.0
390432,0,1,3400,-56,56,-951,7.5,11,0.65,80761.906250,2,2.1,0.0,0.0,12285.713867,0,0.0,0.0,0.0,1.0
390681,0,1,3400,-56,56,-951,7.5,10,0.78,134666.671875,10,2.1,0.0,0.0,5492.063477,0,0.0,0.0,0.0,1.0
390930,0,1,3400,-56,56,-954,7.5,12,0.73,130393.703125,3,2.1,0.0,0.0,0.0,0.0,0.0,0.0,0.0,1.0
391179,0,1,3400,-56,56,-951,8.3,12,0.66,77131.476562,9,2.1,0.0,0.0,0.0,0.0,0.0,0.0,0.0,1.0
391428,0,1,3400,-56,56,-944,7.3,11,0.75,127810.273438,6,2.1,0.0,0.0,7968.379395,0,0.0,0.0,0.0,1.0
391677,0,1,3400,-56,56,-948,8.9,13,0.66,113264.820312,3,2.1,0.0,0.0,5470.355957,0,0.0,0.0,0.0,1.0
391926,0,1,3400,-56,56,-955,8.9,12,0.54,97391.304688,4,2.1,0.0,0.0,5470.355957,0,0.0,0.0,0.0,1.0
392175,0,1,3400,-56,56,-951,8.9,12,0.73,95051.382812,6,2.1,0.0,0.0,5470.355957,25,0.0,0.0,0.0,1.0
392424,0,1,3400,-56,56,-949,8.5,13,0.78,78857.140625,8,2.1,0.0,0.0,19111.111328,0,0.0,0.0,0.0,1.0
392673,0,1,3400,-56,56,-958,8.9,13,0.56,140584.984375,3,2.1,0.0,0.0,5470.355957,0,0.0,0.0,0.0,1.0
392922,0,1,3400,-56,56,-945,9.3,12,0.89,99523.812500,5,2.1,0.0,0.0,0.0,0.0,0.0,0.0,0.0,1.0
393171,0,1,3400,-56,56,-940,7.4,12,0.73,81936.507812,4,2.1,0.0,0.0,5492.063477,0,0.0,0.0,0.0,1.0
393420,0,1,3400,-56,56,-950,8.0,12,1.0,93375.492188,9,2.1,0.0,0.0,8063.241211,29,0.0,0.0,0.0,1.0
393669,0,1,3400,-56,56,-954,9.0,12,0.57,83920.945312,2,2.1,0.0,0.0,0.0,0.0,0.0,0.0,0.0,1.0
393918,0,1,3400,-56,56,-949,7.6,12,0.83,78956.523438,7,2.1,0.0,0.0,5470.355957,33,0.0,0.0,0.0,1.0
394167,0,1,3400,-56,56,-952,8.0,12,0.57,68964.429688,5,2.1,0.0,0.0,5470.355957,0,0.0,0.0,0.0,1.0
394416,0,1,3400,-56,56,-949,7.5,12,1.4,63209.484375,9,2.1,1.5,0.0,26877.470703,41,0.0,0.0,0.0,1.0
394665,0,1,3400,-56,56,-948,7.7,12,0.82,115619.046875,5,2.1,6.5,0.0,0.0,0.0,0.0,0.0,0.0,1.0
394914,0,1,3400,-56,56,-950,7.7,12,0.52,74317.460938,2,2.1,0.16,0.0,10984.126953,0,0.0,0.0,0.0,1.0
395163,0,1,3400,-56,56,-953,7.5,11,0.53,107370.078125,1,2.1,0.0,0.0,0.0,0.0,0.0,0.0,0.0,1.0
395412,0,1,3400,-56,56,-953,7.2,12,0.92,130326.695312,6,2.1,0.0,0.0,8127.490234,14,0.0,0.0,0.0,1.0
395661,0,1,3400,-56,56,-953,9.5,12,0.73,100996.046875,5,2.1,10,0.0,7525.691895,67,0.0,0.0,0.0,1.0
395910,0,1,3400,-56,56,-954,8.5,13,0.55,82624.507812,4,2.1,15,0.0,19288.537109,0,0.0,0.0,0.0,1.0
396159,0,1,3400,-56,56,-958,8.1,13,0.62,76472.437500,2,2.1,16,0.0,0.0,0.0,0.0,0.0,0.0,1.0
396408,0,1,3400,-56,56,-954,9.0,13,0.66,109174.601562,11,2.1,14,0.0,7936.507812,0,0.0,0.0,0.0,1.0
396657,0,1,3400,-56,56,-954,8.5,12,0.71,120347.828125,9,2.1,6.5,0.0,0.0,0.0,0.0,0.0,0.0,1.0
396906,0,1,3400,-56,56,-950,7.7,12,0.77,132806.328125,7,2.1,6.5,0.0,0.0,0.0,0.0,0.0,0.0,1.0
397155,0,1,3400,-56,56,-952,7.7,11,0.74,161523.812500,4,2.1,11,0.0,5492.063477,57,0.0,0.0,0.0,1.0
397404,0,1,3400,-56,56,-952,7.7,12,0.91,85873.015625,5,2.1,7.7,0.0,7492.063477,29,0.0,0.0,0.0,1.0
397653,0,1,3400,-56,56,-950,6.9,12,0.85,57296.441406,5,2.1,0.87,0.0,7083.003906,67,0.0,0.0,0.0,1.0
397902,0,1,3400,-56,56,-949,8.0,12,0.66,119841.273438,11,2.1,0.0,0.0,0.0,0,0.0,0.0,0.0,1.0
398151,0,1,3400,-56,56,-952,8.7,12,0.53,83162.054688,4,2.1,0.0,0.0,10940.711914,25,0.0,0.0,0.0,1.0
398400,0,1,3400,-56,56,-957,7.4,11,0.59,94551.179688,3,2.1,0.82,0.0,22834.646484,23,0.0,0.0,0.0,1.0
398649,0,1,3400,-56,56,-955,8.6,13,0.99,98213.437500,17,2.1,0.0,0.0,5470.355957,33,0.0,0.0,0.0,1.0
398898,0,1,3400,-56,56,-953,7.5,12,0.69,100952.382812,5,2.1,0.0,0.0,0.0,0.0,0.0,0.0,0.0,1.0
399147,0,1,3400,-56,56,-951,8.9,13,0.55,72948.617188,2,2.1,0.0,0.0,0.0,0.0,0.0,0.0,0.0,1.0
399396,0,1,3400,-56,56,-948,8.5,13,0.57,100253.968750,3,2.1,0.0,0.0,12158.730469,0,0.0,0.0,0.0,1.0
399645,0,1,3400,-56,56,-949,8.4,12,0.65,82317.460938,6,2.1,0.0,0.0,0.0,0.0,0.0,0.0,0.0,1.0
399894,0,1,3400,-56,56,-956,9.6,12,0.81,111683.796875,19,2.1,0.0,0.0,5470.355957,0,0.0,0.0,0.0,1.0
400143,0,1,3400,-56,56,-950,8.0,12,0.82,136411.062500,3,2.1,0.0,0.0,10940.711914,0,0.0,0.0,0.0,1.0
400392,0,1,3400,-56,56,-957,7.2,11,0.65,110677.164062,6,2.1,0.0,0.0,27779.527344,15,0.0,0.0,0.0,1.0
400641,0,1,3400,-56,56,-950,9.7,12,0.74,69333.335938,15,2.1,0.0,0.0,5492.063477,0,0.0,0.0,0.0,1.0
400890,0,1,3400,-56,56,-956,9.2,12,0.66,125565.218750,5,2.1,0.0,0.0,5470.355957,0,0.0,0.0,0.0,1.0
401139,0,1,3400,-56,56,-954,7.2,11,0.81,101587.304688,9,2.1,0.0,0.0,16476.191406,0,0.0,0.0,0.0,1.0
401388,0,1,3400,-56,56,-954,8.3,12,0.61,85312.250000,2,2.1,2.0,0.0,9075.098633,53,0.0,0.0,0.0,1.0
401637,0,1,3400,-56,56,-949,9.5,12,0.86,118603.171875,6,2.1,4.0,0.0,0.0,100.000000,0.0,0.0,0.0,1.0
401886,0,1,3400,-56,56,-952,9.3,13,0.67,86698.414062,0,2.1,4.0,0.0,10984.126953,0,0.0,0.0,0.0,1.0
402135,0,1,3400,-56,56,-955,8.9,11,1.1,102703.554688,12,2.1,4.0,0.0,5470.355957,0,0.0,0.0,0.0,1.0
402384,0,1,3400,-56,56,-953,8.6,13,0.63,107826.085938,7,2.1,3.9,0.0,12237.154297,12,0.0,0.0,0.0,1.0
402633,0,1,3400,-56,56,-951,8.7,12,0.56,57612.648438,3,2.1,0.0,0.0,12237.154297,0,0.0,0.0,0.0,1.0
402882,0,1,3400,-56,56,-946,9.2,12,0.59,83162.054688,2,2.1,0.0,0.0,0.0,0.0,0.0,0.0,0.0,1.0
403131,0,1,3400,-56,56,-944,7.9,12,0.65,122845.851562,6,2.1,0.0,0.0,5470.355957,0,0.0,0.0,0.0,1.0
403380,0,1,3400,-56,56,-950,6.5,11,0.71,136573.703125,8,2.1,0.0,0.0,12334.661133,0,0.0,0.0,0.0,1.0
403629,0,1,3400,-56,56,-952,8.6,12,0.67,81448.820312,10,2.1,0.0,0.0,0.0,0.0,0.0,0.0,0.0,1.0
403878,0,1,3400,-56,56,-954,9.3,12,0.88,76539.679688,2,2.1,0.0,0.0,0.0,0.0,0.0,0.0,0.0,1.0
404127,0,1,3400,-56,56,-956,8.6,13,0.73,88253.968750,4,2.1,0.0,0.0,0.0,0.0,0.0,0.0,0.0,1.0
404376,0,1,3400,-56,56,-955,8.5,13,0.62,77217.390625,9,2.1,1.9,0.0,0.0,80,0.0,0.0,0.0,1.0
404625,0,1,3400,-56,56,-953,9.5,12,0.54,109375.492188,2,2.1,7.5,0.0,0.0,0.0,0.0,0.0,0.0,1.0
404874,0,1,3400,-56,56,-953,7.9,12,0.61,76996.046875,4,2.1,7.5,0.0,0.0,0.0,0.0,0.0,0.0,1.0
405123,0,1,3400,-56,56,-953,8.9,12,0.67,123067.195312,4,2.1,7.5,0.0,10940.711914,0,0.0,0.0,0.0,1.0
405372,0,1,3400,-56,56,-955,9.7,12,0.75,142798.421875,6,2.1,5.8,0.0,12237.154297,0,0.0,0.0,0.0,1.0
405621,0,1,3400,-56,56,-949,8.6,11,0.58,135365.078125,2,2.1,0.0,0.0,0.0,0.0,0.0,0.0,0.0,1.0
405870,0,1,3400,-56,56,-955,8.3,12,0.79,90952.382812,5,2.1,0.0,0.0,5492.063477,33,0.0,0.0,0.0,1.0
406119,0,1,3400,-56,56,-954,8.1,13,0.51,71209.484375,2,2.1,0.0,0.0,0.0,0.0,0.0,0.0,0.0,1.0
406368,0,1,3400,-56,56,-951,7.2,11,0.98,116300.398438,5,2.1,0.0,0.0,7905.138184,0,0.0,0.0,0.0,1.0
406617,0,1,3400,-56,56,-948,8.7,12,0.86,110095.234375,11,2.1,0.0,0.0,0.0,0.0,0.0,0.0,0.0,1.0
406866,0,1,3400,-56,56,-947,8.8,12,0.76,104411.070312,8,2.1,0.0,0.0,0.0,0.0,0.0,0.0,0.0,1.0
407115,0,1,3400,-56,56,-950,7.9,12,0.71,77921.257812,10,2.1,0.0,0.0,0.0,0.0,0.0,0.0,0.0,1.0
407364,0,1,3400,-56,56,-954,8.2,12,0.75,94222.218750,5,2.1,1.9,0.0,0.0,80,0.0,0.0,0.0,1.0
407613,0,1,3400,-56,56,-954,8.5,12,0.94,88094.859375,8,2.1,7.5,0.0,0.0,0.0,0.0,0.0,0.0,1.0
407862,0,1,3400,-56,56,-956,9.0,12,0.51,60539.683594,3,2.1,7.5,0.0,0.0,0.0,0.0,0.0,0.0,1.0
408111,0,1,3400,-56,56,-949,9.4,12,0.64,125375.492188,2,2.1,7.5,0.0,0.0,0.0,0.0,0.0,0.0,1.0
408360,0,1,3400,-56,56,-953,7.5,11,0.80,121142.859375,5,2.1,7.5,20,0.0,80,0.0,0.0,0.0,1.0
408609,0,1,3400,-56,56,-953,7.2,11,0.71,131003.953125,4,2.1,7.5,20,0.0,0.0,0.0,0.0,0.0,1.0
408858,0,1,3400,-56,56,-952,8.7,11,0.74,153233.203125,5,2.1,2.2,0.0,7241.106934,36,0.0,0.0,0.0,1.0
409107,0,1,3400,-56,56,-951,9.4,12,0.90,89777.781250,11,2.1,0.0,0.0,0.0,0.0,0.0,0.0,0.0,1.0
409356,0,1,3400,-56,56,-951,6.9,11,0.70,100944.882812,5,2.1,0.0,0.0,12188.976562,0,0.0,0.0,0.0,1.0
409605,0,1,3400,-56,56,-953,8.8,13,0.66,99225.296875,4,2.1,0.0,0.0,0.0,0.0,0.0,0.0,0.0,1.0
409854,0,1,3400,-56,56,-948,7.9,10,0.70,101492.062500,4,2.1,0.0,0.0,0.0,80,0.0,0.0,0.0,1.0
410103,0,1,3400,-56,56,-952,8.4,12,0.73,98624.507812,7,2.1,0.0,0.0,0.0,0.0,0.0,0.0,0.0,1.0
410352,0,1,3400,-56,56,-951,8.3,12,0.61,79079.367188,4,2.1,0.0,0.0,1301.587280,25,0.0,0.0,0.0,1.0
410601,0,1,3400,-56,56,-951,8.0,12,0.73,103715.414062,12,2.1,0.0,0.0,14671.936523,30,0.0,0.0,0.0,1.0
410850,0,1,3400,-56,56,-949,7.6,12,0.71,126412.695312,2,2.1,0.0,0.0,0.0,0.0,0.0,0.0,0.0,1.0
411099,0,1,3400,-56,56,-952,8.2,12,0.63,102545.453125,2,2.1,0.0,0.0,0.0,0.0,0.0,0.0,0.0,1.0
411348,0,1,3400,-56,56,-952,7.7,11,0.79,126324.109375,6,2.1,0.0,0.0,2592.885254,20,0.0,0.0,0.0,1.0
411597,0,1,3400,-56,56,-949,9.0,12,0.52,98181.820312,2,2.1,0.0,0.0,5470.355957,0,0.0,0.0,0.0,1.0
411846,0,1,3400,-56,56,-952,8.5,13,0.68,100142.289062,4,2.1,0.0,0.0,0.0,0.0,0.0,0.0,0.0,1.0
412095,0,1,3400,-56,56,-947,8.6,12,0.74,124142.289062,5,2.1,0.0,0.0,0.0,0.0,0.0,0.0,0.0,1.0
412344,0,1,3400,-56,56,-944,8.7,13,0.91,123123.507812,3,2.1,0.0,0.0,12334.661133,0,0.0,0.0,0.0,1.0
412593,0,1,3400,-56,56,-952,9.2,13,1.0,93944.664062,14,2.1,0.0,0.0,0.0,0.0,0.0,0.0,0.0,1.0
412842,0,1,3400,-56,56,-957,7.7,12,0.54,107952.570312,3,2.1,0.0,0.0,0.0,0.0,0.0,0.0,0.0,1.0
413091,0,1,3400,-56,56,-947,7.8,12,0.51,58825.398438,3,2.1,0.0,0.0,0.0,0.0,0.0,0.0,0.0,1.0
413340,0,1,3400,-56,56,-947,8.5,12,0.91,124332.015625,8,2.1,0.0,0.0,7873.517578,0,0.0,0.0,0.0,1.0
413589,0,1,3400,-56,56,-949,8.2,12,0.53,79209.484375,4,2.1,0.0,0.0,0.0,0.0,0.0,0.0,0.0,1.0
413838,0,1,3400,-56,56,-948,9.6,12,0.71,87779.531250,6,2.1,0.0,0.0,0.0,0.0,0.0,0.0,0.0,1.0
414087,0,1,3400,-56,56,-949,7.6,12,0.67,108539.679688,5,2.1,0.0,0.0,0.0,0.0,0.0,0.0,0.0,1.0
414336,0,1,3400,-56,56,-947,7.5,11,0.83,143304.343750,6,2.1,2.3,0.0,23747.035156,42,0.0,0.0,0.0,1.0
414585,0,1,3400,-56,56,-954,8.6,12,1.2,99015.875000,9,2.1,0.0,0.0,0.0,0.0,0.0,0.0,0.0,1.0
414834,0,1,3400,-56,56,-951,8.2,12,0.62,125809.523438,3,2.1,0.0,0.0,0.0,0.0,0.0,0.0,0.0,1.0
415083,0,1,3400,-56,56,-950,8.4,12,0.96,150703.562500,4,2.1,0.0,0.0,0.0,0.0,0.0,0.0,0.0,1.0
415332,0,1,3400,-56,56,-947,7.7,12,0.58,81992.093750,4,2.1,0.0,0.0,5470.355957,20,0.0,0.0,0.0,1.0
415581,0,1,3400,-56,56,-946,9.6,12,0.56,117873.015625,0,2.1,0.0,0.0,6666.666504,0,0.0,0.0,0.0,1.0
415830,0,1,3400,-56,56,-953,9.3,12,0.97,119873.515625,10,2.1,0.0,0.0,0.0,0.0,0.0,0.0,0.0,1.0
416079,0,1,3400,-56,56,-952,9.3,12,0.73,147130.437500,9,2.1,0.0,0.0,0.0,0.0,0.0,0.0,0.0,1.0
416328,0,1,3400,-56,56,-954,9.0,12,0.85,91794.468750,8,2.1,0.0,0.0,14102.766602,11,0.0,0.0,0.0,1.0
416577,0,1,3400,-56,56,-959,7.7,12,0.67,85142.859375,4,2.1,0.0,0.0,0.0,0.0,0.0,0.0,0.0,1.0
416826,0,1,3400,-56,56,-951,8.0,12,0.74,131015.875000,4,2.1,0.0,0.0,0.0,0.0,0.0,0.0,0.0,1.0
417075,0,1,3400,-56,56,-950,8.8,10,0.79,92837.945312,7,2.1,0.0,0.0,0.0,0.0,0.0,0.0,0.0,1.0
417324,0,1,3400,-56,56,-952,8.0,12,0.61,139920.953125,2,2.1,3.1,0.0,0.0,80,0.0,0.0,0.0,1.0
417573,0,1,3400,-56,56,-946,8.7,13,0.65,76412.695312,4,2.1,15,0.0,0.0,0.0,0.0,0.0,0.0,1.0
417822,0,1,3400,-56,56,-947,9.4,13,0.53,67351.781250,3,2.1,15,0.0,0.0,0.0,0.0,0.0,0.0,1.0
418071,0,1,3400,-56,56,-948,8.5,12,0.66,90803.148438,5,2.1,15,0.0,0.0,0.0,0.0,0.0,0.0,1.0
418320,0,1,3400,-56,56,-951,6.8,11,0.57,141333.328125,3,2.1,12,0.0,17904.761719,0,0.0,0.0,0.0,1.0
418569,0,1,3400,-56,56,-946,7.4,12,0.66,114444.445312,4,2.1,0.0,0.0,0.0,0.0,0.0,0.0,0.0,1.0
418818,0,1,3400,-56,56,-954,9.2,12,0.57,138529.640625,4,2.1,0.0,0.0,0.0,0.0,0.0,0.0,0.0,1.0
419067,0,1,3400,-56,56,-957,7.1,12,0.62,132698.406250,1.0,2.1,0.0,0.0,0.0,0.0,0.0,0.0,0.0,1.0
419316,0,1,3400,-56,56,-950,8.4,12,0.75,99509.882812,10,2.1,0.0,0.0,12363.636719,0,0.0,0.0,0.0,1.0
419565,0,1,3400,-56,56,-948,8.1,13,0.65,83003.953125,6,2.1,0.0,0.0,0.0,0.0,0.0,0.0,0.0,1.0
419814,0,1,3400,-56,56,-949,9.6,13,0.52,130000.000000,0,2.1,0.0,0.0,0.0,0.0,0.0,0.0,0.0,1.0
420063,0,1,3400,-56,56,-953,9.0,12,0.58,113328.062500,5,2.1,0.0,0.0,0.0,0.0,0.0,0.0,0.0,1.0
420312,0,1,3400,-56,56,-956,9.5,13,0.91,115842.523438,9,2.1,1.9,0.0,0.0,80,0.0,0.0,0.0,1.0
420561,0,1,3400,-56,56,-951,8.0,13,0.63,124395.257812,3,2.1,7.5,0.0,0.0,0.0,0.0,0.0,0.0,1.0
420810,0,1,3400,-56,56,-955,9.6,12,0.57,99206.351562,7,2.1,5.0,0.0,5492.063477,0,0.0,0.0,0.0,1.0
421059,0,1,3400,-56,56,-951,8.5,11,0.74,143555.562500,7,2.1,0.0,0.0,0.0,0.0,0.0,0.0,0.0,1.0
421308,0,1,3400,-56,56,-954,8.2,12,0.55,77913.046875,4,2.1,3.1,0.0,6355.731445,50,0.0,0.0,0.0,1.0
421557,0,1,3400,-56,56,-957,8.6,12,1.0,94476.187500,15,2.1,13,0.0,0.0,0.0,0.0,0.0,0.0,1.0
421806,0,1,3400,-56,56,-953,8.1,13,0.59,88537.546875,4,2.1,13,0.0,0.0,0.0,0.0,0.0,0.0,1.0
422055,0,1,3400,-56,56,-949,7.6,12,0.67,130782.609375,2,2.1,13,0.0,0.0,0.0,0.0,0.0,0.0,1.0
422304,0,1,3400,-56,56,-951,7.1,11,0.72,101269.843750,5,2.1,10,0.0,5492.063477,0,0.0,0.0,0.0,1.0
422553,0,1,3400,-56,56,-951,8.1,12,0.73,127181.101562,6,2.1,2.0,0.0,8031.496094,17,0.0,0.0,0.0,1.0
422802,0,1,3400,-56,56,-951,8.2,12,0.85,90825.398438,7,2.1,0.0,0.0,5492.063477,0,0.0,0.0,0.0,1.0
423051,0,1,3400,-56,56,-958,9.5,13,0.59,137396.828125,5,2.1,0.0,0.0,10984.126953,0,0.0,0.0,0.0,1.0
423300,0,1,3400,-56,56,-955,8.0,11,0.63,133913.046875,6,2.1,0.0,0.0,8031.620605,30,0.0,0.0,0.0,1.0
423549,0,1,3400,-56,56,-950,8.5,12,0.65,131193.671875,6,2.1,0.0,0.0,0.0,0.0,0.0,0.0,0.0,1.0
423798,0,1,3400,-56,56,-948,8.7,12,0.82,127557.312500,5,2.1,0.0,0.0,0.0,0.0,0.0,0.0,0.0,1.0
424047,0,1,3400,-56,56,-955,8.0,11,0.64,116571.429688,5,2.1,0.0,0.0,0.0,0.0,0.0,0.0,0.0,1.0
424296,0,1,3400,-56,56,-950,7.5,11,0.66,97011.859375,10,2.1,0.90,0.0,9707.509766,57,0.0,0.0,0.0,1.0
424545,0,1,3400,-56,56,-951,7.2,9.6,0.96,130888.890625,6,2.1,0.0,0.0,0.0,0.0,0.0,0.0,0.0,1.0
424794,0,1,3400,-56,56,-954,8.7,12,0.64,146897.640625,4,2.1,0.0,0.0,0.0,0,0.0,0.0,0.0,1.0
425043,0,1,3400,-56,56,-949,8.3,12,0.62,79841.898438,0,2.1,0.0,0.0,5470.355957,0,0.0,0.0,0.0,1.0
425292,0,1,3400,-56,56,-952,9.1,13,0.75,105179.281250,5,2.1,0.0,0.0,2613.545898,20,0.0,0.0,0.0,1.0
425541,0,1,3400,-56,56,-953,6.9,10,0.74,126798.421875,7,2.1,0.0,0.0,7905.138184,43,0.0,0.0,0.0,1.0
425790,0,1,3400,-56,56,-951,9.0,12,0.68,106877.468750,9,2.1,0.0,0.0,0.0,0.0,0.0,0.0,0.0,1.0
426039,0,1,3400,-56,56,-953,8.2,12,0.76,111968.257812,3,2.1,0.0,0.0,0.0,0.0,0.0,0.0,0.0,1.0
426288,0,1,3400,-56,56,-948,8.5,12,0.58,85660.078125,4,2.1,0.72,0.0,0.0,67,0.0,0.0,0.0,1.0
426537,0,1,3400,-56,56,-951,9.0,12,0.51,71430.828125,0,2.1,7.5,0.0,0.0,100.000000,0.0,0.0,0.0,1.0
426786,0,1,3400,-56,56,-962,8.0,12,0.50,105707.507812,0,2.1,7.5,0.0,0.0,0.0,0.0,0.0,0.0,1.0
427035,0,1,3400,-56,56,-956,8.4,12,1.0,111778.656250,9,2.1,7.5,0.0,0.0,0.0,0.0,0.0,0.0,1.0
427284,0,1,3400,-56,56,-954,8.5,11,0.90,88695.648438,10,2.1,7.6,0.0,9675.889648,50,0.0,0.0,0.0,1.0
427533,0,1,3400,-56,56,-946,9.0,13,0.68,90158.726562,4,2.1,0.0,0.0,0.0,0.0,0.0,0.0,0.0,1.0
427782,0,1,3400,-56,56,-949,8.6,13,0.58,114561.265625,4,2.1,0.0,0.0,0.0,0.0,0.0,0.0,0.0,1.0
428031,0,1,3400,-56,56,-953,8.3,12,0.79,87936.507812,6,2.1,0.0,0.0,0.0,0.0,0.0,0.0,0.0,1.0
428280,0,1,3400,-56,56,-948,8.6,12,0.76,112944.882812,7,2.1,0.0,0.0,12188.976562,0,0.0,0.0,0.0,1.0
428529,0,1,3400,-56,56,-950,8.1,12,0.68,100648.218750,6,2.1,0.0,0.0,0.0,0.0,0.0,0.0,0.0,1.0
428778,0,1,3400,-56,56,-959,6.4,12,0.54,89206.351562,2,2.1,0.0,0.0,0.0,0.0,0.0,0.0,0.0,1.0
429027,0,1,3400,-56,56,-947,7.8,13,0.86,84173.914062,4,2.1,0.0,0.0,5470.355957,0,0.0,0.0,0.0,1.0
429276,0,1,3400,-56,56,-952,8.0,13,0.69,99320.156250,10,2.1,0.0,0.0,8063.241211,0,0.0,0.0,0.0,1.0
429525,0,1,3400,-56,56,-952,8.5,12,0.51,81486.164062,2,2.1,0.0,0.0,0.0,0.0,0.0,0.0,0.0,1.0
429774,0,1,3400,-56,56,-946,8.9,12,0.98,120793.648438,11,2.1,0.0,0.0,0.0,0.0,0.0,0.0,0.0,1.0
430023,0,1,3400,-56,56,-955,8.5,12,0.67,132584.984375,4,2.1,0.0,0.0,0.0,0.0,0.0,0.0,0.0,1.0
430272,0,1,3400,-56,56,-956,8.6,11,0.71,141396.828125,8,2.1,0.0,0.0,6793.650879,55,0.0,0.0,0.0,1.0
430521,0,1,3400,-56,56,-952,7.7,12,0.80,88252.960938,6,2.1,0.0,0.0,0.0,0.0,0.0,0.0,0.0,1.0
430770,0,1,3400,-56,56,-959,8.3,13,0.52,89454.546875,2,2.1,0.0,0.0,0.0,0.0,0.0,0.0,0.0,1.0
431019,0,1,3400,-56,56,-955,8.1,13,0.73,107365.078125,9,2.1,0.0,0.0,0.0,0.0,0.0,0.0,0.0,1.0
431268,0,1,3400,-56,56,-951,8.7,12,0.76,127338.585938,13,2.1,0.0,0.0,8062.992188,12,0.0,0.0,0.0,1.0
431517,0,1,3400,-56,56,-952,7.4,11,0.64,128347.828125,3,2.1,0.0,0.0,0.0,0.0,0.0,0.0,0.0,1.0
431766,0,1,3400,-56,56,-949,8.7,12,0.67,124253.968750,1,2.1,0.0,0.0,0.0,0.0,0.0,0.0,0.0,1.0
432015,0,1,3400,-56,56,-954,9.1,13,0.53,104666.664062,3,2.1,0.0,0.0,0.0,0.0,0.0,0.0,0.0,1.0
432264,0,1,3400,-56,56,-955,9.3,13,0.60,119272.726562,7,2.1,1.9,0.0,0.0,80,0.0,0.0,0.0,1.0
432513,0,1,3400,-56,56,-947,8.5,13,0.66,86730.156250,8,2.1,7.5,0.0,0.0,0.0,0.0,0.0,0.0,1.0
432762,0,1,3400,-56,56,-952,9.5,13,0.54,134924.906250,1,2.1,5.0,0.0,5470.355957,0,0.0,0.0,0.0,1.0
433011,0,1,3400,-56,56,-951,8.9,12,0.71,108079.054688,2,2.1,0.0,0.0,0.0,0.0,0.0,0.0,0.0,1.0
433260,0,1,3400,-56,56,-953,8.1,12,0.62,91142.859375,5,2.1,0.0,0.0,13587.301758,22,0.0,0.0,0.0,1.0
433509,0,1,3400,-56,56,-958,8.1,12,0.63,122393.703125,4,2.1,0.0,0.0,5448.818848,0,0.0,0.0,0.0,1.0
433758,0,1,3400,-56,56,-956,8.2,12,0.52,89301.585938,0,2.1,0.0,0.0,0.0,0,0.0,0.0,0.0,1.0
434007,0,1,3400,-56,56,-952,8.1,12,0.85,126482.210938,9,2.1,0.0,0.0,5470.355957,0,0.0,0.0,0.0,1.0
434256,0,1,3400,-56,56,-951,9.3,12,0.82,96317.460938,11,2.1,0.82,0.0,12285.713867,36,0.0,0.0,0.0,1.0
434505,0,1,3400,-56,56,-955,8.5,14,0.78,116648.218750,6,2.1,0.0,0.0,0.0,0.0,0.0,0.0,0.0,1.0
434754,0,1,3400,-56,56,-952,8.0,12,0.64,104000.000000,3,2.1,0.0,0.0,5470.355957,0,0.0,0.0,0.0,1.0
435003,0,1,3400,-56,56,-949,5.5,9.8,0.54,94513.835938,1,2.1,0.0,0.0,10940.711914,0,0.0,0.0,0.0,1.0
435252,0,1,3400,-56,56,-952,6.0,11,0.63,96317.460938,3,2.1,0.0,0.0,2603.174561,20,0.0,0.0,0.0,1.0
435501,0,1,3400,-56,56,-959,6.9,11,0.73,123446.640625,2,2.1,0.0,0.0,5470.355957,67,0.0,0.0,0.0,1.0
435750,0,1,3400,-56,56,-948,8.0,12,0.83,126960.632812,7,2.1,0.0,0.0,10897.637695,0,0.0,0.0,0.0,1.0
435999,0,1,3400,-56,56,-947,8.4,12,0.60,102444.445312,1,2.1,0.0,0.0,0.0,0.0,0.0,0.0,0.0,1.0
436248,0,1,3400,-56,56,-945,9.1,11,0.89,136539.687500,9,2.1,0.0,0.0,12158.730469,22,0.0,0.0,0.0,1.0
436497,0,1,3400,-56,56,-952,6.8,11,0.91,93596.835938,8,2.1,0.0,0.0,16411.066406,17,0.0,0.0,0.0,1.0
436746,0,1,3400,-56,56,-953,7.5,12,0.72,75968.257812,0,2.1,0.0,0.0,5492.063477,33,0.0,0.0,0.0,1.0
436995,0,1,3400,-56,56,-949,8.6,12,0.57,159083.000000,2,2.1,0.0,0.0,0.0,0.0,0.0,0.0,0.0,1.0
437244,0,1,3400,-56,56,-952,8.6,12,0.96,123809.523438,1,2.1,0.0,0.0,8126.983887,0,0.0,0.0,0.0,1.0
437493,0,1,3400,-56,56,-950,8.4,12,0.62,138213.437500,8,2.1,0.0,0.0,0.0,0.0,0.0,0.0,0.0,1.0
437742,0,1,3400,-56,56,-954,9.4,13,0.64,94229.250000,5,2.1,0.0,0.0,0.0,0.0,0.0,0.0,0.0,1.0
437991,0,1,3400,-56,56,-954,8.4,11,0.71,108661.414062,6,2.1,0.0,0.0,5448.818848,0,0.0,0.0,0.0,1.0
438240,0,1,3400,-56,56,-956,8.4,12,0.66,113370.515625,8,2.1,0.0,0.0,12111.553711,0,0.0,0.0,0.0,1.0
438489,0,1,3400,-56,56,-956,9.3,12,0.60,121391.304688,6,2.1,0.0,0.0,0.0,0.0,0.0,0.0,0.0,1.0
438738,0,1,3400,-56,56,-954,8.7,13,0.56,83762.843750,2,2.1,0.0,0.0,0.0,0.0,0.0,0.0,0.0,1.0
438987,0,1,3400,-56,56,-951,9.6,13,0.71,116869.562500,3,2.1,0.0,0.0,5470.355957,0,0.0,0.0,0.0,1.0
439236,0,1,3400,-56,56,-947,8.5,13,0.51,49396.824219,4,2.1,0.0,0.0,12285.713867,0,0.0,0.0,0.0,1.0
439485,0,1,3400,-56,56,-948,8.3,12,1.1,114403.164062,8,2.1,0.0,0.0,0.0,0.0,0.0,0.0,0.0,1.0
439734,0,1,3400,-56,56,-953,8.0,12,0.60,91984.187500,8,2.1,0.0,0.0,0.0,0.0,0.0,0.0,0.0,1.0
439983,0,1,3400,-56,56,-958,8.1,12,1.0,96412.695312,11,2.1,0.0,0.0,0.0,50,0.0,0.0,0.0,1.0
440232,0,1,3400,-56,56,-953,7.6,13,0.83,82308.296875,9,2.1,0.0,0.0,13438.735352,0,0.0,0.0,0.0,1.0
440481,0,1,3400,-56,56,-951,9.4,12,0.93,144885.375000,3,2.1,0.0,0.0,10940.711914,33,0.0,0.0,0.0,1.0
440730,0,1,3400,-56,56,-952,8.2,12,0.72,113650.796875,7,2.1,0.0,0.0,0.0,0.0,0.0,0.0,0.0,1.0
440979,0,1,3400,-56,56,-956,8.4,12,0.89,106150.195312,3,2.1,0.0,0.0,5470.355957,0,0.0,0.0,0.0,1.0
441228,0,1,3400,-56,56,-949,8.6,12,0.83,126545.453125,10,2.1,0.0,0.0,8063.241211,0,0.0,0.0,0.0,1.0
441477,0,1,3400,-56,56,-953,8.1,12,0.72,118158.726562,4,2.1,0.0,0.0,0.0,0.0,0.0,0.0,0.0,1.0
441726,0,1,3400,-56,56,-950,8.9,13,0.94,122814.226562,11,2.1,0.0,0.0,5470.355957,0,0.0,0.0,0.0,1.0
441975,0,1,3400,-56,56,-948,8.7,12,0.59,108237.156250,2,2.1,0.0,0.0,0.0,0.0,0.0,0.0,0.0,1.0
442224,0,1,3400,-56,56,-949,8.1,12,0.64,99396.828125,9,2.1,0.0,0.0,12158.730469,0,0.0,0.0,0.0,1.0
442473,0,1,3400,-56,56,-953,7.6,13,0.86,91351.781250,4,2.1,0.0,0.0,0.0,0.0,0.0,0.0,0.0,1.0
442722,0,1,3400,-56,56,-956,7.8,12,0.65,105612.648438,3,2.1,0.0,0.0,0.0,0.0,0.0,0.0,0.0,1.0
442971,0,1,3400,-56,56,-952,6.9,11,0.55,103523.812500,2,2.1,0.0,0.0,0.0,0.0,0.0,0.0,0.0,1.0
443220,0,1,3400,-56,56,-949,7.7,12,0.53,86134.390625,3,2.1,0.32,0.0,6450.592773,20,0.0,0.0,0.0,1.0
443469,0,1,3400,-56,56,-952,7.7,13,0.53,88000.000000,2,2.1,5.0,0.0,0.0,100.000000,0.0,0.0,0.0,1.0
443718,0,1,3400,-56,56,-953,7.8,12,0.57,63905.136719,3,2.1,4.1,0.0,5470.355957,0,0.0,0.0,0.0,1.0
443967,0,1,3400,-56,56,-950,9.2,13,1.1,95301.585938,8,2.1,0.0,0.0,10984.126953,0,0.0,0.0,0.0,1.0
444216,0,1,3400,-56,56,-955,8.4,13,0.94,94830.039062,14,2.1,0.0,0.0,12237.154297,0,0.0,0.0,0.0,1.0
444465,0,1,3400,-56,56,-956,8.3,12,0.74,98561.265625,9,2.1,0.0,0.0,0.0,0.0,0.0,0.0,0.0,1.0
444714,0,1,3400,-56,56,-959,9.3,12,0.54,116793.648438,3,2.1,0.0,0.0,0.0,0.0,0.0,0.0,0.0,1.0
444963,0,1,3400,-56,56,-949,8.6,12,0.64,147857.703125,4,2.1,0.0,0.0,10940.711914,0,0.0,0.0,0.0,1.0
445212,0,1,3400,-56,56,-947,8.6,12,0.84,96252.960938,14,2.1,0.36,0.0,16189.723633,31,0.0,0.0,0.0,1.0
445461,0,1,3400,-56,56,-952,7.3,13,0.86,133691.703125,5,2.1,6.5,0.0,3573.122559,67,0.0,0.0,0.0,1.0
445710,0,1,3400,-56,56,-958,8.8,12,1.0,69142.859375,5,2.1,6.5,0.0,0.0,0.0,0.0,0.0,0.0,1.0
445959,0,1,3400,-56,56,-956,8.5,13,0.50,74761.906250,0,2.1,6.5,0.0,0.0,0.0,0.0,0.0,0.0,1.0
446208,0,1,3400,-56,56,-951,8.4,13,0.58,127968.382812,7,2.1,6.5,0.0,0.0,67,0.0,0.0,0.0,1.0
446457,0,1,3400,-56,56,-954,8.8,13,0.60,133881.421875,5,2.1,6.5,0.0,0.0,100.000000,0.0,0.0,0.0,1.0
446706,0,1,3400,-56,56,-955,8.5,12,0.53,123619.046875,3,2.1,6.5,0.0,0.0,0.0,0.0,0.0,0.0,1.0
446955,0,1,3400,-56,56,-947,9.2,12,0.57,99383.398438,4,2.1,6.5,0.0,0.0,0.0,0.0,0.0,0.0,1.0
447204,0,1,3400,-56,56,-948,8.0,13,0.71,73264.820312,9,2.1,5.3,0.0,8063.241211,17,0.0,0.0,0.0,1.0
447453,0,1,3400,-56,56,-949,7.9,12,0.54,55079.363281,3,2.1,0.0,0.0,0.0,0.0,0.0,0.0,0.0,1.0
447702,0,1,3400,-56,56,-950,9.0,13,0.57,111399.210938,8,2.1,0.0,0.0,0.0,0.0,0.0,0.0,0.0,1.0
447951,0,1,3400,-56,56,-954,8.8,12,0.84,110324.109375,6,2.1,0.0,0.0,0.0,0.0,0.0,0.0,0.0,1.0
448200,0,1,3400,-56,56,-946,8.1,12,0.81,95304.351562,10,2.1,0.0,0.0,12110.671875,0,0.0,0.0,0.0,1.0
448449,0,1,3400,-56,56,-949,8.9,13,0.56,128380.953125,5,2.1,0.0,0.0,0.0,0.0,0.0,0.0,0.0,1.0
448698,0,1,3400,-56,56,-952,9.8,12,0.64,128980.234375,8,2.1,0.0,0.0,0.0,0.0,0.0,0.0,0.0,1.0
448947,0,1,3400,-56,56,-957,9.1,12,0.55,107667.984375,3,2.1,0.0,0.0,0.0,0.0,0.0,0.0,0.0,1.0
449196,0,1,3400,-56,56,-955,8.5,13,0.72,73841.273438,5,2.1,0.0,0.0,2603.174561,20,0.0,0.0,0.0,1.0
449445,0,1,3400,-56,56,-952,9.7,13,0.82,93375.492188,9,2.1,0.0,0.0,10940.711914,0,0.0,0.0,0.0,1.0
449694,0,1,3400,-56,56,-953,8.3,12,0.81,104885.375000,9,2.1,0.0,0.0,0.0,0.0,0.0,0.0,0.0,1.0
449943,0,1,3400,-56,56,-955,7.5,13,0.66,117492.062500,8,2.1,0.0,0.0,0.0,0.0,0.0,0.0,0.0,1.0
450192,0,1,3400,-56,56,-957,8.7,13,0.71,129391.304688,7,2.1,0.0,0.0,10498.023438,33,0.0,0.0,0.0,1.0
450441,0,1,3400,-56,56,-950,8.6,12,0.61,105296.445312,2,2.1,0.0,0.0,5470.355957,50,0.0,0.0,0.0,1.0
450690,0,1,3400,-56,56,-948,8.3,12,0.80,147206.343750,8,2.1,0.12,0.0,5492.063477,0,0.0,0.0,0.0,1.0
450939,0,1,3400,-56,56,-947,9.2,12,0.58,142577.078125,4,2.1,7.5,0.0,5470.355957,75,0.0,0.0,0.0,1.0
451188,0,1,3400,-56,56,-958,8.0,12,0.86,87810.273438,7,2.1,5.6,0.0,12237.154297,0,0.0,0.0,0.0,1.0
451437,0,1,3400,-56,56,-952,8.6,12,0.78,105809.523438,3,2.1,7.0,0.0,0.0,80,0.0,0.0,0.0,1.0
451686,0,1,3400,-56,56,-952,8.7,12,0.54,78102.765625,6,2.1,2.6,0.0,5470.355957,33,0.0,0.0,0.0,1.0
451935,0,1,3400,-56,56,-960,8.6,12,0.80,114877.468750,12,2.1,0.0,0.0,0.0,0.0,0.0,0.0,0.0,1.0
452184,0,1,3400,-56,56,-967,8.2,12,0.77,85154.148438,9,2.1,0.0,0.0,8094.861816,0,0.0,0.0,0.0,1.0
452433,0,1,3400,-56,56,-960,8.1,12,0.84,70507.937500,12,2.1,0.0,0.0,0.0,0.0,0.0,0.0,0.0,1.0
452682,0,1,3400,-56,56,-954,8.1,11,0.72,136221.343750,3,2.1,0.0,0.0,0.0,0.0,0.0,0.0,0.0,1.0
452931,0,1,3400,-56,56,-955,6.6,12,0.67,43984.191406,7,2.1,0.0,0.0,0.0,0.0,0.0,0.0,0.0,1.0
453180,0,1,3400,-56,56,-950,6.7,11,0.62,87619.046875,4,2.1,0.0,20,0.0,67,0.0,0.0,0.0,1.0
453429,0,1,3400,-56,56,-951,8.7,11,0.81,101217.390625,9,2.1,16,0.0,8316.205078,38,0.0,0.0,0.0,1.0
453678,0,1,3400,-56,56,-951,6.8,11,0.60,117059.289062,4,2.1,19,0.0,5470.355957,57,0.0,0.0,0.0,1.0
453927,0,1,3400,-56,56,-954,7.9,12,0.63,128000.000000,4,2.1,16,0.0,0.0,0.0,0.0,0.0,0.0,1.0
454176,0,1,3400,-56,56,-949,8.1,13,0.64,107936.507812,7,2.1,15,0.0,12285.713867,0,0.0,0.0,0.0,1.0
454425,0,1,3400,-56,56,-957,8.7,12,0.70,148901.187500,7,2.1,0.0,0.0,0.0,0.0,0.0,0.0,0.0,1.0
454674,0,1,3400,-56,56,-954,7.6,12,0.79,95367.585938,14,2.1,0.0,0.0,5470.355957,0,0.0,0.0,0.0,1.0
454923,0,1,3400,-56,56,-959,8.6,12,0.68,99333.335938,3,2.1,0.0,0.0,5492.063477,33,0.0,0.0,0.0,1.0
455172,0,1,3400,-56,56,-955,8.7,12,0.52,112695.648438,1,2.1,0.0,0.0,8063.241211,0,0.0,0.0,0.0,1.0
455421,0,1,3400,-56,56,-950,9.5,13,0.57,114687.750000,5,2.1,0.0,0.0,5470.355957,0,0.0,0.0,0.0,1.0
455670,0,1,3400,-56,56,-946,9.3,13,0.66,121174.601562,9,2.1,0.0,0.0,0.0,0.0,0.0,0.0,0.0,1.0
455919,0,1,3400,-56,56,-950,8.9,13,0.63,101818.179688,7,2.1,0.0,0.0,0.0,0.0,0.0,0.0,0.0,1.0
456168,0,1,3400,-56,56,-957,8.7,12,0.55,104853.757812,5,2.1,0.0,0.0,8063.241211,29,0.0,0.0,0.0,1.0
456417,0,1,3400,-56,56,-957,9.0,13,0.55,131478.265625,3,2.1,0.0,0.0,5470.355957,0,0.0,0.0,0.0,1.0
456666,0,1,3400,-56,56,-953,7.7,12,0.57,107015.875000,2,2.1,0.0,0.0,0.0,0,0.0,0.0,0.0,1.0
456915,0,1,3400,-56,56,-948,8.8,13,0.63,89106.718750,4,2.1,0.0,0.0,10940.711914,0,0.0,0.0,0.0,1.0
457164,0,1,3400,-56,56,-952,7.9,12,0.53,101238.093750,3,2.1,0.31,0.0,10158.730469,33,0.0,0.0,0.0,1.0
457413,0,1,3400,-56,56,-957,8.4,12,0.66,119146.242188,5,2.1,6.5,0.0,0.0,0.0,0.0,0.0,0.0,1.0
457662,0,1,3400,-56,56,-951,8.8,12,0.74,94766.796875,7,2.1,6.0,0.0,17359.683594,0,0.0,0.0,0.0,1.0
457911,0,1,3400,-56,56,-953,8.0,12,0.76,105333.335938,3,2.1,3.5,0.0,0.0,0.0,0.0,0.0,0.0,1.0
458160,0,1,3400,-56,56,-958,8.1,11,0.67,100616.601562,5,2.1,2.6,0.0,12110.671875,0,0.0,0.0,0.0,1.0
458409,0,1,3400,-56,56,-949,9.1,13,0.95,115857.710938,8,2.1,0.0,0.0,0.0,0.0,0.0,0.0,0.0,1.0
458658,0,1,3400,-56,56,-950,8.5,12,0.50,98150.195312,0,2.1,0.0,0.0,0.0,0.0,0.0,0.0,0.0,1.0
458907,0,1,3400,-56,56,-947,8.1,13,0.58,94000.000000,10,2.1,0.0,0.0,0.0,0.0,0.0,0.0,0.0,1.0
459156,0,1,3400,-56,56,-949,9.5,12,0.82,106814.226562,2,2.1,0.0,0.0,8695.652344,36,0.0,0.0,0.0,1.0
459405,0,1,3400,-56,56,-951,8.9,13,0.88,101936.507812,5,2.1,0.0,0.0,0.0,0.0,0.0,0.0,0.0,1.0
459654,0,1,3400,-56,56,-950,8.7,13,0.53,122466.406250,2,2.1,0.0,0.0,5470.355957,0,0.0,0.0,0.0,1.0
459903,0,1,3400,-56,56,-955,9.0,12,0.61,147889.328125,4,2.1,0.0,0.0,0.0,0.0,0.0,0.0,0.0,1.0
460152,0,1,3400,-56,56,-954,9.2,12,0.68,122434.781250,6,2.1,0.0,0.0,6766.798340,17,0.0,0.0,0.0,1.0
460401,0,1,3400,-56,56,-957,7.2,12,0.83,74952.382812,13,2.1,0.0,0.0,9460.317383,0,0.0,0.0,0.0,1.0
460650,0,1,3400,-56,56,-956,8.6,12,0.58,166292.484375,5,2.1,0.0,0.0,0.0,0.0,0.0,0.0,0.0,1.0
460899,0,1,3400,-56,56,-954,9.0,12,0.54,79588.929688,2,2.1,0.0,0.0,0.0,0.0,0.0,0.0,0.0,1.0
461148,0,1,3400,-56,56,-945,8.7,13,0.59,136634.921875,4,2.1,0.0,0.0,12031.746094,0,0.0,0.0,0.0,1.0
461397,0,1,3400,-56,56,-946,8.8,13,0.60,94292.492188,2,2.1,4.6,0.0,0.0,80,0.0,0.0,0.0,1.0
461646,0,1,3400,-56,56,-948,9.4,13,0.60,95557.312500,4,2.1,5.0,0.0,5470.355957,0,0.0,0.0,0.0,1.0
461895,0,1,3400,-56,56,-959,8.2,11,0.71,95396.828125,7,2.1,0.0,0.0,0.0,0.0,0.0,0.0,0.0,1.0
462144,0,1,3400,-56,56,-960,7.9,13,0.64,65454.546875,6,2.1,0.0,0.0,2592.885254,20,0.0,0.0,0.0,1.0
462393,0,1,3400,-56,56,-950,9.0,12,1.1,65739.132812,8,2.1,0.0,0.0,5470.355957,67,0.0,0.0,0.0,1.0
462642,0,1,3400,-56,56,-956,8.6,11,1.2,126166.007812,10,2.1,0.0,0.0,0.0,0.0,0.0,0.0,0.0,1.0
462891,0,1,3400,-56,56,-955,8.9,12,0.71,151619.046875,5,2.1,0.0,0.0,0.0,0.0,0.0,0.0,0.0,1.0
463140,0,1,3400,-56,56,-947,9.5,12,0.66,113612.648438,8,2.1,0.0,0.0,7905.138184,0,0.0,0.0,0.0,1.0
463389,0,1,3400,-56,56,-958,6.8,12,0.53,89328.062500,3,2.1,0.0,0.0,0.0,0.0,0.0,0.0,0.0,1.0
463638,0,1,3400,-56,56,-954,7.7,12,0.63,164888.890625,4,2.1,0.0,0.0,0.0,0.0,0.0,0.0,0.0,1.0
463887,0,1,3400,-56,56,-951,8.2,12,0.56,100142.289062,5,2.1,4.0,0.0,0.0,80,0.0,0.0,0.0,1.0
464136,0,1,3400,-56,56,-952,8.7,13,1.1,124426.875000,3,2.1,6.8,0.0,12237.154297,0,0.0,0.0,0.0,1.0
464385,0,1,3400,-56,56,-955,9.3,13,0.70,118956.523438,8,2.1,0.0,0.0,0.0,0.0,0.0,0.0,0.0,1.0
464634,0,1,3400,-56,56,-959,8.5,13,1.4,40634.921875,12,2.1,0.0,0.0,0.0,0.0,0.0,0.0,0.0,1.0
464883,0,1,3400,-56,56,-956,8.9,12,0.57,116110.671875,3,2.1,0.0,0.0,10940.711914,20,0.0,0.0,0.0,1.0
465132,0,1,3400,-56,56,-950,7.5,12,0.66,130371.539062,5,2.1,0.0,0.0,12110.671875,0,0.0,0.0,0.0,1.0
465381,0,1,3400,-56,56,-958,8.4,13,0.70,128031.742188,6,2.1,0.0,0.0,0.0,0.0,0.0,0.0,0.0,1.0
465630,0,1,3400,-56,56,-948,8.9,12,0.88,117849.804688,8,2.1,0.0,0.0,0.0,0.0,0.0,0.0,0.0,1.0
465879,0,1,3400,-56,56,-944,8.4,12,0.65,78039.523438,8,2.1,0.0,0.0,0.0,0.0,0.0,0.0,0.0,1.0
466128,0,1,3400,-56,56,-954,8.3,12,0.66,83079.367188,8,2.1,0.0,186,0.0,0.0,0.0,0.0,0.0,1.0
466377,0,1,3400,-56,56,-946,7.5,11,0.93,93660.078125,10,2.1,0.0,0.0,12237.154297,25,0.0,0.0,0.0,1.0
466626,0,1,3400,-56,56,-949,8.0,12,0.79,101691.703125,14,2.1,0.0,0.0,0.0,0.0,0.0,0.0,0.0,1.0
466875,0,1,3400,-56,56,-955,8.2,12,0.61,154476.187500,4,2.1,0.0,0.0,0.0,0.0,0.0,0.0,0.0,1.0
467124,0,1,3400,-56,56,-956,8.8,12,0.70,135367.593750,10,2.1,0.94,0.0,15810.276367,11,0.0,0.0,0.0,1.0
467373,0,1,3400,-56,56,-957,7.9,12,0.69,95494.070312,9,2.1,6.5,0.0,0.0,0.0,0.0,0.0,0.0,1.0
467622,0,1,3400,-56,56,-952,7.3,12,0.68,97428.570312,5,2.1,7.2,0.0,0.0,80,0.0,0.0,0.0,1.0
467871,0,1,3400,-56,56,-948,8.4,12,0.76,101407.117188,5,2.1,7.5,0.0,0.0,0.0,0.0,0.0,0.0,1.0
468120,0,1,3400,-56,56,-951,8.3,12,0.82,105079.367188,5,2.1,5.6,0.0,8095.238281,0,0.0,0.0,0.0,1.0
468369,0,1,3400,-56,56,-953,8.8,13,0.55,87367.585938,2,2.1,0.0,0.0,0.0,0.0,0.0,0.0,0.0,1.0
468618,0,1,3400,-56,56,-959,8.5,12,0.74,99130.437500,3,2.1,0.0,0.0,5470.355957,0,0.0,0.0,0.0,1.0
468867,0,1,3400,-56,56,-954,8.8,13,0.85,82150.195312,4,2.1,0.0,0.0,0.0,0.0,0.0,0.0,0.0,1.0
469116,0,1,3400,-56,56,-948,9.1,12,0.66,136793.656250,1,2.1,0.0,0.0,25714.285156,20,0.0,0.0,0.0,1.0
469365,0,1,3400,-56,56,-944,8.7,12,0.70,74972.328125,2,2.1,0.0,0.0,5470.355957,33,0.0,0.0,0.0,1.0
469614,0,1,3400,-56,56,-951,9.2,12,0.58,135715.421875,3,2.1,0.0,0.0,0.0,0.0,0.0,0.0,0.0,1.0
469863,0,1,3400,-56,56,-956,8.0,12,0.54,99587.304688,3,2.1,0.0,0.0,0.0,0.0,0.0,0.0,0.0,1.0
470112,0,1,3400,-56,56,-957,8.6,12,0.79,106561.265625,5,2.1,1.2,0.0,12616.600586,29,0.0,0.0,0.0,1.0
470361,0,1,3400,-56,56,-953,8.3,13,0.60,109944.664062,6,2.1,0.0,0.0,0.0,0.0,0.0,0.0,0.0,1.0
470610,0,1,3400,-56,56,-953,8.6,12,0.64,103333.335938,2,2.1,0.0,0.0,0.0,0.0,0.0,0.0,0.0,1.0
470859,0,1,3400,-56,56,-955,7.9,12,0.54,101249.015625,3,2.1,5.2,0.0,0.0,80,0.0,0.0,0.0,1.0
471108,0,1,3400,-56,56,-950,8.0,12,0.51,65201.582031,2,2.1,5.6,0.0,62071.144531,10,0.0,0.0,0.0,1.0
471357,0,1,3400,-56,56,-952,9.2,13,0.78,126476.187500,11,2.1,0.0,0.0,0.0,0.0,0.0,0.0,0.0,1.0
471606,0,1,3400,-56,56,-946,7.2,12,0.76,96000.000000,7,2.1,0.0,0.0,0.0,0.0,0.0,0.0,0.0,1.0
471855,0,1,3400,-56,56,-952,9.1,13,0.64,132521.734375,8,2.1,0.0,0.0,0.0,0.0,0.0,0.0,0.0,1.0
472104,0,1,3400,-56,56,-959,8.3,12,0.92,83365.078125,5,2.1,0.62,0.0,17619.046875,27,0.0,0.0,0.0,1.0
472353,0,1,3400,-56,56,-952,9.0,12,0.98,110798.421875,8,2.1,3.5,0.0,0.0,0.0,0.0,0.0,0.0,1.0
472602,0,1,3400,-56,56,-946,8.1,12,0.67,100110.671875,8,2.1,3.5,0.0,0.0,0.0,0.0,0.0,0.0,1.0
472851,0,1,3400,-56,56,-949,8.8,12,0.59,105897.234375,6,2.1,3.5,0.0,0.0,0.0,0.0,0.0,0.0,1.0
473100,0,1,3400,-56,56,-952,7.2,11,0.86,137206.343750,3,2.1,3.5,20,0.0,67,0.0,0.0,0.0,1.0
473349,0,1,3400,-56,56,-947,8.6,12,0.57,145169.953125,2,2.1,0.0,0.0,12237.154297,0,0.0,0.0,0.0,1.0
473598,0,1,3400,-56,56,-951,8.2,12,0.69,111174.601562,6,2.1,0.0,0.0,0.0,0.0,0.0,0.0,0.0,1.0
473847,0,1,3400,-56,56,-955,8.4,13,0.51,98624.507812,0,2.1,0.0,0.0,5470.355957,0,0.0,0.0,0.0,1.0
474096,0,1,3400,-56,56,-955,8.5,12,0.66,119430.828125,4,2.1,1.3,0.0,22640.316406,0,0.0,0.0,0.0,1.0
474345,0,1,3400,-56,56,-956,9.1,12,0.56,108603.171875,5,2.1,7.5,0.0,0.0,80,0.0,0.0,0.0,1.0
474594,0,1,3400,-56,56,-953,7.5,11,0.92,112569.171875,6,2.1,7.5,0.0,0.0,0.0,0.0,0.0,0.0,1.0
474843,0,1,3400,-56,56,-950,9.2,12,0.79,134577.078125,8,2.1,7.5,0.0,0.0,0.0,0.0,0.0,0.0,1.0
475092,0,1,3400,-56,56,-951,7.3,12,0.68,108869.562500,6,2.1,5.6,0.0,8063.241211,29,0.0,0.0,0.0,1.0
475341,0,1,3400,-56,56,-952,8.8,12,0.67,111492.062500,6,2.1,0.0,0.0,0.0,0.0,0.0,0.0,0.0,1.0
475590,0,1,3400,-56,56,-949,8.6,12,0.65,131162.062500,4,2.1,0.0,0.0,0.0,0.0,0.0,0.0,0.0,1.0
475839,0,1,3400,-56,56,-948,9.2,13,0.75,105992.093750,10,2.1,0.0,0.0,0.0,0.0,0.0,0.0,0.0,1.0
476088,0,1,3400,-56,56,-955,8.5,12,0.54,71809.523438,5,2.1,0.38,0.0,3460.317383,25,0.0,0.0,0.0,1.0
476337,0,1,3400,-56,56,-959,9.5,12,0.66,103462.453125,7,2.1,0.43,0.0,6893.280762,43,0.0,0.0,0.0,1.0
476586,0,1,3400,-56,56,-947,7.5,11,0.63,118166.007812,5,2.1,0.0,0.0,0.0,0.0,0.0,0.0,0.0,1.0
476835,0,1,3400,-56,56,-949,8.2,12,1.0,117312.250000,13,2.1,0.0,0.0,5470.355957,33,0.0,0.0,0.0,1.0
477084,0,1,3400,-56,56,-951,7.6,11,0.87,105111.109375,9,2.1,0.0,0.0,13587.301758,22,0.0,0.0,0.0,1.0
477333,0,1,3400,-56,56,-952,9.1,12,0.65,102324.109375,11,2.1,0.0,0.0,0.0,0.0,0.0,0.0,0.0,1.0
477582,0,1,3400,-56,56,-951,7.7,13,0.91,113581.031250,8,2.1,0.0,0.0,0.0,0.0,0.0,0.0,0.0,1.0
477831,0,1,3400,-56,56,-951,8.9,12,0.77,113714.289062,10,2.1,0.0,0.0,0.0,0.0,0.0,0.0,0.0,1.0
478080,0,1,3400,-56,56,-945,7.8,13,0.78,97264.820312,8,2.1,0.0,0.0,20142.292969,17,0.0,0.0,0.0,1.0
478329,0,1,3400,-56,56,-947,9.7,12,0.57,125754.937500,6,2.1,0.0,0.0,0.0,0.0,0.0,0.0,0.0,1.0
478578,0,1,3400,-56,56,-956,8.6,12,0.64,81079.367188,4,2.1,0.0,0.0,10984.126953,0,0.0,0.0,0.0,1.0
478827,0,1,3400,-56,56,-955,8.6,12,0.60,96758.890625,7,2.1,0.0,0.0,0.0,0.0,0.0,0.0,0.0,1.0
479076,0,1,3400,-56,56,-948,8.4,12,0.66,111588.929688,9,2.1,0.0,0.0,12237.154297,0,0.0,0.0,0.0,1.0
479325,0,1,3400,-56,56,-948,7.5,11,0.80,85174.601562,2,2.1,0.0,0.0,0.0,0.0,0.0,0.0,0.0,1.0
479574,0,1,3400,-56,56,-950,8.9,13,0.79,97169.960938,8,2.1,1.3,0.0,0.0,80,0.0,0.0,0.0,1.0
479823,0,1,3400,-56,56,-956,8.2,13,0.88,95241.109375,11,2.1,7.5,0.0,0.0,0.0,0.0,0.0,0.0,1.0
480072,0,1,3400,-56,56,-954,8.2,12,0.73,112984.125000,4,2.1,6.5,0.0,5650.793457,50,0.0,0.0,0.0,1.0
480321,0,1,3400,-56,56,-950,8.3,12,0.66,78924.898438,4,2.1,0.0,0.0,0.0,100.000000,0.0,0.0,0.0,1.0
480570,0,1,3400,-56,56,-948,8.3,12,0.60,98150.195312,10,2.1,0.0,0.0,0.0,0.0,0.0,0.0,0.0,1.0
480819,0,1,3400,-56,56,-949,9.5,13,0.53,89460.320312,0,2.1,0.0,0.0,0.0,0.0,0.0,0.0,0.0,1.0
481068,0,1,3400,-56,56,-954,8.3,12,0.75,117976.281250,9,2.1,1.3,0.0,87778.656250,6,0.0,0.0,0.0,1.0
481317,0,1,3400,-56,56,-951,9.3,12,0.94,87019.765625,13,2.1,8.0,0.0,0.0,0.0,0.0,0.0,0.0,1.0
481566,0,1,3400,-56,56,-951,8.9,13,0.59,111399.210938,5,2.1,8.0,0.0,0.0,0.0,0.0,0.0,0.0,1.0
481815,0,1,3400,-56,56,-956,8.3,11,0.97,84666.664062,19,2.1,14,0.0,0.0,80,0.0,0.0,0.0,1.0
482064,0,1,3400,-56,56,-954,9.7,12,0.53,103494.070312,2,2.1,12,0.0,12237.154297,0,0.0,0.0,0.0,1.0
482313,0,1,3400,-56,56,-949,9.4,12,0.94,102640.312500,9,2.1,0.0,0.0,0.0,0.0,0.0,0.0,0.0,1.0
482562,0,1,3400,-56,56,-952,7.5,11,0.79,104476.187500,9,2.1,0.0,0.0,5492.063477,0,0.0,0.0,0.0,1.0
482811,0,1,3400,-56,56,-951,9.1,13,0.67,121897.234375,2,2.1,0.0,0.0,5470.355957,0,0.0,0.0,0.0,1.0
483060,0,1,3400,-56,56,-950,8.5,11,0.80,136948.609375,6,2.1,0.0,0.0,8063.241211,29,0.0,0.0,0.0,1.0
483309,0,1,3400,-56,56,-956,9.0,14,0.50,77428.570312,0,2.1,0.0,0.0,0.0,0.0,0.0,0.0,0.0,1.0
483558,0,1,3400,-56,56,-958,9.2,12,1.0,150608.703125,7,2.1,0.0,0.0,0.0,0.0,0.0,0.0,0.0,1.0
483807,0,1,3400,-56,56,-959,9.9,12,0.78,152316.203125,4,2.1,0.0,0.0,0.0,0.0,0.0,0.0,0.0,1.0
484056,0,1,3400,-56,56,-954,7.4,11,0.55,96094.859375,2,2.1,4.0,0.0,19351.779297,30,0.0,0.0,0.0,1.0
484305,0,1,3400,-56,56,-951,7.5,12,0.78,120952.382812,5,2.1,0.0,0.0,0.0,0.0,0.0,0.0,0.0,1.0
484554,0,1,3400,-56,56,-953,7.9,11,0.55,93660.078125,2,2.1,0.0,0.0,0.0,0.0,0.0,0.0,0.0,1.0
484803,0,1,3400,-56,56,-961,8.4,12,0.62,102102.765625,3,2.1,0.0,0.0,0.0,0.0,0.0,0.0,0.0,1.0
485052,0,1,3400,-56,56,-953,8.6,13,0.73,114213.437500,5,2.1,0.0,0.0,12237.154297,0,0.0,0.0,0.0,1.0
485301,0,1,3400,-56,56,-950,9.2,13,0.53,67460.320312,0,2.1,0.0,0.0,0.0,0.0,0.0,0.0,0.0,1.0
485550,0,1,3400,-56,56,-951,8.7,13,0.84,70031.742188,5,2.1,0.0,0.0,5492.063477,0,0.0,0.0,0.0,1.0
485799,0,1,3400,-56,56,-952,8.9,12,0.64,135177.859375,5,2.1,0.0,0.0,0.0,0.0,0.0,0.0,0.0,1.0
486048,0,1,3400,-56,56,-954,6.6,12,0.60,97075.101562,6,2.1,0.0,0.0,12237.154297,0,0.0,0.0,0.0,1.0
486297,0,1,3400,-56,56,-957,9.1,13,0.52,106539.679688,2,2.1,0.0,0.0,5492.063477,0,0.0,0.0,0.0,1.0
486546,0,1,3400,-56,56,-952,8.3,12,0.80,118387.351562,9,2.1,0.0,0.0,5470.355957,0,0.0,0.0,0.0,1.0
486795,0,1,3400,-56,56,-954,8.5,12,0.73,149090.906250,4,2.1,0.0,0.0,5470.355957,0,0.0,0.0,0.0,1.0
487044,0,1,3400,-56,56,-948,8.6,12,0.80,102197.625000,6,2.1,0.0,0.0,16189.723633,20,0.0,0.0,0.0,1.0
487293,0,1,3400,-56,56,-952,8.4,12,0.86,117904.765625,6,2.1,0.0,0.0,7936.507812,0,0.0,0.0,0.0,1.0
487542,0,1,3400,-56,56,-951,8.9,12,0.72,134007.906250,4,2.1,0.0,0.0,0.0,0.0,0.0,0.0,0.0,1.0
487791,0,1,3400,-56,56,-950,8.8,12,0.72,113106.718750,8,2.1,0.0,0.0,0.0,0.0,0.0,0.0,0.0,1.0
488040,0,1,3400,-56,56,-947,8.4,12,0.73,90285.710938,8,2.1,0.0,0.0,20222.222656,17,0.0,0.0,0.0,1.0
488289,0,1,3400,-56,56,-949,8.5,13,0.61,112126.484375,2,2.1,0.0,0.0,0.0,0.0,0.0,0.0,0.0,1.0
488538,0,1,3400,-56,56,-950,8.3,12,0.62,120221.343750,7,2.1,0.0,0.0,0.0,0.0,0.0,0.0,0.0,1.0
488787,0,1,3400,-56,56,-950,9.1,12,0.85,86698.414062,8,2.1,0.0,0.0,5492.063477,0,0.0,0.0,0.0,1.0
489036,0,1,3400,-56,56,-948,9.4,13,0.76,61280.632812,6,2.1,0.0,0.0,11984.189453,0,0.0,0.0,0.0,1.0
489285,0,1,3400,-56,56,-957,7.7,12,0.63,112347.828125,6,2.1,0.0,0.0,0.0,0.0,0.0,0.0,0.0,1.0
489534,0,1,3400,-56,56,-959,8.1,13,0.72,90972.328125,11,2.1,0.0,0.0,0.0,0.0,0.0,0.0,0.0,1.0
489783,0,1,3400,-56,56,-955,8.4,12,0.63,85333.335938,2,2.1,5.2,0.0,0.0,80,0.0,0.0,0.0,1.0
490032,0,1,3400,-56,56,-948,8.4,12,0.53,106507.937500,2,2.1,5.9,0.0,14730.159180,0,0.0,0.0,0.0,1.0
490281,0,1,3400,-56,56,-951,7.4,11,1.3,68110.671875,8,2.1,0.0,0.0,0.0,0.0,0.0,0.0,0.0,1.0
490530,0,1,3400,-56,56,-950,8.4,12,0.70,116806.320312,7,2.1,0.0,0.0,0.0,0.0,0.0,0.0,0.0,1.0
490779,0,1,3400,-56,56,-951,7.3,12,0.54,102545.453125,3,2.1,0.0,0.0,0.0,0.0,0.0,0.0,0.0,1.0
491028,0,1,3400,-56,56,-954,8.4,12,0.55,107667.984375,3,2.1,0.064,0.0,38229.250000,0,0.0,0.0,0.0,1.0
491277,0,1,3400,-56,56,-960,7.7,13,0.54,103968.257812,2,2.1,0.0,0.0,0.0,0.0,0.0,0.0,0.0,1.0
491526,0,1,3400,-56,56,-961,8.3,12,0.77,122181.820312,3,2.1,0.0,0.0,5470.355957,0,0.0,0.0,0.0,1.0
491775,0,1,3400,-56,56,-954,7.8,13,0.75,131667.984375,2,2.1,0.0,0.0,0.0,0.0,0.0,0.0,0.0,1.0
492024,0,1,3400,-56,56,-955,9.2,12,1.0,100349.203125,8,2.1,0.0,0.0,12285.713867,33,0.0,0.0,0.0,1.0
492273,0,1,3400,-56,56,-948,8.4,11,0.97,80221.343750,9,2.1,0.0,0.0,0.0,0.0,0.0,0.0,0.0,1.0
492522,0,1,3400,-56,56,-951,9.4,12,0.85,127114.625000,3,2.1,0.0,0.0,0.0,0.0,0.0,0.0,0.0,1.0
492771,0,1,3400,-56,56,-945,8.3,12,0.64,134988.140625,6,2.1,0.0,0.0,5470.355957,0,0.0,0.0,0.0,1.0
493020,0,1,3400,-56,56,-950,8.0,11,0.90,94603.171875,10,2.1,0.0,186,5492.063477,0,0.0,0.0,0.0,1.0
493269,0,1,3400,-56,56,-954,8.1,11,0.74,122845.851562,6,2.1,0.0,0.0,8063.241211,50,0.0,0.0,0.0,1.0
493518,0,1,3400,-56,56,-955,7.6,12,0.88,101565.218750,11,2.1,0.0,0.0,5470.355957,33,0.0,0.0,0.0,1.0
493767,0,1,3400,-56,56,-951,9.2,12,0.62,150793.656250,1,2.1,0.0,0.0,0.0,0.0,0.0,0.0,0.0,1.0
494016,0,1,3400,-56,56,-951,9.1,12,0.70,102166.007812,11,2.1,0.0,0.0,12237.154297,14,0.0,0.0,0.0,1.0
494265,0,1,3400,-56,56,-946,8.3,12,0.63,86324.109375,5,2.1,0.0,0.0,0.0,0.0,0.0,0.0,0.0,1.0
494514,0,1,3400,-56,56,-952,8.8,13,0.89,97269.843750,6,2.1,0.0,0.0,0.0,0.0,0.0,0.0,0.0,1.0
494763,0,1,3400,-56,56,-954,8.9,13,0.60,103399.210938,5,2.1,0.0,0.0,0.0,0.0,0.0,0.0,0.0,1.0
495012,0,1,3400,-56,56,-952,8.9,12,0.54,103462.453125,0,2.1,0.072,0.0,12110.671875,0,0.0,0.0,0.0,1.0
495261,0,1,3400,-56,56,-951,7.3,12,0.67,95873.515625,5,2.1,14,0.0,0.0,100.000000,0.0,0.0,0.0,1.0
495510,0,1,3400,-56,56,-953,9.0,12,0.63,65873.015625,8,2.1,7.7,0.0,0.0,80,0.0,0.0,0.0,1.0
495759,0,1,3400,-56,56,-951,10,12,1.3,90666.664062,16,2.1,7.5,0.0,0.0,0.0,0.0,0.0,0.0,1.0
496008,0,1,3400,-56,56,-953,7.8,13,0.62,85858.265625,7,2.1,7.1,0.0,8031.496094,0,0.0,0.0,0.0,1.0
496257,0,1,3400,-56,56,-951,10,12,0.59,124730.156250,2,2.1,0.0,0.0,5492.063477,33,0.0,0.0,0.0,1.0
496506,0,1,3400,-56,56,-951,8.5,12,0.96,78292.492188,4,2.1,0.0,0.0,0.0,0.0,0.0,0.0,0.0,1.0
496755,0,1,3400,-56,56,-954,7.7,11,0.88,98403.164062,3,2.1,0.0,0.0,0.0,0.0,0.0,0.0,0.0,1.0
497004,0,1,3400,-56,56,-942,7.7,12,0.53,95682.539062,3,2.1,0.0,0.0,8095.238281,17,0.0,0.0,0.0,1.0
497253,0,1,3400,-56,56,-947,7.5,12,0.62,120758.890625,5,2.1,0.0,0.0,0.0,0.0,0.0,0.0,0.0,1.0
497502,0,1,3400,-56,56,-955,9.2,12,0.81,105549.406250,11,2.1,0.0,0.0,0.0,0.0,0.0,0.0,0.0,1.0
497751,0,1,3400,-56,56,-954,7.6,12,0.54,93714.289062,4,2.1,0.0,0.0,0.0,0.0,0.0,0.0,0.0,1.0
498000,0,1,3400,-56,56,-955,5.5,10,0.57,97739.132812,3,2.1,0.0,0.0,14798.418945,0,0.0,0.0,0.0,1.0
498249,0,1,3400,-56,56,-954,8.0,11,0.85,90434.781250,8,2.1,0.0,0.0,0.0,0.0,0.0,0.0,0.0,1.0
498498,0,1,3400,-56,56,-954,6.7,11,0.74,117555.554688,6,2.1,0.0,0.0,0.0,0.0,0.0,0.0,0.0,1.0
498747,0,1,3400,-56,56,-953,7.1,11,0.52,89486.164062,0,2.1,0.0,0.0,0.0,0.0,0.0,0.0,0.0,1.0
498996,0,1,3400,-56,56,-955,10.0,13,0.51,107889.328125,2,2.1,0.0,186,0.0,0.0,0.0,0.0,0.0,1.0
499245,0,1,3400,-56,56,-948,9.5,12,0.54,100317.460938,2,2.1,0.0,0.0,8095.238281,17,0.0,0.0,0.0,1.0
499494,0,1,3400,-56,56,-955,7.4,11,0.77,137043.484375,7,2.1,0.0,0.0,0.0,0.0,0.0,0.0,0.0,1.0
499743,0,1,3400,-56,56,-955,8.9,12,0.70,115619.046875,8,2.1,0.0,0.0,0.0,0.0,0.0,0.0,0.0,1.0
499992,0,1,3400,-56,56,-959,8.0,12,0.88,107826.085938,7,2.1,1.6,0.0,11098.814453,53,0.0,0.0,0.0,1.0
500241,0,1,3400,-56,56,-956,8.3,12,0.62,103146.242188,6,2.1,0.0,0.0,0.0,0.0,0.0,0.0,0.0,1.0
500490,0,1,3400,-56,56,-950,6.3,11,0.61,111587.304688,2,2.1,0.0,0.0,5492.063477,0,0.0,0.0,0.0,1.0
500739,0,1,3400,-56,56,-950,6.5,9.4,0.66,136787.406250,3,2.1,0.0,0.0,0.0,0.0,0.0,0.0,0.0,1.0
500988,0,1,3400,-56,56,-953,7.5,11,0.71,89047.617188,7,2.1,0.0,0.0,1301.587280,25,0.0,0.0,0.0,1.0
501237,0,1,3400,-56,56,-956,8.3,12,0.57,108205.531250,5,2.1,0.0,0.0,5090.909180,29,0.0,0.0,0.0,1.0
501486,0,1,3400,-56,56,-954,8.7,12,0.64,80822.132812,10,2.1,0.0,0.0,0.0,0.0,0.0,0.0,0.0,1.0
501735,0,1,3400,-56,56,-949,8.6,12,0.60,130603.171875,5,2.1,0.0,0.0,0.0,0.0,0.0,0.0,0.0,1.0
501984,0,1,3400,-56,56,-950,8.9,12,0.68,149565.218750,5,2.1,0.0,0.0,8063.241211,0,0.0,0.0,0.0,1.0
502233,0,1,3400,-56,56,-956,9.2,13,0.60,97865.609375,4,2.1,0.0,0.0,0.0,0.0,0.0,0.0,0.0,1.0
502482,0,1,3400,-56,56,-954,7.0,12,0.60,64000.000000,7,2.1,0.0,0.0,0.0,0.0,0.0,0.0,0.0,1.0
502731,0,1,3400,-56,56,-955,8.4,12,0.76,82529.640625,11,2.1,0.0,0.0,0.0,0.0,0.0,0.0,0.0,1.0
502980,0,1,3400,-56,56,-959,9.0,11,0.85,174577.078125,4,2.1,0.072,0.0,12237.154297,42,0.0,0.0,0.0,1.0
503229,0,1,3400,-56,56,-952,8.6,13,0.68,125142.859375,5,2.1,1.1,0.0,3365.079346,47,0.0,0.0,0.0,1.0
503478,0,1,3400,-56,56,-951,8.2,11,0.80,79810.273438,8,2.1,0.0,0.0,0.0,0.0,0.0,0.0,0.0,1.0
503727,0,1,3400,-56,56,-958,8.4,13,0.78,147162.062500,1,2.1,2.8,0.0,0.0,80,0.0,0.0,0.0,1.0
503976,0,1,3400,-56,56,-947,9.6,13,0.70,71238.093750,8,2.1,0.78,0.0,17777.777344,0,0.0,0.0,0.0,1.0
504225,0,1,3400,-56,56,-948,7.7,12,0.67,115857.710938,6,2.1,0.0,0.0,0.0,0.0,0.0,0.0,0.0,1.0
504474,0,1,3400,-56,56,-950,8.2,12,0.82,131256.921875,6,2.1,0.0,0.0,0.0,0.0,0.0,0.0,0.0,1.0
504723,0,1,3400,-56,56,-949,8.3,13,0.68,118539.679688,10,2.1,0.0,0.0,0.0,0.0,0.0,0.0,0.0,1.0
504972,0,1,3400,-56,56,-953,8.4,12,0.53,97328.062500,4,2.1,0.0,0.0,12110.671875,0,0.0,0.0,0.0,1.0
505221,0,1,3400,-56,56,-961,8.0,12,1.1,110197.625000,4,2.1,0.0,0.0,0.0,0.0,0.0,0.0,0.0,1.0
505470,0,1,3400,-56,56,-956,8.1,12,0.76,77818.179688,15,2.1,0.0,0.0,0.0,0.0,0.0,0.0,0.0,1.0
505719,0,1,3400,-56,56,-955,9.0,12,0.82,92190.476562,10,2.1,0.0,0.0,0.0,0.0,0.0,0.0,0.0,1.0
505968,0,1,3400,-56,56,-952,8.3,13,0.66,127936.757812,5,2.1,2.6,0.0,6324.110840,50,0.0,0.0,0.0,1.0
506217,0,1,3400,-56,56,-945,8.5,13,0.70,117407.117188,6,2.1,15,0.0,0.0,0.0,0.0,0.0,0.0,1.0
506466,0,1,3400,-56,56,-955,7.7,11,0.61,116349.203125,2,2.1,15,0.0,0.0,0.0,0.0,0.0,0.0,1.0
506715,0,1,3400,-56,56,-948,9.3,13,0.53,110482.210938,2,2.1,15,0.0,0.0,0.0,0.0,0.0,0.0,1.0
506964,0,1,3400,-56,56,-951,9.4,12,0.62,140932.812500,1,2.1,19,0.0,45818.183594,57,0.0,0.0,0.0,1.0
507213,0,1,3400,-56,56,-953,7.4,12,0.50,78507.937500,0,2.1,16,0.0,0.0,0.0,0.0,0.0,0.0,1.0
507462,0,1,3400,-56,56,-951,8.3,12,0.77,129675.890625,5,2.1,10,0.0,5470.355957,50,0.0,0.0,0.0,1.0
507711,0,1,3400,-56,56,-950,9.0,12,0.60,125059.289062,1,2.1,7.5,0.0,5470.355957,33,0.0,0.0,0.0,1.0
507960,0,1,3400,-56,56,-948,8.5,12,0.90,83098.812500,7,2.1,7.5,0.0,6640.316406,20,0.0,0.0,0.0,1.0
508209,0,1,3400,-56,56,-952,7.4,12,0.85,112253.968750,13,2.1,12,0.0,0.0,100.000000,0.0,0.0,0.0,1.0
508458,0,1,3400,-56,56,-948,7.0,12,0.66,57865.613281,8,2.1,12,0.0,0.0,0,0.0,0.0,0.0,1.0
508707,0,1,3400,-56,56,-952,8.6,11,0.89,146687.750000,6,2.1,6.0,0.0,10940.711914,0,0.0,0.0,0.0,1.0
508956,0,1,3400,-56,56,-953,9.0,12,0.78,133269.843750,4,2.1,6.0,0.0,12285.713867,0,0.0,0.0,0.0,1.0
509205,0,1,3400,-56,56,-955,7.6,11,0.69,142545.453125,0.9,2.1,6.0,0.0,0.0,0.0,0.0,0.0,0.0,1.0
509454,0,1,3400,-56,56,-956,8.2,12,0.69,73047.617188,7,2.1,6.0,0.0,0.0,0.0,0.0,0.0,0.0,1.0
509703,0,1,3400,-56,56,-949,8.4,12,0.50,83162.054688,0,2.1,6.0,0.0,0.0,0.0,0.0,0.0,0.0,1.0
509952,0,1,3400,-56,56,-942,7.9,11,0.57,147478.265625,3,2.1,6.0,186,0.0,0.0,0.0,0.0,0.0,1.0
510201,0,1,3400,-56,56,-947,8.7,13,0.51,111587.304688,0,2.1,13,0.0,0.0,80,0.0,0.0,0.0,1.0
510450,0,1,3400,-56,56,-950,7.6,13,0.62,64189.722656,5,2.1,14,0.0,0.0,0.0,0.0,0.0,0.0,1.0
510699,0,1,3400,-56,56,-949,7.7,12,0.60,108079.054688,5,2.1,14,0.0,0.0,0.0,0.0,0.0,0.0,1.0
510948,0,1,3400,-56,56,-950,6.9,9.0,0.55,101154.148438,2,2.1,12,20,0.0,80,0.0,0.0,0.0,1.0
511197,0,1,3400,-56,56,-953,6.6,9.6,1.1,144126.984375,8,2.1,7.5,20,0.0,0.0,0.0,0.0,0.0,1.0
511446,0,1,3400,-56,56,-946,8.1,11,0.65,96031.617188,5,2.1,1.9,0.0,6355.731445,20,0.0,0.0,0.0,1.0
511695,0,1,3400,-56,56,-953,7.9,12,0.69,111083.007812,4,2.1,0.0,0.0,0.0,0.0,0.0,0.0,0.0,1.0
511944,0,1,3400,-56,56,-953,8.8,12,0.61,76698.414062,10,2.1,0.0,186,0.0,0.0,0.0,0.0,0.0,1.0
512193,0,1,3400,-56,56,-956,8.6,12,0.74,77786.562500,4,2.1,5.8,0.0,0.0,75,0.0,0.0,0.0,1.0
512442,0,1,3400,-56,56,-954,9.0,13,0.75,133375.500000,6,2.1,7.5,0.0,0.0,0.0,0.0,0.0,0.0,1.0
512691,0,1,3400,-56,56,-948,8.2,12,0.63,87555.554688,4,2.1,7.5,0.0,0.0,0.0,0.0,0.0,0.0,1.0
512940,0,1,3400,-56,56,-946,9.8,12,0.70,125059.289062,4,2.1,4.4,0.0,12237.154297,14,0.0,0.0,0.0,1.0
513189,0,1,3400,-56,56,-946,8.8,13,0.73,103430.828125,8,2.1,0.0,0.0,0.0,0.0,0.0,0.0,0.0,1.0
513438,0,1,3400,-56,56,-953,9.3,12,0.53,116825.398438,3,2.1,0.0,0.0,0.0,0.0,0.0,0.0,0.0,1.0
513687,0,1,3400,-56,56,-954,8.8,13,0.64,120600.789062,2,2.1,0.0,0.0,0.0,0.0,0.0,0.0,0.0,1.0
513936,0,1,3400,-56,56,-951,8.9,12,0.64,112252.960938,6,2.1,0.0,0.0,8063.241211,29,0.0,0.0,0.0,1.0
514185,0,1,3400,-56,56,-953,6.4,11,0.69,91206.351562,1,2.1,0.0,0.0,0.0,0.0,0.0,0.0,0.0,1.0
514434,0,1,3400,-56,56,-949,7.6,12,0.66,120664.031250,4,2.1,0.0,0.0,0.0,0.0,0.0,0.0,0.0,1.0
514683,0,1,3400,-56,56,-951,7.9,12,0.66,133976.281250,4,2.1,0.0,0.0,0.0,0.0,0.0,0.0,0.0,1.0
514932,0,1,3400,-56,56,-950,8.6,13,0.53,126893.281250,1,2.1,0.0,0.0,1296.442627,25,0.0,0.0,0.0,1.0
515181,0,1,3400,-56,56,-953,8.7,13,0.61,105555.554688,7,2.1,0.0,0.0,6793.650879,0,0.0,0.0,0.0,1.0
515430,0,1,3400,-56,56,-953,8.0,12,0.51,92774.703125,2,2.1,0.0,0.0,0.0,0.0,0.0,0.0,0.0,1.0
515679,0,1,3400,-56,56,-952,6.8,11,0.76,153233.203125,3,2.1,0.0,0.0,0.0,0.0,0.0,0.0,0.0,1.0
515928,0,1,3400,-56,56,-952,7.9,12,0.53,101142.859375,2,2.1,0.64,0.0,7492.063477,29,0.0,0.0,0.0,1.0
516177,0,1,3400,-56,56,-951,9.3,12,0.63,123826.085938,4,2.1,12,0.0,4458.498047,80,0.0,0.0,0.0,1.0
516426,0,1,3400,-56,56,-950,9.3,13,0.74,127588.929688,7,2.1,9.8,0.0,5470.355957,0,0.0,0.0,0.0,1.0
516675,0,1,3400,-56,56,-948,8.9,13,0.53,141650.796875,0,2.1,6.5,0.0,0.0,0.0,0.0,0.0,0.0,1.0
516924,0,1,3400,-56,56,-954,8.1,12,0.52,64853.753906,3,2.1,6.1,0.0,8063.241211,0,0.0,0.0,0.0,1.0
517173,0,1,3400,-56,56,-957,8.7,13,0.59,90118.578125,4,2.1,0.0,0.0,0.0,0.0,0.0,0.0,0.0,1.0
517422,0,1,3400,-56,56,-958,6.5,12,0.53,64476.191406,0,2.1,0.0,0.0,0.0,0.0,0.0,0.0,0.0,1.0
517671,0,1,3400,-56,56,-951,5.5,13,0.50,0.0,0.0,2.1,0.0,0.0,0.0,0.0,0.0,0.0,0.0,1.0
517920,0,1,3400,-56,56,-950,5.5,14,0.50,0.0,0.0,2.1,0.0,0.0,0.0,0.0,0.0,0.0,0.0,1.0
518169,0,1,3400,-56,56,-954,5.5,14,0.50,0.0,0.0,2.1,0.0,0.0,0.0,0.0,0.0,0.0,0.0,1.0
518418,0,1,3400,-56,56,-958,5.5,14,0.50,0.0,0.0,2.1,0.0,0.0,0.0,0.0,0.0,0.0,0.0,1.0
518667,0,1,3400,-56,56,-955,5.5,14,0.50,0.0,0.0,2.1,0.0,0.0,0.0,0.0,0.0,0.0,0.0,1.0
518916,0,1,3400,-56,56,-953,5.5,14,0.50,0.0,0.0,2.1,0.0,0.0,0.0,0.0,0.0,0.0,0.0,1.0
519165,0,1,3400,-56,56,-950,5.5,13,0.50,0.0,0.0,2.1,0.0,0.0,0.0,0.0,0.0,0.0,0.0,1.0
519414,0,1,3400,-56,56,-957,5.5,14,0.50,0.0,0.0,2.1,0.0,0.0,0.0,0.0,0.0,0.0,0.0,1.0
519663,0,1,3400,-56,56,-955,5.5,14,0.50,0.0,0.0,2.1,0.0,0.0,0.0,0.0,0.0,0.0,0.0,1.0
519912,0,1,3400,-56,56,-948,5.5,14,0.50,0.0,0.0,2.1,0.0,0.0,0.0,0.0,0.0,0.0,0.0,1.0
520161,0,1,3400,-56,56,-945,5.5,14,0.50,0.0,0.0,2.1,0.0,0.0,0.0,0.0,0.0,0.0,0.0,1.0
520410,0,1,3400,-56,56,-955,5.5,13,0.50,0.0,0.0,2.1,0.0,0.0,0.0,0.0,0.0,0.0,0.0,1.0
520659,0,1,3400,-56,56,-954,5.5,14,0.50,0.0,0.0,2.1,0.0,0.0,0.0,0.0,0.0,0.0,0.0,1.0
520908,0,1,3400,-56,56,-951,5.5,14,0.50,0.0,0.0,2.1,0.0,0.0,0.0,0.0,0.0,0.0,0.0,1.0
521157,0,1,3400,-56,56,-950,5.5,15,0.50,0.0,0.0,2.1,0.0,0.0,0.0,0.0,0.0,0.0,0.0,1.0
521406,0,1,3400,-56,56,-951,5.5,14,0.50,0.0,0.0,2.1,0.0,0.0,0.0,0.0,0.0,0.0,0.0,1.0
521655,0,1,3400,-56,56,-952,5.5,14,0.50,0.0,0.0,2.1,0.0,0.0,0.0,0.0,0.0,0.0,0.0,1.0
521904,0,1,3400,-56,56,-950,5.5,14,0.50,0.0,0.0,2.1,0.0,0.0,0.0,0.0,0.0,0.0,0.0,1.0
522153,0,1,3400,-56,56,-950,5.5,14,0.50,0.0,0.0,2.1,0.0,0.0,0.0,0.0,0.0,0.0,0.0,1.0
522402,0,1,3400,-56,56,-952,5.5,14,0.50,0.0,0.0,2.1,0.0,0.0,0.0,0.0,0.0,0.0,0.0,1.0
522651,0,1,3400,-56,56,-951,5.5,14,0.50,0.0,0.0,2.1,0.0,0.0,0.0,0.0,0.0,0.0,0.0,1.0
522900,0,1,3400,-56,56,-955,5.5,14,0.50,0.0,0.0,2.1,0.0,0.0,0.0,0.0,0.0,0.0,0.0,1.0
523149,0,1,3400,-72,72,-905,5.5,1.0,0.50,0.0,0.0,2.1,0.0,0.0,0.0,0.0,0.0,0.0,0.0,1.0
523398,0,1,3400,-79,79,-353,5.5,-6.0,0.50,0.0,0.0,2.1,0.0,0.0,0.0,0.0,0.0,0.0,0.0,1.0
523647,0,1,3400,-79,79,181,5.5,-6.1,0.50,0.0,0.0,2.1,0.0,0.0,0.0,0.0,0.0,0.0,0.0,1.0
523896,0,1,3400,-79,79,-118,5.5,-6.0,0.50,0.0,0.0,2.1,0.0,0.0,0.0,0.0,0.0,0.0,0.0,1.0
524145,0,1,3400