Timestamp,num_ues,IMSI,RNTI,,slicing_enabled,slice_id,slice_prb,power_multiplier,scheduling_policy,,dl_mcs,dl_n_samples,dl_buffer [bytes],tx_brate downlink [Mbps],tx_pkts downlink,tx_errors downlink (%),dl_cqi,,ul_mcs,ul_n_samples,ul_buffer [bytes],rx_brate uplink [Mbps],rx_pkts uplink,rx_errors uplink (%),ul_rssi,ul_sinr,phr,,sum_requested_prbs,sum_granted_prbs,,dl_pmi,dl_ri,ul_n,ul_turbo_iters
1617094544109,7,1010123456023,77,,1,2,17,1,0,,0,9,0,0.005248,4,0,8,,11.875,24,0,0.1,7,0,0,30.921,31,,12,15,,0,0,0,1
1617094544359,7,1010123456023,77,,1,2,17,1,0,,0,3,0,0.001824,1,0,14,,10,14,0,0.1,4,0,0,32.1606,31,,1,3,,0,0,0,1
1617094544609,7,1010123456023,77,,1,2,17,1,0,,0,0,0,0,0,0,5,,0,0,0,0,0,0,0,0,0,,0,0,,0,0,0,0
1617094544859,7,1010123456023,77,,1,2,17,1,0,,0,0,0,0,0,0,8.5,,0,0,0,0,0,0,0,0,0,,0,0,,0,0,0,0
1617094545109,7,1010123456023,77,,1,2,17,1,0,,0,0,0,0,0,0,14,,0,0,0,0,0,0,0,0,0,,0,0,,0,0,0,0
1617094545359,6,1010123456023,77,,1,2,17,1,0,,0,0,0,0,0,0,0.1,,0,0,0,0,0,0,0,0,0,,0,0,,0,0,0,0
1617094545609,6,1010123456023,77,,1,2,17,1,0,,0,0,0,0,0,0,8,,0,0,0,0,0,0,0,0,0,,0,0,,0,0,0,0
1617094545859,6,1010123456023,77,,1,2,17,1,0,,0,0,0,0,0,0,8,,0,0,0,0,0,0,0,0,0,,0,0,,0,0,0,0
1617094546109,6,1010123456023,77,,1,2,17,1,0,,0,0,0,0,0,0,8.5,,0,0,0,0,0,0,0,0,0,,0,0,,0,0,0,0
1617094546359,6,1010123456023,77,,1,2,17,1,0,,0,0,0,0,0,0,11.25,,0,0,0,0,0,0,0,0,0,,0,0,,0,0,0,0
1617094546609,6,1010123456023,77,,1,2,17,1,0,,0,0,0,0,0,0,11.3333,,0,0,0,0,0,0,0,0,0,,0,0,,0,0,0,0
1617094546859,6,1010123456023,77,,1,2,17,1,0,,0,0,0,0,0,0,8.5,,0,0,0,0,0,0,0,0,0,,0,0,,0,0,0,0
1617094547109,6,1010123456023,77,,1,2,17,1,0,,0,0,0,0,0,0,4,,0,0,0,0,0,0,0,0,0,,0,0,,0,0,0,0
1617094547359,6,1010123456023,77,,1,2,17,1,0,,0,0,0,0,0,0,10,,0,0,0,0,0,0,0,0,0,,0,0,,0,0,0,0
1617094547609,6,1010123456023,77,,1,2,17,1,0,,0,0,0,0,0,0,6.5,,0,0,0,0,0,0,0,0,0,,0,0,,0,0,0,0
1617094547859,6,1010123456023,77,,1,2,17,1,0,,0,0,0,0,0,0,3,,0,0,0,0,0,0,0,0,0,,0,0,,0,0,0,0
1617094548109,6,1010123456023,77,,1,2,17,1,0,,0,0,0,0,0,0,8.33333,,0,0,0,0,0,0,0,0,0,,0,0,,0,0,0,0
1617094548359,6,1010123456023,77,,1,2,17,1,0,,0,0,0,0,0,0,8,,0,0,0,0,0,0,0,0,0,,0,0,,0,0,0,0
1617094548609,6,1010123456023,77,,1,2,17,1,0,,0,0,0,0,0,0,5.5,,0,0,0,0,0,0,0,0,0,,0,0,,0,0,0,0
1617094548859,6,1010123456023,77,,1,2,17,1,0,,0,0,0,0,0,0,8,,0,0,0,0,0,0,0,0,0,,0,0,,0,0,0,0
1617094549109,6,1010123456023,77,,1,2,17,1,0,,0,0,0,0,0,0,14,,0,0,0,0,0,0,0,0,0,,0,0,,0,0,0,0
1617094549359,6,1010123456023,77,,1,2,17,1,0,,0,0,0,0,0,0,7.66667,,0,0,0,0,0,0,0,0,0,,0,0,,0,0,0,0
1617094549609,6,1010123456023,77,,1,2,17,1,0,,0,0,0,0,0,0,11,,0,0,0,0,0,0,0,0,0,,0,0,,0,0,0,0
1617094549859,6,1010123456023,77,,1,2,17,1,0,,0,0,0,0,0,0,7.66667,,0,0,0,0,0,0,0,0,0,,0,0,,0,0,0,0
1617094550109,6,1010123456023,77,,1,2,17,1,0,,0,0,0,0,0,0,8,,0,0,0,0,0,0,0,0,0,,0,0,,0,0,0,0
1617094550359,6,1010123456023,77,,1,2,17,1,0,,0,0,0,0,0,0,12,,0,0,0,0,0,0,0,0,0,,0,0,,0,0,0,0
1617094550609,6,1010123456023,77,,1,2,17,1,0,,0,0,0,0,0,0,7.66667,,0,0,0,0,0,0,0,0,0,,0,0,,0,0,0,0
1617094550859,6,1010123456023,77,,1,2,17,1,0,,0,0,0,0,0,0,14,,0,0,0,0,0,0,0,0,0,,0,0,,0,0,0,0
1617094551109,6,1010123456023,77,,1,2,17,1,0,,0,0,0,0,0,0,0.1,,0,0,0,0,0,0,0,0,0,,0,0,,0,0,0,0
1617094551359,6,1010123456023,77,,1,2,17,1,0,,0,0,0,0,0,0,8,,0,0,0,0,0,0,0,0,0,,0,0,,0,0,0,0
1617094551609,6,1010123456023,77,,1,2,17,1,0,,0,0,0,0,0,0,12,,0,0,0,0,0,0,0,0,0,,0,0,,0,0,0,0
1617094551859,6,1010123456023,77,,1,2,17,1,0,,0,0,0,0,0,0,8,,0,0,0,0,0,0,0,0,0,,0,0,,0,0,0,0
1617094552109,6,1010123456023,77,,1,2,17,1,0,,0,0,0,0,0,0,3,,0,0,0,0,0,0,0,0,0,,0,0,,0,0,0,0
1617094552359,6,1010123456023,77,,1,2,17,1,0,,0,0,0,0,0,0,6.5,,15,4,0,0.1,1,0,0,27.7356,31,,0,0,,0,0,0,1
1617094552609,6,1010123456023,77,,1,2,17,1,0,,0,0,0,0,0,0,7.5,,0,0,0,0,0,0,0,0,0,,0,0,,0,0,0,0
1617094552859,6,1010123456023,77,,1,2,17,1,0,,0,0,0,0,0,0,14,,0,0,0,0,0,0,0,0,0,,0,0,,0,0,0,0
1617094553109,6,1010123456023,77,,1,2,17,1,0,,0,0,0,0,0,0,12,,0,0,0,0,0,0,0,0,0,,0,0,,0,0,0,0
1617094553359,6,1010123456023,77,,1,2,17,1,0,,0,0,0,0,0,0,12,,0,0,0,0,0,0,0,0,0,,0,0,,0,0,0,0
1617094553609,6,1010123456023,77,,1,2,17,1,0,,0,0,0,0,0,0,3,,0,0,0,0,0,0,0,0,0,,0,0,,0,0,0,0
1617094553859,6,1010123456023,77,,1,2,17,1,0,,0,0,0,0,0,0,3,,0,0,0,0,0,0,0,0,0,,0,0,,0,0,0,0
1617094554109,6,1010123456023,77,,1,2,17,1,0,,0,0,0,0,0,0,11,,0,0,0,0,0,0,0,0,0,,0,0,,0,0,0,0
1617094554359,6,1010123456023,77,,1,2,17,1,0,,0,0,0,0,0,0,8,,0,0,0,0,0,0,0,0,0,,0,0,,0,0,0,0
1617094554609,6,1010123456023,77,,1,2,17,1,0,,0,0,0,0,0,0,6.5,,0,0,0,0,0,0,0,0,0,,0,0,,0,0,0,0
1617094554859,6,1010123456023,77,,1,2,17,1,0,,0,0,0,0,0,0,8,,0,0,0,0,0,0,0,0,0,,0,0,,0,0,0,0
1617094555109,6,1010123456023,77,,1,2,17,1,0,,0,0,0,0,0,0,11,,0,0,0,0,0,0,0,0,0,,0,0,,0,0,0,0
1617094555359,6,1010123456023,77,,1,2,17,1,0,,0,0,0,0,0,0,13.3333,,0,0,0,0,0,0,0,0,0,,0,0,,0,0,0,0
1617094555609,6,1010123456023,77,,1,2,17,1,0,,0,0,0,0,0,0,9.5,,0,0,0,0,0,0,0,0,0,,0,0,,0,0,0,0
1617094555859,6,1010123456023,77,,1,2,17,1,0,,0,0,0,0,0,0,13,,0,0,0,0,0,0,0,0,0,,0,0,,0,0,0,0
1617094556109,6,1010123456023,77,,1,2,17,1,0,,0,0,0,0,0,0,7.5,,0,0,0,0,0,0,0,0,0,,0,0,,0,0,0,0
1617094556359,6,1010123456023,77,,1,2,17,1,0,,0,0,0,0,0,0,8.5,,0,0,0,0,0,0,0,0,0,,0,0,,0,0,0,0
1617094556609,6,1010123456023,77,,1,2,17,1,0,,0,0,0,0,0,0,11,,0,0,0,0,0,0,0,0,0,,0,0,,0,0,0,0
1617094556859,6,1010123456023,77,,1,2,17,1,0,,0,0,0,0,0,0,9,,0,0,0,0,0,0,0,0,0,,0,0,,0,0,0,0
1617094557109,6,1010123456023,77,,1,2,17,1,0,,0,0,0,0,0,0,8,,0,0,0,0,0,0,0,0,0,,0,0,,0,0,0,0
1617094557359,6,1010123456023,77,,1,2,17,1,0,,0,0,0,0,0,0,14,,0,0,0,0,0,0,0,0,0,,0,0,,0,0,0,0
1617094557609,6,1010123456023,77,,1,2,17,1,0,,0,0,0,0,0,0,6,,0,0,0,0,0,0,0,0,0,,0,0,,0,0,0,0
1617094557859,6,1010123456023,77,,1,2,17,1,0,,0,0,0,0,0,0,11.3333,,0,0,0,0,0,0,0,0,0,,0,0,,0,0,0,0
1617094558109,6,1010123456023,77,,1,2,17,1,0,,0,0,0,0,0,0,7,,0,0,0,0,0,0,0,0,0,,0,0,,0,0,0,0
1617094558359,6,1010123456023,77,,1,2,17,1,0,,0,0,0,0,0,0,3,,0,0,0,0,0,0,0,0,0,,0,0,,0,0,0,0
1617094558609,6,1010123456023,77,,1,2,17,1,0,,0,0,0,0,0,0,9,,0,0,0,0,0,0,0,0,0,,0,0,,0,0,0,0
1617094558859,6,1010123456023,77,,1,2,17,1,0,,0,0,0,0,0,0,3,,0,0,0,0,0,0,0,0,0,,0,0,,0,0,0,0
1617094559109,6,1010123456023,77,,1,2,17,1,0,,0,0,0,0,0,0,7,,0,0,0,0,0,0,0,0,0,,0,0,,0,0,0,0
1617094559359,6,1010123456023,77,,1,2,17,1,0,,0,0,0,0,0,0,10.5,,0,0,0,0,0,0,0,0,0,,0,0,,0,0,0,0
1617094559609,6,1010123456023,77,,1,2,17,1,0,,0,0,0,0,0,0,12,,0,0,0,0,0,0,0,0,0,,0,0,,0,0,0,0
1617094559859,6,1010123456023,77,,1,2,17,1,0,,0,0,0,0,0,0,8,,0,0,0,0,0,0,0,0,0,,0,0,,0,0,0,0
1617094560109,6,1010123456023,77,,1,2,17,1,0,,0,0,0,0,0,0,8,,0,0,0,0,0,0,0,0,0,,0,0,,0,0,0,0
1617094560359,6,1010123456023,77,,1,2,17,1,0,,0,0,0,0,0,0,5.66667,,0,0,0,0,0,0,0,0,0,,0,0,,0,0,0,0
1617094560609,6,1010123456023,77,,1,2,17,1,0,,0,0,0,0,0,0,12,,0,0,0,0,0,0,0,0,0,,0,0,,0,0,0,0
1617094560859,6,1010123456023,77,,1,2,17,1,0,,0,0,0,0,0,0,6,,0,0,0,0,0,0,0,0,0,,0,0,,0,0,0,0
1617094561109,6,1010123456023,77,,1,2,17,1,0,,0,0,0,0,0,0,0.1,,0,0,0,0,0,0,0,0,0,,0,0,,0,0,0,0
1617094561359,6,1010123456023,77,,1,2,17,1,0,,0,0,0,0,0,0,3,,0,0,0,0,0,0,0,0,0,,0,0,,0,0,0,0
1617094561609,6,1010123456023,77,,1,2,17,1,0,,0,0,0,0,0,0,8,,0,0,0,0,0,0,0,0,0,,0,0,,0,0,0,0
1617094561859,6,1010123456023,77,,1,2,17,1,0,,0,0,0,0,0,0,5,,15,4,0,0.1,1,0,0,26.7749,31,,0,0,,0,0,0,1
1617094562109,6,1010123456023,77,,1,2,17,1,0,,0,0,0,0,0,0,7.5,,0,0,0,0,0,0,0,0,0,,0,0,,0,0,0,0
1617094562359,6,1010123456023,77,,1,2,17,1,0,,0,0,0,0,0,0,0.1,,0,0,0,0,0,0,0,0,0,,0,0,,0,0,0,0
1617094562609,6,1010123456023,77,,1,2,17,1,0,,0,0,0,0,0,0,6,,0,0,0,0,0,0,0,0,0,,0,0,,0,0,0,0
1617094562859,6,1010123456023,77,,1,2,17,1,0,,0,0,0,0,0,0,7.33333,,0,0,0,0,0,0,0,0,0,,0,0,,0,0,0,0
1617094563109,6,1010123456023,77,,1,2,17,1,0,,0,0,0,0,0,0,0.1,,0,0,0,0,0,0,0,0,0,,0,0,,0,0,0,0
1617094563359,6,1010123456023,77,,1,2,17,1,0,,0,0,0,0,0,0,14,,0,0,0,0,0,0,0,0,0,,0,0,,0,0,0,0
1617094563609,6,1010123456023,77,,1,2,17,1,0,,0,0,0,0,0,0,0.1,,0,0,0,0,0,0,0,0,0,,0,0,,0,0,0,0
1617094563859,6,1010123456023,77,,1,2,17,1,0,,0,0,0,0,0,0,0.1,,0,0,0,0,0,0,0,0,0,,0,0,,0,0,0,0
1617094564109,6,1010123456023,77,,1,2,17,1,0,,0,0,0,0,0,0,3,,0,0,0,0,0,0,0,0,0,,0,0,,0,0,0,0
1617094564359,6,1010123456023,77,,1,2,17,1,0,,0,0,0,0,0,0,3,,0,0,0,0,0,0,0,0,0,,0,0,,0,0,0,0
1617094564609,6,1010123456023,77,,1,2,17,1,0,,0,0,0,0,0,0,2,,0,0,0,0,0,0,0,0,0,,0,0,,0,0,0,0
1617094564859,6,1010123456023,77,,1,2,17,1,0,,0,0,0,0,0,0,5.5,,0,0,0,0,0,0,0,0,0,,0,0,,0,0,0,0
1617094565109,6,1010123456023,77,,1,2,17,1,0,,0,0,0,0,0,0,6.5,,0,0,0,0,0,0,0,0,0,,0,0,,0,0,0,0
1617094565359,6,1010123456023,77,,1,2,17,1,0,,0,0,0,0,0,0,11,,0,0,0,0,0,0,0,0,0,,0,0,,0,0,0,0
1617094565609,6,1010123456023,77,,1,2,17,1,0,,0,0,0,0,0,0,0.1,,0,0,0,0,0,0,0,0,0,,0,0,,0,0,0,0
1617094565859,6,1010123456023,77,,1,2,17,1,0,,0,0,0,0,0,0,4.66667,,0,0,0,0,0,0,0,0,0,,0,0,,0,0,0,0
1617094566109,6,1010123456023,77,,1,2,17,1,0,,0,0,0,0,0,0,6.5,,0,0,0,0,0,0,0,0,0,,0,0,,0,0,0,0
1617094566359,6,1010123456023,77,,1,2,17,1,0,,0,0,0,0,0,0,14,,0,0,0,0,0,0,0,0,0,,0,0,,0,0,0,0
1617094566609,6,1010123456023,77,,1,2,17,1,0,,0,0,0,0,0,0,5,,0,0,0,0,0,0,0,0,0,,0,0,,0,0,0,0
1617094566859,6,1010123456023,77,,1,2,17,1,0,,0,0,0,0,0,0,7.5,,0,0,0,0,0,0,0,0,0,,0,0,,0,0,0,0
1617094567109,6,1010123456023,77,,1,2,17,1,0,,0,0,0,0,0,0,8,,0,0,0,0,0,0,0,0,0,,0,0,,0,0,0,0
1617094567359,6,1010123456023,77,,1,2,17,1,0,,0,0,0,0,0,0,4.33333,,0,0,0,0,0,0,0,0,0,,0,0,,0,0,0,0
1617094567609,6,1010123456023,77,,1,2,17,1,0,,0,0,0,0,0,0,14,,0,0,0,0,0,0,0,0,0,,0,0,,0,0,0,0
1617094567859,6,1010123456023,77,,1,2,17,1,0,,0,0,0,0,0,0,0.1,,0,0,0,0,0,0,0,0,0,,0,0,,0,0,0,0
1617094568109,6,1010123456023,77,,1,2,17,1,0,,0,0,0,0,0,0,0.1,,0,0,0,0,0,0,0,0,0,,0,0,,0,0,0,0
1617094568359,6,1010123456023,77,,1,2,17,1,0,,0,0,0,0,0,0,5,,0,0,0,0,0,0,0,0,0,,0,0,,0,0,0,0
1617094568609,6,1010123456023,77,,1,2,17,1,0,,0,0,0,0,0,0,14,,0,0,0,0,0,0,0,0,0,,0,0,,0,0,0,0
1617094568859,6,1010123456023,77,,1,2,17,1,0,,0,0,0,0,0,0,7,,0,0,0,0,0,0,0,0,0,,0,0,,0,0,0,0
1617094569109,6,1010123456023,77,,1,2,17,1,0,,0,0,0,0,0,0,11.6667,,0,0,0,0,0,0,0,0,0,,0,0,,0,0,0,0
1617094569359,6,1010123456023,77,,1,2,17,1,0,,0,0,0,0,0,0,14,,0,0,0,0,0,0,0,0,0,,0,0,,0,0,0,0
1617094569609,6,1010123456023,77,,1,2,17,1,0,,0,0,0,0,0,0,9,,0,0,0,0,0,0,0,0,0,,0,0,,0,0,0,0
1617094569859,6,1010123456023,77,,1,2,17,1,0,,0,0,0,0,0,0,9.5,,0,0,0,0,0,0,0,0,0,,0,0,,0,0,0,0
1617094570109,6,1010123456023,77,,1,2,17,1,0,,0,0,0,0,0,0,9.66667,,0,0,0,0,0,0,0,0,0,,0,0,,0,0,0,0
1617094570359,6,1010123456023,77,,1,2,17,1,0,,0,0,0,0,0,0,8.33333,,0,0,0,0,0,0,0,0,0,,0,0,,0,0,0,0
1617094570609,6,1010123456023,77,,1,2,17,1,0,,0,0,0,0,0,0,8,,0,0,0,0,0,0,0,0,0,,0,0,,0,0,0,0
1617094570859,6,1010123456023,77,,1,2,17,1,0,,0,0,0,0,0,0,6.66667,,0,0,0,0,0,0,0,0,0,,0,0,,0,0,0,0
1617094571109,6,1010123456023,77,,1,2,17,1,0,,0,0,0,0,0,0,8,,0,0,0,0,0,0,0,0,0,,0,0,,0,0,0,0
1617094571359,6,1010123456023,77,,1,2,17,1,0,,0,0,0,0,0,0,8.5,,0,0,0,0,0,0,0,0,0,,0,0,,0,0,0,0
1617094571609,6,1010123456023,77,,1,2,17,1,0,,0,0,0,0,0,0,7,,0,0,0,0,0,0,0,0,0,,0,0,,0,0,0,0
1617094571859,6,1010123456023,77,,1,2,17,1,0,,0,0,0,0,0,0,10,,0,0,0,0,0,0,0,0,0,,0,0,,0,0,0,0
1617094572109,6,1010123456023,77,,1,2,17,1,0,,0,0,0,0,0,0,6.5,,0,0,0,0,0,0,0,0,0,,0,0,,0,0,0,0
1617094572359,6,1010123456023,77,,1,2,17,1,0,,0,0,0,0,0,0,5,,0,0,0,0,0,0,0,0,0,,0,0,,0,0,0,0
1617094572609,6,1010123456023,77,,1,2,17,1,0,,0,0,0,0,0,0,8,,0,0,0,0,0,0,0,0,0,,0,0,,0,0,0,0
1617094572859,6,1010123456023,77,,1,2,17,1,0,,0,0,0,0,0,0,8,,0,0,0,0,0,0,0,0,0,,0,0,,0,0,0,0
1617094573109,6,1010123456023,77,,1,2,17,1,0,,0,0,0,0,0,0,3,,0,0,0,0,0,0,0,0,0,,0,0,,0,0,0,0
1617094573359,6,1010123456023,77,,1,2,17,1,0,,0,0,0,0,0,0,0.1,,0,0,0,0,0,0,0,0,0,,0,0,,0,0,0,0
1617094573609,6,1010123456023,77,,1,2,17,1,0,,0,0,0,0,0,0,8,,0,0,0,0,0,0,0,0,0,,0,0,,0,0,0,0
1617094573859,6,1010123456023,77,,1,2,17,1,0,,0,0,0,0,0,0,7.5,,0,0,0,0,0,0,0,0,0,,0,0,,0,0,0,0
1617094574109,6,1010123456023,77,,1,2,17,1,0,,0,0,0,0,0,0,10,,0,0,0,0,0,0,0,0,0,,0,0,,0,0,0,0
1617094574359,6,1010123456023,77,,1,2,17,1,0,,0,0,0,0,0,0,0.1,,15,4,0,0.1,1,0,0,28.067,31,,0,0,,0,0,0,1
1617094574609,6,1010123456023,77,,1,2,17,1,0,,0,0,0,0,0,0,1,,0,0,0,0,0,0,0,0,0,,0,0,,0,0,0,0
1617094574859,6,1010123456023,77,,1,2,17,1,0,,0,0,0,0,0,0,8,,0,0,0,0,0,0,0,0,0,,0,0,,0,0,0,0
1617094575109,6,1010123456023,77,,1,2,17,1,0,,0,0,0,0,0,0,7.5,,0,0,0,0,0,0,0,0,0,,0,0,,0,0,0,0
1617094575359,6,1010123456023,77,,1,2,17,1,0,,0,0,0,0,0,0,3,,0,0,0,0,0,0,0,0,0,,0,0,,0,0,0,0
1617094575609,6,1010123456023,77,,1,2,17,1,0,,0,0,0,0,0,0,10,,0,0,0,0,0,0,0,0,0,,0,0,,0,0,0,0
1617094575859,6,1010123456023,77,,1,2,17,1,0,,0,0,0,0,0,0,9,,0,0,0,0,0,0,0,0,0,,0,0,,0,0,0,0
1617094576109,6,1010123456023,77,,1,2,17,1,0,,0,0,0,0,0,0,14,,0,0,0,0,0,0,0,0,0,,0,0,,0,0,0,0
1617094576359,6,1010123456023,77,,1,2,17,1,0,,0,0,0,0,0,0,8,,0,0,0,0,0,0,0,0,0,,0,0,,0,0,0,0
1617094576609,6,1010123456023,77,,1,2,17,1,0,,0,0,0,0,0,0,3,,0,0,0,0,0,0,0,0,0,,0,0,,0,0,0,0
1617094576859,6,1010123456023,77,,1,2,17,1,0,,0,0,0,0,0,0,0.1,,0,0,0,0,0,0,0,0,0,,0,0,,0,0,0,0
1617094577109,6,1010123456023,77,,1,2,17,1,0,,0,0,0,0,0,0,12.5,,0,0,0,0,0,0,0,0,0,,0,0,,0,0,0,0
1617094577359,6,1010123456023,77,,1,2,17,1,0,,0,0,0,0,0,0,11,,0,0,0,0,0,0,0,0,0,,0,0,,0,0,0,0
1617094577609,6,1010123456023,77,,1,2,17,1,0,,0,0,0,0,0,0,7,,0,0,0,0,0,0,0,0,0,,0,0,,0,0,0,0
1617094577859,6,1010123456023,77,,1,2,17,1,0,,0,0,0,0,0,0,9.66667,,0,0,0,0,0,0,0,0,0,,0,0,,0,0,0,0
1617094578109,6,1010123456023,77,,1,2,17,1,0,,0,0,0,0,0,0,3,,0,0,0,0,0,0,0,0,0,,0,0,,0,0,0,0
1617094578359,6,1010123456023,77,,1,2,17,1,0,,0,0,0,0,0,0,5,,0,0,0,0,0,0,0,0,0,,0,0,,0,0,0,0
1617094578609,6,1010123456023,77,,1,2,17,1,0,,0,0,0,0,0,0,11,,0,0,0,0,0,0,0,0,0,,0,0,,0,0,0,0
1617094578859,6,1010123456023,77,,1,2,17,1,0,,0,0,0,0,0,0,0.1,,0,0,0,0,0,0,0,0,0,,0,0,,0,0,0,0
1617094579109,6,1010123456023,77,,1,2,17,1,0,,0,0,0,0,0,0,7.66667,,0,0,0,0,0,0,0,0,0,,0,0,,0,0,0,0
1617094579359,6,1010123456023,77,,1,2,17,1,0,,0,0,0,0,0,0,3,,0,0,0,0,0,0,0,0,0,,0,0,,0,0,0,0
1617094579609,6,1010123456023,77,,1,2,17,1,0,,0,0,0,0,0,0,13.3333,,0,0,0,0,0,0,0,0,0,,0,0,,0,0,0,0
1617094579859,6,1010123456023,77,,1,2,17,1,0,,0,0,0,0,0,0,9,,0,0,0,0,0,0,0,0,0,,0,0,,0,0,0,0
1617094580109,6,1010123456023,77,,1,2,17,1,0,,0,0,0,0,0,0,14,,0,0,0,0,0,0,0,0,0,,0,0,,0,0,0,0
1617094580359,6,1010123456023,77,,1,2,17,1,0,,0,0,0,0,0,0,11.3333,,0,0,0,0,0,0,0,0,0,,0,0,,0,0,0,0
1617094580609,6,1010123456023,77,,1,2,17,1,0,,0,0,0,0,0,0,8,,0,0,0,0,0,0,0,0,0,,0,0,,0,0,0,0
1617094580859,6,1010123456023,77,,1,2,17,1,0,,0,0,0,0,0,0,5.5,,0,0,0,0,0,0,0,0,0,,0,0,,0,0,0,0
1617094581109,6,1010123456023,77,,1,2,17,1,0,,0,0,0,0,0,0,8,,0,0,0,0,0,0,0,0,0,,0,0,,0,0,0,0
1617094581359,6,1010123456023,77,,1,2,17,1,0,,0,0,0,0,0,0,5,,0,0,0,0,0,0,0,0,0,,0,0,,0,0,0,0
1617094581609,6,1010123456023,77,,1,2,17,1,0,,0,0,0,0,0,0,11.3333,,0,0,0,0,0,0,0,0,0,,0,0,,0,0,0,0
1617094581859,6,1010123456023,77,,1,2,17,1,0,,0,0,0,0,0,0,13,,0,0,0,0,0,0,0,0,0,,0,0,,0,0,0,0
1617094582109,6,1010123456023,77,,1,2,17,1,0,,0,0,0,0,0,0,12,,0,0,0,0,0,0,0,0,0,,0,0,,0,0,0,0
1617094582359,6,1010123456023,77,,1,2,17,1,0,,0,0,0,0,0,0,0.1,,0,0,0,0,0,0,0,0,0,,0,0,,0,0,0,0
1617094582609,6,1010123456023,77,,1,2,17,1,0,,0,0,0,0,0,0,7,,0,0,0,0,0,0,0,0,0,,0,0,,0,0,0,0
1617094582859,6,1010123456023,77,,1,2,17,1,0,,0,0,0,0,0,0,9,,0,0,0,0,0,0,0,0,0,,0,0,,0,0,0,0
1617094583109,6,1010123456023,77,,1,2,17,1,0,,0,0,0,0,0,0,14,,0,0,0,0,0,0,0,0,0,,0,0,,0,0,0,0
1617094583359,6,1010123456023,77,,1,2,17,1,0,,0,0,0,0,0,0,14,,0,0,0,0,0,0,0,0,0,,0,0,,0,0,0,0
1617094583609,6,1010123456023,77,,1,2,17,1,0,,0,0,0,0,0,0,5.33333,,0,0,0,0,0,0,0,0,0,,0,0,,0,0,0,0
1617094583859,6,1010123456023,77,,1,2,17,1,0,,0,0,0,0,0,0,0.1,,0,0,0,0,0,0,0,0,0,,0,0,,0,0,0,0
1617094584109,6,1010123456023,77,,1,2,17,1,0,,0,0,0,0,0,0,8.5,,0,0,0,0,0,0,0,0,0,,0,0,,0,0,0,0
1617094584359,6,1010123456023,77,,1,2,17,1,0,,0,0,0,0,0,0,7.5,,0,0,0,0,0,0,0,0,0,,0,0,,0,0,0,0
1617094584609,6,1010123456023,77,,1,2,17,1,0,,0,0,0,0,0,0,8,,0,0,0,0,0,0,0,0,0,,0,0,,0,0,0,0
1617094584859,6,1010123456023,77,,1,2,17,1,0,,0,0,0,0,0,0,12,,0,0,0,0,0,0,0,0,0,,0,0,,0,0,0,0
1617094585109,6,1010123456023,77,,1,2,17,1,0,,0,0,0,0,0,0,11,,0,0,0,0,0,0,0,0,0,,0,0,,0,0,0,0
1617094585359,6,1010123456023,77,,1,2,17,1,0,,0,0,0,0,0,0,5.33333,,0,0,0,0,0,0,0,0,0,,0,0,,0,0,0,0
1617094585609,6,1010123456023,77,,1,2,17,1,0,,0,0,0,0,0,0,10,,0,0,0,0,0,0,0,0,0,,0,0,,0,0,0,0
1617094585859,6,1010123456023,77,,1,2,17,1,0,,0,0,0,0,0,0,7.5,,0,0,0,0,0,0,0,0,0,,0,0,,0,0,0,0
1617094586109,6,1010123456023,77,,1,2,17,1,0,,0,0,0,0,0,0,0.1,,0,0,0,0,0,0,0,0,0,,0,0,,0,0,0,0
1617094586359,6,1010123456023,77,,1,2,17,1,0,,0,0,0,0,0,0,13,,0,0,0,0,0,0,0,0,0,,0,0,,0,0,0,0
1617094586609,6,1010123456023,77,,1,2,17,1,0,,0,0,0,0,0,0,14,,0,0,0,0,0,0,0,0,0,,0,0,,0,0,0,0
1617094586859,6,1010123456023,77,,1,2,17,1,0,,0,0,0,0,0,0,12,,0,0,0,0,0,0,0,0,0,,0,0,,0,0,0,0
1617094587109,6,1010123456023,77,,1,2,17,1,0,,0,0,0,0,0,0,8,,0,0,0,0,0,0,0,0,0,,0,0,,0,0,0,0
1617094587359,6,1010123456023,77,,1,2,17,1,0,,0,0,0,0,0,0,8.5,,0,0,0,0,0,0,0,0,0,,0,0,,0,0,0,0
1617094587609,6,1010123456023,77,,1,2,17,1,0,,0,0,0,0,0,0,12,,0,0,0,0,0,0,0,0,0,,0,0,,0,0,0,0
1617094587859,6,1010123456023,77,,1,2,17,1,0,,0,0,0,0,0,0,13,,0,0,0,0,0,0,0,0,0,,0,0,,0,0,0,0
1617094588109,6,1010123456023,77,,1,2,17,1,0,,0,0,0,0,0,0,8,,0,0,0,0,0,0,0,0,0,,0,0,,0,0,0,0
1617094588359,6,1010123456023,77,,1,2,17,1,0,,0,0,0,0,0,0,8,,0,0,0,0,0,0,0,0,0,,0,0,,0,0,0,0
1617094588609,6,1010123456023,77,,1,2,17,1,0,,0,0,0,0,0,0,3,,0,0,0,0,0,0,0,0,0,,0,0,,0,0,0,0
1617094588859,6,1010123456023,77,,1,2,17,1,0,,0,0,0,0,0,0,11.75,,0,0,0,0,0,0,0,0,0,,0,0,,0,0,0,0
1617094589109,6,1010123456023,77,,1,2,17,1,0,,8.04598,87,315,0.085024,27,0,4,,15,9,0,0.1,3,66.6667,0,10.2922,31,,378,255,,0,0,0,7
1617094589359,6,1010123456023,77,,1,2,17,1,0,,8.95,120,0,0.13424,33,0,8.6,,8.97917,48,0,0.1,14,64.2857,0,6.73219,31,,388,302,,0,0,0,6.79167
1617094589609,6,1010123456023,77,,1,2,17,1,0,,9.55789,95,158,0.113568,29,0,6.66667,,0,0,0,0,0,0,0,0,0,,328,213,,0,0,0,0
1617094589859,6,1010123456023,77,,1,2,17,1,0,,13.3789,95,0,0.130272,29,0,9,,0,0,0,0,0,0,0,0,0,,155,162,,0,0,0,0
1617094590109,6,1010123456023,77,,1,2,17,1,0,,6.7193,114,0,0.12544,34,0,7.25,,9,24,0,0.1,7,71.4286,0,5.14568,31,,558,339,,0,0,0,7
1617094590359,6,1010123456023,77,,1,2,17,1,0,,7.7757,107,0,0.101632,31,0,7.33333,,0,8,0,0,3,100,0,0,0,,388,312,,0,0,0,0
1617094590609,6,1010123456023,77,,1,2,17,1,0,,18.7778,54,0,0.083456,16,0,9,,0,0,0,0,0,0,0,0,0,,46,57,,0,0,0,0
1617094590859,6,1010123456023,77,,1,2,17,1,0,,3.83088,136,0,0.112416,39,0,9,,0,0,0,0,0,0,0,0,0,,610,405,,0,0,0,0
1617094591109,6,1010123456023,77,,1,2,17,1,0,,13.963,81,0,0.08896,18,0,5.5,,10.8571,7,0,0.1,2,0,0,25.8931,31,,174,160,,0,0,0,1
1617094591359,6,1010123456023,77,,1,2,17,1,0,,3.13364,217,0,0.168096,67,0,4.25,,0,0,0,0,0,0,0,0,0,,1170,705,,0,0,0,0
1617094591609,6,1010123456023,77,,1,2,17,1,0,,8.30435,69,0,0.08656,21,0,6.33333,,0,0,0,0,0,0,0,0,0,,234,173,,0,0,0,0
1617094591859,6,1010123456023,77,,1,2,17,1,0,,9.83478,115,0,0.130624,25,0,4.5,,0,0,0,0,0,0,0,0,0,,379,252,,0,0,0,0
1617094592109,6,1010123456023,77,,1,2,17,1,0,,4.42581,155,0,0.139328,49,0,5.5,,13,24,0,0.1,6,83.3333,0,5.31226,31,,675,495,,0,0,0,8.66667
1617094592359,6,1010123456023,77,,1,2,17,1,0,,17.4151,106,0,0.156128,31,0,11,,0.1,7,0,0.1,2,0,0,10.0462,31,,176,145,,0,0,0,1
1617094592609,6,1010123456023,77,,1,2,17,1,0,,6.04615,130,0,0.142816,37,0,6,,0,0,0,0,0,0,0,0,0,,411,355,,0,0,0,0
1617094592859,6,1010123456023,77,,1,2,17,1,0,,12.95,80,0,0.12496,23,0,8,,0,0,0,0,0,0,0,0,0,,171,152,,0,0,0,0
1617094593109,6,1010123456023,77,,1,2,17,1,0,,11.5,62,0,0.075744,17,0,10,,15.2727,88,0,0.116576,28,85.7143,0,4.965,31,,83,97,,0,0,0,8.39015
1617094593359,6,1010123456023,77,,1,2,17,1,0,,13,69,0,0.113568,21,0,8,,0,0,0,0,0,0,0,0,0,,108,114,,0,0,0,0
1617094593609,6,1010123456023,77,,1,2,17,1,0,,13,51,0,0.08112,15,0,0.1,,0,0,0,0,0,0,0,0,0,,90,90,,0,0,0,0
1617094593859,6,1010123456023,77,,1,2,17,1,0,,13.5818,55,0,0.09168,17,0,14,,0,0,0,0,0,0,0,0,0,,98,99,,0,0,0,0
1617094594109,6,1010123456023,77,,1,2,17,1,0,,3.5614,171,0,0.113984,51,0,3,,13.2308,26,0,0.1,8,50,0,12.0877,31,,946,570,,0,0,0,5.5
1617094594359,6,1010123456023,77,,1,2,17,1,0,,10.8155,103,0,0.106048,28,0,11,,0,0,0,0,0,0,0,0,0,,309,228,,0,0,0,0
1617094594609,6,1010123456023,77,,1,2,17,1,0,,14.5833,84,0,0.094304,23,0,10.6,,0,0,0,0,0,0,0,0,0,,190,145,,0,0,0,0
1617094594859,6,1010123456023,77,,1,2,17,1,0,,18.4286,56,158,0.083552,15,0,10,,0,0,0,0,0,0,0,0,0,,68,69,,0,0,0,0
1617094595109,6,1010123456023,77,,1,2,17,1,0,,13,93,0,0.16224,30,0,8,,13.5909,22,0,0.1,6,66.6667,0,13.9268,31,,168,168,,0,0,0,7.54545
1617094595359,6,1010123456023,77,,1,2,17,1,0,,6.99034,207,0,0.149504,55,0,9.66667,,0,0,0,0,0,0,0,0,0,,909,606,,0,0,0,0
1617094595609,6,1010123456023,77,,1,2,17,1,0,,9.43925,107,0,0.148352,34,0,6,,0,0,0,0,0,0,0,0,0,,318,251,,0,0,0,0
1617094595859,6,1010123456023,77,,1,2,17,1,0,,8.0375,80,0,0.068832,18,0,8.66667,,0,0,0,0,0,0,0,0,0,,201,183,,0,0,0,0
1617094596109,6,1010123456023,77,,1,2,17,1,0,,13.0391,128,0,0.14096,37,0,8.5,,15,16,0,0,4,100,0,1.39846,0,,269,228,,0,0,0,10
1617094596359,6,1010123456023,77,,1,2,17,1,0,,13.9639,83,0,0.133664,25,0,8,,0,0,0,0,0,0,0,0,0,,126,129,,0,0,0,0
1617094596609,6,1010123456023,77,,1,2,17,1,0,,13,96,0,0.146016,27,0,0.1,,0,0,0,0,0,0,0,0,0,,162,162,,0,0,0,0
1617094596859,6,1010123456023,77,,1,2,17,1,0,,21.2179,78,158,0.113856,22,0,14,,0,0,0,0,0,0,0,0,0,,56,65,,0,0,0,0
1617094597109,6,1010123456023,77,,1,2,17,1,0,,15.6944,72,0,0.115968,20,0,8,,6,22,0,0.1,7,57.1429,0,7.84935,31,,132,113,,0,0,0,5.5
1617094597359,6,1010123456023,77,,1,2,17,1,0,,13,81,0,0.146112,26,0,0.1,,0,0,0,0,0,0,0,0,0,,149,150,,0,0,0,0
1617094597609,6,1010123456023,77,,1,2,17,1,0,,13,61,0,0.092032,16,0,0.1,,0,0,0,0,0,0,0,0,0,,107,108,,0,0,0,0
1617094597859,6,1010123456023,77,,1,2,17,1,0,,13,61,0,0.102752,19,0,10,,0,0,0,0,0,0,0,0,0,,108,108,,0,0,0,0
1617094598109,6,1010123456023,77,,1,2,17,1,0,,17.4531,64,0,0.088032,19,0,9.5,,6.85714,7,0,0.1,2,0,0,23.6814,31,,72,76,,0,0,0,1
1617094598359,6,1010123456023,77,,1,2,17,1,0,,10.2069,87,0,0.108064,23,0,7,,0,0,0,0,0,0,0,0,0,,179,172,,0,0,0,0
1617094598609,6,1010123456023,77,,1,2,17,1,0,,12.9579,95,0,0.157408,29,0,6.5,,0,0,0,0,0,0,0,0,0,,171,164,,0,0,0,0
1617094598859,6,1010123456023,77,,1,2,17,1,0,,4.89362,188,0,0.129664,54,0,7,,0,0,0,0,0,0,0,0,0,,942,563,,0,0,0,0
1617094599109,6,1010123456023,77,,1,2,17,1,0,,6.31373,102,0,0.108512,30,0,5.66667,,13.7143,7,0,0.1,2,0,0,27.7803,31,,346,267,,0,0,0,1
1617094599359,6,1010123456023,77,,1,2,17,1,0,,3.96951,164,131,0.103552,42,0,8.5,,0,0,0,0,0,0,0,0,0,,872,520,,0,0,0,0
1617094599609,6,1010123456023,77,,1,2,17,1,0,,11.9921,126,0,0.162304,41,0,9.25,,0,0,0,0,0,0,0,0,0,,384,262,,0,0,0,0
1617094599859,6,1010123456023,77,,1,2,17,1,0,,6.95714,140,0,0.121664,38,0,4,,0,0,0,0,0,0,0,0,0,,524,340,,0,0,0,0
1617094600109,6,1010123456023,77,,1,2,17,1,0,,6.36364,121,0,0.13184,36,0,5.75,,8.86957,23,0,0.1,7,57.1429,0,7.70275,31,,403,323,,0,0,0,5.69565
1617094600359,6,1010123456023,77,,1,2,17,1,0,,8.6875,64,0,0.082272,19,0,6.5,,0,0,0,0,0,0,0,0,0,,155,148,,0,0,0,0
1617094600609,6,1010123456023,77,,1,2,17,1,0,,4.21154,104,0,0.076448,28,0,6,,0,0,0,0,0,0,0,0,0,,470,299,,0,0,0,0
1617094600859,6,1010123456023,77,,1,2,17,1,0,,5.60748,107,0,0.10112,31,0,3.5,,0,0,0,0,0,0,0,0,0,,324,258,,0,0,0,0
1617094601109,6,1010123456023,77,,1,2,17,1,0,,6.03871,155,0,0.15952,47,0,7.2,,13.2857,7,0,0.1,2,50,0,8.70343,31,,744,448,,0,0,0,6.14286
1617094601359,6,1010123456023,77,,1,2,17,1,0,,20.2,70,0,0.114048,20,0,11,,5.53846,26,0,0.1,7,57.1429,0,6.1755,31,,53,72,,0,0,0,6.69231
1617094601609,6,1010123456023,77,,1,2,17,1,0,,9.15132,152,0,0.180832,42,0,6,,0,0,0,0,0,0,0,0,0,,250,277,,0,0,0,0
1617094601859,6,1010123456023,77,,1,2,17,1,0,,10.2206,68,0,0.09824,22,0,8,,0,0,0,0,0,0,0,0,0,,118,129,,0,0,0,0
1617094602109,6,1010123456023,77,,1,2,17,1,0,,6.54237,118,0,0.125472,36,0,5.5,,9.12,25,0,0.1,7,57.1429,0,6.38949,31,,519,365,,0,0,0,6.04
1617094602359,6,1010123456023,77,,1,2,17,1,0,,8.225,120,0,0.120064,32,0,8.33333,,0,0,0,0,0,0,0,0,0,,387,266,,0,0,0,0
1617094602609,6,1010123456023,77,,1,2,17,1,0,,3.2191,178,0,0.135264,52,0,5,,0,0,0,0,0,0,0,0,0,,839,606,,0,0,0,0
1617094602859,6,1010123456023,77,,1,2,17,1,0,,6.5,114,0,0.108256,32,0,7.5,,0,0,0,0,0,0,0,0,0,,447,303,,0,0,0,0
1617094603109,6,1010123456023,77,,1,2,17,1,0,,5.09259,108,0,0.074688,30,0,10.3333,,4.87179,39,0,0.1,11,9.09091,0,14.8757,31,,558,379,,0,0,0,2.46154
1617094603359,6,1010123456023,77,,1,2,17,1,0,,14.6354,96,0,0.133248,26,0,9.5,,0,0,0,0,0,0,0,0,0,,126,146,,0,0,0,0
1617094603609,6,1010123456023,77,,1,2,17,1,0,,13.7907,86,0,0.148704,27,0,14,,0,0,0,0,0,0,0,0,0,,149,178,,0,0,0,0
1617094603859,6,1010123456023,77,,1,2,17,1,0,,14.0116,86,0,0.110016,24,0,10.25,,0,0,0,0,0,0,0,0,0,,130,125,,0,0,0,0
1617094604109,6,1010123456023,77,,1,2,17,1,0,,5.27397,146,158,0.14256,43,0,14,,7.38462,26,0,0.1,7,57.1429,0,5.7994,31,,413,374,,0,0,0,6.53846
1617094604359,6,1010123456023,77,,1,2,17,1,0,,11.2143,70,0,0.092768,19,0,6.8,,0,0,0,0,0,0,0,0,0,,161,146,,0,0,0,0
1617094604609,6,1010123456023,77,,1,2,17,1,0,,13.4615,78,0,0.125024,23,0,8.66667,,0,0,0,0,0,0,0,0,0,,124,143,,0,0,0,0
1617094604859,6,1010123456023,77,,1,2,17,1,0,,7.43925,107,0,0.11376,29,0,5.66667,,0,0,0,0,0,0,0,0,0,,436,279,,0,0,0,0
1617094605109,6,1010123456023,77,,1,2,17,1,0,,6.47945,146,32,0.140736,38,0,5.5,,7.90909,11,0,0.1,3,0,0,24.4899,31,,462,394,,0,0,0,1
1617094605359,6,1010123456023,77,,1,2,17,1,0,,7.4898,98,0,0.106592,33,0,7.4,,0,0,0,0,0,0,0,0,0,,346,250,,0,0,0,0
1617094605609,6,1010123456023,77,,1,2,17,1,0,,11.3188,69,121,0.091872,19,0,5.5,,0,0,0,0,0,0,0,0,0,,152,134,,0,0,0,0
1617094605859,6,1010123456023,77,,1,2,17,1,0,,11.2838,74,0,0.079296,22,0,11,,0,0,0,0,0,0,0,0,0,,206,162,,0,0,0,0
1617094606109,6,1010123456023,77,,1,2,17,1,0,,14.8718,78,0,0.105664,22,0,9.5,,13.5,8,0,0.1,2,0,0,26.8129,31,,119,117,,0,0,0,1
1617094606359,6,1010123456023,77,,1,2,17,1,0,,5.375,120,0,0.086016,33,0,8.5,,0,0,0,0,0,0,0,0,0,,565,370,,0,0,0,0
1617094606609,6,1010123456023,77,,1,2,17,1,0,,16.3485,66,0,0.116256,21,0,10.3333,,0,0,0,0,0,0,0,0,0,,70,95,,0,0,0,0
1617094606859,6,1010123456023,77,,1,2,17,1,0,,5.19118,136,0,0.117184,39,0,8,,0,0,0,0,0,0,0,0,0,,685,396,,0,0,0,0
1617094607109,6,1010123456023,77,,1,2,17,1,0,,11.6667,120,0,0.146016,36,0,8.6,,8.86957,23,0,0.1,7,57.1429,0,8.98263,31,,242,231,,0,0,0,5.95652
1617094607359,6,1010123456023,77,,1,2,17,1,0,,12.7143,105,0,0.127392,29,0,10.1667,,0,0,0,0,0,0,0,0,0,,249,195,,0,0,0,0
1617094607609,6,1010123456023,77,,1,2,17,1,0,,7.89041,73,0,0.064288,21,0,9.75,,0,0,0,0,0,0,0,0,0,,296,192,,0,0,0,0
1617094607859,6,1010123456023,77,,1,2,17,1,0,,14.7714,70,0,0.108032,20,0,9,,0,0,0,0,0,0,0,0,0,,99,120,,0,0,0,0
1617094608109,6,1010123456023,77,,1,2,17,1,0,,9.63529,85,0,0.112448,24,0,8.33333,,9.14286,35,0,0.1,11,72.7273,0,5.81774,0,,222,205,,0,0,0,7.42857
1617094608359,6,1010123456023,77,,1,2,17,1,0,,12.5395,76,0,0.101728,21,0,8,,0,0,0,0,0,0,0,0,0,,132,128,,0,0,0,0
1617094608609,6,1010123456023,77,,1,2,17,1,0,,18.9459,74,0,0.115232,21,0,10,,0,0,0,0,0,0,0,0,0,,78,78,,0,0,0,0
1617094608859,6,1010123456023,77,,1,2,17,1,0,,2.95804,143,0,0.097504,43,0,3,,0,0,0,0,0,0,0,0,0,,675,469,,0,0,0,0
1617094609109,6,1010123456023,77,,1,2,17,1,0,,8.40659,91,0,0.10176,26,0,7.66667,,15.2558,86,0,0.107648,28,85.7143,0,4.07605,31,,312,217,,0,0,0,8.63953
1617094609359,6,1010123456023,77,,1,2,17,1,0,,8.87097,93,0,0.117952,27,0,6.5,,0,0,0,0,0,0,0,0,0,,251,212,,0,0,0,0
1617094609609,6,1010123456023,77,,1,2,17,1,0,,13.2759,116,0,0.161856,32,0,10.5,,0,0,0,0,0,0,0,0,0,,186,216,,0,0,0,0
1617094609859,6,1010123456023,77,,1,2,17,1,0,,10.5476,84,0,0.160704,28,0,8,,0,0,0,0,0,0,0,0,0,,190,218,,0,0,0,0
1617094610109,6,1010123456023,77,,1,2,17,1,0,,6.65563,151,0,0.145344,46,0,8.25,,7.38462,26,0,0.1,7,57.1429,0,6.88609,31,,645,437,,0,0,0,6.53846
1617094610359,6,1010123456023,77,,1,2,17,1,0,,2.84507,213,0,0.146688,62,0,4,,0,0,0,0,0,0,0,0,0,,1104,699,,0,0,0,0
1617094610609,6,1010123456023,77,,1,2,17,1,0,,8.51095,137,0,0.127456,39,0,7.33333,,0,0,0,0,0,0,0,0,0,,516,354,,0,0,0,0
1617094610859,6,1010123456023,77,,1,2,17,1,0,,9.34545,110,0,0.140192,31,0,7.6,,0,0,0,0,0,0,0,0,0,,263,241,,0,0,0,0
1617094611109,6,1010123456023,77,,1,2,17,1,0,,13,84,0,0.140608,26,0,9,,15.2558,86,0,0.11984,28,85.7143,0,4.14741,31,,136,150,,0,0,0,8.67829
1617094611359,6,1010123456023,77,,1,2,17,1,0,,15.8889,90,0,0.142432,27,0,10,,0,0,0,0,0,0,0,0,0,,132,130,,0,0,0,0
1617094611609,6,1010123456023,77,,1,2,17,1,0,,10.4239,92,0,0.105568,25,0,8.33333,,0,0,0,0,0,0,0,0,0,,184,180,,0,0,0,0
1617094611859,6,1010123456023,77,,1,2,17,1,0,,20.1159,69,0,0.109344,21,0,12,,0,0,0,0,0,0,0,0,0,,68,68,,0,0,0,0
1617094612109,6,1010123456023,77,,1,2,17,1,0,,9.36975,119,349,0.10448,29,0,8.5,,6.85714,7,0,0.1,2,50,0,7.12074,31,,357,299,,0,0,0,6.14286
1617094612359,6,1010123456023,77,,1,2,17,1,0,,3.86667,180,0,0.1424,52,0,4.5,,7.57895,19,0,0.1,5,60,0,5.12374,0,,759,516,,0,0,0,6.68421
1617094612609,6,1010123456023,77,,1,2,17,1,0,,5.19048,189,0,0.173664,57,0,6.33333,,0,0,0,0,0,0,0,0,0,,731,569,,0,0,0,0
1617094612859,6,1010123456023,77,,1,2,17,1,0,,8.33043,115,0,0.128224,31,0,5,,0,0,0,0,0,0,0,0,0,,289,258,,0,0,0,0
1617094613109,6,1010123456023,77,,1,2,17,1,0,,13.5455,88,0,0.132192,27,0,11,,6.93878,49,0,0.117952,14,28.5714,0,9.20958,31,,143,138,,0,0,0,4.4898
1617094613359,6,1010123456023,77,,1,2,17,1,0,,14.1167,60,0,0.08448,18,0,11.5,,0,0,0,0,0,0,0,0,0,,67,78,,0,0,0,0
1617094613609,6,1010123456023,77,,1,2,17,1,0,,16.8103,58,0,0.090464,17,0,12,,0,0,0,0,0,0,0,0,0,,87,80,,0,0,0,0
1617094613859,6,1010123456023,77,,1,2,17,1,0,,10.7528,89,0,0.102688,25,0,9,,0,0,0,0,0,0,0,0,0,,202,182,,0,0,0,0
1617094614109,6,1010123456023,77,,1,2,17,1,0,,10.3902,82,0,0.106976,23,0,6.33333,,5.64103,39,0,0.1,11,72.7273,0,5.27792,31,,213,173,,0,0,0,7.46154
1617094614359,6,1010123456023,77,,1,2,17,1,0,,7.13,100,0,0.087008,29,0,10.3333,,0,0,0,0,0,0,0,0,0,,446,292,,0,0,0,0
1617094614609,6,1010123456023,77,,1,2,17,1,0,,13.1642,67,0,0.102528,20,0,5.5,,0,0,0,0,0,0,0,0,0,,108,107,,0,0,0,0
1617094614859,6,1010123456023,77,,1,2,17,1,0,,1.76064,188,0,0.110208,54,0,4,,0,0,0,0,0,0,0,0,0,,1159,657,,0,0,0,0
1617094615109,6,1010123456023,77,,1,2,17,1,0,,4.16364,110,0,0.086464,30,0,5,,13.3333,27,0,0.1,8,50,0,14.3847,31,,458,338,,0,0,0,6.48148
1617094615359,6,1010123456023,77,,1,2,17,1,0,,8.69524,105,61,0.12096,32,0,9,,0,0,0,0,0,0,0,0,0,,256,227,,0,0,0,0
1617094615609,6,1010123456023,77,,1,2,17,1,0,,10.1467,75,0,0.10224,22,0,7,,0,0,0,0,0,0,0,0,0,,163,157,,0,0,0,0
1617094615859,6,1010123456023,77,,1,2,17,1,0,,5.98529,136,0,0.14656,39,0,5,,0,0,0,0,0,0,0,0,0,,562,388,,0,0,0,0
1617094616109,6,1010123456023,77,,1,2,17,1,0,,3.05303,132,0,0.091904,38,0,3,,6.48,25,0,0.1,7,57.1429,0,6.69948,31,,669,445,,0,0,0,6.4
1617094616359,6,1010123456023,77,,1,2,17,1,0,,4.12019,208,0,0.145792,58,0,9,,0,0,0,0,0,0,0,0,0,,975,643,,0,0,0,0
1617094616609,6,1010123456023,77,,1,2,17,1,0,,1.67251,171,0,0.102816,45,0,3,,0,0,0,0,0,0,0,0,0,,925,697,,0,0,0,0
1617094616859,6,1010123456023,77,,1,2,17,1,0,,10.2838,148,0,0.174176,49,0,14,,0,0,0,0,0,0,0,0,0,,312,285,,0,0,0,0
1617094617109,6,1010123456023,77,,1,2,17,1,0,,17.1846,65,0,0.089888,17,0,10,,15.0732,82,0,0.118496,28,85.7143,0,3.79476,31,,54,80,,0,0,0,8.46341
1617094617359,6,1010123456023,77,,1,2,17,1,0,,7.39759,166,0,0.15904,44,0,8,,0,0,0,0,0,0,0,0,0,,668,455,,0,0,0,0
1617094617609,6,1010123456023,77,,1,2,17,1,0,,12.6667,114,0,0.138784,35,0,7.33333,,0,0,0,0,0,0,0,0,0,,369,247,,0,0,0,0
1617094617859,6,1010123456023,77,,1,2,17,1,0,,21.5556,81,121,0.12992,24,0,3,,0,0,0,0,0,0,0,0,0,,80,78,,0,0,0,0
1617094618109,6,1010123456023,77,,1,2,17,1,0,,2.57255,255,121,0.152576,66,0,5.66667,,5.18518,27,0,0.1,8,50,0,17.5679,31,,1261,858,,0,0,0,4.88889
1617094618359,6,1010123456023,77,,1,2,17,1,0,,5.29864,221,0,0.172896,69,0,6.66667,,0,0,0,0,0,0,0,0,0,,1014,621,,0,0,0,0
1617094618609,6,1010123456023,77,,1,2,17,1,0,,5.02548,157,0,0.128608,45,0,4,,0,0,0,0,0,0,0,0,0,,736,452,,0,0,0,0
1617094618859,6,1010123456023,77,,1,2,17,1,0,,8.7,130,0,0.111424,36,0,12,,0,0,0,0,0,0,0,0,0,,528,343,,0,0,0,0
1617094619109,6,1010123456023,77,,1,2,17,1,0,,16.25,64,0,0.090016,17,0,9.66667,,0.1,16,0,0.1,5,20,0,12.0496,31,,76,83,,0,0,0,2.875
1617094619359,6,1010123456023,77,,1,2,17,1,0,,14.625,64,0,0.11264,20,0,14,,0,0,0,0,0,0,0,0,0,,103,108,,0,0,0,0
1617094619609,6,1010123456023,77,,1,2,17,1,0,,16.4074,81,0,0.108608,24,0,8,,0,0,0,0,0,0,0,0,0,,100,108,,0,0,0,0
1617094619859,6,1010123456023,77,,1,2,17,1,0,,7.5431,116,0,0.122304,32,0,8,,0,0,0,0,0,0,0,0,0,,275,264,,0,0,0,0
1617094620109,6,1010123456023,77,,1,2,17,1,0,,8.90625,96,0,0.108608,28,0,9.5,,9.11539,26,0,0.1,7,57.1429,0,6.49893,31,,324,231,,0,0,0,6.53846
1617094620359,6,1010123456023,77,,1,2,17,1,0,,21.6939,49,0,0.077792,15,0,0.1,,0,0,0,0,0,0,0,0,0,,34,40,,0,0,0,0
1617094620609,6,1010123456023,77,,1,2,17,1,0,,21,96,0,0.144352,27,0,5,,0,0,0,0,0,0,0,0,0,,60,87,,0,0,0,0
1617094620859,6,1010123456023,77,,1,2,17,1,0,,5.39416,137,0,0.15312,38,0,5,,0,0,0,0,0,0,0,0,0,,448,419,,0,0,0,0
1617094621109,6,1010123456023,77,,1,2,17,1,0,,3.59406,202,0,0.161888,58,0,3,,9.16667,12,0,0.1,4,0,0,20.57,31,,946,634,,0,0,0,1
1617094621359,6,1010123456023,77,,1,2,17,1,0,,2.52444,225,0,0.151648,67,0,5,,0,0,0,0,0,0,0,0,0,,984,745,,0,0,0,0
1617094621609,6,1010123456023,77,,1,2,17,1,0,,15.6562,96,0,0.143136,27,0,11,,0,0,0,0,0,0,0,0,0,,102,139,,0,0,0,0
1617094621859,6,1010123456023,77,,1,2,17,1,0,,7.91538,130,0,0.144832,31,0,5,,0,0,0,0,0,0,0,0,0,,486,342,,0,0,0,0
1617094622109,6,1010123456023,77,,1,2,17,1,0,,5.88679,159,0,0.159584,54,0,7,,0,0,0,0,0,0,0,0,0,,955,454,,0,0,0,0
1617094622359,6,1010123456023,77,,1,2,17,1,0,,9.68421,95,0,0.11936,26,0,5.5,,14.2727,11,0,0.1,3,66.6667,0,4.99619,31,,274,214,,0,0,0,7.54545
1617094622609,6,1010123456023,77,,1,2,17,1,0,,1.90643,171,0,0.104544,51,0,7.66667,,7.46667,15,0,0.1,4,50,0,6.13507,0,,976,572,,0,0,0,6.06667
1617094622859,6,1010123456023,77,,1,2,17,1,0,,15.1463,82,0,0.114656,25,0,7,,0,0,0,0,0,0,0,0,0,,139,131,,0,0,0,0
1617094623109,6,1010123456023,77,,1,2,17,1,0,,14.697,66,0,0.096576,18,0,10,,0.1,11,0,0.1,3,0,0,7.30469,31,,102,102,,0,0,0,1.72727
1617094623359,6,1010123456023,77,,1,2,17,1,0,,16.5795,88,0,0.132128,25,0,11,,0,0,0,0,0,0,0,0,0,,119,113,,0,0,0,0
1617094623609,6,1010123456023,77,,1,2,17,1,0,,20.8493,73,0,0.124864,22,0,10,,0,0,0,0,0,0,0,0,0,,53,71,,0,0,0,0
1617094623859,6,1010123456023,77,,1,2,17,1,0,,13,80,0,0.118976,22,0,8,,0,0,0,0,0,0,0,0,0,,138,138,,0,0,0,0
1617094624109,6,1010123456023,77,,1,2,17,1,0,,17.4324,74,0,0.115904,22,0,10.3333,,5.14286,7,0,0.1,2,50,0,9.44952,31,,79,90,,0,0,0,4.85714
1617094624359,6,1010123456023,77,,1,2,17,1,0,,13.6557,61,0,0.086016,16,0,8.75,,6.75,16,0,0.1,5,60,0,7.20085,0,,105,105,,0,0,0,6.0625
1617094624609,6,1010123456023,77,,1,2,17,1,0,,10.9091,99,0,0.125728,29,0,9.5,,0,0,0,0,0,0,0,0,0,,227,218,,0,0,0,0
1617094624859,6,1010123456023,77,,1,2,17,1,0,,5.75194,129,158,0.118784,37,0,5.5,,0,0,0,0,0,0,0,0,0,,601,362,,0,0,0,0
1617094625109,6,1010123456023,77,,1,2,17,1,0,,10.8478,92,0,0.113664,24,0,6.75,,7.45455,11,0,0.1,3,0,0,21.2137,31,,304,194,,0,0,0,1
1617094625359,6,1010123456023,77,,1,2,17,1,0,,11.1418,134,0,0.177376,39,0,8.25,,0,0,0,0,0,0,0,0,0,,383,283,,0,0,0,0
1617094625609,6,1010123456023,77,,1,2,17,1,0,,17.2353,68,0,0.105088,20,0,11,,0,0,0,0,0,0,0,0,0,,74,84,,0,0,0,0
1617094625859,6,1010123456023,77,,1,2,17,1,0,,9.40625,96,0,0.10736,27,0,9,,0,0,0,0,0,0,0,0,0,,269,237,,0,0,0,0
1617094626109,6,1010123456023,77,,1,2,17,1,0,,13.7442,86,0,0.121536,26,0,9,,13.9091,11,0,0.1,3,33.3333,0,15.7249,31,,196,154,,0,0,0,4.54545
1617094626359,6,1010123456023,77,,1,2,17,1,0,,19.7246,69,0,0.098656,19,0,9.5,,0,0,0,0,0,0,0,0,0,,57,81,,0,0,0,0
1617094626609,6,1010123456023,77,,1,2,17,1,0,,17.6579,38,0,0.057824,11,0,11.3333,,0,0,0,0,0,0,0,0,0,,35,38,,0,0,0,0
1617094626859,6,1010123456023,77,,1,2,17,1,0,,8.76136,88,0,0.116128,25,0,7.75,,0,0,0,0,0,0,0,0,0,,198,228,,0,0,0,0
1617094627109,6,1010123456023,77,,1,2,17,1,0,,15.6269,67,0,0.094848,21,0,10.6667,,9.11539,26,0,0.1,7,57.1429,0,6.13062,31,,110,104,,0,0,0,6.69231
1617094627359,6,1010123456023,77,,1,2,17,1,0,,4.98591,142,0,0.097696,41,0,8.5,,0,0,0,0,0,0,0,0,0,,669,451,,0,0,0,0
1617094627609,6,1010123456023,77,,1,2,17,1,0,,21,70,0,0.10304,20,0,14,,0,0,0,0,0,0,0,0,0,,44,60,,0,0,0,0
1617094627859,6,1010123456023,77,,1,2,17,1,0,,2.59917,242,92,0.13792,63,0,4,,0,0,0,0,0,0,0,0,0,,1479,854,,0,0,0,0
1617094628109,6,1010123456023,77,,1,2,17,1,0,,6.55279,161,0,0.143104,52,0,10,,14.449,49,0,0.159488,17,70.5882,0,8.54887,31,,629,417,,0,0,0,6.69388
1617094628359,6,1010123456023,77,,1,2,17,1,0,,17.8636,66,0,0.100704,19,0,11.3333,,0,0,0,0,0,0,0,0,0,,70,83,,0,0,0,0
1617094628609,6,1010123456023,77,,1,2,17,1,0,,13.885,113,0,0.17232,33,0,8.5,,0,0,0,0,0,0,0,0,0,,168,179,,0,0,0,0
1617094628859,6,1010123456023,77,,1,2,17,1,0,,6.81308,107,0,0.122848,29,0,8,,0,0,0,0,0,0,0,0,0,,355,274,,0,0,0,0
1617094629109,6,1010123456023,77,,1,2,17,1,0,,13.6458,96,0,0.144864,30,0,9.66667,,0.1,15,0,0.1,4,25,0,1.15455,31,,132,151,,0,0,0,3.6
1617094629359,6,1010123456023,77,,1,2,17,1,0,,21,69,0,0.097888,19,0,14,,0,0,0,0,0,0,0,0,0,,41,60,,0,0,0,0
1617094629609,6,1010123456023,77,,1,2,17,1,0,,18.3291,79,0,0.119776,23,0,9.66667,,0,0,0,0,0,0,0,0,0,,86,96,,0,0,0,0
1617094629859,6,1010123456023,77,,1,2,17,1,0,,3.43885,139,0,0.104448,40,0,7,,0,0,0,0,0,0,0,0,0,,676,434,,0,0,0,0
1617094630109,6,1010123456023,77,,1,2,17,1,0,,4,136,0,0.11824,40,0,4,,0.1,14,0,0.1,4,25,0,1.04051,31,,627,436,,0,0,0,3.92857
1617094630359,6,1010123456023,77,,1,2,17,1,0,,8.656,125,0,0.154688,36,0,6.5,,0,0,0,0,0,0,0,0,0,,371,275,,0,0,0,0
1617094630609,6,1010123456023,77,,1,2,17,1,0,,8.72857,70,0,0.092064,21,0,8.5,,0,0,0,0,0,0,0,0,0,,255,180,,0,0,0,0
1617094630859,6,1010123456023,77,,1,2,17,1,0,,19.9091,44,0,0.072736,13,0,8,,0,0,0,0,0,0,0,0,0,,36,48,,0,0,0,0
1617094631109,6,1010123456023,77,,1,2,17,1,0,,9.51282,117,0,0.11056,31,0,8.5,,5.33333,30,0,0.1,8,50,0,5.11513,31,,420,289,,0,0,0,5.8
1617094631359,6,1010123456023,77,,1,2,17,1,0,,4.81132,106,59,0.116064,30,0,4.5,,0,0,0,0,0,0,0,0,0,,541,377,,0,0,0,0
1617094631609,6,1010123456023,77,,1,2,17,1,0,,5.34,100,0,0.092448,33,0,7.2,,0,0,0,0,0,0,0,0,0,,470,302,,0,0,0,0
1617094631859,6,1010123456023,77,,1,2,17,1,0,,5.23129,147,0,0.10256,41,0,12,,0,0,0,0,0,0,0,0,0,,710,434,,0,0,0,0
1617094632109,6,1010123456023,77,,1,2,17,1,0,,13.9155,71,0,0.118272,22,0,8,,0.1,10,0,0.1,4,0,0,15.4708,31,,135,141,,0,0,0,1.4
1617094632359,6,1010123456023,77,,1,2,17,1,0,,8.17895,95,0,0.10656,26,0,7,,0,0,0,0,0,0,0,0,0,,237,219,,0,0,0,0
1617094632609,6,1010123456023,77,,1,2,17,1,0,,17.0141,71,0,0.10688,20,0,14,,0,0,0,0,0,0,0,0,0,,87,95,,0,0,0,0
1617094632859,6,1010123456023,77,,1,2,17,1,0,,17.5253,99,0,0.142368,29,0,12.5,,0,0,0,0,0,0,0,0,0,,124,111,,0,0,0,0
1617094633109,6,1010123456023,77,,1,2,17,1,0,,21.3091,55,0,0.09824,18,0,0.1,,0,6,0,0,2,100,0,0,0,,40,53,,0,0,0,0
1617094633359,6,1010123456023,77,,1,2,17,1,0,,10.7397,73,0,0.07408,21,0,3,,15,8,0,0,2,100,0,1.14666,0,,330,163,,0,0,0,10
1617094633609,6,1010123456023,77,,1,2,17,1,0,,5.08434,83,0,0.075552,24,0,4.75,,0,0,0,0,0,0,0,0,0,,385,239,,0,0,0,0
1617094633859,6,1010123456023,77,,1,2,17,1,0,,8.69911,113,0,0.128352,32,0,8,,0,0,0,0,0,0,0,0,0,,248,226,,0,0,0,0
1617094634109,6,1010123456023,77,,1,2,17,1,0,,3.51337,187,0,0.137664,50,0,3,,14.0606,66,0,0.122112,21,76.1905,0,5.90875,31,,964,624,,0,0,0,7.59091
1617094634359,6,1010123456023,77,,1,2,17,1,0,,4.95122,123,0,0.123648,38,0,6,,0,0,0,0,0,0,0,0,0,,463,364,,0,0,0,0
1617094634609,6,1010123456023,77,,1,2,17,1,0,,4.61579,190,0,0.142048,53,0,6.66667,,0,0,0,0,0,0,0,0,0,,949,580,,0,0,0,0
1617094634859,6,1010123456023,77,,1,2,17,1,0,,14.6203,79,0,0.118336,22,0,7,,0,0,0,0,0,0,0,0,0,,111,139,,0,0,0,0
1617094635109,6,1010123456023,77,,1,2,17,1,0,,7.01136,88,0,0.095616,25,0,7.33333,,6.92308,26,0,0.1,7,57.1429,0,6.09448,31,,242,209,,0,0,0,6.19231
1617094635359,6,1010123456023,77,,1,2,17,1,0,,7.67089,79,0,0.097952,25,0,7,,0,0,0,0,0,0,0,0,0,,195,177,,0,0,0,0
1617094635609,6,1010123456023,77,,1,2,17,1,0,,9.10377,106,0,0.127968,29,0,8.33333,,0,0,0,0,0,0,0,0,0,,250,235,,0,0,0,0
1617094635859,6,1010123456023,77,,1,2,17,1,0,,5.52,100,0,0.095872,30,0,6.66667,,0,0,0,0,0,0,0,0,0,,492,308,,0,0,0,0
1617094636109,6,1010123456023,77,,1,2,17,1,0,,18.3878,49,0,0.07856,15,0,9.33333,,5,24,0,0.1,7,57.1429,0,10.5078,31,,58,60,,0,0,0,5.5
1617094636359,6,1010123456023,77,,1,2,17,1,0,,13,62,0,0.086528,16,0,0.1,,13,4,0,0.1,1,0,0,28.813,31,,108,108,,0,0,0,1
1617094636609,6,1010123456023,77,,1,2,17,1,0,,16.4466,103,0,0.159296,30,0,10,,0,0,0,0,0,0,0,0,0,,137,137,,0,0,0,0
1617094636859,6,1010123456023,77,,1,2,17,1,0,,10.785,107,0,0.122752,29,0,9.66667,,0,0,0,0,0,0,0,0,0,,300,231,,0,0,0,0
1617094637109,6,1010123456023,77,,1,2,17,1,0,,8.79121,91,0,0.122048,29,0,6,,0,5,0,0.1,2,0,0,0,31,,253,206,,0,0,0,0
1617094637359,6,1010123456023,77,,1,2,17,1,0,,8.91228,57,0,0.07024,17,0,6,,0,0,0,0,0,0,0,0,0,,153,139,,0,0,0,0
1617094637609,6,1010123456023,77,,1,2,17,1,0,,4.24876,201,0,0.156224,55,0,7.33333,,0,0,0,0,0,0,0,0,0,,1010,643,,0,0,0,0
1617094637859,6,1010123456023,77,,1,2,17,1,0,,8.47651,149,0,0.137888,42,0,7.5,,0,0,0,0,0,0,0,0,0,,532,350,,0,0,0,0
1617094638109,6,1010123456023,77,,1,2,17,1,0,,5.45918,98,0,0.076384,29,0,11,,0,0,0,0,0,0,0,0,0,,402,274,,0,0,0,0
1617094638359,6,1010123456023,77,,1,2,17,1,0,,4.65426,188,0,0.183232,55,0,4.2,,6.96429,28,0,0.1,8,50,0,5.57745,31,,813,559,,0,0,0,5.82143
1617094638609,6,1010123456023,77,,1,2,17,1,0,,16.0833,84,0,0.115456,24,0,9.66667,,0,0,0,0,0,0,0,0,0,,102,106,,0,0,0,0
1617094638859,6,1010123456023,77,,1,2,17,1,0,,13,83,0,0.124384,23,0,8,,0,0,0,0,0,0,0,0,0,,144,144,,0,0,0,0
1617094639109,6,1010123456023,77,,1,2,17,1,0,,12.8846,78,0,0.129856,24,0,0.1,,9.33333,15,0,0.1,4,25,0,15.6422,31,,154,142,,0,0,0,3.4
1617094639359,6,1010123456023,77,,1,2,17,1,0,,6.65563,151,0,0.124064,36,0,7,,0,0,0,0,0,0,0,0,0,,671,393,,0,0,0,0
1617094639609,6,1010123456023,77,,1,2,17,1,0,,13.5138,109,0,0.144192,38,0,11.5,,0,0,0,0,0,0,0,0,0,,211,183,,0,0,0,0
1617094639859,6,1010123456023,77,,1,2,17,1,0,,13.0822,73,0,0.123968,22,0,0.1,,0,0,0,0,0,0,0,0,0,,72,141,,0,0,0,0
1617094640109,6,1010123456023,77,,1,2,17,1,0,,11.3936,94,0,0.135008,27,0,6,,7.55172,29,0,0.1,8,50,0,4.52904,31,,233,183,,0,0,0,5.93103
1617094640359,6,1010123456023,77,,1,2,17,1,0,,11.6628,86,0,0.125376,23,0,7.33333,,0,0,0,0,0,0,0,0,0,,169,175,,0,0,0,0
1617094640609,6,1010123456023,77,,1,2,17,1,0,,15.3671,79,0,0.121312,24,0,10,,0,0,0,0,0,0,0,0,0,,125,121,,0,0,0,0
1617094640859,6,1010123456023,77,,1,2,17,1,0,,12.2336,107,0,0.156256,31,0,8,,0,0,0,0,0,0,0,0,0,,184,180,,0,0,0,0
1617094641109,6,1010123456023,77,,1,2,17,1,0,,14.4405,84,101,0.133696,26,0,11,,13.7143,21,0,0.1,6,66.6667,0,10.2272,31,,142,135,,0,0,0,7
1617094641359,6,1010123456023,77,,1,2,17,1,0,,12.8452,84,0,0.140992,26,0,8,,0,0,0,0,0,0,0,0,0,,159,162,,0,0,0,0
1617094641609,6,1010123456023,77,,1,2,17,1,0,,3.77778,189,0,0.155712,55,0,4.75,,0,0,0,0,0,0,0,0,0,,736,592,,0,0,0,0
1617094641859,6,1010123456023,77,,1,2,17,1,0,,5.29752,121,0,0.121888,34,0,15,,0,0,0,0,0,0,0,0,0,,392,331,,0,0,0,0
1617094642109,6,1010123456023,77,,1,2,17,1,0,,13.5604,91,32,0.1064,21,0,8.2,,13,19,0,0.1,6,66.6667,0,16.8147,31,,199,185,,0,0,0,6.68421
1617094642359,6,1010123456023,77,,1,2,17,1,0,,3.84106,151,0,0.126368,48,0,5.33333,,0,0,0,0,0,0,0,0,0,,707,465,,0,0,0,0
1617094642609,6,1010123456023,77,,1,2,17,1,0,,13.6,40,0,0.06464,12,0,11.3333,,0,0,0,0,0,0,0,0,0,,69,69,,0,0,0,0
1617094642859,6,1010123456023,77,,1,2,17,1,0,,17.7273,66,0,0.10944,20,0,6.5,,0,0,0,0,0,0,0,0,0,,78,102,,0,0,0,0
1617094643109,6,1010123456023,77,,1,2,17,1,0,,4.25,144,0,0.12416,42,0,5.33333,,8.85,20,0,0.1,7,57.1429,0,6.96247,31,,633,445,,0,0,0,5.95
1617094643359,6,1010123456023,77,,1,2,17,1,0,,8.51961,102,0,0.110944,30,0,9,,0,0,0,0,0,0,0,0,0,,302,219,,0,0,0,0
1617094643609,6,1010123456023,77,,1,2,17,1,0,,14.4713,87,0,0.128896,24,0,8.8,,0,0,0,0,0,0,0,0,0,,137,153,,0,0,0,0
1617094643859,6,1010123456023,77,,1,2,17,1,0,,13.3134,67,0,0.100704,21,0,10.75,,0,0,0,0,0,0,0,0,0,,97,103,,0,0,0,0
1617094644109,6,1010123456023,77,,1,2,17,1,0,,9.02564,78,0,0.075808,21,0,4.5,,7.38462,26,0,0.1,7,57.1429,0,5.83302,31,,169,163,,0,0,0,6.53846
1617094644359,6,1010123456023,77,,1,2,17,1,0,,10.9259,108,0,0.152576,34,0,14,,0,0,0,0,0,0,0,0,0,,201,212,,0,0,0,0
1617094644609,6,1010123456023,77,,1,2,17,1,0,,16.9917,120,0,0.166272,33,0,11.3333,,0,0,0,0,0,0,0,0,0,,152,166,,0,0,0,0
1617094644859,6,1010123456023,77,,1,2,17,1,0,,21,62,0,0.098016,19,0,7.5,,0,0,0,0,0,0,0,0,0,,37,54,,0,0,0,0
1617094645109,6,1010123456023,77,,1,2,17,1,0,,6.29286,140,0,0.139456,40,0,8,,7.2,25,0,0.1,8,50,0,11.3044,31,,386,431,,0,0,0,5.32
1617094645359,6,1010123456023,77,,1,2,17,1,0,,9.92308,104,0,0.1352,29,0,5.5,,0,0,0,0,0,0,0,0,0,,309,232,,0,0,0,0
1617094645609,6,1010123456023,77,,1,2,17,1,0,,21.525,80,0,0.129728,22,0,14,,0,0,0,0,0,0,0,0,0,,59,73,,0,0,0,0
1617094645859,6,1010123456023,77,,1,2,17,1,0,,8.10236,127,0,0.126336,37,0,9.4,,0,0,0,0,0,0,0,0,0,,425,360,,0,0,0,0
1617094646109,6,1010123456023,77,,1,2,17,1,0,,21,67,0,0.097984,18,0,14,,13.9091,11,0,0.1,3,33.3333,0,14.9495,31,,47,60,,0,0,0,4.54545
1617094646359,6,1010123456023,77,,1,2,17,1,0,,2.8189,127,32,0.082176,36,0,5.5,,0,0,0,0,0,0,0,0,0,,680,408,,0,0,0,0
1617094646609,6,1010123456023,77,,1,2,17,1,0,,4.06522,184,0,0.11392,52,0,7.66667,,0,0,0,0,0,0,0,0,0,,774,601,,0,0,0,0
1617094646859,6,1010123456023,77,,1,2,17,1,0,,15.2959,98,0,0.125056,28,0,9,,0,0,0,0,0,0,0,0,0,,200,160,,0,0,0,0
1617094647109,6,1010123456023,77,,1,2,17,1,0,,12.2055,73,0,0.099264,22,0,6.5,,0,5,0,0,2,100,0,0,0,,139,140,,0,0,0,0
1617094647359,6,1010123456023,77,,1,2,17,1,0,,10.6494,77,0,0.07312,19,0,13,,15,8,0,0,2,100,0,1.76196,0,,153,151,,0,0,0,10
1617094647609,6,1010123456023,77,,1,2,17,1,0,,10.5701,107,0,0.133408,33,0,4.66667,,0,0,0,0,0,0,0,0,0,,308,226,,0,0,0,0
1617094647859,6,1010123456023,77,,1,2,17,1,0,,12.6783,115,0,0.130496,34,0,9.75,,0,0,0,0,0,0,0,0,0,,323,239,,0,0,0,0
1617094648109,6,1010123456023,77,,1,2,17,1,0,,10.3978,93,0,0.14432,26,0,7,,6.4,30,0,0.1,8,50,0,5.11241,31,,201,211,,0,0,0,5.8
1617094648359,6,1010123456023,77,,1,2,17,1,0,,15.5875,80,0,0.112736,21,0,14,,0,0,0,0,0,0,0,0,0,,115,128,,0,0,0,0
1617094648609,6,1010123456023,77,,1,2,17,1,0,,20.082,61,0,0.088096,17,0,11,,0,0,0,0,0,0,0,0,0,,45,60,,0,0,0,0
1617094648859,6,1010123456023,77,,1,2,17,1,0,,20.1429,70,0,0.120384,22,0,8,,0,0,0,0,0,0,0,0,0,,63,74,,0,0,0,0
1617094649109,6,1010123456023,77,,1,2,17,1,0,,7.04255,94,0,0.098016,27,0,6.75,,5.33333,36,0,0.1,11,72.7273,0,7.61534,31,,326,246,,0,0,0,7
1617094649359,6,1010123456023,77,,1,2,17,1,0,,12.9231,117,0,0.160384,33,0,9,,0,0,0,0,0,0,0,0,0,,224,211,,0,0,0,0
1617094649609,6,1010123456023,77,,1,2,17,1,0,,11.0319,94,0,0.115264,27,0,5,,0,0,0,0,0,0,0,0,0,,236,190,,0,0,0,0
1617094649859,6,1010123456023,77,,1,2,17,1,0,,7.05376,93,0,0.102176,27,0,6.33333,,0,0,0,0,0,0,0,0,0,,375,247,,0,0,0,0
1617094650109,6,1010123456023,77,,1,2,17,1,0,,13.0417,72,0,0.107776,20,0,8,,0,0,0,0,0,0,0,0,0,,131,125,,0,0,0,0
1617094650359,6,1010123456023,77,,1,2,17,1,0,,13.6176,68,0,0.107904,20,0,9.5,,14.3333,12,0,0.1,3,66.6667,0,10.3127,31,,97,110,,0,0,0,7
1617094650609,6,1010123456023,77,,1,2,17,1,0,,5.21374,131,0,0.10944,36,0,5,,5.89474,19,0,0.1,5,40,0,4.96374,31,,588,395,,0,0,0,5
1617094650859,6,1010123456023,77,,1,2,17,1,0,,6.27742,155,0,0.142272,45,0,6.66667,,0,0,0,0,0,0,0,0,0,,721,411,,0,0,0,0
1617094651109,6,1010123456023,77,,1,2,17,1,0,,8.65468,139,0,0.173376,41,0,7,,12.6512,43,0,0.1,13,69.2308,0,6.89934,31,,425,341,,0,0,0,6.95349
1617094651359,6,1010123456023,77,,1,2,17,1,0,,17.4,85,0,0.127104,24,0,10,,0,2,0,0,1,100,0,0,0,,102,100,,0,0,0,0
1617094651609,6,1010123456023,77,,1,2,17,1,0,,20.3368,95,0,0.155936,29,0,10.75,,0,0,0,0,0,0,0,0,0,,77,95,,0,0,0,0
1617094651859,6,1010123456023,77,,1,2,17,1,0,,1.77005,187,0,0.10688,52,0,0.1,,0,0,0,0,0,0,0,0,0,,1054,674,,0,0,0,0
1617094652109,6,1010123456023,77,,1,2,17,1,0,,1.82353,204,0,0.13024,62,0,3,,8.31579,38,0,0.1,11,72.7273,0,3.20744,31,,1066,745,,0,0,0,7.86842
1617094652359,6,1010123456023,77,,1,2,17,1,0,,8.71429,77,0,0.080576,22,0,7.5,,0.1,4,0,0.1,1,0,0,22.2742,31,,249,166,,0,0,0,1
1617094652609,6,1010123456023,77,,1,2,17,1,0,,18.0732,82,0,0.120736,21,0,9.25,,0,0,0,0,0,0,0,0,0,,112,96,,0,0,0,0
1617094652859,6,1010123456023,77,,1,2,17,1,0,,3.45946,148,0,0.102592,42,0,6.75,,0,0,0,0,0,0,0,0,0,,805,481,,0,0,0,0
1617094653109,6,1010123456023,77,,1,2,17,1,0,,13.4779,113,0,0.170976,32,0,10,,8.86957,23,0,0.1,7,57.1429,0,11.6993,31,,172,195,,0,0,0,5.69565
1617094653359,6,1010123456023,77,,1,2,17,1,0,,17.9362,47,0,0.073664,14,0,14,,0,0,0,0,0,0,0,0,0,,38,57,,0,0,0,0
1617094653609,6,1010123456023,77,,1,2,17,1,0,,7.30137,146,0,0.142912,42,0,8.8,,0,0,0,0,0,0,0,0,0,,509,380,,0,0,0,0
1617094653859,6,1010123456023,77,,1,2,17,1,0,,13.0333,90,0,0.146624,26,0,0.1,,0,0,0,0,0,0,0,0,0,,167,167,,0,0,0,0
1617094654109,6,1010123456023,77,,1,2,17,1,0,,11.5309,81,0,0.118144,22,0,7.66667,,15.5802,81,0,0.232864,27,77.7778,0,4.95101,31,,173,157,,0,0,0,7.88066
1617094654359,6,1010123456023,77,,1,2,17,1,0,,11.7963,108,0,0.161728,33,0,8,,0,0,0,0,0,0,0,0,0,,199,193,,0,0,0,0
1617094654609,6,1010123456023,77,,1,2,17,1,0,,12.8158,76,0,0.107392,20,0,9.25,,0,0,0,0,0,0,0,0,0,,148,144,,0,0,0,0
1617094654859,6,1010123456023,77,,1,2,17,1,0,,19.5797,69,0,0.115136,22,0,14,,0,0,0,0,0,0,0,0,0,,52,65,,0,0,0,0
1617094655109,6,1010123456023,77,,1,2,17,1,0,,21.2892,83,0,0.11856,21,0,14,,5.28,25,0,0.1,8,62.5,0,7.24425,31,,51,71,,0,0,0,6.16
1617094655359,6,1010123456023,77,,1,2,17,1,0,,8.15842,101,0,0.096224,29,0,6.25,,12,4,0,0.1,1,0,0,26.0658,31,,421,256,,0,0,0,1
1617094655609,6,1010123456023,77,,1,2,17,1,0,,6.49438,178,0,0.133024,49,0,8.5,,0,0,0,0,0,0,0,0,0,,844,508,,0,0,0,0
1617094655859,6,1010123456023,77,,1,2,17,1,0,,14.6565,131,0,0.162272,37,0,6,,0,0,0,0,0,0,0,0,0,,178,179,,0,0,0,0
1617094656109,6,1010123456023,77,,1,2,17,1,0,,12.1013,79,0,0.090336,23,0,8.5,,15,16,0,0,4,100,0,1.14141,0,,220,161,,0,0,0,10
1617094656359,6,1010123456023,77,,1,2,17,1,0,,8.72566,113,0,0.11744,33,0,8.16667,,0,0,0,0,0,0,0,0,0,,325,285,,0,0,0,0
1617094656609,6,1010123456023,77,,1,2,17,1,0,,20.0308,65,0,0.10416,19,0,9.25,,0,0,0,0,0,0,0,0,0,,54,68,,0,0,0,0
1617094656859,6,1010123456023,77,,1,2,17,1,0,,12.9135,104,0,0.120256,30,0,11,,0,0,0,0,0,0,0,0,0,,317,218,,0,0,0,0
1617094657109,6,1010123456023,77,,1,2,17,1,0,,18.1111,72,0,0.11024,21,0,8,,8.8,20,0,0.1,6,66.6667,0,7.48428,31,,75,87,,0,0,0,7.75
1617094657359,6,1010123456023,77,,1,2,17,1,0,,12.1852,81,0,0.125152,23,0,7.5,,0,0,0,0,0,0,0,0,0,,165,161,,0,0,0,0
1617094657609,6,1010123456023,77,,1,2,17,1,0,,14.2698,63,0,0.096832,18,0,11,,0,0,0,0,0,0,0,0,0,,96,99,,0,0,0,0
1617094657859,6,1010123456023,77,,1,2,17,1,0,,14.3592,103,0,0.136768,30,0,8.5,,0,0,0,0,0,0,0,0,0,,265,199,,0,0,0,0
1617094658109,6,1010123456023,77,,1,2,17,1,0,,18.1316,76,0,0.103232,22,0,5,,7.38462,26,0,0.1,7,57.1429,0,5.8077,31,,71,79,,0,0,0,6.53846
1617094658359,6,1010123456023,77,,1,2,17,1,0,,5.34177,79,0,0.075968,22,0,5.75,,0,0,0,0,0,0,0,0,0,,263,210,,0,0,0,0
1617094658609,6,1010123456023,77,,1,2,17,1,0,,5.55906,127,32,0.123392,36,0,6,,0,0,0,0,0,0,0,0,0,,645,392,,0,0,0,0
1617094658859,6,1010123456023,77,,1,2,17,1,0,,10.6991,113,0,0.10016,31,0,13.6667,,0,0,0,0,0,0,0,0,0,,359,219,,0,0,0,0
1617094659109,6,1010123456023,77,,1,2,17,1,0,,16.5455,88,0,0.148192,27,0,8,,6.26087,23,0,0.1,7,57.1429,0,7.80274,31,,131,123,,0,0,0,5.69565
1617094659359,6,1010123456023,77,,1,2,17,1,0,,10.7212,104,0,0.129088,28,0,8,,0,0,0,0,0,0,0,0,0,,182,190,,0,0,0,0
1617094659609,6,1010123456023,77,,1,2,17,1,0,,7.21818,110,0,0.107648,32,0,8.8,,0,0,0,0,0,0,0,0,0,,450,330,,0,0,0,0
1617094659859,6,1010123456023,77,,1,2,17,1,0,,6.29474,95,0,0.087424,24,0,5.75,,0,0,0,0,0,0,0,0,0,,352,252,,0,0,0,0
1617094660109,6,1010123456023,77,,1,2,17,1,0,,3.29897,97,0,0.0696,28,0,5,,9.02564,39,0,0.1,11,72.7273,0,10.9446,31,,461,315,,0,0,0,7.46154
1617094660359,6,1010123456023,77,,1,2,17,1,0,,4.47222,144,0,0.140032,43,0,3.5,,13.4255,47,0,0.1,14,78.5714,0,9.31189,31,,538,428,,0,0,0,7.89362
1617094660609,6,1010123456023,77,,1,2,17,1,0,,17.931,58,0,0.083136,17,0,13.3333,,0,0,0,0,0,0,0,0,0,,53,62,,0,0,0,0
1617094660859,6,1010123456023,77,,1,2,17,1,0,,21.2604,96,0,0.13936,27,0,14,,0,0,0,0,0,0,0,0,0,,56,80,,0,0,0,0
1617094661109,6,1010123456023,77,,1,2,17,1,0,,11.8657,67,0,0.104288,19,0,7.66667,,13.7143,7,0,0.1,2,0,0,27.0938,31,,120,135,,0,0,0,1
1617094661359,6,1010123456023,77,,1,2,17,1,0,,12.5045,111,0,0.175936,32,0,11,,0,0,0,0,0,0,0,0,0,,208,228,,0,0,0,0
1617094661609,6,1010123456023,77,,1,2,17,1,0,,13.6452,93,0,0.12768,26,0,7.5,,0,0,0,0,0,0,0,0,0,,182,173,,0,0,0,0
1617094661859,6,1010123456023,77,,1,2,17,1,0,,14.2364,55,0,0.07296,18,0,13.3333,,0,0,0,0,0,0,0,0,0,,84,84,,0,0,0,0
1617094662109,6,1010123456023,77,,1,2,17,1,0,,16.7879,66,0,0.087968,19,0,9.5,,13.7143,7,0,0.1,2,0,0,26.5393,31,,87,84,,0,0,0,1
1617094662359,6,1010123456023,77,,1,2,17,1,0,,10.2162,74,0,0.095104,22,0,9,,0,0,0,0,0,0,0,0,0,,162,151,,0,0,0,0
1617094662609,6,1010123456023,77,,1,2,17,1,0,,6.04132,121,0,0.114048,35,0,5,,0,0,0,0,0,0,0,0,0,,521,363,,0,0,0,0
1617094662859,6,1010123456023,77,,1,2,17,1,0,,4.47111,225,0,0.205248,66,0,4.33333,,0,0,0,0,0,0,0,0,0,,912,754,,0,0,0,0
1617094663109,6,1010123456023,77,,1,2,17,1,0,,14.0723,83,158,0.111712,23,0,10.25,,15.0556,72,0,0.168832,21,76.1905,0,6.12213,31,,165,141,,0,0,0,7.63889
1617094663359,6,1010123456023,77,,1,2,17,1,0,,8.53333,105,0,0.115296,30,0,5,,0,0,0,0,0,0,0,0,0,,257,237,,0,0,0,0
1617094663609,6,1010123456023,77,,1,2,17,1,0,,12.3529,51,0,0.085888,16,0,8,,0,0,0,0,0,0,0,0,0,,99,98,,0,0,0,0
1617094663859,6,1010123456023,77,,1,2,17,1,0,,10.8072,83,126,0.10816,20,0,4.5,,0,0,0,0,0,0,0,0,0,,280,185,,0,0,0,0
1617094664109,6,1010123456023,77,,1,2,17,1,0,,2.34783,253,30,0.17984,77,0,3.5,,8,11,0,0.1,3,0,0,22.5601,31,,1459,917,,0,0,0,1
1617094664359,6,1010123456023,77,,1,2,17,1,0,,2.92683,164,0,0.128864,47,0,5,,0,0,0,0,0,0,0,0,0,,808,566,,0,0,0,0
1617094664609,6,1010123456023,77,,1,2,17,1,0,,7.54717,106,0,0.104832,31,0,14,,0,0,0,0,0,0,0,0,0,,249,230,,0,0,0,0
1617094664859,6,1010123456023,77,,1,2,17,1,0,,14.6774,93,0,0.142752,27,0,8.6,,0,0,0,0,0,0,0,0,0,,144,161,,0,0,0,0
1617094665109,6,1010123456023,77,,1,2,17,1,0,,16.9273,55,0,0.08432,15,0,11,,13.2857,7,0,0.1,2,0,0,22.8444,31,,66,75,,0,0,0,1
1617094665359,6,1010123456023,77,,1,2,17,1,0,,10.6774,62,0,0.092896,19,0,7,,0,0,0,0,0,0,0,0,0,,108,118,,0,0,0,0
1617094665609,6,1010123456023,77,,1,2,17,1,0,,4.39726,146,0,0.10864,39,0,5.33333,,0,0,0,0,0,0,0,0,0,,729,435,,0,0,0,0
1617094665859,6,1010123456023,77,,1,2,17,1,0,,12.1446,83,0,0.094016,26,0,9.75,,0,0,0,0,0,0,0,0,0,,203,152,,0,0,0,0
1617094666109,6,1010123456023,77,,1,2,17,1,0,,16.2,75,0,0.122176,22,0,11,,13.2857,7,0,0.1,2,0,0,25.4665,31,,103,111,,0,0,0,1
1617094666359,6,1010123456023,77,,1,2,17,1,0,,12.9342,76,0,0.118464,22,0,8,,0,0,0,0,0,0,0,0,0,,134,128,,0,0,0,0
1617094666609,6,1010123456023,77,,1,2,17,1,0,,12.9412,68,0,0.103424,18,0,8,,0,0,0,0,0,0,0,0,0,,134,128,,0,0,0,0
1617094666859,6,1010123456023,77,,1,2,17,1,0,,15.5408,98,0,0.159712,31,0,11.6,,0,0,0,0,0,0,0,0,0,,127,138,,0,0,0,0
1617094667109,6,1010123456023,77,,1,2,17,1,0,,21,77,0,0.10304,20,0,0.1,,0,12,0,0,4,100,0,0,0,,49,69,,0,0,0,0
1617094667359,6,1010123456023,77,,1,2,17,1,0,,17.3053,95,0,0.147648,28,0,10.5,,0,0,0,0,0,0,0,0,0,,93,115,,0,0,0,0
1617094667609,6,1010123456023,77,,1,2,17,1,0,,6.5625,112,0,0.120896,30,0,14,,0,0,0,0,0,0,0,0,0,,211,243,,0,0,0,0
1617094667859,6,1010123456023,77,,1,2,17,1,0,,10.3226,124,0,0.136128,35,0,8,,0,0,0,0,0,0,0,0,0,,270,251,,0,0,0,0
1617094668109,6,1010123456023,77,,1,2,17,1,0,,14.0337,89,0,0.126432,27,0,10.3333,,13.7143,7,0,0.1,2,0,0,22.0399,31,,164,144,,0,0,0,1
1617094668359,6,1010123456023,77,,1,2,17,1,0,,12.2262,84,0,0.134432,25,0,0.1,,0,0,0,0,0,0,0,0,0,,168,149,,0,0,0,0
1617094668609,6,1010123456023,77,,1,2,17,1,0,,14.5081,124,0,0.186976,35,0,14,,0,0,0,0,0,0,0,0,0,,192,194,,0,0,0,0
1617094668859,6,1010123456023,77,,1,2,17,1,0,,15.25,128,0,0.162912,35,0,7.25,,0,0,0,0,0,0,0,0,0,,253,205,,0,0,0,0
1617094669109,6,1010123456023,77,,1,2,17,1,0,,14.7671,73,0,0.113056,21,0,14,,0,8,0,0.1,3,0,0,0,31,,86,113,,0,0,0,0
1617094669359,6,1010123456023,77,,1,2,17,1,0,,8.83898,118,0,0.094624,27,0,7.25,,0,0,0,0,0,0,0,0,0,,599,301,,0,0,0,0
1617094669609,6,1010123456023,77,,1,2,17,1,0,,2.96732,153,0,0.11872,48,0,5,,0,0,0,0,0,0,0,0,0,,861,502,,0,0,0,0
1617094669859,6,1010123456023,77,,1,2,17,1,0,,2.08889,180,0,0.116128,55,0,3.66667,,0,0,0,0,0,0,0,0,0,,964,582,,0,0,0,0
1617094670109,6,1010123456023,77,,1,2,17,1,0,,5.33333,138,0,0.126336,39,0,0.1,,8.52174,23,0,0.1,7,57.1429,0,8.96597,31,,416,347,,0,0,0,5.69565
1617094670359,6,1010123456023,77,,1,2,17,1,0,,12.662,71,0,0.113536,20,0,8,,0,0,0,0,0,0,0,0,0,,136,141,,0,0,0,0
1617094670609,6,1010123456023,77,,1,2,17,1,0,,14.4038,104,0,0.124928,30,0,10.3333,,0,0,0,0,0,0,0,0,0,,168,186,,0,0,0,0
1617094670859,6,1010123456023,77,,1,2,17,1,0,,16.2464,69,0,0.100704,19,0,7.8,,0,0,0,0,0,0,0,0,0,,88,96,,0,0,0,0
1617094671109,6,1010123456023,77,,1,2,17,1,0,,13,46,0,0.075712,14,0,8,,5.14286,7,0,0.1,2,50,0,10.0076,31,,108,95,,0,0,0,4.85714
1617094671359,6,1010123456023,77,,1,2,17,1,0,,12.8462,78,158,0.135232,22,0,10.5,,7.57895,19,0,0.1,5,60,0,4.48983,0,,141,156,,0,0,0,6.68421
1617094671609,6,1010123456023,77,,1,2,17,1,0,,10.1014,69,0,0.106336,19,0,4,,0,0,0,0,0,0,0,0,0,,151,170,,0,0,0,0
1617094671859,6,1010123456023,77,,1,2,17,1,0,,5.21154,104,69,0.097632,31,0,8.66667,,0,0,0,0,0,0,0,0,0,,463,309,,0,0,0,0
1617094672109,6,1010123456023,77,,1,2,17,1,0,,6.77095,179,0,0.177856,52,0,7.5,,10.4,20,0,0.1,6,66.6667,0,11.1231,31,,714,503,,0,0,0,6.85
1617094672359,6,1010123456023,77,,1,2,17,1,0,,19.7692,39,0,0.0568,11,0,9,,0,0,0,0,0,0,0,0,0,,31,45,,0,0,0,0
1617094672609,6,1010123456023,77,,1,2,17,1,0,,13,52,0,0.086272,16,0,8,,0,0,0,0,0,0,0,0,0,,90,90,,0,0,0,0
1617094672859,6,1010123456023,77,,1,2,17,1,0,,18.913,69,0,0.099168,19,0,12,,0,0,0,0,0,0,0,0,0,,75,75,,0,0,0,0
1617094673109,6,1010123456023,77,,1,2,17,1,0,,11.4839,62,0,0.089024,20,0,3.66667,,11.8023,86,0,0.12864,27,77.7778,0,4.94992,31,,181,145,,0,0,0,8.11628
1617094673359,6,1010123456023,77,,1,2,17,1,0,,1.79096,177,0,0.098944,48,0,0.1,,0,0,0,0,0,0,0,0,0,,1136,622,,0,0,0,0
1617094673609,6,1010123456023,77,,1,2,17,1,0,,5.68627,102,0,0.090944,32,0,6.75,,0,0,0,0,0,0,0,0,0,,348,272,,0,0,0,0
1617094673859,6,1010123456023,77,,1,2,17,1,0,,20,101,0,0.156864,30,0,11,,0,0,0,0,0,0,0,0,0,,91,105,,0,0,0,0
1617094674109,6,1010123456023,77,,1,2,17,1,0,,13,27,0,0.043264,8,0,9,,15,92,0,0.170336,31,83.871,0,4.06096,31,,50,60,,0,0,0,8.38043
1617094674359,6,1010123456023,77,,1,2,17,1,0,,13.8736,87,0,0.141558,26,0,11.6667,,0,0,0,0,0,0,0,0,0,,125,159,,0,0,0,0
1617094674609,6,1010123456023,77,,1,2,17,1,0,,11.5429,105,0,0.151808,30,0,10,,0,0,0,0,0,0,0,0,0,,177,177,,0,0,0,0
1617094674859,6,1010123456023,77,,1,2,17,1,0,,16.1652,115,0,0.155936,33,0,8.5,,0,0,0,0,0,0,0,0,0,,156,160,,0,0,0,0
1617094675109,6,1010123456023,77,,1,2,17,1,0,,13.8861,79,0,0.110944,23,0,12.5,,10,22,0,0.1,7,71.4286,0,6.36311,31,,127,132,,0,0,0,7.54545
1617094675359,6,1010123456023,77,,1,2,17,1,0,,14.3043,46,0,0.063712,13,0,5.66667,,0,0,0,0,0,0,0,0,0,,47,68,,0,0,0,0
1617094675609,6,1010123456023,77,,1,2,17,1,0,,8.02941,102,0,0.114304,28,0,8,,0,0,0,0,0,0,0,0,0,,418,266,,0,0,0,0
1617094675859,6,1010123456023,77,,1,2,17,1,0,,7.60204,98,0,0.105952,28,0,4.75,,0,0,0,0,0,0,0,0,0,,312,226,,0,0,0,0
1617094676109,6,1010123456023,77,,1,2,17,1,0,,4.18232,181,158,0.115104,52,0,9.5,,13.2857,7,0,0.1,2,0,0,21.3348,31,,1167,594,,0,0,0,1
1617094676359,6,1010123456023,77,,1,2,17,1,0,,15.3371,89,0,0.144096,27,0,8,,0,0,0,0,0,0,0,0,0,,145,134,,0,0,0,0
1617094676609,6,1010123456023,77,,1,2,17,1,0,,8.76336,131,0,0.139136,38,0,8.66667,,0,0,0,0,0,0,0,0,0,,440,306,,0,0,0,0
1617094676859,6,1010123456023,77,,1,2,17,1,0,,17.7604,96,0,0.14704,27,0,14,,0,0,0,0,0,0,0,0,0,,106,119,,0,0,0,0
1617094677109,6,1010123456023,77,,1,2,17,1,0,,13.8,110,0,0.120288,31,0,9.75,,9.11539,26,0,0.1,7,71.4286,0,4.09908,31,,277,193,,0,0,0,7.57692
1617094677359,6,1010123456023,77,,1,2,17,1,0,,12.9726,73,0,0.123872,23,0,8,,0,9,0,0,3,100,0,0,0,,146,140,,0,0,0,0
1617094677609,6,1010123456023,77,,1,2,17,1,0,,17.3571,112,0,0.163552,31,0,10,,0,0,0,0,0,0,0,0,0,,141,141,,0,0,0,0
1617094677859,6,1010123456023,77,,1,2,17,1,0,,12.9278,97,0,0.121696,27,0,10.25,,0,0,0,0,0,0,0,0,0,,162,156,,0,0,0,0
1617094678109,6,1010123456023,77,,1,2,17,1,0,,5.1773,141,0,0.125728,41,0,5.5,,10.55,20,0,0.1,6,66.6667,0,15.5978,31,,610,404,,0,0,0,6.4
1617094678359,6,1010123456023,77,,1,2,17,1,0,,4.68382,136,0,0.119104,38,0,5,,0,0,0,0,0,0,0,0,0,,678,425,,0,0,0,0
1617094678609,6,1010123456023,77,,1,2,17,1,0,,3.18696,230,0,0.174528,67,0,7.25,,0,0,0,0,0,0,0,0,0,,842,774,,0,0,0,0
1617094678859,6,1010123456023,77,,1,2,17,1,0,,21.4318,88,0,0.145376,27,0,0.1,,0,0,0,0,0,0,0,0,0,,62,82,,0,0,0,0
1617094679109,6,1010123456023,77,,1,2,17,1,0,,19.7614,88,0,0.128896,26,0,5,,9.11539,26,0,0.1,7,57.1429,0,5.82267,31,,66,86,,0,0,0,6.53846
1617094679359,6,1010123456023,77,,1,2,17,1,0,,16.7778,81,0,0.109248,23,0,14.3333,,0,0,0,0,0,0,0,0,0,,131,119,,0,0,0,0
1617094679609,6,1010123456023,77,,1,2,17,1,0,,20.0706,85,0,0.12992,24,0,12,,0,0,0,0,0,0,0,0,0,,64,83,,0,0,0,0
1617094679859,6,1010123456023,77,,1,2,17,1,0,,21,71,0,0.108384,19,0,12,,0,0,0,0,0,0,0,0,0,,54,63,,0,0,0,0
1617094680109,6,1010123456023,77,,1,2,17,1,0,,19.5,108,0,0.156608,30,0,11,,0,0,0,0,0,0,0,0,0,,110,115,,0,0,0,0
1617094680359,6,1010123456023,77,,1,2,17,1,0,,6.11842,152,0,0.143136,44,0,5.33333,,6.54545,11,0,0.1,3,66.6667,0,4.55681,31,,602,410,,0,0,0,7.54545
1617094680609,6,1010123456023,77,,1,2,17,1,0,,14.2658,79,0,0.123648,22,0,11.3333,,4.8,15,0,0.1,4,50,0,6.50949,0,,136,128,,0,0,0,6.06667
1617094680859,6,1010123456023,77,,1,2,17,1,0,,21,57,0,0.08784,17,0,0.1,,0,0,0,0,0,0,0,0,0,,34,48,,0,0,0,0
1617094681109,6,1010123456023,77,,1,2,17,1,0,,7.18803,117,0,0.107328,31,0,7.33333,,0.1,15,0,0.1,4,0,0,11.7776,31,,506,306,,0,0,0,2.06667
1617094681359,6,1010123456023,77,,1,2,17,1,0,,5.71428,105,0,0.085696,31,0,7.5,,0,0,0,0,0,0,0,0,0,,482,299,,0,0,0,0
1617094681609,6,1010123456023,77,,1,2,17,1,0,,6.71963,107,0,0.090944,32,0,7.33333,,0,0,0,0,0,0,0,0,0,,448,288,,0,0,0,0
1617094681859,6,1010123456023,77,,1,2,17,1,0,,15.2692,52,0,0.08032,14,0,7,,0,0,0,0,0,0,0,0,0,,76,96,,0,0,0,0
1617094682109,6,1010123456023,77,,1,2,17,1,0,,3.53147,143,0,0.122304,43,0,7.5,,0,12,0,0,4,100,0,0,0,,715,458,,0,0,0,0
1617094682359,6,1010123456023,77,,1,2,17,1,0,,1.23116,199,0,0.101312,57,0,6.25,,0,0,0,0,0,0,0,0,0,,1342,725,,0,0,0,0
1617094682609,6,1010123456023,77,,1,2,17,1,0,,11.2093,86,0,0.078944,23,0,6.66667,,0,0,0,0,0,0,0,0,0,,288,198,,0,0,0,0
1617094682859,6,1010123456023,77,,1,2,17,1,0,,14.3974,78,61,0.109216,24,0,6,,0,0,0,0,0,0,0,0,0,,160,139,,0,0,0,0
1617094683109,6,1010123456023,77,,1,2,17,1,0,,8.42667,75,0,0.08496,21,0,7.75,,4.78571,56,0,0.1,16,37.5,0,8.32535,31,,183,185,,0,0,0,4.96429
1617094683359,6,1010123456023,77,,1,2,17,1,0,,14.2184,87,0,0.119456,25,0,11,,0,0,0,0,0,0,0,0,0,,160,160,,0,0,0,0
1617094683609,6,1010123456023,77,,1,2,17,1,0,,10.4077,130,0,0.153888,39,0,7.75,,0,0,0,0,0,0,0,0,0,,297,269,,0,0,0,0
1617094683859,6,1010123456023,77,,1,2,17,1,0,,6.47108,121,0,0.116544,32,0,8.5,,0,0,0,0,0,0,0,0,0,,456,344,,0,0,0,0
1617094684109,6,1010123456023,77,,1,2,17,1,0,,17.7978,89,0,0.132224,28,0,12.3333,,14.2857,7,0,0.1,2,0,0,22.7542,31,,147,136,,0,0,0,1
1617094684359,6,1010123456023,77,,1,2,17,1,0,,4.56213,169,158,0.136032,47,0,4.75,,0,0,0,0,0,0,0,0,0,,786,516,,0,0,0,0
1617094684609,6,1010123456023,77,,1,2,17,1,0,,4.48571,140,0,0.109056,40,0,5.33333,,0,0,0,0,0,0,0,0,0,,742,445,,0,0,0,0
1617094684859,6,1010123456023,77,,1,2,17,1,0,,3.35185,162,0,0.139392,49,0,5,,0,0,0,0,0,0,0,0,0,,732,526,,0,0,0,0
1617094685109,6,1010123456023,77,,1,2,17,1,0,,11.4328,67,0,0.096896,19,0,11,,8.86957,23,0,0.1,7,57.1429,0,8.22006,31,,138,140,,0,0,0,5.69565
1617094685359,6,1010123456023,77,,1,2,17,1,0,,21.253,83,0,0.11936,22,0,14,,0,0,0,0,0,0,0,0,0,,51,74,,0,0,0,0
1617094685609,6,1010123456023,77,,1,2,17,1,0,,18.8507,67,0,0.110848,20,0,11,,0,0,0,0,0,0,0,0,0,,53,73,,0,0,0,0
1617094685859,6,1010123456023,77,,1,2,17,1,0,,7.14773,88,0,0.090432,25,0,8,,0,0,0,0,0,0,0,0,0,,259,206,,0,0,0,0
1617094686109,6,1010123456023,77,,1,2,17,1,0,,2.30247,162,0,0.095872,42,0,1.33333,,10.0435,23,0,0.1,6,66.6667,0,8.79661,31,,1015,639,,0,0,0,7.26087
1617094686359,6,1010123456023,77,,1,2,17,1,0,,0.622222,270,0,0.131488,83,0,6,,0,0,0,0,0,0,0,0,0,,1775,1040,,0,0,0,0
1617094686609,6,1010123456023,77,,1,2,17,1,0,,4.93478,138,0,0.117472,38,0,8.5,,0,0,0,0,0,0,0,0,0,,580,410,,0,0,0,0
1617094686859,6,1010123456023,77,,1,2,17,1,0,,13.99,100,0,0.144096,29,0,8,,0,0,0,0,0,0,0,0,0,,134,137,,0,0,0,0
1617094687109,6,1010123456023,77,,1,2,17,1,0,,10.2771,83,0,0.10304,20,0,3,,7.38462,26,0,0.1,7,57.1429,0,5.82747,31,,225,176,,0,0,0,6.53846
1617094687359,6,1010123456023,77,,1,2,17,1,0,,6.81982,111,0,0.103072,33,0,6.5,,0,0,0,0,0,0,0,0,0,,388,266,,0,0,0,0
1617094687609,6,1010123456023,77,,1,2,17,1,0,,17.56,50,0,0.0904,17,0,11,,0,0,0,0,0,0,0,0,0,,62,68,,0,0,0,0
1617094687859,6,1010123456023,77,,1,2,17,1,0,,21.619,84,0,0.129408,24,0,11,,0,0,0,0,0,0,0,0,0,,53,73,,0,0,0,0
1617094688109,6,1010123456023,77,,1,2,17,1,0,,4.04098,122,0,0.09568,36,0,7.4,,6.4,30,0,0.1,8,50,0,5.215,31,,601,460,,0,0,0,5.8
1617094688359,6,1010123456023,77,,1,2,17,1,0,,10.7368,57,0,0.08672,16,0,7.75,,0,0,0,0,0,0,0,0,0,,121,124,,0,0,0,0
1617094688609,6,1010123456023,77,,1,2,17,1,0,,11.4024,82,0,0.112928,24,0,10,,0,0,0,0,0,0,0,0,0,,137,134,,0,0,0,0
1617094688859,6,1010123456023,77,,1,2,17,1,0,,5.28026,157,0,0.11664,40,0,4,,0,0,0,0,0,0,0,0,0,,608,429,,0,0,0,0
1617094689109,6,1010123456023,77,,1,2,17,1,0,,11.625,112,0,0.148352,38,0,11.2,,15.1795,78,0,0.168704,25,80,0,5.43486,31,,350,247,,0,0,0,8.05556
1617094689359,6,1010123456023,77,,1,2,17,1,0,,4.3169,142,0,0.103584,39,0,4.66667,,0,0,0,0,0,0,0,0,0,,682,440,,0,0,0,0
1617094689609,6,1010123456023,77,,1,2,17,1,0,,11.2661,109,0,0.133184,32,0,7.5,,0,0,0,0,0,0,0,0,0,,344,246,,0,0,0,0
1617094689859,6,1010123456023,77,,1,2,17,1,0,,7.44156,77,0,0.075104,23,0,9.75,,0,0,0,0,0,0,0,0,0,,324,215,,0,0,0,0
1617094690109,6,1010123456023,77,,1,2,17,1,0,,15.3385,65,0,0.096064,18,0,8,,6.26087,23,0,0.1,7,57.1429,0,9.19556,31,,88,93,,0,0,0,5.69565
1617094690359,6,1010123456023,77,,1,2,17,1,0,,17.3229,96,0,0.125216,27,0,9.5,,0,0,0,0,0,0,0,0,0,,124,110,,0,0,0,0
1617094690609,6,1010123456023,77,,1,2,17,1,0,,2.36923,195,158,0.116672,49,0,4,,0,0,0,0,0,0,0,0,0,,1216,683,,0,0,0,0
1617094690859,6,1010123456023,77,,1,2,17,1,0,,12,82,0,0.131424,31,0,9,,0,0,0,0,0,0,0,0,0,,180,156,,0,0,0,0
1617094691109,6,1010123456023,77,,1,2,17,1,0,,4.77381,84,0,0.064992,25,0,3.5,,12.6923,26,0,0.1,7,57.1429,0,8.7119,31,,367,253,,0,0,0,6.53846
1617094691359,6,1010123456023,77,,1,2,17,1,0,,3.25,120,0,0.07584,32,0,9.25,,0,0,0,0,0,0,0,0,0,,728,425,,0,0,0,0
1617094691609,6,1010123456023,77,,1,2,17,1,0,,11.8333,60,0,0.091776,20,0,9.2,,0,0,0,0,0,0,0,0,0,,123,130,,0,0,0,0
1617094691859,6,1010123456023,77,,1,2,17,1,0,,2.34286,140,0,0.087008,39,0,4,,0,0,0,0,0,0,0,0,0,,776,480,,0,0,0,0
1617094692109,6,1010123456023,77,,1,2,17,1,0,,8.87963,108,0,0.094528,30,0,9.66667,,14.4304,79,0,0.168704,25,80,0,4.62555,31,,232,199,,0,0,0,8.29958
1617094692359,6,1010123456023,77,,1,2,17,1,0,,13.7619,63,0,0.1232,22,0,8,,0,0,0,0,0,0,0,0,0,,112,114,,0,0,0,0
1617094692609,6,1010123456023,77,,1,2,17,1,0,,2.29891,184,0,0.106816,51,0,3.66667,,0,0,0,0,0,0,0,0,0,,992,594,,0,0,0,0
1617094692859,6,1010123456023,77,,1,2,17,1,0,,8.12069,58,0,0.079232,19,0,6,,0,0,0,0,0,0,0,0,0,,160,145,,0,0,0,0
1617094693109,6,1010123456023,77,,1,2,17,1,0,,10.3971,68,0,0.085024,19,0,8.6,,14.7879,99,0,0.118496,32,87.5,0,3.44395,31,,144,147,,0,0,0,8.74074
1617094693359,6,1010123456023,77,,1,2,17,1,0,,2.14865,148,0,0.082304,38,0,3,,0,0,0,0,0,0,0,0,0,,821,490,,0,0,0,0
1617094693609,6,1010123456023,77,,1,2,17,1,0,,13.1333,60,0,0.097216,22,0,11,,0,0,0,0,0,0,0,0,0,,88,90,,0,0,0,0
1617094693859,6,1010123456023,77,,1,2,17,1,0,,6.70423,142,0,0.140864,38,0,4.5,,0,0,0,0,0,0,0,0,0,,549,383,,0,0,0,0
1617094694109,6,1010123456023,77,,1,2,17,1,0,,6.15625,128,0,0.124032,38,0,7,,8.71429,14,0,0.1,4,25,0,18.7128,31,,538,334,,0,0,0,3.57143
1617094694359,6,1010123456023,77,,1,2,17,1,0,,8.95876,97,0,0.11216,29,0,8,,0,0,0,0,0,0,0,0,0,,211,185,,0,0,0,0
1617094694609,6,1010123456023,77,,1,2,17,1,0,,12.25,64,0,0.102592,18,0,8.75,,0,0,0,0,0,0,0,0,0,,125,132,,0,0,0,0
1617094694859,6,1010123456023,77,,1,2,17,1,0,,8.6,160,0,0.147552,45,0,7.33333,,0,0,0,0,0,0,0,0,0,,550,374,,0,0,0,0
1617094695109,6,1010123456023,77,,1,2,17,1,0,,13.5976,82,0,0.105248,23,0,6.5,,14,6,0,0.1,2,0,0,24.6028,31,,123,123,,0,0,0,1
1617094695359,6,1010123456023,77,,1,2,17,1,0,,21,53,0,0.07728,15,0,14,,0,0,0,0,0,0,0,0,0,,31,45,,0,0,0,0
1617094695609,6,1010123456023,77,,1,2,17,1,0,,8.54444,90,0,0.100096,26,0,7.5,,0,0,0,0,0,0,0,0,0,,234,199,,0,0,0,0
1617094695859,6,1010123456023,77,,1,2,17,1,0,,7.1295,139,0,0.128704,38,0,7.33333,,0,0,0,0,0,0,0,0,0,,454,326,,0,0,0,0
1617094696109,6,1010123456023,77,,1,2,17,1,0,,7.55118,127,0,0.134112,40,0,6,,12.6,20,0,0.1,6,83.3333,0,3.78307,31,,693,365,,0,0,0,9.2
1617094696359,6,1010123456023,77,,1,2,17,1,0,,10.1811,127,0,0.122016,35,0,6.66667,,0.1,7,0,0.1,2,0,0,9.50712,31,,396,276,,0,0,0,1
1617094696609,6,1010123456023,77,,1,2,17,1,0,,9.0687,131,0,0.132768,39,0,4.5,,0,0,0,0,0,0,0,0,0,,625,338,,0,0,0,0
1617094696859,6,1010123456023,77,,1,2,17,1,0,,6.77444,133,0,0.129088,36,0,8,,0,0,0,0,0,0,0,0,0,,599,393,,0,0,0,0
1617094697109,6,1010123456023,77,,1,2,17,1,0,,10.4196,112,0,0.16736,34,0,6.5,,13.9104,67,0,0.1,21,85.7143,0,3.39016,31,,266,256,,0,0,0,8.56219
1617094697359,6,1010123456023,77,,1,2,17,1,0,,5.47682,151,0,0.148064,45,0,8,,0,0,0,0,0,0,0,0,0,,399,364,,0,0,0,0
1617094697609,6,1010123456023,77,,1,2,17,1,0,,16.6239,109,0,0.168672,31,0,14.5,,0,0,0,0,0,0,0,0,0,,149,152,,0,0,0,0
1617094697859,6,1010123456023,77,,1,2,17,1,0,,15.8904,73,0,0.105344,20,0,8.33333,,0,0,0,0,0,0,0,0,0,,133,118,,0,0,0,0
1617094698109,6,1010123456023,77,,1,2,17,1,0,,1.71271,181,0,0.109728,55,0,3,,13.1923,26,0,0.1,8,50,0,18.292,31,,974,623,,0,0,0,5.15385
1617094698359,6,1010123456023,77,,1,2,17,1,0,,11.0172,116,0,0.105248,29,0,8.5,,0,0,0,0,0,0,0,0,0,,343,247,,0,0,0,0
1617094698609,6,1010123456023,77,,1,2,17,1,0,,5.0452,177,0,0.147904,52,0,6.75,,0,0,0,0,0,0,0,0,0,,806,521,,0,0,0,0
1617094698859,6,1010123456023,77,,1,2,17,1,0,,14.4267,75,0,0.128352,23,0,10,,0,0,0,0,0,0,0,0,0,,128,122,,0,0,0,0
1617094699109,6,1010123456023,77,,1,2,17,1,0,,11.0945,127,6,0.132064,31,0,8,,13.7143,7,0,0.1,2,0,0,25.6645,31,,495,310,,0,0,0,1
1617094699359,6,1010123456023,77,,1,2,17,1,0,,2.76829,164,0,0.11728,49,0,4.5,,0,0,0,0,0,0,0,0,0,,976,534,,0,0,0,0
1617094699609,6,1010123456023,77,,1,2,17,1,0,,5.3027,185,0,0.171072,56,0,5.25,,0,0,0,0,0,0,0,0,0,,695,487,,0,0,0,0
1617094699859,6,1010123456023,77,,1,2,17,1,0,,4.375,192,0,0.159872,54,0,4,,0,0,0,0,0,0,0,0,0,,735,539,,0,0,0,0
1617094700109,6,1010123456023,77,,1,2,17,1,0,,18.5205,73,0,0.10352,21,0,12.6667,,15.3939,99,0,0.119968,32,87.5,0,3.60954,31,,70,86,,0,0,0,8.64983
1617094700359,6,1010123456023,77,,1,2,17,1,0,,11.5294,68,0,0.079104,20,0,6.33333,,0,0,0,0,0,0,0,0,0,,158,144,,0,0,0,0
1617094700609,6,1010123456023,77,,1,2,17,1,0,,3.53333,135,0,0.092928,34,0,3,,0,0,0,0,0,0,0,0,0,,734,436,,0,0,0,0
1617094700859,6,1010123456023,77,,1,2,17,1,0,,1.65217,161,259,0.095136,49,0,1,,0,0,0,0,0,0,0,0,0,,838,527,,0,0,0,0
1617094701109,6,1010123456023,77,,1,2,17,1,0,,5.73418,158,0,0.13184,46,0,8.6,,11.92,25,0,0.1,7,57.1429,0,12.0587,31,,264,495,,0,0,0,5.92
1617094701359,6,1010123456023,77,,1,2,17,1,0,,21,71,0,0.108192,21,0,14,,0,0,0,0,0,0,0,0,0,,40,60,,0,0,0,0
1617094701609,6,1010123456023,77,,1,2,17,1,0,,13.3462,78,0,0.111872,23,0,7,,0,0,0,0,0,0,0,0,0,,253,141,,0,0,0,0
1617094701859,6,1010123456023,77,,1,2,17,1,0,,12.7356,87,0,0.128896,23,0,8,,0,0,0,0,0,0,0,0,0,,159,149,,0,0,0,0
1617094702109,6,1010123456023,77,,1,2,17,1,0,,3.24074,162,0,0.1176,45,0,3,,0,0,0,0,0,0,0,0,0,,728,525,,0,0,0,0
1617094702359,6,1010123456023,77,,1,2,17,1,0,,5.27907,129,0,0.094336,38,0,8.5,,13.7273,11,0,0.1,3,66.6667,0,6.30161,31,,700,409,,0,0,0,7.54545
1617094702609,6,1010123456023,77,,1,2,17,1,0,,4.72174,115,0,0.111264,33,0,7,,7.46667,15,0,0.1,4,50,0,6.27662,0,,531,339,,0,0,0,6.06667
1617094702859,6,1010123456023,77,,1,2,17,1,0,,17.4651,86,0,0.132512,25,0,12,,0,0,0,0,0,0,0,0,0,,108,117,,0,0,0,0
1617094703109,6,1010123456023,77,,1,2,17,1,0,,14.4299,107,0,0.175264,32,0,8,,0.1,18,0,0.1,5,20,0,7.04298,31,,200,180,,0,0,0,3.33333
1617094703359,6,1010123456023,77,,1,2,17,1,0,,16.4706,68,0,0.106432,20,0,14,,0,0,0,0,0,0,0,0,0,,87,89,,0,0,0,0
1617094703609,6,1010123456023,77,,1,2,17,1,0,,21.3049,82,0,0.1136,22,0,8.5,,0,0,0,0,0,0,0,0,0,,52,68,,0,0,0,0
1617094703859,6,1010123456023,77,,1,2,17,1,0,,8,120,0,0.111456,34,0,8.8,,0,0,0,0,0,0,0,0,0,,466,324,,0,0,0,0
1617094704109,6,1010123456023,77,,1,2,17,1,0,,5.33333,87,0,0.079392,25,0,0.1,,0.1,19,0,0.1,5,40,0,3.90772,31,,262,213,,0,0,0,5.42105
1617094704359,6,1010123456023,77,,1,2,17,1,0,,13.593,86,0,0.11696,25,0,11,,0,0,0,0,0,0,0,0,0,,134,139,,0,0,0,0
1617094704609,6,1010123456023,77,,1,2,17,1,0,,6.73333,135,0,0.15168,34,0,6.5,,0,0,0,0,0,0,0,0,0,,738,404,,0,0,0,0
1617094704859,6,1010123456023,77,,1,2,17,1,0,,1.65789,228,83,0.116832,67,0,5.33333,,0,0,0,0,0,0,0,0,0,,1816,840,,0,0,0,0
1617094705109,6,1010123456023,77,,1,2,17,1,0,,3.75309,243,0,0.159872,73,0,8.33333,,7.38462,26,0,0.1,7,57.1429,0,5.09175,31,,1448,761,,0,0,0,7.15385
1617094705359,6,1010123456023,77,,1,2,17,1,0,,14.9767,86,0,0.114016,25,0,8.5,,0,0,0,0,0,0,0,0,0,,230,149,,0,0,0,0
1617094705609,6,1010123456023,77,,1,2,17,1,0,,13.5345,58,0,0.089088,18,0,10.6667,,0,0,0,0,0,0,0,0,0,,107,115,,0,0,0,0
1617094705859,6,1010123456023,77,,1,2,17,1,0,,21,81,0,0.118496,23,0,0.1,,0,0,0,0,0,0,0,0,0,,72,72,,0,0,0,0
1617094706109,6,1010123456023,77,,1,2,17,1,0,,21,48,0,0.082528,15,0,14,,0,9,0,0.1,4,25,0,0,31,,44,45,,0,0,0,0
1617094706359,6,1010123456023,77,,1,2,17,1,0,,21,83,0,0.139264,24,0,14,,0,0,0,0,0,0,0,0,0,,64,81,,0,0,0,0
1617094706609,6,1010123456023,77,,1,2,17,1,0,,20.0385,52,0,0.072384,14,0,12,,0,0,0,0,0,0,0,0,0,,45,47,,0,0,0,0
1617094706859,6,1010123456023,77,,1,2,17,1,0,,6.64286,98,0,0.079968,29,0,9.66667,,0,0,0,0,0,0,0,0,0,,591,297,,0,0,0,0
1617094707109,6,1010123456023,77,,1,2,17,1,0,,11.951,102,0,0.121568,30,0,6.33333,,5.21739,23,0,0.1,7,57.1429,0,7.56708,31,,307,210,,0,0,0,6.21739
1617094707359,6,1010123456023,77,,1,2,17,1,0,,12.8986,69,0,0.09632,18,0,0.1,,0,0,0,0,0,0,0,0,0,,136,124,,0,0,0,0
1617094707609,6,1010123456023,77,,1,2,17,1,0,,6.30508,118,0,0.108512,31,0,9,,0,0,0,0,0,0,0,0,0,,491,328,,0,0,0,0
1617094707859,6,1010123456023,77,,1,2,17,1,0,,18.1538,65,0,0.109472,25,0,11.6,,0,0,0,0,0,0,0,0,0,,62,71,,0,0,0,0
1617094708109,6,1010123456023,77,,1,2,17,1,0,,15.72,75,0,0.122944,22,0,9.6,,13.3333,75,0,0.148736,24,79.1667,0,5.42838,31,,91,126,,0,0,0,8.04
1617094708359,6,1010123456023,77,,1,2,17,1,0,,6.65385,104,0,0.118752,31,0,4,,0,3,0,0,1,100,0,0,0,,369,291,,0,0,0,0
1617094708609,6,1010123456023,77,,1,2,17,1,0,,12.1111,90,0,0.126528,26,0,8.33333,,0,0,0,0,0,0,0,0,0,,221,191,,0,0,0,0
1617094708859,6,1010123456023,77,,1,2,17,1,0,,5.38411,151,0,0.134624,42,0,5.66667,,0,0,0,0,0,0,0,0,0,,539,399,,0,0,0,0
1617094709109,6,1010123456023,77,,1,2,17,1,0,,11.2319,69,0,0.107328,21,0,6.5,,6,30,0,0.1,8,50,0,5.53809,31,,140,124,,0,0,0,5.5
1617094709359,6,1010123456023,77,,1,2,17,1,0,,9.5977,87,0,0.113376,23,0,6.66667,,0,0,0,0,0,0,0,0,0,,274,207,,0,0,0,0
1617094709609,6,1010123456023,77,,1,2,17,1,0,,4.71271,181,0,0.18,55,0,3,,0,0,0,0,0,0,0,0,0,,772,523,,0,0,0,0
1617094709859,6,1010123456023,77,,1,2,17,1,0,,5.83333,174,0,0.160928,42,0,6,,0,0,0,0,0,0,0,0,0,,699,498,,0,0,0,0
1617094710109,6,1010123456023,77,,1,2,17,1,0,,5.84932,146,0,0.150144,49,0,9.33333,,14.8986,69,0,0.21296,23,73.913,0,6.82456,31,,594,428,,0,0,0,7.50725
1617094710359,6,1010123456023,77,,1,2,17,1,0,,12.8354,79,0,0.105632,22,0,9,,0,0,0,0,0,0,0,0,0,,246,161,,0,0,0,0
1617094710609,6,1010123456023,77,,1,2,17,1,0,,10.466,103,0,0.106016,29,0,11,,0,0,0,0,0,0,0,0,0,,278,212,,0,0,0,0
1617094710859,6,1010123456023,77,,1,2,17,1,0,,13.4068,59,0,0.086528,16,0,14,,0,0,0,0,0,0,0,0,0,,98,99,,0,0,0,0
1617094711109,6,1010123456023,77,,1,2,17,1,0,,9.98876,89,0,0.094688,27,0,8.75,,11.4286,35,0,0.1,11,72.7273,0,8.33646,31,,337,216,,0,0,0,7.17143
1617094711359,6,1010123456023,77,,1,2,17,1,0,,5.68317,101,0,0.090272,27,0,4,,0,0,0,0,0,0,0,0,0,,443,291,,0,0,0,0
1617094711609,6,1010123456023,77,,1,2,17,1,0,,8.46,100,0,0.122688,29,0,8,,0,0,0,0,0,0,0,0,0,,263,235,,0,0,0,0
1617094711859,6,1010123456023,77,,1,2,17,1,0,,16.7604,96,0,0.1432,27,0,11,,0,0,0,0,0,0,0,0,0,,116,125,,0,0,0,0
1617094712109,6,1010123456023,77,,1,2,17,1,0,,7.56204,137,0,0.139776,35,0,5.33333,,0.1,28,0,0.1,8,62.5,0,0.429963,31,,521,337,,0,0,0,6.96429
1617094712359,6,1010123456023,77,,1,2,17,1,0,,15.5,70,0,0.095232,24,0,12,,0.1,11,0,0.1,3,33.3333,0,1.22163,31,,141,116,,0,0,0,4.27273
1617094712609,6,1010123456023,77,,1,2,17,1,0,,9.34884,86,0,0.089728,26,0,3,,0,0,0,0,0,0,0,0,0,,339,226,,0,0,0,0
1617094712859,6,1010123456023,77,,1,2,17,1,0,,16.8936,94,0,0.119392,27,0,14,,0,0,0,0,0,0,0,0,0,,160,131,,0,0,0,0
1617094713109,6,1010123456023,77,,1,2,17,1,0,,12.0533,75,0,0.107072,20,0,7,,11.0714,28,0,0.1,8,50,0,7.15278,31,,164,151,,0,0,0,5.92857
1617094713359,6,1010123456023,77,,1,2,17,1,0,,12.9487,78,0,0.122848,23,0,9,,0,0,0,0,0,0,0,0,0,,160,140,,0,0,0,0
1617094713609,6,1010123456023,77,,1,2,17,1,0,,3.12162,148,0,0.082656,42,0,6.5,,0,0,0,0,0,0,0,0,0,,1035,502,,0,0,0,0
1617094713859,6,1010123456023,77,,1,2,17,1,0,,18.8333,48,0,0.073152,14,0,10,,0,0,0,0,0,0,0,0,0,,52,54,,0,0,0,0
1617094714109,6,1010123456023,77,,1,2,17,1,0,,8.51799,139,0,0.150368,41,0,8.25,,0.1,21,0,0.1,6,16.6667,0,0.939471,31,,529,347,,0,0,0,3.19048
1617094714359,6,1010123456023,77,,1,2,17,1,0,,21.2329,73,0,0.098144,19,0,14,,0,0,0,0,0,0,0,0,0,,42,59,,0,0,0,0
1617094714609,6,1010123456023,77,,1,2,17,1,0,,18.1948,77,0,0.1312,24,0,8,,0,0,0,0,0,0,0,0,0,,94,96,,0,0,0,0
1617094714859,6,1010123456023,77,,1,2,17,1,0,,11.4203,69,0,0.085312,18,0,8.5,,0,0,0,0,0,0,0,0,0,,124,126,,0,0,0,0
1617094715109,6,1010123456023,77,,1,2,17,1,0,,5.23684,114,0,0.111872,35,0,5.5,,0.1,18,0,0.1,5,20,0,5.66728,31,,457,307,,0,0,0,3.22222
1617094715359,6,1010123456023,77,,1,2,17,1,0,,12.4286,112,0,0.11632,31,0,10.3333,,0,0,0,0,0,0,0,0,0,,317,218,,0,0,0,0
1617094715609,6,1010123456023,77,,1,2,17,1,0,,21.3034,89,0,0.124416,24,0,8,,0,0,0,0,0,0,0,0,0,,60,75,,0,0,0,0
1617094715859,6,1010123456023,77,,1,2,17,1,0,,8.62222,90,0,0.12784,27,0,5,,0,0,0,0,0,0,0,0,0,,252,226,,0,0,0,0
1617094716109,6,1010123456023,77,,1,2,17,1,0,,14.28,75,0,0.123936,21,0,9.25,,15.1163,86,0,0.11984,28,85.7143,0,3.95563,31,,162,167,,0,0,0,8.55814
1617094716359,6,1010123456023,77,,1,2,17,1,0,,5.49315,146,0,0.11952,42,0,6.33333,,0,0,0,0,0,0,0,0,0,,569,360,,0,0,0,0
1617094716609,6,1010123456023,77,,1,2,17,1,0,,8.92135,89,0,0.119648,27,0,5.5,,0,0,0,0,0,0,0,0,0,,284,210,,0,0,0,0
1617094716859,6,1010123456023,77,,1,2,17,1,0,,3.7351,151,0,0.117504,43,0,4.33333,,0,0,0,0,0,0,0,0,0,,608,445,,0,0,0,0
1617094717109,6,1010123456023,77,,1,2,17,1,0,,5.3662,142,0,0.132192,38,0,5,,14.1463,41,0,0.206784,13,53.8462,0,10.7906,31,,492,380,,0,0,0,5.46341
1617094717359,6,1010123456023,77,,1,2,17,1,0,,7.52941,136,0,0.132672,42,0,9,,0,0,0,0,0,0,0,0,0,,535,363,,0,0,0,0
1617094717609,6,1010123456023,77,,1,2,17,1,0,,13.3538,65,0,0.090464,19,0,8,,0,0,0,0,0,0,0,0,0,,90,93,,0,0,0,0
1617094717859,6,1010123456023,77,,1,2,17,1,0,,15.8235,51,0,0.074464,15,0,9.33333,,0,0,0,0,0,0,0,0,0,,70,68,,0,0,0,0
1617094718109,6,1010123456023,77,,1,2,17,1,0,,19.9867,75,0,0.120384,22,0,12,,7.11111,27,0,0.1,7,57.1429,0,4.39106,31,,75,80,,0,0,0,6.66667
1617094718359,6,1010123456023,77,,1,2,17,1,0,,14.0492,61,0,0.096832,18,0,9.75,,0,0,0,0,0,0,0,0,0,,94,102,,0,0,0,0
1617094718609,6,1010123456023,77,,1,2,17,1,0,,10.3043,92,0,0.116704,27,0,10,,0,0,0,0,0,0,0,0,0,,186,183,,0,0,0,0
1617094718859,6,1010123456023,77,,1,2,17,1,0,,5.52066,121,0,0.095744,28,0,3,,0,0,0,0,0,0,0,0,0,,514,335,,0,0,0,0
1617094719109,6,1010123456023,77,,1,2,17,1,0,,5.07,100,0,0.107648,36,0,6.33333,,9.33333,15,0,0.1,4,25,0,15.4396,31,,575,328,,0,0,0,3.4
1617094719359,6,1010123456023,77,,1,2,17,1,0,,1.77027,222,0,0.132384,63,0,3,,0,0,0,0,0,0,0,0,0,,1287,786,,0,0,0,0
1617094719609,6,1010123456023,77,,1,2,17,1,0,,3.67021,94,0,0.072928,25,0,5,,0,0,0,0,0,0,0,0,0,,427,302,,0,0,0,0
1617094719859,6,1010123456023,77,,1,2,17,1,0,,12.0805,87,0,0.117024,27,0,11,,0,0,0,0,0,0,0,0,0,,182,177,,0,0,0,0
1617094720109,6,1010123456023,77,,1,2,17,1,0,,16.6364,77,0,0.116768,21,0,9.25,,0,12,0,0,4,100,0,0,0,,97,112,,0,0,0,0
1617094720359,6,1010123456023,77,,1,2,17,1,0,,16.5714,63,0,0.090656,17,0,12,,0,0,0,0,0,0,0,0,0,,82,86,,0,0,0,0
1617094720609,6,1010123456023,77,,1,2,17,1,0,,18.375,64,0,0.109984,21,0,11.8,,0,0,0,0,0,0,0,0,0,,58,75,,0,0,0,0
1617094720859,6,1010123456023,77,,1,2,17,1,0,,16.6078,51,0,0.068768,13,0,11,,0,0,0,0,0,0,0,0,0,,46,66,,0,0,0,0
1617094721109,6,1010123456023,77,,1,2,17,1,0,,13.4923,65,0,0.113408,20,0,10,,13.6579,38,0,0.1,11,72.7273,0,6.48044,31,,116,117,,0,0,0,7.39474
1617094721359,6,1010123456023,77,,1,2,17,1,0,,7.86905,84,0,0.075456,22,0,8.25,,0,0,0,0,0,0,0,0,0,,288,215,,0,0,0,0
1617094721609,6,1010123456023,77,,1,2,17,1,0,,3.36667,180,0,0.123552,52,0,5,,0,0,0,0,0,0,0,0,0,,833,537,,0,0,0,0
1617094721859,6,1010123456023,77,,1,2,17,1,0,,9.86667,90,0,0.117632,28,0,8,,0,0,0,0,0,0,0,0,0,,185,159,,0,0,0,0
1617094722109,6,1010123456023,77,,1,2,17,1,0,,6.96491,114,0,0.12224,29,0,6,,0.1,18,0,0.1,5,40,0,0.937257,31,,304,304,,0,0,0,4.88889
1617094722359,6,1010123456023,77,,1,2,17,1,0,,6.32051,156,0,0.13296,47,0,10.3333,,0,0,0,0,0,0,0,0,0,,700,447,,0,0,0,0
1617094722609,6,1010123456023,77,,1,2,17,1,0,,13.3458,107,0,0.127424,30,0,9,,0,0,0,0,0,0,0,0,0,,184,154,,0,0,0,0
1617094722859,6,1010123456023,77,,1,2,17,1,0,,17.4841,126,0,0.191296,36,0,11.3333,,0,0,0,0,0,0,0,0,0,,156,163,,0,0,0,0
1617094723109,6,1010123456023,77,,1,2,17,1,0,,17.0882,68,0,0.115392,22,0,10,,4.28571,28,0,0.1,9,66.6667,0,3.03698,31,,93,92,,0,0,0,7.07143
1617094723359,6,1010123456023,77,,1,2,17,1,0,,19.5395,76,0,0.104576,20,0,15,,0,0,0,0,0,0,0,0,0,,64,77,,0,0,0,0
1617094723609,6,1010123456023,77,,1,2,17,1,0,,11.7143,98,0,0.123904,26,0,7.25,,0,0,0,0,0,0,0,0,0,,174,175,,0,0,0,0
1617094723859,6,1010123456023,77,,1,2,17,1,0,,10.5267,131,0,0.15152,35,0,5,,0,0,0,0,0,0,0,0,0,,204,202,,0,0,0,0
1617094724109,6,1010123456023,77,,1,2,17,1,0,,10.6462,65,0,0.10736,23,0,8,,14,56,0,0.1,16,75,0,10.3122,31,,143,142,,0,0,0,7.75
1617094724359,6,1010123456023,77,,1,2,17,1,0,,10.4091,44,0,0.07248,13,0,7,,8.66667,30,0,0.1,8,62.5,0,3.38294,31,,93,108,,0,0,0,7
1617094724609,6,1010123456023,77,,1,2,17,1,0,,3.80488,123,30,0.10464,33,0,4,,0,0,0,0,0,0,0,0,0,,661,397,,0,0,0,0
1617094724859,6,1010123456023,77,,1,2,17,1,0,,0.920152,263,0,0.12864,74,0,3.5,,0,0,0,0,0,0,0,0,0,,1476,934,,0,0,0,0
1617094725109,6,1010123456023,77,,1,2,17,1,0,,5.78641,103,126,0.123168,33,0,4.66667,,6,38,0,0.1,11,72.7273,0,5.77316,31,,398,322,,0,0,0,7.86842
1617094725359,6,1010123456023,77,,1,2,17,1,0,,6.72727,143,257,0.10672,37,0,7.5,,0,0,0,0,0,0,0,0,0,,720,433,,0,0,0,0
1617094725609,6,1010123456023,77,,1,2,17,1,0,,3.95349,215,0,0.142176,64,0,9.66667,,0,0,0,0,0,0,0,0,0,,1291,703,,0,0,0,0
1617094725859,6,1010123456023,77,,1,2,17,1,0,,13.57,100,0,0.125632,28,0,11.25,,0,0,0,0,0,0,0,0,0,,178,172,,0,0,0,0
1617094726109,6,1010123456023,77,,1,2,17,1,0,,6.50943,159,0,0.129696,47,0,7.75,,15,16,0,0,4,100,0,1.51183,0,,960,488,,0,0,0,10
1617094726359,6,1010123456023,77,,1,2,17,1,0,,12.0476,63,0,0.103904,19,0,8,,0,0,0,0,0,0,0,0,0,,114,122,,0,0,0,0
1617094726609,6,1010123456023,77,,1,2,17,1,0,,14.625,64,0,0.107232,19,0,10,,0,0,0,0,0,0,0,0,0,,103,108,,0,0,0,0
1617094726859,6,1010123456023,77,,1,2,17,1,0,,8.96396,111,0,0.113184,31,0,9.75,,0,0,0,0,0,0,0,0,0,,336,257,,0,0,0,0
1617094727109,6,1010123456023,77,,1,2,17,1,0,,21.5542,83,0,0.134816,25,0,14,,10.7826,23,0,0.1,6,66.6667,0,5.97862,31,,56,72,,0,0,0,7.26087
1617094727359,6,1010123456023,77,,1,2,17,1,0,,21,89,0,0.139104,27,0,14,,0,0,0,0,0,0,0,0,0,,54,81,,0,0,0,0
1617094727609,6,1010123456023,77,,1,2,17,1,0,,5.40411,146,0,0.113504,42,0,4,,0,0,0,0,0,0,0,0,0,,770,432,,0,0,0,0
1617094727859,6,1010123456023,77,,1,2,17,1,0,,8.34653,101,0,0.113088,28,0,8,,0,0,0,0,0,0,0,0,0,,469,282,,0,0,0,0
1617094728109,6,1010123456023,77,,1,2,17,1,0,,7.92135,89,0,0.10672,27,0,8.33333,,0.1,11,0,0.1,3,0,0,9.2966,31,,226,196,,0,0,0,3.18182
1617094728359,6,1010123456023,77,,1,2,17,1,0,,13.6471,68,0,0.078464,17,0,8.5,,0,0,0,0,0,0,0,0,0,,142,108,,0,0,0,0
1617094728609,6,1010123456023,77,,1,2,17,1,0,,8.59873,157,0,0.143552,46,0,9.66667,,0,0,0,0,0,0,0,0,0,,603,406,,0,0,0,0
1617094728859,6,1010123456023,77,,1,2,17,1,0,,14.3833,60,0,0.09008,19,0,8.66667,,0,0,0,0,0,0,0,0,0,,88,95,,0,0,0,0
1617094729109,6,1010123456023,77,,1,2,17,1,0,,16.7818,55,0,0.090112,16,0,10.4,,13.7143,7,0,0.1,2,0,0,21.6744,31,,70,80,,0,0,0,1
1617094729359,6,1010123456023,77,,1,2,17,1,0,,14.2025,79,0,0.111968,22,0,8.75,,0,0,0,0,0,0,0,0,0,,130,134,,0,0,0,0
1617094729609,6,1010123456023,77,,1,2,17,1,0,,12.9722,72,0,0.11184,23,0,11,,0,0,0,0,0,0,0,0,0,,118,111,,0,0,0,0
1617094729859,6,1010123456023,77,,1,2,17,1,0,,8.67544,114,0,0.130784,33,0,6.5,,0,0,0,0,0,0,0,0,0,,384,287,,0,0,0,0
1617094730109,6,1010123456023,77,,1,2,17,1,0,,14.679,81,0,0.122496,22,0,11,,8.86957,23,0,0.1,7,57.1429,0,8.04253,31,,122,124,,0,0,0,5.69565
1617094730359,6,1010123456023,77,,1,2,17,1,0,,4.70556,180,0,0.124704,52,0,9.66667,,0,0,0,0,0,0,0,0,0,,1135,575,,0,0,0,0
1617094730609,6,1010123456023,77,,1,2,17,1,0,,18.8286,70,0,0.10432,20,0,10,,0,0,0,0,0,0,0,0,0,,60,75,,0,0,0,0
1617094730859,6,1010123456023,77,,1,2,17,1,0,,8.68,100,0,0.124416,28,0,3,,0,0,0,0,0,0,0,0,0,,409,281,,0,0,0,0
1617094731109,6,1010123456023,77,,1,2,17,1,0,,13.4712,104,0,0.125824,28,0,12.3333,,11.3171,41,0,0.1,12,66.6667,0,7.99869,31,,274,194,,0,0,0,7.21951
1617094731359,6,1010123456023,77,,1,2,17,1,0,,11.6413,92,0,0.151136,29,0,7,,0,0,0,0,0,0,0,0,0,,196,180,,0,0,0,0
1617094731609,6,1010123456023,77,,1,2,17,1,0,,6.78261,138,0,0.124096,40,0,8.33333,,0,0,0,0,0,0,0,0,0,,580,384,,0,0,0,0
1617094731859,6,1010123456023,77,,1,2,17,1,0,,12.9254,67,0,0.102816,19,0,5,,0,0,0,0,0,0,0,0,0,,131,118,,0,0,0,0
1617094732109,6,1010123456023,77,,1,2,17,1,0,,5.30508,59,0,0.058112,17,0,0.1,,5.1,10,0,0.1,3,0,0,26.8142,31,,195,158,,0,0,0,1
1617094732359,6,1010123456023,77,,1,2,17,1,0,,5.43956,91,0,0.075648,26,0,8.5,,0,0,0,0,0,0,0,0,0,,417,285,,0,0,0,0
1617094732609,6,1010123456023,77,,1,2,17,1,0,,10.3067,163,0,0.17184,45,0,10,,0,0,0,0,0,0,0,0,0,,548,369,,0,0,0,0
1617094732859,6,1010123456023,77,,1,2,17,1,0,,14.9588,97,0,0.154656,29,0,7.66667,,0,0,0,0,0,0,0,0,0,,135,148,,0,0,0,0
1617094733109,6,1010123456023,77,,1,2,17,1,0,,2.88889,117,0,0.082496,34,0,4.5,,0,0,0,0,0,0,0,0,0,,660,411,,0,0,0,0
1617094733359,6,1010123456023,77,,1,2,17,1,0,,2.14208,183,32,0.124832,53,0,4.5,,0,0,0,0,0,0,0,0,0,,1096,680,,0,0,0,0
1617094733609,6,1010123456023,77,,1,2,17,1,0,,2.20952,210,0,0.139872,61,0,4.33333,,10.3462,26,0,0.1,7,57.1429,0,6.28567,31,,1000,730,,0,0,0,6.53846
1617094733859,6,1010123456023,77,,1,2,17,1,0,,5.56061,66,0,0.066464,19,0,5.8,,0,0,0,0,0,0,0,0,0,,230,183,,0,0,0,0
1617094734110,6,1010123456023,77,,1,2,17,1,0,,9.625,104,0,0.127426,29,0,8.6,,10.7368,19,0,0.1,5,40,0,13.6229,31,,255,214,,0,0,0,4.78947
1617094734359,6,1010123456023,77,,1,2,17,1,0,,2.90566,106,0,0.0668273,28,0,3,,0,0,0,0,0,0,0,0,0,,564,354,,0,0,0,0
1617094734609,6,1010123456023,77,,1,2,17,1,0,,7.8172,93,0,0.092256,27,0,11.6667,,0,0,0,0,0,0,0,0,0,,338,236,,0,0,0,0
1617094734859,6,1010123456023,77,,1,2,17,1,0,,18.7143,56,0,0.094016,18,0,11,,0,0,0,0,0,0,0,0,0,,56,69,,0,0,0,0
1617094735109,6,1010123456023,77,,1,2,17,1,0,,15,88,0,0.133408,25,0,10,,13.2857,7,0,0.1,2,0,0,24.7704,31,,124,132,,0,0,0,1
1617094735359,6,1010123456023,77,,1,2,17,1,0,,15.4348,69,0,0.10096,19,0,8,,0,0,0,0,0,0,0,0,0,,94,99,,0,0,0,0
1617094735609,6,1010123456023,77,,1,2,17,1,0,,13,99,0,0.156832,29,0,0.1,,0,0,0,0,0,0,0,0,0,,174,174,,0,0,0,0
1617094735859,6,1010123456023,77,,1,2,17,1,0,,12.9273,110,0,0.183424,34,0,0.1,,0,0,0,0,0,0,0,0,0,,217,198,,0,0,0,0
1617094736109,6,1010123456023,77,,1,2,17,1,0,,12.5481,104,0,0.128992,28,0,11,,13.2857,7,0,0.1,2,50,0,10.8901,31,,143,148,,0,0,0,6.14286
1617094736359,6,1010123456023,77,,1,2,17,1,0,,19.5965,57,0,0.093504,18,0,11,,7.57895,19,0,0.1,5,60,0,4.94942,0,,52,66,,0,0,0,6.68421
1617094736609,6,1010123456023,77,,1,2,17,1,0,,7.16216,111,0,0.11712,31,0,5,,0,0,0,0,0,0,0,0,0,,274,251,,0,0,0,0
1617094736859,6,1010123456023,77,,1,2,17,1,0,,11.3261,46,0,0.065056,13,0,7,,0,0,0,0,0,0,0,0,0,,114,104,,0,0,0,0
1617094737109,6,1010123456023,77,,1,2,17,1,0,,18.3378,74,0,0.126176,23,0,11.3333,,7.38462,26,0,0.1,7,57.1429,0,8.87892,31,,88,92,,0,0,0,6.53846
1617094737359,6,1010123456023,77,,1,2,17,1,0,,15.1143,70,0,0.118016,20,0,11.6667,,0,0,0,0,0,0,0,0,0,,104,130,,0,0,0,0
1617094737609,6,1010123456023,77,,1,2,17,1,0,,18.5904,83,0,0.115136,22,0,9,,0,0,0,0,0,0,0,0,0,,88,90,,0,0,0,0
1617094737859,6,1010123456023,77,,1,2,17,1,0,,7.54054,111,0,0.127296,34,0,6.33333,,0,0,0,0,0,0,0,0,0,,267,239,,0,0,0,0
1617094738109,6,1010123456023,77,,1,2,17,1,0,,4.25328,229,0,0.145088,62,0,7.5,,13.7143,7,0,0.1,2,0,0,23.38,31,,1346,746,,0,0,0,1
1617094738359,6,1010123456023,77,,1,2,17,1,0,,3.34848,132,0,0.113248,42,0,5.33333,,0,0,0,0,0,0,0,0,0,,607,448,,0,0,0,0
1617094738609,6,1010123456023,77,,1,2,17,1,0,,14.0784,102,0,0.143968,29,0,12,,0,0,0,0,0,0,0,0,0,,196,167,,0,0,0,0
1617094738859,6,1010123456023,77,,1,2,17,1,0,,19.5882,68,0,0.093248,18,0,8,,0,0,0,0,0,0,0,0,0,,50,66,,0,0,0,0
1617094739109,6,1010123456023,77,,1,2,17,1,0,,13,71,0,0.10816,20,0,8,,13.7143,7,0,0.1,2,0,0,23.1748,31,,120,120,,0,0,0,1
1617094739359,6,1010123456023,77,,1,2,17,1,0,,8.26761,71,0,0.090848,22,0,5,,0,0,0,0,0,0,0,0,0,,162,156,,0,0,0,0
1617094739609,6,1010123456023,77,,1,2,17,1,0,,9.42857,119,0,0.152736,34,0,7.5,,0,0,0,0,0,0,0,0,0,,385,303,,0,0,0,0
1617094739859,6,1010123456023,77,,1,2,17,1,0,,5.27174,92,0,0.081536,26,0,5.25,,0,0,0,0,0,0,0,0,0,,376,253,,0,0,0,0
1617094740109,6,1010123456023,77,,1,2,17,1,0,,9.77586,58,0,0.07088,17,0,6.5,,0,5,0,0.1,2,0,0,0,31,,141,120,,0,0,0,0
1617094740359,6,1010123456023,77,,1,2,17,1,0,,18.2785,79,0,0.115648,22,0,12,,0,0,0,0,0,0,0,0,0,,78,89,,0,0,0,0
1617094740609,6,1010123456023,77,,1,2,17,1,0,,17.0667,60,0,0.083904,17,0,12,,0,0,0,0,0,0,0,0,0,,57,68,,0,0,0,0
1617094740859,6,1010123456023,77,,1,2,17,1,0,,5.05189,212,0,0.149344,61,0,1,,0,0,0,0,0,0,0,0,0,,795,720,,0,0,0,0
1617094741109,6,1010123456023,77,,1,2,17,1,0,,9.94595,111,0,0.135392,32,0,11.5,,13.2857,7,0,0.1,2,50,0,8.73176,31,,370,245,,0,0,0,6.14286
1617094741359,6,1010123456023,77,,1,2,17,1,0,,5.56731,104,0,0.098144,29,0,5.75,,7.57895,19,0,0.1,5,60,0,5.04621,0,,324,257,,0,0,0,6.68421
1617094741609,6,1010123456023,77,,1,2,17,1,0,,8.67045,88,0,0.108896,24,0,8,,0,0,0,0,0,0,0,0,0,,315,221,,0,0,0,0
1617094741859,6,1010123456023,77,,1,2,17,1,0,,13,76,0,0.129792,24,0,8,,0,0,0,0,0,0,0,0,0,,132,132,,0,0,0,0
1617094742109,6,1010123456023,77,,1,2,17,1,0,,12.5256,78,0,0.108832,23,0,0.1,,13.0909,22,0,0.1392,6,0,0,24.386,31,,132,126,,0,0,0,1
1617094742359,6,1010123456023,77,,1,2,17,1,0,,6.30233,86,0,0.085792,25,0,4,,0,0,0,0,0,0,0,0,0,,283,218,,0,0,0,0
1617094742609,6,1010123456023,77,,1,2,17,1,0,,5.33333,153,0,0.13952,43,0,4.5,,0,0,0,0,0,0,0,0,0,,715,425,,0,0,0,0
1617094742859,6,1010123456023,77,,1,2,17,1,0,,6.43312,157,0,0.122976,44,0,9,,0,0,0,0,0,0,0,0,0,,712,401,,0,0,0,0
1617094743109,6,1010123456023,77,,1,2,17,1,0,,16.3659,82,0,0.119488,24,0,11.75,,8.88,25,0,0.1,7,57.1429,0,3.33243,31,,107,133,,0,0,0,6.88
1617094743359,6,1010123456023,77,,1,2,17,1,0,,12.1932,88,0,0.079744,20,0,3,,0,0,0,0,0,0,0,0,0,,244,174,,0,0,0,0
1617094743609,6,1010123456023,77,,1,2,17,1,0,,13.5056,89,0,0.110624,29,0,14,,0,0,0,0,0,0,0,0,0,,247,179,,0,0,0,0
1617094743859,6,1010123456023,77,,1,2,17,1,0,,14.0106,94,0,0.142496,29,0,9.75,,0,0,0,0,0,0,0,0,0,,162,169,,0,0,0,0
1617094744109,6,1010123456023,77,,1,2,17,1,0,,21.6486,74,0,0.124864,22,0,0.1,,0.1,4,0,0.1,1,0,0,16.0939,31,,55,70,,0,0,0,1
1617094744359,6,1010123456023,77,,1,2,17,1,0,,2.7235,217,0,0.141622,63,0,3.66667,,0,6,0,0.1,2,0,0,0,0,,992,693,,0,0,0,0
1617094744609,6,1010123456023,77,,1,2,17,1,0,,5.46043,139,0,0.12688,39,0,0.1,,0,0,0,0,0,0,0,0,0,,412,343,,0,0,0,0
1617094744859,6,1010123456023,77,,1,2,17,1,0,,5.72131,122,0,0.116032,35,0,14,,0,0,0,0,0,0,0,0,0,,357,304,,0,0,0,0
1617094745109,6,1010123456023,77,,1,2,17,1,0,,13.3939,66,0,0.077952,18,0,11,,9,24,0,0.1,7,57.1429,0,7.32529,31,,110,114,,0,0,0,5.875
1617094745359,6,1010123456023,77,,1,2,17,1,0,,19.3448,58,0,0.088608,17,0,8,,0,0,0,0,0,0,0,0,0,,51,63,,0,0,0,0
1617094745609,6,1010123456023,77,,1,2,17,1,0,,13.7945,73,0,0.089536,20,0,9.6,,0,0,0,0,0,0,0,0,0,,152,125,,0,0,0,0
1617094745859,6,1010123456023,77,,1,2,17,1,0,,7.19868,151,0,0.152352,40,0,6.5,,0,0,0,0,0,0,0,0,0,,561,419,,0,0,0,0
1617094746109,6,1010123456023,77,,1,2,17,1,0,,7.93151,146,0,0.183008,47,0,8.33333,,8.26531,49,0,0.1,15,73.3333,0,2.96366,31,,454,410,,0,0,0,7.69388
1617094746359,6,1010123456023,77,,1,2,17,1,0,,21,43,0,0.061824,12,0,11,,0,0,0,0,0,0,0,0,0,,25,36,,0,0,0,0
1617094746609,6,1010123456023,77,,1,2,17,1,0,,13,79,0,0.118976,22,0,6.5,,0,0,0,0,0,0,0,0,0,,132,132,,0,0,0,0
1617094746859,6,1010123456023,77,,1,2,17,1,0,,10.0556,90,0,0.112384,24,0,11.5,,0,0,0,0,0,0,0,0,0,,228,198,,0,0,0,0
1617094747109,6,1010123456023,77,,1,2,17,1,0,,7.92929,99,0,0.084768,27,0,8.33333,,0.1,10,0,0.1,3,0,0,1.10913,31,,349,243,,0,0,0,4.8
1617094747359,6,1010123456023,77,,1,2,17,1,0,,13,36,0,0.064896,12,0,8,,0,0,0,0,0,0,0,0,0,,60,60,,0,0,0,0
1617094747609,6,1010123456023,77,,1,2,17,1,0,,16.0545,55,0,0.074176,14,0,9.4,,0,0,0,0,0,0,0,0,0,,77,78,,0,0,0,0
1617094747859,6,1010123456023,77,,1,2,17,1,0,,6.29457,129,0,0.143488,39,0,11,,0,0,0,0,0,0,0,0,0,,464,334,,0,0,0,0
1617094748109,6,1010123456023,77,,1,2,17,1,0,,5.98182,165,0,0.13536,48,0,6.5,,14.6829,82,0,0.213632,26,76.9231,0,6.04907,31,,795,493,,0,0,0,7.84146
1617094748359,6,1010123456023,77,,1,2,17,1,0,,12.2121,66,0,0.108992,20,0,7.5,,0,0,0,0,0,0,0,0,0,,127,136,,0,0,0,0
1617094748609,6,1010123456023,77,,1,2,17,1,0,,10.1325,83,0,0.116352,24,0,7,,0,0,0,0,0,0,0,0,0,,174,177,,0,0,0,0
1617094748859,6,1010123456023,77,,1,2,17,1,0,,10.7288,59,0,0.088832,16,0,0.1,,0,0,0,0,0,0,0,0,0,,121,138,,0,0,0,0
1617094749109,6,1010123456023,77,,1,2,17,1,0,,10.375,80,0,0.132128,25,0,8,,7.8,25,0,0.1,8,50,0,10.3555,31,,173,188,,0,0,0,5.32
1617094749359,6,1010123456023,77,,1,2,17,1,0,,15.8824,68,0,0.09632,18,0,14,,0,0,0,0,0,0,0,0,0,,96,101,,0,0,0,0
1617094749609,6,1010123456023,77,,1,2,17,1,0,,14.4706,102,0,0.125632,29,0,5.75,,0,0,0,0,0,0,0,0,0,,229,164,,0,0,0,0
1617094749859,6,1010123456023,77,,1,2,17,1,0,,6.50746,134,0,0.123296,39,0,4.33333,,0,0,0,0,0,0,0,0,0,,753,409,,0,0,0,0
1617094750109,6,1010123456023,77,,1,2,17,1,0,,15.75,104,0,0.159424,32,0,11,,13.2857,7,0,0.1,2,0,0,23.4019,31,,129,135,,0,0,0,1
1617094750359,6,1010123456023,77,,1,2,17,1,0,,13,70,0,0.102752,19,0,0.1,,0,0,0,0,0,0,0,0,0,,138,120,,0,0,0,0
1617094750609,6,1010123456023,77,,1,2,17,1,0,,10.0598,117,158,0.132608,36,0,9.66667,,0,0,0,0,0,0,0,0,0,,384,275,,0,0,0,0
1617094750859,6,1010123456023,77,,1,2,17,1,0,,10.8288,111,0,0.142528,32,0,10,,0,0,0,0,0,0,0,0,0,,279,259,,0,0,0,0
1617094751109,6,1010123456023,77,,1,2,17,1,0,,16.7419,62,0,0.089632,17,0,11,,13.7143,7,0,0.1,2,0,0,22.7765,31,,78,87,,0,0,0,1
1617094751359,6,1010123456023,77,,1,2,17,1,0,,12.8971,68,0,0.118048,21,0,8,,0,0,0,0,0,0,0,0,0,,135,124,,0,0,0,0
1617094751609,6,1010123456023,77,,1,2,17,1,0,,1.79245,212,0,0.121088,60,0,4.25,,0,0,0,0,0,0,0,0,0,,1201,719,,0,0,0,0
1617094751859,6,1010123456023,77,,1,2,17,1,0,,12.8913,92,0,0.121664,25,0,8.5,,0,0,0,0,0,0,0,0,0,,165,154,,0,0,0,0
1617094752109,6,1010123456023,77,,1,2,17,1,0,,5.33654,104,0,0.1,29,0,5,,0,12,0,0,4,100,0,0,0,,309,289,,0,0,0,0
1617094752359,6,1010123456023,77,,1,2,17,1,0,,3.23077,169,0,0.119328,46,0,4.66667,,0,0,0,0,0,0,0,0,0,,822,547,,0,0,0,0
1617094752609,6,1010123456023,77,,1,2,17,1,0,,4.44538,238,0,0.197152,69,0,5,,0,0,0,0,0,0,0,0,0,,886,639,,0,0,0,0
1617094752859,6,1010123456023,77,,1,2,17,1,0,,12.1129,62,0,0.091872,18,0,7,,0,0,0,0,0,0,0,0,0,,111,110,,0,0,0,0
1617094753109,6,1010123456023,77,,1,2,17,1,0,,6.02143,140,0,0.122464,42,0,7.5,,0.1,7,0,0,2,100,0,0.299215,0,,477,357,,0,0,0,10
1617094753359,6,1010123456023,77,,1,2,17,1,0,,8.33594,128,0,0.137536,36,0,8,,0.1,11,0,0.1,3,0,0,1.14576,31,,378,329,,0,0,0,3.36364
1617094753609,6,1010123456023,77,,1,2,17,1,0,,2.42953,149,0,0.103808,40,0,3,,0,0,0,0,0,0,0,0,0,,840,561,,0,0,0,0
1617094753859,6,1010123456023,77,,1,2,17,1,0,,11.1707,123,0,0.14464,38,0,9.66667,,0,0,0,0,0,0,0,0,0,,284,220,,0,0,0,0
1617094754110,6,1010123456023,77,,1,2,17,1,0,,8.33103,145,0,0.142375,42,0,10.3333,,8.41026,39,0,0.1,11,72.7273,0,5.41292,31,,421,359,,0,0,0,7.46154
1617094754359,6,1010123456023,77,,1,2,17,1,0,,6.41667,132,0,0.12906,37,0,6,,0,0,0,0,0,0,0,0,0,,461,346,,0,0,0,0
1617094754609,6,1010123456023,77,,1,2,17,1,0,,8.91667,84,0,0.096704,18,0,8.5,,0,0,0,0,0,0,0,0,0,,288,194,,0,0,0,0
1617094754859,6,1010123456023,77,,1,2,17,1,0,,20.9167,84,0,0.140352,30,0,11,,0,0,0,0,0,0,0,0,0,,57,77,,0,0,0,0
1617094755109,6,1010123456023,77,,1,2,17,1,0,,15.3832,107,0,0.16432,31,0,11,,12.5,20,0,0.1,7,85.7143,0,5.48292,31,,164,160,,0,0,0,9.1
1617094755359,6,1010123456023,77,,1,2,17,1,0,,9.21538,65,0,0.073792,19,0,10.25,,6.4,15,0,0.1,4,50,0,7.72457,31,,163,134,,0,0,0,6.6
1617094755609,6,1010123456023,77,,1,2,17,1,0,,11.4811,106,0,0.140032,28,0,11,,0,0,0,0,0,0,0,0,0,,192,190,,0,0,0,0
1617094755859,6,1010123456023,77,,1,2,17,1,0,,18.7407,81,0,0.1208,23,0,10,,0,0,0,0,0,0,0,0,0,,90,95,,0,0,0,0
1617094756109,6,1010123456023,77,,1,2,17,1,0,,18.2687,67,0,0.100192,19,0,7,,13.2857,7,0,0.1,2,0,0,27.5771,31,,80,87,,0,0,0,1
1617094756359,6,1010123456023,77,,1,2,17,1,0,,10.4839,93,0,0.132896,25,0,8,,0,0,0,0,0,0,0,0,0,,176,200,,0,0,0,0
1617094756609,6,1010123456023,77,,1,2,17,1,0,,13,72,0,0.118976,22,0,8,,0,0,0,0,0,0,0,0,0,,126,126,,0,0,0,0
1617094756859,6,1010123456023,77,,1,2,17,1,0,,11.9167,48,0,0.076704,13,0,7.66667,,0,0,0,0,0,0,0,0,0,,144,95,,0,0,0,0
1617094757109,6,1010123456023,77,,1,2,17,1,0,,15.5507,69,0,0.117184,22,0,12,,8.86957,23,0,0.1,7,57.1429,0,9.24187,31,,98,105,,0,0,0,5.69565
1617094757359,6,1010123456023,77,,1,2,17,1,0,,13.8889,72,0,0.113152,20,0,7.5,,0,0,0,0,0,0,0,0,0,,109,120,,0,0,0,0
1617094757609,6,1010123456023,77,,1,2,17,1,0,,5.63025,119,0,0.112192,34,0,5.33333,,0,0,0,0,0,0,0,0,0,,412,312,,0,0,0,0
1617094757859,6,1010123456023,77,,1,2,17,1,0,,5.32432,111,0,0.086496,30,0,8.5,,0,0,0,0,0,0,0,0,0,,476,309,,0,0,0,0
1617094758109,6,1010123456023,77,,1,2,17,1,0,,21.2152,79,0,0.118752,23,0,0.1,,7.45455,11,0,0.1,3,0,0,25.2892,31,,50,68,,0,0,0,1
1617094758359,6,1010123456023,77,,1,2,17,1,0,,18.7561,82,0,0.146496,26,0,11,,0,0,0,0,0,0,0,0,0,,95,105,,0,0,0,0
1617094758609,6,1010123456023,77,,1,2,17,1,0,,4.10227,88,0,0.059552,25,0,7.5,,0,0,0,0,0,0,0,0,0,,550,273,,0,0,0,0
1617094758859,6,1010123456023,77,,1,2,17,1,0,,14.6863,102,0,0.119136,27,0,8.33333,,0,0,0,0,0,0,0,0,0,,156,173,,0,0,0,0
1617094759109,6,1010123456023,77,,1,2,17,1,0,,4.50704,213,0,0.16576,62,0,7.5,,9.11539,26,0,0.1,7,57.1429,0,5.9202,31,,687,624,,0,0,0,6.53846
1617094759359,6,1010123456023,77,,1,2,17,1,0,,9.04255,94,0,0.088224,24,0,6.5,,0,0,0,0,0,0,0,0,0,,220,183,,0,0,0,0
1617094759609,6,1010123456023,77,,1,2,17,1,0,,5.21429,112,0,0.106304,34,0,8,,0,0,0,0,0,0,0,0,0,,308,287,,0,0,0,0
1617094759859,6,1010123456023,77,,1,2,17,1,0,,20.0116,86,0,0.119776,23,0,11.3333,,0,0,0,0,0,0,0,0,0,,69,83,,0,0,0,0
1617094760109,6,1010123456023,77,,1,2,17,1,0,,15.7103,107,0,0.154624,31,0,8,,10,28,0,0.1,7,71.4286,0,7.68207,31,,217,165,,0,0,0,7.42857
1617094760359,6,1010123456023,77,,1,2,17,1,0,,8.23913,138,0,0.155456,41,0,7,,0,0,0,0,0,0,0,0,0,,432,306,,0,0,0,0
1617094760609,6,1010123456023,77,,1,2,17,1,0,,5.59459,111,0,0.10592,31,0,5,,0,0,0,0,0,0,0,0,0,,324,278,,0,0,0,0
1617094760859,6,1010123456023,77,,1,2,17,1,0,,7.175,80,0,0.097056,25,0,5.66667,,0,0,0,0,0,0,0,0,0,,338,235,,0,0,0,0
1617094761109,6,1010123456023,77,,1,2,17,1,0,,6.45872,109,0,0.106336,29,0,5,,0.1,21,0,0.1,6,50,0,0.821349,31,,293,279,,0,0,0,5.80952
1617094761359,6,1010123456023,77,,1,2,17,1,0,,5.30833,120,0,0.115968,35,0,0.1,,0,0,0,0,0,0,0,0,0,,354,300,,0,0,0,0
1617094761609,6,1010123456023,77,,1,2,17,1,0,,5.42391,92,0,0.089664,27,0,0.1,,0,0,0,0,0,0,0,0,0,,262,229,,0,0,0,0
1617094761859,6,1010123456023,77,,1,2,17,1,0,,5.49359,156,0,0.158688,47,0,9.5,,0,0,0,0,0,0,0,0,0,,551,411,,0,0,0,0
1617094762109,6,1010123456023,77,,1,2,17,1,0,,11.4884,86,0,0.105504,21,0,9,,0,0,0,0,0,0,0,0,0,,224,200,,0,0,0,0
1617094762359,6,1010123456023,77,,1,2,17,1,0,,13.3214,56,0,0.078688,18,0,9,,0.1,22,0,0.1,6,50,0,0.790637,31,,107,103,,0,0,0,5.81818
1617094762609,6,1010123456023,77,,1,2,17,1,0,,8.88971,136,0,0.16064,40,0,9,,0,0,0,0,0,0,0,0,0,,341,299,,0,0,0,0
1617094762859,6,1010123456023,77,,1,2,17,1,0,,14.6575,73,0,0.077504,16,0,9.25,,0,0,0,0,0,0,0,0,0,,132,119,,0,0,0,0
1617094763109,6,1010123456023,77,,1,2,17,1,0,,1.92366,131,0,0.088,44,0,5,,7.38462,26,0,0.1,7,57.1429,0,5.6409,31,,790,456,,0,0,0,6.84615
1617094763359,6,1010123456023,77,,1,2,17,1,0,,11.061,82,0,0.099104,23,0,11,,0,0,0,0,0,0,0,0,0,,167,172,,0,0,0,0
1617094763609,6,1010123456023,77,,1,2,17,1,0,,19.8818,110,0,0.140064,27,0,9,,0,0,0,0,0,0,0,0,0,,75,95,,0,0,0,0
1617094763859,6,1010123456023,77,,1,2,17,1,0,,16.0968,62,0,0.117024,21,0,11.8,,0,0,0,0,0,0,0,0,0,,92,95,,0,0,0,0
1617094764109,6,1010123456023,77,,1,2,17,1,0,,18.0814,86,0,0.119904,23,0,9,,6.26087,23,0,0.1,7,57.1429,0,9.68203,31,,91,106,,0,0,0,5.69565
1617094764359,6,1010123456023,77,,1,2,17,1,0,,4.2967,182,0,0.154816,52,0,4.33333,,0,0,0,0,0,0,0,0,0,,735,521,,0,0,0,0
1617094764609,6,1010123456023,77,,1,2,17,1,0,,6.5914,93,0,0.105792,29,0,7,,0,0,0,0,0,0,0,0,0,,250,225,,0,0,0,0
1617094764859,6,1010123456023,77,,1,2,17,1,0,,5.49573,117,180,0.100576,28,0,3,,0,0,0,0,0,0,0,0,0,,454,327,,0,0,0,0
1617094765109,6,1010123456023,77,,1,2,17,1,0,,8.22449,147,0,0.150944,48,0,10,,14.2857,7,0,0.1,2,0,0,21.8892,31,,470,377,,0,0,0,1
1617094765359,6,1010123456023,77,,1,2,17,1,0,,15.6667,54,0,0.080128,16,0,11,,0,0,0,0,0,0,0,0,0,,98,71,,0,0,0,0
1617094765609,6,1010123456023,77,,1,2,17,1,0,,8.47126,87,0,0.100672,24,0,7.5,,0,0,0,0,0,0,0,0,0,,227,217,,0,0,0,0
1617094765859,6,1010123456023,77,,1,2,17,1,0,,3.87817,197,0,0.145536,56,0,7,,0,0,0,0,0,0,0,0,0,,947,618,,0,0,0,0
1617094766109,6,1010123456023,77,,1,2,17,1,0,,17.8525,61,0,0.100192,19,0,12.3333,,13.2857,7,0,0.1,2,0,0,28.0859,31,,63,80,,0,0,0,1
1617094766359,6,1010123456023,77,,1,2,17,1,0,,6.26667,150,0,0.143136,40,0,5,,0,0,0,0,0,0,0,0,0,,424,361,,0,0,0,0
1617094766609,6,1010123456023,77,,1,2,17,1,0,,10.6484,91,0,0.114688,26,0,9.5,,0,0,0,0,0,0,0,0,0,,157,174,,0,0,0,0
1617094766859,6,1010123456023,77,,1,2,17,1,0,,13.3537,82,0,0.121312,25,0,11,,0,0,0,0,0,0,0,0,0,,155,135,,0,0,0,0
1617094767109,6,1010123456023,77,,1,2,17,1,0,,4.19626,107,0,0.097344,32,0,5.66667,,13.7143,7,0,0.1,2,0,0,25.0019,31,,629,356,,0,0,0,1
1617094767359,6,1010123456023,77,,1,2,17,1,0,,11.2471,85,0,0.113216,24,0,6.5,,0,0,0,0,0,0,0,0,0,,151,144,,0,0,0,0
1617094767609,6,1010123456023,77,,1,2,17,1,0,,12.5,56,0,0.069376,14,0,8,,0,0,0,0,0,0,0,0,0,,90,94,,0,0,0,0
1617094767859,6,1010123456023,77,,1,2,17,1,0,,12.72,75,0,0.107168,23,0,12.3333,,0,0,0,0,0,0,0,0,0,,174,135,,0,0,0,0
1617094768109,6,1010123456023,77,,1,2,17,1,0,,7.77778,90,0,0.106528,27,0,7,,10.7561,41,0,0.1,12,75,0,3.29806,31,,217,210,,0,0,0,8.2439
1617094768359,6,1010123456023,77,,1,2,17,1,0,,10.9036,83,0,0.107392,23,0,6.5,,0,0,0,0,0,0,0,0,0,,198,157,,0,0,0,0
1617094768609,6,1010123456023,77,,1,2,17,1,0,,17.6265,83,0,0.137024,26,0,10.25,,0,0,0,0,0,0,0,0,0,,94,108,,0,0,0,0
1617094768859,6,1010123456023,77,,1,2,17,1,0,,5.45113,133,0,0.131904,39,0,5,,0,0,0,0,0,0,0,0,0,,428,358,,0,0,0,0
1617094769109,6,1010123456023,77,,1,2,17,1,0,,10.4382,89,0,0.100064,26,0,10.3333,,12.4062,96,0,0.1,30,80,0,4.57303,31,,204,180,,0,0,0,8.01042
1617094769359,6,1010123456023,77,,1,2,17,1,0,,6.73973,73,0,0.07536,22,0,8.6,,0,0,0,0,0,0,0,0,0,,312,234,,0,0,0,0
1617094769609,6,1010123456023,77,,1,2,17,1,0,,14.0137,73,0,0.108288,20,0,6,,0,0,0,0,0,0,0,0,0,,124,142,,0,0,0,0
1617094769859,6,1010123456023,77,,1,2,17,1,0,,3.61765,170,0,0.12944,48,0,2.5,,0,0,0,0,0,0,0,0,0,,807,493,,0,0,0,0
1617094770109,6,1010123456023,77,,1,2,17,1,0,,5.92353,170,0,0.160512,52,0,6.6,,6.4,55,0,0.1,16,81.25,0,3.72363,31,,842,494,,0,0,0,8.52727
1617094770359,6,1010123456023,77,,1,2,17,1,0,,11.3852,122,0,0.160608,35,0,10,,8,12,0,0,3,100,0,0.908802,0,,288,267,,0,0,0,10
1617094770609,6,1010123456023,77,,1,2,17,1,0,,8.95238,126,0,0.118848,34,0,6.2,,0,0,0,0,0,0,0,0,0,,436,304,,0,0,0,0
1617094770859,6,1010123456023,77,,1,2,17,1,0,,12.9457,92,0,0.144384,28,0,0.1,,0,0,0,0,0,0,0,0,0,,164,158,,0,0,0,0
1617094771109,6,1010123456023,77,,1,2,17,1,0,,12.4845,97,0,0.133664,28,0,9.33333,,0.1,58,0,0.1,16,43.75,0,2.77322,31,,202,182,,0,0,0,5.36207
1617094771359,6,1010123456023,77,,1,2,17,1,0,,2.32377,244,0,0.133824,65,0,1,,0,3,0,0,1,100,0,0,0,,1604,877,,0,0,0,0
1617094771609,6,1010123456023,77,,1,2,17,1,0,,2.56931,202,0,0.123392,64,0,12,,0,0,0,0,0,0,0,0,0,,1078,738,,0,0,0,0
1617094771859,6,1010123456023,77,,1,2,17,1,0,,10.3095,84,0,0.09088,20,0,6.2,,0,0,0,0,0,0,0,0,0,,278,202,,0,0,0,0
1617094772109,6,1010123456023,77,,1,2,17,1,0,,6.78102,137,0,0.12912,40,0,11,,0.1,19,0,0.1,5,20,0,4.28958,31,,373,308,,0,0,0,3.31579
1617094772359,6,1010123456023,77,,1,2,17,1,0,,9.30337,89,43,0.11152,24,0,5.5,,0,0,0,0,0,0,0,0,0,,294,218,,0,0,0,0
1617094772609,6,1010123456023,77,,1,2,17,1,0,,6.01198,167,4,0.158112,49,0,7,,0,0,0,0,0,0,0,0,0,,617,429,,0,0,0,0
1617094772859,6,1010123456023,77,,1,2,17,1,0,,13.5672,67,0,0.091136,18,0,9.75,,0,0,0,0,0,0,0,0,0,,113,101,,0,0,0,0
1617094773109,6,1010123456023,77,,1,2,17,1,0,,16.7349,83,0,0.142464,26,0,11.75,,14.5672,67,0,0.238688,22,72.7273,0,5.63989,31,,111,114,,0,0,0,7.50746
1617094773359,6,1010123456023,77,,1,2,17,1,0,,9.25,84,0,0.080224,23,0,8.5,,0,0,0,0,0,0,0,0,0,,295,183,,0,0,0,0
1617094773609,6,1010123456023,77,,1,2,17,1,0,,4.19018,163,0,0.11296,46,0,7.33333,,0,0,0,0,0,0,0,0,0,,748,491,,0,0,0,0
1617094773859,6,1010123456023,77,,1,2,17,1,0,,18.8734,79,0,0.11488,22,0,11,,0,0,0,0,0,0,0,0,0,,69,84,,0,0,0,0
1617094774109,6,1010123456023,77,,1,2,17,1,0,,19.0549,91,0,0.136128,26,0,7,,14.4,55,0,0.1,16,75,0,10.7481,31,,81,105,,0,0,0,7.70909
1617094774359,6,1010123456023,77,,1,2,17,1,0,,7.54167,120,0,0.129216,35,0,7.4,,7.5,26,0,0.1,8,62.5,0,5.29432,31,,377,298,,0,0,0,6.19231
1617094774609,6,1010123456023,77,,1,2,17,1,0,,6.24528,106,0,0.10864,31,0,5.75,,0,0,0,0,0,0,0,0,0,,377,297,,0,0,0,0
1617094774859,6,1010123456023,77,,1,2,17,1,0,,12.2885,104,0,0.153856,28,0,8.5,,0,0,0,0,0,0,0,0,0,,191,217,,0,0,0,0
1617094775109,6,1010123456023,77,,1,2,17,1,0,,4.76154,130,59,0.108064,33,0,3.5,,0.1,24,0,0.1,7,28.5714,0,1.17148,31,,496,354,,0,0,0,4.75
1617094775359,6,1010123456023,77,,1,2,17,1,0,,3.2,165,0,0.114048,50,0,4.66667,,0,0,0,0,0,0,0,0,0,,764,502,,0,0,0,0
1617094775609,6,1010123456023,77,,1,2,17,1,0,,5.46667,120,0,0.123456,34,0,3,,0,0,0,0,0,0,0,0,0,,394,329,,0,0,0,0
1617094775859,6,1010123456023,77,,1,2,17,1,0,,8.54651,172,0,0.159392,47,0,7.66667,,0,0,0,0,0,0,0,0,0,,648,408,,0,0,0,0
1617094776109,6,1010123456023,77,,1,2,17,1,0,,11.7857,98,0,0.121728,30,0,8.4,,0,0,0,0,0,0,0,0,0,,282,193,,0,0,0,0
1617094776359,6,1010123456023,77,,1,2,17,1,0,,9.45038,131,0,0.154592,40,0,8.75,,0.1,10,0,0.1,3,0,0,1.61255,31,,344,271,,0,0,0,3
1617094776609,6,1010123456023,77,,1,2,17,1,0,,13,54,0,0.08112,15,0,8,,0,0,0,0,0,0,0,0,0,,90,90,,0,0,0,0
1617094776859,6,1010123456023,77,,1,2,17,1,0,,14.7241,58,0,0.091488,17,0,10,,0,0,0,0,0,0,0,0,0,,95,92,,0,0,0,0
1617094777109,6,1010123456023,77,,1,2,17,1,0,,13.2209,86,0,0.123072,24,0,8.25,,15.2727,88,0,0.177888,28,82.1429,0,4.96813,31,,138,158,,0,0,0,8.11742
1617094777359,6,1010123456023,77,,1,2,17,1,0,,13.7802,91,0,0.143904,27,0,11,,0,0,0,0,0,0,0,0,0,,148,151,,0,0,0,0
1617094777609,6,1010123456023,77,,1,2,17,1,0,,10.4722,72,0,0.092064,20,0,5.33333,,0,0,0,0,0,0,0,0,0,,165,138,,0,0,0,0
1617094777859,6,1010123456023,77,,1,2,17,1,0,,4.37766,188,0,0.159008,53,0,5,,0,0,0,0,0,0,0,0,0,,626,531,,0,0,0,0
1617094778109,6,1010123456023,77,,1,2,17,1,0,,8.48485,66,0,0.080384,17,0,6,,7.38462,26,0,0.1,7,57.1429,0,5.89549,31,,188,164,,0,0,0,6.53846
1617094778359,6,1010123456023,77,,1,2,17,1,0,,5.80952,105,0,0.111232,31,0,8,,0,0,0,0,0,0,0,0,0,,300,288,,0,0,0,0
1617094778609,6,1010123456023,77,,1,2,17,1,0,,17.3175,63,0,0.100192,19,0,12,,0,0,0,0,0,0,0,0,0,,68,78,,0,0,0,0
1617094778859,6,1010123456023,77,,1,2,17,1,0,,3.60571,175,0,0.124768,47,0,3,,0,0,0,0,0,0,0,0,0,,873,559,,0,0,0,0
1617094779109,6,1010123456023,77,,1,2,17,1,0,,4.36691,139,0,0.128928,43,0,5,,0.1,11,0,0.1,3,0,0,0.962892,31,,539,413,,0,0,0,2.27273
1617094779359,6,1010123456023,77,,1,2,17,1,0,,11.0206,97,0,0.105536,28,0,7.5,,0,0,0,0,0,0,0,0,0,,276,209,,0,0,0,0
1617094779609,6,1010123456023,77,,1,2,17,1,0,,10.3289,152,0,0.175008,45,0,8.8,,0,0,0,0,0,0,0,0,0,,501,322,,0,0,0,0
1617094779859,6,1010123456023,77,,1,2,17,1,0,,17.48,100,0,0.147584,28,0,11.5,,0,0,0,0,0,0,0,0,0,,122,129,,0,0,0,0
1617094780109,6,1010123456023,77,,1,2,17,1,0,,21.4464,56,0,0.087936,16,0,14,,6.54545,22,0,0.1,7,57.1429,0,5.85619,31,,36,50,,0,0,0,5.90909
1617094780359,6,1010123456023,77,,1,2,17,1,0,,10.7763,76,0,0.108288,21,0,8.66667,,0,0,0,0,0,0,0,0,0,,161,173,,0,0,0,0
1617094780609,6,1010123456023,77,,1,2,17,1,0,,14.1803,122,0,0.135744,34,0,10.75,,0,0,0,0,0,0,0,0,0,,285,202,,0,0,0,0
1617094780859,6,1010123456023,77,,1,2,17,1,0,,18.1304,46,0,0.068512,13,0,11.6667,,0,0,0,0,0,0,0,0,0,,55,57,,0,0,0,0
1617094781109,6,1010123456023,77,,1,2,17,1,0,,10.1786,112,0,0.125248,32,0,5,,7.43478,23,0,0.1,8,50,0,12.9248,31,,229,222,,0,0,0,5.30435
1617094781359,6,1010123456023,77,,1,2,17,1,0,,5.51534,163,0,0.164448,47,0,5,,0,0,0,0,0,0,0,0,0,,592,428,,0,0,0,0
1617094781609,6,1010123456023,77,,1,2,17,1,0,,5.43269,104,0,0.112448,32,0,9.5,,0,0,0,0,0,0,0,0,0,,302,287,,0,0,0,0
1617094781859,6,1010123456023,77,,1,2,17,1,0,,6.78161,87,0,0.07472,22,0,5.66667,,0,0,0,0,0,0,0,0,0,,328,232,,0,0,0,0
1617094782109,6,1010123456023,77,,1,2,17,1,0,,3.73786,103,0,0.079808,32,0,9.66667,,8.86957,23,0,0.1,7,57.1429,0,5.43338,31,,525,341,,0,0,0,5.86957
1617094782359,6,1010123456023,77,,1,2,17,1,0,,11.9292,113,0,0.12224,32,0,14,,0,0,0,0,0,0,0,0,0,,336,227,,0,0,0,0
1617094782609,6,1010123456023,77,,1,2,17,1,0,,11.6774,62,0,0.098624,18,0,7.5,,0,0,0,0,0,0,0,0,0,,108,123,,0,0,0,0
1617094782859,6,1010123456023,77,,1,2,17,1,0,,7.54545,99,0,0.11872,27,0,7,,0,0,0,0,0,0,0,0,0,,272,257,,0,0,0,0
1617094783109,6,1010123456023,77,,1,2,17,1,0,,1.99558,226,0,0.136448,64,0,3,,7.38462,26,0,0.1,7,57.1429,0,5.42464,31,,1395,789,,0,0,0,6.53846
1617094783359,6,1010123456023,77,,1,2,17,1,0,,17.3019,53,0,0.083296,19,0,10,,0,0,0,0,0,0,0,0,0,,91,76,,0,0,0,0
1617094783609,6,1010123456023,77,,1,2,17,1,0,,21,99,0,0.159904,29,0,0.1,,0,0,0,0,0,0,0,0,0,,63,93,,0,0,0,0
1617094783859,6,1010123456023,77,,1,2,17,1,0,,15.05,60,0,0.090528,17,0,10,,0,0,0,0,0,0,0,0,0,,93,89,,0,0,0,0
1617094784109,6,1010123456023,77,,1,2,17,1,0,,16.2527,91,0,0.148448,27,0,10,,0.1,12,0,0.1,4,0,0,6.8317,31,,131,132,,0,0,0,2.16667
1617094784359,6,1010123456023,77,,1,2,17,1,0,,18,72,0,0.110336,20,0,11,,0,0,0,0,0,0,0,0,0,,85,90,,0,0,0,0
1617094784609,6,1010123456023,77,,1,2,17,1,0,,4.74107,112,0,0.091104,33,0,7.4,,0,0,0,0,0,0,0,0,0,,439,320,,0,0,0,0
1617094784859,6,1010123456023,77,,1,2,17,1,0,,18.6812,69,0,0.10992,19,0,8,,0,0,0,0,0,0,0,0,0,,72,87,,0,0,0,0
1617094785109,6,1010123456023,77,,1,2,17,1,0,,4.4,145,0,0.113536,42,0,6,,0,6,0,0,2,100,0,0,0,,858,491,,0,0,0,0
1617094785359,6,1010123456023,77,,1,2,17,1,0,,18.1978,91,0,0.135488,27,0,10.3333,,0,6,0,0,2,100,0,0,0,,126,117,,0,0,0,0
1617094785609,6,1010123456023,77,,1,2,17,1,0,,2.92116,241,59,0.170912,68,0,4,,0,0,0,0,0,0,0,0,0,,1147,808,,0,0,0,0
1617094785859,6,1010123456023,77,,1,2,17,1,0,,5.39583,144,0,0.128608,42,0,8,,0,0,0,0,0,0,0,0,0,,406,340,,0,0,0,0
1617094786109,6,1010123456023,77,,1,2,17,1,0,,12.8684,76,0,0.117952,22,0,0.1,,0.1,19,0,0.1,5,20,0,4.54829,31,,137,130,,0,0,0,2.89474
1617094786359,6,1010123456023,77,,1,2,17,1,0,,6.29677,155,38,0.140672,37,0,5.33333,,0,0,0,0,0,0,0,0,0,,284,473,,0,0,0,0
1617094786609,6,1010123456023,77,,1,2,17,1,0,,1.78462,195,0,0.135808,64,0,5,,0,0,0,0,0,0,0,0,0,,1055,727,,0,0,0,0
1617094786859,6,1010123456023,77,,1,2,17,1,0,,5.36134,119,0,0.11536,35,0,0.1,,0,0,0,0,0,0,0,0,0,,328,302,,0,0,0,0
1617094787109,6,1010123456023,77,,1,2,17,1,0,,19.6477,88,0,0.113344,22,0,9,,7.38462,26,0,0.1,7,57.1429,0,5.88401,31,,75,86,,0,0,0,6.53846
1617094787359,6,1010123456023,77,,1,2,17,1,0,,8.72,100,0,0.10112,30,0,12,,0,0,0,0,0,0,0,0,0,,256,227,,0,0,0,0
1617094787609,6,1010123456023,77,,1,2,17,1,0,,21,76,0,0.113344,22,0,14,,0,0,0,0,0,0,0,0,0,,66,66,,0,0,0,0
1617094787859,6,1010123456023,77,,1,2,17,1,0,,13.6711,76,0,0.102368,19,0,8,,0,0,0,0,0,0,0,0,0,,156,122,,0,0,0,0
1617094788109,6,1010123456023,77,,1,2,17,1,0,,10.3566,129,0,0.172896,39,0,7.5,,11.0476,42,0,0.1,12,66.6667,0,7.33738,31,,351,263,,0,0,0,7
1617094788359,6,1010123456023,77,,1,2,17,1,0,,5.62791,129,0,0.124032,36,0,7,,0,0,0,0,0,0,0,0,0,,462,395,,0,0,0,0
1617094788609,6,1010123456023,77,,1,2,17,1,0,,3.94737,152,0,0.11424,42,0,4.66667,,0,0,0,0,0,0,0,0,0,,709,474,,0,0,0,0
1617094788859,6,1010123456023,77,,1,2,17,1,0,,11.79,100,0,0.148448,31,0,8,,0,0,0,0,0,0,0,0,0,,220,192,,0,0,0,0
1617094789109,6,1010123456023,77,,1,2,17,1,0,,12.3372,86,0,0.129216,26,0,9,,15.2,80,0,0.168704,25,80,0,6.19719,31,,133,144,,0,0,0,7.8625
1617094789359,6,1010123456023,77,,1,2,17,1,0,,13,73,0,0.10816,20,0,9,,0,0,0,0,0,0,0,0,0,,84,126,,0,0,0,0
1617094789609,6,1010123456023,77,,1,2,17,1,0,,9.95146,103,0,0.138144,30,0,9.5,,0,0,0,0,0,0,0,0,0,,281,243,,0,0,0,0
1617094789859,6,1010123456023,77,,1,2,17,1,0,,13.1,110,0,0.14224,33,0,4.33333,,0,0,0,0,0,0,0,0,0,,266,189,,0,0,0,0
1617094790109,6,1010123456023,77,,1,2,17,1,0,,12.0723,83,0,0.119136,23,0,5.5,,15.254,63,0,0.1,18,83.3333,0,6.53755,31,,168,158,,0,0,0,8.42857
1617094790359,6,1010123456023,77,,1,2,17,1,0,,14.75,88,0,0.116256,25,0,11.3333,,0,0,0,0,0,0,0,0,0,,169,153,,0,0,0,0
1617094790609,6,1010123456023,77,,1,2,17,1,0,,16.4789,71,0,0.094912,20,0,9.8,,0,0,0,0,0,0,0,0,0,,103,90,,0,0,0,0
1617094790859,6,1010123456023,77,,1,2,17,1,0,,13,59,0,0.09744,17,0,8,,0,0,0,0,0,0,0,0,0,,101,102,,0,0,0,0
1617094791109,6,1010123456023,77,,1,2,17,1,0,,13.0345,87,0,0.129408,24,0,8,,13.2857,7,0,0.1,2,0,0,20.9899,31,,155,149,,0,0,0,1
1617094791359,6,1010123456023,77,,1,2,17,1,0,,10.7303,89,0,0.09184,22,0,9.25,,0,0,0,0,0,0,0,0,0,,230,178,,0,0,0,0
1617094791609,6,1010123456023,77,,1,2,17,1,0,,5.77987,159,0,0.1224,47,0,8.5,,0,0,0,0,0,0,0,0,0,,684,448,,0,0,0,0
1617094791859,6,1010123456023,77,,1,2,17,1,0,,7.34731,167,0,0.139104,49,0,9.5,,0,0,0,0,0,0,0,0,0,,698,449,,0,0,0,0
1617094792109,6,1010123456023,77,,1,2,17,1,0,,20.9432,88,0,0.134336,26,0,13,,13.2857,7,0,0.1,2,0,0,26.7617,31,,64,77,,0,0,0,1
1617094792359,6,1010123456023,77,,1,2,17,1,0,,4.57746,142,0,0.111776,40,0,4,,0,0,0,0,0,0,0,0,0,,556,397,,0,0,0,0
1617094792609,6,1010123456023,77,,1,2,17,1,0,,8.75817,153,0,0.147712,44,0,9.75,,0,0,0,0,0,0,0,0,0,,471,348,,0,0,0,0
1617094792859,6,1010123456023,77,,1,2,17,1,0,,17.1818,44,0,0.068256,13,0,10,,0,0,0,0,0,0,0,0,0,,63,63,,0,0,0,0
1617094793109,6,1010123456023,77,,1,2,17,1,0,,9.78495,93,0,0.10256,25,0,8.33333,,0,5,0,0.1,2,50,0,0,31,,265,193,,0,0,0,0
1617094793359,6,1010123456023,77,,1,2,17,1,0,,4.34756,164,0,0.140736,48,0,7.33333,,7.05882,17,0,0.1,5,60,0,5.28645,0,,717,494,,0,0,0,6.29412
1617094793609,6,1010123456023,77,,1,2,17,1,0,,13.1275,102,0,0.13184,30,0,4.75,,0,0,0,0,0,0,0,0,0,,293,191,,0,0,0,0
1617094793859,6,1010123456023,77,,1,2,17,1,0,,5.5,116,0,0.101088,29,0,0.1,,0,0,0,0,0,0,0,0,0,,375,316,,0,0,0,0
1617094794109,6,1010123456023,77,,1,2,17,1,0,,7.39326,89,0,0.123072,30,0,6.66667,,8.07692,52,0,0.1,14,64.2857,0,10.1795,31,,234,223,,0,0,0,7.46154
1617094794359,6,1010123456023,77,,1,2,17,1,0,,5.04678,171,0,0.130528,47,0,7.66667,,0,0,0,0,0,0,0,0,0,,966,525,,0,0,0,0
1617094794609,6,1010123456023,77,,1,2,17,1,0,,21.1429,77,0,0.119872,22,0,11,,0,0,0,0,0,0,0,0,0,,62,75,,0,0,0,0
1617094794859,6,1010123456023,77,,1,2,17,1,0,,13.236,89,0,0.10544,25,0,11,,0,0,0,0,0,0,0,0,0,,158,148,,0,0,0,0
1617094795109,6,1010123456023,77,,1,2,17,1,0,,5.72641,106,0,0.08592,33,0,7.5,,5.76923,26,0,0.1,7,57.1429,0,5.99116,31,,541,318,,0,0,0,6.19231
1617094795359,6,1010123456023,77,,1,2,17,1,0,,17.6731,104,0,0.167616,30,0,8,,0,0,0,0,0,0,0,0,0,,138,134,,0,0,0,0
1617094795609,6,1010123456023,77,,1,2,17,1,0,,11.7701,87,0,0.12304,24,0,9.5,,0,0,0,0,0,0,0,0,0,,213,169,,0,0,0,0
1617094795859,6,1010123456023,77,,1,2,17,1,0,,9.24779,113,0,0.100512,29,0,6.66667,,0,0,0,0,0,0,0,0,0,,504,283,,0,0,0,0
1617094796109,6,1010123456023,77,,1,2,17,1,0,,6.87413,143,0,0.136,42,0,8,,0.1,14,0,0.1,4,25,0,9.10641,31,,414,390,,0,0,0,4
1617094796359,6,1010123456023,77,,1,2,17,1,0,,10,91,0,0.131136,28,0,6.8,,0,0,0,0,0,0,0,0,0,,240,195,,0,0,0,0
1617094796609,6,1010123456023,77,,1,2,17,1,0,,7.83459,133,0,0.116832,37,0,7.33333,,0,0,0,0,0,0,0,0,0,,426,330,,0,0,0,0
1617094796859,6,1010123456023,77,,1,2,17,1,0,,18.1857,70,0,0.103904,22,0,9.66667,,0,0,0,0,0,0,0,0,0,,133,92,,0,0,0,0
1617094797109,6,1010123456023,77,,1,2,17,1,0,,16.6038,106,0,0.136768,30,0,4.5,,0.1,53,0,0.1,15,26.6667,0,3.73963,31,,172,162,,0,0,0,4.5283
1617094797359,6,1010123456023,77,,1,2,17,1,0,,8.94872,78,0,0.100768,24,0,9,,0,0,0,0,0,0,0,0,0,,238,175,,0,0,0,0
1617094797609,6,1010123456023,77,,1,2,17,1,0,,21.1889,90,0,0.129152,24,0,14,,0,0,0,0,0,0,0,0,0,,54,77,,0,0,0,0
1617094797859,6,1010123456023,77,,1,2,17,1,0,,8.8,160,0,0.16528,45,0,5.33333,,0,0,0,0,0,0,0,0,0,,560,389,,0,0,0,0
1617094798109,6,1010123456023,77,,1,2,17,1,0,,18.5352,71,0,0.110752,21,0,12.6667,,13.6381,105,0,0.1,34,85.2941,0,3.52033,31,,71,86,,0,0,0,8.72063
1617094798359,6,1010123456023,77,,1,2,17,1,0,,11.708,113,0,0.126048,33,0,9,,0,0,0,0,0,0,0,0,0,,313,227,,0,0,0,0
1617094798609,6,1010123456023,77,,1,2,17,1,0,,21,54,0,0.07728,15,0,14,,0,0,0,0,0,0,0,0,0,,31,45,,0,0,0,0
1617094798859,6,1010123456023,77,,1,2,17,1,0,,19.9714,70,0,0.10368,20,0,0.1,,0,0,0,0,0,0,0,0,0,,52,67,,0,0,0,0
1617094799109,6,1010123456023,77,,1,2,17,1,0,,12.9649,57,0,0.091168,17,0,8,,0.1,11,0,0.1,3,0,0,10.8834,31,,99,98,,0,0,0,2.90909
1617094799359,6,1010123456023,77,,1,2,17,1,0,,11.1067,75,0,0.09728,22,0,7.5,,0,0,0,0,0,0,0,0,0,,225,173,,0,0,0,0
1617094799609,6,1010123456023,77,,1,2,17,1,0,,7,133,0,0.133856,39,0,7,,0,0,0,0,0,0,0,0,0,,554,379,,0,0,0,0
1617094799859,6,1010123456023,77,,1,2,17,1,0,,3.41667,192,0,0.14224,50,0,4,,0,0,0,0,0,0,0,0,0,,867,607,,0,0,0,0
1617094800109,6,1010123456023,77,,1,2,17,1,0,,6.21698,106,61,0.11552,34,0,6.33333,,15,14,0,0,4,100,0,1.57594,0,,381,300,,0,0,0,10
1617094800359,6,1010123456023,77,,1,2,17,1,0,,10.1328,128,0,0.13744,39,0,10.3333,,0,0,0,0,0,0,0,0,0,,385,293,,0,0,0,0
1617094800609,6,1010123456023,77,,1,2,17,1,0,,21,75,0,0.118496,23,0,14,,0,0,0,0,0,0,0,0,0,,46,69,,0,0,0,0
1617094800859,6,1010123456023,77,,1,2,17,1,0,,21,65,0,0.087584,17,0,0.1,,0,0,0,0,0,0,0,0,0,,40,57,,0,0,0,0
1617094801109,6,1010123456023,77,,1,2,17,1,0,,13.988,83,0,0.139008,24,0,7,,8.7,10,0,0.1,3,0,0,24.7365,31,,155,162,,0,0,0,1
1617094801359,6,1010123456023,77,,1,2,17,1,0,,14.3043,92,0,0.146656,27,0,14,,0,0,0,0,0,0,0,0,0,,134,166,,0,0,0,0
1617094801609,6,1010123456023,77,,1,2,17,1,0,,14.2447,94,0,0.12768,26,0,8,,0,0,0,0,0,0,0,0,0,,221,156,,0,0,0,0
1617094801859,6,1010123456023,77,,1,2,17,1,0,,2.39556,225,0,0.147008,63,0,5,,0,0,0,0,0,0,0,0,0,,1339,743,,0,0,0,0
1617094802109,6,1010123456023,77,,1,2,17,1,0,,6.35185,162,121,0.148896,47,0,9,,15,16,0,0,4,100,0,1.02169,0,,670,471,,0,0,0,10
1617094802359,6,1010123456023,77,,1,2,17,1,0,,4.50754,199,0,0.16416,58,0,8,,0,0,0,0,0,0,0,0,0,,929,610,,0,0,0,0
1617094802609,6,1010123456023,77,,1,2,17,1,0,,7.94872,156,0,0.155584,44,0,7.75,,0,0,0,0,0,0,0,0,0,,535,415,,0,0,0,0
1617094802859,6,1010123456023,77,,1,2,17,1,0,,6.62609,115,0,0.096928,30,0,7.5,,0,0,0,0,0,0,0,0,0,,415,279,,0,0,0,0
1617094803109,6,1010123456023,77,,1,2,17,1,0,,11.1538,52,0,0.08816,17,0,7.66667,,0.1,14,0,0.1,4,0,0,14.2718,31,,101,115,,0,0,0,2.57143
1617094803359,6,1010123456023,77,,1,2,17,1,0,,7.67327,101,0,0.105888,27,0,10,,0,0,0,0,0,0,0,0,0,,312,269,,0,0,0,0
1617094803609,6,1010123456023,77,,1,2,17,1,0,,17.9836,61,0,0.115072,20,0,11,,0,0,0,0,0,0,0,0,0,,62,75,,0,0,0,0
1617094803859,6,1010123456023,77,,1,2,17,1,0,,12.5098,51,0,0.069216,15,0,9.5,,0,0,0,0,0,0,0,0,0,,90,85,,0,0,0,0
1617094804109,6,1010123456023,77,,1,2,17,1,0,,12.3762,101,0,0.125696,28,0,11,,13.2857,7,0,0.1,2,0,0,26.7021,31,,192,179,,0,0,0,1
1617094804359,6,1010123456023,77,,1,2,17,1,0,,6.34,100,0,0.1064,26,0,5,,0,0,0,0,0,0,0,0,0,,332,274,,0,0,0,0
1617094804609,6,1010123456023,77,,1,2,17,1,0,,11.9103,78,0,0.11872,23,0,8,,0,0,0,0,0,0,0,0,0,,150,149,,0,0,0,0
1617094804859,6,1010123456023,77,,1,2,17,1,0,,12.9592,49,0,0.080608,15,0,8,,0,0,0,0,0,0,0,0,0,,92,86,,0,0,0,0
1617094805109,6,1010123456023,77,,1,2,17,1,0,,10.8,85,0,0.112736,23,0,6.5,,8.72727,22,0,0.1,7,57.1429,0,8.03599,31,,183,167,,0,0,0,5.5
1617094805359,6,1010123456023,77,,1,2,17,1,0,,10.4156,77,0,0.106176,23,0,6.66667,,0,0,0,0,0,0,0,0,0,,193,160,,0,0,0,0
1617094805609,6,1010123456023,77,,1,2,17,1,0,,11.6789,109,0,0.165056,30,0,8,,0,0,0,0,0,0,0,0,0,,189,205,,0,0,0,0
1617094805859,6,1010123456023,77,,1,2,17,1,0,,16.4737,76,0,0.110976,22,0,10,,0,0,0,0,0,0,0,0,0,,82,92,,0,0,0,0
1617094806109,6,1010123456023,77,,1,2,17,1,0,,12.3396,106,0,0.1008,29,0,10,,0.1,10,0,0.1,3,0,0,9.19116,31,,247,172,,0,0,0,2.5
1617094806359,6,1010123456023,77,,1,2,17,1,0,,9.7069,116,119,0.138976,35,0,7.2,,0,0,0,0,0,0,0,0,0,,438,291,,0,0,0,0
1617094806609,6,1010123456023,77,,1,2,17,1,0,,6.57692,130,0,0.127136,37,0,9.5,,0,0,0,0,0,0,0,0,0,,334,308,,0,0,0,0
1617094806859,6,1010123456023,77,,1,2,17,1,0,,16.8293,82,0,0.126304,21,0,9.5,,0,0,0,0,0,0,0,0,0,,119,116,,0,0,0,0
1617094807109,6,1010123456023,77,,1,2,17,1,0,,9.02609,115,0,0.142848,36,0,9.25,,15.7922,77,0,0.121088,25,80,0,5.59824,31,,320,272,,0,0,0,7.79654
1617094807359,6,1010123456023,77,,1,2,17,1,0,,8.50961,104,0,0.126784,31,0,7.25,,0,0,0,0,0,0,0,0,0,,280,263,,0,0,0,0
1617094807609,6,1010123456023,77,,1,2,17,1,0,,12.3778,90,0,0.13056,24,0,7.75,,0,0,0,0,0,0,0,0,0,,155,163,,0,0,0,0
1617094807859,6,1010123456023,77,,1,2,17,1,0,,8.78378,74,0,0.0752,22,0,10.3333,,0,0,0,0,0,0,0,0,0,,266,172,,0,0,0,0
1617094808109,6,1010123456023,77,,1,2,17,1,0,,21,69,0,0.11344,21,0,12,,5.13333,45,0,0.1,13,30.7692,0,6.73692,31,,63,66,,0,0,0,4.88889
1617094808359,6,1010123456023,77,,1,2,17,1,0,,21,45,0,0.061824,12,0,0.1,,0,0,0,0,0,0,0,0,0,,39,39,,0,0,0,0
1617094808609,6,1010123456023,77,,1,2,17,1,0,,18.25,64,0,0.109824,20,0,9.5,,0,0,0,0,0,0,0,0,0,,68,78,,0,0,0,0
1617094808859,6,1010123456023,77,,1,2,17,1,0,,17.8235,68,0,0.100032,18,0,12,,0,0,0,0,0,0,0,0,0,,83,84,,0,0,0,0
1617094809109,6,1010123456023,77,,1,2,17,1,0,,21,80,0,0.134048,25,0,11,,13.8,10,0,0.1,3,33.3333,0,15.6746,31,,70,75,,0,0,0,4.8
1617094809359,6,1010123456023,77,,1,2,17,1,0,,2.01316,228,0,0.13216,64,0,3,,0,0,0,0,0,0,0,0,0,,1287,759,,0,0,0,0
1617094809609,6,1010123456023,77,,1,2,17,1,0,,2.68293,205,0,0.13712,57,0,6.66667,,0,0,0,0,0,0,0,0,0,,1176,691,,0,0,0,0
1617094809859,6,1010123456023,77,,1,2,17,1,0,,18.0909,88,0,0.131744,25,0,14,,0,0,0,0,0,0,0,0,0,,86,111,,0,0,0,0
1617094810109,6,1010123456023,77,,1,2,17,1,0,,10.7627,118,0,0.126336,34,0,8.5,,9.45455,22,0,0.1,7,57.1429,0,9.7578,31,,420,279,,0,0,0,5.90909
1617094810359,6,1010123456023,77,,1,2,17,1,0,,10.9877,81,0,0.111872,24,0,5.5,,0,0,0,0,0,0,0,0,0,,262,177,,0,0,0,0
1617094810609,6,1010123456023,77,,1,2,17,1,0,,12.8689,61,0,0.086816,17,0,0.1,,0,0,0,0,0,0,0,0,0,,106,98,,0,0,0,0
1617094810859,6,1010123456023,77,,1,2,17,1,0,,10.4545,77,0,0.110112,21,0,7,,0,0,0,0,0,0,0,0,0,,151,165,,0,0,0,0
1617094811109,6,1010123456023,77,,1,2,17,1,0,,12.396,101,0,0.164992,30,0,12,,13.2857,7,0,0.1,2,0,0,26.5343,31,,196,215,,0,0,0,1
1617094811359,6,1010123456023,77,,1,2,17,1,0,,15.0526,95,0,0.136896,28,0,9.8,,0,0,0,0,0,0,0,0,0,,149,145,,0,0,0,0
1617094811609,6,1010123456023,77,,1,2,17,1,0,,17.3115,61,0,0.094784,18,0,8.33333,,0,0,0,0,0,0,0,0,0,,84,82,,0,0,0,0
1617094811859,6,1010123456023,77,,1,2,17,1,0,,5.70732,164,0,0.135552,47,0,8.33333,,0,0,0,0,0,0,0,0,0,,644,402,,0,0,0,0
1617094812109,6,1010123456023,77,,1,2,17,1,0,,8.304,125,0,0.134304,35,0,5.33333,,0,12,0,0,4,100,0,0,0,,467,312,,0,0,0,0
1617094812359,6,1010123456023,77,,1,2,17,1,0,,11.5,68,0,0.073664,18,0,8.5,,0,0,0,0,0,0,0,0,0,,142,124,,0,0,0,0
1617094812609,6,1010123456023,77,,1,2,17,1,0,,5.35345,116,0,0.116128,33,0,14,,0,0,0,0,0,0,0,0,0,,360,321,,0,0,0,0
1617094812859,6,1010123456023,77,,1,2,17,1,0,,11.5366,82,0,0.094016,25,0,5,,0,0,0,0,0,0,0,0,0,,151,137,,0,0,0,0
1617094813109,6,1010123456023,77,,1,2,17,1,0,,9.39604,101,0,0.111552,28,0,10.6667,,14.9091,99,0,0.118496,32,87.5,0,3.2634,31,,214,202,,0,0,0,8.64983
1617094813359,6,1010123456023,77,,1,2,17,1,0,,11.2621,103,0,0.114848,27,0,8.5,,0,0,0,0,0,0,0,0,0,,319,235,,0,0,0,0
1617094813609,6,1010123456023,77,,1,2,17,1,0,,5.42553,94,0,0.09936,30,0,5.75,,0,0,0,0,0,0,0,0,0,,345,271,,0,0,0,0
1617094813859,6,1010123456023,77,,1,2,17,1,0,,5.24793,121,0,0.114496,35,0,6,,0,0,0,0,0,0,0,0,0,,510,353,,0,0,0,0
1617094814109,6,1010123456023,77,,1,2,17,1,0,,10.5312,64,0,0.100096,18,0,0.1,,7.8,40,0,0.1,11,72.7273,0,6.55856,31,,144,149,,0,0,0,7.3
1617094814359,6,1010123456023,77,,1,2,17,1,0,,5.38065,155,0,0.15008,45,0,5.33333,,0,0,0,0,0,0,0,0,0,,645,425,,0,0,0,0
1617094814609,6,1010123456023,77,,1,2,17,1,0,,13,83,0,0.139904,24,0,0.1,,0,0,0,0,0,0,0,0,0,,168,155,,0,0,0,0
1617094814859,6,1010123456023,77,,1,2,17,1,0,,4.91919,99,0,0.06992,27,0,7,,0,0,0,0,0,0,0,0,0,,428,287,,0,0,0,0
1617094815109,6,1010123456023,77,,1,2,17,1,0,,13.8605,86,0,0.135168,24,0,9.25,,0.1,12,0,0.1,4,25,0,7.12036,31,,143,157,,0,0,0,3.33333
1617094815359,6,1010123456023,77,,1,2,17,1,0,,12.322,59,0,0.092448,17,0,7.5,,0,0,0,0,0,0,0,0,0,,100,105,,0,0,0,0
1617094815609,6,1010123456023,77,,1,2,17,1,0,,0.1,272,0,0.116352,77,0,4.5,,0,0,0,0,0,0,0,0,0,,2073,1067,,0,0,0,0
1617094815859,6,1010123456023,77,,1,2,17,1,0,,14.1604,106,0,0.168992,33,0,10,,0,0,0,0,0,0,0,0,0,,180,179,,0,0,0,0
1617094816109,6,1010123456023,77,,1,2,17,1,0,,9.28704,108,0,0.117152,27,0,7.33333,,4,30,0,0.1,8,75,0,2.31945,31,,419,285,,0,0,0,8.03333
1617094816359,6,1010123456023,77,,1,2,17,1,0,,5.23016,126,0,0.135584,42,0,6.5,,0.1,4,0,0.1,1,0,0,0.856222,0,,471,366,,0,0,0,3
1617094816609,6,1010123456023,77,,1,2,17,1,0,,5.57432,148,257,0.141024,43,0,3,,0,0,0,0,0,0,0,0,0,,721,431,,0,0,0,0
1617094816859,6,1010123456023,77,,1,2,17,1,0,,6.75397,126,0,0.141248,34,0,5.66667,,0,0,0,0,0,0,0,0,0,,412,333,,0,0,0,0
1617094817109,6,1010123456023,77,,1,2,17,1,0,,10.7885,104,0,0.16032,32,0,14,,13.3134,67,0,0.1,22,81.8182,0,4.72269,31,,199,216,,0,0,0,8.1194
1617094817359,6,1010123456023,77,,1,2,17,1,0,,21.4286,49,0,0.072896,14,0,14,,0,0,0,0,0,0,0,0,0,,30,41,,0,0,0,0
1617094817609,6,1010123456023,77,,1,2,17,1,0,,16.6627,83,0,0.127296,24,0,10.5,,0,0,0,0,0,0,0,0,0,,90,113,,0,0,0,0
1617094817859,6,1010123456023,77,,1,2,17,1,0,,13.0357,56,0,0.073344,16,0,7.5,,0,0,0,0,0,0,0,0,0,,219,126,,0,0,0,0
1617094818109,6,1010123456023,77,,1,2,17,1,0,,8.14423,104,0,0.1384,32,0,7,,7.89744,39,0,0.1,12,75,0,2.12947,31,,273,253,,0,0,0,7.92308
1617094818359,6,1010123456023,77,,1,2,17,1,0,,12.7416,89,0,0.099904,24,0,7.6,,0,0,0,0,0,0,0,0,0,,196,166,,0,0,0,0
1617094818609,6,1010123456023,77,,1,2,17,1,0,,12.3333,57,0,0.074816,17,0,9.66667,,0,0,0,0,0,0,0,0,0,,166,111,,0,0,0,0
1617094818859,6,1010123456023,77,,1,2,17,1,0,,7.25833,120,0,0.101184,32,0,5.33333,,0,0,0,0,0,0,0,0,0,,359,262,,0,0,0,0
1617094819108,6,1010123456023,77,,1,2,17,1,0,,6.84158,101,0,0.108402,30,0,5.75,,13.2308,26,107,0.1,7,57.1429,0,14.0359,31,,415,296,,0,0,0,6.19231
1617094819359,6,1010123456023,77,,1,2,17,1,0,,14.4024,82,0,0.128352,27,0,11.25,,10.5405,37,0,0.1,10,60,0,4.88941,31,,146,143,,0,0,0,6.59459
1617094819609,6,1010123456023,77,,1,2,17,1,0,,15.9103,78,0,0.122784,23,0,11,,0,0,0,0,0,0,0,0,0,,102,124,,0,0,0,0
1617094819859,6,1010123456023,77,,1,2,17,1,0,,16.3647,85,0,0.125568,24,0,9,,0,0,0,0,0,0,0,0,0,,147,129,,0,0,0,0
1617094820109,6,1010123456023,77,,1,2,17,1,0,,9.11428,70,0,0.075936,19,0,14,,4.28571,7,0,0.1,2,50,0,9.65648,31,,221,165,,0,0,0,4.85714
1617094820359,6,1010123456023,77,,1,2,17,1,0,,14.7879,99,0,0.12976,27,0,5,,5.625,16,0,0.1,5,60,0,7.16809,0,,145,154,,0,0,0,7.5625
1617094820609,6,1010123456023,77,,1,2,17,1,0,,4.51261,119,0,0.107328,36,0,4.25,,0,0,0,0,0,0,0,0,0,,448,323,,0,0,0,0
1617094820859,6,1010123456023,77,,1,2,17,1,0,,12.96,125,0,0.135392,36,0,14.3333,,0,0,0,0,0,0,0,0,0,,346,220,,0,0,0,0
1617094821109,6,1010123456023,77,,1,2,17,1,0,,13.1892,74,30,0.105216,20,0,7.33333,,13.2432,37,0,0.1,11,63.6364,0,11.844,31,,164,150,,0,0,0,6.83784
1617094821359,6,1010123456023,77,,1,2,17,1,0,,9.28333,120,0,0.123264,36,0,9.75,,0,0,0,0,0,0,0,0,0,,369,252,,0,0,0,0
1617094821609,6,1010123456023,77,,1,2,17,1,0,,6.83721,129,0,0.106592,37,0,6.25,,0,0,0,0,0,0,0,0,0,,500,339,,0,0,0,0
1617094821859,6,1010123456023,77,,1,2,17,1,0,,15.975,80,0,0.115264,22,0,11,,0,0,0,0,0,0,0,0,0,,131,120,,0,0,0,0
1617094822109,6,1010123456023,77,,1,2,17,1,0,,15.9792,96,0,0.158976,28,0,10.5,,13.2857,7,0,0.1,2,50,0,10.0291,31,,136,151,,0,0,0,6.14286
1617094822359,6,1010123456023,77,,1,2,17,1,0,,6.36986,73,158,0.086528,22,0,5,,7.57895,19,0,0.1,5,60,0,4.67339,0,,215,193,,0,0,0,6.68421
1617094822609,6,1010123456023,77,,1,2,17,1,0,,4.37278,169,0,0.134432,47,0,7.25,,0,0,0,0,0,0,0,0,0,,937,548,,0,0,0,0
1617094822859,6,1010123456023,77,,1,2,17,1,0,,6.73377,154,0,0.133728,44,0,7,,0,0,0,0,0,0,0,0,0,,666,450,,0,0,0,0
1617094823110,6,1010123456023,77,,1,2,17,1,0,,2.6036,111,0,0.0709482,34,0,4,,0.1,10,0,0.1,3,0,0,1.17675,31,,521,344,,0,0,0,2.9
1617094823359,6,1010123456023,77,,1,2,17,1,0,,14.9304,115,0,0.158683,31,0,11.2,,0,0,0,0,0,0,0,0,0,,161,166,,0,0,0,0
1617094823609,6,1010123456023,77,,1,2,17,1,0,,11.0947,95,0,0.095328,27,0,8.5,,0,0,0,0,0,0,0,0,0,,315,212,,0,0,0,0
1617094823859,6,1010123456023,77,,1,2,17,1,0,,1.93671,237,0,0.13312,69,0,6.33333,,0,0,0,0,0,0,0,0,0,,1632,837,,0,0,0,0
1617094824109,6,1010123456023,77,,1,2,17,1,0,,7.9661,118,0,0.120192,36,0,8,,9.08108,37,0,0.1,10,60,0,8.05328,31,,318,250,,0,0,0,6.83784
1617094824359,6,1010123456023,77,,1,2,17,1,0,,6.62832,113,0,0.122688,32,0,7,,0,0,0,0,0,0,0,0,0,,281,272,,0,0,0,0
1617094824609,6,1010123456023,77,,1,2,17,1,0,,21,64,0,0.097888,19,0,11,,0,0,0,0,0,0,0,0,0,,38,57,,0,0,0,0
1617094824859,6,1010123456023,77,,1,2,17,1,0,,16.5541,74,0,0.101024,21,0,10.3333,,0,0,0,0,0,0,0,0,0,,84,87,,0,0,0,0
1617094825109,6,1010123456023,77,,1,2,17,1,0,,2.54245,212,0,0.152736,64,0,4.75,,13.2857,7,0,0.1,2,0,0,21.687,31,,1163,753,,0,0,0,1
1617094825359,6,1010123456023,77,,1,2,17,1,0,,18.4474,76,0,0.09808,21,0,14,,0,0,0,0,0,0,0,0,0,,72,76,,0,0,0,0
1617094825609,6,1010123456023,77,,1,2,17,1,0,,16.3857,70,0,0.112192,20,0,10.3333,,0,0,0,0,0,0,0,0,0,,107,106,,0,0,0,0
1617094825859,6,1010123456023,77,,1,2,17,1,0,,16.1148,61,0,0.095264,19,0,10.5,,0,0,0,0,0,0,0,0,0,,68,83,,0,0,0,0
1617094826109,6,1010123456023,77,,1,2,17,1,0,,17.8235,68,0,0.087776,19,0,9.5,,15,16,0,0,4,100,0,1.42641,0,,68,76,,0,0,0,10
1617094826359,6,1010123456023,77,,1,2,17,1,0,,14.8673,98,0,0.143168,28,0,7,,0,0,0,0,0,0,0,0,0,,141,139,,0,0,0,0
1617094826609,6,1010123456023,77,,1,2,17,1,0,,5.69811,106,0,0.080032,30,0,7.8,,0,0,0,0,0,0,0,0,0,,415,289,,0,0,0,0
1617094826859,6,1010123456023,77,,1,2,17,1,0,,4.57025,121,0,0.10768,36,0,4.75,,0,0,0,0,0,0,0,0,0,,584,341,,0,0,0,0
1617094827109,6,1010123456023,77,,1,2,17,1,0,,9.98561,139,26,0.125824,36,0,7,,0.1,53,0,0.1,16,25,0,1.40642,31,,497,330,,0,0,0,4.41509
1617094827359,6,1010123456023,77,,1,2,17,1,0,,6.22078,77,59,0.081632,27,0,7.33333,,0,0,0,0,0,0,0,0,0,,238,218,,0,0,0,0
1617094827609,6,1010123456023,77,,1,2,17,1,0,,14.1982,111,0,0.14672,31,0,11,,0,0,0,0,0,0,0,0,0,,176,166,,0,0,0,0
1617094827859,6,1010123456023,77,,1,2,17,1,0,,11.2056,107,0,0.128224,29,0,9,,0,0,0,0,0,0,0,0,0,,200,179,,0,0,0,0
1617094828109,6,1010123456023,77,,1,2,17,1,0,,12.2473,93,0,0.115552,28,0,9,,8.8,10,0,0.1,3,0,0,24.9333,31,,213,194,,0,0,0,1
1617094828359,6,1010123456023,77,,1,2,17,1,0,,4.01351,148,0,0.11904,40,0,4.5,,0,0,0,0,0,0,0,0,0,,553,421,,0,0,0,0
1617094828609,6,1010123456023,77,,1,2,17,1,0,,5.18812,101,0,0.091296,31,0,14,,0,0,0,0,0,0,0,0,0,,324,268,,0,0,0,0
1617094828859,6,1010123456023,77,,1,2,17,1,0,,21.3529,85,0,0.135168,24,0,13,,0,0,0,0,0,0,0,0,0,,63,79,,0,0,0,0
1617094829109,6,1010123456023,77,,1,2,17,1,0,,15.4222,135,0,0.148512,37,0,9,,15,8,0,0,2,100,0,0.354354,0,,260,198,,0,0,0,10
1617094829359,6,1010123456023,77,,1,2,17,1,0,,21.2556,90,0,0.140256,27,0,13.3333,,15,8,0,0,2,100,0,0.1,0,,65,76,,0,0,0,10
1617094829609,6,1010123456023,77,,1,2,17,1,0,,9.76613,124,0,0.125984,33,0,5,,0,0,0,0,0,0,0,0,0,,310,261,,0,0,0,0
1617094829859,6,1010123456023,77,,1,2,17,1,0,,7.80575,139,0,0.164384,42,0,8,,0,0,0,0,0,0,0,0,0,,345,318,,0,0,0,0
1617094830109,6,1010123456023,77,,1,2,17,1,0,,15.6542,107,0,0.160896,32,0,8.75,,9,25,0,0.1,7,57.1429,0,6.40867,31,,211,159,,0,0,0,6.4
1617094830359,6,1010123456023,77,,1,2,17,1,0,,4.01504,133,0,0.107552,37,0,4.5,,0,0,0,0,0,0,0,0,0,,632,426,,0,0,0,0
1617094830609,6,1010123456023,77,,1,2,17,1,0,,6.28467,137,0,0.132928,37,0,5.66667,,0,0,0,0,0,0,0,0,0,,386,327,,0,0,0,0
1617094830859,6,1010123456023,77,,1,2,17,1,0,,12.5854,82,0,0.131584,27,0,8,,0,0,0,0,0,0,0,0,0,,148,144,,0,0,0,0
1617094831109,6,1010123456023,77,,1,2,17,1,0,,14.4878,82,0,0.104864,23,0,8.5,,10.8889,27,0,0.1,8,50,0,7.63512,31,,201,160,,0,0,0,5.66667
1617094831359,6,1010123456023,77,,1,2,17,1,0,,10.7959,98,0,0.127456,29,0,6.5,,0,0,0,0,0,0,0,0,0,,192,184,,0,0,0,0
1617094831609,6,1010123456023,77,,1,2,17,1,0,,7.1831,142,0,0.15344,40,0,6.8,,0,0,0,0,0,0,0,0,0,,605,380,,0,0,0,0
1617094831859,6,1010123456023,77,,1,2,17,1,0,,4.35669,157,0,0.13584,46,0,5.25,,0,0,0,0,0,0,0,0,0,,682,466,,0,0,0,0
1617094832109,6,1010123456023,77,,1,2,17,1,0,,10.5271,129,0,0.161632,38,0,9.5,,6,22,0,0.1,7,57.1429,0,7.75014,31,,346,274,,0,0,0,5.5
1617094832359,6,1010123456023,77,,1,2,17,1,0,,7.65385,130,22,0.117536,35,0,5.5,,0,3,0,0.1,1,0,0,0,31,,348,351,,0,0,0,0
1617094832609,6,1010123456023,77,,1,2,17,1,0,,4.92366,131,0,0.118208,38,0,4.75,,0,0,0,0,0,0,0,0,0,,547,375,,0,0,0,0
1617094832858,6,1010123456023,77,,1,2,17,1,0,,11.5776,116,158,0.138506,35,0,9.75,,0,0,0,0,0,0,0,0,0,,322,246,,0,0,0,0
1617094833109,6,1010123456023,77,,1,2,17,1,0,,7.03226,93,0,0.099904,27,0,5,,7.38462,26,0,0.1,7,57.1429,0,5.26309,31,,344,237,,0,0,0,6.53846
1617094833359,6,1010123456023,77,,1,2,17,1,0,,7.78431,102,0,0.128416,29,0,8,,0,0,0,0,0,0,0,0,0,,291,272,,0,0,0,0
1617094833609,6,1010123456023,77,,1,2,17,1,0,,5.0082,122,0,0.123648,36,0,7.66667,,0,0,0,0,0,0,0,0,0,,537,362,,0,0,0,0
1617094833859,6,1010123456023,77,,1,2,17,1,0,,12.5,112,0,0.130176,30,0,15,,0,0,0,0,0,0,0,0,0,,217,209,,0,0,0,0
1617094834109,6,1010123456023,77,,1,2,17,1,0,,16.4231,78,0,0.152608,25,0,10,,6.34783,46,0,0.1,13,30.7692,0,8.00286,31,,173,124,,0,0,0,5.04348
1617094834359,6,1010123456023,77,,1,2,17,1,0,,7.46457,127,0,0.121856,36,0,7,,0,0,0,0,0,0,0,0,0,,394,317,,0,0,0,0
1617094834609,6,1010123456023,77,,1,2,17,1,0,,15.1,80,0,0.122848,23,0,10,,0,0,0,0,0,0,0,0,0,,114,120,,0,0,0,0
1617094834858,6,1010123456023,77,,1,2,17,1,0,,15.1429,91,0,0.139213,25,0,11,,0,0,0,0,0,0,0,0,0,,146,143,,0,0,0,0
1617094835109,6,1010123456023,77,,1,2,17,1,0,,16.6,85,0,0.125152,25,0,9,,0.1,23,0,0.1,8,25,0,5.1485,31,,119,114,,0,0,0,3.69565
1617094835359,6,1010123456023,77,,1,2,17,1,0,,12.5802,81,0,0.108128,21,0,8,,0,0,0,0,0,0,0,0,0,,169,149,,0,0,0,0
1617094835609,6,1010123456023,77,,1,2,17,1,0,,4.90625,192,0,0.20368,57,0,5,,0,0,0,0,0,0,0,0,0,,752,625,,0,0,0,0
1617094835859,6,1010123456023,77,,1,2,17,1,0,,3.41333,150,0,0.108096,41,0,6.5,,0,0,0,0,0,0,0,0,0,,721,468,,0,0,0,0
1617094836109,6,1010123456023,77,,1,2,17,1,0,,13,68,0,0.12368,21,0,14,,8.8,15,0,0.1,4,25,0,19.3396,31,,138,125,,0,0,0,3.93333
1617094836359,6,1010123456023,77,,1,2,17,1,0,,21,82,0,0.113344,22,0,0.1,,0,0,0,0,0,0,0,0,0,,47,69,,0,0,0,0
1617094836609,6,1010123456023,77,,1,2,17,1,0,,21,71,0,0.11344,21,0,14,,0,0,0,0,0,0,0,0,0,,44,63,,0,0,0,0
1617094836859,6,1010123456023,77,,1,2,17,1,0,,10.2474,97,0,0.105824,27,0,8,,0,0,0,0,0,0,0,0,0,,301,228,,0,0,0,0
1617094837109,6,1010123456023,77,,1,2,17,1,0,,7.79646,113,0,0.127712,32,0,6.5,,12.6,15,0,0.1,4,50,0,9.5149,31,,300,267,,0,0,0,5.8
1617094837359,6,1010123456023,77,,1,2,17,1,0,,10.8961,77,0,0.085056,22,0,7.5,,0,0,0,0,0,0,0,0,0,,198,156,,0,0,0,0
1617094837609,6,1010123456023,77,,1,2,17,1,0,,8.24793,121,0,0.100768,29,0,8.71429,,0,0,0,0,0,0,0,0,0,,481,304,,0,0,0,0
1617094837859,6,1010123456023,77,,1,2,17,1,0,,13.2,70,0,0.107584,26,0,14,,0,0,0,0,0,0,0,0,0,,98,99,,0,0,0,0
1617094838109,6,1010123456023,77,,1,2,17,1,0,,4.68041,194,0,0.154432,56,0,8.33333,,7.9,30,0,0.1,8,50,0,7.5346,31,,906,663,,0,0,0,5.93333
1617094838359,6,1010123456023,77,,1,2,17,1,0,,21.7353,68,158,0.08784,17,0,14,,0,0,0,0,0,0,0,0,0,,42,55,,0,0,0,0
1617094838609,6,1010123456023,77,,1,2,17,1,0,,21,49,0,0.082688,16,0,14,,0,0,0,0,0,0,0,0,0,,27,39,,0,0,0,0
1617094838859,6,1010123456023,77,,1,2,17,1,0,,11.5745,94,0,0.095008,25,0,7.33333,,0,0,0,0,0,0,0,0,0,,268,207,,0,0,0,0
1617094839109,6,1010123456023,77,,1,2,17,1,0,,14.1892,111,0,0.14048,33,0,13,,12.4167,36,0,0.1,11,63.6364,0,11.2861,31,,185,166,,0,0,0,6.75
1617094839359,6,1010123456023,77,,1,2,17,1,0,,15.2234,94,0,0.10416,24,0,9.5,,7.5,26,0,0.1,8,62.5,0,4.75772,0,,159,135,,0,0,0,6.19231
1617094839609,6,1010123456023,77,,1,2,17,1,0,,11.7115,104,0,0.131392,33,0,9.75,,0,0,0,0,0,0,0,0,0,,311,225,,0,0,0,0
1617094839859,6,1010123456023,77,,1,2,17,1,0,,10.9478,134,0,0.153856,36,0,8,,0,0,0,0,0,0,0,0,0,,322,289,,0,0,0,0
1617094840109,6,1010123456023,77,,1,2,17,1,0,,5.63057,157,0,0.134592,42,0,6.5,,7.38462,26,0,0.1,7,57.1429,0,5.31015,31,,699,420,,0,0,0,6.53846
1617094840359,6,1010123456023,77,,1,2,17,1,0,,12.2841,88,0,0.140864,28,0,8,,0,0,0,0,0,0,0,0,0,,172,164,,0,0,0,0
1617094840609,6,1010123456023,77,,1,2,17,1,0,,7.7381,84,0,0.09904,23,0,7.66667,,0,0,0,0,0,0,0,0,0,,311,240,,0,0,0,0
1617094840859,6,1010123456023,77,,1,2,17,1,0,,5.45395,152,0,0.151072,46,0,5,,0,0,0,0,0,0,0,0,0,,541,392,,0,0,0,0
1617094841109,6,1010123456023,77,,1,2,17,1,0,,11.3309,136,0,0.16256,40,0,10,,15.1467,75,0,0.17264,25,80,0,5.65503,31,,298,270,,0,0,0,7.85778
1617094841359,6,1010123456023,77,,1,2,17,1,0,,20.5714,56,0,0.072384,14,0,13.5,,0,0,0,0,0,0,0,0,0,,33,48,,0,0,0,0
1617094841609,6,1010123456023,77,,1,2,17,1,0,,19.8734,79,0,0.103744,22,0,0.1,,0,0,0,0,0,0,0,0,0,,64,66,,0,0,0,0
1617094841859,6,1010123456023,77,,1,2,17,1,0,,9.56302,119,0,0.121056,35,0,3,,0,0,0,0,0,0,0,0,0,,441,298,,0,0,0,0
1617094842109,6,1010123456023,77,,1,2,17,1,0,,3.77551,147,0,0.10704,42,0,4,,12.44,25,0,0.1,7,57.1429,0,13.5652,31,,558,403,,0,0,0,5.61333
1617094842359,6,1010123456023,77,,1,2,17,1,0,,4.46429,112,0,0.101888,33,0,5.33333,,0,0,0,0,0,0,0,0,0,,541,351,,0,0,0,0
1617094842609,6,1010123456023,77,,1,2,17,1,0,,4.35838,173,0,0.15072,50,0,6,,0,0,0,0,0,0,0,0,0,,811,530,,0,0,0,0
1617094842859,6,1010123456023,77,,1,2,17,1,0,,16.5412,85,0,0.11616,22,0,11,,0,0,0,0,0,0,0,0,0,,109,125,,0,0,0,0
1617094843109,6,1010123456023,77,,1,2,17,1,0,,5.6732,153,0,0.148416,50,0,8.33333,,8.52174,23,0,0.1,7,57.1429,0,8.77109,31,,587,467,,0,0,0,5.69565
1617094843359,6,1010123456023,77,,1,2,17,1,0,,5.63107,103,0,0.100896,29,0,5,,0,0,0,0,0,0,0,0,0,,310,271,,0,0,0,0
1617094843609,6,1010123456023,77,,1,2,17,1,0,,5.42222,135,0,0.137216,39,0,5,,0,0,0,0,0,0,0,0,0,,440,374,,0,0,0,0
1617094843859,6,1010123456023,77,,1,2,17,1,0,,5.56122,98,0,0.089952,28,0,4,,0,0,0,0,0,0,0,0,0,,324,238,,0,0,0,0
1617094844109,6,1010123456023,77,,1,2,17,1,0,,6.456,125,0,0.11712,36,0,9.5,,14.125,56,0,0.1,16,75,0,10.2111,31,,588,381,,0,0,0,7.91071
1617094844359,6,1010123456023,77,,1,2,17,1,0,,5.05769,156,0,0.133056,43,0,4.33333,,8.66667,30,0,0.1,8,62.5,0,3.59545,31,,689,436,,0,0,0,7
1617094844609,6,1010123456023,77,,1,2,17,1,0,,4.27941,136,0,0.118624,41,0,2.5,,0,0,0,0,0,0,0,0,0,,535,380,,0,0,0,0
1617094844859,6,1010123456023,77,,1,2,17,1,0,,10.9725,109,0,0.106112,29,0,13,,0,0,0,0,0,0,0,0,0,,269,219,,0,0,0,0
1617094845109,6,1010123456023,77,,1,2,17,1,0,,14.3333,48,0,0.074688,14,0,11,,13.2174,23,0,0.1,7,71.4286,0,11.6959,31,,70,72,,0,0,0,7.26087
1617094845359,6,1010123456023,77,,1,2,17,1,0,,9.05435,92,158,0.108544,24,0,3,,8.21053,19,0,0.1,5,60,0,1.61732,0,,298,221,,0,0,0,6.68421
1617094845609,6,1010123456023,77,,1,2,17,1,0,,4.17094,117,0,0.098944,36,0,5,,0,0,0,0,0,0,0,0,0,,507,332,,0,0,0,0
1617094845859,6,1010123456023,77,,1,2,17,1,0,,15.9583,96,0,0.13824,24,0,11,,0,0,0,0,0,0,0,0,0,,152,144,,0,0,0,0
1617094846109,6,1010123456023,77,,1,2,17,1,0,,16.2165,97,0,0.17456,31,0,9.25,,12.0541,37,0,0.1,11,72.7273,0,6.67983,31,,142,147,,0,0,0,8.2973
1617094846359,6,1010123456023,77,,1,2,17,1,0,,13,102,0,0.167648,31,0,8,,8,26,0,0.1,7,57.1429,0,3.46267,31,,180,180,,0,0,0,6.53846
1617094846609,6,1010123456023,77,,1,2,17,1,0,,15.8889,72,0,0.09696,18,0,10.5,,0,0,0,0,0,0,0,0,0,,89,112,,0,0,0,0
1617094846859,6,1010123456023,77,,1,2,17,1,0,,15.129,93,0,0.1248,28,0,8.25,,0,0,0,0,0,0,0,0,0,,145,129,,0,0,0,0
1617094847109,6,1010123456023,77,,1,2,17,1,0,,10.4118,102,0,0.140864,26,0,7,,15.2644,87,0,0.116576,28,85.7143,0,4.89467,31,,292,238,,0,0,0,8.35632
1617094847359,6,1010123456023,77,,1,2,17,1,0,,10.1565,115,0,0.111616,36,0,8.5,,0,0,0,0,0,0,0,0,0,,391,270,,0,0,0,0
1617094847609,6,1010123456023,77,,1,2,17,1,0,,19,88,0,0.145728,26,0,8,,0,0,0,0,0,0,0,0,0,,79,99,,0,0,0,0
1617094847859,6,1010123456023,77,,1,2,17,1,0,,4.3961,154,0,0.134048,45,0,5.33333,,0,0,0,0,0,0,0,0,0,,619,448,,0,0,0,0
1617094848109,6,1010123456023,77,,1,2,17,1,0,,13.058,69,0,0.107744,19,0,8.33333,,7.9,10,0,0.1,3,0,0,25.9588,31,,110,123,,0,0,0,1
1617094848359,6,1010123456023,77,,1,2,17,1,0,,10.8519,81,0,0.10112,23,0,8.5,,0,0,0,0,0,0,0,0,0,,175,169,,0,0,0,0
1617094848609,6,1010123456023,77,,1,2,17,1,0,,9,73,0,0.084704,21,0,9,,0,0,0,0,0,0,0,0,0,,170,163,,0,0,0,0
1617094848859,6,1010123456023,77,,1,2,17,1,0,,3.74699,166,0,0.133152,47,0,4,,0,0,0,0,0,0,0,0,0,,697,504,,0,0,0,0
1617094849109,6,1010123456023,77,,1,2,17,1,0,,5.42857,140,0,0.137184,43,0,0.1,,13.7143,7,0,0.1,2,0,0,24.7399,31,,425,357,,0,0,0,1
1617094849359,6,1010123456023,77,,1,2,17,1,0,,2.71963,214,0,0.145408,62,0,3,,0,0,0,0,0,0,0,0,0,,1109,693,,0,0,0,0
1617094849609,6,1010123456023,77,,1,2,17,1,0,,6.96591,88,158,0.099264,24,0,6,,0,0,0,0,0,0,0,0,0,,260,235,,0,0,0,0
1617094849859,6,1010123456023,77,,1,2,17,1,0,,12.5,82,0,0.123264,24,0,8.25,,0,0,0,0,0,0,0,0,0,,172,160,,0,0,0,0
1617094850109,6,1010123456023,77,,1,2,17,1,0,,5.5102,147,0,0.105248,41,0,8.66667,,13.2857,7,0,0.1,2,0,0,28.1248,31,,648,419,,0,0,0,1
1617094850359,6,1010123456023,77,,1,2,17,1,0,,13.9697,99,0,0.154048,31,0,9,,0,0,0,0,0,0,0,0,0,,183,161,,0,0,0,0
1617094850609,6,1010123456023,77,,1,2,17,1,0,,2.70952,210,254,0.125472,55,0,3,,0,0,0,0,0,0,0,0,0,,1079,707,,0,0,0,0
1617094850859,6,1010123456023,77,,1,2,17,1,0,,5.8087,115,0,0.131616,40,0,5.5,,0,0,0,0,0,0,0,0,0,,475,333,,0,0,0,0
1617094851109,6,1010123456023,77,,1,2,17,1,0,,7.77778,144,0,0.157472,41,0,9,,9.11539,26,0,0.1,7,57.1429,0,6.14466,31,,521,370,,0,0,0,6.53846
1617094851359,6,1010123456023,77,,1,2,17,1,0,,7.05319,94,0,0.111936,28,0,6.5,,0,0,0,0,0,0,0,0,0,,300,251,,0,0,0,0
1617094851609,6,1010123456023,77,,1,2,17,1,0,,15.0645,62,0,0.096416,17,0,11.3333,,0,0,0,0,0,0,0,0,0,,91,96,,0,0,0,0
1617094851859,6,1010123456023,77,,1,2,17,1,0,,15.6786,84,0,0.104192,24,0,9.66667,,0,0,0,0,0,0,0,0,0,,154,133,,0,0,0,0
1617094852109,6,1010123456023,77,,1,2,17,1,0,,5.22535,142,0,0.117664,43,0,8.33333,,0.1,18,0,0.1,6,33.3333,0,1.70275,31,,678,420,,0,0,0,3.38889
1617094852359,6,1010123456023,77,,1,2,17,1,0,,12.8723,94,0,0.135456,25,0,7.5,,0,0,0,0,0,0,0,0,0,,165,166,,0,0,0,0
1617094852609,6,1010123456023,77,,1,2,17,1,0,,10.7738,84,0,0.1344,26,0,7.25,,0,0,0,0,0,0,0,0,0,,161,171,,0,0,0,0
1617094852859,6,1010123456023,77,,1,2,17,1,0,,15.0741,54,0,0.074432,14,0,7.4,,0,0,0,0,0,0,0,0,0,,77,84,,0,0,0,0
1617094853109,6,1010123456023,77,,1,2,17,1,0,,5.45378,119,0,0.122208,34,0,8,,7.38462,26,0,0.1,7,57.1429,0,8.19779,31,,380,332,,0,0,0,6.53846
1617094853359,6,1010123456023,77,,1,2,17,1,0,,4.94702,151,0,0.140544,46,0,5.66667,,0,0,0,0,0,0,0,0,0,,603,409,,0,0,0,0
1617094853609,6,1010123456023,77,,1,2,17,1,0,,16.3964,111,0,0.152608,31,0,7.5,,0,0,0,0,0,0,0,0,0,,143,140,,0,0,0,0
1617094853859,6,1010123456023,77,,1,2,17,1,0,,8.90411,73,0,0.092864,20,0,7.66667,,0,0,0,0,0,0,0,0,0,,171,174,,0,0,0,0
1617094854109,6,1010123456023,77,,1,2,17,1,0,,9.97674,86,0,0.129984,26,0,6.66667,,8.86957,23,0,0.1,7,71.4286,0,9.2608,31,,191,202,,0,0,0,6.86957
1617094854359,6,1010123456023,77,,1,2,17,1,0,,13,51,0,0.08112,15,0,8,,6.85714,7,0,0.1,2,0,0,18.219,31,,90,90,,0,0,0,1
1617094854609,6,1010123456023,77,,1,2,17,1,0,,16.7347,98,0,0.147712,28,0,11.3333,,0,0,0,0,0,0,0,0,0,,133,130,,0,0,0,0
1617094854859,6,1010123456023,77,,1,2,17,1,0,,13.75,92,0,0.137216,27,0,8.25,,0,0,0,0,0,0,0,0,0,,186,160,,0,0,0,0
1617094855109,6,1010123456023,77,,1,2,17,1,0,,16.4494,89,0,0.138272,27,0,10.6667,,15.8261,69,0,0.110752,20,80,0,6.07633,31,,105,119,,0,0,0,7.92754
1617094855359,6,1010123456023,77,,1,2,17,1,0,,3.27174,184,59,0.118176,51,0,4,,0,0,0,0,0,0,0,0,0,,933,573,,0,0,0,0
1617094855609,6,1010123456023,77,,1,2,17,1,0,,13.6344,93,0,0.13936,27,0,10,,0,0,0,0,0,0,0,0,0,,150,156,,0,0,0,0
1617094855859,6,1010123456023,77,,1,2,17,1,0,,9.83673,98,0,0.139744,27,0,6.4,,0,0,0,0,0,0,0,0,0,,306,212,,0,0,0,0
1617094856109,6,1010123456023,77,,1,2,17,1,0,,4.17094,117,0,0.092064,34,0,7,,15.0256,78,0,0.17264,25,80,0,5.03391,31,,538,354,,0,0,0,8.0641
1617094856359,6,1010123456023,77,,1,2,17,1,0,,9.19565,92,0,0.115904,31,0,9.5,,0,0,0,0,0,0,0,0,0,,268,214,,0,0,0,0
1617094856609,6,1010123456023,77,,1,2,17,1,0,,17.7059,51,0,0.078912,14,0,8,,0,0,0,0,0,0,0,0,0,,54,63,,0,0,0,0
1617094856859,6,1010123456023,77,,1,2,17,1,0,,11.2286,70,0,0.1048,19,0,7,,0,0,0,0,0,0,0,0,0,,143,148,,0,0,0,0
1617094857109,6,1010123456023,77,,1,2,17,1,0,,12,60,0,0.086496,17,0,8,,0,0,0,0,0,0,0,0,0,,112,109,,0,0,0,0
1617094857359,6,1010123456023,77,,1,2,17,1,0,,6.12987,154,0,0.167936,46,0,4,,0,0,0,0,0,0,0,0,0,,617,442,,0,0,0,0
1617094857609,6,1010123456023,77,,1,2,17,1,0,,11.3636,88,0,0.106208,25,0,9,,4.69565,23,0,0.1,7,57.1429,0,10.2579,31,,181,163,,0,0,0,5.69565
1617094857859,6,1010123456023,77,,1,2,17,1,0,,0.22807,228,0,0.097696,65,0,3.5,,0,0,0,0,0,0,0,0,0,,1747,868,,0,0,0,0
1617094858109,6,1010123456023,77,,1,2,17,1,0,,10.6239,117,0,0.14176,34,0,9.5,,0,12,0,0,4,100,0,0,0,,288,247,,0,0,0,0
1617094858359,6,1010123456023,77,,1,2,17,1,0,,7.13636,88,0,0.09024,24,0,8,,0,0,0,0,0,0,0,0,0,,241,213,,0,0,0,0
1617094858609,6,1010123456023,77,,1,2,17,1,0,,10.7808,73,0,0.102912,22,0,5.33333,,0,0,0,0,0,0,0,0,0,,167,153,,0,0,0,0
1617094858859,6,1010123456023,77,,1,2,17,1,0,,4.63478,115,158,0.090496,30,0,7.75,,0,0,0,0,0,0,0,0,0,,480,338,,0,0,0,0
1617094859109,6,1010123456023,77,,1,2,17,1,0,,1.65269,167,0,0.104192,51,0,8,,0.1,16,0,0.1,5,20,0,5.93916,31,,983,601,,0,0,0,3.25
1617094859359,6,1010123456023,77,,1,2,17,1,0,,14.2785,79,0,0.123936,23,0,14,,0,0,0,0,0,0,0,0,0,,131,128,,0,0,0,0
1617094859609,6,1010123456023,77,,1,2,17,1,0,,5.91824,159,0,0.123168,45,0,8.33333,,0,0,0,0,0,0,0,0,0,,808,466,,0,0,0,0
1617094859859,6,1010123456023,77,,1,2,17,1,0,,5.62805,164,0,0.156384,46,0,5.25,,0,0,0,0,0,0,0,0,0,,624,456,,0,0,0,0
1617094860109,6,1010123456023,77,,1,2,17,1,0,,15.6458,96,0,0.13072,29,0,8,,0.1,14,0,0.1,4,25,0,1.29309,31,,224,154,,0,0,0,4.92857
1617094860359,6,1010123456023,77,,1,2,17,1,0,,10.5895,95,0,0.11744,27,0,8.5,,0,0,0,0,0,0,0,0,0,,144,233,,0,0,0,0
1617094860609,6,1010123456023,77,,1,2,17,1,0,,9.42568,148,0,0.15056,40,0,8,,0,0,0,0,0,0,0,0,0,,586,355,,0,0,0,0
1617094860859,6,1010123456023,77,,1,2,17,1,0,,21,71,0,0.108192,21,0,14,,0,0,0,0,0,0,0,0,0,,50,60,,0,0,0,0
1617094861109,6,1010123456023,77,,1,2,17,1,0,,12.7955,88,0,0.122784,25,0,7.6,,9.40741,54,0,0.1,16,75,0,10.6135,31,,177,150,,0,0,0,7.83333
1617094861359,6,1010123456023,77,,1,2,17,1,0,,6.3609,133,100,0.132448,35,0,5.33333,,0,0,0,0,0,0,0,0,0,,407,355,,0,0,0,0
1617094861609,6,1010123456023,77,,1,2,17,1,0,,16.9333,75,0,0.109728,25,0,10,,0,0,0,0,0,0,0,0,0,,119,111,,0,0,0,0
1617094861859,6,1010123456023,77,,1,2,17,1,0,,17.8101,79,0,0.104576,20,0,12,,0,0,0,0,0,0,0,0,0,,91,98,,0,0,0,0
1617094862109,6,1010123456023,77,,1,2,17,1,0,,13.2838,74,0,0.101664,23,0,9.75,,0.1,22,0,0.1,6,33.3333,0,6.52077,31,,181,130,,0,0,0,4.77273
1617094862359,6,1010123456023,77,,1,2,17,1,0,,2.24224,161,158,0.092448,47,0,1,,0,0,0,0,0,0,0,0,0,,1033,592,,0,0,0,0
1617094862609,6,1010123456023,77,,1,2,17,1,0,,6.33663,202,0,0.146208,58,0,14,,0,0,0,0,0,0,0,0,0,,1158,592,,0,0,0,0
1617094862859,6,1010123456023,77,,1,2,17,1,0,,15.3167,60,0,0.096768,16,0,11,,0,0,0,0,0,0,0,0,0,,123,104,,0,0,0,0
1617094863109,6,1010123456023,77,,1,2,17,1,0,,10.411,73,0,0.108128,22,0,7.33333,,0.1,10,0,0.1,3,0,0,0.789987,31,,158,153,,0,0,0,2.4
1617094863359,6,1010123456023,77,,1,2,17,1,0,,8.95804,143,0,0.16096,42,0,8.5,,0,0,0,0,0,0,0,0,0,,494,365,,0,0,0,0
1617094863609,6,1010123456023,77,,1,2,17,1,0,,12.3958,96,0,0.12992,26,0,11,,0,0,0,0,0,0,0,0,0,,222,176,,0,0,0,0
1617094863859,6,1010123456023,77,,1,2,17,1,0,,18.4085,71,0,0.109984,21,0,8,,0,0,0,0,0,0,0,0,0,,69,81,,0,0,0,0
1617094864109,6,1010123456023,77,,1,2,17,1,0,,7.14151,106,0,0.102048,30,0,7.5,,0.1,9,0,0.1,3,0,0,8.20614,31,,429,277,,0,0,0,4.33333
1617094864359,6,1010123456023,77,,1,2,17,1,0,,3.89683,126,0,0.087808,36,0,8.5,,0,0,0,0,0,0,0,0,0,,612,379,,0,0,0,0
1617094864609,6,1010123456023,77,,1,2,17,1,0,,2.51316,152,0,0.09792,43,0,4.66667,,0,0,0,0,0,0,0,0,0,,872,516,,0,0,0,0
1617094864859,6,1010123456023,77,,1,2,17,1,0,,18.8125,64,0,0.09504,18,0,10.3333,,0,0,0,0,0,0,0,0,0,,54,71,,0,0,0,0
1617094865109,6,1010123456023,77,,1,2,17,1,0,,11.1429,63,0,0.107616,21,0,5,,9.23077,26,0,0.1,7,57.1429,0,9.41549,31,,143,149,,0,0,0,6.19231
1617094865359,6,1010123456023,77,,1,2,17,1,0,,7.29412,119,315,0.133408,35,0,7,,0,0,0,0,0,0,0,0,0,,335,294,,0,0,0,0
1617094865609,6,1010123456023,77,,1,2,17,1,0,,9.68333,60,0,0.085472,15,0,5,,0,0,0,0,0,0,0,0,0,,141,145,,0,0,0,0
1617094865859,6,1010123456023,77,,1,2,17,1,0,,11.8469,98,0,0.119872,30,0,7.33333,,0,0,0,0,0,0,0,0,0,,204,184,,0,0,0,0
1617094866109,6,1010123456023,77,,1,2,17,1,0,,4.81967,183,0,0.16048,52,0,5.66667,,8.86957,23,0,0.1,7,57.1429,0,7.13005,31,,666,505,,0,0,0,5.69565
1617094866359,6,1010123456023,77,,1,2,17,1,0,,3.22826,184,0,0.126144,48,0,4.2,,0,0,0,0,0,0,0,0,0,,921,583,,0,0,0,0
1617094866609,6,1010123456023,77,,1,2,17,1,0,,9.56452,62,0,0.095072,21,0,8,,0,0,0,0,0,0,0,0,0,,153,182,,0,0,0,0
1617094866859,6,1010123456023,77,,1,2,17,1,0,,5.38775,98,0,0.105728,28,0,5,,0,0,0,0,0,0,0,0,0,,355,284,,0,0,0,0
1617094867109,6,1010123456023,77,,1,2,17,1,0,,5.70635,126,0,0.116032,36,0,8,,8.57143,21,0,0.1,7,57.1429,0,9.98367,31,,335,297,,0,0,0,5.28571
1617094867359,6,1010123456023,77,,1,2,17,1,0,,8.86364,132,0,0.162144,39,0,5.5,,0,0,0,0,0,0,0,0,0,,414,310,,0,0,0,0
1617094867609,6,1010123456023,77,,1,2,17,1,0,,0.1,172,0,0.064544,43,0,2,,0,0,0,0,0,0,0,0,0,,1259,687,,0,0,0,0
1617094867859,6,1010123456023,77,,1,2,17,1,0,,3.94483,145,0,0.123424,47,0,8,,0,0,0,0,0,0,0,0,0,,731,467,,0,0,0,0
1617094868109,6,1010123456023,77,,1,2,17,1,0,,10.8876,89,0,0.107328,24,0,9.33333,,15.0588,68,0,0.168704,21,76.1905,0,5.89345,31,,194,181,,0,0,0,7.89216
1617094868359,6,1010123456023,77,,1,2,17,1,0,,19.5965,57,0,0.083456,16,0,11,,0,0,0,0,0,0,0,0,0,,44,57,,0,0,0,0
1617094868609,6,1010123456023,77,,1,2,17,1,0,,13.4,70,0,0.091488,17,0,7.66667,,0,0,0,0,0,0,0,0,0,,141,124,,0,0,0,0
1617094868859,6,1010123456023,77,,1,2,17,1,0,,12.9468,94,0,0.167264,31,0,6.5,,0,0,0,0,0,0,0,0,0,,236,164,,0,0,0,0
1617094869109,6,1010123456023,77,,1,2,17,1,0,,16.5968,62,0,0.095008,17,0,9.5,,5.90909,22,0,0.1,7,57.1429,0,6.93598,31,,80,86,,0,0,0,6.31818
1617094869359,6,1010123456023,77,,1,2,17,1,0,,6.28758,153,0,0.128448,44,0,8.33333,,0,3,0,0.1,1,0,0,0,31,,629,421,,0,0,0,0
1617094869609,6,1010123456023,77,,1,2,17,1,0,,13.4638,69,0,0.113472,20,0,9,,0,0,0,0,0,0,0,0,0,,110,121,,0,0,0,0
1617094869859,6,1010123456023,77,,1,2,17,1,0,,14.8837,86,0,0.128576,24,0,11,,0,0,0,0,0,0,0,0,0,,100,128,,0,0,0,0
1617094870109,6,1010123456023,77,,1,2,17,1,0,,15.8,50,0,0.063776,13,0,10.6667,,14.8308,65,0,0.3608,21,61.9048,0,8.93821,31,,60,65,,0,0,0,6.18462
1617094870359,6,1010123456023,77,,1,2,17,1,0,,6.16667,168,0,0.157152,48,0,7.33333,,0,0,0,0,0,0,0,0,0,,685,450,,0,0,0,0
1617094870609,6,1010123456023,77,,1,2,17,1,0,,2.87435,191,0,0.120288,51,0,4.33333,,0,0,0,0,0,0,0,0,0,,983,617,,0,0,0,0
1617094870859,6,1010123456023,77,,1,2,17,1,0,,5.44355,124,0,0.125984,39,0,7,,0,0,0,0,0,0,0,0,0,,397,308,,0,0,0,0
1617094871109,6,1010123456023,77,,1,2,17,1,0,,6.15079,126,0,0.129408,34,0,5.33333,,8.88461,26,0,0.1,7,57.1429,0,6.23212,31,,442,359,,0,0,0,6.53846
1617094871359,6,1010123456023,77,,1,2,17,1,0,,6.54478,134,69,0.129376,41,0,5.33333,,0,0,0,0,0,0,0,0,0,,428,312,,0,0,0,0
1617094871609,6,1010123456023,77,,1,2,17,1,0,,4.13462,104,0,0.094592,32,0,9,,0,0,0,0,0,0,0,0,0,,549,337,,0,0,0,0
1617094871859,6,1010123456023,77,,1,2,17,1,0,,18.8182,77,158,0.120128,22,0,11,,0,0,0,0,0,0,0,0,0,,71,87,,0,0,0,0
1617094872109,6,1010123456023,77,,1,2,17,1,0,,17.8532,109,0,0.1688,31,0,8,,0.1,11,0,0.1,4,0,0,3.96908,31,,121,137,,0,0,0,2.45455
1617094872359,6,1010123456023,77,,1,2,17,1,0,,13,59,0,0.09744,17,0,8,,0,0,0,0,0,0,0,0,0,,113,114,,0,0,0,0
1617094872609,6,1010123456023,77,,1,2,17,1,0,,13,79,0,0.12448,22,0,8,,0,0,0,0,0,0,0,0,0,,131,132,,0,0,0,0
1617094872859,6,1010123456023,77,,1,2,17,1,0,,14.16,100,0,0.149376,28,0,11.5,,0,0,0,0,0,0,0,0,0,,168,160,,0,0,0,0
1617094873109,6,1010123456023,77,,1,2,17,1,0,,19.0606,33,0,0.04688,9,0,12,,15,16,0,0,4,100,0,1.94041,0,,29,36,,0,0,0,10
1617094873359,6,1010123456023,77,,1,2,17,1,0,,21.3846,65,0,0.103296,20,0,9.5,,0,0,0,0,0,0,0,0,0,,40,56,,0,0,0,0
1617094873609,6,1010123456023,77,,1,2,17,1,0,,16.2317,82,0,0.110944,22,0,11.4,,0,0,0,0,0,0,0,0,0,,126,116,,0,0,0,0
1617094873859,6,1010123456023,77,,1,2,17,1,0,,9.50714,140,0,0.13168,39,0,9,,0,0,0,0,0,0,0,0,0,,498,349,,0,0,0,0
1617094874109,6,1010123456023,77,,1,2,17,1,0,,13.2241,116,0,0.165248,36,0,9,,8.12,25,0,0.1,8,50,0,6.01996,31,,256,212,,0,0,0,5.12
1617094874359,6,1010123456023,77,,1,2,17,1,0,,11,122,158,0.1216,33,0,9.25,,0,0,0,0,0,0,0,0,0,,210,206,,0,0,0,0
1617094874609,6,1010123456023,77,,1,2,17,1,0,,9.94915,118,0,0.12656,35,0,9.75,,0,0,0,0,0,0,0,0,0,,419,290,,0,0,0,0
1617094874859,6,1010123456023,77,,1,2,17,1,0,,2.54955,222,0,0.146848,63,0,4,,0,0,0,0,0,0,0,0,0,,1256,755,,0,0,0,0
1617094875109,6,1010123456023,77,,1,2,17,1,0,,10.3717,113,0,0.141728,34,0,9.75,,0.1,14,0,0.1,4,25,0,8.99924,31,,268,230,,0,0,0,3.92857
1617094875359,6,1010123456023,77,,1,2,17,1,0,,7.56667,90,158,0.107438,27,0,8,,0,0,0,0,0,0,0,0,0,,270,225,,0,0,0,0
1617094875609,6,1010123456023,77,,1,2,17,1,0,,12.9722,72,0,0.107648,20,0,8,,0,0,0,0,0,0,0,0,0,,122,116,,0,0,0,0
1617094875859,6,1010123456023,77,,1,2,17,1,0,,13.0526,76,0,0.113184,21,0,8.66667,,0,0,0,0,0,0,0,0,0,,135,131,,0,0,0,0
1617094876109,6,1010123456023,77,,1,2,17,1,0,,17.8193,83,158,0.12672,24,0,11.6667,,15.2558,86,0,0.11984,28,85.7143,0,3.59695,31,,91,107,,0,0,0,8.63953
1617094876359,6,1010123456023,77,,1,2,17,1,0,,19.1538,78,0,0.130432,24,0,9.66667,,0,0,0,0,0,0,0,0,0,,78,84,,0,0,0,0
1617094876609,6,1010123456023,77,,1,2,17,1,0,,11.69,100,0,0.116192,29,0,6.25,,0,0,0,0,0,0,0,0,0,,356,222,,0,0,0,0
1617094876859,6,1010123456023,77,,1,2,17,1,0,,14.5385,78,0,0.1088,20,0,11,,0,0,0,0,0,0,0,0,0,,118,137,,0,0,0,0
1617094877109,6,1010123456023,77,,1,2,17,1,0,,5.30097,103,0,0.100544,30,0,4.33333,,8.7,10,0,0.1,3,0,0,26.5949,31,,365,290,,0,0,0,1
1617094877359,6,1010123456023,77,,1,2,17,1,0,,15.2267,75,0,0.108864,24,0,14,,0,0,0,0,0,0,0,0,0,,110,104,,0,0,0,0
1617094877609,6,1010123456023,77,,1,2,17,1,0,,11.4731,93,0,0.100416,22,0,8.25,,0,0,0,0,0,0,0,0,0,,299,196,,0,0,0,0
1617094877859,6,1010123456023,77,,1,2,17,1,0,,11.1639,122,0,0.146752,36,0,9,,0,0,0,0,0,0,0,0,0,,308,251,,0,0,0,0
1617094878109,6,1010123456023,77,,1,2,17,1,0,,16.4316,95,0,0.12048,29,0,9,,13.2857,7,0,0.1,2,0,0,24.3207,31,,160,133,,0,0,0,1
1617094878359,6,1010123456023,77,,1,2,17,1,0,,21,69,0,0.097888,19,0,14,,0,0,0,0,0,0,0,0,0,,38,57,,0,0,0,0
1617094878609,6,1010123456023,77,,1,2,17,1,0,,9.71667,120,297,0.131488,34,0,5.33333,,0,0,0,0,0,0,0,0,0,,420,264,,0,0,0,0
1617094878859,6,1010123456023,77,,1,2,17,1,0,,8.55738,122,0,0.128192,34,0,11,,0,0,0,0,0,0,0,0,0,,310,280,,0,0,0,0
1617094879109,6,1010123456023,77,,1,2,17,1,0,,15.9692,65,0,0.0832,19,0,7.33333,,9.48837,43,0,0.1,12,58.3333,0,4.66169,31,,122,105,,0,0,0,7.16279
1617094879359,6,1010123456023,77,,1,2,17,1,0,,6.91045,67,0,0.064896,20,0,7,,0,0,0,0,0,0,0,0,0,,247,166,,0,0,0,0
1617094879609,6,1010123456023,77,,1,2,17,1,0,,8.76404,89,0,0.090624,22,0,7,,0,0,0,0,0,0,0,0,0,,206,196,,0,0,0,0
1617094879859,6,1010123456023,77,,1,2,17,1,0,,10.6471,68,0,0.116064,21,0,7,,0,0,0,0,0,0,0,0,0,,144,156,,0,0,0,0
1617094880109,6,1010123456023,77,,1,2,17,1,0,,12.5758,99,0,0.138176,30,0,8.5,,7.38462,26,0,0.1,7,57.1429,0,6.61169,31,,180,230,,0,0,0,6.53846
1617094880359,6,1010123456023,77,,1,2,17,1,0,,21.3676,68,0,0.103392,19,0,14,,0,0,0,0,0,0,0,0,0,,43,59,,0,0,0,0
1617094880609,6,1010123456023,77,,1,2,17,1,0,,13.2545,55,0,0.062816,15,0,7.5,,0,0,0,0,0,0,0,0,0,,141,98,,0,0,0,0
1617094880859,6,1010123456023,77,,1,2,17,1,0,,15.7048,105,0,0.131584,29,0,10.5,,0,0,0,0,0,0,0,0,0,,107,135,,0,0,0,0
1617094881109,6,1010123456023,77,,1,2,17,1,0,,15.75,64,0,0.10096,19,0,10,,0.1,19,0,0.1,5,20,0,6.05258,31,,89,90,,0,0,0,3.31579
1617094881359,6,1010123456023,77,,1,2,17,1,0,,8.54054,74,0,0.085504,22,0,5.5,,0,0,0,0,0,0,0,0,0,,332,205,,0,0,0,0
1617094881609,6,1010123456023,77,,1,2,17,1,0,,7.03876,129,0,0.124192,35,0,6.6,,0,0,0,0,0,0,0,0,0,,501,348,,0,0,0,0
1617094881859,6,1010123456023,77,,1,2,17,1,0,,6.63717,113,0,0.120896,34,0,9.5,,0,0,0,0,0,0,0,0,0,,294,282,,0,0,0,0
1617094882109,6,1010123456023,77,,1,2,17,1,0,,7.29268,82,0,0.10112,24,0,6.5,,14.1818,11,0,0.1,3,33.3333,0,15.1706,31,,219,216,,0,0,0,4.63636
1617094882359,6,1010123456023,77,,1,2,17,1,0,,5.64286,182,0,0.169056,53,0,6.8,,0,0,0,0,0,0,0,0,0,,762,536,,0,0,0,0
1617094882609,6,1010123456023,77,,1,2,17,1,0,,13.6807,119,0,0.169248,35,0,9.8,,0,0,0,0,0,0,0,0,0,,181,198,,0,0,0,0
1617094882859,6,1010123456023,77,,1,2,17,1,0,,5.75316,158,0,0.139232,45,0,6.66667,,0,0,0,0,0,0,0,0,0,,496,434,,0,0,0,0
1617094883109,6,1010123456023,77,,1,2,17,1,0,,11.9888,89,0,0.116608,26,0,6.5,,8.4,30,0,0.1,9,55.5556,0,10.9677,31,,183,168,,0,0,0,5.6
1617094883359,6,1010123456023,77,,1,2,17,1,0,,3.86131,137,0,0.103488,39,0,5.5,,0,0,0,0,0,0,0,0,0,,583,401,,0,0,0,0
1617094883609,6,1010123456023,77,,1,2,17,1,0,,17.2222,81,0,0.11616,22,0,9.66667,,0,0,0,0,0,0,0,0,0,,107,107,,0,0,0,0
1617094883859,6,1010123456023,77,,1,2,17,1,0,,10.5844,77,0,0.105952,19,0,8,,0,0,0,0,0,0,0,0,0,,140,161,,0,0,0,0
1617094884109,6,1010123456023,77,,1,2,17,1,0,,3.62981,208,0,0.163104,61,0,3.66667,,13.7143,7,0,0.1,2,0,0,23.8574,31,,1218,678,,0,0,0,1
1617094884359,6,1010123456023,77,,1,2,17,1,0,,4.89474,114,0,0.112352,35,0,5.66667,,0,0,0,0,0,0,0,0,0,,337,359,,0,0,0,0
1617094884609,6,1010123456023,77,,1,2,17,1,0,,4.51613,155,0,0.12,42,0,5.5,,0,0,0,0,0,0,0,0,0,,709,488,,0,0,0,0
1617094884859,6,1010123456023,77,,1,2,17,1,0,,12.5,76,158,0.132768,24,0,8,,0,0,0,0,0,0,0,0,0,,175,143,,0,0,0,0
1617094885109,6,1010123456023,77,,1,2,17,1,0,,10.4717,53,0,0.064672,15,0,7.66667,,0,6,0,0.1,2,0,0,0,31,,177,120,,0,0,0,0
1617094885359,6,1010123456023,77,,1,2,17,1,0,,9.98701,77,0,0.090752,22,0,9.5,,0,0,0,0,0,0,0,0,0,,173,145,,0,0,0,0
1617094885609,6,1010123456023,77,,1,2,17,1,0,,9.89423,104,0,0.1216,30,0,8,,0,0,0,0,0,0,0,0,0,,226,202,,0,0,0,0
1617094885859,6,1010123456023,77,,1,2,17,1,0,,13,46,0,0.075712,14,0,7,,0,0,0,0,0,0,0,0,0,,78,78,,0,0,0,0
1617094886109,6,1010123456023,77,,1,2,17,1,0,,5.13248,234,0,0.173888,66,0,8.75,,0,12,0,0,4,100,0,0,0,,1030,667,,0,0,0,0
1617094886359,6,1010123456023,77,,1,2,17,1,0,,3.3758,157,0,0.092416,43,0,3,,0,0,0,0,0,0,0,0,0,,945,543,,0,0,0,0
1617094886609,6,1010123456023,77,,1,2,17,1,0,,17.1413,92,0,0.125536,27,0,11,,0,0,0,0,0,0,0,0,0,,101,105,,0,0,0,0
1617094886859,6,1010123456023,77,,1,2,17,1,0,,18.3647,85,0,0.140992,26,0,8,,0,0,0,0,0,0,0,0,0,,86,99,,0,0,0,0
1617094887109,6,1010123456023,77,,1,2,17,1,0,,19.1414,99,0,0.1512,29,0,14,,7.38462,26,0,0.1,7,57.1429,0,6.68111,31,,81,102,,0,0,0,6.53846
1617094887359,6,1010123456023,77,,1,2,17,1,0,,8.70149,67,0,0.075104,19,0,6.4,,0,0,0,0,0,0,0,0,0,,235,165,,0,0,0,0
1617094887609,6,1010123456023,77,,1,2,17,1,0,,3.42969,128,0,0.086432,37,0,7.33333,,0,0,0,0,0,0,0,0,0,,620,398,,0,0,0,0
1617094887859,6,1010123456023,77,,1,2,17,1,0,,9.38835,103,0,0.123936,29,0,7.66667,,0,0,0,0,0,0,0,0,0,,211,205,,0,0,0,0
1617094888109,6,1010123456023,77,,1,2,17,1,0,,7.87324,71,0,0.087104,22,0,6,,12.35,20,0,0.1,6,66.6667,0,16.5337,31,,323,186,,0,0,0,6.4
1617094888359,6,1010123456023,77,,1,2,17,1,0,,5.30631,111,0,0.098848,32,0,8,,0,0,0,0,0,0,0,0,0,,644,344,,0,0,0,0
1617094888609,6,1010123456023,77,,1,2,17,1,0,,13,56,0,0.070304,13,0,8,,0,0,0,0,0,0,0,0,0,,90,90,,0,0,0,0
1617094888859,6,1010123456023,77,,1,2,17,1,0,,5.26812,138,121,0.124928,40,0,4,,0,0,0,0,0,0,0,0,0,,554,374,,0,0,0,0
1617094889109,6,1010123456023,77,,1,2,17,1,0,,5.87709,179,0,0.144384,52,0,15,,13.2857,7,0,0.1,2,0,0,25.0069,31,,821,501,,0,0,0,1
1617094889359,6,1010123456023,77,,1,2,17,1,0,,20.6667,72,0,0.10304,20,0,12.25,,0,0,0,0,0,0,0,0,0,,55,66,,0,0,0,0
1617094889609,6,1010123456023,77,,1,2,17,1,0,,10.2421,95,0,0.117536,28,0,6.75,,0,0,0,0,0,0,0,0,0,,276,213,,0,0,0,0
1617094889859,6,1010123456023,77,,1,2,17,1,0,,20.6818,66,0,0.098656,19,0,0.1,,0,0,0,0,0,0,0,0,0,,61,61,,0,0,0,0
1617094890109,6,1010123456023,77,,1,2,17,1,0,,21,57,0,0.092736,18,0,7.5,,13.2857,7,0,0.1,2,0,0,23.8852,31,,37,54,,0,0,0,1
1617094890359,6,1010123456023,77,,1,2,17,1,0,,7.66355,107,158,0.112864,31,0,8.5,,0,0,0,0,0,0,0,0,0,,453,304,,0,0,0,0
1617094890609,6,1010123456023,77,,1,2,17,1,0,,13.0361,83,0,0.1392,22,0,8,,0,0,0,0,0,0,0,0,0,,389,146,,0,0,0,0
1617094890859,6,1010123456023,77,,1,2,17,1,0,,10.0288,104,0,0.1168,30,0,9,,0,0,0,0,0,0,0,0,0,,187,180,,0,0,0,0
1617094891109,6,1010123456023,77,,1,2,17,1,0,,7.97895,95,158,0.07968,26,0,3.66667,,13.2857,7,0,0.1,2,0,0,24.9971,31,,387,254,,0,0,0,1
1617094891359,6,1010123456023,77,,1,2,17,1,0,,3.13,200,0,0.143072,59,0,8,,0,0,0,0,0,0,0,0,0,,1098,673,,0,0,0,0
1617094891609,6,1010123456023,77,,1,2,17,1,0,,13,73,0,0.113568,21,0,8,,0,0,0,0,0,0,0,0,0,,120,120,,0,0,0,0
1617094891859,6,1010123456023,77,,1,2,17,1,0,,3.07692,208,0,0.14416,58,0,5.75,,0,0,0,0,0,0,0,0,0,,1304,691,,0,0,0,0
1617094892109,6,1010123456023,77,,1,2,17,1,0,,19.5753,73,0,0.109216,21,0,10.6667,,0,12,0,0,4,100,0,0,0,,73,75,,0,0,0,0
1617094892359,6,1010123456023,77,,1,2,17,1,0,,8.13084,107,0,0.128576,32,0,6.5,,0,0,0,0,0,0,0,0,0,,291,233,,0,0,0,0
1617094892609,6,1010123456023,77,,1,2,17,1,0,,12.9604,101,0,0.177824,29,0,8,,0,0,0,0,0,0,0,0,0,,204,196,,0,0,0,0
1617094892859,6,1010123456023,77,,1,2,17,1,0,,13.9048,105,0,0.150528,30,0,11,,0,0,0,0,0,0,0,0,0,,156,157,,0,0,0,0
1617094893109,6,1010123456023,77,,1,2,17,1,0,,7.19672,122,0,0.118208,34,0,7.5,,9.23077,26,0,0.1,7,57.1429,0,5.0773,31,,237,248,,0,0,0,6.53846
1617094893359,6,1010123456023,77,,1,2,17,1,0,,13.7558,86,0,0.129632,23,0,8,,0,0,0,0,0,0,0,0,0,,94,141,,0,0,0,0
1617094893609,6,1010123456023,77,,1,2,17,1,0,,12.2,50,0,0.085568,16,0,8,,0,0,0,0,0,0,0,0,0,,111,90,,0,0,0,0
1617094893859,6,1010123456023,77,,1,2,17,1,0,,15.9024,82,0,0.121824,23,0,10,,0,0,0,0,0,0,0,0,0,,114,116,,0,0,0,0
1617094894109,6,1010123456023,77,,1,2,17,1,0,,2.69444,216,0,0.136384,62,0,4,,4.92308,26,0,0.1,7,57.1429,0,4.77555,31,,1064,703,,0,0,0,6.53846
1617094894359,6,1010123456023,77,,1,2,17,1,0,,9.75,108,0,0.117664,30,0,7,,0,0,0,0,0,0,0,0,0,,301,225,,0,0,0,0
1617094894609,6,1010123456023,77,,1,2,17,1,0,,19.382,89,0,0.130176,24,0,14,,0,0,0,0,0,0,0,0,0,,72,93,,0,0,0,0
1617094894859,6,1010123456023,77,,1,2,17,1,0,,12.2222,108,0,0.141056,32,0,9,,0,0,0,0,0,0,0,0,0,,225,209,,0,0,0,0
1617094895109,6,1010123456023,77,,1,2,17,1,0,,6.44118,136,0,0.096576,38,0,6.33333,,15.0625,64,0,0.1,20,80,0,6.40777,31,,668,398,,0,0,0,7.86458
1617094895359,6,1010123456023,77,,1,2,17,1,0,,18.3421,76,0,0.124928,24,0,8,,0,0,0,0,0,0,0,0,0,,95,89,,0,0,0,0
1617094895609,6,1010123456023,77,,1,2,17,1,0,,13.67,100,0,0.150496,27,0,11,,0,0,0,0,0,0,0,0,0,,169,167,,0,0,0,0
1617094895859,6,1010123456023,77,,1,2,17,1,0,,13.5326,92,0,0.120192,26,0,4,,0,0,0,0,0,0,0,0,0,,194,173,,0,0,0,0
1617094896109,6,1010123456023,77,,1,2,17,1,0,,10.5474,95,0,0.153376,29,0,7.5,,8.16667,36,0,0.1,12,50,0,7.98136,31,,203,223,,0,0,0,5.19444
1617094896359,6,1010123456023,77,,1,2,17,1,0,,13.3797,79,0,0.130144,23,0,9,,0,0,0,0,0,0,0,0,0,,114,132,,0,0,0,0
1617094896609,6,1010123456023,77,,1,2,17,1,0,,8.06618,136,0,0.12784,37,0,7.5,,0,0,0,0,0,0,0,0,0,,507,354,,0,0,0,0
1617094896859,6,1010123456023,77,,1,2,17,1,0,,19.3067,75,0,0.120544,23,0,12,,0,0,0,0,0,0,0,0,0,,66,77,,0,0,0,0
1617094897109,6,1010123456023,77,,1,2,17,1,0,,12.3333,69,0,0.096256,18,0,7,,8,11,0,0.1,3,0,0,24.0251,31,,126,124,,0,0,0,1
1617094897359,6,1010123456023,77,,1,2,17,1,0,,7.5614,114,158,0.132768,33,0,8,,0,0,0,0,0,0,0,0,0,,357,275,,0,0,0,0
1617094897609,6,1010123456023,77,,1,2,17,1,0,,13.1948,77,0,0.11728,22,0,10,,0,0,0,0,0,0,0,0,0,,134,124,,0,0,0,0
1617094897859,6,1010123456023,77,,1,2,17,1,0,,5.28767,146,0,0.126528,42,0,8,,0,0,0,0,0,0,0,0,0,,627,447,,0,0,0,0
1617094898109,6,1010123456023,77,,1,2,17,1,0,,11.5443,79,0,0.133088,25,0,8,,8.86957,23,0,0.1,7,57.1429,0,8.43338,31,,166,173,,0,0,0,5.69565
1617094898359,6,1010123456023,77,,1,2,17,1,0,,3.34555,191,0,0.141984,55,0,3,,0,0,0,0,0,0,0,0,0,,940,634,,0,0,0,0
1617094898609,6,1010123456023,77,,1,2,17,1,0,,5.19828,116,0,0.107808,33,0,6.5,,0,0,0,0,0,0,0,0,0,,515,347,,0,0,0,0
1617094898859,6,1010123456023,77,,1,2,17,1,0,,10.3153,111,0,0.110976,30,0,8.5,,0,0,0,0,0,0,0,0,0,,388,256,,0,0,0,0
1617094899109,6,1010123456023,77,,1,2,17,1,0,,8.65333,75,0,0.069696,22,0,12,,6.85714,7,0,0.1,2,50,0,7.25355,31,,283,182,,0,0,0,6.14286
1617094899359,6,1010123456023,77,,1,2,17,1,0,,18.9636,110,0,0.177216,34,0,12,,7.57895,19,0,0.1,5,60,0,8.98264,0,,100,120,,0,0,0,6.68421
1617094899609,6,1010123456023,77,,1,2,17,1,0,,18.8846,78,158,0.114464,21,0,11.6667,,0,0,0,0,0,0,0,0,0,,82,91,,0,0,0,0
1617094899859,6,1010123456023,77,,1,2,17,1,0,,5.4,80,0,0.079296,24,0,5,,0,0,0,0,0,0,0,0,0,,221,201,,0,0,0,0
1617094900109,6,1010123456023,77,,1,2,17,1,0,,5.216,125,0,0.107584,34,0,7,,7.28571,28,0,0.1,9,55.5556,0,9.0186,31,,560,378,,0,0,0,6.21429
1617094900359,6,1010123456023,77,,1,2,17,1,0,,8.98165,109,0,0.111072,33,0,6.25,,0,0,0,0,0,0,0,0,0,,382,278,,0,0,0,0
1617094900609,6,1010123456023,77,,1,2,17,1,0,,9.21667,60,0,0.075904,18,0,7.75,,0,0,0,0,0,0,0,0,0,,132,126,,0,0,0,0
1617094900859,6,1010123456023,77,,1,2,17,1,0,,10.0816,49,0,0.064768,14,0,8,,0,0,0,0,0,0,0,0,0,,82,84,,0,0,0,0
1617094901109,6,1010123456023,77,,1,2,17,1,0,,14.5333,75,0,0.122944,22,0,14,,13.2857,7,0,0.1,2,0,0,24.7399,31,,129,128,,0,0,0,1
1617094901358,6,1010123456023,77,,1,2,17,1,0,,15.367,109,0,0.154859,28,0,8,,0,0,0,0,0,0,0,0,0,,162,159,,0,0,0,0
1617094901609,6,1010123456023,77,,1,2,17,1,0,,9.49383,81,158,0.112832,24,0,6.33333,,0,0,0,0,0,0,0,0,0,,182,187,,0,0,0,0
1617094901859,6,1010123456023,77,,1,2,17,1,0,,5.29134,127,0,0.102912,38,0,8.5,,0,0,0,0,0,0,0,0,0,,566,369,,0,0,0,0
1617094902109,6,1010123456023,77,,1,2,17,1,0,,21.4625,80,0,0.129408,24,0,0.1,,8.57143,21,0,0.1,7,57.1429,0,8.74422,31,,54,73,,0,0,0,5.28571
1617094902359,6,1010123456023,77,,1,2,17,1,0,,15.3784,37,0,0.069376,12,0,8,,0,0,0,0,0,0,0,0,0,,59,63,,0,0,0,0
1617094902609,6,1010123456023,77,,1,2,17,1,0,,12.9036,83,0,0.128992,23,0,8,,0,0,0,0,0,0,0,0,0,,163,150,,0,0,0,0
1617094902859,6,1010123456023,77,,1,2,17,1,0,,13.6421,95,0,0.129152,24,0,9.25,,0,0,0,0,0,0,0,0,0,,160,167,,0,0,0,0
1617094903109,6,1010123456023,77,,1,2,17,1,0,,5.67969,128,0,0.143872,41,0,5,,14.6047,43,0,0.195872,14,57.1429,0,10.6722,31,,412,320,,0,0,0,5.81395
1617094903359,6,1010123456023,77,,1,2,17,1,0,,9.77206,136,0,0.154592,38,0,8.33333,,0,0,0,0,0,0,0,0,0,,366,295,,0,0,0,0
1617094903609,6,1010123456023,77,,1,2,17,1,0,,10.022,91,0,0.100128,26,0,6.5,,0,0,0,0,0,0,0,0,0,,217,177,,0,0,0,0
1617094903859,6,1010123456023,77,,1,2,17,1,0,,10.5455,66,0,0.086144,20,0,8.5,,0,0,0,0,0,0,0,0,0,,174,137,,0,0,0,0
1617094904109,6,1010123456023,77,,1,2,17,1,0,,12.8923,65,0,0.09632,18,0,8,,0.1,16,0,0.1,5,20,0,4.42988,31,,125,118,,0,0,0,4.5
1617094904359,6,1010123456023,77,,1,2,17,1,0,,12.9577,71,0,0.114144,21,0,8,,0,0,0,0,0,0,0,0,0,,129,122,,0,0,0,0
1617094904609,6,1010123456023,77,,1,2,17,1,0,,11.7302,63,0,0.101792,17,0,5.33333,,0,0,0,0,0,0,0,0,0,,236,136,,0,0,0,0
1617094904859,6,1010123456023,77,,1,2,17,1,0,,17.4382,89,0,0.131104,25,0,11.2,,0,0,0,0,0,0,0,0,0,,108,110,,0,0,0,0
1617094905109,6,1010123456023,77,,1,2,17,1,0,,12.0556,72,0,0.10816,21,0,8,,4.13559,59,0,0.1,17,52.9412,0,5.31126,31,,132,124,,0,0,0,6.40678
1617094905359,6,1010123456023,77,,1,2,17,1,0,,5.06522,138,0,0.12928,38,0,6,,0,0,0,0,0,0,0,0,0,,639,392,,0,0,0,0
1617094905609,6,1010123456023,77,,1,2,17,1,0,,13,59,0,0.097376,18,0,10,,0,0,0,0,0,0,0,0,0,,107,108,,0,0,0,0
1617094905859,6,1010123456023,77,,1,2,17,1,0,,15.9114,79,0,0.121824,23,0,10,,0,0,0,0,0,0,0,0,0,,108,110,,0,0,0,0
1617094906109,6,1010123456023,77,,1,2,17,1,0,,19.8571,56,0,0.077536,15,0,11.3333,,7.38462,26,0,0.1,7,57.1429,0,5.66801,31,,48,54,,0,0,0,6.53846
1617094906359,6,1010123456023,77,,1,2,17,1,0,,9.79412,102,0,0.1344,29,0,5,,0,0,0,0,0,0,0,0,0,,225,212,,0,0,0,0
1617094906609,6,1010123456023,77,,1,2,17,1,0,,14.1698,106,0,0.141184,31,0,12,,0,0,0,0,0,0,0,0,0,,238,168,,0,0,0,0
1617094906859,6,1010123456023,77,,1,2,17,1,0,,21,78,0,0.113344,22,0,13.3333,,0,0,0,0,0,0,0,0,0,,58,69,,0,0,0,0
1617094907109,6,1010123456023,77,,1,2,17,1,0,,21,45,0,0.072128,14,0,0.1,,6.15385,26,0,0.1,7,57.1429,0,5.39965,31,,29,42,,0,0,0,6.53846
1617094907359,6,1010123456023,77,,1,2,17,1,0,,8.49342,152,30,0.136992,41,0,7.33333,,0,0,0,0,0,0,0,0,0,,595,394,,0,0,0,0
1617094907609,6,1010123456023,77,,1,2,17,1,0,,18.3333,75,0,0.12,26,0,10,,0,0,0,0,0,0,0,0,0,,75,78,,0,0,0,0
1617094907859,6,1010123456023,77,,1,2,17,1,0,,8.77012,87,0,0.086272,24,0,8.25,,0,0,0,0,0,0,0,0,0,,282,196,,0,0,0,0
1617094908109,6,1010123456023,77,,1,2,17,1,0,,5.27068,133,158,0.109248,36,0,4.25,,10.1053,19,0,0.1,6,66.6667,0,10.6788,31,,673,399,,0,0,0,6.68421
1617094908359,6,1010123456023,77,,1,2,17,1,0,,6.72727,88,0,0.100864,27,0,8,,0,0,0,0,0,0,0,0,0,,260,210,,0,0,0,0
1617094908609,6,1010123456023,77,,1,2,17,1,0,,8.81522,92,0,0.090432,26,0,5,,0,0,0,0,0,0,0,0,0,,255,207,,0,0,0,0
1617094908858,6,1010123456023,77,,1,2,17,1,0,,3.28877,187,0,0.137767,54,0,7.75,,0,0,0,0,0,0,0,0,0,,1036,607,,0,0,0,0
1617094909109,6,1010123456023,77,,1,2,17,1,0,,12.6164,73,0,0.1048,19,0,10,,12.8421,19,0,0.1,6,66.6667,0,13.8407,31,,135,152,,0,0,0,6.68421
1617094909359,6,1010123456023,77,,1,2,17,1,0,,10.3418,79,0,0.11216,25,0,8,,9.04348,23,0,0.1,6,66.6667,0,1.48946,0,,218,171,,0,0,0,7.26087
1617094909609,6,1010123456023,77,,1,2,17,1,0,,10.8125,112,0,0.134144,30,0,9.6,,0,0,0,0,0,0,0,0,0,,300,224,,0,0,0,0
1617094909859,6,1010123456023,77,,1,2,17,1,0,,6.45775,142,0,0.12832,38,0,5.33333,,0,0,0,0,0,0,0,0,0,,589,393,,0,0,0,0
1617094910109,6,1010123456023,77,,1,2,17,1,0,,5.5625,80,0,0.073792,28,0,9.5,,6.26087,23,0,0.1,7,57.1429,0,8.94432,31,,349,228,,0,0,0,5.69565
1617094910359,6,1010123456023,77,,1,2,17,1,0,,21,77,0,0.113344,22,0,14,,0,0,0,0,0,0,0,0,0,,44,66,,0,0,0,0
1617094910609,6,1010123456023,77,,1,2,17,1,0,,21,117,0,0.170016,33,0,14,,0,0,0,0,0,0,0,0,0,,66,99,,0,0,0,0
1617094910859,6,1010123456023,77,,1,2,17,1,0,,8.59236,157,0,0.148928,42,0,7.75,,0,0,0,0,0,0,0,0,0,,583,412,,0,0,0,0
1617094911109,6,1010123456023,77,,1,2,17,1,0,,4.38211,123,0,0.119136,39,0,3,,12.9,40,134736,0.1,12,83.3333,0,4.85796,31,,620,371,,0,0,0,8.2
1617094911359,6,1010123456023,77,,1,2,17,1,0,,19.8495,93,0,0.13488,25,0,13,,11.6505,103,0,0.1,33,75.7576,0,1.42503,31,,104,102,,0,0,0,8.19417
1617094911609,6,1010123456023,77,,1,2,17,1,0,,2.42783,194,121,0.129664,56,0,4,,0,0,0,0,0,0,0,0,0,,1033,682,,0,0,0,0
1617094911859,6,1010123456023,77,,1,2,17,1,0,,5.17037,135,0,0.125632,40,0,11,,0,0,0,0,0,0,0,0,0,,543,399,,0,0,0,0
1617094912109,6,1010123456023,77,,1,2,17,1,0,,14.8621,87,0,0.139872,25,0,8.5,,8.8,35,0,0.1,11,72.7273,0,4.17938,31,,150,160,,0,0,0,7.68571
1617094912359,6,1010123456023,77,,1,2,17,1,0,,1.43779,217,0,0.116544,63,0,5.75,,0,0,0,0,0,0,0,0,0,,1318,763,,0,0,0,0
1617094912609,6,1010123456023,77,,1,2,17,1,0,,3.62097,124,0,0.0816,35,0,5.33333,,0,0,0,0,0,0,0,0,0,,564,401,,0,0,0,0
1617094912859,6,1010123456023,77,,1,2,17,1,0,,8.91892,111,0,0.122848,31,0,7.6,,0,0,0,0,0,0,0,0,0,,476,298,,0,0,0,0
1617094913109,6,1010123456023,77,,1,2,17,1,0,,9.36885,122,0,0.160256,35,0,5,,12.4286,7,0,0.1,2,0,0,25.827,31,,312,245,,0,0,0,1
1617094913358,6,1010123456023,77,,1,2,17,1,0,,6.10256,195,0,0.168,56,0,5.5,,0,0,0,0,0,0,0,0,0,,821,514,,0,0,0,0
1617094913609,6,1010123456023,77,,1,2,17,1,0,,10.6702,94,0,0.122336,26,0,9.5,,0,0,0,0,0,0,0,0,0,,273,221,,0,0,0,0
1617094913859,6,1010123456023,77,,1,2,17,1,0,,15.1235,81,0,0.122336,23,0,8,,0,0,0,0,0,0,0,0,0,,123,122,,0,0,0,0
1617094914109,6,1010123456023,77,,1,2,17,1,0,,13,94,0,0.156896,29,0,0.1,,13.2857,7,0,0.1,2,0,0,25.6958,31,,171,170,,0,0,0,1
1617094914359,6,1010123456023,77,,1,2,17,1,0,,14.9157,83,0,0.11696,23,0,9.5,,0,0,0,0,0,0,0,0,0,,122,123,,0,0,0,0
1617094914609,6,1010123456023,77,,1,2,17,1,0,,14.6515,66,0,0.11216,21,0,8,,0,0,0,0,0,0,0,0,0,,109,103,,0,0,0,0
1617094914859,6,1010123456023,77,,1,2,17,1,0,,11.2963,108,0,0.145504,27,0,1,,0,0,0,0,0,0,0,0,0,,293,218,,0,0,0,0
1617094915109,6,1010123456023,77,,1,2,17,1,0,,5.35417,96,0,0.089216,31,0,9.25,,8.86957,23,0,0.1,7,57.1429,0,8.56118,31,,556,292,,0,0,0,5.69565
1617094915359,6,1010123456023,77,,1,2,17,1,0,,3.77143,140,0,0.112864,38,0,4,,0,0,0,0,0,0,0,0,0,,577,425,,0,0,0,0
1617094915609,6,1010123456023,77,,1,2,17,1,0,,5.79612,103,0,0.101536,31,0,6.5,,0,0,0,0,0,0,0,0,0,,320,264,,0,0,0,0
1617094915859,6,1010123456023,77,,1,2,17,1,0,,15.1266,79,0,0.122848,23,0,11.3333,,0,0,0,0,0,0,0,0,0,,111,114,,0,0,0,0
1617094916109,6,1010123456023,77,,1,2,17,1,0,,11.0198,101,158,0.144736,30,0,7,,6.54545,22,0,0.1,7,57.1429,0,7.11399,31,,247,208,,0,0,0,5.90909
1617094916359,6,1010123456023,77,,1,2,17,1,0,,7.27857,140,0,0.149568,37,0,5,,0,0,0,0,0,0,0,0,0,,337,329,,0,0,0,0
1617094916609,6,1010123456023,77,,1,2,17,1,0,,7.4898,98,0,0.117856,27,0,6.66667,,0,0,0,0,0,0,0,0,0,,368,268,,0,0,0,0
1617094916859,6,1010123456023,77,,1,2,17,1,0,,10.2907,86,158,0.1256,27,0,9,,0,0,0,0,0,0,0,0,0,,195,192,,0,0,0,0
1617094917109,6,1010123456023,77,,1,2,17,1,0,,7.83019,106,0,0.119648,31,0,5.33333,,0,0,0,0,0,0,0,0,0,,379,278,,0,0,0,0
1617094917359,6,1010123456023,77,,1,2,17,1,0,,13,67,0,0.102752,19,0,0.1,,8.72727,11,0,0.1,3,66.6667,0,4.50364,31,,120,120,,0,0,0,7.54545
1617094917609,6,1010123456023,77,,1,2,17,1,0,,13.9841,63,0,0.089728,20,0,10.3333,,6.4,15,0,0.1,4,50,0,6.69189,0,,135,120,,0,0,0,5.8
1617094917859,6,1010123456023,77,,1,2,17,1,0,,10.9615,104,0,0.11776,30,0,6.33333,,0,0,0,0,0,0,0,0,0,,298,210,,0,0,0,0
1617094918109,6,1010123456023,77,,1,2,17,1,0,,9.23214,112,0,0.145632,33,0,6.5,,7.38462,26,0,0.1,7,57.1429,0,8.1553,31,,272,241,,0,0,0,6.53846
1617094918359,6,1010123456023,77,,1,2,17,1,0,,15.8642,81,0,0.127584,23,0,12,,0,0,0,0,0,0,0,0,0,,108,117,,0,0,0,0
1617094918609,6,1010123456023,77,,1,2,17,1,0,,12.5802,81,0,0.10624,24,0,9,,0,0,0,0,0,0,0,0,0,,192,147,,0,0,0,0
1617094918859,6,1010123456023,77,,1,2,17,1,0,,16.8542,48,0,0.074432,14,0,11,,0,0,0,0,0,0,0,0,0,,62,65,,0,0,0,0
1617094919109,6,1010123456023,77,,1,2,17,1,0,,12.4429,70,158,0.077312,20,0,3,,13,16,0,0,4,100,0,0.917645,0,,195,138,,0,0,0,10
1617094919359,6,1010123456023,77,,1,2,17,1,0,,7.60345,116,0,0.112064,34,0,9.5,,0,0,0,0,0,0,0,0,0,,352,282,,0,0,0,0
1617094919609,6,1010123456023,77,,1,2,17,1,0,,12.6977,86,0,0.088096,21,0,9.5,,0,0,0,0,0,0,0,0,0,,143,135,,0,0,0,0
1617094919859,6,1010123456023,77,,1,2,17,1,0,,7.89908,109,0,0.134048,33,0,6.5,,0,0,0,0,0,0,0,0,0,,340,270,,0,0,0,0
1617094920109,6,1010123456023,77,,1,2,17,1,0,,13,74,0,0.11856,21,0,8,,0.1,12,0,0.1,4,25,0,0.887432,31,,159,126,,0,0,0,4.25
1617094920359,6,1010123456023,77,,1,2,17,1,0,,16.4938,81,0,0.126848,24,0,14,,0,0,0,0,0,0,0,0,0,,105,107,,0,0,0,0
1617094920609,6,1010123456023,77,,1,2,17,1,0,,21,67,0,0.092736,18,0,14,,0,0,0,0,0,0,0,0,0,,38,57,,0,0,0,0
1617094920859,6,1010123456023,77,,1,2,17,1,0,,14.3559,59,0,0.090912,17,0,10,,0,0,0,0,0,0,0,0,0,,84,87,,0,0,0,0
1617094921109,6,1010123456023,77,,1,2,17,1,0,,19.6667,87,0,0.118976,24,0,11,,0.1,12,0,0.1,3,0,0,3.84465,31,,54,75,,0,0,0,1.66667
1617094921359,6,1010123456023,77,,1,2,17,1,0,,2.16751,197,0,0.12208,57,0,4.5,,0,0,0,0,0,0,0,0,0,,1370,706,,0,0,0,0
1617094921609,6,1010123456023,77,,1,2,17,1,0,,0.955285,246,158,0.106944,68,0,14,,0,0,0,0,0,0,0,0,0,,1629,959,,0,0,0,0
1617094921859,6,1010123456023,77,,1,2,17,1,0,,12.8923,130,0,0.156416,36,0,3,,0,0,0,0,0,0,0,0,0,,385,265,,0,0,0,0
1617094922109,6,1010123456023,77,,1,2,17,1,0,,14.046,87,0,0.121696,29,0,12.6667,,14.8861,79,0,0.158656,25,80,0,5.29465,31,,159,145,,0,0,0,7.94937
1617094922359,6,1010123456023,77,,1,2,17,1,0,,7.50427,117,0,0.125792,33,0,8,,0,0,0,0,0,0,0,0,0,,308,290,,0,0,0,0
1617094922609,6,1010123456023,77,,1,2,17,1,0,,17.8382,68,0,0.083968,16,0,11,,0,0,0,0,0,0,0,0,0,,72,80,,0,0,0,0
1617094922859,6,1010123456023,77,,1,2,17,1,0,,13,66,158,0.118976,22,0,8,,0,0,0,0,0,0,0,0,0,,120,120,,0,0,0,0
1617094923109,6,1010123456023,77,,1,2,17,1,0,,17.3774,53,0,0.084576,15,0,10.3333,,7.38462,26,0,0.1,7,57.1429,0,6.30768,31,,57,66,,0,0,0,6.69231
1617094923359,6,1010123456023,77,,1,2,17,1,0,,9.36792,106,0,0.135072,29,0,8,,0,0,0,0,0,0,0,0,0,,287,280,,0,0,0,0
1617094923609,6,1010123456023,77,,1,2,17,1,0,,12.3269,104,0,0.145504,28,0,0.1,,0,0,0,0,0,0,0,0,0,,183,180,,0,0,0,0
1617094923859,6,1010123456023,77,,1,2,17,1,0,,14.1333,60,0,0.096512,20,0,9.8,,0,0,0,0,0,0,0,0,0,,102,99,,0,0,0,0
1617094924109,6,1010123456023,77,,1,2,17,1,0,,18.52,100,0,0.162112,30,0,9.25,,0.1,11,0,0.1,3,0,0,1.0951,31,,96,117,,0,0,0,3.09091
1617094924359,6,1010123456023,77,,1,2,17,1,0,,11.9778,45,0,0.071584,13,0,9.66667,,0,0,0,0,0,0,0,0,0,,93,94,,0,0,0,0
1617094924608,6,1010123456023,77,,1,2,17,1,0,,12.8298,94,0,0.141269,27,0,0.1,,0,0,0,0,0,0,0,0,0,,166,164,,0,0,0,0
1617094924859,6,1010123456023,77,,1,2,17,1,0,,12.9342,76,0,0.129376,23,0,8,,0,0,0,0,0,0,0,0,0,,157,140,,0,0,0,0
1617094925109,6,1010123456023,77,,1,2,17,1,0,,15.8194,72,0,0.117184,20,0,14,,13.7143,21,0,0.1,6,66.6667,0,11.3339,31,,106,113,,0,0,0,7
1617094925359,6,1010123456023,77,,1,2,17,1,0,,21,84,0,0.118496,23,0,14,,0,0,0,0,0,0,0,0,0,,47,69,,0,0,0,0
1617094925609,6,1010123456023,77,,1,2,17,1,0,,15.7119,59,0,0.101312,18,0,11,,0,0,0,0,0,0,0,0,0,,89,96,,0,0,0,0
1617094925859,6,1010123456023,77,,1,2,17,1,0,,21,84,0,0.133952,26,0,14,,0,0,0,0,0,0,0,0,0,,53,75,,0,0,0,0
1617094926109,6,1010123456023,77,,1,2,17,1,0,,15.0864,81,0,0.093344,21,0,9.5,,0.1,14,0,0.1,4,25,0,1.37986,31,,109,120,,0,0,0,4.07143
1617094926359,6,1010123456023,77,,1,2,17,1,0,,3.75194,129,158,0.113568,39,0,4,,0,0,0,0,0,0,0,0,0,,749,380,,0,0,0,0
1617094926609,6,1010123456023,77,,1,2,17,1,0,,13.7037,108,0,0.138208,31,0,11,,0,0,0,0,0,0,0,0,0,,286,198,,0,0,0,0
1617094926859,6,1010123456023,77,,1,2,17,1,0,,6.62887,97,0,0.102304,25,0,6,,0,0,0,0,0,0,0,0,0,,267,242,,0,0,0,0
1617094927109,6,1010123456023,77,,1,2,17,1,0,,8.76923,104,0,0.13504,32,0,6.5,,0.1,25,0,0.1,8,25,0,1.0224,31,,290,238,,0,0,0,3.64
1617094927359,6,1010123456023,77,,1,2,17,1,0,,8.33333,78,0,0.10352,23,0,1,,0,0,0,0,0,0,0,0,0,,320,204,,0,0,0,0
1617094927609,6,1010123456023,77,,1,2,17,1,0,,2.52062,194,0,0.129312,55,0,5,,0,0,0,0,0,0,0,0,0,,1179,647,,0,0,0,0
1617094927859,6,1010123456023,77,,1,2,17,1,0,,8.63793,116,0,0.120288,33,0,7,,0,0,0,0,0,0,0,0,0,,276,250,,0,0,0,0
1617094928109,6,1010123456023,77,,1,2,17,1,0,,2.25523,239,0,0.157056,71,0,4,,8.8,10,0,0.1,3,0,0,29.8194,31,,1358,815,,0,0,0,1
1617094928359,6,1010123456023,77,,1,2,17,1,0,,18.5176,85,0,0.124352,24,0,14,,0,0,0,0,0,0,0,0,0,,88,106,,0,0,0,0
1617094928609,6,1010123456023,77,,1,2,17,1,0,,14.5303,66,0,0.091936,17,0,8,,0,0,0,0,0,0,0,0,0,,96,98,,0,0,0,0
1617094928859,6,1010123456023,77,,1,2,17,1,0,,9.184,125,0,0.1616,38,0,8.25,,0,0,0,0,0,0,0,0,0,,406,302,,0,0,0,0
1617094929109,6,1010123456023,77,,1,2,17,1,0,,2.81959,194,0,0.130784,55,0,10,,13.7143,7,0,0.1,2,50,0,12.9654,31,,1033,678,,0,0,0,4.85714
1617094929358,6,1010123456023,77,,1,2,17,1,0,,21,64,0,0.0931084,18,0,14,,5.68421,19,0,0.1,6,50,0,5.826,31,,45,54,,0,0,0,5.26316
1617094929609,6,1010123456023,77,,1,2,17,1,0,,8.90741,108,0,0.100992,30,0,8.5,,0,0,0,0,0,0,0,0,0,,368,268,,0,0,0,0
1617094929859,6,1010123456023,77,,1,2,17,1,0,,8.99145,117,0,0.105632,33,0,7.8,,0,0,0,0,0,0,0,0,0,,358,288,,0,0,0,0
1617094930109,6,1010123456023,77,,1,2,17,1,0,,10.3784,111,0,0.123168,33,0,9,,6.62069,29,0,0.1,8,50,0,8.40984,31,,322,230,,0,0,0,6.06897
1617094930359,6,1010123456023,77,,1,2,17,1,0,,14.0935,107,0,0.135808,30,0,6.5,,0,0,0,0,0,0,0,0,0,,186,171,,0,0,0,0
1617094930609,6,1010123456023,77,,1,2,17,1,0,,9.11321,106,297,0.099232,28,0,11,,0,0,0,0,0,0,0,0,0,,241,193,,0,0,0,0
1617094930859,6,1010123456023,77,,1,2,17,1,0,,5.33562,146,0,0.15296,45,0,5,,0,0,0,0,0,0,0,0,0,,439,397,,0,0,0,0
1617094931109,6,1010123456023,77,,1,2,17,1,0,,7.36364,99,0,0.105984,29,0,7.25,,13.2857,7,0,0.1,2,0,0,26.7793,31,,317,230,,0,0,0,1
1617094931359,6,1010123456023,77,,1,2,17,1,0,,4.87946,224,0,0.150912,64,0,12.5,,0,0,0,0,0,0,0,0,0,,1016,723,,0,0,0,0
1617094931609,6,1010123456023,77,,1,2,17,1,0,,7.75,140,0,0.127392,41,0,4.33333,,0,0,0,0,0,0,0,0,0,,666,402,,0,0,0,0
1617094931859,6,1010123456023,77,,1,2,17,1,0,,13,79,0,0.118976,22,0,8,,0,0,0,0,0,0,0,0,0,,138,138,,0,0,0,0
1617094932109,6,1010123456023,77,,1,2,17,1,0,,14.4545,66,158,0.106432,20,0,11,,13.7143,7,0,0.1,2,0,0,25.207,31,,108,106,,0,0,0,1
1617094932358,6,1010123456023,77,,1,2,17,1,0,,12.39,100,158,0.133719,28,0,7,,0,0,0,0,0,0,0,0,0,,174,174,,0,0,0,0
1617094932609,6,1010123456023,77,,1,2,17,1,0,,5.31081,148,0,0.12864,41,0,6,,0,0,0,0,0,0,0,0,0,,522,372,,0,0,0,0
1617094932859,6,1010123456023,77,,1,2,17,1,0,,10,83,158,0.094688,25,0,8.33333,,0,0,0,0,0,0,0,0,0,,175,164,,0,0,0,0
1617094933109,6,1010123456023,77,,1,2,17,1,0,,21.3068,88,0,0.123904,24,0,14,,13.2857,7,0,0.1,2,0,0,24.3276,31,,53,74,,0,0,0,1
1617094933359,6,1010123456023,77,,1,2,17,1,0,,17.6232,69,0,0.106336,19,0,10.75,,0,0,0,0,0,0,0,0,0,,99,104,,0,0,0,0
1617094933609,6,1010123456023,77,,1,2,17,1,0,,11.9882,85,0,0.118016,26,0,9.6,,0,0,0,0,0,0,0,0,0,,212,170,,0,0,0,0
1617094933859,6,1010123456023,77,,1,2,17,1,0,,8.06977,129,0,0.123008,33,0,7.4,,0,0,0,0,0,0,0,0,0,,463,307,,0,0,0,0
1617094934109,6,1010123456023,77,,1,2,17,1,0,,10.2558,86,0,0.09072,28,0,10.25,,0,12,0,0,4,100,0,0,0,,307,187,,0,0,0,0
1617094934359,6,1010123456023,77,,1,2,17,1,0,,7.27083,96,0,0.09712,29,0,7.2,,0,0,0,0,0,0,0,0,0,,300,220,,0,0,0,0
1617094934609,6,1010123456023,77,,1,2,17,1,0,,18.2632,38,0,0.051744,11,0,7.5,,0,0,0,0,0,0,0,0,0,,28,38,,0,0,0,0
1617094934859,6,1010123456023,77,,1,2,17,1,0,,6.49612,129,0,0.112192,36,0,8.25,,0,0,0,0,0,0,0,0,0,,531,358,,0,0,0,0
1617094935109,6,1010123456023,77,,1,2,17,1,0,,10.5893,56,0,0.06992,17,0,8.25,,6.4,25,0,0.1,7,57.1429,0,5.9372,31,,173,125,,0,0,0,6.76
1617094935359,6,1010123456023,77,,1,2,17,1,0,,6.40385,104,0,0.126944,31,0,5,,12,16,0,0,4,100,0,1.27482,0,,295,295,,0,0,0,10
1617094935609,6,1010123456023,77,,1,2,17,1,0,,10.5424,59,0,0.099008,18,0,7.5,,0,0,0,0,0,0,0,0,0,,138,151,,0,0,0,0
1617094935859,6,1010123456023,77,,1,2,17,1,0,,15.4253,87,0,0.13264,25,0,12,,0,0,0,0,0,0,0,0,0,,127,128,,0,0,0,0
1617094936109,6,1010123456023,77,,1,2,17,1,0,,5.36486,148,0,0.118432,43,0,4.66667,,6,25,0,0.1,8,50,0,10.2138,31,,639,442,,0,0,0,5.44
1617094936359,6,1010123456023,77,,1,2,17,1,0,,18.5968,62,0,0.08384,16,0,10,,0,0,0,0,0,0,0,0,0,,68,68,,0,0,0,0
1617094936608,6,1010123456023,77,,1,2,17,1,0,,21.2297,74,0,0.114313,22,0,14,,0,0,0,0,0,0,0,0,0,,44,62,,0,0,0,0
1617094936859,6,1010123456023,77,,1,2,17,1,0,,10.7183,71,0,0.075872,19,0,9.25,,0,0,0,0,0,0,0,0,0,,192,139,,0,0,0,0
1617094937109,6,1010123456023,77,,1,2,17,1,0,,21.3378,74,0,0.108448,21,0,14,,0,11,0,0,4,100,0,0,0,,47,65,,0,0,0,0
1617094937359,6,1010123456023,77,,1,2,17,1,0,,20.44,100,0,0.155168,29,0,12,,0,0,0,0,0,0,0,0,0,,67,93,,0,0,0,0
1617094937609,6,1010123456023,77,,1,2,17,1,0,,11.4308,130,0,0.182688,38,0,6,,0,0,0,0,0,0,0,0,0,,348,260,,0,0,0,0
1617094937859,6,1010123456023,77,,1,2,17,1,0,,14.4019,107,0,0.161856,30,0,9.66667,,0,0,0,0,0,0,0,0,0,,196,171,,0,0,0,0
1617094938109,6,1010123456023,77,,1,2,17,1,0,,10.4889,45,0,0.05968,13,0,5.5,,9,25,0,0.1,7,57.1429,0,6.00258,31,,121,94,,0,0,0,6.4
1617094938359,6,1010123456023,77,,1,2,17,1,0,,12.075,80,0,0.107008,24,0,11,,0,0,0,0,0,0,0,0,0,,202,158,,0,0,0,0
1617094938609,6,1010123456023,77,,1,2,17,1,0,,12.4247,73,0,0.108768,21,0,8,,0,0,0,0,0,0,0,0,0,,141,128,,0,0,0,0
1617094938859,6,1010123456023,77,,1,2,17,1,0,,9.60714,84,0,0.10208,18,0,7,,0,0,0,0,0,0,0,0,0,,247,198,,0,0,0,0
1617094939109,6,1010123456023,77,,1,2,17,1,0,,4.07639,144,0,0.120832,46,0,8,,7.38462,26,0,0.1,7,57.1429,0,9.63691,31,,755,469,,0,0,0,6.53846
1617094939359,6,1010123456023,77,,1,2,17,1,0,,11.4815,108,0,0.132992,32,0,8.33333,,0,0,0,0,0,0,0,0,0,,340,225,,0,0,0,0
1617094939609,6,1010123456023,77,,1,2,17,1,0,,10.1573,89,0,0.095072,25,0,5.33333,,0,0,0,0,0,0,0,0,0,,260,190,,0,0,0,0
1617094939859,6,1010123456023,77,,1,2,17,1,0,,2.91176,136,0,0.092128,39,0,4.5,,0,0,0,0,0,0,0,0,0,,615,420,,0,0,0,0
1617094940109,6,1010123456023,77,,1,2,17,1,0,,8.41333,75,0,0.104736,23,0,7.5,,0,5,0,0.1,2,0,0,0,31,,165,170,,0,0,0,0
1617094940359,6,1010123456023,77,,1,2,17,1,0,,8.38667,75,0,0.08352,18,0,8.33333,,0,0,0,0,0,0,0,0,0,,269,192,,0,0,0,0
1617094940609,6,1010123456023,77,,1,2,17,1,0,,8.75641,156,0,0.15392,48,0,11,,0,0,0,0,0,0,0,0,0,,567,420,,0,0,0,0
1617094940859,6,1010123456023,77,,1,2,17,1,0,,3.7217,212,0,0.162688,62,0,5.8,,0,0,0,0,0,0,0,0,0,,1078,651,,0,0,0,0
1617094941109,6,1010123456023,77,,1,2,17,1,0,,6.43965,116,0,0.118944,33,0,5,,9.11539,26,0,0.1,7,57.1429,0,5.34232,31,,407,345,,0,0,0,6.53846
1617094941359,6,1010123456023,77,,1,2,17,1,0,,5.30864,81,0,0.085184,23,0,0.1,,0,0,0,0,0,0,0,0,0,,276,229,,0,0,0,0
1617094941609,6,1010123456023,77,,1,2,17,1,0,,9.65254,118,0,0.13392,32,0,9,,0,0,0,0,0,0,0,0,0,,246,227,,0,0,0,0
1617094941859,6,1010123456023,77,,1,2,17,1,0,,7.19091,110,0,0.100288,32,0,8,,0,0,0,0,0,0,0,0,0,,335,260,,0,0,0,0
1617094942109,6,1010123456023,77,,1,2,17,1,0,,20.0667,60,0,0.07264,14,0,12.3333,,0.1,10,0,0.1,3,0,0,12.9875,31,,40,54,,0,0,0,1.9
1617094942359,6,1010123456023,77,,1,2,17,1,0,,2.29717,212,0,0.136512,63,0,4.5,,0,0,0,0,0,0,0,0,0,,1036,778,,0,0,0,0
1617094942609,6,1010123456023,77,,1,2,17,1,0,,6.34513,113,0,0.08656,30,0,11,,0,0,0,0,0,0,0,0,0,,609,334,,0,0,0,0
1617094942859,6,1010123456023,77,,1,2,17,1,0,,13.9802,101,0,0.175744,32,0,9,,0,0,0,0,0,0,0,0,0,,172,182,,0,0,0,0
1617094943109,6,1010123456023,77,,1,2,17,1,0,,18.9535,43,0,0.074176,14,0,8.5,,0,6,0,0.1,2,0,0,0,31,,40,54,,0,0,0,0
1617094943359,6,1010123456023,77,,1,2,17,1,0,,12.95,40,0,0.064512,12,0,9,,0,0,0,0,0,0,0,0,0,,78,76,,0,0,0,0
1617094943609,6,1010123456023,77,,1,2,17,1,0,,19.2857,84,0,0.130432,24,0,11,,0,0,0,0,0,0,0,0,0,,75,93,,0,0,0,0
1617094943859,6,1010123456023,77,,1,2,17,1,0,,8.625,120,0,0.135136,33,0,6.5,,0,0,0,0,0,0,0,0,0,,510,306,,0,0,0,0
1617094944109,6,1010123456023,77,,1,2,17,1,0,,14.4118,85,0,0.12336,23,0,11,,13.2857,7,0,0.1,2,0,0,23.5995,31,,122,126,,0,0,0,1
1617094944359,6,1010123456023,77,,1,2,17,1,0,,8.34118,85,11,0.096704,22,0,3,,0,0,0,0,0,0,0,0,0,,296,221,,0,0,0,0
1617094944609,6,1010123456023,77,,1,2,17,1,0,,6.70312,64,0,0.064576,22,0,8.8,,0,0,0,0,0,0,0,0,0,,286,165,,0,0,0,0
1617094944859,6,1010123456023,77,,1,2,17,1,0,,9.21212,99,0,0.099808,25,0,8,,0,0,0,0,0,0,0,0,0,,258,223,,0,0,0,0
1617094945109,6,1010123456023,77,,1,2,17,1,0,,5.33333,93,0,0.099968,30,0,0.1,,13.2857,7,0,0.1,2,0,0,23.2138,31,,267,245,,0,0,0,1
1617094945359,6,1010123456023,77,,1,2,17,1,0,,5.4186,129,0,0.116416,36,0,0.1,,0,0,0,0,0,0,0,0,0,,421,323,,0,0,0,0
1617094945609,6,1010123456023,77,,1,2,17,1,0,,3.85714,147,0,0.115008,42,0,5.66667,,0,0,0,0,0,0,0,0,0,,720,469,,0,0,0,0
1617094945859,6,1010123456023,77,,1,2,17,1,0,,8.55629,151,0,0.150208,43,0,9,,0,0,0,0,0,0,0,0,0,,482,375,,0,0,0,0
1617094946109,6,1010123456023,77,,1,2,17,1,0,,6.73809,168,61,0.16336,43,0,7.33333,,13.7143,7,0,0.1,2,0,0,26.2899,31,,656,482,,0,0,0,1
1617094946359,6,1010123456023,77,,1,2,17,1,0,,9.66346,104,158,0.141888,36,0,10.5,,0,0,0,0,0,0,0,0,0,,283,250,,0,0,0,0
1617094946609,6,1010123456023,77,,1,2,17,1,0,,9.16129,93,0,0.085344,27,0,3,,0,0,0,0,0,0,0,0,0,,341,231,,0,0,0,0
1617094946859,6,1010123456023,77,,1,2,17,1,0,,4.33987,153,0,0.125408,41,0,4.75,,0,0,0,0,0,0,0,0,0,,618,484,,0,0,0,0
1617094947109,6,1010123456023,77,,1,2,17,1,0,,4.63478,115,0,0.102528,36,0,7,,13.7143,7,0,0.1,2,0,0,21.8178,31,,558,336,,0,0,0,1
1617094947359,6,1010123456023,77,,1,2,17,1,0,,11.6466,133,0,0.158816,39,0,8.75,,0,0,0,0,0,0,0,0,0,,316,263,,0,0,0,0
1617094947609,6,1010123456023,77,,1,2,17,1,0,,12.9123,57,0,0.080608,15,0,8,,0,0,0,0,0,0,0,0,0,,104,98,,0,0,0,0
1617094947859,6,1010123456023,77,,1,2,17,1,0,,3.27059,170,0,0.120128,48,0,5.5,,0,0,0,0,0,0,0,0,0,,870,554,,0,0,0,0
1617094948109,6,1010123456023,77,,1,2,17,1,0,,8.04225,71,0,0.096832,22,0,4,,0,12,0,0,4,100,0,0,0,,226,209,,0,0,0,0
1617094948359,6,1010123456023,77,,1,2,17,1,0,,11.1183,93,0,0.109632,27,0,14,,0,0,0,0,0,0,0,0,0,,213,188,,0,0,0,0
1617094948609,6,1010123456023,77,,1,2,17,1,0,,21,61,0,0.087584,17,0,14,,0,0,0,0,0,0,0,0,0,,36,54,,0,0,0,0
1617094948859,6,1010123456023,77,,1,2,17,1,0,,19.0247,81,0,0.119776,23,0,12,,0,0,0,0,0,0,0,0,0,,70,87,,0,0,0,0
1617094949109,6,1010123456023,77,,1,2,17,1,0,,7.71765,85,0,0.106752,25,0,5.75,,0.1,10,0,0.1,4,0,0,6.8206,31,,248,211,,0,0,0,1.2
1617094949359,6,1010123456023,77,,1,2,17,1,0,,8.05392,204,63,0.184768,54,0,7.4,,0,0,0,0,0,0,0,0,0,,734,503,,0,0,0,0
1617094949609,6,1010123456023,77,,1,2,17,1,0,,7.61379,145,0,0.14528,42,0,9.66667,,0,0,0,0,0,0,0,0,0,,562,385,,0,0,0,0
1617094949859,6,1010123456023,77,,1,2,17,1,0,,12.0351,57,0,0.104224,19,0,10,,0,0,0,0,0,0,0,0,0,,112,110,,0,0,0,0
1617094950109,6,1010123456023,77,,1,2,17,1,0,,16.6548,84,0,0.109888,24,0,9,,9.48148,27,0,0.1,7,71.4286,0,3.88435,31,,92,98,,0,0,0,7.66667
1617094950359,6,1010123456023,77,,1,2,17,1,0,,7.25862,116,0,0.119328,33,0,8.33333,,0.1,8,0,0.1,2,50,0,0.680052,0,,399,282,,0,0,0,6.5
1617094950609,6,1010123456023,77,,1,2,17,1,0,,7.97403,77,0,0.089696,22,0,8,,0,0,0,0,0,0,0,0,0,,194,192,,0,0,0,0
1617094950859,6,1010123456023,77,,1,2,17,1,0,,6.88597,114,0,0.110112,33,0,8,,0,0,0,0,0,0,0,0,0,,300,267,,0,0,0,0
1617094951109,6,1010123456023,77,,1,2,17,1,0,,4.23894,113,0,0.097088,34,0,7.25,,0.1,20,0,0.1,6,33.3333,0,1.5845,31,,546,364,,0,0,0,4.35
1617094951358,6,1010123456023,77,,1,2,17,1,0,,6.86957,115,0,0.112386,30,0,3.5,,0,0,0,0,0,0,0,0,0,,475,293,,0,0,0,0
1617094951609,6,1010123456023,77,,1,2,17,1,0,,11.9528,127,0,0.150144,38,0,9.33333,,0,0,0,0,0,0,0,0,0,,437,257,,0,0,0,0
1617094951859,6,1010123456023,77,,1,2,17,1,0,,14.3049,82,0,0.122848,23,0,10,,0,0,0,0,0,0,0,0,0,,130,128,,0,0,0,0
1617094952109,6,1010123456023,77,,1,2,17,1,0,,12.9294,85,0,0.128416,25,0,9,,5.45455,22,0,0.1,7,57.1429,0,7.82644,31,,175,162,,0,0,0,5.90909
1617094952359,6,1010123456023,77,,1,2,17,1,0,,20.3469,49,0,0.077632,14,0,12,,0,0,0,0,0,0,0,0,0,,34,48,,0,0,0,0
1617094952609,6,1010123456023,77,,1,2,17,1,0,,11.4808,104,158,0.126816,30,0,8.66667,,0,0,0,0,0,0,0,0,0,,228,234,,0,0,0,0
1617094952859,6,1010123456023,77,,1,2,17,1,0,,21.165,103,0,0.154816,30,0,0.1,,0,0,0,0,0,0,0,0,0,,64,89,,0,0,0,0
1617094953109,6,1010123456023,77,,1,2,17,1,0,,16.141,78,0,0.09904,23,0,11.25,,0.1,17,0,0.1,5,20,0,0.744363,31,,153,115,,0,0,0,4.23529
1617094953359,6,1010123456023,77,,1,2,17,1,0,,14.9556,90,0,0.133792,25,0,8.66667,,0,0,0,0,0,0,0,0,0,,118,149,,0,0,0,0
1617094953609,6,1010123456023,77,,1,2,17,1,0,,16.234,47,0,0.074272,13,0,12.5,,0,0,0,0,0,0,0,0,0,,55,63,,0,0,0,0
1617094953859,6,1010123456023,77,,1,2,17,1,0,,15.5882,68,0,0.095552,18,0,8,,0,0,0,0,0,0,0,0,0,,90,96,,0,0,0,0
1617094954109,6,1010123456023,77,,1,2,17,1,0,,10.7303,89,32,0.135296,24,0,3,,6.85714,7,0,0.1,2,50,0,6.92365,31,,248,197,,0,0,0,6.14286
1617094954359,6,1010123456023,77,,1,2,17,1,0,,15.7083,72,0,0.111136,25,0,11.3333,,7.57895,19,0,0.1,5,60,0,4.80865,0,,112,113,,0,0,0,6.68421
1617094954609,6,1010123456023,77,,1,2,17,1,0,,21,55,0,0.082432,16,0,0.1,,0,0,0,0,0,0,0,0,0,,32,48,,0,0,0,0
1617094954858,6,1010123456023,77,,1,2,17,1,0,,9.60811,148,0,0.141976,40,0,7.33333,,0,0,0,0,0,0,0,0,0,,341,289,,0,0,0,0
1617094955109,6,1010123456023,77,,1,2,17,1,0,,15.566,106,0,0.17024,32,0,11,,5.18518,27,0,0.1,8,50,0,10.7387,31,,148,156,,0,0,0,5
1617094955359,6,1010123456023,77,,1,2,17,1,0,,21.4032,62,0,0.10864,19,0,0.1,,0,0,0,0,0,0,0,0,0,,49,59,,0,0,0,0
1617094955609,6,1010123456023,77,,1,2,17,1,0,,10.4154,130,0,0.125024,35,0,9.5,,0,0,0,0,0,0,0,0,0,,246,219,,0,0,0,0
1617094955859,6,1010123456023,77,,1,2,17,1,0,,16.5455,99,0,0.134752,28,0,11,,0,0,0,0,0,0,0,0,0,,125,137,,0,0,0,0
1617094956109,6,1010123456023,77,,1,2,17,1,0,,12.0667,75,0,0.117632,25,0,10,,9.11539,26,0,0.1,7,71.4286,0,5.75476,31,,170,144,,0,0,0,7.92308
1617094956359,6,1010123456023,77,,1,2,17,1,0,,12.125,96,0,0.1208,27,0,9.5,,0.1,7,0,0.1,2,0,0,9.44199,31,,187,174,,0,0,0,1
1617094956609,6,1010123456023,77,,1,2,17,1,0,,5.39521,167,0,0.158656,48,0,0.1,,0,0,0,0,0,0,0,0,0,,509,430,,0,0,0,0
1617094956859,6,1010123456023,77,,1,2,17,1,0,,4.56164,146,0,0.11328,41,0,4.4,,0,0,0,0,0,0,0,0,0,,558,404,,0,0,0,0
1617094957109,6,1010123456023,77,,1,2,17,1,0,,12.2772,101,0,0.105024,26,0,10.25,,13.2857,7,0,0.1,2,0,0,24.304,31,,220,179,,0,0,0,1
1617094957359,6,1010123456023,77,,1,2,17,1,0,,3.94768,172,0,0.11664,46,0,6.25,,0,0,0,0,0,0,0,0,0,,842,534,,0,0,0,0
1617094957609,6,1010123456023,77,,1,2,17,1,0,,2.47126,174,0,0.126272,55,0,4.33333,,0,0,0,0,0,0,0,0,0,,727,587,,0,0,0,0
1617094957859,6,1010123456023,77,,1,2,17,1,0,,14.2167,120,0,0.139584,31,0,11.3333,,0,0,0,0,0,0,0,0,0,,136,180,,0,0,0,0
1617094958109,6,1010123456023,77,,1,2,17,1,0,,11.9759,83,0,0.123552,25,0,6.5,,13.7143,7,0,0.1,2,0,0,26.2213,31,,154,144,,0,0,0,1
1617094958358,6,1010123456023,77,,1,2,17,1,0,,8.31579,38,0,0.0476787,13,0,11,,0,0,0,0,0,0,0,0,0,,100,93,,0,0,0,0
1617094958609,6,1010123456023,77,,1,2,17,1,0,,13.09,100,0,0.11536,25,0,11,,0,0,0,0,0,0,0,0,0,,175,157,,0,0,0,0
1617094958859,6,1010123456023,77,,1,2,17,1,0,,7.27778,72,0,0.083904,25,0,14,,0,0,0,0,0,0,0,0,0,,182,167,,0,0,0,0
1617094959109,6,1010123456023,77,,1,2,17,1,0,,21.28,100,0,0.155424,29,0,12,,9.11539,26,0,0.1,7,57.1429,0,5.47368,31,,61,89,,0,0,0,6.53846
1617094959359,6,1010123456023,77,,1,2,17,1,0,,9.93548,124,0,0.169088,34,0,3,,0,0,0,0,0,0,0,0,0,,455,295,,0,0,0,0
1617094959609,6,1010123456023,77,,1,2,17,1,0,,7.61745,149,0,0.155296,43,0,9,,0,0,0,0,0,0,0,0,0,,538,392,,0,0,0,0
1617094959859,6,1010123456023,77,,1,2,17,1,0,,15.9565,46,0,0.07984,15,0,14,,0,0,0,0,0,0,0,0,0,,42,63,,0,0,0,0
1617094960109,6,1010123456023,77,,1,2,17,1,0,,10.4588,85,0,0.121792,24,0,8.4,,15.1688,77,0,0.17264,25,80,0,5.35781,31,,251,215,,0,0,0,7.77922
1617094960359,6,1010123456023,77,,1,2,17,1,0,,7.91603,131,0,0.116832,37,0,8.33333,,0,0,0,0,0,0,0,0,0,,593,342,,0,0,0,0
1617094960609,6,1010123456023,77,,1,2,17,1,0,,15.5075,67,0,0.111968,19,0,11,,0,0,0,0,0,0,0,0,0,,66,99,,0,0,0,0
1617094960859,6,1010123456023,77,,1,2,17,1,0,,14.3103,116,0,0.161248,35,0,10.3333,,0,0,0,0,0,0,0,0,0,,212,191,,0,0,0,0
1617094961109,6,1010123456023,77,,1,2,17,1,0,,21,77,0,0.108192,21,0,0.1,,7.9,10,0,0.1,3,0,0,26.1302,31,,46,66,,0,0,0,1
1617094961359,6,1010123456023,77,,1,2,17,1,0,,9.48936,141,0,0.14272,38,0,7,,0,0,0,0,0,0,0,0,0,,436,340,,0,0,0,0
1617094961609,6,1010123456023,77,,1,2,17,1,0,,9.97849,93,0,0.13392,29,0,7,,0,0,0,0,0,0,0,0,0,,187,194,,0,0,0,0
1617094961859,6,1010123456023,77,,1,2,17,1,0,,9.53333,75,0,0.096704,22,0,3,,0,0,0,0,0,0,0,0,0,,214,162,,0,0,0,0
1617094962109,6,1010123456023,77,,1,2,17,1,0,,7.41379,116,0,0.123904,33,0,6.5,,6,37,0,0.1,11,81.8182,0,2.17716,31,,407,291,,0,0,0,8.54054
1617094962359,6,1010123456023,77,,1,2,17,1,0,,12.9583,72,0,0.097024,19,0,11,,0,0,0,0,0,0,0,0,0,,111,113,,0,0,0,0
1617094962609,6,1010123456023,77,,1,2,17,1,0,,18.9355,62,0,0.104928,19,0,13,,0,0,0,0,0,0,0,0,0,,72,75,,0,0,0,0
1617094962859,6,1010123456023,77,,1,2,17,1,0,,6.02674,187,0,0.153824,53,0,3.66667,,0,0,0,0,0,0,0,0,0,,814,527,,0,0,0,0
1617094963109,6,1010123456023,77,,1,2,17,1,0,,6.17172,99,0,0.101664,27,0,7,,6.15385,26,0,0.1,7,57.1429,0,6.08165,31,,312,267,,0,0,0,6.53846
1617094963359,6,1010123456023,77,,1,2,17,1,0,,10.1744,86,0,0.149184,26,0,0.1,,0,0,0,0,0,0,0,0,0,,195,204,,0,0,0,0
1617094963609,6,1010123456023,77,,1,2,17,1,0,,6.55319,94,0,0.100256,25,0,6,,0,0,0,0,0,0,0,0,0,,340,271,,0,0,0,0
1617094963859,6,1010123456023,77,,1,2,17,1,0,,7.49635,137,0,0.179072,42,0,6.5,,0,0,0,0,0,0,0,0,0,,480,354,,0,0,0,0
1617094964109,6,1010123456023,77,,1,2,17,1,0,,11.0847,118,0,0.147968,34,0,9.33333,,0.1,17,0,0.1,5,20,0,4.47936,31,,208,223,,0,0,0,4.23529
1617094964359,6,1010123456023,77,,1,2,17,1,0,,8.86598,97,0,0.128672,30,0,6.5,,0,0,0,0,0,0,0,0,0,,227,206,,0,0,0,0
1617094964609,6,1010123456023,77,,1,2,17,1,0,,10.9569,116,0,0.154048,32,0,8.75,,0,0,0,0,0,0,0,0,0,,247,247,,0,0,0,0
1617094964859,6,1010123456023,77,,1,2,17,1,0,,15.6575,73,0,0.118208,22,0,12,,0,0,0,0,0,0,0,0,0,,80,105,,0,0,0,0
1617094965109,6,1010123456023,77,,1,2,17,1,0,,9.7973,148,0,0.160544,44,0,8.4,,15,16,0,0,4,100,0,1.89317,0,,390,407,,0,0,0,10
1617094965359,6,1010123456023,77,,1,2,17,1,0,,8.8125,144,0,0.147232,41,0,8.5,,0,0,0,0,0,0,0,0,0,,454,366,,0,0,0,0
1617094965609,6,1010123456023,77,,1,2,17,1,0,,21.3571,70,158,0.113696,21,0,14,,0,0,0,0,0,0,0,0,0,,48,65,,0,0,0,0
1617094965859,6,1010123456023,77,,1,2,17,1,0,,3.36943,157,0,0.10832,45,0,8.5,,0,0,0,0,0,0,0,0,0,,862,532,,0,0,0,0
1617094966109,6,1010123456023,77,,1,2,17,1,0,,6.53043,115,0,0.107136,35,0,7.33333,,0.1,23,0,0.1,6,33.3333,0,3.38572,31,,508,342,,0,0,0,4.30435
1617094966359,6,1010123456023,77,,1,2,17,1,0,,13.0551,127,0,0.140288,33,0,6,,0,0,0,0,0,0,0,0,0,,381,243,,0,0,0,0
1617094966609,6,1010123456023,77,,1,2,17,1,0,,3.27389,157,0,0.10304,47,0,10,,0,0,0,0,0,0,0,0,0,,762,484,,0,0,0,0
1617094966859,6,1010123456023,77,,1,2,17,1,0,,5.18705,139,0,0.143136,41,0,8.33333,,0,0,0,0,0,0,0,0,0,,544,437,,0,0,0,0
1617094967109,6,1010123456023,77,,1,2,17,1,0,,10.3286,70,0,0.07296,18,0,9.5,,10.1842,38,0,0.1,12,66.6667,0,7.50233,31,,160,147,,0,0,0,6.44737
1617094967359,6,1010123456023,77,,1,2,17,1,0,,2.91411,163,0,0.123776,50,0,5.5,,0,0,0,0,0,0,0,0,0,,768,546,,0,0,0,0
1617094967609,6,1010123456023,77,,1,2,17,1,0,,9.12264,106,0,0.096096,30,0,9.25,,0,0,0,0,0,0,0,0,0,,468,269,,0,0,0,0
1617094967859,6,1010123456023,77,,1,2,17,1,0,,11.4535,86,158,0.133888,24,0,6.5,,0,0,0,0,0,0,0,0,0,,199,185,,0,0,0,0
1617094968109,6,1010123456023,77,,1,2,17,1,0,,14.6279,43,158,0.06992,13,0,9.66667,,13.1765,17,0,0.137568,5,0,0,23.4407,31,,62,68,,0,0,0,1
1617094968359,6,1010123456023,77,,1,2,17,1,0,,14.8391,87,0,0.13792,26,0,10.4,,0,0,0,0,0,0,0,0,0,,153,141,,0,0,0,0
1617094968609,6,1010123456023,77,,1,2,17,1,0,,14.1264,87,0,0.104352,23,0,6.5,,0,0,0,0,0,0,0,0,0,,140,131,,0,0,0,0
1617094968859,6,1010123456023,77,,1,2,17,1,0,,6.80952,105,0,0.10784,32,0,7.16667,,0,0,0,0,0,0,0,0,0,,538,301,,0,0,0,0
1617094969109,6,1010123456023,77,,1,2,17,1,0,,7.86154,130,0,0.144352,39,0,5.66667,,8.88,25,0,0.1,7,57.1429,0,7.77715,31,,434,314,,0,0,0,6.76
1617094969359,6,1010123456023,77,,1,2,17,1,0,,20.4648,71,0,0.099264,18,0,14,,0,0,0,0,0,0,0,0,0,,58,70,,0,0,0,0
1617094969609,6,1010123456023,77,,1,2,17,1,0,,5.90083,121,158,0.103008,36,0,6.25,,0,0,0,0,0,0,0,0,0,,641,373,,0,0,0,0
1617094969859,6,1010123456023,77,,1,2,17,1,0,,21,60,0,0.097888,19,0,14,,0,0,0,0,0,0,0,0,0,,36,54,,0,0,0,0
1617094970109,6,1010123456023,77,,1,2,17,1,0,,20.5,64,0,0.08272,17,0,12,,15,16,0,0,4,100,0,1.33118,0,,41,53,,0,0,0,10
1617094970359,6,1010123456023,77,,1,2,17,1,0,,2.99451,182,158,0.118752,49,0,4,,0,0,0,0,0,0,0,0,0,,757,588,,0,0,0,0
1617094970609,6,1010123456023,77,,1,2,17,1,0,,8.7,130,158,0.156992,40,0,6.4,,0,0,0,0,0,0,0,0,0,,388,290,,0,0,0,0
1617094970859,6,1010123456023,77,,1,2,17,1,0,,6.35333,150,121,0.135584,41,0,7.33333,,0,0,0,0,0,0,0,0,0,,584,438,,0,0,0,0
1617094971109,6,1010123456023,77,,1,2,17,1,0,,5.55556,189,0,0.15056,56,0,7.33333,,6.26087,23,0,0.1,7,57.1429,0,8.15828,31,,890,528,,0,0,0,5.69565
1617094971359,6,1010123456023,77,,1,2,17,1,0,,12.5417,96,0,0.104928,27,0,13,,0,0,0,0,0,0,0,0,0,,350,205,,0,0,0,0
1617094971609,6,1010123456023,77,,1,2,17,1,0,,21.4167,60,0,0.092992,18,0,14,,0,0,0,0,0,0,0,0,0,,36,50,,0,0,0,0
1617094971859,6,1010123456023,77,,1,2,17,1,0,,3.62381,210,0,0.149376,56,0,5.5,,0,0,0,0,0,0,0,0,0,,1030,691,,0,0,0,0
1617094972109,6,1010123456023,77,,1,2,17,1,0,,8.78832,137,0,0.130624,40,0,9,,13,23,0,0.1,6,66.6667,0,10.05,31,,412,296,,0,0,0,7.26087
1617094972359,6,1010123456023,77,,1,2,17,1,0,,10.1524,105,0,0.115872,35,0,10.3333,,0,0,0,0,0,0,0,0,0,,294,242,,0,0,0,0
1617094972609,6,1010123456023,77,,1,2,17,1,0,,19.5385,104,0,0.15568,29,0,12,,0,0,0,0,0,0,0,0,0,,83,108,,0,0,0,0
1617094972859,6,1010123456023,77,,1,2,17,1,0,,3.2659,173,0,0.12032,48,0,4.33333,,0,0,0,0,0,0,0,0,0,,805,529,,0,0,0,0
1617094973109,6,1010123456023,77,,1,2,17,1,0,,8.85185,81,0,0.102112,25,0,8.66667,,15.2727,88,0,0.116832,28,85.7143,0,4.97466,31,,195,175,,0,0,0,8.375
1617094973359,6,1010123456023,77,,1,2,17,1,0,,16.6,90,0,0.130816,24,0,9,,0,0,0,0,0,0,0,0,0,,109,133,,0,0,0,0
1617094973609,6,1010123456023,77,,1,2,17,1,0,,21.3049,82,158,0.129184,25,0,14,,0,0,0,0,0,0,0,0,0,,50,71,,0,0,0,0
1617094973859,6,1010123456023,77,,1,2,17,1,0,,10.8495,93,0,0.099456,27,0,6.66667,,0,0,0,0,0,0,0,0,0,,244,192,,0,0,0,0
1617094974109,6,1010123456023,77,,1,2,17,1,0,,20.2899,69,0,0.098912,19,0,11,,5,22,0,0.1,7,71.4286,0,7.84119,31,,56,67,,0,0,0,6.72727
1617094974359,6,1010123456023,77,,1,2,17,1,0,,14.4096,83,0,0.1384,25,0,11,,0.1,7,0,0.1,2,0,0,11.6969,31,,141,138,,0,0,0,1.42857
1617094974609,6,1010123456023,77,,1,2,17,1,0,,16.5982,112,0,0.1408,32,0,13.5,,0,0,0,0,0,0,0,0,0,,95,110,,0,0,0,0
1617094974859,6,1010123456023,77,,1,2,17,1,0,,2.60452,177,0,0.121984,51,0,5.33333,,0,0,0,0,0,0,0,0,0,,1091,636,,0,0,0,0
1617094975109,6,1010123456023,77,,1,2,17,1,0,,15.7158,95,0,0.126144,26,0,9.75,,0,10,0,0,4,100,0,0,0,,419,185,,0,0,0,0
1617094975359,6,1010123456023,77,,1,2,17,1,0,,20.1486,74,0,0.109216,21,0,12.3333,,0,0,0,0,0,0,0,0,0,,54,68,,0,0,0,0
1617094975609,6,1010123456023,77,,1,2,17,1,0,,17.2,85,0,0.118944,25,0,8.5,,0,0,0,0,0,0,0,0,0,,161,125,,0,0,0,0
1617094975859,6,1010123456023,77,,1,2,17,1,0,,7.72727,66,0,0.06912,18,0,6,,0,0,0,0,0,0,0,0,0,,274,175,,0,0,0,0
1617094976109,6,1010123456023,77,,1,2,17,1,0,,16.1739,69,0,0.110752,21,0,11,,15,11,0,0,4,100,0,10.7826,0,,100,101,,0,0,0,10
1617094976359,6,1010123456023,77,,1,2,17,1,0,,11.7525,101,0,0.158816,29,0,7.5,,0,0,0,0,0,0,0,0,0,,195,203,,0,0,0,0
1617094976609,6,1010123456023,77,,1,2,17,1,0,,17.1688,77,0,0.12192,22,0,11.3333,,0,0,0,0,0,0,0,0,0,,92,98,,0,0,0,0
1617094976859,6,1010123456023,77,,1,2,17,1,0,,13.5977,87,0,0.128544,25,0,10.25,,0,0,0,0,0,0,0,0,0,,157,161,,0,0,0,0
1617094977109,6,1010123456023,77,,1,2,17,1,0,,7.42623,122,22,0.141888,36,0,5,,8.59091,22,0,0.1,7,71.4286,0,3.44894,31,,349,330,,0,0,0,7.31818
1617094977359,6,1010123456023,77,,1,2,17,1,0,,11.1858,113,0,0.13184,32,0,11,,9,10,0,0.1,3,33.3333,0,17.1981,31,,223,209,,0,0,0,4.1
1617094977609,6,1010123456023,77,,1,2,17,1,0,,11.8772,57,0,0.093216,17,0,7.5,,0,0,0,0,0,0,0,0,0,,100,115,,0,0,0,0
1617094977859,6,1010123456023,77,,1,2,17,1,0,,17.8061,98,0,0.142688,27,0,9.5,,0,0,0,0,0,0,0,0,0,,102,131,,0,0,0,0
1617094978109,6,1010123456023,77,,1,2,17,1,0,,8.57353,136,0,0.13648,34,0,7.33333,,9.11539,26,0,0.1,7,57.1429,0,5.84335,31,,498,344,,0,0,0,6.53846
1617094978358,6,1010123456023,77,,1,2,17,1,0,,11.0794,126,158,0.148562,43,0,14.5,,0,0,0,0,0,0,0,0,0,,246,303,,0,0,0,0
1617094978609,6,1010123456023,77,,1,2,17,1,0,,7.90698,129,0,0.12784,35,0,8.33333,,0,0,0,0,0,0,0,0,0,,491,349,,0,0,0,0
1617094978859,6,1010123456023,77,,1,2,17,1,0,,15.9789,95,0,0.153856,30,0,10.25,,0,0,0,0,0,0,0,0,0,,137,146,,0,0,0,0
1617094979109,6,1010123456023,77,,1,2,17,1,0,,4.80282,142,0,0.111296,40,0,4.25,,0,6,0,0.1,2,50,0,0,31,,773,429,,0,0,0,0
1617094979359,6,1010123456023,77,,1,2,17,1,0,,13.7368,114,0,0.166624,33,0,10.25,,0.1,7,0,0.1,2,0,0,1.27389,0,,299,217,,0,0,0,2
1617094979609,6,1010123456023,77,,1,2,17,1,0,,3.55932,118,0,0.07088,34,0,9.66667,,0,0,0,0,0,0,0,0,0,,648,393,,0,0,0,0
1617094979859,6,1010123456023,77,,1,2,17,1,0,,21,59,0,0.097952,17,0,0.1,,0,0,0,0,0,0,0,0,0,,38,57,,0,0,0,0
1617094980109,6,1010123456023,77,,1,2,17,1,0,,2.21476,149,0,0.09328,43,0,5,,12.1633,49,0,0.1,16,75,0,6.69858,31,,613,580,,0,0,0,7.5102
1617094980359,6,1010123456023,77,,1,2,17,1,0,,4.42857,98,158,0.095872,30,0,4.33333,,0,0,0,0,0,0,0,0,0,,418,294,,0,0,0,0
1617094980609,6,1010123456023,77,,1,2,17,1,0,,5.27928,111,0,0.110624,29,0,5,,0,0,0,0,0,0,0,0,0,,336,329,,0,0,0,0
1617094980859,6,1010123456023,77,,1,2,17,1,0,,6.512,125,0,0.121888,37,0,8,,0,0,0,0,0,0,0,0,0,,328,271,,0,0,0,0
1617094981109,6,1010123456023,77,,1,2,17,1,0,,12.9615,78,0,0.12624,21,0,8,,13.2857,7,0,0.1,2,0,0,24.6984,31,,168,152,,0,0,0,1
1617094981359,6,1010123456023,77,,1,2,17,1,0,,5.42138,159,0,0.147488,45,0,3,,0,0,0,0,0,0,0,0,0,,649,454,,0,0,0,0
1617094981609,6,1010123456023,77,,1,2,17,1,0,,14.9351,77,0,0.110752,25,0,9.5,,0,0,0,0,0,0,0,0,0,,136,116,,0,0,0,0
1617094981858,6,1010123456023,77,,1,2,17,1,0,,12.4783,138,0,0.170281,40,0,8.5,,0,0,0,0,0,0,0,0,0,,396,294,,0,0,0,0
1617094982109,6,1010123456023,77,,1,2,17,1,0,,1.80928,194,0,0.10976,52,0,0.1,,9.11539,26,0,0.1,7,57.1429,0,5.79134,31,,1105,683,,0,0,0,6.53846
1617094982359,6,1010123456023,77,,1,2,17,1,0,,10.6495,97,0,0.141312,32,0,9,,0,0,0,0,0,0,0,0,0,,260,211,,0,0,0,0
1617094982609,6,1010123456023,77,,1,2,17,1,0,,17.99,100,0,0.146528,27,0,8,,0,0,0,0,0,0,0,0,0,,101,113,,0,0,0,0
1617094982859,6,1010123456023,77,,1,2,17,1,0,,17.0469,64,0,0.083552,15,0,8.25,,0,0,0,0,0,0,0,0,0,,105,92,,0,0,0,0
1617094983109,6,1010123456023,77,,1,2,17,1,0,,11.4961,129,0,0.132128,37,0,12,,14.9508,61,0,0.159488,20,75,0,6.59642,31,,370,265,,0,0,0,7.4918
1617094983359,6,1010123456023,77,,1,2,17,1,0,,6.87879,99,0,0.085824,26,0,9.75,,0,3,0,0,1,100,0,0,0,,355,246,,0,0,0,0
1617094983609,6,1010123456023,77,,1,2,17,1,0,,11.7526,97,0,0.135296,29,0,8,,0,0,0,0,0,0,0,0,0,,193,175,,0,0,0,0
1617094983859,6,1010123456023,77,,1,2,17,1,0,,7.18,100,0,0.102816,29,0,5.33333,,0,0,0,0,0,0,0,0,0,,383,270,,0,0,0,0
1617094984109,6,1010123456023,77,,1,2,17,1,0,,16.9024,82,0,0.105248,23,0,11.5,,10.6512,43,0,0.1,12,66.6667,0,7.55829,31,,60,84,,0,0,0,6.86047
1617094984359,6,1010123456023,77,,1,2,17,1,0,,16.84,25,0,0.0376,7,0,8.5,,0,0,0,0,0,0,0,0,0,,25,32,,0,0,0,0
1617094984609,6,1010123456023,77,,1,2,17,1,0,,8.91228,114,158,0.099904,29,0,2.5,,0,0,0,0,0,0,0,0,0,,471,289,,0,0,0,0
1617094984859,6,1010123456023,77,,1,2,17,1,0,,1.74157,178,0,0.115488,56,0,3,,0,0,0,0,0,0,0,0,0,,1088,624,,0,0,0,0
1617094985109,6,1010123456023,77,,1,2,17,1,0,,1.75,196,0,0.105216,53,0,3,,6.26087,23,0,0.1,7,57.1429,0,9.05743,31,,1132,672,,0,0,0,5.69565
1617094985359,6,1010123456023,77,,1,2,17,1,0,,9.10185,108,0,0.12944,33,0,7.25,,0,0,0,0,0,0,0,0,0,,276,246,,0,0,0,0
1617094985609,6,1010123456023,77,,1,2,17,1,0,,4.48603,179,0,0.148896,51,0,8.5,,0,0,0,0,0,0,0,0,0,,899,527,,0,0,0,0
1617094985859,6,1010123456023,77,,1,2,17,1,0,,5.95139,144,0,0.135872,43,0,9.5,,0,0,0,0,0,0,0,0,0,,437,358,,0,0,0,0
1617094986109,6,1010123456023,77,,1,2,17,1,0,,3.87624,202,0,0.163488,59,0,5.5,,6.34286,35,0,0.1,9,66.6667,0,2.37976,31,,1017,684,,0,0,0,7.28571
1617094986359,6,1010123456023,77,,1,2,17,1,0,,13.7414,58,0,0.091712,18,0,12,,0,0,0,0,0,0,0,0,0,,93,92,,0,0,0,0
1617094986609,6,1010123456023,77,,1,2,17,1,0,,21,57,0,0.082528,15,0,0.1,,0,0,0,0,0,0,0,0,0,,34,51,,0,0,0,0
1617094986859,6,1010123456023,77,,1,2,17,1,0,,16.5593,59,0,0.101472,19,0,9,,0,0,0,0,0,0,0,0,0,,74,84,,0,0,0,0
1617094987109,6,1010123456023,77,,1,2,17,1,0,,20.6105,95,0,0.135712,27,0,14,,10.7368,38,0,0.1,12,66.6667,0,7.91503,31,,77,93,,0,0,0,6.78947
1617094987359,6,1010123456023,77,,1,2,17,1,0,,19.875,96,0,0.14512,29,0,8,,0,0,0,0,0,0,0,0,0,,58,84,,0,0,0,0
1617094987609,6,1010123456023,77,,1,2,17,1,0,,13,84,0,0.140896,23,0,8,,0,0,0,0,0,0,0,0,0,,189,173,,0,0,0,0
1617094987859,6,1010123456023,77,,1,2,17,1,0,,17.3659,41,0,0.078112,13,0,14,,0,0,0,0,0,0,0,0,0,,53,53,,0,0,0,0
1617094988109,6,1010123456023,77,,1,2,17,1,0,,10.1447,76,0,0.084544,24,0,8,,12.8052,77,0,0.1,24,75,0,4.0456,31,,251,184,,0,0,0,7.51082
1617094988359,6,1010123456023,77,,1,2,17,1,0,,11.4872,78,0,0.113248,23,0,5.5,,0,5,0,0,2,100,0,0,0,,185,156,,0,0,0,0
1617094988609,6,1010123456023,77,,1,2,17,1,0,,6.98,100,0,0.102784,28,0,6.66667,,0,0,0,0,0,0,0,0,0,,293,242,,0,0,0,0
1617094988859,6,1010123456023,77,,1,2,17,1,0,,15.0357,112,0,0.141888,31,0,11.6667,,0,0,0,0,0,0,0,0,0,,217,185,,0,0,0,0
1617094989108,6,1010123456023,77,,1,2,17,1,0,,14.8857,70,0,0.112353,21,0,11,,8.7619,42,0,0.1,11,72.7273,0,4.88151,31,,109,107,,0,0,0,7.85714
1617094989359,6,1010123456023,77,,1,2,17,1,0,,4.58209,201,105,0.166048,50,0,6.25,,8,16,0,0.1,4,75,0,6.73488,31,,965,628,,0,0,0,7.75
1617094989609,6,1010123456023,77,,1,2,17,1,0,,14.7692,91,0,0.127136,32,0,10.3333,,0,0,0,0,0,0,0,0,0,,155,144,,0,0,0,0
1617094989859,6,1010123456023,77,,1,2,17,1,0,,12.6552,58,0,0.086272,16,0,9.33333,,0,0,0,0,0,0,0,0,0,,98,95,,0,0,0,0
1617094990109,6,1010123456023,77,,1,2,17,1,0,,2.20625,160,0,0.108608,50,0,3,,13.2857,7,0,0.1,2,50,0,8.59387,31,,898,563,,0,0,0,6.14286
1617094990359,6,1010123456023,77,,1,2,17,1,0,,1.77465,213,158,0.1216,60,0,0.1,,6.54545,22,0,0.1,6,50,0,7.23799,31,,1179,724,,0,0,0,5.90909
1617094990609,6,1010123456023,77,,1,2,17,1,0,,9.47222,108,0,0.10064,28,0,10,,0,0,0,0,0,0,0,0,0,,299,251,,0,0,0,0
1617094990859,6,1010123456023,77,,1,2,17,1,0,,7.0565,177,0,0.16832,51,0,4,,0,0,0,0,0,0,0,0,0,,700,493,,0,0,0,0
1617094991109,6,1010123456023,77,,1,2,17,1,0,,15.0588,68,0,0.094848,20,0,10,,0,0,0,0,0,0,0,0,0,,93,101,,0,0,0,0
1617094991359,6,1010123456023,77,,1,2,17,1,0,,3.55414,157,205,0.117152,42,0,4.25,,14.2727,11,0,0.1,3,66.6667,0,5.54161,31,,749,459,,0,0,0,7.54545
1617094991609,6,1010123456023,77,,1,2,17,1,0,,12.8457,162,0,0.179936,48,0,8.5,,5.89474,19,0,0.1,5,40,0,4.9317,31,,445,318,,0,0,0,5.21053
1617094991859,6,1010123456023,77,,1,2,17,1,0,,9.5098,102,0,0.133696,32,0,6.5,,0,0,0,0,0,0,0,0,0,,229,213,,0,0,0,0
1617094992109,6,1010123456023,77,,1,2,17,1,0,,8.30469,128,0,0.11712,36,0,8,,5.41935,31,0,0.1,9,55.5556,0,5.47926,31,,501,332,,0,0,0,6.22581
1617094992359,6,1010123456023,77,,1,2,17,1,0,,21,67,0,0.097888,19,0,14,,0,0,0,0,0,0,0,0,0,,38,57,,0,0,0,0
1617094992609,6,1010123456023,77,,1,2,17,1,0,,17.8276,58,0,0.083968,16,0,11,,0,0,0,0,0,0,0,0,0,,56,66,,0,0,0,0
1617094992859,6,1010123456023,77,,1,2,17,1,0,,21,88,0,0.1288,25,0,0.1,,0,0,0,0,0,0,0,0,0,,52,75,,0,0,0,0
1617094993109,6,1010123456023,77,,1,2,17,1,0,,21.7308,52,0,0.093856,17,0,8,,0.1,12,0,0.1,4,25,0,0.83451,31,,63,49,,0,0,0,4.58333
1617094993359,6,1010123456023,77,,1,2,17,1,0,,12.9437,71,0,0.103584,19,0,9.66667,,0,0,0,0,0,0,0,0,0,,121,119,,0,0,0,0
1617094993609,6,1010123456023,77,,1,2,17,1,0,,21.7978,89,0,0.149568,26,0,0.1,,0,0,0,0,0,0,0,0,0,,62,81,,0,0,0,0
1617094993859,6,1010123456023,77,,1,2,17,1,0,,8.9322,59,0,0.05792,16,0,8,,0,0,0,0,0,0,0,0,0,,132,121,,0,0,0,0
1617094994109,6,1010123456023,77,,1,2,17,1,0,,11.0103,97,0,0.095744,28,0,8.33333,,11.2593,54,0,0.1608,17,64.7059,0,5.18542,31,,324,213,,0,0,0,7.51852
1617094994359,6,1010123456023,77,,1,2,17,1,0,,15.5915,71,0,0.101728,19,0,11.5,,16,34,0,0,11,100,0,0.283667,0,,91,102,,0,0,0,10
1617094994609,6,1010123456023,77,,1,2,17,1,0,,21,103,0,0.159808,30,0,14,,0,0,0,0,0,0,0,0,0,,61,90,,0,0,0,0
1617094994859,6,1010123456023,77,,1,2,17,1,0,,4.91837,147,0,0.118496,43,0,7,,0,0,0,0,0,0,0,0,0,,706,473,,0,0,0,0
1617094995109,6,1010123456023,77,,1,2,17,1,0,,20.0682,88,0,0.140416,27,0,14,,7.5,24,0,0.1,7,57.1429,0,5.1233,31,,63,82,,0,0,0,6.625
1617094995359,6,1010123456023,77,,1,2,17,1,0,,14.2571,105,0,0.165216,31,0,10,,0,0,0,0,0,0,0,0,0,,193,173,,0,0,0,0
1617094995609,6,1010123456023,77,,1,2,17,1,0,,12.5696,79,0,0.094336,22,0,10.25,,0,0,0,0,0,0,0,0,0,,142,130,,0,0,0,0
1617094995859,6,1010123456023,77,,1,2,17,1,0,,7.69091,110,0,0.133376,32,0,5.75,,0,0,0,0,0,0,0,0,0,,290,267,,0,0,0,0
1617094996109,6,1010123456023,77,,1,2,17,1,0,,5.1982,111,0,0.108992,33,0,7,,15.2289,83,0,0.11984,27,85.1852,0,4.92377,31,,411,292,,0,0,0,8.50201
1617094996359,6,1010123456023,77,,1,2,17,1,0,,13.8182,88,0,0.134432,25,0,11,,0,3,0,0,1,100,0,0,0,,114,141,,0,0,0,0
1617094996609,6,1010123456023,77,,1,2,17,1,0,,12,120,0,0.13968,34,0,8.75,,0,0,0,0,0,0,0,0,0,,261,190,,0,0,0,0
1617094996859,6,1010123456023,77,,1,2,17,1,0,,18.0787,89,0,0.114432,22,0,9.5,,0,0,0,0,0,0,0,0,0,,95,102,,0,0,0,0
1617094997109,6,1010123456023,77,,1,2,17,1,0,,10.6296,81,0,0.112864,23,0,6.5,,6.84615,39,0,0.1,12,66.6667,0,8.7964,31,,178,171,,0,0,0,6.89744
1617094997359,6,1010123456023,77,,1,2,17,1,0,,11.8058,103,0,0.126336,31,0,9,,8.21053,19,0,0.1,6,66.6667,0,1.45026,31,,225,180,,0,0,0,6.68421
1617094997609,6,1010123456023,77,,1,2,17,1,0,,3.91279,172,0,0.139424,48,0,4,,0,0,0,0,0,0,0,0,0,,818,494,,0,0,0,0
1617094997859,6,1010123456023,77,,1,2,17,1,0,,16.7333,60,0,0.072704,16,0,11,,0,0,0,0,0,0,0,0,0,,73,75,,0,0,0,0
1617094998109,6,1010123456023,77,,1,2,17,1,0,,14.4074,81,0,0.104736,22,0,9.5,,10.1053,19,0,0.1,5,40,0,13.6561,31,,154,144,,0,0,0,4.78947
1617094998359,6,1010123456023,77,,1,2,17,1,0,,5.89266,177,0,0.143264,50,0,6,,0,0,0,0,0,0,0,0,0,,634,430,,0,0,0,0
1617094998609,6,1010123456023,77,,1,2,17,1,0,,11.4835,91,0,0.118144,27,0,8,,0,0,0,0,0,0,0,0,0,,145,142,,0,0,0,0
1617094998859,6,1010123456023,77,,1,2,17,1,0,,4.72414,145,0,0.124896,40,0,3,,0,0,0,0,0,0,0,0,0,,669,455,,0,0,0,0
1617094999109,6,1010123456023,77,,1,2,17,1,0,,5.3871,155,0,0.120032,45,0,11,,6.78261,23,0,0.1,7,57.1429,0,3.30737,31,,718,439,,0,0,0,6
1617094999359,6,1010123456023,77,,1,2,17,1,0,,14.3559,59,0,0.107392,20,0,7.75,,0,0,0,0,0,0,0,0,0,,90,93,,0,0,0,0
1617094999609,6,1010123456023,77,,1,2,17,1,0,,6.20395,152,0,0.13504,39,0,6.8,,0,0,0,0,0,0,0,0,0,,577,424,,0,0,0,0
1617094999859,6,1010123456023,77,,1,2,17,1,0,,16,65,0,0.094048,21,0,9,,0,0,0,0,0,0,0,0,0,,91,107,,0,0,0,0
1617095000109,6,1010123456023,77,,1,2,17,1,0,,13,65,0,0.113568,21,0,8,,0.1,11,0,0.1,4,0,0,1.73334,31,,120,120,,0,0,0,1.54545
1617095000359,6,1010123456023,77,,1,2,17,1,0,,16.1795,78,0,0.12208,23,0,14,,0,0,0,0,0,0,0,0,0,,102,111,,0,0,0,0
1617095000609,6,1010123456023,77,,1,2,17,1,0,,7.60811,148,0,0.156672,40,0,5.33333,,0,0,0,0,0,0,0,0,0,,464,381,,0,0,0,0
1617095000859,6,1010123456023,77,,1,2,17,1,0,,13.0319,94,0,0.150592,26,0,9,,0,0,0,0,0,0,0,0,0,,120,171,,0,0,0,0
1617095001109,6,1010123456023,77,,1,2,17,1,0,,13.8588,85,0,0.132832,27,0,9.5,,5.6,25,0,0.1,7,57.1429,0,6.32522,31,,129,136,,0,0,0,6.04
1617095001359,6,1010123456023,77,,1,2,17,1,0,,15.7228,101,0,0.119264,27,0,11,,0,0,0,0,0,0,0,0,0,,128,127,,0,0,0,0
1617095001609,6,1010123456023,77,,1,2,17,1,0,,5.19255,161,0,0.135168,45,0,4.66667,,0,0,0,0,0,0,0,0,0,,566,468,,0,0,0,0
1617095001859,6,1010123456023,77,,1,2,17,1,0,,10.7765,85,0,0.09472,25,0,9.5,,0,0,0,0,0,0,0,0,0,,215,153,,0,0,0,0
1617095002109,6,1010123456023,77,,1,2,17,1,0,,2.97076,171,0,0.130336,51,0,3,,13.1923,26,0,0.1,8,50,0,18.0091,31,,996,598,,0,0,0,5.15385
1617095002359,6,1010123456023,77,,1,2,17,1,0,,11.7444,90,0,0.129984,26,0,8,,0,0,0,0,0,0,0,0,0,,197,172,,0,0,0,0
1617095002609,6,1010123456023,77,,1,2,17,1,0,,13.4923,65,158,0.097344,18,0,14,,0,0,0,0,0,0,0,0,0,,110,111,,0,0,0,0
1617095002859,6,1010123456023,77,,1,2,17,1,0,,10.6912,68,0,0.085568,21,0,9,,0,0,0,0,0,0,0,0,0,,181,146,,0,0,0,0
1617095003109,6,1010123456023,77,,1,2,17,1,0,,15.0392,51,0,0.079328,15,0,6.5,,11.3043,46,0,0.1,14,71.4286,0,5.96566,31,,78,90,,0,0,0,7.8913
1617095003359,6,1010123456023,77,,1,2,17,1,0,,9.68116,69,0,0.092512,18,0,7.66667,,0.1,8,0,0,2,100,0,0.97483,0,,171,164,,0,0,0,10
1617095003609,6,1010123456023,77,,1,2,17,1,0,,11.2366,93,0,0.152352,25,0,8.5,,0,0,0,0,0,0,0,0,0,,379,201,,0,0,0,0
1617095003859,6,1010123456023,77,,1,2,17,1,0,,3.78325,203,0,0.174208,60,0,4.75,,0,0,0,0,0,0,0,0,0,,1457,719,,0,0,0,0
1617095004109,6,1010123456023,77,,1,2,17,1,0,,14.4516,62,0,0.10288,19,0,14,,11.0476,42,0,0.1,12,66.6667,0,7.96342,31,,110,100,,0,0,0,7
1617095004359,6,1010123456023,77,,1,2,17,1,0,,12.8558,104,0,0.144032,29,0,8.66667,,0,0,0,0,0,0,0,0,0,,205,204,,0,0,0,0
1617095004609,6,1010123456023,77,,1,2,17,1,0,,14.4352,108,0,0.145536,32,0,8.5,,0,0,0,0,0,0,0,0,0,,193,201,,0,0,0,0
1617095004859,6,1010123456023,77,,1,2,17,1,0,,7.37895,95,0,0.079392,25,0,3,,0,0,0,0,0,0,0,0,0,,396,257,,0,0,0,0
1617095005109,6,1010123456023,77,,1,2,17,1,0,,3.31092,238,0,0.180608,70,0,5,,0.1,28,0,0.1,9,33.3333,0,3.7879,31,,1210,757,,0,0,0,4.17857
1617095005359,6,1010123456023,77,,1,2,17,1,0,,7.37755,98,0,0.108768,29,0,8,,0,0,0,0,0,0,0,0,0,,232,210,,0,0,0,0
1617095005609,6,1010123456023,77,,1,2,17,1,0,,9.79365,63,0,0.07616,16,0,5.5,,0,0,0,0,0,0,0,0,0,,184,150,,0,0,0,0
1617095005859,6,1010123456023,77,,1,2,17,1,0,,17.6806,72,0,0.116672,22,0,12,,0,0,0,0,0,0,0,0,0,,84,92,,0,0,0,0
1617095006109,6,1010123456023,77,,1,2,17,1,0,,5.08333,192,0,0.161536,56,0,6.33333,,6.26087,23,0,0.1,7,57.1429,0,7.45293,31,,487,636,,0,0,0,5.69565
1617095006359,6,1010123456023,77,,1,2,17,1,0,,9.70536,112,0,0.13968,32,0,6.5,,0,0,0,0,0,0,0,0,0,,224,224,,0,0,0,0
1617095006609,6,1010123456023,77,,1,2,17,1,0,,5.13475,141,0,0.12576,40,0,4.66667,,0,0,0,0,0,0,0,0,0,,777,443,,0,0,0,0
1617095006859,6,1010123456023,77,,1,2,17,1,0,,13.6667,48,0,0.070048,13,0,11,,0,0,0,0,0,0,0,0,0,,74,75,,0,0,0,0
1617095007109,6,1010123456023,77,,1,2,17,1,0,,15.7381,84,0,0.1096,25,0,11.5,,9.5,16,0,0.1,6,66.6667,0,11.6074,31,,164,131,,0,0,0,6.625
1617095007359,6,1010123456023,77,,1,2,17,1,0,,21,60,0,0.092832,17,0,0.1,,0,0,0,0,0,0,0,0,0,,42,54,,0,0,0,0
1617095007609,6,1010123456023,77,,1,2,17,1,0,,19.2126,127,0,0.193088,36,0,7,,0,0,0,0,0,0,0,0,0,,125,149,,0,0,0,0
1617095007859,6,1010123456023,77,,1,2,17,1,0,,6.32331,133,0,0.142944,37,0,5.33333,,0,0,0,0,0,0,0,0,0,,468,348,,0,0,0,0
1617095008109,6,1010123456023,77,,1,2,17,1,0,,13.617,94,0,0.128352,29,0,8.33333,,12.8333,96,0,0.1,30,80,0,4.24841,31,,147,133,,0,0,0,8.10417
1617095008359,6,1010123456023,77,,1,2,17,1,0,,4.77686,121,158,0.10432,35,0,5.5,,0,0,0,0,0,0,0,0,0,,527,346,,0,0,0,0
1617095008609,6,1010123456023,77,,1,2,17,1,0,,10.3652,115,0,0.147008,32,0,7.75,,0,0,0,0,0,0,0,0,0,,249,240,,0,0,0,0
1617095008859,6,1010123456023,77,,1,2,17,1,0,,11.9362,47,0,0.065344,14,0,10,,0,0,0,0,0,0,0,0,0,,66,79,,0,0,0,0
1617095009109,6,1010123456023,77,,1,2,17,1,0,,21.2658,79,0,0.129664,24,0,0.1,,6.26087,23,0,0.1,7,57.1429,0,8.51716,31,,51,71,,0,0,0,5.69565
1617095009358,6,1010123456023,77,,1,2,17,1,0,,18.5,78,0,0.126972,24,0,11,,0,0,0,0,0,0,0,0,0,,81,95,,0,0,0,0
1617095009608,6,1010123456023,77,,1,2,17,1,0,,5.99083,109,0,0.099245,29,0,5,,0,0,0,0,0,0,0,0,0,,423,295,,0,0,0,0
1617095009859,6,1010123456023,77,,1,2,17,1,0,,14.6901,71,158,0.123392,22,0,10,,0,0,0,0,0,0,0,0,0,,114,120,,0,0,0,0
1617095010109,6,1010123456023,77,,1,2,17,1,0,,10.5143,70,0,0.097312,21,0,6.4,,0.1,40,0,0.1,11,18.1818,0,4.32651,0,,208,158,,0,0,0,4.225
1617095010359,6,1010123456023,77,,1,2,17,1,0,,1.14182,275,0,0.137632,79,0,5,,0,0,0,0,0,0,0,0,0,,1779,993,,0,0,0,0
1617095010609,6,1010123456023,77,,1,2,17,1,0,,9.25743,101,0,0.12864,29,0,6.5,,0,0,0,0,0,0,0,0,0,,273,229,,0,0,0,0
1617095010859,6,1010123456023,77,,1,2,17,1,0,,6.68889,90,0,0.10016,26,0,9,,0,0,0,0,0,0,0,0,0,,289,235,,0,0,0,0
1617095011109,6,1010123456023,77,,1,2,17,1,0,,19.7619,84,0,0.119264,23,0,10,,0.1,11,0,0.1,3,0,0,10.4076,31,,73,84,,0,0,0,4.18182
1617095011359,6,1010123456023,77,,1,2,17,1,0,,2.52083,192,0,0.125184,54,0,3.33333,,0,0,0,0,0,0,0,0,0,,996,644,,0,0,0,0
1617095011609,6,1010123456023,77,,1,2,17,1,0,,9.62338,77,0,0.09888,22,0,6.5,,0,0,0,0,0,0,0,0,0,,189,165,,0,0,0,0
1617095011859,6,1010123456023,77,,1,2,17,1,0,,20.0704,71,0,0.114752,22,0,14,,0,0,0,0,0,0,0,0,0,,54,74,,0,0,0,0
1617095012109,6,1010123456023,77,,1,2,17,1,0,,15.9365,63,0,0.06192,13,0,9.5,,0,9,0,0,4,100,0,0,0,,96,86,,0,0,0,0
1617095012359,6,1010123456023,77,,1,2,17,1,0,,5.24375,160,0,0.15696,50,0,6.33333,,0,0,0,0,0,0,0,0,0,,728,463,,0,0,0,0
1617095012609,6,1010123456023,77,,1,2,17,1,0,,14.2766,94,0,0.139936,25,0,11,,5.68889,45,0,0.1,12,66.6667,0,4.20778,31,,145,150,,0,0,0,7.46667
1617095012859,6,1010123456023,77,,1,2,17,1,0,,4.80702,171,0,0.141312,47,0,5.42857,,0,0,0,0,0,0,0,0,0,,747,475,,0,0,0,0
1617095013109,6,1010123456023,77,,1,2,17,1,0,,7.81081,74,0,0.086944,25,0,10,,6.4,30,0,0.1,8,62.5,0,5.5854,31,,269,197,,0,0,0,7.1
1617095013359,6,1010123456023,77,,1,2,17,1,0,,10.0163,123,0,0.155776,35,0,7.6,,0,0,0,0,0,0,0,0,0,,288,264,,0,0,0,0
1617095013609,6,1010123456023,77,,1,2,17,1,0,,13.5156,64,0,0.078016,19,0,9.5,,0,0,0,0,0,0,0,0,0,,129,100,,0,0,0,0
1617095013859,6,1010123456023,77,,1,2,17,1,0,,18.8058,103,0,0.160832,30,0,8,,0,0,0,0,0,0,0,0,0,,127,120,,0,0,0,0
1617095014109,6,1010123456023,77,,1,2,17,1,0,,12.431,116,0,0.165728,31,0,6.5,,12.5714,7,0,0.1,2,0,0,24.869,31,,232,204,,0,0,0,1
1617095014359,6,1010123456023,77,,1,2,17,1,0,,5.36083,97,0,0.100256,28,0,5,,0,0,0,0,0,0,0,0,0,,311,275,,0,0,0,0
1617095014609,6,1010123456023,77,,1,2,17,1,0,,7.41525,118,158,0.126208,35,0,9.5,,0,0,0,0,0,0,0,0,0,,331,282,,0,0,0,0
1617095014859,6,1010123456023,77,,1,2,17,1,0,,10.16,100,0,0.116448,29,0,9,,0,0,0,0,0,0,0,0,0,,297,216,,0,0,0,0
1617095015109,6,1010123456023,77,,1,2,17,1,0,,4.31298,131,0,0.113344,38,0,6.5,,14.0822,73,0,0.101888,24,87.5,0,3.03322,0,,694,416,,0,0,0,8.80822
1617095015359,6,1010123456023,77,,1,2,17,1,0,,14.5532,94,0,0.133312,25,0,12,,0,0,0,0,0,0,0,0,0,,139,139,,0,0,0,0
1617095015609,6,1010123456023,77,,1,2,17,1,0,,4.63404,235,0,0.150688,66,0,6,,0,0,0,0,0,0,0,0,0,,1325,773,,0,0,0,0
1617095015859,6,1010123456023,77,,1,2,17,1,0,,13.7647,85,0,0.12816,27,0,9,,0,0,0,0,0,0,0,0,0,,141,124,,0,0,0,0
1617095016109,6,1010123456023,77,,1,2,17,1,0,,4.16084,143,0,0.133504,44,0,7,,6.5,24,0,0.1,7,71.4286,0,6.1833,31,,829,519,,0,0,0,7.375
1617095016359,6,1010123456023,77,,1,2,17,1,0,,4.4492,187,0,0.14896,51,0,4.33333,,5.14286,7,0,0.1,2,0,0,13.6595,31,,765,568,,0,0,0,1.57143
1617095016609,6,1010123456023,77,,1,2,17,1,0,,6.43382,136,0,0.121984,41,0,7,,0,0,0,0,0,0,0,0,0,,516,367,,0,0,0,0
1617095016859,6,1010123456023,77,,1,2,17,1,0,,5.37234,94,0,0.100448,26,0,0.1,,0,0,0,0,0,0,0,0,0,,333,268,,0,0,0,0
1617095017109,6,1010123456023,77,,1,2,17,1,0,,10.3553,76,0,0.102048,21,0,6.5,,13.2857,7,0,0.1,2,0,0,23.9665,31,,196,157,,0,0,0,1
1617095017359,6,1010123456023,77,,1,2,17,1,0,,7.05625,160,0,0.139808,45,0,9,,0,0,0,0,0,0,0,0,0,,657,458,,0,0,0,0
1617095017609,6,1010123456023,77,,1,2,17,1,0,,6.97436,117,321,0.1192,29,0,4.66667,,0,0,0,0,0,0,0,0,0,,458,289,,0,0,0,0
1617095017859,6,1010123456023,77,,1,2,17,1,0,,6.82946,129,0,0.13136,40,0,5.5,,0,0,0,0,0,0,0,0,0,,526,360,,0,0,0,0
1617095018109,6,1010123456023,77,,1,2,17,1,0,,11.4848,99,0,0.155936,31,0,8,,15,13,0,0,4,100,0,1.35864,0,,189,171,,0,0,0,10
1617095018358,6,1010123456023,77,,1,2,17,1,0,,5.36296,135,0,0.109044,38,0,7.66667,,0,0,0,0,0,0,0,0,0,,673,388,,0,0,0,0
1617095018609,6,1010123456023,77,,1,2,17,1,0,,12.8987,79,0,0.118048,21,0,8,,0,0,0,0,0,0,0,0,0,,196,147,,0,0,0,0
1617095018859,6,1010123456023,77,,1,2,17,1,0,,12.0127,79,0,0.128608,25,0,7.25,,0,0,0,0,0,0,0,0,0,,172,159,,0,0,0,0
1617095019109,6,1010123456023,77,,1,2,17,1,0,,7.43182,88,0,0.086816,23,0,4,,6.26087,23,0,0.1,7,57.1429,0,9.00421,31,,284,216,,0,0,0,5.69565
1617095019359,6,1010123456023,77,,1,2,17,1,0,,6.30303,132,0,0.142432,40,0,9.5,,0,0,0,0,0,0,0,0,0,,374,349,,0,0,0,0
1617095019609,6,1010123456023,77,,1,2,17,1,0,,7.56897,116,0,0.102048,36,0,11,,0,0,0,0,0,0,0,0,0,,658,319,,0,0,0,0
1617095019859,6,1010123456023,77,,1,2,17,1,0,,15.7342,79,158,0.10512,23,0,8.33333,,0,0,0,0,0,0,0,0,0,,166,122,,0,0,0,0
1617095020109,6,1010123456023,77,,1,2,17,1,0,,6.65,160,0,0.139168,47,0,8.5,,0,0,0,0,0,0,0,0,0,,572,448,,0,0,0,0
1617095020359,6,1010123456023,77,,1,2,17,1,0,,12.7077,65,0,0.06272,16,0,3,,5.21739,23,0,0.1,7,57.1429,0,7.63629,31,,160,130,,0,0,0,5.69565
1617095020609,6,1010123456023,77,,1,2,17,1,0,,8.71429,98,158,0.110592,31,0,9.5,,0,0,0,0,0,0,0,0,0,,248,217,,0,0,0,0
1617095020859,6,1010123456023,77,,1,2,17,1,0,,6.62179,156,0,0.152256,38,0,6,,0,0,0,0,0,0,0,0,0,,584,412,,0,0,0,0
1617095021109,6,1010123456023,77,,1,2,17,1,0,,4.54206,107,0,0.102272,35,0,6.5,,13.6154,91,0,0.1,29,75.8621,0,5.35185,31,,494,347,,0,0,0,7.69231
1617095021359,6,1010123456023,77,,1,2,17,1,0,,3.78873,142,0,0.097952,42,0,6.66667,,0,0,0,0,0,0,0,0,0,,685,439,,0,0,0,0
1617095021609,6,1010123456023,77,,1,2,17,1,0,,3.37903,124,0,0.093248,34,0,8,,0,0,0,0,0,0,0,0,0,,720,419,,0,0,0,0
1617095021859,6,1010123456023,77,,1,2,17,1,0,,11.6139,101,0,0.13376,30,0,8.33333,,0,0,0,0,0,0,0,0,0,,242,210,,0,0,0,0
1617095022109,6,1010123456023,77,,1,2,17,1,0,,10.881,84,0,0.114144,23,0,7.5,,14.5402,87,0,0.200672,28,78.5714,0,5.99085,31,,180,183,,0,0,0,7.86207
1617095022359,6,1010123456023,77,,1,2,17,1,0,,7.32692,104,0,0.130592,31,0,5,,0,0,0,0,0,0,0,0,0,,260,260,,0,0,0,0
1617095022609,6,1010123456023,77,,1,2,17,1,0,,2.62946,224,0,0.140128,60,0,4,,0,0,0,0,0,0,0,0,0,,1235,755,,0,0,0,0
1617095022859,6,1010123456023,77,,1,2,17,1,0,,10.8426,108,0,0.128672,37,0,7.5,,0,0,0,0,0,0,0,0,0,,348,221,,0,0,0,0
1617095023109,6,1010123456023,77,,1,2,17,1,0,,12.766,94,0,0.104992,26,0,6,,4.88,50,0,0.1,14,28.5714,0,8.28567,31,,191,151,,0,0,0,4.58
1617095023359,6,1010123456023,77,,1,2,17,1,0,,1.72589,197,0,0.121248,57,0,3,,0,0,0,0,0,0,0,0,0,,1071,691,,0,0,0,0
1617095023609,6,1010123456023,77,,1,2,17,1,0,,4.66102,118,0,0.10752,34,0,7,,0,0,0,0,0,0,0,0,0,,474,356,,0,0,0,0
1617095023859,6,1010123456023,77,,1,2,17,1,0,,8.19643,112,140,0.133824,28,0,5,,0,0,0,0,0,0,0,0,0,,316,268,,0,0,0,0
1617095024109,6,1010123456023,77,,1,2,17,1,0,,10.9053,95,0,0.13392,31,0,9.33333,,8.44444,18,0,0.1,6,66.6667,0,12.8581,31,,200,194,,0,0,0,6
1617095024359,6,1010123456023,77,,1,2,17,1,0,,7.67,100,0,0.096352,23,0,5,,0,0,0,0,0,0,0,0,0,,334,244,,0,0,0,0
1617095024609,6,1010123456023,77,,1,2,17,1,0,,10.8,120,0,0.19296,40,0,8,,0,0,0,0,0,0,0,0,0,,306,260,,0,0,0,0
1617095024859,6,1010123456023,77,,1,2,17,1,0,,17.1319,91,0,0.132128,25,0,14,,0,0,0,0,0,0,0,0,0,,98,111,,0,0,0,0
1617095025109,6,1010123456023,77,,1,2,17,1,0,,21,75,0,0.113344,22,0,0.1,,10.6923,13,0,0.1,4,0,0,27.7522,31,,46,66,,0,0,0,1
1617095025359,6,1010123456023,77,,1,2,17,1,0,,8.19549,133,0,0.134528,38,0,8.4,,0,0,0,0,0,0,0,0,0,,485,322,,0,0,0,0
1617095025609,6,1010123456023,77,,1,2,17,1,0,,21,68,0,0.097888,19,0,14,,0,0,0,0,0,0,0,0,0,,66,57,,0,0,0,0
1617095025858,6,1010123456023,77,,1,2,17,1,0,,14.9765,85,0,0.114699,26,0,11.25,,0,0,0,0,0,0,0,0,0,,123,121,,0,0,0,0
1617095026108,6,1010123456023,77,,1,2,17,1,0,,10.24,75,0,0.0966426,21,0,6.33333,,9.23077,26,0,0.1,7,57.1429,0,5.67066,31,,438,195,,0,0,0,6.53846
1617095026359,6,1010123456023,77,,1,2,17,1,0,,12,67,0,0.068544,18,0,8,,0,0,0,0,0,0,0,0,0,,181,141,,0,0,0,0
1617095026609,6,1010123456023,77,,1,2,17,1,0,,8.69231,78,0,0.115904,23,0,7.5,,0,0,0,0,0,0,0,0,0,,198,198,,0,0,0,0
1617095026859,6,1010123456023,77,,1,2,17,1,0,,13.6383,94,0,0.14496,26,0,10,,0,0,0,0,0,0,0,0,0,,156,161,,0,0,0,0
1617095027109,6,1010123456023,77,,1,2,17,1,0,,16.9062,64,0,0.095328,19,0,8,,10.0513,39,0,0.1,12,66.6667,0,7.05247,31,,79,83,,0,0,0,6.53846
1617095027359,6,1010123456023,77,,1,2,17,1,0,,13,98,0,0.146016,27,0,0.1,,0,0,0,0,0,0,0,0,0,,168,168,,0,0,0,0
1617095027609,6,1010123456023,77,,1,2,17,1,0,,5.79528,127,0,0.140832,39,0,4,,0,0,0,0,0,0,0,0,0,,421,400,,0,0,0,0
1617095027859,6,1010123456023,77,,1,2,17,1,0,,9.184,125,0,0.135936,37,0,8.5,,0,0,0,0,0,0,0,0,0,,509,303,,0,0,0,0
1617095028109,6,1010123456023,77,,1,2,17,1,0,,15.4321,81,0,0.127168,22,0,10.6667,,13.8298,94,0,0.1,31,90.3226,0,2.0723,31,,129,125,,0,0,0,9.10638
1617095028359,6,1010123456023,77,,1,2,17,1,0,,5.93204,206,158,0.172544,59,0,7.5,,0,0,0,0,0,0,0,0,0,,781,555,,0,0,0,0
1617095028609,6,1010123456023,77,,1,2,17,1,0,,12.7449,98,0,0.115424,26,0,8.66667,,0,0,0,0,0,0,0,0,0,,299,183,,0,0,0,0
1617095028859,6,1010123456023,77,,1,2,17,1,0,,5.80435,138,0,0.11248,39,0,9,,0,0,0,0,0,0,0,0,0,,759,415,,0,0,0,0
1617095029109,6,1010123456023,77,,1,2,17,1,0,,9.75472,106,0,0.121888,33,0,9,,5.03448,58,0,0.1,16,50,0,8.19246,31,,285,248,,0,0,0,6.43103
1617095029359,6,1010123456023,77,,1,2,17,1,0,,14.404,99,0,0.114944,27,0,11,,0,0,0,0,0,0,0,0,0,,167,151,,0,0,0,0
1617095029609,6,1010123456023,77,,1,2,17,1,0,,11.7549,102,0,0.143616,30,0,7,,0,0,0,0,0,0,0,0,0,,234,195,,0,0,0,0
1617095029859,6,1010123456023,77,,1,2,17,1,0,,11.9434,53,0,0.080864,15,0,6.5,,0,0,0,0,0,0,0,0,0,,106,114,,0,0,0,0
1617095030109,6,1010123456023,77,,1,2,17,1,0,,2.20769,130,0,0.087552,41,0,5.33333,,14.7937,63,0,0.106304,20,80,0,4.80739,31,,583,526,,0,0,0,8.14286
1617095030359,6,1010123456023,77,,1,2,17,1,0,,11.1122,98,0,0.110176,27,0,8.66667,,0,0,0,0,0,0,0,0,0,,258,225,,0,0,0,0
1617095030609,6,1010123456023,77,,1,2,17,1,0,,9.23656,93,0,0.105056,27,0,9.5,,0,0,0,0,0,0,0,0,0,,199,197,,0,0,0,0
1617095030859,6,1010123456023,77,,1,2,17,1,0,,17.0959,73,0,0.099136,20,0,7,,0,0,0,0,0,0,0,0,0,,79,92,,0,0,0,0
1617095031109,6,1010123456023,77,,1,2,17,1,0,,18.8182,77,0,0.11488,22,0,13,,5.45455,22,0,0.1,7,57.1429,0,3.49733,31,,82,84,,0,0,0,6.27273
1617095031359,6,1010123456023,77,,1,2,17,1,0,,21,61,0,0.087584,17,0,14,,0,0,0,0,0,0,0,0,0,,38,51,,0,0,0,0
1617095031608,6,1010123456023,77,,1,2,17,1,0,,4.08387,155,0,0.121189,41,0,4.75,,0,0,0,0,0,0,0,0,0,,723,437,,0,0,0,0
1617095031859,6,1010123456023,77,,1,2,17,1,0,,15.3684,95,0,0.11344,28,0,11,,0,0,0,0,0,0,0,0,0,,121,133,,0,0,0,0
1617095032109,6,1010123456023,77,,1,2,17,1,0,,15.5876,97,0,0.137088,29,0,12,,14.9091,99,0,0.116832,32,87.5,0,3.74336,31,,112,136,,0,0,0,8.6633
1617095032359,6,1010123456023,77,,1,2,17,1,0,,11.381,84,0,0.100768,23,0,8,,0,0,0,0,0,0,0,0,0,,158,148,,0,0,0,0
1617095032609,6,1010123456023,77,,1,2,17,1,0,,16.3298,94,0,0.15392,28,0,14,,0,0,0,0,0,0,0,0,0,,150,140,,0,0,0,0
1617095032859,6,1010123456023,77,,1,2,17,1,0,,9.46667,135,158,0.135616,38,0,5,,0,0,0,0,0,0,0,0,0,,284,258,,0,0,0,0
1617095033109,6,1010123456023,77,,1,2,17,1,0,,4.5931,145,0,0.124992,41,0,5.6,,7.04,25,0,0.1,8,50,0,5.3806,31,,790,483,,0,0,0,5.32
1617095033359,6,1010123456023,77,,1,2,17,1,0,,10.7385,65,0,0.09232,17,0,7,,0,0,0,0,0,0,0,0,0,,149,132,,0,0,0,0
1617095033609,6,1010123456023,77,,1,2,17,1,0,,18.3596,114,0,0.1832,35,0,11.6667,,0,0,0,0,0,0,0,0,0,,131,146,,0,0,0,0
1617095033859,6,1010123456023,77,,1,2,17,1,0,,21,70,0,0.10304,20,0,14,,0,0,0,0,0,0,0,0,0,,38,57,,0,0,0,0
1617095034109,6,1010123456023,77,,1,2,17,1,0,,3.86826,167,0,0.133664,49,0,5,,0.1,15,0,0.1,4,25,0,0.896306,31,,796,541,,0,0,0,4.8
1617095034359,6,1010123456023,77,,1,2,17,1,0,,13.1481,81,0,0.124896,23,0,0.1,,0,0,0,0,0,0,0,0,0,,92,136,,0,0,0,0
1617095034609,6,1010123456023,77,,1,2,17,1,0,,10.0818,110,0,0.131936,31,0,11.3333,,0,0,0,0,0,0,0,0,0,,241,229,,0,0,0,0
1617095034859,6,1010123456023,77,,1,2,17,1,0,,11.8598,107,0,0.125248,31,0,9.5,,0,0,0,0,0,0,0,0,0,,219,196,,0,0,0,0
1617095035109,6,1010123456023,77,,1,2,17,1,0,,15.172,93,0,0.10992,25,0,9,,0.1,10,0,0.1,3,0,0,9.11381,31,,260,165,,0,0,0,4.7
1617095035359,6,1010123456023,77,,1,2,17,1,0,,1.9726,146,0,0.093984,44,0,8,,0,0,0,0,0,0,0,0,0,,838,507,,0,0,0,0
1617095035609,6,1010123456023,77,,1,2,17,1,0,,7.39062,128,0,0.133216,37,0,7.8,,0,0,0,0,0,0,0,0,0,,489,361,,0,0,0,0
1617095035859,6,1010123456023,77,,1,2,17,1,0,,12.2857,91,0,0.106208,23,0,8.57143,,0,0,0,0,0,0,0,0,0,,175,156,,0,0,0,0
1617095036109,6,1010123456023,77,,1,2,17,1,0,,17.2667,60,0,0.110336,20,0,10.6667,,15.8621,87,0,0.119968,28,85.7143,0,3.48306,31,,92,78,,0,0,0,8.65517
1617095036359,6,1010123456023,77,,1,2,17,1,0,,21,57,0,0.07728,15,0,0.1,,0,0,0,0,0,0,0,0,0,,35,51,,0,0,0,0
1617095036609,6,1010123456023,77,,1,2,17,1,0,,20.8611,36,0,0.06736,13,0,13.3333,,0,0,0,0,0,0,0,0,0,,28,35,,0,0,0,0
1617095036859,6,1010123456023,77,,1,2,17,1,0,,17.6933,75,0,0.110496,21,0,12,,0,0,0,0,0,0,0,0,0,,88,93,,0,0,0,0
1617095037109,6,1010123456023,77,,1,2,17,1,0,,13.6463,82,91,0.110688,22,0,6,,6.5,24,0,0.1,7,57.1429,0,7.29757,0,,195,171,,0,0,0,6.16667
1617095037359,6,1010123456023,77,,1,2,17,1,0,,6.15126,119,0,0.125472,37,0,6.66667,,0,0,0,0,0,0,0,0,0,,392,286,,0,0,0,0
1617095037609,6,1010123456023,77,,1,2,17,1,0,,1.94944,178,0,0.115392,52,0,3,,0,0,0,0,0,0,0,0,0,,1047,627,,0,0,0,0
1617095037859,6,1010123456023,77,,1,2,17,1,0,,11.127,63,0,0.108224,18,0,8,,0,0,0,0,0,0,0,0,0,,173,156,,0,0,0,0
1617095038109,6,1010123456023,77,,1,2,17,1,0,,8.84466,103,0,0.118688,29,0,5.5,,0.1,15,0,0.1,4,0,0,7.31717,31,,327,240,,0,0,0,2.33333
1617095038359,6,1010123456023,77,,1,2,17,1,0,,12.0932,118,0,0.141568,35,0,8.5,,0,0,0,0,0,0,0,0,0,,212,190,,0,0,0,0
1617095038609,6,1010123456023,77,,1,2,17,1,0,,15.6269,67,0,0.101312,18,0,8,,0,0,0,0,0,0,0,0,0,,101,102,,0,0,0,0
1617095038859,6,1010123456023,77,,1,2,17,1,0,,8.08163,98,0,0.120832,28,0,7.75,,0,0,0,0,0,0,0,0,0,,314,248,,0,0,0,0
1617095039109,6,1010123456023,77,,1,2,17,1,0,,13.1346,52,0,0.062976,16,0,8.5,,6.26087,23,0,0.1,7,57.1429,0,7.98412,31,,140,97,,0,0,0,5.69565
1617095039359,6,1010123456023,77,,1,2,17,1,0,,8.16783,143,0,0.144736,40,0,8.75,,0,0,0,0,0,0,0,0,0,,475,348,,0,0,0,0
1617095039609,6,1010123456023,77,,1,2,17,1,0,,13,71,0,0.10816,20,0,0.1,,0,0,0,0,0,0,0,0,0,,80,120,,0,0,0,0
1617095039859,6,1010123456023,77,,1,2,17,1,0,,12.8393,56,0,0.086656,16,0,7.5,,0,0,0,0,0,0,0,0,0,,104,111,,0,0,0,0
1617095040109,6,1010123456023,77,,1,2,17,1,0,,9.75806,62,0,0.122048,20,0,8,,10.1053,19,0,0.1,5,40,0,13.2178,31,,148,168,,0,0,0,4.78947
1617095040359,6,1010123456023,77,,1,2,17,1,0,,13,110,0,0.156832,29,0,8,,0,0,0,0,0,0,0,0,0,,186,186,,0,0,0,0
1617095040609,6,1010123456023,77,,1,2,17,1,0,,16.04,100,0,0.136288,27,0,10,,0,0,0,0,0,0,0,0,0,,124,142,,0,0,0,0
1617095040859,6,1010123456023,77,,1,2,17,1,0,,4.36,150,0,0.122624,46,0,7.33333,,0,0,0,0,0,0,0,0,0,,625,405,,0,0,0,0
1617095041109,6,1010123456023,77,,1,2,17,1,0,,16.7403,77,0,0.111008,21,0,11,,15,13,0,0,4,100,0,1.94643,0,,93,102,,0,0,0,10
1617095041359,6,1010123456023,77,,1,2,17,1,0,,11.3333,63,0,0.085888,18,0,8.66667,,0,0,0,0,0,0,0,0,0,,128,120,,0,0,0,0
1617095041609,6,1010123456023,77,,1,2,17,1,0,,8.42143,140,0,0.16176,37,0,8.33333,,0,0,0,0,0,0,0,0,0,,319,303,,0,0,0,0
1617095041859,6,1010123456023,77,,1,2,17,1,0,,7.82836,134,0,0.137216,39,0,7.8,,0,0,0,0,0,0,0,0,0,,474,338,,0,0,0,0
1617095042109,6,1010123456023,77,,1,2,17,1,0,,11.0762,105,250,0.110368,29,0,8.75,,14.3478,69,0,0.204832,22,72.7273,0,6.20166,31,,442,292,,0,0,0,7.69565
1617095042359,6,1010123456023,77,,1,2,17,1,0,,2.59459,185,0,0.136544,58,0,3.5,,0,0,0,0,0,0,0,0,0,,842,563,,0,0,0,0
1617095042609,6,1010123456023,77,,1,2,17,1,0,,3.82114,123,0,0.09632,33,0,4.2,,0,0,0,0,0,0,0,0,0,,514,379,,0,0,0,0
1617095042859,6,1010123456023,77,,1,2,17,1,0,,3.8932,206,0,0.16128,57,0,4,,0,0,0,0,0,0,0,0,0,,834,587,,0,0,0,0
1617095043109,6,1010123456023,77,,1,2,17,1,0,,6.92143,140,0,0.146656,44,0,8.33333,,7.11111,27,0,0.1,8,50,0,4.732,31,,666,403,,0,0,0,6.48148
1617095043359,6,1010123456023,77,,1,2,17,1,0,,9.62366,93,0,0.087616,26,0,9,,0,0,0,0,0,0,0,0,0,,332,233,,0,0,0,0
1617095043609,6,1010123456023,77,,1,2,17,1,0,,10.1573,89,0,0.082944,24,0,8.5,,0,0,0,0,0,0,0,0,0,,300,201,,0,0,0,0
1617095043859,6,1010123456023,77,,1,2,17,1,0,,12.0513,117,0,0.154176,36,0,8.8,,0,0,0,0,0,0,0,0,0,,281,230,,0,0,0,0
1617095044109,6,1010123456023,77,,1,2,17,1,0,,5.29487,156,0,0.15056,48,0,5,,6.15385,26,0,0.1,7,57.1429,0,5.35016,31,,460,385,,0,0,0,6.53846
1617095044359,6,1010123456023,77,,1,2,17,1,0,,14.641,78,0,0.117568,22,0,12,,0.1,4,0,0.1,1,0,0,2.30493,31,,119,126,,0,0,0,1
1617095044609,6,1010123456023,77,,1,2,17,1,0,,21,78,0,0.113344,22,0,0.1,,0,0,0,0,0,0,0,0,0,,45,66,,0,0,0,0
1617095044859,6,1010123456023,77,,1,2,17,1,0,,18.6216,74,0,0.12176,21,0,11,,0,0,0,0,0,0,0,0,0,,81,95,,0,0,0,0
1617095045109,6,1010123456023,77,,1,2,17,1,0,,9.27723,101,61,0.122656,31,0,7.8,,7.11111,27,0,0.1,7,71.4286,0,3.54313,31,,364,253,,0,0,0,7.77778
1617095045359,6,1010123456023,77,,1,2,17,1,0,,11.0417,120,0,0.133237,33,0,9.66667,,6.66667,9,0,0.1,3,33.3333,0,15.5948,31,,206,208,,0,0,0,4.77778
1617095045609,6,1010123456023,77,,1,2,17,1,0,,18.9318,88,0,0.136,26,0,11,,0,0,0,0,0,0,0,0,0,,81,91,,0,0,0,0
1617095045859,6,1010123456023,77,,1,2,17,1,0,,8.30909,110,93,0.1096,31,0,9,,0,0,0,0,0,0,0,0,0,,254,237,,0,0,0,0
1617095046109,6,1010123456023,77,,1,2,17,1,0,,3.41667,156,0,0.130016,47,0,5,,7.27273,33,0,0.1,9,44.4444,0,9.88291,31,,841,506,,0,0,0,5.9697
1617095046359,6,1010123456023,77,,1,2,17,1,0,,4.69192,198,0,0.134016,54,0,7.5,,0,0,0,0,0,0,0,0,0,,800,666,,0,0,0,0
1617095046608,6,1010123456023,77,,1,2,17,1,0,,4.66176,136,0,0.110233,41,0,6,,0,0,0,0,0,0,0,0,0,,693,405,,0,0,0,0
1617095046859,6,1010123456023,77,,1,2,17,1,0,,12.7069,58,0,0.086016,16,0,7.5,,0,0,0,0,0,0,0,0,0,,100,101,,0,0,0,0
1617095047109,6,1010123456023,77,,1,2,17,1,0,,5.50968,155,0,0.165984,45,0,5,,15,16,0,0,4,100,0,0.100974,0,,490,416,,0,0,0,10
1617095047359,6,1010123456023,77,,1,2,17,1,0,,13.3836,73,0,0.11312,19,0,10,,0,0,0,0,0,0,0,0,0,,166,134,,0,0,0,0
1617095047609,6,1010123456023,77,,1,2,17,1,0,,7.1371,124,0,0.12416,36,0,8.25,,0,0,0,0,0,0,0,0,0,,416,314,,0,0,0,0
1617095047859,6,1010123456023,77,,1,2,17,1,0,,12.8542,96,0,0.161888,29,0,0.1,,0,0,0,0,0,0,0,0,0,,198,180,,0,0,0,0
1617095048109,6,1010123456023,77,,1,2,17,1,0,,18.0411,73,0,0.10544,19,0,11,,0.1,11,0,0.1,3,0,0,12.8735,31,,79,93,,0,0,0,2.09091
1617095048359,6,1010123456023,77,,1,2,17,1,0,,7.5,108,0,0.11168,33,0,5.33333,,0,0,0,0,0,0,0,0,0,,342,258,,0,0,0,0
1617095048609,6,1010123456023,77,,1,2,17,1,0,,4.74706,170,0,0.151296,49,0,5.33333,,0,0,0,0,0,0,0,0,0,,803,525,,0,0,0,0
1617095048859,6,1010123456023,77,,1,2,17,1,0,,15.3956,91,0,0.133472,25,0,14,,0,0,0,0,0,0,0,0,0,,141,136,,0,0,0,0
1617095049109,6,1010123456023,77,,1,2,17,1,0,,7.96809,94,0,0.102688,29,0,6.5,,15.2394,71,0,0.1,24,83.3333,0,3.60553,31,,335,245,,0,0,0,8.40845
1617095049359,6,1010123456023,77,,1,2,17,1,0,,13.2881,59,0,0.096832,18,0,8,,0,0,0,0,0,0,0,0,0,,71,98,,0,0,0,0
1617095049609,6,1010123456023,77,,1,2,17,1,0,,6.80583,103,0,0.121056,29,0,6,,0,0,0,0,0,0,0,0,0,,271,268,,0,0,0,0
1617095049859,6,1010123456023,77,,1,2,17,1,0,,11.3333,108,0,0.168864,29,0,7,,0,0,0,0,0,0,0,0,0,,219,233,,0,0,0,0
1617095050109,6,1010123456023,77,,1,2,17,1,0,,11.3548,93,0,0.134944,27,0,9,,15.0857,70,0,0.213632,22,72.7273,0,6.81152,31,,170,167,,0,0,0,7.44762
1617095050359,6,1010123456023,77,,1,2,17,1,0,,19.2561,82,0,0.130688,24,0,11,,0,0,0,0,0,0,0,0,0,,64,92,,0,0,0,0
1617095050609,6,1010123456023,77,,1,2,17,1,0,,11.0119,84,0,0.103104,20,0,5.33333,,0,0,0,0,0,0,0,0,0,,166,165,,0,0,0,0
1617095050859,6,1010123456023,77,,1,2,17,1,0,,6.06098,82,0,0.084288,27,0,12,,0,0,0,0,0,0,0,0,0,,232,187,,0,0,0,0
1617095051109,6,1010123456023,77,,1,2,17,1,0,,19.2041,98,0,0.15616,28,0,9,,14.8454,97,0,0.152576,32,84.375,0,4.51406,31,,105,114,,0,0,0,8.43299
1617095051359,6,1010123456023,77,,1,2,17,1,0,,6.04688,128,0,0.108224,38,0,6.5,,0,0,0,0,0,0,0,0,0,,667,378,,0,0,0,0
1617095051609,6,1010123456023,77,,1,2,17,1,0,,10.5556,72,0,0.097312,20,0,9.5,,0,0,0,0,0,0,0,0,0,,177,153,,0,0,0,0
1617095051859,6,1010123456023,77,,1,2,17,1,0,,21,62,0,0.097984,18,0,11.6667,,0,0,0,0,0,0,0,0,0,,42,57,,0,0,0,0
1617095052109,6,1010123456023,77,,1,2,17,1,0,,5.23034,178,0,0.177152,52,0,4.6,,0.1,17,0,0.1,5,40,0,3.90915,31,,796,526,,0,0,0,5.29412
1617095052358,6,1010123456023,77,,1,2,17,1,0,,9.91011,89,158,0.118522,24,0,7,,0,0,0,0,0,0,0,0,0,,212,200,,0,0,0,0
1617095052609,6,1010123456023,77,,1,2,17,1,0,,13.1977,86,0,0.128992,25,0,9.5,,0,0,0,0,0,0,0,0,0,,104,138,,0,0,0,0
1617095052859,6,1010123456023,77,,1,2,17,1,0,,13.8444,45,0,0.069792,13,0,8,,0,0,0,0,0,0,0,0,0,,44,74,,0,0,0,0
1617095053109,6,1010123456023,77,,1,2,17,1,0,,13,64,0,0.097344,18,0,8,,8.86957,23,0,0.1,7,57.1429,0,8.57232,31,,108,108,,0,0,0,5.69565
1617095053359,6,1010123456023,77,,1,2,17,1,0,,13.0375,80,0,0.13536,22,0,0.1,,0,3,0,0.1,1,0,0,0,31,,155,155,,0,0,0,0
1617095053609,6,1010123456023,77,,1,2,17,1,0,,7.05785,121,0,0.113888,35,0,8.33333,,0,0,0,0,0,0,0,0,0,,475,304,,0,0,0,0
1617095053859,6,1010123456023,77,,1,2,17,1,0,,8.95876,97,0,0.113216,28,0,4.33333,,0,0,0,0,0,0,0,0,0,,281,206,,0,0,0,0
1617095054109,6,1010123456023,77,,1,2,17,1,0,,5.90604,149,0,0.143936,43,0,5.75,,7.38462,26,0,0.1,7,57.1429,0,5.29205,31,,458,366,,0,0,0,6.53846
1617095054359,6,1010123456023,77,,1,2,17,1,0,,10.3656,93,0,0.123104,27,0,8,,0,0,0,0,0,0,0,0,0,,202,187,,0,0,0,0
1617095054609,6,1010123456023,77,,1,2,17,1,0,,13.6571,70,158,0.112544,21,0,14,,0,0,0,0,0,0,0,0,0,,120,116,,0,0,0,0
1617095054859,6,1010123456023,77,,1,2,17,1,0,,6.45699,186,0,0.144512,52,0,4,,0,0,0,0,0,0,0,0,0,,1016,583,,0,0,0,0
1617095055109,6,1010123456023,77,,1,2,17,1,0,,7.33333,78,0,0.103968,24,0,4,,6.26087,23,0,0.1,7,57.1429,0,8.42109,31,,239,206,,0,0,0,5.69565
1617095055359,6,1010123456023,77,,1,2,17,1,0,,10.9725,109,0,0.110912,31,0,10.5,,0,0,0,0,0,0,0,0,0,,365,227,,0,0,0,0
1617095055609,6,1010123456023,77,,1,2,17,1,0,,18.94,100,0,0.140032,28,0,12.5,,0,0,0,0,0,0,0,0,0,,140,109,,0,0,0,0
1617095055859,6,1010123456023,77,,1,2,17,1,0,,3.40217,184,315,0.130912,53,0,5.5,,0,0,0,0,0,0,0,0,0,,953,574,,0,0,0,0
1617095056109,6,1010123456023,77,,1,2,17,1,0,,13.9222,90,0,0.123616,23,0,12,,13.3474,95,0,0.1,31,90.3226,0,2.34942,31,,134,143,,0,0,0,9.14737
1617095056359,6,1010123456023,77,,1,2,17,1,0,,5.20253,158,0,0.117568,45,0,7.4,,0,0,0,0,0,0,0,0,0,,662,520,,0,0,0,0
1617095056609,6,1010123456023,77,,1,2,17,1,0,,3.01163,172,0,0.131072,49,0,3.25,,0,0,0,0,0,0,0,0,0,,850,565,,0,0,0,0
1617095056859,6,1010123456023,77,,1,2,17,1,0,,0.965779,263,0,0.133472,73,0,1,,0,0,0,0,0,0,0,0,0,,1665,967,,0,0,0,0
1617095057109,6,1010123456023,77,,1,2,17,1,0,,1.84549,233,0,0.143648,70,0,7.5,,7.38462,26,0,0.1,7,57.1429,0,6.51515,31,,1479,829,,0,0,0,6.53846
1617095057359,6,1010123456023,77,,1,2,17,1,0,,15.8642,81,0,0.11744,22,0,10,,0,0,0,0,0,0,0,0,0,,103,123,,0,0,0,0
1617095057609,6,1010123456023,77,,1,2,17,1,0,,21.2451,102,0,0.154816,30,0,14,,0,0,0,0,0,0,0,0,0,,65,83,,0,0,0,0
1617095057859,6,1010123456023,77,,1,2,17,1,0,,17.7333,60,69,0.08912,17,0,10.4,,0,0,0,0,0,0,0,0,0,,76,83,,0,0,0,0
1617095058109,6,1010123456023,77,,1,2,17,1,0,,5.85185,108,0,0.114144,31,0,7.25,,0.1,8,0,0.1,2,0,0,0.822996,31,,493,358,,0,0,0,3
1617095058359,6,1010123456023,77,,1,2,17,1,0,,15.566,53,0,0.074944,14,0,14,,0.1,4,0,0.1,1,0,0,0.620166,0,,70,75,,0,0,0,2
1617095058608,6,1010123456023,77,,1,2,17,1,0,,21,13,0,0.0310361,6,0,8,,0,0,0,0,0,0,0,0,0,,9,12,,0,0,0,0
1617095058859,6,1010123456023,77,,1,2,17,1,0,,0,0,0,0,0,0,12,,0,0,0,0,0,0,0,0,0,,0,0,,0,0,0,0
1617095059109,6,1010123456023,77,,1,2,17,1,0,,0,0,0,0,0,0,8,,0,0,0,0,0,0,0,0,0,,0,0,,0,0,0,0
1617095059359,6,1010123456023,77,,1,2,17,1,0,,0,0,0,0,0,0,10,,0,0,0,0,0,0,0,0,0,,0,0,,0,0,0,0
1617095059609,6,1010123456023,77,,1,2,17,1,0,,0,0,0,0,0,0,0.1,,0,0,0,0,0,0,0,0,0,,0,0,,0,0,0,0
1617095059859,6,1010123456023,77,,1,2,17,1,0,,0,0,0,0,0,0,11,,0,0,0,0,0,0,0,0,0,,0,0,,0,0,0,0
1617095060109,6,1010123456023,77,,1,2,17,1,0,,0,0,0,0,0,0,13.3333,,0,0,0,0,0,0,0,0,0,,0,0,,0,0,0,0
1617095060358,6,1010123456023,77,,1,2,17,1,0,,0,0,0,0,0,0,13,,0,0,0,0,0,0,0,0,0,,0,0,,0,0,0,0
1617095060609,6,1010123456023,77,,1,2,17,1,0,,0,0,0,0,0,0,6,,0,0,0,0,0,0,0,0,0,,0,0,,0,0,0,0
1617095060859,6,1010123456023,77,,1,2,17,1,0,,0,0,0,0,0,0,8,,0,0,0,0,0,0,0,0,0,,0,0,,0,0,0,0
1617095061109,6,1010123456023,77,,1,2,17,1,0,,0,0,0,0,0,0,0.1,,0,0,0,0,0,0,0,0,0,,0,0,,0,0,0,0
1617095061359,6,1010123456023,77,,1,2,17,1,0,,0,0,0,0,0,0,12,,0,0,0,0,0,0,0,0,0,,0,0,,0,0,0,0
1617095061609,6,1010123456023,77,,1,2,17,1,0,,0,0,0,0,0,0,10,,0,0,0,0,0,0,0,0,0,,0,0,,0,0,0,0
1617095061859,6,1010123456023,77,,1,2,17,1,0,,0,0,0,0,0,0,8,,0,0,0,0,0,0,0,0,0,,0,0,,0,0,0,0
1617095062109,6,1010123456023,77,,1,2,17,1,0,,0,0,0,0,0,0,14,,0,0,0,0,0,0,0,0,0,,0,0,,0,0,0,0
1617095062359,6,1010123456023,77,,1,2,17,1,0,,0,0,0,0,0,0,13.5,,0,0,0,0,0,0,0,0,0,,0,0,,0,0,0,0
1617095062609,6,1010123456023,77,,1,2,17,1,0,,0,0,0,0,0,0,12,,0,0,0,0,0,0,0,0,0,,0,0,,0,0,0,0
1617095062859,6,1010123456023,77,,1,2,17,1,0,,0,0,0,0,0,0,12,,0,0,0,0,0,0,0,0,0,,0,0,,0,0,0,0
1617095063109,6,1010123456023,77,,1,2,17,1,0,,0,0,0,0,0,0,6.66667,,0,0,0,0,0,0,0,0,0,,0,0,,0,0,0,0
1617095063359,6,1010123456023,77,,1,2,17,1,0,,0,0,0,0,0,0,14,,0,0,0,0,0,0,0,0,0,,0,0,,0,0,0,0
1617095063609,6,1010123456023,77,,1,2,17,1,0,,0,0,0,0,0,0,1,,0,0,0,0,0,0,0,0,0,,0,0,,0,0,0,0
1617095063859,6,1010123456023,77,,1,2,17,1,0,,0,0,0,0,0,0,7.5,,0,0,0,0,0,0,0,0,0,,0,0,,0,0,0,0
1617095064109,6,1010123456023,77,,1,2,17,1,0,,0,0,0,0,0,0,14,,0,0,0,0,0,0,0,0,0,,0,0,,0,0,0,0
1617095064359,6,1010123456023,77,,1,2,17,1,0,,0,0,0,0,0,0,14,,0,0,0,0,0,0,0,0,0,,0,0,,0,0,0,0
1617095064609,6,1010123456023,77,,1,2,17,1,0,,0,0,0,0,0,0,14,,0,0,0,0,0,0,0,0,0,,0,0,,0,0,0,0
1617095064859,6,1010123456023,77,,1,2,17,1,0,,0,0,0,0,0,0,6,,0,0,0,0,0,0,0,0,0,,0,0,,0,0,0,0
1617095065109,6,1010123456023,77,,1,2,17,1,0,,0,0,0,0,0,0,12,,0,0,0,0,0,0,0,0,0,,0,0,,0,0,0,0
1617095065359,6,1010123456023,77,,1,2,17,1,0,,0,0,0,0,0,0,14,,0,0,0,0,0,0,0,0,0,,0,0,,0,0,0,0
1617095065609,6,1010123456023,77,,1,2,17,1,0,,0,0,0,0,0,0,0.1,,0,0,0,0,0,0,0,0,0,,0,0,,0,0,0,0
1617095065859,6,1010123456023,77,,1,2,17,1,0,,0,0,0,0,0,0,0.1,,0,0,0,0,0,0,0,0,0,,0,0,,0,0,0,0
1617095066109,6,1010123456023,77,,1,2,17,1,0,,0,0,0,0,0,0,14,,0,0,0,0,0,0,0,0,0,,0,0,,0,0,0,0
1617095066359,6,1010123456023,77,,1,2,17,1,0,,0,0,0,0,0,0,3,,0,0,0,0,0,0,0,0,0,,0,0,,0,0,0,0
1617095066609,6,1010123456023,77,,1,2,17,1,0,,0,0,0,0,0,0,5.66667,,0,0,0,0,0,0,0,0,0,,0,0,,0,0,0,0
1617095066859,6,1010123456023,77,,1,2,17,1,0,,0,0,0,0,0,0,0.1,,0,0,0,0,0,0,0,0,0,,0,0,,0,0,0,0
1617095067109,6,1010123456023,77,,1,2,17,1,0,,0,0,0,0,0,0,0.1,,0,0,0,0,0,0,0,0,0,,0,0,,0,0,0,0
1617095067359,6,1010123456023,77,,1,2,17,1,0,,0,0,0,0,0,0,0.1,,0,0,0,0,0,0,0,0,0,,0,0,,0,0,0,0
1617095067609,6,1010123456023,77,,1,2,17,1,0,,0,0,0,0,0,0,0.1,,0,0,0,0,0,0,0,0,0,,0,0,,0,0,0,0
1617095067859,6,1010123456023,77,,1,2,17,1,0,,0,0,0,0,0,0,0.1,,0,0,0,0,0,0,0,0,0,,0,0,,0,0,0,0
1617095068109,6,1010123456023,77,,1,2,17,1,0,,0,0,0,0,0,0,0.1,,0,0,0,0,0,0,0,0,0,,0,0,,0,0,0,0
1617095068359,6,1010123456023,77,,1,2,17,1,0,,0,0,0,0,0,0,0.1,,0,0,0,0,0,0,0,0,0,,0,0,,0,0,0,0
1617095068609,6,1010123456023,77,,1,2,17,1,0,,0,0,0,0,0,0,0.1,,0,0,0,0,0,0,0,0,0,,0,0,,0,0,0,0
1617095068859,6,1010123456023,77,,1,2,17,1,0,,0,0,0,0,0,0,0.1,,0,0,0,0,0,0,0,0,0,,0,0,,0,0,0,0
1617095069109,6,1010123456023,77,,1,2,17,1,0,,0,0,0,0,0,0,0.1,,0,0,0,0,0,0,0,0,0,,0,0,,0,0,0,0
1617095069359,6,1010123456023,77,,1,2,17,1,0,,0,0,0,0,0,0,0.1,,0,0,0,0,0,0,0,0,0,,0,0,,0,0,0,0
1617095069609,6,1010123456023,77,,1,2,17,1,0,,0,0,0,0,0,0,0.1,,0,0,0,0,0,0,0,0,0,,0,0,,0,0,0,0
1617095069859,6,1010123456023,77,,1,2,17,1,0,,0,0,0,0,0,0,0.1,,0,0,0,0,0,0,0,0,0,,0,0,,0,0,0,0
1617095070109,6,1010123456023,77,,1,2,17,1,0,,0,0,0,0,0,0,0.1,,0,0,0,0,0,0,0,0,0,,0,0,,0,0,0,0
1617095070359,6,1010123456023,77,,1,2,17,1,0,,0,0,0,0,0,0,0.1,,0,0,0,0,0,0,0,0,0,,0,0,,0,0,0,0
