Timestamp,num_ues,IMSI,RNTI,,slicing_enabled,slice_id,slice_prb,power_multiplier,scheduling_policy,,dl_mcs,dl_n_samples,dl_buffer [bytes],tx_brate downlink [Mbps],tx_pkts downlink,tx_errors downlink (%),dl_cqi,,ul_mcs,ul_n_samples,ul_buffer [bytes],rx_brate uplink [Mbps],rx_pkts uplink,rx_errors uplink (%),ul_rssi,ul_sinr,phr,,sum_requested_prbs,sum_granted_prbs,,dl_pmi,dl_ri,ul_n,ul_turbo_iters
1612452515096,5,1010123456019,76,,1,2,5,1,1,,2.73333,30,0,0.007552,9,0,6.28571,,9.72581,62,0,0.1,18,61.1111,0,16.5229,31,,5,37,,0,0,0,6.46774
1612452515346,5,1010123456019,76,,1,2,5,1,1,,5.6092,87,81,0.033952,23,0,6,,14.1951,41,0,0.1,11,72.7273,0,13.3934,31,,0,107,,0,0,0,7.73171
1612452515596,5,1010123456019,76,,1,2,5,1,1,,6.30844,308,41,0.128128,89,0,6.16667,,4.9,60,0,0.1,18,44.4444,0,5.19311,31,,231,281,,0,0,0,4.7
1612452515846,5,1010123456019,76,,1,2,5,1,1,,12.6027,146,0,0.108352,42,0,7.83333,,0.1,4,0,0.1,1,0,0,28.419,31,,120,120,,0,0,0,1
1612452516096,5,1010123456019,76,,1,2,5,1,1,,9.87879,264,0,0.125984,70,0,7,,0,0,0,0,0,0,0,0,0,,225,225,,0,0,0,0
1612452516346,5,1010123456019,76,,1,2,5,1,1,,10.4333,60,0,0.053632,20,0,7,,13.2857,7,0,0.1,2,50,0,14.8003,31,,51,51,,0,0,0,6.14286
1612452516596,5,1010123456019,76,,1,2,5,1,1,,8.46108,334,498,0.173184,96,0,6,,14.25,16,0,0.1,4,50,0,16.8648,31,,288,288,,0,0,0,5.5
1612452516846,5,1010123456019,76,,1,2,5,1,1,,11.0673,223,69,0.142784,66,0,7.33333,,0,0,0,0,0,0,0,0,0,,195,195,,0,0,0,0
1612452517096,5,1010123456019,76,,1,2,5,1,1,,9.98282,291,841,0.156224,80,0,6.57143,,0,0,0,0,0,0,0,0,0,,249,249,,0,0,0,0
1612452517346,5,1010123456019,76,,1,2,5,1,1,,12.3744,219,0,0.165056,64,0,8.66667,,0,6,0,0,2,100,0,0,0,,186,186,,0,0,0,0
1612452517596,5,1010123456019,76,,1,2,5,1,1,,8.53061,294,0,0.157632,85,0,6,,0,6,0,0,2,100,0,0,0,,255,255,,0,0,0,0
1612452517846,5,1010123456019,76,,1,2,5,1,1,,9.30488,246,158,0.130112,71,0,6.83333,,0,0,0,0,0,0,0,0,0,,207,207,,0,0,0,0
1612452518096,5,1010123456019,76,,1,2,5,1,1,,11.2796,211,158,0.138624,60,0,7.6,,0,0,0,0,0,0,0,0,0,,180,180,,0,0,0,0
1612452518346,6,1010123456019,76,,1,2,5,1,1,,12.2278,180,198,0.11456,48,0,7.4,,4.8,10,0,0.1,3,33.3333,0,9.21814,31,,150,150,,0,0,0,4.6
1612452518596,6,1010123456019,76,,1,2,5,1,1,,12.1349,126,0,0.0976,35,0,9.33333,,9.6,35,0,0.1,9,77.7778,0,7.39921,0,,108,108,,0,0,0,8.2
1612452518846,6,1010123456019,76,,1,2,5,1,1,,12.8831,154,198,0.122432,47,0,8,,0,0,0,0,0,0,0,0,0,,135,135,,0,0,0,0
1612452519096,6,1010123456019,76,,1,2,5,1,1,,10.0987,152,622,0.096864,44,0,6,,0,0,0,0,0,0,0,0,0,,132,132,,0,0,0,0
1612452519346,6,1010123456019,76,,1,2,5,1,1,,9.79167,240,0,0.13456,70,0,7.5,,0.1,10,0,0.1,3,33.3333,0,0.851001,31,,207,207,,0,0,0,6.1
1612452519596,6,1010123456019,76,,1,2,5,1,1,,12.9828,174,89,0.137696,50,0,8.8,,0.1,4,0,0.1,1,0,0,1.88633,0,,153,153,,0,0,0,5
1612452519846,6,1010123456019,76,,1,2,5,1,1,,11.1421,197,198,0.122816,55,0,8,,0,0,0,0,0,0,0,0,0,,165,165,,0,0,0,0
1612452520096,6,1010123456019,76,,1,2,5,1,1,,10.2381,168,222,0.103872,45,0,6.71429,,0.1,4,0,0.1,1,0,0,1.17488,31,,144,144,,0,0,0,2
1612452520346,6,1010123456019,76,,1,2,5,1,1,,6.50201,249,0,0.097824,75,0,7.83333,,0.1,10,0,0.1,3,33.3333,0,1.33686,31,,216,216,,0,0,0,6.1
1612452520596,6,1010123456019,76,,1,2,5,1,1,,7.95755,212,0,0.11376,62,0,7.8,,4.95238,42,0,0.1,11,63.6364,0,2.84527,31,,186,186,,0,0,0,7.19048
1612452520846,6,1010123456019,76,,1,2,5,1,1,,5.85614,285,1097,0.1032,79,0,5.4,,0.1,4,0,0.1,1,0,0,1.24337,31,,243,243,,0,0,0,1
1612452521096,6,1010123456019,76,,1,2,5,1,1,,7.49704,338,205,0.150656,97,0,6.42857,,0,3,0,0.1,1,0,0,0,31,,291,291,,0,0,0,0
1612452521346,6,1010123456019,76,,1,2,5,1,1,,13.2207,222,0,0.178048,66,0,8,,0.1,13,0,0.1,4,50,0,0.77375,31,,192,192,,0,0,0,5.84615
1612452521596,6,1010123456019,76,,1,2,5,1,1,,10.8824,187,0,0.109632,50,0,7.2,,5.07317,41,0,0.1,11,63.6364,0,3.04482,0,,159,159,,0,0,0,7.43902
1612452521846,6,1010123456019,76,,1,2,5,1,1,,6.09825,285,0,0.116832,85,0,6.16667,,0,0,0,0,0,0,0,0,0,,246,246,,0,0,0,0
1612452522096,6,1010123456019,76,,1,2,5,1,1,,14.609,133,0,0.116,38,0,7.85714,,0,0,0,0,0,0,0,0,0,,114,114,,0,0,0,0
1612452522346,6,1010123456019,76,,1,2,5,1,1,,4.17251,342,158,0.093696,99,0,7.6,,0,6,0,0,2,100,0,0,0,,297,297,,0,0,0,0
1612452522596,6,1010123456019,76,,1,2,5,1,1,,7.03175,126,0,0.055264,37,0,6.66667,,1.16129,62,0,0.1,19,73.6842,0,3.40605,31,,111,111,,0,0,0,7.77419
1612452522846,6,1010123456019,76,,1,2,5,1,1,,11.0722,180,0,0.112224,52,0,7.33333,,0,0,0,0,0,0,0,0,0,,156,156,,0,0,0,0
1612452523096,6,1010123456019,76,,1,2,5,1,1,,6.17117,222,0,0.089312,64,0,6.28571,,0,0,0,0,0,0,0,0,0,,192,192,,0,0,0,0
1612452523346,6,1010123456019,76,,1,2,5,1,1,,11.768,181,58,0.121248,50,0,7.66667,,0.1,11,0,0.1,3,33.3333,0,0.828398,31,,159,159,,0,0,0,5.27273
1612452523596,6,1010123456019,76,,1,2,5,1,1,,11.4647,170,0,0.109504,48,0,7.83333,,4.33333,36,0,0.1,11,63.6364,0,3.61964,31,,141,141,,0,0,0,7
1612452523846,6,1010123456019,76,,1,2,5,1,1,,7.79182,269,206,0.122368,76,0,6,,0,0,0,0,0,0,0,0,0,,231,231,,0,0,0,0
1612452524096,6,1010123456019,76,,1,2,5,1,1,,10.9184,245,0,0.153536,72,0,7.85714,,0,6,0,0.1,2,50,0,0,31,,210,210,,0,0,0,0
1612452524346,6,1010123456019,76,,1,2,5,1,1,,9.98824,170,0,0.100128,48,0,7.16667,,0.1,13,0,0.1,4,50,0,1.14476,31,,144,144,,0,0,0,6.30769
1612452524596,6,1010123456019,76,,1,2,5,1,1,,12.3675,234,89,0.173472,66,0,6.4,,4.72727,44,0,0.1,12,66.6667,0,2.88317,0,,204,204,,0,0,0,7.56818
1612452524846,6,1010123456019,76,,1,2,5,1,1,,14.4792,144,0,0.129728,42,0,9,,0.1,4,0,0.1,1,0,0,0.685293,31,,120,120,,0,0,0,5
1612452525096,6,1010123456019,76,,1,2,5,1,1,,9.58586,198,0,0.128736,58,0,8.14286,,0,0,0,0,0,0,0,0,0,,171,171,,0,0,0,0
1612452525346,6,1010123456019,76,,1,2,5,1,1,,6.20886,316,0,0.117728,92,0,6.16667,,0.1,13,0,0.1,4,25,0,1.03053,31,,276,276,,0,0,0,4.92308
1612452525596,6,1010123456019,76,,1,2,5,1,1,,5.7913,345,0,0.123168,97,0,5.16667,,4.95238,42,0,0.1,11,63.6364,0,2.99815,31,,300,300,,0,0,0,7.28571
1612452525846,6,1010123456019,76,,1,2,5,1,1,,10.7987,159,0,0.092992,44,0,6.83333,,0,0,0,0,0,0,0,0,0,,132,132,,0,0,0,0
1612452526096,6,1010123456019,76,,1,2,5,1,1,,11.3224,183,528,0.119424,52,0,7.5,,0,0,0,0,0,0,0,0,0,,159,159,,0,0,0,0
1612452526346,6,1010123456019,76,,1,2,5,1,1,,7.31781,365,158,0.156608,107,0,6,,0.1,10,0,0.1,3,33.3333,0,0.933928,31,,312,312,,0,0,0,5.5
1612452526596,6,1010123456019,76,,1,2,5,1,1,,8.60938,192,146,0.091968,52,0,6.83333,,0.1,4,0,0.1,1,0,0,1.2791,0,,171,171,,0,0,0,6
1612452526846,6,1010123456019,76,,1,2,5,1,1,,9.90909,132,0,0.081376,41,0,6.8,,0,0,0,0,0,0,0,0,0,,108,108,,0,0,0,0
1612452527096,6,1010123456019,76,,1,2,5,1,1,,5.92736,413,0,0.13568,116,0,5.71429,,0.1,4,0,0.1,1,0,0,0.434155,31,,354,354,,0,0,0,4
1612452527346,6,1010123456019,76,,1,2,5,1,1,,11.6364,143,0,0.101792,43,0,7.33333,,0.1,10,0,0.1,3,33.3333,0,1.43075,31,,123,123,,0,0,0,7
1612452527596,6,1010123456019,76,,1,2,5,1,1,,9.64336,143,0,0.080704,41,0,7.66667,,0.1,24,0,0,6,100,0,0.631929,0,,123,123,,0,0,0,10
1612452527846,6,1010123456019,76,,1,2,5,1,1,,10.5385,169,0,0.101408,48,0,8.5,,0.1,4,0,0,1,100,0,1.59686,0,,144,144,,0,0,0,10
1612452528096,6,1010123456019,76,,1,2,5,1,1,,11.8,150,152,0.11184,43,0,6.14286,,0,0,0,0,0,0,0,0,0,,135,135,,0,0,0,0
1612452528346,6,1010123456019,76,,1,2,5,1,1,,8.79401,267,0,0.130656,74,0,8.5,,0.1,10,0,0.1,3,66.6667,0,0.770469,31,,222,222,,0,0,0,6.4
1612452528596,6,1010123456019,76,,1,2,5,1,1,,11.9528,127,0,0.096032,36,0,7.8,,0.1,25,0,0.1,7,57.1429,0,4.95159,31,,108,108,,0,0,0,7.24
1612452528846,6,1010123456019,76,,1,2,5,1,1,,7.21262,301,0,0.147232,89,0,6.5,,0.1,4,0,0.1,1,0,0,1.41976,31,,261,261,,0,0,0,2
1612452529096,6,1010123456019,76,,1,2,5,1,1,,4.19636,275,1272,0.06896,78,0,6.2,,0,0,0,0,0,0,0,0,0,,240,240,,0,0,0,0
1612452529346,6,1010123456019,76,,1,2,5,1,1,,12.958,143,0,0.10752,40,0,7.75,,0.1,10,0,0.1,3,66.6667,0,1.29377,31,,120,120,,0,0,0,7.3
1612452529596,6,1010123456019,76,,1,2,5,1,1,,5.91057,246,0,0.095872,72,0,6.83333,,5.07317,41,0,0.1,11,63.6364,0,2.47154,0,,210,210,,0,0,0,7.7561
1612452529846,6,1010123456019,76,,1,2,5,1,1,,10.8264,242,0,0.14464,68,0,6.83333,,0,0,0,0,0,0,0,0,0,,207,207,,0,0,0,0
1612452530096,6,1010123456019,76,,1,2,5,1,1,,8.10417,240,0,0.115776,69,0,6.71429,,0,0,0,0,0,0,0,0,0,,204,204,,0,0,0,0
1612452530346,6,1010123456019,76,,1,2,5,1,1,,8.55556,270,0,0.135648,77,0,7,,0.1,10,0,0.1,3,33.3333,0,0.782273,31,,231,231,,0,0,0,6.1
1612452530596,6,1010123456019,76,,1,2,5,1,1,,12.4866,187,0,0.134272,51,0,8,,0.1,12,0,0,3,100,0,0.982005,0,,159,159,,0,0,0,10
1612452530846,6,1010123456019,76,,1,2,5,1,1,,11.163,184,58,0.115072,53,0,7.16667,,0,0,0,0,0,0,0,0,0,,159,159,,0,0,0,0
1612452531096,6,1010123456019,76,,1,2,5,1,1,,10.3546,141,0,0.087872,42,0,6.57143,,0,0,0,0,0,0,0,0,0,,120,120,,0,0,0,0
1612452531346,6,1010123456019,76,,1,2,5,1,1,,9.08995,189,187,0.097376,54,0,8,,0.1,11,0,0.1,3,66.6667,0,0.615498,31,,165,165,,0,0,0,6.72727
1612452531596,6,1010123456019,76,,1,2,5,1,1,,11.7291,203,158,0.143616,60,0,7.75,,4.33333,36,0,0.1,11,63.6364,0,3.91559,0,,177,177,,0,0,0,7.27778
1612452531846,6,1010123456019,76,,1,2,5,1,1,,8.73295,176,0,0.082496,49,0,6.83333,,0,0,0,0,0,0,0,0,0,,156,156,,0,0,0,0
1612452532096,6,1010123456019,76,,1,2,5,1,1,,3.67331,251,92,0.070688,68,0,5.2,,0,0,0,0,0,0,0,0,0,,219,219,,0,0,0,0
1612452532346,6,1010123456019,76,,1,2,5,1,1,,6.892,250,0,0.114848,79,0,7.83333,,0.1,10,0,0.1,3,66.6667,0,1.19664,31,,213,213,,0,0,0,7.3
1612452532596,6,1010123456019,76,,1,2,5,1,1,,11.8423,222,0,0.144704,61,0,7.6,,0.1,17,0,0.1,5,60,0,1.42637,31,,189,189,,0,0,0,7.88235
1612452532846,6,1010123456019,76,,1,2,5,1,1,,6.30556,324,0,0.135296,92,0,6.2,,0,3,0,0.1,1,0,0,0,31,,279,279,,0,0,0,0
1612452533096,6,1010123456019,76,,1,2,5,1,1,,11.2586,174,116,0.119104,48,0,7,,0,0,0,0,0,0,0,0,0,,153,153,,0,0,0,0
1612452533346,6,1010123456019,76,,1,2,5,1,1,,5.86784,227,451,0.071552,65,0,6.6,,0.1,10,0,0.1,3,66.6667,0,1.024,31,,192,192,,0,0,0,7.3
1612452533596,6,1010123456019,76,,1,2,5,1,1,,10.5135,259,0,0.1736,79,0,8.5,,0.1,14,0,0.1,4,50,0,1.48267,0,,222,222,,0,0,0,6.57143
1612452533846,6,1010123456019,76,,1,2,5,1,1,,13.092,163,158,0.117216,45,0,8.83333,,0.1,4,0,0.1,1,0,0,2.04604,31,,141,141,,0,0,0,1
1612452534096,6,1010123456019,76,,1,2,5,1,1,,9.31579,171,0,0.0976,50,0,7.14286,,0,3,0,0.1,1,0,0,0,31,,150,150,,0,0,0,0
1612452534346,6,1010123456019,76,,1,2,5,1,1,,12.6522,207,0,0.159616,60,0,6.83333,,0.1,13,0,0.1,4,50,0,0.557572,31,,174,174,,0,0,0,5.76923
1612452534596,6,1010123456019,76,,1,2,5,1,1,,6.8,310,0,0.129152,87,0,6.66667,,0,6,0,0,2,100,0,0,0,,267,267,,0,0,0,0
1612452534846,6,1010123456019,76,,1,2,5,1,1,,6.53757,346,399,0.121472,99,0,5.25,,0.1,10,0,0.1,3,33.3333,0,1.44098,31,,300,300,,0,0,0,5.1
1612452535096,6,1010123456019,76,,1,2,5,1,1,,10.933,224,20,0.131296,62,0,7.14286,,0,0,0,0,0,0,0,0,0,,189,189,,0,0,0,0
1612452535346,6,1010123456019,76,,1,2,5,1,1,,10.5787,216,0,0.136608,65,0,6.5,,0.1,10,0,0.1,3,33.3333,0,1.19688,31,,189,189,,0,0,0,5.8
1612452535596,6,1010123456019,76,,1,2,5,1,1,,10.255,200,0,0.118272,56,0,7.16667,,0.1,7,0,0.1,2,0,0,0.807738,0,,168,168,,0,0,0,3.28571
1612452535846,6,1010123456019,76,,1,2,5,1,1,,8.40132,304,158,0.146976,87,0,5.83333,,0,3,0,0.1,1,0,0,0,31,,255,255,,0,0,0,0
1612452536096,6,1010123456019,76,,1,2,5,1,1,,12.2245,196,54,0.134944,54,0,7.5,,15,16,0,0,4,100,0,1.57801,0,,171,171,,0,0,0,10
1612452536346,6,1010123456019,76,,1,2,5,1,1,,4.46199,342,929,0.096928,96,0,3.33333,,0.1,4,0,0.1,1,0,0,2.11429,31,,288,288,,0,0,0,2
1612452536596,6,1010123456019,76,,1,2,5,1,1,,11.2563,238,39,0.156544,70,0,7.5,,3.62791,43,0,0.1,13,61.5385,0,3.89798,31,,204,204,,0,0,0,6.30233
1612452536846,6,1010123456019,76,,1,2,5,1,1,,10.0407,246,0,0.149184,72,0,6.6,,0,0,0,0,0,0,0,0,0,,213,213,,0,0,0,0
1612452537096,6,1010123456019,76,,1,2,5,1,1,,13.2143,182,315,0.145824,51,0,8.66667,,0,9,0,0.1,3,0,0,0,31,,156,156,,0,0,0,0
1612452537346,6,1010123456019,76,,1,2,5,1,1,,8.95142,247,177,0.126912,69,0,6.16667,,0.1,15,0,0.1,4,25,0,1.64001,31,,210,210,,0,0,0,3.33333
1612452537596,6,1010123456019,76,,1,2,5,1,1,,10.9244,238,275,0.14704,68,0,7.33333,,4.875,32,0,0.1,10,70,0,5.18479,31,,204,204,,0,0,0,6.90625
1612452537846,6,1010123456019,76,,1,2,5,1,1,,10.1333,225,0,0.132288,65,0,7.5,,0.1,4,0,0.1,1,0,0,1.45643,31,,189,189,,0,0,0,2
1612452538096,6,1010123456019,76,,1,2,5,1,1,,5.41667,360,20,0.129344,102,0,6.66667,,0,0,0,0,0,0,0,0,0,,312,312,,0,0,0,0
1612452538346,6,1010123456019,76,,1,2,5,1,1,,9.25568,176,0,0.097376,52,0,7,,0.1,14,0,0.1,4,50,0,0.854668,31,,150,150,,0,0,0,6
1612452538596,6,1010123456019,76,,1,2,5,1,1,,5.98479,263,0,0.089984,72,0,6.33333,,0.1,13,0,0.1,4,75,0,1.36414,0,,222,222,,0,0,0,8.38461
1612452538846,6,1010123456019,76,,1,2,5,1,1,,11.5956,136,84,0.096576,39,0,8.16667,,0,0,0,0,0,0,0,0,0,,117,117,,0,0,0,0
1612452539096,6,1010123456019,76,,1,2,5,1,1,,7.30345,290,158,0.127456,83,0,5.5,,0,0,0,0,0,0,0,0,0,,243,243,,0,0,0,0
1612452539346,6,1010123456019,76,,1,2,5,1,1,,5.2521,357,420,0.10944,96,0,5.4,,0,6,0,0,2,100,0,0,0,,303,303,,0,0,0,0
1612452539596,6,1010123456019,76,,1,2,5,1,1,,7.54248,306,158,0.152448,95,0,6.8,,0,6,0,0,2,100,0,0,0,,270,270,,0,0,0,0
1612452539846,6,1010123456019,76,,1,2,5,1,1,,10.6774,155,244,0.086336,41,0,7.16667,,0.1,7,0,0.1,2,0,0,1.9747,31,,132,132,,0,0,0,1.57143
1612452540096,6,1010123456019,76,,1,2,5,1,1,,11.1034,116,390,0.081664,34,0,6.85714,,0,0,0,0,0,0,0,0,0,,102,102,,0,0,0,0
1612452540346,6,1010123456019,76,,1,2,5,1,1,,6.15728,426,0,0.152896,124,0,7.8,,0.1,25,0,0.1,8,62.5,0,1.02251,31,,366,366,,0,0,0,7.48
1612452540596,6,1010123456019,76,,1,2,5,1,1,,10.5377,292,0,0.184224,86,0,6.2,,0,12,0,0.1,4,75,0,0,31,,255,255,,0,0,0,0
1612452540846,6,1010123456019,76,,1,2,5,1,1,,9.50704,213,371,0.1128,57,0,7.16667,,0,0,0,0,0,0,0,0,0,,183,183,,0,0,0,0
1612452541096,6,1010123456019,76,,1,2,5,1,1,,4.77103,428,0,0.137792,124,0,5,,15,16,0,0,4,100,0,1.39988,0,,369,369,,0,0,0,10
1612452541346,6,1010123456019,76,,1,2,5,1,1,,7.78927,261,20,0.125824,77,0,6.16667,,0.1,14,0,0.1,4,50,0,0.647981,31,,228,228,,0,0,0,6.5
1612452541596,6,1010123456019,76,,1,2,5,1,1,,7.33228,316,258,0.133024,85,0,5.5,,4.10526,38,0,0.1,11,63.6364,0,4.02065,0,,273,273,,0,0,0,7.31579
1612452541846,6,1010123456019,76,,1,2,5,1,1,,7.13812,362,61,0.145472,105,0,5.66667,,0,3,0,0.1,1,0,0,0,31,,318,318,,0,0,0,0
1612452542096,6,1010123456019,76,,1,2,5,1,1,,9.16216,148,0,0.090112,50,0,7.85714,,0,0,0,0,0,0,0,0,0,,126,126,,0,0,0,0
1612452542346,6,1010123456019,76,,1,2,5,1,1,,4.24221,289,9,0.078688,75,0,5.16667,,0,3,0,0.1,1,0,0,0,31,,249,249,,0,0,0,0
1612452542596,6,1010123456019,76,,1,2,5,1,1,,10.1442,215,158,0.131104,68,0,7.16667,,0.1,10,0,0.1,3,0,0,2.33891,31,,180,180,,0,0,0,2.5
1612452542846,6,1010123456019,76,,1,2,5,1,1,,4.61137,422,375,0.126944,118,0,5.16667,,0,0,0,0,0,0,0,0,0,,366,366,,0,0,0,0
1612452543096,6,1010123456019,76,,1,2,5,1,1,,8.92704,233,0,0.111584,66,0,8,,0,12,0,0,4,100,0,0,0,,201,201,,0,0,0,0
1612452543346,6,1010123456019,76,,1,2,5,1,1,,11.3586,145,146,0.098272,43,0,7,,0.1,10,0,0.1,3,66.6667,0,1.48457,31,,123,123,,0,0,0,7.3
1612452543596,6,1010123456019,76,,1,2,5,1,1,,11.8742,151,315,0.102528,43,0,8,,5.07317,41,0,0.1,11,63.6364,0,3.11416,0,,126,126,,0,0,0,7.56098
1612452543846,6,1010123456019,76,,1,2,5,1,1,,6.04416,317,402,0.12848,86,0,5.83333,,0,0,0,0,0,0,0,0,0,,276,276,,0,0,0,0
1612452544096,6,1010123456019,76,,1,2,5,1,1,,7.89636,357,0,0.157664,106,0,7.16667,,0,3,0,0.1,1,0,0,0,31,,300,300,,0,0,0,0
1612452544346,6,1010123456019,76,,1,2,5,1,1,,10.7326,187,0,0.118752,53,0,7.33333,,0,6,0,0,2,100,0,0,0,,162,162,,0,0,0,0
1612452544596,6,1010123456019,76,,1,2,5,1,1,,12.1163,129,215,0.094464,37,0,8.33333,,0,6,0,0,2,100,0,0,0,,114,114,,0,0,0,0
1612452544846,6,1010123456019,76,,1,2,5,1,1,,10.6904,197,0,0.120736,57,0,7.16667,,0.1,14,0,0.1,4,25,0,1.79229,31,,165,165,,0,0,0,3.78571
1612452545096,6,1010123456019,76,,1,2,5,1,1,,2.18426,597,866,0.106656,169,0,2.83333,,0,0,0,0,0,0,0,0,0,,522,522,,0,0,0,0
1612452545346,6,1010123456019,76,,1,2,5,1,1,,5.56624,468,294,0.165728,130,0,5.5,,0.1,7,0,0,2,100,0,0.307193,0,,399,399,,0,0,0,10
1612452545596,6,1010123456019,76,,1,2,5,1,1,,4.3348,454,0,0.128672,136,0,5.16667,,0,18,0,0,6,100,0,0,0,,390,390,,0,0,0,0
1612452545846,6,1010123456019,76,,1,2,5,1,1,,7.33831,201,0,0.09872,59,0,6.66667,,0,3,0,0.1,1,0,0,0,31,,171,171,,0,0,0,0
1612452546096,6,1010123456019,76,,1,2,5,1,1,,12.1543,175,198,0.122816,50,0,8,,0,0,0,0,0,0,0,0,0,,153,153,,0,0,0,0
1612452546346,6,1010123456019,76,,1,2,5,1,1,,5.11765,289,116,0.096672,82,0,5.66667,,0,0,0,0,0,0,0,0,0,,252,252,,0,0,0,0
1612452546596,6,1010123456019,76,,1,2,5,1,1,,11.7247,178,69,0.123584,52,0,8,,0.1,22,0,0.1,6,66.6667,0,0.953527,31,,150,150,,0,0,0,7.95455
1612452546846,6,1010123456019,76,,1,2,5,1,1,,9.54587,218,315,0.124352,65,0,7.16667,,0,0,0,0,0,0,0,0,0,,192,192,,0,0,0,0
1612452547096,6,1010123456019,76,,1,2,5,1,1,,10.6719,317,0,0.182848,86,0,7.42857,,0,0,0,0,0,0,0,0,0,,276,276,,0,0,0,0
1612452547346,6,1010123456019,76,,1,2,5,1,1,,7.20306,261,0,0.131424,81,0,6.66667,,0.1,10,0,0.1,3,66.6667,0,0.718437,31,,225,225,,0,0,0,7.3
1612452547596,6,1010123456019,76,,1,2,5,1,1,,11.6017,241,0,0.148416,64,0,7.33333,,0.1,18,0,0.1,5,80,0,1.28876,0,,207,207,,0,0,0,8.5
1612452547846,6,1010123456019,76,,1,2,5,1,1,,5.25,352,0,0.125824,104,0,5.5,,0,0,0,0,0,0,0,0,0,,303,303,,0,0,0,0
1612452548096,6,1010123456019,76,,1,2,5,1,1,,13.0338,148,81,0.111424,41,0,8.71429,,0,0,0,0,0,0,0,0,0,,129,129,,0,0,0,0
1612452548346,6,1010123456019,76,,1,2,5,1,1,,5.42149,242,0,0.08624,69,0,5.5,,0,6,0,0,2,100,0,0,0,,207,207,,0,0,0,0
1612452548596,6,1010123456019,76,,1,2,5,1,1,,5.56851,343,270,0.122208,95,0,5,,0.1,25,0,0.1,7,71.4286,0,0.949161,31,,291,291,,0,0,0,8.56
1612452548846,6,1010123456019,76,,1,2,5,1,1,,9.81429,210,350,0.118336,65,0,7.5,,0,0,0,0,0,0,0,0,0,,183,183,,0,0,0,0
1612452549096,6,1010123456019,76,,1,2,5,1,1,,12.1016,246,0,0.176544,72,0,6.85714,,0,0,0,0,0,0,0,0,0,,210,210,,0,0,0,0
1612452549346,6,1010123456019,76,,1,2,5,1,1,,3.37037,270,824,0.056992,70,0,4.33333,,0,0,0,0,0,0,0,0,0,,234,234,,0,0,0,0
1612452549596,6,1010123456019,76,,1,2,5,1,1,,10.172,279,0,0.180384,90,0,7.83333,,0.1,22,0,0.1,6,66.6667,0,1.11605,31,,246,246,,0,0,0,7.68182
1612452549846,6,1010123456019,76,,1,2,5,1,1,,5.32067,421,0,0.130688,117,0,5.4,,0,0,0,0,0,0,0,0,0,,357,357,,0,0,0,0
1612452550096,6,1010123456019,76,,1,2,5,1,1,,10.7358,212,634,0.13856,61,0,6.71429,,0,3,0,0.1,1,0,0,0,31,,186,186,,0,0,0,0
1612452550346,6,1010123456019,76,,1,2,5,1,1,,8.81911,293,0,0.153216,86,0,7.83333,,0.1,11,0,0.1,3,66.6667,0,1.21304,31,,249,249,,0,0,0,7.54545
1612452550596,6,1010123456019,76,,1,2,5,1,1,,11.2386,176,158,0.106464,48,0,6.83333,,0.1,8,0,0,2,100,0,0.100719,0,,153,153,,0,0,0,10
1612452550846,6,1010123456019,76,,1,2,5,1,1,,9.01442,208,0,0.1144,64,0,6.8,,0.1,7,0,0.1,2,0,0,2.31213,31,,183,183,,0,0,0,1.57143
1612452551096,6,1010123456019,76,,1,2,5,1,1,,5.26768,396,470,0.118304,110,0,4.83333,,0,0,0,0,0,0,0,0,0,,339,339,,0,0,0,0
1612452551346,6,1010123456019,76,,1,2,5,1,1,,8.23729,236,0,0.112096,64,0,6.83333,,0.1,8,0,0,2,100,0,0.55062,0,,204,204,,0,0,0,10
1612452551596,6,1010123456019,76,,1,2,5,1,1,,9.23984,246,0,0.13872,76,0,6.16667,,0.1,8,0,0,2,100,0,0.629161,0,,213,213,,0,0,0,10
1612452551846,6,1010123456019,76,,1,2,5,1,1,,10.0364,247,118,0.160064,70,0,8,,0,12,0,0,4,100,0,0,0,,216,216,,0,0,0,0
1612452552096,6,1010123456019,76,,1,2,5,1,1,,5.25116,215,0,0.08016,64,0,5.28571,,0,0,0,0,0,0,0,0,0,,180,180,,0,0,0,0
1612452552346,6,1010123456019,76,,1,2,5,1,1,,11.0467,214,0,0.14368,59,0,9,,0.1,16,0,0.1,5,40,0,1.8525,31,,183,183,,0,0,0,5.125
1612452552596,6,1010123456019,76,,1,2,5,1,1,,10.3571,140,226,0.0872,41,0,7.66667,,4.33333,36,0,0.1,11,63.6364,0,6.41652,0,,120,120,,0,0,0,6.36111
1612452552846,6,1010123456019,76,,1,2,5,1,1,,10.7346,162,158,0.116864,48,0,7.6,,0,0,0,0,0,0,0,0,0,,141,141,,0,0,0,0
1612452553096,6,1010123456019,76,,1,2,5,1,1,,8.10476,315,18,0.147584,86,0,6.85714,,0,0,0,0,0,0,0,0,0,,273,273,,0,0,0,0
1612452553346,6,1010123456019,76,,1,2,5,1,1,,10.5,164,0,0.102016,49,0,7.5,,0,6,0,0,2,100,0,0,0,,141,141,,0,0,0,0
1612452553596,6,1010123456019,76,,1,2,5,1,1,,6.57239,297,433,0.11936,84,0,5.5,,0,6,0,0,2,100,0,0,0,,252,252,,0,0,0,0
1612452553846,6,1010123456019,76,,1,2,5,1,1,,11.5739,176,0,0.125344,53,0,7.83333,,0,0,0,0,0,0,0,0,0,,150,150,,0,0,0,0
1612452554096,6,1010123456019,76,,1,2,5,1,1,,8.98343,181,41,0.087648,51,0,6.8,,0,0,0,0,0,0,0,0,0,,159,159,,0,0,0,0
1612452554346,6,1010123456019,76,,1,2,5,1,1,,11.1718,163,158,0.107328,47,0,7.5,,0.1,10,0,0.1,3,66.6667,0,0.75589,31,,138,138,,0,0,0,7.6
1612452554596,6,1010123456019,76,,1,2,5,1,1,,11.2129,155,510,0.105344,42,0,7.5,,9.10345,87,0,0.1,24,75,0,5.26712,31,,135,135,,0,0,0,8.17241
1612452554846,6,1010123456019,76,,1,2,5,1,1,,6.20548,292,824,0.11008,83,0,5.5,,0,0,0,0,0,0,0,0,0,,249,249,,0,0,0,0
1612452555097,6,1010123456019,76,,1,2,5,1,1,,8.29197,274,89,0.150884,80,0,6.71429,,0.1,8,0,0.1,2,0,0,1.43598,31,,243,243,,0,0,0,2
1612452555346,6,1010123456019,76,,1,2,5,1,1,,9.34322,236,0,0.133419,69,0,6.5,,0.1,10,0,0.1,3,33.3333,0,0.904907,31,,195,195,,0,0,0,4.9
1612452555596,6,1010123456019,76,,1,2,5,1,1,,7.85253,217,0,0.103584,62,0,6,,0.1,7,0,0.1,2,0,0,1.90489,31,,186,186,,0,0,0,3.28571
1612452555846,6,1010123456019,76,,1,2,5,1,1,,8.97191,178,0,0.097536,50,0,6.66667,,0,0,0,0,0,0,0,0,0,,150,150,,0,0,0,0
1612452556096,6,1010123456019,76,,1,2,5,1,1,,10.161,118,0,0.065664,30,0,7.14286,,0,0,0,0,0,0,0,0,0,,102,102,,0,0,0,0
1612452556346,6,1010123456019,76,,1,2,5,1,1,,6.96037,328,453,0.131968,94,0,5.83333,,0,6,0,0,2,100,0,0,0,,288,288,,0,0,0,0
1612452556596,6,1010123456019,76,,1,2,5,1,1,,7.48485,231,294,0.100512,70,0,7.66667,,0.1,50,0,0.1,14,85.7143,0,0.80642,31,,198,198,,0,0,0,9.4
1612452556846,6,1010123456019,76,,1,2,5,1,1,,7.23077,286,399,0.12736,78,0,6,,0,0,0,0,0,0,0,0,0,,249,249,,0,0,0,0
1612452557096,6,1010123456019,76,,1,2,5,1,1,,10.9139,209,375,0.127168,63,0,7.71429,,0,0,0,0,0,0,0,0,0,,177,177,,0,0,0,0
1612452557346,6,1010123456019,76,,1,2,5,1,1,,12.0617,243,0,0.180544,73,0,7.8,,0.1,10,0,0.1,3,33.3333,0,0.935533,31,,213,213,,0,0,0,5.2
1612452557596,6,1010123456019,76,,1,2,5,1,1,,9.26818,220,0,0.113312,60,0,6.16667,,0.1,10,0,0.1,3,0,0,1.80754,0,,189,189,,0,0,0,1.8
1612452557846,6,1010123456019,76,,1,2,5,1,1,,11.1651,109,0,0.067808,31,0,8.5,,0,0,0,0,0,0,0,0,0,,93,93,,0,0,0,0
1612452558096,6,1010123456019,76,,1,2,5,1,1,,9.75497,151,0,0.089568,45,0,6.42857,,0,3,0,0.1,1,0,0,0,31,,126,126,,0,0,0,0
1612452558346,6,1010123456019,76,,1,2,5,1,1,,5.71343,335,215,0.13024,96,0,7.83333,,8.18182,22,0,0.1,7,85.7143,0,0.973854,31,,291,291,,0,0,0,9.18182
1612452558596,6,1010123456019,76,,1,2,5,1,1,,5.87109,256,118,0.09376,73,0,6.33333,,5.07317,41,0,0.1,11,63.6364,0,2.70282,0,,225,225,,0,0,0,7.5122
1612452558846,6,1010123456019,76,,1,2,5,1,1,,12.4056,249,471,0.201376,73,0,8,,0,0,0,0,0,0,0,0,0,,210,210,,0,0,0,0
1612452559096,6,1010123456019,76,,1,2,5,1,1,,6.93518,324,158,0.132832,91,0,6.83333,,0.1,7,0,0.1,2,0,0,1.91001,31,,279,279,,0,0,0,1.57143
1612452559346,6,1010123456019,76,,1,2,5,1,1,,6.57205,229,0,0.099808,69,0,6.33333,,0.1,10,0,0.1,3,33.3333,0,1.4405,31,,201,201,,0,0,0,5.2
1612452559596,6,1010123456019,76,,1,2,5,1,1,,10.848,125,0,0.077344,33,0,7,,5.27027,37,0,0.1,10,70,0,2.96591,0,,111,111,,0,0,0,7.64865
1612452559846,6,1010123456019,76,,1,2,5,1,1,,12.1124,178,0,0.126688,54,0,8,,0,0,0,0,0,0,0,0,0,,156,156,,0,0,0,0
1612452560096,6,1010123456019,76,,1,2,5,1,1,,8.03125,416,0,0.193088,117,0,6.14286,,0,0,0,0,0,0,0,0,0,,354,354,,0,0,0,0
1612452560346,6,1010123456019,76,,1,2,5,1,1,,12.2826,138,0,0.109952,43,0,7.66667,,0.1,10,0,0.1,3,66.6667,0,0.832047,31,,120,120,,0,0,0,7.3
1612452560596,6,1010123456019,76,,1,2,5,1,1,,7.41949,236,589,0.099488,64,0,5.6,,5.62162,37,0,0.1,10,70,0,6.61949,31,,210,210,,0,0,0,7.64865
1612452560846,6,1010123456019,76,,1,2,5,1,1,,11.004,248,0,0.158336,72,0,8,,0,0,0,0,0,0,0,0,0,,210,210,,0,0,0,0
1612452561096,6,1010123456019,76,,1,2,5,1,1,,11.144,125,0,0.086816,38,0,8.57143,,0,0,0,0,0,0,0,0,0,,105,105,,0,0,0,0
1612452561346,6,1010123456019,76,,1,2,5,1,1,,6.38835,206,158,0.082432,58,0,6.5,,13.7143,7,0,0.1,2,50,0,17.8109,31,,177,177,,0,0,0,4.85714
1612452561596,6,1010123456019,76,,1,2,5,1,1,,7.65,240,0,0.12128,71,0,7.2,,10.875,32,0,0.1,9,77.7778,0,4.23139,0,,210,210,,0,0,0,8.125
1612452561846,6,1010123456019,76,,1,2,5,1,1,,5.83401,247,84,0.089568,68,0,5.83333,,0,0,0,0,0,0,0,0,0,,213,213,,0,0,0,0
1612452562096,6,1010123456019,76,,1,2,5,1,1,,11.7256,215,0,0.14448,64,0,7.57143,,0,0,0,0,0,0,0,0,0,,183,183,,0,0,0,0
1612452562346,6,1010123456019,76,,1,2,5,1,1,,9.32973,185,402,0.096576,52,0,7,,0.1,10,0,0.1,3,33.3333,0,1.65181,31,,159,159,,0,0,0,5.2
1612452562596,6,1010123456019,76,,1,2,5,1,1,,8.63208,212,291,0.108128,56,0,5.66667,,0.1,12,0,0,3,100,0,0.811429,0,,183,183,,0,0,0,10
1612452562846,6,1010123456019,76,,1,2,5,1,1,,12.5947,190,265,0.151584,59,0,8.6,,0.1,16,0,0,4,100,0,0.690457,0,,165,165,,0,0,0,10
1612452563096,6,1010123456019,76,,1,2,5,1,1,,6.77574,272,484,0.112096,74,0,4.33333,,0,12,0,0,4,100,0,0,0,,237,237,,0,0,0,0
1612452563346,6,1010123456019,76,,1,2,5,1,1,,7.38235,340,0,0.150624,104,0,7,,0.1,13,0,0.1,4,50,0,1.20584,31,,291,291,,0,0,0,5.84615
1612452563596,6,1010123456019,76,,1,2,5,1,1,,8.52239,268,246,0.136256,78,0,6.5,,5.07317,41,0,0.1,11,63.6364,0,2.84801,0,,240,240,,0,0,0,7.46341
1612452563846,6,1010123456019,76,,1,2,5,1,1,,8.65517,290,340,0.14064,80,0,6.83333,,0,0,0,0,0,0,0,0,0,,243,243,,0,0,0,0
1612452564096,6,1010123456019,76,,1,2,5,1,1,,9.74299,214,421,0.121216,62,0,7,,0,0,0,0,0,0,0,0,0,,186,186,,0,0,0,0
1612452564346,6,1010123456019,76,,1,2,5,1,1,,6.79592,343,475,0.1448,92,0,5.5,,0,6,0,0,2,100,0,0,0,,294,294,,0,0,0,0
1612452564596,6,1010123456019,76,,1,2,5,1,1,,10.5535,327,429,0.20064,100,0,7.66667,,0.1,32,0,0.1,9,55.5556,0,1.26556,31,,282,282,,0,0,0,7.15625
1612452564846,6,1010123456019,76,,1,2,5,1,1,,9.84507,284,0,0.155712,79,0,6.66667,,0,0,0,0,0,0,0,0,0,,243,243,,0,0,0,0
1612452565096,6,1010123456019,76,,1,2,5,1,1,,6.90775,271,163,0.121056,81,0,6.33333,,0,6,0,0.1,2,0,0,0,31,,240,240,,0,0,0,0
1612452565346,6,1010123456019,76,,1,2,5,1,1,,9.34575,188,302,0.09776,54,0,8.33333,,0.1,11,0,0.1,3,0,0,2.57534,31,,159,159,,0,0,0,1.63636
1612452565596,6,1010123456019,76,,1,2,5,1,1,,11.7329,161,108,0.111744,46,0,7.16667,,0,0,0,0,0,0,0,0,0,,144,144,,0,0,0,0
1612452565846,6,1010123456019,76,,1,2,5,1,1,,11.3608,194,0,0.12816,57,0,7.33333,,0,0,0,0,0,0,0,0,0,,162,162,,0,0,0,0
1612452566096,6,1010123456019,76,,1,2,5,1,1,,7.42169,249,0,0.109088,70,0,6.28571,,0,0,0,0,0,0,0,0,0,,213,213,,0,0,0,0
1612452566346,6,1010123456019,76,,1,2,5,1,1,,6.79801,302,0,0.118624,83,0,5.4,,0,6,0,0.1,2,0,0,0,31,,258,258,,0,0,0,0
1612452566596,6,1010123456019,76,,1,2,5,1,1,,11.7791,172,0,0.125984,50,0,8.16667,,8.51613,93,0,0.1,25,72,0,4.92578,31,,147,147,,0,0,0,7.95699
1612452566846,6,1010123456019,76,,1,2,5,1,1,,6.42222,270,0,0.116736,81,0,7.16667,,0,0,0,0,0,0,0,0,0,,234,234,,0,0,0,0
1612452567096,6,1010123456019,76,,1,2,5,1,1,,10.2647,170,0,0.088448,45,0,7.14286,,0,0,0,0,0,0,0,0,0,,144,144,,0,0,0,0
1612452567346,6,1010123456019,76,,1,2,5,1,1,,7.60526,266,0,0.12464,78,0,6.16667,,0.1,13,0,0.1,4,25,0,1.35638,31,,225,225,,0,0,0,4.69231
1612452567596,6,1010123456019,76,,1,2,5,1,1,,10.2039,152,0,0.091584,44,0,7,,5.47368,38,0,0.1,10,70,0,3.22227,31,,132,132,,0,0,0,7.71053
1612452567846,6,1010123456019,76,,1,2,5,1,1,,5.53156,301,427,0.10496,84,0,6.5,,0.1,28,0,0.1,7,85.7143,0,0.751291,31,,261,261,,0,0,0,9
1612452568096,6,1010123456019,76,,1,2,5,1,1,,11.4878,246,0,0.162304,70,0,7.28571,,0,0,0,0,0,0,0,0,0,,210,210,,0,0,0,0
1612452568346,6,1010123456019,76,,1,2,5,1,1,,7.76974,152,0,0.06608,44,0,6.2,,0.1,10,0,0.1,3,66.6667,0,1.12249,31,,132,132,,0,0,0,7.6
1612452568596,6,1010123456019,76,,1,2,5,1,1,,6.75652,230,158,0.104896,69,0,7,,0.1,21,0,0.1,6,83.3333,0,0.647969,0,,198,198,,0,0,0,8.47619
1612452568846,6,1010123456019,76,,1,2,5,1,1,,7.21569,255,0,0.10544,70,0,6.33333,,0,3,0,0.1,1,0,0,0,31,,219,219,,0,0,0,0
1612452569096,6,1010123456019,76,,1,2,5,1,1,,5.29444,180,158,0.072736,54,0,6,,0,3,0,0.1,1,0,0,0,31,,156,156,,0,0,0,0
1612452569346,6,1010123456019,76,,1,2,5,1,1,,10.2228,184,0,0.112416,53,0,7.5,,0.1,10,0,0.1,3,33.3333,0,0.595785,31,,159,159,,0,0,0,8.5
1612452569596,6,1010123456019,76,,1,2,5,1,1,,12.4643,140,48,0.093792,37,0,8.33333,,5.47368,38,0,0.1,10,70,0,5.82315,0,,123,123,,0,0,0,7.63158
1612452569846,6,1010123456019,76,,1,2,5,1,1,,7.44948,287,119,0.139648,80,0,5.83333,,15,16,0,0,4,100,0,0.937508,0,,243,243,,0,0,0,10
1612452570096,6,1010123456019,76,,1,2,5,1,1,,10,146,0,0.080928,45,0,7.14286,,0,0,0,0,0,0,0,0,0,,126,126,,0,0,0,0
1612452570346,6,1010123456019,76,,1,2,5,1,1,,12.1111,162,0,0.11792,48,0,7.66667,,0.1,15,0,0.1,4,25,0,1.64069,31,,138,138,,0,0,0,3.33333
1612452570596,6,1010123456019,76,,1,2,5,1,1,,8.62409,274,0,0.14592,79,0,7,,4.875,32,0,0.1,10,70,0,4.59063,31,,237,237,,0,0,0,6.90625
1612452570846,6,1010123456019,76,,1,2,5,1,1,,9.08282,326,0,0.1688,94,0,7.33333,,0,0,0,0,0,0,0,0,0,,282,282,,0,0,0,0
1612452571096,6,1010123456019,76,,1,2,5,1,1,,12.5584,154,0,0.11152,43,0,8,,0,0,0,0,0,0,0,0,0,,129,129,,0,0,0,0
1612452571346,6,1010123456019,76,,1,2,5,1,1,,11.5417,96,0,0.057408,25,0,7.83333,,0,0,0,0,0,0,0,0,0,,84,84,,0,0,0,0
1612452571596,6,1010123456019,76,,1,2,5,1,1,,13.9635,137,0,0.117824,39,0,8.66667,,0,12,0,0,4,100,0,0,0,,117,117,,0,0,0,0
1612452571846,6,1010123456019,76,,1,2,5,1,1,,6.40239,251,384,0.100928,67,0,5.66667,,0.1,15,0,0.1,4,50,0,1.12715,31,,219,219,,0,0,0,7.93333
1612452572096,6,1010123456019,76,,1,2,5,1,1,,10.4326,215,158,0.138528,65,0,7.85714,,0,0,0,0,0,0,0,0,0,,180,180,,0,0,0,0
1612452572346,6,1010123456019,76,,1,2,5,1,1,,5.07592,382,379,0.109568,104,0,4.2,,0,0,0,0,0,0,0,0,0,,327,327,,0,0,0,0
1612452572596,6,1010123456019,76,,1,2,5,1,1,,11.0077,259,0,0.17584,79,0,6.5,,0.1,22,0,0.1,6,66.6667,0,0.836513,31,,219,219,,0,0,0,8.22727
1612452572846,6,1010123456019,76,,1,2,5,1,1,,6.22713,317,46,0.138464,91,0,6.66667,,0,0,0,0,0,0,0,0,0,,276,276,,0,0,0,0
1612452573096,6,1010123456019,76,,1,2,5,1,1,,11.2857,175,315,0.117664,52,0,7.28571,,0,0,0,0,0,0,0,0,0,,147,147,,0,0,0,0
1612452573346,6,1010123456019,76,,1,2,5,1,1,,8.98425,254,0,0.1312,74,0,7.6,,0,9,0,0.1,3,66.6667,0,0,31,,222,222,,0,0,0,0
1612452573596,6,1010123456019,76,,1,2,5,1,1,,14.4856,208,0,0.184576,60,0,9.66667,,4.47368,76,0,0.1,22,72.7273,0,8.18001,31,,180,180,,0,0,0,7.80263
1612452573846,6,1010123456019,76,,1,2,5,1,1,,5.43978,357,158,0.11568,100,0,5.5,,0.1,4,0,0.1,1,0,0,2.34906,31,,309,309,,0,0,0,1
1612452574096,6,1010123456019,76,,1,2,5,1,1,,9.01485,202,158,0.112416,61,0,7,,0,0,0,0,0,0,0,0,0,,174,174,,0,0,0,0
1612452574346,6,1010123456019,76,,1,2,5,1,1,,3.40706,425,1863,0.097664,120,0,3.4,,0,0,0,0,0,0,0,0,0,,366,366,,0,0,0,0
1612452574597,6,1010123456019,76,,1,2,5,1,1,,8.91337,404,554,0.208128,115,0,5.2,,0.1,38,0,0.1,11,63.6364,0,1.22879,31,,345,345,,0,0,0,7.39474
1612452574846,6,1010123456019,76,,1,2,5,1,1,,7.23577,246,694,0.128193,68,0,5.5,,0,0,0,0,0,0,0,0,0,,213,213,,0,0,0,0
1612452575096,6,1010123456019,76,,1,2,5,1,1,,6.12553,470,0,0.186848,140,0,5,,0.1,4,0,0.1,1,0,0,0.524358,31,,405,405,,0,0,0,3
1612452575346,6,1010123456019,76,,1,2,5,1,1,,4.89369,301,158,0.091424,85,0,5.6,,0.1,11,0,0.1,3,33.3333,0,0.823733,31,,255,255,,0,0,0,6
1612452575596,6,1010123456019,76,,1,2,5,1,1,,10.5787,216,121,0.129728,62,0,7,,0,6,0,0.1,2,50,0,0,0,,189,189,,0,0,0,0
1612452575846,6,1010123456019,76,,1,2,5,1,1,,6.57051,312,1031,0.118816,87,0,5.66667,,0,12,0,0.1,4,75,0,0,31,,267,267,,0,0,0,0
1612452576096,6,1010123456019,76,,1,2,5,1,1,,13.8723,235,0,0.188896,66,0,8.42857,,0,0,0,0,0,0,0,0,0,,195,195,,0,0,0,0
1612452576346,6,1010123456019,76,,1,2,5,1,1,,8.36145,249,0,0.124192,74,0,5.66667,,0.1,11,0,0.1,3,33.3333,0,1.89455,31,,219,219,,0,0,0,4.90909
1612452576596,6,1010123456019,76,,1,2,5,1,1,,9.10152,197,0,0.11456,58,0,7.33333,,12,35,0,0.1,9,77.7778,0,10.2888,0,,171,171,,0,0,0,8.37143
1612452576846,6,1010123456019,76,,1,2,5,1,1,,4.08523,352,0,0.09312,101,0,5.33333,,15,16,0,0,4,100,0,0.588413,0,,303,303,,0,0,0,10
1612452577096,6,1010123456019,76,,1,2,5,1,1,,9.88288,222,0,0.124544,64,0,6.71429,,0.1,4,0,0.1,1,0,0,1.98901,31,,192,192,,0,0,0,2
1612452577346,6,1010123456019,76,,1,2,5,1,1,,10.3382,136,0,0.088928,39,0,7.16667,,0.1,10,0,0.1,3,66.6667,0,0.44709,31,,120,120,,0,0,0,7.6
1612452577596,6,1010123456019,76,,1,2,5,1,1,,10.008,125,0,0.072672,34,0,7.5,,9.54217,83,0,0.1,23,73.913,0,5.44014,31,,111,111,,0,0,0,8.19277
1612452577846,6,1010123456019,76,,1,2,5,1,1,,10.7284,162,20,0.098624,46,0,7.33333,,0,0,0,0,0,0,0,0,0,,141,141,,0,0,0,0
1612452578096,6,1010123456019,76,,1,2,5,1,1,,11.8125,128,0,0.093184,39,0,9,,0,0,0,0,0,0,0,0,0,,105,105,,0,0,0,0
1612452578346,6,1010123456019,76,,1,2,5,1,1,,6.75104,241,0,0.09952,69,0,5,,0.1,15,0,0.1,4,50,0,1.15683,31,,207,207,,0,0,0,5.73333
1612452578596,6,1010123456019,76,,1,2,5,1,1,,8.6087,230,0,0.119552,66,0,6.66667,,8.6087,92,0,0.1,25,76,0,4.85518,31,,198,198,,0,0,0,8.25
1612452578846,6,1010123456019,76,,1,2,5,1,1,,6.85437,206,131,0.093984,56,0,6.16667,,0.1,4,0,0.1,1,0,0,2.6657,31,,177,177,,0,0,0,1
1612452579096,6,1010123456019,76,,1,2,5,1,1,,11.5959,146,0,0.095872,44,0,7.28571,,0,0,0,0,0,0,0,0,0,,123,123,,0,0,0,0
1612452579346,6,1010123456019,76,,1,2,5,1,1,,7.62869,237,279,0.109856,64,0,6.83333,,0.1,11,0,0.1,3,33.3333,0,1.32424,31,,207,207,,0,0,0,4.90909
1612452579596,6,1010123456019,76,,1,2,5,1,1,,9.09709,309,0,0.16512,91,0,7,,0,9,0,0,3,100,0,0,0,,264,264,,0,0,0,0
1612452579846,6,1010123456019,76,,1,2,5,1,1,,11.7819,188,0,0.115456,53,0,8,,0,3,0,0.1,1,0,0,0,31,,165,165,,0,0,0,0
1612452580096,6,1010123456019,76,,1,2,5,1,1,,11.1657,181,144,0.138048,53,0,6.85714,,0,0,0,0,0,0,0,0,0,,153,153,,0,0,0,0
1612452580346,6,1010123456019,76,,1,2,5,1,1,,2.9912,568,0,0.141632,164,0,7.66667,,0.1,43,0,0.1,13,61.5385,0,2.96612,31,,486,486,,0,0,0,6.93023
1612452580596,6,1010123456019,76,,1,2,5,1,1,,10.733,176,0,0.112896,51,0,7.33333,,9.04348,23,0,0.1,6,66.6667,0,2.06535,31,,153,153,,0,0,0,7.26087
1612452580846,6,1010123456019,76,,1,2,5,1,1,,8.76868,281,80,0.134528,79,0,5.4,,0,0,0,0,0,0,0,0,0,,246,246,,0,0,0,0
1612452581096,6,1010123456019,76,,1,2,5,1,1,,5.36875,320,81,0.114272,94,0,5.71429,,0,0,0,0,0,0,0,0,0,,282,282,,0,0,0,0
1612452581346,6,1010123456019,76,,1,2,5,1,1,,13.2739,157,0,0.120512,42,0,8.5,,0.1,10,0,0.1,3,33.3333,0,1.36666,31,,132,132,,0,0,0,5.5
1612452581596,6,1010123456019,76,,1,2,5,1,1,,7.18487,238,0,0.110624,69,0,7.33333,,5.47368,38,0,0.1,10,70,0,2.79441,0,,195,195,,0,0,0,7.97368
1612452581846,6,1010123456019,76,,1,2,5,1,1,,8.10215,186,0,0.087392,53,0,6.16667,,0.1,4,0,0.1,1,0,0,0.489432,31,,159,159,,0,0,0,4
1612452582096,6,1010123456019,76,,1,2,5,1,1,,10.5311,209,41,0.119008,58,0,7.5,,0,0,0,0,0,0,0,0,0,,183,183,,0,0,0,0
1612452582346,6,1010123456019,76,,1,2,5,1,1,,5.51095,274,0,0.102304,80,0,6,,0.1,15,0,0.1,4,25,0,1.61367,31,,237,237,,0,0,0,3.6
1612452582596,6,1010123456019,76,,1,2,5,1,1,,7.37785,307,384,0.1376,87,0,6,,9.97647,85,0,0.1,27,81.4815,0,7.04666,31,,264,264,,0,0,0,8.2
1612452582846,6,1010123456019,76,,1,2,5,1,1,,7.75517,290,0,0.135488,83,0,7,,0,0,0,0,0,0,0,0,0,,252,252,,0,0,0,0
1612452583096,6,1010123456019,76,,1,2,5,1,1,,7.68778,221,0,0.109856,68,0,5.57143,,0,12,0,0,4,100,0,0,0,,192,192,,0,0,0,0
1612452583346,6,1010123456019,76,,1,2,5,1,1,,9.33333,189,107,0.108448,47,0,7.33333,,0,6,0,0,2,100,0,0,0,,165,165,,0,0,0,0
1612452583596,6,1010123456019,76,,1,2,5,1,1,,7.57635,203,0,0.093152,65,0,7,,0,6,0,0,2,100,0,0,0,,171,171,,0,0,0,0
1612452583846,6,1010123456019,76,,1,2,5,1,1,,7.53435,262,0,0.115936,75,0,5.83333,,0.1,15,0,0.1,4,50,0,1.36728,31,,228,228,,0,0,0,6
1612452584096,6,1010123456019,76,,1,2,5,1,1,,9.03791,211,0,0.103008,57,0,6.57143,,0,0,0,0,0,0,0,0,0,,180,180,,0,0,0,0
1612452584346,6,1010123456019,76,,1,2,5,1,1,,7.45755,212,145,0.099072,64,0,6,,0.1,10,0,0.1,3,66.6667,0,1.21122,31,,189,189,,0,0,0,7.3
1612452584596,6,1010123456019,76,,1,2,5,1,1,,9.75269,186,213,0.10816,53,0,6.6,,0.1,17,0,0.1,5,40,0,1.0993,0,,162,162,,0,0,0,6.05882
1612452584846,6,1010123456019,76,,1,2,5,1,1,,8.36934,287,196,0.144224,81,0,6.33333,,0,0,0,0,0,0,0,0,0,,243,243,,0,0,0,0
1612452585096,6,1010123456019,76,,1,2,5,1,1,,7.08638,301,250,0.128192,83,0,6.4,,0.1,7,0,0.1,2,0,0,1.84623,31,,258,258,,0,0,0,1.57143
1612452585346,6,1010123456019,76,,1,2,5,1,1,,11.5052,192,158,0.129568,55,0,7.33333,,0.1,8,0,0.1,2,50,0,0.843735,31,,156,156,,0,0,0,6
1612452585596,6,1010123456019,76,,1,2,5,1,1,,4.25854,410,0,0.123296,119,0,4.66667,,0.1,17,0,0.1,5,60,0,1.371,0,,357,357,,0,0,0,7.35294
1612452585846,6,1010123456019,76,,1,2,5,1,1,,10.4344,122,0,0.072352,34,0,7.16667,,0,0,0,0,0,0,0,0,0,,102,102,,0,0,0,0
1612452586096,6,1010123456019,76,,1,2,5,1,1,,10.4931,144,402,0.09216,44,0,7.71429,,0,0,0,0,0,0,0,0,0,,126,126,,0,0,0,0
1612452586346,6,1010123456019,76,,1,2,5,1,1,,9.89453,256,158,0.155936,74,0,7.33333,,0.1,13,0,0.1,4,50,0,0.872867,31,,219,219,,0,0,0,6.30769
1612452586596,6,1010123456019,76,,1,2,5,1,1,,11.6089,179,0,0.122496,50,0,6.66667,,5.07317,41,0,0.1,11,63.6364,0,2.86799,0,,153,153,,0,0,0,7.14634
1612452586846,6,1010123456019,76,,1,2,5,1,1,,5.96916,227,98,0.084928,60,0,5.66667,,0,0,0,0,0,0,0,0,0,,201,201,,0,0,0,0
1612452587096,6,1010123456019,76,,1,2,5,1,1,,4.11615,353,0,0.084768,102,0,5.66667,,0,0,0,0,0,0,0,0,0,,303,303,,0,0,0,0
1612452587346,6,1010123456019,76,,1,2,5,1,1,,6.325,160,0,0.07504,51,0,7.16667,,0.1,11,0,0.1,3,66.6667,0,0.79708,31,,141,141,,0,0,0,7.81818
1612452587596,6,1010123456019,76,,1,2,5,1,1,,12.8947,95,0,0.079456,29,0,7.8,,0.1,8,0,0,2,100,0,0.367343,0,,78,78,,0,0,0,10
1612452587846,6,1010123456019,76,,1,2,5,1,1,,9.44211,190,67,0.102752,56,0,6.83333,,0.1,7,0,0.1,2,0,0,1.48728,31,,171,171,,0,0,0,2
1612452588096,6,1010123456019,76,,1,2,5,1,1,,10.3743,179,0,0.10736,52,0,7.85714,,0.1,4,0,0.1,1,0,0,2.58493,31,,153,153,,0,0,0,1
1612452588346,6,1010123456019,76,,1,2,5,1,1,,12.6866,134,0,0.106336,35,0,8.2,,0.1,11,0,0.1,3,66.6667,0,1.57187,31,,117,117,,0,0,0,6.72727
1612452588596,6,1010123456019,76,,1,2,5,1,1,,9.94186,172,0,0.106816,54,0,6.2,,7.80328,61,0,0.1,17,64.7059,0,4.24106,31,,150,150,,0,0,0,7.77049
1612452588846,6,1010123456019,76,,1,2,5,1,1,,6.7032,219,0,0.07984,58,0,6.16667,,0,6,0,0.1,2,0,0,0,31,,189,189,,0,0,0,0
1612452589096,6,1010123456019,76,,1,2,5,1,1,,11.3643,129,0,0.094176,42,0,8,,0,0,0,0,0,0,0,0,0,,111,111,,0,0,0,0
1612452589346,6,1010123456019,76,,1,2,5,1,1,,5.54741,232,0,0.079456,67,0,5.8,,0.1,11,0,0.1,3,33.3333,0,1.50527,31,,201,201,,0,0,0,5.27273
1612452589596,6,1010123456019,76,,1,2,5,1,1,,8.30667,225,284,0.107776,60,0,7.16667,,9.89011,91,0,0.1,28,75,0,7.89787,31,,189,189,,0,0,0,7.46154
1612452589846,6,1010123456019,76,,1,2,5,1,1,,8.92308,260,196,0.132928,74,0,6.33333,,0,0,0,0,0,0,0,0,0,,222,222,,0,0,0,0
1612452590096,6,1010123456019,76,,1,2,5,1,1,,12.4013,157,0,0.125632,49,0,8.28571,,0.1,4,0,0.1,1,0,0,1.43383,31,,138,138,,0,0,0,2
1612452590346,6,1010123456019,76,,1,2,5,1,1,,8.15948,232,192,0.112864,64,0,5.33333,,0.1,13,0,0.1,4,50,0,0.733716,31,,201,201,,0,0,0,7.69231
1612452590596,6,1010123456019,76,,1,2,5,1,1,,8.66029,209,0,0.108128,61,0,8,,0.1,18,0,0.1,5,80,0,1.24414,0,,177,177,,0,0,0,8.66667
1612452590846,6,1010123456019,76,,1,2,5,1,1,,9.85931,263,0,0.153952,77,0,7.33333,,0,3,0,0.1,1,0,0,0,31,,228,228,,0,0,0,0
1612452591096,6,1010123456019,76,,1,2,5,1,1,,6.52107,261,106,0.094528,71,0,6.42857,,0,0,0,0,0,0,0,0,0,,222,222,,0,0,0,0
1612452591346,6,1010123456019,76,,1,2,5,1,1,,9.96323,136,67,0.086464,42,0,8,,0.1,14,0,0.1,4,50,0,1.23514,31,,120,120,,0,0,0,5.92857
1612452591596,6,1010123456019,76,,1,2,5,1,1,,13.6129,155,0,0.132224,46,0,9.2,,0.1,32,0,0.1,9,55.5556,0,5.8258,0,,135,135,,0,0,0,7.625
1612452591846,6,1010123456019,76,,1,2,5,1,1,,8.16872,243,67,0.12576,70,0,7,,15,15,0,0,4,100,0,1.68257,0,,213,213,,0,0,0,10
1612452592096,6,1010123456019,76,,1,2,5,1,1,,7.69362,235,0,0.114368,68,0,7.28571,,0.1,4,0,0.1,1,0,0,1.30579,31,,201,201,,0,0,0,2
1612452592346,6,1010123456019,76,,1,2,5,1,1,,11.4404,193,0,0.128096,53,0,7.66667,,0.1,10,0,0.1,3,33.3333,0,1.19028,31,,168,168,,0,0,0,5.8
1612452592596,6,1010123456019,76,,1,2,5,1,1,,8.13043,230,0,0.120096,68,0,6.66667,,5.47368,38,0,0.1,10,70,0,2.69079,0,,195,195,,0,0,0,7.86842
1612452592846,6,1010123456019,76,,1,2,5,1,1,,9.8301,206,0,0.13824,59,0,7.16667,,0,0,0,0,0,0,0,0,0,,177,177,,0,0,0,0
1612452593096,6,1010123456019,76,,1,2,5,1,1,,11.2381,273,295,0.1864,75,0,5.85714,,0,3,0,0.1,1,0,0,0,31,,237,237,,0,0,0,0
1612452593346,6,1010123456019,76,,1,2,5,1,1,,5.50769,390,202,0.127232,108,0,5.66667,,0.1,10,0,0.1,3,33.3333,0,0.890629,31,,336,336,,0,0,0,5.7
1612452593596,6,1010123456019,76,,1,2,5,1,1,,9.31095,283,226,0.175456,87,0,7.83333,,0.1,22,0,0.1,7,57.1429,0,1.96134,0,,240,240,,0,0,0,6.31818
1612452593846,6,1010123456019,76,,1,2,5,1,1,,12.7574,136,0,0.105792,40,0,8.5,,0,0,0,0,0,0,0,0,0,,117,117,,0,0,0,0
1612452594096,6,1010123456019,76,,1,2,5,1,1,,8.1617,235,158,0.109184,67,0,7.85714,,0.1,4,0,0.1,1,0,0,1.41493,31,,201,201,,0,0,0,1
1612452594346,6,1010123456019,76,,1,2,5,1,1,,3.80388,515,81,0.118624,142,0,4.8,,0.1,24,0,0.1,6,66.6667,0,1.34822,31,,438,438,,0,0,0,7.16667
1612452594596,6,1010123456019,76,,1,2,5,1,1,,4.48883,358,1381,0.111104,100,0,4.16667,,7.35632,87,0,0.1,25,72,0,5.84518,31,,312,312,,0,0,0,7.52874
1612452594846,6,1010123456019,76,,1,2,5,1,1,,12.67,203,509,0.167328,63,0,8,,0,0,0,0,0,0,0,0,0,,171,171,,0,0,0,0
1612452595096,6,1010123456019,76,,1,2,5,1,1,,7.96142,337,0,0.163872,98,0,4.71429,,0,0,0,0,0,0,0,0,0,,288,288,,0,0,0,0
1612452595346,6,1010123456019,76,,1,2,5,1,1,,4.61511,278,989,0.07856,76,0,4.83333,,0,3,0,0.1,1,0,0,0,31,,243,243,,0,0,0,0
1612452595596,6,1010123456019,76,,1,2,5,1,1,,10.9401,284,158,0.194624,86,0,9,,8.87368,95,0,0.1,26,73.0769,0,6.41784,31,,243,243,,0,0,0,7.91579
1612452595846,6,1010123456019,76,,1,2,5,1,1,,10.043,279,0,0.150624,77,0,6.5,,0,0,0,0,0,0,0,0,0,,240,240,,0,0,0,0
1612452596096,6,1010123456019,76,,1,2,5,1,1,,4.10526,361,235,0.105312,98,0,5.42857,,0,0,0,0,0,0,0,0,0,,306,306,,0,0,0,0
1612452596346,6,1010123456019,76,,1,2,5,1,1,,4.43963,323,208,0.0936,94,0,7.2,,15,8,0,0,2,100,0,0.724784,0,,282,282,,0,0,0,10
1612452596596,6,1010123456019,76,,1,2,5,1,1,,9.68,200,0,0.105152,60,0,7.33333,,15,8,0,0,2,100,0,0.838169,0,,171,171,,0,0,0,10
1612452596846,6,1010123456019,76,,1,2,5,1,1,,3.59363,251,1211,0.069888,72,0,5.5,,0.1,4,0,0.1,1,0,0,2.26797,31,,222,222,,0,0,0,1
1612452597096,6,1010123456019,76,,1,2,5,1,1,,3.69425,556,1210,0.123456,161,0,3.6,,0,0,0,0,0,0,0,0,0,,480,480,,0,0,0,0
1612452597346,6,1010123456019,76,,1,2,5,1,1,,7.88732,355,0,0.165632,104,0,5.8,,0,0,0,0,0,0,0,0,0,,303,303,,0,0,0,0
1612452597596,6,1010123456019,76,,1,2,5,1,1,,6.79476,229,0,0.101056,66,0,7,,3.64912,57,0,0.1,16,68.75,0,2.12896,31,,192,192,,0,0,0,7.54386
1612452597846,6,1010123456019,76,,1,2,5,1,1,,11.1139,202,0,0.13344,58,0,6.5,,0,3,0,0,1,100,0,0,0,,174,174,,0,0,0,0
1612452598096,6,1010123456019,76,,1,2,5,1,1,,10.5185,189,18,0.107456,53,0,7,,0,0,0,0,0,0,0,0,0,,165,165,,0,0,0,0
1612452598346,6,1010123456019,76,,1,2,5,1,1,,10.3125,208,0,0.11744,58,0,8,,0.1,11,0,0.1,3,66.6667,0,0.692405,31,,174,174,,0,0,0,7.09091
1612452598596,6,1010123456019,76,,1,2,5,1,1,,4.55,280,333,0.10128,81,0,7.2,,4.33333,36,0,0.1,11,63.6364,0,6.68747,0,,243,243,,0,0,0,6.25
1612452598846,6,1010123456019,76,,1,2,5,1,1,,8.14662,266,0,0.140288,77,0,7.33333,,0,0,0,0,0,0,0,0,0,,228,228,,0,0,0,0
1612452599096,6,1010123456019,76,,1,2,5,1,1,,10.979,286,158,0.188672,83,0,6.16667,,0,0,0,0,0,0,0,0,0,,246,246,,0,0,0,0
1612452599346,6,1010123456019,76,,1,2,5,1,1,,10.5926,135,0,0.080672,38,0,7.16667,,15,8,0,0,2,100,0,0.461113,0,,123,123,,0,0,0,10
1612452599596,6,1010123456019,76,,1,2,5,1,1,,10.9667,210,0,0.126784,58,0,7,,15,8,0,0,2,100,0,2.13716,0,,177,177,,0,0,0,10
1612452599846,6,1010123456019,76,,1,2,5,1,1,,8.25556,180,387,0.102304,54,0,6.66667,,0,0,0,0,0,0,0,0,0,,159,159,,0,0,0,0
1612452600096,6,1010123456019,76,,1,2,5,1,1,,5.73469,245,520,0.085024,68,0,6.66667,,0,0,0,0,0,0,0,0,0,,210,210,,0,0,0,0
1612452600346,6,1010123456019,76,,1,2,5,1,1,,8.5,266,285,0.12768,78,0,7.66667,,0,6,0,0,2,100,0,0,0,,228,228,,0,0,0,0
1612452600596,6,1010123456019,76,,1,2,5,1,1,,12.0708,212,30,0.154304,63,0,7.66667,,0,18,0,0,6,100,0,0,0,,186,186,,0,0,0,0
1612452600846,6,1010123456019,76,,1,2,5,1,1,,11.1846,195,89,0.122592,54,0,7.66667,,0,0,0,0,0,0,0,0,0,,168,168,,0,0,0,0
1612452601096,6,1010123456019,76,,1,2,5,1,1,,11.1239,218,158,0.142368,65,0,7.33333,,0,0,0,0,0,0,0,0,0,,192,192,,0,0,0,0
1612452601346,6,1010123456019,76,,1,2,5,1,1,,7.82203,236,0,0.112736,70,0,7,,0.1,10,0,0.1,3,33.3333,0,0.920228,31,,201,201,,0,0,0,5.2
1612452601596,6,1010123456019,76,,1,2,5,1,1,,3.45977,435,0,0.101504,125,0,4.16667,,4.95238,42,0,0.1,11,63.6364,0,2.94543,31,,375,375,,0,0,0,7.07143
1612452601846,6,1010123456019,76,,1,2,5,1,1,,13.205,161,0,0.124192,44,0,8.5,,0.1,4,0,0.1,1,0,0,2.67706,31,,138,138,,0,0,0,1
1612452602096,6,1010123456019,76,,1,2,5,1,1,,8.25962,208,0,0.101472,61,0,8,,0,0,0,0,0,0,0,0,0,,177,177,,0,0,0,0
1612452602346,6,1010123456019,76,,1,2,5,1,1,,8.24275,276,0,0.12992,77,0,5.83333,,0,9,0,0.1,3,66.6667,0,0,31,,234,234,,0,0,0,0
1612452602596,6,1010123456019,76,,1,2,5,1,1,,9.49143,175,0,0.087264,48,0,6.66667,,0,6,0,0,2,100,0,0,0,,150,150,,0,0,0,0
1612452602846,6,1010123456019,76,,1,2,5,1,1,,9.51829,164,158,0.083104,46,0,6.5,,0,0,0,0,0,0,0,0,0,,141,141,,0,0,0,0
1612452603096,6,1010123456019,76,,1,2,5,1,1,,7.13846,260,158,0.117504,76,0,6.57143,,0.1,4,0,0.1,1,0,0,0.488171,31,,222,222,,0,0,0,3
1612452603346,6,1010123456019,76,,1,2,5,1,1,,6.27799,259,0,0.107744,78,0,5.83333,,0,0,0,0,0,0,0,0,0,,228,228,,0,0,0,0
1612452603596,6,1010123456019,76,,1,2,5,1,1,,5.01232,406,0,0.131104,117,0,6,,4.07843,51,0,0.1,14,64.2857,0,2.81705,31,,351,351,,0,0,0,7.31373
1612452603846,6,1010123456019,76,,1,2,5,1,1,,11.3431,137,0,0.085856,38,0,7.83333,,0,0,0,0,0,0,0,0,0,,120,120,,0,0,0,0
1612452604096,6,1010123456019,76,,1,2,5,1,1,,11.5251,219,0,0.15072,64,0,7.57143,,0,0,0,0,0,0,0,0,0,,192,192,,0,0,0,0
1612452604346,6,1010123456019,76,,1,2,5,1,1,,11,146,0,0.09424,42,0,7.66667,,0.1,10,0,0.1,3,66.6667,0,1.07289,31,,123,123,,0,0,0,7.3
1612452604596,6,1010123456019,76,,1,2,5,1,1,,8.48235,255,0,0.133184,72,0,6.8,,10.2051,117,0,0.1,32,81.25,0,6.14235,31,,219,219,,0,0,0,8.64103
1612452604846,6,1010123456019,76,,1,2,5,1,1,,10.2555,227,89,0.133472,64,0,6.5,,6.93333,15,0,0.1,4,50,0,1.09492,31,,195,195,,0,0,0,6.53333
1612452605096,6,1010123456019,76,,1,2,5,1,1,,11.4686,175,0,0.111008,50,0,7.66667,,0,0,0,0,0,0,0,0,0,,153,153,,0,0,0,0
1612452605346,6,1010123456019,76,,1,2,5,1,1,,11.2361,233,458,0.152928,69,0,7.16667,,0.1,9,0,0.1,3,66.6667,0,0.816116,31,,198,198,,0,0,0,7
1612452605596,6,1010123456019,76,,1,2,5,1,1,,11.6256,203,273,0.131232,57,0,7.6,,0.1,11,0,0.1,3,33.3333,0,1.47959,0,,174,174,,0,0,0,5.45455
1612452605846,6,1010123456019,76,,1,2,5,1,1,,9.23055,347,0,0.188544,98,0,6.83333,,0,0,0,0,0,0,0,0,0,,294,294,,0,0,0,0
1612452606096,6,1010123456019,76,,1,2,5,1,1,,6.75261,287,0,0.12496,84,0,6.33333,,0,0,0,0,0,0,0,0,0,,249,249,,0,0,0,0
1612452606346,6,1010123456019,76,,1,2,5,1,1,,8.08969,223,262,0.111008,63,0,7.4,,0.1,25,0,0.1,8,50,0,1.22683,31,,195,195,,0,0,0,6.76
1612452606596,6,1010123456019,76,,1,2,5,1,1,,11.7748,151,315,0.11168,46,0,8,,4.72727,33,0,0.1,10,70,0,4.21147,0,,129,129,,0,0,0,7.18182
1612452606846,6,1010123456019,76,,1,2,5,1,1,,12.5463,108,0,0.080096,31,0,8.5,,0,0,0,0,0,0,0,0,0,,93,93,,0,0,0,0
1612452607096,6,1010123456019,76,,1,2,5,1,1,,6.05173,290,554,0.099936,81,0,5.85714,,0,0,0,0,0,0,0,0,0,,252,252,,0,0,0,0
1612452607346,6,1010123456019,76,,1,2,5,1,1,,11.3413,167,158,0.110912,48,0,8.4,,0,6,0,0,2,100,0,0,0,,141,141,,0,0,0,0
1612452607596,6,1010123456019,76,,1,2,5,1,1,,11.2121,198,0,0.11744,54,0,7.16667,,0,6,0,0,2,100,0,0,0,,168,168,,0,0,0,0
1612452607846,6,1010123456019,76,,1,2,5,1,1,,11.53,217,784,0.14736,65,0,7.5,,2.13333,45,0,0.1,12,66.6667,0,4.13261,31,,183,183,,0,0,0,7.53333
1612452608096,6,1010123456019,76,,1,2,5,1,1,,12.8144,194,89,0.148544,55,0,8.14286,,0,0,0,0,0,0,0,0,0,,168,168,,0,0,0,0
1612452608346,6,1010123456019,76,,1,2,5,1,1,,11.1259,143,0,0.092032,42,0,7.66667,,0.1,13,0,0.1,4,25,0,1.60233,31,,123,123,,0,0,0,4
1612452608596,6,1010123456019,76,,1,2,5,1,1,,5.92093,215,0,0.073792,59,0,6.66667,,0.1,12,0,0,3,100,0,0.884295,0,,186,186,,0,0,0,10
1612452608846,6,1010123456019,76,,1,2,5,1,1,,6.91698,265,196,0.11728,72,0,5.5,,0,0,0,0,0,0,0,0,0,,231,231,,0,0,0,0
1612452609096,6,1010123456019,76,,1,2,5,1,1,,7.36913,298,0,0.136224,91,0,7.5,,0,12,0,0,4,100,0,0,0,,249,249,,0,0,0,0
1612452609346,6,1010123456019,76,,1,2,5,1,1,,8.895,200,0,0.108384,58,0,6.83333,,4.8,10,0,0.1,3,33.3333,0,7.98557,31,,174,174,,0,0,0,5.2
1612452609596,6,1010123456019,76,,1,2,5,1,1,,10.7,140,0,0.087872,39,0,7.83333,,7.57895,19,0,0.1,5,60,0,5.38922,0,,123,123,,0,0,0,7.10526
1612452609846,6,1010123456019,76,,1,2,5,1,1,,6.13772,167,432,0.06816,43,0,9,,0,12,0,0.1,4,75,0,0,31,,147,147,,0,0,0,0
1612452610096,6,1010123456019,76,,1,2,5,1,1,,9.65116,258,0,0.162112,81,0,8.33333,,0,0,0,0,0,0,0,0,0,,219,219,,0,0,0,0
1612452610346,6,1010123456019,76,,1,2,5,1,1,,11.3252,163,0,0.107104,47,0,7.4,,0,6,0,0,2,100,0,0,0,,144,144,,0,0,0,0
1612452610596,6,1010123456019,76,,1,2,5,1,1,,5.39651,401,0,0.145984,114,0,5.8,,0,6,0,0,2,100,0,0,0,,342,342,,0,0,0,0
1612452610846,6,1010123456019,76,,1,2,5,1,1,,11.3723,137,0,0.084864,37,0,7.66667,,0.1,19,0,0.1,5,60,0,1.20216,31,,117,117,,0,0,0,6.89474
1612452611096,6,1010123456019,76,,1,2,5,1,1,,8.69898,196,0,0.104192,59,0,7,,0,0,0,0,0,0,0,0,0,,171,171,,0,0,0,0
1612452611346,6,1010123456019,76,,1,2,5,1,1,,9.05093,216,612,0.103136,58,0,6.33333,,0,0,0,0,0,0,0,0,0,,189,189,,0,0,0,0
1612452611596,6,1010123456019,76,,1,2,5,1,1,,12.2921,202,69,0.141696,58,0,7.83333,,3.58621,58,0,0.1,16,68.75,0,2.04153,31,,171,171,,0,0,0,7.84483
1612452611846,6,1010123456019,76,,1,2,5,1,1,,12.7887,142,196,0.1184,45,0,8.2,,0,0,0,0,0,0,0,0,0,,129,129,,0,0,0,0
1612452612096,6,1010123456019,76,,1,2,5,1,1,,11.1302,215,0,0.12912,59,0,7.33333,,0,0,0,0,0,0,0,0,0,,177,177,,0,0,0,0
1612452612346,6,1010123456019,76,,1,2,5,1,1,,7.27907,258,0,0.120672,76,0,6.5,,0.1,15,0,0.1,4,25,0,8.4895,31,,222,222,,0,0,0,3.4
1612452612596,6,1010123456019,76,,1,2,5,1,1,,9.54794,219,93,0.118592,63,0,6.4,,8.57143,28,0,0,7,100,0,0.662731,0,,195,195,,0,0,0,10
1612452612846,6,1010123456019,76,,1,2,5,1,1,,7.33726,255,315,0.1088,72,0,6.83333,,0,0,0,0,0,0,0,0,0,,216,216,,0,0,0,0
1612452613096,6,1010123456019,76,,1,2,5,1,1,,11.8085,235,11,0.159552,67,0,7.57143,,0.1,7,0,0.1,2,0,0,2.17946,31,,201,201,,0,0,0,1
1612452613346,6,1010123456019,76,,1,2,5,1,1,,9.83674,196,175,0.109376,56,0,7.66667,,0,0,0,0,0,0,0,0,0,,165,165,,0,0,0,0
1612452613596,6,1010123456019,76,,1,2,5,1,1,,5.87379,206,306,0.088672,59,0,5.66667,,0.1,37,0,0.1,11,81.8182,0,0.767273,31,,183,183,,0,0,0,9.40541
1612452613846,6,1010123456019,76,,1,2,5,1,1,,9.57432,148,0,0.0816,46,0,7,,0,0,0,0,0,0,0,0,0,,129,129,,0,0,0,0
1612452614096,6,1010123456019,76,,1,2,5,1,1,,6.64157,332,0,0.123712,91,0,5.71429,,0,0,0,0,0,0,0,0,0,,285,285,,0,0,0,0
1612452614346,6,1010123456019,76,,1,2,5,1,1,,11.3101,158,0,0.117504,49,0,7.5,,0.1,16,0,0.1,5,20,0,1.2491,31,,135,135,,0,0,0,3.8125
1612452614596,6,1010123456019,76,,1,2,5,1,1,,4.0442,543,0,0.128512,153,0,4.75,,4.07843,51,0,0.1,14,78.5714,0,2.86281,0,,468,468,,0,0,0,8.05882
1612452614846,6,1010123456019,76,,1,2,5,1,1,,4.64186,215,949,0.07072,63,0,4.6,,0,3,0,0.1,1,0,0,0,31,,189,189,,0,0,0,0
1612452615096,6,1010123456019,76,,1,2,5,1,1,,9.86179,246,48,0.130144,70,0,6.71429,,0,0,0,0,0,0,0,0,0,,210,210,,0,0,0,0
1612452615345,6,1010123456019,76,,1,2,5,1,1,,10.7487,199,480,0.128675,56,0,6.75,,0.1,10,0,0.1,3,33.3333,0,1.38897,31,,171,171,,0,0,0,5.2
1612452615596,6,1010123456019,76,,1,2,5,1,1,,7.75484,155,1258,0.076832,49,0,6.83333,,5.47368,38,0,0.1,10,70,0,3.06597,0,,135,135,,0,0,0,7.81579
1612452615846,6,1010123456019,76,,1,2,5,1,1,,9.36782,174,108,0.106976,46,0,7.66667,,0,0,0,0,0,0,0,0,0,,147,147,,0,0,0,0
1612452616096,6,1010123456019,76,,1,2,5,1,1,,5.02261,398,0,0.125728,117,0,5.83333,,0,0,0,0,0,0,0,0,0,,342,342,,0,0,0,0
1612452616346,6,1010123456019,76,,1,2,5,1,1,,8.27953,254,69,0.113984,66,0,6.8,,0,0,0,0,0,0,0,0,0,,216,216,,0,0,0,0
1612452616596,6,1010123456019,76,,1,2,5,1,1,,8.48691,191,0,0.108768,60,0,7.16667,,0,12,0,0,4,100,0,0,0,,165,165,,0,0,0,0
1612452616846,6,1010123456019,76,,1,2,5,1,1,,12.1058,104,0,0.067296,28,0,8.4,,0.1,7,0,0.1,2,0,0,1.64157,31,,90,90,,0,0,0,2.71429
1612452617096,6,1010123456019,76,,1,2,5,1,1,,7.57798,218,0,0.105952,63,0,4.83333,,0,0,0,0,0,0,0,0,0,,183,183,,0,0,0,0
1612452617346,6,1010123456019,76,,1,2,5,1,1,,6.63158,247,20,0.094272,69,0,7.2,,0.1,15,0,0.1,4,50,0,1.6825,31,,213,213,,0,0,0,5.46667
1612452617596,6,1010123456019,76,,1,2,5,1,1,,11.9548,177,0,0.128,53,0,8,,4.33333,36,0,0.1,11,63.6364,0,4.39676,31,,153,153,,0,0,0,6.44444
1612452617846,6,1010123456019,76,,1,2,5,1,1,,11.9384,146,0,0.096064,40,0,7.83333,,0,0,0,0,0,0,0,0,0,,126,126,,0,0,0,0
1612452618096,6,1010123456019,76,,1,2,5,1,1,,8.51698,265,331,0.134912,75,0,7.42857,,0,0,0,0,0,0,0,0,0,,231,231,,0,0,0,0
1612452618346,6,1010123456019,76,,1,2,5,1,1,,5.94754,305,0,0.13296,91,0,7.4,,0.1,10,0,0.1,3,66.6667,0,0.584264,31,,261,261,,0,0,0,7.9
1612452618596,6,1010123456019,76,,1,2,5,1,1,,9.85766,274,284,0.14272,74,0,7,,7.17241,58,0,0.1,15,73.3333,0,2.26252,31,,234,234,,0,0,0,7.96552
1612452618846,6,1010123456019,76,,1,2,5,1,1,,11.5406,283,0,0.19056,82,0,7.66667,,0,0,0,0,0,0,0,0,0,,240,240,,0,0,0,0
1612452619096,6,1010123456019,76,,1,2,5,1,1,,12.2917,144,39,0.101888,39,0,8.28571,,0,0,0,0,0,0,0,0,0,,123,123,,0,0,0,0
1612452619346,6,1010123456019,76,,1,2,5,1,1,,7.11245,249,0,0.120672,76,0,7.16667,,0.1,10,0,0.1,3,33.3333,0,0.623419,31,,219,219,,0,0,0,6.7
1612452619596,6,1010123456019,76,,1,2,5,1,1,,4.61878,362,177,0.114304,102,0,5,,4.72727,33,0,0.1,10,70,0,3.80704,0,,312,312,,0,0,0,6.9697
1612452619846,6,1010123456019,76,,1,2,5,1,1,,11.3182,264,0,0.175904,74,0,7.66667,,0,0,0,0,0,0,0,0,0,,222,222,,0,0,0,0
1612452620096,6,1010123456019,76,,1,2,5,1,1,,8.18543,151,67,0.07696,46,0,7.57143,,0.1,4,0,0.1,1,0,0,0.436716,31,,135,135,,0,0,0,3
1612452620346,6,1010123456019,76,,1,2,5,1,1,,10.9154,130,0,0.085792,38,0,7.66667,,0.1,24,0,0.1,7,57.1429,0,5.09901,31,,111,111,,0,0,0,6
1612452620596,6,1010123456019,76,,1,2,5,1,1,,10.8621,174,89,0.107136,49,0,7.5,,6,26,0,0.1,8,62.5,0,0.771086,31,,150,150,,0,0,0,6.42308
1612452620846,6,1010123456019,76,,1,2,5,1,1,,6.66077,339,0,0.131872,94,0,5.83333,,0,0,0,0,0,0,0,0,0,,285,285,,0,0,0,0
1612452621096,6,1010123456019,76,,1,2,5,1,1,,9.9863,219,0,0.116064,59,0,7.2,,0,0,0,0,0,0,0,0,0,,189,189,,0,0,0,0
1612452621346,6,1010123456019,76,,1,2,5,1,1,,6.94248,226,0,0.114752,71,0,8,,0.1,13,0,0.1,4,25,0,1.18391,31,,195,195,,0,0,0,4.46154
1612452621596,6,1010123456019,76,,1,2,5,1,1,,10.8528,197,0,0.12016,52,0,7,,0.1,4,0,0.1,1,0,0,1.29855,0,,168,168,,0,0,0,6
1612452621846,6,1010123456019,76,,1,2,5,1,1,,4.78168,513,90,0.16384,149,0,6.25,,0,0,0,0,0,0,0,0,0,,450,450,,0,0,0,0
1612452622096,6,1010123456019,76,,1,2,5,1,1,,9.55056,178,270,0.106976,48,0,6.57143,,0,3,0,0.1,1,0,0,0,31,,153,153,,0,0,0,0
1612452622346,6,1010123456019,76,,1,2,5,1,1,,6.7161,236,0,0.10464,75,0,7.66667,,0.1,15,0,0.1,4,0,0,1.44402,31,,204,204,,0,0,0,2.4
1612452622596,6,1010123456019,76,,1,2,5,1,1,,7.39785,279,445,0.11232,75,0,6,,0,0,0,0,0,0,0,0,0,,240,240,,0,0,0,0
1612452622846,6,1010123456019,76,,1,2,5,1,1,,10.5046,218,0,0.132832,65,0,7.5,,0.1,20,0,0.1,5,80,0,0.845494,31,,186,186,,0,0,0,8.2
1612452623096,6,1010123456019,76,,1,2,5,1,1,,7.81685,273,0,0.13104,77,0,5.5,,0,0,0,0,0,0,0,0,0,,234,234,,0,0,0,0
1612452623346,6,1010123456019,76,,1,2,5,1,1,,8.20974,267,422,0.135488,74,0,6.2,,0.1,16,0,0.1,5,40,0,1.28843,31,,228,231,,0,0,0,5.3125
1612452623596,6,1010123456019,76,,1,2,5,1,1,,8.13178,258,0,0.120064,77,0,7.83333,,9.10526,76,0,0.1,23,73.913,0,7.62255,31,,222,222,,0,0,0,7.27632
1612452623846,6,1010123456019,76,,1,2,5,1,1,,9.10837,203,0,0.118976,60,0,7.16667,,0,0,0,0,0,0,0,0,0,,171,171,,0,0,0,0
1612452624096,6,1010123456019,76,,1,2,5,1,1,,5.62455,277,0,0.101056,80,0,5,,0.1,4,0,0.1,1,0,0,2.67214,31,,240,240,,0,0,0,1
1612452624346,6,1010123456019,76,,1,2,5,1,1,,4.6869,313,0,0.091904,89,0,5.83333,,0,9,0,0.1,3,66.6667,0,0,31,,267,267,,0,0,0,0
1612452624596,6,1010123456019,76,,1,2,5,1,1,,13.0466,193,0,0.149248,54,0,8.6,,0,6,0,0,2,100,0,0,0,,162,162,,0,0,0,0
1612452624846,6,1010123456019,76,,1,2,5,1,1,,10.6556,151,146,0.082112,38,0,7.66667,,0,9,0,0.1,3,66.6667,0,0,31,,126,126,,0,0,0,0
1612452625096,6,1010123456019,76,,1,2,5,1,1,,10.4681,141,0,0.089184,43,0,7.42857,,0,0,0,0,0,0,0,0,0,,123,123,,0,0,0,0
1612452625346,6,1010123456019,76,,1,2,5,1,1,,8.12287,293,604,0.14792,82,0,5,,0.1,10,0,0.1,3,33.3333,0,1.71283,31,,252,252,,0,0,0,4.6
1612452625596,6,1010123456019,76,,1,2,5,1,1,,4.93487,261,577,0.08048,74,0,6,,0.1,15,0,0.1,4,75,0,1.01083,0,,225,222,,0,0,0,9
1612452625846,6,1010123456019,76,,1,2,5,1,1,,11.3234,201,0,0.13856,61,0,8.16667,,0,3,0,0.1,1,0,0,0,31,,168,168,,0,0,0,0
1612452626096,6,1010123456019,76,,1,2,5,1,1,,8.99597,248,20,0.118976,69,0,7.66667,,0,0,0,0,0,0,0,0,0,,219,219,,0,0,0,0
1612452626346,6,1010123456019,76,,1,2,5,1,1,,8.13258,264,0,0.131136,77,0,7.2,,0.1,13,0,0.1,4,25,0,1.85707,31,,225,225,,0,0,0,4.23077
1612452626596,6,1010123456019,76,,1,2,5,1,1,,1.91837,441,1007,0.079232,125,0,3.4,,4.72727,33,0,0.1,10,70,0,3.96717,31,,381,381,,0,0,0,7.09091
1612452626846,6,1010123456019,76,,1,2,5,1,1,,5.67383,512,20,0.174368,148,0,4.83333,,0,3,0,0.1,1,0,0,0,31,,444,444,,0,0,0,0
1612452627096,6,1010123456019,76,,1,2,5,1,1,,9.92308,182,0,0.125696,55,0,7.2,,0,0,0,0,0,0,0,0,0,,153,153,,0,0,0,0
1612452627346,6,1010123456019,76,,1,2,5,1,1,,5.56501,423,134,0.1464,120,0,5.6,,0.1,10,0,0.1,3,33.3333,0,1.25195,31,,363,363,,0,0,0,4.9
1612452627596,6,1010123456019,76,,1,2,5,1,1,,9.60088,228,0,0.129536,66,0,7.33333,,9.17333,75,0,0.1,22,77.2727,0,6.0798,31,,195,195,,0,0,0,8
1612452627846,6,1010123456019,76,,1,2,5,1,1,,10.0221,181,0,0.097824,50,0,6.66667,,0.1,4,0,0.1,1,0,0,27.3463,31,,150,150,,0,0,0,1
1612452628096,6,1010123456019,76,,1,2,5,1,1,,6.63953,172,0,0.072384,50,0,7,,0,0,0,0,0,0,0,0,0,,150,150,,0,0,0,0
1612452628346,6,1010123456019,76,,1,2,5,1,1,,5.85547,256,116,0.095008,73,0,6.83333,,8.47826,23,0,0.1,7,71.4286,0,1.46272,31,,228,228,,0,0,0,7.78261
1612452628596,6,1010123456019,76,,1,2,5,1,1,,12.986,214,137,0.165024,61,0,8.33333,,0.1,12,0,0,3,100,0,0.526056,0,,180,180,,0,0,0,10
1612452628846,6,1010123456019,76,,1,2,5,1,1,,11.0574,209,0,0.133472,60,0,7.16667,,0,3,0,0.1,1,0,0,0,31,,174,174,,0,0,0,0
1612452629096,6,1010123456019,76,,1,2,5,1,1,,10.2349,149,278,0.0888,42,0,7.57143,,0,0,0,0,0,0,0,0,0,,135,135,,0,0,0,0
1612452629346,6,1010123456019,76,,1,2,5,1,1,,6.27485,342,77,0.132224,93,0,5.66667,,6.36364,11,0,0.1,3,66.6667,0,10.4192,31,,294,294,,0,0,0,6.72727
1612452629596,6,1010123456019,76,,1,2,5,1,1,,8.37083,240,0,0.124128,77,0,7.66667,,5.52632,38,0,0.1,11,63.6364,0,3.70712,31,,207,207,,0,0,0,7.63158
1612452629846,6,1010123456019,76,,1,2,5,1,1,,6.41667,228,0,0.08624,61,0,6.5,,0,0,0,0,0,0,0,0,0,,198,198,,0,0,0,0
1612452630096,6,1010123456019,76,,1,2,5,1,1,,11.2437,160,0,0.115392,51,0,7.57143,,0,0,0,0,0,0,0,0,0,,138,138,,0,0,0,0
1612452630346,6,1010123456019,76,,1,2,5,1,1,,1.90126,476,336,0.076064,130,0,3.8,,0.1,8,0,0.1,2,0,0,1.39319,31,,414,414,,0,0,0,2.5
1612452630596,6,1010123456019,76,,1,2,5,1,1,,9.25543,184,158,0.10992,60,0,8.83333,,8.37634,93,0,0.1,26,73.0769,0,5.16079,31,,156,156,,0,0,0,7.82796
1612452630846,6,1010123456019,76,,1,2,5,1,1,,4.91473,258,878,0.0872,72,0,5.83333,,0,0,0,0,0,0,0,0,0,,225,225,,0,0,0,0
1612452631096,6,1010123456019,76,,1,2,5,1,1,,8.54545,286,0,0.149664,85,0,6.71429,,0.1,4,0,0.1,1,0,0,1.06144,31,,246,246,,0,0,0,1
1612452631346,6,1010123456019,76,,1,2,5,1,1,,7.5,220,0,0.098432,61,0,6.4,,0.1,15,0,0.1,4,50,0,1.03836,31,,192,192,,0,0,0,6
1612452631596,6,1010123456019,76,,1,2,5,1,1,,12.3957,235,0,0.178944,70,0,8.33333,,9.67045,88,0,0.1,25,76,0,8.81445,31,,204,204,,0,0,0,7.95455
1612452631846,6,1010123456019,76,,1,2,5,1,1,,8.80058,346,265,0.180576,99,0,7.16667,,0,12,0,0,4,100,0,0,0,,303,303,,0,0,0,0
1612452632096,6,1010123456019,76,,1,2,5,1,1,,4.8429,331,421,0.108992,93,0,5.57143,,0,0,0,0,0,0,0,0,0,,285,285,,0,0,0,0
1612452632346,6,1010123456019,76,,1,2,5,1,1,,8.25561,223,184,0.103776,65,0,7.66667,,0.1,14,0,0.1,4,50,0,1.72072,31,,195,195,,0,0,0,5.5
1612452632596,6,1010123456019,76,,1,2,5,1,1,,7.35,180,0,0.102784,55,0,6.33333,,4.33333,36,0,0.1,11,63.6364,0,4.3164,0,,150,150,,0,0,0,6.47222
1612452632846,6,1010123456019,76,,1,2,5,1,1,,3.47302,315,376,0.076448,89,0,5.2,,0.1,4,0,0.1,1,0,0,2.60614,31,,276,276,,0,0,0,1
1612452633096,6,1010123456019,76,,1,2,5,1,1,,12.3222,180,428,0.136064,51,0,7.71429,,0,0,0,0,0,0,0,0,0,,153,153,,0,0,0,0
1612452633346,6,1010123456019,76,,1,2,5,1,1,,11.3655,197,0,0.130688,58,0,8.5,,0.1,13,0,0.1,4,50,0,0.928679,31,,171,171,,0,0,0,6.07692
1612452633596,6,1010123456019,76,,1,2,5,1,1,,9.44118,238,346,0.124544,64,0,6.66667,,4.62222,45,0,0.1,12,66.6667,0,3.49598,0,,201,201,,0,0,0,7.28889
1612452633846,6,1010123456019,76,,1,2,5,1,1,,8.22183,284,0,0.12656,81,0,7.6,,0.1,15,0,0.1,4,50,0,1.61759,31,,240,240,,0,0,0,6.33333
1612452634096,6,1010123456019,76,,1,2,5,1,1,,10.1674,239,0,0.145536,72,0,6.66667,,0.1,13,0,0,4,100,0,0.565304,0,,204,204,,0,0,0,10
1612452634346,6,1010123456019,76,,1,2,5,1,1,,5.82759,319,490,0.109152,91,0,5.8,,0.1,11,0,0.1,3,33.3333,0,1.74672,31,,276,276,,0,0,0,4.90909
1612452634596,6,1010123456019,76,,1,2,5,1,1,,7.82906,351,69,0.161728,104,0,6.6,,10.6753,77,0,0.1,22,77.2727,0,7.25585,31,,315,315,,0,0,0,8.01299
1612452634846,6,1010123456019,76,,1,2,5,1,1,,5.3875,240,0,0.079488,67,0,6.5,,0,0,0,0,0,0,0,0,0,,198,198,,0,0,0,0
1612452635096,6,1010123456019,76,,1,2,5,1,1,,10.8879,214,161,0.128032,59,0,7.8,,0,0,0,0,0,0,0,0,0,,189,189,,0,0,0,0
1612452635346,6,1010123456019,76,,1,2,5,1,1,,12.3761,109,44,0.075424,32,0,8,,0.1,10,0,0.1,3,66.6667,0,1.05485,31,,96,96,,0,0,0,7.6
1612452635596,6,1010123456019,76,,1,2,5,1,1,,5.69322,339,393,0.15072,94,0,6,,5.07317,41,0,0.1,11,63.6364,0,3.10335,0,,291,291,,0,0,0,7.2439
1612452635846,6,1010123456019,76,,1,2,5,1,1,,3.79941,339,0,0.092256,103,0,6.66667,,0,3,0,0.1,1,0,0,0,31,,288,288,,0,0,0,0
1612452636096,6,1010123456019,76,,1,2,5,1,1,,10.6239,117,0,0.069632,33,0,7.85714,,0,0,0,0,0,0,0,0,0,,99,99,,0,0,0,0
1612452636346,6,1010123456019,76,,1,2,5,1,1,,11.6571,175,0,0.122304,50,0,7.5,,0.1,22,0,0.1,6,83.3333,0,0.894684,0,,150,150,,0,0,0,8.90909
1612452636596,6,1010123456019,76,,1,2,5,1,1,,8.38318,214,4,0.10496,60,0,6.66667,,0.1,8,0,0.1,2,50,0,0.341476,31,,183,183,,0,0,0,6.5
1612452636846,6,1010123456019,76,,1,2,5,1,1,,4.71947,303,1492,0.091296,83,0,3.83333,,0,0,0,0,0,0,0,0,0,,270,270,,0,0,0,0
1612452637096,6,1010123456019,76,,1,2,5,1,1,,5.50101,497,63,0.173472,142,0,5.75,,0,0,0,0,0,0,0,0,0,,426,426,,0,0,0,0
1612452637346,6,1010123456019,76,,1,2,5,1,1,,7.45578,294,0,0.133984,89,0,7,,0.1,8,0,0,2,100,0,0.473331,0,,252,252,,0,0,0,10
1612452637596,6,1010123456019,76,,1,2,5,1,1,,11.4437,142,0,0.098912,42,0,7.66667,,0,6,0,0,2,100,0,0,0,,123,123,,0,0,0,0
1612452637846,6,1010123456019,76,,1,2,5,1,1,,8.77209,215,213,0.11984,63,0,6.66667,,0.1,10,0,0.1,3,0,0,1.30309,31,,189,189,,0,0,0,4
1612452638096,6,1010123456019,76,,1,2,5,1,1,,7.90041,241,158,0.118688,71,0,6.71429,,0.1,4,0,0.1,1,0,0,2.69255,31,,207,207,,0,0,0,1
1612452638346,6,1010123456019,76,,1,2,5,1,1,,9.97143,175,0,0.103008,50,0,7.6,,0.1,11,0,0.1,3,33.3333,0,1.298,31,,150,150,,0,0,0,4.18182
1612452638596,6,1010123456019,76,,1,2,5,1,1,,7.57358,265,0,0.120512,76,0,6.66667,,0.1,33,0,0.1,10,50,0,1.42898,31,,228,228,,0,0,0,5.87879
1612452638846,6,1010123456019,76,,1,2,5,1,1,,8.99231,260,0,0.122688,70,0,7.4,,0,0,0,0,0,0,0,0,0,,222,222,,0,0,0,0
1612452639096,6,1010123456019,76,,1,2,5,1,1,,12.4937,158,0,0.12528,50,0,8.4,,0,3,0,0.1,1,0,0,0,31,,138,138,,0,0,0,0
1612452639346,6,1010123456019,76,,1,2,5,1,1,,10.7063,160,158,0.096512,45,0,7.6,,0.1,11,0,0.1,3,66.6667,0,1.08936,31,,135,135,,0,0,0,6.72727
1612452639596,6,1010123456019,76,,1,2,5,1,1,,11.8199,161,0,0.10704,46,0,8.5,,0.1,7,0,0.1,2,0,0,1.20529,0,,141,141,,0,0,0,5.14286
1612452639846,6,1010123456019,76,,1,2,5,1,1,,8.85882,255,0,0.13584,73,0,7,,0.1,4,0,0.1,1,0,0,1.69866,31,,222,222,,0,0,0,2
1612452640096,6,1010123456019,76,,1,2,5,1,1,,12.1294,170,158,0.122944,49,0,8,,0,0,0,0,0,0,0,0,0,,141,141,,0,0,0,0
1612452640346,6,1010123456019,76,,1,2,5,1,1,,14.2185,151,158,0.131584,43,0,8.66667,,0.1,10,0,0.1,3,33.3333,0,1.29246,31,,132,132,,0,0,0,5.2
1612452640596,6,1010123456019,76,,1,2,5,1,1,,9.91855,221,0,0.1392,61,0,8.8,,9.53165,79,0,0.1,22,77.2727,0,5.06468,31,,186,186,,0,0,0,8.22785
1612452640846,6,1010123456019,76,,1,2,5,1,1,,8.93548,217,110,0.118176,61,0,7,,0,0,0,0,0,0,0,0,0,,186,186,,0,0,0,0
1612452641096,6,1010123456019,76,,1,2,5,1,1,,10.0992,121,0,0.070816,38,0,7.42857,,0,0,0,0,0,0,0,0,0,,105,105,,0,0,0,0
1612452641346,6,1010123456019,76,,1,2,5,1,1,,8.90722,194,0,0.098496,56,0,6.8,,0.1,4,0,0.1,1,0,0,1.11946,31,,168,168,,0,0,0,2
1612452641597,6,1010123456019,76,,1,2,5,1,1,,3.86054,294,442,0.0806056,80,0,6.2,,0,12,0,0,4,100,0,0,0,,261,261,,0,0,0,0
1612452641846,6,1010123456019,76,,1,2,5,1,1,,11.9341,273,0,0.196177,82,0,8.16667,,0.1,19,0,0.1,5,60,0,0.812659,31,,234,234,,0,0,0,7.63158
1612452642096,6,1010123456019,76,,1,2,5,1,1,,12.0926,216,0,0.15856,64,0,8.16667,,0,0,0,0,0,0,0,0,0,,189,189,,0,0,0,0
1612452642346,6,1010123456019,76,,1,2,5,1,1,,6.83544,158,0,0.069184,47,0,4.33333,,0.1,8,0,0,2,100,0,0.976358,0,,135,135,,0,0,0,10
1612452642596,6,1010123456019,76,,1,2,5,1,1,,6.26389,288,0,0.10048,78,0,5.33333,,0.1,8,0,0,2,100,0,0.138497,0,,249,249,,0,0,0,10
1612452642846,6,1010123456019,76,,1,2,5,1,1,,5.69817,328,123,0.134016,93,0,6.33333,,0.1,7,0,0.1,2,0,0,1.2594,31,,285,285,,0,0,0,3.71429
1612452643096,6,1010123456019,76,,1,2,5,1,1,,9.86577,149,0,0.091136,50,0,7.14286,,0,0,0,0,0,0,0,0,0,,129,129,,0,0,0,0
1612452643346,6,1010123456019,76,,1,2,5,1,1,,7.75,92,128,0.043072,20,0,5.5,,0,0,0,0,0,0,0,0,0,,84,84,,0,0,0,0
1612452643596,6,1010123456019,76,,1,2,5,1,1,,5.10234,342,99,0.107712,103,0,6.8,,0.1,10,0,0.1,3,0,0,1.78699,31,,294,294,,0,0,0,2.3
1612452643846,6,1010123456019,76,,1,2,5,1,1,,11.7892,223,41,0.14624,63,0,7.8,,0.1,8,0,0.1,2,0,0,2.73613,31,,192,192,,0,0,0,1
1612452644096,6,1010123456019,76,,1,2,5,1,1,,9.70796,226,0,0.124416,63,0,6.85714,,0,0,0,0,0,0,0,0,0,,189,189,,0,0,0,0
1612452644346,6,1010123456019,76,,1,2,5,1,1,,12.0455,132,315,0.100832,41,0,8.33333,,0.1,11,0,0.1,3,66.6667,0,1.52552,31,,114,114,,0,0,0,6.72727
1612452644596,6,1010123456019,76,,1,2,5,1,1,,10.4948,194,0,0.118592,56,0,8.2,,3.41176,34,0,0.1,10,70,0,8.1073,0,,168,168,,0,0,0,7.44118
1612452644846,6,1010123456019,76,,1,2,5,1,1,,6.07011,271,0,0.100704,78,0,6.2,,0,0,0,0,0,0,0,0,0,,234,234,,0,0,0,0
1612452645096,6,1010123456019,76,,1,2,5,1,1,,6.96013,301,0,0.127424,86,0,5.83333,,0,0,0,0,0,0,0,0,0,,258,258,,0,0,0,0
1612452645346,6,1010123456019,76,,1,2,5,1,1,,6.06006,333,0,0.120672,95,0,6.16667,,0.1,22,0,0.1,6,83.3333,0,0.584037,31,,288,288,,0,0,0,9.18182
1612452645596,6,1010123456019,76,,1,2,5,1,1,,7.96751,277,179,0.128,78,0,5.8,,0.1,26,0,0.1,7,57.1429,0,1.04359,31,,237,237,,0,0,0,6.88462
1612452645846,6,1010123456019,76,,1,2,5,1,1,,6.41718,326,0,0.12096,91,0,4.66667,,0.1,7,0,0.1,2,0,0,1.45434,31,,282,282,,0,0,0,1.85714
1612452646096,6,1010123456019,76,,1,2,5,1,1,,12.3795,195,0,0.151488,58,0,8.16667,,0,0,0,0,0,0,0,0,0,,162,162,,0,0,0,0
1612452646346,6,1010123456019,76,,1,2,5,1,1,,11.5508,187,166,0.119936,51,0,7.4,,0.1,26,0,0.1,7,71.4286,0,1.10288,31,,162,162,,0,0,0,8.26923
1612452646596,6,1010123456019,76,,1,2,5,1,1,,7.25091,275,0,0.119968,80,0,6,,4.58824,34,0,0.1,10,70,0,3.29545,0,,234,234,,0,0,0,7.35294
1612452646846,6,1010123456019,76,,1,2,5,1,1,,8.48515,303,421,0.143968,86,0,6.2,,0,3,0,0.1,1,0,0,0,31,,258,258,,0,0,0,0
1612452647096,6,1010123456019,76,,1,2,5,1,1,,10.642,162,0,0.09104,44,0,6.71429,,0,0,0,0,0,0,0,0,0,,138,138,,0,0,0,0
1612452647346,6,1010123456019,76,,1,2,5,1,1,,7.35211,284,0,0.134944,85,0,6.83333,,0,6,0,0.1,2,50,0,0,31,,243,243,,0,0,0,0
1612452647596,6,1010123456019,76,,1,2,5,1,1,,11.1892,148,0,0.09152,41,0,6.83333,,0.1,26,0,0.1,7,57.1429,0,0.979098,31,,123,123,,0,0,0,6.80769
1612452647846,6,1010123456019,76,,1,2,5,1,1,,12.0899,189,0,0.139872,53,0,8,,0,0,0,0,0,0,0,0,0,,165,165,,0,0,0,0
1612452648096,6,1010123456019,76,,1,2,5,1,1,,9.95092,163,41,0.09584,49,0,7.28571,,0,0,0,0,0,0,0,0,0,,144,144,,0,0,0,0
1612452648346,6,1010123456019,76,,1,2,5,1,1,,12.0381,210,0,0.143424,60,0,7.66667,,0,18,0,0,6,100,0,0,0,,177,177,,0,0,0,0
1612452648596,6,1010123456019,76,,1,2,5,1,1,,11.2983,238,0,0.16048,70,0,7.33333,,0.1,21,0,0.1,6,66.6667,0,0.663372,0,,210,210,,0,0,0,7.14286
1612452648846,6,1010123456019,76,,1,2,5,1,1,,10.9677,155,108,0.090496,42,0,7.5,,0.1,4,0,0.1,1,0,0,1.23759,31,,138,138,,0,0,0,3
1612452649096,6,1010123456019,76,,1,2,5,1,1,,4.93348,451,0,0.140992,129,0,4.42857,,0,3,0,0.1,1,0,0,0,31,,384,384,,0,0,0,0
1612452649346,6,1010123456019,76,,1,2,5,1,1,,3.71148,610,510,0.150816,170,0,3.2,,0,32,0,0.1,11,90.9091,0,0,31,,522,522,,0,0,0,0
1612452649596,6,1010123456019,76,,1,2,5,1,1,,3.85055,455,0,0.12624,140,0,6.6,,0.1,10,0,0.1,3,0,0,1.08612,31,,399,399,,0,0,0,3.5
1612452649846,6,1010123456019,76,,1,2,5,1,1,,7.65116,301,378,0.133216,80,0,6.6,,0,0,0,0,0,0,0,0,0,,255,255,,0,0,0,0
1612452650096,6,1010123456019,76,,1,2,5,1,1,,12.5235,170,331,0.135584,53,0,7.71429,,0,0,0,0,0,0,0,0,0,,150,150,,0,0,0,0
1612452650346,6,1010123456019,76,,1,2,5,1,1,,9.75093,269,0,0.151328,79,0,6.66667,,0.1,13,0,0.1,4,25,0,1.51101,31,,231,231,,0,0,0,4.46154
1612452650596,6,1010123456019,76,,1,2,5,1,1,,9.26633,199,0,0.098624,52,0,7.16667,,0.1,12,0,0,3,100,0,0.707885,0,,171,171,,0,0,0,10
1612452650846,6,1010123456019,76,,1,2,5,1,1,,9.64621,277,0,0.150112,82,0,7.4,,0,6,0,0.1,2,0,0,0,31,,240,240,,0,0,0,0
1612452651096,6,1010123456019,76,,1,2,5,1,1,,7.3942,345,0,0.145312,95,0,6.33333,,0,0,0,0,0,0,0,0,0,,288,288,,0,0,0,0
1612452651346,6,1010123456019,76,,1,2,5,1,1,,9.65942,138,0,0.083008,42,0,7.83333,,0.1,13,0,0.1,4,50,0,1.30201,31,,123,123,,0,0,0,5.84615
1612452651596,6,1010123456019,76,,1,2,5,1,1,,11.3707,205,0,0.134176,60,0,7.66667,,4,52,0,0.1,14,71.4286,0,2.3183,0,,177,177,,0,0,0,8.07692
1612452651846,6,1010123456019,76,,1,2,5,1,1,,4.88345,429,662,0.127712,123,0,4.33333,,0,0,0,0,0,0,0,0,0,,372,372,,0,0,0,0
1612452652096,6,1010123456019,76,,1,2,5,1,1,,5.62348,494,0,0.136896,138,0,5.33333,,0.1,16,0,0,4,100,0,0.276483,0,,423,423,,0,0,0,10
1612452652346,6,1010123456019,76,,1,2,5,1,1,,6.02951,305,0,0.125408,88,0,6.16667,,0,0,0,0,0,0,0,0,0,,258,258,,0,0,0,0
1612452652596,6,1010123456019,76,,1,2,5,1,1,,10.8647,133,158,0.103168,43,0,7.4,,0.1,31,0,0.1,9,77.7778,0,1.13748,31,,117,117,,0,0,0,8.09677
1612452652846,6,1010123456019,76,,1,2,5,1,1,,5.1234,235,464,0.073056,66,0,6,,0,0,0,0,0,0,0,0,0,,210,210,,0,0,0,0
1612452653096,6,1010123456019,76,,1,2,5,1,1,,10.3818,220,246,0.124704,62,0,7,,0,0,0,0,0,0,0,0,0,,183,183,,0,0,0,0
1612452653346,6,1010123456019,76,,1,2,5,1,1,,11.1893,206,0,0.133664,59,0,8,,0.1,10,0,0.1,3,33.3333,0,1.35741,31,,174,174,,0,0,0,5.5
1612452653596,6,1010123456019,76,,1,2,5,1,1,,4.91971,274,0,0.091072,76,0,6.8,,0.1,4,0,0.1,1,0,0,2.24128,0,,240,240,,0,0,0,4
1612452653846,6,1010123456019,76,,1,2,5,1,1,,8.17672,232,0,0.114336,66,0,6.33333,,0,0,0,0,0,0,0,0,0,,195,195,,0,0,0,0
1612452654096,6,1010123456019,76,,1,2,5,1,1,,7.56471,255,465,0.125632,76,0,5.71429,,0,3,0,0.1,1,0,0,0,31,,225,225,,0,0,0,0
1612452654346,6,1010123456019,76,,1,2,5,1,1,,6.48148,324,158,0.138144,94,0,6,,15,8,0,0,2,100,0,1.57398,0,,276,276,,0,0,0,10
1612452654596,6,1010123456019,76,,1,2,5,1,1,,11.566,106,137,0.064256,28,0,7.66667,,15,8,0,0,2,100,0,0.327061,0,,96,96,,0,0,0,10
1612452654846,6,1010123456019,76,,1,2,5,1,1,,8.90594,202,905,0.12512,62,0,6.5,,0,0,0,0,0,0,0,0,0,,180,180,,0,0,0,0
1612452655096,6,1010123456019,76,,1,2,5,1,1,,8.99631,271,0,0.155072,79,0,5.85714,,0,0,0,0,0,0,0,0,0,,237,237,,0,0,0,0
1612452655346,6,1010123456019,76,,1,2,5,1,1,,9.24852,169,270,0.102496,44,0,5.83333,,0.1,10,0,0.1,3,33.3333,0,1.11873,31,,147,147,,0,0,0,5.5
1612452655596,6,1010123456019,76,,1,2,5,1,1,,8.10744,242,0,0.109024,72,0,7.75,,5.47368,38,0,0.1,10,70,0,3.38569,0,,204,204,,0,0,0,7.63158
1612452655846,6,1010123456019,76,,1,2,5,1,1,,4.6373,386,1120,0.104704,110,0,4.25,,0,0,0,0,0,0,0,0,0,,339,339,,0,0,0,0
1612452656096,6,1010123456019,76,,1,2,5,1,1,,11.2433,263,246,0.17216,80,0,7.85714,,0,0,0,0,0,0,0,0,0,,225,225,,0,0,0,0
1612452656346,6,1010123456019,76,,1,2,5,1,1,,10.9402,234,0,0.149984,69,0,6.5,,0.1,15,0,0.1,4,50,0,1.19362,31,,204,204,,0,0,0,5.73333
1612452656596,6,1010123456019,76,,1,2,5,1,1,,4.84158,404,0,0.130144,113,0,5.6,,4.33333,36,0,0.1,11,63.6364,0,4.43137,31,,342,342,,0,0,0,6.36111
1612452656846,6,1010123456019,76,,1,2,5,1,1,,12.5105,143,0,0.104096,40,0,8.16667,,0.1,4,0,0.1,1,0,0,1.75583,31,,120,120,,0,0,0,1
1612452657096,6,1010123456019,76,,1,2,5,1,1,,12.352,125,0,0.09264,36,0,7,,0,0,0,0,0,0,0,0,0,,105,105,,0,0,0,0
1612452657346,6,1010123456019,76,,1,2,5,1,1,,12.1579,171,158,0.11728,48,0,7.83333,,0.1,13,0,0.1,4,50,0,0.974011,31,,144,144,,0,0,0,6.30769
1612452657596,6,1010123456019,76,,1,2,5,1,1,,11.1972,142,0,0.090752,41,0,7.16667,,4.44737,38,0,0.1,11,63.6364,0,2.99682,0,,123,123,,0,0,0,7.18421
1612452657846,6,1010123456019,76,,1,2,5,1,1,,7.71268,355,167,0.163168,97,0,7,,0,3,0,0.1,1,0,0,0,31,,306,306,,0,0,0,0
1612452658096,6,1010123456019,76,,1,2,5,1,1,,5.18182,352,0,0.129536,106,0,5.16667,,0,6,0,0.1,2,0,0,0,31,,303,303,,0,0,0,0
1612452658346,6,1010123456019,76,,1,2,5,1,1,,10.3385,130,0,0.075584,37,0,7.66667,,0.1,11,0,0.1,3,33.3333,0,0.838029,31,,111,111,,0,0,0,6
1612452658596,6,1010123456019,76,,1,2,5,1,1,,10.5352,256,0,0.1448,70,0,6.66667,,4.875,32,0,0.1,10,70,0,4.492,0,,222,222,,0,0,0,7.09375
1612452658846,6,1010123456019,76,,1,2,5,1,1,,12.1584,101,0,0.074976,31,0,7.83333,,0,0,0,0,0,0,0,0,0,,84,84,,0,0,0,0
1612452659096,6,1010123456019,76,,1,2,5,1,1,,10.2112,161,175,0.095296,42,0,6.6,,0,0,0,0,0,0,0,0,0,,141,141,,0,0,0,0
1612452659346,6,1010123456019,76,,1,2,5,1,1,,5.46689,302,243,0.094656,85,0,6.66667,,0,15,0,0.1,5,80,0,0,31,,261,261,,0,0,0,0
1612452659596,6,1010123456019,76,,1,2,5,1,1,,12.1208,207,0,0.158112,65,0,8.16667,,0.1,10,0,0.1,3,0,0,1.91251,31,,180,180,,0,0,0,4.4
1612452659846,6,1010123456019,76,,1,2,5,1,1,,10.3102,187,840,0.111232,53,0,6.5,,0,0,0,0,0,0,0,0,0,,162,162,,0,0,0,0
1612452660096,6,1010123456019,76,,1,2,5,1,1,,11.848,204,198,0.13456,57,0,8.14286,,0,0,0,0,0,0,0,0,0,,171,171,,0,0,0,0
1612452660346,6,1010123456019,76,,1,2,5,1,1,,12.3833,180,158,0.143808,56,0,7.66667,,0.1,23,0,0.1,6,66.6667,0,1.14196,31,,159,159,,0,0,0,7.04348
1612452660596,6,1010123456019,76,,1,2,5,1,1,,12.669,145,0,0.10112,39,0,7.8,,5.2,40,0,0.1,11,63.6364,0,2.85515,31,,129,129,,0,0,0,7.475
1612452660846,6,1010123456019,76,,1,2,5,1,1,,11.6495,194,226,0.13904,58,0,7.5,,0,0,0,0,0,0,0,0,0,,168,168,,0,0,0,0
1612452661096,6,1010123456019,76,,1,2,5,1,1,,10.5,196,750,0.114731,54,0,7.33333,,0,0,0,0,0,0,0,0,0,,162,162,,0,0,0,0
1612452661346,6,1010123456019,76,,1,2,5,1,1,,9.56849,146,0,0.084608,43,0,8.33333,,0.1,10,0,0.1,3,33.3333,0,1.15233,31,,126,126,,0,0,0,7
1612452661596,6,1010123456019,76,,1,2,5,1,1,,5.90877,285,562,0.101952,77,0,4.6,,5.47368,38,0,0.1,10,70,0,2.79409,0,,246,249,,0,0,0,8
1612452661846,6,1010123456019,76,,1,2,5,1,1,,9.19868,302,0,0.161952,92,0,7.33333,,0,3,0,0.1,1,0,0,0,31,,258,255,,0,0,0,0
1612452662096,6,1010123456019,76,,1,2,5,1,1,,7.27734,256,230,0.106304,68,0,6.71429,,0,0,0,0,0,0,0,0,0,,216,216,,0,0,0,0
1612452662346,6,1010123456019,76,,1,2,5,1,1,,7.22642,265,0,0.130112,78,0,6.5,,0.1,10,0,0.1,3,66.6667,0,0.856076,31,,222,222,,0,0,0,7.3
1612452662596,6,1010123456019,76,,1,2,5,1,1,,7.11494,261,105,0.120896,74,0,6.83333,,0.1,7,0,0.1,2,0,0,1.10355,0,,228,228,,0,0,0,4.71429
1612452662846,6,1010123456019,76,,1,2,5,1,1,,9.32677,254,0,0.14064,73,0,6.5,,0,12,0,0,4,100,0,0,0,,213,213,,0,0,0,0
1612452663096,6,1010123456019,76,,1,2,5,1,1,,11.8707,116,0,0.079872,33,0,8,,0,0,0,0,0,0,0,0,0,,99,99,,0,0,0,0
1612452663346,6,1010123456019,76,,1,2,5,1,1,,11.6021,191,0,0.122528,52,0,8,,5.14286,7,0,0.1,2,0,0,30.0688,31,,165,165,,0,0,0,1
1612452663596,6,1010123456019,76,,1,2,5,1,1,,0,0,0,0.005376,3,0,5.33333,,13,4,0,0.1,1,0,0,35.1211,0,,0,0,,0,0,0,1
1612452663846,6,1010123456019,76,,1,2,5,1,1,,0,0,0,0,0,0,11.5,,0,0,0,0,0,0,0,0,0,,0,0,,0,0,0,0
1612452664096,6,1010123456019,76,,1,2,5,1,1,,0,0,0,0,0,0,9.66667,,0,0,0,0,0,0,0,0,0,,0,0,,0,0,0,0
1612452664346,6,1010123456019,76,,1,2,5,1,1,,0,0,0,0,0,0,7,,0,0,0,0,0,0,0,0,0,,0,0,,0,0,0,0
1612452664596,6,1010123456019,76,,1,2,5,1,1,,0,0,0,0,0,0,8,,0,0,0,0,0,0,0,0,0,,0,0,,0,0,0,0
1612452664846,6,1010123456019,76,,1,2,5,1,1,,0,0,0,0,0,0,3.5,,0,0,0,0,0,0,0,0,0,,0,0,,0,0,0,0
1612452665096,6,1010123456019,76,,1,2,5,1,1,,0,0,0,0,0,0,7.25,,0,0,0,0,0,0,0,0,0,,0,0,,0,0,0,0
