time,nof_ue,dl_brate,ul_brate
1612642603810,0,0.0,0.0
1612642604060,0,0.0,0.0
1612642604310,0,0.0,0.0
1612642604560,0,0.0,0.0
1612642604810,0,0.0,0.0
1612642605060,0,0.0,0.0
1612642605310,0,0.0,0.0
1612642605560,0,0.0,0.0
1612642605810,0,0.0,0.0
1612642606060,0,0.0,0.0
1612642606310,0,0.0,0.0
1612642606560,0,0.0,0.0
1612642606810,0,0.0,0.0
1612642607060,0,0.0,0.0
1612642607310,0,0.0,0.0
1612642607560,0,0.0,0.0
1612642607810,0,0.0,0.0
1612642608060,0,0.0,0.0
1612642608310,0,0.0,0.0
1612642608560,0,0.0,0.0
1612642608810,0,0.0,0.0
1612642609060,0,0.0,0.0
1612642609310,0,0.0,0.0
1612642609560,0,0.0,0.0
1612642609810,0,0.0,0.0
1612642610060,0,0.0,0.0
1612642610310,0,0.0,0.0
1612642610560,0,0.0,0.0
1612642610810,0,0.0,0.0
1612642611060,0,0.0,0.0
1612642611310,0,0.0,0.0
1612642611560,0,0.0,0.0
1612642611810,0,0.0,0.0
1612642612060,0,0.0,0.0
1612642612310,0,0.0,0.0
1612642612560,0,0.0,0.0
1612642612810,0,0.0,0.0
1612642613060,0,0.0,0.0
1612642613310,0,0.0,0.0
1612642613560,0,0.0,0.0
1612642613810,0,0.0,0.0
1612642614060,0,0.0,0.0
1612642614310,0,0.0,0.0
1612642614560,0,0.0,0.0
1612642614810,0,0.0,0.0
1612642615060,0,0.0,0.0
1612642615310,0,0.0,0.0
1612642615560,0,0.0,0.0
1612642615810,0,0.0,0.0
1612642616060,0,0.0,0.0
1612642616310,0,0.0,0.0
1612642616560,0,0.0,0.0
1612642616810,0,0.0,0.0
1612642617060,0,0.0,0.0
1612642617310,0,0.0,0.0
1612642617560,0,0.0,0.0
1612642617810,0,0.0,0.0
1612642618060,0,0.0,0.0
1612642618310,0,0.0,0.0
1612642618560,0,0.0,0.0
1612642618810,0,0.0,0.0
1612642619060,0,0.0,0.0
1612642619310,0,0.0,0.0
1612642619560,0,0.0,0.0
1612642619810,0,0.0,0.0
1612642620060,0,0.0,0.0
1612642620310,0,0.0,0.0
1612642620560,0,0.0,0.0
1612642620810,0,0.0,0.0
1612642621060,0,0.0,0.0
1612642621310,0,0.0,0.0
1612642621560,0,0.0,0.0
1612642621810,0,0.0,0.0
1612642622060,0,0.0,0.0
1612642622310,0,0.0,0.0
1612642622560,0,0.0,0.0
1612642622810,0,0.0,0.0
1612642623060,0,0.0,0.0
1612642623310,0,0.0,0.0
1612642623560,0,0.0,0.0
1612642623810,0,0.0,0.0
1612642624060,0,0.0,0.0
1612642624310,0,0.0,0.0
1612642624560,0,0.0,0.0
1612642624810,0,0.0,0.0
1612642625060,0,0.0,0.0
1612642625310,0,0.0,0.0
1612642625560,0,0.0,0.0
1612642625810,0,0.0,0.0
1612642626060,0,0.0,0.0
1612642626310,0,0.0,0.0
1612642626560,0,0.0,0.0
1612642626810,0,0.0,0.0
1612642627060,0,0.0,0.0
1612642627310,0,0.0,0.0
1612642627560,0,0.0,0.0
1612642627810,0,0.0,0.0
1612642628060,0,0.0,0.0
1612642628310,0,0.0,0.0
1612642628560,0,0.0,0.0
1612642628810,0,0.0,0.0
1612642629060,0,0.0,0.0
1612642629310,0,0.0,0.0
1612642629560,0,0.0,0.0
1612642629810,0,0.0,0.0
1612642630060,0,0.0,0.0
1612642630310,0,0.0,0.0
1612642630560,0,0.0,0.0
1612642630810,0,0.0,0.0
1612642631060,0,0.0,0.0
1612642631310,0,0.0,0.0
1612642631560,0,0.0,0.0
1612642631810,0,0.0,0.0
1612642632060,0,0.0,0.0
1612642632310,0,0.0,0.0
1612642632560,0,0.0,0.0
1612642632810,0,0.0,0.0
1612642633060,0,0.0,0.0
1612642633310,0,0.0,0.0
1612642633560,0,0.0,0.0
1612642633810,0,0.0,0.0
1612642634060,0,0.0,0.0
1612642634310,0,0.0,0.0
1612642634560,0,0.0,0.0
1612642634810,0,0.0,0.0
1612642635060,0,0.0,0.0
1612642635310,0,0.0,0.0
1612642635560,0,0.0,0.0
1612642635810,0,0.0,0.0
1612642636060,0,0.0,0.0
1612642636310,0,0.0,0.0
1612642636560,0,0.0,0.0
1612642636810,0,0.0,0.0
1612642637060,0,0.0,0.0
1612642637310,0,0.0,0.0
1612642637560,0,0.0,0.0
1612642637810,0,0.0,0.0
1612642638060,0,0.0,0.0
1612642638310,0,0.0,0.0
1612642638560,0,0.0,0.0
1612642638810,0,0.0,0.0
1612642639060,0,0.0,0.0
1612642639310,0,0.0,0.0
1612642639560,0,0.0,0.0
1612642639810,0,0.0,0.0
1612642640060,0,0.0,0.0
1612642640310,0,0.0,0.0
1612642640560,0,0.0,0.0
1612642640810,0,0.0,0.0
1612642641060,0,0.0,0.0
1612642641310,0,0.0,0.0
1612642641560,0,0.0,0.0
1612642641810,0,0.0,0.0
1612642642060,0,0.0,0.0
1612642642310,0,0.0,0.0
1612642642560,0,0.0,0.0
1612642642810,0,0.0,0.0
1612642643060,0,0.0,0.0
1612642643310,0,0.0,0.0
1612642643560,0,0.0,0.0
1612642643810,0,0.0,0.0
1612642644060,0,0.0,0.0
1612642644310,0,0.0,0.0
1612642644560,0,0.0,0.0
1612642644810,0,0.0,0.0
1612642645060,0,0.0,0.0
1612642645310,0,0.0,0.0
1612642645560,0,0.0,0.0
1612642645810,0,0.0,0.0
1612642646060,0,0.0,0.0
1612642646310,0,0.0,0.0
1612642646560,0,0.0,0.0
1612642646810,0,0.0,0.0
1612642647060,0,0.0,0.0
1612642647310,0,0.0,0.0
1612642647560,0,0.0,0.0
1612642647810,0,0.0,0.0
1612642648060,0,0.0,0.0
1612642648310,0,0.0,0.0
1612642648560,0,0.0,0.0
1612642648810,0,0.0,0.0
1612642649060,0,0.0,0.0
1612642649310,0,0.0,0.0
1612642649560,0,0.0,0.0
1612642649810,0,0.0,0.0
1612642650060,0,0.0,0.0
1612642650310,0,0.0,0.0
1612642650560,0,0.0,0.0
1612642650810,0,0.0,0.0
1612642651060,0,0.0,0.0
1612642651310,0,0.0,0.0
1612642651560,0,0.0,0.0
1612642651810,0,0.0,0.0
1612642652060,0,0.0,0.0
1612642652310,0,0.0,0.0
1612642652560,0,0.0,0.0
1612642652810,0,0.0,0.0
1612642653060,0,0.0,0.0
1612642653310,0,0.0,0.0
1612642653560,0,0.0,0.0
1612642653810,0,0.0,0.0
1612642654060,0,0.0,0.0
1612642654310,0,0.0,0.0
1612642654560,0,0.0,0.0
1612642654810,0,0.0,0.0
1612642655060,0,0.0,0.0
1612642655310,0,0.0,0.0
1612642655560,0,0.0,0.0
1612642655810,0,0.0,0.0
1612642656060,0,0.0,0.0
1612642656310,0,0.0,0.0
1612642656560,0,0.0,0.0
1612642656810,0,0.0,0.0
1612642657060,0,0.0,0.0
1612642657310,0,0.0,0.0
1612642657560,0,0.0,0.0
1612642657810,0,0.0,0.0
1612642658060,0,0.0,0.0
1612642658310,0,0.0,0.0
1612642658560,0,0.0,0.0
1612642658810,0,0.0,0.0
1612642659060,0,0.0,0.0
1612642659310,0,0.0,0.0
1612642659560,0,0.0,0.0
1612642659810,0,0.0,0.0
1612642660060,0,0.0,0.0
1612642660310,0,0.0,0.0
1612642660560,0,0.0,0.0
1612642660810,0,0.0,0.0
1612642661060,0,0.0,0.0
1612642661310,0,0.0,0.0
1612642661560,0,0.0,0.0
1612642661810,0,0.0,0.0
1612642662060,0,0.0,0.0
1612642662310,0,0.0,0.0
1612642662560,0,0.0,0.0
1612642662810,0,0.0,0.0
1612642663060,0,0.0,0.0
1612642663310,0,0.0,0.0
1612642663560,0,0.0,0.0
1612642663810,0,0.0,0.0
1612642664060,1,0.0,1018.181824
1612642664310,1,1024.000000,0.0
1612642664560,1,4736.000000,76544.000000
1612642664810,1,4896.000000,56608.000000
1612642665060,1,1824.000000,18080.000000
1612642665310,1,0.0,0.0
1612642665560,1,0.0,0.0
1612642665810,1,0.0,0.0
1612642666060,1,0.0,0.0
1612642666310,1,0.0,0.0
1612642666560,1,0.0,0.0
1612642666810,2,0.0,659
1612642667061,5,3669.753662,1031.330078
1612642667310,5,224,17056.000000
1612642667561,5,14112.000000,124416.000000
1612642667810,4,1824.000000,18080.000000
1612642668061,5,7623.882812,33671.722656
1612642668310,5,9504.000000,164672.000000
1612642668561,5,6976.000000,182496.000000
1612642668810,5,1824.000000,35136.000000
1612642669061,6,7887.175293,57185.320312
1612642669310,6,1824.000000,18080.000000
1612642669560,6,5248.000000,94496.000000
1612642669810,6,5920.000000,38656.000000
1612642670060,6,0.0,18080.000000
1612642670310,6,0.0,0.0
1612642670561,6,0.0,0.0
1612642670810,6,0.0,0.0
1612642671060,6,0.0,0.0
1612642671310,6,0.0,0.0
1612642671560,6,0.0,0.0
1612642671810,6,0.0,0.0
1612642672060,6,0.0,0.0
1612642672310,6,0.0,0.0
1612642672560,6,0.0,0.0
1612642672810,6,0.0,0.0
1612642673060,6,0.0,0.0
1612642673310,6,0.0,0.0
1612642673560,6,0.0,0.0
1612642673810,6,0.0,0.0
1612642674060,6,0.0,0.0
1612642674310,6,0.0,0.0
1612642674560,6,0.0,0.0
1612642674810,6,0.0,0.0
1612642675060,6,0.0,0.0
1612642675310,6,0.0,0.0
1612642675560,6,0.0,0.0
1612642675810,6,0.0,0.0
1612642676060,6,0.0,0.0
1612642676310,6,0.0,0.0
1612642676561,6,0.0,0.0
1612642676810,6,0.0,0.0
1612642677060,6,0.0,0.0
1612642677310,6,0.0,0.0
1612642677560,6,0.0,0.0
1612642677810,6,0.0,0.0
1612642678060,6,0.0,0.0
1612642678311,6,0.0,0.0
1612642678560,6,0.0,0.0
1612642678811,6,0.0,0.0
1612642679060,6,0.0,0.0
1612642679310,6,0.0,0.0
1612642679560,6,0.0,0.0
1612642679810,6,0.0,0.0
1612642680060,6,0.0,0.0
1612642680310,6,0.0,0.0
1612642680560,6,0.0,0.0
1612642680810,6,0.0,0.0
1612642681060,6,0.0,0.0
1612642681310,6,0.0,0.0
1612642681560,6,0.0,0.0
1612642681810,6,0.0,17056.000000
1612642682060,6,0.0,0.0
1612642682310,6,0.0,0.0
1612642682560,6,0.0,0.0
1612642682810,6,0.0,0.0
1612642683060,6,0.0,0.0
1612642683310,6,0.0,0.0
1612642683560,6,0.0,0.0
1612642683810,6,0.0,0.0
1612642684060,6,0.0,0.0
1612642684310,6,0.0,0.0
1612642684560,6,0.0,0.0
1612642684810,6,0.0,0.0
1612642685060,6,0.0,0.0
1612642685310,6,0.0,0.0
1612642685560,6,0.0,0.0
1612642685810,6,0.0,0.0
1612642686060,6,0.0,0.0
1612642686310,6,0.0,0.0
1612642686560,6,0.0,0.0
1612642686810,6,0.0,0.0
1612642687060,6,0.0,0.0
1612642687310,6,0.0,0.0
1612642687560,6,0.0,0.0
1612642687810,6,0.0,0.0
1612642688060,6,0.0,0.0
1612642688310,6,0.0,0.0
1612642688560,6,0.0,0.0
1612642688810,6,0.0,0.0
1612642689060,6,0.0,17056.000000
1612642689310,6,0.0,0.0
1612642689560,6,0.0,0.0
1612642689810,6,0.0,0.0
1612642690060,6,0.0,0.0
1612642690310,6,0.0,0.0
1612642690560,6,0.0,0.0
1612642690810,6,0.0,0.0
1612642691060,6,0.0,0.0
1612642691310,6,0.0,0.0
1612642691560,6,0.0,0.0
1612642691810,6,0.0,0.0
1612642692060,6,0.0,0.0
1612642692310,6,0.0,0.0
1612642692560,6,0.0,0.0
1612642692810,6,0.0,0.0
1612642693060,6,0.0,0.0
1612642693310,6,0.0,0.0
1612642693561,6,0.0,0.0
1612642693810,6,0.0,0.0
1612642694060,6,0.0,0.0
1612642694310,6,0.0,0.0
1612642694560,6,0.0,17056.000000
1612642694810,6,0.0,0.0
1612642695061,6,0.0,0.0
1612642695310,6,0.0,0.0
1612642695560,6,0.0,0.0
1612642695810,6,0.0,0.0
1612642696060,6,0.0,0.0
1612642696310,6,0.0,0.0
1612642696560,6,0.0,0.0
1612642696810,6,0.0,0.0
1612642697060,6,0.0,0.0
1612642697310,6,0.0,0.0
1612642697560,6,0.0,0.0
1612642697811,6,0.0,0.0
1612642698061,6,0.0,0.0
1612642698310,6,0.0,0.0
1612642698560,6,0.0,0.0
1612642698810,6,0.0,0.0
1612642699060,6,0.0,0.0
1612642699310,6,0.0,0.0
1612642699560,6,0.0,0.0
1612642699810,6,0.0,0.0
1612642700060,6,0.0,0.0
1612642700310,6,0.0,0.0
1612642700560,6,0.0,0.0
1612642700810,6,0.0,0.0
1612642701060,6,0.0,0.0
1612642701310,6,0.0,0.0
1612642701560,6,0.0,0.0
1612642701810,6,0.0,0.0
1612642702060,6,0.0,0.0
1612642702311,6,0.0,0.0
1612642702560,6,0.0,0.0
1612642702810,6,0.0,0.0
1612642703060,6,0.0,0.0
1612642703310,6,0.0,0.0
1612642703560,6,0.0,0.0
1612642703811,6,0.0,0.0
1612642704060,6,0.0,0.0
1612642704310,6,0.0,0.0
1612642704560,6,0.0,0.0
1612642704810,6,0.0,0.0
1612642705060,6,0.0,0.0
1612642705310,6,0.0,0.0
1612642705560,6,0.0,0.0
1612642705811,6,0.0,0.0
1612642706060,6,0.0,0.0
1612642706310,6,0.0,0.0
1612642706560,6,0.0,0.0
1612642706810,6,0.0,0.0
1612642707060,6,0.0,0.0
1612642707311,6,0.0,0.0
1612642707560,6,0.0,0.0
1612642707810,6,0.0,0.0
1612642708060,6,0.0,0.0
1612642708310,6,0.0,0.0
1612642708561,6,0.0,0.0
1612642708810,6,0.0,0.0
1612642709060,6,0.0,0.0
1612642709310,6,0.0,0.0
1612642709561,6,0.0,0.0
1612642709810,6,0.0,0.0
1612642710060,6,0.0,0.0
1612642710310,6,0.0,0.0
1612642710560,6,0.0,0.0
1612642710810,6,0.0,0.0
1612642711060,6,0.0,0.0
1612642711310,6,0.0,0.0
1612642711560,6,0.0,0.0
1612642711810,6,0.0,0.0
1612642712060,6,0.0,0.0
1612642712311,6,0.0,0.0
1612642712560,6,0.0,0.0
1612642712810,6,0.0,0.0
1612642713060,6,0.0,0.0
1612642713310,6,0.0,0.0
1612642713561,6,0.0,0.0
1612642713810,6,0.0,0.0
1612642714060,6,0.0,0.0
1612642714310,6,0.0,0.0
1612642714560,6,0.0,17056.000000
1612642714810,6,1354080.000000,323008.000000
1612642715060,6,2834912.000000,236288.000000
1612642715310,6,2713760.000000,54656.000000
1612642715560,6,4168384.000000,97344.000000
1612642715810,6,2679229.000000,30779.117188
1612642716060,6,1987474.125000,58677.289062
1612642716310,6,2518816.000000,66080.000000
1612642716560,6,2932128.000000,0.0
1612642716810,6,2849312.000000,36192.000000
1612642717060,6,2270752.000000,93568.000000
1612642717310,6,2779520.000000,0.0
1612642717560,6,2543072.000000,0.0
1612642717810,6,2460352.000000,72416.000000
1612642718060,6,2586784.000000,65696.000000
1612642718310,6,1681696.000000,0.0
1612642718560,6,3050688.000000,0.0
1612642718810,6,3316608.000000,5536.000000
1612642719060,6,2798976.000000,104768.000000
1612642719310,6,2415104.000000,0.0
1612642719560,6,2377920.000000,0.0
1612642719811,6,1932800.000000,115424.000000
1612642720061,6,2809952.000000,24160.000000
1612642720310,6,2426592.000000,0.0
1612642720560,6,2491424.000000,17504.000000
1612642720810,6,3583200.000000,18016.000000
1612642721060,6,3230176.000000,102528.000000
1612642721310,6,2883488.000000,6432.000000
1612642721560,6,3303968.000000,0.0
1612642721810,6,3137920.000000,26816.000000
1612642722061,6,3352384.000000,237376.000000
1612642722310,6,3356736.000000,0.0
1612642722560,6,3335104.000000,0.0
1612642722810,6,2144800.000000,0.0
1612642723060,6,3234592.000000,150912.000000
1612642723310,6,2387136.000000,6432.000000
1612642723560,6,4048160.000000,0.0
1612642723810,6,3136288.000000,12384.000000
1612642724060,6,3070976.000000,104608.000000
1612642724310,6,2291456.000000,11072.000000
1612642724560,6,2065152.000000,0.0
1612642724810,6,2608256.000000,41728.000000
1612642725060,6,2755264.000000,164480.000000
1612642725310,6,3585888.000000,7136.000000
1612642725560,6,2940992.000000,5536.000000
1612642725810,6,2747968.000000,30304.000000
1612642726060,6,2176864.000000,96576.000000
1612642726310,6,1993824.000000,0.0
1612642726560,6,2221664.000000,0.0
1612642726811,6,2975556.000000,91751.453125
1612642727060,6,2814144.000000,42613.546875
1612642727310,6,3438624.000000,5536.000000
1612642727561,6,2865664.000000,0.0
1612642727810,6,3052448.000000,0.0
1612642728060,6,2288896.000000,136096.000000
1612642728310,6,2640288.000000,0.0
1612642728560,6,2292544.000000,0.0
1612642728810,6,2643520.000000,17056.000000
1612642729060,6,2658656.000000,71648.000000
1612642729310,6,2158144.000000,11968.000000
1612642729560,6,2612576.000000,5536.000000
1612642729810,6,3153248.000000,0.0
1612642730060,6,3124928.000000,250176.000000
1612642730310,6,3733952.000000,6432.000000
1612642730561,6,3506624.000000,0.0
1612642730810,6,2496640.000000,22656.000000
1612642731060,6,3858368.000000,47200.000000
1612642731310,6,2545056.000000,12864.000000
1612642731560,6,2053120.000000,2688.000000
1612642731810,6,2453312.000000,78752.000000
1612642732060,6,2141440.000000,88480.000000
1612642732310,6,2702880.000000,5536.000000
1612642732560,6,2947776.000000,0.0
1612642732810,6,3353184.000000,0.0
1612642733060,6,2420864.000000,61024.000000
1612642733310,6,2868864.000000,7680.000000
1612642733560,6,3253248.000000,0.0
1612642733810,6,2575296.000000,53216.000000
1612642734060,6,2692768.000000,73280.000000
1612642734310,6,3582560.000000,0.0
1612642734560,6,2310016.000000,0.0
1612642734810,6,2178464.000000,30656.000000
1612642735060,6,3629472.000000,200704.000000
1612642735310,6,2786400.000000,5536.000000
1612642735561,6,2569600.000000,11072.000000
1612642735810,6,2766944.000000,0.0
1612642736060,6,2060416.000000,128320.000000
1612642736310,6,2630976.000000,0.0
1612642736560,6,2474112.000000,0.0
1612642736810,6,2690313.250000,6875.501953
1612642737060,6,3393051.500000,122326.695312
1612642737310,6,2626368.000000,11072.000000
1612642737560,6,2588128.000000,5536.000000
1612642737811,6,2750112.000000,54112.000000
1612642738060,6,3234880.000000,102400.000000
1612642738310,6,2819264.000000,0.0
1612642738560,6,2534496.000000,0.0
1612642738810,6,3190080.000000,12384.000000
1612642739060,6,2906720.000000,114048.000000
1612642739310,6,2521888.000000,0.0
1612642739560,6,2000800.000000,0.0
1612642739811,6,3269280.000000,80256.000000
1612642740060,6,3021792.000000,79872.000000
1612642740310,6,3635008.000000,0.0
1612642740560,6,3649696.000000,0.0
1612642740810,6,4131488.000000,26976.000000
1612642741060,6,3066368.000000,91584.000000
1612642741310,6,2754208.000000,0.0
1612642741560,6,3705216.000000,0.0
1612642741810,6,3646752.000000,5536.000000
1612642742061,6,2737472.000000,97920.000000
1612642742310,6,3156960.000000,5536.000000
1612642742560,6,3833504.000000,0.0
1612642742810,6,2255616.000000,61568.000000
1612642743060,6,2509184.000000,28736.000000
1612642743310,6,2866976.000000,7680.000000
1612642743560,6,4254016.000000,0.0
1612642743810,6,2754080.000000,83936.000000
1612642744060,6,3165408.000000,74368.000000
1612642744310,6,4178464.000000,0.0
1612642744560,6,2673184.000000,0.0
1612642744811,6,2739486.750000,175744.000000
1612642745060,6,3101867.000000,54438.246094
1612642745310,6,2555328.000000,0.0
1612642745560,6,2709504.000000,0.0
1612642745810,6,2602144.000000,5536.000000
1612642746061,6,3259136.000000,60000.000000
1612642746310,6,3656224.000000,19040.000000
1612642746560,6,2594368.000000,0.0
1612642746810,6,2805952.000000,41728.000000
1612642747060,6,2761408.000000,42976.000000
1612642747310,6,2715328.000000,7328.000000
1612642747560,6,3196672.000000,5536.000000
1612642747811,6,2485248.000000,106944.000000
1612642748060,6,1822496.000000,14432.000000
1612642748310,6,2961728.000000,75200.000000
1612642748560,6,3180320.000000,0.0
1612642748810,6,2915776.000000,62656.000000
1612642749060,6,3854720.000000,75584.000000
1612642749310,6,3182592.000000,0.0
1612642749560,6,2070496.000000,0.0
1612642749810,6,2562432.000000,19232.000000
1612642750060,6,2430048.000000,53760.000000
1612642750310,6,2600864.000000,9824.000000
1612642750560,6,3221120.000000,0.0
1612642750810,6,3758880.000000,53824.000000
1612642751060,6,3459104.000000,73184.000000
1612642751310,6,3200672.000000,0.0
1612642751560,6,2715712.000000,0.0
1612642751810,6,3155776.000000,22592.000000
1612642752060,6,2979072.000000,149920.000000
1612642752310,6,2206944.000000,6432.000000
1612642752560,6,2627488.000000,0.0
1612642752810,6,2591648.000000,111680.000000
1612642753060,6,2432224.000000,86176.000000
1612642753310,6,3765952.000000,0.0
1612642753560,6,3142688.000000,0.0
1612642753811,6,2952256.000000,33120.000000
1612642754060,6,2620928.000000,19584.000000
1612642754310,6,4028384.000000,7680.000000
1612642754560,6,2734432.000000,0.0
1612642754810,6,3142816.000000,3488.000000
1612642755060,6,2714752.000000,67488.000000
1612642755310,6,2324608.000000,7680.000000
1612642755560,6,2704096.000000,0.0
1612642755811,6,2499114.000000,111285.593750
1612642756060,6,2579427.000000,139111.781250
1612642756310,6,3268864.000000,4480.000000
1612642756560,6,3391776.000000,5376.000000
1612642756810,6,3770688.000000,64192.000000
1612642757060,6,4567104.000000,19232.000000
1612642757310,6,2733984.000000,14112.000000
1612642757560,6,3314016.000000,0.0
1612642757810,6,3264640.000000,17920.000000
1612642758060,6,2914912.000000,74208.000000
1612642758310,6,3419984.000000,6457.831543
1612642758560,6,3050804.750000,5513.944336
1612642758811,6,2739232.000000,25120.000000
1612642759060,6,1898816.000000,94592.000000
1612642759310,6,2919520.000000,0.0
1612642759560,6,2168992.000000,5536.000000
1612642759810,6,2681024.000000,17920.000000
1612642760060,6,3573664.000000,107072.000000
1612642760310,6,3176000.000000,1792.000000
1612642760560,6,2893856.000000,5536.000000
1612642760810,6,1922304.000000,0.0
1612642761060,6,2547488.000000,232064.000000
1612642761310,6,2165984.000000,0.0
1612642761560,6,1718016.000000,0.0
1612642761810,6,2788480.000000,11232.000000
1612642762060,6,3053344.000000,138400.000000
1612642762310,6,3813696.000000,15936.000000
1612642762560,6,2169216.000000,0.0
1612642762810,6,2582880.000000,0.0
1612642763060,6,3099776.000000,50688.000000
1612642763310,6,3414848.000000,57952.000000
1612642763560,6,2552608.000000,0.0
1612642763810,6,3243424.000000,12352.000000
1612642764060,6,2769600.000000,133664.000000
1612642764310,6,2910336.000000,0.0
1612642764560,6,3037376.000000,0.0
1612642764810,6,2655392.000000,0.0
1612642765060,6,3378784.000000,101536.000000
1612642765310,6,2953216.000000,12864.000000
1612642765560,6,2105920.000000,0.0
1612642765810,6,2978208.000000,8512.000000
1612642766060,6,2016832.000000,146816.000000
1612642766310,6,2618976.000000,0.0
1612642766560,6,2319360.000000,0.0
1612642766811,6,2528288.000000,16608.000000
1612642767060,6,2573984.000000,94464.000000
1612642767310,6,2529792.000000,0.0
1612642767560,6,2785280.000000,0.0
1612642767810,6,2930409.500000,12433.735352
1612642768060,6,3133259.000000,171474.109375
1612642768310,6,2808224.000000,12864.000000
1612642768560,6,2928864.000000,896
1612642768810,6,2256608.000000,0.0
1612642769060,6,3465856.000000,230816.000000
1612642769310,6,2325856.000000,5536.000000
1612642769560,6,3786848.000000,0.0
1612642769810,6,3022496.000000,17920.000000
1612642770060,6,3055776.000000,117312.000000
1612642770310,6,2256992.000000,11072.000000
1612642770560,6,2676800.000000,0.0
1612642770810,6,2880224.000000,37184.000000
1612642771060,6,2323616.000000,67008.000000
1612642771310,6,3179744.000000,5536.000000
1612642771560,6,3458336.000000,0.0
1612642771810,6,2371616.000000,3488.000000
1612642772060,6,3909280.000000,88448.000000
1612642772310,6,2654432.000000,7680.000000
1612642772560,6,2420448.000000,0.0
1612642772810,6,2290204.000000,59719.968750
1612642773060,6,3437281.250000,102534.117188
1612642773310,6,2754496.000000,0.0
1612642773560,6,2118393.750000,5558.232910
1612642773810,6,1989737.000000,0.0
1612642774060,6,3722016.000000,175904.000000
1612642774310,6,2472000.000000,5536.000000
1612642774560,6,3090176.000000,27680.000000
1612642774810,6,3142688.000000,17920.000000
1612642775060,6,2983968.000000,59456.000000
1612642775310,6,3004480.000000,6432.000000
1612642775560,6,3069248.000000,4480.000000
1612642775810,6,2766016.000000,19712.000000
1612642776060,6,3562304.000000,179872.000000
1612642776310,6,2355168.000000,0.0
1612642776560,6,2275040.000000,11072.000000
1612642776810,6,2973952.000000,17824.000000
1612642777060,6,2858656.000000,114016.000000
1612642777310,6,2710072.250000,6457.831543
1612642777560,6,2546358.500000,892
1612642777810,6,3149696.000000,12384.000000
1612642778061,6,4231808.000000,208864.000000
1612642778310,6,2667808.000000,0.0
1612642778560,6,2801088.000000,0.0
1612642778810,6,2471648.000000,48224.000000
1612642779060,6,2823904.000000,33248.000000
1612642779310,6,2688704.000000,7680.000000
1612642779560,6,2779264.000000,0.0
1612642779811,6,3924192.000000,89472.000000
1612642780060,6,3474624.000000,189696.000000
1612642780310,6,3118112.000000,11072.000000
1612642780560,6,3698368.000000,0.0
1612642780810,6,3003520.000000,36192.000000
1612642781060,6,3048992.000000,82688.000000
1612642781310,6,2605728.000000,0.0
1612642781560,6,2588896.000000,0.0
1612642781810,6,2456928.000000,0.0
1612642782060,6,2761440.000000,167136.000000
1612642782310,6,2505216.000000,0.0
1612642782560,6,2719840.000000,0.0
1612642782810,6,2572864.000000,16768.000000
1612642783060,6,3197088.000000,79232.000000
1612642783310,6,3016000.000000,6432.000000
1612642783560,6,3183584.000000,10912.000000
1612642783810,6,2709248.000000,17056.000000
1612642784060,6,4179712.000000,111968.000000
1612642784310,6,2849248.000000,7328.000000
1612642784560,6,2776448.000000,3584.000000
1612642784810,6,2732928.000000,10912.000000
1612642785060,6,3333760.000000,96928.000000
1612642785310,6,2801760.000000,6432.000000
1612642785560,6,3344896.000000,5536.000000
1612642785810,6,2948928.000000,11072.000000
1612642786060,6,2921632.000000,43168.000000
1612642786310,6,2903424.000000,49312.000000
1612642786560,6,2655808.000000,5536.000000
1612642786810,6,1842827.375000,37751.003906
1612642787060,6,2842688.000000,116448.000000
1612642787310,6,2974693.250000,0.0
1612642787560,6,3473504.000000,0.0
1612642787810,6,2157248.000000,12384.000000
1612642788060,6,4299136.000000,268032.000000
1612642788310,6,2523488.000000,0.0
1612642788560,6,2289120.000000,0.0
1612642788810,6,2685824.000000,25120.000000
1612642789060,6,2325984.000000,189024.000000
1612642789310,6,2890176.000000,7680.000000
1612642789560,6,3239072.000000,0.0
1612642789810,6,2488096.000000,37120.000000
1612642790060,6,2664896.000000,108352.000000
1612642790310,6,2247296.000000,0.0
1612642790560,6,3064480.000000,0.0
1612642790810,6,2771456.000000,5536.000000
1612642791060,6,2197622.500000,117493.976562
1612642791310,6,2860589.750000,0.0
1612642791560,6,2473408.000000,0.0
1612642791810,6,3072704.000000,41728.000000
1612642792060,6,3453376.000000,71104.000000
1612642792310,6,3178496.000000,7328.000000
1612642792560,6,2587328.000000,5536.000000
1612642792810,6,2982560.000000,40000.000000
1612642793060,6,4132608.000000,431552.000000
1612642793310,6,3463004.000000,0.0
1612642793560,6,2254757.000000,0.0
1612642793810,6,2634528.000000,5536.000000
1612642794060,6,3489472.000000,97664.000000
1612642794310,6,2869760.000000,0.0
1612642794560,6,3951104.000000,0.0
1612642794810,6,1678240.000000,17920.000000
1612642795060,6,2664256.000000,142176.000000
1612642795310,6,2841920.000000,6432.000000
1612642795560,6,2087712.000000,4480.000000
1612642795810,6,2335904.000000,7136.000000
1612642796060,6,2078560.000000,86976.000000
1612642796310,6,3683552.000000,5536.000000
1612642796560,6,3468416.000000,5536.000000
1612642796810,6,2702912.000000,12384.000000
1612642797060,6,3684480.000000,113184.000000
1612642797310,6,2076864.000000,0.0
1612642797560,6,2476992.000000,5536.000000
1612642797811,6,2376352.000000,5536.000000
1612642798060,6,2446200.750000,134136.546875
1612642798310,6,2738996.000000,14055.777344
1612642798560,6,2580896.000000,0.0
1612642798810,6,4559552.000000,30912.000000
1612642799061,6,4929088.000000,188224.000000
1612642799310,6,2524224.000000,5536.000000
1612642799560,6,1905056.000000,0.0
1612642799810,6,2773408.000000,22304.000000
1612642800060,6,2059520.000000,117696.000000
1612642800310,6,3050432.000000,0.0
1612642800560,6,3305831.500000,0.0
1612642800810,6,2666581.750000,0.0
1612642801060,6,3153184.000000,90144.000000
1612642801310,6,2841984.000000,0.0
1612642801560,6,3294624.000000,5536.000000
1612642801811,6,2256803.250000,106827.304688
1612642802060,6,2667187.250000,64956.175781
1612642802310,6,3909632.000000,28320.000000
1612642802560,6,2881856.000000,0.0
1612642802810,6,3607072.000000,29504.000000
1612642803060,6,2296096.000000,140000.000000
1612642803310,6,2261792.000000,5536.000000
1612642803560,6,3220672.000000,0.0
1612642803810,6,1934752.000000,59040.000000
1612642804060,6,3402976.000000,66784.000000
1612642804311,6,2630944.000000,0.0
1612642804561,6,2141408.000000,0.0
1612642804810,6,2506688.000000,17920.000000
1612642805060,6,2564144.500000,115116.468750
1612642805310,6,3475282.750000,5513.944336
1612642805560,6,2720704.000000,3584.000000
1612642805810,6,2504736.000000,17920.000000
1612642806060,6,3291232.000000,122880.000000
1612642806310,6,3062528.000000,0.0
1612642806560,6,3187488.000000,0.0
1612642806811,6,3043116.500000,122987.953125
1612642807060,6,3582916.500000,70820.718750
1612642807310,6,3045088.000000,704
1612642807560,6,2442560.000000,0.0
1612642807810,6,3019392.000000,48736.000000
1612642808060,6,2562528.000000,63200.000000
1612642808310,6,2391456.000000,5536.000000
1612642808560,6,2204928.000000,11072.000000
1612642808810,6,3338464.000000,64032.000000
1612642809060,6,2377413.750000,55646.585938
1612642809310,6,2503490.000000,0.0
1612642809560,6,2713088.000000,0.0
1612642809810,6,4339264.000000,14432.000000
1612642810060,6,3043296.000000,174304.000000
1612642810311,6,2780416.000000,5536.000000
1612642810560,6,2517888.000000,0.0
1612642810811,6,2176353.500000,95485.945312
1612642811060,6,2729753.000000,115792.828125
1612642811310,6,2493600.000000,6432.000000
1612642811560,6,3469622.500000,9863.454102
1612642811810,6,2012047.875000,42613.546875
1612642812060,6,2687040.000000,44928.000000
1612642812310,6,2392224.000000,7680.000000
1612642812560,6,2390112.000000,0.0
1612642812810,6,2109536.000000,12384.000000
1612642813060,6,3129088.000000,90560.000000
1612642813310,6,3669600.000000,6432.000000
1612642813560,6,1940256.000000,0.0
1612642813810,6,1827072.000000,12384.000000
1612642814061,6,2328192.000000,108480.000000
1612642814310,6,2345760.000000,0.0
1612642814560,6,3067008.000000,5536.000000
1612642814810,6,2843808.000000,36192.000000
1612642815060,6,2985792.000000,97952.000000
1612642815310,6,2535776.000000,5536.000000
1612642815560,6,3309760.000000,11072.000000
1612642815810,6,2392032.000000,82400.000000
1612642816061,6,2831648.000000,70720.000000
1612642816310,6,2791328.000000,0.0
1612642816560,6,2710496.000000,5536.000000
1612642816811,6,3727871.500000,90570.281250
1612642817060,6,3078278.750000,59059.761719
1612642817310,6,2049792.000000,19840.000000
1612642817560,6,2209952.000000,0.0
1612642817810,6,2758720.000000,30656.000000
1612642818060,6,2725429.750000,187502.015625
1612642818310,6,2514517.750000,0.0
1612642818560,6,3301408.000000,0.0
1612642818810,6,2536224.000000,55104.000000
1612642819060,6,3462747.000000,130763.054688
1612642819310,6,2369370.500000,0.0
1612642819560,6,2826784.000000,0.0
1612642819811,6,3242570.500000,60851.406250
1612642820060,6,3731984.000000,109322.710938
1612642820311,6,2310688.000000,5536.000000
1612642820560,6,2890464.000000,0.0
1612642820810,6,3450912.000000,17824.000000
1612642821060,6,2408576.000000,282688.000000
1612642821310,6,3126592.000000,0.0
1612642821560,6,2150176.000000,0.0
1612642821810,6,2642859.500000,36337.347656
1612642822060,6,2778167.250000,60302.789062
1612642822310,6,2821760.000000,7680.000000
1612642822560,6,3272704.000000,5536.000000
1612642822810,6,2632320.000000,54112.000000
1612642823060,6,2278144.000000,12384.000000
1612642823310,6,2560642.500000,59662.652344
1612642823560,6,3861577.500000,6406.374512
1612642823810,6,3568384.000000,34688.000000
1612642824060,6,2069600.000000,102272.000000
1612642824310,6,2847744.000000,0.0
1612642824560,6,3785092.250000,0.0
1612642824810,6,3368576.000000,32800.000000
1612642825060,6,2449912.250000,71745.023438
1612642825310,6,3468352.000000,13216.000000
1612642825560,6,3016992.000000,0.0
1612642825810,6,1988544.000000,13920.000000
1612642826061,6,3369312.000000,78272.000000
1612642826310,6,3193280.000000,6432.000000
1612642826560,6,3376992.000000,5536.000000
1612642826810,6,2165568.000000,0.0
1612642827060,6,2241344.000000,125824.000000
1612642827310,6,2286368.000000,23616.000000
1612642827560,6,2400384.000000,0.0
1612642827810,6,2101088.000000,59328.000000
1612642828060,6,3193760.000000,61408.000000
1612642828310,6,2112192.000000,0.0
1612642828560,6,3526816.000000,0.0
1612642828810,6,3282880.000000,0.0
1612642829061,6,2379052.250000,42795.179688
1612642829310,6,2999840.750000,93131.476562
1612642829561,6,3048128.000000,0.0
1612642829810,6,3224128.000000,5536.000000
1612642830060,6,2762688.000000,121440.000000
1612642830310,6,2727680.000000,12864.000000
1612642830560,6,3119648.000000,11072.000000
1612642830810,6,3396224.000000,30304.000000
1612642831060,6,2872800.000000,85696.000000
1612642831310,6,3154528.000000,7328.000000
1612642831560,6,3166688.000000,0.0
1612642831810,6,2642720.000000,21344.000000
1612642832060,6,2831328.000000,106048.000000
1612642832310,6,2854944.000000,5536.000000
1612642832560,6,2530464.000000,0.0
1612642832811,6,2377952.000000,41728.000000
1612642833060,6,3890400.000000,327616.000000
1612642833310,6,3194080.000000,6432.000000
1612642833560,6,2470784.000000,5536.000000
1612642833810,6,1924960.000000,0.0
1612642834060,6,3031008.000000,54432.000000
1612642834310,6,2807808.000000,11072.000000
1612642834560,6,2071712.000000,2144.000000
1612642834810,6,2628768.000000,5536.000000
1612642835060,6,3452800.000000,223552.000000
1612642835311,6,3114656.000000,6432.000000
1612642835560,6,1505120.000000,4288.000000
1612642835810,6,1718592.000000,2688.000000
1612642836060,6,1953056.000000,135680.000000
1612642836310,6,2381664.000000,67552.000000
1612642836560,6,2229248.000000,1792.000000
1612642836810,6,4124704.000000,48576.000000
1612642837060,6,3365204.750000,185638.562500
1612642837310,6,2412749.000000,5513.944336
1612642837560,6,2996352.000000,0.0
1612642837811,6,3209536.000000,37504.000000
1612642838060,6,3191264.000000,77536.000000
1612642838310,6,3036608.000000,6432.000000
1612642838560,6,3301184.000000,0.0
1612642838810,6,2782496.000000,5536.000000
1612642839060,6,3275936.000000,102816.000000
1612642839311,6,3031520.000000,6432.000000
1612642839560,6,3133024.000000,5536.000000
1612642839810,6,2493108.500000,5558.232910
1612642840060,6,2351936.250000,90645.421875
1612642840310,6,2801888.000000,20352.000000
1612642840562,6,3038233.000000,0.0
1612642840810,6,2703394.500000,17848.605469
1612642841060,6,2513056.000000,105376.000000
1612642841311,6,3683616.000000,5536.000000
1612642841560,6,2317108.250000,16674.699219
1612642841810,6,1984669.375000,16541.832031
1612642842060,6,2280480.000000,118592.000000
1612642842310,6,2280768.000000,5536.000000
1612642842560,6,2472768.000000,704
1612642842811,6,2481315.500000,171259.125000
1612642843060,6,3168053.250000,81333.164062
1612642843310,6,2874272.000000,0.0
1612642843560,6,4109815.250000,11116.465820
1612642843810,6,2965641.500000,41561.753906
1612642844060,6,2343104.000000,201088.000000
1612642844310,6,3087296.000000,0.0
1612642844560,6,2797472.000000,0.0
1612642844810,6,3093472.000000,0.0
1612642845060,6,2776928.000000,194496.000000
1612642845310,6,2479040.000000,0.0
1612642845560,6,2776224.000000,0.0
1612642845811,6,2813152.000000,45600.000000
1612642846060,6,2610816.000000,144384.000000
1612642846311,6,2603392.000000,0.0
1612642846560,6,3065632.000000,0.0
1612642846810,6,2865408.000000,69760.000000
1612642847060,6,2924288.000000,55808.000000
1612642847310,6,2989376.000000,7680.000000
1612642847560,6,3427392.000000,0.0
1612642847811,6,2879036.250000,44883.535156
1612642848060,6,2343267.000000,104254.984375
1612642848310,6,3777760.000000,0.0
1612642848560,6,3059296.000000,5536.000000
1612642848810,6,2330720.000000,17920.000000
1612642849060,6,3063328.000000,94944.000000
1612642849310,6,2662880.000000,0.0
1612642849560,6,3301952.000000,0.0
1612642849810,6,2887680.000000,0.0
1612642850060,6,1990816.000000,102464.000000
1612642850310,6,3112192.000000,17504.000000
1612642850560,6,1901472.000000,2496.000000
1612642850810,6,2082048.000000,23456.000000
1612642851060,6,2845280.000000,103328.000000
1612642851310,6,2788960.000000,0.0
1612642851560,6,2646464.000000,0.0
1612642851810,6,2509984.000000,11072.000000
1612642852060,6,2524544.000000,214624.000000
1612642852310,6,3152608.000000,6432.000000
1612642852560,6,2701888.000000,3392.000000
1612642852810,6,2894912.000000,43808.000000
1612642853060,6,3266464.000000,57760.000000
1612642853310,6,3461728.000000,0.0
1612642853560,6,2932864.000000,0.0
1612642853810,6,3163552.000000,32416.000000
1612642854060,6,2174784.000000,77216.000000
1612642854310,6,3266496.000000,0.0
1612642854560,6,2296064.000000,5536.000000
1612642854810,6,2804032.000000,56704.000000
1612642855061,6,2254496.000000,127456.000000
1612642855310,6,2377992.000000,0.0
1612642855560,6,2381781.000000,0.0
1612642855810,6,2566400.000000,0.0
1612642856060,6,2065895.500000,85076.304688
1612642856310,6,3108557.750000,9402.390625
1612642856560,6,2852704.000000,5536.000000
1612642856810,6,2267360.000000,17920.000000
1612642857060,6,2842336.000000,161120.000000
1612642857310,6,3067328.000000,11968.000000
1612642857560,6,3097376.000000,0.0
1612642857810,6,2282016.000000,16608.000000
1612642858060,6,2934464.000000,88384.000000
1612642858310,6,2990720.000000,14208.000000
1612642858560,6,2662976.000000,16608.000000
1612642858810,6,2705760.000000,12384.000000
1612642859060,6,2639424.000000,143232.000000
1612642859310,6,3177060.250000,21975.902344
1612642859560,6,3042263.000000,5513.944336
1612642859810,6,2197632.000000,30656.000000
1612642860060,6,4158976.000000,107648.000000
1612642860310,6,3282240.000000,6432.000000
1612642860560,6,2243712.000000,0.0
1612642860810,6,3806104.500000,0.0
1612642861060,6,3433498.000000,157641.437500
1612642861310,6,1999680.000000,17504.000000
1612642861561,6,2382592.000000,5536.000000
1612642861810,6,1932819.250000,28690.763672
1612642862060,6,3665402.250000,155601.593750
1612642862310,6,3136352.000000,0.0
1612642862560,6,2279360.000000,0.0
1612642862810,6,2961248.000000,11072.000000
1612642863060,6,3395072.000000,198848.000000
1612642863310,6,1811936.000000,5536.000000
1612642863561,6,2255232.000000,0.0
1612642863810,6,2577728.000000,0.0
1612642864060,6,1833472.000000,163392.000000
1612642864310,6,3476241.000000,9863.454102
1612642864560,6,2940526.000000,0.0
1612642864810,6,2555424.000000,12384.000000
1612642865060,6,2712416.000000,62912.000000
1612642865310,6,3176128.500000,5558.232910
1612642865560,6,1906240.000000,10304.000000
1612642865811,6,4024320.000000,162560.000000
1612642866060,6,3577498.000000,63617.531250
1612642866310,6,3259040.000000,5536.000000
1612642866560,6,3067168.000000,10016.000000
1612642866810,6,2703712.000000,23392.000000
1612642867060,6,3655389.750000,125108.437500
1612642867310,6,3095362.500000,27219.123047
1612642867560,6,2441664.000000,0.0
1612642867810,6,2343552.000000,12384.000000
1612642868060,6,2200576.000000,75584.000000
1612642868310,6,3675245.000000,13269.076172
1612642868560,6,2638240.000000,0.0
1612642868810,6,3554518.000000,140557.765625
1612642869060,6,2221920.000000,108256.000000
1612642869310,6,2660288.000000,6432.000000
1612642869561,6,2768128.500000,1799.196777
1612642869810,6,2426390.500000,14916.334961
1612642870060,6,3075168.000000,120384.000000
1612642870310,6,3547466.250000,18796.464844
1612642870560,6,2448406.000000,0.0
1612642870810,6,2306912.000000,88800.000000
1612642871060,6,2806916.250000,12398.406250
1612642871310,6,2512864.000000,7680.000000
1612642871560,6,2434976.000000,5536.000000
1612642871810,6,2018624.000000,5536.000000
1612642872060,6,3051694.750000,107020.078125
1612642872310,6,3460526.000000,20111.554688
1612642872560,6,3365760.000000,6432.000000
1612642872811,6,2687808.000000,59648.000000
1612642873061,6,2441344.000000,31616.000000
1612642873310,6,3167936.000000,5536.000000
1612642873560,6,3807040.000000,4096.000000
1612642873811,6,3163744.000000,0.0
1612642874060,6,3332128.000000,179936.000000
1612642874310,6,2275919.750000,0.0
1612642874560,6,1929370.500000,0.0
1612642874812,6,3046747.000000,76690.765625
1612642875060,6,2529445.750000,57413.656250
1612642875310,6,2518310.750000,0.0
1612642875560,6,2186624.000000,5536.000000
1612642875811,6,2426666.750000,205140.562500
1612642876060,6,2537984.000000,113024.000000
1612642876310,6,2183456.000000,0.0
1612642876560,6,2400352.000000,11072.000000
1612642876810,6,3194486.000000,48095.617188
1612642877060,6,2994432.000000,29472.000000
1612642877310,6,2700896.000000,14048.000000
1612642877561,6,2806048.000000,5536.000000
1612642877810,6,2992640.000000,207616.000000
1612642878060,6,3523680.000000,108576.000000
1612642878310,6,3280448.000000,5536.000000
1612642878560,6,3941120.000000,0.0
1612642878810,6,1634240.000000,26048.000000
1612642879061,6,2646104.250000,18120.482422
1612642879311,6,2112234.000000,5513.944336
1612642879560,6,2986016.000000,0.0
1612642879811,6,2916498.000000,76337.351562
1612642880060,6,3234581.750000,56573.707031
1612642880310,6,3324480.000000,0.0
1612642880560,6,3872192.000000,5536.000000
1612642880810,6,2750496.000000,41728.000000
1612642881060,6,2821365.500000,110554.218750
1612642881311,6,2846884.500000,11027.888672
1612642881560,6,2663104.000000,11072.000000
1612642881810,6,3196160.000000,11072.000000
1612642882060,6,2189568.000000,153472.000000
1612642882310,6,2417952.000000,17504.000000
1612642882560,6,2195904.000000,11072.000000
1612642882811,6,2805669.250000,76594.375000
1612642883060,6,2793611.750000,112361.765625
1612642883310,6,3023075.750000,0.0
1612642883560,6,2870265.000000,11116.465820
1612642883810,6,3268462.000000,5513.944336
1612642884060,6,2438016.000000,115520.000000
1612642884310,6,3494304.000000,0.0
1612642884561,6,4046368.000000,5536.000000
1612642884810,6,2844576.000000,11072.000000
1612642885060,6,2854336.000000,99104.000000
1612642885310,6,2571264.000000,11072.000000
1612642885560,6,2857952.000000,0.0
1612642885810,6,3018720.000000,0.0
1612642886060,6,3288896.000000,104704.000000
1612642886310,6,3010592.000000,17504.000000
1612642886560,6,2113831.250000,5558.232910
1612642886811,6,2798757.000000,84047.804688
1612642887060,6,3339488.000000,37824.000000
1612642887310,6,3088992.000000,5536.000000
1612642887561,6,3002432.000000,5536.000000
1612642887810,6,2482912.000000,5536.000000
1612642888060,6,3226816.000000,92640.000000
1612642888310,6,2442112.000000,25184.000000
1612642888561,6,1890336.000000,11072.000000
1612642888811,6,3387309.250000,85397.593750
1612642889060,6,3132448.000000,101568.000000
1612642889310,6,2292430.250000,0.0
1612642889560,6,2612224.000000,5536.000000
1612642889811,6,2110329.500000,22393.574219
1612642890061,6,2449632.000000,101472.000000
1612642890310,6,2111936.250000,5513.944336
1612642890560,6,2875552.000000,11072.000000
1612642890810,6,3225728.000000,47296.000000
1612642891060,6,2989568.000000,92064.000000
1612642891310,6,2851341.500000,8546.184570
1612642891560,6,2213856.000000,0.0
1612642891810,6,2182688.000000,23456.000000
1612642892060,6,2808736.000000,62272.000000
1612642892310,6,3036928.000000,19648.000000
1612642892561,6,2332000.000000,5536.000000
1612642892810,6,3130112.000000,35840.000000
1612642893060,6,2739251.000000,66932.265625
1612642893310,6,2088832.000000,23936.000000
1612642893560,6,2370048.000000,0.0
1612642893810,6,2271678.750000,22232.931641
1612642894060,6,2212192.000000,102720.000000
1612642894311,6,3824352.000000,11072.000000
1612642894561,6,2827200.000000,0.0
1612642894810,6,3369632.000000,6848.000000
1612642895060,6,2355219.000000,59665.339844
1612642895310,6,2936899.750000,55582.328125
1612642895560,6,3362422.250000,5513.944336
1612642895810,6,2997301.250000,36144.578125
1612642896060,6,2354932.250000,84812.750000
1612642896310,6,2630880.000000,0.0
1612642896560,6,3183742.750000,5558.232910
1612642896810,6,2312478.000000,51952.191406
1612642897060,6,2865799.250000,37172.691406
1612642897310,6,4234880.000000,20896.000000
1612642897560,6,2664510.000000,11027.888672
1612642897810,6,2464192.000000,11072.000000
1612642898060,6,2708640.000000,97088.000000
1612642898310,6,3116208.750000,5558.232910
1612642898560,6,2774406.500000,5513.944336
1612642898810,6,2853815.250000,12433.735352
1612642899061,6,2513434.250000,54756.972656
1612642899310,6,3099392.000000,7680.000000
1612642899560,6,2896514.000000,16674.699219
1612642899810,6,2382916.250000,5513.944336
1612642900060,6,2367136.000000,114016.000000
1612642900310,6,2316208.750000,43309.238281
1612642900560,6,2371537.750000,0.0
1612642900810,6,1970345.375000,37204.820312
1612642901060,6,2980781.000000,78278.882812
1612642901310,6,3042955.750000,7357.429688
1612642901561,6,3710151.250000,0.0
1612642901810,6,2423488.000000,22048.000000
1612642902060,6,1925429.750000,169734.937500
1612642902310,6,2681696.000000,11072.000000
1612642902560,6,2984637.250000,0.0
1612642902810,6,3526554.250000,12433.735352
1612642903060,6,2813024.000000,156928.000000
1612642903310,6,2415168.000000,5536.000000
1612642903561,6,1910656.000000,5536.000000
1612642903810,6,2693928.250000,35792.828125
1612642904060,6,2621248.000000,92480.000000
1612642904310,6,2615456.000000,12864.000000
1612642904561,6,3038816.000000,3584.000000
1612642904810,6,2848241.000000,17969.734375
1612642905060,6,3058394.500000,97957.523438
1612642905311,6,3031362.500000,0.0
1612642905560,6,2765216.000000,0.0
1612642905810,6,2961600.000000,9920.000000
1612642906060,6,2669312.000000,68064.000000
1612642906310,6,2676288.000000,19488.000000
1612642906560,6,2421975.750000,5558.232910
1612642906810,6,3396992.000000,36192.000000
1612642907060,6,2877322.500000,117513.945312
1612642907311,6,3023871.500000,0.0
1612642907561,6,3184064.000000,5536.000000
1612642907810,6,2143936.000000,48832.000000
1612642908060,6,2956207.250000,77227.093750
1612642908310,6,3148544.000000,11072.000000
1612642908560,6,2599200.000000,0.0
1612642908810,6,2773760.000000,22144.000000
1612642909060,6,2836096.000000,105056.000000
1612642909310,6,2082976.000000,5536.000000
1612642909561,6,2485088.000000,0.0
1612642909810,6,2481767.000000,47453.816406
1612642910060,6,2562518.000000,124717.132812
1612642910310,6,2231196.750000,5558.232910
1612642910560,6,2932896.000000,11072.000000
1612642910810,6,2374119.500000,52589.640625
1612642911061,6,2593028.000000,82088.351562
1612642911310,6,2188079.500000,15298.804688
1612642911560,6,2666988.000000,5558.232910
1612642911810,6,2557035.750000,11027.888672
1612642912061,6,2412433.750000,144321.281250
1612642912311,6,1719680.000000,5536.000000
1612642912560,6,3138454.000000,0.0
1612642912811,6,2731008.000000,70464.000000
1612642913060,6,3243148.500000,69365.460938
1612642913310,6,3111552.000000,0.0
1612642913560,6,1714804.750000,0.0
1612642913811,6,1791421.750000,0.0
1612642914060,6,2281536.000000,157568.000000
1612642914311,6,3000512.000000,6432.000000
1612642914560,6,2277195.250000,0.0
1612642914810,6,1572960.000000,30656.000000
1612642915060,6,3578112.000000,116704.000000
1612642915310,6,2172337.500000,12016.064453
1612642915560,6,2455872.000000,23936.000000
1612642915812,6,2851824.750000,159426.296875
1612642916061,6,3222811.250000,103678.718750
1612642916310,6,2606560.000000,0.0
1612642916560,6,2425115.500000,5513.944336
1612642916810,6,2576576.000000,26688.000000
1612642917060,6,2008416.000000,123200.000000
1612642917310,6,2767008.000000,12864.000000
1612642917560,6,2749815.250000,5558.232910
1612642917811,6,2528864.000000,28992.000000
1612642918060,6,3017952.000000,179136.000000
1612642918311,6,3053792.000000,17504.000000
1612642918561,6,2436864.000000,10016.000000
1612642918811,6,2687840.000000,25952.000000
1612642919060,6,2694757.000000,87649.406250
1612642919310,6,2943232.000000,5536.000000
1612642919560,6,3358464.000000,5536.000000
1612642919811,6,3403726.750000,5558.232910
1612642920060,6,3082720.000000,83168.000000
1612642920310,6,3356653.500000,7330.677246
1612642920560,6,2533024.000000,0.0
1612642920810,6,2871389.500000,17895.582031
1612642921060,6,3131633.500000,72318.726562
1612642921310,6,2822939.750000,0.0
1612642921560,6,2710912.000000,11072.000000
1612642921810,6,2692812.750000,17848.605469
1612642922060,6,2249984.000000,131040.000000
1612642922310,6,2754602.500000,5558.232910
1612642922561,6,3914496.000000,11072.000000
1612642922811,6,2855075.750000,109641.437500
1612642923060,6,2774425.750000,70008.031250
1612642923310,6,2126215.000000,5513.944336
1612642923560,6,3513408.000000,0.0
1612642923810,6,2605083.000000,36448.000000
1612642924061,6,2984218.500000,88196.078125
1612642924310,6,3597526.000000,5558.232910
1612642924560,6,2473216.000000,0.0
1612642924811,6,2148480.000000,24096.000000
1612642925060,6,1858231.125000,114549.804688
1612642925311,6,3096192.750000,0.0
1612642925560,6,3327553.750000,11027.888672
1612642925811,6,2590272.000000,133600.000000
1612642926060,6,2351104.000000,85760.000000
1612642926310,6,3180112.500000,7710.843262
1612642926560,6,2408669.250000,0.0
1612642926810,6,2550939.750000,12337.349609
1612642927061,6,2296704.000000,9920.000000
1612642927310,6,2329312.000000,48576.000000
1612642927560,6,2239712.000000,11072.000000
1612642927810,6,3112768.000000,11072.000000
1612642928060,6,3286215.250000,110310.750000
1612642928310,6,2949140.500000,11116.465820
1612642928560,6,2717800.750000,6406.374512
1612642928810,6,2970249.000000,17991.968750
1612642929060,6,3118112.000000,396672.000000
1612642929310,6,3023360.000000,0.0
1612642929560,6,2931136.000000,0.0
1612642929810,6,2450112.000000,32224.000000
1612642930060,6,2964175.250000,67952.195312
1612642930310,6,3109783.000000,0.0
1612642930560,6,3177625.500000,0.0
1612642930810,6,3324273.000000,0.0
1612642931061,6,2449568.000000,166752.000000
1612642931310,6,2357568.000000,0.0
1612642931560,6,3652288.000000,0.0
1612642931811,6,2991904.250000,0.0
1612642932060,6,1947855.500000,121863.453125
1612642932311,6,2523633.500000,7649.402344
1612642932561,6,3194088.500000,0.0
1612642932810,6,2560768.000000,27840.000000
1612642933060,6,2489152.000000,82048.000000
1612642933310,6,2212288.000000,0.0
1612642933560,6,2774023.750000,0.0
1612642933810,6,2858184.750000,16835.341797
1612642934060,6,2626496.000000,159136.000000
1612642934310,6,2270374.500000,9784.860352
1612642934560,6,3002720.000000,0.0
1612642934810,6,3147309.250000,19887.550781
1612642935060,6,2160000.000000,97179.281250
1612642935311,6,2950592.000000,0.0
1612642935560,6,2698184.750000,0.0
1612642935810,6,2093152.000000,100320.000000
1612642936060,6,3084685.250000,122996.015625
1612642936311,6,2512706.750000,7357.429688
1612642936561,6,2797545.750000,0.0
1612642936811,6,2995245.000000,45204.820312
1612642937060,6,2974848.000000,46400.000000
1612642937310,6,2651633.500000,6406.374512
1612642937560,6,3475887.500000,0.0
1612642937810,6,2739616.000000,41728.000000
1612642938060,6,3388032.000000,29920.000000
1612642938310,6,2594400.000000,34112.000000
1612642938561,6,4263648.000000,4480.000000
1612642938811,6,3788640.000000,97568.000000
1612642939060,6,3077800.750000,49912.351562
1612642939310,6,2452947.750000,12016.064453
1612642939560,6,3551808.000000,0.0
1612642939810,6,2633632.000000,26176.000000
1612642940061,6,3092143.500000,115633.468750
1612642940310,6,2629204.750000,12690.763672
1612642940560,6,2647712.000000,5536.000000
1612642940810,6,3296644.750000,0.0
1612642941060,6,3026704.250000,89528.218750
1612642941310,6,2964626.500000,12016.064453
1612642941561,6,2548832.000000,5536.000000
1612642941810,6,2943328.000000,30432.000000
1612642942060,6,3891392.000000,86304.000000
1612642942311,6,3357546.000000,17434.263672
1612642942560,6,2790265.000000,0.0
1612642942810,6,2767488.000000,29440.000000
1612642943060,6,2239203.250000,62629.484375
1612642943310,6,3048672.000000,12864.000000
1612642943560,6,3430297.250000,9156.626953
1612642943810,6,3114112.000000,5536.000000
1612642944060,6,3218741.000000,118916.335938
1612642944311,6,2832546.250000,0.0
1612642944560,6,2382592.000000,0.0
1612642944810,6,3112896.000000,16512.000000
1612642945060,6,2805312.000000,98528.000000
1612642945310,6,2192956.250000,16541.832031
1612642945560,6,3477600.000000,5536.000000
1612642945810,6,2052064.000000,51648.000000
1612642946060,6,3142425.750000,51823.292969
1612642946310,6,2777753.000000,12334.661133
1612642946561,6,3459148.500000,9542.168945
1612642946810,6,2807424.000000,36192.000000
1612642947061,6,3407458.250000,108334.664062
1612642947311,6,3028433.500000,14168.674805
1612642947560,6,3178144.000000,7328.000000
1612642947811,6,3452832.000000,16768.000000
1612642948060,6,2153408.000000,82240.000000
1612642948310,6,2117888.000000,49312.000000
1612642948560,6,2769312.000000,3392.000000
1612642948811,6,2945568.000000,112384.000000
1612642949061,6,2524832.000000,52096.000000
1612642949310,6,2815840.000000,5536.000000
1612642949560,6,2855936.250000,5513.944336
1612642949810,6,2947534.000000,21751.003906
1612642950060,6,3285004.000000,91442.234375
1612642950310,6,3651008.000000,0.0
1612642950560,6,2467887.500000,0.0
1612642950810,6,2531648.000000,5536.000000
1612642951061,6,2327296.000000,106816.000000
1612642951310,6,2847680.000000,0.0
1612642951560,6,3003360.000000,0.0
1612642951811,6,2624256.000000,53632.000000
1612642952060,6,3498039.750000,71521.914062
1612642952311,6,2397654.750000,11116.465820
1612642952560,6,2754868.500000,0.0
1612642952810,6,2981622.500000,17991.968750
1612642953060,6,2489216.000000,110144.000000
1612642953310,6,2791712.000000,6432.000000
1612642953560,6,2717824.000000,0.0
1612642953810,6,3296288.000000,11072.000000
1612642954060,6,3035474.000000,93035.859375
1612642954310,6,2097542.250000,0.0
1612642954560,6,3183392.000000,5536.000000
1612642954810,6,2476885.500000,41561.753906
1612642955061,6,3777062.500000,78411.437500
1612642955310,6,2602272.000000,11968.000000
1612642955561,6,3026176.000000,0.0
1612642955811,6,2633568.000000,19968.000000
1612642956060,6,2486560.000000,90304.000000
1612642956310,6,3050112.000000,0.0
1612642956560,6,3341609.750000,0.0
1612642956810,6,2749237.000000,11116.465820
1612642957060,6,2154804.750000,117163.343750
1612642957311,6,2641253.000000,7357.429688
1612642957560,6,3345504.000000,3584.000000
1612642957810,6,3214016.000000,10016.000000
1612642958060,6,2826752.000000,168384.000000
1612642958310,6,2349568.000000,5536.000000
1612642958560,6,2309472.000000,5536.000000
1612642958810,6,2408160.000000,16384.000000
1612642959061,6,2497440.000000,132320.000000
1612642959310,6,3213376.000000,0.0
1612642959560,6,3456288.000000,0.0
1612642959811,6,3134624.000000,5536.000000
1612642960061,6,1918016.000000,115456.000000
1612642960310,6,2004224.000000,6432.000000
1612642960561,6,3005792.000000,0.0
1612642960810,6,3280828.750000,15713.147461
1612642961060,6,3115502.000000,44080.320312
1612642961311,6,2651808.000000,13216.000000
1612642961561,6,2857344.000000,0.0
1612642961810,6,2550176.000000,15872.000000
1612642962061,6,3353007.250000,63826.230469
1612642962310,6,2465874.000000,11993.831055
1612642962560,6,2308032.000000,5728.000000
1612642962811,6,2849312.000000,36064.000000
1612642963060,6,2987776.000000,119744.000000
1612642963310,6,2391008.000000,6432.000000
1612642963561,6,2249344.000000,5536.000000
1612642963811,6,1282560.000000,14560.000000
1612642964061,6,2601760.000000,90720.000000
1612642964311,6,3628288.000000,5536.000000
1612642964560,6,2407360.000000,0.0
1612642964810,6,3007648.000000,23456.000000
1612642965060,6,3850772.750000,95139.437500
1612642965311,6,2751743.000000,17574.296875
1612642965560,6,2950464.000000,5536.000000
1612642965811,6,3068576.000000,34528.000000
1612642966060,6,2229376.000000,148896.000000
1612642966310,6,2593856.000000,0.0
1612642966561,6,3179712.000000,5536.000000
1612642966811,6,3187456.000000,12384.000000
1612642967060,6,2286752.000000,52864.000000
1612642967310,6,2147028.000000,15298.804688
1612642967560,6,2917976.000000,7710.843262
1612642967811,6,2382784.000000,58592.000000
1612642968060,6,2966144.000000,48992.000000
1612642968310,6,2677888.000000,12864.000000
1612642968560,6,3336064.000000,5536.000000
1612642968812,6,2551107.750000,46055.777344
1612642969060,6,2348080.250000,71421.687500
1612642969311,6,2357792.000000,5536.000000
1612642969560,6,2616637.500000,0.0
1612642969810,6,3129092.250000,41895.582031
1612642970060,6,3400832.000000,122816.000000
1612642970311,6,3193056.000000,0.0
1612642970560,6,3046720.000000,0.0
1612642970811,6,2303488.000000,33952.000000
1612642971060,6,2880288.000000,96864.000000
1612642971311,6,3933120.000000,0.0
1612642971560,6,2957131.500000,0.0
1612642971811,6,1967261.000000,25220.882812
1612642972060,6,2221888.000000,121568.000000
1612642972310,6,2798016.000000,6432.000000
1612642972561,6,2847008.000000,0.0
1612642972810,6,2289312.000000,25824.000000
1612642973060,6,2798980.250000,87808.765625
1612642973310,6,2416996.000000,12016.064453
1612642973561,6,2411456.000000,7328.000000
1612642973810,6,2429418.250000,9083.665039
1612642974060,6,2555116.500000,107020.085938
1612642974310,6,2907232.000000,0.0
1612642974560,6,2751744.000000,0.0
1612642974811,6,3763392.000000,70592.000000
1612642975060,6,3794784.000000,129184.000000
1612642975311,6,3519904.000000,0.0
1612642975561,6,1879296.000000,0.0
1612642975811,6,3145184.000000,116544.000000
1612642976060,6,3117312.000000,107328.000000
1612642976310,6,2362080.000000,0.0
1612642976560,6,2917792.000000,0.0
1612642976810,6,3499003.250000,5513.944336
1612642977060,6,2148723.250000,158637.484375
1612642977311,6,2762932.250000,0.0
1612642977561,6,2530056.250000,0.0
1612642977810,6,2905472.000000,101408.000000
1612642978060,6,3052366.500000,13768.923828
1612642978310,6,3279582.250000,66088.351562
1612642978560,6,3333344.000000,0.0
1612642978811,6,3464924.250000,55458.167969
1612642979060,6,2349462.000000,42602.410156
1612642979311,6,2933163.250000,0.0
1612642979561,6,2267437.750000,0.0
1612642979811,6,2392960.000000,48672.000000
1612642980060,6,2150176.000000,90848.000000
1612642980310,6,2555232.000000,0.0
1612642980560,6,3511713.000000,5513.944336
1612642980811,6,2505124.500000,12433.735352
1612642981060,6,2695552.000000,64672.000000
1612642981310,6,2258240.000000,59904.000000
1612642981560,6,2070048.000000,0.0
1612642981811,6,2558624.000000,0.0
1612642982061,6,2973440.000000,48576.000000
1612642982311,6,4729088.000000,161920.000000
1612642982560,6,1729248.000000,7328.000000
1612642982810,6,2976096.000000,22656.000000
1612642983060,6,2642304.000000,31968.000000
1612642983311,6,1797056.000000,19648.000000
1612642983560,6,2819648.000000,0.0
1612642983810,6,2798976.000000,0.0
1612642984061,6,2611488.000000,80288.000000
1612642984311,6,3470016.000000,142176.000000
1612642984561,6,3041248.000000,0.0
1612642984810,6,2694528.000000,39200.000000
1612642985060,6,3020398.500000,101258.960938
1612642985310,6,3110843.250000,0.0
1612642985560,6,2649568.000000,11072.000000
1612642985811,6,2335040.000000,9920.000000
1612642986061,6,3773440.000000,211552.000000
1612642986310,6,2758816.000000,5536.000000
1612642986561,6,2524960.000000,5536.000000
1612642986810,6,3453088.000000,30656.000000
1612642987060,6,2602880.000000,92192.000000
1612642987311,6,2703936.000000,5536.000000
1612642987561,6,3136480.000000,0.0
1612642987810,6,2773216.000000,62624.000000
1612642988061,6,2995200.000000,48928.000000
1612642988310,6,1864311.875000,17434.263672
1612642988561,6,3867877.000000,11116.465820
1612642988810,6,2616256.000000,22144.000000
1612642989061,6,2926496.000000,144416.000000
1612642989310,6,2808736.000000,5536.000000
1612642989560,6,3327808.750000,5513.944336
1612642989811,6,2342586.250000,5558.232910
1612642990061,6,2424896.000000,149440.000000
1612642990311,6,3653482.000000,0.0
1612642990560,6,2836144.500000,11116.465820
1612642990810,6,2164864.000000,0.0
1612642991061,6,1726368.000000,154144.000000
1612642991311,6,2387648.000000,7680.000000
1612642991560,6,2123872.000000,16608.000000
1612642991810,6,2550848.000000,36192.000000
1612642992061,6,1975872.000000,51168.000000
1612642992310,6,2605568.000000,6432.000000
1612642992561,6,2011872.000000,11072.000000
1612642992810,6,2756928.000000,26208.000000
1612642993061,6,2925952.000000,69664.000000
1612642993310,6,2661120.000000,11072.000000
1612642993560,6,2501152.000000,5536.000000
1612642993810,6,3891520.000000,48576.000000
1612642994060,6,3864128.000000,51936.000000
1612642994311,6,2354231.000000,6406.374512
1612642994561,6,2590072.250000,0.0
1612642994810,6,2965536.000000,28928.000000
1612642995061,6,2676512.000000,78816.000000
1612642995310,6,2238528.000000,0.0
1612642995560,6,3602167.500000,5513.944336
1612642995811,6,2526715.000000,160514.062500
1612642996061,6,2679264.000000,258304.000000
1612642996311,6,2724896.000000,5536.000000
1612642996560,6,2257344.000000,5536.000000
1612642996810,6,3150304.000000,5536.000000
1612642997061,6,2410368.000000,92672.000000
1612642997311,6,2791904.000000,11072.000000
1612642997561,6,2512192.000000,16640.000000
1612642997811,6,4529056.000000,47264.000000
1612642998060,6,2003904.000000,159360.000000
1612642998310,6,2809753.000000,0.0
1612642998561,6,3453975.750000,0.0
1612642998811,6,3190912.000000,17920.000000
1612642999061,6,2674688.000000,75296.000000
1612642999311,6,3250272.000000,0.0
1612642999561,6,3725312.000000,5536.000000
1612642999811,6,2509184.000000,11232.000000
1612643000060,6,3849632.000000,129792.000000
1612643000310,6,2653152.000000,31200.000000
1612643000560,6,2297824.000000,5536.000000
1612643000811,6,4216128.000000,63712.000000
1612643001060,6,2803840.000000,55424.000000
1612643001311,6,2369664.000000,5536.000000
1612643001560,6,2395584.000000,896
1612643001811,6,2699904.000000,114688.000000
1612643002061,6,3173056.000000,98656.000000
1612643002311,6,2525216.000000,11968.000000
1612643002560,6,2644224.000000,0.0
1612643002810,6,3516896.000000,11072.000000
1612643003060,6,2628800.000000,123648.000000
1612643003310,6,2300384.000000,0.0
1612643003561,6,2384832.000000,0.0
1612643003810,6,2037472.000000,92256.000000
1612643004061,6,2619136.000000,64288.000000
1612643004310,6,3338144.000000,19648.000000
1612643004561,6,2209184.000000,3584.000000
1612643004811,6,3114656.000000,40928.000000
1612643005061,6,2100768.000000,75520.000000
1612643005311,6,2134048.000000,0.0
1612643005560,6,3519488.000000,0.0
1612643005810,6,3880160.000000,32224.000000
1612643006061,6,2447040.000000,18848.000000
1612643006311,6,3461760.000000,12288.000000
1612643006560,6,3147392.000000,13216.000000
1612643006810,6,2865440.000000,12384.000000
1612643007061,6,2460768.000000,145312.000000
1612643007310,6,2302016.000000,0.0
1612643007560,6,2745280.000000,0.0
1612643007810,6,2459712.000000,12384.000000
1612643008061,6,3864864.000000,65888.000000
1612643008311,6,2943776.000000,48832.000000
1612643008561,6,3213536.000000,0.0
1612643008810,6,2255232.000000,17056.000000
1612643009060,6,3266688.000000,105216.000000
1612643009310,6,2711522.000000,0.0
1612643009561,6,2683823.250000,0.0
1612643009810,6,2858112.000000,16768.000000
1612643010061,6,3292640.000000,212608.000000
1612643010311,6,2389408.000000,0.0
1612643010561,6,2525472.000000,5536.000000
1612643010810,6,2389504.000000,38688.000000
1612643011060,6,2258208.000000,109888.000000
1612643011310,6,2319424.000000,7680.000000
1612643011560,6,1835520.000000,5536.000000
1612643011811,6,3850752.000000,119904.000000
1612643012061,6,2281888.000000,57312.000000
1612643012310,6,2208064.000000,31168.000000
1612643012561,6,2553632.000000,0.0
1612643012811,6,3809184.000000,56704.000000
1612643013060,6,3147136.000000,70816.000000
1612643013310,6,2615552.000000,0.0
1612643013561,6,3365120.000000,0.0
1612643013811,6,3353408.000000,3488.000000
1612643014061,6,2629952.000000,71552.000000
1612643014310,6,2853024.000000,59648.000000
1612643014561,6,3047104.000000,0.0
1612643014811,6,2230208.000000,0.0
1612643015061,6,2279776.000000,27232.000000
1612643015310,6,2352064.000000,74080.000000
1612643015560,6,2067442.125000,0.0
1612643015811,6,2444305.250000,68690.765625
1612643016060,6,2543104.000000,44448.000000
1612643016310,6,3184163.500000,5536.000000
1612643016560,6,3107736.750000,0.0
1612643016810,6,3350304.000000,5536.000000
1612643017061,6,3013984.000000,101056.000000
1612643017311,6,2344928.000000,6432.000000
1612643017560,6,2352160.000000,0.0
1612643017810,6,2295776.000000,158496.000000
1612643018060,6,2949440.000000,91424.000000
1612643018311,6,2929440.000000,7680.000000
1612643018561,6,3249344.000000,0.0
1612643018810,6,2599840.000000,17920.000000
1612643019061,6,3035296.000000,36192.000000
1612643019310,6,3100128.000000,6432.000000
1612643019561,6,2865920.000000,11968.000000
1612643019810,6,2581568.000000,22304.000000
1612643020061,6,3082304.000000,195488.000000
1612643020310,6,2609312.000000,0.0
1612643020560,6,2389664.000000,5536.000000
1612643020811,6,3690912.000000,17920.000000
1612643021061,6,3017536.000000,90368.000000
1612643021310,6,2748192.000000,0.0
1612643021561,6,2508832.000000,0.0
1612643021810,6,2735680.000000,12384.000000
1612643022061,6,2439264.000000,97440.000000
1612643022311,6,2782784.000000,0.0
1612643022560,6,3565504.000000,0.0
1612643022811,6,4017248.000000,42016.000000
1612643023061,6,2804960.000000,59264.000000
1612643023311,6,2487328.000000,13216.000000
1612643023561,6,3246976.000000,0.0
1612643023811,6,2688992.000000,0.0
1612643024060,6,3017408.000000,264320.000000
1612643024311,6,2772224.000000,45568.000000
1612643024560,6,1783520.000000,0.0
1612643024811,6,3257781.500000,33292.367188
1612643025061,6,3542066.500000,49685.207031
1612643025310,6,2824672.000000,7680.000000
1612643025561,6,3506976.000000,5536.000000
1612643025811,6,3136892.500000,5513.944336
1612643026060,6,3616867.500000,155020.078125
1612643026310,6,3094848.000000,5536.000000
1612643026561,6,2260768.000000,0.0
1612643026811,6,2222880.000000,41728.000000
1612643027061,6,2405888.000000,126240.000000
1612643027310,6,2416544.000000,11072.000000
1612643027561,6,3729728.000000,5536.000000
1612643027811,6,2533728.000000,42720.000000
1612643028061,6,2542310.750000,91697.210938
1612643028311,6,3439935.750000,12915.663086
1612643028561,6,3990240.000000,2304.000000
1612643028811,6,3259552.000000,25504.000000
1612643029061,6,3409088.000000,20480.000000
1612643029310,6,2850368.000000,14784.000000
1612643029561,6,2286816.000000,0.0
1612643029810,6,2409504.000000,43296.000000
1612643030061,6,3273152.000000,12384.000000
1612643030311,6,2862400.000000,59648.000000
1612643030560,6,3035776.000000,9632.000000
1612643030810,6,3211552.000000,25120.000000
1612643031060,6,2465344.000000,115648.000000
1612643031310,6,3567936.000000,5536.000000
1612643031561,6,2482240.000000,11072.000000
1612643031811,6,2750144.000000,24768.000000
1612643032061,6,2976669.250000,244685.265625
1612643032311,6,3148048.250000,0.0
1612643032561,6,3328928.000000,11072.000000
1612643032810,6,2103360.000000,164352.000000
1612643033060,6,3021536.000000,5536.000000
1612643033310,6,3076096.000000,0.0
1612643033561,6,3452589.750000,0.0
1612643033811,6,2614907.750000,5558.232910
1612643034061,6,2270400.000000,113088.000000
1612643034311,6,2792864.000000,5536.000000
1612643034561,6,2502080.000000,0.0
1612643034811,6,1707680.000000,50176.000000
1612643035060,6,3954400.000000,86176.000000
1612643035311,6,2369248.000000,0.0
1612643035560,6,3076160.000000,0.0
1612643035810,6,2839200.000000,46016.000000
1612643036061,6,3224192.000000,87360.000000
1612643036311,6,3195872.000000,5536.000000
1612643036561,6,2574048.000000,0.0
1612643036811,6,3848352.000000,12384.000000
1612643037060,6,2863200.000000,76992.000000
1612643037310,6,2408864.000000,0.0
1612643037561,6,2614087.500000,0.0
1612643037811,6,2299872.000000,5536.000000
1612643038061,6,2409510.000000,71518.070312
1612643038311,6,2227840.000000,12864.000000
1612643038560,6,2662656.000000,11072.000000
1612643038810,6,2728352.000000,6848.000000
1612643039061,6,3044800.000000,118080.000000
1612643039310,6,2558400.000000,7328.000000
1612643039560,6,2546848.000000,0.0
1612643039810,6,3371104.000000,70176.000000
1612643040061,6,3670848.000000,33952.000000
1612643040310,6,2488256.000000,11968.000000
1612643040561,6,2918816.000000,0.0
1612643040811,6,2942884.500000,36047.808594
1612643041061,6,2723543.500000,39646.585938
1612643041311,6,2561756.000000,0.0
1612643041560,6,2609984.000000,0.0
1612643041810,6,1898505.875000,12433.735352
1612643042060,6,2693024.000000,149472.000000
1612643042311,6,2897880.500000,0.0
1612643042561,6,2648289.250000,5558.232910
1612643042810,6,2376512.000000,23360.000000
1612643043061,6,3483332.750000,59727.808594
1612643043311,6,2953358.500000,7680.000000
1612643043560,6,2927903.750000,0.0
1612643043811,6,3352992.000000,14944.000000
1612643044061,6,2272416.000000,169376.000000
1612643044310,6,3453536.000000,3392.000000
1612643044560,6,2815808.000000,4288.000000
1612643044811,6,2851744.000000,5536.000000
1612643045061,6,2791360.000000,137568.000000
1612643045311,6,3477120.000000,7136.000000
1612643045561,6,3584576.000000,0.0
1612643045811,6,2403552.000000,17920.000000
1612643046060,6,2320704.000000,88192.000000
1612643046311,6,2575456.000000,5536.000000
1612643046560,6,2816352.000000,0.0
1612643046811,6,2337338.500000,53896.414062
1612643047061,6,2540530.250000,84530.125000
1612643047311,6,2547040.000000,0.0
1612643047561,6,2308256.000000,5536.000000
1612643047810,6,2921920.000000,12384.000000
1612643048060,6,3023616.000000,122432.000000
1612643048311,6,2172352.000000,0.0
1612643048561,6,2703808.000000,0.0
1612643048811,6,2708749.000000,128478.085938
1612643049061,6,3682248.750000,119453.812500
1612643049311,6,3374080.000000,5536.000000
1612643049561,6,2455040.000000,0.0
1612643049811,6,3309472.000000,57120.000000
1612643050060,6,2000160.000000,54464.000000
1612643050310,6,2230656.000000,0.0
1612643050560,6,2049696.000000,0.0
1612643050811,6,3435520.000000,0.0
1612643051061,6,2491904.000000,191104.000000
1612643051311,6,3432224.000000,0.0
1612643051561,6,2603200.000000,0.0
1612643051811,6,2260288.000000,20480.000000
1612643052060,6,3315840.000000,145728.000000
1612643052311,6,2583680.000000,3584.000000
1612643052560,6,2563168.000000,0.0
1612643052812,6,3227506.000000,51601.593750
1612643053061,6,3445750.750000,91180.718750
1612643053310,6,2350720.000000,0.0
1612643053561,6,3797792.000000,0.0
1612643053811,6,2087136.000000,15776.000000
1612643054061,6,2834581.750000,74039.843750
1612643054311,6,2327261.000000,6457.831543
1612643054560,6,2717056.000000,0.0
1612643054811,6,3440928.000000,0.0
1612643055061,6,3295744.000000,149920.000000
1612643055310,6,3379296.000000,5536.000000
1612643055561,6,3369664.000000,0.0
1612643055811,6,2550272.000000,41728.000000
1612643056061,6,2338816.000000,75360.000000
1612643056311,6,3232896.000000,0.0
1612643056560,6,2682656.000000,0.0
1612643056810,6,2635840.000000,29888.000000
1612643057061,6,2137051.750000,112637.453125
1612643057310,6,2691052.250000,0.0
1612643057561,6,3613888.000000,5536.000000
1612643057811,6,2792288.000000,5536.000000
1612643058061,6,2988448.000000,74912.000000
1612643058311,6,2977088.000000,15200.000000
1612643058560,6,2554592.000000,0.0
1612643058810,6,3677984.000000,12384.000000
1612643059061,6,3174976.000000,59136.000000
1612643059310,6,2108320.000000,20480.000000
1612643059561,6,3413960.250000,0.0
1612643059811,6,3440546.250000,36337.347656
1612643060061,6,2550688.000000,86304.000000
1612643060311,6,2204192.000000,6432.000000
1612643060560,6,3425024.000000,0.0
1612643060811,6,2329280.000000,41728.000000
1612643061060,6,2031136.000000,103840.000000
1612643061311,6,2718144.000000,6432.000000
1612643061560,6,2896096.000000,0.0
1612643061810,6,2739936.000000,12384.000000
1612643062061,6,2127584.000000,89216.000000
1612643062311,6,2899072.000000,9824.000000
1612643062560,6,2482752.000000,0.0
1612643062811,6,2872480.000000,5536.000000
1612643063060,6,2493632.000000,18368.000000
1612643063310,6,3242720.000000,19680.000000
1612643063561,6,2321248.000000,41728.000000
1612643063811,6,3191520.000000,47008.000000
1612643064061,6,3449312.000000,42400.000000
1612643064311,6,3415200.000000,19648.000000
1612643064561,6,3379872.000000,11072.000000
1612643064811,6,3350156.750000,16988.046875
1612643065060,6,3748499.250000,166778.593750
1612643065311,6,2536256.000000,11072.000000
1612643065560,6,3194464.000000,0.0
1612643065811,6,2572480.000000,66848.000000
1612643066061,6,3621280.000000,28736.000000
1612643066311,6,3159840.000000,18752.000000
1612643066561,6,2309504.000000,4288.000000
1612643066811,6,2062144.000000,12384.000000
1612643067061,6,2548256.000000,133216.000000
1612643067310,6,2155616.000000,20736.000000
1612643067560,6,2555488.000000,5536.000000
1612643067810,6,3901163.500000,25944.222656
1612643068061,6,3083020.250000,385156.625000
1612643068311,6,2500448.000000,0.0
1612643068561,6,3585312.000000,11072.000000
1612643068811,6,2904896.000000,29504.000000
1612643069061,6,2853216.000000,65600.000000
1612643069310,6,2230848.000000,0.0
1612643069560,6,3216672.000000,0.0
1612643069810,6,3233760.000000,17920.000000
1612643070061,6,2425920.000000,143296.000000
1612643070311,6,2196160.000000,6432.000000
1612643070561,6,3216288.000000,0.0
1612643070811,6,2579171.000000,152304.312500
1612643071061,6,3266820.750000,101266.507812
1612643071310,6,2789952.000000,11968.000000
1612643071560,6,2677504.000000,5536.000000
1612643071810,6,3308800.000000,5536.000000
1612643072060,6,2619168.000000,129984.000000
1612643072310,6,2360096.000000,5536.000000
1612643072561,6,2687968.000000,5536.000000
1612643072811,6,2835008.000000,0.0
1612643073061,6,2300800.000000,183456.000000
1612643073311,6,4022528.000000,11968.000000
1612643073560,6,2262016.000000,5536.000000
1612643073810,6,2199552.000000,79648.000000
1612643074060,6,1892128.000000,139360.000000
1612643074310,6,2427232.000000,6432.000000
1612643074561,6,2623936.000000,4480.000000
1612643074811,6,2750016.000000,22400.000000
1612643075061,6,2733024.000000,141952.000000
1612643075311,6,2748000.000000,5536.000000
1612643075560,6,2969312.000000,0.0
1612643075810,6,2916416.000000,17920.000000
1612643076060,6,2362016.000000,74784.000000
1612643076310,6,3527456.000000,0.0
1612643076561,6,3128672.000000,5536.000000
1612643076810,6,3046560.000000,32512.000000
1612643077061,6,4180448.000000,78944.000000
1612643077311,6,2547616.000000,0.0
1612643077560,6,3043104.000000,0.0
1612643077810,6,2495840.000000,12384.000000
1612643078060,6,2876384.000000,189216.000000
1612643078310,6,2552384.000000,0.0
1612643078560,6,3576544.000000,0.0
1612643078811,6,2738304.000000,0.0
1612643079061,6,3411008.000000,175776.000000
1612643079311,6,3233056.000000,0.0
1612643079560,6,3199136.000000,5536.000000
1612643079810,6,3142688.000000,62464.000000
1612643080060,6,2765856.000000,117856.000000
1612643080310,6,3541216.000000,11072.000000
1612643080560,6,3092640.000000,5536.000000
1612643080810,6,2912832.000000,59232.000000
1612643081061,6,3031424.000000,88768.000000
1612643081311,6,2682272.000000,0.0
1612643081561,6,3849536.000000,0.0
1612643081811,6,3160320.000000,41728.000000
1612643082061,6,2806912.000000,106656.000000
1612643082310,6,3279168.000000,0.0
1612643082560,6,2079616.000000,0.0
1612643082810,6,2733664.000000,12288.000000
1612643083061,6,2626016.000000,47808.000000
1612643083310,6,2384704.000000,43520.000000
1612643083561,6,2321440.000000,12000.000000
1612643083811,6,3398432.000000,12384.000000
1612643084060,6,3290400.000000,108224.000000
1612643084310,6,2833472.000000,8512.000000
1612643084560,6,2466848.000000,0.0
1612643084810,6,2772768.000000,0.0
1612643085060,6,2667584.000000,130464.000000
1612643085311,6,2567072.000000,28608.000000
1612643085561,6,2174597.750000,0.0
1612643085811,6,2476658.750000,14104.417969
1612643086060,6,4223648.000000,69280.000000
1612643086311,6,2676224.000000,13216.000000
1612643086560,6,2593888.000000,0.0
1612643086810,6,3245184.000000,5536.000000
1612643087061,6,3373696.000000,169280.000000
1612643087310,6,2616064.000000,0.0
1612643087561,6,2831872.000000,0.0
1612643087810,6,2025920.000000,112448.000000
1612643088061,6,3037344.000000,80928.000000
1612643088311,6,3328832.000000,0.0
1612643088560,6,2073824.000000,0.0
1612643088810,6,1902784.000000,0.0
1612643089060,6,2926656.000000,64832.000000
1612643089310,6,2710080.000000,7680.000000
1612643089560,6,3074336.000000,0.0
1612643089811,6,3141120.000000,0.0
1612643090060,6,3495872.000000,177216.000000
1612643090311,6,2923104.000000,0.0
1612643090560,6,2308640.000000,0.0
1612643090810,6,2047008.000000,54112.000000
1612643091060,6,2163232.000000,53472.000000
1612643091310,6,2941184.000000,6432.000000
1612643091560,6,2865120.000000,4480.000000
1612643091811,6,3600896.000000,17920.000000
1612643092061,6,1906848.000000,113504.000000
1612643092311,6,2895616.000000,0.0
1612643092560,6,3035776.000000,0.0
1612643092810,6,3078944.000000,82528.000000
1612643093060,6,2449024.000000,5536.000000
1612643093310,6,2810048.000000,14112.000000
1612643093560,6,2379040.000000,4480.000000
1612643093810,6,2354976.000000,10016.000000
1612643094061,6,3386144.000000,86304.000000
1612643094311,6,3285056.000000,1792.000000
1612643094561,6,2748288.000000,0.0
1612643094810,6,2652384.000000,12384.000000
1612643095060,6,3544160.000000,190144.000000
1612643095310,6,3337024.000000,5536.000000
1612643095560,6,3201568.000000,2144.000000
1612643095810,6,3524544.000000,12384.000000
1612643096060,6,2656064.000000,106912.000000
1612643096310,6,2231136.000000,5536.000000
1612643096561,6,3310976.000000,0.0
1612643096811,6,3776992.000000,23840.000000
1612643097060,6,3567424.000000,128384.000000
1612643097310,6,2451200.000000,0.0
1612643097560,6,2600896.000000,0.0
1612643097810,6,2487008.000000,19232.000000
1612643098061,6,3260416.000000,85664.000000
1612643098310,6,3826912.000000,7680.000000
1612643098561,6,2143104.000000,4288.000000
1612643098811,6,2943392.000000,104544.000000
1612643099060,6,3159296.000000,203072.000000
1612643099310,6,2669120.000000,0.0
1612643099560,6,2380416.000000,5536.000000
1612643099810,6,2787936.000000,12384.000000
1612643100060,6,3135648.000000,102304.000000
1612643100310,6,3691360.000000,5536.000000
1612643100560,6,2936448.000000,5536.000000
1612643100811,6,3104192.000000,32608.000000
1612643101060,6,3869248.000000,102784.000000
1612643101310,6,2694912.000000,0.0
1612643101560,6,3351584.000000,0.0
1612643101810,6,3177632.000000,0.0
1612643102060,6,3378272.000000,147200.000000
1612643102310,6,3140096.000000,0.0
1612643102560,6,3576928.000000,0.0
1612643102811,6,2830304.000000,27776.000000
1612643103061,6,3382304.000000,118624.000000
1612643103311,6,2247744.000000,13216.000000
1612643103560,6,2461792.000000,5536.000000
1612643103810,6,2626208.000000,94080.000000
1612643104060,6,2297792.000000,96416.000000
1612643104310,6,2578880.000000,11072.000000
1612643104560,6,3216288.000000,5536.000000
1612643104810,6,2656256.000000,46816.000000
1612643105061,6,4391616.000000,69920.000000
1612643105311,6,2982016.000000,0.0
1612643105560,6,4262368.000000,0.0
1612643105810,6,3304960.000000,5536.000000
1612643106060,6,2886560.000000,166816.000000
1612643106311,6,3034560.000000,0.0
1612643106560,6,2391552.000000,0.0
1612643106810,6,2006496.000000,40608.000000
1612643107060,6,2534592.000000,53600.000000
1612643107311,6,1871936.000000,11968.000000
1612643107560,6,2846912.000000,11072.000000
1612643107810,6,2252800.000000,23456.000000
1612643108060,6,3064896.000000,66336.000000
1612643108310,6,2515168.000000,7680.000000
1612643108560,6,2692352.000000,0.0
1612643108810,6,3553312.000000,12384.000000
1612643109060,6,2838208.000000,111488.000000
1612643109310,6,2529792.000000,0.0
1612643109560,6,3234720.000000,6432.000000
1612643109810,6,2832288.000000,17920.000000
1612643110060,6,2843872.000000,78624.000000
1612643110310,6,2240928.000000,11968.000000
1612643110561,6,2447008.000000,0.0
1612643110810,6,3567424.000000,5536.000000
1612643111061,6,3163072.000000,148448.000000
1612643111311,6,4000640.000000,11072.000000
1612643111561,6,3873856.000000,0.0
1612643111811,6,3887392.000000,155264.000000
1612643112060,6,2498848.000000,31552.000000
1612643112310,6,5618048.000000,13216.000000
1612643112560,6,3584352.000000,0.0
1612643112810,6,2865248.000000,5536.000000
1612643113060,6,2452864.000000,87648.000000
1612643113310,6,1977184.000000,22144.000000
1612643113560,6,2596256.000000,0.0
1612643113811,6,2045312.000000,52800.000000
1612643114060,6,2494400.000000,174016.000000
1612643114310,6,2614176.000000,0.0
1612643114560,6,3172224.000000,0.0
1612643114810,6,1952032.000000,24512.000000
1612643115060,6,3820768.000000,100096.000000
1612643115310,6,2552224.000000,5536.000000
1612643115560,6,3128704.000000,896
1612643115811,6,2671711.000000,109493.976562
1612643116060,6,3516079.500000,38661.355469
1612643116310,6,3232128.000000,0.0
1612643116560,6,1971456.000000,5536.000000
1612643116810,6,2647936.000000,16608.000000
1612643117060,6,3788576.000000,98368.000000
1612643117310,6,2542432.000000,0.0
1612643117560,6,2579616.000000,0.0
1612643117810,6,2486848.000000,62144.000000
1612643118061,6,2950080.000000,93280.000000
1612643118310,6,2412544.000000,0.0
1612643118560,6,2817472.000000,5536.000000
1612643118810,6,3700320.000000,36192.000000
1612643119060,6,2356448.000000,78880.000000
1612643119310,6,2148160.000000,0.0
1612643119560,6,3266592.000000,11072.000000
1612643119810,6,3023392.000000,36192.000000
1612643120060,6,3578304.000000,80960.000000
1612643120310,6,2755552.000000,5536.000000
1612643120561,6,2673824.000000,0.0
1612643120810,6,3058976.000000,54272.000000
1612643121060,6,3278368.000000,121728.000000
1612643121311,6,2623744.000000,0.0
1612643121560,6,2909728.000000,0.0
1612643121810,6,2844544.000000,92704.000000
1612643122061,6,4333504.000000,80896.000000
1612643122310,6,2726464.000000,0.0
1612643122560,6,2465440.000000,0.0
1612643122810,6,2405472.000000,5536.000000
1612643123060,6,2085696.000000,44480.000000
1612643123310,6,2592864.000000,79232.000000
1612643123560,6,2178016.000000,0.0
1612643123810,6,2618240.000000,38720.000000
1612643124061,6,2696704.000000,69024.000000
1612643124310,6,2905760.000000,5536.000000
1612643124560,6,2962368.000000,0.0
1612643124810,6,2569088.000000,5536.000000
1612643125060,6,3043200.000000,80832.000000
1612643125310,6,3778208.000000,6432.000000
1612643125560,6,2693760.000000,0.0
1612643125810,6,3034656.000000,0.0
1612643126060,6,3639200.000000,121472.000000
1612643126310,6,2866976.000000,7328.000000
1612643126560,6,3005120.000000,0.0
1612643126811,6,3562634.500000,115566.265625
1612643127060,6,3186071.750000,87171.312500
1612643127310,6,3008320.000000,0.0
1612643127560,6,2222784.000000,0.0
1612643127810,6,2671680.000000,5536.000000
1612643128060,6,2909088.000000,128768.000000
1612643128310,6,2859872.000000,0.0
1612643128560,6,2718304.000000,0.0
1612643128810,6,3123968.000000,0.0
1612643129060,6,2972480.000000,135392.000000
1612643129310,6,2857088.000000,11712.000000
1612643129560,6,2668320.000000,0.0
1612643129810,6,2065632.000000,14048.000000
1612643130060,6,1987744.000000,244128.000000
1612643130310,6,3374656.000000,0.0
1612643130560,6,2876544.000000,0.0
1612643130810,6,2591200.000000,12384.000000
1612643131060,6,2696832.000000,112608.000000
1612643131310,6,2862400.000000,5536.000000
1612643131560,6,2937248.000000,6432.000000
1612643131810,6,2408928.000000,0.0
1612643132061,6,2813984.000000,243008.000000
1612643132310,6,3126720.000000,0.0
1612643132560,6,2094688.000000,0.0
1612643132810,6,3411264.000000,0.0
1612643133061,6,2954560.000000,64192.000000
1612643133310,6,3858080.000000,7680.000000
1612643133560,6,2715296.000000,0.0
1612643133810,6,3126464.000000,4384.000000
1612643134060,6,2738720.000000,85984.000000
1612643134310,6,2738912.000000,6432.000000
1612643134560,6,2521632.000000,0.0
1612643134810,6,2954528.000000,40576.000000
1612643135061,6,3395744.000000,28256.000000
1612643135310,6,2567168.000000,5536.000000
1612643135560,6,2435968.000000,7680.000000
1612643135810,6,3120800.000000,0.0
1612643136060,6,1890720.000000,132160.000000
1612643136310,6,2514752.000000,5536.000000
1612643136560,6,2672096.000000,0.0
1612643136810,6,2861920.000000,0.0
1612643137060,6,2375296.000000,95200.000000
1612643137310,6,3373984.000000,18048.000000
1612643137560,6,3105696.000000,0.0
1612643137810,6,2493536.000000,19840.000000
1612643138061,6,3470752.000000,76192.000000
1612643138310,6,3677440.000000,5536.000000
1612643138560,6,2668992.000000,5536.000000
1612643138810,6,3720800.000000,114112.000000
1612643139061,6,2625536.000000,54624.000000
1612643139310,6,2300768.000000,0.0
1612643139560,6,2134368.000000,0.0
1612643139811,6,2385536.000000,0.0
1612643140060,6,3380384.000000,125728.000000
1612643140311,6,2929856.000000,13216.000000
1612643140561,6,2039136.000000,0.0
1612643140810,6,3376064.000000,47264.000000
1612643141060,6,2864256.000000,70912.000000
1612643141310,6,1937536.000000,0.0
1612643141561,6,2530240.000000,0.0
1612643141810,6,3493216.000000,19520.000000
1612643142060,6,2480416.000000,43872.000000
1612643142310,6,2726240.000000,0.0
1612643142560,6,2359232.000000,15040.000000
1612643142810,6,3359520.000000,12384.000000
1612643143060,6,2499072.000000,107488.000000
1612643143310,6,3476192.000000,19008.000000
1612643143560,6,3328064.000000,0.0
1612643143810,6,3320224.000000,0.0
1612643144060,6,3455424.000000,41600.000000
1612643144310,6,3019264.000000,11968.000000
1612643144560,6,3391808.000000,5536.000000
1612643144810,6,3531200.000000,32896.000000
1612643145060,6,2613088.000000,60288.000000
1612643145310,6,3353984.000000,11072.000000
1612643145560,6,3476128.000000,11072.000000
1612643145810,6,2669024.000000,5536.000000
1612643146060,6,3160800.000000,276256.000000
1612643146310,6,3130080.000000,5536.000000
1612643146560,6,3405120.000000,5536.000000
1612643146810,6,2711424.000000,62848.000000
1612643147060,6,2942208.000000,89600.000000
1612643147310,6,3448960.000000,7680.000000
1612643147561,6,3037248.000000,0.0
1612643147810,6,2755360.000000,0.0
1612643148060,6,1983808.000000,150048.000000
1612643148310,6,1619424.000000,0.0
1612643148560,6,3770752.000000,0.0
1612643148810,6,2539360.000000,30656.000000
1612643149060,6,4000224.000000,99040.000000
1612643149310,6,3395552.000000,0.0
1612643149560,6,2239328.000000,5536.000000
1612643149810,6,3181408.000000,33152.000000
1612643150060,6,3492704.000000,64640.000000
1612643150310,6,3409280.000000,11968.000000
1612643150560,6,2475712.000000,13216.000000
1612643150810,6,2997024.000000,17920.000000
1612643151060,6,3742368.000000,87520.000000
1612643151310,6,2661376.000000,6432.000000
1612643151560,6,3115904.000000,0.0
1612643151810,6,2420896.000000,81792.000000
1612643152060,6,2297632.000000,23488.000000
1612643152310,6,1937088.000000,7360.000000
1612643152560,6,2630656.000000,0.0
1612643152810,6,1865184.000000,26976.000000
1612643153060,6,3066976.000000,125824.000000
1612643153310,6,2703584.000000,0.0
1612643153560,6,2643776.000000,5536.000000
1612643153810,6,3314304.000000,0.0
1612643154060,6,2569568.000000,76224.000000
1612643154310,6,2784000.000000,7104.000000
1612643154561,6,2828160.000000,0.0
1612643154811,6,3457895.750000,59694.781250
1612643155060,6,2025689.125000,53896.414062
1612643155310,6,3033216.000000,6432.000000
1612643155560,6,2834944.000000,1792.000000
1612643155810,6,2134848.000000,52960.000000
1612643156060,6,2983488.000000,41824.000000
1612643156310,6,3471584.000000,0.0
1612643156561,6,3395680.000000,0.0
1612643156810,6,2758304.000000,64640.000000
1612643157061,6,3362624.000000,206112.000000
1612643157310,6,2868000.000000,6432.000000
1612643157561,6,2604736.000000,0.0
1612643157810,6,2872032.000000,17920.000000
1612643158060,6,3171104.000000,59936.000000
1612643158310,6,2231392.000000,0.0
1612643158560,6,2077472.000000,0.0
1612643158812,6,3969824.250000,154322.359375
1612643159060,6,2462691.250000,78566.937500
1612643159310,6,2182592.000000,0.0
1612643159560,6,2996032.000000,0.0
1612643159810,6,2982656.000000,25120.000000
1612643160060,6,3050752.000000,146720.000000
1612643160310,6,2803872.000000,0.0
1612643160560,6,2768832.000000,0.0
1612643160810,6,3621952.000000,17920.000000
1612643161060,6,2886816.000000,102816.000000
1612643161311,6,3020672.000000,0.0
1612643161561,6,2960960.000000,0.0
1612643161811,6,2263392.000000,6848.000000
1612643162060,6,2705312.000000,180704.000000
1612643162310,6,2467200.000000,0.0
1612643162560,6,3011776.000000,0.0
1612643162810,6,3446656.000000,5536.000000
1612643163060,6,2488320.000000,189632.000000
1612643163311,6,2977024.000000,5536.000000
1612643163560,6,2888480.000000,5536.000000
1612643163811,6,4196340.000000,30912.000000
1612643164060,6,2239664.750000,73025.906250
1612643164310,6,3084576.000000,5536.000000
1612643164560,6,2429504.000000,896
1612643164810,6,3224032.000000,38752.000000
1612643165060,6,3019744.000000,23072.000000
1612643165310,6,2754336.000000,12864.000000
1612643165560,6,2272992.000000,0.0
1612643165810,6,3188288.000000,47264.000000
1612643166060,6,2588384.000000,77280.000000
1612643166310,6,3675648.000000,5536.000000
1612643166560,6,3348960.000000,0.0
1612643166810,6,3345312.000000,12384.000000
1612643167060,6,3177792.000000,53792.000000
1612643167310,6,2151168.000000,70304.000000
1612643167560,6,2825760.000000,13760.000000
1612643167810,6,3751488.000000,44064.000000
1612643168061,6,3711040.000000,181888.000000
1612643168310,6,3380064.000000,0.0
1612643168560,6,2302944.000000,0.0
1612643168810,6,3457024.000000,54112.000000
1612643169060,6,3155744.000000,58240.000000
1612643169310,6,3235968.000000,0.0
1612643169560,6,3702944.000000,0.0
1612643169810,6,2086400.000000,3488.000000
1612643170060,6,2031072.000000,39680.000000
1612643170310,6,2270560.000000,38752.000000
1612643170560,6,2877344.000000,4480.000000
1612643170810,6,2275616.000000,32448.000000
1612643171061,6,2713248.000000,30176.000000
1612643171310,6,2744960.000000,0.0
1612643171560,6,3480544.000000,47264.000000
1612643171810,6,2930304.000000,47264.000000
1612643172060,6,3098208.000000,93024.000000
1612643172310,6,4286848.000000,43136.000000
1612643172560,6,3035712.000000,0.0
1612643172810,6,2603264.000000,12384.000000
1612643173061,6,3734688.000000,57440.000000
1612643173310,6,2960160.000000,16256.000000
1612643173560,6,2230080.000000,0.0
1612643173810,6,2445760.000000,25120.000000
1612643174061,6,2581728.000000,174496.000000
1612643174310,6,2530816.000000,11072.000000
1612643174560,6,2775200.000000,9472.000000
1612643174810,6,3031968.000000,42144.000000
1612643175060,6,2959104.000000,37920.000000
1612643175310,6,2675552.000000,0.0
1612643175560,6,2603008.000000,17504.000000
1612643175810,6,2314496.000000,9024.000000
1612643176060,6,4149152.000000,128096.000000
1612643176310,6,2674400.000000,0.0
1612643176560,6,2908608.000000,0.0
1612643176810,6,3374848.000000,41728.000000
1612643177060,6,2380544.000000,35872.000000
1612643177310,6,2690432.000000,49024.000000
1612643177560,6,3203392.000000,0.0
1612643177810,6,2120000.000000,27840.000000
1612643178060,6,2407872.000000,57792.000000
1612643178310,6,2625632.000000,7360.000000
1612643178560,6,2784896.000000,0.0
1612643178810,6,2410240.000000,17920.000000
1612643179060,6,2606880.000000,126048.000000
1612643179310,6,2740480.000000,5536.000000
1612643179560,6,3372352.000000,0.0
1612643179810,6,2370400.000000,12384.000000
1612643180060,6,3375936.000000,152512.000000
1612643180311,6,3055360.000000,0.0
1612643180560,6,2611904.000000,5536.000000
1612643180810,6,2169888.000000,152864.000000
1612643181061,6,3141248.000000,127072.000000
1612643181310,6,2323872.000000,34752.000000
1612643181560,6,2826784.000000,2688.000000
1612643181810,6,2534496.000000,62240.000000
1612643182060,6,2336928.000000,84576.000000
1612643182310,6,2919712.000000,5536.000000
1612643182560,6,3422656.000000,0.0
1612643182810,6,2346176.000000,48576.000000
1612643183061,6,2365728.000000,43136.000000
1612643183310,6,2385216.000000,7680.000000
1612643183560,6,2643968.000000,5536.000000
1612643183810,6,2427680.000000,12384.000000
1612643184060,6,1972448.000000,171232.000000
1612643184310,6,2957856.000000,11072.000000
1612643184560,6,3772960.000000,0.0
1612643184811,6,2240736.000000,17056.000000
1612643185060,6,2372640.000000,62272.000000
1612643185310,6,2623424.000000,0.0
1612643185560,6,860192.000000,5536.000000
1612643185810,6,0.0,0.0
1612643186060,6,0.0,0.0
1612643186310,6,0.0,0.0
1612643186560,6,0.0,0.0
1612643186810,6,0.0,11072.000000
1612643187060,6,0.0,0.0
1612643187310,6,0.0,0.0
1612643187561,6,0.0,5536.000000
1612643187810,6,0.0,0.0
1612643188061,6,0.0,0.0
1612643188310,6,0.0,0.0
1612643188560,6,0.0,0.0
1612643188810,6,0.0,0.0
1612643189060,6,0.0,0.0
1612643189310,6,0.0,0.0
1612643189560,6,0.0,0.0
1612643189810,6,0.0,0.0
1612643190061,6,0.0,0.0
1612643190310,6,0.0,0.0
1612643190560,6,0.0,0.0
1612643190810,6,0.0,0.0
1612643191060,6,0.0,0.0
1612643191310,6,0.0,0.0
1612643191560,6,0.0,0.0
1612643191810,6,0.0,0.0
1612643192060,6,0.0,0.0
1612643192310,6,0.0,0.0
1612643192561,6,0.0,0.0
1612643192810,6,0.0,0.0
1612643193061,6,0.0,0.0
1612643193310,6,0.0,0.0
1612643193560,6,0.0,0.0
1612643193810,6,0.0,0.0
1612643194060,6,0.0,0.0
1612643194310,6,0.0,0.0
1612643194560