Timestamp,num_ues,IMSI,RNTI,,slicing_enabled,slice_id,slice_prb,power_multiplier,scheduling_policy,,dl_mcs,dl_n_samples,dl_buffer [bytes],tx_brate downlink [Mbps],tx_pkts downlink,tx_errors downlink (%),dl_cqi,,ul_mcs,ul_n_samples,ul_buffer [bytes],rx_brate uplink [Mbps],rx_pkts uplink,rx_errors uplink (%),ul_rssi,ul_sinr,phr,,sum_requested_prbs,sum_granted_prbs,,dl_pmi,dl_ri,ul_n,ul_turbo_iters
1613791228723,3,1010123456027,72,,1,0,6,1,2,,0,9,0,0.005472,5,0,7.16667,,11.875,24,0,0.1,7,0,0,33.8238,31,,1,12,,0,0,0,1
1613791228973,4,1010123456027,72,,1,0,6,1,2,,9,4,0,0.00183133,1,0,7,,12,7,0,0.1,2,0,0,33.67,31,,0,6,,0,0,0,1
1613791229223,6,1010123456027,72,,1,0,6,1,2,,0,0,0,0,0,0,7.14286,,0,0,0,0,0,0,0,0,0,,0,0,,0,0,0,0
1613791229473,8,1010123456027,72,,1,0,6,1,2,,0,0,0,0,0,0,7,,0,0,0,0,0,0,0,0,0,,0,0,,0,0,0,0
1613791229723,8,1010123456027,72,,1,0,6,1,2,,0,0,0,0,0,0,5.83333,,0,0,0,0,0,0,0,0,0,,0,0,,0,0,0,0
1613791229973,6,1010123456027,72,,1,0,6,1,2,,0,0,0,0,0,0,7.16667,,0,0,0,0,0,0,0,0,0,,0,0,,0,0,0,0
1613791230223,5,1010123456027,72,,1,0,6,1,2,,0,0,0,0,0,0,7.42857,,0,0,0,0,0,0,0,0,0,,0,0,,0,0,0,0
1613791230473,5,1010123456027,72,,1,0,6,1,2,,0,0,0,0,0,0,6.16667,,0,0,0,0,0,0,0,0,0,,0,0,,0,0,0,0
1613791230723,6,1010123456027,72,,1,0,6,1,2,,0,0,0,0,0,0,6.83333,,0,0,0,0,0,0,0,0,0,,0,0,,0,0,0,0
1613791230973,6,1010123456027,72,,1,0,6,1,2,,0,0,0,0,0,0,7,,0,0,0,0,0,0,0,0,0,,0,0,,0,0,0,0
1613791231223,6,1010123456027,72,,1,0,6,1,2,,0,0,0,0,0,0,6.14286,,0,0,0,0,0,0,0,0,0,,0,0,,0,0,0,0
1613791231473,6,1010123456027,72,,1,0,6,1,2,,0,0,0,0,0,0,7.2,,0,0,0,0,0,0,0,0,0,,0,0,,0,0,0,0
1613791231723,6,1010123456027,72,,1,0,6,1,2,,0,0,0,0,0,0,7.16667,,0,0,0,0,0,0,0,0,0,,0,0,,0,0,0,0
1613791231973,6,1010123456027,72,,1,0,6,1,2,,0,0,0,0,0,0,5.8,,0,0,0,0,0,0,0,0,0,,0,0,,0,0,0,0
1613791232223,6,1010123456027,72,,1,0,6,1,2,,0,0,0,0,0,0,7.16667,,0,0,0,0,0,0,0,0,0,,0,0,,0,0,0,0
1613791232473,6,1010123456027,72,,1,0,6,1,2,,0,0,0,0,0,0,7.16667,,0,0,0,0,0,0,0,0,0,,0,0,,0,0,0,0
1613791232723,6,1010123456027,72,,1,0,6,1,2,,0,0,0,0,0,0,7,,0,0,0,0,0,0,0,0,0,,0,0,,0,0,0,0
1613791232973,6,1010123456027,72,,1,0,6,1,2,,0,0,0,0,0,0,8.5,,0,0,0,0,0,0,0,0,0,,0,0,,0,0,0,0
1613791233223,6,1010123456027,72,,1,0,6,1,2,,0,0,0,0,0,0,7.14286,,0,0,0,0,0,0,0,0,0,,0,0,,0,0,0,0
1613791233473,6,1010123456027,72,,1,0,6,1,2,,0,0,0,0,0,0,7.4,,0,0,0,0,0,0,0,0,0,,0,0,,0,0,0,0
1613791233723,6,1010123456027,72,,1,0,6,1,2,,0,0,0,0,0,0,7,,0,0,0,0,0,0,0,0,0,,0,0,,0,0,0,0
1613791233973,6,1010123456027,72,,1,0,6,1,2,,0,0,0,0,0,0,7,,0,0,0,0,0,0,0,0,0,,0,0,,0,0,0,0
1613791234223,6,1010123456027,72,,1,0,6,1,2,,0,0,0,0,0,0,5.83333,,0,0,0,0,0,0,0,0,0,,0,0,,0,0,0,0
1613791234473,6,1010123456027,72,,1,0,6,1,2,,0,0,0,0,0,0,5.8,,0,0,0,0,0,0,0,0,0,,0,0,,0,0,0,0
1613791234723,6,1010123456027,72,,1,0,6,1,2,,0,0,0,0,0,0,7.75,,0,0,0,0,0,0,0,0,0,,0,0,,0,0,0,0
1613791234973,6,1010123456027,72,,1,0,6,1,2,,0,0,0,0,0,0,8.2,,0,0,0,0,0,0,0,0,0,,0,0,,0,0,0,0
1613791235223,6,1010123456027,72,,1,0,6,1,2,,0,0,0,0,0,0,6.71429,,0,0,0,0,0,0,0,0,0,,0,0,,0,0,0,0
1613791235473,6,1010123456027,72,,1,0,6,1,2,,0,0,0,0,0,0,7.5,,0,0,0,0,0,0,0,0,0,,0,0,,0,0,0,0
1613791235723,6,1010123456027,72,,1,0,6,1,2,,0,0,0,0,0,0,7.16667,,0,0,0,0,0,0,0,0,0,,0,0,,0,0,0,0
1613791235973,6,1010123456027,72,,1,0,6,1,2,,0,0,0,0,0,0,8.5,,0,0,0,0,0,0,0,0,0,,0,0,,0,0,0,0
1613791236223,6,1010123456027,72,,1,0,6,1,2,,0,0,0,0,0,0,6.6,,0,0,0,0,0,0,0,0,0,,0,0,,0,0,0,0
1613791236473,6,1010123456027,72,,1,0,6,1,2,,0,0,0,0,0,0,6.6,,0,0,0,0,0,0,0,0,0,,0,0,,0,0,0,0
1613791236723,6,1010123456027,72,,1,0,6,1,2,,0,0,0,0,0,0,6.83333,,0,0,0,0,0,0,0,0,0,,0,0,,0,0,0,0
1613791236973,6,1010123456027,72,,1,0,6,1,2,,0,0,0,0,0,0,7.5,,0,0,0,0,0,0,0,0,0,,0,0,,0,0,0,0
1613791237223,6,1010123456027,72,,1,0,6,1,2,,0,0,0,0,0,0,6.85714,,0,0,0,0,0,0,0,0,0,,0,0,,0,0,0,0
1613791237473,6,1010123456027,72,,1,0,6,1,2,,0,0,0,0,0,0,7,,0,0,0,0,0,0,0,0,0,,0,0,,0,0,0,0
1613791237723,6,1010123456027,72,,1,0,6,1,2,,0,0,0,0,0,0,7,,0,0,0,0,0,0,0,0,0,,0,0,,0,0,0,0
1613791237973,6,1010123456027,72,,1,0,6,1,2,,0,0,0,0,0,0,7.66667,,0,0,0,0,0,0,0,0,0,,0,0,,0,0,0,0
1613791238223,6,1010123456027,72,,1,0,6,1,2,,0,0,0,0,0,0,8.6,,0,0,0,0,0,0,0,0,0,,0,0,,0,0,0,0
1613791238473,6,1010123456027,72,,1,0,6,1,2,,0,0,0,0,0,0,8.75,,0,0,0,0,0,0,0,0,0,,0,0,,0,0,0,0
1613791238723,6,1010123456027,72,,1,0,6,1,2,,0,0,0,0,0,0,7,,0,0,0,0,0,0,0,0,0,,0,0,,0,0,0,0
1613791238973,6,1010123456027,72,,1,0,6,1,2,,0,0,0,0,0,0,7,,0,0,0,0,0,0,0,0,0,,0,0,,0,0,0,0
1613791239223,6,1010123456027,72,,1,0,6,1,2,,0,0,0,0,0,0,7,,0,0,0,0,0,0,0,0,0,,0,0,,0,0,0,0
1613791239473,6,1010123456027,72,,1,0,6,1,2,,0,0,0,0,0,0,8,,0,0,0,0,0,0,0,0,0,,0,0,,0,0,0,0
1613791239723,6,1010123456027,72,,1,0,6,1,2,,0,0,0,0,0,0,7.2,,0,0,0,0,0,0,0,0,0,,0,0,,0,0,0,0
1613791239973,6,1010123456027,72,,1,0,6,1,2,,0,0,0,0,0,0,7.75,,0,0,0,0,0,0,0,0,0,,0,0,,0,0,0,0
1613791240223,6,1010123456027,72,,1,0,6,1,2,,0,0,0,0,0,0,8.28571,,0,0,0,0,0,0,0,0,0,,0,0,,0,0,0,0
1613791240473,6,1010123456027,72,,1,0,6,1,2,,0,0,0,0,0,0,7.2,,0,0,0,0,0,0,0,0,0,,0,0,,0,0,0,0
1613791240723,6,1010123456027,72,,1,0,6,1,2,,0,0,0,0,0,0,7.8,,0,0,0,0,0,0,0,0,0,,0,0,,0,0,0,0
1613791240973,6,1010123456027,72,,1,0,6,1,2,,0,0,0,0,0,0,7.5,,0,0,0,0,0,0,0,0,0,,0,0,,0,0,0,0
1613791241223,6,1010123456027,72,,1,0,6,1,2,,0,0,0,0,0,0,6,,0,0,0,0,0,0,0,0,0,,0,0,,0,0,0,0
1613791241473,6,1010123456027,72,,1,0,6,1,2,,0,0,0,0,0,0,7.2,,0,0,0,0,0,0,0,0,0,,0,0,,0,0,0,0
1613791241723,6,1010123456027,72,,1,0,6,1,2,,0,0,0,0,0,0,8.33333,,0,0,0,0,0,0,0,0,0,,0,0,,0,0,0,0
1613791241973,6,1010123456027,72,,1,0,6,1,2,,0,0,0,0,0,0,7,,0,0,0,0,0,0,0,0,0,,0,0,,0,0,0,0
1613791242223,6,1010123456027,72,,1,0,6,1,2,,0,0,0,0,0,0,8,,0,0,0,0,0,0,0,0,0,,0,0,,0,0,0,0
1613791242473,6,1010123456027,72,,1,0,6,1,2,,0,0,0,0,0,0,7,,0,0,0,0,0,0,0,0,0,,0,0,,0,0,0,0
1613791242723,6,1010123456027,72,,1,0,6,1,2,,0,0,0,0,0,0,7,,0,0,0,0,0,0,0,0,0,,0,0,,0,0,0,0
1613791242973,6,1010123456027,72,,1,0,6,1,2,,0,0,0,0,0,0,5,,0,0,0,0,0,0,0,0,0,,0,0,,0,0,0,0
1613791243223,6,1010123456027,72,,1,0,6,1,2,,0,0,0,0,0,0,8.16667,,0,0,0,0,0,0,0,0,0,,0,0,,0,0,0,0
1613791243473,6,1010123456027,72,,1,0,6,1,2,,0,0,0,0,0,0,7.4,,0,0,0,0,0,0,0,0,0,,0,0,,0,0,0,0
1613791243723,6,1010123456027,72,,1,0,6,1,2,,0,0,0,0,0,0,5.6,,0,0,0,0,0,0,0,0,0,,0,0,,0,0,0,0
1613791243973,6,1010123456027,72,,1,0,6,1,2,,0,0,0,0,0,0,6.4,,0,0,0,0,0,0,0,0,0,,0,0,,0,0,0,0
1613791244223,6,1010123456027,72,,1,0,6,1,2,,0,0,0,0,0,0,7,,0,0,0,0,0,0,0,0,0,,0,0,,0,0,0,0
1613791244473,6,1010123456027,72,,1,0,6,1,2,,0,0,0,0,0,0,8.75,,0,0,0,0,0,0,0,0,0,,0,0,,0,0,0,0
1613791244723,6,1010123456027,72,,1,0,6,1,2,,0,0,0,0,0,0,7,,0,0,0,0,0,0,0,0,0,,0,0,,0,0,0,0
1613791244973,6,1010123456027,72,,1,0,6,1,2,,0,0,0,0,0,0,7.25,,0,0,0,0,0,0,0,0,0,,0,0,,0,0,0,0
1613791245223,6,1010123456027,72,,1,0,6,1,2,,0,0,0,0,0,0,7.57143,,0,0,0,0,0,0,0,0,0,,0,0,,0,0,0,0
1613791245473,6,1010123456027,72,,1,0,6,1,2,,0,0,0,0,0,0,6.66667,,0,0,0,0,0,0,0,0,0,,0,0,,0,0,0,0
1613791245723,6,1010123456027,72,,1,0,6,1,2,,0,0,0,0,0,0,7.16667,,0,0,0,0,0,0,0,0,0,,0,0,,0,0,0,0
1613791245973,6,1010123456027,72,,1,0,6,1,2,,0,0,0,0,0,0,7,,0,0,0,0,0,0,0,0,0,,0,0,,0,0,0,0
1613791246223,6,1010123456027,72,,1,0,6,1,2,,0,0,0,0,0,0,8.5,,0,0,0,0,0,0,0,0,0,,0,0,,0,0,0,0
1613791246473,6,1010123456027,72,,1,0,6,1,2,,0,0,0,0,0,0,7.2,,0,0,0,0,0,0,0,0,0,,0,0,,0,0,0,0
1613791246723,6,1010123456027,72,,1,0,6,1,2,,0,0,0,0,0,0,6.75,,0,0,0,0,0,0,0,0,0,,0,0,,0,0,0,0
1613791246973,6,1010123456027,72,,1,0,6,1,2,,0,0,0,0,0,0,8.16667,,15,4,0,0.1,1,0,0,31.5668,31,,0,0,,0,0,0,1
1613791247223,6,1010123456027,72,,1,0,6,1,2,,0,0,0,0,0,0,7,,0,0,0,0,0,0,0,0,0,,0,0,,0,0,0,0
1613791247473,6,1010123456027,72,,1,0,6,1,2,,0,0,0,0,0,0,7.4,,0,0,0,0,0,0,0,0,0,,0,0,,0,0,0,0
1613791247723,6,1010123456027,72,,1,0,6,1,2,,0,0,0,0,0,0,7,,0,0,0,0,0,0,0,0,0,,0,0,,0,0,0,0
1613791247973,6,1010123456027,72,,1,0,6,1,2,,0,0,0,0,0,0,8.25,,0,0,0,0,0,0,0,0,0,,0,0,,0,0,0,0
1613791248223,6,1010123456027,72,,1,0,6,1,2,,0,0,0,0,0,0,7,,0,0,0,0,0,0,0,0,0,,0,0,,0,0,0,0
1613791248473,6,1010123456027,72,,1,0,6,1,2,,0,0,0,0,0,0,7.5,,0,0,0,0,0,0,0,0,0,,0,0,,0,0,0,0
1613791248723,6,1010123456027,72,,1,0,6,1,2,,0,0,0,0,0,0,8.66667,,0,0,0,0,0,0,0,0,0,,0,0,,0,0,0,0
1613791248973,6,1010123456027,72,,1,0,6,1,2,,0,0,0,0,0,0,7.16667,,0,0,0,0,0,0,0,0,0,,0,0,,0,0,0,0
1613791249223,6,1010123456027,72,,1,0,6,1,2,,0,0,0,0,0,0,6.42857,,0,0,0,0,0,0,0,0,0,,0,0,,0,0,0,0
1613791249473,6,1010123456027,72,,1,0,6,1,2,,0,0,0,0,0,0,7,,0,0,0,0,0,0,0,0,0,,0,0,,0,0,0,0
1613791249723,6,1010123456027,72,,1,0,6,1,2,,0,0,0,0,0,0,5.2,,0,0,0,0,0,0,0,0,0,,0,0,,0,0,0,0
1613791249973,6,1010123456027,72,,1,0,6,1,2,,0,0,0,0,0,0,8,,0,0,0,0,0,0,0,0,0,,0,0,,0,0,0,0
1613791250223,6,1010123456027,72,,1,0,6,1,2,,0,0,0,0,0,0,7.14286,,0,0,0,0,0,0,0,0,0,,0,0,,0,0,0,0
1613791250473,6,1010123456027,72,,1,0,6,1,2,,0,0,0,0,0,0,5.6,,0,0,0,0,0,0,0,0,0,,0,0,,0,0,0,0
1613791250723,6,1010123456027,72,,1,0,6,1,2,,0,0,0,0,0,0,7,,0,0,0,0,0,0,0,0,0,,0,0,,0,0,0,0
1613791250973,6,1010123456027,72,,1,0,6,1,2,,0,0,0,0,0,0,7,,0,0,0,0,0,0,0,0,0,,0,0,,0,0,0,0
1613791251223,6,1010123456027,72,,1,0,6,1,2,,0,0,0,0,0,0,7,,0,0,0,0,0,0,0,0,0,,0,0,,0,0,0,0
1613791251473,6,1010123456027,72,,1,0,6,1,2,,0,0,0,0,0,0,7.16667,,0,0,0,0,0,0,0,0,0,,0,0,,0,0,0,0
1613791251723,6,1010123456027,72,,1,0,6,1,2,,0,0,0,0,0,0,6.66667,,0,0,0,0,0,0,0,0,0,,0,0,,0,0,0,0
1613791251973,6,1010123456027,72,,1,0,6,1,2,,0,0,0,0,0,0,7.2,,0,0,0,0,0,0,0,0,0,,0,0,,0,0,0,0
1613791252223,6,1010123456027,72,,1,0,6,1,2,,0,0,0,0,0,0,6.28571,,0,0,0,0,0,0,0,0,0,,0,0,,0,0,0,0
1613791252473,6,1010123456027,72,,1,0,6,1,2,,0,0,0,0,0,0,7.16667,,0,0,0,0,0,0,0,0,0,,0,0,,0,0,0,0
1613791252723,6,1010123456027,72,,1,0,6,1,2,,0,0,0,0,0,0,7,,0,0,0,0,0,0,0,0,0,,0,0,,0,0,0,0
1613791252973,6,1010123456027,72,,1,0,6,1,2,,0,0,0,0,0,0,7,,0,0,0,0,0,0,0,0,0,,0,0,,0,0,0,0
1613791253223,6,1010123456027,72,,1,0,6,1,2,,0,0,0,0,0,0,6.85714,,0,0,0,0,0,0,0,0,0,,0,0,,0,0,0,0
1613791253473,6,1010123456027,72,,1,0,6,1,2,,0,0,0,0,0,0,8.4,,0,0,0,0,0,0,0,0,0,,0,0,,0,0,0,0
1613791253723,6,1010123456027,72,,1,0,6,1,2,,0,0,0,0,0,0,6.4,,0,0,0,0,0,0,0,0,0,,0,0,,0,0,0,0
1613791253973,6,1010123456027,72,,1,0,6,1,2,,0,0,0,0,0,0,7.2,,0,0,0,0,0,0,0,0,0,,0,0,,0,0,0,0
1613791254223,6,1010123456027,72,,1,0,6,1,2,,0,0,0,0,0,0,7,,0,0,0,0,0,0,0,0,0,,0,0,,0,0,0,0
1613791254473,6,1010123456027,72,,1,0,6,1,2,,0,0,0,0,0,0,8.6,,0,0,0,0,0,0,0,0,0,,0,0,,0,0,0,0
1613791254723,6,1010123456027,72,,1,0,6,1,2,,0,0,0,0,0,0,7.75,,0,0,0,0,0,0,0,0,0,,0,0,,0,0,0,0
1613791254973,6,1010123456027,72,,1,0,6,1,2,,0,0,0,0,0,0,8.16667,,0,0,0,0,0,0,0,0,0,,0,0,,0,0,0,0
1613791255223,6,1010123456027,72,,1,0,6,1,2,,0,0,0,0,0,0,7.5,,0,0,0,0,0,0,0,0,0,,0,0,,0,0,0,0
1613791255473,6,1010123456027,72,,1,0,6,1,2,,0,0,0,0,0,0,7.16667,,0,0,0,0,0,0,0,0,0,,0,0,,0,0,0,0
1613791255723,6,1010123456027,72,,1,0,6,1,2,,0,0,0,0,0,0,8.4,,0,0,0,0,0,0,0,0,0,,0,0,,0,0,0,0
1613791255973,6,1010123456027,72,,1,0,6,1,2,,0,0,0,0,0,0,7,,0,0,0,0,0,0,0,0,0,,0,0,,0,0,0,0
1613791256223,6,1010123456027,72,,1,0,6,1,2,,0,0,0,0,0,0,7.25,,0,0,0,0,0,0,0,0,0,,0,0,,0,0,0,0
1613791256473,6,1010123456027,72,,1,0,6,1,2,,0,0,0,0,0,0,7,,0,0,0,0,0,0,0,0,0,,0,0,,0,0,0,0
1613791256723,6,1010123456027,72,,1,0,6,1,2,,0,0,0,0,0,0,5.25,,0,0,0,0,0,0,0,0,0,,0,0,,0,0,0,0
1613791256973,6,1010123456027,72,,1,0,6,1,2,,0,0,0,0,0,0,7,,0,0,0,0,0,0,0,0,0,,0,0,,0,0,0,0
1613791257223,6,1010123456027,72,,1,0,6,1,2,,0,0,0,0,0,0,7.16667,,0,0,0,0,0,0,0,0,0,,0,0,,0,0,0,0
1613791257473,6,1010123456027,72,,1,0,6,1,2,,0,0,0,0,0,0,7,,0,0,0,0,0,0,0,0,0,,0,0,,0,0,0,0
1613791257723,6,1010123456027,72,,1,0,6,1,2,,0,0,0,0,0,0,6.16667,,0,0,0,0,0,0,0,0,0,,0,0,,0,0,0,0
1613791257973,6,1010123456027,72,,1,0,6,1,2,,0,0,0,0,0,0,7,,0,0,0,0,0,0,0,0,0,,0,0,,0,0,0,0
1613791258223,6,1010123456027,72,,1,0,6,1,2,,0,0,0,0,0,0,7.16667,,0,0,0,0,0,0,0,0,0,,0,0,,0,0,0,0
1613791258473,6,1010123456027,72,,1,0,6,1,2,,0,0,0,0,0,0,8.2,,0,0,0,0,0,0,0,0,0,,0,0,,0,0,0,0
1613791258723,6,1010123456027,72,,1,0,6,1,2,,0,0,0,0,0,0,8.83333,,0,0,0,0,0,0,0,0,0,,0,0,,0,0,0,0
1613791258973,6,1010123456027,72,,1,0,6,1,2,,0,0,0,0,0,0,7.6,,0,0,0,0,0,0,0,0,0,,0,0,,0,0,0,0
1613791259223,6,1010123456027,72,,1,0,6,1,2,,0,0,0,0,0,0,8.6,,0,0,0,0,0,0,0,0,0,,0,0,,0,0,0,0
1613791259473,6,1010123456027,72,,1,0,6,1,2,,0,0,0,0,0,0,8.8,,0,0,0,0,0,0,0,0,0,,0,0,,0,0,0,0
1613791259723,6,1010123456027,72,,1,0,6,1,2,,0,0,0,0,0,0,7.33333,,0,0,0,0,0,0,0,0,0,,0,0,,0,0,0,0
1613791259973,6,1010123456027,72,,1,0,6,1,2,,0,0,0,0,0,0,6.8,,0,0,0,0,0,0,0,0,0,,0,0,,0,0,0,0
1613791260223,6,1010123456027,72,,1,0,6,1,2,,0,0,0,0,0,0,8.14286,,0,0,0,0,0,0,0,0,0,,0,0,,0,0,0,0
1613791260473,6,1010123456027,72,,1,0,6,1,2,,0,0,0,0,0,0,7,,0,0,0,0,0,0,0,0,0,,0,0,,0,0,0,0
1613791260723,6,1010123456027,72,,1,0,6,1,2,,0,0,0,0,0,0,7.4,,0,0,0,0,0,0,0,0,0,,0,0,,0,0,0,0
1613791260973,6,1010123456027,72,,1,0,6,1,2,,0,0,0,0,0,0,8.16667,,0,0,0,0,0,0,0,0,0,,0,0,,0,0,0,0
1613791261223,6,1010123456027,72,,1,0,6,1,2,,0,0,0,0,0,0,7,,0,0,0,0,0,0,0,0,0,,0,0,,0,0,0,0
1613791261473,6,1010123456027,72,,1,0,6,1,2,,0,0,0,0,0,0,6.5,,0,0,0,0,0,0,0,0,0,,0,0,,0,0,0,0
1613791261723,6,1010123456027,72,,1,0,6,1,2,,0,0,0,0,0,0,6.6,,0,0,0,0,0,0,0,0,0,,0,0,,0,0,0,0
1613791261973,6,1010123456027,72,,1,0,6,1,2,,0,0,0,0,0,0,7.2,,0,0,0,0,0,0,0,0,0,,0,0,,0,0,0,0
1613791262223,6,1010123456027,72,,1,0,6,1,2,,0,0,0,0,0,0,5.83333,,0,0,0,0,0,0,0,0,0,,0,0,,0,0,0,0
1613791262473,6,1010123456027,72,,1,0,6,1,2,,0,0,0,0,0,0,7.2,,0,0,0,0,0,0,0,0,0,,0,0,,0,0,0,0
1613791262723,6,1010123456027,72,,1,0,6,1,2,,0,0,0,0,0,0,7,,0,0,0,0,0,0,0,0,0,,0,0,,0,0,0,0
1613791262973,6,1010123456027,72,,1,0,6,1,2,,0,0,0,0,0,0,7.66667,,0,0,0,0,0,0,0,0,0,,0,0,,0,0,0,0
1613791263223,6,1010123456027,72,,1,0,6,1,2,,0,0,0,0,0,0,8,,0,0,0,0,0,0,0,0,0,,0,0,,0,0,0,0
1613791263473,6,1010123456027,72,,1,0,6,1,2,,0,0,0,0,0,0,7,,0,0,0,0,0,0,0,0,0,,0,0,,0,0,0,0
1613791263723,6,1010123456027,72,,1,0,6,1,2,,0,0,0,0,0,0,9.2,,0,0,0,0,0,0,0,0,0,,0,0,,0,0,0,0
1613791263973,6,1010123456027,72,,1,0,6,1,2,,0,0,0,0,0,0,7.4,,0,0,0,0,0,0,0,0,0,,0,0,,0,0,0,0
1613791264223,6,1010123456027,72,,1,0,6,1,2,,0,0,0,0,0,0,8.66667,,0,0,0,0,0,0,0,0,0,,0,0,,0,0,0,0
1613791264473,6,1010123456027,72,,1,0,6,1,2,,0,0,0,0,0,0,6.2,,0,0,0,0,0,0,0,0,0,,0,0,,0,0,0,0
1613791264723,6,1010123456027,72,,1,0,6,1,2,,0,0,0,0,0,0,7,,0,0,0,0,0,0,0,0,0,,0,0,,0,0,0,0
1613791264973,6,1010123456027,72,,1,0,6,1,2,,0,0,0,0,0,0,6.33333,,0,0,0,0,0,0,0,0,0,,0,0,,0,0,0,0
1613791265223,6,1010123456027,72,,1,0,6,1,2,,0,0,0,0,0,0,6.83333,,0,0,0,0,0,0,0,0,0,,0,0,,0,0,0,0
1613791265473,6,1010123456027,72,,1,0,6,1,2,,0,0,0,0,0,0,7.4,,0,0,0,0,0,0,0,0,0,,0,0,,0,0,0,0
1613791265723,6,1010123456027,72,,1,0,6,1,2,,0,0,0,0,0,0,9.6,,0,0,0,0,0,0,0,0,0,,0,0,,0,0,0,0
1613791265973,6,1010123456027,72,,1,0,6,1,2,,0,0,0,0,0,0,7.66667,,0,0,0,0,0,0,0,0,0,,0,0,,0,0,0,0
1613791266223,6,1010123456027,72,,1,0,6,1,2,,0,0,0,0,0,0,8.33333,,0,0,0,0,0,0,0,0,0,,0,0,,0,0,0,0
1613791266473,6,1010123456027,72,,1,0,6,1,2,,0,0,0,0,0,0,7.25,,0,0,0,0,0,0,0,0,0,,0,0,,0,0,0,0
1613791266723,6,1010123456027,72,,1,0,6,1,2,,0,0,0,0,0,0,7.33333,,0,0,0,0,0,0,0,0,0,,0,0,,0,0,0,0
1613791266973,6,1010123456027,72,,1,0,6,1,2,,0,0,0,0,0,0,8.4,,0,0,0,0,0,0,0,0,0,,0,0,,0,0,0,0
1613791267223,6,1010123456027,72,,1,0,6,1,2,,0,0,0,0,0,0,7,,0,0,0,0,0,0,0,0,0,,0,0,,0,0,0,0
1613791267473,6,1010123456027,72,,1,0,6,1,2,,0,0,0,0,0,0,6,,0,0,0,0,0,0,0,0,0,,0,0,,0,0,0,0
1613791267723,6,1010123456027,72,,1,0,6,1,2,,0,0,0,0,0,0,7.25,,0,0,0,0,0,0,0,0,0,,0,0,,0,0,0,0
1613791267973,6,1010123456027,72,,1,0,6,1,2,,0,0,0,0,0,0,7.25,,0,0,0,0,0,0,0,0,0,,0,0,,0,0,0,0
1613791268223,6,1010123456027,72,,1,0,6,1,2,,0,0,0,0,0,0,7,,0,0,0,0,0,0,0,0,0,,0,0,,0,0,0,0
1613791268473,6,1010123456027,72,,1,0,6,1,2,,0,0,0,0,0,0,8.4,,0,0,0,0,0,0,0,0,0,,0,0,,0,0,0,0
1613791268723,6,1010123456027,72,,1,0,6,1,2,,0,0,0,0,0,0,7,,0,0,0,0,0,0,0,0,0,,0,0,,0,0,0,0
1613791268973,6,1010123456027,72,,1,0,6,1,2,,0,0,0,0,0,0,8,,0,0,0,0,0,0,0,0,0,,0,0,,0,0,0,0
1613791269223,6,1010123456027,72,,1,0,6,1,2,,0,0,0,0,0,0,7,,0,0,0,0,0,0,0,0,0,,0,0,,0,0,0,0
1613791269473,6,1010123456027,72,,1,0,6,1,2,,0,0,0,0,0,0,6.83333,,0,0,0,0,0,0,0,0,0,,0,0,,0,0,0,0
1613791269723,6,1010123456027,72,,1,0,6,1,2,,0,0,0,0,0,0,7,,0,0,0,0,0,0,0,0,0,,0,0,,0,0,0,0
1613791269973,6,1010123456027,72,,1,0,6,1,2,,0,0,0,0,0,0,7,,0,0,0,0,0,0,0,0,0,,0,0,,0,0,0,0
1613791270223,6,1010123456027,72,,1,0,6,1,2,,0,0,0,0,0,0,7,,0,0,0,0,0,0,0,0,0,,0,0,,0,0,0,0
1613791270473,6,1010123456027,72,,1,0,6,1,2,,0,0,0,0,0,0,7,,0,0,0,0,0,0,0,0,0,,0,0,,0,0,0,0
1613791270723,6,1010123456027,72,,1,0,6,1,2,,0,0,0,0,0,0,7.16667,,0,0,0,0,0,0,0,0,0,,0,0,,0,0,0,0
1613791270973,6,1010123456027,72,,1,0,6,1,2,,0,0,0,0,0,0,7,,0,0,0,0,0,0,0,0,0,,0,0,,0,0,0,0
1613791271223,6,1010123456027,72,,1,0,6,1,2,,0,0,0,0,0,0,7.2,,0,0,0,0,0,0,0,0,0,,0,0,,0,0,0,0
1613791271473,6,1010123456027,72,,1,0,6,1,2,,0,0,0,0,0,0,7.16667,,0,0,0,0,0,0,0,0,0,,0,0,,0,0,0,0
1613791271723,6,1010123456027,72,,1,0,6,1,2,,0,0,0,0,0,0,7,,0,0,0,0,0,0,0,0,0,,0,0,,0,0,0,0
1613791271973,6,1010123456027,72,,1,0,6,1,2,,0,0,0,0,0,0,7,,0,0,0,0,0,0,0,0,0,,0,0,,0,0,0,0
1613791272223,6,1010123456027,72,,1,0,6,1,2,,0,0,0,0,0,0,7,,0,0,0,0,0,0,0,0,0,,0,0,,0,0,0,0
1613791272473,6,1010123456027,72,,1,0,6,1,2,,0,0,0,0,0,0,8.6,,0,0,0,0,0,0,0,0,0,,0,0,,0,0,0,0
1613791272723,6,1010123456027,72,,1,0,6,1,2,,0,0,0,0,0,0,7,,0,0,0,0,0,0,0,0,0,,0,0,,0,0,0,0
1613791272973,6,1010123456027,72,,1,0,6,1,2,,0,0,0,0,0,0,7.6,,0,0,0,0,0,0,0,0,0,,0,0,,0,0,0,0
1613791273223,6,1010123456027,72,,1,0,6,1,2,,0,0,0,0,0,0,7,,0,0,0,0,0,0,0,0,0,,0,0,,0,0,0,0
1613791273473,6,1010123456027,72,,1,0,6,1,2,,0,0,0,0,0,0,8.75,,0,0,0,0,0,0,0,0,0,,0,0,,0,0,0,0
1613791273723,6,1010123456027,72,,1,0,6,1,2,,0,0,0,0,0,0,7,,0,0,0,0,0,0,0,0,0,,0,0,,0,0,0,0
1613791273973,6,1010123456027,72,,1,0,6,1,2,,0,0,0,0,0,0,7,,0,0,0,0,0,0,0,0,0,,0,0,,0,0,0,0
1613791274223,6,1010123456027,72,,1,0,6,1,2,,0,0,0,0,0,0,8.33333,,0,0,0,0,0,0,0,0,0,,0,0,,0,0,0,0
1613791274473,6,1010123456027,72,,1,0,6,1,2,,0,0,0,0,0,0,7.16667,,0,0,0,0,0,0,0,0,0,,0,0,,0,0,0,0
1613791274723,6,1010123456027,72,,1,0,6,1,2,,0,0,0,0,0,0,7,,0,0,0,0,0,0,0,0,0,,0,0,,0,0,0,0
1613791274973,6,1010123456027,72,,1,0,6,1,2,,12.6442,326,50770,0.342336,88,0,7.16667,,0,0,0,0,0,0,0,0,0,,201,417,,0,0,0,0
1613791275224,6,1010123456027,72,,1,0,6,1,2,,10.524,750,165429,0.436384,218,0,6.42857,,15,16,0,0,4,100,0,2.66142,0,,750,696,,0,0,0,10
1613791275473,6,1010123456027,72,,1,0,6,1,2,,11.7099,786,183481,0.511422,226,0,6.66667,,11.2131,122,0,0.175197,37,67.5676,0,5.46759,31,,747,711,,0,0,0,6.90164
1613791275723,6,1010123456027,72,,1,0,6,1,2,,11.7628,683,184478,0.455614,201,0,7,,4.74286,70,0,0.131373,21,28.5714,0,6.22252,31,,750,633,,0,0,0,3.65714
1613791275973,6,1010123456027,72,,1,0,6,1,2,,10.1639,653,183901,0.3656,188,0,6.16667,,0,0,0,0,0,0,0,0,0,,750,582,,0,0,0,0
1613791276223,6,1010123456027,72,,1,0,6,1,2,,10.3197,732,183363,0.401984,206,0,6.28571,,0,0,0,0,0,0,0,0,0,,750,669,,0,0,0,0
1613791276473,6,1010123456027,72,,1,0,6,1,2,,12.2151,730,184377,0.504257,209,0,7.16667,,6.78788,33,0,0.1,9,44.4444,0,6.36046,31,,750,663,,0,0,0,5.36364
1613791276724,6,1010123456027,72,,1,0,6,1,2,,10.821,715,183441,0.426016,202,0,6.33333,,0,0,0,0,0,0,0,0,0,,753,642,,0,0,0,0
1613791276974,6,1010123456027,72,,1,0,6,1,2,,10.2622,759,183934,0.421472,213,0,6.33333,,0,0,0,0,0,0,0,0,0,,750,687,,0,0,0,0
1613791277224,6,1010123456027,72,,1,0,6,1,2,,12.1982,782,183331,0.551357,231,0,7.14286,,12.6316,19,0,0.1,5,80,0,4.61164,31,,750,723,,0,0,0,8.57895
1613791277473,6,1010123456027,72,,1,0,6,1,2,,11.3441,776,183864,0.466345,217,0,6.5,,0.1,26,0,0.1,7,57.1429,0,3.42428,0,,747,699,,0,0,0,6.53846
1613791277723,6,1010123456027,72,,1,0,6,1,2,,11.1856,792,183886,0.488672,226,0,6.66667,,0,0,0,0,0,0,0,0,0,,750,714,,0,0,0,0
1613791277973,6,1010123456027,72,,1,0,6,1,2,,11.3167,720,183746,0.448,206,0,6.66667,,0,0,0,0,0,0,0,0,0,,750,654,,0,0,0,0
1613791278223,6,1010123456027,72,,1,0,6,1,2,,11.7861,790,184480,0.506056,223,0,7,,0,0,0,0,0,0,0,0,0,,750,717,,0,0,0,0
1613791278473,6,1010123456027,72,,1,0,6,1,2,,12.0833,756,183314,0.53472,217,0,6.66667,,5.5814,43,0,0.1,12,66.6667,0,6.29285,31,,750,696,,0,0,0,7.27907
1613791278724,6,1010123456027,72,,1,0,6,1,2,,10.8981,687,183946,0.41004,199,0,6.66667,,0,0,0,0,0,0,0,0,0,,753,633,,0,0,0,0
1613791278974,6,1010123456027,72,,1,0,6,1,2,,11.8862,747,183580,0.490048,214,0,7,,0,0,0,0,0,0,0,0,0,,750,684,,0,0,0,0
1613791279224,6,1010123456027,72,,1,0,6,1,2,,12.009,778,184120,0.519936,222,0,7,,0,0,0,0,0,0,0,0,0,,750,705,,0,0,0,0
1613791279473,6,1010123456027,72,,1,0,6,1,2,,11.9728,734,184217,0.478554,205,0,7,,0.1,66,0,0.1,19,26.3158,0,2.84928,31,,747,654,,0,0,0,3.68182
1613791279723,6,1010123456027,72,,1,0,6,1,2,,11.938,774,183576,0.50912,220,0,7,,0,0,0,0,0,0,0,0,0,,750,702,,0,0,0,0
1613791279973,6,1010123456027,72,,1,0,6,1,2,,11.9599,799,183765,0.524736,226,0,7,,0,0,0,0,0,0,0,0,0,,753,726,,0,0,0,0
1613791280223,6,1010123456027,72,,1,0,6,1,2,,11.6693,771,183391,0.511325,225,0,6.57143,,6,30,0,0.1,9,44.4444,0,7.84624,31,,747,702,,0,0,0,4.6
1613791280473,6,1010123456027,72,,1,0,6,1,2,,10.0069,729,183297,0.388,207,0,6.33333,,0,0,0,0,0,0,0,0,0,,750,669,,0,0,0,0
1613791280723,6,1010123456027,72,,1,0,6,1,2,,11.0542,775,183625,0.481632,225,0,6.5,,0,0,0,0,0,0,0,0,0,,753,714,,0,0,0,0
1613791280974,6,1010123456027,72,,1,0,6,1,2,,11.6936,793,184131,0.512896,228,0,6.83333,,0,0,0,0,0,0,0,0,0,,750,729,,0,0,0,0
1613791281224,6,1010123456027,72,,1,0,6,1,2,,11.5757,674,184401,0.429472,193,0,6.66667,,0.1,45,0,0.1,13,46.1538,0,2.78321,31,,750,603,,0,0,0,5.55556
1613791281474,6,1010123456027,72,,1,0,6,1,2,,11.362,757,183684,0.46656,216,0,6.66667,,0,0,0,0,0,0,0,0,0,,750,690,,0,0,0,0
1613791281723,6,1010123456027,72,,1,0,6,1,2,,11.598,801,183225,0.498602,225,0,6.83333,,0,0,0,0,0,0,0,0,0,,747,711,,0,0,0,0
1613791281973,6,1010123456027,72,,1,0,6,1,2,,11.944,785,183798,0.513792,222,0,7,,0,0,0,0,0,0,0,0,0,,750,711,,0,0,0,0
1613791282223,6,1010123456027,72,,1,0,6,1,2,,10.2939,752,184186,0.436112,218,0,6.42857,,7.27273,33,0,0.1,9,44.4444,0,6.76523,31,,750,690,,0,0,0,5.36364
1613791282473,6,1010123456027,72,,1,0,6,1,2,,11.9492,768,183443,0.50368,218,0,7,,0,0,0,0,0,0,0,0,0,,750,693,,0,0,0,0
1613791282723,6,1010123456027,72,,1,0,6,1,2,,11.7028,794,184402,0.504256,224,0,6.83333,,0,0,0,0,0,0,0,0,0,,750,720,,0,0,0,0
1613791282973,6,1010123456027,72,,1,0,6,1,2,,10.5798,771,184314,0.440896,218,0,6.16667,,0,0,0,0,0,0,0,0,0,,750,693,,0,0,0,0
1613791283224,6,1010123456027,72,,1,0,6,1,2,,11.8601,622,183608,0.412622,182,0,7,,4.66667,45,0,0.1,13,69.2308,0,5.43685,31,,753,573,,0,0,0,7.66667
1613791283474,6,1010123456027,72,,1,0,6,1,2,,11.9589,754,183260,0.492032,212,0,7,,0,0,0,0,0,0,0,0,0,,750,681,,0,0,0,0
1613791283724,6,1010123456027,72,,1,0,6,1,2,,11.9648,767,184119,0.506688,218,0,7,,0,0,0,0,0,0,0,0,0,,750,696,,0,0,0,0
1613791283974,6,1010123456027,72,,1,0,6,1,2,,10.1132,689,183209,0.381792,198,0,6.16667,,0,0,0,0,0,0,0,0,0,,750,624,,0,0,0,0
1613791284223,6,1010123456027,72,,1,0,6,1,2,,11.9292,763,184181,0.500305,214,0,6.85714,,6.8125,32,0,0.1,10,40,0,11.4769,31,,750,699,,0,0,0,4.65625
1613791284473,6,1010123456027,72,,1,0,6,1,2,,11.2871,721,184063,0.439679,205,0,6.83333,,0,0,0,0,0,0,0,0,0,,747,654,,0,0,0,0
1613791284723,6,1010123456027,72,,1,0,6,1,2,,12.0906,795,183748,0.545728,230,0,7,,0,0,0,0,0,0,0,0,0,,750,729,,0,0,0,0
1613791284973,6,1010123456027,72,,1,0,6,1,2,,11.2979,752,184458,0.458432,214,0,6.5,,0,0,0,0,0,0,0,0,0,,750,690,,0,0,0,0
1613791285223,6,1010123456027,72,,1,0,6,1,2,,11.9764,763,183786,0.512032,219,0,7,,15,16,0,0,4,100,0,4.01288,0,,750,693,,0,0,0,10
1613791285473,6,1010123456027,72,,1,0,6,1,2,,11.332,741,184520,0.469312,212,0,6.5,,6.54545,22,0,0.1,6,66.6667,0,8.45824,31,,753,675,,0,0,0,7.54545
1613791285724,6,1010123456027,72,,1,0,6,1,2,,11.4993,749,184491,0.481376,215,0,7,,9,4,0,0.1,1,0,0,21.8912,31,,750,678,,0,0,0,1
1613791285974,6,1010123456027,72,,1,0,6,1,2,,11.6489,675,183264,0.425792,190,0,6.83333,,0,0,0,0,0,0,0,0,0,,750,615,,0,0,0,0
1613791286223,6,1010123456027,72,,1,0,6,1,2,,11.9544,745,184279,0.506056,217,0,7,,6.65854,41,0,0.1,12,66.6667,0,5.85701,31,,747,687,,0,0,0,6.92683
1613791286473,6,1010123456027,72,,1,0,6,1,2,,11.9543,766,183440,0.51072,220,0,7,,0,0,0,0,0,0,0,0,0,,750,702,,0,0,0,0
1613791286723,6,1010123456027,72,,1,0,6,1,2,,11.4905,789,184458,0.507616,231,0,6.66667,,0,0,0,0,0,0,0,0,0,,750,735,,0,0,0,0
1613791286973,6,1010123456027,72,,1,0,6,1,2,,13.4392,724,184003,0.566016,208,0,8.2,,0,0,0,0,0,0,0,0,0,,750,657,,0,0,0,0
1613791287223,6,1010123456027,72,,1,0,6,1,2,,9.87785,614,184389,0.353992,175,0,6,,0,0,0,0,0,0,0,0,0,,747,564,,0,0,0,0
1613791287473,6,1010123456027,72,,1,0,6,1,2,,11.8473,727,184379,0.485152,211,0,7.2,,7.71429,42,0,0.1,13,61.5385,0,8.71,31,,750,672,,0,0,0,6.14286
1613791287723,6,1010123456027,72,,1,0,6,1,2,,11.6863,746,184420,0.482112,214,0,6.83333,,0,0,0,0,0,0,0,0,0,,753,678,,0,0,0,0
1613791287974,6,1010123456027,72,,1,0,6,1,2,,11.7839,796,183399,0.522496,230,0,6.83333,,0,0,0,0,0,0,0,0,0,,750,729,,0,0,0,0
1613791288223,6,1010123456027,72,,1,0,6,1,2,,11.9379,708,183841,0.471936,203,0,7,,7.73333,45,0,0.1,13,61.5385,0,6.55143,31,,747,651,,0,0,0,6.4
1613791288473,6,1010123456027,72,,1,0,6,1,2,,11.6243,748,184221,0.47408,211,0,6.66667,,0,0,0,0,0,0,0,0,0,,750,669,,0,0,0,0
1613791288723,6,1010123456027,72,,1,0,6,1,2,,10.8526,780,183706,0.453984,221,0,6.5,,0,0,0,0,0,0,0,0,0,,750,702,,0,0,0,0
1613791288973,6,1010123456027,72,,1,0,6,1,2,,11.9542,743,183636,0.494688,213,0,7,,0,0,0,0,0,0,0,0,0,,750,669,,0,0,0,0
1613791289223,6,1010123456027,72,,1,0,6,1,2,,10.7729,700,184405,0.408384,198,0,6.5,,4.66667,48,0,0.1,14,57.1429,0,3.48164,31,,750,627,,0,0,0,6.25
1613791289473,6,1010123456027,72,,1,0,6,1,2,,10.8931,758,184087,0.445568,214,0,6.5,,0,0,0,0,0,0,0,0,0,,750,687,,0,0,0,0
1613791289724,6,1010123456027,72,,1,0,6,1,2,,11.2551,682,184434,0.432223,201,0,6.6,,0,0,0,0,0,0,0,0,0,,753,618,,0,0,0,0
1613791289973,6,1010123456027,72,,1,0,6,1,2,,11.673,734,183313,0.474859,210,0,6.83333,,0,0,0,0,0,0,0,0,0,,750,672,,0,0,0,0
1613791290224,6,1010123456027,72,,1,0,6,1,2,,11.9268,710,183559,0.476416,206,0,7,,4.30769,39,0,0.1,12,66.6667,0,5.63832,31,,750,654,,0,0,0,6.53846
1613791290473,6,1010123456027,72,,1,0,6,1,2,,11.3874,746,183911,0.474056,214,0,6.66667,,0,0,0,0,0,0,0,0,0,,747,687,,0,0,0,0
1613791290723,6,1010123456027,72,,1,0,6,1,2,,11.1609,727,183602,0.458496,214,0,6.5,,0,0,0,0,0,0,0,0,0,,750,675,,0,0,0,0
1613791290973,6,1010123456027,72,,1,0,6,1,2,,11.1881,739,183259,0.445719,209,0,6.5,,0,0,0,0,0,0,0,0,0,,750,675,,0,0,0,0
1613791291223,6,1010123456027,72,,1,0,6,1,2,,11.7546,758,184398,0.495004,219,0,6.85714,,0.1,63,0,0.1,18,22.2222,0,2.93507,31,,747,702,,0,0,0,3.1746
1613791291473,6,1010123456027,72,,1,0,6,1,2,,11.977,782,183381,0.521984,224,0,7,,0,3,0,0.1,1,0,0,0,0,,750,711,,0,0,0,0
1613791291723,6,1010123456027,72,,1,0,6,1,2,,11.583,801,184423,0.496992,225,0,6.66667,,0,0,0,0,0,0,0,0,0,,750,726,,0,0,0,0
1613791291974,6,1010123456027,72,,1,0,6,1,2,,13.2168,775,183736,0.59694,223,0,7.5,,0,0,0,0,0,0,0,0,0,,753,708,,0,0,0,0
1613791292223,6,1010123456027,72,,1,0,6,1,2,,10.743,786,183237,0.462072,225,0,6.42857,,6.5,30,0,0.1,9,44.4444,0,8.00942,31,,747,717,,0,0,0,4.9
1613791292473,6,1010123456027,72,,1,0,6,1,2,,11.2995,728,184042,0.465024,209,0,6.66667,,0,0,0,0,0,0,0,0,0,,750,654,,0,0,0,0
1613791292723,6,1010123456027,72,,1,0,6,1,2,,11.931,725,184080,0.477056,206,0,7,,0,0,0,0,0,0,0,0,0,,750,648,,0,0,0,0
1613791292973,6,1010123456027,72,,1,0,6,1,2,,11.763,789,184649,0.514528,227,0,6.83333,,0,0,0,0,0,0,0,0,0,,750,726,,0,0,0,0
1613791293223,6,1010123456027,72,,1,0,6,1,2,,11.9323,724,184541,0.490656,211,0,6.85714,,7.71429,42,0,0.1,13,53.8462,0,9.81557,31,,750,672,,0,0,0,5.5
1613791293473,6,1010123456027,72,,1,0,6,1,2,,11.3342,772,183463,0.471008,221,0,6.66667,,0,0,0,0,0,0,0,0,0,,750,711,,0,0,0,0
1613791293723,6,1010123456027,72,,1,0,6,1,2,,11.5422,747,183374,0.491232,216,0,6.83333,,0,0,0,0,0,0,0,0,0,,750,690,,0,0,0,0
1613791293973,6,1010123456027,72,,1,0,6,1,2,,8.94507,710,183246,0.361952,206,0,5.66667,,0,0,0,0,0,0,0,0,0,,750,648,,0,0,0,0
1613791294224,6,1010123456027,72,,1,0,6,1,2,,10.7995,793,183714,0.463936,228,0,6.57143,,6.48649,37,0,0.1,11,36.3636,0,10.6137,31,,753,723,,0,0,0,3.91892
1613791294474,6,1010123456027,72,,1,0,6,1,2,,11.7305,768,183246,0.498976,221,0,6.83333,,0,0,0,0,0,0,0,0,0,,750,708,,0,0,0,0
1613791294723,6,1010123456027,72,,1,0,6,1,2,,10.7414,700,184037,0.419502,203,0,6.33333,,0,0,0,0,0,0,0,0,0,,747,648,,0,0,0,0
1613791294973,6,1010123456027,72,,1,0,6,1,2,,10.781,749,184004,0.439584,213,0,6.33333,,0,0,0,0,0,0,0,0,0,,750,681,,0,0,0,0
1613791295223,6,1010123456027,72,,1,0,6,1,2,,11.5639,736,184586,0.46576,211,0,6.85714,,0.1,59,0,0.1,17,23.5294,0,5.7652,31,,750,669,,0,0,0,3.42373
1613791295473,6,1010123456027,72,,1,0,6,1,2,,11.6689,761,183226,0.48064,214,0,6.83333,,0,0,0,0,0,0,0,0,0,,750,684,,0,0,0,0
1613791295723,6,1010123456027,72,,1,0,6,1,2,,11.4986,716,184487,0.448992,203,0,6.66667,,0,0,0,0,0,0,0,0,0,,750,654,,0,0,0,0
1613791295973,6,1010123456027,72,,1,0,6,1,2,,11.8631,789,183647,0.508832,223,0,7,,0,0,0,0,0,0,0,0,0,,750,699,,0,0,0,0
1613791296223,6,1010123456027,72,,1,0,6,1,2,,11.659,742,184009,0.478688,213,0,6.71429,,8.25,32,0,0.1,9,44.4444,0,7.25851,31,,750,681,,0,0,0,5.21875
1613791296474,6,1010123456027,72,,1,0,6,1,2,,10.8139,763,183767,0.44341,216,0,6.66667,,0,0,0,0,0,0,0,0,0,,753,684,,0,0,0,0
1613791296724,6,1010123456027,72,,1,0,6,1,2,,10.9448,706,183914,0.429568,203,0,6.66667,,0,0,0,0,0,0,0,0,0,,750,648,,0,0,0,0
1613791296973,6,1010123456027,72,,1,0,6,1,2,,11.9791,765,184169,0.536835,218,0,6.83333,,0,0,0,0,0,0,0,0,0,,747,705,,0,0,0,0
1613791297223,6,1010123456027,72,,1,0,6,1,2,,9.32073,767,183974,0.391936,222,0,6,,0,0,0,0,0,0,0,0,0,,750,702,,0,0,0,0
1613791297473,6,1010123456027,72,,1,0,6,1,2,,11.9565,804,183808,0.536736,231,0,7,,5.6,30,0,0.1,9,44.4444,0,8.99296,31,,750,744,,0,0,0,4.73333
1613791297723,6,1010123456027,72,,1,0,6,1,2,,12.2591,745,184145,0.523136,216,0,7.16667,,0,0,0,0,0,0,0,0,0,,750,684,,0,0,0,0
1613791297973,6,1010123456027,72,,1,0,6,1,2,,11.6753,733,184399,0.488224,215,0,6.83333,,0,0,0,0,0,0,0,0,0,,750,669,,0,0,0,0
1613791298223,6,1010123456027,72,,1,0,6,1,2,,11.2511,709,184368,0.430944,203,0,6.66667,,0.1,66,0,0.1,19,31.5789,0,3.24371,31,,750,663,,0,0,0,4.01515
1613791298473,6,1010123456027,72,,1,0,6,1,2,,11.956,796,184498,0.526752,227,0,7,,0,0,0,0,0,0,0,0,0,,753,726,,0,0,0,0
1613791298724,6,1010123456027,72,,1,0,6,1,2,,11.4081,762,183404,0.4776,219,0,6.66667,,0,0,0,0,0,0,0,0,0,,750,693,,0,0,0,0
1613791298973,6,1010123456027,72,,1,0,6,1,2,,11.4711,709,183121,0.447133,203,0,6.66667,,0,0,0,0,0,0,0,0,0,,747,648,,0,0,0,0
1613791299223,6,1010123456027,72,,1,0,6,1,2,,11.7001,757,184265,0.497792,220,0,6.85714,,8.13333,30,0,0.1,9,44.4444,0,7.55745,31,,750,705,,0,0,0,4.6
1613791299473,6,1010123456027,72,,1,0,6,1,2,,11.4133,738,183577,0.468288,214,0,6.5,,0,0,0,0,0,0,0,0,0,,750,672,,0,0,0,0
1613791299723,6,1010123456027,72,,1,0,6,1,2,,11.2753,712,183423,0.434656,203,0,6.8,,0,0,0,0,0,0,0,0,0,,750,654,,0,0,0,0
1613791299973,6,1010123456027,72,,1,0,6,1,2,,11.7526,772,184305,0.50784,222,0,6.83333,,0,0,0,0,0,0,0,0,0,,750,702,,0,0,0,0
1613791300223,6,1010123456027,72,,1,0,6,1,2,,11.636,750,184207,0.487647,218,0,6.85714,,5.2,30,0,0.1,9,44.4444,0,6.66534,31,,750,702,,0,0,0,4.9
1613791300473,6,1010123456027,72,,1,0,6,1,2,,11.9695,754,183544,0.512,220,0,7,,0,0,0,0,0,0,0,0,0,,750,693,,0,0,0,0
1613791300724,6,1010123456027,72,,1,0,6,1,2,,12.2946,740,183821,0.520704,214,0,7.16667,,0,0,0,0,0,0,0,0,0,,750,678,,0,0,0,0
1613791300974,6,1010123456027,72,,1,0,6,1,2,,12.3067,714,183217,0.499104,205,0,7.2,,0,0,0,0,0,0,0,0,0,,750,660,,0,0,0,0
1613791301223,6,1010123456027,72,,1,0,6,1,2,,10.7774,786,183990,0.468948,228,0,6.42857,,4.09756,41,0,0.1,12,66.6667,0,6.82035,31,,747,720,,0,0,0,7.19512
1613791301473,6,1010123456027,72,,1,0,6,1,2,,11.9696,756,183259,0.509984,219,0,7,,0,0,0,0,0,0,0,0,0,,750,699,,0,0,0,0
1613791301723,6,1010123456027,72,,1,0,6,1,2,,11.952,750,184137,0.508064,219,0,7,,0,0,0,0,0,0,0,0,0,,750,687,,0,0,0,0
1613791301973,6,1010123456027,72,,1,0,6,1,2,,10.8159,744,184094,0.433639,211,0,6.33333,,0,0,0,0,0,0,0,0,0,,750,690,,0,0,0,0
1613791302223,6,1010123456027,72,,1,0,6,1,2,,11.702,718,184348,0.48176,213,0,6.85714,,0,0,0,0,0,0,0,0,0,,750,669,,0,0,0,0
1613791302473,6,1010123456027,72,,1,0,6,1,2,,11.9705,745,183893,0.495648,213,0,7,,13,16,0,0,4,100,0,2.65701,0,,750,690,,0,0,0,10
1613791302723,6,1010123456027,72,,1,0,6,1,2,,10.9383,616,184490,0.381012,181,0,6.5,,0.1,12,0,0.1,3,33.3333,0,1.52571,31,,750,558,,0,0,0,7
1613791302973,6,1010123456027,72,,1,0,6,1,2,,11.6816,782,184042,0.493719,219,0,6.83333,,0,0,0,0,0,0,0,0,0,,750,702,,0,0,0,0
1613791303223,6,1010123456027,72,,1,0,6,1,2,,10.6794,705,184538,0.434988,207,0,6.14286,,15.1954,87,0,0.17645,28,82.1429,0,4.78118,31,,750,651,,0,0,0,8.39655
1613791303473,6,1010123456027,72,,1,0,6,1,2,,10.9273,757,184063,0.452864,213,0,6.66667,,0,0,0,0,0,0,0,0,0,,750,672,,0,0,0,0
1613791303723,6,1010123456027,72,,1,0,6,1,2,,11.4738,743,183277,0.460498,212,0,6.8,,0,0,0,0,0,0,0,0,0,,750,672,,0,0,0,0
1613791303973,6,1010123456027,72,,1,0,6,1,2,,11.5136,810,184025,0.507488,231,0,6.66667,,0,0,0,0,0,0,0,0,0,,750,735,,0,0,0,0
1613791304223,6,1010123456027,72,,1,0,6,1,2,,11.7189,779,183305,0.514538,227,0,6.85714,,8.04545,44,0,0.1,13,61.5385,0,6.04991,31,,750,726,,0,0,0,6.61364
1613791304473,6,1010123456027,72,,1,0,6,1,2,,11.2924,766,183525,0.492594,222,0,6.33333,,0,0,0,0,0,0,0,0,0,,750,699,,0,0,0,0
1613791304723,6,1010123456027,72,,1,0,6,1,2,,10.545,611,184600,0.34747,178,0,6.5,,0,0,0,0,0,0,0,0,0,,750,564,,0,0,0,0
1613791304973,6,1010123456027,72,,1,0,6,1,2,,10.5285,719,183895,0.412627,205,0,6.33333,,0,0,0,0,0,0,0,0,0,,750,654,,0,0,0,0
1613791305224,6,1010123456027,72,,1,0,6,1,2,,11.9335,782,184223,0.522741,227,0,7,,7.27273,33,0,0.1,9,44.4444,0,4.49976,31,,753,714,,0,0,0,5.36364
1613791305473,6,1010123456027,72,,1,0,6,1,2,,11.9677,773,183512,0.508723,218,0,7,,0,0,0,0,0,0,0,0,0,,747,705,,0,0,0,0
1613791305723,6,1010123456027,72,,1,0,6,1,2,,11.5201,771,183574,0.486752,221,0,6.66667,,0,0,0,0,0,0,0,0,0,,750,705,,0,0,0,0
1613791305973,6,1010123456027,72,,1,0,6,1,2,,11.6751,668,183864,0.434464,193,0,6.83333,,0,0,0,0,0,0,0,0,0,,750,603,,0,0,0,0
1613791306223,6,1010123456027,72,,1,0,6,1,2,,11.422,737,184594,0.457344,210,0,6.71429,,0,0,0,0,0,0,0,0,0,,750,675,,0,0,0,0
1613791306473,6,1010123456027,72,,1,0,6,1,2,,12.0634,726,184281,0.490249,209,0,7.16667,,5.31034,29,0,0.1,9,44.4444,0,7.70763,31,,750,663,,0,0,0,4.7931
1613791306723,6,1010123456027,72,,1,0,6,1,2,,11.0013,742,183758,0.465221,215,0,6.5,,0,0,0,0,0,0,0,0,0,,750,687,,0,0,0,0
1613791306973,6,1010123456027,72,,1,0,6,1,2,,11.4712,728,184333,0.475631,210,0,6.66667,,0,0,0,0,0,0,0,0,0,,750,657,,0,0,0,0
1613791307223,6,1010123456027,72,,1,0,6,1,2,,12.3582,737,183613,0.54608,212,0,7.14286,,0,0,0,0,0,0,0,0,0,,753,675,,0,0,0,0
1613791307474,6,1010123456027,72,,1,0,6,1,2,,11.6192,730,184082,0.470016,210,0,6.83333,,5.6,30,0,0.1,9,44.4444,0,8.37013,31,,750,666,,0,0,0,4.6
1613791307723,6,1010123456027,72,,1,0,6,1,2,,11.9419,740,184121,0.488032,210,0,7,,0,0,0,0,0,0,0,0,0,,747,666,,0,0,0,0
1613791307973,6,1010123456027,72,,1,0,6,1,2,,9.14165,706,183499,0.36432,202,0,5.66667,,0,0,0,0,0,0,0,0,0,,750,639,,0,0,0,0
1613791308223,6,1010123456027,72,,1,0,6,1,2,,10.8475,649,183476,0.3984,191,0,6.57143,,7.90698,43,0,0.11376,13,30.7692,0,7.26515,31,,750,591,,0,0,0,4.44186
1613791308473,6,1010123456027,72,,1,0,6,1,2,,11.7651,779,184173,0.505888,223,0,6.83333,,0,0,0,0,0,0,0,0,0,,750,717,,0,0,0,0
1613791308723,6,1010123456027,72,,1,0,6,1,2,,11.9556,721,184231,0.483328,208,0,7,,0,0,0,0,0,0,0,0,0,,750,654,,0,0,0,0
1613791308973,6,1010123456027,72,,1,0,6,1,2,,11.7532,786,183378,0.51312,225,0,6.83333,,0,0,0,0,0,0,0,0,0,,750,726,,0,0,0,0
1613791309223,6,1010123456027,72,,1,0,6,1,2,,11.9424,746,184261,0.5024,218,0,7,,0.1,27,0,0.1,8,0,0,2.4479,31,,750,693,,0,0,0,1.2963
1613791309474,6,1010123456027,72,,1,0,6,1,2,,10.5068,738,183309,0.432574,212,0,6.16667,,0,0,0,0,0,0,0,0,0,,753,669,,0,0,0,0
1613791309723,6,1010123456027,72,,1,0,6,1,2,,11.2317,751,183963,0.456289,213,0,6.83333,,0,0,0,0,0,0,0,0,0,,747,681,,0,0,0,0
1613791309973,6,1010123456027,72,,1,0,6,1,2,,12.2623,793,183291,0.552512,228,0,7.16667,,0,0,0,0,0,0,0,0,0,,750,732,,0,0,0,0
1613791310223,6,1010123456027,72,,1,0,6,1,2,,11.8145,787,183922,0.51728,227,0,6.85714,,5.6,30,0,0.1,9,44.4444,0,7.55377,31,,753,723,,0,0,0,4.6
1613791310473,6,1010123456027,72,,1,0,6,1,2,,11.8342,808,184196,0.526169,227,0,6.83333,,0,0,0,0,0,0,0,0,0,,747,723,,0,0,0,0
1613791310723,6,1010123456027,72,,1,0,6,1,2,,11.7981,743,184030,0.491552,217,0,7,,0,0,0,0,0,0,0,0,0,,750,681,,0,0,0,0
1613791310973,6,1010123456027,72,,1,0,6,1,2,,11.9808,728,183818,0.482112,208,0,7,,0,0,0,0,0,0,0,0,0,,750,657,,0,0,0,0
1613791311223,6,1010123456027,72,,1,0,6,1,2,,11.711,699,183492,0.459855,201,0,6.85714,,0,0,0,0,0,0,0,0,0,,750,627,,0,0,0,0
1613791311473,6,1010123456027,72,,1,0,6,1,2,,10.7162,740,183577,0.432224,211,0,6.33333,,4.30769,39,0,0.1,12,66.6667,0,5.46456,31,,753,678,,0,0,0,6.53846
1613791311723,6,1010123456027,72,,1,0,6,1,2,,11.5426,752,183725,0.49902,221,0,6.66667,,0,0,0,0,0,0,0,0,0,,747,684,,0,0,0,0
1613791311973,6,1010123456027,72,,1,0,6,1,2,,10.9013,719,184042,0.414528,198,0,6.5,,0,0,0,0,0,0,0,0,0,,750,645,,0,0,0,0
1613791312223,6,1010123456027,72,,1,0,6,1,2,,9.9808,677,183357,0.369125,195,0,6.14286,,0,0,0,0,0,0,0,0,0,,750,624,,0,0,0,0
1613791312473,6,1010123456027,72,,1,0,6,1,2,,11.3897,757,183689,0.480512,220,0,6.66667,,4.30769,39,0,0.1,12,66.6667,0,5.96472,31,,750,705,,0,0,0,6.53846
1613791312723,6,1010123456027,72,,1,0,6,1,2,,11.6308,761,183544,0.487743,217,0,6.83333,,0,0,0,0,0,0,0,0,0,,747,693,,0,0,0,0
1613791312973,6,1010123456027,72,,1,0,6,1,2,,11.3454,718,184291,0.467502,210,0,6.66667,,0,0,0,0,0,0,0,0,0,,750,657,,0,0,0,0
1613791313223,6,1010123456027,72,,1,0,6,1,2,,11.5116,778,184259,0.483008,220,0,6.71429,,5.12195,41,0,0.1,12,66.6667,0,5.24787,31,,750,705,,0,0,0,6.92683
1613791313473,6,1010123456027,72,,1,0,6,1,2,,11.2094,769,183177,0.474635,218,0,6.6,,0,0,0,0,0,0,0,0,0,,750,705,,0,0,0,0
1613791313723,6,1010123456027,72,,1,0,6,1,2,,11.8108,777,183838,0.516128,225,0,6.83333,,0,0,0,0,0,0,0,0,0,,750,717,,0,0,0,0
1613791313974,6,1010123456027,72,,1,0,6,1,2,,11.8643,759,183382,0.503808,220,0,7,,0,0,0,0,0,0,0,0,0,,753,696,,0,0,0,0
1613791314223,6,1010123456027,72,,1,0,6,1,2,,11.6581,699,184551,0.452594,201,0,6.85714,,0.1,25,0,0.1,8,12.5,0,6.64612,31,,747,624,,0,0,0,2.8
1613791314473,6,1010123456027,72,,1,0,6,1,2,,11.9637,661,184468,0.431744,186,0,7,,0,0,0,0,0,0,0,0,0,,750,585,,0,0,0,0
1613791314723,6,1010123456027,72,,1,0,6,1,2,,11.0233,645,184276,0.394144,185,0,6.66667,,0,0,0,0,0,0,0,0,0,,750,594,,0,0,0,0
1613791314973,6,1010123456027,72,,1,0,6,1,2,,10.3049,656,183660,0.366394,191,0,6,,0,0,0,0,0,0,0,0,0,,750,606,,0,0,0,0
1613791315223,6,1010123456027,72,,1,0,6,1,2,,10.535,729,183388,0.45072,214,0,6.57143,,4.30769,39,0,0.1,12,66.6667,0,7.74097,31,,750,681,,0,0,0,6.53846
1613791315473,6,1010123456027,72,,1,0,6,1,2,,11.9472,795,183449,0.526752,227,0,7,,0,0,0,0,0,0,0,0,0,,750,726,,0,0,0,0
1613791315723,6,1010123456027,72,,1,0,6,1,2,,11.1178,696,183671,0.438176,205,0,6.5,,0,0,0,0,0,0,0,0,0,,750,648,,0,0,0,0
1613791315973,6,1010123456027,72,,1,0,6,1,2,,11.7196,724,184076,0.467968,206,0,6.83333,,0,0,0,0,0,0,0,0,0,,750,660,,0,0,0,0
1613791316223,6,1010123456027,72,,1,0,6,1,2,,11.5486,731,184355,0.485952,218,0,6.57143,,15.1765,85,0,0.229888,28,78.5714,0,5.24758,31,,753,699,,0,0,0,8.12941
1613791316473,6,1010123456027,72,,1,0,6,1,2,,11.3032,729,183721,0.451598,208,0,7,,0,0,0,0,0,0,0,0,0,,747,666,,0,0,0,0
1613791316723,6,1010123456027,72,,1,0,6,1,2,,11.9287,771,184226,0.516448,223,0,7,,0,0,0,0,0,0,0,0,0,,753,717,,0,0,0,0
1613791316973,6,1010123456027,72,,1,0,6,1,2,,11.7427,754,184077,0.492755,217,0,6.83333,,0,0,0,0,0,0,0,0,0,,747,693,,0,0,0,0
1613791317223,6,1010123456027,72,,1,0,6,1,2,,11.0853,692,184572,0.424,197,0,6.5,,0,0,0,0,0,0,0,0,0,,750,624,,0,0,0,0
1613791317473,6,1010123456027,72,,1,0,6,1,2,,11.0833,720,183305,0.431008,201,0,6.5,,7.27273,33,0,0.1,9,44.4444,0,6.1657,31,,750,645,,0,0,0,5.36364
1613791317723,6,1010123456027,72,,1,0,6,1,2,,11.8422,805,183658,0.521696,229,0,7,,0,0,0,0,0,0,0,0,0,,750,726,,0,0,0,0
1613791317973,6,1010123456027,72,,1,0,6,1,2,,12.2792,763,183916,0.526112,217,0,7.16667,,0,0,0,0,0,0,0,0,0,,750,690,,0,0,0,0
1613791318223,6,1010123456027,72,,1,0,6,1,2,,10.3635,696,183849,0.402474,203,0,6.42857,,0,0,0,0,0,0,0,0,0,,750,636,,0,0,0,0
1613791318473,6,1010123456027,72,,1,0,6,1,2,,10.5427,772,183550,0.442112,220,0,6.33333,,0.1,51,0,0.1,14,35.7143,0,1.64898,31,,750,699,,0,0,0,4.29412
1613791318723,6,1010123456027,72,,1,0,6,1,2,,11.9143,712,183963,0.477687,206,0,7,,0,0,0,0,0,0,0,0,0,,750,660,,0,0,0,0
1613791318973,6,1010123456027,72,,1,0,6,1,2,,11.9494,711,184385,0.467245,201,0,7,,0,0,0,0,0,0,0,0,0,,750,645,,0,0,0,0
1613791319223,6,1010123456027,72,,1,0,6,1,2,,10.7311,781,184344,0.497253,229,0,6.57143,,4.94118,34,0,0.1,10,50,0,6.91739,31,,747,723,,0,0,0,5.08824
1613791319473,6,1010123456027,72,,1,0,6,1,2,,11.6389,803,183531,0.508948,227,0,6.8,,0,0,0,0,0,0,0,0,0,,750,723,,0,0,0,0
1613791319723,6,1010123456027,72,,1,0,6,1,2,,11.3866,776,183820,0.47696,219,0,6.66667,,0,0,0,0,0,0,0,0,0,,750,702,,0,0,0,0
1613791319973,6,1010123456027,72,,1,0,6,1,2,,12.2095,759,184204,0.52151,216,0,7.2,,0,0,0,0,0,0,0,0,0,,750,681,,0,0,0,0
1613791320223,6,1010123456027,72,,1,0,6,1,2,,12.2805,713,183805,0.499584,206,0,7.16667,,0.1,25,0,0.1,7,0,0,2.52017,31,,750,657,,0,0,0,1.6
1613791320473,6,1010123456027,72,,1,0,6,1,2,,11.6862,650,184231,0.420512,187,0,6.83333,,0,0,0,0,0,0,0,0,0,,753,606,,0,0,0,0
1613791320723,6,1010123456027,72,,1,0,6,1,2,,11.5806,744,184599,0.478394,214,0,6.66667,,0,0,0,0,0,0,0,0,0,,747,684,,0,0,0,0
1613791320973,6,1010123456027,72,,1,0,6,1,2,,11.9843,765,183618,0.51502,220,0,7,,0,0,0,0,0,0,0,0,0,,750,705,,0,0,0,0
1613791321223,6,1010123456027,72,,1,0,6,1,2,,11.4872,782,183557,0.492096,224,0,6.71429,,8.08475,59,0,0.1,16,75,0,5.02568,31,,750,714,,0,0,0,7.86441
1613791321473,6,1010123456027,72,,1,0,6,1,2,,10.8331,755,183612,0.447104,214,0,6,,0,0,0,0,0,0,0,0,0,,750,675,,0,0,0,0
1613791321723,6,1010123456027,72,,1,0,6,1,2,,10.5551,753,183791,0.425574,213,0,6.5,,0,0,0,0,0,0,0,0,0,,750,678,,0,0,0,0
1613791321973,6,1010123456027,72,,1,0,6,1,2,,11.0376,719,184050,0.430208,204,0,6.5,,0,0,0,0,0,0,0,0,0,,750,642,,0,0,0,0
1613791322223,6,1010123456027,72,,1,0,6,1,2,,11.2731,758,183326,0.465568,217,0,6.57143,,0,0,0,0,0,0,0,0,0,,750,678,,0,0,0,0
1613791322473,6,1010123456027,72,,1,0,6,1,2,,11.2336,762,183562,0.491759,216,0,6.33333,,5.29412,34,0,0.1,10,40,0,7.18245,31,,750,696,,0,0,0,4.17647
1613791322723,6,1010123456027,72,,1,0,6,1,2,,9.80255,785,184317,0.40848,224,0,6.33333,,0,0,0,0,0,0,0,0,0,,750,705,,0,0,0,0
1613791322973,6,1010123456027,72,,1,0,6,1,2,,10.7438,769,184048,0.441152,216,0,6.4,,0,0,0,0,0,0,0,0,0,,750,684,,0,0,0,0
1613791323223,6,1010123456027,72,,1,0,6,1,2,,11.7033,765,183765,0.497984,220,0,6.85714,,6,30,0,0.1,9,44.4444,0,8.19987,31,,750,702,,0,0,0,4.6
1613791323473,6,1010123456027,72,,1,0,6,1,2,,10.8094,661,183732,0.38944,190,0,6.33333,,0,0,0,0,0,0,0,0,0,,750,615,,0,0,0,0
1613791323723,6,1010123456027,72,,1,0,6,1,2,,11.768,737,183579,0.492736,214,0,6.83333,,0,0,0,0,0,0,0,0,0,,750,687,,0,0,0,0
1613791323973,6,1010123456027,72,,1,0,6,1,2,,11.7315,782,184261,0.511424,226,0,6.83333,,0,0,0,0,0,0,0,0,0,,750,717,,0,0,0,0
1613791324223,6,1010123456027,72,,1,0,6,1,2,,11.871,775,183380,0.516544,224,0,6.85714,,0,0,0,0,0,0,0,0,0,,750,720,,0,0,0,0
1613791324473,6,1010123456027,72,,1,0,6,1,2,,11.3515,754,183891,0.475104,219,0,6.66667,,5.31034,29,0,0.1,9,44.4444,0,7.72398,31,,750,690,,0,0,0,4.41379
1613791324723,6,1010123456027,72,,1,0,6,1,2,,12.0438,776,183945,0.523776,222,0,7.16667,,0,0,0,0,0,0,0,0,0,,750,717,,0,0,0,0
1613791324973,6,1010123456027,72,,1,0,6,1,2,,11.7034,762,183580,0.495872,220,0,6.83333,,0,0,0,0,0,0,0,0,0,,750,711,,0,0,0,0
1613791325223,6,1010123456027,72,,1,0,6,1,2,,11.7166,741,183808,0.4848,214,0,6.71429,,5.6,30,0,0.1,9,44.4444,0,7.60117,31,,750,669,,0,0,0,4.6
1613791325473,6,1010123456027,72,,1,0,6,1,2,,11.7139,776,183419,0.494233,219,0,7,,0,0,0,0,0,0,0,0,0,,750,705,,0,0,0,0
1613791325723,6,1010123456027,72,,1,0,6,1,2,,10.4238,755,183793,0.440032,223,0,6.16667,,0,0,0,0,0,0,0,0,0,,750,690,,0,0,0,0
1613791325973,6,1010123456027,72,,1,0,6,1,2,,11.7746,781,184545,0.503582,220,0,6.83333,,0,0,0,0,0,0,0,0,0,,750,714,,0,0,0,0
1613791326223,6,1010123456027,72,,1,0,6,1,2,,12.8684,646,183295,0.478169,187,0,7.33333,,0.1,90,0,0.1,27,48.1481,0,3.53892,31,,750,591,,0,0,0,6.13333
1613791326473,6,1010123456027,72,,1,0,6,1,2,,11.9636,769,183799,0.512,220,0,7,,0,0,0,0,0,0,0,0,0,,750,711,,0,0,0,0
1613791326723,6,1010123456027,72,,1,0,6,1,2,,10.348,750,184005,0.438688,220,0,6.33333,,0,0,0,0,0,0,0,0,0,,750,696,,0,0,0,0
1613791326973,6,1010123456027,72,,1,0,6,1,2,,10.7036,759,183664,0.45057,221,0,6.33333,,0,0,0,0,0,0,0,0,0,,750,696,,0,0,0,0
1613791327223,6,1010123456027,72,,1,0,6,1,2,,11.7045,714,184267,0.46704,207,0,6.71429,,0,0,0,0,0,0,0,0,0,,750,672,,0,0,0,0
1613791327473,6,1010123456027,72,,1,0,6,1,2,,11.6767,764,184035,0.495424,220,0,6.83333,,0.1,36,0,0.1,10,20,0,1.83418,31,,750,702,,0,0,0,2.86111
1613791327723,6,1010123456027,72,,1,0,6,1,2,,10.8322,751,183768,0.450176,219,0,6.5,,0,0,0,0,0,0,0,0,0,,750,699,,0,0,0,0
1613791327973,6,1010123456027,72,,1,0,6,1,2,,10.8942,718,183951,0.426048,204,0,6.4,,0,0,0,0,0,0,0,0,0,,750,651,,0,0,0,0
1613791328223,6,1010123456027,72,,1,0,6,1,2,,11.8035,794,184215,0.531808,231,0,6.85714,,4.43182,44,0,0.1,13,69.2308,0,3.3394,31,,750,735,,0,0,0,6.93182
1613791328473,6,1010123456027,72,,1,0,6,1,2,,11.5986,720,183790,0.449568,201,0,6.66667,,0,0,0,0,0,0,0,0,0,,750,651,,0,0,0,0
1613791328723,6,1010123456027,72,,1,0,6,1,2,,11.3423,704,184023,0.439584,203,0,6.66667,,0,0,0,0,0,0,0,0,0,,750,621,,0,0,0,0
1613791328973,6,1010123456027,72,,1,0,6,1,2,,11.4513,749,183256,0.457896,210,0,6.6,,0,0,0,0,0,0,0,0,0,,750,681,,0,0,0,0
1613791329223,6,1010123456027,72,,1,0,6,1,2,,11.6048,701,184229,0.453526,202,0,6.71429,,6.85714,63,0,0.1,18,55.5556,0,5.86043,31,,750,639,,0,0,0,6
1613791329473,6,1010123456027,72,,1,0,6,1,2,,10.5891,713,183521,0.416384,208,0,6.5,,0,0,0,0,0,0,0,0,0,,753,657,,0,0,0,0
1613791329723,6,1010123456027,72,,1,0,6,1,2,,11.5359,765,183436,0.495614,222,0,6.66667,,0,0,0,0,0,0,0,0,0,,747,699,,0,0,0,0
1613791329973,6,1010123456027,72,,1,0,6,1,2,,11.8592,781,184004,0.50752,222,0,7,,0,0,0,0,0,0,0,0,0,,750,711,,0,0,0,0
1613791330223,6,1010123456027,72,,1,0,6,1,2,,11.9484,775,184488,0.520704,224,0,6.85714,,5.29412,34,0,0.1,10,50,0,6.82165,31,,750,711,,0,0,0,5.76471
1613791330473,6,1010123456027,72,,1,0,6,1,2,,11.2132,699,183645,0.415424,196,0,6.8,,0,0,0,0,0,0,0,0,0,,750,618,,0,0,0,0
1613791330723,6,1010123456027,72,,1,0,6,1,2,,11.2931,778,183858,0.479072,219,0,6.66667,,0,0,0,0,0,0,0,0,0,,750,702,,0,0,0,0
1613791330973,6,1010123456027,72,,1,0,6,1,2,,11.5712,772,183334,0.49584,220,0,6.83333,,0,0,0,0,0,0,0,0,0,,750,699,,0,0,0,0
1613791331223,6,1010123456027,72,,1,0,6,1,2,,11.6591,792,183899,0.527197,231,0,6.85714,,16.0769,52,0,0.1,15,86.6667,0,8.98698,31,,750,735,,0,0,0,8.78846
1613791331473,6,1010123456027,72,,1,0,6,1,2,,11.941,796,183901,0.528768,228,0,7,,2.64706,17,0,0.1,5,20,0,7.33101,31,,750,729,,0,0,0,4
1613791331723,6,1010123456027,72,,1,0,6,1,2,,11.3872,705,183843,0.445376,204,0,6.66667,,0,0,0,0,0,0,0,0,0,,753,651,,0,0,0,0
1613791331973,6,1010123456027,72,,1,0,6,1,2,,10.239,770,183772,0.439165,217,0,5.83333,,0,0,0,0,0,0,0,0,0,,747,684,,0,0,0,0
1613791332223,6,1010123456027,72,,1,0,6,1,2,,12.29,762,183996,0.528996,217,0,7.14286,,6.78788,33,0,0.1,9,44.4444,0,6.07182,31,,750,693,,0,0,0,5.36364
1613791332473,6,1010123456027,72,,1,0,6,1,2,,11.8283,792,184406,0.522217,228,0,6.83333,,0,0,0,0,0,0,0,0,0,,750,732,,0,0,0,0
1613791332723,6,1010123456027,72,,1,0,6,1,2,,12.0544,754,183626,0.520964,221,0,7.16667,,0,0,0,0,0,0,0,0,0,,750,693,,0,0,0,0
1613791332973,6,1010123456027,72,,1,0,6,1,2,,10.7429,708,184356,0.409696,200,0,6.33333,,0,0,0,0,0,0,0,0,0,,750,642,,0,0,0,0
1613791333223,6,1010123456027,72,,1,0,6,1,2,,9.98576,632,184077,0.350336,181,0,5.83333,,14.2941,68,0,0.113664,20,80,0,6.81444,31,,750,576,,0,0,0,8.01471
1613791333473,6,1010123456027,72,,1,0,6,1,2,,11.8819,779,183402,0.510586,220,0,6.83333,,0,0,0,0,0,0,0,0,0,,750,708,,0,0,0,0
1613791333723,6,1010123456027,72,,1,0,6,1,2,,11.0761,683,184334,0.417728,194,0,6.4,,0,0,0,0,0,0,0,0,0,,750,612,,0,0,0,0
1613791333973,6,1010123456027,72,,1,0,6,1,2,,11.0173,752,183917,0.439712,211,0,6.66667,,0,0,0,0,0,0,0,0,0,,750,684,,0,0,0,0
1613791334223,6,1010123456027,72,,1,0,6,1,2,,10.9107,750,183909,0.444416,214,0,6.57143,,0.1,25,0,0.1,7,0,0,5.29436,31,,750,672,,0,0,0,1.44
1613791334473,6,1010123456027,72,,1,0,6,1,2,,11.5275,764,184172,0.473248,215,0,6.66667,,0,0,0,0,0,0,0,0,0,,750,693,,0,0,0,0
1613791334723,6,1010123456027,72,,1,0,6,1,2,,10.7731,714,184546,0.430554,207,0,6.5,,0,0,0,0,0,0,0,0,0,,747,654,,0,0,0,0
1613791334973,6,1010123456027,72,,1,0,6,1,2,,11.9684,697,183623,0.471839,202,0,7,,0,0,0,0,0,0,0,0,0,,750,645,,0,0,0,0
1613791335223,6,1010123456027,72,,1,0,6,1,2,,11.3469,689,183515,0.439264,200,0,6.66667,,0,0,0,0,0,0,0,0,0,,750,642,,0,0,0,0
1613791335473,6,1010123456027,72,,1,0,6,1,2,,10.84,750,183322,0.450795,216,0,6.33333,,0,0,0,0,0,0,0,0,0,,750,684,,0,0,0,0
1613791335723,6,1010123456027,72,,1,0,6,1,2,,11.8277,737,183199,0.49343,216,0,7,,0,0,0,0,0,0,0,0,0,,753,690,,0,0,0,0
1613791335973,6,1010123456027,72,,1,0,6,1,2,,11.4463,773,184032,0.500723,219,0,6.83333,,0,0,0,0,0,0,0,0,0,,747,696,,0,0,0,0
1613791336223,6,1010123456027,72,,1,0,6,1,2,,11.9797,739,184637,0.51488,216,0,7,,15.1124,89,0,0.127648,29,82.7586,0,5.66765,31,,750,684,,0,0,0,8.2809
1613791336473,6,1010123456027,72,,1,0,6,1,2,,11.9619,788,183660,0.519807,223,0,7,,0,0,0,0,0,0,0,0,0,,750,711,,0,0,0,0
1613791336723,6,1010123456027,72,,1,0,6,1,2,,11.0892,695,184239,0.424896,197,0,6.5,,0,0,0,0,0,0,0,0,0,,750,612,,0,0,0,0
1613791336973,6,1010123456027,72,,1,0,6,1,2,,11.814,742,184275,0.475968,210,0,7,,0,0,0,0,0,0,0,0,0,,750,672,,0,0,0,0
1613791337223,6,1010123456027,72,,1,0,6,1,2,,11.8828,708,183308,0.47376,205,0,6.85714,,0,0,0,0,0,0,0,0,0,,750,642,,0,0,0,0
1613791337473,6,1010123456027,72,,1,0,6,1,2,,11.4745,746,183974,0.464257,212,0,6.8,,0,0,0,0,0,0,0,0,0,,750,672,,0,0,0,0
1613791337723,6,1010123456027,72,,1,0,6,1,2,,11.4337,701,183958,0.44288,202,0,6.66667,,7.5,32,0,0.1,9,44.4444,0,6.68397,31,,750,630,,0,0,0,5.71875
1613791337973,6,1010123456027,72,,1,0,6,1,2,,11.0438,730,184006,0.43856,204,0,6.5,,0,0,0,0,0,0,0,0,0,,750,645,,0,0,0,0
1613791338223,6,1010123456027,72,,1,0,6,1,2,,11.9009,767,184191,0.521824,222,0,7,,5.41935,31,0,0.1,9,44.4444,0,8.6131,31,,750,708,,0,0,0,5.06452
1613791338473,6,1010123456027,72,,1,0,6,1,2,,10.6522,762,184235,0.434816,213,0,6.33333,,0,0,0,0,0,0,0,0,0,,750,690,,0,0,0,0
1613791338723,6,1010123456027,72,,1,0,6,1,2,,11.5231,759,184395,0.48336,219,0,6.8,,0,0,0,0,0,0,0,0,0,,750,702,,0,0,0,0
1613791338973,6,1010123456027,72,,1,0,6,1,2,,11.9609,792,183222,0.524736,226,0,7,,0,0,0,0,0,0,0,0,0,,750,720,,0,0,0,0
1613791339223,6,1010123456027,72,,1,0,6,1,2,,11.4406,758,183440,0.479264,219,0,6.71429,,0.1,63,0,0.1,18,22.2222,0,4.98629,31,,750,705,,0,0,0,3.04762
1613791339473,6,1010123456027,72,,1,0,6,1,2,,11.6579,763,183310,0.487968,217,0,6.83333,,0,0,0,0,0,0,0,0,0,,750,690,,0,0,0,0
1613791339723,6,1010123456027,72,,1,0,6,1,2,,11.0431,742,184389,0.452736,210,0,6.5,,0,0,0,0,0,0,0,0,0,,750,675,,0,0,0,0
1613791339973,6,1010123456027,72,,1,0,6,1,2,,11.6794,761,184322,0.493152,219,0,6.83333,,0,0,0,0,0,0,0,0,0,,750,687,,0,0,0,0
1613791340223,6,1010123456027,72,,1,0,6,1,2,,12.6296,737,183889,0.54032,213,0,7.28571,,7.22581,31,0,0.1,9,44.4444,0,5.28644,31,,750,681,,0,0,0,5.77419
1613791340473,6,1010123456027,72,,1,0,6,1,2,,11.7642,755,183648,0.501152,221,0,7,,0,0,0,0,0,0,0,0,0,,750,687,,0,0,0,0
1613791340723,6,1010123456027,72,,1,0,6,1,2,,11.7752,734,183655,0.481696,205,0,6.83333,,0,0,0,0,0,0,0,0,0,,750,660,,0,0,0,0
1613791340973,6,1010123456027,72,,1,0,6,1,2,,11.6619,766,183610,0.482784,215,0,6.83333,,0,0,0,0,0,0,0,0,0,,750,699,,0,0,0,0
1613791341223,6,1010123456027,72,,1,0,6,1,2,,11.4925,796,184503,0.504896,230,0,6.71429,,6,30,0,0.1,9,44.4444,0,9.68815,31,,750,723,,0,0,0,4.6
1613791341473,6,1010123456027,72,,1,0,6,1,2,,11.3142,783,183496,0.475264,222,0,6.5,,0,0,0,0,0,0,0,0,0,,750,708,,0,0,0,0
1613791341723,6,1010123456027,72,,1,0,6,1,2,,11.948,711,183868,0.469856,201,0,7,,0,0,0,0,0,0,0,0,0,,750,642,,0,0,0,0
1613791341973,6,1010123456027,72,,1,0,6,1,2,,11.6684,772,183411,0.499072,222,0,6.83333,,0,0,0,0,0,0,0,0,0,,750,708,,0,0,0,0
1613791342223,6,1010123456027,72,,1,0,6,1,2,,11.2838,754,184274,0.462816,217,0,6.57143,,0.1,24,0,0.1,7,14.2857,0,4.04562,31,,750,684,,0,0,0,2.29167
1613791342473,6,1010123456027,72,,1,0,6,1,2,,10.8963,694,183447,0.416736,198,0,6.5,,0,0,0,0,0,0,0,0,0,,750,630,,0,0,0,0
1613791342723,6,1010123456027,72,,1,0,6,1,2,,11.8263,783,183947,0.521184,229,0,7,,0,0,0,0,0,0,0,0,0,,753,720,,0,0,0,0
1613791342973,6,1010123456027,72,,1,0,6,1,2,,12.2997,784,183581,0.539534,221,0,7.16667,,0,0,0,0,0,0,0,0,0,,747,708,,0,0,0,0
1613791343223,6,1010123456027,72,,1,0,6,1,2,,11.9385,748,184480,0.507438,218,0,7,,0.1,36,0,0.1,11,36.3636,0,1.33861,31,,750,693,,0,0,0,5.25
1613791343473,6,1010123456027,72,,1,0,6,1,2,,11.7918,802,183599,0.513088,226,0,6.83333,,0,0,0,0,0,0,0,0,0,,750,723,,0,0,0,0
1613791343723,6,1010123456027,72,,1,0,6,1,2,,12.2841,785,183419,0.542747,223,0,7.16667,,0,0,0,0,0,0,0,0,0,,750,711,,0,0,0,0
1613791343973,6,1010123456027,72,,1,0,6,1,2,,11.57,800,184382,0.505504,227,0,6.66667,,0,0,0,0,0,0,0,0,0,,750,714,,0,0,0,0
1613791344223,6,1010123456027,72,,1,0,6,1,2,,11.9213,775,183414,0.514688,224,0,7,,2,24,0,0.1,7,14.2857,0,7.23283,31,,750,720,,0,0,0,2.25
1613791344473,6,1010123456027,72,,1,0,6,1,2,,11.5887,727,184129,0.461856,207,0,6.83333,,0,0,0,0,0,0,0,0,0,,750,648,,0,0,0,0
1613791344723,6,1010123456027,72,,1,0,6,1,2,,11.7241,714,183249,0.471552,208,0,6.83333,,0,0,0,0,0,0,0,0,0,,750,663,,0,0,0,0
1613791344973,6,1010123456027,72,,1,0,6,1,2,,10.8338,680,184133,0.406432,194,0,6.5,,0,0,0,0,0,0,0,0,0,,750,621,,0,0,0,0
1613791345223,6,1010123456027,72,,1,0,6,1,2,,11.1075,763,183513,0.459072,220,0,6.66667,,12.5652,23,0,0.1,6,66.6667,0,9.454,31,,750,699,,0,0,0,7.26087
1613791345473,6,1010123456027,72,,1,0,6,1,2,,11.9107,750,183110,0.498496,216,0,7,,0,0,0,0,0,0,0,0,0,,750,687,,0,0,0,0
1613791345723,6,1010123456027,72,,1,0,6,1,2,,11.1331,744,183893,0.460224,214,0,6.66667,,0,0,0,0,0,0,0,0,0,,750,675,,0,0,0,0
1613791345973,6,1010123456027,72,,1,0,6,1,2,,11.5083,720,183299,0.4649,210,0,6.66667,,0,0,0,0,0,0,0,0,0,,750,660,,0,0,0,0
1613791346223,6,1010123456027,72,,1,0,6,1,2,,13.2853,722,183843,0.554912,207,0,7.57143,,0.1,28,0,0.1,8,12.5,0,4.61917,31,,750,666,,0,0,0,2.71429
1613791346473,6,1010123456027,72,,1,0,6,1,2,,11.731,788,183207,0.507392,222,0,6.66667,,0,0,0,0,0,0,0,0,0,,750,711,,0,0,0,0
1613791346723,6,1010123456027,72,,1,0,6,1,2,,11.0054,738,184491,0.443744,208,0,6.5,,0,0,0,0,0,0,0,0,0,,750,663,,0,0,0,0
1613791346973,6,1010123456027,72,,1,0,6,1,2,,11.7436,784,183934,0.507808,223,0,6.83333,,0,0,0,0,0,0,0,0,0,,750,699,,0,0,0,0
1613791347223,6,1010123456027,72,,1,0,6,1,2,,11.4062,746,184607,0.466016,215,0,6.71429,,6.78788,33,0,0.1,9,44.4444,0,6.85577,31,,750,684,,0,0,0,5.36364
1613791347473,6,1010123456027,72,,1,0,6,1,2,,9.91223,695,183705,0.374592,200,0,6,,0,0,0,0,0,0,0,0,0,,750,633,,0,0,0,0
1613791347723,6,1010123456027,72,,1,0,6,1,2,,11.9472,720,183773,0.478016,206,0,7,,0,0,0,0,0,0,0,0,0,,750,669,,0,0,0,0
1613791347973,6,1010123456027,72,,1,0,6,1,2,,11.9618,760,184425,0.51168,220,0,7,,0,0,0,0,0,0,0,0,0,,750,702,,0,0,0,0
1613791348223,6,1010123456027,72,,1,0,6,1,2,,10.7673,722,184578,0.436832,209,0,6.57143,,0.1,26,0,0.1,8,0,0,5.10285,31,,750,669,,0,0,0,1.34615
1613791348473,6,1010123456027,72,,1,0,6,1,2,,11.9472,739,184301,0.491488,213,0,7,,0,0,0,0,0,0,0,0,0,,750,687,,0,0,0,0
1613791348723,6,1010123456027,72,,1,0,6,1,2,,12.0356,759,184665,0.525248,222,0,7,,0,0,0,0,0,0,0,0,0,,750,699,,0,0,0,0
1613791348973,6,1010123456027,72,,1,0,6,1,2,,11.6435,718,183785,0.460192,205,0,6.83333,,0,0,0,0,0,0,0,0,0,,750,657,,0,0,0,0
1613791349223,6,1010123456027,72,,1,0,6,1,2,,10.5213,704,183512,0.402442,201,0,6.42857,,0.1,67,0,0.1,19,26.3158,0,3.81671,31,,750,633,,0,0,0,3.79104
1613791349473,6,1010123456027,72,,1,0,6,1,2,,11.7375,781,184435,0.50988,222,0,6.66667,,0,0,0,0,0,0,0,0,0,,750,705,,0,0,0,0
1613791349723,6,1010123456027,72,,1,0,6,1,2,,11.5441,805,183895,0.511104,230,0,6.66667,,0,0,0,0,0,0,0,0,0,,750,729,,0,0,0,0
1613791349973,6,1010123456027,72,,1,0,6,1,2,,11.0824,680,183410,0.395424,189,0,6.5,,0,0,0,0,0,0,0,0,0,,750,606,,0,0,0,0
1613791350223,6,1010123456027,72,,1,0,6,1,2,,11.1777,771,184011,0.474506,223,0,6.66667,,15.5714,21,0,0.1,6,66.6667,0,16.9272,31,,750,708,,0,0,0,6.57143
1613791350473,6,1010123456027,72,,1,0,6,1,2,,12.2853,743,184393,0.516512,213,0,7.16667,,0,0,0,0,0,0,0,0,0,,750,678,,0,0,0,0
1613791350723,6,1010123456027,72,,1,0,6,1,2,,11.4565,701,184049,0.454876,204,0,6.66667,,0,0,0,0,0,0,0,0,0,,750,654,,0,0,0,0
1613791350973,6,1010123456027,72,,1,0,6,1,2,,10.0905,630,183821,0.344928,179,0,6,,0,0,0,0,0,0,0,0,0,,750,567,,0,0,0,0
1613791351223,6,1010123456027,72,,1,0,6,1,2,,12.2065,736,184439,0.51248,213,0,7,,5,48,0,0.1,14,71.4286,0,5.2198,31,,750,684,,0,0,0,7.375
1613791351473,6,1010123456027,72,,1,0,6,1,2,,11.9669,724,184465,0.482912,207,0,7,,0,0,0,0,0,0,0,0,0,,750,663,,0,0,0,0
1613791351723,6,1010123456027,72,,1,0,6,1,2,,11.5007,743,184583,0.496225,219,0,6.6,,0,0,0,0,0,0,0,0,0,,750,693,,0,0,0,0
1613791351973,6,1010123456027,72,,1,0,6,1,2,,11.9576,731,184257,0.48576,208,0,7.16667,,0,0,0,0,0,0,0,0,0,,750,657,,0,0,0,0
1613791352223,6,1010123456027,72,,1,0,6,1,2,,10.611,748,184389,0.438208,216,0,6.28571,,0.1,29,0,0.1,8,0,0,1.64132,31,,750,690,,0,0,0,3.17241
1613791352473,6,1010123456027,72,,1,0,6,1,2,,10.5144,696,184109,0.403052,201,0,6.33333,,0,0,0,0,0,0,0,0,0,,750,636,,0,0,0,0
1613791352723,6,1010123456027,72,,1,0,6,1,2,,11.6,740,184402,0.475744,213,0,6.83333,,0,0,0,0,0,0,0,0,0,,750,675,,0,0,0,0
1613791352973,6,1010123456027,72,,1,0,6,1,2,,10.6114,687,183900,0.4169,202,0,6.33333,,0,0,0,0,0,0,0,0,0,,750,618,,0,0,0,0
1613791353223,6,1010123456027,72,,1,0,6,1,2,,10.6867,715,183273,0.415136,206,0,6.42857,,4.76596,47,0,0.1,13,61.5385,0,4.43362,31,,750,645,,0,0,0,6.93617
1613791353473,6,1010123456027,72,,1,0,6,1,2,,10.6394,757,183421,0.43056,209,0,6.16667,,0,0,0,0,0,0,0,0,0,,750,687,,0,0,0,0
1613791353723,6,1010123456027,72,,1,0,6,1,2,,10.9391,755,183274,0.439422,214,0,6.66667,,0,0,0,0,0,0,0,0,0,,750,681,,0,0,0,0
1613791353973,6,1010123456027,72,,1,0,6,1,2,,11.9163,765,184251,0.497856,216,0,7,,0,0,0,0,0,0,0,0,0,,750,690,,0,0,0,0
1613791354223,6,1010123456027,72,,1,0,6,1,2,,11.1756,763,183662,0.465574,219,0,6.57143,,0,0,0,0,0,0,0,0,0,,750,687,,0,0,0,0
1613791354473,6,1010123456027,72,,1,0,6,1,2,,10.953,787,184290,0.466048,221,0,6.33333,,1.72973,37,0,0.102784,11,18.1818,0,5.17704,31,,750,711,,0,0,0,2.54054
1613791354723,6,1010123456027,72,,1,0,6,1,2,,8.45551,562,184261,0.252145,162,0,5.33333,,0,0,0,0,0,0,0,0,0,,750,516,,0,0,0,0
1613791354973,6,1010123456027,72,,1,0,6,1,2,,9.54511,776,183921,0.40144,222,0,6,,0,0,0,0,0,0,0,0,0,,750,696,,0,0,0,0
1613791355223,6,1010123456027,72,,1,0,6,1,2,,10.7413,692,183600,0.413568,201,0,6.42857,,6.77419,31,0,0.1,9,44.4444,0,6.85497,31,,750,627,,0,0,0,5.06452
1613791355473,6,1010123456027,72,,1,0,6,1,2,,12.1114,781,183827,0.517976,218,0,7,,0,0,0,0,0,0,0,0,0,,750,699,,0,0,0,0
1613791355723,6,1010123456027,72,,1,0,6,1,2,,10.6488,672,183678,0.403328,198,0,6.33333,,0,0,0,0,0,0,0,0,0,,750,624,,0,0,0,0
1613791355973,6,1010123456027,72,,1,0,6,1,2,,11.7577,714,184303,0.464161,203,0,6.83333,,0,0,0,0,0,0,0,0,0,,750,648,,0,0,0,0
1613791356223,6,1010123456027,72,,1,0,6,1,2,,11.1737,754,183976,0.44816,213,0,6.57143,,0,0,0,0,0,0,0,0,0,,750,678,,0,0,0,0
1613791356473,6,1010123456027,72,,1,0,6,1,2,,11.9012,759,183385,0.505152,218,0,6.83333,,7.03125,32,0,0.1,9,44.4444,0,8.61327,31,,750,702,,0,0,0,5.21875
1613791356723,6,1010123456027,72,,1,0,6,1,2,,11.8188,734,183516,0.484851,213,0,7,,0,0,0,0,0,0,0,0,0,,750,669,,0,0,0,0
1613791356973,6,1010123456027,72,,1,0,6,1,2,,12.3064,793,184128,0.552736,227,0,7.16667,,0,0,0,0,0,0,0,0,0,,750,729,,0,0,0,0
1613791357223,6,1010123456027,72,,1,0,6,1,2,,11.9172,725,184079,0.493824,214,0,7,,5.10638,47,0,0.1,13,30.7692,0,5.39362,31,,750,666,,0,0,0,4.12766
1613791357473,6,1010123456027,72,,1,0,6,1,2,,11.9495,752,183822,0.49102,211,0,7,,0,0,0,0,0,0,0,0,0,,750,678,,0,0,0,0
1613791357723,6,1010123456027,72,,1,0,6,1,2,,11.9784,787,184168,0.521664,224,0,7,,0,0,0,0,0,0,0,0,0,,750,714,,0,0,0,0
1613791357973,6,1010123456027,72,,1,0,6,1,2,,11.954,761,183684,0.506056,217,0,7,,0,0,0,0,0,0,0,0,0,,747,690,,0,0,0,0
1613791358223,6,1010123456027,72,,1,0,6,1,2,,10.8737,649,183732,0.39072,187,0,6.57143,,0.1,37,0,0.1,11,36.3636,0,1.44549,31,,750,597,,0,0,0,5.64865
1613791358473,6,1010123456027,72,,1,0,6,1,2,,11.9806,826,183388,0.538304,232,0,7,,0,0,0,0,0,0,0,0,0,,750,744,,0,0,0,0
1613791358723,6,1010123456027,72,,1,0,6,1,2,,11.5547,750,183848,0.475232,213,0,6.66667,,0,0,0,0,0,0,0,0,0,,750,678,,0,0,0,0
1613791358973,6,1010123456027,72,,1,0,6,1,2,,11.8991,773,184182,0.521189,219,0,7,,0,0,0,0,0,0,0,0,0,,750,693,,0,0,0,0
1613791359223,6,1010123456027,72,,1,0,6,1,2,,10.2949,719,184164,0.401767,206,0,6.28571,,0.1,27,0,0.1,8,0,0,7.40534,31,,750,654,,0,0,0,1
1613791359473,6,1010123456027,72,,1,0,6,1,2,,11.1616,693,184447,0.419488,195,0,6.66667,,0,0,0,0,0,0,0,0,0,,750,630,,0,0,0,0
1613791359723,6,1010123456027,72,,1,0,6,1,2,,10.4597,633,183759,0.374432,185,0,6.16667,,0,0,0,0,0,0,0,0,0,,750,594,,0,0,0,0
1613791359973,6,1010123456027,72,,1,0,6,1,2,,10.488,711,183458,0.39632,200,0,6.33333,,0,0,0,0,0,0,0,0,0,,750,639,,0,0,0,0
1613791360223,6,1010123456027,72,,1,0,6,1,2,,11.948,789,183805,0.521536,226,0,7,,0,12,0,0,4,100,0,0,0,,750,720,,0,0,0,0
1613791360473,6,1010123456027,72,,1,0,6,1,2,,8.97302,630,183317,0.317655,182,0,5.5,,0,0,0,0,0,0,0,0,0,,750,567,,0,0,0,0
1613791360723,6,1010123456027,72,,1,0,6,1,2,,12.0847,720,183251,0.485536,207,0,7.16667,,0.1,7,0,0.1,2,0,0,2.23146,31,,750,660,,0,0,0,2.28571
1613791360973,6,1010123456027,72,,1,0,6,1,2,,10.4121,694,184364,0.398784,196,0,6.16667,,0,0,0,0,0,0,0,0,0,,750,633,,0,0,0,0
1613791361223,6,1010123456027,72,,1,0,6,1,2,,11.6713,712,183409,0.471744,210,0,6.85714,,8.52459,61,0,0.1,18,50,0,9.77298,31,,750,657,,0,0,0,5.42623
1613791361473,6,1010123456027,72,,1,0,6,1,2,,11.8731,772,184011,0.514624,222,0,6.83333,,0,0,0,0,0,0,0,0,0,,750,714,,0,0,0,0
1613791361723,6,1010123456027,72,,1,0,6,1,2,,11.7609,732,184202,0.479679,212,0,7,,0,0,0,0,0,0,0,0,0,,750,672,,0,0,0,0
1613791361973,6,1010123456027,72,,1,0,6,1,2,,11.6398,733,183096,0.47744,212,0,6.83333,,0,0,0,0,0,0,0,0,0,,750,669,,0,0,0,0
1613791362223,6,1010123456027,72,,1,0,6,1,2,,12.7685,704,183626,0.515776,200,0,7.14286,,0.1,36,0,0.1,10,30,0,1.53268,31,,750,633,,0,0,0,4.58333
1613791362473,6,1010123456027,72,,1,0,6,1,2,,11.4484,765,183802,0.478656,216,0,6.66667,,0,0,0,0,0,0,0,0,0,,750,696,,0,0,0,0
1613791362723,6,1010123456027,72,,1,0,6,1,2,,11.7968,753,183495,0.493024,217,0,7,,0,0,0,0,0,0,0,0,0,,750,696,,0,0,0,0
1613791362973,6,1010123456027,72,,1,0,6,1,2,,11.3333,642,184517,0.408192,188,0,6.75,,0,0,0,0,0,0,0,0,0,,750,585,,0,0,0,0
1613791363223,6,1010123456027,72,,1,0,6,1,2,,10.5048,727,183657,0.41312,208,0,6.42857,,0,0,0,0,0,0,0,0,0,,750,678,,0,0,0,0
1613791363473,6,1010123456027,72,,1,0,6,1,2,,11.9881,756,184317,0.516112,218,0,6.83333,,0.1,29,0,0.1,8,0,0,1.86425,31,,750,687,,0,0,0,1.7931
1613791363723,6,1010123456027,72,,1,0,6,1,2,,10.5704,717,183652,0.417056,208,0,6.16667,,0,0,0,0,0,0,0,0,0,,750,672,,0,0,0,0
1613791363973,6,1010123456027,72,,1,0,6,1,2,,12.2198,787,183274,0.549792,229,0,7.16667,,0,0,0,0,0,0,0,0,0,,750,714,,0,0,0,0
1613791364223,6,1010123456027,72,,1,0,6,1,2,,12.5141,778,184235,0.543357,220,0,7,,5.6,30,0,0.1,9,44.4444,0,7.94966,31,,750,717,,0,0,0,4.6
1613791364473,6,1010123456027,72,,1,0,6,1,2,,11.9354,728,184481,0.475904,206,0,7,,0,0,0,0,0,0,0,0,0,,750,651,,0,0,0,0
1613791364723,6,1010123456027,72,,1,0,6,1,2,,12.2824,786,184220,0.540896,223,0,7.16667,,0,0,0,0,0,0,0,0,0,,750,708,,0,0,0,0
1613791364973,6,1010123456027,72,,1,0,6,1,2,,11.7334,739,184534,0.482304,212,0,6.83333,,0,0,0,0,0,0,0,0,0,,750,666,,0,0,0,0
1613791365223,6,1010123456027,72,,1,0,6,1,2,,12.2487,796,184069,0.518816,225,0,7.85714,,5.75,48,0,0.1,13,61.5385,0,6.99194,31,,750,717,,0,0,0,7
1613791365473,6,1010123456027,72,,1,0,6,1,2,,18.1457,748,184075,0.969896,210,0,8.2,,0,3,0,0.1,1,0,0,0,31,,750,666,,0,0,0,0
1613791365723,6,1010123456027,72,,1,0,6,1,2,,8.12919,627,183321,0.293376,180,0,5,,0,0,0,0,0,0,0,0,0,,750,555,,0,0,0,0
1613791365973,6,1010123456027,72,,1,0,6,1,2,,11.0609,706,183504,0.42461,202,0,7,,0,0,0,0,0,0,0,0,0,,750,633,,0,0,0,0
1613791366223,6,1010123456027,72,,1,0,6,1,2,,10.6644,724,184018,0.423325,208,0,6.42857,,0,0,0,0,0,0,0,0,0,,750,657,,0,0,0,0
1613791366473,6,1010123456027,72,,1,0,6,1,2,,11.7022,722,184480,0.469622,207,0,6.83333,,15,16,0,0,4,100,0,3.36083,0,,750,660,,0,0,0,10
1613791366723,6,1010123456027,72,,1,0,6,1,2,,11.9617,679,183809,0.460691,195,0,7,,5.86957,23,0,0.1,7,71.4286,0,10.059,31,,750,618,,0,0,0,6.86957
1613791366973,6,1010123456027,72,,1,0,6,1,2,,10.9888,713,184388,0.424161,206,0,6.33333,,5.3125,16,0,0.1,5,60,0,3.22095,0,,750,654,,0,0,0,6.0625
1613791367223,6,1010123456027,72,,1,0,6,1,2,,11.1406,754,183434,0.470848,217,0,6.57143,,0.1,33,0,0.1,9,11.1111,0,4.55538,31,,750,699,,0,0,0,3.0303
1613791367473,6,1010123456027,72,,1,0,6,1,2,,10.768,763,183334,0.440928,219,0,6.33333,,0,0,0,0,0,0,0,0,0,,750,696,,0,0,0,0
1613791367723,6,1010123456027,72,,1,0,6,1,2,,11.5642,787,184231,0.502656,228,0,6.83333,,0,0,0,0,0,0,0,0,0,,750,717,,0,0,0,0
1613791367973,6,1010123456027,72,,1,0,6,1,2,,11.4853,781,183947,0.49392,225,0,6.66667,,0,0,0,0,0,0,0,0,0,,750,717,,0,0,0,0
1613791368223,6,1010123456027,72,,1,0,6,1,2,,12.2224,769,183939,0.536352,221,0,7.14286,,0.1,25,0,0.1,7,0,0,2.02629,31,,750,702,,0,0,0,1.16
1613791368473,6,1010123456027,72,,1,0,6,1,2,,11.9603,730,184056,0.479296,206,0,7,,0,0,0,0,0,0,0,0,0,,750,660,,0,0,0,0
1613791368723,6,1010123456027,72,,1,0,6,1,2,,11.141,766,183138,0.469728,218,0,6.66667,,0,0,0,0,0,0,0,0,0,,750,696,,0,0,0,0
1613791368973,6,1010123456027,72,,1,0,6,1,2,,11.7654,814,183437,0.52688,231,0,6.83333,,0,0,0,0,0,0,0,0,0,,750,735,,0,0,0,0
1613791369223,6,1010123456027,72,,1,0,6,1,2,,9.91881,739,183399,0.394176,209,0,6,,6.78788,33,0,0.1,9,44.4444,0,7.34844,31,,750,669,,0,0,0,5.36364
1613791369473,6,1010123456027,72,,1,0,6,1,2,,11.6586,782,184544,0.493152,221,0,7,,0,0,0,0,0,0,0,0,0,,750,705,,0,0,0,0
1613791369723,6,1010123456027,72,,1,0,6,1,2,,11.2721,768,183526,0.475104,218,0,6.6,,0,0,0,0,0,0,0,0,0,,750,687,,0,0,0,0
1613791369973,6,1010123456027,72,,1,0,6,1,2,,11.2825,570,184663,0.358304,165,0,6.66667,,0,0,0,0,0,0,0,0,0,,750,525,,0,0,0,0
1613791370223,6,1010123456027,72,,1,0,6,1,2,,10.6273,719,183402,0.426464,207,0,6.42857,,0,0,0,0,0,0,0,0,0,,750,669,,0,0,0,0
1613791370473,6,1010123456027,72,,1,0,6,1,2,,11.9368,744,184507,0.493728,213,0,7,,0.714286,56,0,0.1,16,43.75,0,7.59549,31,,750,684,,0,0,0,5.07143
1613791370723,6,1010123456027,72,,1,0,6,1,2,,11.6914,713,183711,0.471584,209,0,6.83333,,0,0,0,0,0,0,0,0,0,,750,657,,0,0,0,0
1613791370973,6,1010123456027,72,,1,0,6,1,2,,10.9277,747,183315,0.444851,212,0,6.5,,0,0,0,0,0,0,0,0,0,,750,675,,0,0,0,0
1613791371223,6,1010123456027,72,,1,0,6,1,2,,11.1756,706,183109,0.44768,207,0,6.71429,,1.36364,33,0,0.1,11,36.3636,0,6.51821,31,,750,660,,0,0,0,4.84848
1613791371473,6,1010123456027,72,,1,0,6,1,2,,11.9859,778,183434,0.522056,223,0,7,,0,0,0,0,0,0,0,0,0,,750,708,,0,0,0,0
1613791371723,6,1010123456027,72,,1,0,6,1,2,,11.9509,774,183898,0.522153,224,0,7,,0,0,0,0,0,0,0,0,0,,750,711,,0,0,0,0
1613791371973,6,1010123456027,72,,1,0,6,1,2,,11.5524,744,184335,0.469184,212,0,6.66667,,0,0,0,0,0,0,0,0,0,,750,675,,0,0,0,0
1613791372223,6,1010123456027,72,,1,0,6,1,2,,10.8205,713,183242,0.434784,208,0,6.42857,,0,0,0,0,0,0,0,0,0,,750,654,,0,0,0,0
1613791372473,6,1010123456027,72,,1,0,6,1,2,,11.6303,725,183691,0.473632,211,0,6.66667,,0.1,37,0,0.1,10,40,0,1.49351,31,,750,669,,0,0,0,5.37838
1613791372723,6,1010123456027,72,,1,0,6,1,2,,11.7361,667,184041,0.41947,186,0,7,,0.1,7,0,0.1,2,0,0,3.08033,31,,750,594,,0,0,0,1
1613791372973,6,1010123456027,72,,1,0,6,1,2,,11.8952,687,183467,0.45796,198,0,7,,0,0,0,0,0,0,0,0,0,,750,630,,0,0,0,0
1613791373223,6,1010123456027,72,,1,0,6,1,2,,12.287,784,184389,0.549312,226,0,7.14286,,6,30,0,0.1,9,44.4444,0,7.71916,31,,750,717,,0,0,0,4.7
1613791373473,6,1010123456027,72,,1,0,6,1,2,,11.7039,787,183638,0.509312,226,0,6.83333,,0,0,0,0,0,0,0,0,0,,750,723,,0,0,0,0
1613791373723,6,1010123456027,72,,1,0,6,1,2,,11.9573,797,183610,0.536736,231,0,7,,0,0,0,0,0,0,0,0,0,,750,729,,0,0,0,0
1613791373973,6,1010123456027,72,,1,0,6,1,2,,11.5063,800,184411,0.505344,230,0,6.66667,,0,0,0,0,0,0,0,0,0,,750,738,,0,0,0,0
1613791374223,6,1010123456027,72,,1,0,6,1,2,,11.7384,711,183635,0.469912,206,0,6.85714,,6,30,0,0.1,9,44.4444,0,7.40262,31,,750,657,,0,0,0,4.6
1613791374473,6,1010123456027,72,,1,0,6,1,2,,11.9531,746,183221,0.494368,213,0,7,,0,0,0,0,0,0,0,0,0,,750,684,,0,0,0,0
1613791374723,6,1010123456027,72,,1,0,6,1,2,,11.9458,756,183805,0.515648,220,0,7,,0,0,0,0,0,0,0,0,0,,750,699,,0,0,0,0
1613791374973,6,1010123456027,72,,1,0,6,1,2,,11.9753,809,183530,0.542522,232,0,7,,0,0,0,0,0,0,0,0,0,,750,738,,0,0,0,0
1613791375223,6,1010123456027,72,,1,0,6,1,2,,11.715,793,184108,0.520064,230,0,6.71429,,3.05882,34,0,0.1,10,30,0,5.21123,31,,750,729,,0,0,0,3.64706
1613791375473,6,1010123456027,72,,1,0,6,1,2,,11.6333,690,183885,0.444384,199,0,6.83333,,0,0,0,0,0,0,0,0,0,,750,633,,0,0,0,0
1613791375723,6,1010123456027,72,,1,0,6,1,2,,11.1064,733,183534,0.448448,211,0,6.5,,0,0,0,0,0,0,0,0,0,,750,681,,0,0,0,0
1613791375973,6,1010123456027,72,,1,0,6,1,2,,10.9199,774,183877,0.47547,223,0,6.5,,0,0,0,0,0,0,0,0,0,,750,702,,0,0,0,0
1613791376223,6,1010123456027,72,,1,0,6,1,2,,11.5504,694,183586,0.457248,203,0,6.57143,,10,16,0,0,4,100,0,2.24459,0,,750,645,,0,0,0,10
1613791376473,6,1010123456027,72,,1,0,6,1,2,,10.85,740,183432,0.440288,213,0,6.66667,,0.1,11,0,0.1,3,33.3333,0,1.63043,31,,750,678,,0,0,0,4.27273
1613791376723,6,1010123456027,72,,1,0,6,1,2,,11.5616,739,184164,0.458528,209,0,6.83333,,0,0,0,0,0,0,0,0,0,,750,669,,0,0,0,0
1613791376973,6,1010123456027,72,,1,0,6,1,2,,11.4313,728,183364,0.471454,212,0,6.66667,,0,0,0,0,0,0,0,0,0,,750,672,,0,0,0,0
1613791377223,6,1010123456027,72,,1,0,6,1,2,,10.7305,757,183210,0.44302,216,0,6.42857,,7.42857,42,0,0.1,13,61.5385,0,7.99488,31,,750,687,,0,0,0,6.14286
1613791377473,6,1010123456027,72,,1,0,6,1,2,,11.7265,702,183946,0.457664,202,0,6.83333,,0,0,0,0,0,0,0,0,0,,750,645,,0,0,0,0
1613791377723,6,1010123456027,72,,1,0,6,1,2,,11.4839,775,183867,0.493494,224,0,6.66667,,0,0,0,0,0,0,0,0,0,,750,708,,0,0,0,0
1613791377973,6,1010123456027,72,,1,0,6,1,2,,11.5281,640,184652,0.415328,185,0,6.83333,,0,0,0,0,0,0,0,0,0,,750,579,,0,0,0,0
1613791378223,6,1010123456027,72,,1,0,6,1,2,,10.0072,693,183816,0.367136,198,0,6.66667,,0.1,33,0,0.1,9,22.2222,0,1.79577,31,,750,624,,0,0,0,3.51515
1613791378473,6,1010123456027,72,,1,0,6,1,2,,12.5189,742,184212,0.517184,208,0,6.83333,,0,0,0,0,0,0,0,0,0,,750,666,,0,0,0,0
1613791378723,6,1010123456027,72,,1,0,6,1,2,,11.3763,800,184154,0.49902,228,0,6.5,,0,0,0,0,0,0,0,0,0,,750,729,,0,0,0,0
1613791378973,6,1010123456027,72,,1,0,6,1,2,,11.4688,802,183885,0.49344,226,0,6.66667,,0,0,0,0,0,0,0,0,0,,750,720,,0,0,0,0
1613791379223,6,1010123456027,72,,1,0,6,1,2,,11.7257,773,183672,0.494208,220,0,6.71429,,6.48649,37,0,0.1,10,40,0,5.88255,31,,750,702,,0,0,0,4.89189
1613791379473,6,1010123456027,72,,1,0,6,1,2,,11.6901,784,183238,0.498153,221,0,7,,0,0,0,0,0,0,0,0,0,,750,702,,0,0,0,0
1613791379723,6,1010123456027,72,,1,0,6,1,2,,11.3095,740,184291,0.45812,211,0,6.66667,,0,0,0,0,0,0,0,0,0,,750,669,,0,0,0,0
1613791379973,6,1010123456027,72,,1,0,6,1,2,,11.4169,746,183307,0.467168,213,0,6.66667,,0,0,0,0,0,0,0,0,0,,750,684,,0,0,0,0
1613791380223,6,1010123456027,72,,1,0,6,1,2,,12.0191,786,183544,0.523872,225,0,7.14286,,0.1,28,0,0.1,8,0,0,3.56867,31,,750,708,,0,0,0,1.14286
1613791380473,6,1010123456027,72,,1,0,6,1,2,,11.2019,822,184200,0.513376,232,0,6.5,,0,0,0,0,0,0,0,0,0,,750,738,,0,0,0,0
1613791380723,6,1010123456027,72,,1,0,6,1,2,,11.9501,741,184140,0.489696,211,0,7,,0,0,0,0,0,0,0,0,0,,750,657,,0,0,0,0
1613791380973,6,1010123456027,72,,1,0,6,1,2,,11.336,747,183540,0.455582,210,0,6.66667,,0,0,0,0,0,0,0,0,0,,750,681,,0,0,0,0
1613791381223,6,1010123456027,72,,1,0,6,1,2,,11.9244,688,184555,0.455392,197,0,7,,6.78788,33,0,0.1,9,44.4444,0,5.25446,31,,750,618,,0,0,0,5.36364
1613791381473,6,1010123456027,72,,1,0,6,1,2,,11.7531,725,183681,0.464257,204,0,6.83333,,0,0,0,0,0,0,0,0,0,,750,657,,0,0,0,0
1613791381723,6,1010123456027,72,,1,0,6,1,2,,12.2127,785,183337,0.546016,227,0,7.16667,,0,0,0,0,0,0,0,0,0,,750,720,,0,0,0,0
1613791381973,6,1010123456027,72,,1,0,6,1,2,,11.2961,662,183878,0.417568,193,0,6.66667,,0,0,0,0,0,0,0,0,0,,750,618,,0,0,0,0
1613791382223,6,1010123456027,72,,1,0,6,1,2,,11.9682,692,184389,0.474624,204,0,7,,0,0,0,0,0,0,0,0,0,,750,645,,0,0,0,0
1613791382473,6,1010123456027,72,,1,0,6,1,2,,11.9463,689,183644,0.456482,196,0,7,,4.30769,39,0,0.1,12,66.6667,0,6.08063,31,,750,636,,0,0,0,6.64103
1613791382723,6,1010123456027,72,,1,0,6,1,2,,11.9844,767,184175,0.519968,223,0,7,,0,0,0,0,0,0,0,0,0,,750,711,,0,0,0,0
1613791382973,6,1010123456027,72,,1,0,6,1,2,,11.6376,723,183392,0.459296,205,0,6.83333,,0,0,0,0,0,0,0,0,0,,750,654,,0,0,0,0
1613791383223,6,1010123456027,72,,1,0,6,1,2,,11.5156,607,183467,0.390811,176,0,6.85714,,0.285714,42,0,0.1,12,50,0,1.45866,31,,750,567,,0,0,0,6.40476
1613791383473,6,1010123456027,72,,1,0,6,1,2,,11.0499,722,183754,0.428896,203,0,6.5,,0,0,0,0,0,0,0,0,0,,750,642,,0,0,0,0
1613791383723,6,1010123456027,72,,1,0,6,1,2,,11.9695,755,183240,0.504353,216,0,7,,0,0,0,0,0,0,0,0,0,,750,687,,0,0,0,0
1613791383973,6,1010123456027,72,,1,0,6,1,2,,9.93234,739,184500,0.4016,213,0,6,,0,0,0,0,0,0,0,0,0,,750,669,,0,0,0,0
1613791384223,6,1010123456027,72,,1,0,6,1,2,,11.1099,764,183501,0.470304,220,0,6.71429,,3.90698,43,0,0.1,13,61.5385,0,4.8653,31,,750,699,,0,0,0,6.32558
1613791384473,6,1010123456027,72,,1,0,6,1,2,,11.4,660,184422,0.408514,187,0,6.66667,,0,0,0,0,0,0,0,0,0,,750,591,,0,0,0,0
1613791384723,6,1010123456027,72,,1,0,6,1,2,,11.9508,772,183603,0.512736,221,0,7,,0,0,0,0,0,0,0,0,0,,750,696,,0,0,0,0
1613791384973,6,1010123456027,72,,1,0,6,1,2,,11.7351,721,184073,0.47216,209,0,6.8,,0,0,0,0,0,0,0,0,0,,750,666,,0,0,0,0
1613791385223,6,1010123456027,72,,1,0,6,1,2,,11.7954,777,183369,0.507104,223,0,6.85714,,3.33333,54,0,0.1,15,80,0,2.74886,31,,750,714,,0,0,0,8.33333
1613791385473,6,1010123456027,72,,1,0,6,1,2,,10.4443,700,184417,0.402272,200,0,6.33333,,0,0,0,0,0,0,0,0,0,,750,642,,0,0,0,0
1613791385723,6,1010123456027,72,,1,0,6,1,2,,10.4799,671,184508,0.39072,194,0,6.6,,0,0,0,0,0,0,0,0,0,,750,615,,0,0,0,0
1613791385973,6,1010123456027,72,,1,0,6,1,2,,11.8274,788,183535,0.520932,226,0,6.83333,,0,0,0,0,0,0,0,0,0,,750,726,,0,0,0,0
1613791386223,6,1010123456027,72,,1,0,6,1,2,,11.3663,748,183913,0.478816,221,0,6.71429,,4.39216,51,0,0.1,15,80,0,6.81332,31,,750,702,,0,0,0,8.05882
1613791386473,6,1010123456027,72,,1,0,6,1,2,,11.9861,794,184169,0.519197,222,0,7,,0,0,0,0,0,0,0,0,0,,750,720,,0,0,0,0
1613791386723,6,1010123456027,72,,1,0,6,1,2,,11.9653,778,183389,0.513696,221,0,7,,0,0,0,0,0,0,0,0,0,,750,705,,0,0,0,0
1613791386973,6,1010123456027,72,,1,0,6,1,2,,11.9825,801,183309,0.535807,229,0,7,,0,0,0,0,0,0,0,0,0,,750,732,,0,0,0,0
1613791387223,6,1010123456027,72,,1,0,6,1,2,,11.5078,772,183547,0.481184,219,0,6.71429,,0,12,0,0,4,100,0,0,0,,750,705,,0,0,0,0
1613791387473,6,1010123456027,72,,1,0,6,1,2,,11.9838,804,183607,0.530795,227,0,7,,0.1,7,0,0.1,2,0,0,1.35351,31,,750,726,,0,0,0,1.42857
1613791387723,6,1010123456027,72,,1,0,6,1,2,,11.1179,653,183415,0.40608,189,0,6.5,,0,0,0,0,0,0,0,0,0,,750,588,,0,0,0,0
1613791387974,6,1010123456027,72,,1,0,6,1,2,,11.4822,701,184471,0.443328,202,0,6.83333,,0,0,0,0,0,0,0,0,0,,750,654,,0,0,0,0
1613791388223,6,1010123456027,72,,1,0,6,1,2,,11.4282,731,183490,0.47698,210,0,6.71429,,0.1,27,0,0.1,8,12.5,0,2.70395,31,,750,669,,0,0,0,2.66667
1613791388473,6,1010123456027,72,,1,0,6,1,2,,11.754,752,183526,0.481896,213,0,7,,0,0,0,0,0,0,0,0,0,,750,678,,0,0,0,0
1613791388723,6,1010123456027,72,,1,0,6,1,2,,11.9371,763,184218,0.512416,221,0,7,,0,0,0,0,0,0,0,0,0,,750,693,,0,0,0,0
1613791388973,6,1010123456027,72,,1,0,6,1,2,,9.66667,699,183479,0.36528,198,0,6,,0,0,0,0,0,0,0,0,0,,750,636,,0,0,0,0
1613791389223,6,1010123456027,72,,1,0,6,1,2,,11.1233,754,184283,0.46224,215,0,6.71429,,0,0,0,0,0,0,0,0,0,,750,669,,0,0,0,0
1613791389473,6,1010123456027,72,,1,0,6,1,2,,11.5107,750,183148,0.475984,215,0,6.66667,,5.6,30,0,0.1,9,44.4444,0,9.46315,31,,750,693,,0,0,0,4.6
1613791389723,6,1010123456027,72,,1,0,6,1,2,,10.7681,772,183960,0.464964,224,0,6.33333,,0,0,0,0,0,0,0,0,0,,750,702,,0,0,0,0
1613791389973,6,1010123456027,72,,1,0,6,1,2,,11.9623,717,184067,0.483648,208,0,7,,0,0,0,0,0,0,0,0,0,,750,657,,0,0,0,0
1613791390223,6,1010123456027,72,,1,0,6,1,2,,11.7827,787,183326,0.511328,225,0,6.85714,,8.08772,57,0,0.1,17,76.4706,0,4.87043,31,,750,720,,0,0,0,8.05263
1613791390473,6,1010123456027,72,,1,0,6,1,2,,12.1209,802,183234,0.52848,225,0,7.16667,,0,0,0,0,0,0,0,0,0,,750,720,,0,0,0,0
1613791390723,6,1010123456027,72,,1,0,6,1,2,,12.1591,773,183440,0.532177,220,0,7,,0,0,0,0,0,0,0,0,0,,750,696,,0,0,0,0
1613791390973,6,1010123456027,72,,1,0,6,1,2,,11.5882,743,183922,0.469333,210,0,6.83333,,0,0,0,0,0,0,0,0,0,,750,666,,0,0,0,0
1613791391223,6,1010123456027,72,,1,0,6,1,2,,9.77666,694,184654,0.37536,200,0,6.33333,,0,0,0,0,0,0,0,0,0,,750,636,,0,0,0,0
1613791391473,6,1010123456027,72,,1,0,6,1,2,,11.7611,741,183305,0.480418,211,0,6.83333,,4.88372,43,0,0.1,13,61.5385,0,8.24645,31,,750,678,,0,0,0,6.23256
1613791391723,6,1010123456027,72,,1,0,6,1,2,,10.9352,725,183396,0.435808,208,0,6.5,,0,0,0,0,0,0,0,0,0,,750,663,,0,0,0,0
1613791391973,6,1010123456027,72,,1,0,6,1,2,,11.6778,751,183420,0.482784,215,0,6.83333,,0,0,0,0,0,0,0,0,0,,750,687,,0,0,0,0
1613791392223,6,1010123456027,72,,1,0,6,1,2,,12.2941,748,183709,0.49936,215,0,7.85714,,4.53488,43,0,0.1,13,61.5385,0,7.26335,31,,750,675,,0,0,0,6.23256
1613791392473,6,1010123456027,72,,1,0,6,1,2,,13.8866,714,183916,0.644337,207,0,7,,0,0,0,0,0,0,0,0,0,,750,657,,0,0,0,0
1613791392723,6,1010123456027,72,,1,0,6,1,2,,11.3088,735,183177,0.463488,214,0,6.66667,,0,0,0,0,0,0,0,0,0,,750,684,,0,0,0,0
1613791392973,6,1010123456027,72,,1,0,6,1,2,,11.9477,746,184201,0.501696,216,0,7,,0,0,0,0,0,0,0,0,0,,750,678,,0,0,0,0
1613791393223,6,1010123456027,72,,1,0,6,1,2,,11.0362,746,183836,0.456288,215,0,6.14286,,14.1,10,0,0.1,3,0,0,30.1996,31,,750,681,,0,0,0,1
1613791393473,6,1010123456027,72,,1,0,6,1,2,,10.894,755,183247,0.456129,219,0,7,,0,0,0,0,0,0,0,0,0,,750,693,,0,0,0,0
1613791393723,6,1010123456027,72,,1,0,6,1,2,,10.9683,695,183735,0.419744,199,0,6.5,,0,0,0,0,0,0,0,0,0,,750,636,,0,0,0,0
1613791393973,6,1010123456027,72,,1,0,6,1,2,,11.2757,671,184312,0.426144,197,0,6.66667,,0,0,0,0,0,0,0,0,0,,750,627,,0,0,0,0
1613791394223,6,1010123456027,72,,1,0,6,1,2,,11.0743,686,183281,0.420096,198,0,6.71429,,15,15,0,0,4,100,0,1.88598,0,,750,627,,0,0,0,10
1613791394473,6,1010123456027,72,,1,0,6,1,2,,12.285,793,184140,0.54912,226,0,7.16667,,8.01887,53,0,0.1,16,81.25,0,10.4634,31,,750,720,,0,0,0,7.96226
1613791394723,6,1010123456027,72,,1,0,6,1,2,,11.1901,726,183479,0.463068,211,0,6.66667,,5.19231,26,0,0.1,8,62.5,0,6.0518,31,,750,660,,0,0,0,6.19231
1613791394973,6,1010123456027,72,,1,0,6,1,2,,11.9658,790,183865,0.519744,224,0,7,,0,0,0,0,0,0,0,0,0,,750,714,,0,0,0,0
1613791395223,6,1010123456027,72,,1,0,6,1,2,,11.7159,778,183435,0.500416,222,0,6.85714,,3.76471,51,0,0.1,15,46.6667,0,2.91575,31,,750,717,,0,0,0,5.11765
1613791395473,6,1010123456027,72,,1,0,6,1,2,,12.2725,712,184500,0.496193,204,0,7.16667,,0,0,0,0,0,0,0,0,0,,750,636,,0,0,0,0
1613791395723,6,1010123456027,72,,1,0,6,1,2,,11.7175,754,184304,0.494432,219,0,6.83333,,0,0,0,0,0,0,0,0,0,,750,696,,0,0,0,0
1613791395973,6,1010123456027,72,,1,0,6,1,2,,11.6504,738,183257,0.481863,214,0,6.83333,,0,0,0,0,0,0,0,0,0,,750,669,,0,0,0,0
1613791396223,6,1010123456027,72,,1,0,6,1,2,,12.3099,726,184027,0.49904,205,0,7.14286,,7.22581,31,0,0.1,9,44.4444,0,6.41302,31,,750,666,,0,0,0,5.64516
1613791396473,6,1010123456027,72,,1,0,6,1,2,,11.7084,734,184271,0.477568,212,0,6.83333,,0,0,0,0,0,0,0,0,0,,750,672,,0,0,0,0
1613791396723,6,1010123456027,72,,1,0,6,1,2,,11.9651,802,184154,0.537376,231,0,7,,0,0,0,0,0,0,0,0,0,,750,735,,0,0,0,0
1613791396973,6,1010123456027,72,,1,0,6,1,2,,13.6187,771,183497,0.644032,222,0,7.66667,,0,0,0,0,0,0,0,0,0,,750,708,,0,0,0,0
1613791397223,6,1010123456027,72,,1,0,6,1,2,,10.3911,762,183502,0.446843,223,0,6.42857,,6.98182,55,0,0.1,16,68.75,0,4.54147,31,,750,699,,0,0,0,7.49091
1613791397473,6,1010123456027,72,,1,0,6,1,2,,11.238,790,183550,0.482795,222,0,6.66667,,0,0,0,0,0,0,0,0,0,,750,714,,0,0,0,0
1613791397723,6,1010123456027,72,,1,0,6,1,2,,11.9304,762,184479,0.504448,218,0,7,,0,0,0,0,0,0,0,0,0,,750,693,,0,0,0,0
1613791397973,6,1010123456027,72,,1,0,6,1,2,,11.6423,766,184200,0.4951,220,0,6.83333,,0,0,0,0,0,0,0,0,0,,750,699,,0,0,0,0
1613791398223,6,1010123456027,72,,1,0,6,1,2,,11.9347,796,184210,0.537792,232,0,7,,0.1,25,0,0.1,7,0,0,2.10988,31,,750,729,,0,0,0,1.48
1613791398473,6,1010123456027,72,,1,0,6,1,2,,11.9526,759,183509,0.504032,217,0,7,,0,0,0,0,0,0,0,0,0,,750,696,,0,0,0,0
1613791398723,6,1010123456027,72,,1,0,6,1,2,,11.5463,745,183706,0.492768,218,0,6.6,,0,0,0,0,0,0,0,0,0,,750,693,,0,0,0,0
1613791398973,6,1010123456027,72,,1,0,6,1,2,,11.5066,762,183636,0.48,219,0,6.83333,,0,0,0,0,0,0,0,0,0,,750,702,,0,0,0,0
1613791399223,6,1010123456027,72,,1,0,6,1,2,,10.9468,696,184351,0.417664,197,0,6.28571,,0,0,0,0,0,0,0,0,0,,750,633,,0,0,0,0
1613791399473,6,1010123456027,72,,1,0,6,1,2,,11.3131,776,184507,0.48128,222,0,7,,0,3,0,0.1,1,0,0,0,31,,750,696,,0,0,0,0
1613791399723,6,1010123456027,72,,1,0,6,1,2,,11.654,711,183683,0.462176,203,0,6.83333,,7.46667,30,0,0.1,8,50,0,5.60537,0,,750,651,,0,0,0,5.8
1613791399973,6,1010123456027,72,,1,0,6,1,2,,11.2599,658,184488,0.408512,188,0,6.66667,,0,0,0,0,0,0,0,0,0,,750,597,,0,0,0,0
1613791400223,6,1010123456027,72,,1,0,6,1,2,,10.8266,738,183200,0.434944,212,0,6.42857,,0.1,36,0,0.1,10,10,0,5.80552,31,,750,669,,0,0,0,1.97222
1613791400473,6,1010123456027,72,,1,0,6,1,2,,11.7298,781,184275,0.500128,221,0,6.83333,,0,0,0,0,0,0,0,0,0,,750,702,,0,0,0,0
1613791400723,6,1010123456027,72,,1,0,6,1,2,,11.9605,759,183988,0.496996,213,0,7,,0,0,0,0,0,0,0,0,0,,750,678,,0,0,0,0
1613791400973,6,1010123456027,72,,1,0,6,1,2,,11.1617,711,183995,0.434924,201,0,6.6,,0,0,0,0,0,0,0,0,0,,750,651,,0,0,0,0
1613791401223,6,1010123456027,72,,1,0,6,1,2,,11.9696,789,184075,0.53536,230,0,7,,0.1,25,0,0.1,7,0,0,1.8183,31,,750,726,,0,0,0,1.32
1613791401473,6,1010123456027,72,,1,0,6,1,2,,11.5254,708,183862,0.447068,201,0,6.83333,,0,0,0,0,0,0,0,0,0,,750,639,,0,0,0,0
1613791401723,6,1010123456027,72,,1,0,6,1,2,,11.7089,773,183673,0.489664,218,0,6.83333,,0,0,0,0,0,0,0,0,0,,750,690,,0,0,0,0
1613791401973,6,1010123456027,72,,1,0,6,1,2,,11.7379,786,183143,0.50144,222,0,6.83333,,0,0,0,0,0,0,0,0,0,,750,717,,0,0,0,0
1613791402223,6,1010123456027,72,,1,0,6,1,2,,13.1835,665,184208,0.545824,195,0,7.14286,,4.85417,48,0,0.1,14,42.8571,0,8.76135,31,,750,615,,0,0,0,5.29167
1613791402473,6,1010123456027,72,,1,0,6,1,2,,11.7952,757,183906,0.491424,215,0,7,,0,0,0,0,0,0,0,0,0,,750,693,,0,0,0,0
1613791402723,6,1010123456027,72,,1,0,6,1,2,,11.3959,730,183294,0.461216,211,0,6.66667,,0,0,0,0,0,0,0,0,0,,750,672,,0,0,0,0
1613791402973,6,1010123456027,72,,1,0,6,1,2,,11.9633,762,183936,0.514016,221,0,7,,0,0,0,0,0,0,0,0,0,,750,696,,0,0,0,0
1613791403223,6,1010123456027,72,,1,0,6,1,2,,11.9535,623,184448,0.425446,182,0,7,,2.7,20,0,0.1,6,16.6667,0,5.18338,31,,750,570,,0,0,0,2.8
1613791403473,6,1010123456027,72,,1,0,6,1,2,,12.2866,799,183812,0.546442,224,0,7.16667,,0,0,0,0,0,0,0,0,0,,750,723,,0,0,0,0
1613791403723,6,1010123456027,72,,1,0,6,1,2,,11.2465,779,183727,0.492064,226,0,6.66667,,0,0,0,0,0,0,0,0,0,,750,723,,0,0,0,0
1613791403973,6,1010123456027,72,,1,0,6,1,2,,11.557,781,184299,0.512352,225,0,6.83333,,0,0,0,0,0,0,0,0,0,,750,720,,0,0,0,0
1613791404223,6,1010123456027,72,,1,0,6,1,2,,11.3007,755,184490,0.48096,218,0,6.71429,,0,0,0,0,0,0,0,0,0,,750,696,,0,0,0,0
1613791404473,6,1010123456027,72,,1,0,6,1,2,,11.6275,757,184280,0.4944,220,0,6.83333,,15.8696,23,0,0.1,6,66.6667,0,14.8742,31,,750,708,,0,0,0,7.26087
1613791404723,6,1010123456027,72,,1,0,6,1,2,,11.951,776,183608,0.512416,221,0,7,,0,0,0,0,0,0,0,0,0,,750,699,,0,0,0,0
1613791404973,6,1010123456027,72,,1,0,6,1,2,,11.9413,749,183224,0.491072,212,0,7,,0,0,0,0,0,0,0,0,0,,750,681,,0,0,0,0
1613791405223,6,1010123456027,72,,1,0,6,1,2,,11.9425,765,183865,0.514112,222,0,7,,15.9176,85,0,0.1,27,88.8889,0,4.07129,31,,750,705,,0,0,0,8.94118
1613791405473,6,1010123456027,72,,1,0,6,1,2,,11.7929,816,184126,0.522944,230,0,6.83333,,0,0,0,0,0,0,0,0,0,,750,738,,0,0,0,0
1613791405723,6,1010123456027,72,,1,0,6,1,2,,11.9799,798,184472,0.531328,228,0,7,,0,0,0,0,0,0,0,0,0,,750,717,,0,0,0,0
1613791405975,6,1010123456027,72,,1,0,6,1,2,,10.9079,717,184569,0.424829,204,0,6.5,,0,0,0,0,0,0,0,0,0,,756,654,,0,0,0,0
1613791406223,6,1010123456027,72,,1,0,6,1,2,,11.8274,753,184366,0.500806,215,0,6.85714,,7.27273,33,0,0.1,9,44.4444,0,5.49025,31,,744,678,,0,0,0,6.06061
1613791406473,6,1010123456027,72,,1,0,6,1,2,,11.3022,781,184565,0.477792,223,0,6.66667,,0,0,0,0,0,0,0,0,0,,750,705,,0,0,0,0
1613791406723,6,1010123456027,72,,1,0,6,1,2,,9.86508,756,184357,0.400512,213,0,6,,0,0,0,0,0,0,0,0,0,,750,681,,0,0,0,0
1613791406973,6,1010123456027,72,,1,0,6,1,2,,11.9812,798,184565,0.52845,226,0,7,,0,0,0,0,0,0,0,0,0,,750,711,,0,0,0,0
1613791407224,6,1010123456027,72,,1,0,6,1,2,,12.6834,755,184282,0.530496,216,0,7.42857,,13.5,24,0,0.1,7,57.1429,0,11.147,31,,753,693,,0,0,0,5.875
1613791407473,6,1010123456027,72,,1,0,6,1,2,,12.7855,746,183901,0.554763,211,0,6.83333,,16,41,0,0.245205,14,71.4286,0,6.28877,0,,747,663,,0,0,0,6.92683
1613791407723,6,1010123456027,72,,1,0,6,1,2,,10.2914,755,184566,0.429152,215,0,6,,0,0,0,0,0,0,0,0,0,,750,684,,0,0,0,0
1613791407973,6,1010123456027,72,,1,0,6,1,2,,10.8652,742,183186,0.42672,207,0,6.66667,,0,0,0,0,0,0,0,0,0,,750,660,,0,0,0,0
1613791408223,6,1010123456027,72,,1,0,6,1,2,,11.0639,720,183297,0.43728,205,0,6.71429,,0.1,73,0,0.1,21,38.0952,0,2.65676,31,,750,657,,0,0,0,5.08219
1613791408473,6,1010123456027,72,,1,0,6,1,2,,12.0152,725,183245,0.488546,206,0,7,,0,0,0,0,0,0,0,0,0,,753,648,,0,0,0,0
1613791408723,6,1010123456027,72,,1,0,6,1,2,,11.539,770,183459,0.48559,220,0,6.66667,,0,0,0,0,0,0,0,0,0,,747,690,,0,0,0,0
1613791408973,6,1010123456027,72,,1,0,6,1,2,,11.9614,752,184464,0.494329,212,0,7,,0,0,0,0,0,0,0,0,0,,750,687,,0,0,0,0
1613791409223,6,1010123456027,72,,1,0,6,1,2,,11.9912,796,183279,0.529414,226,0,7,,6.78788,33,0,0.1,9,44.4444,0,6.1538,31,,750,717,,0,0,0,5.36364
1613791409473,6,1010123456027,72,,1,0,6,1,2,,11.9535,796,183626,0.521831,224,0,7,,0,0,0,0,0,0,0,0,0,,750,723,,0,0,0,0
1613791409723,6,1010123456027,72,,1,0,6,1,2,,11.7038,763,183610,0.495068,219,0,6.83333,,0,0,0,0,0,0,0,0,0,,750,690,,0,0,0,0
1613791409973,6,1010123456027,72,,1,0,6,1,2,,10.5787,705,183344,0.396704,199,0,6.16667,,0,0,0,0,0,0,0,0,0,,750,648,,0,0,0,0
1613791410223,6,1010123456027,72,,1,0,6,1,2,,11,698,183717,0.43024,204,0,6.57143,,6,30,0,0.1,9,44.4444,0,7.82272,31,,750,648,,0,0,0,4.6
1613791410473,6,1010123456027,72,,1,0,6,1,2,,11.7471,779,184467,0.514112,228,0,6.83333,,0,0,0,0,0,0,0,0,0,,750,711,,0,0,0,0
1613791410723,6,1010123456027,72,,1,0,6,1,2,,10.9715,772,183514,0.465376,219,0,6.5,,0,0,0,0,0,0,0,0,0,,750,708,,0,0,0,0
1613791410973,6,1010123456027,72,,1,0,6,1,2,,11.0278,755,184303,0.456675,216,0,6.66667,,0,0,0,0,0,0,0,0,0,,750,687,,0,0,0,0
1613791411223,6,1010123456027,72,,1,0,6,1,2,,11.921,671,184162,0.448161,193,0,7,,0.1,24,0,0.1,7,0,0,4.97041,31,,750,612,,0,0,0,1.5
1613791411473,6,1010123456027,72,,1,0,6,1,2,,11.2493,746,183672,0.465831,214,0,6.33333,,0,0,0,0,0,0,0,0,0,,750,672,,0,0,0,0
1613791411723,6,1010123456027,72,,1,0,6,1,2,,11.1443,686,184285,0.415008,192,0,6.66667,,0,0,0,0,0,0,0,0,0,,750,618,,0,0,0,0
1613791411973,6,1010123456027,72,,1,0,6,1,2,,10.3563,682,184574,0.371072,192,0,6.33333,,0,0,0,0,0,0,0,0,0,,750,612,,0,0,0,0
1613791412223,6,1010123456027,72,,1,0,6,1,2,,10.9672,732,184383,0.448,213,0,6.57143,,7.27273,33,0,0.1,9,44.4444,0,6.82828,31,,750,678,,0,0,0,5.36364
1613791412473,6,1010123456027,72,,1,0,6,1,2,,11.952,750,184185,0.493687,212,0,7,,0,0,0,0,0,0,0,0,0,,750,666,,0,0,0,0
1613791412723,6,1010123456027,72,,1,0,6,1,2,,12.2898,811,183484,0.555808,229,0,7.16667,,0,0,0,0,0,0,0,0,0,,750,726,,0,0,0,0
1613791412973,6,1010123456027,72,,1,0,6,1,2,,11.7317,753,183621,0.480707,212,0,6.83333,,0,0,0,0,0,0,0,0,0,,750,678,,0,0,0,0
1613791413223,6,1010123456027,72,,1,0,6,1,2,,11.954,805,183760,0.531104,229,0,7,,7.45455,33,0,0.1,9,44.4444,0,5.60719,31,,750,726,,0,0,0,5.63636
1613791413473,6,1010123456027,72,,1,0,6,1,2,,11.8548,806,184068,0.526976,228,0,6.83333,,0,0,0,0,0,0,0,0,0,,750,729,,0,0,0,0
1613791413723,6,1010123456027,72,,1,0,6,1,2,,10.8155,759,183735,0.451438,218,0,6.5,,0,0,0,0,0,0,0,0,0,,750,696,,0,0,0,0
1613791413973,6,1010123456027,72,,1,0,6,1,2,,10.8163,713,184100,0.427904,208,0,6.5,,0,0,0,0,0,0,0,0,0,,750,654,,0,0,0,0
1613791414223,6,1010123456027,72,,1,0,6,1,2,,11.7735,777,183420,0.507968,224,0,6.85714,,11.25,16,120,0.1,5,80,0,6.21676,31,,750,720,,0,0,0,7.75
1613791414473,6,1010123456027,72,,1,0,6,1,2,,11.0556,737,184504,0.448224,210,0,6.66667,,0.1,13,0,0.1,4,0,0,13.8554,0,,750,669,,0,0,0,1
1613791414723,6,1010123456027,72,,1,0,6,1,2,,9.66055,763,183965,0.413398,218,0,6,,0,0,0,0,0,0,0,0,0,,750,693,,0,0,0,0
1613791414973,6,1010123456027,72,,1,0,6,1,2,,11.5388,774,184027,0.491052,222,0,6.8,,0,0,0,0,0,0,0,0,0,,750,699,,0,0,0,0
1613791415223,6,1010123456027,72,,1,0,6,1,2,,14.1921,760,183776,0.670112,217,0,7.57143,,0.1,35,0,0.1,11,36.3636,0,2.09668,31,,750,702,,0,0,0,4.34286
1613791415473,6,1010123456027,72,,1,0,6,1,2,,10.9579,736,183676,0.446008,210,0,6.66667,,0,0,0,0,0,0,0,0,0,,750,675,,0,0,0,0
1613791415723,6,1010123456027,72,,1,0,6,1,2,,10.7853,750,183393,0.459488,217,0,6.33333,,0,0,0,0,0,0,0,0,0,,750,690,,0,0,0,0
1613791415973,6,1010123456027,72,,1,0,6,1,2,,11.7465,785,183952,0.506699,225,0,7,,0,0,0,0,0,0,0,0,0,,750,717,,0,0,0,0
1613791416223,6,1010123456027,72,,1,0,6,1,2,,10.762,710,183324,0.419456,203,0,6.5,,12.6316,19,120,0.1,5,80,0,4.78039,31,,750,651,,0,0,0,8.57895
1613791416473,6,1010123456027,72,,1,0,6,1,2,,11.7062,691,184253,0.461012,201,0,6.66667,,0.1,14,0,0.1,4,0,0,8.60022,0,,750,633,,0,0,0,3.14286
1613791416723,6,1010123456027,72,,1,0,6,1,2,,11.4095,735,183415,0.459104,210,0,7,,0,0,0,0,0,0,0,0,0,,750,663,,0,0,0,0
1613791416973,6,1010123456027,72,,1,0,6,1,2,,10.876,766,184415,0.451213,218,0,6.4,,0,0,0,0,0,0,0,0,0,,750,702,,0,0,0,0
1613791417223,6,1010123456027,72,,1,0,6,1,2,,11.6279,782,183801,0.515084,228,0,6.85714,,0.1,35,0,0.1,10,10,0,3.99587,31,,750,714,,0,0,0,2.28571
1613791417473,6,1010123456027,72,,1,0,6,1,2,,10.4897,678,183529,0.400704,196,0,6.33333,,0,0,0,0,0,0,0,0,0,,750,627,,0,0,0,0
1613791417723,6,1010123456027,72,,1,0,6,1,2,,11.8023,693,183149,0.445568,196,0,7,,0,0,0,0,0,0,0,0,0,,750,627,,0,0,0,0
1613791417973,6,1010123456027,72,,1,0,6,1,2,,11.9629,808,184630,0.529728,228,0,7,,0,0,0,0,0,0,0,0,0,,750,735,,0,0,0,0
1613791418223,6,1010123456027,72,,1,0,6,1,2,,11.573,747,183774,0.471776,213,0,6.71429,,1.8,25,0,0.1,7,0,0,10.7676,31,,750,678,,0,0,0,1
1613791418473,6,1010123456027,72,,1,0,6,1,2,,11.5183,710,183365,0.454176,203,0,6.66667,,0,0,0,0,0,0,0,0,0,,750,645,,0,0,0,0
1613791418723,6,1010123456027,72,,1,0,6,1,2,,11.7936,717,183559,0.47984,209,0,7,,0,0,0,0,0,0,0,0,0,,750,654,,0,0,0,0
1613791418973,6,1010123456027,72,,1,0,6,1,2,,11.9588,776,184150,0.506688,218,0,7,,0,0,0,0,0,0,0,0,0,,750,702,,0,0,0,0
1613791419223,6,1010123456027,72,,1,0,6,1,2,,11.2469,652,183629,0.412992,190,0,6.71429,,5.71429,42,0,0.1,12,66.6667,0,5.65256,31,,750,603,,0,0,0,7
1613791419473,6,1010123456027,72,,1,0,6,1,2,,11.1037,704,183783,0.425024,199,0,6.66667,,0,0,0,0,0,0,0,0,0,,750,642,,0,0,0,0
1613791419723,6,1010123456027,72,,1,0,6,1,2,,11.8889,684,183277,0.46176,200,0,7,,0,0,0,0,0,0,0,0,0,,750,636,,0,0,0,0
1613791419973,6,1010123456027,72,,1,0,6,1,2,,10.5693,599,184287,0.359614,175,0,6,,0,0,0,0,0,0,0,0,0,,750,552,,0,0,0,0
1613791420223,6,1010123456027,72,,1,0,6,1,2,,11.9435,761,183468,0.507438,218,0,7,,10.5,16,120,0.1,5,80,0,6.18652,31,,750,708,,0,0,0,7.75
1613791420473,6,1010123456027,72,,1,0,6,1,2,,12.0662,786,183337,0.53947,227,0,7,,0.1,23,0,0.1,7,57.1429,0,5.5992,0,,750,723,,0,0,0,5.69565
1613791420723,6,1010123456027,72,,1,0,6,1,2,,11.4422,735,183828,0.47712,212,0,6.66667,,0,0,0,0,0,0,0,0,0,,750,675,,0,0,0,0
1613791420973,6,1010123456027,72,,1,0,6,1,2,,10.6634,615,183104,0.35849,178,0,6.66667,,0,0,0,0,0,0,0,0,0,,750,564,,0,0,0,0
1613791421223,6,1010123456027,72,,1,0,6,1,2,,11.6491,701,183931,0.462528,206,0,6.85714,,4.12308,65,0,0.1,19,42.1053,0,7.22628,31,,750,660,,0,0,0,4.6
1613791421473,6,1010123456027,72,,1,0,6,1,2,,11.8418,771,184590,0.509792,221,0,6.83333,,0,0,0,0,0,0,0,0,0,,750,711,,0,0,0,0
1613791421723,6,1010123456027,72,,1,0,6,1,2,,11.477,717,184108,0.4536,207,0,6.83333,,0,0,0,0,0,0,0,0,0,,750,648,,0,0,0,0
1613791421973,6,1010123456027,72,,1,0,6,1,2,,10.9418,756,183465,0.46688,218,0,6.5,,0,0,0,0,0,0,0,0,0,,750,693,,0,0,0,0
1613791422223,6,1010123456027,72,,1,0,6,1,2,,10.7549,718,183843,0.423616,209,0,6.57143,,0,0,0,0,0,0,0,0,0,,750,663,,0,0,0,0
1613791422473,6,1010123456027,72,,1,0,6,1,2,,11.27,774,183683,0.486912,221,0,6.66667,,0.1,28,0,0.1,8,0,0,5.50036,31,,750,708,,0,0,0,1.10714
1613791422723,6,1010123456027,72,,1,0,6,1,2,,11.8129,791,184051,0.52896,230,0,6.8,,0,0,0,0,0,0,0,0,0,,750,729,,0,0,0,0
1613791422973,6,1010123456027,72,,1,0,6,1,2,,12.1581,778,183864,0.53343,223,0,7.16667,,0,0,0,0,0,0,0,0,0,,750,708,,0,0,0,0
1613791423223,6,1010123456027,72,,1,0,6,1,2,,11.78,741,183872,0.489992,215,0,6.85714,,2.66667,24,0,0.1,7,0,0,8.86478,31,,750,687,,0,0,0,1.05556
1613791423473,6,1010123456027,72,,1,0,6,1,2,,11.4507,741,184416,0.465568,213,0,6.8,,0,0,0,0,0,0,0,0,0,,750,681,,0,0,0,0
1613791423723,6,1010123456027,72,,1,0,6,1,2,,11.0819,757,183499,0.4768,222,0,6.66667,,0,0,0,0,0,0,0,0,0,,750,705,,0,0,0,0
1613791423974,6,1010123456027,72,,1,0,6,1,2,,11.7283,714,183996,0.46894,207,0,6.83333,,0,0,0,0,0,0,0,0,0,,750,648,,0,0,0,0
1613791424223,6,1010123456027,72,,1,0,6,1,2,,11.8814,759,183587,0.498635,216,0,6.85714,,8.18182,33,0,0.1,9,44.4444,0,5.78688,31,,750,693,,0,0,0,5.48485
1613791424473,6,1010123456027,72,,1,0,6,1,2,,11.4568,729,184298,0.460145,210,0,6.83333,,0,0,0,0,0,0,0,0,0,,750,675,,0,0,0,0
1613791424723,6,1010123456027,72,,1,0,6,1,2,,10.3141,710,183806,0.408448,204,0,6.16667,,0,0,0,0,0,0,0,0,0,,750,654,,0,0,0,0
1613791424974,6,1010123456027,72,,1,0,6,1,2,,11.2691,773,183989,0.47694,224,0,6.6,,0,0,0,0,0,0,0,0,0,,750,717,,0,0,0,0
1613791425223,6,1010123456027,72,,1,0,6,1,2,,11.922,744,183575,0.503486,217,0,7,,0.1,32,0,0.1,9,22.2222,0,1.84747,31,,750,693,,0,0,0,3.21875
1613791425473,6,1010123456027,72,,1,0,6,1,2,,11.6738,791,184518,0.504288,223,0,6.66667,,0,0,0,0,0,0,0,0,0,,750,705,,0,0,0,0
1613791425724,6,1010123456027,72,,1,0,6,1,2,,11.5305,754,183307,0.47761,219,0,6.83333,,0,0,0,0,0,0,0,0,0,,750,690,,0,0,0,0
1613791425973,6,1010123456027,72,,1,0,6,1,2,,11.5477,776,184491,0.492145,222,0,6.66667,,0,0,0,0,0,0,0,0,0,,750,714,,0,0,0,0
1613791426223,6,1010123456027,72,,1,0,6,1,2,,11.751,775,183861,0.517044,227,0,6.71429,,7.18868,53,0,0.1,16,43.75,0,7.8345,31,,750,723,,0,0,0,5.28302
1613791426473,6,1010123456027,72,,1,0,6,1,2,,11.5392,766,183636,0.489024,222,0,6.66667,,0,0,0,0,0,0,0,0,0,,750,714,,0,0,0,0
1613791426723,6,1010123456027,72,,1,0,6,1,2,,11.342,769,184148,0.471616,220,0,6.66667,,0,0,0,0,0,0,0,0,0,,750,696,,0,0,0,0
1613791426973,6,1010123456027,72,,1,0,6,1,2,,10.7989,706,183427,0.415712,201,0,6.5,,0,0,0,0,0,0,0,0,0,,750,645,,0,0,0,0
1613791427223,6,1010123456027,72,,1,0,6,1,2,,10.8789,710,183536,0.433152,204,0,6.42857,,6,30,0,0.1,9,44.4444,0,7.80774,31,,750,651,,0,0,0,4.6
1613791427473,6,1010123456027,72,,1,0,6,1,2,,11.3221,742,184157,0.462656,212,0,6.66667,,0,0,0,0,0,0,0,0,0,,750,669,,0,0,0,0
1613791427723,6,1010123456027,72,,1,0,6,1,2,,11.9364,708,184451,0.479712,207,0,7,,0,0,0,0,0,0,0,0,0,,750,651,,0,0,0,0
1613791427973,6,1010123456027,72,,1,0,6,1,2,,10.2922,657,183281,0.372736,188,0,6.16667,,0,0,0,0,0,0,0,0,0,,750,591,,0,0,0,0
1613791428223,6,1010123456027,72,,1,0,6,1,2,,10.1085,710,184629,0.405044,207,0,6.28571,,0,0,0,0,0,0,0,0,0,,750,660,,0,0,0,0
1613791428473,6,1010123456027,72,,1,0,6,1,2,,11.9511,757,184086,0.509783,219,0,7,,4.14815,54,0,0.1,15,80,0,3.41069,31,,750,696,,0,0,0,8.33333
1613791428723,6,1010123456027,72,,1,0,6,1,2,,10.2153,771,184525,0.423422,217,0,6.16667,,0,0,0,0,0,0,0,0,0,,750,690,,0,0,0,0
1613791428973,6,1010123456027,72,,1,0,6,1,2,,11.9571,769,183616,0.518048,223,0,7,,0,0,0,0,0,0,0,0,0,,750,708,,0,0,0,0
1613791429223,6,1010123456027,72,,1,0,6,1,2,,11.5557,709,184334,0.459552,207,0,6.85714,,1.67677,99,0,0.1,29,37.931,0,7.17323,31,,750,663,,0,0,0,4.74747
1613791429473,6,1010123456027,72,,1,0,6,1,2,,11.9622,768,183702,0.504032,217,0,7,,0,0,0,0,0,0,0,0,0,,750,693,,0,0,0,0
1613791429723,6,1010123456027,72,,1,0,6,1,2,,10.4323,775,183507,0.457888,224,0,6.16667,,0,0,0,0,0,0,0,0,0,,750,702,,0,0,0,0
1613791429973,6,1010123456027,72,,1,0,6,1,2,,10.9238,682,184071,0.417574,199,0,6.5,,0,0,0,0,0,0,0,0,0,,750,636,,0,0,0,0
1613791430223,6,1010123456027,72,,1,0,6,1,2,,11.408,750,183171,0.466432,214,0,6.66667,,0.1,27,0,0.1,8,0,0,4.55989,31,,750,690,,0,0,0,1.51852
1613791430473,6,1010123456027,72,,1,0,6,1,2,,11.9754,771,183580,0.52212,221,0,6.83333,,0,0,0,0,0,0,0,0,0,,750,711,,0,0,0,0
1613791430723,6,1010123456027,72,,1,0,6,1,2,,11.5394,736,184411,0.456964,207,0,6.83333,,0,0,0,0,0,0,0,0,0,,750,663,,0,0,0,0
1613791430973,6,1010123456027,72,,1,0,6,1,2,,11.1144,778,183428,0.4809,221,0,6.5,,0,0,0,0,0,0,0,0,0,,750,705,,0,0,0,0
1613791431223,6,1010123456027,72,,1,0,6,1,2,,11.7332,746,183618,0.474474,213,0,6.85714,,3.5,36,0,0.1,11,27.2727,0,5.58137,31,,750,681,,0,0,0,3.44444
1613791431473,6,1010123456027,72,,1,0,6,1,2,,10.3794,738,184640,0.410859,210,0,6,,0,0,0,0,0,0,0,0,0,,750,666,,0,0,0,0
1613791431723,6,1010123456027,72,,1,0,6,1,2,,10.6217,793,184190,0.457542,229,0,6.33333,,0,0,0,0,0,0,0,0,0,,750,723,,0,0,0,0
1613791431973,6,1010123456027,72,,1,0,6,1,2,,11.8873,639,184313,0.43653,189,0,7,,0,0,0,0,0,0,0,0,0,,750,591,,0,0,0,0
1613791432223,6,1010123456027,72,,1,0,6,1,2,,11.7136,775,183921,0.498699,220,0,6.85714,,0,12,0,0,4,100,0,0,0,,750,717,,0,0,0,0
1613791432473,6,1010123456027,72,,1,0,6,1,2,,10.8329,742,183804,0.443424,213,0,6.5,,3.85714,7,0,0.1,2,0,0,19.4612,31,,750,675,,0,0,0,1
1613791432723,6,1010123456027,72,,1,0,6,1,2,,12.2606,752,183864,0.529928,218,0,7.16667,,0,0,0,0,0,0,0,0,0,,750,699,,0,0,0,0
1613791432973,6,1010123456027,72,,1,0,6,1,2,,11.7053,750,183739,0.48768,216,0,6.83333,,0,0,0,0,0,0,0,0,0,,750,693,,0,0,0,0
1613791433223,6,1010123456027,72,,1,0,6,1,2,,11.7402,762,183391,0.504864,223,0,6.85714,,7.75862,29,0,0.1,9,44.4444,0,8.50929,31,,750,702,,0,0,0,4.41379
1613791433473,6,1010123456027,72,,1,0,6,1,2,,11.5385,767,183417,0.480161,217,0,6.66667,,0,0,0,0,0,0,0,0,0,,750,696,,0,0,0,0
1613791433723,6,1010123456027,72,,1,0,6,1,2,,11.4524,736,184272,0.459968,210,0,6.66667,,0,0,0,0,0,0,0,0,0,,750,660,,0,0,0,0
1613791433973,6,1010123456027,72,,1,0,6,1,2,,11.9815,809,184204,0.533344,229,0,7,,0,0,0,0,0,0,0,0,0,,750,735,,0,0,0,0
1613791434223,6,1010123456027,72,,1,0,6,1,2,,11.7593,781,183479,0.517184,228,0,6.85714,,5.6,30,0,0.1,9,44.4444,0,7.57824,31,,750,720,,0,0,0,4.7
1613791434473,6,1010123456027,72,,1,0,6,1,2,,11.5761,710,184354,0.449472,202,0,6.83333,,0,0,0,0,0,0,0,0,0,,750,648,,0,0,0,0
1613791434723,6,1010123456027,72,,1,0,6,1,2,,12.1058,737,183735,0.509056,216,0,7.16667,,0,0,0,0,0,0,0,0,0,,750,678,,0,0,0,0
1613791434973,6,1010123456027,72,,1,0,6,1,2,,11.9045,754,183186,0.504704,216,0,6.83333,,0,0,0,0,0,0,0,0,0,,750,690,,0,0,0,0
1613791435223,6,1010123456027,72,,1,0,6,1,2,,11.2199,782,183530,0.473408,224,0,6.66667,,6.78788,33,0,0.1,9,44.4444,0,6.07922,31,,750,723,,0,0,0,5.36364
1613791435473,6,1010123456027,72,,1,0,6,1,2,,11.6277,728,183962,0.475534,211,0,6.83333,,0,0,0,0,0,0,0,0,0,,750,666,,0,0,0,0
1613791435723,6,1010123456027,72,,1,0,6,1,2,,10.9298,726,183689,0.445568,208,0,6.33333,,0,0,0,0,0,0,0,0,0,,750,669,,0,0,0,0
1613791435973,6,1010123456027,72,,1,0,6,1,2,,11.7304,716,184135,0.474892,207,0,6.83333,,0,0,0,0,0,0,0,0,0,,750,654,,0,0,0,0
1613791436223,6,1010123456027,72,,1,0,6,1,2,,11.414,744,183244,0.471004,214,0,6.66667,,5.45455,33,0,0.1,10,40,0,8.67013,31,,750,693,,0,0,0,4.51515
1613791436473,6,1010123456027,72,,1,0,6,1,2,,11.6976,721,183823,0.462816,207,0,7,,0,0,0,0,0,0,0,0,0,,750,660,,0,0,0,0
1613791436723,6,1010123456027,72,,1,0,6,1,2,,13.2471,692,183954,0.586016,202,0,7.5,,0,0,0,0,0,0,0,0,0,,750,630,,0,0,0,0
1613791436973,6,1010123456027,72,,1,0,6,1,2,,11.5774,717,183491,0.438458,197,0,7,,0,0,0,0,0,0,0,0,0,,750,645,,0,0,0,0
1613791437223,6,1010123456027,72,,1,0,6,1,2,,10.8442,783,184260,0.46672,224,0,6.57143,,0,12,0,0,4,100,0,0,0,,750,711,,0,0,0,0
1613791437473,6,1010123456027,72,,1,0,6,1,2,,11.9763,803,184409,0.52368,225,0,7,,5.53846,26,0,0.1,7,57.1429,0,4.21896,31,,750,726,,0,0,0,6.65385
1613791437723,6,1010123456027,72,,1,0,6,1,2,,11.7507,754,184612,0.485856,215,0,6.83333,,0,0,0,0,0,0,0,0,0,,750,675,,0,0,0,0
1613791437973,6,1010123456027,72,,1,0,6,1,2,,11.3877,748,183616,0.464608,211,0,6.66667,,0,0,0,0,0,0,0,0,0,,750,675,,0,0,0,0
1613791438223,6,1010123456027,72,,1,0,6,1,2,,13.5007,759,183819,0.672224,227,0,7.42857,,15.2472,89,0,0.121856,29,86.2069,0,4.64526,31,,750,711,,0,0,0,8.87079
1613791438473,6,1010123456027,72,,1,0,6,1,2,,10.3442,735,184523,0.4231,209,0,5.8,,0,0,0,0,0,0,0,0,0,,750,663,,0,0,0,0
1613791438723,6,1010123456027,72,,1,0,6,1,2,,10.339,708,184170,0.395438,199,0,6.33333,,0,0,0,0,0,0,0,0,0,,750,645,,0,0,0,0
1613791438973,6,1010123456027,72,,1,0,6,1,2,,11.9484,737,184179,0.482368,208,0,7,,0,0,0,0,0,0,0,0,0,,750,663,,0,0,0,0
1613791439223,6,1010123456027,72,,1,0,6,1,2,,11.7012,743,184289,0.486784,216,0,6.85714,,0,0,0,0,0,0,0,0,0,,750,678,,0,0,0,0
1613791439473,6,1010123456027,72,,1,0,6,1,2,,12.1162,749,183660,0.505952,213,0,7,,0.1,39,0,0.1,12,58.3333,0,1.30713,31,,750,666,,0,0,0,6.84615
1613791439723,6,1010123456027,72,,1,0,6,1,2,,11.5423,780,183689,0.48528,221,0,6.66667,,0,0,0,0,0,0,0,0,0,,750,714,,0,0,0,0
1613791439973,6,1010123456027,72,,1,0,6,1,2,,8.87817,591,183530,0.294976,169,0,5.5,,0,0,0,0,0,0,0,0,0,,750,540,,0,0,0,0
1613791440223,6,1010123456027,72,,1,0,6,1,2,,10.6288,687,183170,0.410635,198,0,6.42857,,15.0789,76,0,0.381847,24,66.6667,0,7.72445,31,,750,633,,0,0,0,6.71053
1613791440473,6,1010123456027,72,,1,0,6,1,2,,11.7519,774,184186,0.503454,222,0,6.83333,,0,0,0,0,0,0,0,0,0,,750,699,,0,0,0,0
1613791440723,6,1010123456027,72,,1,0,6,1,2,,10.0404,743,183377,0.416832,210,0,6,,0,0,0,0,0,0,0,0,0,,750,669,,0,0,0,0
1613791440973,6,1010123456027,72,,1,0,6,1,2,,11.1451,710,183665,0.442088,204,0,6.5,,0,0,0,0,0,0,0,0,0,,750,642,,0,0,0,0
1613791441223,6,1010123456027,72,,1,0,6,1,2,,9.66928,638,183806,0.328416,181,0,5.85714,,13,13,0,0,4,100,0,1.91666,0,,750,588,,0,0,0,10
1613791441473,6,1010123456027,72,,1,0,6,1,2,,10.4401,718,183282,0.415712,206,0,6,,0,3,0,0,1,100,0,0,0,,750,660,,0,0,0,0
1613791441723,6,1010123456027,72,,1,0,6,1,2,,15.6338,639,183276,0.663936,185,0,8.66667,,0.1,13,0,0.1,4,25,0,1.7573,31,,750,576,,0,0,0,3.07692
1613791441973,6,1010123456027,72,,1,0,6,1,2,,10.3715,708,184200,0.41568,202,0,6,,0,0,0,0,0,0,0,0,0,,750,639,,0,0,0,0
1613791442223,6,1010123456027,72,,1,0,6,1,2,,10.7347,720,183225,0.419616,209,0,6.5,,0,0,0,0,0,0,0,0,0,,750,660,,0,0,0,0
1613791442473,6,1010123456027,72,,1,0,6,1,2,,11.9117,725,183372,0.47312,206,0,7,,0.1,24,0,0.1,7,0,0,5.53564,31,,750,660,,0,0,0,1
1613791442723,6,1010123456027,72,,1,0,6,1,2,,11.2712,756,183630,0.48032,220,0,6.66667,,0,0,0,0,0,0,0,0,0,,750,702,,0,0,0,0
1613791442973,6,1010123456027,72,,1,0,6,1,2,,11.9642,727,183599,0.483648,208,0,7,,0,0,0,0,0,0,0,0,0,,750,666,,0,0,0,0
1613791443223,6,1010123456027,72,,1,0,6,1,2,,11.9178,742,183313,0.499456,216,0,7,,7.42857,42,0,0.1,13,53.8462,0,8.40825,31,,750,690,,0,0,0,5.5
1613791443473,6,1010123456027,72,,1,0,6,1,2,,11.6609,746,183386,0.485365,215,0,6.83333,,0,0,0,0,0,0,0,0,0,,750,684,,0,0,0,0
1613791443723,6,1010123456027,72,,1,0,6,1,2,,11.296,723,184188,0.457056,209,0,6.66667,,0,0,0,0,0,0,0,0,0,,750,669,,0,0,0,0
1613791443973,6,1010123456027,72,,1,0,6,1,2,,11.7316,749,184110,0.4888,215,0,6.83333,,0,0,0,0,0,0,0,0,0,,750,684,,0,0,0,0
1613791444223,6,1010123456027,72,,1,0,6,1,2,,11.9375,768,183390,0.509024,221,0,7,,8,30,0,0.1,9,44.4444,0,8.23499,31,,750,702,,0,0,0,4.6
1613791444473,6,1010123456027,72,,1,0,6,1,2,,11.9809,785,183805,0.519328,223,0,7,,0,0,0,0,0,0,0,0,0,,750,711,,0,0,0,0
1613791444723,6,1010123456027,72,,1,0,6,1,2,,11.6409,816,184306,0.5176,231,0,6.83333,,0,0,0,0,0,0,0,0,0,,750,732,,0,0,0,0
1613791444973,6,1010123456027,72,,1,0,6,1,2,,11.6856,738,183356,0.469856,209,0,6.83333,,0,0,0,0,0,0,0,0,0,,750,669,,0,0,0,0
1613791445223,6,1010123456027,72,,1,0,6,1,2,,12.0406,764,183761,0.518912,220,0,7,,2.06452,31,0,0.102784,9,0,0,7.32068,31,,750,702,,0,0,0,1
1613791445473,6,1010123456027,72,,1,0,6,1,2,,11.9613,775,184068,0.521024,224,0,7,,0,0,0,0,0,0,0,0,0,,750,720,,0,0,0,0
1613791445723,6,1010123456027,72,,1,0,6,1,2,,10.8402,757,183840,0.44912,215,0,6.5,,0,0,0,0,0,0,0,0,0,,750,681,,0,0,0,0
1613791445973,6,1010123456027,72,,1,0,6,1,2,,11.1494,743,183699,0.448707,212,0,6.5,,0,0,0,0,0,0,0,0,0,,750,672,,0,0,0,0
1613791446223,6,1010123456027,72,,1,0,6,1,2,,10.3943,738,184097,0.426272,213,0,6.42857,,5.94872,39,0,0.1,12,66.6667,0,6.03682,31,,750,675,,0,0,0,6.74359
1613791446473,6,1010123456027,72,,1,0,6,1,2,,11.9612,696,183255,0.462624,199,0,7,,0,0,0,0,0,0,0,0,0,,750,636,,0,0,0,0
1613791446723,6,1010123456027,72,,1,0,6,1,2,,11.9543,744,184262,0.49936,215,0,7,,0,0,0,0,0,0,0,0,0,,750,690,,0,0,0,0
1613791446973,6,1010123456027,72,,1,0,6,1,2,,11.7455,774,183654,0.504032,223,0,6.83333,,0,0,0,0,0,0,0,0,0,,750,708,,0,0,0,0
1613791447223,6,1010123456027,72,,1,0,6,1,2,,11.6662,782,183406,0.499008,222,0,6.85714,,11.7895,19,120,0.1,5,80,0,4.60696,31,,750,708,,0,0,0,8.57895
1613791447473,6,1010123456027,72,,1,0,6,1,2,,11.9838,805,183397,0.528992,227,0,7,,0.1,26,0,0.1,7,57.1429,0,3.85773,0,,750,723,,0,0,0,6.88462
1613791447723,6,1010123456027,72,,1,0,6,1,2,,11.4568,775,183405,0.495424,220,0,6.66667,,0,0,0,0,0,0,0,0,0,,750,705,,0,0,0,0
1613791447973,6,1010123456027,72,,1,0,6,1,2,,11.1074,745,184426,0.443072,210,0,6.66667,,0,0,0,0,0,0,0,0,0,,750,669,,0,0,0,0
1613791448223,6,1010123456027,72,,1,0,6,1,2,,10.9058,764,183768,0.464096,222,0,6.57143,,1.71429,28,0,0.1,8,12.5,0,6.43921,31,,750,711,,0,0,0,3
1613791448473,6,1010123456027,72,,1,0,6,1,2,,10.5764,746,184260,0.425317,211,0,6.33333,,0,0,0,0,0,0,0,0,0,,750,672,,0,0,0,0
1613791448723,6,1010123456027,72,,1,0,6,1,2,,11.1471,748,183843,0.455808,216,0,6.5,,0,0,0,0,0,0,0,0,0,,750,681,,0,0,0,0
1613791448973,6,1010123456027,72,,1,0,6,1,2,,11.9803,762,183309,0.497984,214,0,7,,0,0,0,0,0,0,0,0,0,,750,696,,0,0,0,0
1613791449223,6,1010123456027,72,,1,0,6,1,2,,11.1688,711,184508,0.453312,207,0,6.71429,,7.91667,36,0,0.1,10,40,0,10.4512,31,,750,651,,0,0,0,5
1613791449473,6,1010123456027,72,,1,0,6,1,2,,11.8402,726,183270,0.473984,206,0,6.83333,,0,0,0,0,0,0,0,0,0,,750,657,,0,0,0,0
1613791449723,6,1010123456027,72,,1,0,6,1,2,,11.2265,755,184175,0.463518,217,0,6.5,,0,0,0,0,0,0,0,0,0,,750,681,,0,0,0,0
1613791449973,6,1010123456027,72,,1,0,6,1,2,,11.3418,787,184338,0.474144,221,0,6.66667,,0,0,0,0,0,0,0,0,0,,750,711,,0,0,0,0
1613791450223,6,1010123456027,72,,1,0,6,1,2,,11.0676,710,184584,0.435584,208,0,6.57143,,3.51724,58,0,0.1,17,64.7059,0,3.85599,31,,750,651,,0,0,0,6.74138
1613791450473,6,1010123456027,72,,1,0,6,1,2,,11.8916,784,183839,0.508288,220,0,6.83333,,0,0,0,0,0,0,0,0,0,,750,708,,0,0,0,0
1613791450723,6,1010123456027,72,,1,0,6,1,2,,11.1684,754,184448,0.468177,218,0,6.66667,,0,0,0,0,0,0,0,0,0,,750,690,,0,0,0,0
1613791450973,6,1010123456027,72,,1,0,6,1,2,,13.6535,782,183784,0.647068,224,0,7.83333,,0,0,0,0,0,0,0,0,0,,750,717,,0,0,0,0
1613791451223,6,1010123456027,72,,1,0,6,1,2,,10.6635,627,184444,0.3769,182,0,6.33333,,7.27273,33,0,0.1,10,40,0,7.2835,31,,750,576,,0,0,0,4.45455
1613791451473,6,1010123456027,72,,1,0,6,1,2,,11.793,802,183485,0.511072,225,0,6.83333,,0,0,0,0,0,0,0,0,0,,750,717,,0,0,0,0
1613791451723,6,1010123456027,72,,1,0,6,1,2,,11.0789,710,183567,0.438368,206,0,6.5,,0,0,0,0,0,0,0,0,0,,750,660,,0,0,0,0
1613791451973,6,1010123456027,72,,1,0,6,1,2,,11.619,756,183545,0.484352,216,0,6.83333,,0,0,0,0,0,0,0,0,0,,750,690,,0,0,0,0
1613791452223,6,1010123456027,72,,1,0,6,1,2,,11.6812,687,183189,0.453398,200,0,6.85714,,0.1,29,0,0.1,8,12.5,0,1.80589,31,,750,630,,0,0,0,2.7931
1613791452473,6,1010123456027,72,,1,0,6,1,2,,11.9309,753,184107,0.507424,219,0,7,,0,0,0,0,0,0,0,0,0,,750,690,,0,0,0,0
1613791452723,6,1010123456027,72,,1,0,6,1,2,,11.1083,711,184081,0.436209,203,0,6.6,,0,0,0,0,0,0,0,0,0,,750,642,,0,0,0,0
1613791452973,6,1010123456027,72,,1,0,6,1,2,,10.2622,759,183364,0.416482,215,0,6.16667,,0,0,0,0,0,0,0,0,0,,750,690,,0,0,0,0
1613791453223,6,1010123456027,72,,1,0,6,1,2,,11.3559,739,184193,0.4688,214,0,6.57143,,0,0,0,0,0,0,0,0,0,,750,666,,0,0,0,0
1613791453473,6,1010123456027,72,,1,0,6,1,2,,14.1311,732,183872,0.671936,204,0,8.16667,,0.1,63,0,0.1,18,27.7778,0,2.65154,31,,750,648,,0,0,0,3.80952
1613791453723,6,1010123456027,72,,1,0,6,1,2,,11.9574,799,184140,0.528867,227,0,7,,0,0,0,0,0,0,0,0,0,,750,720,,0,0,0,0
1613791453973,6,1010123456027,72,,1,0,6,1,2,,11.6751,711,183745,0.448448,200,0,6.83333,,0,0,0,0,0,0,0,0,0,,750,639,,0,0,0,0
1613791454223,6,1010123456027,72,,1,0,6,1,2,,9.25363,757,183839,0.397365,217,0,5.85714,,0.1,70,0,0.1,20,45,0,3.55219,31,,750,693,,0,0,0,5.7
1613791454473,6,1010123456027,72,,1,0,6,1,2,,11.6091,701,183503,0.446432,199,0,6.83333,,0,0,0,0,0,0,0,0,0,,750,636,,0,0,0,0
1613791454723,6,1010123456027,72,,1,0,6,1,2,,11.9531,746,183227,0.496704,214,0,7,,0,0,0,0,0,0,0,0,0,,750,678,,0,0,0,0
1613791454973,6,1010123456027,72,,1,0,6,1,2,,11.7555,777,184002,0.503232,222,0,6.8,,0,0,0,0,0,0,0,0,0,,750,705,,0,0,0,0
1613791455223,6,1010123456027,72,,1,0,6,1,2,,11.7369,764,183808,0.494688,219,0,6.85714,,6,30,0,0.1,9,44.4444,0,8.10128,31,,750,705,,0,0,0,4.6
1613791455473,6,1010123456027,72,,1,0,6,1,2,,11.4481,810,183337,0.500384,229,0,6.66667,,0,0,0,0,0,0,0,0,0,,750,732,,0,0,0,0
1613791455723,6,1010123456027,72,,1,0,6,1,2,,13.9122,763,184118,0.6551,220,0,7.83333,,0,0,0,0,0,0,0,0,0,,750,693,,0,0,0,0
1613791455973,6,1010123456027,72,,1,0,6,1,2,,11.297,724,183719,0.456418,210,0,6.66667,,0,0,0,0,0,0,0,0,0,,750,657,,0,0,0,0
1613791456223,6,1010123456027,72,,1,0,6,1,2,,11.9439,748,183472,0.493044,212,0,7,,6.5625,32,0,0.1,9,44.4444,0,6.23178,31,,750,675,,0,0,0,5.34375
1613791456473,6,1010123456027,72,,1,0,6,1,2,,10.9371,699,184356,0.411406,196,0,6.33333,,0,0,0,0,0,0,0,0,0,,750,636,,0,0,0,0
1613791456723,6,1010123456027,72,,1,0,6,1,2,,11.7467,758,184301,0.484048,214,0,7,,0,0,0,0,0,0,0,0,0,,750,678,,0,0,0,0
1613791456973,6,1010123456027,72,,1,0,6,1,2,,12.1257,756,183543,0.513088,214,0,7,,0,0,0,0,0,0,0,0,0,,750,684,,0,0,0,0
1613791457223,6,1010123456027,72,,1,0,6,1,2,,10.0807,731,183291,0.399936,210,0,6.14286,,0,0,0,0,0,0,0,0,0,,750,660,,0,0,0,0
1613791457473,6,1010123456027,72,,1,0,6,1,2,,11.6163,774,184478,0.494265,222,0,6.66667,,5.6,30,0,0.1,9,44.4444,0,7.14593,31,,750,714,,0,0,0,5.26667
1613791457723,6,1010123456027,72,,1,0,6,1,2,,11.7487,768,183972,0.511904,225,0,6.83333,,0,0,0,0,0,0,0,0,0,,750,708,,0,0,0,0
1613791457973,6,1010123456027,72,,1,0,6,1,2,,10.9257,686,183188,0.418784,197,0,6.5,,0,0,0,0,0,0,0,0,0,,750,627,,0,0,0,0
1613791458223,6,1010123456027,72,,1,0,6,1,2,,11.2865,768,183608,0.468992,221,0,6.71429,,0,0,0,0,0,0,0,0,0,,750,696,,0,0,0,0
1613791458473,6,1010123456027,72,,1,0,6,1,2,,11.652,796,184176,0.520675,226,0,6.66667,,6.77419,31,0,0.1,9,44.4444,0,6.97734,31,,750,723,,0,0,0,5.06452
1613791458723,6,1010123456027,72,,1,0,6,1,2,,11.3247,730,183578,0.456867,213,0,6.83333,,0,0,0,0,0,0,0,0,0,,750,663,,0,0,0,0
1613791458973,6,1010123456027,72,,1,0,6,1,2,,11.5946,666,183874,0.433408,194,0,6.83333,,0,0,0,0,0,0,0,0,0,,750,600,,0,0,0,0
1613791459223,6,1010123456027,72,,1,0,6,1,2,,11.3766,762,184156,0.474848,217,0,6.42857,,5.30233,43,0,0.1,13,61.5385,0,10.0342,31,,750,708,,0,0,0,6.02326
1613791459473,6,1010123456027,72,,1,0,6,1,2,,9.20265,755,183308,0.369189,217,0,6,,0,0,0,0,0,0,0,0,0,,750,690,,0,0,0,0
1613791459723,6,1010123456027,72,,1,0,6,1,2,,11.5844,717,184096,0.465928,208,0,6.83333,,0,0,0,0,0,0,0,0,0,,750,660,,0,0,0,0
1613791459974,6,1010123456027,72,,1,0,6,1,2,,11.0141,710,184238,0.432,206,0,6.5,,0,0,0,0,0,0,0,0,0,,753,657,,0,0,0,0
1613791460223,6,1010123456027,72,,1,0,6,1,2,,11.4201,707,184033,0.446968,204,0,6.71429,,7.01613,62,0,0.1,18,72.2222,0,4.87566,31,,747,651,,0,0,0,7.30645
1613791460473,6,1010123456027,72,,1,0,6,1,2,,11.6526,737,184342,0.477269,211,0,6.83333,,0,0,0,0,0,0,0,0,0,,750,672,,0,0,0,0
1613791460723,6,1010123456027,72,,1,0,6,1,2,,11.9489,744,183996,0.49904,215,0,7,,0,0,0,0,0,0,0,0,0,,750,681,,0,0,0,0
1613791460973,6,1010123456027,72,,1,0,6,1,2,,11.0703,669,183302,0.410538,192,0,6.66667,,0,0,0,0,0,0,0,0,0,,750,621,,0,0,0,0
1613791461223,6,1010123456027,72,,1,0,6,1,2,,11.6449,766,184445,0.498112,222,0,6.85714,,0.1,60,0,0.1,17,17.6471,0,3.13704,31,,750,705,,0,0,0,3.15
1613791461473,6,1010123456027,72,,1,0,6,1,2,,12.9753,648,183321,0.521896,185,0,7.5,,0,0,0,0,0,0,0,0,0,,750,594,,0,0,0,0
1613791461723,6,1010123456027,72,,1,0,6,1,2,,10.4843,733,184088,0.422816,212,0,6.33333,,0,0,0,0,0,0,0,0,0,,750,663,,0,0,0,0
1613791461973,6,1010123456027,72,,1,0,6,1,2,,10.63,681,184061,0.380512,189,0,6.5,,0,0,0,0,0,0,0,0,0,,750,615,,0,0,0,0
1613791462223,6,1010123456027,72,,1,0,6,1,2,,11.4005,749,183256,0.477847,217,0,6.42857,,0,0,0,0,0,0,0,0,0,,750,669,,0,0,0,0
1613791462473,6,1010123456027,72,,1,0,6,1,2,,11.3215,731,184223,0.448096,206,0,7,,0.1,27,0,0.1,8,12.5,0,1.94529,31,,750,657,,0,0,0,2.88889
1613791462723,6,1010123456027,72,,1,0,6,1,2,,11.4225,748,183347,0.465504,213,0,6.8,,0,0,0,0,0,0,0,0,0,,750,687,,0,0,0,0
1613791462973,6,1010123456027,72,,1,0,6,1,2,,11.9392,790,183554,0.524096,226,0,7,,0,0,0,0,0,0,0,0,0,,750,714,,0,0,0,0
1613791463223,6,1010123456027,72,,1,0,6,1,2,,12.5801,774,183121,0.551679,221,0,7.14286,,0.1,24,0,0.1,7,0,0,2.03382,31,,750,705,,0,0,0,1.125
1613791463473,6,1010123456027,72,,1,0,6,1,2,,11.5992,786,184247,0.501365,223,0,6.66667,,0,0,0,0,0,0,0,0,0,,750,711,,0,0,0,0
1613791463723,6,1010123456027,72,,1,0,6,1,2,,11.5192,780,184152,0.4904,223,0,6.83333,,0,0,0,0,0,0,0,0,0,,750,714,,0,0,0,0
1613791463973,6,1010123456027,72,,1,0,6,1,2,,11.0763,747,183389,0.457568,214,0,6.66667,,0,0,0,0,0,0,0,0,0,,750,675,,0,0,0,0
1613791464223,6,1010123456027,72,,1,0,6,1,2,,11.9583,695,183782,0.473984,204,0,7,,15.2308,91,0,0.172768,30,83.3333,0,5.61641,31,,750,645,,0,0,0,8.21978
1613791464473,6,1010123456027,72,,1,0,6,1,2,,11.9392,724,184087,0.481317,207,0,7,,0,0,0,0,0,0,0,0,0,,750,654,,0,0,0,0
1613791464723,6,1010123456027,72,,1,0,6,1,2,,11.9387,702,183364,0.458185,197,0,7,,0,0,0,0,0,0,0,0,0,,750,630,,0,0,0,0
1613791464973,6,1010123456027,72,,1,0,6,1,2,,11.3902,733,184110,0.460627,208,0,6.66667,,0,0,0,0,0,0,0,0,0,,750,666,,0,0,0,0
1613791465223,6,1010123456027,72,,1,0,6,1,2,,11.7286,748,184409,0.479936,212,0,6.85714,,0.1,27,0,0.1,8,12.5,0,4.43035,31,,750,675,,0,0,0,2.11111
1613791465473,6,1010123456027,72,,1,0,6,1,2,,11.2467,762,183730,0.474667,218,0,6.33333,,0,0,0,0,0,0,0,0,0,,750,687,,0,0,0,0
1613791465723,6,1010123456027,72,,1,0,6,1,2,,8.32159,681,183211,0.309237,193,0,5.5,,0,0,0,0,0,0,0,0,0,,750,618,,0,0,0,0
1613791465973,6,1010123456027,72,,1,0,6,1,2,,11.4912,792,184372,0.493108,226,0,6.66667,,0,0,0,0,0,0,0,0,0,,750,726,,0,0,0,0
1613791466223,6,1010123456027,72,,1,0,6,1,2,,10.6617,733,183472,0.429558,211,0,6.42857,,0.1,34,0,0.1,10,10,0,2.16278,31,,750,666,,0,0,0,1.88235
1613791466473,6,1010123456027,72,,1,0,6,1,2,,11.2058,792,183630,0.478426,225,0,6.5,,0,0,0,0,0,0,0,0,0,,750,720,,0,0,0,0
1613791466723,6,1010123456027,72,,1,0,6,1,2,,11.0957,773,184086,0.480739,223,0,6.66667,,0,0,0,0,0,0,0,0,0,,750,699,,0,0,0,0
1613791466973,6,1010123456027,72,,1,0,6,1,2,,11.6713,788,183551,0.498988,221,0,6.83333,,0,0,0,0,0,0,0,0,0,,750,711,,0,0,0,0
1613791467223,6,1010123456027,72,,1,0,6,1,2,,11.3378,743,184492,0.460096,212,0,6.5,,7.27273,33,0,0.1,9,44.4444,0,5.97423,31,,750,681,,0,0,0,5.90909
1613791467473,6,1010123456027,72,,1,0,6,1,2,,11.7155,724,183585,0.464835,206,0,7,,0,0,0,0,0,0,0,0,0,,750,651,,0,0,0,0
1613791467723,6,1010123456027,72,,1,0,6,1,2,,11.2294,715,183360,0.448448,208,0,6.5,,0,0,0,0,0,0,0,0,0,,750,657,,0,0,0,0
1613791467973,6,1010123456027,72,,1,0,6,1,2,,11.695,777,184230,0.505216,224,0,6.8,,0,0,0,0,0,0,0,0,0,,750,708,,0,0,0,0
1613791468223,6,1010123456027,72,,1,0,6,1,2,,11.908,750,183678,0.506048,218,0,6.85714,,6.51786,56,0,0.118944,17,41.1765,0,8.21694,31,,750,705,,0,0,0,5.375
1613791468473,6,1010123456027,72,,1,0,6,1,2,,11.2168,692,184071,0.428048,199,0,6.8,,0,0,0,0,0,0,0,0,0,,750,636,,0,0,0,0
1613791468723,6,1010123456027,72,,1,0,6,1,2,,11.4337,777,184023,0.487488,224,0,6.66667,,0,0,0,0,0,0,0,0,0,,750,708,,0,0,0,0
1613791468974,6,1010123456027,72,,1,0,6,1,2,,9.88827,716,184006,0.387379,208,0,6,,0,0,0,0,0,0,0,0,0,,750,663,,0,0,0,0
1613791469223,6,1010123456027,72,,1,0,6,1,2,,11.7415,766,183512,0.506827,223,0,6.85714,,8,30,0,0.1,9,44.4444,0,8.36451,31,,750,705,,0,0,0,4.6
1613791469473,6,1010123456027,72,,1,0,6,1,2,,11.5508,728,184112,0.470072,211,0,6.83333,,0,0,0,0,0,0,0,0,0,,750,672,,0,0,0,0
1613791469723,6,1010123456027,72,,1,0,6,1,2,,11.3094,737,183599,0.455456,208,0,6.66667,,0,0,0,0,0,0,0,0,0,,750,660,,0,0,0,0
1613791469973,6,1010123456027,72,,1,0,6,1,2,,11.9256,753,184596,0.495104,214,0,7,,0,0,0,0,0,0,0,0,0,,750,681,,0,0,0,0
1613791470223,6,1010123456027,72,,1,0,6,1,2,,11.0686,714,183321,0.44392,205,0,6.42857,,0.1,46,0,0.1,13,23.0769,0,5.45969,31,,750,642,,0,0,0,3.67391
1613791470473,6,1010123456027,72,,1,0,6,1,2,,10.9913,805,183647,0.470104,226,0,6.66667,,0,0,0,0,0,0,0,0,0,,750,723,,0,0,0,0
1613791470723,6,1010123456027,72,,1,0,6,1,2,,11.4133,796,183413,0.496992,227,0,6.66667,,0,0,0,0,0,0,0,0,0,,750,720,,0,0,0,0
1613791470973,6,1010123456027,72,,1,0,6,1,2,,11.9477,765,184310,0.502747,216,0,7,,0,0,0,0,0,0,0,0,0,,750,684,,0,0,0,0
1613791471223,6,1010123456027,72,,1,0,6,1,2,,11.8326,717,183398,0.477792,207,0,6.71429,,9.73333,75,0,0.1,22,77.2727,0,3.5477,31,,750,660,,0,0,0,7.96
1613791471473,6,1010123456027,72,,1,0,6,1,2,,10.8272,706,183898,0.41645,202,0,6.8,,0,0,0,0,0,0,0,0,0,,750,645,,0,0,0,0
1613791471723,6,1010123456027,72,,1,0,6,1,2,,11.9399,732,183789,0.490699,211,0,7,,0,0,0,0,0,0,0,0,0,,750,678,,0,0,0,0
1613791471973,6,1010123456027,72,,1,0,6,1,2,,11.693,710,183128,0.457376,203,0,6.8,,0,0,0,0,0,0,0,0,0,,750,642,,0,0,0,0
1613791472223,6,1010123456027,72,,1,0,6,1,2,,11.6818,729,183695,0.469024,209,0,6.83333,,3,31,0,0.1,9,0,0,14.2415,31,,750,669,,0,0,0,1.6129
1613791472473,6,1010123456027,72,,1,0,6,1,2,,11.9569,765,184515,0.510104,219,0,7,,0,0,0,0,0,0,0,0,0,,750,693,,0,0,0,0
1613791472723,6,1010123456027,72,,1,0,6,1,2,,11.4099,766,183492,0.4752,218,0,6.66667,,0,0,0,0,0,0,0,0,0,,750,681,,0,0,0,0
1613791472973,6,1010123456027,72,,1,0,6,1,2,,11.1736,766,183819,0.471552,218,0,6.66667,,0,0,0,0,0,0,0,0,0,,750,708,,0,0,0,0
1613791473223,6,1010123456027,72,,1,0,6,1,2,,10.3303,760,183981,0.443727,222,0,6.66667,,0.1,84,0,0.1,24,45.8333,0,3.6866,31,,750,702,,0,0,0,5.22619
1613791473473,6,1010123456027,72,,1,0,6,1,2,,11.9465,729,183911,0.482281,207,0,7,,0,0,0,0,0,0,0,0,0,,750,669,,0,0,0,0
1613791473723,6,1010123456027,72,,1,0,6,1,2,,9.80165,726,184090,0.387616,209,0,5.83333,,0,0,0,0,0,0,0,0,0,,750,660,,0,0,0,0
1613791473973,6,1010123456027,72,,1,0,6,1,2,,9.83866,626,184356,0.332832,178,0,5.83333,,0,0,0,0,0,0,0,0,0,,750,564,,0,0,0,0
1613791474223,6,1010123456027,72,,1,0,6,1,2,,10.9036,799,184571,0.491616,232,0,6.5,,6,30,0,0.1,9,44.4444,0,7.45619,31,,750,735,,0,0,0,4.6
1613791474473,6,1010123456027,72,,1,0,6,1,2,,11.0668,763,183910,0.450528,215,0,6.83333,,0,0,0,0,0,0,0,0,0,,750,693,,0,0,0,0
1613791474723,6,1010123456027,72,,1,0,6,1,2,,11.4434,715,183515,0.460864,208,0,6.66667,,0,0,0,0,0,0,0,0,0,,750,654,,0,0,0,0
1613791474973,6,1010123456027,72,,1,0,6,1,2,,11.8239,761,183147,0.488672,215,0,7,,0,0,0,0,0,0,0,0,0,,750,690,,0,0,0,0
1613791475223,6,1010123456027,72,,1,0,6,1,2,,11.8025,795,183738,0.5184,228,0,6.85714,,4.97778,45,0,0.1,12,66.6667,0,4.31167,31,,750,729,,0,0,0,7.4
1613791475473,6,1010123456027,72,,1,0,6,1,2,,10.8917,683,184364,0.413056,196,0,6.5,,0,0,0,0,0,0,0,0,0,,750,630,,0,0,0,0
1613791475723,6,1010123456027,72,,1,0,6,1,2,,11.3338,701,184151,0.449888,205,0,6.66667,,0,0,0,0,0,0,0,0,0,,750,660,,0,0,0,0
1613791475973,6,1010123456027,72,,1,0,6,1,2,,11.9777,761,183265,0.512129,218,0,7,,0,0,0,0,0,0,0,0,0,,750,693,,0,0,0,0
1613791476223,6,1010123456027,72,,1,0,6,1,2,,11.9071,700,183965,0.465639,201,0,7,,5.6,40,0,0.1,12,66.6667,0,4.47185,31,,750,633,,0,0,0,7.6
1613791476473,6,1010123456027,72,,1,0,6,1,2,,10.1175,698,184035,0.391839,200,0,6.16667,,0,0,0,0,0,0,0,0,0,,750,636,,0,0,0,0
1613791476723,6,1010123456027,72,,1,0,6,1,2,,11.9469,716,184182,0.479712,207,0,7,,0,0,0,0,0,0,0,0,0,,750,660,,0,0,0,0
1613791476973,6,1010123456027,72,,1,0,6,1,2,,12.0418,741,183590,0.506602,214,0,7,,0,0,0,0,0,0,0,0,0,,750,681,,0,0,0,0
1613791477223,6,1010123456027,72,,1,0,6,1,2,,11.3548,747,184147,0.471614,215,0,6.57143,,6.5625,32,0,0.1,9,44.4444,0,6.43054,31,,750,681,,0,0,0,5.96875
1613791477473,6,1010123456027,72,,1,0,6,1,2,,10.685,762,184017,0.440416,218,0,6.5,,0,0,0,0,0,0,0,0,0,,750,705,,0,0,0,0
1613791477723,6,1010123456027,72,,1,0,6,1,2,,10.4919,738,184653,0.426368,214,0,6.33333,,0,0,0,0,0,0,0,0,0,,750,666,,0,0,0,0
1613791477973,6,1010123456027,72,,1,0,6,1,2,,11.9688,769,183863,0.506378,217,0,7,,0,0,0,0,0,0,0,0,0,,750,705,,0,0,0,0
1613791478223,6,1010123456027,72,,1,0,6,1,2,,10.811,672,183513,0.411936,198,0,6.57143,,0.1,29,0,0.1,8,0,0,1.83336,31,,750,615,,0,0,0,2.75862
1613791478473,6,1010123456027,72,,1,0,6,1,2,,11.65,720,184213,0.4552,203,0,6.83333,,0,0,0,0,0,0,0,0,0,,750,648,,0,0,0,0
1613791478723,6,1010123456027,72,,1,0,6,1,2,,11.9588,776,183305,0.515712,222,0,7,,0,0,0,0,0,0,0,0,0,,750,711,,0,0,0,0
1613791478974,6,1010123456027,72,,1,0,6,1,2,,11.9741,772,183740,0.514614,222,0,7,,0,0,0,0,0,0,0,0,0,,750,699,,0,0,0,0
1613791479223,6,1010123456027,72,,1,0,6,1,2,,10.8665,689,183055,0.421076,201,0,6.57143,,0.1,27,0,0.1,8,12.5,0,1.85782,31,,750,633,,0,0,0,3.2963
1613791479473,6,1010123456027,72,,1,0,6,1,2,,11.9507,690,184019,0.44896,194,0,7,,0,0,0,0,0,0,0,0,0,,750,621,,0,0,0,0
1613791479723,6,1010123456027,72,,1,0,6,1,2,,11.588,784,183706,0.509719,227,0,6.66667,,0,0,0,0,0,0,0,0,0,,750,717,,0,0,0,0
1613791479973,6,1010123456027,72,,1,0,6,1,2,,11.4713,749,183603,0.480353,213,0,6.83333,,0,0,0,0,0,0,0,0,0,,750,687,,0,0,0,0
1613791480223,6,1010123456027,72,,1,0,6,1,2,,13.9925,665,183974,0.610144,197,0,7.71429,,15.3735,83,0,0.1,27,88.8889,0,4.20521,31,,750,627,,0,0,0,8.91566
1613791480473,6,1010123456027,72,,1,0,6,1,2,,10.892,787,183360,0.464546,222,0,6.5,,0,0,0,0,0,0,0,0,0,,750,705,,0,0,0,0
1613791480723,6,1010123456027,72,,1,0,6,1,2,,11.5098,767,183544,0.480224,217,0,6.6,,0,0,0,0,0,0,0,0,0,,750,696,,0,0,0,0
1613791480973,6,1010123456027,72,,1,0,6,1,2,,11.2035,752,183262,0.447936,212,0,6.5,,0,0,0,0,0,0,0,0,0,,750,669,,0,0,0,0
1613791481223,6,1010123456027,72,,1,0,6,1,2,,11.2638,705,183429,0.436627,200,0,6.71429,,0,0,0,0,0,0,0,0,0,,750,636,,0,0,0,0
1613791481473,6,1010123456027,72,,1,0,6,1,2,,11.1124,765,183970,0.466024,216,0,6.6,,7.27273,33,0,0.1,9,44.4444,0,6.40459,31,,750,702,,0,0,0,5.36364
1613791481723,6,1010123456027,72,,1,0,6,1,2,,11.4914,812,183430,0.509632,232,0,6.66667,,0,0,0,0,0,0,0,0,0,,750,729,,0,0,0,0
1613791481973,6,1010123456027,72,,1,0,6,1,2,,11.9533,771,184112,0.505728,218,0,7,,0,0,0,0,0,0,0,0,0,,750,705,,0,0,0,0
1613791482223,6,1010123456027,72,,1,0,6,1,2,,10.0857,677,184489,0.390104,198,0,6.28571,,3.91304,46,0,0.1,14,28.5714,0,6.04899,31,,750,615,,0,0,0,3.52174
1613791482473,6,1010123456027,72,,1,0,6,1,2,,11.9572,794,183394,0.515084,222,0,7,,0,0,0,0,0,0,0,0,0,,750,714,,0,0,0,0
1613791482723,6,1010123456027,72,,1,0,6,1,2,,11.6379,776,184515,0.500896,221,0,6.66667,,0,0,0,0,0,0,0,0,0,,750,705,,0,0,0,0
1613791482973,6,1010123456027,72,,1,0,6,1,2,,11.4347,766,183242,0.4792,221,0,6.66667,,0,0,0,0,0,0,0,0,0,,750,705,,0,0,0,0
1613791483223,6,1010123456027,72,,1,0,6,1,2,,11.5994,719,184168,0.45632,204,0,6.71429,,0.1,81,0,0.1,23,39.1304,0,1.92249,31,,750,645,,0,0,0,5.32099
1613791483473,6,1010123456027,72,,1,0,6,1,2,,11.7311,755,184101,0.486008,215,0,7,,0,0,0,0,0,0,0,0,0,,750,684,,0,0,0,0
1613791483723,6,1010123456027,72,,1,0,6,1,2,,11.9455,752,183852,0.500416,216,0,7,,0,0,0,0,0,0,0,0,0,,750,687,,0,0,0,0
1613791483973,6,1010123456027,72,,1,0,6,1,2,,11.9664,804,183893,0.525056,226,0,7,,0,0,0,0,0,0,0,0,0,,750,720,,0,0,0,0
1613791484223,6,1010123456027,72,,1,0,6,1,2,,11.1149,757,184547,0.469301,218,0,6.71429,,5.33333,36,0,0.1,10,40,0,7.64592,31,,750,690,,0,0,0,5
1613791484473,6,1010123456027,72,,1,0,6,1,2,,11.9615,780,183491,0.52304,225,0,7,,0,0,0,0,0,0,0,0,0,,750,723,,0,0,0,0
1613791484723,6,1010123456027,72,,1,0,6,1,2,,10.9199,787,183809,0.474784,226,0,6.5,,0,0,0,0,0,0,0,0,0,,750,717,,0,0,0,0
1613791484973,6,1010123456027,72,,1,0,6,1,2,,11.5053,758,183973,0.48656,219,0,6.66667,,0,0,0,0,0,0,0,0,0,,750,693,,0,0,0,0
1613791485223,6,1010123456027,72,,1,0,6,1,2,,11.9139,732,184089,0.475424,207,0,7,,0,12,0,0,4,100,0,0,0,,750,666,,0,0,0,0
1613791485473,6,1010123456027,72,,1,0,6,1,2,,11.7188,729,183291,0.46432,206,0,6.83333,,0.1,53,0,0.1,16,50,0,3.24306,31,,750,654,,0,0,0,6.07547
1613791485723,6,1010123456027,72,,1,0,6,1,2,,11.5547,786,184605,0.493824,222,0,6.66667,,0,0,0,0,0,0,0,0,0,,750,705,,0,0,0,0
1613791485973,6,1010123456027,72,,1,0,6,1,2,,11.584,774,183114,0.48453,219,0,6.83333,,0,0,0,0,0,0,0,0,0,,750,699,,0,0,0,0
1613791486223,6,1010123456027,72,,1,0,6,1,2,,11.5936,716,183768,0.479807,214,0,6.85714,,4.86957,46,0,0.1,13,61.5385,0,4.11397,31,,750,666,,0,0,0,6.47826
1613791486473,6,1010123456027,72,,1,0,6,1,2,,11.9157,747,183660,0.474816,206,0,7,,0,0,0,0,0,0,0,0,0,,750,675,,0,0,0,0
1613791486723,6,1010123456027,72,,1,0,6,1,2,,11.7417,755,183708,0.489088,216,0,6.83333,,0,0,0,0,0,0,0,0,0,,750,675,,0,0,0,0
1613791486976,6,1010123456027,72,,1,0,6,1,2,,11.7045,775,183243,0.495715,223,0,6.83333,,0,0,0,0,0,0,0,0,0,,756,705,,0,0,0,0
1613791487223,6,1010123456027,72,,1,0,6,1,2,,10.9196,771,184096,0.46481,221,0,6.57143,,10.5,16,120,0.1,5,80,0,6.19025,31,,744,705,,0,0,0,7.75
1613791487473,6,1010123456027,72,,1,0,6,1,2,,11.9543,788,184206,0.524736,226,0,7,,0.1,14,0,0.1,4,0,0,8.68687,0,,750,723,,0,0,0,1
1613791487723,6,1010123456027,72,,1,0,6,1,2,,11.9213,762,183565,0.511456,221,0,7,,0,0,0,0,0,0,0,0,0,,750,699,,0,0,0,0
1613791487973,6,1010123456027,72,,1,0,6,1,2,,11.0593,742,183234,0.445312,209,0,6.66667,,0,0,0,0,0,0,0,0,0,,750,666,,0,0,0,0
1613791488223,6,1010123456027,72,,1,0,6,1,2,,11.9361,767,183835,0.517558,223,0,7,,6.33333,45,0,0.1,13,30.7692,0,9.33766,31,,750,714,,0,0,0,4.2
1613791488473,6,1010123456027,72,,1,0,6,1,2,,12.4881,717,183892,0.529152,204,0,7.33333,,0,0,0,0,0,0,0,0,0,,750,648,,0,0,0,0
1613791488723,6,1010123456027,72,,1,0,6,1,2,,10.3834,712,183459,0.409376,204,0,6.16667,,0,0,0,0,0,0,0,0,0,,750,651,,0,0,0,0
1613791488973,6,1010123456027,72,,1,0,6,1,2,,11.5974,693,184470,0.451438,203,0,6.83333,,0,0,0,0,0,0,0,0,0,,750,648,,0,0,0,0
1613791489223,6,1010123456027,72,,1,0,6,1,2,,11.8645,812,184610,0.534816,231,0,6.71429,,7.27273,33,0,0.1,9,44.4444,0,7.76979,31,,750,726,,0,0,0,5.36364
1613791489473,6,1010123456027,72,,1,0,6,1,2,,11.0209,767,183879,0.455072,217,0,6.83333,,0,0,0,0,0,0,0,0,0,,750,696,,0,0,0,0
1613791489723,6,1010123456027,72,,1,0,6,1,2,,11.9568,740,183520,0.504032,217,0,7,,0,0,0,0,0,0,0,0,0,,750,678,,0,0,0,0
1613791489973,6,1010123456027,72,,1,0,6,1,2,,11.7382,764,183296,0.486304,215,0,6.83333,,0,0,0,0,0,0,0,0,0,,750,699,,0,0,0,0
1613791490223,6,1010123456027,72,,1,0,6,1,2,,13.4897,731,183242,0.632964,217,0,7.85714,,13.0426,94,0,0.115149,30,86.6667,0,3.89398,31,,750,687,,0,0,0,8.75532
1613791490473,6,1010123456027,72,,1,0,6,1,2,,11.8827,793,183490,0.527744,228,0,6.83333,,0,0,0,0,0,0,0,0,0,,750,729,,0,0,0,0
1613791490723,6,1010123456027,72,,1,0,6,1,2,,11.7942,787,183919,0.514976,227,0,7,,0,0,0,0,0,0,0,0,0,,750,729,,0,0,0,0
1613791490974,6,1010123456027,72,,1,0,6,1,2,,10.8644,686,183208,0.412096,198,0,6.5,,0,0,0,0,0,0,0,0,0,,750,633,,0,0,0,0
1613791491223,6,1010123456027,72,,1,0,6,1,2,,10.7416,778,184246,0.460787,225,0,6.42857,,0.1,39,0,0.1,12,0,0,4.73701,31,,750,720,,0,0,0,1.51282
1613791491473,6,1010123456027,72,,1,0,6,1,2,,10.3878,771,184388,0.432546,219,0,6.16667,,0,0,0,0,0,0,0,0,0,,750,687,,0,0,0,0
1613791491723,6,1010123456027,72,,1,0,6,1,2,,11.6762,769,183708,0.513317,227,0,6.83333,,0,0,0,0,0,0,0,0,0,,750,726,,0,0,0,0
1613791491973,6,1010123456027,72,,1,0,6,1,2,,11.3595,726,184621,0.455261,208,0,6.66667,,0,0,0,0,0,0,0,0,0,,750,660,,0,0,0,0
1613791492223,6,1010123456027,72,,1,0,6,1,2,,11.3526,780,183385,0.484755,224,0,6.57143,,15,16,0,0,4,100,0,3.05332,0,,750,717,,0,0,0,10
1613791492473,6,1010123456027,72,,1,0,6,1,2,,10.5134,744,183882,0.434144,215,0,6,,0.1,29,0,0.1,8,0,0,8.63765,31,,750,675,,0,0,0,1.75862
1613791492723,6,1010123456027,72,,1,0,6,1,2,,10.989,726,183909,0.429976,207,0,6.66667,,0,0,0,0,0,0,0,0,0,,750,651,,0,0,0,0
1613791492973,6,1010123456027,72,,1,0,6,1,2,,16.7289,675,183842,0.757912,190,0,8,,0,0,0,0,0,0,0,0,0,,750,600,,0,0,0,0
1613791493224,6,1010123456027,72,,1,0,6,1,2,,12.3018,792,183310,0.555251,227,0,7,,0,0,0,0,0,0,0,0,0,,750,720,,0,0,0,0
1613791493473,6,1010123456027,72,,1,0,6,1,2,,11.343,691,183520,0.432643,197,0,6.66667,,0.1,27,0,0.1,8,0,0,2.25139,31,,750,621,,0,0,0,1.25926
1613791493723,6,1010123456027,72,,1,0,6,1,2,,12.1013,770,183720,0.528193,222,0,7,,0,0,0,0,0,0,0,0,0,,750,702,,0,0,0,0
1613791493973,6,1010123456027,72,,1,0,6,1,2,,11.7103,711,184508,0.461205,203,0,6.83333,,0,0,0,0,0,0,0,0,0,,750,645,,0,0,0,0
1613791494223,6,1010123456027,72,,1,0,6,1,2,,11.4694,752,183534,0.475245,218,0,6.71429,,5.71429,42,0,0.1,12,66.6667,0,4.71954,31,,750,684,,0,0,0,7.09524
1613791494473,6,1010123456027,72,,1,0,6,1,2,,11.9364,723,183918,0.476627,205,0,7,,0,0,0,0,0,0,0,0,0,,750,642,,0,0,0,0
1613791494723,6,1010123456027,72,,1,0,6,1,2,,11.176,733,183668,0.450956,206,0,6.5,,0,0,0,0,0,0,0,0,0,,750,669,,0,0,0,0
1613791494973,6,1010123456027,72,,1,0,6,1,2,,11.0387,672,183296,0.399744,192,0,6.66667,,0,0,0,0,0,0,0,0,0,,750,603,,0,0,0,0
1613791495223,6,1010123456027,72,,1,0,6,1,2,,10.7046,721,183291,0.434208,209,0,6.57143,,0,0,0,0,0,0,0,0,0,,750,669,,0,0,0,0
1613791495473,6,1010123456027,72,,1,0,6,1,2,,10.9505,748,184258,0.455711,215,0,6.5,,7.42857,42,0,0.1,13,53.8462,0,8.36533,31,,750,678,,0,0,0,5.5
1613791495723,6,1010123456027,72,,1,0,6,1,2,,12.9253,763,183187,0.573494,222,0,7.33333,,0,0,0,0,0,0,0,0,0,,750,711,,0,0,0,0
1613791495973,6,1010123456027,72,,1,0,6,1,2,,11.9652,719,183293,0.479616,206,0,7,,0,0,0,0,0,0,0,0,0,,750,654,,0,0,0,0
1613791496223,6,1010123456027,72,,1,0,6,1,2,,11.6623,684,184329,0.450313,198,0,7,,15,16,0,0,4,100,0,2.28615,0,,750,633,,0,0,0,10
1613791496473,6,1010123456027,72,,1,0,6,1,2,,12.2924,766,184208,0.53984,222,0,7.16667,,6.4,45,0,0.1,12,66.6667,0,5.39991,31,,750,705,,0,0,0,7.4
1613791496723,6,1010123456027,72,,1,0,6,1,2,,12.2989,736,183370,0.507149,209,0,7.16667,,0,0,0,0,0,0,0,0,0,,750,669,,0,0,0,0
1613791496973,6,1010123456027,72,,1,0,6,1,2,,10.0852,763,183550,0.443277,220,0,6.16667,,0,0,0,0,0,0,0,0,0,,750,693,,0,0,0,0
1613791497223,6,1010123456027,72,,1,0,6,1,2,,10.941,678,184421,0.411277,196,0,6.57143,,0,0,0,0,0,0,0,0,0,,750,624,,0,0,0,0
1613791497473,6,1010123456027,72,,1,0,6,1,2,,11.9611,746,184272,0.487293,209,0,7,,0,0,0,0,0,0,0,0,0,,750,675,,0,0,0,0
1613791497723,6,1010123456027,72,,1,0,6,1,2,,11.4842,789,184100,0.494688,225,0,6.66667,,0,0,0,0,0,0,0,0,0,,750,711,,0,0,0,0
1613791497973,6,1010123456027,72,,1,0,6,1,2,,11.0347,721,184398,0.430752,203,0,6.5,,0.1,64,0,0.1,18,33.3333,0,2.9295,31,,750,642,,0,0,0,4.5625
1613791498223,6,1010123456027,72,,1,0,6,1,2,,11.3026,770,184514,0.485719,226,0,6.71429,,6.05405,37,0,0.1,10,50,0,3.83885,31,,750,720,,0,0,0,5.62162
1613791498473,6,1010123456027,72,,1,0,6,1,2,,11.916,738,184365,0.487776,211,0,7,,0,0,0,0,0,0,0,0,0,,750,672,,0,0,0,0
1613791498723,6,1010123456027,72,,1,0,6,1,2,,13.0868,760,184412,0.577408,218,0,7.33333,,0,0,0,0,0,0,0,0,0,,750,696,,0,0,0,0
1613791498973,6,1010123456027,72,,1,0,6,1,2,,10.8233,662,184263,0.39744,189,0,6.33333,,0,0,0,0,0,0,0,0,0,,750,594,,0,0,0,0
1613791499223,6,1010123456027,72,,1,0,6,1,2,,11.9455,734,184268,0.487293,211,0,7,,0.1,35,0,0.1,10,20,0,1.57239,31,,750,669,,0,0,0,3.28571
1613791499473,6,1010123456027,72,,1,0,6,1,2,,11.2153,757,183658,0.454912,214,0,6.6,,0,0,0,0,0,0,0,0,0,,750,672,,0,0,0,0
1613791499723,6,1010123456027,72,,1,0,6,1,2,,10.4499,669,183972,0.386144,192,0,6.16667,,0,0,0,0,0,0,0,0,0,,750,609,,0,0,0,0
1613791499973,6,1010123456027,72,,1,0,6,1,2,,11.3539,760,184343,0.473799,219,0,6.66667,,0,0,0,0,0,0,0,0,0,,750,693,,0,0,0,0
1613791500223,6,1010123456027,72,,1,0,6,1,2,,9.94575,682,183699,0.373526,197,0,6.14286,,0.1,41,0,0.1,12,0,0,3.25297,31,,750,630,,0,0,0,1.21951
1613791500473,6,1010123456027,72,,1,0,6,1,2,,11.779,715,184201,0.467984,204,0,6.83333,,0,0,0,0,0,0,0,0,0,,750,651,,0,0,0,0
1613791500723,6,1010123456027,72,,1,0,6,1,2,,11.6091,765,184121,0.497056,225,0,6.83333,,0,0,0,0,0,0,0,0,0,,750,705,,0,0,0,0
1613791500973,6,1010123456027,72,,1,0,6,1,2,,11.9448,761,183439,0.494048,213,0,7,,0,0,0,0,0,0,0,0,0,,750,699,,0,0,0,0
1613791501223,6,1010123456027,72,,1,0,6,1,2,,10.9694,718,183343,0.44755,207,0,6.57143,,0,0,0,0,0,0,0,0,0,,750,651,,0,0,0,0
1613791501473,6,1010123456027,72,,1,0,6,1,2,,11.7616,734,183860,0.475727,209,0,6.8,,6.78788,33,0,0.1,9,44.4444,0,7.35237,31,,750,669,,0,0,0,5.36364
1613791501723,6,1010123456027,72,,1,0,6,1,2,,11.7894,736,184047,0.473767,208,0,6.83333,,0,0,0,0,0,0,0,0,0,,750,675,,0,0,0,0
1613791501973,6,1010123456027,72,,1,0,6,1,2,,11.9467,751,183721,0.495711,213,0,7,,0,0,0,0,0,0,0,0,0,,750,687,,0,0,0,0
1613791502223,6,1010123456027,72,,1,0,6,1,2,,14.1738,725,184057,0.663424,212,0,7.85714,,15.3563,87,0,0.114688,28,85.7143,0,4.75441,31,,750,678,,0,0,0,8.63602
1613791502473,6,1010123456027,72,,1,0,6,1,2,,11.7913,786,183446,0.506024,222,0,6.83333,,0,0,0,0,0,0,0,0,0,,750,711,,0,0,0,0
1613791502723,6,1010123456027,72,,1,0,6,1,2,,11.716,750,183272,0.493687,218,0,6.83333,,0,0,0,0,0,0,0,0,0,,750,702,,0,0,0,0
1613791502973,6,1010123456027,72,,1,0,6,1,2,,11.3258,709,184552,0.445269,205,0,6.66667,,0,0,0,0,0,0,0,0,0,,750,657,,0,0,0,0
1613791503223,6,1010123456027,72,,1,0,6,1,2,,11.1726,730,184305,0.44906,211,0,6.57143,,4,45,0,0.1,13,69.2308,0,9.82777,31,,750,678,,0,0,0,7.2
1613791503473,6,1010123456027,72,,1,0,6,1,2,,11.7725,743,184246,0.487261,214,0,6.83333,,0,0,0,0,0,0,0,0,0,,750,678,,0,0,0,0
1613791503723,6,1010123456027,72,,1,0,6,1,2,,11.708,726,183379,0.476,211,0,6.8,,0,0,0,0,0,0,0,0,0,,750,663,,0,0,0,0
1613791503973,6,1010123456027,72,,1,0,6,1,2,,11.7562,763,183238,0.487807,215,0,6.8,,0,0,0,0,0,0,0,0,0,,750,687,,0,0,0,0
1613791504223,6,1010123456027,72,,1,0,6,1,2,,11.6714,767,184424,0.496418,219,0,6.71429,,8,30,0,0.1,9,44.4444,0,7.93079,31,,750,702,,0,0,0,4.6
1613791504473,6,1010123456027,72,,1,0,6,1,2,,11.7785,772,183763,0.507712,224,0,7,,0,0,0,0,0,0,0,0,0,,750,717,,0,0,0,0
1613791504723,6,1010123456027,72,,1,0,6,1,2,,10.274,697,183717,0.400514,200,0,6.16667,,0,0,0,0,0,0,0,0,0,,750,639,,0,0,0,0
1613791504973,6,1010123456027,72,,1,0,6,1,2,,11.2597,747,184338,0.458912,216,0,6.66667,,0,0,0,0,0,0,0,0,0,,750,687,,0,0,0,0
1613791505223,6,1010123456027,72,,1,0,6,1,2,,11.646,692,184063,0.447424,200,0,6.85714,,0.1,52,0,0.1,14,50,0,1.10038,31,,750,630,,0,0,0,5.67308
1613791505473,6,1010123456027,72,,1,0,6,1,2,,11.9648,766,183361,0.509719,219,0,7,,0,0,0,0,0,0,0,0,0,,750,687,,0,0,0,0
1613791505723,6,1010123456027,72,,1,0,6,1,2,,11.7386,792,179812,0.511296,226,0,6.83333,,0,0,0,0,0,0,0,0,0,,750,717,,0,0,0,0
1613791505973,6,1010123456027,72,,1,0,6,1,2,,11.6064,752,184036,0.483712,216,0,6.83333,,0,0,0,0,0,0,0,0,0,,750,690,,0,0,0,0
1613791506223,6,1010123456027,72,,1,0,6,1,2,,11.0903,720,183962,0.45102,212,0,6.5,,14.5625,64,0,0.1,18,72.2222,0,7.1265,31,,750,675,,0,0,0,7.60938
1613791506473,6,1010123456027,72,,1,0,6,1,2,,11.4916,777,183986,0.480096,219,0,6.83333,,0,0,0,0,0,0,0,0,0,,750,699,,0,0,0,0
1613791506724,6,1010123456027,72,,1,0,6,1,2,,10.8458,746,184091,0.449434,216,0,6.16667,,0,0,0,0,0,0,0,0,0,,753,669,,0,0,0,0
1613791506973,6,1010123456027,72,,1,0,6,1,2,,11.4193,787,184044,0.477269,219,0,6.83333,,0,0,0,0,0,0,0,0,0,,747,708,,0,0,0,0
1613791507223,6,1010123456027,72,,1,0,6,1,2,,10.8563,717,183986,0.443181,212,0,6.57143,,8.17073,41,0,0.1,13,61.5385,0,3.85849,31,,750,663,,0,0,0,6.04878
1613791507473,6,1010123456027,72,,1,0,6,1,2,,11.9374,703,184364,0.477216,203,0,6.8,,0,0,0,0,0,0,0,0,0,,750,636,,0,0,0,0
1613791507723,6,1010123456027,72,,1,0,6,1,2,,10.7995,773,183918,0.45712,222,0,6.33333,,0,0,0,0,0,0,0,0,0,,750,717,,0,0,0,0
1613791507973,6,1010123456027,72,,1,0,6,1,2,,11.373,748,184403,0.460736,214,0,6.83333,,0,0,0,0,0,0,0,0,0,,750,684,,0,0,0,0
1613791508223,6,1010123456027,72,,1,0,6,1,2,,11.1807,736,183873,0.45872,212,0,6.71429,,0.1,32,0,0.1,9,11.1111,0,1.82307,31,,750,666,,0,0,0,2.3125
1613791508473,6,1010123456027,72,,1,0,6,1,2,,10.9622,767,184621,0.466217,218,0,6.5,,0,0,0,0,0,0,0,0,0,,750,693,,0,0,0,0
1613791508723,6,1010123456027,72,,1,0,6,1,2,,11.7706,763,184456,0.491616,217,0,6.83333,,0,0,0,0,0,0,0,0,0,,750,690,,0,0,0,0
1613791508973,6,1010123456027,72,,1,0,6,1,2,,10.5731,752,183561,0.421664,211,0,6.16667,,0,0,0,0,0,0,0,0,0,,750,684,,0,0,0,0
1613791509223,6,1010123456027,72,,1,0,6,1,2,,10.7628,704,184506,0.406976,201,0,6.42857,,0,0,0,0,0,0,0,0,0,,750,636,,0,0,0,0
1613791509473,6,1010123456027,72,,1,0,6,1,2,,11.695,754,183237,0.476928,212,0,6.83333,,4.85714,42,0,0.1,12,33.3333,0,12.3336,31,,750,678,,0,0,0,3.57143
1613791509723,6,1010123456027,72,,1,0,6,1,2,,11.1506,724,183123,0.444672,206,0,6.66667,,0,0,0,0,0,0,0,0,0,,750,651,,0,0,0,0
1613791509973,6,1010123456027,72,,1,0,6,1,2,,11.7539,703,183834,0.463422,204,0,6.83333,,0,0,0,0,0,0,0,0,0,,750,648,,0,0,0,0
1613791510223,6,1010123456027,72,,1,0,6,1,2,,11.0255,746,183313,0.464578,218,0,6.42857,,0,0,0,0,0,0,0,0,0,,750,693,,0,0,0,0
1613791510473,6,1010123456027,72,,1,0,6,1,2,,10.1671,742,184195,0.403392,212,0,6.16667,,6,30,0,0.1,9,44.4444,0,7.75975,31,,750,678,,0,0,0,4.6
1613791510723,6,1010123456027,72,,1,0,6,1,2,,10.7387,597,183791,0.358048,173,0,6.33333,,0,0,0,0,0,0,0,0,0,,750,555,,0,0,0,0
1613791510973,6,1010123456027,72,,1,0,6,1,2,,11.1289,760,184296,0.469952,218,0,6.66667,,0,0,0,0,0,0,0,0,0,,750,690,,0,0,0,0
1613791511223,6,1010123456027,72,,1,0,6,1,2,,12.8738,642,183519,0.50159,185,0,7.14286,,0.1,74,0,0.1,22,40.9091,0,2.42445,31,,750,588,,0,0,0,5.98649
1613791511473,6,1010123456027,72,,1,0,6,1,2,,11.7423,807,184067,0.521568,227,0,6.8,,0,0,0,0,0,0,0,0,0,,750,720,,0,0,0,0
1613791511723,6,1010123456027,72,,1,0,6,1,2,,11.1718,774,184535,0.480096,221,0,6.66667,,0,0,0,0,0,0,0,0,0,,750,705,,0,0,0,0
1613791511973,6,1010123456027,72,,1,0,6,1,2,,11.9633,763,183686,0.508723,218,0,7,,0,0,0,0,0,0,0,0,0,,750,702,,0,0,0,0
1613791512223,6,1010123456027,72,,1,0,6,1,2,,11.4973,744,184170,0.475136,216,0,6.71429,,3.08,50,0,0.1,15,80,0,4.24409,31,,750,684,,0,0,0,8.02
1613791512473,6,1010123456027,72,,1,0,6,1,2,,11.9852,744,183714,0.508787,211,0,6.83333,,0,0,0,0,0,0,0,0,0,,750,669,,0,0,0,0
1613791512723,6,1010123456027,72,,1,0,6,1,2,,10.7713,752,183607,0.433472,212,0,6.66667,,0,0,0,0,0,0,0,0,0,,750,663,,0,0,0,0
1613791512973,6,1010123456027,72,,1,0,6,1,2,,10.331,722,184415,0.41312,208,0,6.33333,,0,0,0,0,0,0,0,0,0,,750,657,,0,0,0,0
1613791513223,6,1010123456027,72,,1,0,6,1,2,,13.3386,756,183803,0.650345,220,0,7.42857,,15.012,83,0,0.304867,26,69.2308,0,7.76616,31,,750,693,,0,0,0,6.96386
1613791513473,6,1010123456027,72,,1,0,6,1,2,,11.9601,751,183585,0.488675,210,0,7,,0,0,0,0,0,0,0,0,0,,750,681,,0,0,0,0
1613791513723,6,1010123456027,72,,1,0,6,1,2,,11.9484,737,183604,0.495711,213,0,7,,0,0,0,0,0,0,0,0,0,,750,657,,0,0,0,0
1613791513974,6,1010123456027,72,,1,0,6,1,2,,11.9471,718,183751,0.468813,203,0,7,,0,0,0,0,0,0,0,0,0,,750,669,,0,0,0,0
1613791514223,6,1010123456027,72,,1,0,6,1,2,,12.3033,755,183797,0.537317,220,0,7.14286,,6.78788,33,0,0.1,9,44.4444,0,5.94461,31,,750,693,,0,0,0,6.42424
1613791514473,6,1010123456027,72,,1,0,6,1,2,,11.9399,749,183490,0.495424,214,0,7,,0,0,0,0,0,0,0,0,0,,750,684,,0,0,0,0
1613791514723,6,1010123456027,72,,1,0,6,1,2,,11.8206,747,183459,0.491534,213,0,6.83333,,0,0,0,0,0,0,0,0,0,,750,675,,0,0,0,0
1613791514973,6,1010123456027,72,,1,0,6,1,2,,11.4219,647,184352,0.404448,185,0,6.83333,,0,0,0,0,0,0,0,0,0,,750,579,,0,0,0,0
1613791515223,6,1010123456027,72,,1,0,6,1,2,,11.7295,743,184389,0.484512,215,0,6.85714,,2.04545,22,0,0.1,7,14.2857,0,6.83455,31,,750,693,,0,0,0,1.81818
1613791515473,6,1010123456027,72,,1,0,6,1,2,,11.6495,816,183319,0.525536,229,0,6.66667,,0,0,0,0,0,0,0,0,0,,750,735,,0,0,0,0
1613791515723,6,1010123456027,72,,1,0,6,1,2,,11.3876,725,184271,0.45328,209,0,7,,0,0,0,0,0,0,0,0,0,,750,648,,0,0,0,0
1613791515973,6,1010123456027,72,,1,0,6,1,2,,11.1505,691,183752,0.452704,197,0,6.33333,,0,0,0,0,0,0,0,0,0,,750,612,,0,0,0,0
1613791516223,6,1010123456027,72,,1,0,6,1,2,,11.1384,744,183089,0.458976,213,0,6.71429,,15,16,120,0.1,5,80,0,6.88671,31,,750,681,,0,0,0,7.75
1613791516473,6,1010123456027,72,,1,0,6,1,2,,11.9543,766,183612,0.515392,222,0,7,,0.1,14,0,0.1,4,0,0,9.3061,0,,750,708,,0,0,0,1.21429
1613791516723,6,1010123456027,72,,1,0,6,1,2,,12.264,716,183352,0.493344,203,0,7.4,,0,0,0,0,0,0,0,0,0,,750,648,,0,0,0,0
1613791516973,6,1010123456027,72,,1,0,6,1,2,,11.6941,729,183482,0.479136,213,0,6.83333,,0,0,0,0,0,0,0,0,0,,750,684,,0,0,0,0
1613791517223,6,1010123456027,72,,1,0,6,1,2,,11.3287,712,183278,0.453751,206,0,6.71429,,4.66667,45,0,0.1,13,61.5385,0,8.15368,31,,750,648,,0,0,0,6.4
1613791517473,6,1010123456027,72,,1,0,6,1,2,,11.3389,723,184354,0.448416,207,0,6.66667,,0,0,0,0,0,0,0,0,0,,750,666,,0,0,0,0
1613791517723,6,1010123456027,72,,1,0,6,1,2,,11.5983,717,183627,0.461856,207,0,6.83333,,0,0,0,0,0,0,0,0,0,,750,651,,0,0,0,0
1613791517973,6,1010123456027,72,,1,0,6,1,2,,11.6787,719,184103,0.469728,209,0,6.83333,,0,0,0,0,0,0,0,0,0,,750,663,,0,0,0,0
1613791518223,6,1010123456027,72,,1,0,6,1,2,,11.614,759,184002,0.494208,220,0,6.71429,,6.51852,54,0,0.1,15,46.6667,0,10.7696,31,,750,702,,0,0,0,5.16667
1613791518473,6,1010123456027,72,,1,0,6,1,2,,11.6839,775,183586,0.492928,220,0,7,,0,0,0,0,0,0,0,0,0,,750,708,,0,0,0,0
1613791518723,6,1010123456027,72,,1,0,6,1,2,,11.9722,720,183465,0.493269,211,0,7,,0,0,0,0,0,0,0,0,0,,750,672,,0,0,0,0
1613791518973,6,1010123456027,72,,1,0,6,1,2,,11.6314,719,184126,0.458912,205,0,6.75,,0,0,0,0,0,0,0,0,0,,750,654,,0,0,0,0
1613791519223,6,1010123456027,72,,1,0,6,1,2,,10.8905,767,183433,0.4696,223,0,6.57143,,15,14,0,0,4,100,0,2.39394,0,,750,702,,0,0,0,10
1613791519473,6,1010123456027,72,,1,0,6,1,2,,11.9605,760,184154,0.506667,218,0,7,,5.4,20,0,0.1,6,83.3333,0,5.26715,31,,750,696,,0,0,0,8.2
1613791519723,6,1010123456027,72,,1,0,6,1,2,,11.7916,734,184216,0.489992,213,0,6.83333,,0.1,31,0,0.1,9,77.7778,0,1.6669,31,,750,669,,0,0,0,7.96774
1613791519973,6,1010123456027,72,,1,0,6,1,2,,11.5409,734,183174,0.473382,210,0,6.83333,,0,0,0,0,0,0,0,0,0,,750,660,,0,0,0,0
1613791520223,6,1010123456027,72,,1,0,6,1,2,,11.918,732,183182,0.481472,210,0,7,,0.1,29,0,0.1,8,0,0,1.65326,31,,750,666,,0,0,0,1.13793
1613791520473,6,1010123456027,72,,1,0,6,1,2,,11.632,769,184448,0.491552,219,0,6.83333,,0,0,0,0,0,0,0,0,0,,750,705,,0,0,0,0
1613791520723,6,1010123456027,72,,1,0,6,1,2,,11.2597,747,183948,0.46448,212,0,6.5,,0,0,0,0,0,0,0,0,0,,750,666,,0,0,0,0
1613791520974,6,1010123456027,72,,1,0,6,1,2,,11.295,783,184110,0.470757,223,0,6.66667,,0,0,0,0,0,0,0,0,0,,750,714,,0,0,0,0
1613791521223,6,1010123456027,72,,1,0,6,1,2,,11.5937,768,183694,0.5049,225,0,6.85714,,0.1,33,0,0.1,9,0,0,4.02368,31,,750,717,,0,0,0,1.12121
1613791521473,6,1010123456027,72,,1,0,6,1,2,,11.7739,805,184201,0.512,226,0,6.8,,0,0,0,0,0,0,0,0,0,,750,732,,0,0,0,0
1613791521723,6,1010123456027,72,,1,0,6,1,2,,11.9415,735,184230,0.4864,210,0,7,,0,0,0,0,0,0,0,0,0,,750,663,,0,0,0,0
1613791521973,6,1010123456027,72,,1,0,6,1,2,,11.6489,749,184348,0.483872,213,0,6.83333,,0,0,0,0,0,0,0,0,0,,750,690,,0,0,0,0
1613791522223,6,1010123456027,72,,1,0,6,1,2,,11.4284,747,183454,0.470618,216,0,6.71429,,6.57143,35,0,0.1,11,36.3636,0,7.46418,31,,750,678,,0,0,0,4.71429
1613791522473,6,1010123456027,72,,1,0,6,1,2,,11.9554,808,183220,0.536736,231,0,7,,0,0,0,0,0,0,0,0,0,,750,738,,0,0,0,0
1613791522723,6,1010123456027,72,,1,0,6,1,2,,11.6984,736,183453,0.48256,214,0,6.83333,,0,0,0,0,0,0,0,0,0,,750,678,,0,0,0,0
1613791522973,6,1010123456027,72,,1,0,6,1,2,,12.5363,703,184100,0.504672,201,0,7.5,,0,0,0,0,0,0,0,0,0,,750,642,,0,0,0,0
1613791523223,6,1010123456027,72,,1,0,6,1,2,,11.9536,754,183468,0.508704,219,0,7,,8,30,0,0.1,9,44.4444,0,10.4469,31,,750,696,,0,0,0,4.73333
1613791523473,6,1010123456027,72,,1,0,6,1,2,,11.369,767,183768,0.480384,220,0,6.5,,0,0,0,0,0,0,0,0,0,,750,693,,0,0,0,0
1613791523723,6,1010123456027,72,,1,0,6,1,2,,10.2973,666,184196,0.376544,193,0,6.33333,,0,0,0,0,0,0,0,0,0,,750,603,,0,0,0,0
1613791523973,6,1010123456027,72,,1,0,6,1,2,,11.4432,713,184094,0.438233,200,0,6.66667,,0,0,0,0,0,0,0,0,0,,750,642,,0,0,0,0
1613791524223,6,1010123456027,72,,1,0,6,1,2,,11.0792,745,183502,0.463136,215,0,6.71429,,4.46667,15,0,0.1,5,0,0,2.46679,31,,750,690,,0,0,0,3.13333
1613791524473,6,1010123456027,72,,1,0,6,1,2,,10.5505,763,184161,0.463232,220,0,6.5,,0,0,0,0,0,0,0,0,0,,750,705,,0,0,0,0
1613791524723,6,1010123456027,72,,1,0,6,1,2,,11.9645,788,184320,0.528032,227,0,7,,0,0,0,0,0,0,0,0,0,,750,720,,0,0,0,0
1613791524973,6,1010123456027,72,,1,0,6,1,2,,11.4293,750,183287,0.473248,217,0,6.66667,,0,0,0,0,0,0,0,0,0,,750,693,,0,0,0,0
1613791525223,6,1010123456027,72,,1,0,6,1,2,,9.64907,701,183749,0.387264,204,0,5.85714,,0.1,33,0,0.1,9,11.1111,0,6.48283,31,,750,636,,0,0,0,2.21212
1613791525473,6,1010123456027,72,,1,0,6,1,2,,11.3914,700,183608,0.446272,201,0,6.33333,,0,0,0,0,0,0,0,0,0,,750,642,,0,0,0,0
1613791525723,6,1010123456027,72,,1,0,6,1,2,,11.1492,791,183653,0.4728,224,0,6.83333,,0,0,0,0,0,0,0,0,0,,750,717,,0,0,0,0
1613791525973,6,1010123456027,72,,1,0,6,1,2,,11.9365,709,184017,0.470048,203,0,7,,0,0,0,0,0,0,0,0,0,,750,654,,0,0,0,0
1613791526223,6,1010123456027,72,,1,0,6,1,2,,11.9373,749,183550,0.507438,218,0,7,,7.6,30,0,0.1,9,44.4444,0,7.59392,31,,750,693,,0,0,0,4.73333
1613791526473,6,1010123456027,72,,1,0,6,1,2,,11.146,733,184415,0.454715,209,0,6.66667,,0,0,0,0,0,0,0,0,0,,750,666,,0,0,0,0
1613791526723,6,1010123456027,72,,1,0,6,1,2,,11.9424,746,184079,0.503712,217,0,7,,0,0,0,0,0,0,0,0,0,,750,693,,0,0,0,0
1613791526973,6,1010123456027,72,,1,0,6,1,2,,11.7363,766,183601,0.496896,220,0,6.83333,,0,0,0,0,0,0,0,0,0,,750,705,,0,0,0,0
1613791527223,6,1010123456027,72,,1,0,6,1,2,,11.6914,742,183898,0.48,212,0,6.85714,,0,0,0,0,0,0,0,0,0,,750,672,,0,0,0,0
1613791527473,6,1010123456027,72,,1,0,6,1,2,,12.0855,807,183625,0.53744,227,0,7,,0.1,39,0,0.1,11,18.1818,0,1.9826,31,,750,723,,0,0,0,3.07692
1613791527723,6,1010123456027,72,,1,0,6,1,2,,11.9795,782,184178,0.519068,222,0,7,,0,0,0,0,0,0,0,0,0,,750,702,,0,0,0,0
1613791527973,6,1010123456027,72,,1,0,6,1,2,,11.4422,796,184001,0.490368,224,0,6.66667,,0,0,0,0,0,0,0,0,0,,750,714,,0,0,0,0
1613791528223,6,1010123456027,72,,1,0,6,1,2,,11.6467,719,183253,0.469984,209,0,6.85714,,6.77419,31,0,0.1,9,44.4444,0,6.84128,31,,750,657,,0,0,0,5.06452
1613791528473,6,1010123456027,72,,1,0,6,1,2,,11.8352,704,183921,0.460544,200,0,6.83333,,0,0,0,0,0,0,0,0,0,,750,642,,0,0,0,0
1613791528723,6,1010123456027,72,,1,0,6,1,2,,10.946,741,183737,0.442624,212,0,6.66667,,0,0,0,0,0,0,0,0,0,,750,666,,0,0,0,0
1613791528974,6,1010123456027,72,,1,0,6,1,2,,11.0792,758,184296,0.464255,219,0,6.5,,0,0,0,0,0,0,0,0,0,,750,705,,0,0,0,0
1613791529223,6,1010123456027,72,,1,0,6,1,2,,10.8469,751,184075,0.461687,220,0,6.14286,,0.1,46,0,0.1,13,30.7692,0,3.43703,31,,750,681,,0,0,0,4.26087
1613791529473,6,1010123456027,72,,1,0,6,1,2,,10.5749,701,183672,0.399488,200,0,6.66667,,0,0,0,0,0,0,0,0,0,,750,642,,0,0,0,0
1613791529723,6,1010123456027,72,,1,0,6,1,2,,11.4547,728,184397,0.457376,209,0,6.66667,,0,0,0,0,0,0,0,0,0,,750,669,,0,0,0,0
1613791529973,6,1010123456027,72,,1,0,6,1,2,,11.7183,756,184490,0.487616,216,0,6.83333,,0,0,0,0,0,0,0,0,0,,750,684,,0,0,0,0
1613791530223,6,1010123456027,72,,1,0,6,1,2,,11.4446,650,183799,0.416353,187,0,6.71429,,0.1,34,0,0.1,10,30,0,1.21756,31,,750,588,,0,0,0,4.32353
1613791530473,6,1010123456027,72,,1,0,6,1,2,,11.327,685,184143,0.41712,193,0,6.8,,0,0,0,0,0,0,0,0,0,,750,630,,0,0,0,0
1613791530723,6,1010123456027,72,,1,0,6,1,2,,11.5375,759,182989,0.487357,217,0,6.66667,,0,0,0,0,0,0,0,0,0,,750,675,,0,0,0,0
1613791530973,6,1010123456027,72,,1,0,6,1,2,,9.93108,740,184278,0.39136,210,0,6.4,,0,0,0,0,0,0,0,0,0,,750,672,,0,0,0,0
1613791531225,6,1010123456027,72,,1,0,6,1,2,,10.8795,747,184076,0.445227,215,0,6.57143,,3.58621,58,0,0.1,17,52.9412,0,3.29909,31,,753,687,,0,0,0,5.5
1613791531473,6,1010123456027,72,,1,0,6,1,2,,11.673,740,184210,0.487581,215,0,6.83333,,0,0,0,0,0,0,0,0,0,,747,675,,0,0,0,0
1613791531723,6,1010123456027,72,,1,0,6,1,2,,11.6774,775,183719,0.50016,222,0,6.83333,,0,0,0,0,0,0,0,0,0,,750,714,,0,0,0,0
1613791531973,6,1010123456027,72,,1,0,6,1,2,,10.6366,633,184251,0.382176,187,0,6.33333,,0,0,0,0,0,0,0,0,0,,750,570,,0,0,0,0
1613791532223,6,1010123456027,72,,1,0,6,1,2,,10.7703,679,183487,0.41645,192,0,6.66667,,0.1,4,0,0.1,1,0,0,17.4838,31,,750,615,,0,0,0,1
1613791532473,6,1010123456027,72,,1,0,6,1,2,,10.4595,729,184206,0.411072,208,0,6.66667,,14,13,0,0,4,100,0,1.3936,0,,750,663,,0,0,0,10
1613791532723,6,1010123456027,72,,1,0,6,1,2,,11.9776,802,184286,0.533024,229,0,7,,2.6087,23,0,0.1,6,83.3333,0,3.48075,31,,750,723,,0,0,0,8.82609
1613791532973,6,1010123456027,72,,1,0,6,1,2,,11.7398,757,183788,0.499104,219,0,6.83333,,6.6,25,0,0.1,7,42.8571,0,8.34877,0,,750,708,,0,0,0,4.96
1613791533223,6,1010123456027,72,,1,0,6,1,2,,10.7835,753,184024,0.434892,214,0,6.33333,,4.46512,43,0,0.1,13,53.8462,0,2.58831,31,,750,666,,0,0,0,5.60465
1613791533473,6,1010123456027,72,,1,0,6,1,2,,11.7716,740,184237,0.47376,209,0,6.83333,,0,0,0,0,0,0,0,0,0,,750,666,,0,0,0,0
1613791533723,6,1010123456027,72,,1,0,6,1,2,,11.5783,773,184205,0.494592,222,0,6.6,,0,0,0,0,0,0,0,0,0,,750,696,,0,0,0,0
1613791533973,6,1010123456027,72,,1,0,6,1,2,,11.8919,749,183993,0.48992,214,0,7,,0,0,0,0,0,0,0,0,0,,750,687,,0,0,0,0
1613791534223,6,1010123456027,72,,1,0,6,1,2,,11.1656,646,183402,0.411648,187,0,6.57143,,0.1,54,0,0.1,15,46.6667,0,3.52739,31,,750,594,,0,0,0,5.81482
1613791534473,6,1010123456027,72,,1,0,6,1,2,,11.9607,789,183571,0.520704,224,0,7,,0,0,0,0,0,0,0,0,0,,750,720,,0,0,0,0
1613791534723,6,1010123456027,72,,1,0,6,1,2,,11.6362,745,183829,0.481952,215,0,6.66667,,0,0,0,0,0,0,0,0,0,,750,687,,0,0,0,0
1613791534973,6,1010123456027,72,,1,0,6,1,2,,9.87548,787,184274,0.422656,226,0,6.4,,0,0,0,0,0,0,0,0,0,,750,723,,0,0,0,0
1613791535223,6,1010123456027,72,,1,0,6,1,2,,11.6726,730,184599,0.480675,207,0,7,,0,0,0,0,0,0,0,0,0,,750,660,,0,0,0,0
1613791535473,6,1010123456027,72,,1,0,6,1,2,,10.6179,738,183369,0.429216,213,0,6.5,,6.06667,30,0,0.1,9,44.4444,0,7.22081,31,,750,672,,0,0,0,4.9
1613791535723,6,1010123456027,72,,1,0,6,1,2,,11.727,751,183148,0.495584,219,0,6.83333,,0,0,0,0,0,0,0,0,0,,750,705,,0,0,0,0
1613791535974,6,1010123456027,72,,1,0,6,1,2,,11.6892,753,184425,0.496096,221,0,6.83333,,0,0,0,0,0,0,0,0,0,,750,687,,0,0,0,0
1613791536223,6,1010123456027,72,,1,0,6,1,2,,10.8099,768,183675,0.459598,219,0,6.57143,,0,0,0,0,0,0,0,0,0,,750,711,,0,0,0,0
1613791536473,6,1010123456027,72,,1,0,6,1,2,,10.9729,774,184311,0.470522,223,0,6.5,,0.1,51,0,0.1,15,53.3333,0,2.25977,31,,750,711,,0,0,0,6.47059
1613791536723,6,1010123456027,72,,1,0,6,1,2,,11.8058,721,183056,0.476896,207,0,7,,0,0,0,0,0,0,0,0,0,,750,660,,0,0,0,0
1613791536973,6,1010123456027,72,,1,0,6,1,2,,10.1072,709,184488,0.396916,205,0,6.16667,,0,0,0,0,0,0,0,0,0,,750,636,,0,0,0,0
1613791537223,6,1010123456027,72,,1,0,6,1,2,,9.86269,721,183347,0.3824,208,0,6,,0,0,0,0,0,0,0,0,0,,750,669,,0,0,0,0
1613791537473,6,1010123456027,72,,1,0,6,1,2,,11.9464,783,183684,0.51872,224,0,7,,7.73333,30,0,0.1,9,44.4444,0,7.60348,31,,750,717,,0,0,0,5.66667
1613791537723,6,1010123456027,72,,1,0,6,1,2,,11.2183,765,183960,0.48224,222,0,6.66667,,0,0,0,0,0,0,0,0,0,,750,702,,0,0,0,0
1613791537974,6,1010123456027,72,,1,0,6,1,2,,11.7198,753,183774,0.4931,219,0,6.83333,,0,0,0,0,0,0,0,0,0,,750,699,,0,0,0,0
1613791538223,6,1010123456027,72,,1,0,6,1,2,,11.6756,746,183715,0.486876,216,0,6.85714,,0,0,0,0,0,0,0,0,0,,750,690,,0,0,0,0
1613791538473,6,1010123456027,72,,1,0,6,1,2,,10.5547,741,184059,0.426336,212,0,6.33333,,4.28571,42,0,0.1,12,66.6667,0,5.23641,31,,750,675,,0,0,0,7
1613791538723,6,1010123456027,72,,1,0,6,1,2,,12.2846,794,183277,0.558464,230,0,7.16667,,0,0,0,0,0,0,0,0,0,,750,735,,0,0,0,0
1613791538973,6,1010123456027,72,,1,0,6,1,2,,11.5396,732,183755,0.469558,211,0,6.8,,0,0,0,0,0,0,0,0,0,,750,666,,0,0,0,0
1613791539224,6,1010123456027,72,,1,0,6,1,2,,11.9633,762,184269,0.51863,224,0,7,,0.1,77,0,0.1,23,39.1304,0,3.86695,31,,750,717,,0,0,0,4.42857
1613791539473,6,1010123456027,72,,1,0,6,1,2,,11.677,771,183723,0.501719,222,0,6.83333,,0,0,0,0,0,0,0,0,0,,750,711,,0,0,0,0
1613791539723,6,1010123456027,72,,1,0,6,1,2,,11.5115,737,184443,0.464736,211,0,6.66667,,0,0,0,0,0,0,0,0,0,,750,663,,0,0,0,0
1613791539974,6,1010123456027,72,,1,0,6,1,2,,11.4008,756,183370,0.47455,217,0,6.66667,,0,0,0,0,0,0,0,0,0,,750,684,,0,0,0,0
1613791540223,6,1010123456027,72,,1,0,6,1,2,,12.2543,763,183370,0.532112,220,0,7.14286,,7.05882,34,0,0.1,9,44.4444,0,6.72089,31,,750,705,,0,0,0,5.23529
1613791540473,6,1010123456027,72,,1,0,6,1,2,,10.9562,799,183586,0.48064,229,0,6.5,,0,0,0,0,0,0,0,0,0,,750,729,,0,0,0,0
1613791540723,6,1010123456027,72,,1,0,6,1,2,,11.0359,753,184545,0.455072,215,0,6.5,,0,0,0,0,0,0,0,0,0,,750,678,,0,0,0,0
1613791540973,6,1010123456027,72,,1,0,6,1,2,,12.284,771,184503,0.533687,219,0,7.16667,,0,0,0,0,0,0,0,0,0,,750,705,,0,0,0,0
1613791541223,6,1010123456027,72,,1,0,6,1,2,,14.128,750,184075,0.694169,222,0,7.85714,,15.2553,94,0,0.141944,31,87.0968,0,4.21533,31,,750,690,,0,0,0,8.79787
1613791541473,6,1010123456027,72,,1,0,6,1,2,,10.8963,733,184269,0.437655,207,0,6.33333,,0,0,0,0,0,0,0,0,0,,750,657,,0,0,0,0
1613791541723,6,1010123456027,72,,1,0,6,1,2,,10.9561,729,184345,0.428224,205,0,6.66667,,0,0,0,0,0,0,0,0,0,,750,657,,0,0,0,0
1613791541973,6,1010123456027,72,,1,0,6,1,2,,11.362,732,184037,0.448193,206,0,6.66667,,0,0,0,0,0,0,0,0,0,,750,657,,0,0,0,0
1613791542223,6,1010123456027,72,,1,0,6,1,2,,11.8489,715,184310,0.486651,209,0,6.71429,,6,30,0,0.1,9,44.4444,0,8.20016,31,,750,657,,0,0,0,4.6
1613791542473,6,1010123456027,72,,1,0,6,1,2,,11.2632,737,183598,0.453568,210,0,7,,0,0,0,0,0,0,0,0,0,,750,675,,0,0,0,0
1613791542723,6,1010123456027,72,,1,0,6,1,2,,12.3061,784,183281,0.547424,225,0,7.16667,,0,0,0,0,0,0,0,0,0,,750,714,,0,0,0,0
1613791542973,6,1010123456027,72,,1,0,6,1,2,,11.4139,778,183331,0.48304,221,0,6.66667,,0,0,0,0,0,0,0,0,0,,750,705,,0,0,0,0
1613791543223,6,1010123456027,72,,1,0,6,1,2,,10.6266,699,183956,0.426688,204,0,6.42857,,11.3043,23,0,0.1,6,66.6667,0,10.878,31,,750,642,,0,0,0,7.26087
1613791543473,6,1010123456027,72,,1,0,6,1,2,,10.1271,708,184203,0.376096,200,0,6,,0,0,0,0,0,0,0,0,0,,750,651,,0,0,0,0
1613791543723,6,1010123456027,72,,1,0,6,1,2,,11.1737,714,184339,0.439165,207,0,6.5,,0,0,0,0,0,0,0,0,0,,750,660,,0,0,0,0
1613791543973,6,1010123456027,72,,1,0,6,1,2,,11.5722,706,183875,0.449639,203,0,6.83333,,0,0,0,0,0,0,0,0,0,,750,639,,0,0,0,0
1613791544223,6,1010123456027,72,,1,0,6,1,2,,11.2353,748,184441,0.472064,215,0,6.71429,,6.4,35,0,0.1,10,40,0,7.37426,31,,750,687,,0,0,0,5.11429
1613791544473,6,1010123456027,72,,1,0,6,1,2,,12.0539,760,183516,0.516032,218,0,7,,0,0,0,0,0,0,0,0,0,,750,687,,0,0,0,0
1613791544723,6,1010123456027,72,,1,0,6,1,2,,11.7376,743,183576,0.483392,214,0,6.83333,,0,0,0,0,0,0,0,0,0,,750,678,,0,0,0,0
1613791544973,6,1010123456027,72,,1,0,6,1,2,,11.9631,759,184287,0.506699,217,0,7,,0,0,0,0,0,0,0,0,0,,750,699,,0,0,0,0
1613791545223,6,1010123456027,72,,1,0,6,1,2,,9.28509,684,184321,0.357622,200,0,5.57143,,0.1,33,0,0.1,9,11.1111,0,1.40579,31,,750,618,,0,0,0,3.66667
1613791545473,6,1010123456027,72,,1,0,6,1,2,,10.2391,690,184605,0.371168,192,0,6.33333,,0,0,0,0,0,0,0,0,0,,750,612,,0,0,0,0
1613791545723,6,1010123456027,72,,1,0,6,1,2,,11.3434,693,183312,0.43552,198,0,6.5,,0,0,0,0,0,0,0,0,0,,750,630,,0,0,0,0
1613791545973,6,1010123456027,72,,1,0,6,1,2,,11.5165,790,184389,0.496256,226,0,6.66667,,0,0,0,0,0,0,0,0,0,,750,723,,0,0,0,0
1613791546223,6,1010123456027,72,,1,0,6,1,2,,10.4125,686,184302,0.404064,202,0,6.42857,,6.35897,39,0,0.1,12,33.3333,0,8.54583,31,,750,627,,0,0,0,3.97436
1613791546473,6,1010123456027,72,,1,0,6,1,2,,11.581,716,183602,0.451936,203,0,6.83333,,0,0,0,0,0,0,0,0,0,,750,657,,0,0,0,0
1613791546723,6,1010123456027,72,,1,0,6,1,2,,11.7585,766,183168,0.50512,223,0,6.83333,,0,0,0,0,0,0,0,0,0,,750,705,,0,0,0,0
1613791546973,6,1010123456027,72,,1,0,6,1,2,,11.0969,764,183534,0.470112,219,0,6.66667,,0,0,0,0,0,0,0,0,0,,750,699,,0,0,0,0
1613791547223,6,1010123456027,72,,1,0,6,1,2,,11.7371,753,183424,0.49216,218,0,6.85714,,6.72414,29,0,0.1,9,44.4444,0,5.72973,31,,750,693,,0,0,0,5.03448
1613791547473,6,1010123456027,72,,1,0,6,1,2,,11.4123,718,183908,0.484884,208,0,6.33333,,0,0,0,0,0,0,0,0,0,,750,648,,0,0,0,0
1613791547723,6,1010123456027,72,,1,0,6,1,2,,9.83913,690,183184,0.360768,197,0,6.16667,,0,0,0,0,0,0,0,0,0,,750,627,,0,0,0,0
1613791547973,6,1010123456027,72,,1,0,6,1,2,,11.0916,786,183445,0.475136,224,0,6.66667,,0,0,0,0,0,0,0,0,0,,750,708,,0,0,0,0
1613791548223,6,1010123456027,72,,1,0,6,1,2,,14.0704,810,183450,0.71849,231,0,7.85714,,14.6364,88,0,0.136867,28,82.1429,0,4.67455,31,,750,744,,0,0,0,8.23485
1613791548473,6,1010123456027,72,,1,0,6,1,2,,11.4866,781,183487,0.487293,221,0,6.66667,,0,0,0,0,0,0,0,0,0,,750,705,,0,0,0,0
1613791548723,6,1010123456027,72,,1,0,6,1,2,,10.4699,681,183458,0.394816,196,0,6.33333,,0,0,0,0,0,0,0,0,0,,750,618,,0,0,0,0
1613791548974,6,1010123456027,72,,1,0,6,1,2,,11.637,719,184164,0.455522,204,0,6.8,,0,0,0,0,0,0,0,0,0,,750,654,,0,0,0,0
1613791549223,6,1010123456027,72,,1,0,6,1,2,,11.7143,770,183751,0.504096,222,0,6.85714,,0,0,0,0,0,0,0,0,0,,750,705,,0,0,0,0
1613791549473,6,1010123456027,72,,1,0,6,1,2,,11.9614,726,184016,0.475566,204,0,7,,7.27273,33,0,0.1,9,44.4444,0,6.36091,31,,750,660,,0,0,0,5.36364
1613791549723,6,1010123456027,72,,1,0,6,1,2,,11.9687,766,183305,0.51608,221,0,7,,0,0,0,0,0,0,0,0,0,,750,696,,0,0,0,0
1613791549973,6,1010123456027,72,,1,0,6,1,2,,11.3129,783,183632,0.473728,220,0,6.5,,0,0,0,0,0,0,0,0,0,,750,705,,0,0,0,0
1613791550223,6,1010123456027,72,,1,0,6,1,2,,11.7235,810,184240,0.517976,230,0,6.85714,,7.27273,33,0,0.1,9,44.4444,0,6.19593,31,,750,726,,0,0,0,5.36364
1613791550473,6,1010123456027,72,,1,0,6,1,2,,11.8412,781,183254,0.522056,225,0,6.83333,,0,0,0,0,0,0,0,0,0,,750,720,,0,0,0,0
1613791550723,6,1010123456027,72,,1,0,6,1,2,,11.298,745,184066,0.460241,215,0,6.66667,,0,0,0,0,0,0,0,0,0,,750,681,,0,0,0,0
1613791550973,6,1010123456027,72,,1,0,6,1,2,,9.64963,665,183397,0.371296,193,0,6,,0,0,0,0,0,0,0,0,0,,750,597,,0,0,0,0
1613791551223,6,1010123456027,72,,1,0,6,1,2,,10.8186,678,184252,0.415325,193,0,5.71429,,0,0,0,0,0,0,0,0,0,,750,633,,0,0,0,0
1613791551473,6,1010123456027,72,,1,0,6,1,2,,10.0961,739,183259,0.419744,215,0,7,,0,0,0,0,0,0,0,0,0,,750,669,,0,0,0,0
1613791551723,6,1010123456027,72,,1,0,6,1,2,,11.7301,741,183271,0.484884,214,0,6.83333,,0.1,59,0,0.1,17,23.5294,0,5.39415,31,,750,687,,0,0,0,3.18644
1613791551973,6,1010123456027,72,,1,0,6,1,2,,12.0148,742,184216,0.499456,212,0,7,,0,0,0,0,0,0,0,0,0,,750,669,,0,0,0,0
1613791552223,6,1010123456027,72,,1,0,6,1,2,,10.1936,723,183912,0.4088,209,0,6.28571,,0,0,0,0,0,0,0,0,0,,750,654,,0,0,0,0
1613791552473,6,1010123456027,72,,1,0,6,1,2,,11.7264,793,183277,0.502651,223,0,6.83333,,0.1,33,0,0.1,9,11.1111,0,1.66991,31,,750,717,,0,0,0,2.54545
1613791552723,6,1010123456027,72,,1,0,6,1,2,,10.5995,769,183257,0.447647,219,0,6.33333,,0,0,0,0,0,0,0,0,0,,750,696,,0,0,0,0
1613791552973,6,1010123456027,72,,1,0,6,1,2,,10.281,662,183873,0.368032,189,0,6.2,,0,0,0,0,0,0,0,0,0,,750,597,,0,0,0,0
1613791553223,6,1010123456027,72,,1,0,6,1,2,,11.9007,695,184485,0.471008,203,0,6.85714,,4.61538,39,0,0.1,12,66.6667,0,5.82704,31,,750,636,,0,0,0,6.53846
1613791553473,6,1010123456027,72,,1,0,6,1,2,,11.0971,772,183972,0.447488,216,0,6.5,,0,0,0,0,0,0,0,0,0,,750,687,,0,0,0,0
1613791553723,6,1010123456027,72,,1,0,6,1,2,,12.3025,767,183793,0.540416,222,0,7.16667,,0,0,0,0,0,0,0,0,0,,750,699,,0,0,0,0
1613791553973,6,1010123456027,72,,1,0,6,1,2,,11.2312,692,183930,0.431232,199,0,6.66667,,0,0,0,0,0,0,0,0,0,,750,630,,0,0,0,0
1613791554223,6,1010123456027,72,,1,0,6,1,2,,11.9167,672,183651,0.45072,195,0,7,,2.2069,29,0,0.1,8,0,0,7.88242,31,,750,615,,0,0,0,1
1613791554473,6,1010123456027,72,,1,0,6,1,2,,11.6286,770,183360,0.493141,219,0,6.66667,,0,0,0,0,0,0,0,0,0,,750,705,,0,0,0,0
1613791554723,6,1010123456027,72,,1,0,6,1,2,,11.7143,735,183866,0.470944,209,0,6.83333,,0,0,0,0,0,0,0,0,0,,750,663,,0,0,0,0
1613791554973,6,1010123456027,72,,1,0,6,1,2,,10.2941,714,183886,0.398747,203,0,6.16667,,0,0,0,0,0,0,0,0,0,,750,642,,0,0,0,0
1613791555223,6,1010123456027,72,,1,0,6,1,2,,11.6755,715,184366,0.466378,208,0,6.85714,,0,21,0,0.1,7,71.4286,0,0,31,,750,669,,0,0,0,0
1613791555473,6,1010123456027,72,,1,0,6,1,2,,11.9447,760,183912,0.499759,215,0,7,,0,0,0,0,0,0,0,0,0,,750,690,,0,0,0,0
1613791555723,6,1010123456027,72,,1,0,6,1,2,,11.9788,756,183585,0.50064,215,0,7,,0,0,0,0,0,0,0,0,0,,750,672,,0,0,0,0
1613791555974,6,1010123456027,72,,1,0,6,1,2,,10.3838,667,184142,0.372303,191,0,6.16667,,0,0,0,0,0,0,0,0,0,,753,606,,0,0,0,0
1613791556223,6,1010123456027,72,,1,0,6,1,2,,11.2914,779,184430,0.477365,224,0,6.57143,,7.27273,33,0,0.1,9,44.4444,0,5.94041,31,,747,717,,0,0,0,5.36364
1613791556473,6,1010123456027,72,,1,0,6,1,2,,11.9513,781,183621,0.516768,223,0,7,,0,0,0,0,0,0,0,0,0,,750,705,,0,0,0,0
1613791556723,6,1010123456027,72,,1,0,6,1,2,,11.8102,806,184037,0.518144,226,0,6.83333,,0,0,0,0,0,0,0,0,0,,750,723,,0,0,0,0
1613791556973,6,1010123456027,72,,1,0,6,1,2,,11.6796,724,184505,0.473952,213,0,6.8,,0,0,0,0,0,0,0,0,0,,750,675,,0,0,0,0
1613791557223,6,1010123456027,72,,1,0,6,1,2,,12.2262,694,183120,0.47536,197,0,7.14286,,0.1,35,0,0.1,10,30,0,4.82697,31,,750,633,,0,0,0,4.17143
1613791557473,6,1010123456027,72,,1,0,6,1,2,,11.3801,692,183316,0.429088,197,0,6.8,,0,0,0,0,0,0,0,0,0,,750,630,,0,0,0,0
1613791557723,6,1010123456027,72,,1,0,6,1,2,,11.0487,759,184309,0.458667,220,0,6.33333,,0,0,0,0,0,0,0,0,0,,750,696,,0,0,0,0
1613791557973,6,1010123456027,72,,1,0,6,1,2,,11.741,753,184087,0.499904,220,0,6.83333,,0,0,0,0,0,0,0,0,0,,750,696,,0,0,0,0
1613791558223,6,1010123456027,72,,1,0,6,1,2,,11.8861,746,183707,0.502683,218,0,7,,5.6,30,0,0.1,9,44.4444,0,7.19056,31,,750,684,,0,0,0,4.6
1613791558473,6,1010123456027,72,,1,0,6,1,2,,11.6373,783,184486,0.501856,223,0,6.66667,,0,0,0,0,0,0,0,0,0,,750,720,,0,0,0,0
1613791558723,6,1010123456027,72,,1,0,6,1,2,,10.1253,726,184176,0.402656,211,0,6.16667,,0,0,0,0,0,0,0,0,0,,750,672,,0,0,0,0
1613791558973,6,1010123456027,72,,1,0,6,1,2,,11.6643,712,183416,0.46304,206,0,6.83333,,0,0,0,0,0,0,0,0,0,,750,651,,0,0,0,0
1613791559223,6,1010123456027,72,,1,0,6,1,2,,11.9425,730,183229,0.496288,213,0,6.85714,,6,30,0,0.1,9,44.4444,0,7.37994,31,,750,678,,0,0,0,4.73333
1613791559473,6,1010123456027,72,,1,0,6,1,2,,10.9742,736,184499,0.436755,208,0,6.66667,,0,0,0,0,0,0,0,0,0,,750,657,,0,0,0,0
1613791559723,6,1010123456027,72,,1,0,6,1,2,,11.5187,750,183359,0.485655,218,0,6.66667,,0,0,0,0,0,0,0,0,0,,750,696,,0,0,0,0
1613791559973,6,1010123456027,72,,1,0,6,1,2,,11.7661,701,183810,0.463136,205,0,7,,0,0,0,0,0,0,0,0,0,,750,654,,0,0,0,0
1613791560223,6,1010123456027,72,,1,0,6,1,2,,10.5197,660,184145,0.383775,189,0,6.42857,,0,0,0,0,0,0,0,0,0,,750,603,,0,0,0,0
1613791560473,6,1010123456027,72,,1,0,6,1,2,,12.093,785,184061,0.53568,226,0,7,,0.1,27,0,0.1,8,0,0,2.31365,31,,750,723,,0,0,0,1.22222
1613791560723,6,1010123456027,72,,1,0,6,1,2,,11.6693,768,183661,0.499456,222,0,6.8,,0,0,0,0,0,0,0,0,0,,750,705,,0,0,0,0
1613791560973,6,1010123456027,72,,1,0,6,1,2,,12.2831,770,183455,0.539392,222,0,7.16667,,0,0,0,0,0,0,0,0,0,,750,702,,0,0,0,0
1613791561223,6,1010123456027,72,,1,0,6,1,2,,9.69744,704,183881,0.381088,205,0,6,,0.1,31,0,0.1,9,0,0,4.52717,31,,750,651,,0,0,0,1
1613791561473,6,1010123456027,72,,1,0,6,1,2,,11.6802,788,183275,0.507181,224,0,6.66667,,0,0,0,0,0,0,0,0,0,,750,720,,0,0,0,0
1613791561723,6,1010123456027,72,,1,0,6,1,2,,11.7526,772,184397,0.499808,221,0,7,,0,0,0,0,0,0,0,0,0,,750,693,,0,0,0,0
1613791561973,6,1010123456027,72,,1,0,6,1,2,,10.7192,780,184106,0.446336,218,0,6.33333,,0,0,0,0,0,0,0,0,0,,750,705,,0,0,0,0
1613791562223,6,1010123456027,72,,1,0,6,1,2,,10.932,662,183808,0.401664,191,0,6.57143,,0.1,23,0,0.1,7,0,0,2.03355,31,,750,600,,0,0,0,2.21739
1613791562473,6,1010123456027,72,,1,0,6,1,2,,11.4035,751,184341,0.464032,213,0,6.66667,,0,0,0,0,0,0,0,0,0,,750,681,,0,0,0,0
1613791562723,6,1010123456027,72,,1,0,6,1,2,,11.7114,783,183605,0.515116,227,0,6.83333,,0,0,0,0,0,0,0,0,0,,750,720,,0,0,0,0
1613791562973,6,1010123456027,72,,1,0,6,1,2,,11.9528,741,183247,0.497024,214,0,7,,0,0,0,0,0,0,0,0,0,,750,681,,0,0,0,0
1613791563223,6,1010123456027,72,,1,0,6,1,2,,11.9145,772,183666,0.525472,227,0,6.85714,,0.1,48,0,0.1,14,50,0,3.1771,31,,750,720,,0,0,0,5.9375
1613791563474,6,1010123456027,72,,1,0,6,1,2,,11.5982,764,183646,0.485259,217,0,6.83333,,0,0,0,0,0,0,0,0,0,,750,690,,0,0,0,0
1613791563723,6,1010123456027,72,,1,0,6,1,2,,10.8682,713,184158,0.417639,205,0,6.5,,0,0,0,0,0,0,0,0,0,,750,666,,0,0,0,0
1613791563973,6,1010123456027,72,,1,0,6,1,2,,11.7857,798,184513,0.521863,229,0,6.83333,,0,0,0,0,0,0,0,0,0,,750,726,,0,0,0,0
1613791564223,6,1010123456027,72,,1,0,6,1,2,,12.3017,696,183140,0.48432,201,0,7,,0,0,0,0,0,0,0,0,0,,750,639,,0,0,0,0
1613791564473,6,1010123456027,72,,1,0,6,1,2,,11.7446,791,183973,0.506048,224,0,6.83333,,5.81818,33,0,0.1,9,44.4444,0,6.13044,31,,750,717,,0,0,0,5.48485
1613791564723,6,1010123456027,72,,1,0,6,1,2,,10.5716,782,184058,0.44176,223,0,6.16667,,0,0,0,0,0,0,0,0,0,,750,708,,0,0,0,0
1613791564973,6,1010123456027,72,,1,0,6,1,2,,11.4835,759,184356,0.470496,215,0,6.83333,,0,0,0,0,0,0,0,0,0,,750,693,,0,0,0,0
1613791565223,6,1010123456027,72,,1,0,6,1,2,,10.413,741,183622,0.423422,214,0,6.28571,,0.1,57,0,0.1,16,37.5,0,5.38976,31,,750,666,,0,0,0,4.84211
1613791565473,6,1010123456027,72,,1,0,6,1,2,,11.9833,779,183958,0.52,223,0,7,,0,0,0,0,0,0,0,0,0,,750,717,,0,0,0,0
1613791565723,6,1010123456027,72,,1,0,6,1,2,,11.9447,796,183949,0.535776,231,0,7,,0,0,0,0,0,0,0,0,0,,750,729,,0,0,0,0
1613791565973,6,1010123456027,72,,1,0,6,1,2,,11.7027,750,184023,0.48352,214,0,6.83333,,0,0,0,0,0,0,0,0,0,,750,684,,0,0,0,0
1613791566223,6,1010123456027,72,,1,0,6,1,2,,10.25,716,183364,0.423232,212,0,6,,8.16667,48,0,0.1,14,57.1429,0,3.7488,31,,750,672,,0,0,0,6.3125
1613791566473,6,1010123456027,72,,1,0,6,1,2,,10.1264,728,184165,0.402464,208,0,6.5,,0,0,0,0,0,0,0,0,0,,750,669,,0,0,0,0
1613791566723,6,1010123456027,72,,1,0,6,1,2,,11.6857,719,183474,0.472448,210,0,6.83333,,0,0,0,0,0,0,0,0,0,,750,651,,0,0,0,0
1613791566973,6,1010123456027,72,,1,0,6,1,2,,10.9495,733,183505,0.428209,204,0,6.5,,0,0,0,0,0,0,0,0,0,,750,660,,0,0,0,0
1613791567223,6,1010123456027,72,,1,0,6,1,2,,11.0328,732,183129,0.456928,215,0,6.57143,,0.1,27,0,0.1,9,22.2222,0,3.40328,31,,750,681,,0,0,0,3.51852
1613791567473,6,1010123456027,72,,1,0,6,1,2,,10.0566,777,184471,0.438624,221,0,6.16667,,0,0,0,0,0,0,0,0,0,,750,699,,0,0,0,0
1613791567723,6,1010123456027,72,,1,0,6,1,2,,10.9294,751,183968,0.465856,220,0,6.33333,,0,0,0,0,0,0,0,0,0,,750,693,,0,0,0,0
1613791567973,6,1010123456027,72,,1,0,6,1,2,,11.216,750,183157,0.456352,212,0,6.66667,,0,0,0,0,0,0,0,0,0,,750,678,,0,0,0,0
1613791568223,6,1010123456027,72,,1,0,6,1,2,,11.7487,760,183954,0.513928,226,0,6.85714,,5.6,30,0,0.1,9,44.4444,0,7.77236,31,,750,720,,0,0,0,4.6
1613791568473,6,1010123456027,72,,1,0,6,1,2,,11.7995,783,183388,0.504386,221,0,6.83333,,0,0,0,0,0,0,0,0,0,,750,708,,0,0,0,0
1613791568723,6,1010123456027,72,,1,0,6,1,2,,11.6179,759,183346,0.491791,219,0,6.83333,,0,0,0,0,0,0,0,0,0,,750,699,,0,0,0,0
1613791568973,6,1010123456027,72,,1,0,6,1,2,,10.5492,701,184403,0.400064,200,0,6.16667,,0,0,0,0,0,0,0,0,0,,750,651,,0,0,0,0
1613791569223,6,1010123456027,72,,1,0,6,1,2,,11.1932,735,183595,0.471456,221,0,6.42857,,11.4737,19,0,0.1,6,66.6667,0,11.335,31,,750,699,,0,0,0,7.15789
1613791569473,6,1010123456027,72,,1,0,6,1,2,,11.53,766,183702,0.477824,218,0,6.83333,,0,0,0,0,0,0,0,0,0,,750,696,,0,0,0,0
1613791569723,6,1010123456027,72,,1,0,6,1,2,,11.9502,783,184254,0.516768,223,0,7,,0,0,0,0,0,0,0,0,0,,750,705,,0,0,0,0
1613791569973,6,1010123456027,72,,1,0,6,1,2,,11.7643,751,184345,0.482185,212,0,6.83333,,0,0,0,0,0,0,0,0,0,,750,681,,0,0,0,0
1613791570223,6,1010123456027,72,,1,0,6,1,2,,11.6722,723,183376,0.476851,212,0,6.85714,,8.3125,32,0,0.1,9,55.5556,0,6.83654,31,,750,663,,0,0,0,6.71875
1613791570473,6,1010123456027,72,,1,0,6,1,2,,11.0055,725,183243,0.44144,207,0,6.5,,0,0,0,0,0,0,0,0,0,,750,660,,0,0,0,0
1613791570723,6,1010123456027,72,,1,0,6,1,2,,10.6399,711,183978,0.416864,206,0,6.5,,0,0,0,0,0,0,0,0,0,,750,657,,0,0,0,0
1613791570973,6,1010123456027,72,,1,0,6,1,2,,11.1446,740,174587,0.461344,214,0,6.5,,0,0,0,0,0,0,0,0,0,,750,684,,0,0,0,0
1613791571223,6,1010123456027,72,,1,0,6,1,2,,11.4427,646,184038,0.417092,190,0,6.71429,,6,30,0,0.1,9,44.4444,0,10.8104,31,,750,603,,0,0,0,4.6
1613791571473,6,1010123456027,72,,1,0,6,1,2,,11.9807,778,184374,0.519968,223,0,7,,0,0,0,0,0,0,0,0,0,,750,708,,0,0,0,0
1613791571723,6,1010123456027,72,,1,0,6,1,2,,9.20648,586,184133,0.30176,169,0,5.66667,,0,0,0,0,0,0,0,0,0,,750,534,,0,0,0,0
1613791571973,6,1010123456027,72,,1,0,6,1,2,,11.685,765,183847,0.497542,220,0,6.83333,,0,0,0,0,0,0,0,0,0,,750,696,,0,0,0,0
1613791572223,6,1010123456027,72,,1,0,6,1,2,,9.62098,715,184067,0.389815,207,0,5.85714,,0.1,86,0,0.1,25,48,0,3.71115,31,,750,657,,0,0,0,5.67442
1613791572473,6,1010123456027,72,,1,0,6,1,2,,11.9267,764,183400,0.520835,221,0,6.66667,,0,0,0,0,0,0,0,0,0,,750,696,,0,0,0,0
1613791572723,6,1010123456027,72,,1,0,6,1,2,,10.7985,650,183385,0.378924,183,0,6.6,,0,0,0,0,0,0,0,0,0,,750,591,,0,0,0,0
1613791572973,6,1010123456027,72,,1,0,6,1,2,,11.1601,762,183810,0.470336,218,0,6.66667,,0,0,0,0,0,0,0,0,0,,750,690,,0,0,0,0
1613791573223,6,1010123456027,72,,1,0,6,1,2,,11.9501,741,183199,0.5104,220,0,7,,6.5625,32,0,0.1,9,44.4444,0,7.82453,31,,750,696,,0,0,0,4.9375
1613791573473,6,1010123456027,72,,1,0,6,1,2,,10.5688,603,183107,0.342554,171,0,6.33333,,0,0,0,0,0,0,0,0,0,,750,552,,0,0,0,0
1613791573723,6,1010123456027,72,,1,0,6,1,2,,11.9222,771,183690,0.520867,224,0,7,,0,0,0,0,0,0,0,0,0,,750,705,,0,0,0,0
1613791573973,6,1010123456027,72,,1,0,6,1,2,,12.2848,748,183908,0.5224,215,0,7.16667,,0,0,0,0,0,0,0,0,0,,750,687,,0,0,0,0
1613791574223,6,1010123456027,72,,1,0,6,1,2,,11.7969,778,184573,0.5136,226,0,6.85714,,5.42222,45,0,0.102656,13,30.7692,0,7.12332,31,,750,720,,0,0,0,3.48889
1613791574473,6,1010123456027,72,,1,0,6,1,2,,11.0505,732,184366,0.449568,209,0,6.33333,,0,0,0,0,0,0,0,0,0,,750,672,,0,0,0,0
1613791574723,6,1010123456027,72,,1,0,6,1,2,,10.6295,772,183973,0.450336,223,0,6.5,,0,0,0,0,0,0,0,0,0,,750,708,,0,0,0,0
1613791574973,6,1010123456027,72,,1,0,6,1,2,,11.0385,754,183242,0.461216,218,0,6.66667,,0,0,0,0,0,0,0,0,0,,750,693,,0,0,0,0
1613791575223,6,1010123456027,72,,1,0,6,1,2,,11.6732,768,184345,0.49776,221,0,6.83333,,0,0,0,0,0,0,0,0,0,,750,711,,0,0,0,0
1613791575473,6,1010123456027,72,,1,0,6,1,2,,12.2228,727,183693,0.50496,210,0,7.16667,,0,0,0,0,0,0,0,0,0,,750,663,,0,0,0,0
1613791575723,6,1010123456027,72,,1,0,6,1,2,,11.6384,672,183665,0.440576,196,0,6.83333,,4,42,0,0.1,12,66.6667,0,5.22808,31,,750,621,,0,0,0,7.07143
1613791575973,6,1010123456027,72,,1,0,6,1,2,,10.4687,655,184420,0.375325,186,0,6.16667,,0,0,0,0,0,0,0,0,0,,750,579,,0,0,0,0
1613791576224,6,1010123456027,72,,1,0,6,1,2,,11.8737,744,184168,0.484175,214,0,7,,5.09091,33,0,0.1,10,40,0,7.04628,31,,750,684,,0,0,0,4.27273
1613791576473,6,1010123456027,72,,1,0,6,1,2,,11.9218,754,183606,0.506474,218,0,7,,0,0,0,0,0,0,0,0,0,,750,693,,0,0,0,0
1613791576723,6,1010123456027,72,,1,0,6,1,2,,11.5359,711,184364,0.466731,205,0,6.66667,,0,0,0,0,0,0,0,0,0,,750,654,,0,0,0,0
1613791576973,6,1010123456027,72,,1,0,6,1,2,,11.6859,729,184565,0.471584,211,0,7,,0,0,0,0,0,0,0,0,0,,750,678,,0,0,0,0
1613791577223,6,1010123456027,72,,1,0,6,1,2,,11.7022,759,184324,0.495968,219,0,6.85714,,6,30,0,0.1,9,44.4444,0,7.339,31,,750,696,,0,0,0,4.6
1613791577473,6,1010123456027,72,,1,0,6,1,2,,11.4372,716,183897,0.45024,206,0,6.66667,,0,0,0,0,0,0,0,0,0,,750,660,,0,0,0,0
1613791577723,6,1010123456027,72,,1,0,6,1,2,,11.2326,774,184058,0.491136,224,0,6.5,,0,0,0,0,0,0,0,0,0,,750,714,,0,0,0,0
1613791577973,6,1010123456027,72,,1,0,6,1,2,,11.6826,794,183365,0.501719,224,0,7,,0,0,0,0,0,0,0,0,0,,750,714,,0,0,0,0
1613791578223,6,1010123456027,72,,1,0,6,1,2,,11.0594,707,183681,0.434827,206,0,6.57143,,4.30769,39,0,0.1,12,66.6667,0,5.6184,31,,750,651,,0,0,0,6.53846
1613791578473,6,1010123456027,72,,1,0,6,1,2,,11.6983,779,184661,0.496448,220,0,6.83333,,0,0,0,0,0,0,0,0,0,,750,705,,0,0,0,0
1613791578723,6,1010123456027,72,,1,0,6,1,2,,11.9263,733,184560,0.497735,214,0,7,,0,0,0,0,0,0,0,0,0,,750,675,,0,0,0,0
1613791578973,6,1010123456027,72,,1,0,6,1,2,,11.3057,749,183670,0.461216,213,0,6.66667,,0,0,0,0,0,0,0,0,0,,750,684,,0,0,0,0
1613791579223,6,1010123456027,72,,1,0,6,1,2,,11.6424,755,183546,0.49488,221,0,6.85714,,0.1,32,0,0.1,9,11.1111,0,2.24938,31,,750,702,,0,0,0,2.84375
1613791579473,6,1010123456027,72,,1,0,6,1,2,,11.7283,773,183291,0.491727,217,0,6.83333,,0,0,0,0,0,0,0,0,0,,750,684,,0,0,0,0
1613791579723,6,1010123456027,72,,1,0,6,1,2,,11.4518,726,184264,0.458592,207,0,6.66667,,0,0,0,0,0,0,0,0,0,,750,651,,0,0,0,0
1613791579973,6,1010123456027,72,,1,0,6,1,2,,11.8245,701,183778,0.450528,199,0,7,,0,0,0,0,0,0,0,0,0,,750,630,,0,0,0,0
1613791580223,6,1010123456027,72,,1,0,6,1,2,,11.7539,760,183406,0.500305,220,0,6.85714,,5.6,30,0,0.1,9,44.4444,0,7.73369,31,,750,711,,0,0,0,4.6
1613791580473,6,1010123456027,72,,1,0,6,1,2,,11.2402,737,184600,0.458088,214,0,6.5,,0,0,0,0,0,0,0,0,0,,750,666,,0,0,0,0
1613791580723,6,1010123456027,72,,1,0,6,1,2,,10.9093,706,183586,0.422976,200,0,6.33333,,0,0,0,0,0,0,0,0,0,,750,654,,0,0,0,0
1613791580973,6,1010123456027,72,,1,0,6,1,2,,11.4478,757,183712,0.474635,218,0,6.83333,,0,0,0,0,0,0,0,0,0,,750,699,,0,0,0,0
1613791581223,6,1010123456027,72,,1,0,6,1,2,,10.1879,612,183798,0.359229,182,0,5.85714,,0.1,35,0,0.1,10,20,0,1.65248,31,,750,549,,0,0,0,3.11429
1613791581473,6,1010123456027,72,,1,0,6,1,2,,11.126,738,183408,0.438586,205,0,7,,0,0,0,0,0,0,0,0,0,,750,675,,0,0,0,0
1613791581723,6,1010123456027,72,,1,0,6,1,2,,11.6976,744,183723,0.482496,214,0,6.83333,,0,0,0,0,0,0,0,0,0,,750,663,,0,0,0,0
1613791581973,6,1010123456027,72,,1,0,6,1,2,,11.2227,732,183329,0.441984,204,0,6.66667,,0,0,0,0,0,0,0,0,0,,750,663,,0,0,0,0
1613791582223,6,1010123456027,72,,1,0,6,1,2,,11.4901,755,183767,0.476544,218,0,6.71429,,5.10638,47,0,0.1,13,30.7692,0,11.1851,31,,750,690,,0,0,0,4.06383
1613791582473,6,1010123456027,72,,1,0,6,1,2,,11.9456,791,183788,0.528448,228,0,7,,0,0,0,0,0,0,0,0,0,,750,732,,0,0,0,0
1613791582723,6,1010123456027,72,,1,0,6,1,2,,11.4784,740,184294,0.473696,215,0,6.66667,,0,0,0,0,0,0,0,0,0,,750,687,,0,0,0,0
1613791582973,6,1010123456027,72,,1,0,6,1,2,,11.3819,762,183251,0.471808,218,0,6.66667,,0,0,0,0,0,0,0,0,0,,750,690,,0,0,0,0
1613791583223,6,1010123456027,72,,1,0,6,1,2,,11.4126,698,184617,0.441928,203,0,6.66667,,4.57143,49,0,0.1,14,64.2857,0,3.74084,31,,750,642,,0,0,0,7.18367
1613791583473,6,1010123456027,72,,1,0,6,1,2,,11.0651,753,183875,0.466272,218,0,6.66667,,0,0,0,0,0,0,0,0,0,,750,684,,0,0,0,0
1613791583723,6,1010123456027,72,,1,0,6,1,2,,11.3976,757,184261,0.476128,219,0,6.66667,,0,0,0,0,0,0,0,0,0,,750,702,,0,0,0,0
1613791583973,6,1010123456027,72,,1,0,6,1,2,,11.7549,759,183956,0.489024,216,0,6.83333,,0,0,0,0,0,0,0,0,0,,750,693,,0,0,0,0
1613791584223,6,1010123456027,72,,1,0,6,1,2,,10.4249,666,184154,0.39939,199,0,6,,0.1,29,0,0.1,8,12.5,0,1.18984,31,,750,615,,0,0,0,3.82759
1613791584473,6,1010123456027,72,,1,0,6,1,2,,10.768,707,183282,0.421632,203,0,6.5,,0,0,0,0,0,0,0,0,0,,750,657,,0,0,0,0
1613791584723,6,1010123456027,72,,1,0,6,1,2,,11.332,735,183917,0.45392,211,0,6.83333,,0,0,0,0,0,0,0,0,0,,750,681,,0,0,0,0
1613791584973,6,1010123456027,72,,1,0,6,1,2,,11.7296,747,184038,0.481221,212,0,6.83333,,0,0,0,0,0,0,0,0,0,,750,681,,0,0,0,0
1613791585223,6,1010123456027,72,,1,0,6,1,2,,11.4941,769,183537,0.505024,223,0,6.85714,,1.15385,39,0,0.1,12,25,0,8.57316,31,,750,702,,0,0,0,3.33333
1613791585473,6,1010123456027,72,,1,0,6,1,2,,11.2108,759,183823,0.476819,219,0,6.66667,,0,0,0,0,0,0,0,0,0,,750,696,,0,0,0,0
1613791585723,6,1010123456027,72,,1,0,6,1,2,,11.6748,778,183274,0.50912,226,0,6.83333,,0,0,0,0,0,0,0,0,0,,750,708,,0,0,0,0
1613791585973,6,1010123456027,72,,1,0,6,1,2,,10.6921,695,184207,0.410024,200,0,6.33333,,0,0,0,0,0,0,0,0,0,,750,633,,0,0,0,0
1613791586223,6,1010123456027,72,,1,0,6,1,2,,11.9592,785,184447,0.525216,227,0,7,,0.1,22,0,0.1,6,16.6667,0,11.1443,31,,750,717,,0,0,0,2.63636
1613791586473,6,1010123456027,72,,1,0,6,1,2,,11.6451,772,184272,0.4872,217,0,6.83333,,0,0,0,0,0,0,0,0,0,,750,702,,0,0,0,0
1613791586723,6,1010123456027,72,,1,0,6,1,2,,11.8539,801,183226,0.52576,228,0,6.83333,,0,0,0,0,0,0,0,0,0,,750,726,,0,0,0,0
1613791586973,6,1010123456027,72,,1,0,6,1,2,,10.8742,787,184030,0.456256,221,0,6.5,,0,0,0,0,0,0,0,0,0,,750,705,,0,0,0,0
1613791587223,6,1010123456027,72,,1,0,6,1,2,,11.4455,743,184651,0.472768,216,0,6.71429,,0,0,0,0,0,0,0,0,0,,750,687,,0,0,0,0
1613791587473,6,1010123456027,72,,1,0,6,1,2,,10.8403,714,183564,0.420224,203,0,6.5,,0,0,0,0,0,0,0,0,0,,750,645,,0,0,0,0
1613791587723,6,1010123456027,72,,1,0,6,1,2,,11.7451,718,184090,0.472448,208,0,6.83333,,15,16,0,0,4,100,0,2.42779,0,,750,660,,0,0,0,10
1613791587973,6,1010123456027,72,,1,0,6,1,2,,11.4133,634,183580,0.411808,189,0,6.83333,,5.14286,7,0,0.1,2,0,0,28.4651,31,,750,597,,0,0,0,1
1613791588223,6,1010123456027,72,,1,0,6,1,2,,11.483,737,183918,0.469622,213,0,6.71429,,15.4342,76,0,0.141301,23,78.2609,0,6.34952,31,,750,690,,0,0,0,7.92105
1613791588473,6,1010123456027,72,,1,0,6,1,2,,11.1206,763,183168,0.46596,216,0,6.66667,,0,0,0,0,0,0,0,0,0,,750,687,,0,0,0,0
1613791588723,6,1010123456027,72,,1,0,6,1,2,,10.6597,717,184039,0.413184,204,0,6,,0,0,0,0,0,0,0,0,0,,750,648,,0,0,0,0
1613791588973,6,1010123456027,72,,1,0,6,1,2,,10.8356,742,183819,0.446816,217,0,6.5,,0,0,0,0,0,0,0,0,0,,750,687,,0,0,0,0
1613791589223,6,1010123456027,72,,1,0,6,1,2,,10.8198,766,183384,0.456835,218,0,6.57143,,0.1,56,0,0.1,16,18.75,0,3.28798,31,,750,690,,0,0,0,2.92857
1613791589473,6,1010123456027,72,,1,0,6,1,2,,11.777,816,183661,0.521414,229,0,6.83333,,0,0,0,0,0,0,0,0,0,,750,741,,0,0,0,0
1613791589723,6,1010123456027,72,,1,0,6,1,2,,11.3249,794,183814,0.486426,226,0,6.6,,0,0,0,0,0,0,0,0,0,,750,720,,0,0,0,0
1613791589973,6,1010123456027,72,,1,0,6,1,2,,11.9626,775,184259,0.516032,222,0,7,,0,0,0,0,0,0,0,0,0,,750,711,,0,0,0,0
1613791590223,6,1010123456027,72,,1,0,6,1,2,,11.6951,774,184157,0.49812,220,0,6.71429,,6.69565,69,0,0.1,19,84.2105,0,3.23763,31,,750,702,,0,0,0,8.82609
1613791590473,6,1010123456027,72,,1,0,6,1,2,,11.7291,801,183319,0.509398,225,0,7,,0,0,0,0,0,0,0,0,0,,750,723,,0,0,0,0
1613791590723,6,1010123456027,72,,1,0,6,1,2,,11.2757,740,184270,0.459968,212,0,6.5,,0,0,0,0,0,0,0,0,0,,750,663,,0,0,0,0
1613791590973,6,1010123456027,72,,1,0,6,1,2,,10.4312,698,184165,0.391968,199,0,6.16667,,0,0,0,0,0,0,0,0,0,,750,627,,0,0,0,0
1613791591223,6,1010123456027,72,,1,0,6,1,2,,11.9691,777,183168,0.523116,224,0,7,,4.6875,48,0,0.1,15,80,0,5.65035,31,,750,717,,0,0,0,7.9375
1613791591473,6,1010123456027,72,,1,0,6,1,2,,12.206,762,183752,0.504608,214,0,8,,0,0,0,0,0,0,0,0,0,,750,678,,0,0,0,0
1613791591723,6,1010123456027,72,,1,0,6,1,2,,13.1344,729,183702,0.643149,210,0,7,,0,0,0,0,0,0,0,0,0,,750,660,,0,0,0,0
1613791591973,6,1010123456027,72,,1,0,6,1,2,,11.9837,798,183703,0.525462,225,0,7,,0,0,0,0,0,0,0,0,0,,750,729,,0,0,0,0
1613791592223,6,1010123456027,72,,1,0,6,1,2,,11.9523,754,183151,0.50808,218,0,7,,14.2105,19,0,0.1,6,66.6667,0,18.1512,31,,750,690,,0,0,0,6.68421
1613791592473,6,1010123456027,72,,1,0,6,1,2,,11.6534,753,183124,0.488835,217,0,6.83333,,0,0,0,0,0,0,0,0,0,,750,690,,0,0,0,0
1613791592723,6,1010123456027,72,,1,0,6,1,2,,10.8169,732,184453,0.442944,213,0,6.5,,0,0,0,0,0,0,0,0,0,,750,678,,0,0,0,0
1613791592973,6,1010123456027,72,,1,0,6,1,2,,11.7687,804,183293,0.525888,230,0,6.83333,,0,0,0,0,0,0,0,0,0,,750,738,,0,0,0,0
1613791593223,6,1010123456027,72,,1,0,6,1,2,,11.7434,799,183970,0.510304,227,0,6.85714,,8.63636,33,0,0.1,9,44.4444,0,5.96184,31,,750,714,,0,0,0,5.36364
1613791593473,6,1010123456027,72,,1,0,6,1,2,,11.2686,767,183241,0.46352,217,0,6.5,,0,0,0,0,0,0,0,0,0,,750,699,,0,0,0,0
1613791593723,6,1010123456027,72,,1,0,6,1,2,,11.3134,785,183190,0.492672,228,0,6.5,,0,0,0,0,0,0,0,0,0,,750,720,,0,0,0,0
1613791593974,6,1010123456027,72,,1,0,6,1,2,,11.4907,754,183341,0.473466,217,0,6.83333,,0,0,0,0,0,0,0,0,0,,750,699,,0,0,0,0
1613791594223,6,1010123456027,72,,1,0,6,1,2,,11.2943,761,183747,0.479839,221,0,6.71429,,0.1,30,0,0.1,9,11.1111,0,5.02772,31,,750,696,,0,0,0,3.1
1613791594473,6,1010123456027,72,,1,0,6,1,2,,12.1823,779,183816,0.528608,219,0,7,,0,0,0,0,0,0,0,0,0,,750,696,,0,0,0,0
1613791594723,6,1010123456027,72,,1,0,6,1,2,,11.9118,782,184208,0.521478,225,0,7,,0,0,0,0,0,0,0,0,0,,750,717,,0,0,0,0
1613791594973,6,1010123456027,72,,1,0,6,1,2,,10.2992,752,183337,0.432418,216,0,6.16667,,0,0,0,0,0,0,0,0,0,,750,678,,0,0,0,0
1613791595223,6,1010123456027,72,,1,0,6,1,2,,11.5665,782,184415,0.491168,223,0,6.71429,,0.1,43,0,0.1,14,35.7143,0,1.77004,31,,750,717,,0,0,0,4.48837
1613791595473,6,1010123456027,72,,1,0,6,1,2,,11.4186,700,184414,0.435791,200,0,6.83333,,0,0,0,0,0,0,0,0,0,,750,627,,0,0,0,0
1613791595723,6,1010123456027,72,,1,0,6,1,2,,9.57266,695,183937,0.366176,201,0,5.83333,,0,0,0,0,0,0,0,0,0,,750,633,,0,0,0,0
1613791595974,6,1010123456027,72,,1,0,6,1,2,,11.9714,770,184362,0.512287,221,0,7,,0,0,0,0,0,0,0,0,0,,750,702,,0,0,0,0
1613791596223,6,1010123456027,72,,1,0,6,1,2,,11.7439,656,183175,0.437687,193,0,6.85714,,7.4375,32,0,0.1,9,55.5556,0,7.04355,31,,750,609,,0,0,0,6.15625
1613791596473,6,1010123456027,72,,1,0,6,1,2,,10.4031,712,184324,0.403712,202,0,6.16667,,0,0,0,0,0,0,0,0,0,,750,645,,0,0,0,0
1613791596723,6,1010123456027,72,,1,0,6,1,2,,11.5874,778,184215,0.48544,220,0,6.83333,,0,0,0,0,0,0,0,0,0,,750,702,,0,0,0,0
1613791596973,6,1010123456027,72,,1,0,6,1,2,,11.9609,767,183514,0.506056,217,0,7,,0,0,0,0,0,0,0,0,0,,750,699,,0,0,0,0
1613791597223,6,1010123456027,72,,1,0,6,1,2,,11.9464,783,183999,0.523855,225,0,7,,1.84615,26,0,0.1,8,0,0,5.86235,31,,750,711,,0,0,0,1.26923
1613791597473,6,1010123456027,72,,1,0,6,1,2,,11.9551,779,184543,0.513056,221,0,7,,0,0,0,0,0,0,0,0,0,,750,705,,0,0,0,0
1613791597723,6,1010123456027,72,,1,0,6,1,2,,11.644,778,184287,0.496514,220,0,6.83333,,0,0,0,0,0,0,0,0,0,,750,699,,0,0,0,0
1613791597973,6,1010123456027,72,,1,0,6,1,2,,11.9592,808,184277,0.531104,229,0,7,,0,0,0,0,0,0,0,0,0,,750,735,,0,0,0,0
1613791598223,6,1010123456027,72,,1,0,6,1,2,,11.6468,688,183783,0.460594,204,0,6.85714,,13,16,0,0,4,100,0,3.06057,0,,750,645,,0,0,0,10
1613791598473,6,1010123456027,72,,1,0,6,1,2,,11.1997,771,184178,0.473189,218,0,6.66667,,0.1,7,0,0.1,2,0,0,3.44487,31,,750,690,,0,0,0,1
1613791598723,6,1010123456027,72,,1,0,6,1,2,,11.5565,726,183229,0.475438,212,0,6.66667,,0,0,0,0,0,0,0,0,0,,750,678,,0,0,0,0
1613791598973,6,1010123456027,72,,1,0,6,1,2,,10.8919,657,184392,0.40032,190,0,6.66667,,0,0,0,0,0,0,0,0,0,,750,591,,0,0,0,0
1613791599223,6,1010123456027,72,,1,0,6,1,2,,10.7848,697,183797,0.409863,201,0,6.42857,,5.625,40,0,0.1,12,66.6667,0,5.13005,31,,750,648,,0,0,0,7.3
1613791599473,6,1010123456027,72,,1,0,6,1,2,,11.678,795,184335,0.51776,230,0,6.66667,,0,0,0,0,0,0,0,0,0,,750,732,,0,0,0,0
1613791599723,6,1010123456027,72,,1,0,6,1,2,,10.8395,760,183909,0.451264,219,0,6.5,,0,0,0,0,0,0,0,0,0,,750,705,,0,0,0,0
1613791599973,6,1010123456027,72,,1,0,6,1,2,,11.1156,761,183270,0.462656,218,0,6.5,,0,0,0,0,0,0,0,0,0,,750,690,,0,0,0,0
1613791600223,6,1010123456027,72,,1,0,6,1,2,,11.6769,746,183414,0.484256,217,0,6.85714,,0,0,0,0,0,0,0,0,0,,750,687,,0,0,0,0
1613791600473,6,1010123456027,72,,1,0,6,1,2,,10.1213,742,184231,0.418016,216,0,6.16667,,5.2973,37,0,0.1,11,36.3636,0,4.87235,31,,750,690,,0,0,0,4.56757
1613791600723,6,1010123456027,72,,1,0,6,1,2,,11.7169,770,184031,0.487486,215,0,6.8,,0,0,0,0,0,0,0,0,0,,750,693,,0,0,0,0
1613791600973,6,1010123456027,72,,1,0,6,1,2,,11.4895,764,184237,0.476787,216,0,6.66667,,0,0,0,0,0,0,0,0,0,,750,690,,0,0,0,0
1613791601223,6,1010123456027,72,,1,0,6,1,2,,10.3892,627,183675,0.369092,185,0,6.28571,,4.89796,49,0,0.1,14,64.2857,0,2.67165,31,,750,579,,0,0,0,7.10204
1613791601473,6,1010123456027,72,,1,0,6,1,2,,11.9478,766,184574,0.50496,218,0,7,,0,0,0,0,0,0,0,0,0,,750,693,,0,0,0,0
1613791601723,6,1010123456027,72,,1,0,6,1,2,,11.4262,732,184211,0.450528,207,0,6.66667,,0,0,0,0,0,0,0,0,0,,750,663,,0,0,0,0
1613791601974,6,1010123456027,72,,1,0,6,1,2,,11.4517,715,183828,0.441753,202,0,6.66667,,0,0,0,0,0,0,0,0,0,,750,654,,0,0,0,0
1613791602223,6,1010123456027,72,,1,0,6,1,2,,11.7632,798,184368,0.522795,230,0,6.85714,,0.1,31,0,0.1,9,22.2222,0,1.34056,31,,750,726,,0,0,0,3.51613
1613791602473,6,1010123456027,72,,1,0,6,1,2,,10.9162,776,183500,0.464192,222,0,6.5,,0,0,0,0,0,0,0,0,0,,750,711,,0,0,0,0
1613791602723,6,1010123456027,72,,1,0,6,1,2,,11.5152,726,184202,0.471518,212,0,6.66667,,0,0,0,0,0,0,0,0,0,,750,678,,0,0,0,0
1613791602973,6,1010123456027,72,,1,0,6,1,2,,11.6619,772,183909,0.488928,219,0,6.8,,0,0,0,0,0,0,0,0,0,,750,705,,0,0,0,0
1613791603223,6,1010123456027,72,,1,0,6,1,2,,11.4859,745,184341,0.476145,216,0,6.71429,,6.78788,33,0,0.1,9,44.4444,0,7.09866,31,,750,687,,0,0,0,5.48485
1613791603473,6,1010123456027,72,,1,0,6,1,2,,11.9294,765,183629,0.508819,219,0,7,,0,0,0,0,0,0,0,0,0,,750,699,,0,0,0,0
1613791603723,6,1010123456027,72,,1,0,6,1,2,,11.6207,754,183539,0.493696,220,0,6.83333,,0,0,0,0,0,0,0,0,0,,750,699,,0,0,0,0
1613791603973,6,1010123456027,72,,1,0,6,1,2,,11.569,775,183301,0.492416,222,0,6.66667,,0,0,0,0,0,0,0,0,0,,750,711,,0,0,0,0
1613791604223,6,1010123456027,72,,1,0,6,1,2,,11.2599,704,183400,0.434624,201,0,6.71429,,0,0,0,0,0,0,0,0,0,,750,645,,0,0,0,0
1613791604473,6,1010123456027,72,,1,0,6,1,2,,11.7534,746,183393,0.485984,215,0,6.83333,,0.1,45,0,0.1,12,41.6667,0,1.67949,31,,750,687,,0,0,0,5.62222
1613791604723,6,1010123456027,72,,1,0,6,1,2,,11.9143,747,184365,0.507663,215,0,6.83333,,0,0,0,0,0,0,0,0,0,,750,684,,0,0,0,0
1613791604973,6,1010123456027,72,,1,0,6,1,2,,11.3517,816,184079,0.491181,228,0,6.66667,,0,0,0,0,0,0,0,0,0,,750,732,,0,0,0,0
1613791605223,6,1010123456027,72,,1,0,6,1,2,,11.9187,738,184089,0.494144,214,0,7,,2.07407,27,0,0.1,8,0,0,7.61428,31,,750,672,,0,0,0,1.44444
1613791605473,6,1010123456027,72,,1,0,6,1,2,,11.8193,758,183788,0.488,211,0,6.83333,,0,0,0,0,0,0,0,0,0,,750,678,,0,0,0,0
1613791605723,6,1010123456027,72,,1,0,6,1,2,,11.6838,740,184220,0.478944,213,0,6.83333,,0,0,0,0,0,0,0,0,0,,750,666,,0,0,0,0
1613791605973,6,1010123456027,72,,1,0,6,1,2,,10.2426,705,184244,0.38832,198,0,6.33333,,0,0,0,0,0,0,0,0,0,,750,636,,0,0,0,0
1613791606223,6,1010123456027,72,,1,0,6,1,2,,11.2494,794,184337,0.492498,229,0,6.57143,,6.6875,48,0,0.1,13,61.5385,0,7.14114,31,,750,726,,0,0,0,7
1613791606473,6,1010123456027,72,,1,0,6,1,2,,11.8864,722,184442,0.480353,207,0,6.83333,,0,0,0,0,0,0,0,0,0,,750,669,,0,0,0,0
1613791606723,6,1010123456027,72,,1,0,6,1,2,,10.5014,706,184285,0.391936,200,0,6.33333,,0,0,0,0,0,0,0,0,0,,750,642,,0,0,0,0
1613791606973,6,1010123456027,72,,1,0,6,1,2,,11.7289,760,184233,0.485216,215,0,6.83333,,0,0,0,0,0,0,0,0,0,,750,681,,0,0,0,0
1613791607223,6,1010123456027,72,,1,0,6,1,2,,11.5339,781,183917,0.501216,227,0,6.57143,,15,16,0,0,4,100,0,2.31046,0,,750,720,,0,0,0,10
1613791607473,6,1010123456027,72,,1,0,6,1,2,,12.664,753,184389,0.562016,217,0,7.33333,,6,36,0,0.1,11,72.7273,0,7.60537,31,,750,678,,0,0,0,7
1613791607723,6,1010123456027,72,,1,0,6,1,2,,11.2024,751,183557,0.478394,218,0,6.5,,0,3,0,0.1,1,0,0,0,0,,750,699,,0,0,0,0
1613791607974,6,1010123456027,72,,1,0,6,1,2,,11.433,702,183365,0.436717,200,0,6.83333,,0,0,0,0,0,0,0,0,0,,750,636,,0,0,0,0
1613791608223,6,1010123456027,72,,1,0,6,1,2,,10.9056,752,183172,0.445494,218,0,6.42857,,0,0,0,0,0,0,0,0,0,,750,687,,0,0,0,0
1613791608473,6,1010123456027,72,,1,0,6,1,2,,10.8562,786,183636,0.466912,227,0,6.5,,5.6,30,0,0.1,9,44.4444,0,7.37767,31,,750,729,,0,0,0,4.6
1613791608723,6,1010123456027,72,,1,0,6,1,2,,14.8664,741,184067,0.75248,215,0,8.33333,,0,0,0,0,0,0,0,0,0,,750,678,,0,0,0,0
1613791608973,6,1010123456027,72,,1,0,6,1,2,,11.4627,750,184376,0.476416,216,0,6.66667,,0,0,0,0,0,0,0,0,0,,750,693,,0,0,0,0
1613791609223,6,1010123456027,72,,1,0,6,1,2,,10.8855,716,183445,0.428864,206,0,6.57143,,5.33333,42,0,0.1,12,66.6667,0,4.75292,31,,750,642,,0,0,0,7
1613791609473,6,1010123456027,72,,1,0,6,1,2,,10.5148,709,183333,0.390554,198,0,6.16667,,0,0,0,0,0,0,0,0,0,,750,630,,0,0,0,0
1613791609723,6,1010123456027,72,,1,0,6,1,2,,11.4026,780,183526,0.480352,221,0,6.66667,,0,0,0,0,0,0,0,0,0,,750,708,,0,0,0,0
1613791609973,6,1010123456027,72,,1,0,6,1,2,,10.1248,809,183362,0.446426,228,0,6.16667,,0,0,0,0,0,0,0,0,0,,750,735,,0,0,0,0
1613791610223,6,1010123456027,72,,1,0,6,1,2,,11.9436,763,184350,0.504768,218,0,7,,0.1,30,0,0.1,9,11.1111,0,2.00802,31,,750,687,,0,0,0,2.5
1613791610473,6,1010123456027,72,,1,0,6,1,2,,11.9959,723,184204,0.494908,205,0,6.83333,,0,0,0,0,0,0,0,0,0,,750,660,,0,0,0,0
1613791610723,6,1010123456027,72,,1,0,6,1,2,,10.4927,749,184455,0.428384,217,0,6.5,,0,0,0,0,0,0,0,0,0,,750,693,,0,0,0,0
1613791610973,6,1010123456027,72,,1,0,6,1,2,,11.9583,719,184434,0.482924,207,0,7,,0,0,0,0,0,0,0,0,0,,750,669,,0,0,0,0
1613791611223,6,1010123456027,72,,1,0,6,1,2,,11.9341,744,184118,0.503072,217,0,7,,6,30,0,0.1,9,44.4444,0,9.39309,31,,750,681,,0,0,0,5
1613791611473,6,1010123456027,72,,1,0,6,1,2,,11.4449,753,184449,0.469976,214,0,6.66667,,0,0,0,0,0,0,0,0,0,,750,687,,0,0,0,0
1613791611723,6,1010123456027,72,,1,0,6,1,2,,14.383,765,183909,0.690208,219,0,8,,0,0,0,0,0,0,0,0,0,,750,702,,0,0,0,0
1613791611973,6,1010123456027,72,,1,0,6,1,2,,10.8209,748,184084,0.43968,210,0,6.33333,,0,0,0,0,0,0,0,0,0,,750,663,,0,0,0,0
1613791612223,6,1010123456027,72,,1,0,6,1,2,,10.5134,744,184434,0.427823,216,0,6.42857,,0.1,32,0,0.1,9,11.1111,0,1.60075,31,,750,681,,0,0,0,2.4375
1613791612473,6,1010123456027,72,,1,0,6,1,2,,11.9553,738,184433,0.484,209,0,7,,0,0,0,0,0,0,0,0,0,,750,666,,0,0,0,0
1613791612723,6,1010123456027,72,,1,0,6,1,2,,10.4346,665,183393,0.378272,189,0,6.16667,,0,0,0,0,0,0,0,0,0,,750,603,,0,0,0,0
1613791612974,6,1010123456027,72,,1,0,6,1,2,,10.7758,736,183278,0.438976,214,0,6.5,,0,0,0,0,0,0,0,0,0,,750,687,,0,0,0,0
1613791613223,6,1010123456027,72,,1,0,6,1,2,,11.9416,771,183990,0.516177,222,0,7,,0.1,36,0,0.1,10,0,0,4.60605,31,,750,702,,0,0,0,1.30556
1613791613473,6,1010123456027,72,,1,0,6,1,2,,11.5083,722,183557,0.452241,206,0,6.66667,,0,0,0,0,0,0,0,0,0,,750,654,,0,0,0,0
1613791613723,6,1010123456027,72,,1,0,6,1,2,,11.8035,748,183353,0.495232,216,0,6.83333,,0,0,0,0,0,0,0,0,0,,750,684,,0,0,0,0
1613791613973,6,1010123456027,72,,1,0,6,1,2,,10.1687,646,184501,0.366201,192,0,6.16667,,0,0,0,0,0,0,0,0,0,,750,600,,0,0,0,0
1613791614223,6,1010123456027,72,,1,0,6,1,2,,10.5299,702,183592,0.420819,202,0,6.28571,,15.2424,99,0,0.129831,32,87.5,0,4.1515,31,,750,651,,0,0,0,8.81818
1613791614473,6,1010123456027,72,,1,0,6,1,2,,11.7629,776,183215,0.484928,216,0,6.83333,,0,0,0,0,0,0,0,0,0,,750,699,,0,0,0,0
1613791614723,6,1010123456027,72,,1,0,6,1,2,,11.5997,692,183346,0.437108,195,0,6.83333,,0,0,0,0,0,0,0,0,0,,750,618,,0,0,0,0
1613791614973,6,1010123456027,72,,1,0,6,1,2,,11.9835,787,183609,0.529472,224,0,7,,0,0,0,0,0,0,0,0,0,,750,696,,0,0,0,0
1613791615223,6,1010123456027,72,,1,0,6,1,2,,11.8974,731,183791,0.475663,207,0,7,,4.97778,45,0,0.1,12,58.3333,0,4.34036,31,,750,666,,0,0,0,6.66667
1613791615473,6,1010123456027,72,,1,0,6,1,2,,11.9589,682,183108,0.457312,197,0,7,,0,0,0,0,0,0,0,0,0,,750,627,,0,0,0,0
1613791615723,6,1010123456027,72,,1,0,6,1,2,,11.924,776,183859,0.515168,223,0,7,,0,0,0,0,0,0,0,0,0,,750,705,,0,0,0,0
1613791615973,6,1010123456027,72,,1,0,6,1,2,,10.4971,686,183879,0.386024,194,0,6.33333,,0,0,0,0,0,0,0,0,0,,750,624,,0,0,0,0
1613791616223,6,1010123456027,72,,1,0,6,1,2,,11.7312,759,183442,0.504546,222,0,6.85714,,2.06452,31,0,0.1,9,11.1111,0,6.6832,31,,750,711,,0,0,0,2
1613791616473,6,1010123456027,72,,1,0,6,1,2,,11.715,772,184361,0.505157,223,0,6.83333,,0,0,0,0,0,0,0,0,0,,750,714,,0,0,0,0
1613791616723,6,1010123456027,72,,1,0,6,1,2,,11.7333,720,183500,0.473349,209,0,6.83333,,0,0,0,0,0,0,0,0,0,,750,663,,0,0,0,0
1613791616973,6,1010123456027,72,,1,0,6,1,2,,11.7426,746,183681,0.47456,210,0,6.83333,,0,0,0,0,0,0,0,0,0,,750,678,,0,0,0,0
1613791617223,6,1010123456027,72,,1,0,6,1,2,,10.4862,726,184339,0.426048,209,0,6,,0,0,0,0,0,0,0,0,0,,750,666,,0,0,0,0
1613791617473,6,1010123456027,72,,1,0,6,1,2,,9.10131,612,183847,0.303936,174,0,6,,3.21429,56,0,0.1,17,76.4706,0,2.00495,31,,750,555,,0,0,0,8.17857
1613791617723,6,1010123456027,72,,1,0,6,1,2,,10.1192,780,184036,0.441606,227,0,6.16667,,0,0,0,0,0,0,0,0,0,,750,720,,0,0,0,0
1613791617973,6,1010123456027,72,,1,0,6,1,2,,11.4944,716,183505,0.453783,206,0,6.66667,,0,0,0,0,0,0,0,0,0,,750,666,,0,0,0,0
1613791618223,6,1010123456027,72,,1,0,6,1,2,,11.9497,775,183968,0.52176,225,0,7,,4.8,30,0,0.1,9,44.4444,0,7.77061,31,,750,717,,0,0,0,4.6
1613791618473,6,1010123456027,72,,1,0,6,1,2,,10.8281,768,183570,0.450185,216,0,6.5,,0,0,0,0,0,0,0,0,0,,750,687,,0,0,0,0
1613791618723,6,1010123456027,72,,1,0,6,1,2,,10.9238,774,184384,0.46657,220,0,6.5,,0,0,0,0,0,0,0,0,0,,750,696,,0,0,0,0
1613791618973,6,1010123456027,72,,1,0,6,1,2,,14.2617,703,183190,0.660256,199,0,7.83333,,0,0,0,0,0,0,0,0,0,,750,633,,0,0,0,0
1613791619223,6,1010123456027,72,,1,0,6,1,2,,10.7009,769,184343,0.448608,223,0,6.42857,,5.6,30,0,0.1,9,44.4444,0,7.64338,31,,750,705,,0,0,0,4.6
1613791619473,6,1010123456027,72,,1,0,6,1,2,,11.6967,788,183548,0.50976,226,0,6.83333,,0,0,0,0,0,0,0,0,0,,750,714,,0,0,0,0
1613791619723,6,1010123456027,72,,1,0,6,1,2,,12.0242,785,183459,0.538304,228,0,7,,0,0,0,0,0,0,0,0,0,,750,726,,0,0,0,0
1613791619973,6,1010123456027,72,,1,0,6,1,2,,10.6969,706,184287,0.415325,202,0,6.33333,,0,0,0,0,0,0,0,0,0,,750,645,,0,0,0,0
1613791620223,6,1010123456027,72,,1,0,6,1,2,,10.1125,711,184606,0.382016,203,0,6,,0,0,0,0,0,0,0,0,0,,750,651,,0,0,0,0
1613791620473,6,1010123456027,72,,1,0,6,1,2,,11.5818,770,184424,0.49088,222,0,6.83333,,5.09091,33,0,0.1,10,40,0,7.60479,31,,750,714,,0,0,0,4.27273
1613791620723,6,1010123456027,72,,1,0,6,1,2,,10.9335,782,183430,0.475584,226,0,6.5,,0,0,0,0,0,0,0,0,0,,750,717,,0,0,0,0
1613791620973,6,1010123456027,72,,1,0,6,1,2,,10.7211,692,184167,0.416546,201,0,6.2,,0,0,0,0,0,0,0,0,0,,750,636,,0,0,0,0
1613791621223,6,1010123456027,72,,1,0,6,1,2,,11.9571,700,184568,0.472578,203,0,7,,14.64,75,0,0.142201,25,80,0,6.20755,31,,750,639,,0,0,0,7.81778
1613791621473,6,1010123456027,72,,1,0,6,1,2,,11.2923,763,183568,0.467392,214,0,6.66667,,0,0,0,0,0,0,0,0,0,,750,684,,0,0,0,0
1613791621723,6,1010123456027,72,,1,0,6,1,2,,11.7685,782,184344,0.51024,225,0,6.83333,,0,0,0,0,0,0,0,0,0,,750,714,,0,0,0,0
1613791621974,6,1010123456027,72,,1,0,6,1,2,,11.3702,705,184091,0.447299,206,0,6.66667,,0,0,0,0,0,0,0,0,0,,750,651,,0,0,0,0
1613791622223,6,1010123456027,72,,1,0,6,1,2,,11.1265,751,183392,0.464161,215,0,6.71429,,2.07407,27,0,0.1,8,0,0,10.6855,31,,750,681,,0,0,0,1.11111
1613791622473,6,1010123456027,72,,1,0,6,1,2,,11.0082,729,183567,0.43824,209,0,6.5,,0,0,0,0,0,0,0,0,0,,750,663,,0,0,0,0
1613791622723,6,1010123456027,72,,1,0,6,1,2,,11.9544,746,183428,0.484305,208,0,7,,0,0,0,0,0,0,0,0,0,,750,678,,0,0,0,0
1613791622973,6,1010123456027,72,,1,0,6,1,2,,11.625,752,183709,0.476402,212,0,6.83333,,0,0,0,0,0,0,0,0,0,,750,669,,0,0,0,0
1613791623223,6,1010123456027,72,,1,0,6,1,2,,11.3168,767,184054,0.480352,219,0,6.71429,,6.78788,33,0,0.1,9,44.4444,0,7.4794,31,,750,693,,0,0,0,5.36364
1613791623473,6,1010123456027,72,,1,0,6,1,2,,11.7124,758,183847,0.489536,218,0,6.83333,,0,0,0,0,0,0,0,0,0,,750,693,,0,0,0,0
1613791623724,6,1010123456027,72,,1,0,6,1,2,,10.4752,705,183371,0.407776,203,0,6.33333,,0,0,0,0,0,0,0,0,0,,750,648,,0,0,0,0
1613791623973,6,1010123456027,72,,1,0,6,1,2,,11.9417,737,184329,0.500723,215,0,7,,0,0,0,0,0,0,0,0,0,,750,684,,0,0,0,0
1613791624223,6,1010123456027,72,,1,0,6,1,2,,14.1439,799,184178,0.729606,227,0,7.85714,,6.78788,33,0,0.1,9,44.4444,0,6.07155,31,,750,726,,0,0,0,5.36364
1613791624473,6,1010123456027,72,,1,0,6,1,2,,11.6426,789,183537,0.51264,228,0,6.66667,,0,0,0,0,0,0,0,0,0,,750,720,,0,0,0,0
1613791624723,6,1010123456027,72,,1,0,6,1,2,,11.5302,713,184396,0.451823,205,0,6.83333,,0,0,0,0,0,0,0,0,0,,750,657,,0,0,0,0
1613791624973,6,1010123456027,72,,1,0,6,1,2,,11.6118,711,183771,0.463264,207,0,6.83333,,0,0,0,0,0,0,0,0,0,,750,651,,0,0,0,0
1613791625223,6,1010123456027,72,,1,0,6,1,2,,11.4459,767,183795,0.483149,220,0,6.71429,,3.67347,49,0,0.1,14,64.2857,0,2.53965,31,,750,702,,0,0,0,7.4898
1613791625473,6,1010123456027,72,,1,0,6,1,2,,11.7197,785,183123,0.508273,224,0,6.83333,,0,0,0,0,0,0,0,0,0,,750,714,,0,0,0,0
1613791625723,6,1010123456027,72,,1,0,6,1,2,,11.3609,690,183268,0.43568,201,0,6.66667,,0,0,0,0,0,0,0,0,0,,750,627,,0,0,0,0
1613791625973,6,1010123456027,72,,1,0,6,1,2,,11.949,784,183526,0.5224,225,0,7,,0,0,0,0,0,0,0,0,0,,750,726,,0,0,0,0
1613791626223,6,1010123456027,72,,1,0,6,1,2,,11.192,750,184105,0.475648,219,0,6.57143,,0,0,0,0,0,0,0,0,0,,750,693,,0,0,0,0
1613791626473,6,1010123456027,72,,1,0,6,1,2,,11.8969,747,183612,0.488896,214,0,7.16667,,5.6,30,0,0.1,9,44.4444,0,7.5992,31,,750,693,,0,0,0,4.6
1613791626723,6,1010123456027,72,,1,0,6,1,2,,11.9079,782,183957,0.528768,226,0,6.83333,,0,0,0,0,0,0,0,0,0,,750,726,,0,0,0,0
1613791626973,6,1010123456027,72,,1,0,6,1,2,,11.3486,720,183613,0.453462,206,0,6.66667,,0,0,0,0,0,0,0,0,0,,750,654,,0,0,0,0
1613791627223,6,1010123456027,72,,1,0,6,1,2,,11.4803,787,183491,0.493728,227,0,6.71429,,8.81633,49,0,0.1,13,61.5385,0,6.94654,31,,750,714,,0,0,0,6.87755
1613791627473,6,1010123456027,72,,1,0,6,1,2,,11.4172,755,184004,0.475936,215,0,6.5,,0,0,0,0,0,0,0,0,0,,750,684,,0,0,0,0
1613791627723,6,1010123456027,72,,1,0,6,1,2,,8.41464,697,183409,0.316466,198,0,5.33333,,0,0,0,0,0,0,0,0,0,,750,627,,0,0,0,0
1613791627973,6,1010123456027,72,,1,0,6,1,2,,11.6974,770,183102,0.486592,216,0,6.83333,,0,0,0,0,0,0,0,0,0,,750,696,,0,0,0,0
1613791628223,6,1010123456027,72,,1,0,6,1,2,,11.9304,747,184306,0.504768,218,0,7,,0.1,31,0,0.1,9,0,0,2.21239,31,,750,687,,0,0,0,1
1613791628473,6,1010123456027,72,,1,0,6,1,2,,11.8891,667,183866,0.443438,190,0,7,,0,0,0,0,0,0,0,0,0,,750,615,,0,0,0,0
1613791628723,6,1010123456027,72,,1,0,6,1,2,,11.823,712,184165,0.470432,205,0,7,,0,0,0,0,0,0,0,0,0,,750,651,,0,0,0,0
1613791628973,6,1010123456027,72,,1,0,6,1,2,,12.0775,748,183338,0.518972,217,0,7,,0,0,0,0,0,0,0,0,0,,750,693,,0,0,0,0
1613791629223,6,1010123456027,72,,1,0,6,1,2,,10.5013,746,183518,0.43792,216,0,6.42857,,0,0,0,0,0,0,0,0,0,,750,690,,0,0,0,0
1613791629473,6,1010123456027,72,,1,0,6,1,2,,11.8486,773,184165,0.51412,222,0,6.83333,,5.6,30,0,0.1,9,44.4444,0,7.28894,31,,750,711,,0,0,0,4.83333
1613791629723,6,1010123456027,72,,1,0,6,1,2,,11.3361,726,183820,0.453205,210,0,6.66667,,0,0,0,0,0,0,0,0,0,,750,672,,0,0,0,0
1613791629973,6,1010123456027,72,,1,0,6,1,2,,11.5697,725,184316,0.466656,211,0,6.83333,,0,0,0,0,0,0,0,0,0,,750,666,,0,0,0,0
1613791630223,6,1010123456027,72,,1,0,6,1,2,,11.984,750,183693,0.510329,218,0,7,,4.42105,38,0,0.1,12,66.6667,0,6.33308,31,,750,693,,0,0,0,6.68421
1613791630473,6,1010123456027,72,,1,0,6,1,2,,10.4572,759,183664,0.436704,217,0,6.33333,,0,0,0,0,0,0,0,0,0,,750,702,,0,0,0,0
1613791630723,6,1010123456027,72,,1,0,6,1,2,,10.882,763,184404,0.46272,220,0,6.5,,0,0,0,0,0,0,0,0,0,,750,699,,0,0,0,0
1613791630973,6,1010123456027,72,,1,0,6,1,2,,11.5776,812,183480,0.517494,233,0,6.66667,,0,0,0,0,0,0,0,0,0,,750,738,,0,0,0,0
1613791631223,6,1010123456027,72,,1,0,6,1,2,,11.7124,765,184466,0.510426,223,0,6.57143,,3.90698,43,0,0.1,13,61.5385,0,7.76842,31,,750,714,,0,0,0,6.02326
1613791631473,6,1010123456027,72,,1,0,6,1,2,,9.91939,794,183331,0.433382,230,0,6.33333,,0,0,0,0,0,0,0,0,0,,750,726,,0,0,0,0
1613791631723,6,1010123456027,72,,1,0,6,1,2,,10.8912,680,184354,0.409349,197,0,6.33333,,0,0,0,0,0,0,0,0,0,,750,627,,0,0,0,0
1613791631973,6,1010123456027,72,,1,0,6,1,2,,10.4587,715,183676,0.406458,203,0,6.33333,,0,0,0,0,0,0,0,0,0,,750,642,,0,0,0,0
1613791632223,6,1010123456027,72,,1,0,6,1,2,,12.246,756,183820,0.529696,219,0,7.14286,,0.1,63,0,0.1,19,21.0526,0,3.53106,31,,750,702,,0,0,0,3.04762
1613791632473,6,1010123456027,72,,1,0,6,1,2,,10.6043,700,183306,0.410602,203,0,6.2,,0,0,0,0,0,0,0,0,0,,750,648,,0,0,0,0
1613791632723,6,1010123456027,72,,1,0,6,1,2,,11.7632,756,184411,0.498731,219,0,6.83333,,0,0,0,0,0,0,0,0,0,,750,693,,0,0,0,0
1613791632974,6,1010123456027,72,,1,0,6,1,2,,11.257,681,183232,0.425657,197,0,6.66667,,0,0,0,0,0,0,0,0,0,,750,630,,0,0,0,0
1613791633223,6,1010123456027,72,,1,0,6,1,2,,11.8388,738,184447,0.496096,215,0,6.85714,,5.04255,47,0,0.1,13,23.0769,0,10.6138,31,,750,681,,0,0,0,3.46809
1613791633473,6,1010123456027,72,,1,0,6,1,2,,11.7143,805,183599,0.515052,227,0,6.8,,0,0,0,0,0,0,0,0,0,,750,729,,0,0,0,0
1613791633723,6,1010123456027,72,,1,0,6,1,2,,11.4254,764,183944,0.477312,218,0,6.66667,,0,0,0,0,0,0,0,0,0,,750,684,,0,0,0,0
1613791633973,6,1010123456027,72,,1,0,6,1,2,,11.7231,762,183610,0.494752,219,0,6.83333,,0,0,0,0,0,0,0,0,0,,750,705,,0,0,0,0
1613791634223,6,1010123456027,72,,1,0,6,1,2,,11.9388,768,184164,0.52151,224,0,7,,5.63636,33,0,0.1,10,40,0,5.21297,31,,750,705,,0,0,0,4.45455
1613791634473,6,1010123456027,72,,1,0,6,1,2,,11.9846,778,184421,0.519968,223,0,7,,0,0,0,0,0,0,0,0,0,,750,717,,0,0,0,0
1613791634723,6,1010123456027,72,,1,0,6,1,2,,11.3436,780,184461,0.488544,227,0,6.5,,0,0,0,0,0,0,0,0,0,,750,720,,0,0,0,0
1613791634973,6,1010123456027,72,,1,0,6,1,2,,10.9847,655,184326,0.403277,191,0,6.5,,0,0,0,0,0,0,0,0,0,,750,594,,0,0,0,0
1613791635223,6,1010123456027,72,,1,0,6,1,2,,13.7105,715,184605,0.615197,204,0,7.33333,,0.1,36,0,0.1,10,20,0,1.78784,31,,750,666,,0,0,0,3.19444
1613791635473,6,1010123456027,72,,1,0,6,1,2,,10.4304,711,184261,0.399775,203,0,6.4,,0,0,0,0,0,0,0,0,0,,750,648,,0,0,0,0
1613791635723,6,1010123456027,72,,1,0,6,1,2,,11.5077,782,184211,0.492562,223,0,6.66667,,0,0,0,0,0,0,0,0,0,,750,708,,0,0,0,0
1613791635973,6,1010123456027,72,,1,0,6,1,2,,11.9589,779,183313,0.515116,221,0,7,,0,0,0,0,0,0,0,0,0,,750,708,,0,0,0,0
1613791636223,6,1010123456027,72,,1,0,6,1,2,,11.959,732,184446,0.496996,213,0,7,,5.6,30,0,0.1,9,44.4444,0,9.28155,31,,750,687,,0,0,0,4.6
1613791636473,6,1010123456027,72,,1,0,6,1,2,,10.6464,724,183523,0.427052,208,0,6.33333,,0,0,0,0,0,0,0,0,0,,750,663,,0,0,0,0
1613791636723,6,1010123456027,72,,1,0,6,1,2,,11.9665,776,183820,0.520704,224,0,7,,0,0,0,0,0,0,0,0,0,,750,711,,0,0,0,0
1613791636973,6,1010123456027,72,,1,0,6,1,2,,11.9604,782,183987,0.525376,226,0,7,,0,0,0,0,0,0,0,0,0,,750,723,,0,0,0,0
1613791637223,6,1010123456027,72,,1,0,6,1,2,,11.0482,726,183951,0.444369,209,0,6.57143,,4.89796,49,0,0.1,14,50,0,5.63376,31,,750,663,,0,0,0,5.77551
1613791637473,6,1010123456027,72,,1,0,6,1,2,,11.0292,686,183106,0.422586,198,0,6.33333,,0,0,0,0,0,0,0,0,0,,750,630,,0,0,0,0
1613791637723,6,1010123456027,72,,1,0,6,1,2,,12.8465,684,183589,0.51849,198,0,7.5,,0,0,0,0,0,0,0,0,0,,750,624,,0,0,0,0
1613791637973,6,1010123456027,72,,1,0,6,1,2,,10.1336,786,184275,0.41449,220,0,6,,0,0,0,0,0,0,0,0,0,,750,702,,0,0,0,0
1613791638223,6,1010123456027,72,,1,0,6,1,2,,11.489,726,183666,0.465189,211,0,6.71429,,4.67213,61,0,0.1,18,50,0,6.51352,31,,750,657,,0,0,0,6.01639
1613791638473,6,1010123456027,72,,1,0,6,1,2,,11.9485,719,183732,0.480352,207,0,7,,0,0,0,0,0,0,0,0,0,,750,663,,0,0,0,0
1613791638723,6,1010123456027,72,,1,0,6,1,2,,9.95739,704,183991,0.383968,201,0,6,,0,0,0,0,0,0,0,0,0,,750,639,,0,0,0,0
1613791638973,6,1010123456027,72,,1,0,6,1,2,,11.9498,757,183655,0.496032,213,0,7,,0,0,0,0,0,0,0,0,0,,750,675,,0,0,0,0
1613791639223,6,1010123456027,72,,1,0,6,1,2,,11.5544,745,183619,0.492177,219,0,6.71429,,4.45455,44,0,0.1,13,61.5385,0,7.2123,31,,750,702,,0,0,0,6.31818
1613791639473,6,1010123456027,72,,1,0,6,1,2,,11.9572,725,183468,0.48704,210,0,7,,0,0,0,0,0,0,0,0,0,,750,675,,0,0,0,0
1613791639723,6,1010123456027,72,,1,0,6,1,2,,11.9665,775,183765,0.527807,226,0,7,,0,0,0,0,0,0,0,0,0,,750,723,,0,0,0,0
1613791639973,6,1010123456027,72,,1,0,6,1,2,,11.3455,686,184074,0.433317,197,0,6.66667,,0,0,0,0,0,0,0,0,0,,750,618,,0,0,0,0
1613791640223,6,1010123456027,72,,1,0,6,1,2,,11.8018,787,183171,0.514056,224,0,6.85714,,6.6875,48,0,0.1,13,61.5385,0,7.75753,31,,750,723,,0,0,0,7
1613791640473,6,1010123456027,72,,1,0,6,1,2,,10.9314,743,184527,0.44176,211,0,6.5,,0,0,0,0,0,0,0,0,0,,750,672,,0,0,0,0
1613791640723,6,1010123456027,72,,1,0,6,1,2,,10.7781,721,183631,0.421376,204,0,6.5,,0,0,0,0,0,0,0,0,0,,750,642,,0,0,0,0
1613791640973,6,1010123456027,72,,1,0,6,1,2,,11.9256,712,184035,0.470972,203,0,7,,0,0,0,0,0,0,0,0,0,,750,651,,0,0,0,0
1613791641223,6,1010123456027,72,,1,0,6,1,2,,11.1451,765,183508,0.468273,221,0,6.66667,,0,0,0,0,0,0,0,0,0,,750,687,,0,0,0,0
1613791641473,6,1010123456027,72,,1,0,6,1,2,,11.26,700,183748,0.423328,197,0,6.66667,,6.78788,33,0,0.1,9,44.4444,0,8.36809,31,,750,636,,0,0,0,5.45455
1613791641723,6,1010123456027,72,,1,0,6,1,2,,10.7466,734,184186,0.426859,209,0,6.33333,,0,0,0,0,0,0,0,0,0,,750,660,,0,0,0,0
1613791641973,6,1010123456027,72,,1,0,6,1,2,,11.706,738,183128,0.47261,208,0,6.83333,,0,0,0,0,0,0,0,0,0,,750,666,,0,0,0,0
1613791642223,6,1010123456027,72,,1,0,6,1,2,,11.7325,755,183311,0.48416,214,0,6.83333,,0.1,30,0,0.1,9,22.2222,0,1.821,31,,750,669,,0,0,0,3.53333
1613791642473,6,1010123456027,72,,1,0,6,1,2,,11.9331,717,183764,0.465056,201,0,7,,0,0,0,0,0,0,0,0,0,,750,630,,0,0,0,0
1613791642723,6,1010123456027,72,,1,0,6,1,2,,11.4538,714,183531,0.452819,204,0,6.66667,,0,0,0,0,0,0,0,0,0,,750,651,,0,0,0,0
1613791642973,6,1010123456027,72,,1,0,6,1,2,,10.5138,689,183479,0.388192,195,0,6.16667,,0,0,0,0,0,0,0,0,0,,750,618,,0,0,0,0
1613791643224,6,1010123456027,72,,1,0,6,1,2,,11.5968,744,183782,0.48304,215,0,6.71429,,7.24324,74,0,0.1,19,84.2105,0,5.17591,31,,750,684,,0,0,0,8.78379
1613791643473,6,1010123456027,72,,1,0,6,1,2,,9.77968,758,183580,0.404691,216,0,5.83333,,0,0,0,0,0,0,0,0,0,,750,684,,0,0,0,0
1613791643723,6,1010123456027,72,,1,0,6,1,2,,10.2993,705,183256,0.395712,203,0,6.5,,0,0,0,0,0,0,0,0,0,,750,657,,0,0,0,0
1613791643973,6,1010123456027,72,,1,0,6,1,2,,10.3601,686,184517,0.403424,199,0,6.6,,0,0,0,0,0,0,0,0,0,,750,621,,0,0,0,0
1613791644223,6,1010123456027,72,,1,0,6,1,2,,11.609,752,184368,0.487068,220,0,6.85714,,6.81818,33,0,0.1,9,44.4444,0,6.98534,31,,750,705,,0,0,0,5.33333
1613791644473,6,1010123456027,72,,1,0,6,1,2,,11.7653,784,183584,0.514313,226,0,6.83333,,0,0,0,0,0,0,0,0,0,,750,723,,0,0,0,0
1613791644723,6,1010123456027,72,,1,0,6,1,2,,11.2619,714,183277,0.452755,207,0,6.66667,,0,0,0,0,0,0,0,0,0,,750,654,,0,0,0,0
1613791644973,6,1010123456027,72,,1,0,6,1,2,,10.688,702,183911,0.41812,203,0,6.16667,,0,0,0,0,0,0,0,0,0,,750,651,,0,0,0,0
1613791645223,6,1010123456027,72,,1,0,6,1,2,,11.653,781,183637,0.496675,221,0,6.85714,,7.27273,33,0,0.1,9,44.4444,0,6.02394,31,,750,702,,0,0,0,5.36364
1613791645473,6,1010123456027,72,,1,0,6,1,2,,11.2799,711,183622,0.447936,202,0,6.5,,0,0,0,0,0,0,0,0,0,,750,645,,0,0,0,0
1613791645723,6,1010123456027,72,,1,0,6,1,2,,10.9609,717,184025,0.428305,208,0,6.66667,,0,0,0,0,0,0,0,0,0,,750,651,,0,0,0,0
1613791645973,6,1010123456027,72,,1,0,6,1,2,,11.3461,757,183138,0.463807,212,0,6.66667,,0,0,0,0,0,0,0,0,0,,750,684,,0,0,0,0
1613791646223,6,1010123456027,72,,1,0,6,1,2,,11.2242,687,183478,0.430297,201,0,6.71429,,5.6,30,0,0.1,9,44.4444,0,10.5706,31,,750,630,,0,0,0,4.6
1613791646473,6,1010123456027,72,,1,0,6,1,2,,14.0135,742,183184,0.684819,211,0,7.66667,,0,0,0,0,0,0,0,0,0,,750,672,,0,0,0,0
1613791646723,6,1010123456027,72,,1,0,6,1,2,,13.1036,666,184147,0.538432,193,0,8.16667,,0,0,0,0,0,0,0,0,0,,750,621,,0,0,0,0
1613791646973,6,1010123456027,72,,1,0,6,1,2,,11.6939,758,184129,0.488321,215,0,6.83333,,0,0,0,0,0,0,0,0,0,,750,684,,0,0,0,0
1613791647223,6,1010123456027,72,,1,0,6,1,2,,11.3836,730,183600,0.460305,213,0,6.71429,,0,0,0,0,0,0,0,0,0,,750,678,,0,0,0,0
1613791647473,6,1010123456027,72,,1,0,6,1,2,,11.9335,752,183314,0.490112,212,0,7,,3.25,20,0,0.1,6,0,0,3.18233,31,,750,675,,0,0,0,2.2
1613791647723,6,1010123456027,72,,1,0,6,1,2,,10.8984,709,183883,0.425824,202,0,6.5,,0,0,0,0,0,0,0,0,0,,750,630,,0,0,0,0
1613791647974,6,1010123456027,72,,1,0,6,1,2,,11.6074,787,183253,0.5048,227,0,6.83333,,0,0,0,0,0,0,0,0,0,,750,723,,0,0,0,0
1613791648223,6,1010123456027,72,,1,0,6,1,2,,12.2594,717,183965,0.511357,212,0,7.16667,,14.8525,61,0,0.131309,20,80,0,5.84224,31,,750,678,,0,0,0,8.01639
1613791648473,6,1010123456027,72,,1,0,6,1,2,,11.0822,657,183446,0.407197,189,0,6.6,,0,0,0,0,0,0,0,0,0,,750,609,,0,0,0,0
1613791648723,6,1010123456027,72,,1,0,6,1,2,,9.60527,684,184538,0.370144,198,0,6,,0,0,0,0,0,0,0,0,0,,750,618,,0,0,0,0
1613791648973,6,1010123456027,72,,1,0,6,1,2,,11.8852,723,184225,0.488225,209,0,7.16667,,0,0,0,0,0,0,0,0,0,,750,663,,0,0,0,0
1613791649223,6,1010123456027,72,,1,0,6,1,2,,11.6514,786,183630,0.501344,223,0,6.85714,,15,16,0,0,4,100,0,1.83571,0,,750,711,,0,0,0,10
1613791649473,6,1010123456027,72,,1,0,6,1,2,,11.2362,669,184328,0.424964,192,0,6.5,,0.1,4,0,0.1,1,0,0,18.0615,31,,750,612,,0,0,0,1
1613791649723,6,1010123456027,72,,1,0,6,1,2,,10.1617,674,183557,0.372851,196,0,6.16667,,5.68421,19,0,0.1,6,66.6667,0,7.04754,31,,750,624,,0,0,0,6.84211
1613791649973,6,1010123456027,72,,1,0,6,1,2,,11.1765,748,183141,0.440704,208,0,6.66667,,0,0,0,0,0,0,0,0,0,,750,675,,0,0,0,0
1613791650223,6,1010123456027,72,,1,0,6,1,2,,9.96556,726,184458,0.40464,212,0,6,,8.63636,33,0,0.1,9,44.4444,0,5.63082,31,,750,672,,0,0,0,5.75758
1613791650473,6,1010123456027,72,,1,0,6,1,2,,11.3136,762,183190,0.473632,218,0,6.66667,,0,0,0,0,0,0,0,0,0,,750,696,,0,0,0,0
1613791650723,6,1010123456027,72,,1,0,6,1,2,,11.8483,758,184015,0.511232,222,0,6.83333,,0,0,0,0,0,0,0,0,0,,750,705,,0,0,0,0
1613791650973,6,1010123456027,72,,1,0,6,1,2,,11.8571,763,183383,0.503293,219,0,7,,0,0,0,0,0,0,0,0,0,,750,693,,0,0,0,0
1613791651223,6,1010123456027,72,,1,0,6,1,2,,10.1237,752,184415,0.419232,221,0,6.14286,,4.28571,42,0,0.1,13,61.5385,0,5.35672,31,,750,687,,0,0,0,6.33333
1613791651473,6,1010123456027,72,,1,0,6,1,2,,10.4924,725,183581,0.411502,203,0,6.33333,,0,0,0,0,0,0,0,0,0,,750,651,,0,0,0,0
1613791651723,6,1010123456027,72,,1,0,6,1,2,,11.7685,717,184259,0.462656,204,0,6.83333,,0,0,0,0,0,0,0,0,0,,750,648,,0,0,0,0
1613791651973,6,1010123456027,72,,1,0,6,1,2,,10.6113,620,183765,0.361414,177,0,6.33333,,0,0,0,0,0,0,0,0,0,,750,558,,0,0,0,0
1613791652223,6,1010123456027,72,,1,0,6,1,2,,10.462,710,183200,0.417767,209,0,6.16667,,0.1,58,0,0.1,18,61.1111,0,1.7694,31,,750,666,,0,0,0,6.27586
1613791652473,6,1010123456027,72,,1,0,6,1,2,,10.9779,723,184627,0.438432,210,0,6.83333,,0,0,0,0,0,0,0,0,0,,750,648,,0,0,0,0
1613791652723,6,1010123456027,72,,1,0,6,1,2,,11.9529,764,183719,0.513414,220,0,7,,0,0,0,0,0,0,0,0,0,,750,705,,0,0,0,0
1613791652973,6,1010123456027,72,,1,0,6,1,2,,11.2218,744,184355,0.473863,217,0,6.66667,,0,0,0,0,0,0,0,0,0,,750,684,,0,0,0,0
1613791653223,6,1010123456027,72,,1,0,6,1,2,,11.6491,778,183776,0.502908,223,0,6.85714,,4.62222,45,0,0.1,13,38.4615,0,3.08316,31,,750,717,,0,0,0,4.48889
1613791653473,6,1010123456027,72,,1,0,6,1,2,,12.3125,768,183810,0.528257,216,0,7.16667,,0,0,0,0,0,0,0,0,0,,750,699,,0,0,0,0
1613791653723,6,1010123456027,72,,1,0,6,1,2,,11.6856,722,184416,0.47232,210,0,6.83333,,0,0,0,0,0,0,0,0,0,,750,657,,0,0,0,0
1613791653974,6,1010123456027,72,,1,0,6,1,2,,11.1975,719,184311,0.438048,203,0,6.5,,0,0,0,0,0,0,0,0,0,,750,666,,0,0,0,0
1613791654223,6,1010123456027,72,,1,0,6,1,2,,11.3863,787,184288,0.49359,227,0,6.57143,,0.1,38,0,0.1,11,18.1818,0,2.0973,31,,750,723,,0,0,0,4.31579
1613791654473,6,1010123456027,72,,1,0,6,1,2,,11,796,183595,0.456608,223,0,6.5,,0,0,0,0,0,0,0,0,0,,750,717,,0,0,0,0
1613791654723,6,1010123456027,72,,1,0,6,1,2,,11.0488,738,183460,0.459904,215,0,6.66667,,0,0,0,0,0,0,0,0,0,,750,672,,0,0,0,0
1613791654973,6,1010123456027,72,,1,0,6,1,2,,11.0604,761,184532,0.439584,211,0,6.33333,,0,0,0,0,0,0,0,0,0,,750,684,,0,0,0,0
1613791655223,6,1010123456027,72,,1,0,6,1,2,,11.8991,743,183849,0.504514,214,0,7,,0.1,56,0,0.1,16,25,0,5.01824,31,,750,690,,0,0,0,3.35714
1613791655473,6,1010123456027,72,,1,0,6,1,2,,11.6485,788,183169,0.515695,227,0,6.66667,,0,0,0,0,0,0,0,0,0,,750,720,,0,0,0,0
1613791655723,6,1010123456027,72,,1,0,6,1,2,,11.807,741,184565,0.487968,214,0,7,,0,0,0,0,0,0,0,0,0,,750,687,,0,0,0,0
1613791655973,6,1010123456027,72,,1,0,6,1,2,,11.5231,736,183705,0.469728,213,0,6.66667,,0,0,0,0,0,0,0,0,0,,750,666,,0,0,0,0
1613791656223,6,1010123456027,72,,1,0,6,1,2,,11.4217,683,184040,0.424,194,0,6.71429,,0.1,33,0,0.1,10,20,0,1.47068,31,,750,624,,0,0,0,5.09091
1613791656473,6,1010123456027,72,,1,0,6,1,2,,11.0877,718,184066,0.437952,206,0,6.5,,0,0,0,0,0,0,0,0,0,,750,648,,0,0,0,0
1613791656723,6,1010123456027,72,,1,0,6,1,2,,11.7455,778,183515,0.504416,223,0,6.83333,,0,0,0,0,0,0,0,0,0,,750,702,,0,0,0,0
1613791656973,6,1010123456027,72,,1,0,6,1,2,,11.4524,725,184477,0.456672,209,0,6.8,,0,0,0,0,0,0,0,0,0,,750,669,,0,0,0,0
1613791657223,6,1010123456027,72,,1,0,6,1,2,,10.9266,708,183364,0.429719,204,0,6.57143,,0,0,0,0,0,0,0,0,0,,750,651,,0,0,0,0
1613791657473,6,1010123456027,72,,1,0,6,1,2,,11.9489,744,184381,0.496353,213,0,7,,6,30,0,0.1,9,44.4444,0,13.2166,31,,750,687,,0,0,0,4.6
1613791657723,6,1010123456027,72,,1,0,6,1,2,,11.7021,772,183900,0.504512,224,0,6.83333,,0,0,0,0,0,0,0,0,0,,750,711,,0,0,0,0
1613791657973,6,1010123456027,72,,1,0,6,1,2,,10.6241,729,184233,0.430715,210,0,6.33333,,0,0,0,0,0,0,0,0,0,,750,675,,0,0,0,0
1613791658223,6,1010123456027,72,,1,0,6,1,2,,9.71257,581,183565,0.32694,172,0,5.57143,,6.33333,45,0,0.1,12,66.6667,0,4.4619,31,,750,531,,0,0,0,7.46667
1613791658473,6,1010123456027,72,,1,0,6,1,2,,11.5868,726,184103,0.463648,207,0,6.83333,,0,0,0,0,0,0,0,0,0,,750,657,,0,0,0,0
1613791658723,6,1010123456027,72,,1,0,6,1,2,,10.7718,723,183094,0.426956,206,0,6.5,,0,0,0,0,0,0,0,0,0,,750,663,,0,0,0,0
1613791658973,6,1010123456027,72,,1,0,6,1,2,,10.6939,735,183608,0.41952,210,0,6.33333,,0,0,0,0,0,0,0,0,0,,750,669,,0,0,0,0
1613791659223,6,1010123456027,72,,1,0,6,1,2,,10.0838,740,184533,0.412416,215,0,6.14286,,0,0,0,0,0,0,0,0,0,,750,690,,0,0,0,0
1613791659473,6,1010123456027,72,,1,0,6,1,2,,11.5361,735,183713,0.460672,210,0,6.83333,,6.58824,34,0,0.1,9,44.4444,0,6.02922,31,,750,666,,0,0,0,5.23529
1613791659723,6,1010123456027,72,,1,0,6,1,2,,11.9734,752,183257,0.502656,216,0,7,,0,0,0,0,0,0,0,0,0,,750,684,,0,0,0,0
1613791659973,6,1010123456027,72,,1,0,6,1,2,,11.037,703,183666,0.424289,199,0,6.5,,0,0,0,0,0,0,0,0,0,,750,630,,0,0,0,0
1613791660223,6,1010123456027,72,,1,0,6,1,2,,14.3239,775,183679,0.719296,226,0,7.85714,,15.0196,102,0,0.13616,33,84.8485,0,5.3591,31,,750,720,,0,0,0,8.42484
1613791660473,6,1010123456027,72,,1,0,6,1,2,,11.1071,784,184064,0.481542,222,0,6.5,,0,0,0,0,0,0,0,0,0,,750,702,,0,0,0,0
1613791660723,6,1010123456027,72,,1,0,6,1,2,,10.3425,657,184514,0.3824,191,0,6.16667,,0,0,0,0,0,0,0,0,0,,750,609,,0,0,0,0
1613791660973,6,1010123456027,72,,1,0,6,1,2,,10.2582,728,183921,0.400482,208,0,6.33333,,0,0,0,0,0,0,0,0,0,,750,666,,0,0,0,0
1613791661223,6,1010123456027,72,,1,0,6,1,2,,11.9683,758,184504,0.516032,222,0,7,,0,0,0,0,0,0,0,0,0,,750,708,,0,0,0,0
1613791661473,6,1010123456027,72,,1,0,6,1,2,,10.2153,655,183795,0.370956,186,0,6.16667,,9.67857,28,0,0.1,8,50,0,7.44249,31,,750,591,,0,0,0,5.78571
1613791661723,6,1010123456027,72,,1,0,6,1,2,,11.9182,636,184137,0.426731,184,0,7,,0,0,0,0,0,0,0,0,0,,750,573,,0,0,0,0
1613791661973,6,1010123456027,72,,1,0,6,1,2,,10.5832,727,184324,0.435502,211,0,6.16667,,0,0,0,0,0,0,0,0,0,,750,672,,0,0,0,0
1613791662223,6,1010123456027,72,,1,0,6,1,2,,11.0096,730,184103,0.446304,212,0,6.57143,,10.5,16,120,0.1,5,80,0,5.69624,31,,750,675,,0,0,0,7.75
1613791662473,6,1010123456027,72,,1,0,6,1,2,,11.3042,687,184448,0.428627,197,0,6.66667,,0.1,14,0,0.1,4,0,0,13.8015,0,,750,624,,0,0,0,1
1613791662723,6,1010123456027,72,,1,0,6,1,2,,11.4732,729,183675,0.468736,212,0,6.66667,,0,0,0,0,0,0,0,0,0,,750,669,,0,0,0,0
1613791662973,6,1010123456027,72,,1,0,6,1,2,,11.826,770,184417,0.501173,219,0,7,,0,0,0,0,0,0,0,0,0,,750,702,,0,0,0,0
1613791663223,6,1010123456027,72,,1,0,6,1,2,,10.8023,622,183438,0.38128,183,0,6.57143,,10,18,120,0.1,5,80,0,3.57887,31,,750,573,,0,0,0,8.5
1613791663473,6,1010123456027,72,,1,0,6,1,2,,10.0699,744,184372,0.412691,214,0,6,,0.1,26,0,0.1,7,57.1429,0,7.9879,0,,750,678,,0,0,0,6.76923
1613791663723,6,1010123456027,72,,1,0,6,1,2,,11.2922,681,183361,0.421333,196,0,6.66667,,0,0,0,0,0,0,0,0,0,,750,624,,0,0,0,0
1613791663973,6,1010123456027,72,,1,0,6,1,2,,11.7106,705,184140,0.45664,202,0,6.83333,,0,0,0,0,0,0,0,0,0,,750,645,,0,0,0,0
1613791664223,6,1010123456027,72,,1,0,6,1,2,,10.5732,724,184389,0.440161,214,0,6.42857,,0,0,0,0,0,0,0,0,0,,750,678,,0,0,0,0
1613791664473,6,1010123456027,72,,1,0,6,1,2,,11.6888,752,184367,0.483791,214,0,6.83333,,0.1,4,0,0.1,1,0,0,18.4842,31,,750,684,,0,0,0,1
1613791664723,6,1010123456027,72,,1,0,6,1,2,,11.5417,720,183715,0.465349,208,0,6.66667,,6.92308,26,0,0.1,8,50,0,6.14165,0,,750,663,,0,0,0,5.15385
1613791664973,6,1010123456027,72,,1,0,6,1,2,,11.1885,695,183916,0.427968,200,0,6.66667,,0,0,0,0,0,0,0,0,0,,750,633,,0,0,0,0
1613791665224,6,1010123456027,72,,1,0,6,1,2,,11.6818,748,183822,0.491072,218,0,6.71429,,4.28571,42,0,0.1,12,66.6667,0,6.35326,31,,750,684,,0,0,0,7
1613791665473,6,1010123456027,72,,1,0,6,1,2,,11.8231,752,183527,0.495261,215,0,7,,0,0,0,0,0,0,0,0,0,,750,687,,0,0,0,0
1613791665723,6,1010123456027,72,,1,0,6,1,2,,11.3772,692,183582,0.436384,201,0,6.66667,,0,0,0,0,0,0,0,0,0,,750,645,,0,0,0,0
1613791665973,6,1010123456027,72,,1,0,6,1,2,,11.9691,713,183827,0.476209,204,0,7,,0,0,0,0,0,0,0,0,0,,750,657,,0,0,0,0
1613791666223,6,1010123456027,72,,1,0,6,1,2,,11.9371,747,183442,0.504771,217,0,7,,4.34211,38,0,0.1,12,33.3333,0,11.7564,31,,750,684,,0,0,0,3.57895
1613791666473,6,1010123456027,72,,1,0,6,1,2,,11.3054,753,183930,0.467663,216,0,6.66667,,0,0,0,0,0,0,0,0,0,,750,690,,0,0,0,0
1613791666723,6,1010123456027,72,,1,0,6,1,2,,11.9653,721,184037,0.487936,209,0,7,,0,0,0,0,0,0,0,0,0,,750,666,,0,0,0,0
1613791666973,6,1010123456027,72,,1,0,6,1,2,,11.9528,678,183491,0.452112,194,0,7,,0,0,0,0,0,0,0,0,0,,750,615,,0,0,0,0
1613791667224,6,1010123456027,72,,1,0,6,1,2,,10.8506,763,184493,0.462438,219,0,6.57143,,6.78788,33,0,0.1,9,44.4444,0,7.53323,31,,750,681,,0,0,0,5.36364
1613791667473,6,1010123456027,72,,1,0,6,1,2,,11.9109,741,184444,0.480546,209,0,7,,0,0,0,0,0,0,0,0,0,,750,669,,0,0,0,0
1613791667723,6,1010123456027,72,,1,0,6,1,2,,11.9457,718,183217,0.479936,206,0,7,,0,0,0,0,0,0,0,0,0,,750,663,,0,0,0,0
1613791667973,6,1010123456027,72,,1,0,6,1,2,,10.827,711,183895,0.417152,204,0,6.33333,,0,0,0,0,0,0,0,0,0,,750,645,,0,0,0,0
1613791668223,6,1010123456027,72,,1,0,6,1,2,,12.4282,731,183501,0.596064,214,0,7.14286,,15.2947,95,0,0.1,31,90.3226,0,3.83497,31,,750,684,,0,0,0,9.05263
1613791668473,6,1010123456027,72,,1,0,6,1,2,,11.673,734,183992,0.465382,207,0,6.83333,,0,0,0,0,0,0,0,0,0,,750,666,,0,0,0,0
1613791668724,6,1010123456027,72,,1,0,6,1,2,,11.9598,771,184378,0.51863,224,0,7,,0,0,0,0,0,0,0,0,0,,750,714,,0,0,0,0
1613791668973,6,1010123456027,72,,1,0,6,1,2,,11.947,755,183687,0.507759,218,0,7,,0,0,0,0,0,0,0,0,0,,750,702,,0,0,0,0
1613791669223,6,1010123456027,72,,1,0,6,1,2,,12.7554,736,183319,0.596948,214,0,7,,5.33333,36,0,0.1,11,36.3636,0,9.92513,31,,750,681,,0,0,0,4.08333
1613791669473,6,1010123456027,72,,1,0,6,1,2,,11.2067,658,184126,0.401216,189,0,6.83333,,0,0,0,0,0,0,0,0,0,,750,600,,0,0,0,0
1613791669723,6,1010123456027,72,,1,0,6,1,2,,11.1737,691,184354,0.449408,206,0,6.33333,,0,0,0,0,0,0,0,0,0,,750,633,,0,0,0,0
1613791669973,6,1010123456027,72,,1,0,6,1,2,,11.4429,779,184310,0.483406,220,0,6.6,,0,0,0,0,0,0,0,0,0,,750,708,,0,0,0,0
1613791670223,6,1010123456027,72,,1,0,6,1,2,,10.8199,744,184346,0.439261,215,0,6.42857,,12.6316,19,120,0.1,5,80,0,4.55828,31,,750,690,,0,0,0,8.57895
1613791670473,6,1010123456027,72,,1,0,6,1,2,,11.9793,773,183605,0.506506,217,0,7,,0.1,14,0,0.1,4,0,0,11.1856,0,,750,690,,0,0,0,1
1613791670724,6,1010123456027,72,,1,0,6,1,2,,11.2092,741,183290,0.452908,214,0,6.33333,,0,0,0,0,0,0,0,0,0,,750,687,,0,0,0,0
1613791670974,6,1010123456027,72,,1,0,6,1,2,,10.4089,763,184510,0.459456,220,0,6.16667,,0,0,0,0,0,0,0,0,0,,750,699,,0,0,0,0
1613791671223,6,1010123456027,72,,1,0,6,1,2,,9.9432,757,183294,0.425125,222,0,6,,15.1778,90,0,0.17645,29,82.7586,0,5.13869,31,,750,711,,0,0,0,8.4
1613791671473,6,1010123456027,72,,1,0,6,1,2,,11.4807,724,184321,0.450185,204,0,6.6,,0,0,0,0,0,0,0,0,0,,750,642,,0,0,0,0
1613791671723,6,1010123456027,72,,1,0,6,1,2,,10.5209,743,183507,0.420896,212,0,6.33333,,0,0,0,0,0,0,0,0,0,,750,675,,0,0,0,0
1613791671973,6,1010123456027,72,,1,0,6,1,2,,11.2568,736,183192,0.449504,211,0,6.66667,,0,0,0,0,0,0,0,0,0,,750,666,,0,0,0,0
1613791672223,6,1010123456027,72,,1,0,6,1,2,,10.6452,620,184245,0.362859,178,0,6.57143,,0.1,24,0,0.1,7,0,0,2.71836,31,,750,570,,0,0,0,1.33333
1613791672473,6,1010123456027,72,,1,0,6,1,2,,11.9821,781,184372,0.522731,224,0,7,,0,0,0,0,0,0,0,0,0,,750,720,,0,0,0,0
1613791672724,6,1010123456027,72,,1,0,6,1,2,,13.2401,754,183973,0.598464,216,0,7.5,,0,0,0,0,0,0,0,0,0,,750,672,,0,0,0,0
1613791672973,6,1010123456027,72,,1,0,6,1,2,,11.3285,761,184424,0.463711,215,0,6.66667,,0,0,0,0,0,0,0,0,0,,750,690,,0,0,0,0
1613791673223,6,1010123456027,72,,1,0,6,1,2,,11.9249,692,183688,0.469655,200,0,6.85714,,0.1,37,0,0.1,10,20,0,1.35143,31,,750,630,,0,0,0,3.45946
1613791673473,6,1010123456027,72,,1,0,6,1,2,,11.2181,761,184316,0.4624,218,0,6.6,,0,0,0,0,0,0,0,0,0,,750,699,,0,0,0,0
1613791673723,6,1010123456027,72,,1,0,6,1,2,,10.7681,733,184369,0.437632,213,0,6.33333,,0,0,0,0,0,0,0,0,0,,750,669,,0,0,0,0
1613791673973,6,1010123456027,72,,1,0,6,1,2,,11.558,776,184193,0.492608,222,0,6.66667,,0,0,0,0,0,0,0,0,0,,750,708,,0,0,0,0
1613791674223,6,1010123456027,72,,1,0,6,1,2,,12.223,749,184557,0.525976,219,0,7.14286,,6,30,0,0.1,9,44.4444,0,7.65656,31,,750,690,,0,0,0,4.6
1613791674473,6,1010123456027,72,,1,0,6,1,2,,13.068,691,184199,0.538144,199,0,7.5,,0,0,0,0,0,0,0,0,0,,750,639,,0,0,0,0
1613791674723,6,1010123456027,72,,1,0,6,1,2,,11.8849,669,183980,0.450602,195,0,7,,0,0,0,0,0,0,0,0,0,,750,612,,0,0,0,0
1613791674973,6,1010123456027,72,,1,0,6,1,2,,11.6851,724,184443,0.465349,206,0,6.83333,,0,0,0,0,0,0,0,0,0,,750,660,,0,0,0,0
1613791675223,6,1010123456027,72,,1,0,6,1,2,,11.3351,773,183085,0.488418,224,0,6.71429,,5.09091,33,0,0.1,10,50,0,3.73646,31,,750,717,,0,0,0,5.69697
1613791675473,6,1010123456027,72,,1,0,6,1,2,,11.7178,783,183932,0.507631,224,0,6.83333,,0,0,0,0,0,0,0,0,0,,750,714,,0,0,0,0
1613791675724,6,1010123456027,72,,1,0,6,1,2,,11.7917,725,184157,0.486784,212,0,6.83333,,0,0,0,0,0,0,0,0,0,,750,666,,0,0,0,0
1613791675973,6,1010123456027,72,,1,0,6,1,2,,10.8901,728,184036,0.43743,208,0,6.5,,0,0,0,0,0,0,0,0,0,,750,672,,0,0,0,0
1613791676223,6,1010123456027,72,,1,0,6,1,2,,11.2849,702,183957,0.443598,204,0,6.66667,,6.22222,36,0,0.1,10,50,0,2.92482,31,,750,642,,0,0,0,6.19444
1613791676473,6,1010123456027,72,,1,0,6,1,2,,11.8106,681,183779,0.453237,197,0,6.83333,,0,0,0,0,0,0,0,0,0,,750,609,,0,0,0,0
1613791676723,6,1010123456027,72,,1,0,6,1,2,,11.7411,730,184183,0.463712,205,0,7,,0,0,0,0,0,0,0,0,0,,750,657,,0,0,0,0
1613791676973,6,1010123456027,72,,1,0,6,1,2,,11.9389,704,183401,0.458048,198,0,7,,0,0,0,0,0,0,0,0,0,,750,630,,0,0,0,0
1613791677224,6,1010123456027,72,,1,0,6,1,2,,10.2193,675,183533,0.389769,199,0,6.28571,,12.6316,19,120,0.1,5,80,0,4.06021,31,,750,639,,0,0,0,8.57895
1613791677473,6,1010123456027,72,,1,0,6,1,2,,10.2523,757,184222,0.427438,212,0,6,,0.1,26,0,0.1,7,57.1429,0,4.12918,0,,750,678,,0,0,0,6.53846
1613791677723,6,1010123456027,72,,1,0,6,1,2,,12.9324,740,183381,0.551647,212,0,8.16667,,0,0,0,0,0,0,0,0,0,,750,669,,0,0,0,0
1613791677973,6,1010123456027,72,,1,0,6,1,2,,12.3718,780,183754,0.613728,225,0,6.66667,,0,0,0,0,0,0,0,0,0,,750,717,,0,0,0,0
1613791678223,6,1010123456027,72,,1,0,6,1,2,,11.2848,748,184201,0.477076,218,0,6.71429,,5.30233,43,0,0.1,13,61.5385,0,10.0813,31,,750,693,,0,0,0,6.02326
1613791678473,6,1010123456027,72,,1,0,6,1,2,,11.0658,775,183423,0.463872,224,0,6.4,,0,0,0,0,0,0,0,0,0,,750,708,,0,0,0,0
1613791678723,6,1010123456027,72,,1,0,6,1,2,,11.704,767,184455,0.498956,220,0,6.8,,0,0,0,0,0,0,0,0,0,,750,702,,0,0,0,0
1613791678973,6,1010123456027,72,,1,0,6,1,2,,11.2077,727,184146,0.456896,214,0,6.5,,0,0,0,0,0,0,0,0,0,,750,666,,0,0,0,0
1613791679223,6,1010123456027,72,,1,0,6,1,2,,11.3568,723,183578,0.451695,207,0,6.71429,,14.9286,42,0,0.1,13,76.9231,0,4.43882,31,,750,675,,0,0,0,8.07143
1613791679473,6,1010123456027,72,,1,0,6,1,2,,10.8388,645,183708,0.393092,186,0,6.33333,,0,0,0,0,0,0,0,0,0,,750,585,,0,0,0,0
1613791679723,6,1010123456027,72,,1,0,6,1,2,,10.5394,686,183543,0.394272,199,0,6.33333,,0,0,0,0,0,0,0,0,0,,750,627,,0,0,0,0
1613791679973,6,1010123456027,72,,1,0,6,1,2,,11.3982,766,183869,0.472932,216,0,6.66667,,0,0,0,0,0,0,0,0,0,,750,690,,0,0,0,0
1613791680223,6,1010123456027,72,,1,0,6,1,2,,11.2244,753,184317,0.485012,221,0,6.71429,,5.09091,33,0,0.1,10,50,0,7.23023,31,,750,696,,0,0,0,5.27273
1613791680473,6,1010123456027,72,,1,0,6,1,2,,11.3027,674,183355,0.419502,193,0,6.66667,,0,0,0,0,0,0,0,0,0,,750,615,,0,0,0,0
1613791680723,6,1010123456027,72,,1,0,6,1,2,,11.5271,700,184427,0.448,202,0,6.66667,,0,0,0,0,0,0,0,0,0,,750,639,,0,0,0,0
1613791680973,6,1010123456027,72,,1,0,6,1,2,,11.3619,699,184398,0.436704,203,0,6.66667,,0,0,0,0,0,0,0,0,0,,750,648,,0,0,0,0
1613791681223,6,1010123456027,72,,1,0,6,1,2,,11.4154,792,184139,0.505092,229,0,6.42857,,6,30,0,0.1,9,44.4444,0,9.62598,31,,750,729,,0,0,0,4.6
1613791681473,6,1010123456027,72,,1,0,6,1,2,,8.42835,642,184144,0.288896,184,0,5.83333,,0,0,0,0,0,0,0,0,0,,750,591,,0,0,0,0
1613791681723,6,1010123456027,72,,1,0,6,1,2,,11.5284,791,183897,0.503968,228,0,6.8,,0,0,0,0,0,0,0,0,0,,750,717,,0,0,0,0
1613791681973,6,1010123456027,72,,1,0,6,1,2,,11.4701,768,184291,0.468145,213,0,6.66667,,0,0,0,0,0,0,0,0,0,,750,690,,0,0,0,0
1613791682223,6,1010123456027,72,,1,0,6,1,2,,11.5474,707,183825,0.458112,206,0,6.83333,,4.26087,46,0,0.107904,13,30.7692,0,9.51925,31,,750,654,,0,0,0,3.54348
1613791682473,6,1010123456027,72,,1,0,6,1,2,,11.3972,725,183221,0.456578,209,0,6.66667,,0,0,0,0,0,0,0,0,0,,750,663,,0,0,0,0
1613791682723,6,1010123456027,72,,1,0,6,1,2,,11.9317,688,183949,0.466281,201,0,7,,0,0,0,0,0,0,0,0,0,,750,630,,0,0,0,0
1613791682973,6,1010123456027,72,,1,0,6,1,2,,10.2688,692,184114,0.394112,199,0,6,,0,0,0,0,0,0,0,0,0,,750,627,,0,0,0,0
1613791683223,6,1010123456027,72,,1,0,6,1,2,,10.386,671,184340,0.376032,193,0,6.42857,,0,0,0,0,0,0,0,0,0,,750,624,,0,0,0,0
1613791683473,6,1010123456027,72,,1,0,6,1,2,,11.9731,743,183944,0.49796,213,0,7,,13,16,0,0,4,100,0,2.38644,0,,750,669,,0,0,0,10
1613791683723,6,1010123456027,72,,1,0,6,1,2,,11.8683,782,184402,0.525012,227,0,6.83333,,0,0,0,0,0,0,0,0,0,,750,726,,0,0,0,0
1613791683973,6,1010123456027,72,,1,0,6,1,2,,10.8811,673,184016,0.414112,197,0,6.5,,0.1,7,0,0.1,2,0,0,2.23225,31,,750,612,,0,0,0,1.57143
1613791684223,6,1010123456027,72,,1,0,6,1,2,,11.0355,761,183181,0.456321,215,0,7,,0,0,0,0,0,0,0,0,0,,750,705,,0,0,0,0
1613791684473,6,1010123456027,72,,1,0,6,1,2,,9.35649,763,183239,0.396819,221,0,5.66667,,0,0,0,0,0,0,0,0,0,,750,708,,0,0,0,0
1613791684723,6,1010123456027,72,,1,0,6,1,2,,10.2303,747,184138,0.413888,217,0,6.16667,,0,0,0,0,0,0,0,0,0,,750,678,,0,0,0,0
1613791684973,6,1010123456027,72,,1,0,6,1,2,,11.3359,783,184198,0.48144,223,0,6.5,,6,30,0,0.1,9,44.4444,0,7.38391,31,,750,720,,0,0,0,4.6
1613791685223,6,1010123456027,72,,1,0,6,1,2,,9.41507,783,183947,0.407293,229,0,5.85714,,5.33333,42,0,0.1,12,66.6667,0,4.472,31,,750,720,,0,0,0,7.47619
1613791685473,6,1010123456027,72,,1,0,6,1,2,,12.1093,723,183745,0.487839,204,0,7,,0,0,0,0,0,0,0,0,0,,750,666,,0,0,0,0
1613791685723,6,1010123456027,72,,1,0,6,1,2,,11.6533,773,183485,0.498667,221,0,6.83333,,0,0,0,0,0,0,0,0,0,,750,690,,0,0,0,0
1613791685973,6,1010123456027,72,,1,0,6,1,2,,11.7684,773,184523,0.498667,219,0,6.83333,,0,0,0,0,0,0,0,0,0,,750,702,,0,0,0,0
1613791686223,6,1010123456027,72,,1,0,6,1,2,,10.9018,764,184012,0.46943,221,0,6.14286,,4.12195,41,0,0.1,12,50,0,6.98139,31,,750,702,,0,0,0,5.97561
1613791686473,6,1010123456027,72,,1,0,6,1,2,,11.1521,677,184480,0.411648,193,0,7,,0,0,0,0,0,0,0,0,0,,750,615,,0,0,0,0
1613791686723,6,1010123456027,72,,1,0,6,1,2,,11.7101,759,184087,0.501312,222,0,6.83333,,0,0,0,0,0,0,0,0,0,,750,711,,0,0,0,0
1613791686973,6,1010123456027,72,,1,0,6,1,2,,12.0959,688,183017,0.464768,198,0,7,,0,0,0,0,0,0,0,0,0,,750,621,,0,0,0,0
1613791687223,6,1010123456027,72,,1,0,6,1,2,,11.9934,762,183685,0.520225,220,0,7,,6,30,0,0.1,9,44.4444,0,7.66209,31,,750,702,,0,0,0,4.6
1613791687473,6,1010123456027,72,,1,0,6,1,2,,11.2893,719,183511,0.453751,211,0,6.5,,0,0,0,0,0,0,0,0,0,,750,654,,0,0,0,0
1613791687723,6,1010123456027,72,,1,0,6,1,2,,11.6018,771,183200,0.492512,221,0,6.66667,,0,0,0,0,0,0,0,0,0,,750,711,,0,0,0,0
1613791687973,6,1010123456027,72,,1,0,6,1,2,,11.3639,764,183416,0.47608,220,0,6.66667,,0,0,0,0,0,0,0,0,0,,750,696,,0,0,0,0
1613791688223,6,1010123456027,72,,1,0,6,1,2,,11.3889,738,184103,0.470072,215,0,6.71429,,4.94118,34,0,0.1,11,54.5455,0,3.68267,31,,750,687,,0,0,0,5.85294
1613791688473,6,1010123456027,72,,1,0,6,1,2,,11.6049,734,184413,0.473184,211,0,6.83333,,0,0,0,0,0,0,0,0,0,,750,672,,0,0,0,0
1613791688723,6,1010123456027,72,,1,0,6,1,2,,11.7233,748,184425,0.487584,215,0,6.83333,,0,0,0,0,0,0,0,0,0,,750,681,,0,0,0,0
1613791688973,6,1010123456027,72,,1,0,6,1,2,,11.0579,673,183570,0.416129,195,0,6.5,,0,0,0,0,0,0,0,0,0,,750,624,,0,0,0,0
1613791689223,6,1010123456027,72,,1,0,6,1,2,,11.9229,739,183353,0.499438,215,0,7,,0.1,33,0,0.1,9,11.1111,0,2.32189,31,,750,675,,0,0,0,3.54545
1613791689473,6,1010123456027,72,,1,0,6,1,2,,11.6985,743,183636,0.4712,209,0,6.83333,,0,0,0,0,0,0,0,0,0,,750,672,,0,0,0,0
1613791689723,6,1010123456027,72,,1,0,6,1,2,,10.471,724,183452,0.405696,206,0,6,,0,0,0,0,0,0,0,0,0,,750,654,,0,0,0,0
1613791689973,6,1010123456027,72,,1,0,6,1,2,,11.3979,754,183980,0.466976,215,0,6.66667,,0,0,0,0,0,0,0,0,0,,750,681,,0,0,0,0
1613791690223,6,1010123456027,72,,1,0,6,1,2,,10.9417,755,183554,0.45328,217,0,6.57143,,0,0,0,0,0,0,0,0,0,,750,690,,0,0,0,0
1613791690473,6,1010123456027,72,,1,0,6,1,2,,10.4715,649,184069,0.388048,192,0,6.33333,,0.1,33,0,0.1,9,22.2222,0,1.42008,31,,750,591,,0,0,0,3.63636
1613791690723,6,1010123456027,72,,1,0,6,1,2,,10.7145,683,183650,0.392321,191,0,6.5,,0,0,0,0,0,0,0,0,0,,750,618,,0,0,0,0
1613791690973,6,1010123456027,72,,1,0,6,1,2,,11.4808,755,183895,0.479136,217,0,6.66667,,0,0,0,0,0,0,0,0,0,,750,693,,0,0,0,0
1613791691223,6,1010123456027,72,,1,0,6,1,2,,11.2195,770,183194,0.46384,219,0,6.5,,0.1,75,0,0.1,22,36.3636,0,2.76001,31,,750,702,,0,0,0,4.33333
1613791691473,6,1010123456027,72,,1,0,6,1,2,,11.3694,731,184353,0.444884,207,0,6.66667,,0,0,0,0,0,0,0,0,0,,750,663,,0,0,0,0
1613791691723,6,1010123456027,72,,1,0,6,1,2,,11.7497,731,183369,0.474763,209,0,6.83333,,0,0,0,0,0,0,0,0,0,,750,669,,0,0,0,0
1613791691973,6,1010123456027,72,,1,0,6,1,2,,11.6983,779,184525,0.498432,220,0,6.83333,,0,0,0,0,0,0,0,0,0,,750,693,,0,0,0,0
1613791692223,6,1010123456027,72,,1,0,6,1,2,,10.503,676,183331,0.380672,192,0,6.42857,,6.5,30,0,0.1,9,44.4444,0,9.0589,31,,750,621,,0,0,0,5.03333
1613791692473,6,1010123456027,72,,1,0,6,1,2,,11.3569,807,184641,0.49744,229,0,6.5,,0,0,0,0,0,0,0,0,0,,750,729,,0,0,0,0
1613791692723,6,1010123456027,72,,1,0,6,1,2,,11.2556,763,183748,0.464225,217,0,6.66667,,0,0,0,0,0,0,0,0,0,,750,693,,0,0,0,0
1613791692973,6,1010123456027,72,,1,0,6,1,2,,11.2593,756,183329,0.453088,213,0,6.6,,0,0,0,0,0,0,0,0,0,,750,687,,0,0,0,0
1613791693223,6,1010123456027,72,,1,0,6,1,2,,11.4592,760,183508,0.486816,221,0,6.71429,,0,0,0,0,0,0,0,0,0,,750,702,,0,0,0,0
1613791693473,6,1010123456027,72,,1,0,6,1,2,,11.9725,764,184357,0.500736,216,0,7,,0.1,27,0,0.1,8,12.5,0,2.35541,31,,750,690,,0,0,0,3.22222
1613791693723,6,1010123456027,72,,1,0,6,1,2,,11.5445,674,183124,0.430233,193,0,6.83333,,0,0,0,0,0,0,0,0,0,,750,603,,0,0,0,0
1613791693973,6,1010123456027,72,,1,0,6,1,2,,10.1368,636,184155,0.35608,182,0,6.33333,,0,0,0,0,0,0,0,0,0,,750,582,,0,0,0,0
1613791694223,6,1010123456027,72,,1,0,6,1,2,,11.6944,782,183528,0.513248,227,0,6.71429,,8.48889,45,0,0.1,14,57.1429,0,7.14189,31,,750,717,,0,0,0,6.28889
1613791694473,6,1010123456027,72,,1,0,6,1,2,,10.7259,788,184587,0.44688,222,0,6.33333,,0,0,0,0,0,0,0,0,0,,750,714,,0,0,0,0
1613791694723,6,1010123456027,72,,1,0,6,1,2,,10.5959,683,184152,0.409703,198,0,6.16667,,0,0,0,0,0,0,0,0,0,,750,630,,0,0,0,0
1613791694973,6,1010123456027,72,,1,0,6,1,2,,11.1262,721,183962,0.454522,209,0,6.5,,0,0,0,0,0,0,0,0,0,,750,657,,0,0,0,0
1613791695223,6,1010123456027,72,,1,0,6,1,2,,11.466,721,183301,0.456096,210,0,6.71429,,6.48276,29,0,0.1,9,44.4444,0,6.09692,31,,750,675,,0,0,0,4.96552
1613791695473,6,1010123456027,72,,1,0,6,1,2,,11.7753,770,184195,0.500256,221,0,6.83333,,0,0,0,0,0,0,0,0,0,,750,702,,0,0,0,0
1613791695723,6,1010123456027,72,,1,0,6,1,2,,11.1694,779,184329,0.494432,227,0,6.5,,0,0,0,0,0,0,0,0,0,,750,720,,0,0,0,0
1613791695973,6,1010123456027,72,,1,0,6,1,2,,9.91733,629,184127,0.340209,180,0,6.16667,,0,0,0,0,0,0,0,0,0,,750,570,,0,0,0,0
1613791696223,6,1010123456027,72,,1,0,6,1,2,,11.7771,776,183400,0.517312,228,0,6.83333,,4.73684,38,0,0.1,12,66.6667,0,5.69777,31,,750,720,,0,0,0,6.68421
1613791696473,6,1010123456027,72,,1,0,6,1,2,,11.5224,693,183269,0.453365,203,0,6.5,,0,0,0,0,0,0,0,0,0,,750,639,,0,0,0,0
1613791696723,6,1010123456027,72,,1,0,6,1,2,,9.99111,675,183934,0.357815,191,0,6.33333,,0,0,0,0,0,0,0,0,0,,750,612,,0,0,0,0
1613791696973,6,1010123456027,72,,1,0,6,1,2,,10.9668,752,183483,0.453976,215,0,6.5,,0,0,0,0,0,0,0,0,0,,750,678,,0,0,0,0
1613791697223,6,1010123456027,72,,1,0,6,1,2,,11.9513,781,183751,0.528867,227,0,7,,15.2947,95,0,0.1,31,90.3226,0,3.37753,31,,750,717,,0,0,0,9.14737
1613791697473,6,1010123456027,72,,1,0,6,1,2,,11.493,785,183646,0.492434,223,0,6.5,,0,0,0,0,0,0,0,0,0,,750,714,,0,0,0,0
1613791697723,6,1010123456027,72,,1,0,6,1,2,,11.6008,784,183183,0.501792,227,0,6.83333,,0,0,0,0,0,0,0,0,0,,750,717,,0,0,0,0
1613791697973,6,1010123456027,72,,1,0,6,1,2,,11.6836,768,184113,0.500416,222,0,6.83333,,0,0,0,0,0,0,0,0,0,,750,708,,0,0,0,0
1613791698223,6,1010123456027,72,,1,0,6,1,2,,11.8393,641,184648,0.433184,189,0,6.85714,,2.23684,38,0,0.1,11,9.09091,0,14.7296,31,,750,585,,0,0,0,2.42105
1613791698473,6,1010123456027,72,,1,0,6,1,2,,10.9637,717,183220,0.42612,202,0,6.66667,,0,0,0,0,0,0,0,0,0,,750,663,,0,0,0,0
1613791698723,6,1010123456027,72,,1,0,6,1,2,,11.0931,784,183608,0.490217,229,0,6.33333,,0,0,0,0,0,0,0,0,0,,750,723,,0,0,0,0
1613791698974,6,1010123456027,72,,1,0,6,1,2,,10.6574,759,183397,0.431745,215,0,6.5,,0,0,0,0,0,0,0,0,0,,750,693,,0,0,0,0
1613791699223,6,1010123456027,72,,1,0,6,1,2,,10.1127,630,184404,0.366586,189,0,6.14286,,0,0,0,0,0,0,0,0,0,,750,588,,0,0,0,0
1613791699473,6,1010123456027,72,,1,0,6,1,2,,11.1535,775,183207,0.474056,219,0,6.66667,,6.2069,29,0,0.1,9,44.4444,0,9.56096,31,,750,699,,0,0,0,4.72414
1613791699723,6,1010123456027,72,,1,0,6,1,2,,10.2011,701,183513,0.391422,200,0,6.16667,,0,0,0,0,0,0,0,0,0,,750,621,,0,0,0,0
1613791699973,6,1010123456027,72,,1,0,6,1,2,,10.7727,748,183244,0.442827,215,0,6.33333,,0,0,0,0,0,0,0,0,0,,750,687,,0,0,0,0
1613791700223,6,1010123456027,72,,1,0,6,1,2,,11.5205,805,184069,0.512386,232,0,6.71429,,0.1,35,0,0.1,10,20,0,1.91245,31,,750,735,,0,0,0,4
1613791700473,6,1010123456027,72,,1,0,6,1,2,,11.6471,714,183385,0.461526,205,0,6.83333,,0,0,0,0,0,0,0,0,0,,750,645,,0,0,0,0
1613791700723,6,1010123456027,72,,1,0,6,1,2,,10.6392,715,184109,0.41776,206,0,6.33333,,0,0,0,0,0,0,0,0,0,,750,657,,0,0,0,0
1613791700974,6,1010123456027,72,,1,0,6,1,2,,11.5242,786,183724,0.49728,226,0,6.66667,,0,0,0,0,0,0,0,0,0,,750,726,,0,0,0,0
1613791701223,6,1010123456027,72,,1,0,6,1,2,,11.948,750,184495,0.514153,221,0,7,,10.2308,78,0,0.1,26,69.2308,0,5.39064,31,,750,690,,0,0,0,7.38462
1613791701474,6,1010123456027,72,,1,0,6,1,2,,10.4389,622,183974,0.353568,178,0,6.16667,,0,0,0,0,0,0,0,0,0,,750,573,,0,0,0,0
1613791701723,6,1010123456027,72,,1,0,6,1,2,,10.2003,694,183993,0.395245,199,0,6,,0,0,0,0,0,0,0,0,0,,750,624,,0,0,0,0
1613791701973,6,1010123456027,72,,1,0,6,1,2,,10.9854,686,184567,0.433408,202,0,6.33333,,0,0,0,0,0,0,0,0,0,,750,630,,0,0,0,0
1613791702223,6,1010123456027,72,,1,0,6,1,2,,11.6095,740,184522,0.475872,215,0,6.85714,,15.1184,76,0,0.168832,25,80,0,5.61557,31,,750,693,,0,0,0,8.22368
1613791702473,6,1010123456027,72,,1,0,6,1,2,,10.8818,804,183824,0.463679,226,0,6.2,,0,0,0,0,0,0,0,0,0,,750,726,,0,0,0,0
1613791702723,6,1010123456027,72,,1,0,6,1,2,,10.793,715,184330,0.431168,208,0,6.5,,0,0,0,0,0,0,0,0,0,,750,654,,0,0,0,0
1613791702973,6,1010123456027,72,,1,0,6,1,2,,11.8786,774,183512,0.50144,218,0,7,,0,0,0,0,0,0,0,0,0,,750,702,,0,0,0,0
1613791703223,6,1010123456027,72,,1,0,6,1,2,,11.3791,699,183571,0.450056,206,0,6.71429,,11.25,16,293,0.1,5,80,0,6.02187,31,,750,636,,0,0,0,7.75
1613791703473,6,1010123456027,72,,1,0,6,1,2,,10.5461,683,183485,0.384096,192,0,6.33333,,1.41176,34,0,0.1,11,63.6364,0,7.95669,31,,750,624,,0,0,0,6.55882
1613791703723,6,1010123456027,72,,1,0,6,1,2,,11.3028,753,184008,0.478201,220,0,6.66667,,0,0,0,0,0,0,0,0,0,,750,687,,0,0,0,0
1613791703973,6,1010123456027,72,,1,0,6,1,2,,11.6327,784,184421,0.523488,225,0,6.83333,,0,0,0,0,0,0,0,0,0,,750,714,,0,0,0,0
1613791704223,6,1010123456027,72,,1,0,6,1,2,,11.0055,725,184205,0.446522,212,0,6.71429,,3.2,60,0,0.1,17,47.0588,0,9.48402,31,,750,672,,0,0,0,5.05
1613791704473,6,1010123456027,72,,1,0,6,1,2,,11.4893,793,184009,0.490956,223,0,6.5,,0,0,0,0,0,0,0,0,0,,750,723,,0,0,0,0
1613791704723,6,1010123456027,72,,1,0,6,1,2,,10.9857,701,183114,0.420448,200,0,6.5,,0,0,0,0,0,0,0,0,0,,750,639,,0,0,0,0
1613791704973,6,1010123456027,72,,1,0,6,1,2,,11.5787,781,184211,0.498538,223,0,6.66667,,0,0,0,0,0,0,0,0,0,,750,720,,0,0,0,0
1613791705223,6,1010123456027,72,,1,0,6,1,2,,11.7281,765,183946,0.498217,221,0,6.85714,,6,30,0,0.1,9,44.4444,0,8.12197,31,,750,702,,0,0,0,4.6
1613791705473,6,1010123456027,72,,1,0,6,1,2,,11.1806,742,184533,0.463904,214,0,6.66667,,0,0,0,0,0,0,0,0,0,,750,681,,0,0,0,0
1613791705723,6,1010123456027,72,,1,0,6,1,2,,11.2443,708,183161,0.445976,205,0,6.5,,0,0,0,0,0,0,0,0,0,,750,642,,0,0,0,0
1613791705973,6,1010123456027,72,,1,0,6,1,2,,11.4829,789,184269,0.494426,225,0,6.66667,,0,0,0,0,0,0,0,0,0,,750,723,,0,0,0,0
1613791706223,6,1010123456027,72,,1,0,6,1,2,,11.144,764,184658,0.477912,222,0,6.71429,,5.33333,45,0,0.1,12,33.3333,0,13.0948,31,,750,705,,0,0,0,4.2
1613791706473,6,1010123456027,72,,1,0,6,1,2,,11.6296,791,183968,0.509184,226,0,6.66667,,0,0,0,0,0,0,0,0,0,,750,723,,0,0,0,0
1613791706723,6,1010123456027,72,,1,0,6,1,2,,10.4041,631,183466,0.365568,183,0,6.16667,,0,0,0,0,0,0,0,0,0,,750,582,,0,0,0,0
1613791706973,6,1010123456027,72,,1,0,6,1,2,,9.85606,660,184364,0.358747,193,0,5.5,,0,0,0,0,0,0,0,0,0,,750,609,,0,0,0,0
1613791707223,6,1010123456027,72,,1,0,6,1,2,,11.9354,759,183920,0.499759,215,0,7,,5.33333,45,0,0.1,13,69.2308,0,5.09381,31,,750,693,,0,0,0,7.2
1613791707473,6,1010123456027,72,,1,0,6,1,2,,11.5878,752,184028,0.485655,216,0,6.66667,,0,0,0,0,0,0,0,0,0,,750,681,,0,0,0,0
1613791707723,6,1010123456027,72,,1,0,6,1,2,,11.4526,760,184222,0.483181,221,0,6.66667,,0,0,0,0,0,0,0,0,0,,750,705,,0,0,0,0
1613791707973,6,1010123456027,72,,1,0,6,1,2,,9.83249,788,184391,0.441568,229,0,6,,0,0,0,0,0,0,0,0,0,,750,717,,0,0,0,0
1613791708223,6,1010123456027,72,,1,0,6,1,2,,10.2391,711,184263,0.391454,204,0,6.28571,,0,0,0,0,0,0,0,0,0,,750,663,,0,0,0,0
1613791708473,6,1010123456027,72,,1,0,6,1,2,,11.3286,767,183295,0.473312,221,0,6.5,,0,0,0,0,0,0,0,0,0,,750,702,,0,0,0,0
1613791708723,6,1010123456027,72,,1,0,6,1,2,,10.5889,720,183812,0.422368,207,0,6.33333,,0.1,39,0,0.1,11,27.2727,0,2.3543,31,,750,660,,0,0,0,3.97436
1613791708973,6,1010123456027,72,,1,0,6,1,2,,11.8799,708,184218,0.476544,208,0,7,,0,0,0,0,0,0,0,0,0,,750,642,,0,0,0,0
1613791709223,6,1010123456027,72,,1,0,6,1,2,,11.4557,757,184567,0.474528,217,0,6.71429,,0.1,25,0,0.1,7,0,0,1.92499,31,,750,690,,0,0,0,2.08
1613791709474,6,1010123456027,72,,1,0,6,1,2,,10.3007,685,183409,0.378432,196,0,6.16667,,0,0,0,0,0,0,0,0,0,,750,633,,0,0,0,0
1613791709724,6,1010123456027,72,,1,0,6,1,2,,11.0083,726,183240,0.442336,209,0,6.5,,0,0,0,0,0,0,0,0,0,,750,672,,0,0,0,0
1613791709973,6,1010123456027,72,,1,0,6,1,2,,10.9623,663,184353,0.408321,192,0,6.66667,,0,0,0,0,0,0,0,0,0,,750,603,,0,0,0,0
1613791710224,6,1010123456027,72,,1,0,6,1,2,,11.3508,727,183682,0.457307,212,0,6.71429,,0.1,29,0,0.1,9,11.1111,0,2.57661,31,,750,681,,0,0,0,2.24138
1613791710473,6,1010123456027,72,,1,0,6,1,2,,11.8894,696,184499,0.453365,197,0,7,,0,0,0,0,0,0,0,0,0,,750,627,,0,0,0,0
1613791710723,6,1010123456027,72,,1,0,6,1,2,,10.7326,763,184214,0.457703,221,0,6.33333,,0,0,0,0,0,0,0,0,0,,750,702,,0,0,0,0
1613791710973,6,1010123456027,72,,1,0,6,1,2,,11.8642,773,183401,0.50928,223,0,7,,0,0,0,0,0,0,0,0,0,,750,705,,0,0,0,0
1613791711223,6,1010123456027,72,,1,0,6,1,2,,9.19394,660,183633,0.33902,193,0,6,,11.6066,61,0,0.107502,19,63.1579,0,6.72091,31,,750,618,,0,0,0,6.67213
1613791711473,6,1010123456027,72,,1,0,6,1,2,,11.1847,747,184423,0.459952,214,0,6.5,,0,0,0,0,0,0,0,0,0,,750,678,,0,0,0,0
1613791711723,6,1010123456027,72,,1,0,6,1,2,,10.5036,699,183893,0.419341,206,0,6.16667,,0,0,0,0,0,0,0,0,0,,750,645,,0,0,0,0
1613791711973,6,1010123456027,72,,1,0,6,1,2,,11.8987,770,184486,0.505472,220,0,7,,0,0,0,0,0,0,0,0,0,,750,699,,0,0,0,0
1613791712223,6,1010123456027,72,,1,0,6,1,2,,11.9836,795,183319,0.528771,226,0,7,,7.27273,33,0,0.1,9,44.4444,0,6.22618,31,,750,723,,0,0,0,5.36364
1613791712473,6,1010123456027,72,,1,0,6,1,2,,11.9887,796,183440,0.531438,227,0,7,,0,0,0,0,0,0,0,0,0,,750,723,,0,0,0,0
1613791712723,6,1010123456027,72,,1,0,6,1,2,,11.0119,755,184216,0.4631,218,0,6.4,,0,0,0,0,0,0,0,0,0,,750,696,,0,0,0,0
1613791712973,6,1010123456027,72,,1,0,6,1,2,,11.9598,772,183159,0.518368,223,0,7,,0,0,0,0,0,0,0,0,0,,750,708,,0,0,0,0
1613791713223,6,1010123456027,72,,1,0,6,1,2,,9.7741,695,183783,0.38008,201,0,6,,6,30,0,0.1,9,44.4444,0,7.5283,31,,750,642,,0,0,0,4.73333
1613791713473,6,1010123456027,72,,1,0,6,1,2,,9.76101,636,183692,0.342265,183,0,5.83333,,0,0,0,0,0,0,0,0,0,,750,579,,0,0,0,0
1613791713723,6,1010123456027,72,,1,0,6,1,2,,11.6198,747,183760,0.486048,217,0,6.83333,,0,0,0,0,0,0,0,0,0,,750,684,,0,0,0,0
1613791713973,6,1010123456027,72,,1,0,6,1,2,,11.7645,743,183792,0.4871,213,0,6.83333,,0,0,0,0,0,0,0,0,0,,750,681,,0,0,0,0
1613791714223,6,1010123456027,72,,1,0,6,1,2,,10.3732,686,184067,0.389719,200,0,6.28571,,0.1,25,0,0.1,7,0,0,1.80607,31,,750,624,,0,0,0,1.28
1613791714473,6,1010123456027,72,,1,0,6,1,2,,9.64733,655,183912,0.344512,187,0,5.66667,,0,0,0,0,0,0,0,0,0,,750,600,,0,0,0,0
1613791714724,6,1010123456027,72,,1,0,6,1,2,,11.8213,789,184290,0.520992,229,0,7,,0,0,0,0,0,0,0,0,0,,750,726,,0,0,0,0
1613791714973,6,1010123456027,72,,1,0,6,1,2,,11.1003,798,184550,0.481896,229,0,6.33333,,0,0,0,0,0,0,0,0,0,,750,729,,0,0,0,0
1613791715223,6,1010123456027,72,,1,0,6,1,2,,13.0655,748,183555,0.612562,220,0,7.42857,,4,100,0,0.1,31,74.1935,0,4.58636,31,,750,705,,0,0,0,7.25
1613791715473,6,1010123456027,72,,1,0,6,1,2,,11.6277,736,184032,0.47547,211,0,6.66667,,0,0,0,0,0,0,0,0,0,,750,672,,0,0,0,0
1613791715723,6,1010123456027,72,,1,0,6,1,2,,11.2865,768,184295,0.479357,224,0,6.66667,,0,0,0,0,0,0,0,0,0,,750,702,,0,0,0,0
1613791715973,6,1010123456027,72,,1,0,6,1,2,,11.556,750,183151,0.47424,214,0,6.66667,,0,0,0,0,0,0,0,0,0,,750,672,,0,0,0,0
1613791716223,6,1010123456027,72,,1,0,6,1,2,,11.7119,767,184070,0.507277,225,0,6.85714,,8.075,40,0,0.1,13,61.5385,0,7.71458,31,,750,714,,0,0,0,6.175
1613791716473,6,1010123456027,72,,1,0,6,1,2,,10.6164,756,184189,0.446908,219,0,6,,0,0,0,0,0,0,0,0,0,,750,693,,0,0,0,0
1613791716723,6,1010123456027,72,,1,0,6,1,2,,11.4184,729,183244,0.46053,209,0,7,,0,0,0,0,0,0,0,0,0,,750,672,,0,0,0,0
1613791716975,6,1010123456027,72,,1,0,6,1,2,,10.9523,776,183649,0.481976,228,0,6.5,,0,0,0,0,0,0,0,0,0,,753,720,,0,0,0,0
1613791717224,6,1010123456027,72,,1,0,6,1,2,,11.6305,755,183637,0.478458,214,0,6.85714,,5.10638,47,0,0.1,13,61.5385,0,4.25161,31,,747,696,,0,0,0,7.02128
1613791717473,6,1010123456027,72,,1,0,6,1,2,,11.7199,782,183285,0.497414,220,0,6.83333,,0,0,0,0,0,0,0,0,0,,750,708,,0,0,0,0
1613791717723,6,1010123456027,72,,1,0,6,1,2,,11.9274,730,183265,0.492723,212,0,7,,0,0,0,0,0,0,0,0,0,,750,657,,0,0,0,0
1613791717973,6,1010123456027,72,,1,0,6,1,2,,10.6024,742,183449,0.44196,215,0,6.33333,,0,0,0,0,0,0,0,0,0,,750,681,,0,0,0,0
1613791718223,6,1010123456027,72,,1,0,6,1,2,,11.7515,809,183932,0.513253,227,0,6.85714,,0.1,27,0,0.1,8,0,0,2.40372,31,,750,729,,0,0,0,1.22222
1613791718473,6,1010123456027,72,,1,0,6,1,2,,10.3338,710,183870,0.399264,203,0,6.16667,,0,0,0,0,0,0,0,0,0,,750,645,,0,0,0,0
1613791718723,6,1010123456027,72,,1,0,6,1,2,,10.876,726,184200,0.422522,203,0,6.66667,,0,0,0,0,0,0,0,0,0,,750,657,,0,0,0,0
1613791718973,6,1010123456027,72,,1,0,6,1,2,,11.9116,758,183268,0.608257,214,0,7.33333,,0,0,0,0,0,0,0,0,0,,750,678,,0,0,0,0
1613791719223,6,1010123456027,72,,1,0,6,1,2,,13.5798,702,184044,0.605173,204,0,7.57143,,15.2676,71,0,0.164209,21,76.1905,0,6.50837,31,,750,642,,0,0,0,7.98591
1613791719473,6,1010123456027,72,,1,0,6,1,2,,10.0603,779,184228,0.431422,218,0,6.33333,,0,0,0,0,0,0,0,0,0,,750,693,,0,0,0,0
1613791719723,6,1010123456027,72,,1,0,6,1,2,,12.2666,709,184078,0.493141,203,0,7.16667,,0,0,0,0,0,0,0,0,0,,750,648,,0,0,0,0
1613791719973,6,1010123456027,72,,1,0,6,1,2,,10.8394,797,183393,0.465606,224,0,6.33333,,0,0,0,0,0,0,0,0,0,,750,714,,0,0,0,0
1613791720223,6,1010123456027,72,,1,0,6,1,2,,11.0729,686,183683,0.427648,200,0,7,,0,0,0,0,0,0,0,0,0,,750,639,,0,0,0,0
1613791720473,6,1010123456027,72,,1,0,6,1,2,,12.2154,738,184333,0.51296,212,0,7,,0.1,81,0,0.1,23,43.4783,0,3.54746,31,,750,678,,0,0,0,5.2963
1613791720723,6,1010123456027,72,,1,0,6,1,2,,11.3909,706,183546,0.461952,205,0,6.66667,,0,0,0,0,0,0,0,0,0,,750,651,,0,0,0,0
1613791720973,6,1010123456027,72,,1,0,6,1,2,,12.3654,706,184453,0.501205,204,0,7,,0,0,0,0,0,0,0,0,0,,750,654,,0,0,0,0
1613791721223,6,1010123456027,72,,1,0,6,1,2,,10.7626,653,183453,0.385382,187,0,6.42857,,0.1,36,0,0.1,11,36.3636,0,2.12718,31,,750,582,,0,0,0,4
1613791721473,6,1010123456027,72,,1,0,6,1,2,,11.9783,785,183799,0.513568,221,0,7,,0,0,0,0,0,0,0,0,0,,750,714,,0,0,0,0
1613791721723,6,1010123456027,72,,1,0,6,1,2,,10.2931,696,183520,0.404691,198,0,6.33333,,0,0,0,0,0,0,0,0,0,,750,627,,0,0,0,0
1613791721973,6,1010123456027,72,,1,0,6,1,2,,10.9207,719,183841,0.427631,203,0,6.5,,0,0,0,0,0,0,0,0,0,,750,657,,0,0,0,0
1613791722223,6,1010123456027,72,,1,0,6,1,2,,11.2005,763,184444,0.473349,217,0,6.71429,,6.78788,33,0,0.1,9,44.4444,0,5.66283,31,,750,684,,0,0,0,5.36364
1613791722473,6,1010123456027,72,,1,0,6,1,2,,9.50467,642,183393,0.327392,184,0,6,,0,0,0,0,0,0,0,0,0,,750,594,,0,0,0,0
1613791722723,6,1010123456027,72,,1,0,6,1,2,,11.3042,687,183530,0.438048,200,0,6.66667,,0,0,0,0,0,0,0,0,0,,750,630,,0,0,0,0
1613791722973,6,1010123456027,72,,1,0,6,1,2,,11.3323,650,183148,0.398048,185,0,6.66667,,0,0,0,0,0,0,0,0,0,,750,600,,0,0,0,0
1613791723223,6,1010123456027,72,,1,0,6,1,2,,11.9388,752,184046,0.505408,218,0,7,,6.77419,31,0,0.1,9,44.4444,0,7.26431,31,,750,702,,0,0,0,5.06452
1613791723474,6,1010123456027,72,,1,0,6,1,2,,11.1456,776,184144,0.491104,227,0,6.66667,,0,0,0,0,0,0,0,0,0,,750,708,,0,0,0,0
1613791723723,6,1010123456027,72,,1,0,6,1,2,,12.0751,732,183950,0.487936,205,0,7,,0,0,0,0,0,0,0,0,0,,750,669,,0,0,0,0
1613791723973,6,1010123456027,72,,1,0,6,1,2,,11.6371,766,183699,0.494976,222,0,6.83333,,0,0,0,0,0,0,0,0,0,,750,696,,0,0,0,0
1613791724223,6,1010123456027,72,,1,0,6,1,2,,11.7362,743,184044,0.471232,208,0,6.85714,,7.27273,33,0,0.1,9,44.4444,0,5.56895,31,,750,672,,0,0,0,5.54545
1613791724473,6,1010123456027,72,,1,0,6,1,2,,11.9737,797,184341,0.530153,227,0,7,,0,0,0,0,0,0,0,0,0,,750,720,,0,0,0,0
1613791724723,6,1010123456027,72,,1,0,6,1,2,,11.6595,793,183854,0.500128,223,0,6.66667,,0,0,0,0,0,0,0,0,0,,750,717,,0,0,0,0
1613791724973,6,1010123456027,72,,1,0,6,1,2,,11.8714,762,183305,0.499264,218,0,7,,0,0,0,0,0,0,0,0,0,,750,693,,0,0,0,0
1613791725223,6,1010123456027,72,,1,0,6,1,2,,11.4299,763,183534,0.48128,220,0,6.71429,,0,0,0,0,0,0,0,0,0,,750,696,,0,0,0,0
1613791725473,6,1010123456027,72,,1,0,6,1,2,,9.46403,709,184425,0.367165,202,0,5.83333,,0.1,51,0,0.1,15,46.6667,0,2.88156,31,,750,651,,0,0,0,5.11765
1613791725723,6,1010123456027,72,,1,0,6,1,2,,11.209,732,184096,0.456675,212,0,6.66667,,0,0,0,0,0,0,0,0,0,,750,660,,0,0,0,0
1613791725973,6,1010123456027,72,,1,0,6,1,2,,11.344,718,183938,0.446528,208,0,6.66667,,0,0,0,0,0,0,0,0,0,,750,648,,0,0,0,0
1613791726223,6,1010123456027,72,,1,0,6,1,2,,11.8051,744,183891,0.48739,210,0,6.57143,,15,16,0,0,4,100,0,3.1745,0,,750,678,,0,0,0,10
1613791726473,6,1010123456027,72,,1,0,6,1,2,,9.24793,605,183729,0.29664,174,0,6.16667,,0.176471,17,0,0.1,5,40,0,3.05218,31,,750,552,,0,0,0,4.70588
1613791726723,6,1010123456027,72,,1,0,6,1,2,,11.9239,723,184131,0.473317,204,0,7,,0,0,0,0,0,0,0,0,0,,750,660,,0,0,0,0
1613791726973,6,1010123456027,72,,1,0,6,1,2,,11.767,794,183280,0.514313,226,0,6.83333,,0,0,0,0,0,0,0,0,0,,750,717,,0,0,0,0
1613791727223,6,1010123456027,72,,1,0,6,1,2,,10.6384,730,183621,0.431165,211,0,6.42857,,6,30,0,0.1,9,44.4444,0,7.72307,31,,750,669,,0,0,0,4.6
1613791727473,6,1010123456027,72,,1,0,6,1,2,,11.9612,798,183585,0.533494,229,0,7,,0,0,0,0,0,0,0,0,0,,750,732,,0,0,0,0
1613791727723,6,1010123456027,72,,1,0,6,1,2,,11.6306,720,184236,0.472739,210,0,6.83333,,0,0,0,0,0,0,0,0,0,,750,657,,0,0,0,0
1613791727973,6,1010123456027,72,,1,0,6,1,2,,10.7568,777,183645,0.45841,222,0,6.33333,,0,0,0,0,0,0,0,0,0,,750,711,,0,0,0,0
1613791728223,6,1010123456027,72,,1,0,6,1,2,,11.6348,775,184536,0.505639,226,0,6.85714,,5.6,30,0,0.1,9,44.4444,0,7.16721,31,,750,726,,0,0,0,4.6
1613791728473,6,1010123456027,72,,1,0,6,1,2,,11.9681,815,184427,0.538892,231,0,7,,0,0,0,0,0,0,0,0,0,,750,732,,0,0,0,0
1613791728723,6,1010123456027,72,,1,0,6,1,2,,11.2711,745,183439,0.47592,217,0,6.66667,,0,0,0,0,0,0,0,0,0,,750,690,,0,0,0,0
1613791728973,6,1010123456027,72,,1,0,6,1,2,,11.9289,774,183954,0.51351,221,0,7,,0,0,0,0,0,0,0,0,0,,750,717,,0,0,0,0
1613791729223,6,1010123456027,72,,1,0,6,1,2,,11.368,693,184127,0.436434,200,0,6.66667,,6.77419,31,0,0.1,9,44.4444,0,8.33911,31,,750,624,,0,0,0,5.06452
1613791729473,6,1010123456027,72,,1,0,6,1,2,,11.5469,757,183718,0.501301,219,0,6.83333,,0,0,0,0,0,0,0,0,0,,750,705,,0,0,0,0
1613791729724,6,1010123456027,72,,1,0,6,1,2,,9.44904,726,184338,0.378176,211,0,5.83333,,0,0,0,0,0,0,0,0,0,,750,663,,0,0,0,0
1613791729974,6,1010123456027,72,,1,0,6,1,2,,11.2927,656,183787,0.401408,186,0,6.66667,,0,0,0,0,0,0,0,0,0,,750,600,,0,0,0,0
1613791730223,6,1010123456027,72,,1,0,6,1,2,,11.6351,729,184389,0.474506,211,0,6.85714,,4.51282,39,0,0.1,12,66.6667,0,5.97143,31,,750,660,,0,0,0,6.76923
1613791730473,6,1010123456027,72,,1,0,6,1,2,,11.107,766,183519,0.465824,217,0,6.66667,,0,0,0,0,0,0,0,0,0,,750,684,,0,0,0,0
1613791730723,6,1010123456027,72,,1,0,6,1,2,,11.319,699,183745,0.434474,198,0,6.66667,,0,0,0,0,0,0,0,0,0,,750,639,,0,0,0,0
1613791730973,6,1010123456027,72,,1,0,6,1,2,,11.7678,788,184438,0.50368,222,0,6.83333,,0,0,0,0,0,0,0,0,0,,750,711,,0,0,0,0
1613791731223,6,1010123456027,72,,1,0,6,1,2,,11.6954,778,184178,0.501719,222,0,6.85714,,6.77419,31,0,0.1,9,44.4444,0,7.02183,31,,750,708,,0,0,0,5.16129
1613791731473,6,1010123456027,72,,1,0,6,1,2,,11.3565,749,183161,0.472289,216,0,6.5,,0,0,0,0,0,0,0,0,0,,750,687,,0,0,0,0
1613791731723,6,1010123456027,72,,1,0,6,1,2,,9.8603,723,183218,0.393536,210,0,5.83333,,0,0,0,0,0,0,0,0,0,,750,669,,0,0,0,0
1613791731973,6,1010123456027,72,,1,0,6,1,2,,11.0066,754,184020,0.45568,216,0,6.66667,,0,0,0,0,0,0,0,0,0,,750,690,,0,0,0,0
1613791732223,6,1010123456027,72,,1,0,6,1,2,,11.6519,770,183926,0.493462,219,0,6.85714,,0,0,0,0,0,0,0,0,0,,750,693,,0,0,0,0
1613791732473,6,1010123456027,72,,1,0,6,1,2,,12.9931,728,184387,0.567775,210,0,7.5,,6.18182,55,0,0.132434,16,37.5,0,11.7162,31,,750,666,,0,0,0,4.38182
1613791732723,6,1010123456027,72,,1,0,6,1,2,,11.7027,713,183589,0.465863,206,0,6.83333,,0,0,0,0,0,0,0,0,0,,750,657,,0,0,0,0
1613791732973,6,1010123456027,72,,1,0,6,1,2,,11.9459,777,184360,0.507116,218,0,7,,0,0,0,0,0,0,0,0,0,,750,699,,0,0,0,0
1613791733224,6,1010123456027,72,,1,0,6,1,2,,11.9621,739,184280,0.485737,210,0,7,,6.78788,33,0,0.1,9,44.4444,0,7.29844,31,,750,669,,0,0,0,5.36364
1613791733473,6,1010123456027,72,,1,0,6,1,2,,11.6886,729,183374,0.478586,208,0,6.66667,,0,0,0,0,0,0,0,0,0,,750,654,,0,0,0,0
1613791733723,6,1010123456027,72,,1,0,6,1,2,,10.849,768,184340,0.451406,221,0,6.5,,0,0,0,0,0,0,0,0,0,,750,699,,0,0,0,0
1613791733973,6,1010123456027,72,,1,0,6,1,2,,9.68595,726,183218,0.385157,211,0,6,,0,0,0,0,0,0,0,0,0,,750,675,,0,0,0,0
1613791734223,6,1010123456027,72,,1,0,6,1,2,,11.7005,778,184462,0.496578,220,0,6.85714,,6.48649,37,0,0.1,10,40,0,5.79547,31,,750,705,,0,0,0,5.05405
1613791734473,6,1010123456027,72,,1,0,6,1,2,,11.4003,757,183549,0.463679,212,0,6.66667,,0,0,0,0,0,0,0,0,0,,750,678,,0,0,0,0
1613791734723,6,1010123456027,72,,1,0,6,1,2,,11.0338,711,184087,0.424835,201,0,6.5,,0,0,0,0,0,0,0,0,0,,750,648,,0,0,0,0
1613791734973,6,1010123456027,72,,1,0,6,1,2,,11.9792,819,183820,0.542201,232,0,7,,0,0,0,0,0,0,0,0,0,,750,738,,0,0,0,0
1613791735223,6,1010123456027,72,,1,0,6,1,2,,11.4813,642,183375,0.457414,185,0,7,,15.039,77,0,0.148884,24,83.3333,0,3.77771,31,,750,582,,0,0,0,8.71429
1613791735473,6,1010123456027,72,,1,0,6,1,2,,10.6252,747,183821,0.429912,212,0,6.16667,,0,0,0,0,0,0,0,0,0,,750,675,,0,0,0,0
1613791735724,6,1010123456027,72,,1,0,6,1,2,,10.5324,680,183980,0.382343,191,0,6.16667,,0,0,0,0,0,0,0,0,0,,750,615,,0,0,0,0
1613791735973,6,1010123456027,72,,1,0,6,1,2,,11.2347,750,183604,0.450827,212,0,6.6,,0,0,0,0,0,0,0,0,0,,750,675,,0,0,0,0
1613791736224,6,1010123456027,72,,1,0,6,1,2,,13.8102,727,183096,0.639232,209,0,7.57143,,15.3962,106,0,0.1,34,91.1765,0,3.28703,31,,750,675,,0,0,0,9.15094
1613791736473,6,1010123456027,72,,1,0,6,1,2,,11.6407,757,183278,0.481671,214,0,6.83333,,0,0,0,0,0,0,0,0,0,,750,684,,0,0,0,0
1613791736723,6,1010123456027,72,,1,0,6,1,2,,11.9734,788,183634,0.525783,225,0,7,,0,0,0,0,0,0,0,0,0,,750,708,,0,0,0,0
1613791736973,6,1010123456027,72,,1,0,6,1,2,,11.0999,701,183697,0.433382,201,0,6.66667,,0,0,0,0,0,0,0,0,0,,750,648,,0,0,0,0
1613791737224,6,1010123456027,72,,1,0,6,1,2,,11.7375,758,183388,0.497371,219,0,6.85714,,0.1,29,0,0.1,8,0,0,2.36234,31,,750,690,,0,0,0,1.13793
1613791737473,6,1010123456027,72,,1,0,6,1,2,,11.929,718,183553,0.477912,205,0,7,,0,0,0,0,0,0,0,0,0,,750,651,,0,0,0,0
1613791737723,6,1010123456027,72,,1,0,6,1,2,,10.9743,700,184135,0.423743,203,0,6.5,,0,0,0,0,0,0,0,0,0,,750,630,,0,0,0,0
1613791737973,6,1010123456027,72,,1,0,6,1,2,,11.7072,741,184185,0.484032,214,0,6.83333,,0,0,0,0,0,0,0,0,0,,750,684,,0,0,0,0
1613791738223,6,1010123456027,72,,1,0,6,1,2,,11.7257,740,184466,0.480514,212,0,6.83333,,0.1,56,0,0.1,17,47.0588,0,1.33229,31,,750,678,,0,0,0,5.69643
1613791738473,6,1010123456027,72,,1,0,6,1,2,,10.7244,751,184416,0.439036,214,0,6.33333,,0,0,0,0,0,0,0,0,0,,750,678,,0,0,0,0
1613791738723,6,1010123456027,72,,1,0,6,1,2,,11.7273,682,184224,0.449799,198,0,6.83333,,0,0,0,0,0,0,0,0,0,,750,630,,0,0,0,0
1613791738973,6,1010123456027,72,,1,0,6,1,2,,11.6901,797,183544,0.510394,224,0,6.83333,,0,0,0,0,0,0,0,0,0,,750,714,,0,0,0,0
1613791739223,6,1010123456027,72,,1,0,6,1,2,,12.5021,717,183908,0.518458,207,0,6.83333,,14.9487,78,0,0.299052,23,69.5652,0,6.45764,31,,750,657,,0,0,0,7.46154
1613791739473,6,1010123456027,72,,1,0,6,1,2,,10.1608,790,184376,0.434217,222,0,6,,0,0,0,0,0,0,0,0,0,,750,705,,0,0,0,0
1613791739723,6,1010123456027,72,,1,0,6,1,2,,11.5099,755,183220,0.472803,215,0,7,,0,0,0,0,0,0,0,0,0,,750,690,,0,0,0,0
1613791739973,6,1010123456027,72,,1,0,6,1,2,,11.6929,788,183898,0.5111,226,0,6.83333,,0,0,0,0,0,0,0,0,0,,750,717,,0,0,0,0
1613791740223,6,1010123456027,72,,1,0,6,1,2,,11.9104,770,184368,0.523406,223,0,6.85714,,0.1,30,0,0.1,9,22.2222,0,2.00938,31,,750,714,,0,0,0,2.8
1613791740473,6,1010123456027,72,,1,0,6,1,2,,11.2645,722,184173,0.450924,209,0,6.66667,,0,0,0,0,0,0,0,0,0,,750,660,,0,0,0,0
1613791740723,6,1010123456027,72,,1,0,6,1,2,,10.0972,720,183817,0.409992,211,0,6,,0,0,0,0,0,0,0,0,0,,750,669,,0,0,0,0
1613791740973,6,1010123456027,72,,1,0,6,1,2,,10.8298,699,184415,0.409317,198,0,6.5,,0,0,0,0,0,0,0,0,0,,750,648,,0,0,0,0
1613791741223,6,1010123456027,72,,1,0,6,1,2,,11.5376,731,183557,0.47743,212,0,6.57143,,0.1,25,0,0.1,7,0,0,2.32311,31,,750,666,,0,0,0,1.32
1613791741474,6,1010123456027,72,,1,0,6,1,2,,11.2751,716,183402,0.435124,202,0,7,,0,0,0,0,0,0,0,0,0,,750,651,,0,0,0,0
1613791741724,6,1010123456027,72,,1,0,6,1,2,,11.1404,762,184206,0.469664,216,0,6.5,,0,0,0,0,0,0,0,0,0,,750,684,,0,0,0,0
1613791741974,6,1010123456027,72,,1,0,6,1,2,,11.1088,726,184201,0.427136,205,0,6.66667,,0,0,0,0,0,0,0,0,0,,750,660,,0,0,0,0
1613791742223,6,1010123456027,72,,1,0,6,1,2,,10.9539,716,184405,0.441221,208,0,6.57143,,5.93478,46,0,0.1,13,61.5385,0,9.227,31,,750,654,,0,0,0,6.28261
1613791742473,6,1010123456027,72,,1,0,6,1,2,,10.5033,767,184408,0.437719,219,0,6,,0,0,0,0,0,0,0,0,0,,750,708,,0,0,0,0
1613791742723,6,1010123456027,72,,1,0,6,1,2,,8.97227,577,183452,0.283552,169,0,5.66667,,0,0,0,0,0,0,0,0,0,,750,537,,0,0,0,0
1613791742973,6,1010123456027,72,,1,0,6,1,2,,11.6882,789,184165,0.507373,226,0,6.83333,,0,0,0,0,0,0,0,0,0,,750,720,,0,0,0,0
1613791743223,6,1010123456027,72,,1,0,6,1,2,,11.1059,699,184447,0.432996,201,0,6.71429,,8,30,0,0.1,9,44.4444,0,8.17606,31,,750,633,,0,0,0,4.96667
1613791743473,6,1010123456027,72,,1,0,6,1,2,,11.9687,766,183578,0.514056,220,0,7,,0,0,0,0,0,0,0,0,0,,750,702,,0,0,0,0
1613791743723,6,1010123456027,72,,1,0,6,1,2,,11.7063,773,184442,0.511807,226,0,6.83333,,0,0,0,0,0,0,0,0,0,,750,720,,0,0,0,0
1613791743973,6,1010123456027,72,,1,0,6,1,2,,11.6718,780,183895,0.501655,222,0,6.83333,,0,0,0,0,0,0,0,0,0,,750,714,,0,0,0,0
1613791744223,6,1010123456027,72,,1,0,6,1,2,,11.1324,763,184344,0.476288,220,0,6.71429,,6,30,0,0.1,9,44.4444,0,7.61251,31,,750,708,,0,0,0,4.6
1613791744473,6,1010123456027,72,,1,0,6,1,2,,11.1626,775,179189,0.465824,218,0,6.5,,0,0,0,0,0,0,0,0,0,,750,702,,0,0,0,0
1613791744723,6,1010123456027,72,,1,0,6,1,2,,12,827,162980,0.54896,235,0,7,,0,0,0,0,0,0,0,0,0,,750,750,,0,0,0,0
1613791744973,6,1010123456027,72,,1,0,6,1,2,,11.838,827,147217,0.532128,233,0,6.83333,,0,0,0,0,0,0,0,0,0,,750,750,,0,0,0,0
1613791745223,6,1010123456027,72,,1,0,6,1,2,,11.6479,818,131803,0.527936,236,0,6.71429,,8.17778,45,0,0.1,13,61.5385,0,6.76432,31,,750,750,,0,0,0,6.6
1613791745473,6,1010123456027,72,,1,0,6,1,2,,11.838,815,116041,0.534265,233,0,6.83333,,0,0,0,0,0,0,0,0,0,,750,750,,0,0,0,0
1613791745723,6,1010123456027,72,,1,0,6,1,2,,12,815,99828,0.551296,236,0,7,,0,0,0,0,0,0,0,0,0,,750,750,,0,0,0,0
1613791745973,6,1010123456027,72,,1,0,6,1,2,,12,811,83684,0.544288,233,0,7,,0,0,0,0,0,0,0,0,0,,750,750,,0,0,0,0
1613791746223,6,1010123456027,72,,1,0,6,1,2,,12,810,64693,0.634088,236,0,7,,5.6,30,0,0.1,9,44.4444,0,7.71394,31,,831,873,,0,0,0,4.6
1613791746473,6,1010123456027,72,,1,0,6,1,2,,12,811,33564,1.02339,233,0,7,,0,0,0,0,0,0,0,0,0,,1250,1389,,0,0,0,0
1613791746723,6,1010123456027,72,,1,0,6,1,2,,12,807,1220,1.0768,234,0,7,,0,0,0,0,0,0,0,0,0,,1374,1440,,0,0,0,0
1613791746973,6,1010123456027,72,,1,0,6,1,2,,11.5472,53,0,0.071872,21,0,7.2,,0,0,0,0,0,0,0,0,0,,46,54,,0,0,0,0
1613791747223,6,1010123456027,72,,1,0,6,1,2,,0,0,0,0,0,0,7,,0,0,0,0,0,0,0,0,0,,0,0,,0,0,0,0
1613791747473,6,1010123456027,72,,1,0,6,1,2,,0,0,0,0,0,0,8.16667,,0,0,0,0,0,0,0,0,0,,0,0,,0,0,0,0
1613791747723,6,1010123456027,72,,1,0,6,1,2,,0,0,0,0,0,0,8,,0,0,0,0,0,0,0,0,0,,0,0,,0,0,0,0
1613791747973,6,1010123456027,72,,1,0,6,1,2,,0,0,0,0,0,0,6.83333,,0,0,0,0,0,0,0,0,0,,0,0,,0,0,0,0
1613791748223,6,1010123456027,72,,1,0,6,1,2,,0,0,0,0,0,0,7,,0,0,0,0,0,0,0,0,0,,0,0,,0,0,0,0
1613791748473,6,1010123456027,72,,1,0,6,1,2,,0,0,0,0,0,0,7.16667,,0,0,0,0,0,0,0,0,0,,0,0,,0,0,0,0
1613791748723,6,1010123456027,72,,1,0,6,1,2,,0,0,0,0,0,0,7.2,,0,0,0,0,0,0,0,0,0,,0,0,,0,0,0,0
1613791748973,6,1010123456027,72,,1,0,6,1,2,,0,0,0,0,0,0,6.16667,,0,0,0,0,0,0,0,0,0,,0,0,,0,0,0,0
1613791749223,6,1010123456027,72,,1,0,6,1,2,,0,0,0,0,0,0,7.14286,,0,0,0,0,0,0,0,0,0,,0,0,,0,0,0,0
1613791749473,6,1010123456027,72,,1,0,6,1,2,,0,0,0,0,0,0,9.5,,0,0,0,0,0,0,0,0,0,,0,0,,0,0,0,0
1613791749723,6,1010123456027,72,,1,0,6,1,2,,0,0,0,0,0,0,7,,0,0,0,0,0,0,0,0,0,,0,0,,0,0,0,0
1613791749973,6,1010123456027,72,,1,0,6,1,2,,0,0,0,0,0,0,6.16667,,0,0,0,0,0,0,0,0,0,,0,0,,0,0,0,0
1613791750223,6,1010123456027,72,,1,0,6,1,2,,0,0,0,0,0,0,7.5,,0,0,0,0,0,0,0,0,0,,0,0,,0,0,0,0
1613791750473,6,1010123456027,72,,1,0,6,1,2,,0,0,0,0,0,0,0.1,,0,0,0,0,0,0,0,0,0,,0,0,,0,0,0,0
1613791750723,6,1010123456027,72,,1,0,6,1,2,,0,0,0,0,0,0,0.1,,0,0,0,0,0,0,0,0,0,,0,0,,0,0,0,0
1613791750973,6,1010123456027,72,,1,0,6,1,2,,0,0,0,0,0,0,0.1,,0,0,0,0,0,0,0,0,0,,0,0,,0,0,0,0
1613791751223,6,1010123456027,72,,1,0,6,1,2,,0,0,0,0,0,0,0.1,,0,0,0,0,0,0,0,0,0,,0,0,,0,0,0,0
1613791751473,6,1010123456027,72,,1,0,6,1,2,,0,0,0,0,0,0,0.1,,0,0,0,0,0,0,0,0,0,,0,0,,0,0,0,0
1613791751723,6,1010123456027,72,,1,0,6,1,2,,0,0,0,0,0,0,0.1,,0,0,0,0,0,0,0,0,0,,0,0,,0,0,0,0
1613791751973,6,1010123456027,72,,1,0,6,1,2,,0,0,0,0,0,0,0.1,,0,0,0,0,0,0,0,0,0,,0,0,,0,0,0,0
1613791752223,6,1010123456027,72,,1,0,6,1,2,,0,0,0,0,0,0,0.1,,0,0,0,0,0,0,0,0,0,,0,0,,0,0,0,0
1613791752473,6,1010123456027,72,,1,0,6,1,2,,0,0,0,0,0,0,0.1,,0,0,0,0,0,0,0,0,0,,0,0,,0,0,0,0
1613791752723,6,1010123456027,72,,1,0,6,1,2,,0,0,0,0,0,0,0.1,,0,0,0,0,0,0,0,0,0,,0,0,,0,0,0,0
1613791752973,6,1010123456027,72,,1,0,6,1,2,,0,0,0,0,0,0,0.1,,0,0,0,0,0,0,0,0,0,,0,0,,0,0,0,0
1613791753223,6,1010123456027,72,,1,0,6,1,2,,0,0,0,0,0,0,0.1,,0,0,0,0,0,0,0,0,0,,0,0,,0,0,0,0
1613791753473,6,1010123456027,72,,1,0,6,1,2,,0,0,0,0,0,0,0.1,,0,0,0,0,0,0,0,0,0,,0,0,,0,0,0,0
1613791753723,6,1010123456027,72,,1,0,6,1,2,,0,0,0,0,0,0,0.1,,0,0,0,0,0,0,0,0,0,,0,0,,0,0,0,0
1613791753973,6,1010123456027,72,,1,0,6,1,2,,0,0,0,0,0,0,0.1,,0,0,0,0,0,0,0,0,0,,0,0,,0,0,0,0
