time,cc,pci,earfcn,rsrp,pl,cfo,dl_mcs,dl_snr,dl_turbo,dl_brate,dl_bler,ul_ta,ul_mcs,ul_buff,ul_brate,ul_bler,rf_o,rf_u,rf_l,is_attached
0,0,0,4294967295,0.0,0.0,0.0,0.0,0.0,0.0,0.0,0.0,0.0,0.0,0.0,0.0,0.0,0.0,0.0,0.0,0.0
249,0,0,3400,0.0,0.0,0.0,0.0,0.0,0.0,0.0,0.0,0.0,0.0,0.0,0.0,0.0,0.0,0.0,0.0,0.0
498,0,0,3400,0.0,0.0,0.0,0.0,0.0,0.0,0.0,0.0,0.0,0.0,0.0,0.0,0.0,0.0,0.0,0.0,0.0
747,0,1,3400,-57,57,943,0.54,15,0.13,583,0,0.0,0.0,0.0,0.0,0.0,0.0,0.0,0.0,0.0
996,0,1,3400,-57,57,957,3.2,15,0.42,2336.000000,0,0.0,0.0,33,224,0,0.0,0.0,0.0,1.0
1245,0,1,3400,-57,57,956,3.7,15,0.50,2240.000000,0,1.0,1.7,24,19520.000000,0,0.0,0.0,0.0,1.0
1494,0,1,3400,-57,57,960,2.6,15,0.50,1120.000000,0,2.1,12,0.0,18880.000000,0,0.0,0.0,0.0,1.0
1743,0,1,3400,-57,57,962,2.4,15,0.50,1856.000000,0,2.1,12,12,38144.000000,12,0.0,0.0,0.0,1.0
1992,0,1,3400,-57,57,958,1.9,15,0.50,4672.000000,0,2.1,12,0.0,56608.000000,8,0.0,0.0,0.0,1.0
2241,0,1,3400,-57,57,957,4.2,15,0.50,1824.000000,0,2.1,12,0.0,18080.000000,0,0.0,0.0,0.0,1.0
2490,0,1,3400,-57,57,961,5.0,15,0.50,0.0,0.0,2.1,11,0.0,0.0,0.0,0.0,0.0,0.0,1.0
2739,0,1,3400,-57,57,961,5.0,15,0.50,0.0,0.0,2.1,12,0.0,0.0,0.0,0.0,0.0,0.0,1.0
2988,0,1,3400,-57,57,956,5.0,15,0.50,0.0,0.0,2.1,12,0.0,0.0,0.0,0.0,0.0,0.0,1.0
3237,0,1,3400,-57,57,958,5.0,15,0.50,0.0,0.0,2.1,11,0.0,0.0,0.0,0.0,0.0,0.0,1.0
3486,0,1,3400,-57,57,965,5.0,15,0.50,0.0,0.0,2.1,12,0.0,0.0,0.0,0.0,0.0,0.0,1.0
3735,0,1,3400,-57,57,962,5.0,15,0.50,0.0,0.0,2.1,12,0.0,0.0,0.0,0.0,0.0,0.0,1.0
3984,0,1,3400,-57,57,960,5.0,15,0.50,0.0,0.0,2.1,12,0.0,0.0,0.0,0.0,0.0,0.0,1.0
4233,0,1,3400,-57,57,959,5.0,15,0.50,0.0,0.0,2.1,12,0.0,0.0,0.0,0.0,0.0,0.0,1.0
4482,0,1,3400,-57,57,956,5.0,15,0.50,0.0,0.0,2.1,12,0.0,0.0,0.0,0.0,0.0,0.0,1.0
4731,0,1,3400,-57,57,959,5.0,15,0.50,0.0,0.0,2.1,12,0.0,0.0,0.0,0.0,0.0,0.0,1.0
4980,0,1,3400,-57,57,961,5.0,15,0.50,0.0,0.0,2.1,11,0.0,0.0,0.0,0.0,0.0,0.0,1.0
5229,0,1,3400,-57,57,960,5.0,15,0.50,0.0,0.0,2.1,12,0.0,0.0,0.0,0.0,0.0,0.0,1.0
5478,0,1,3400,-57,57,960,5.0,15,0.50,0.0,0.0,2.1,11,0.0,0.0,0.0,0.0,0.0,0.0,1.0
5727,0,1,3400,-57,57,957,5.0,15,0.50,0.0,0.0,2.1,12,0.0,0.0,0.0,0.0,0.0,0.0,1.0
5976,0,1,3400,-57,57,961,5.0,15,0.50,0.0,0.0,2.1,12,0.0,0.0,0.0,0.0,0.0,0.0,1.0
6225,0,1,3400,-57,57,962,5.0,15,0.50,0.0,0.0,2.1,11,0.0,0.0,0.0,0.0,0.0,0.0,1.0
6474,0,1,3400,-57,57,960,5.0,15,0.50,0.0,0.0,2.1,12,0.0,0.0,0.0,0.0,0.0,0.0,1.0
6723,0,1,3400,-57,57,957,5.0,15,0.50,0.0,0.0,2.1,11,0.0,0.0,0.0,0.0,0.0,0.0,1.0
6972,0,1,3400,-57,57,956,5.0,15,0.50,0.0,0.0,2.1,12,0.0,0.0,0.0,0.0,0.0,0.0,1.0
7221,0,1,3400,-57,57,958,5.0,15,0.50,0.0,0.0,2.1,12,0.0,0.0,0.0,0.0,0.0,0.0,1.0
7470,0,1,3400,-57,57,958,5.0,15,0.50,0.0,0.0,2.1,11,0.0,0.0,0.0,0.0,0.0,0.0,1.0
7719,0,1,3400,-57,57,958,5.0,15,0.50,0.0,0.0,2.1,12,0.0,0.0,0.0,0.0,0.0,0.0,1.0
7968,0,1,3400,-57,57,958,5.0,15,0.50,0.0,0.0,2.1,12,0.0,0.0,0.0,0.0,0.0,0.0,1.0
8217,0,1,3400,-57,57,952,5.0,15,0.50,0.0,0.0,2.1,11,0.0,0.0,0.0,0.0,0.0,0.0,1.0
8466,0,1,3400,-57,57,956,5.0,15,0.50,0.0,0.0,2.1,11,0.0,0.0,0.0,0.0,1.0,2.0,1.0
8715,0,1,3400,-57,57,957,5.0,15,0.50,0.0,0.0,2.1,12,0.0,0.0,0.0,0.0,0.0,0.0,1.0
8964,0,1,3400,-57,57,960,5.0,15,0.50,0.0,0.0,2.1,12,0.0,0.0,0.0,0.0,0.0,0.0,1.0
9213,0,1,3400,-57,57,959,5.0,15,0.50,0.0,0.0,2.1,12,0.0,0.0,0.0,0.0,0.0,0.0,1.0
9462,0,1,3400,-57,57,964,4.9,15,0.50,0.0,0.0,2.1,11,0.0,0.0,0.0,0.0,1.0,2.0,1.0
9711,0,1,3400,-57,57,957,5.0,15,0.50,0.0,0.0,2.1,12,0.0,0.0,0.0,0.0,0.0,0.0,1.0
9960,0,1,3400,-57,57,956,5.0,15,0.50,0.0,0.0,2.1,12,0.0,0.0,0.0,0.0,0.0,0.0,1.0
10209,0,1,3400,-57,57,961,5.0,15,0.50,0.0,0.0,2.1,12,0.0,0.0,0.0,0.0,0.0,0.0,1.0
10458,0,1,3400,-57,57,955,5.0,15,0.50,0.0,0.0,2.1,11,0.0,0.0,0.0,0.0,0.0,0.0,1.0
10707,0,1,3400,-57,57,955,5.0,15,0.50,0.0,0.0,2.1,12,0.0,0.0,0.0,0.0,0.0,0.0,1.0
10956,0,1,3400,-57,57,958,5.0,15,0.50,0.0,0.0,2.1,12,0.0,0.0,0.0,0.0,0.0,0.0,1.0
11205,0,1,3400,-57,57,960,4.9,15,0.50,0.0,0.0,2.1,11,0.0,0.0,0.0,0.0,0.0,0.0,1.0
11454,0,1,3400,-57,57,955,5.0,15,0.50,0.0,0.0,2.1,12,0.0,0.0,0.0,0.0,0.0,0.0,1.0
11703,0,1,3400,-57,57,954,5.0,15,0.50,0.0,0.0,2.1,11,0.0,0.0,0.0,0.0,0.0,0.0,1.0
11952,0,1,3400,-57,57,957,5.0,15,0.50,0.0,0.0,2.1,12,0.0,0.0,0.0,0.0,0.0,0.0,1.0
12201,0,1,3400,-57,57,954,5.0,15,0.50,0.0,0.0,2.1,11,0.0,0.0,0.0,0.0,0.0,0.0,1.0
12450,0,1,3400,-57,57,957,5.0,15,0.50,0.0,0.0,2.1,12,0.0,0.0,0.0,0.0,0.0,0.0,1.0
12699,0,1,3400,-57,57,958,5.0,15,0.50,0.0,0.0,2.1,12,0.0,0.0,0.0,0.0,0.0,0.0,1.0
12948,0,1,3400,-57,57,953,5.0,15,0.50,0.0,0.0,2.1,12,0.0,0.0,0.0,0.0,0.0,0.0,1.0
13197,0,1,3400,-57,57,957,5.0,15,0.50,0.0,0.0,2.1,12,0.0,0.0,0.0,0.0,0.0,0.0,1.0
13446,0,1,3400,-57,57,954,5.0,15,0.50,0.0,0.0,2.1,11,0.0,0.0,0.0,0.0,0.0,0.0,1.0
13695,0,1,3400,-57,57,959,5.0,15,0.50,0.0,0.0,2.1,12,0.0,0.0,0.0,0.0,0.0,0.0,1.0
13944,0,1,3400,-57,57,960,5.0,15,0.50,0.0,0.0,2.1,11,0.0,0.0,0.0,0.0,0.0,0.0,1.0
14193,0,1,3400,-57,57,961,5.0,15,0.50,0.0,0.0,2.1,12,0.0,0.0,0.0,0.0,0.0,0.0,1.0
14442,0,1,3400,-57,57,958,5.0,15,0.50,0.0,0.0,2.1,12,0.0,0.0,0.0,0.0,0.0,0.0,1.0
14691,0,1,3400,-57,57,954,5.0,15,0.50,0.0,0.0,2.1,11,0.0,17056.000000,0,0.0,0.0,0.0,1.0
14940,0,1,3400,-57,57,956,5.0,15,0.50,0.0,0.0,2.1,12,0.0,0.0,0.0,0.0,0.0,0.0,1.0
15189,0,1,3400,-57,57,957,5.0,15,0.50,0.0,0.0,2.1,11,0.0,0.0,0.0,0.0,0.0,0.0,1.0
15438,0,1,3400,-57,57,957,5.0,15,0.50,0.0,0.0,2.1,12,0.0,0.0,0.0,0.0,0.0,0.0,1.0
15687,0,1,3400,-57,57,957,5.0,15,0.50,0.0,0.0,2.1,12,0.0,0.0,0.0,0.0,0.0,0.0,1.0
15936,0,1,3400,-57,57,962,5.0,15,0.50,0.0,0.0,2.1,12,0.0,0.0,0.0,0.0,0.0,0.0,1.0
16185,0,1,3400,-57,57,959,5.0,15,0.50,0.0,0.0,2.1,11,0.0,0.0,0.0,0.0,0.0,0.0,1.0
16434,0,1,3400,-57,57,954,5.0,15,0.50,0.0,0.0,2.1,12,0.0,0.0,0.0,0.0,0.0,0.0,1.0
16683,0,1,3400,-57,57,955,5.0,15,0.50,0.0,0.0,2.1,11,0.0,0.0,0.0,0.0,0.0,0.0,1.0
16932,0,1,3400,-57,57,959,5.0,15,0.50,0.0,0.0,2.1,12,0.0,0.0,0.0,0.0,0.0,0.0,1.0
17181,0,1,3400,-57,57,957,5.0,15,0.50,0.0,0.0,2.1,12,0.0,0.0,0.0,0.0,0.0,0.0,1.0
17430,0,1,3400,-57,57,960,5.0,15,0.50,0.0,0.0,2.1,12,0.0,0.0,0.0,0.0,0.0,0.0,1.0
17679,0,1,3400,-57,57,958,5.0,15,0.50,0.0,0.0,2.1,12,0.0,0.0,0.0,0.0,0.0,0.0,1.0
17928,0,1,3400,-57,57,960,5.0,15,0.50,0.0,0.0,2.1,12,0.0,0.0,0.0,0.0,0.0,0.0,1.0
18177,0,1,3400,-57,57,963,5.0,15,0.50,0.0,0.0,2.1,11,0.0,0.0,0.0,0.0,0.0,0.0,1.0
18426,0,1,3400,-57,57,957,5.0,15,0.50,0.0,0.0,2.1,11,0.0,0.0,0.0,0.0,0.0,0.0,1.0
18675,0,1,3400,-57,57,954,5.0,15,0.50,0.0,0.0,2.1,11,0.0,0.0,0.0,0.0,0.0,0.0,1.0
18924,0,1,3400,-57,57,958,5.0,15,0.50,0.0,0.0,2.1,12,0.0,0.0,0.0,0.0,0.0,0.0,1.0
19173,0,1,3400,-57,57,956,5.0,15,0.50,0.0,0.0,2.1,11,0.0,0.0,0.0,0.0,0.0,0.0,1.0
19422,0,1,3400,-57,57,956,5.0,15,0.50,0.0,0.0,2.1,12,0.0,0.0,0.0,0.0,0.0,0.0,1.0
19671,0,1,3400,-57,57,955,5.0,15,0.50,0.0,0.0,2.1,12,0.0,0.0,0.0,0.0,0.0,0.0,1.0
19920,0,1,3400,-57,57,958,5.0,15,0.50,0.0,0.0,2.1,12,0.0,0.0,0.0,0.0,0.0,0.0,1.0
20169,0,1,3400,-57,57,960,5.0,15,0.50,0.0,0.0,2.1,12,0.0,0.0,0.0,0.0,0.0,0.0,1.0
20418,0,1,3400,-57,57,962,5.0,15,0.50,0.0,0.0,2.1,11,0.0,0.0,0.0,0.0,0.0,0.0,1.0
20667,0,1,3400,-57,57,958,5.0,15,0.50,0.0,0.0,2.1,12,0.0,0.0,0.0,0.0,0.0,0.0,1.0
20916,0,1,3400,-57,57,958,5.0,15,0.50,0.0,0.0,2.1,12,0.0,0.0,0.0,0.0,0.0,0.0,1.0
21165,0,1,3400,-57,57,957,5.0,15,0.50,0.0,0.0,2.1,12,0.0,0.0,0.0,0.0,0.0,0.0,1.0
21414,0,1,3400,-57,57,962,5.0,15,0.50,0.0,0.0,2.1,12,0.0,0.0,0.0,0.0,0.0,0.0,1.0
21663,0,1,3400,-57,57,959,5.0,15,0.50,0.0,0.0,2.1,12,0.0,0.0,0.0,0.0,0.0,0.0,1.0
21912,0,1,3400,-57,57,962,5.0,15,0.50,0.0,0.0,2.1,12,0.0,0.0,0.0,0.0,0.0,0.0,1.0
22161,0,1,3400,-57,57,966,5.0,15,0.50,0.0,0.0,2.1,11,0.0,0.0,0.0,0.0,0.0,0.0,1.0
22410,0,1,3400,-57,57,963,5.0,15,0.50,0.0,0.0,2.1,12,0.0,0.0,0.0,0.0,0.0,0.0,1.0
22659,0,1,3400,-57,57,962,5.0,15,0.50,0.0,0.0,2.1,12,0.0,0.0,0.0,0.0,0.0,0.0,1.0
22908,0,1,3400,-57,57,965,5.0,15,0.50,0.0,0.0,2.1,12,0.0,0.0,0.0,0.0,0.0,0.0,1.0
23157,0,1,3400,-57,57,961,5.0,15,0.50,0.0,0.0,2.1,12,0.0,0.0,0.0,0.0,0.0,0.0,1.0
23406,0,1,3400,-57,57,958,5.0,15,0.50,0.0,0.0,2.1,12,0.0,0.0,0.0,0.0,0.0,0.0,1.0
23655,0,1,3400,-57,57,958,5.0,15,0.50,0.0,0.0,2.1,12,0.0,0.0,0.0,0.0,0.0,0.0,1.0
23904,0,1,3400,-57,57,961,5.0,15,0.50,0.0,0.0,2.1,12,0.0,0.0,0.0,0.0,0.0,0.0,1.0
24153,0,1,3400,-57,57,960,5.0,15,0.50,0.0,0.0,2.1,11,0.0,0.0,0.0,0.0,0.0,0.0,1.0
24402,0,1,3400,-57,57,956,5.0,15,0.50,0.0,0.0,2.1,12,0.0,0.0,0.0,0.0,0.0,0.0,1.0
24651,0,1,3400,-57,57,955,5.0,15,0.50,0.0,0.0,2.1,12,0.0,0.0,0.0,0.0,0.0,0.0,1.0
24900,0,1,3400,-57,57,955,5.0,15,0.50,0.0,0.0,2.1,12,0.0,0.0,0.0,0.0,0.0,0.0,1.0
25149,0,1,3400,-57,57,956,5.0,15,0.50,0.0,0.0,2.1,11,0.0,0.0,0.0,0.0,0.0,0.0,1.0
25398,0,1,3400,-57,57,962,5.0,15,0.50,0.0,0.0,2.1,12,0.0,0.0,0.0,0.0,0.0,0.0,1.0
25647,0,1,3400,-57,57,970,5.0,15,0.50,0.0,0.0,2.1,12,0.0,0.0,0.0,0.0,0.0,0.0,1.0
25896,0,1,3400,-57,57,968,5.0,15,0.50,0.0,0.0,2.1,12,0.0,0.0,0.0,0.0,0.0,0.0,1.0
26145,0,1,3400,-57,57,965,5.0,15,0.50,0.0,0.0,2.1,12,0.0,0.0,0.0,0.0,0.0,0.0,1.0
26394,0,1,3400,-57,57,957,5.0,15,0.50,0.0,0.0,2.1,12,0.0,0.0,0.0,0.0,0.0,0.0,1.0
26643,0,1,3400,-57,57,961,5.0,15,0.50,0.0,0.0,2.1,12,0.0,0.0,0.0,0.0,0.0,0.0,1.0
26892,0,1,3400,-57,57,959,5.0,15,0.50,0.0,0.0,2.1,11,0.0,0.0,0.0,0.0,0.0,0.0,1.0
27141,0,1,3400,-57,57,954,5.0,15,0.50,0.0,0.0,2.1,12,0.0,0.0,0.0,0.0,0.0,0.0,1.0
27390,0,1,3400,-57,57,951,5.0,15,0.50,0.0,0.0,2.1,11,0.0,0.0,0.0,0.0,0.0,0.0,1.0
27639,0,1,3400,-57,57,954,5.0,15,0.50,0.0,0.0,2.1,12,0.0,0.0,0.0,0.0,0.0,0.0,1.0
27888,0,1,3400,-57,57,956,5.0,15,0.50,0.0,0.0,2.1,12,0.0,0.0,0.0,0.0,0.0,0.0,1.0
28137,0,1,3400,-57,57,961,5.0,15,0.50,0.0,0.0,2.1,11,0.0,0.0,0.0,0.0,0.0,0.0,1.0
28386,0,1,3400,-57,57,957,5.0,15,0.50,0.0,0.0,2.1,12,0.0,0.0,0.0,0.0,0.0,0.0,1.0
28635,0,1,3400,-57,57,954,5.0,15,0.50,0.0,0.0,2.1,12,0.0,0.0,0.0,0.0,0.0,0.0,1.0
28884,0,1,3400,-57,57,960,5.0,15,0.50,0.0,0.0,2.1,12,0.0,0.0,0.0,0.0,0.0,0.0,1.0
29133,0,1,3400,-57,57,961,5.0,15,0.50,0.0,0.0,2.1,12,0.0,0.0,0.0,0.0,0.0,0.0,1.0
29382,0,1,3400,-57,57,959,5.0,15,0.50,0.0,0.0,2.1,12,0.0,0.0,0.0,0.0,0.0,0.0,1.0
29631,0,1,3400,-57,57,957,5.0,15,0.50,0.0,0.0,2.1,12,0.0,0.0,0.0,0.0,0.0,0.0,1.0
29880,0,1,3400,-57,57,955,5.0,15,0.50,0.0,0.0,2.1,11,0.0,0.0,0.0,0.0,0.0,0.0,1.0
30129,0,1,3400,-57,57,954,5.0,15,0.50,0.0,0.0,2.1,12,0.0,0.0,0.0,0.0,0.0,0.0,1.0
30378,0,1,3400,-57,57,953,5.0,15,0.50,0.0,0.0,2.1,11,0.0,0.0,0.0,0.0,0.0,0.0,1.0
30627,0,1,3400,-57,57,950,5.0,15,0.50,0.0,0.0,2.1,12,0.0,0.0,0.0,0.0,0.0,0.0,1.0
30876,0,1,3400,-57,57,954,5.0,15,0.50,0.0,0.0,2.1,12,0.0,0.0,0.0,0.0,0.0,0.0,1.0
31125,0,1,3400,-57,57,957,5.0,15,0.50,0.0,0.0,2.1,12,0.0,0.0,0.0,0.0,0.0,0.0,1.0
31374,0,1,3400,-57,57,957,5.0,15,0.50,0.0,0.0,2.1,11,0.0,0.0,0.0,0.0,0.0,0.0,1.0
31623,0,1,3400,-57,57,958,5.0,15,0.50,0.0,0.0,2.1,12,0.0,0.0,0.0,0.0,0.0,0.0,1.0
31872,0,1,3400,-57,57,958,5.0,15,0.50,0.0,0.0,2.1,12,0.0,0.0,0.0,0.0,0.0,0.0,1.0
32121,0,1,3400,-57,57,954,5.0,15,0.50,0.0,0.0,2.1,12,0.0,0.0,0.0,0.0,0.0,0.0,1.0
32370,0,1,3400,-57,57,957,5.0,15,0.50,0.0,0.0,2.1,12,0.0,0.0,0.0,0.0,0.0,0.0,1.0
32619,0,1,3400,-57,57,957,5.0,15,0.50,0.0,0.0,2.1,11,0.0,0.0,0.0,0.0,0.0,0.0,1.0
32868,0,1,3400,-57,57,956,5.0,15,0.50,0.0,0.0,2.1,12,0.0,0.0,0.0,0.0,0.0,0.0,1.0
33117,0,1,3400,-57,57,958,5.0,15,0.50,0.0,0.0,2.1,12,0.0,0.0,0.0,0.0,0.0,0.0,1.0
33366,0,1,3400,-57,57,956,5.0,15,0.50,0.0,0.0,2.1,12,0.0,0.0,0.0,0.0,0.0,0.0,1.0
33615,0,1,3400,-57,57,959,5.0,15,0.50,0.0,0.0,2.1,11,0.0,0.0,0.0,0.0,0.0,0.0,1.0
33864,0,1,3400,-57,57,958,5.0,15,0.50,0.0,0.0,2.1,12,0.0,0.0,0.0,0.0,0.0,0.0,1.0
34113,0,1,3400,-57,57,960,5.0,15,0.50,0.0,0.0,2.1,12,0.0,0.0,0.0,0.0,0.0,0.0,1.0
34362,0,1,3400,-57,57,962,5.0,15,0.50,0.0,0.0,2.1,12,0.0,0.0,0.0,0.0,0.0,0.0,1.0
34611,0,1,3400,-57,57,961,5.0,15,0.50,0.0,0.0,2.1,12,0.0,0.0,0.0,0.0,0.0,0.0,1.0
34860,0,1,3400,-57,57,961,5.0,15,0.50,0.0,0.0,2.1,11,0.0,0.0,0.0,0.0,0.0,0.0,1.0
35109,0,1,3400,-57,57,963,5.0,15,0.50,0.0,0.0,2.1,12,0.0,0.0,0.0,0.0,0.0,0.0,1.0
35358,0,1,3400,-57,57,958,5.0,15,0.50,0.0,0.0,2.1,12,0.0,0.0,0.0,0.0,0.0,0.0,1.0
35607,0,1,3400,-57,57,959,5.0,14,0.50,0.0,0.0,2.1,12,0.0,0.0,0.0,0.0,0.0,0.0,1.0
35856,0,1,3400,-57,57,959,5.0,15,0.50,0.0,0.0,2.1,11,0.0,0.0,0.0,0.0,0.0,0.0,1.0
36105,0,1,3400,-57,57,959,5.0,15,0.50,0.0,0.0,2.1,12,0.0,0.0,0.0,0.0,0.0,0.0,1.0
36354,0,1,3400,-57,57,962,5.0,15,0.50,0.0,0.0,2.1,11,0.0,0.0,0.0,0.0,0.0,0.0,1.0
36603,0,1,3400,-57,57,965,5.0,15,0.50,0.0,0.0,2.1,12,0.0,0.0,0.0,0.0,0.0,0.0,1.0
36852,0,1,3400,-57,57,964,5.0,15,0.50,0.0,0.0,2.1,12,0.0,0.0,0.0,0.0,0.0,0.0,1.0
37101,0,1,3400,-57,57,962,5.0,15,0.50,0.0,0.0,2.1,12,0.0,0.0,0.0,0.0,0.0,0.0,1.0
37350,0,1,3400,-57,57,964,5.0,15,0.50,0.0,0.0,2.1,11,0.0,0.0,0.0,0.0,0.0,0.0,1.0
37599,0,1,3400,-57,57,958,5.0,15,0.50,0.0,0.0,2.1,12,0.0,0.0,0.0,0.0,0.0,0.0,1.0
37848,0,1,3400,-57,57,955,5.0,15,0.50,0.0,0.0,2.1,12,0.0,0.0,0.0,0.0,0.0,0.0,1.0
38097,0,1,3400,-57,57,956,5.0,15,0.50,0.0,0.0,2.1,12,0.0,0.0,0.0,0.0,0.0,0.0,1.0
38346,0,1,3400,-57,57,961,5.0,15,0.50,0.0,0.0,2.1,12,0.0,0.0,0.0,0.0,0.0,0.0,1.0
38595,0,1,3400,-57,57,959,5.0,15,0.50,0.0,0.0,2.1,11,0.0,0.0,0.0,0.0,0.0,0.0,1.0
38844,0,1,3400,-57,57,959,5.0,15,0.50,0.0,0.0,2.1,12,0.0,0.0,0.0,0.0,0.0,0.0,1.0
39093,0,1,3400,-57,57,957,5.0,15,0.50,0.0,0.0,2.1,11,0.0,0.0,0.0,0.0,0.0,0.0,1.0
39342,0,1,3400,-57,57,958,5.0,15,0.50,0.0,0.0,2.1,11,0.0,0.0,0.0,0.0,0.0,0.0,1.0
39591,0,1,3400,-57,57,961,5.0,15,0.50,0.0,0.0,2.1,12,0.0,0.0,0.0,0.0,0.0,0.0,1.0
39840,0,1,3400,-57,57,960,5.0,15,0.50,0.0,0.0,2.1,12,0.0,0.0,0.0,0.0,0.0,0.0,1.0
40089,0,1,3400,-57,57,962,5.0,15,0.50,0.0,0.0,2.1,12,0.0,0.0,0.0,0.0,0.0,0.0,1.0
40338,0,1,3400,-57,57,962,5.0,15,0.50,0.0,0.0,2.1,12,0.0,0.0,0.0,0.0,0.0,0.0,1.0
40587,0,1,3400,-57,57,958,5.0,15,0.50,0.0,0.0,2.1,12,0.0,0.0,0.0,0.0,0.0,0.0,1.0
40836,0,1,3400,-57,57,959,5.0,15,0.50,0.0,0.0,2.1,12,0.0,0.0,0.0,0.0,0.0,0.0,1.0
41085,0,1,3400,-57,57,960,5.0,15,0.50,0.0,0.0,2.1,12,0.0,0.0,0.0,0.0,0.0,0.0,1.0
41334,0,1,3400,-57,57,965,5.0,15,0.50,0.0,0.0,2.1,12,0.0,0.0,0.0,0.0,0.0,0.0,1.0
41583,0,1,3400,-57,57,965,5.0,15,0.50,0.0,0.0,2.1,11,0.0,0.0,0.0,0.0,0.0,0.0,1.0
41832,0,1,3400,-57,57,962,5.0,15,0.50,0.0,0.0,2.1,12,0.0,0.0,0.0,0.0,0.0,0.0,1.0
42081,0,1,3400,-57,57,960,5.0,15,0.50,0.0,0.0,2.1,11,0.0,0.0,0.0,0.0,0.0,0.0,1.0
42330,0,1,3400,-57,57,961,5.0,15,0.50,0.0,0.0,2.1,12,0.0,0.0,0.0,0.0,0.0,0.0,1.0
42579,0,1,3400,-57,57,957,5.0,15,0.50,0.0,0.0,2.1,12,0.0,0.0,0.0,0.0,0.0,0.0,1.0
42828,0,1,3400,-57,57,964,5.0,15,0.50,0.0,0.0,2.1,12,0.0,0.0,0.0,0.0,0.0,0.0,1.0
43077,0,1,3400,-57,57,964,5.0,15,0.50,0.0,0.0,2.1,12,0.0,0.0,0.0,0.0,0.0,0.0,1.0
43326,0,1,3400,-57,57,960,5.0,15,0.50,0.0,0.0,2.1,11,0.0,0.0,0.0,0.0,0.0,0.0,1.0
43575,0,1,3400,-57,57,965,5.0,15,0.50,0.0,0.0,2.1,12,0.0,0.0,0.0,0.0,0.0,0.0,1.0
43824,0,1,3400,-57,57,965,5.0,15,0.50,0.0,0.0,2.1,12,0.0,0.0,0.0,0.0,0.0,0.0,1.0
44073,0,1,3400,-57,57,966,5.0,15,0.50,0.0,0.0,2.1,11,0.0,0.0,0.0,0.0,0.0,0.0,1.0
44322,0,1,3400,-57,57,965,5.0,15,0.50,0.0,0.0,2.1,11,0.0,0.0,0.0,0.0,0.0,0.0,1.0
44571,0,1,3400,-57,57,966,5.0,15,0.50,0.0,0.0,2.1,12,0.0,0.0,0.0,0.0,0.0,0.0,1.0
44820,0,1,3400,-57,57,960,5.0,15,0.50,0.0,0.0,2.1,12,0.0,0.0,0.0,0.0,0.0,0.0,1.0
45069,0,1,3400,-57,57,958,5.0,15,0.50,0.0,0.0,2.1,11,0.0,0.0,0.0,0.0,0.0,0.0,1.0
45318,0,1,3400,-57,57,955,5.0,15,0.50,0.0,0.0,2.1,12,0.0,0.0,0.0,0.0,0.0,0.0,1.0
45567,0,1,3400,-57,57,959,5.0,15,0.50,0.0,0.0,2.1,12,0.0,0.0,0.0,0.0,0.0,0.0,1.0
45816,0,1,3400,-57,57,963,5.0,15,0.50,0.0,0.0,2.1,12,0.0,0.0,0.0,0.0,0.0,0.0,1.0
46065,0,1,3400,-57,57,968,5.0,15,0.50,0.0,0.0,2.1,11,0.0,0.0,0.0,0.0,0.0,0.0,1.0
46314,0,1,3400,-57,57,964,5.0,15,0.50,0.0,0.0,2.1,12,0.0,0.0,0.0,0.0,0.0,0.0,1.0
46563,0,1,3400,-57,57,964,5.0,15,0.50,0.0,0.0,2.1,12,0.0,0.0,0.0,0.0,0.0,0.0,1.0
46812,0,1,3400,-57,57,961,5.0,15,0.50,0.0,0.0,2.1,12,0.0,0.0,0.0,0.0,0.0,0.0,1.0
47061,0,1,3400,-57,57,962,5.0,15,0.50,0.0,0.0,2.1,12,0.0,0.0,0.0,0.0,0.0,0.0,1.0
47310,0,1,3400,-57,57,965,5.0,15,0.50,0.0,0.0,2.1,12,0.0,0.0,0.0,0.0,0.0,0.0,1.0
47559,0,1,3400,-57,57,961,4.9,15,0.50,0.0,0.0,2.1,11,0.0,0.0,0.0,0.0,0.0,0.0,1.0
47808,0,1,3400,-57,57,958,5.0,15,0.50,0.0,0.0,2.1,12,0.0,0.0,0.0,0.0,0.0,0.0,1.0
48057,0,1,3400,-57,57,956,5.0,15,0.50,0.0,0.0,2.1,12,0.0,0.0,0.0,0.0,0.0,0.0,1.0
48306,0,1,3400,-57,57,957,5.0,15,0.50,0.0,0.0,2.1,12,0.0,0.0,0.0,0.0,0.0,0.0,1.0
48555,0,1,3400,-57,57,962,5.0,15,0.50,0.0,0.0,2.1,12,0.0,0.0,0.0,0.0,0.0,0.0,1.0
48804,0,1,3400,-57,57,963,5.0,15,0.50,0.0,0.0,2.1,11,0.0,0.0,0.0,0.0,0.0,0.0,1.0
49053,0,1,3400,-57,57,961,5.0,15,0.50,0.0,0.0,2.1,12,0.0,0.0,0.0,0.0,0.0,0.0,1.0
49302,0,1,3400,-57,57,959,5.0,15,0.50,0.0,0.0,2.1,12,0.0,0.0,0.0,0.0,0.0,0.0,1.0
49551,0,1,3400,-57,57,962,7.3,15,0.50,786880.000000,0,2.1,12,2953.000000,0.0,80,0.0,0.0,0.0,1.0
49800,0,1,3400,-57,57,962,12,14,0.50,1628736.000000,0,2.1,12,2953.000000,0.0,0.0,0.0,0.0,0.0,1.0
50049,0,1,3400,-57,57,960,9.9,14,0.50,1366336.000000,0,2.1,12,2427.000000,0.0,80,0.0,0.0,0.0,1.0
50298,0,1,3400,-57,57,961,13,14,0.58,1879456.000000,0,2.1,9.6,0.0,134112.000000,53,0.0,0.0,0.0,1.0
50547,0,1,3400,-57,57,957,7.9,14,0.50,1112992.000000,0,2.1,8.0,415,0.0,80,0.0,0.0,0.0,1.0
50796,0,1,3400,-57,57,957,11,14,0.53,1478336.000000,0.8,2.1,8.0,415,0.0,0.0,0.0,0.0,0.0,1.0
51045,0,1,3400,-57,57,962,9.3,14,0.50,1320352.000000,0,2.1,1.7,0.0,9024.000000,64,0.0,0.0,0.0,1.0
51294,0,1,3400,-57,57,962,11,14,0.50,1447936.000000,0,2.1,0.0,0.0,0.0,0.0,0.0,0.0,0.0,1.0
51543,0,1,3400,-57,57,959,11,14,0.50,1575808.000000,0,2.1,0.0,581,0.0,0.0,0.0,0.0,0.0,1.0
51792,0,1,3400,-57,57,963,11,14,0.50,1468736.000000,0,2.1,5.2,0.0,27840.000000,29,0.0,0.0,0.0,1.0
52041,0,1,3400,-57,57,967,9.3,14,0.50,1290208.000000,0,2.1,6.0,0.0,0.0,0.0,0.0,0.0,0.0,1.0
52290,0,1,3400,-57,57,962,8.0,14,0.50,1100192.000000,0,2.1,6.0,0.0,0.0,0.0,0.0,0.0,0.0,1.0
52539,0,1,3400,-57,57,961,11,14,0.50,1523936.000000,0,2.1,6.5,55,0.0,50,0.0,0.0,0.0,1.0
52788,0,1,3400,-57,57,963,11,14,0.50,1469280.000000,0,2.1,14,55,0.0,100.000000,0.0,0.0,0.0,1.0
53037,0,1,3400,-57,57,962,8.9,14,0.50,1199200.000000,0,2.1,14,0.0,0.0,80,0.0,0.0,0.0,1.0
53286,0,1,3400,-57,57,962,13,14,0.80,2076832.000000,0.4,2.1,15,0.0,0.0,0.0,0.0,0.0,0.0,1.0
53535,0,1,3400,-57,57,963,11,14,0.50,1462688.000000,0,2.1,12,0.0,33728.000000,15,0.0,0.0,0.0,1.0
53784,0,1,3400,-57,57,966,8.9,14,0.50,1206976.000000,0,2.1,0.0,0.0,0.0,0.0,0.0,0.0,0.0,1.0
54033,0,1,3400,-57,57,965,11,14,0.53,1531360.000000,0,2.1,0.0,0.0,0.0,0.0,0.0,0.0,0.0,1.0
54282,0,1,3400,-57,57,962,11,14,0.51,1600832.000000,0,2.1,0.0,0.0,0.0,0.0,0.0,0.0,0.0,1.0
54531,0,1,3400,-57,57,962,11,14,0.50,1455328.000000,0,2.1,0.0,0.0,11072.000000,0,0.0,0.0,0.0,1.0
54780,0,1,3400,-57,57,964,10,14,0.50,1400064.000000,0,2.1,0.0,0.0,6976.000000,73,0.0,0.0,0.0,1.0
55029,0,1,3400,-57,57,962,11,14,0.50,1462272.000000,0,2.1,0.0,0.0,0.0,0.0,0.0,0.0,0.0,1.0
55278,0,1,3400,-57,57,963,11,14,0.50,1461792.000000,0,2.1,0.0,0.0,0.0,0.0,0.0,0.0,0.0,1.0
55527,0,1,3400,-57,57,965,10,14,0.50,1413248.000000,0,2.1,3.0,0.0,20672.000000,57,0.0,0.0,0.0,1.0
55776,0,1,3400,-57,57,968,9.3,14,0.50,1323648.000000,0,2.1,1.3,0.0,18560.000000,61,0.0,0.0,0.0,1.0
56025,0,1,3400,-57,57,963,11,14,0.50,1469056.000000,0,2.1,0.0,0.0,0.0,0.0,0.0,0.0,0.0,1.0
56274,0,1,3400,-57,57,962,9.7,14,0.50,1378208.000000,0,2.1,0.0,0.0,0.0,0.0,0.0,0.0,0.0,1.0
56523,0,1,3400,-57,57,962,11,14,0.50,1435808.000000,0,2.1,0.0,581,0.0,0.0,0.0,0.0,0.0,1.0
56772,0,1,3400,-57,57,961,9.6,14,0.50,1312608.000000,0,2.1,11,0.0,35200.000000,50,0.0,0.0,0.0,1.0
57021,0,1,3400,-57,57,959,7.3,14,0.50,1061280.000000,0,2.1,15,0.0,0.0,0.0,0.0,0.0,0.0,1.0
57270,0,1,3400,-57,57,958,8.6,14,0.50,1202656.000000,0,2.1,15,0.0,0.0,0.0,0.0,0.0,0.0,1.0
57519,0,1,3400,-57,57,960,10,14,0.50,1422368.000000,0,2.1,14,55,0.0,67,0.0,0.0,0.0,1.0
57768,0,1,3400,-57,57,966,12,14,0.67,1998464.000000,0,2.1,7.5,55,0.0,100.000000,0.0,0.0,0.0,1.0
58017,0,1,3400,-57,57,971,7.6,14,0.50,1054560.000000,0,2.1,2.8,0.0,7680.000000,0,0.0,0.0,0.0,1.0
58266,0,1,3400,-57,57,965,11,14,0.50,1584192.000000,0,2.1,0.0,0.0,0.0,0.0,0.0,0.0,0.0,1.0
58515,0,1,3400,-57,57,961,7.1,14,0.50,993280.000000,0,2.1,0.0,581,0.0,0.0,0.0,0.0,0.0,1.0
58764,0,1,3400,-57,57,957,8.4,14,0.50,1181600.000000,0,2.1,0.0,415,0.0,80,0.0,0.0,0.0,1.0
59013,0,1,3400,-57,57,958,10,14,0.50,1386688.000000,0,2.1,0.0,0.0,14560.000000,54,0.0,0.0,0.0,1.0
59262,0,1,3400,-57,57,964,11,14,0.51,1490400.000000,0.4,2.1,0.0,0.0,0.0,0.0,0.0,0.0,0.0,1.0
59511,0,1,3400,-57,57,967,10,14,0.50,1389056.000000,0,2.1,0.24,0.0,3488.000000,0,0.0,0.0,0.0,1.0
59760,0,1,3400,-57,57,963,8.8,14,0.50,1225120.000000,0,2.1,0.78,0.0,19840.000000,33,0.0,0.0,0.0,1.0
60009,0,1,3400,-57,57,962,9.5,14,0.50,1335168.000000,0,2.1,0.0,0.0,0.0,0.0,0.0,0.0,0.0,1.0
60258,0,1,3400,-57,57,960,11,14,0.50,1530176.000000,0,2.1,0.0,0.0,0.0,0.0,0.0,0.0,0.0,1.0
60507,0,1,3400,-57,57,963,8.7,14,0.50,1242080.000000,0,2.1,2.7,0.0,20640.000000,62,0.0,0.0,0.0,1.0
60756,0,1,3400,-57,57,964,10,14,0.50,1431584.000000,0,2.1,1.6,0.0,14048.000000,65,0.0,0.0,0.0,1.0
61005,0,1,3400,-57,57,964,11,14,0.50,1577792.000000,0,2.1,0.0,0.0,0.0,0.0,0.0,0.0,0.0,1.0
61254,0,1,3400,-57,57,963,8.7,14,0.56,1272736.000000,0,2.1,0.0,0.0,0.0,0.0,0.0,0.0,0.0,1.0
61503,0,1,3400,-57,57,968,16,14,1.6,2922176.000000,4,2.1,0.0,0.0,36448.000000,0,0.0,0.0,0.0,1.0
61752,0,1,3400,-57,57,964,12,14,0.69,1876832.000000,0.8,2.1,0.0,0.0,0.0,0.0,0.0,0.0,0.0,1.0
62001,0,1,3400,-57,57,961,10.0,14,0.50,1395936.000000,0,2.1,0.0,0.0,0.0,0.0,0.0,0.0,0.0,1.0
62250,0,1,3400,-57,57,958,9.8,14,0.50,1369600.000000,0,2.1,0.0,0.0,0.0,0.0,0.0,0.0,0.0,1.0
62499,0,1,3400,-57,57,959,9.8,14,0.50,1330528.000000,0,2.1,1.2,0.0,86848.000000,33,0.0,0.0,0.0,1.0
62748,0,1,3400,-57,57,963,11,14,0.50,1455104.000000,0,2.1,8.0,0.0,0.0,0.0,0.0,0.0,0.0,1.0
62997,0,1,3400,-57,57,959,8.2,14,0.50,1153312.000000,0,2.1,8.0,0.0,0.0,0.0,0.0,0.0,0.0,1.0
63246,0,1,3400,-57,57,957,11,14,0.50,1441184.000000,0,2.1,8.0,0.0,0.0,0.0,0.0,0.0,0.0,1.0
63495,0,1,3400,-57,57,961,11,14,0.50,1512608.000000,0,2.1,6.8,0.0,23104.000000,48,0.0,0.0,0.0,1.0
63744,0,1,3400,-57,57,966,11,14,0.50,1454048.000000,0,2.1,7.0,0.0,0.0,0.0,0.0,0.0,0.0,1.0
63993,0,1,3400,-57,57,964,11,14,0.50,1532352.000000,0,2.1,7.0,0.0,0.0,0.0,0.0,0.0,0.0,1.0
64242,0,1,3400,-57,57,963,11,14,0.50,1459456.000000,0,2.1,7.0,0.0,0.0,0.0,0.0,0.0,0.0,1.0
64491,0,1,3400,-57,57,961,11,14,0.50,1456544.000000,0,2.1,7.0,415,0.0,80,0.0,0.0,0.0,1.0
64740,0,1,3400,-57,57,964,11,14,0.50,1439264.000000,0,2.1,6.9,415,0.0,0.0,0.0,0.0,0.0,1.0
64989,0,1,3400,-57,57,962,9.8,14,0.50,1379904.000000,0,2.1,1.7,0.0,9024.000000,62,0.0,0.0,0.0,1.0
65238,0,1,3400,-57,57,968,9.3,14,0.50,1275456.000000,0,2.1,0.0,0.0,0.0,0.0,0.0,0.0,0.0,1.0
65487,0,1,3400,-57,57,963,8.6,14,0.50,1202944.000000,0,2.1,0.0,415,0.0,50,0.0,0.0,0.0,1.0
65736,0,1,3400,-57,57,961,9.1,14,0.50,1261248.000000,0,2.1,0.0,415,0.0,100.000000,0.0,0.0,0.0,1.0
65985,0,1,3400,-57,57,961,12,14,0.52,1650464.000000,0,2.1,0.95,0.0,20480.000000,31,0.0,0.0,0.0,1.0
66234,0,1,3400,-57,57,960,7.6,14,0.55,1114944.000000,0,2.1,0.0,0.0,0.0,0.0,0.0,0.0,0.0,1.0
66483,0,1,3400,-57,57,960,11,14,0.77,1668544.000000,2,2.1,0.0,0.0,5536.000000,17,0.0,0.0,0.0,1.0
66732,0,1,3400,-57,57,962,13,14,0.88,1385920.000000,11,2.1,0.0,0.0,22816.000000,62,0.0,1.0,2.0,1.0
66981,0,1,3400,-57,57,959,8.3,14,0.68,975456.000000,5,2.1,0.0,0.0,0.0,0.0,0.0,0.0,0.0,1.0
67230,0,1,3400,-57,57,961,9.3,14,0.56,1340512.000000,0,2.1,0.0,0.0,0.0,0.0,0.0,0.0,0.0,1.0
67479,0,1,3400,-57,57,964,12,14,0.75,1792128.000000,0.4,2.1,0.54,55,0.0,67,0.0,0.0,0.0,1.0
67728,0,1,3400,-57,57,961,12,14,0.50,1691168.000000,0,2.1,7.5,55,0.0,100.000000,0.0,0.0,0.0,1.0
67977,0,1,3400,-57,57,964,10,14,0.50,1438848.000000,0,2.1,2.8,0.0,0.0,80,0.0,0.0,0.0,1.0
68226,0,1,3400,-57,57,962,9.4,14,0.50,1278464.000000,0,2.1,0.0,0.0,0.0,0.0,0.0,0.0,0.0,1.0
68475,0,1,3400,-57,57,963,11,14,0.50,1443712.000000,0,2.1,1.0,0.0,9920.000000,44,0.0,0.0,0.0,1.0
68724,0,1,3400,-57,57,965,11,14,0.50,1501920.000000,0,2.1,0.0,0.0,8768.000000,75,0.0,0.0,0.0,1.0
68973,0,1,3400,-57,57,957,12,14,0.79,1876096.000000,0.4,2.1,0.0,0.0,0.0,0.0,0.0,0.0,0.0,1.0
69222,0,1,3400,-57,57,961,9.6,14,0.50,1320352.000000,0,2.1,0.0,0.0,0.0,0.0,0.0,0.0,0.0,1.0
69471,0,1,3400,-57,57,967,13,14,0.82,2055136.000000,0.8,2.1,0.0,0.0,5536.000000,0,0.0,0.0,0.0,1.0
69720,0,1,3400,-57,57,965,7.1,14,0.50,1011744.000000,0,2.1,0.0,0.0,10560.000000,80,0.0,0.0,0.0,1.0
69969,0,1,3400,-57,57,963,11,14,0.50,1463488.000000,0,2.1,0.0,0.0,0.0,0.0,0.0,0.0,0.0,1.0
70218,0,1,3400,-57,57,962,7.9,14,0.50,1099680.000000,0,2.1,0.0,0.0,0.0,0.0,0.0,0.0,0.0,1.0
70467,0,1,3400,-57,57,966,9.0,14,0.50,1264736.000000,0,2.1,0.0,0.0,8512.000000,68,0.0,0.0,0.0,1.0
70716,0,1,3400,-57,57,962,10,14,0.50,1485952.000000,0,2.1,0.0,0.0,0.0,0.0,0.0,0.0,0.0,1.0
70965,0,1,3400,-57,57,961,11,14,0.50,1446752.000000,0,2.1,1.4,0.0,11168.000000,0,0.0,0.0,0.0,1.0
71214,0,1,3400,-57,57,957,11,14,0.50,1506112.000000,0,2.1,6.0,0.0,0.0,0.0,0.0,0.0,0.0,1.0
71463,0,1,3400,-57,57,956,7.9,14,0.50,1109088.000000,0,2.1,4.8,0.0,36192.000000,15,0.0,0.0,0.0,1.0
71712,0,1,3400,-57,57,958,8.5,14,0.50,1174560.000000,0,2.1,0.0,0.0,5536.000000,0,0.0,0.0,0.0,1.0
71961,0,1,3400,-57,57,959,5.8,14,0.57,1024544.000000,0,2.1,0.0,0.0,0.0,0.0,0.0,0.0,0.0,1.0
72210,0,1,3400,-57,57,962,9.5,14,0.50,1306080.000000,0,2.1,0.0,0.0,0.0,0.0,0.0,0.0,0.0,1.0
72459,0,1,3400,-57,57,962,9.3,14,0.50,1275424.000000,0,2.1,0.0,415,0.0,50,0.0,0.0,0.0,1.0
72708,0,1,3400,-57,57,965,4.4,14,0.50,689728.000000,0,2.1,0.0,415,0.0,100.000000,0.0,0.0,0.0,1.0
72957,0,1,3400,-57,57,967,9.6,14,0.50,1327648.000000,0,2.1,0.88,0.0,22688.000000,56,0.0,0.0,0.0,1.0
73206,0,1,3400,-57,57,964,7.6,13,0.50,1052096.000000,0,2.1,2.5,0.0,0.0,0.0,0.0,0.0,0.0,1.0
73455,0,1,3400,-57,57,961,9.7,14,0.50,1376416.000000,0,2.1,2.5,581,0.0,0.0,0.0,0.0,0.0,1.0
73704,0,1,3400,-57,57,958,11,14,0.50,1449792.000000,0,2.1,2.5,415,0.0,80,0.0,0.0,0.0,1.0
73953,0,1,3400,-57,57,963,9.9,14,0.50,1372704.000000,0,2.1,4.6,0.0,35616.000000,40,0.0,0.0,0.0,1.0
74202,0,1,3400,-57,57,965,9.8,14,0.58,1365920.000000,0.4,2.1,0.0,0.0,0.0,0.0,0.0,0.0,0.0,1.0
74451,0,1,3400,-57,57,959,9.5,14,0.78,1537952.000000,0.8,2.1,0.0,245,5536.000000,33,0.0,0.0,0.0,1.0
74700,0,1,3400,-57,57,963,11,14,0.50,1514272.000000,0,2.1,0.0,0.0,55648.000000,40,0.0,0.0,0.0,1.0
74949,0,1,3400,-57,57,962,14,14,0.83,2033920.000000,2,2.1,0.0,0.0,0.0,0.0,0.0,0.0,0.0,1.0
75198,0,1,3400,-57,57,961,9.7,14,0.53,1422976.000000,0,2.1,0.0,0.0,0.0,0.0,0.0,0.0,0.0,1.0
75447,0,1,3400,-57,57,960,12,14,0.54,1658816.000000,0,2.1,0.72,0.0,2336.000000,25,0.0,0.0,0.0,1.0
75696,0,1,3400,-57,57,963,9.5,14,0.50,1325440.000000,0,2.1,12,0.0,36672.000000,71,0.0,0.0,0.0,1.0
75945,0,1,3400,-57,57,965,11,14,0.50,1448800.000000,0,2.1,11,0.0,0.0,0.0,0.0,0.0,0.0,1.0
76194,0,1,3400,-57,57,965,9.8,14,0.50,1321472.000000,0,2.1,11,0.0,0.0,0.0,0.0,0.0,0.0,1.0
76443,0,1,3400,-57,57,962,8.1,14,0.50,1213504.000000,0,2.1,10,415,0.0,80,0.0,0.0,0.0,1.0
76692,0,1,3400,-57,57,962,9.0,14,0.50,1259904.000000,0,2.1,7.0,415,0.0,0.0,0.0,0.0,0.0,1.0
76941,0,1,3400,-57,57,963,9.8,14,0.50,1385024.000000,0,2.1,1.5,0.0,20096.000000,36,0.0,0.0,0.0,1.0
77190,0,1,3400,-57,57,965,9.0,14,0.50,1222048.000000,0,2.1,0.0,0.0,0.0,0.0,0.0,0.0,0.0,1.0
77439,0,1,3400,-57,57,961,11,14,0.50,1438848.000000,0,2.1,0.22,0.0,5536.000000,0,0.0,0.0,0.0,1.0
77688,0,1,3400,-57,57,961,11,14,0.50,1461696.000000,0,2.1,0.73,0.0,8768.000000,67,0.0,0.0,0.0,1.0
77937,0,1,3400,-57,57,957,11,14,0.50,1440864.000000,0,2.1,0.0,0.0,0.0,0.0,0.0,0.0,0.0,1.0
78186,0,1,3400,-57,57,960,11,14,0.50,1486176.000000,0,2.1,0.0,0.0,0.0,0.0,0.0,0.0,0.0,1.0
78435,0,1,3400,-57,57,960,11,14,0.50,1444800.000000,0,2.1,0.0,245,5536.000000,33,0.0,0.0,0.0,1.0
78684,0,1,3400,-57,57,961,11,14,0.50,1517696.000000,0,2.1,0.0,0.0,20000.000000,54,0.0,0.0,0.0,1.0
78933,0,1,3400,-57,57,959,11,14,0.50,1445088.000000,0,2.1,0.0,0.0,0.0,0.0,0.0,0.0,0.0,1.0
79182,0,1,3400,-57,57,955,9.6,14,0.50,1324896.000000,0,2.1,0.0,0.0,0.0,0.0,0.0,0.0,0.0,1.0
79431,0,1,3400,-57,57,952,11,14,0.50,1480896.000000,0,2.1,0.0,581,0.0,0.0,0.0,0.0,0.0,1.0
79680,0,1,3400,-57,57,957,7.4,14,0.50,1027040.000000,0,2.1,0.0,0.0,19584.000000,55,0.0,0.0,0.0,1.0
79929,0,1,3400,-57,57,960,11,14,0.50,1443264.000000,0,2.1,0.0,0.0,0.0,0.0,0.0,0.0,0.0,1.0
80178,0,1,3400,-57,57,962,9.9,14,0.50,1329600.000000,0,2.1,0.0,0.0,0.0,0.0,0.0,0.0,0.0,1.0
80427,0,1,3400,-57,57,960,11,14,0.83,1805792.000000,1,2.1,0.0,415,0.0,50,0.0,0.0,0.0,1.0
80676,0,1,3400,-57,57,961,9.9,13,0.50,1390592.000000,0,2.1,0.0,415,0.0,100.000000,0.0,0.0,0.0,1.0
80925,0,1,3400,-57,57,961,10,14,0.52,1508544.000000,0,2.1,0.0,0.0,52160.000000,44,0.0,0.0,0.0,1.0
81174,0,1,3400,-57,57,964,9.1,13,0.50,1235840.000000,0,2.1,0.0,0.0,0.0,0.0,0.0,0.0,0.0,1.0
81423,0,1,3400,-57,57,965,13,14,0.83,2121856.000000,0.8,2.1,0.0,0.0,23968.000000,43,0.0,0.0,0.0,1.0
81672,0,1,3400,-57,57,962,8.9,14,0.50,1228512.000000,0,2.1,0.0,0.0,9920.000000,78,0.0,0.0,0.0,1.0
81921,0,1,3400,-57,57,960,9.6,14,0.50,1292896.000000,0,2.1,0.0,0.0,0.0,0.0,0.0,0.0,0.0,1.0
82170,0,1,3400,-57,57,963,9.1,13,0.51,1278464.000000,0.4,2.1,0.0,0.0,0.0,0.0,0.0,0.0,0.0,1.0
82419,0,1,3400,-57,57,961,9.6,14,0.50,1339744.000000,0,2.1,0.0,0.0,5536.000000,0,0.0,0.0,0.0,1.0
82668,0,1,3400,-57,57,958,6.4,14,0.50,911296.000000,0,2.1,6.9,0.0,21632.000000,67,0.0,0.0,0.0,1.0
82917,0,1,3400,-57,57,958,9.4,14,0.50,1279072.000000,0,2.1,7.0,0.0,0.0,0.0,0.0,0.0,0.0,1.0
83166,0,1,3400,-57,57,961,8.3,13,0.50,1141504.000000,0,2.1,7.0,0.0,0.0,0.0,0.0,0.0,0.0,1.0
83415,0,1,3400,-57,57,965,12,14,0.55,1654208.000000,0.4,2.1,8.3,0.0,307136.000000,53,0.0,0.0,0.0,1.0
83664,0,1,3400,-57,57,957,9.2,14,0.54,1331040.000000,0,2.1,12,0.0,31968.000000,0,0.0,0.0,0.0,1.0
83913,0,1,3400,-57,57,960,10,14,0.50,1410720.000000,0,2.1,9.7,0.0,5536.000000,33,0.0,0.0,0.0,1.0
84162,0,1,3400,-57,57,963,9.0,14,0.50,1240288.000000,0,2.1,8.0,0.0,0.0,0.0,0.0,0.0,0.0,1.0
84411,0,1,3400,-57,57,961,10,14,0.50,1389568.000000,0,2.1,6.5,0.0,23968.000000,48,0.0,0.0,0.0,1.0
84660,0,1,3400,-57,57,961,9.0,14,0.50,1241920.000000,0,2.1,0.0,0.0,6848.000000,67,0.0,0.0,0.0,1.0
84909,0,1,3400,-57,57,964,11,14,0.50,1458976.000000,0,2.1,0.0,0.0,0.0,0.0,0.0,0.0,0.0,1.0
85158,0,1,3400,-57,57,962,11,14,0.50,1459712.000000,0,2.1,0.0,0.0,0.0,0.0,0.0,0.0,0.0,1.0
85407,0,1,3400,-57,57,962,11,14,0.50,1592480.000000,0,2.1,0.056,0.0,36800.000000,42,0.0,0.0,0.0,1.0
85656,0,1,3400,-57,57,963,7.3,14,0.50,1040032.000000,0,2.1,0.0,0.0,5536.000000,92,0.0,1.0,1.0,1.0
85905,0,1,3400,-57,57,961,9.3,14,0.50,1270848.000000,0,2.1,0.0,0.0,0.0,0.0,0.0,0.0,0.0,1.0
86154,0,1,3400,-57,57,966,11,14,0.50,1436736.000000,0,2.1,0.0,0.0,0.0,0.0,0.0,0.0,0.0,1.0
86403,0,1,3400,-57,57,966,9.1,14,0.53,1330496.000000,0,2.1,0.0,415,5536.000000,33,0.0,0.0,0.0,1.0
86652,0,1,3400,-57,57,967,9.6,14,0.50,1344992.000000,0,2.1,6.5,0.0,111168.000000,45,0.0,0.0,0.0,1.0
86901,0,1,3400,-57,57,964,7.9,14,0.50,1104800.000000,0,2.1,8.0,0.0,0.0,0.0,0.0,0.0,0.0,1.0
87150,0,1,3400,-57,57,964,11,14,0.50,1511616.000000,0,2.1,8.0,0.0,0.0,0.0,0.0,0.0,0.0,1.0
87399,0,1,3400,-57,57,964,7.2,14,0.50,1062272.000000,0,2.1,7.6,0.0,29568.000000,56,0.0,0.0,0.0,1.0
87648,0,1,3400,-57,57,964,11,14,0.50,1453280.000000,0,2.1,7.5,0.0,11072.000000,71,0.0,0.0,0.0,1.0
87897,0,1,3400,-57,57,964,12,14,0.52,1676576.000000,0,2.1,7.5,0.0,0.0,0.0,0.0,0.0,0.0,1.0
88146,0,1,3400,-57,57,961,11,14,0.50,1426272.000000,0,2.1,7.5,0.0,0.0,0.0,0.0,0.0,0.0,1.0
88395,0,1,3400,-57,57,963,11,14,0.50,1510720.000000,0,2.1,7.5,415,0.0,50,0.0,0.0,0.0,1.0
88644,0,1,3400,-57,57,960,6.7,14,0.50,974016.000000,0,2.1,7.5,415,0.0,100.000000,0.0,0.0,0.0,1.0
88893,0,1,3400,-57,57,959,13,14,0.57,1975520.000000,0,2.1,2.8,0.0,46624.000000,41,0.0,0.0,0.0,1.0
89142,0,1,3400,-57,57,965,7.0,14,0.50,1000640.000000,0,2.1,7.3,0.0,5536.000000,0,0.0,0.0,0.0,1.0
89391,0,1,3400,-57,57,962,4.9,14,0.50,782752.000000,0,2.1,14,415,0.0,50,0.0,0.0,0.0,1.0
89640,0,1,3400,-57,57,959,8.6,14,0.50,1218912.000000,0,2.1,0.0,415,0.0,100.000000,0.0,0.0,0.0,1.0
89889,0,1,3400,-57,57,960,7.6,14,0.50,1062400.000000,0,2.1,0.95,0.0,20480.000000,31,0.0,0.0,0.0,1.0
90138,0,1,3400,-57,57,963,9.6,14,0.50,1320896.000000,0,2.1,0.0,0.0,0.0,0.0,0.0,0.0,0.0,1.0
90387,0,1,3400,-57,57,965,8.4,14,0.50,1153184.000000,0,2.1,0.0,0.0,5536.000000,17,0.0,0.0,0.0,1.0
90636,0,1,3400,-57,57,956,10.0,14,0.50,1333632.000000,0,2.1,0.0,0.0,8512.000000,78,0.0,0.0,0.0,1.0
90885,0,1,3400,-57,57,963,11,14,0.50,1464960.000000,0,2.1,0.0,0.0,0.0,0.0,0.0,0.0,0.0,1.0
91134,0,1,3400,-57,57,961,7.8,14,0.50,1077760.000000,0,2.1,0.0,0.0,0.0,0.0,0.0,0.0,0.0,1.0
91383,0,1,3400,-57,57,963,11,14,0.50,1452768.000000,0,2.1,0.48,55,0.0,50,0.0,1.0,3.0,1.0
91632,0,1,3400,-57,57,963,19,14,2.2,747488.000000,49,2.1,7.5,55,0.0,100.000000,0.0,0.0,0.0,1.0
91881,0,1,3400,-57,57,961,8.4,14,0.50,1155680.000000,0,2.1,7.5,0.0,0.0,80,0.0,0.0,0.0,1.0
92130,0,1,3400,-57,57,964,9.9,14,0.57,1394336.000000,0.4,2.1,7.5,0.0,0.0,0.0,0.0,0.0,0.0,1.0
92379,0,1,3400,-57,57,963,14,14,1.1,2345568.000000,3,2.1,7.4,415,0.0,50,0.0,0.0,0.0,1.0
92628,0,1,3400,-57,57,964,7.0,14,0.50,1007008.000000,0,2.1,7.5,415,0.0,100.000000,0.0,0.0,0.0,1.0
92877,0,1,3400,-57,57,965,11,14,0.50,1471168.000000,0,2.1,2.8,0.0,14560.000000,54,0.0,0.0,0.0,1.0
93126,0,1,3400,-57,57,962,7.4,14,0.50,1045952.000000,0,2.1,0.0,0.0,0.0,0.0,0.0,0.0,0.0,1.0
93375,0,1,3400,-57,57,963,11,14,0.71,1410624.000000,3,2.1,0.37,0.0,15520.000000,0,0.0,0.0,0.0,1.0
93624,0,1,3400,-57,57,963,11,14,0.79,1411136.000000,5,2.1,1.4,0.0,14048.000000,68,0.0,0.0,0.0,1.0
93873,0,1,3400,-57,57,965,11,14,0.50,1506176.000000,0,2.1,0.0,0.0,0.0,0.0,0.0,0.0,0.0,1.0
94122,0,1,3400,-57,57,963,11,14,0.50,1479136.000000,0,2.1,0.0,0.0,0.0,0.0,0.0,0.0,0.0,1.0
94371,0,1,3400,-57,57,962,11,14,0.50,1492288.000000,0,2.1,0.0,415,0.0,50,0.0,0.0,0.0,1.0
94620,0,1,3400,-57,57,959,9.8,14,0.50,1348480.000000,0,2.1,0.0,415,0.0,100.000000,0.0,0.0,0.0,1.0
94869,0,1,3400,-57,57,959,11,14,0.50,1497536.000000,0,2.1,0.95,0.0,20096.000000,44,0.0,0.0,0.0,1.0
95118,0,1,3400,-57,57,963,9.5,14,0.50,1325568.000000,0,2.1,0.0,0.0,0.0,0.0,0.0,0.0,0.0,1.0
95367,0,1,3400,-57,57,959,8.6,14,0.50,1183264.000000,0,2.1,0.0,0.0,5536.000000,0,0.0,0.0,0.0,1.0
95616,0,1,3400,-57,57,958,10,14,0.50,1375232.000000,0,2.1,1.1,0.0,93120.000000,50,0.0,0.0,0.0,1.0
95865,0,1,3400,-57,57,953,4.0,14,0.50,623360.000000,0,2.1,0.0,0.0,0.0,0.0,0.0,0.0,0.0,1.0
96114,0,1,3400,-57,57,956,9.7,14,0.50,1329312.000000,0,2.1,0.0,0.0,0.0,0.0,0.0,0.0,0.0,1.0
96363,0,1,3400,-57,57,955,9.8,14,0.50,1376224.000000,0,2.1,1.1,0.0,88736.000000,41,0.0,0.0,0.0,1.0
96612,0,1,3400,-57,57,956,9.6,14,0.50,1389408.000000,0,2.1,0.0,0.0,5952.000000,67,0.0,0.0,0.0,1.0
96861,0,1,3400,-57,57,958,7.9,14,0.50,1106784.000000,0,2.1,0.0,0.0,0.0,0.0,0.0,0.0,0.0,1.0
97110,0,1,3400,-57,57,958,11,14,0.50,1436736.000000,0,2.1,0.0,0.0,0.0,0.0,0.0,0.0,0.0,1.0
97359,0,1,3400,-57,57,958,10,14,0.53,1478048.000000,0,2.1,0.18,0.0,3488.000000,0,0.0,0.0,0.0,1.0
97608,0,1,3400,-57,57,966,9.2,14,0.50,1295904.000000,0,2.1,0.84,0.0,14048.000000,56,0.0,0.0,0.0,1.0
97857,0,1,3400,-57,57,963,11,14,0.56,1696256.000000,0,2.1,0.0,0.0,0.0,0.0,0.0,0.0,0.0,1.0
98106,0,1,3400,-57,57,959,11,14,0.50,1469632.000000,0,2.1,0.0,0.0,0.0,0.0,0.0,0.0,0.0,1.0
98355,0,1,3400,-57,57,959,10.0,14,0.50,1371584.000000,0,2.1,0.0,415,0.0,50,0.0,0.0,0.0,1.0
98604,0,1,3400,-57,57,962,7.1,14,0.52,1058720.000000,0,2.1,0.0,415,0.0,100.000000,0.0,0.0,0.0,1.0
98853,0,1,3400,-57,57,961,9.6,13,0.52,1364768.000000,0,2.1,0.0,0.0,31584.000000,36,0.0,0.0,0.0,1.0
99102,0,1,3400,-57,57,958,11,14,0.50,1528768.000000,0,2.1,0.0,0.0,0.0,0.0,0.0,0.0,0.0,1.0
99351,0,1,3400,-57,57,957,10,14,0.50,1390816.000000,0,2.1,0.0,0.0,5536.000000,0,0.0,0.0,0.0,1.0
99600,0,1,3400,-57,57,962,7.7,14,0.50,1063744.000000,0,2.1,6.9,0.0,29088.000000,62,0.0,0.0,0.0,1.0
99849,0,1,3400,-57,57,963,5.8,14,0.50,839072.000000,0,2.1,7.0,0.0,0.0,0.0,0.0,0.0,0.0,1.0
100098,0,1,3400,-57,57,961,11,14,0.50,1456672.000000,0,2.1,7.0,0.0,0.0,0.0,0.0,0.0,0.0,1.0
100347,0,1,3400,-57,57,963,7.6,14,0.50,1097632.000000,0,2.1,6.5,0.0,5536.000000,17,0.0,0.0,0.0,1.0
100596,0,1,3400,-57,57,962,11,14,0.50,1471584.000000,0,2.1,0.0,0.0,14048.000000,73,0.0,0.0,0.0,1.0
100845,0,1,3400,-57,57,963,12,14,0.57,1691488.000000,2,2.1,0.0,0.0,0.0,0.0,0.0,0.0,0.0,1.0
101094,0,1,3400,-57,57,960,10,14,0.56,1441344.000000,0,2.1,0.0,0.0,0.0,0.0,0.0,0.0,0.0,1.0
101343,0,1,3400,-57,57,962,13,14,0.76,2064416.000000,0.4,2.1,0.22,0.0,5536.000000,0,0.0,0.0,0.0,1.0
101592,0,1,3400,-57,57,962,9.2,14,0.50,1264064.000000,0,2.1,3.1,0.0,40224.000000,42,0.0,0.0,0.0,1.0
101841,0,1,3400,-57,57,959,12,14,0.54,1695968.000000,0,2.1,0.0,0.0,0.0,0.0,0.0,0.0,0.0,1.0
102090,0,1,3400,-57,57,964,11,14,0.50,1487872.000000,0,2.1,0.0,0.0,0.0,0.0,0.0,0.0,0.0,1.0
102339,0,1,3400,-57,57,962,9.0,14,0.58,1360672.000000,0,2.1,2.0,0.0,81824.000000,61,0.0,0.0,0.0,1.0
102588,0,1,3400,-57,57,962,12,14,0.62,1707680.000000,0.4,2.1,16,0.0,0.0,0.0,0.0,0.0,0.0,1.0
102837,0,1,3400,-57,57,968,9.8,14,0.50,1378240.000000,0,2.1,16,0.0,0.0,0.0,0.0,0.0,0.0,1.0
103086,0,1,3400,-57,57,962,14,14,0.84,2152512.000000,1,2.1,16,0.0,0.0,0.0,0.0,0.0,0.0,1.0
103335,0,1,3400,-57,57,956,11,14,0.50,1540128.000000,0,2.1,15,415,0.0,50,0.0,0.0,0.0,1.0
103584,0,1,3400,-57,57,959,11,14,0.50,1490560.000000,0,2.1,0.0,0.0,33216.000000,59,0.0,0.0,0.0,1.0
103833,0,1,3400,-57,57,962,11,14,0.50,1471712.000000,0,2.1,0.0,0.0,0.0,0.0,0.0,0.0,0.0,1.0
104082,0,1,3400,-57,57,960,6.4,14,0.50,909888.000000,0,2.1,0.0,0.0,0.0,0.0,0.0,0.0,0.0,1.0
104331,0,1,3400,-57,57,964,11,14,0.50,1578496.000000,0,2.1,0.39,0.0,22048.000000,43,0.0,0.0,0.0,1.0
104580,0,1,3400,-57,57,964,11,14,0.50,1450176.000000,0,2.1,6.0,0.0,0.0,100.000000,0.0,0.0,0.0,1.0
104829,0,1,3400,-57,57,959,11,14,0.50,1502752.000000,0,2.1,6.0,0.0,0.0,0.0,0.0,0.0,0.0,1.0
105078,0,1,3400,-57,57,961,12,14,0.53,1695456.000000,0,2.1,6.0,0.0,0.0,0.0,0.0,0.0,0.0,1.0
105327,0,1,3400,-57,57,962,13,14,0.79,2104672.000000,0.4,2.1,5.6,0.0,27840.000000,36,0.0,0.0,0.0,1.0
105576,0,1,3400,-57,57,959,11,14,0.50,1449312.000000,0,2.1,20,0.0,6176.000000,83,0.0,0.0,0.0,1.0
105825,0,1,3400,-57,57,959,11,14,0.50,1468608.000000,0,2.1,20,0.0,0.0,0.0,0.0,0.0,0.0,1.0
106074,0,1,3400,-57,57,961,10,14,0.50,1420992.000000,0,2.1,20,0.0,0.0,0.0,0.0,0.0,0.0,1.0
106323,0,1,3400,-57,57,959,6.0,14,0.50,884192.000000,0,2.1,18,55,0.0,80,0.0,0.0,0.0,1.0
106572,0,1,3400,-57,57,956,11,14,0.54,1584480.000000,0,2.1,12,55,0.0,0.0,0.0,0.0,0.0,1.0
106821,0,1,3400,-57,57,957,11,14,0.50,1469216.000000,0,2.1,2.8,0.0,7680.000000,0,0.0,0.0,0.0,1.0
107070,0,1,3400,-57,57,961,11,14,0.50,1451360.000000,0,2.1,0.0,0.0,0.0,0.0,0.0,0.0,0.0,1.0
107319,0,1,3400,-57,57,965,11,14,0.50,1569376.000000,0,2.1,0.0,0.0,5536.000000,0,0.0,0.0,0.0,1.0
107568,0,1,3400,-57,57,964,9.6,14,0.68,1578272.000000,0,2.1,7.4,0.0,50272.000000,36,0.0,0.0,0.0,1.0
107817,0,1,3400,-57,57,966,6.5,14,0.50,936096.000000,0,2.1,7.5,0.0,0.0,0.0,0.0,0.0,0.0,1.0
108066,0,1,3400,-57,57,965,9.6,14,0.50,1317824.000000,0,2.1,7.5,0.0,0.0,0.0,0.0,0.0,0.0,1.0
108315,0,1,3400,-57,57,965,8.5,14,0.50,1210432.000000,0,2.1,5.8,0.0,25120.000000,40,0.0,0.0,0.0,1.0
108564,0,1,3400,-57,57,962,11,14,0.50,1473504.000000,0,2.1,0.0,0.0,32064.000000,56,0.0,0.0,0.0,1.0
108813,0,1,3400,-57,57,964,8.2,14,0.50,1156256.000000,0,2.1,0.0,0.0,0.0,0.0,0.0,0.0,0.0,1.0
109062,0,1,3400,-57,57,956,11,14,0.50,1581856.000000,0,2.1,0.0,0.0,0.0,0.0,0.0,0.0,0.0,1.0
109311,0,1,3400,-57,57,958,11,14,0.50,1479424.000000,0,2.1,0.0,415,5536.000000,33,0.0,0.0,0.0,1.0
109560,0,1,3400,-57,57,964,9.2,13,0.50,1265056.000000,0,2.1,6.1,0.0,86176.000000,66,0.0,0.0,0.0,1.0
109809,0,1,3400,-57,57,966,11,14,0.50,1447744.000000,0,2.1,8.0,0.0,0.0,0.0,0.0,0.0,0.0,1.0
110058,0,1,3400,-57,57,964,11,14,0.54,1486080.000000,0,2.1,8.0,0.0,0.0,0.0,0.0,0.0,0.0,1.0
110307,0,1,3400,-57,57,960,11,14,0.50,1458848.000000,0,2.1,6.1,0.0,8512.000000,67,0.0,0.0,0.0,1.0
110556,0,1,3400,-57,57,960,11,14,0.50,1564800.000000,0,2.1,0.0,0.0,0.0,0.0,0.0,0.0,0.0,1.0
110805,0,1,3400,-57,57,957,9.8,14,0.50,1363904.000000,0,2.1,0.0,0.0,0.0,0.0,0.0,0.0,0.0,1.0
111054,0,1,3400,-57,57,960,11,14,0.50,1588416.000000,0,2.1,0.0,0.0,0.0,0.0,0.0,0.0,0.0,1.0
111303,0,1,3400,-57,57,960,11,14,0.50,1460736.000000,0,2.1,0.0,415,0.0,50,0.0,0.0,0.0,1.0
111552,0,1,3400,-57,57,963,6.8,14,0.50,992800.000000,0,2.1,1.7,0.0,41568.000000,50,0.0,0.0,0.0,1.0
111801,0,1,3400,-57,57,966,10,14,0.50,1422976.000000,0,2.1,0.0,0.0,0.0,0.0,0.0,0.0,0.0,1.0
112050,0,1,3400,-57,57,974,7.3,14,0.50,1026752.000000,0,2.1,0.0,0.0,0.0,0.0,0.0,0.0,0.0,1.0
112299,0,1,3400,-57,57,971,9.7,14,0.50,1321760.000000,0,2.1,0.95,0.0,24224.000000,27,0.0,0.0,0.0,1.0
112548,0,1,3400,-57,57,961,12,13,0.57,1769280.000000,2,2.1,0.0,0.0,4384.000000,0,0.0,0.0,0.0,1.0
112797,0,1,3400,-57,57,952,10.0,14,0.50,1391808.000000,0,2.1,0.0,0.0,0.0,0.0,0.0,0.0,0.0,1.0
113046,0,1,3400,-57,57,955,11,14,0.50,1458560.000000,0,2.1,0.0,0.0,0.0,0.0,0.0,0.0,0.0,1.0
113295,0,1,3400,-57,57,961,13,14,0.85,2026304.000000,1,2.1,0.0,0.0,5536.000000,17,0.0,0.0,0.0,1.0
113544,0,1,3400,-57,57,964,12,14,0.53,1640256.000000,0,2.1,0.064,0.0,52800.000000,61,0.0,0.0,0.0,1.0
113793,0,1,3400,-57,57,964,11,14,0.50,1485664.000000,0,2.1,0.0,0.0,0.0,0.0,0.0,0.0,0.0,1.0
114042,0,1,3400,-57,57,962,9.3,14,0.50,1284768.000000,0,2.1,0.0,0.0,0.0,0.0,0.0,0.0,0.0,1.0
114291,0,1,3400,-57,57,956,11,14,0.50,1433056.000000,0,2.1,0.0,581,0.0,0.0,0.0,0.0,0.0,1.0
114540,0,1,3400,-57,57,959,10,14,0.50,1444224.000000,0,2.1,0.0,0.0,23968.000000,63,0.0,0.0,0.0,1.0
114789,0,1,3400,-57,57,957,11,14,0.50,1483456.000000,0,2.1,0.0,0.0,0.0,0.0,0.0,0.0,0.0,1.0
115038,0,1,3400,-57,57,955,8.8,14,0.50,1295232.000000,0,2.1,0.0,0.0,0.0,0.0,0.0,0.0,0.0,1.0
115287,0,1,3400,-57,57,960,11,14,0.50,1436576.000000,0,2.1,0.0,0.0,35040.000000,36,0.0,0.0,0.0,1.0
115536,0,1,3400,-57,57,957,11,14,0.51,1493152.000000,0.4,2.1,0.0,0.0,4384.000000,0,0.0,0.0,0.0,1.0
115785,0,1,3400,-57,57,957,11,14,0.50,1519040.000000,0,2.1,0.0,0.0,0.0,0.0,0.0,0.0,0.0,1.0
116034,0,1,3400,-57,57,963,9.9,14,0.50,1357984.000000,0,2.1,0.0,0.0,0.0,0.0,0.0,0.0,0.0,1.0
116283,0,1,3400,-57,57,964,8.7,14,0.50,1210496.000000,0,2.1,2.3,0.0,36896.000000,27,0.0,0.0,0.0,1.0
116532,0,1,3400,-57,57,961,11,14,0.50,1494272.000000,0,2.1,0.0,0.0,0.0,0.0,0.0,0.0,0.0,1.0
116781,0,1,3400,-57,57,959,6.3,14,0.50,983136.000000,0,2.1,0.0,0.0,0.0,0.0,0.0,0.0,0.0,1.0
117030,0,1,3400,-57,57,960,9.5,14,0.57,1341184.000000,0.4,2.1,0.0,0.0,0.0,0.0,0.0,0.0,0.0,1.0
117279,0,1,3400,-57,57,962,13,14,0.91,2041670.625000,2,2.1,0.064,415,0.0,50,0.0,0.0,0.0,1.0
117528,0,1,3400,-57,57,964,11,14,0.50,1443824.750000,0,2.1,0.0,415,0.0,100.000000,0.0,0.0,0.0,1.0
117777,0,1,3400,-57,57,962,11,14,0.50,1450592.000000,0,2.1,0.0,0.0,28608.000000,48,0.0,0.0,0.0,1.0
118026,0,1,3400,-57,57,963,9.4,14,0.50,1284544.000000,0,2.1,0.0,0.0,0.0,0.0,0.0,0.0,0.0,1.0
118275,0,1,3400,-57,57,964,8.4,14,0.50,1199328.000000,0,2.1,0.0,0.0,36192.000000,15,0.0,0.0,0.0,1.0
118524,0,1,3400,-57,57,960,8.8,14,0.50,1230592.000000,0,2.1,0.0,0.0,0.0,0.0,0.0,0.0,0.0,1.0
118773,0,1,3400,-57,57,962,11,14,0.50,1466496.000000,0,2.1,0.0,0.0,0.0,0.0,0.0,0.0,0.0,1.0
119022,0,1,3400,-57,57,963,9.6,14,0.50,1300096.000000,0,2.1,0.0,0.0,0.0,0.0,0.0,0.0,0.0,1.0
119271,0,1,3400,-57,57,962,11,14,0.50,1565536.000000,0,2.1,0.0,415,0.0,50,0.0,0.0,0.0,1.0
119520,0,1,3400,-57,57,960,8.3,14,0.50,1157088.000000,0,2.1,0.0,415,0.0,100.000000,0.0,0.0,0.0,1.0
119769,0,1,3400,-57,57,960,11,14,0.58,1730656.000000,0,2.1,0.0,0.0,46624.000000,47,0.0,0.0,0.0,1.0
120018,0,1,3400,-57,57,963,9.5,14,0.50,1303104.000000,0,2.1,0.0,0.0,0.0,0.0,0.0,0.0,0.0,1.0
120267,0,1,3400,-57,57,964,11,14,0.50,1474816.000000,0,2.1,0.0,581,0.0,0.0,0.0,0.0,0.0,1.0
120516,0,1,3400,-57,57,959,9.7,14,0.50,1344352.000000,0,2.1,0.0,0.0,25120.000000,47,0.0,0.0,0.0,1.0
120765,0,1,3400,-57,57,965,11,14,0.50,1528896.000000,0,2.1,0.0,0.0,0.0,0.0,0.0,0.0,0.0,1.0
121014,0,1,3400,-57,57,962,9.6,14,0.50,1311296.000000,0,2.1,0.0,0.0,0.0,0.0,0.0,0.0,0.0,1.0
121263,0,1,3400,-57,57,962,8.3,14,0.50,1161696.000000,0,2.1,0.13,581,0.0,0.0,0.0,0.0,0.0,1.0
121512,0,1,3400,-57,57,964,9.5,14,0.50,1310880.000000,0,2.1,5.1,0.0,124928.000000,47,0.0,0.0,0.0,1.0
121761,0,1,3400,-57,57,967,11,14,0.50,1539424.000000,0,2.1,8.0,0.0,0.0,0.0,0.0,0.0,0.0,1.0
122010,0,1,3400,-57,57,965,9.1,14,0.50,1271648.000000,0,2.1,8.0,0.0,0.0,0.0,0.0,0.0,0.0,1.0
122259,0,1,3400,-57,57,965,11,14,0.58,1570464.000000,0,2.1,8.5,0.0,26208.000000,75,0.0,0.0,0.0,1.0
122508,0,1,3400,-57,57,968,14,15,0.63,2083104.000000,0,2.1,0.0,0.0,32064.000000,40,0.0,0.0,0.0,1.0
122757,0,1,3400,-57,57,962,9.8,14,0.50,1319424.000000,0,2.1,0.0,0.0,0.0,0.0,0.0,0.0,0.0,1.0
123006,0,1,3400,-57,57,960,14,14,0.91,1959168.000000,5,2.1,0.064,0.0,0.0,0.0,0.0,0.0,0.0,1.0
123255,0,1,3400,-57,57,964,11,13,0.50,1518144.000000,0,2.1,0.0,415,0.0,80,0.0,0.0,0.0,1.0
123504,0,1,3400,-57,57,963,11,14,0.50,1511616.000000,0,2.1,0.0,415,0.0,0.0,0.0,0.0,0.0,1.0
123753,0,1,3400,-57,57,965,11,14,0.64,1672256.000000,2,2.1,0.064,0.0,52160.000000,47,0.0,0.0,0.0,1.0
124002,0,1,3400,-57,57,964,11,14,0.50,1443872.000000,0,2.1,0.0,0.0,0.0,0.0,0.0,0.0,0.0,1.0
124251,0,1,3400,-57,57,959,13,14,0.90,1807904.000000,4,2.1,0.064,0.0,5536.000000,17,0.0,0.0,0.0,1.0
124500,0,1,3400,-57,57,961,10,14,0.50,1376736.000000,0,2.1,0.0,0.0,55520.000000,49,0.0,0.0,0.0,1.0
124749,0,1,3400,-57,57,962,13,14,0.54,1882080.000000,0,2.1,0.0,0.0,0.0,0.0,0.0,0.0,0.0,1.0
124998,0,1,3400,-57,57,964,11,14,0.50,1531776.000000,0,2.1,0.0,0.0,0.0,0.0,0.0,0.0,0.0,1.0
125247,0,1,3400,-57,57,961,8.0,14,0.53,1172128.000000,0,2.1,0.18,0.0,4384.000000,0,0.0,0.0,0.0,1.0
125496,0,1,3400,-57,57,965,12,14,0.67,1970816.000000,0,2.1,16,0.0,69504.000000,73,0.0,0.0,0.0,1.0
125745,0,1,3400,-57,57,968,16,14,1.2,2648512.000000,2,2.1,16,0.0,0.0,0.0,0.0,0.0,0.0,1.0
125994,0,1,3400,-57,57,963,11,14,0.50,1483296.000000,0,2.1,16,0.0,0.0,0.0,0.0,0.0,0.0,1.0
126243,0,1,3400,-57,57,961,9.4,14,0.50,1290624.000000,0,2.1,16,0.0,15520.000000,0,0.0,0.0,0.0,1.0
126492,0,1,3400,-57,57,962,12,14,0.50,1666752.000000,0,2.1,1.4,0.0,19584.000000,53,0.0,0.0,0.0,1.0
126741,0,1,3400,-57,57,965,8.4,14,0.82,1458688.000000,1,2.1,0.0,0.0,0.0,0.0,0.0,0.0,0.0,1.0
126990,0,1,3400,-57,57,966,8.6,14,0.53,1254944.000000,0,2.1,0.0,0.0,0.0,0.0,0.0,0.0,0.0,1.0
127239,0,1,3400,-57,57,964,8.0,14,0.50,1119904.000000,0,2.1,0.0,581,0.0,0.0,0.0,0.0,0.0,1.0
127488,0,1,3400,-57,57,964,9.8,13,0.50,1360704.000000,0,2.1,0.82,0.0,25376.000000,27,0.0,0.0,0.0,1.0
127737,0,1,3400,-57,57,965,9.2,13,0.57,1234720.000000,2,2.1,0.0,0.0,0.0,0.0,0.0,0.0,0.0,1.0
127986,0,1,3400,-57,57,965,7.0,14,0.50,1019726.937500,0,2.1,0.0,0.0,0.0,0.0,0.0,0.0,0.0,1.0
128235,0,1,3400,-57,57,961,9.5,14,0.50,1351617.500000,0,2.1,0.49,0.0,33976.093750,0,0.0,0.0,0.0,1.0
128484,0,1,3400,-57,57,960,12,14,0.68,1911808.000000,0.4,2.1,16,0.0,149568.000000,70,0.0,0.0,0.0,1.0
128733,0,1,3400,-57,57,960,11,14,0.50,1554272.000000,0,2.1,16,0.0,0.0,0.0,0.0,0.0,0.0,1.0
128982,0,1,3400,-57,57,961,11,13,0.50,1465440.000000,0,2.1,16,0.0,0.0,0.0,0.0,0.0,0.0,1.0
129231,0,1,3400,-57,57,960,11,14,0.50,1527616.000000,0,2.1,16,581,0.0,0.0,0.0,0.0,0.0,1.0
129480,0,1,3400,-57,57,963,5.3,14,0.50,795744.000000,0,2.1,16,55,0.0,80,0.0,0.0,0.0,1.0
129729,0,1,3400,-57,57,965,8.0,14,0.50,1125344.000000,0,2.1,8.5,0.0,7680.000000,0,0.0,0.0,0.0,1.0
129978,0,1,3400,-57,57,962,11,14,0.56,1708896.000000,0,2.1,0.0,0.0,0.0,0.0,0.0,0.0,0.0,1.0
130227,0,1,3400,-57,57,966,11,14,0.53,1589088.000000,0,2.1,0.0,415,5536.000000,33,0.0,0.0,0.0,1.0
130476,0,1,3400,-57,57,970,12,14,0.54,1714176.000000,0,2.1,14,0.0,31424.000000,50,0.0,0.0,0.0,1.0
130725,0,1,3400,-57,57,966,7.7,14,0.50,1091392.000000,0,2.1,16,0.0,0.0,0.0,0.0,0.0,0.0,1.0
130974,0,1,3400,-57,57,964,11,13,0.50,1472384.000000,0,2.1,16,0.0,0.0,0.0,0.0,0.0,0.0,1.0
131223,0,1,3400,-57,57,966,11,14,0.50,1621344.000000,0,2.1,14,435,4896.000000,60,0.0,0.0,0.0,1.0
131472,0,1,3400,-57,57,971,11,14,0.50,1447744.000000,0,2.1,8.0,435,0.0,0.0,0.0,0.0,0.0,1.0
131721,0,1,3400,-57,57,972,11,14,0.50,1539968.000000,0,2.1,1.7,269,0.0,80,0.0,0.0,0.0,1.0
131970,0,1,3400,-57,57,961,8.0,14,0.50,1100000.000000,0,2.1,0.064,0.0,44576.000000,36,0.0,0.0,0.0,1.0
132219,0,1,3400,-57,57,959,11,14,0.50,1439936.000000,0,2.1,0.13,0.0,1312.000000,20,0.0,0.0,0.0,1.0
132468,0,1,3400,-57,57,967,15,14,0.85,2504192.000000,0,2.1,0.18,0.0,33216.000000,69,0.0,0.0,0.0,1.0
132717,0,1,3400,-57,57,967,9.2,15,0.50,1281816.750000,0,2.1,0.0,0.0,0.0,0.0,0.0,0.0,0.0,1.0
132966,0,1,3400,-57,57,964,11,14,0.50,1506848.000000,0,2.1,0.0,0.0,0.0,0.0,0.0,0.0,0.0,1.0
133215,0,1,3400,-57,57,964,11,14,0.50,1488192.000000,0,2.1,1.2,0.0,9920.000000,44,0.0,0.0,0.0,1.0
133464,0,1,3400,-57,57,964,11,14,0.50,1458912.000000,0,2.1,0.0,0.0,19840.000000,0,0.0,0.0,0.0,1.0
133713,0,1,3400,-57,57,961,11,14,0.50,1448128.000000,0,2.1,0.0,0.0,0.0,0.0,0.0,0.0,0.0,1.0
133962,0,1,3400,-57,57,964,11,14,0.50,1470016.000000,0,2.1,0.0,0.0,0.0,0.0,0.0,0.0,0.0,1.0
134211,0,1,3400,-57,57,965,9.2,14,0.50,1292960.000000,0,2.1,0.0,415,0.0,80,0.0,0.0,0.0,1.0
134460,0,1,3400,-57,57,963,8.1,14,0.50,1149879.500000,0,2.1,0.0,415,0.0,0.0,0.0,0.0,0.0,1.0
134709,0,1,3400,-57,57,966,11,14,0.50,1458167.375000,0,2.1,8.2,0.0,51314.742188,48,0.0,0.0,0.0,1.0
134958,0,1,3400,-57,57,965,6.6,14,0.50,975008.000000,0,2.1,0.0,0.0,0.0,0.0,0.0,0.0,0.0,1.0
135207,0,1,3400,-57,57,969,7.4,14,0.50,1078176.000000,0,2.1,0.49,0.0,34112.000000,0,0.0,0.0,0.0,1.0
135456,0,1,3400,-57,57,969,12,14,0.59,1798560.000000,0,2.1,16,0.0,149568.000000,70,0.0,0.0,0.0,1.0
135705,0,1,3400,-57,57,963,9.6,14,0.50,1315232.000000,0,2.1,16,0.0,0.0,0.0,0.0,0.0,0.0,1.0
135954,0,1,3400,-57,57,964,12,14,0.97,1651456.000000,6,2.1,16,0.0,0.0,0.0,0.0,0.0,0.0,1.0
136203,0,1,3400,-57,57,958,11,14,0.50,1462048.000000,0,2.1,16,581,0.0,0.0,0.0,0.0,0.0,1.0
136452,0,1,3400,-57,57,959,11,14,0.58,1649024.000000,0,2.1,1.7,0.0,46112.000000,57,0.0,0.0,0.0,1.0
136701,0,1,3400,-57,57,963,9.8,14,0.50,1340626.500000,0,2.1,0.0,0.0,0.0,0.0,0.0,0.0,0.0,1.0
136950,0,1,3400,-57,57,967,8.6,14,0.50,1171888.500000,0,2.1,0.0,0.0,0.0,0.0,0.0,0.0,0.0,1.0
137199,0,1,3400,-57,57,964,10,14,0.50,1449216.000000,0,2.1,0.0,415,0.0,80,0.0,0.0,0.0,1.0
137448,0,1,3400,-57,57,965,10,14,0.50,1462880.000000,0,2.1,0.0,415,0.0,0.0,0.0,0.0,0.0,1.0
137697,0,1,3400,-57,57,968,8.1,14,0.50,1143168.000000,0,2.1,0.0,0.0,53312.000000,43,0.0,0.0,0.0,1.0
137946,0,1,3400,-57,57,969,9.4,14,0.50,1282816.000000,0,2.1,0.0,0.0,0.0,0.0,0.0,0.0,0.0,1.0
138195,0,1,3400,-57,57,971,9.9,14,0.50,1374528.000000,0,2.1,0.0,0.0,23968.000000,48,0.0,0.0,0.0,1.0
138444,0,1,3400,-57,57,961,9.5,14,0.50,1291936.000000,0,2.1,0.0,0.0,12384.000000,25,0.0,0.0,0.0,1.0
138693,0,1,3400,-57,57,960,11,14,0.50,1472192.000000,0,2.1,0.0,0.0,0.0,0.0,0.0,0.0,0.0,1.0
138942,0,1,3400,-57,57,962,9.3,14,0.50,1282528.000000,0,2.1,0.0,0.0,0.0,0.0,0.0,0.0,0.0,1.0
139191,0,1,3400,-57,57,968,7.4,14,0.53,1115232.000000,0,2.1,2.6,0.0,128032.000000,57,0.0,0.0,0.0,1.0
139440,0,1,3400,-57,57,969,14,14,0.61,2054560.000000,0,2.1,8.7,0.0,5536.000000,60,0.0,0.0,0.0,1.0
139689,0,1,3400,-57,57,968,11,14,0.50,1459648.000000,0,2.1,8.0,0.0,0.0,0.0,0.0,0.0,0.0,1.0
139938,0,1,3400,-57,57,966,9.8,14,0.50,1317536.000000,0,2.1,8.0,0.0,0.0,0.0,0.0,0.0,0.0,1.0
140187,0,1,3400,-57,57,967,9.6,14,0.50,1321888.000000,0,2.1,6.8,0.0,22016.000000,57,0.0,0.0,0.0,1.0
140436,0,1,3400,-57,57,971,9.9,13,0.50,1354080.000000,0,2.1,7.0,0.0,0.0,0.0,0.0,0.0,0.0,1.0
140685,0,1,3400,-57,57,966,11,14,0.50,1594560.000000,0,2.1,7.0,0.0,0.0,0.0,0.0,0.0,0.0,1.0
140934,0,1,3400,-57,57,965,11,14,0.50,1433600.000000,0,2.1,7.0,0.0,0.0,0.0,0.0,0.0,0.0,1.0
141183,0,1,3400,-57,57,963,6.0,14,0.50,890048.000000,0,2.1,6.5,0.0,5536.000000,17,0.0,0.0,0.0,1.0
141432,0,1,3400,-57,57,966,11,14,0.50,1570752.000000,0,2.1,0.0,0.0,19584.000000,69,0.0,0.0,0.0,1.0
141681,0,1,3400,-57,57,965,11,14,0.50,1535872.000000,0,2.1,0.0,0.0,0.0,0.0,0.0,0.0,0.0,1.0
141930,0,1,3400,-57,57,965,11,14,0.50,1534592.000000,0,2.1,0.0,0.0,0.0,0.0,0.0,0.0,0.0,1.0
142179,0,1,3400,-57,57,968,5.3,14,0.50,828544.000000,0,2.1,0.0,0.0,5536.000000,0,0.0,0.0,0.0,1.0
142428,0,1,3400,-57,57,968,6.7,14,0.50,1024160.000000,0,2.1,0.0,0.0,28096.000000,53,0.0,0.0,0.0,1.0
142677,0,1,3400,-57,57,967,13,14,0.54,1911232.000000,0,2.1,0.0,0.0,0.0,0.0,0.0,0.0,0.0,1.0
142926,0,1,3400,-57,57,968,11,14,0.50,1438624.000000,0,2.1,0.0,0.0,0.0,0.0,0.0,0.0,0.0,1.0
143175,0,1,3400,-57,57,969,10,14,0.50,1401120.000000,0,2.1,0.0,581,0.0,0.0,0.0,0.0,0.0,1.0
143424,0,1,3400,-57,57,967,14,14,1.0,1302912.000000,16,2.1,5.2,0.0,185984.000000,43,0.0,0.0,0.0,1.0
143673,0,1,3400,-57,57,964,11,14,0.50,1628672.000000,0,2.1,8.0,0.0,0.0,0.0,0.0,0.0,0.0,1.0
143922,0,1,3400,-57,57,970,9.9,14,0.50,1397440.000000,0,2.1,8.0,0.0,0.0,0.0,0.0,0.0,0.0,1.0
144171,0,1,3400,-57,57,968,10,14,0.50,1475456.000000,0,2.1,7.6,0.0,5536.000000,0,0.0,0.0,0.0,1.0
144420,0,1,3400,-57,57,966,8.1,14,0.50,1125600.000000,0,2.1,0.73,0.0,14048.000000,53,0.0,0.0,0.0,1.0
144669,0,1,3400,-57,57,967,11,14,0.50,1551520.000000,0,2.1,0.0,0.0,0.0,0.0,0.0,0.0,0.0,1.0
144918,0,1,3400,-57,57,964,11,14,0.50,1531648.000000,0,2.1,0.0,0.0,0.0,0.0,0.0,0.0,0.0,1.0
145167,0,1,3400,-57,57,962,10,14,0.50,1457285.125000,0,2.1,0.0,415,0.0,80,0.0,0.0,0.0,1.0
145416,0,1,3400,-57,57,966,6.3,14,0.50,944669.312500,0,2.1,0.0,415,0.0,0.0,0.0,0.0,0.0,1.0
145665,0,1,3400,-57,57,967,12,14,0.50,1626016.000000,0,2.1,8.2,0.0,51520.000000,48,0.0,0.0,0.0,1.0
145914,0,1,3400,-57,57,964,9.9,14,0.50,1351552.000000,0,2.1,0.0,0.0,0.0,0.0,0.0,0.0,0.0,1.0
146163,0,1,3400,-57,57,969,8.4,14,0.50,1167200.000000,0,2.1,0.0,415,0.0,50,0.0,0.0,0.0,1.0
146412,0,1,3400,-57,57,971,13,14,0.80,2075360.000000,0,2.1,0.0,415,0.0,100.000000,0.0,0.0,0.0,1.0
146661,0,1,3400,-57,57,964,5.9,14,0.50,886624.000000,0,2.1,3.4,0.0,114368.000000,45,0.0,0.0,0.0,1.0
146910,0,1,3400,-57,57,956,11,14,0.56,1618784.000000,0,2.1,7.9,0.0,0.0,0.0,0.0,0.0,0.0,1.0
147159,0,1,3400,-57,57,957,13,14,0.77,1940544.000000,0.4,2.1,7.5,0.0,23968.000000,27,0.0,0.0,0.0,1.0
147408,0,1,3400,-57,57,960,6.7,14,0.50,955437.750000,0,2.1,0.0,0.0,0.0,0.0,0.0,0.0,0.0,1.0
147657,0,1,3400,-57,57,969,11,14,0.57,1657976.125000,0,2.1,0.0,0.0,0.0,0.0,0.0,0.0,0.0,1.0
147906,0,1,3400,-57,57,969,12,14,0.50,1608128.000000,0,2.1,0.0,0.0,0.0,0.0,0.0,0.0,0.0,1.0
148155,0,1,3400,-57,57,965,7.9,14,0.50,1098816.000000,0,2.1,0.44,0.0,1120.000000,0,0.0,0.0,0.0,1.0
148404,0,1,3400,-57,57,959,14,14,0.66,2204096.000000,0,2.1,16,0.0,139840.000000,57,0.0,0.0,0.0,1.0
148653,0,1,3400,-57,57,961,11,14,0.50,1542624.000000,0,2.1,16,0.0,0.0,0.0,0.0,0.0,0.0,1.0
148902,0,1,3400,-57,57,960,11,14,0.50,1489216.000000,0,2.1,16,0.0,0.0,0.0,0.0,0.0,0.0,1.0
149151,0,1,3400,-57,57,959,9.0,14,0.50,1236832.000000,0,2.1,13,0.0,36192.000000,0,0.0,0.0,0.0,1.0
149400,0,1,3400,-57,57,966,11,14,0.50,1428992.000000,0,2.1,0.0,0.0,0.0,0.0,0.0,0.0,0.0,1.0
149649,0,1,3400,-57,57,965,8.3,14,0.50,1164480.000000,0,2.1,0.0,0.0,0.0,0.0,0.0,0.0,0.0,1.0
149898,0,1,3400,-57,57,971,9.3,14,0.50,1310176.000000,0,2.1,0.0,0.0,0.0,0.0,0.0,0.0,0.0,1.0
150147,0,1,3400,-57,57,966,11,14,0.50,1517408.000000,0,2.1,0.78,0.0,17056.000000,0,0.0,0.0,0.0,1.0
150396,0,1,3400,-57,57,963,11,14,0.50,1458464.000000,0,2.1,1.5,0.0,8768.000000,67,0.0,0.0,0.0,1.0
150645,0,1,3400,-57,57,963,9.6,13,0.50,1315360.000000,0,2.1,0.0,0.0,0.0,0.0,0.0,0.0,0.0,1.0
150894,0,1,3400,-57,57,962,11,14,0.50,1454464.000000,0,2.1,0.0,0.0,0.0,0.0,0.0,0.0,0.0,1.0
151143,0,1,3400,-57,57,961,9.9,14,0.50,1340064.000000,0,2.1,0.0,415,0.0,50,0.0,0.0,0.0,1.0
151392,0,1,3400,-57,57,963,11,14,0.50,1448640.000000,0,2.1,0.0,415,0.0,100.000000,0.0,0.0,0.0,1.0
151641,0,1,3400,-57,57,961,13,14,0.53,1818281.125000,0,2.1,0.0,0.0,58345.382812,19,0.0,0.0,0.0,1.0
151890,0,1,3400,-57,57,962,14,14,1.2,2412685.250000,2,2.1,0.0,0.0,0.0,0.0,0.0,0.0,0.0,1.0
152139,0,1,3400,-57,57,962,11,14,0.84,1596224.000000,3,2.1,0.0,0.0,14048.000000,61,0.0,0.0,0.0,1.0
152388,0,1,3400,-57,57,968,11,14,0.50,1448160.000000,0,2.1,0.0,0.0,11488.000000,50,0.0,0.0,0.0,1.0
152637,0,1,3400,-57,57,968,8.2,14,0.50,1190208.000000,0,2.1,0.0,0.0,0.0,0.0,0.0,0.0,0.0,1.0
152886,0,1,3400,-57,57,965,11,14,0.53,1478976.000000,0,2.1,0.0,0.0,0.0,0.0,0.0,0.0,0.0,1.0
153135,0,1,3400,-57,57,957,12,14,0.50,1807744.000000,0,2.1,0.0,415,0.0,67,0.0,0.0,0.0,1.0
153384,0,1,3400,-57,57,962,12,14,0.50,1771616.000000,0,2.1,0.0,415,0.0,100.000000,0.0,0.0,0.0,1.0
153633,0,1,3400,-57,57,967,8.0,14,0.53,1198752.000000,0,2.1,0.0,0.0,25632.000000,18,0.0,0.0,0.0,1.0
153882,0,1,3400,-57,57,966,11,14,0.50,1469140.500000,0,2.1,0.0,0.0,0.0,0.0,0.0,0.0,0.0,1.0
154131,0,1,3400,-57,57,958,11,14,0.50,1472573.750000,0,2.1,2.3,0.0,36494.023438,27,0.0,0.0,0.0,1.0
154380,0,1,3400,-57,57,961,8.0,14,0.50,1129792.000000,0,2.1,0.0,0.0,0.0,0.0,0.0,0.0,0.0,1.0
154629,0,1,3400,-57,57,965,6.0,14,0.50,919680.000000,0,2.1,0.0,0.0,0.0,0.0,0.0,0.0,0.0,1.0
154878,0,1,3400,-57,57,960,11,14,0.50,1548128.000000,0,2.1,0.0,0.0,0.0,0.0,0.0,0.0,0.0,1.0
155127,0,1,3400,-57,57,963,11,14,0.50,1478496.000000,0,2.1,0.24,0.0,5536.000000,0,0.0,0.0,0.0,1.0
155376,0,1,3400,-57,57,965,9.0,14,0.50,1252608.000000,0,2.1,0.78,0.0,23072.000000,31,0.0,0.0,0.0,1.0
155625,0,1,3400,-57,57,966,10,14,0.50,1395200.000000,0,2.1,0.0,0.0,0.0,0.0,0.0,0.0,0.0,1.0
155874,0,1,3400,-57,57,964,9.2,14,0.50,1241863.500000,0,2.1,0.0,0.0,0.0,0.0,0.0,0.0,0.0,1.0
156123,0,1,3400,-57,57,963,14,14,1.2,2393370.500000,3,2.1,0.0,415,0.0,50,0.0,0.0,0.0,1.0
156372,0,1,3400,-57,57,961,11,14,0.51,1476288.000000,0.4,2.1,0.0,415,0.0,100.000000,0.0,0.0,0.0,1.0
156621,0,1,3400,-57,57,958,8.1,14,0.50,1150720.000000,0,2.1,1.2,0.0,106976.000000,36,0.0,0.0,0.0,1.0
156870,0,1,3400,-57,57,960,8.2,14,0.50,1142176.000000,0,2.1,0.0,0.0,0.0,0.0,0.0,0.0,0.0,1.0
157119,0,1,3400,-57,57,968,11,14,0.50,1449120.000000,0,2.1,0.69,0.0,3104.000000,25,0.0,0.0,0.0,1.0
157368,0,1,3400,-57,57,966,9.5,14,0.50,1294208.000000,0,2.1,21,0.0,17056.000000,75,0.0,0.0,0.0,1.0
157617,0,1,3400,-57,57,960,8.2,14,0.50,1162944.000000,0,2.1,22,0.0,0.0,0.0,0.0,0.0,0.0,1.0
157866,0,1,3400,-57,57,964,10.0,14,0.82,1622368.000000,1,2.1,22,0.0,0.0,0.0,0.0,0.0,0.0,1.0
158115,0,1,3400,-57,57,970,11,14,0.50,1589494.000000,0,2.1,22,55,0.0,50,0.0,0.0,0.0,1.0
158364,0,1,3400,-57,57,958,11,14,0.50,1472223.125000,0,2.1,22,55,0.0,100.000000,0.0,0.0,0.0,1.0
158613,0,1,3400,-57,57,962,11,14,0.50,1461056.000000,0,2.1,18,0.0,0.0,80,0.0,0.0,0.0,1.0
158862,0,1,3400,-57,57,960,11,14,0.50,1568128.000000,0,2.1,15,0.0,0.0,0.0,0.0,0.0,0.0,1.0
159111,0,1,3400,-57,57,961,11,14,0.50,1443968.000000,0,2.1,12,0.0,32992.000000,36,0.0,0.0,0.0,1.0
159360,0,1,3400,-57,57,961,9.5,14,0.50,1324512.000000,0,2.1,0.0,0.0,9024.000000,0,0.0,0.0,0.0,1.0
159609,0,1,3400,-57,57,970,11,14,0.50,1480160.000000,0,2.1,0.0,0.0,0.0,0.0,0.0,0.0,0.0,1.0
159858,0,1,3400,-57,57,966,4.2,14,0.50,683296.000000,0,2.1,0.0,0.0,0.0,0.0,0.0,0.0,0.0,1.0
160107,0,1,3400,-57,57,959,11,14,0.50,1537124.500000,0,2.1,0.064,0.0,5558.232910,0,0.0,0.0,0.0,1.0
160356,0,1,3400,-57,57,963,11,14,0.57,1649568.000000,0,2.1,8.4,0.0,191968.000000,61,0.0,0.0,0.0,1.0
160605,0,1,3400,-57,57,961,9.5,14,0.50,1298836.625000,0,2.1,7.9,0.0,0.0,0.0,0.0,0.0,0.0,1.0
160854,0,1,3400,-57,57,962,7.3,14,0.50,1067648.000000,0,2.1,8.0,0.0,0.0,0.0,0.0,0.0,0.0,1.0
161103,0,1,3400,-57,57,959,11,14,0.50,1466816.000000,0,2.1,6.2,0.0,19040.000000,43,0.0,0.0,0.0,1.0
161352,0,1,3400,-57,57,962,11,14,0.50,1562048.000000,0,2.1,0.0,0.0,11072.000000,67,0.0,0.0,0.0,1.0
161601,0,1,3400,-57,57,963,9.9,14,0.50,1328736.000000,0,2.1,0.0,0.0,0.0,0.0,0.0,0.0,0.0,1.0
161850,0,1,3400,-57,57,962,8.3,14,0.50,1171648.000000,0,2.1,0.0,0.0,0.0,0.0,0.0,0.0,0.0,1.0
162099,0,1,3400,-57,57,966,8.3,14,0.57,1266176.000000,0,2.1,2.9,0.0,139456.000000,60,0.0,0.0,0.0,1.0
162348,0,1,3400,-57,57,965,14,14,0.79,2385349.500000,0,2.1,16,0.0,0.0,100.000000,0.0,0.0,0.0,1.0
162597,0,1,3400,-57,57,968,9.8,14,0.50,1344541.875000,0,2.1,16,0.0,0.0,0.0,0.0,0.0,0.0,1.0
162846,0,1,3400,-57,57,965,10,14,0.50,1368800.000000,0,2.1,16,0.0,0.0,0.0,0.0,0.0,0.0,1.0
163095,0,1,3400,-57,57,964,11,14,0.50,1425248.000000,0,2.1,16,0.0,19520.000000,56,0.0,0.0,0.0,1.0
163344,0,1,3400,-57,57,966,9.1,14,0.50,1254336.000000,0,2.1,15,0.0,0.0,0.0,0.0,0.0,0.0,1.0
163593,0,1,3400,-57,57,965,8.6,14,0.50,1222624.000000,0,2.1,15,0.0,0.0,0.0,0.0,0.0,0.0,1.0
163842,0,1,3400,-57,57,968,11,14,0.50,1416192.000000,0,2.1,15,0.0,0.0,0.0,0.0,0.0,0.0,1.0
164091,0,1,3400,-57,57,969,9.6,14,0.50,1300192.000000,0,2.1,15,581,0.0,0.0,0.0,0.0,0.0,1.0
164340,0,1,3400,-57,57,964,11,14,0.50,1517269.125000,0,2.1,3.9,0.0,40289.156250,25,0.0,0.0,0.0,1.0
164589,0,1,3400,-57,57,959,9.4,14,0.50,1271840.000000,0,2.1,0.0,0.0,0.0,0.0,0.0,0.0,0.0,1.0
164838,0,1,3400,-57,57,962,7.0,14,0.50,1067123.500000,0,2.1,0.0,0.0,0.0,0.0,0.0,0.0,0.0,1.0
165087,0,1,3400,-57,57,964,10,14,0.50,1452384.000000,0,2.1,0.0,415,0.0,50,0.0,0.0,0.0,1.0
165336,0,1,3400,-57,57,965,11,14,0.50,1428544.000000,0,2.1,0.0,415,0.0,100.000000,0.0,0.0,0.0,1.0
165585,0,1,3400,-57,57,964,10,14,0.50,1422848.000000,0,2.1,0.0,0.0,26048.000000,41,0.0,0.0,0.0,1.0
165834,0,1,3400,-57,57,967,8.0,14,0.50,1154720.000000,0,2.1,0.0,0.0,0.0,0.0,0.0,0.0,0.0,1.0
166083,0,1,3400,-57,57,968,10,14,0.50,1441664.000000,0,2.1,0.54,55,0.0,67,0.0,0.0,0.0,1.0
166332,0,1,3400,-57,57,967,11,14,0.50,1498377.500000,0,2.1,7.5,55,0.0,100.000000,0.0,0.0,0.0,1.0
166581,0,1,3400,-57,57,963,8.4,14,0.50,1167072.000000,0,2.1,2.8,0.0,7680.000000,0,0.0,0.0,0.0,1.0
166830,0,1,3400,-57,57,967,11,14,0.50,1448416.000000,0,2.1,0.0,0.0,0.0,0.0,0.0,0.0,0.0,1.0
167079,0,1,3400,-57,57,969,11,14,0.50,1546868.500000,0,2.1,0.0,415,0.0,80,0.0,0.0,0.0,1.0
167328,0,1,3400,-57,57,969,11,14,0.50,1547616.000000,0,2.1,0.0,415,0.0,0.0,0.0,0.0,0.0,1.0
167577,0,1,3400,-57,57,965,9.4,14,0.50,1321184.000000,0,2.1,2.9,0.0,20256.000000,52,0.0,0.0,0.0,1.0
167826,0,1,3400,-57,57,970,22,14,2.3,4093760.000000,8,2.1,4.9,0.0,0.0,0.0,0.0,0.0,0.0,1.0
168075,0,1,3400,-57,57,969,5.9,14,0.50,907424.000000,0,2.1,5.5,55,0.0,50,0.0,0.0,0.0,1.0
168324,0,1,3400,-57,57,968,9.3,14,0.50,1278464.000000,0,2.1,12,55,0.0,100.000000,0.0,0.0,0.0,1.0
168573,0,1,3400,-57,57,968,9.8,14,0.50,1358618.500000,0,2.1,11,0.0,12016.064453,54,0.0,0.0,0.0,1.0
168822,0,1,3400,-57,57,961,9.9,14,0.50,1400288.000000,0,2.1,5.6,0.0,8256.000000,60,0.0,0.0,0.0,1.0
169071,0,1,3400,-57,57,968,12,14,0.50,1680573.750000,0,2.1,0.18,0.0,4366.533691,0,0.0,0.0,0.0,1.0
169320,0,1,3400,-57,57,965,11,14,0.50,1478240.000000,0,2.1,0.84,0.0,14048.000000,53,0.0,0.0,0.0,1.0
169569,0,1,3400,-57,57,959,8.8,14,0.50,1214592.000000,0,2.1,0.0,0.0,0.0,0.0,0.0,0.0,0.0,1.0
169818,0,1,3400,-57,57,967,11,14,0.50,1543840.000000,0,2.1,0.0,0.0,0.0,0.0,0.0,0.0,0.0,1.0
170067,0,1,3400,-57,57,965,11,14,0.50,1445600.000000,0,2.1,0.0,415,5536.000000,33,0.0,0.0,0.0,1.0
170316,0,1,3400,-57,57,963,11,14,0.50,1455488.000000,0,2.1,6.5,0.0,108320.000000,51,0.0,0.0,0.0,1.0
170565,0,1,3400,-57,57,962,11,14,0.50,1466216.875000,0,2.1,8.0,0.0,0.0,0.0,0.0,0.0,0.0,1.0
170814,0,1,3400,-57,57,963,8.6,14,0.50,1216576.000000,0,2.1,8.0,0.0,0.0,0.0,0.0,0.0,0.0,1.0
171063,0,1,3400,-57,57,965,8.9,14,0.50,1230624.000000,0,2.1,7.4,415,5536.000000,33,0.0,0.0,0.0,1.0
171312,0,1,3400,-57,57,965,13,14,0.85,1964525.875000,2,2.1,0.0,0.0,64637.449219,40,0.0,0.0,0.0,1.0
171561,0,1,3400,-57,57,970,9.5,14,0.50,1289120.000000,0,2.1,0.0,0.0,0.0,0.0,0.0,0.0,0.0,1.0
171810,0,1,3400,-57,57,965,11,14,0.50,1526240.000000,0,2.1,0.0,0.0,0.0,0.0,0.0,0.0,0.0,1.0
172059,0,1,3400,-57,57,963,11,14,0.50,1428256.000000,0,2.1,2.7,0.0,56064.000000,0,0.0,0.0,0.0,1.0
172308,0,1,3400,-57,57,965,9.8,14,0.50,1324352.000000,0,2.1,14,0.0,0.0,0.0,0.0,0.0,0.0,1.0
172557,0,1,3400,-57,57,965,4.7,14,0.50,707424.000000,0,2.1,14,0.0,0.0,0.0,0.0,0.0,0.0,1.0
172806,0,1,3400,-57,57,963,10,14,0.50,1418464.000000,0,2.1,14,0.0,0.0,0.0,0.0,0.0,0.0,1.0
173055,0,1,3400,-57,57,967,11,14,0.50,1478425.750000,0,2.1,14,435,0.0,80,0.0,0.0,0.0,1.0
173304,0,1,3400,-57,57,965,11,14,0.50,1587744.000000,0,2.1,14,435,0.0,0.0,0.0,0.0,0.0,1.0
173553,0,1,3400,-57,57,958,9.3,14,0.50,1277418.375000,0,2.1,14,0.0,0.0,80,0.0,0.0,0.0,1.0
173802,0,1,3400,-57,57,962,12,14,0.52,1655456.000000,0,2.1,14,0.0,0.0,0.0,0.0,0.0,0.0,1.0
174051,0,1,3400,-57,57,965,7.1,14,0.53,1097280.000000,0,2.1,13,0.0,5536.000000,0,0.0,0.0,0.0,1.0
174300,0,1,3400,-57,57,968,8.2,14,0.55,1249600.000000,0.4,2.1,0.0,0.0,29760.000000,50,0.0,0.0,0.0,1.0
174549,0,1,3400,-57,57,969,7.9,14,0.50,1117952.000000,0,2.1,0.0,0.0,0.0,0.0,0.0,0.0,0.0,1.0
174798,0,1,3400,-57,57,966,9.8,14,0.50,1334393.625000,0,2.1,0.0,0.0,0.0,0.0,0.0,0.0,0.0,1.0
175047,0,1,3400,-57,57,963,9.7,14,0.50,1332096.000000,0,2.1,0.0,581,0.0,0.0,0.0,0.0,0.0,1.0
175296,0,1,3400,-57,57,966,11,14,0.57,1626912.000000,0,2.1,1.0,0.0,17792.000000,44,0.0,0.0,0.0,1.0
175545,0,1,3400,-57,57,959,11,14,0.50,1455872.500000,0,2.1,0.0,0.0,0.0,0.0,0.0,0.0,0.0,1.0
175794,0,1,3400,-57,57,962,9.1,14,0.50,1275648.000000,0,2.1,0.0,0.0,0.0,0.0,0.0,0.0,0.0,1.0
176043,0,1,3400,-57,57,961,10,14,0.50,1427488.000000,0,2.1,1.2,55,0.0,80,0.0,0.0,0.0,1.0
176292,0,1,3400,-57,57,966,9.7,14,0.50,1316096.000000,0,2.1,5.0,55,0.0,0.0,0.0,0.0,0.0,1.0
176541,0,1,3400,-57,57,969,11,14,0.50,1444896.000000,0,2.1,1.0,0.0,7680.000000,20,0.0,0.0,0.0,1.0
176790,0,1,3400,-57,57,964,9.0,14,0.50,1258944.000000,0,2.1,0.0,0.0,0.0,0.0,0.0,0.0,0.0,1.0
177039,0,1,3400,-57,57,962,8.2,14,0.50,1166554.250000,0,2.1,0.0,581,0.0,0.0,0.0,0.0,0.0,1.0
177288,0,1,3400,-57,57,961,10,14,0.50,1596672.000000,0,2.1,0.0,415,0.0,80,0.0,0.0,0.0,1.0
177537,0,1,3400,-57,57,966,8.5,14,0.50,1198912.000000,0,2.1,6.0,0.0,36576.000000,53,0.0,0.0,0.0,1.0
177786,0,1,3400,-57,57,969,9.6,14,0.50,1311043.875000,0,2.1,2.2,0.0,17338.644531,50,0.0,0.0,0.0,1.0
178035,0,1,3400,-57,57,967,9.6,14,0.50,1318112.000000,0,2.1,0.0,581,0.0,0.0,0.0,0.0,0.0,1.0
178284,0,1,3400,-57,57,964,9.9,14,0.50,1369472.000000,0,2.1,5.4,0.0,24544.000000,60,0.0,0.0,0.0,1.0
178533,0,1,3400,-57,57,965,11,14,0.50,1500416.000000,0,2.1,6.5,0.0,0.0,0.0,0.0,0.0,0.0,1.0
178782,0,1,3400,-57,57,960,11,14,0.50,1471424.000000,0,2.1,6.5,0.0,0.0,0.0,0.0,0.0,0.0,1.0
179031,0,1,3400,-57,57,960,9.5,13,0.50,1312928.000000,0,2.1,6.3,0.0,5536.000000,0,0.0,0.0,0.0,1.0
179280,0,1,3400,-57,57,962,8.7,14,0.50,1184384.000000,0,2.1,0.73,0.0,23072.000000,31,0.0,0.0,0.0,1.0
179529,0,1,3400,-57,57,967,8.9,14,0.50,1236401.625000,0,2.1,0.0,0.0,0.0,0.0,0.0,0.0,0.0,1.0
179778,0,1,3400,-57,57,966,8.2,14,0.50,1152736.000000,0,2.1,0.0,0.0,0.0,0.0,0.0,0.0,0.0,1.0
180027,0,1,3400,-57,57,963,7.6,14,0.50,1078247.000000,0,2.1,0.78,0.0,83856.570312,45,0.0,0.0,0.0,1.0
180276,0,1,3400,-57,57,966,11,14,0.50,1548704.000000,0,2.1,6.0,0.0,0.0,100.000000,0.0,0.0,0.0,1.0
180525,0,1,3400,-57,57,963,10,14,0.50,1376064.000000,0,2.1,6.0,0.0,0.0,0.0,0.0,0.0,0.0,1.0
180774,0,1,3400,-57,57,960,6.6,14,0.50,933696.000000,0,2.1,6.0,0.0,0.0,0.0,0.0,0.0,0.0,1.0
181023,0,1,3400,-57,57,961,11,14,0.50,1452384.000000,0,2.1,6.0,415,0.0,50,0.0,0.0,0.0,1.0
181272,0,1,3400,-57,57,966,8.5,14,0.50,1183168.000000,0,2.1,1.9,0.0,14048.000000,60,0.0,0.0,0.0,1.0
181521,0,1,3400,-57,57,969,9.5,14,0.50,1311164.625000,0,2.1,0.0,0.0,0.0,0.0,0.0,0.0,0.0,1.0
181770,0,1,3400,-57,57,971,10.0,14,0.50,1358048.000000,0,2.1,0.0,0.0,0.0,0.0,0.0,0.0,0.0,1.0
182019,0,1,3400,-57,57,968,9.1,14,0.50,1286788.875000,0,2.1,0.0,415,0.0,50,0.0,0.0,0.0,1.0
182268,0,1,3400,-57,57,959,11,14,0.50,1638144.000000,0,2.1,0.0,415,0.0,100.000000,0.0,0.0,0.0,1.0
182517,0,1,3400,-57,57,961,9.1,14,0.80,1512160.000000,0.8,2.1,0.0,249,0.0,80,0.0,0.0,0.0,1.0
182766,0,1,3400,-57,57,962,9.3,14,0.50,1242080.000000,0,2.1,0.0,0.0,9024.000000,50,0.0,0.0,0.0,1.0
183015,0,1,3400,-57,57,960,11,14,0.50,1436448.000000,0,2.1,0.0,415,0.0,50,0.0,0.0,0.0,1.0
183264,0,1,3400,-57,57,964,11,14,0.50,1453280.000000,0,2.1,19,0.0,90624.000000,44,0.0,0.0,0.0,1.0
183513,0,1,3400,-57,57,965,6.7,14,0.50,982361.437500,0,2.1,20,0.0,0.0,0.0,0.0,0.0,0.0,1.0
183762,0,1,3400,-57,57,967,9.4,14,0.50,1274432.000000,0,2.1,20,0.0,0.0,0.0,0.0,0.0,0.0,1.0
184011,0,1,3400,-57,57,969,10.0,13,0.50,1419456.000000,0,2.1,19,415,5536.000000,33,0.0,0.0,0.0,1.0
184260,0,1,3400,-57,57,960,10,14,0.50,1460812.750000,0,2.1,0.0,0.0,51442.230469,43,0.0,0.0,0.0,1.0
184509,0,1,3400,-57,57,961,4.9,14,0.50,734048.000000,0,2.1,0.0,0.0,0.0,0.0,0.0,0.0,0.0,1.0
184758,0,1,3400,-57,57,964,9.3,14,0.50,1262112.000000,0,2.1,0.0,0.0,0.0,0.0,0.0,0.0,0.0,1.0
185007,0,1,3400,-57,57,966,8.8,14,0.50,1218496.000000,0,2.1,0.0,415,0.0,80,0.0,0.0,0.0,1.0
185256,0,1,3400,-57,57,966,11,14,0.50,1456192.750000,0,2.1,0.0,415,0.0,0.0,0.0,0.0,0.0,1.0
185505,0,1,3400,-57,57,962,9.3,14,0.50,1295235.000000,0,2.1,0.0,249,0.0,80,0.0,0.0,0.0,1.0
185754,0,1,3400,-57,57,963,10,14,0.50,1439582.375000,0,2.1,0.88,0.0,15004.015625,36,0.0,0.0,0.0,1.0
186003,0,1,3400,-57,57,966,9.2,14,0.50,1267424.000000,0,2.1,0.0,0.0,30816.000000,43,0.0,0.0,0.0,1.0
186252,0,1,3400,-57,57,962,11,14,0.50,1449472.000000,0,2.1,0.0,0.0,8512.000000,57,0.0,0.0,0.0,1.0
186501,0,1,3400,-57,57,960,11,14,0.50,1454916.375000,0,2.1,0.0,0.0,0.0,0.0,0.0,0.0,0.0,1.0
186750,0,1,3400,-57,57,967,11,14,0.50,1411872.000000,0,2.1,0.0,0.0,0.0,0.0,0.0,0.0,0.0,1.0
186999,0,1,3400,-57,57,964,10.0,14,0.50,1368480.000000,0,2.1,0.0,415,0.0,67,0.0,0.0,0.0,1.0
187248,0,1,3400,-57,57,962,12,14,0.50,1630016.000000,0,2.1,0.0,415,0.0,100.000000,0.0,0.0,0.0,1.0
187497,0,1,3400,-57,57,963,12,14,0.51,1710971.875000,0,2.1,0.0,0.0,28722.890625,27,0.0,0.0,0.0,1.0
187746,0,1,3400,-57,57,962,10,14,0.50,1445152.000000,0,2.1,0.0,0.0,0.0,0.0,0.0,0.0,0.0,1.0
187995,0,1,3400,-57,57,962,11,14,0.50,1433056.000000,0,2.1,1.0,0.0,18432.000000,33,0.0,0.0,0.0,1.0
188244,0,1,3400,-57,57,963,11,14,0.50,1469056.000000,0,2.1,0.0,0.0,0.0,100.000000,0.0,0.0,0.0,1.0
188493,0,1,3400,-57,57,964,11,14,0.50,1490741.000000,0,2.1,0.0,0.0,0.0,0.0,0.0,0.0,0.0,1.0
188742,0,1,3400,-57,57,968,11,14,0.50,1456416.000000,0,2.1,0.0,0.0,0.0,0.0,0.0,0.0,0.0,1.0
188991,0,1,3400,-57,57,970,9.6,14,0.50,1305088.000000,0,2.1,0.0,0.0,33216.000000,50,0.0,0.0,0.0,1.0
189240,0,1,3400,-57,57,967,11,14,0.51,1510016.000000,0.4,2.1,0.0,0.0,0.0,0.0,0.0,0.0,0.0,1.0
189489,0,1,3400,-57,57,967,10,14,0.50,1384640.000000,0,2.1,0.0,0.0,0.0,0.0,0.0,0.0,0.0,1.0
189738,0,1,3400,-57,57,972,11,14,0.50,1555840.000000,0,2.1,0.0,0.0,0.0,0.0,0.0,0.0,0.0,1.0
189987,0,1,3400,-57,57,971,12,14,0.54,1719614.500000,0,2.1,0.0,415,0.0,50,0.0,0.0,0.0,1.0
190236,0,1,3400,-57,57,963,6.7,14,0.50,994048.000000,0,2.1,0.0,415,0.0,100.000000,0.0,0.0,0.0,1.0
190485,0,1,3400,-57,57,956,11,14,0.50,1470848.000000,0,2.1,0.0,0.0,9024.000000,60,0.0,0.0,0.0,1.0
190734,0,1,3400,-57,57,960,3.5,14,0.50,567426.312500,0,2.1,0.0,0.0,0.0,0.0,0.0,0.0,0.0,1.0
190983,0,1,3400,-57,57,964,11,14,0.50,1495424.000000,0,2.1,0.19,0.0,136608.000000,27,0.0,0.0,0.0,1.0
191232,0,1,3400,-57,57,964,9.6,14,0.50,1308800.000000,0,2.1,0.0,0.0,0.0,0.0,0.0,0.0,0.0,1.0
191481,0,1,3400,-57,57,963,8.8,14,0.50,1276512.000000,0,2.1,0.0,0.0,0.0,0.0,0.0,0.0,0.0,1.0
191730,0,1,3400,-57,57,963,8.0,14,0.50,1100672.000000,0,2.1,0.0,0.0,0.0,0.0,0.0,0.0,0.0,1.0
191979,0,1,3400,-57,57,963,9.9,14,0.50,1373429.750000,0,2.1,0.0,581,0.0,0.0,0.0,0.0,0.0,1.0
192228,0,1,3400,-57,57,967,11,14,0.50,1465376.000000,0,2.1,6.8,55,0.0,80,0.0,0.0,0.0,1.0
192477,0,1,3400,-57,57,966,9.0,14,0.50,1247168.000000,0,2.1,4.0,0.0,7680.000000,20,0.0,0.0,0.0,1.0
192726,0,1,3400,-57,57,970,11,14,0.50,1465083.625000,0,2.1,0.0,0.0,0.0,0.0,0.0,0.0,0.0,1.0
192975,0,1,3400,-57,57,967,11,14,0.55,1590304.000000,0,2.1,0.0,415,0.0,50,0.0,0.0,0.0,1.0
193224,0,1,3400,-57,57,966,11,14,0.50,1508160.000000,0,2.1,0.0,0.0,32800.000000,39,0.0,0.0,0.0,1.0
193473,0,1,3400,-57,57,968,10,14,0.50,1478752.000000,0,2.1,0.0,0.0,0.0,0.0,0.0,0.0,0.0,1.0
193722,0,1,3400,-57,57,966,13,14,1.1,2274976.000000,0.8,2.1,0.0,0.0,0.0,0.0,0.0,0.0,0.0,1.0
193971,0,1,3400,-57,57,969,5.9,14,0.50,877365.437500,0,2.1,0.0,415,0.0,80,0.0,0.0,0.0,1.0
194220,0,1,3400,-57,57,971,10,14,0.50,1423808.000000,0,2.1,0.0,415,0.0,0.0,0.0,0.0,0.0,1.0
194469,0,1,3400,-57,57,973,11,14,0.58,1647872.000000,0,2.1,4.5,0.0,114368.000000,42,0.0,0.0,0.0,1.0
194718,0,1,3400,-57,57,970,9.6,14,0.50,1324736.000000,0,2.1,8.0,0.0,0.0,0.0,0.0,0.0,0.0,1.0
194967,0,1,3400,-57,57,967,11,14,0.50,1493577.750000,0,2.1,8.0,415,0.0,50,0.0,0.0,0.0,1.0
195216,0,1,3400,-57,57,964,11,14,0.50,1458208.000000,0,2.1,0.064,0.0,39584.000000,38,0.0,0.0,0.0,1.0
195465,0,1,3400,-57,57,956,11,14,0.50,1496736.000000,0,2.1,0.0,0.0,0.0,0.0,0.0,0.0,0.0,1.0
195714,0,1,3400,-57,57,960,9.4,13,0.55,1354784.000000,0,2.1,0.0,0.0,0.0,0.0,0.0,0.0,0.0,1.0
195963,0,1,3400,-57,57,963,11,14,0.86,1501504.000000,5,2.1,0.0,415,0.0,50,0.0,0.0,0.0,1.0
196212,0,1,3400,-57,57,964,7.6,14,0.50,1077526.125000,0,2.1,0.0,415,0.0,100.000000,0.0,0.0,0.0,1.0
196461,0,1,3400,-57,57,963,13,14,0.57,1888512.000000,0,2.1,0.0,0.0,53312.000000,53,0.0,0.0,0.0,1.0
196710,0,1,3400,-57,57,962,9.1,14,0.50,1315552.000000,0,2.1,0.0,0.0,0.0,0.0,0.0,0.0,0.0,1.0
196959,0,1,3400,-57,57,959,7.3,14,0.50,1072928.000000,0,2.1,0.0,0.0,5536.000000,0,0.0,0.0,0.0,1.0
197208,0,1,3400,-57,57,961,10,14,0.50,1368446.250000,0,2.1,0.0,0.0,2964.143311,92,0.0,0.0,0.0,1.0
197457,0,1,3400,-57,57,963,9.2,14,0.50,1285718.875000,0,2.1,0.0,0.0,0.0,0.0,0.0,0.0,0.0,1.0
197706,0,1,3400,-57,57,971,8.0,14,0.50,1103840.625000,0,2.1,0.0,0.0,0.0,0.0,0.0,0.0,0.0,1.0
197955,0,1,3400,-57,57,970,11,14,0.50,1489568.000000,0,2.1,1.2,0.0,145504.000000,18,0.0,0.0,0.0,1.0
198204,0,1,3400,-57,57,968,14,14,1.2,2317984.000000,4,2.1,8.0,0.0,0.0,0.0,0.0,0.0,0.0,1.0
198453,0,1,3400,-57,57,967,9.2,14,0.50,1256514.000000,0,2.1,8.0,0.0,0.0,0.0,0.0,0.0,0.0,1.0
198702,0,1,3400,-57,57,971,8.5,14,0.50,1176800.000000,0,2.1,8.0,0.0,0.0,0.0,0.0,0.0,0.0,1.0
198951,0,1,3400,-57,57,970,8.6,14,0.50,1187712.000000,0,2.1,8.4,71,0.0,50,0.0,0.0,0.0,1.0
199200,0,1,3400,-57,57,965,11,14,0.50,1444972.125000,0,2.1,14,71,0.0,100.000000,0.0,0.0,0.0,1.0
199449,0,1,3400,-57,57,966,11,14,0.50,1466528.000000,0,2.1,14,0.0,0.0,80,0.0,0.0,0.0,1.0
199698,0,1,3400,-57,57,963,9.8,14,0.50,1327104.000000,0,2.1,13,0.0,0.0,0.0,0.0,0.0,0.0,1.0
199947,0,1,3400,-57,57,965,11,14,0.50,1545600.000000,0,2.1,13,0.0,5536.000000,0,0.0,0.0,0.0,1.0
200196,0,1,3400,-57,57,965,12,14,0.53,1626528.000000,0,2.1,0.78,0.0,23072.000000,36,0.0,0.0,0.0,1.0
200445,0,1,3400,-57,57,972,8.2,14,0.50,1161632.000000,0,2.1,0.0,0.0,0.0,0.0,0.0,0.0,0.0,1.0
200694,0,1,3400,-57,57,969,11,14,0.50,1431228.875000,0,2.1,0.0,0.0,0.0,0.0,0.0,0.0,0.0,1.0
200943,0,1,3400,-57,57,970,11,14,0.50,1605536.000000,0,2.1,0.0,415,0.0,80,0.0,0.0,0.0,1.0
201192,0,1,3400,-57,57,972,8.3,14,0.50,1167328.000000,0,2.1,0.0,415,0.0,0.0,0.0,0.0,0.0,1.0
201441,0,1,3400,-57,57,968,8.0,13,0.50,1095585.625000,0,2.1,0.0,0.0,8988.047852,57,0.0,0.0,0.0,1.0
201690,0,1,3400,-57,57,966,11,14,0.50,1601856.000000,0,2.1,0.0,0.0,0.0,0.0,0.0,0.0,0.0,1.0
201939,0,1,3400,-57,57,964,11,14,0.53,1548160.000000,0,2.1,1.7,55,0.0,80,0.0,0.0,0.0,1.0
202188,0,1,3400,-57,57,965,9.4,14,0.50,1317280.000000,0,2.1,7.5,55,0.0,0.0,0.0,0.0,0.0,1.0
202437,0,1,3400,-57,57,965,11,14,0.50,1501472.000000,0,2.1,3.1,0.0,11968.000000,44,0.0,0.0,0.0,1.0
202686,0,1,3400,-57,57,962,11,14,0.50,1438136.500000,0,2.1,0.0,0.0,0.0,0.0,0.0,0.0,0.0,1.0
202935,0,1,3400,-57,57,962,9.4,14,0.50,1275072.000000,0,2.1,1.0,0.0,23968.000000,27,0.0,0.0,0.0,1.0
203184,0,1,3400,-57,57,970,9.7,14,0.50,1327520.000000,0,2.1,0.0,0.0,0.0,0.0,0.0,0.0,0.0,1.0
203433,0,1,3400,-57,57,973,11,14,0.50,1451040.000000,0,2.1,0.0,0.0,0.0,0.0,0.0,0.0,0.0,1.0
203682,0,1,3400,-57,57,972,9.1,14,0.50,1249689.250000,0,2.1,0.0,0.0,0.0,0.0,0.0,0.0,0.0,1.0
203931,0,1,3400,-57,57,969,5.8,14,0.50,887008.000000,0,2.1,0.0,581,0.0,0.0,0.0,0.0,0.0,1.0
204180,0,1,3400,-57,57,968,9.6,14,0.50,1325984.000000,0,2.1,11,0.0,141376.000000,49,0.0,0.0,0.0,1.0
204429,0,1,3400,-57,57,966,7.7,14,0.50,1093376.000000,0,2.1,16,0.0,0.0,0.0,0.0,0.0,0.0,1.0
204678,0,1,3400,-57,57,969,9.8,14,0.50,1324352.000000,0,2.1,16,0.0,0.0,0.0,0.0,0.0,0.0,1.0
204927,0,1,3400,-57,57,973,8.8,14,0.50,1209831.375000,0,2.1,15,0.0,5558.232910,0,0.0,0.0,0.0,1.0
205176,0,1,3400,-57,57,965,8.7,14,0.52,1254208.000000,0,2.1,0.0,0.0,30816.000000,44,0.0,0.0,0.0,1.0
205425,0,1,3400,-57,57,970,9.8,14,0.50,1382208.000000,0,2.1,0.0,0.0,0.0,0.0,0.0,0.0,0.0,1.0
205674,0,1,3400,-57,57,968,11,14,0.50,1533545.875000,0,2.1,0.0,0.0,0.0,0.0,0.0,0.0,0.0,1.0
205923,0,1,3400,-57,57,961,11,13,0.50,1458144.000000,0,2.1,0.0,415,0.0,50,0.0,0.0,0.0,1.0
206172,0,1,3400,-57,57,963,11,14,0.50,1536128.000000,0,2.1,0.064,415,0.0,100.000000,0.0,0.0,0.0,1.0
206421,0,1,3400,-57,57,963,11,14,0.50,1465600.000000,0,2.1,0.0,0.0,14560.000000,54,0.0,0.0,0.0,1.0
206670,0,1,3400,-57,57,965,11,14,0.50,1450848.000000,0,2.1,0.0,0.0,0.0,0.0,0.0,0.0,0.0,1.0
206919,0,1,3400,-57,57,966,12,14,0.53,1619277.125000,0,2.1,0.0,0.0,62971.886719,34,0.0,0.0,0.0,1.0
207168,0,1,3400,-57,57,968,10,14,0.55,1485120.000000,0,2.1,0.0,0.0,0.0,0.0,0.0,0.0,0.0,1.0
207417,0,1,3400,-57,57,970,9.4,14,0.50,1315200.000000,0,2.1,0.0,0.0,0.0,0.0,0.0,0.0,0.0,1.0
207666,0,1,3400,-57,57,968,10,14,0.50,1435328.000000,0,2.1,0.0,0.0,0.0,0.0,0.0,0.0,0.0,1.0
207915,0,1,3400,-57,57,968,10,14,0.50,1421131.500000,0,2.1,1.4,0.0,36525.894531,25,0.0,0.0,0.0,1.0
208164,0,1,3400,-57,57,964,12,14,0.67,1853088.000000,0,2.1,16,0.0,113920.000000,84,0.0,0.0,0.0,1.0
208413,0,1,3400,-57,57,963,11,14,0.50,1498336.000000,0,2.1,16,0.0,0.0,0.0,0.0,0.0,0.0,1.0
208662,0,1,3400,-57,57,965,9.5,14,0.50,1317824.000000,0,2.1,16,0.0,0.0,0.0,0.0,0.0,0.0,1.0
208911,0,1,3400,-57,57,970,8.6,14,0.50,1189558.250000,0,2.1,15,0.0,11116.465820,0,0.0,0.0,0.0,1.0
209160,0,1,3400,-57,57,969,16,14,1.6,1178048.000000,29,2.1,0.0,0.0,28352.000000,27,0.0,0.0,0.0,1.0
209409,0,1,3400,-57,57,965,11,14,0.50,1448576.000000,0,2.1,0.0,0.0,0.0,0.0,0.0,0.0,0.0,1.0
209658,0,1,3400,-57,57,968,11,14,0.50,1465248.000000,0,2.1,0.0,0.0,0.0,0.0,0.0,0.0,0.0,1.0
209907,0,1,3400,-57,57,967,9.8,14,0.50,1310304.000000,0,2.1,0.0,415,0.0,50,0.0,0.0,0.0,1.0
210156,0,1,3400,-57,57,968,9.8,14,0.50,1351043.875000,0,2.1,0.0,415,0.0,100.000000,0.0,0.0,0.0,1.0
210405,0,1,3400,-57,57,969,13,14,0.82,2016896.000000,0.8,2.1,0.0,0.0,52160.000000,43,0.0,0.0,0.0,1.0
210654,0,1,3400,-57,57,966,10,15,0.52,1433952.000000,0,2.1,0.0,0.0,0.0,0.0,0.0,0.0,0.0,1.0
210903,0,1,3400,-57,57,970,9.4,14,0.50,1361664.000000,0,2.1,0.0,415,0.0,80,0.0,0.0,0.0,1.0
211152,0,1,3400,-57,57,968,11,14,0.50,1520000.000000,0,2.1,0.0,415,0.0,0.0,0.0,0.0,0.0,1.0
211401,0,1,3400,-57,57,961,9.5,14,0.50,1298720.000000,0,2.1,0.0,0.0,26048.000000,43,0.0,0.0,0.0,1.0
211650,0,1,3400,-57,57,965,11,14,0.50,1448448.000000,0,2.1,0.0,0.0,0.0,0.0,0.0,0.0,0.0,1.0
211899,0,1,3400,-57,57,965,11,14,0.50,1495040.000000,0,2.1,1.9,363,0.0,80,0.0,0.0,0.0,1.0
212148,0,1,3400,-57,57,963,21,14,1.7,3621705.250000,6,2.1,8.0,363,0.0,0.0,0.0,0.0,0.0,1.0
212397,0,1,3400,-57,57,962,9.3,14,0.79,1600224.000000,0.4,2.1,2.5,0.0,18048.000000,31,0.0,0.0,0.0,1.0
212646,0,1,3400,-57,57,967,9.0,14,0.50,1253696.000000,0,2.1,0.0,0.0,0.0,0.0,0.0,0.0,0.0,1.0
212895,0,1,3400,-57,57,972,9.4,14,0.50,1260416.000000,0,2.1,0.0,581,0.0,0.0,0.0,0.0,0.0,1.0
213144,0,1,3400,-57,57,972,7.6,14,0.50,1070522.125000,0,2.1,4.9,0.0,103196.789062,55,0.0,0.0,0.0,1.0
213393,0,1,3400,-57,57,971,7.4,14,0.50,1051296.000000,0,2.1,8.0,0.0,0.0,0.0,0.0,0.0,0.0,1.0
213642,0,1,3400,-57,57,971,9.7,14,0.50,1331360.000000,0,2.1,8.0,0.0,0.0,0.0,0.0,0.0,0.0,1.0
213891,0,1,3400,-57,57,968,11,13,0.50,1467840.000000,0,2.1,7.9,0.0,15520.000000,0,0.0,0.0,0.0,1.0
214140,0,1,3400,-57,57,965,8.1,14,0.50,1160320.000000,0,2.1,1.4,0.0,22816.000000,50,0.0,0.0,0.0,1.0
214389,0,1,3400,-57,57,966,9.1,14,0.50,1254055.750000,0,2.1,0.0,0.0,0.0,0.0,0.0,0.0,0.0,1.0
214638,0,1,3400,-57,57,963,10,14,0.50,1507424.000000,0,2.1,0.0,0.0,0.0,0.0,0.0,0.0,0.0,1.0
214887,0,1,3400,-57,57,965,11,14,0.50,1488960.000000,0,2.1,1.7,55,0.0,80,0.0,0.0,0.0,1.0
215136,0,1,3400,-57,57,967,9.7,14,0.50,1320960.000000,0,2.1,7.4,55,0.0,0.0,0.0,0.0,0.0,1.0
215385,0,1,3400,-57,57,967,11,14,0.50,1551743.000000,0,2.1,4.9,0.0,13847.389648,50,0.0,0.0,0.0,1.0
215634,0,1,3400,-57,57,965,9.9,14,0.50,1396288.000000,0,2.1,0.0,0.0,0.0,0.0,0.0,0.0,0.0,1.0
215883,0,1,3400,-57,57,963,11,14,0.50,1501248.000000,0,2.1,0.0,415,0.0,50,0.0,0.0,0.0,1.0
216132,0,1,3400,-57,57,963,11,14,0.50,1441024.000000,0,2.1,0.0,415,0.0,100.000000,0.0,0.0,0.0,1.0
216381,0,1,3400,-57,57,967,11,14,0.50,1469696.000000,0,2.1,0.0,0.0,23072.000000,10,0.0,0.0,0.0,1.0
216630,0,1,3400,-57,57,969,9.6,14,0.50,1303171.375000,0,2.1,0.0,0.0,0.0,0.0,0.0,0.0,0.0,1.0
216879,0,1,3400,-57,57,969,8.0,14,0.50,1102496.000000,0,2.1,0.22,0.0,5536.000000,0,0.0,0.0,0.0,1.0
217128,0,1,3400,-57,57,971,11,14,0.50,1499680.000000,0,2.1,0.73,0.0,19584.000000,33,0.0,0.0,0.0,1.0
217377,0,1,3400,-57,57,967,13,14,0.82,2062907.625000,1,2.1,0.0,0.0,0.0,0.0,0.0,0.0,0.0,1.0
217626,0,1,3400,-57,57,962,12,14,0.81,1990016.000000,0.4,2.1,0.0,0.0,0.0,0.0,0.0,0.0,0.0,1.0
217875,0,1,3400,-57,57,964,8.1,14,0.50,1143872.000000,0,2.1,0.0,415,0.0,50,0.0,0.0,0.0,1.0
218124,0,1,3400,-57,57,966,6.3,14,0.50,905216.000000,0,2.1,0.68,0.0,31072.000000,48,0.0,0.0,0.0,1.0
218373,0,1,3400,-57,57,966,11,14,0.50,1438720.000000,0,2.1,0.0,0.0,0.0,0.0,0.0,0.0,0.0,1.0
218622,0,1,3400,-57,57,968,9.1,14,0.50,1255458.125000,0,2.1,0.0,0.0,0.0,0.0,0.0,0.0,0.0,1.0
218871,0,1,3400,-57,57,969,11,14,0.50,1457984.000000,0,2.1,1.9,0.0,26176.000000,40,0.0,0.0,0.0,1.0
219120,0,1,3400,-57,57,968,9.4,14,0.50,1266752.000000,0,2.1,3.7,0.0,25120.000000,57,0.0,0.0,0.0,1.0
219369,0,1,3400,-57,57,970,11,14,0.50,1499424.000000,0,2.1,0.0,0.0,0.0,0.0,0.0,0.0,0.0,1.0
219618,0,1,3400,-57,57,969,9.5,14,0.50,1275872.000000,0,2.1,0.0,0.0,0.0,0.0,0.0,0.0,0.0,1.0
219867,0,1,3400,-57,57,967,8.0,14,0.50,1198720.000000,0,2.1,0.0,0.0,36608.000000,34,0.0,0.0,0.0,1.0
220116,0,1,3400,-57,57,970,6.4,14,0.50,948433.750000,0,2.1,0.0,0.0,22232.931641,76,0.0,0.0,0.0,1.0
220365,0,1,3400,-57,57,966,11,14,0.50,1474880.000000,0,2.1,0.0,0.0,0.0,0.0,0.0,0.0,0.0,1.0
220614,0,1,3400,-57,57,967,9.3,14,0.50,1287520.000000,0,2.1,0.0,0.0,0.0,0.0,0.0,0.0,0.0,1.0
220863,0,1,3400,-57,57,966,8.4,15,0.50,1158725.125000,0,2.1,0.48,55,0.0,50,0.0,0.0,0.0,1.0
221112,0,1,3400,-57,57,967,9.6,14,0.50,1321920.000000,0,2.1,7.5,55,0.0,100.000000,0.0,0.0,0.0,1.0
221361,0,1,3400,-57,57,965,9.9,14,0.50,1351840.000000,0,2.1,3.1,0.0,7680.000000,20,0.0,0.0,0.0,1.0
221610,0,1,3400,-57,57,967,7.8,14,0.50,1106088.375000,0,2.1,0.0,0.0,0.0,0.0,0.0,0.0,0.0,1.0
221859,0,1,3400,-57,57,966,12,14,0.58,1719360.000000,0,2.1,2.8,0.0,105728.000000,68,0.0,0.0,0.0,1.0
222108,0,1,3400,-57,57,969,11,14,0.59,1708032.000000,0,2.1,12,0.0,0.0,100.000000,0.0,0.0,0.0,1.0
222357,0,1,3400,-57,57,972,10,14,0.50,1385632.000000,0,2.1,12,0.0,0.0,0.0,0.0,0.0,0.0,1.0
222606,0,1,3400,-57,57,973,9.4,14,0.51,1275104.000000,0.4,2.1,12,0.0,0.0,0.0,0.0,0.0,0.0,1.0
222855,0,1,3400,-57,57,974,9.8,15,0.50,1321760.000000,0,2.1,12,0.0,5536.000000,0,0.0,0.0,0.0,1.0
223104,0,1,3400,-57,57,973,11,14,0.50,1429673.250000,0,2.1,0.0,0.0,16382.469727,40,0.0,0.0,0.0,1.0
223353,0,1,3400,-57,57,969,11,14,0.50,1502747.000000,0,2.1,0.0,0.0,0.0,0.0,0.0,0.0,0.0,1.0
223602,0,1,3400,-57,57,968,11,14,0.50,1589408.000000,0,2.1,0.0,0.0,0.0,0.0,0.0,0.0,0.0,1.0
223851,0,1,3400,-57,57,970,10.0,14,0.50,1368288.000000,0,2.1,0.0,415,0.0,80,0.0,0.0,0.0,1.0
224100,0,1,3400,-57,57,967,10.0,14,0.50,1370944.000000,0,2.1,0.0,415,0.0,0.0,0.0,0.0,0.0,1.0
224349,0,1,3400,-57,57,963,9.6,14,0.50,1326944.000000,0,2.1,0.95,0.0,22944.000000,29,0.0,0.0,0.0,1.0
224598,0,1,3400,-57,57,963,14,14,0.58,2111744.000000,0,2.1,0.0,0.0,0.0,0.0,0.0,0.0,0.0,1.0
224847,0,1,3400,-57,57,967,7.8,14,0.50,1088640.000000,0,2.1,0.95,0.0,25376.000000,27,0.0,0.0,0.0,1.0
225096,0,1,3400,-57,57,964,8.9,14,0.50,1372621.500000,0,2.1,0.0,0.0,0.0,0.0,0.0,0.0,0.0,1.0
225345,0,1,3400,-57,57,968,9.6,14,0.50,1385152.000000,0,2.1,0.0,0.0,0.0,0.0,0.0,0.0,0.0,1.0
225594,0,1,3400,-57,57,963,7.2,14,0.50,1047072.000000,0,2.1,0.0,0.0,0.0,0.0,0.0,0.0,0.0,1.0
225843,0,1,3400,-57,57,963,12,14,0.66,1623328.000000,2,2.1,0.48,55,0.0,50,0.0,0.0,0.0,1.0
226092,0,1,3400,-57,57,974,13,14,0.71,1911967.875000,0.8,2.1,7.5,55,0.0,100.000000,0.0,0.0,0.0,1.0
226341,0,1,3400,-57,57,976,9.8,14,0.50,1361600.000000,0,2.1,7.5,0.0,0.0,80,0.0,0.0,0.0,1.0
226590,0,1,3400,-57,57,971,9.1,14,0.50,1242080.000000,0,2.1,7.5,0.0,0.0,0.0,0.0,0.0,0.0,1.0
226839,0,1,3400,-57,57,965,6.2,14,0.50,920000.000000,0,2.1,5.8,0.0,25120.000000,39,0.0,0.0,0.0,1.0
227088,0,1,3400,-57,57,968,7.7,14,0.50,1105408.000000,0,2.1,18,0.0,11168.000000,64,0.0,0.0,0.0,1.0
227337,0,1,3400,-57,57,969,12,14,0.78,1909992.000000,0,2.1,21,0.0,0.0,0.0,0.0,0.0,0.0,1.0
227586,0,1,3400,-57,57,967,13,14,0.88,2205376.000000,1,2.1,21,0.0,0.0,0.0,0.0,0.0,0.0,1.0
227835,0,1,3400,-57,57,966,10,14,0.50,1421184.000000,0,2.1,21,55,0.0,80,0.0,0.0,0.0,1.0
228084,0,1,3400,-57,57,967,12,14,0.52,1793028.125000,0,2.1,22,55,0.0,0.0,0.0,0.0,0.0,1.0
228333,0,1,3400,-57,57,970,11,13,0.52,1652672.000000,0,2.1,5.8,0.0,7680.000000,20,0.0,0.0,0.0,1.0
228582,0,1,3400,-57,57,968,9.1,14,0.50,1258336.000000,0,2.1,0.0,0.0,0.0,0.0,0.0,0.0,0.0,1.0
228831,0,1,3400,-57,57,967,9.0,14,0.50,1273952.000000,0,2.1,0.0,415,0.0,80,0.0,0.0,0.0,1.0
229080,0,1,3400,-57,57,966,8.3,14,0.50,1167072.000000,0,2.1,0.0,415,0.0,0.0,0.0,0.0,0.0,1.0
229329,0,1,3400,-57,57,971,12,14,0.50,1791680.000000,0,2.1,0.0,0.0,26048.000000,43,0.0,0.0,0.0,1.0
229578,0,1,3400,-57,57,967,12,14,0.84,1896924.250000,0.8,2.1,0.0,0.0,0.0,0.0,0.0,0.0,0.0,1.0
229827,0,1,3400,-57,57,965,8.1,14,0.50,1128992.000000,0,2.1,0.0,415,0.0,67,0.0,0.0,0.0,1.0
230076,0,1,3400,-57,57,965,9.3,14,0.50,1309760.000000,0,2.1,0.0,415,0.0,100.000000,0.0,0.0,0.0,1.0
230325,0,1,3400,-57,57,967,10,13,0.50,1384610.500000,0,2.1,0.0,0.0,14618.473633,54,0.0,0.0,0.0,1.0
230574,0,1,3400,-57,57,967,9.0,14,0.50,1240064.000000,0,2.1,0.0,0.0,0.0,0.0,0.0,0.0,0.0,1.0
230823,0,1,3400,-57,57,965,11,14,0.50,1600480.000000,0,2.1,0.0,0.0,5536.000000,0,0.0,0.0,0.0,1.0
231072,0,1,3400,-57,57,960,10,14,0.50,1386528.000000,0,2.1,15,0.0,22304.000000,60,0.0,0.0,0.0,1.0
231321,0,1,3400,-57,57,968,9.6,14,0.50,1395680.000000,0,2.1,15,0.0,0.0,0.0,0.0,0.0,0.0,1.0
231570,0,1,3400,-57,57,968,7.0,14,0.50,1011027.875000,0,2.1,15,0.0,0.0,0.0,0.0,0.0,0.0,1.0
231819,0,1,3400,-57,57,963,10,14,0.50,1395488.000000,0,2.1,14,0.0,5536.000000,0,0.0,0.0,0.0,1.0
232068,0,1,3400,-57,57,965,10,14,0.50,1483712.000000,0,2.1,0.0,0.0,30656.000000,53,0.0,0.0,0.0,1.0
232317,0,1,3400,-57,57,966,11,14,0.50,1464257.000000,0,2.1,0.0,0.0,0.0,0.0,0.0,0.0,0.0,1.0
232566,0,1,3400,-57,57,967,12,14,1.1,2160960.000000,0.8,2.1,0.0,0.0,0.0,0.0,0.0,0.0,0.0,1.0
232815,0,1,3400,-57,57,969,12,14,0.82,1887584.000000,0.4,2.1,0.0,0.0,5536.000000,17,0.0,0.0,0.0,1.0
233064,0,1,3400,-57,57,968,9.3,14,0.50,1292288.000000,0,2.1,6.7,0.0,96096.000000,61,0.0,0.0,0.0,1.0
233313,0,1,3400,-57,57,970,8.0,14,0.50,1106016.000000,0,2.1,8.0,0.0,0.0,0.0,0.0,0.0,0.0,1.0
233562,0,1,3400,-57,57,966,9.6,14,0.50,1336704.000000,0,2.1,8.0,0.0,0.0,0.0,0.0,0.0,0.0,1.0
233811,0,1,3400,-57,57,967,11,14,0.50,1520956.125000,0,2.1,6.1,415,0.0,80,0.0,0.0,0.0,1.0
234060,0,1,3400,-57,57,961,11,14,0.50,1505413.625000,0,2.1,0.0,415,0.0,0.0,0.0,0.0,0.0,1.0
234309,0,1,3400,-57,57,969,9.6,14,0.50,1332896.000000,0,2.1,0.0,0.0,16608.000000,60,0.0,0.0,0.0,1.0
234558,0,1,3400,-57,57,967,11,14,0.50,1442592.000000,0,2.1,0.0,0.0,0.0,0.0,0.0,0.0,0.0,1.0
234807,0,1,3400,-57,57,968,11,14,0.50,1446688.000000,0,2.1,0.0,0.0,25120.000000,39,0.0,0.0,0.0,1.0
235056,0,1,3400,-57,57,967,9.6,14,0.58,1443520.000000,0,2.1,0.45,0.0,202496.000000,61,0.0,0.0,0.0,1.0
235305,0,1,3400,-57,57,968,8.6,14,0.50,1254720.000000,0,2.1,0.0,0.0,0.0,0.0,0.0,0.0,0.0,1.0
235554,0,1,3400,-57,57,965,11,14,0.50,1469664.000000,0,2.1,0.0,0.0,0.0,0.0,0.0,0.0,0.0,1.0
235803,0,1,3400,-57,57,960,9.7,14,0.50,1316780.875000,0,2.1,0.0,415,0.0,50,0.0,0.0,0.0,1.0
236052,0,1,3400,-57,57,966,11,14,0.50,1435534.125000,0,2.1,0.0,415,0.0,100.000000,0.0,0.0,0.0,1.0
236301,0,1,3400,-57,57,961,14,14,0.86,1982240.000000,3,2.1,0.95,0.0,22944.000000,29,0.0,0.0,0.0,1.0
236550,0,1,3400,-57,57,964,11,14,0.50,1509184.000000,0,2.1,0.0,0.0,0.0,0.0,0.0,0.0,0.0,1.0
236799,0,1,3400,-57,57,968,11,14,0.50,1555456.000000,0,2.1,1.0,0.0,24224.000000,27,0.0,0.0,0.0,1.0
237048,0,1,3400,-57,57,965,7.7,14,0.50,1105120.000000,0,2.1,0.0,0.0,4384.000000,67,0.0,0.0,0.0,1.0
237297,0,1,3400,-57,57,963,8.7,14,0.53,1307936.000000,0,2.1,0.0,0.0,5536.000000,0,0.0,0.0,0.0,1.0
237546,0,1,3400,-57,57,965,11,14,0.50,1494880.000000,0,2.1,0.0,0.0,0.0,0.0,0.0,0.0,0.0,1.0
237795,0,1,3400,-57,57,970,8.8,14,0.50,1208608.000000,0,2.1,0.0,0.0,19584.000000,44,0.0,0.0,0.0,1.0
238044,0,1,3400,-57,57,969,8.6,14,0.50,1176892.375000,0,2.1,0.0,0.0,5513.944336,50,0.0,0.0,0.0,1.0
238293,0,1,3400,-57,57,972,5.9,15,0.50,869760.000000,0,2.1,0.0,0.0,0.0,0.0,0.0,0.0,0.0,1.0
238542,0,1,3400,-57,57,969,11,14,0.50,1540722.875000,0,2.1,0.0,0.0,0.0,0.0,0.0,0.0,0.0,1.0
238791,0,1,3400,-57,57,966,11,14,0.50,1461120.000000,0,2.1,0.0,0.0,30656.000000,24,0.0,0.0,0.0,1.0
239040,0,1,3400,-57,57,969,11,14,0.50,1430400.000000,0,2.1,0.0,0.0,13152.000000,0,0.0,0.0,0.0,1.0
239289,0,1,3400,-57,57,966,9.3,14,0.50,1269536.000000,0,2.1,0.0,0.0,0.0,0.0,0.0,0.0,0.0,1.0
239538,0,1,3400,-57,57,960,11,14,0.50,1547072.000000,0,2.1,0.0,0.0,0.0,0.0,0.0,0.0,0.0,1.0
239787,0,1,3400,-57,57,962,11,14,0.50,1572640.000000,0,2.1,0.0,0.0,5536.000000,17,0.0,0.0,0.0,1.0
240036,0,1,3400,-57,57,967,8.8,14,0.50,1183904.000000,0,2.1,0.0,0.0,36192.000000,53,0.0,0.0,0.0,1.0
240285,0,1,3400,-57,57,968,6.9,14,0.50,978868.500000,0,2.1,0.0,0.0,0.0,0.0,0.0,0.0,0.0,1.0
240534,0,1,3400,-57,57,966,11,14,0.50,1451232.000000,0,2.1,0.0,0.0,0.0,0.0,0.0,0.0,0.0,1.0
240783,0,1,3400,-57,57,961,6.7,14,0.50,956626.500000,0,2.1,0.0,581,0.0,0.0,0.0,0.0,0.0,1.0
241032,0,1,3400,-57,57,966,11,14,0.50,1496224.000000,0,2.1,0.0,0.0,14048.000000,63,0.0,0.0,0.0,1.0
241281,0,1,3400,-57,57,970,11,14,0.50,1473632.000000,0,2.1,0.0,0.0,0.0,0.0,0.0,0.0,0.0,1.0
241530,0,1,3400,-57,57,969,10,14,0.50,1458720.000000,0,2.1,0.0,0.0,0.0,0.0,0.0,0.0,0.0,1.0
241779,0,1,3400,-57,57,969,11,14,0.50,1551168.000000,0,2.1,0.0,581,0.0,0.0,0.0,0.0,0.0,1.0
242028,0,1,3400,-57,57,970,7.9,14,0.50,1132544.000000,0,2.1,0.95,0.0,25120.000000,27,0.0,0.0,0.0,1.0
242277,0,1,3400,-57,57,972,10,14,0.50,1438757.000000,0,2.1,0.0,0.0,0.0,0.0,0.0,0.0,0.0,1.0
242526,0,1,3400,-57,57,969,12,14,0.54,1673088.000000,0,2.1,0.0,0.0,0.0,0.0,0.0,0.0,0.0,1.0
242775,0,1,3400,-57,57,968,9.2,14,0.50,1276288.000000,0,2.1,0.0,431,0.0,50,0.0,0.0,0.0,1.0
243024,0,1,3400,-57,57,964,11,14,0.50,1578602.375000,0,2.1,0.0,0.0,23036.144531,57,0.0,0.0,0.0,1.0
243273,0,1,3400,-57,57,971,7.3,14,0.50,1056096.000000,0,2.1,0.0,0.0,0.0,0.0,0.0,0.0,0.0,1.0
243522,0,1,3400,-57,57,970,9.7,14,0.50,1323520.000000,0,2.1,0.0,0.0,0.0,0.0,0.0,0.0,0.0,1.0
243771,0,1,3400,-57,57,966,11,14,0.50,1519264.000000,0,2.1,1.0,0.0,25120.000000,27,0.0,0.0,0.0,1.0
244020,0,1,3400,-57,57,966,8.2,14,0.50,1190368.000000,0,2.1,0.0,0.0,0.0,0.0,0.0,0.0,0.0,1.0
244269,0,1,3400,-57,57,971,11,14,0.50,1515712.000000,0,2.1,0.0,0.0,0.0,0.0,0.0,0.0,0.0,1.0
244518,0,1,3400,-57,57,972,14,14,0.88,2061928.250000,3,2.1,0.0,0.0,0.0,0.0,0.0,0.0,0.0,1.0
244767,0,1,3400,-57,57,969,11,14,0.50,1553120.000000,0,2.1,2.6,0.0,35040.000000,0,0.0,0.0,0.0,1.0
245016,0,1,3400,-57,57,967,8.1,14,0.50,1170409.625000,0,2.1,13,0.0,0.0,0.0,0.0,0.0,0.0,1.0
245265,0,1,3400,-57,57,961,8.2,14,0.50,1145216.000000,0,2.1,13,0.0,0.0,0.0,0.0,0.0,0.0,1.0
245514,0,1,3400,-57,57,965,7.9,14,0.50,1098528.000000,0,2.1,13,0.0,0.0,0.0,0.0,0.0,0.0,1.0
245763,0,1,3400,-57,57,969,11,14,0.53,1564672.000000,0,2.1,13,0.0,35744.000000,27,0.0,0.0,0.0,1.0
246012,0,1,3400,-57,57,964,12,14,0.80,1973760.000000,0,2.1,0.0,0.0,4384.000000,50,0.0,0.0,0.0,1.0
246261,0,1,3400,-57,57,963,11,14,0.50,1454592.000000,0,2.1,0.0,0.0,0.0,0.0,0.0,0.0,0.0,1.0
246510,0,1,3400,-57,57,971,7.9,14,0.50,1081920.000000,0,2.1,0.0,0.0,0.0,0.0,0.0,0.0,0.0,1.0
246759,0,1,3400,-57,57,974,9.7,14,0.50,1317259.000000,0,2.1,0.0,415,0.0,67,0.0,0.0,0.0,1.0
247008,0,1,3400,-57,57,967,7.0,14,0.50,986944.000000,0,2.1,0.0,415,0.0,100.000000,0.0,0.0,0.0,1.0
247257,0,1,3400,-57,57,967,9.7,14,0.50,1355437.750000,0,2.1,0.0,0.0,19405.623047,30,0.0,0.0,0.0,1.0
247506,0,1,3400,-57,57,967,6.4,14,0.50,982688.000000,0,2.1,0.0,0.0,0.0,0.0,0.0,0.0,0.0,1.0
247755,0,1,3400,-57,57,965,11,14,0.50,1457664.000000,0,2.1,0.0,0.0,5536.000000,40,0.0,0.0,0.0,1.0
248004,0,1,3400,-57,57,966,8.8,14,0.50,1194752.000000,0,2.1,15,0.0,122112.000000,89,0.0,0.0,0.0,1.0
248253,0,1,3400,-57,57,974,12,14,0.50,1657216.000000,0,2.1,16,0.0,0.0,0.0,0.0,0.0,0.0,1.0
248502,0,1,3400,-57,57,970,9.5,14,0.50,1315200.000000,0,2.1,16,0.0,0.0,0.0,0.0,0.0,0.0,1.0
248751,0,1,3400,-57,57,966,11,14,0.50,1487872.500000,0,2.1,15,0.0,25721.115234,56,0.0,0.0,0.0,1.0
249000,0,1,3400,-57,57,966,13,14,0.57,1884832.000000,0,2.1,0.0,0.0,5536.000000,80,0.0,0.0,0.0,1.0
249249,0,1,3400,-57,57,967,7.4,14,0.50,1014843.375000,0,2.1,0.0,0.0,0.0,0.0,0.0,0.0,0.0,1.0
249498,0,1,3400,-57,57,966,13,14,1.1,2165664.000000,3,2.1,0.0,0.0,0.0,0.0,0.0,0.0,0.0,1.0
249747,0,1,3400,-57,57,964,8.1,14,0.50,1156256.000000,0,2.1,0.64,0.0,117344.000000,52,0.0,0.0,0.0,1.0
249996,0,1,3400,-57,57,963,10,14,0.53,1504992.000000,0,2.1,0.0,0.0,0.0,0.0,0.0,0.0,0.0,1.0
250245,0,1,3400,-57,57,969,9.5,14,0.50,1312640.000000,0,2.1,0.0,0.0,0.0,0.0,0.0,0.0,0.0,1.0
250494,0,1,3400,-57,57,968,6.0,14,0.50,878752.000000,0,2.1,0.0,0.0,0.0,0.0,0.0,0.0,0.0,1.0
250743,0,1,3400,-57,57,970,7.9,14,0.50,1118496.000000,0,2.1,0.0,415,0.0,50,0.0,0.0,0.0,1.0
250992,0,1,3400,-57,57,974,7.6,14,0.50,1054688.000000,0,2.1,0.0,415,0.0,100.000000,0.0,0.0,0.0,1.0
251241,0,1,3400,-57,57,968,9.5,14,0.50,1320832.000000,0,2.1,0.0,0.0,26048.000000,46,0.0,0.0,0.0,1.0
251490,0,1,3400,-57,57,972,6.4,14,0.50,925632.000000,0,2.1,0.0,0.0,0.0,0.0,0.0,0.0,0.0,1.0
251739,0,1,3400,-57,57,971,7.8,14,0.50,1112448.000000,0,2.1,0.0,415,0.0,50,0.0,0.0,0.0,1.0
251988,0,1,3400,-57,57,969,10,14,0.50,1452192.000000,0,2.1,0.0,415,0.0,100.000000,0.0,0.0,0.0,1.0
252237,0,1,3400,-57,57,968,9.5,14,0.50,1302944.000000,0,2.1,2.9,0.0,97760.000000,60,0.0,0.0,0.0,1.0
252486,0,1,3400,-57,57,967,11,14,0.50,1496544.000000,0,2.1,8.0,0.0,0.0,0.0,0.0,0.0,0.0,1.0
252735,0,1,3400,-57,57,967,10.0,14,0.50,1395776.000000,0,2.1,8.0,581,0.0,0.0,0.0,0.0,0.0,1.0
252984,0,1,3400,-57,57,966,11,14,0.50,1491968.000000,0,2.1,3.4,0.0,25376.000000,27,0.0,0.0,0.0,1.0
253233,0,1,3400,-57,57,975,9.8,14,0.50,1325577.750000,0,2.1,0.0,0.0,0.0,0.0,0.0,0.0,0.0,1.0
253482,0,1,3400,-57,57,972,6.0,15,0.50,860112.437500,0,2.1,0.0,0.0,0.0,0.0,0.0,0.0,0.0,1.0
253731,0,1,3400,-57,57,975,6.6,14,0.50,955232.000000,0,2.1,0.0,415,0.0,50,0.0,0.0,0.0,1.0
253980,0,1,3400,-57,57,970,12,14,0.53,1751008.000000,0,2.1,0.0,415,0.0,100.000000,0.0,0.0,0.0,1.0
254229,0,1,3400,-57,57,968,6.5,15,0.50,920544.000000,0,2.1,0.0,0.0,25632.000000,36,0.0,0.0,0.0,1.0
254478,0,1,3400,-57,57,965,7.0,14,0.50,1004736.000000,0,2.1,0.0,0.0,0.0,0.0,0.0,0.0,0.0,1.0
254727,0,1,3400,-57,57,967,8.7,15,0.50,1201152.000000,0,2.1,0.0,581,0.0,0.0,0.0,0.0,0.0,1.0
254976,0,1,3400,-57,57,969,9.3,14,0.89,891392.000000,11,2.1,0.0,0.0,38272.000000,24,0.0,0.0,0.0,1.0
255225,0,1,3400,-57,57,969,18,14,1.8,1011920.312500,37,2.1,0.0,0.0,0.0,0.0,0.0,0.0,0.0,1.0
255474,0,1,3400,-57,57,966,9.4,14,0.50,1280320.000000,0,2.1,0.0,0.0,0.0,0.0,0.0,0.0,0.0,1.0
255723,0,1,3400,-57,57,967,14,14,0.81,2231004.000000,0,2.1,0.0,415,0.0,50,0.0,0.0,0.0,1.0
255972,0,1,3400,-57,57,966,11,14,0.50,1420736.000000,0,2.1,0.0,415,0.0,100.000000,0.0,0.0,0.0,1.0
256221,0,1,3400,-57,57,966,9.7,14,0.50,1354144.000000,0,2.1,1.7,0.0,36192.000000,52,0.0,0.0,0.0,1.0
256470,0,1,3400,-57,57,968,9.2,14,0.50,1244480.000000,0,2.1,5.0,0.0,0.0,0.0,0.0,0.0,0.0,1.0
256719,0,1,3400,-57,57,967,11,14,0.50,1446720.000000,0,2.1,4.6,0.0,42304.000000,38,0.0,0.0,0.0,1.0
256968,0,1,3400,-57,57,965,9.8,14,0.50,1341312.000000,0,2.1,0.0,0.0,16608.000000,73,0.0,0.0,0.0,1.0
257217,0,1,3400,-57,57,966,13,14,0.88,2034048.000000,1,2.1,0.0,0.0,0.0,0.0,0.0,0.0,0.0,1.0
257466,0,1,3400,-57,57,971,11,14,0.50,1467264.000000,0,2.1,0.0,0.0,0.0,0.0,0.0,0.0,0.0,1.0
257715,0,1,3400,-57,57,970,11,14,0.50,1517984.000000,0,2.1,0.0,415,0.0,50,0.0,0.0,0.0,1.0
257964,0,1,3400,-57,57,970,9.8,14,0.50,1354016.000000,0,2.1,0.0,415,0.0,100.000000,0.0,0.0,0.0,1.0
258213,0,1,3400,-57,57,968,10,14,0.50,1380864.000000,0,2.1,0.0,0.0,30656.000000,35,0.0,0.0,0.0,1.0
258462,0,1,3400,-57,57,965,11,15,0.53,1597760.000000,0,2.1,0.0,0.0,0.0,0.0,0.0,0.0,0.0,1.0
258711,0,1,3400,-57,57,965,8.6,15,0.50,1228000.000000,0,2.1,1.5,0.0,176704.000000,20,0.0,0.0,0.0,1.0
258960,0,1,3400,-57,57,972,11,15,0.50,1471392.000000,0,2.1,8.0,0.0,0.0,0.0,0.0,0.0,0.0,1.0
259209,0,1,3400,-57,57,973,9.2,14,0.50,1282464.000000,0,2.1,8.0,0.0,0.0,0.0,0.0,0.0,0.0,1.0
259458,0,1,3400,-57,57,970,8.7,14,0.50,1215328.000000,0,2.1,8.0,0.0,0.0,0.0,0.0,0.0,0.0,1.0
259707,0,1,3400,-57,57,973,11,14,0.54,1505784.875000,0,2.1,7.4,415,0.0,67,0.0,0.0,0.0,1.0
259956,0,1,3400,-57,57,969,9.8,14,0.50,1324960.000000,0,2.1,0.0,415,0.0,100.000000,0.0,0.0,0.0,1.0
260205,0,1,3400,-57,57,970,8.0,14,0.52,1188851.375000,0,2.1,3.5,0.0,108112.453125,43,0.0,0.0,0.0,1.0
260454,0,1,3400,-57,57,968,9.6,14,0.50,1314464.000000,0,2.1,8.0,0.0,0.0,0.0,0.0,0.0,0.0,1.0
260703,0,1,3400,-57,57,966,9.2,14,0.50,1271968.000000,0,2.1,7.5,0.0,60064.000000,44,0.0,0.0,0.0,1.0
260952,0,1,3400,-57,57,967,11,14,0.50,1596192.000000,0,2.1,6.0,0.0,0.0,100.000000,0.0,0.0,0.0,1.0
261201,0,1,3400,-57,57,966,12,14,0.79,2008288.000000,0,2.1,6.0,0.0,0.0,0.0,0.0,0.0,0.0,1.0
261450,0,1,3400,-57,57,967,12,13,0.53,1658464.000000,0,2.1,6.0,0.0,0.0,0.0,0.0,0.0,0.0,1.0
261699,0,1,3400,-57,57,966,11,14,0.75,1708480.000000,2,2.1,4.6,415,0.0,80,0.0,0.0,0.0,1.0
261948,0,1,3400,-57,57,964,14,14,0.98,2355792.750000,0.4,2.1,0.0,415,0.0,0.0,0.0,0.0,0.0,1.0
262197,0,1,3400,-57,57,969,9.5,14,0.50,1379566.250000,0,2.1,0.95,0.0,20562.248047,31,0.0,0.0,0.0,1.0
262446,0,1,3400,-57,57,969,11,14,0.50,1502752.000000,0,2.1,0.0,0.0,0.0,0.0,0.0,0.0,0.0,1.0
262695,0,1,3400,-57,57,974,6.8,14,0.50,1015008.000000,0,2.1,15,581,5536.000000,0,0.0,0.0,0.0,1.0
262944,0,1,3400,-57,57,966,11,14,0.50,1471456.000000,0,2.1,13,0.0,23840.000000,50,0.0,0.0,0.0,1.0
263193,0,1,3400,-57,57,964,9.8,14,0.51,1344320.000000,0.4,2.1,15,0.0,0.0,0.0,0.0,0.0,0.0,1.0
263442,0,1,3400,-57,57,967,10,15,0.50,1428928.000000,0,2.1,15,0.0,0.0,0.0,0.0,0.0,0.0,1.0
263691,0,1,3400,-57,57,968,11,14,0.50,1450016.000000,0,2.1,13,55,0.0,80,0.0,0.0,0.0,1.0
263940,0,1,3400,-57,57,972,8.3,14,0.50,1163123.500000,0,2.1,7.5,55,0.0,0.0,0.0,0.0,0.0,1.0
264189,0,1,3400,-57,57,969,10,14,0.50,1410152.625000,0,2.1,1.6,0.0,7710.843262,0,0.0,0.0,0.0,1.0
264438,0,1,3400,-57,57,968,10,14,0.50,1419904.000000,0,2.1,0.0,0.0,0.0,0.0,0.0,0.0,0.0,1.0
264687,0,1,3400,-57,57,961,8.6,14,0.51,1192512.000000,0.4,2.1,0.0,0.0,14048.000000,50,0.0,0.0,0.0,1.0
264936,0,1,3400,-57,57,964,11,14,0.50,1484032.000000,0,2.1,0.0,0.0,11488.000000,57,0.0,0.0,0.0,1.0
265185,0,1,3400,-57,57,971,8.5,15,0.50,1208864.000000,0,2.1,0.0,0.0,0.0,0.0,0.0,0.0,0.0,1.0
265434,0,1,3400,-57,57,970,9.4,14,0.50,1303584.000000,0,2.1,0.0,0.0,0.0,0.0,0.0,0.0,0.0,1.0
265683,0,1,3400,-57,57,965,8.2,14,0.50,1142176.000000,0,2.1,0.36,0.0,14048.000000,57,0.0,0.0,0.0,1.0
265932,0,1,3400,-57,57,969,10,14,0.53,1473536.000000,0,2.1,15,0.0,8512.000000,50,0.0,0.0,0.0,1.0
266181,0,1,3400,-57,57,972,11,14,0.50,1539712.000000,0,2.1,15,0.0,0.0,0.0,0.0,0.0,0.0,1.0
266430,0,1,3400,-57,57,972,10.0,14,0.50,1398336.000000,0,2.1,15,0.0,0.0,0.0,0.0,0.0,0.0,1.0
266679,0,1,3400,-57,57,968,10,14,0.50,1430720.000000,0,2.1,14,0.0,12640.000000,53,0.0,0.0,0.0,1.0
266928,0,1,3400,-57,57,972,6.8,15,0.50,1032480.000000,0,2.1,0.0,0.0,6848.000000,33,0.0,0.0,0.0,1.0
267177,0,1,3400,-57,57,967,14,14,0.81,2320992.000000,0,2.1,0.0,0.0,0.0,0.0,0.0,0.0,0.0,1.0
267426,0,1,3400,-57,57,969,12,14,0.52,1621920.000000,0,2.1,0.0,0.0,0.0,0.0,0.0,0.0,0.0,1.0
267675,0,1,3400,-57,57,972,9.4,15,0.50,1278784.000000,0,2.1,0.0,0.0,36192.000000,0,0.0,0.0,0.0,1.0
267924,0,1,3400,-57,57,972,8.6,14,0.50,1217920.000000,0,2.1,0.0,0.0,0.0,0.0,0.0,0.0,0.0,1.0
268173,0,1,3400,-57,57,974,8.9,14,0.50,1243123.500000,0,2.1,0.0,0.0,0.0,0.0,0.0,0.0,0.0,1.0
268422,0,1,3400,-57,57,977,11,14,0.50,1507084.375000,0,2.1,0.0,0.0,0.0,0.0,0.0,0.0,0.0,1.0
268671,0,1,3400,-57,57,967,11,14,0.50,1482240.000000,0,2.1,0.48,55,0.0,50,0.0,0.0,0.0,1.0
268920,0,1,3400,-57,57,963,8.0,15,0.50,1117760.000000,0,2.1,7.5,55,0.0,100.000000,0.0,0.0,0.0,1.0
269169,0,1,3400,-57,57,965,8.8,14,0.84,1453440.000000,1,2.1,12,0.0,17056.000000,50,0.0,0.0,0.0,1.0
269418,0,1,3400,-57,57,969,9.3,14,0.50,1304352.000000,0,2.1,15,0.0,0.0,0.0,0.0,0.0,0.0,1.0
269667,0,1,3400,-57,57,974,19,14,2.4,561472.000000,55,2.1,15,0.0,0.0,0.0,0.0,0.0,0.0,1.0
269916,0,1,3400,-57,57,975,17,14,1.9,773440.000000,41,2.1,11,0.0,51648.000000,32,0.0,0.0,0.0,1.0
270165,0,1,3400,-57,57,974,10,15,0.50,1412192.000000,0,2.1,0.0,0.0,16608.000000,25,0.0,0.0,0.0,1.0
270414,0,1,3400,-57,57,964,6.9,14,0.50,1032064.000000,0,2.1,0.0,0.0,0.0,0.0,0.0,0.0,0.0,1.0
270663,0,1,3400,-57,57,963,8.0,15,0.85,1323808.000000,2,2.1,0.0,0.0,0.0,0.0,0.0,0.0,0.0,1.0
270912,0,1,3400,-57,57,967,13,14,0.86,2061504.000000,0.8,2.1,2.6,0.0,124928.000000,42,0.0,0.0,0.0,1.0
271161,0,1,3400,-57,57,968,8.5,14,0.50,1199264.000000,0,2.1,8.0,0.0,0.0,0.0,0.0,0.0,0.0,1.0
271410,0,1,3400,-57,57,968,10,14,0.54,1491424.000000,0,2.1,8.0,0.0,0.0,0.0,0.0,0.0,0.0,1.0
271659,0,1,3400,-57,57,961,13,14,0.82,2122176.000000,0,2.1,8.0,415,0.0,50,0.0,0.0,0.0,1.0
271908,0,1,3400,-57,57,963,11,14,0.50,1494720.000000,0,2.1,8.0,415,0.0,100.000000,0.0,0.0,0.0,1.0
272157,0,1,3400,-57,57,968,12,14,1.1,2164928.000000,1,2.1,2.9,0.0,20096.000000,46,0.0,0.0,0.0,1.0
272406,0,1,3400,-57,57,970,10,14,0.54,1516992.000000,0,2.1,0.0,0.0,0.0,0.0,0.0,0.0,0.0,1.0
272655,0,1,3400,-57,57,969,16,14,0.65,2525376.000000,0,2.1,1.1,0.0,137568.000000,57,0.0,0.0,0.0,1.0
272904,0,1,3400,-57,57,966,14,14,1.1,2423712.000000,2,2.1,8.0,0.0,0.0,0.0,0.0,0.0,0.0,1.0
273153,0,1,3400,-57,57,966,9.1,14,0.60,1384992.000000,0,2.1,8.0,0.0,0.0,0.0,0.0,0.0,0.0,1.0
273402,0,1,3400,-57,57,966,9.4,15,0.50,1341216.000000,0,2.1,8.0,0.0,0.0,0.0,0.0,0.0,0.0,1.0
273651,0,1,3400,-57,57,966,10,14,0.50,1387264.000000,0,2.1,8.3,55,0.0,50,0.0,0.0,0.0,1.0
273900,0,1,3400,-57,57,968,7.9,15,0.50,1110432.000000,0,2.1,13,55,0.0,100.000000,0.0,0.0,0.0,1.0
274149,0,1,3400,-57,57,969,11,14,0.50,1569728.000000,0,2.1,5.0,0.0,7680.000000,0,0.0,0.0,0.0,1.0
274398,0,1,3400,-57,57,967,8.4,14,0.50,1138944.000000,0,2.1,0.0,0.0,0.0,0.0,0.0,0.0,0.0,1.0
274647,0,1,3400,-57,57,966,9.1,14,0.50,1236160.000000,0,2.1,0.0,0.0,5536.000000,0,0.0,0.0,0.0,1.0
274896,0,1,3400,-57,57,969,10.0,14,0.50,1358656.000000,0,2.1,0.0,0.0,32704.000000,0,0.0,0.0,0.0,1.0
275145,0,1,3400,-57,57,971,11,14,0.50,1501184.000000,0,2.1,0.0,0.0,0.0,0.0,0.0,0.0,0.0,1.0
275394,0,1,3400,-57,57,975,10.0,14,0.50,1352672.000000,0,2.1,0.0,0.0,0.0,0.0,0.0,0.0,0.0,1.0
275643,0,1,3400,-57,57,972,12,15,0.50,1690048.000000,0,2.1,0.0,581,0.0,0.0,0.0,0.0,0.0,1.0
275892,0,1,3400,-57,57,972,9.6,14,0.50,1342176.000000,0,2.1,0.95,0.0,25376.000000,27,0.0,0.0,0.0,1.0
276141,0,1,3400,-57,57,966,11,14,0.50,1614112.000000,0,2.1,0.0,0.0,0.0,0.0,0.0,0.0,0.0,1.0
276390,0,1,3400,-57,57,964,11,14,0.50,1433760.000000,0,2.1,0.0,0.0,0.0,0.0,0.0,0.0,0.0,1.0
276639,0,1,3400,-57,57,965,9.5,14,0.50,1360800.000000,0,2.1,0.0,0.0,14048.000000,42,0.0,0.0,0.0,1.0
276888,0,1,3400,-57,57,971,6.6,14,0.50,984637.437500,0,2.1,0.0,0.0,14247.011719,73,0.0,0.0,0.0,1.0
277137,0,1,3400,-57,57,971,11,15,0.50,1504064.250000,0,2.1,0.0,0.0,0.0,0.0,0.0,0.0,0.0,1.0
277386,0,1,3400,-57,57,964,11,14,0.50,1451904.000000,0,2.1,0.0,0.0,0.0,0.0,0.0,0.0,0.0,1.0
277635,0,1,3400,-57,57,963,9.8,14,0.50,1400416.000000,0,2.1,0.0,0.0,34688.000000,30,0.0,0.0,0.0,1.0
277884,0,1,3400,-57,57,966,12,15,0.50,1629760.000000,0,2.1,0.0,0.0,5536.000000,67,0.0,0.0,0.0,1.0
278133,0,1,3400,-57,57,970,9.4,15,0.50,1308064.000000,0,2.1,0.0,0.0,0.0,0.0,0.0,0.0,0.0,1.0
278382,0,1,3400,-57,57,970,9.9,15,0.50,1332192.000000,0,2.1,0.0,0.0,0.0,0.0,0.0,0.0,0.0,1.0
278631,0,1,3400,-57,57,969,8.7,15,0.50,1189216.000000,0,2.1,1.0,0.0,25376.000000,27,0.0,0.0,0.0,1.0
278880,0,1,3400,-57,57,968,9.1,14,0.50,1234358.625000,0,2.1,0.0,0.0,0.0,0.0,0.0,0.0,0.0,1.0
279129,0,1,3400,-57,57,967,6.5,15,0.50,944546.187500,0,2.1,0.0,0.0,0.0,0.0,0.0,0.0,0.0,1.0
279378,0,1,3400,-57,57,966,9.2,14,0.50,1236928.000000,0,2.1,0.0,0.0,0.0,0.0,0.0,0.0,0.0,1.0
279627,0,1,3400,-57,57,968,11,15,0.50,1523840.000000,0,2.1,0.24,0.0,5536.000000,0,0.0,0.0,0.0,1.0
279876,0,1,3400,-57,57,973,11,14,0.50,1593056.000000,0,2.1,0.78,0.0,8512.000000,67,0.0,0.0,0.0,1.0
280125,0,1,3400,-57,57,971,6.6,15,0.50,936608.000000,0,2.1,0.0,0.0,0.0,0.0,0.0,0.0,0.0,1.0
280374,0,1,3400,-57,57,968,6.2,14,0.50,889024.000000,0,2.1,0.0,0.0,0.0,0.0,0.0,0.0,0.0,1.0
280623,0,1,3400,-57,57,968,12,14,0.53,1673184.000000,0,2.1,1.0,0.0,15456.000000,40,0.0,0.0,0.0,1.0
280872,0,1,3400,-57,57,969,11,14,0.50,1464384.000000,0,2.1,0.0,0.0,4384.000000,75,0.0,0.0,0.0,1.0
281121,0,1,3400,-57,57,969,13,14,0.82,2084320.000000,0.8,2.1,0.0,0.0,0.0,0.0,0.0,0.0,0.0,1.0
281370,0,1,3400,-57,57,975,9.4,14,0.52,1317344.000000,0,2.1,0.0,0.0,0.0,0.0,0.0,0.0,0.0,1.0
281619,0,1,3400,-57,57,972,6.3,14,0.50,910272.000000,0,2.1,0.0,415,0.0,80,0.0,0.0,0.0,1.0
281868,0,1,3400,-57,57,970,8.3,14,0.50,1183200.000000,0,2.1,0.0,415,0.0,0.0,0.0,0.0,0.0,1.0
282117,0,1,3400,-57,57,969,12,15,0.50,1649568.000000,0,2.1,0.0,0.0,30656.000000,31,0.0,0.0,0.0,1.0
282366,0,1,3400,-57,57,974,7.8,14,0.50,1096544.000000,0,2.1,0.0,0.0,0.0,0.0,0.0,0.0,0.0,1.0
282615,0,1,3400,-57,57,971,9.5,15,0.50,1300576.000000,0,2.1,0.0,581,0.0,0.0,0.0,0.0,0.0,1.0
282864,0,1,3400,-57,57,967,14,14,1.6,791968.000000,32,2.1,0.0,0.0,46112.000000,45,0.0,0.0,0.0,1.0
283113,0,1,3400,-57,57,967,11,14,0.50,1563936.000000,0,2.1,0.0,0.0,0.0,0.0,0.0,0.0,0.0,1.0
283362,0,1,3400,-57,57,974,11,14,0.50,1490240.000000,0,2.1,0.0,0.0,0.0,0.0,0.0,0.0,0.0,1.0
283611,0,1,3400,-57,57,967,9.5,14,0.50,1290624.000000,0,2.1,0.22,0.0,5536.000000,0,0.0,0.0,0.0,1.0
283860,0,1,3400,-57,57,963,9.2,14,0.50,1252640.000000,0,2.1,0.73,0.0,23072.000000,31,0.0,0.0,0.0,1.0
284109,0,1,3400,-57,57,966,21,14,2.0,2058656.000000,32,2.1,0.0,0.0,0.0,0.0,0.0,0.0,0.0,1.0
284358,0,1,3400,-57,57,968,4.4,14,0.51,713184.000000,0,2.1,0.0,0.0,0.0,0.0,0.0,0.0,0.0,1.0
284607,0,1,3400,-57,57,971,10,14,0.81,1679488.000000,0.8,2.1,0.48,55,0.0,50,0.0,0.0,0.0,1.0
284856,0,1,3400,-57,57,966,8.0,14,0.53,1097088.000000,0.8,2.1,7.5,55,0.0,100.000000,0.0,0.0,0.0,1.0
285105,0,1,3400,-57,57,967,11,14,0.50,1556000.000000,0,2.1,12,0.0,17056.000000,33,0.0,0.0,0.0,1.0
285354,0,1,3400,-57,57,965,7.7,14,0.50,1072640.000000,0,2.1,15,0.0,0.0,0.0,0.0,0.0,0.0,1.0
285603,0,1,3400,-57,57,970,10,15,0.50,1422176.000000,0,2.1,14,415,5536.000000,33,0.0,0.0,0.0,1.0
285852,0,1,3400,-57,57,971,10,14,0.50,1451840.000000,0,2.1,6.8,0.0,13120.000000,71,0.0,0.0,0.0,1.0
286101,0,1,3400,-57,57,973,10,14,0.53,1480896.000000,0,2.1,7.0,0.0,0.0,0.0,0.0,0.0,0.0,1.0
286350,0,1,3400,-57,57,970,7.8,15,0.50,1082464.000000,0,2.1,7.0,0.0,0.0,0.0,0.0,0.0,0.0,1.0
286599,0,1,3400,-57,57,973,11,14,0.50,1569216.000000,0,2.1,6.7,0.0,23968.000000,27,0.0,0.0,0.0,1.0
286848,0,1,3400,-57,57,970,11,14,0.50,1505344.000000,0,2.1,0.0,0.0,0.0,0.0,0.0,0.0,0.0,1.0
287097,0,1,3400,-57,57,968,9.9,15,0.51,1353408.000000,0.4,2.1,0.0,0.0,0.0,0.0,0.0,0.0,0.0,1.0
287346,0,1,3400,-57,57,965,10,14,0.50,1401056.000000,0,2.1,0.0,0.0,0.0,0.0,0.0,0.0,0.0,1.0
287595,0,1,3400,-57,57,968,8.2,14,0.50,1131424.000000,0,2.1,0.18,0.0,4384.000000,0,0.0,0.0,0.0,1.0
287844,0,1,3400,-57,57,969,11,14,0.50,1485472.000000,0,2.1,0.84,0.0,14048.000000,53,0.0,0.0,0.0,1.0
288093,0,1,3400,-57,57,970,9.8,14,0.52,1329824.000000,0.4,2.1,0.0,0.0,0.0,0.0,0.0,0.0,0.0,1.0
288342,0,1,3400,-57,57,969,9.5,14,0.50,1292288.000000,0,2.1,0.0,0.0,0.0,0.0,0.0,0.0,0.0,1.0
288591,0,1,3400,-57,57,970,9.9,14,0.50,1355840.000000,0,2.1,0.24,0.0,3488.000000,0,0.0,0.0,0.0,1.0
288840,0,1,3400,-57,57,967,9.3,15,0.50,1279296.000000,0,2.1,0.78,0.0,23072.000000,36,0.0,0.0,0.0,1.0
289089,0,1,3400,-57,57,969,11,14,0.50,1515200.000000,0,2.1,0.0,0.0,0.0,0.0,0.0,0.0,0.0,1.0
289338,0,1,3400,-57,57,971,11,14,0.50,1478496.000000,0,2.1,7.2,0.0,0.0,80,0.0,0.0,0.0,1.0
289587,0,1,3400,-57,57,972,11,14,0.50,1584128.000000,0,2.1,8.0,415,0.0,80,0.0,0.0,0.0,1.0
289836,0,1,3400,-57,57,972,9.5,14,0.50,1324896.000000,0,2.1,8.0,415,0.0,0.0,0.0,0.0,0.0,1.0
290085,0,1,3400,-57,57,967,9.0,14,0.54,1362656.000000,0,2.1,2.2,0.0,14560.000000,42,0.0,0.0,0.0,1.0
290334,0,1,3400,-57,57,971,9.2,14,0.50,1257888.000000,0,2.1,0.0,0.0,0.0,0.0,0.0,0.0,0.0,1.0
290583,0,1,3400,-57,57,973,11,14,0.50,1450720.000000,0,2.1,0.0,415,0.0,80,0.0,0.0,0.0,1.0
290832,0,1,3400,-57,57,972,7.9,14,0.50,1097888.000000,0,2.1,0.0,415,0.0,0.0,0.0,0.0,0.0,1.0
291081,0,1,3400,-57,57,970,6.0,14,0.50,898368.000000,0,2.1,0.0,0.0,29024.000000,19,0.0,0.0,0.0,1.0
291330,0,1,3400,-57,57,972,6.7,14,0.50,931424.000000,0,2.1,0.0,0.0,0.0,0.0,0.0,0.0,0.0,1.0
291579,0,1,3400,-57,57,972,10,14,0.50,1359616.000000,0,2.1,0.0,415,0.0,50,0.0,0.0,0.0,1.0
291828,0,1,3400,-57,57,973,11,14,0.50,1510656.000000,0,2.1,0.0,415,0.0,100.000000,0.0,0.0,0.0,1.0
292077,0,1,3400,-57,57,967,11,14,0.50,1484064.000000,0,2.1,0.95,0.0,22944.000000,29,0.0,0.0,0.0,1.0
292326,0,1,3400,-57,57,970,10,14,0.52,1465088.000000,0,2.1,0.0,0.0,0.0,0.0,0.0,0.0,0.0,1.0
292575,0,1,3400,-57,57,973,8.1,14,0.50,1117248.000000,0,2.1,0.0,0.0,5536.000000,17,0.0,0.0,0.0,1.0
292824,0,1,3400,-57,57,968,9.4,15,0.50,1348352.000000,0,2.1,0.94,0.0,19648.000000,57,0.0,0.0,0.0,1.0
293073,0,1,3400,-57,57,967,12,14,0.54,1652384.000000,0,2.1,0.0,0.0,0.0,0.0,0.0,0.0,0.0,1.0
293322,0,1,3400,-57,57,970,16,14,1.2,2759328.000000,1,2.1,0.0,0.0,0.0,0.0,0.0,0.0,0.0,1.0
293571,0,1,3400,-57,57,971,12,14,0.50,1632512.000000,0,2.1,0.24,0.0,3488.000000,0,0.0,0.0,0.0,1.0
293820,0,1,3400,-57,57,973,11,14,0.50,1478784.000000,0,2.1,0.78,0.0,14304.000000,53,0.0,0.0,0.0,1.0
294069,0,1,3400,-57,57,973,10,14,0.50,1456000.000000,0,2.1,0.0,0.0,0.0,0.0,0.0,0.0,0.0,1.0
294318,0,1,3400,-57,57,973,11,14,0.55,1441344.000000,0.8,2.1,0.0,0.0,0.0,0.0,0.0,0.0,0.0,1.0
294567,0,1,3400,-57,57,966,9.9,14,0.51,1398912.000000,0,2.1,0.0,415,0.0,80,0.0,0.0,0.0,1.0
294816,0,1,3400,-57,57,967,10,14,0.50,1411808.000000,0,2.1,0.0,415,0.0,0.0,0.0,0.0,0.0,1.0
295065,0,1,3400,-57,57,970,9.9,14,0.50,1432800.000000,0,2.1,0.0,249,0.0,80,0.0,0.0,0.0,1.0
295314,0,1,3400,-57,57,969,14,14,1.0,1272992.000000,16,2.1,0.0,0.0,35552.000000,58,0.0,0.0,0.0,1.0
295563,0,1,3400,-57,57,966,11,14,0.52,1632192.000000,0,2.1,0.0,0.0,26720.000000,19,0.0,0.0,0.0,1.0
295812,0,1,3400,-57,57,974,4.6,15,0.50,727296.000000,0,2.1,0.0,0.0,0.0,0.0,0.0,0.0,0.0,1.0
296061,0,1,3400,-57,57,971,11,14,0.50,1497888.000000,0,2.1,0.0,0.0,0.0,0.0,0.0,0.0,0.0,1.0
296310,0,1,3400,-57,57,966,11,14,0.50,1495488.000000,0,2.1,0.0,0.0,0.0,0.0,0.0,0.0,0.0,1.0
296559,0,1,3400,-57,57,971,9.7,15,0.50,1348672.000000,0,2.1,0.0,0.0,24608.000000,40,0.0,0.0,0.0,1.0
296808,0,1,3400,-57,57,973,8.6,14,0.50,1198720.000000,0,2.1,0.0,0.0,8448.000000,0,0.0,0.0,0.0,1.0
297057,0,1,3400,-57,57,976,11,14,0.50,1500960.000000,0,2.1,0.0,0.0,0.0,0.0,0.0,0.0,0.0,1.0
297306,0,1,3400,-57,57,975,11,15,0.50,1500768.000000,0,2.1,0.0,0.0,0.0,0.0,0.0,0.0,0.0,1.0
297555,0,1,3400,-57,57,966,11,15,0.50,1459072.000000,0,2.1,0.54,55,0.0,67,0.0,0.0,0.0,1.0
297804,0,1,3400,-57,57,968,9.7,14,0.50,1321536.000000,0,2.1,7.5,55,0.0,100.000000,0.0,0.0,0.0,1.0
298053,0,1,3400,-57,57,971,11,14,0.50,1504800.000000,0,2.1,2.8,0.0,7680.000000,0,0.0,0.0,0.0,1.0
298302,0,1,3400,-57,57,974,5.1,14,0.50,776768.000000,0,2.1,0.0,0.0,0.0,0.0,0.0,0.0,0.0,1.0
298551,0,1,3400,-57,57,971,11,14,0.50,1509952.000000,0,2.1,0.22,0.0,5536.000000,0,0.0,0.0,0.0,1.0
298800,0,1,3400,-57,57,965,8.4,14,0.50,1139936.000000,0,2.1,0.73,0.0,14304.000000,59,0.0,0.0,0.0,1.0
299049,0,1,3400,-57,57,969,12,15,0.53,1769248.000000,0,2.1,0.0,0.0,0.0,0.0,0.0,0.0,0.0,1.0
299298,0,1,3400,-57,57,966,11,15,0.50,1439552.000000,0,2.1,0.0,0.0,0.0,0.0,0.0,0.0,0.0,1.0
299547,0,1,3400,-57,57,966,8.7,14,0.50,1194336.000000,0,2.1,0.0,0.0,5536.000000,0,0.0,0.0,0.0,1.0
299796,0,1,3400,-57,57,966,6.9,14,0.50,992928.000000,0,2.1,7.0,0.0,39936.000000,0,0.0,0.0,0.0,1.0
300045,0,1,3400,-57,57,971,8.5,15,0.53,1251392.000000,0.4,2.1,7.0,0.0,0.0,0.0,0.0,0.0,0.0,1.0
300294,0,1,3400,-57,57,968,14,14,0.92,2089824.000000,2,2.1,7.0,0.0,0.0,0.0,0.0,0.0,0.0,1.0
300543,0,1,3400,-57,57,964,8.9,14,0.50,1277920.000000,0,2.1,6.8,0.0,5536.000000,0,0.0,0.0,0.0,1.0
300792,0,1,3400,-57,57,967,10,14,0.50,1393344.000000,0,2.1,0.0,0.0,36448.000000,45,0.0,0.0,0.0,1.0
301041,0,1,3400,-57,57,966,10,14,0.50,1451968.000000,0,2.1,0.0,0.0,0.0,0.0,0.0,0.0,0.0,1.0
301290,0,1,3400,-57,57,967,9.8,14,0.52,1351136.000000,0,2.1,0.0,0.0,0.0,0.0,0.0,0.0,0.0,1.0
301539,0,1,3400,-57,57,970,14,14,1.3,1025888.000000,23,2.1,0.0,415,0.0,80,0.0,0.0,0.0,1.0
301788,0,1,3400,-57,57,965,18,14,2.0,894880.000000,41,2.1,0.0,415,0.0,0.0,0.0,0.0,0.0,1.0
302037,0,1,3400,-57,57,967,12,14,0.53,1757216.000000,0,2.1,0.0,249,0.0,80,0.0,0.0,0.0,1.0
302286,0,1,3400,-57,57,971,9.8,15,0.50,1331456.000000,0,2.1,0.0,0.0,44576.000000,40,0.0,0.0,0.0,1.0
302535,0,1,3400,-57,57,967,5.4,14,0.50,806208.000000,0,2.1,1.1,0.0,49120.000000,25,0.0,0.0,0.0,1.0
302784,0,1,3400,-57,57,969,11,14,0.55,1559392.000000,0,2.1,7.5,0.0,0.0,0.0,0.0,0.0,0.0,1.0
303033,0,1,3400,-57,57,972,8.2,14,0.54,1189632.000000,0.4,2.1,7.5,0.0,0.0,0.0,0.0,0.0,0.0,1.0
303282,0,1,3400,-57,57,972,6.3,15,0.50,920640.000000,0,2.1,7.4,0.0,0.0,0.0,0.0,0.0,0.0,1.0
303531,0,1,3400,-57,57,971,8.8,14,0.50,1242624.000000,0,2.1,7.5,415,0.0,67,0.0,0.0,0.0,1.0
303780,0,1,3400,-57,57,968,11,14,0.50,1445088.000000,0,2.1,7.5,415,0.0,100.000000,0.0,0.0,0.0,1.0
304029,0,1,3400,-57,57,972,8.6,15,0.50,1278784.000000,0,2.1,10,0.0,23072.000000,44,0.0,0.0,0.0,1.0
304278,0,1,3400,-57,57,974,8.9,14,0.50,1241472.000000,0,2.1,15,0.0,0.0,0.0,0.0,0.0,0.0,1.0
304527,0,1,3400,-57,57,969,9.1,15,0.50,1278368.000000,0,2.1,15,581,0.0,0.0,0.0,0.0,0.0,1.0
304776,0,1,3400,-57,57,971,11,14,0.50,1579584.000000,0,2.1,21,55,0.0,80,0.0,0.0,0.0,1.0
305025,0,1,3400,-57,57,975,11,14,0.50,1548064.000000,0,2.1,20,0.0,0.0,80,0.0,0.0,0.0,1.0
305274,0,1,3400,-57,57,968,7.5,14,0.50,1062208.000000,0,2.1,15,0.0,0.0,0.0,0.0,0.0,0.0,1.0
305523,0,1,3400,-57,57,963,8.9,14,0.50,1257472.000000,0,2.1,13,415,0.0,80,0.0,0.0,0.0,1.0
305772,0,1,3400,-57,57,958,11,14,0.50,1465536.000000,0,2.1,7.5,415,0.0,0.0,0.0,0.0,0.0,1.0
306021,0,1,3400,-57,57,965,11,14,0.50,1450528.000000,0,2.1,1.6,0.0,28864.000000,20,0.0,0.0,0.0,1.0
306270,0,1,3400,-57,57,966,9.4,15,0.50,1283392.000000,0,2.1,0.0,0.0,0.0,0.0,0.0,0.0,0.0,1.0
306519,0,1,3400,-57,57,970,11,14,0.53,1648736.000000,0,2.1,1.0,0.0,6464.000000,47,0.0,0.0,0.0,1.0
306768,0,1,3400,-57,57,968,9.1,14,0.50,1267392.000000,0,2.1,0.0,0.0,11072.000000,60,0.0,0.0,0.0,1.0
307017,0,1,3400,-57,57,970,9.8,15,0.50,1320288.000000,0,2.1,0.0,0.0,0.0,0.0,0.0,0.0,0.0,1.0
307266,0,1,3400,-57,57,965,11,14,0.50,1482048.000000,0,2.1,0.0,0.0,0.0,0.0,0.0,0.0,0.0,1.0
307515,0,1,3400,-57,57,963,10,14,0.50,1445920.000000,0,2.1,1.8,0.0,26176.000000,40,0.0,0.0,0.0,1.0
307764,0,1,3400,-57,57,967,8.6,14,0.50,1184800.000000,0,2.1,14,0.0,20640.000000,0,0.0,0.0,0.0,1.0
308013,0,1,3400,-57,57,970,9.2,15,0.53,1362688.000000,0,2.1,14,0.0,0.0,0.0,0.0,0.0,0.0,1.0
308262,0,1,3400,-57,57,971,11,14,0.50,1472384.000000,0,2.1,14,0.0,0.0,0.0,0.0,0.0,0.0,1.0
308511,0,1,3400,-57,57,969,10,14,0.50,1366272.000000,0,2.1,14,581,0.0,0.0,0.0,0.0,0.0,1.0
308760,0,1,3400,-57,57,969,11,14,0.50,1445312.000000,0,2.1,15,55,0.0,80,0.0,0.0,0.0,1.0
309009,0,1,3400,-57,57,970,11,14,0.50,1539936.000000,0,2.1,9.7,0.0,11968.000000,47,0.0,0.0,0.0,1.0
309258,0,1,3400,-57,57,971,9.9,15,0.50,1368960.000000,0,2.1,0.0,0.0,0.0,0.0,0.0,0.0,0.0,1.0
309508,0,1,3400,-57,57,972,12,14,0.98,2028032.000000,0.8,2.1,0.0,415,5536.000000,33,0.0,0.0,0.0,1.0
309757,0,1,3400,-57,57,967,11,14,0.66,1687776.000000,0,2.1,0.28,0.0,67840.000000,30,0.0,0.0,0.0,1.0
310006,0,1,3400,-57,57,968,9.8,14,0.50,1431552.000000,0,2.1,0.0,0.0,0.0,0.0,0.0,0.0,0.0,1.0
310255,0,1,3400,-57,57,967,9.6,14,0.50,1345568.000000,0,2.1,0.0,0.0,0.0,0.0,0.0,0.0,0.0,1.0
310504,0,1,3400,-57,57,970,10,14,0.50,1393083.625000,0,2.1,0.0,581,0.0,0.0,0.0,0.0,0.0,1.0
310753,0,1,3400,-57,57,972,7.3,14,0.50,1032288.000000,0,2.1,9.1,0.0,26144.000000,55,0.0,0.0,0.0,1.0
311002,0,1,3400,-57,57,973,11,15,0.50,1543104.000000,0,2.1,12,0.0,0.0,0.0,0.0,0.0,0.0,1.0
311251,0,1,3400,-57,57,971,11,14,0.55,1634720.000000,0,2.1,12,0.0,0.0,0.0,0.0,0.0,0.0,1.0
311500,0,1,3400,-57,57,968,11,14,0.53,1524768.000000,0,2.1,12,55,0.0,50,0.0,0.0,0.0,1.0
311749,0,1,3400,-57,57,967,11,14,0.50,1428224.000000,0,2.1,12,55,0.0,100.000000,0.0,0.0,0.0,1.0
311998,0,1,3400,-57,57,971,9.4,14,0.52,1362464.000000,0,2.1,5.4,0.0,9824.000000,33,0.0,0.0,0.0,1.0
312247,0,1,3400,-57,57,972,12,14,0.50,1634752.000000,0,2.1,0.0,0.0,0.0,0.0,0.0,0.0,0.0,1.0
312496,0,1,3400,-57,57,969,11,15,0.52,1553056.000000,0,2.1,0.0,581,0.0,0.0,0.0,0.0,0.0,1.0
312745,0,1,3400,-57,57,968,12,14,0.87,1828288.000000,3,2.1,5.6,55,0.0,80,0.0,0.0,0.0,1.0
312994,0,1,3400,-57,57,962,10,15,0.50,1376576.000000,0,2.1,6.4,0.0,7680.000000,20,0.0,0.0,0.0,1.0
313243,0,1,3400,-57,57,958,8.7,14,0.50,1177824.000000,0,2.1,0.0,0.0,0.0,0.0,0.0,0.0,0.0,1.0
313492,0,1,3400,-57,57,962,9.8,14,0.50,1313944.250000,0,2.1,0.0,581,0.0,0.0,0.0,0.0,0.0,1.0
313741,0,1,3400,-57,57,967,11,15,0.50,1490016.000000,0,2.1,5.2,0.0,113856.000000,49,0.0,0.0,0.0,1.0
313990,0,1,3400,-57,57,967,11,14,0.50,1612416.000000,0,2.1,8.0,0.0,0.0,0.0,0.0,0.0,0.0,1.0
314239,0,1,3400,-57,57,967,11,14,0.50,1456192.000000,0,2.1,8.0,0.0,0.0,0.0,0.0,0.0,0.0,1.0
314488,0,1,3400,-57,57,971,8.0,14,0.50,1111168.000000,0,2.1,8.0,415,0.0,50,0.0,0.0,0.0,1.0
314737,0,1,3400,-57,57,973,11,14,0.52,1451104.000000,0.4,2.1,8.0,415,0.0,100.000000,0.0,0.0,0.0,1.0
314986,0,1,3400,-57,57,971,12,15,0.59,1756064.000000,0,2.1,2.9,0.0,41088.000000,52,0.0,0.0,0.0,1.0
315235,0,1,3400,-57,57,970,12,14,0.54,1771520.000000,0,2.1,0.0,0.0,0.0,0.0,0.0,0.0,0.0,1.0
315484,0,1,3400,-57,57,967,9.0,14,0.50,1275776.000000,0,2.1,0.0,415,0.0,80,0.0,0.0,0.0,1.0
315733,0,1,3400,-57,57,964,12,15,0.50,1622112.000000,0,2.1,0.0,415,0.0,0.0,0.0,0.0,0.0,1.0
315982,0,1,3400,-57,57,967,8.8,14,0.50,1220960.000000,0,2.1,0.0,249,0.0,80,0.0,0.0,0.0,1.0
316231,0,1,3400,-57,57,968,14,15,0.83,2251104.000000,0.4,2.1,0.88,0.0,5536.000000,44,0.0,0.0,0.0,1.0
316480,0,1,3400,-57,57,970,8.3,15,0.50,1187712.000000,0,2.1,0.22,0.0,17920.000000,14,0.0,0.0,0.0,1.0
316729,0,1,3400,-57,57,967,12,14,0.65,2015584.000000,0,2.1,16,0.0,198432.000000,59,0.0,0.0,0.0,1.0
316978,0,1,3400,-57,57,966,9.5,14,0.50,1310272.000000,0,2.1,16,0.0,0.0,0.0,0.0,0.0,0.0,1.0
317227,0,1,3400,-57,57,963,13,15,0.86,1875968.000000,2,2.1,16,0.0,0.0,0.0,0.0,0.0,0.0,1.0
317476,0,1,3400,-57,57,963,11,15,0.50,1526656.000000,0,2.1,15,415,0.0,50,0.0,0.0,0.0,1.0
317725,0,1,3400,-57,57,966,9.4,15,0.50,1337280.000000,0,2.1,0.064,0.0,14048.000000,53,0.0,0.0,0.0,1.0
317974,0,1,3400,-57,57,966,11,15,0.80,1830144.000000,0,2.1,0.0,0.0,0.0,0.0,0.0,0.0,0.0,1.0
318223,0,1,3400,-57,57,967,7.1,14,0.53,989920.000000,0,2.1,0.0,0.0,0.0,0.0,0.0,0.0,0.0,1.0
318472,0,1,3400,-57,57,968,12,15,0.65,1873824.000000,0,2.1,3.3,0.0,126208.000000,61,0.0,0.0,0.0,1.0
318721,0,1,3400,-57,57,968,10.0,14,0.61,1485120.000000,0.4,2.1,16,0.0,61056.000000,50,0.0,0.0,0.0,1.0
318970,0,1,3400,-57,57,968,8.8,14,0.50,1227488.000000,0,2.1,16,0.0,0.0,0.0,0.0,0.0,0.0,1.0
319219,0,1,3400,-57,57,961,7.0,14,0.50,1055392.000000,0,2.1,16,0.0,0.0,0.0,0.0,0.0,0.0,1.0
319468,0,1,3400,-57,57,961,8.4,15,0.50,1174432.000000,0,2.1,13,0.0,47168.000000,32,0.0,0.0,0.0,1.0
319717,0,1,3400,-57,57,963,13,15,0.58,1875904.000000,0,2.1,0.0,0.0,5536.000000,75,0.0,0.0,0.0,1.0
319966,0,1,3400,-57,57,967,10,15,0.50,1440704.000000,0,2.1,0.0,0.0,0.0,0.0,0.0,0.0,0.0,1.0
320215,0,1,3400,-57,57,969,8.0,14,0.50,1104352.000000,0,2.1,0.0,0.0,0.0,0.0,0.0,0.0,0.0,1.0
320464,0,1,3400,-57,57,971,11,15,0.51,1446560.000000,0.4,2.1,0.0,415,0.0,50,0.0,0.0,0.0,1.0
320713,0,1,3400,-57,57,970,11,14,0.50,1499456.000000,0,2.1,0.0,0.0,36064.000000,21,0.0,0.0,0.0,1.0
320962,0,1,3400,-57,57,972,10.0,15,0.85,1524032.000000,2,2.1,0.0,0.0,0.0,0.0,0.0,0.0,0.0,1.0
321211,0,1,3400,-57,57,967,13,15,1.1,2406656.000000,0,2.1,0.0,0.0,0.0,0.0,0.0,0.0,0.0,1.0
321460,0,1,3400,-57,57,970,11,15,0.50,1563680.000000,0,2.1,0.0,415,0.0,67,0.0,0.0,0.0,1.0
321709,0,1,3400,-57,57,974,7.9,15,0.50,1107296.000000,0,2.1,0.0,0.0,58336.000000,23,0.0,0.0,0.0,1.0
321958,0,1,3400,-57,57,969,9.0,15,0.50,1228608.000000,0,2.1,0.0,0.0,0.0,0.0,0.0,0.0,0.0,1.0
322207,0,1,3400,-57,57,962,14,14,0.82,2039488.000000,2,2.1,0.0,0.0,0.0,0.0,0.0,0.0,0.0,1.0
322456,0,1,3400,-57,57,965,8.9,14,0.50,1298656.000000,0,2.1,0.0,415,0.0,80,0.0,0.0,0.0,1.0
322705,0,1,3400,-57,57,967,11,14,0.50,1435328.000000,0,2.1,0.0,249,0.0,80,0.0,0.0,0.0,1.0
322954,0,1,3400,-57,57,969,11,14,0.50,1514432.000000,0,2.1,0.0,83,0.0,80,0.0,0.0,0.0,1.0
323203,0,1,3400,-57,57,969,12,14,0.56,1768192.000000,0,2.1,0.0,0.0,0.0,0,0.0,0.0,0.0,1.0
323452,0,1,3400,-57,57,969,11,15,0.50,1500704.000000,0,2.1,0.0,415,8768.000000,56,0.0,0.0,0.0,1.0
323701,0,1,3400,-57,57,963,11,15,0.50,1522816.000000,0,2.1,0.0,415,0.0,0.0,0.0,0.0,0.0,1.0
323950,0,1,3400,-57,57,966,9.8,15,0.50,1366496.000000,0,2.1,0.0,0.0,31072.000000,33,0.0,0.0,0.0,1.0
324199,0,1,3400,-57,57,971,9.5,15,0.50,1282240.000000,0,2.1,0.0,0.0,0.0,0.0,0.0,0.0,0.0,1.0
324448,0,1,3400,-57,57,972,5.7,14,0.50,864704.000000,0,2.1,0.0,581,0.0,0.0,0.0,0.0,0.0,1.0
324697,0,1,3400,-57,57,971,13,14,0.81,2051584.000000,0.4,2.1,6.2,0.0,30592.000000,57,0.0,0.0,0.0,1.0
324946,0,1,3400,-57,57,969,12,15,0.53,1697440.000000,0,2.1,7.5,0.0,0.0,0.0,0.0,0.0,0.0,1.0
325195,0,1,3400,-57,57,972,13,15,0.54,1841120.000000,0,2.1,7.5,0.0,0.0,0.0,0.0,0.0,0.0,1.0
325444,0,1,3400,-57,57,966,11,14,0.57,1438336.000000,2,2.1,7.2,0.0,82048.000000,47,0.0,0.0,0.0,1.0
325693,0,1,3400,-57,57,970,8.4,14,0.51,1162592.000000,0.4,2.1,0.38,0.0,66592.000000,64,0.0,0.0,0.0,1.0
325942,0,1,3400,-57,57,974,8.5,15,0.50,1191776.000000,0,2.1,0.0,0.0,0.0,0.0,0.0,0.0,0.0,1.0
326191,0,1,3400,-57,57,967,9.4,14,0.50,1329600.000000,0,2.1,0.0,0.0,0.0,0.0,0.0,0.0,0.0,1.0
326440,0,1,3400,-57,57,964,5.2,15,0.50,772064.000000,0,2.1,0.0,415,0.0,67,0.0,0.0,0.0,1.0
326689,0,1,3400,-57,57,965,6.4,14,0.50,903040.000000,0,2.1,0.0,0.0,46752.000000,16,0.0,0.0,0.0,1.0
326938,0,1,3400,-57,57,971,10,15,0.52,1555232.000000,0,2.1,0.0,0.0,0.0,0.0,0.0,0.0,0.0,1.0
327187,0,1,3400,-57,57,967,9.6,15,0.50,1321536.000000,0,2.1,0.0,0.0,0.0,0.0,0.0,0.0,0.0,1.0
327436,0,1,3400,-57,57,966,11,14,0.50,1511616.000000,0,2.1,0.0,415,0.0,50,0.0,0.0,0.0,1.0
327685,0,1,3400,-57,57,974,9.7,15,0.52,1429184.000000,0,2.1,0.0,415,0.0,100.000000,0.0,0.0,0.0,1.0
327934,0,1,3400,-57,57,971,8.5,15,0.50,1178752.000000,0,2.1,0.0,0.0,17152.000000,61,0.0,0.0,0.0,1.0
328183,0,1,3400,-57,57,967,10,14,0.50,1486080.000000,0,2.1,0.0,0.0,0.0,0.0,0.0,0.0,0.0,1.0
328432,0,1,3400,-57,57,968,11,14,0.50,1483616.000000,0,2.1,0.0,415,0.0,50,0.0,0.0,0.0,1.0
328681,0,1,3400,-57,57,969,11,14,0.50,1528672.000000,0,2.1,0.0,415,0.0,100.000000,0.0,0.0,0.0,1.0
328930,0,1,3400,-57,57,972,11,14,0.50,1484448.000000,0,2.1,0.0,249,0.0,80,0.0,0.0,0.0,1.0
329179,0,1,3400,-57,57,968,11,15,0.50,1520640.000000,0,2.1,0.0,83,0.0,0,0.0,0.0,0.0,1.0
329428,0,1,3400,-57,57,969,7.1,14,0.65,1236768.000000,0,2.1,0.0,581,46624.000000,44,0.0,0.0,0.0,1.0
329677,0,1,3400,-57,57,970,15,15,0.84,2494400.000000,0,2.1,5.7,0.0,67840.000000,39,0.0,0.0,0.0,1.0
329926,0,1,3400,-57,57,968,7.3,14,0.50,1058208.000000,0,2.1,7.0,0.0,0.0,0.0,0.0,0.0,0.0,1.0
330175,0,1,3400,-57,57,975,8.0,14,0.53,1094176.000000,0,2.1,7.0,0.0,0.0,0.0,0.0,0.0,0.0,1.0
330424,0,1,3400,-57,57,971,11,14,0.50,1483040.000000,0,2.1,7.0,581,0.0,0.0,0.0,0.0,0.0,1.0
330673,0,1,3400,-57,57,971,12,14,0.53,1666208.000000,0,2.1,1.7,0.0,47264.000000,47,0.0,0.0,0.0,1.0
330922,0,1,3400,-57,57,971,6.6,14,0.50,932320.000000,0,2.1,0.0,0.0,0.0,0.0,0.0,1.0,2.0,1.0
331171,0,1,3400,-57,57,970,6.1,14,0.50,923968.000000,0,2.1,0.0,0.0,0.0,0.0,0.0,0.0,0.0,1.0
331420,0,1,3400,-57,57,973,8.9,14,0.50,1219168.000000,0,2.1,0.24,0.0,3488.000000,0,0.0,0.0,0.0,1.0
331669,0,1,3400,-57,57,975,10,14,0.50,1352384.000000,0,2.1,0.78,0.0,23072.000000,31,0.0,0.0,0.0,1.0
331918,0,1,3400,-57,57,970,8.0,14,0.50,1120480.000000,0,2.1,0.0,0.0,0.0,0.0,0.0,0.0,0.0,1.0
332167,0,1,3400,-57,57,965,11,15,0.50,1429120.000000,0,2.1,0.0,0.0,0.0,0.0,0.0,0.0,0.0,1.0
332416,0,1,3400,-57,57,968,9.5,14,0.52,1288928.000000,0,2.1,0.0,581,0.0,0.0,0.0,0.0,0.0,1.0
332665,0,1,3400,-57,57,965,11,15,0.50,1499168.000000,0,2.1,0.0,0.0,22560.000000,50,0.0,0.0,0.0,1.0
332914,0,1,3400,-57,57,969,6.7,15,0.50,949056.000000,0,2.1,0.0,0.0,0.0,0.0,0.0,0.0,0.0,1.0
333163,0,1,3400,-57,57,973,8.9,14,0.50,1241088.000000,0,2.1,0.0,0.0,0.0,0.0,0.0,0.0,0.0,1.0
333412,0,1,3400,-57,57,972,13,14,0.58,1994464.000000,0,2.1,0.0,0.0,57184.000000,34,0.0,0.0,0.0,1.0
333661,0,1,3400,-57,57,968,12,14,0.52,1601888.000000,0,2.1,0.0,0.0,0.0,0.0,0.0,0.0,0.0,1.0
333910,0,1,3400,-57,57,971,11,14,0.50,1458176.000000,0,2.1,0.0,0.0,0.0,0.0,0.0,0.0,0.0,1.0
334159,0,1,3400,-57,57,977,7.8,15,0.50,1119904.000000,0,2.1,0.0,0.0,0.0,0.0,0.0,0.0,0.0,1.0
334408,0,1,3400,-57,57,970,11,14,0.50,1589664.000000,0,2.1,0.0,415,0.0,67,0.0,0.0,0.0,1.0
334657,0,1,3400,-57,57,966,12,15,0.50,1776576.000000,0,2.1,0.0,0.0,46816.000000,37,0.0,0.0,0.0,1.0
334906,0,1,3400,-57,57,968,11,14,0.50,1546720.000000,0,2.1,0.0,0.0,0.0,0.0,0.0,0.0,0.0,1.0
335155,0,1,3400,-57,57,970,9.3,15,0.50,1286048.000000,0,2.1,0.0,0.0,0.0,0.0,0.0,0.0,0.0,1.0
335404,0,1,3400,-57,57,975,7.2,15,0.50,1080672.000000,0,2.1,0.0,0.0,25120.000000,39,0.0,0.0,0.0,1.0
335653,0,1,3400,-57,57,971,11,15,0.50,1563584.000000,0,2.1,7.6,0.0,76512.000000,69,0.0,0.0,0.0,1.0
335902,0,1,3400,-57,57,965,11,14,0.50,1448384.000000,0,2.1,8.0,0.0,0.0,0.0,0.0,0.0,0.0,1.0
336151,0,1,3400,-57,57,969,8.1,14,0.50,1156320.000000,0,2.1,8.0,0.0,0.0,0.0,0.0,0.0,0.0,1.0
336400,0,1,3400,-57,57,970,12,14,0.50,1609664.000000,0,2.1,8.0,415,0.0,50,0.0,0.0,0.0,1.0
336649,0,1,3400,-57,57,972,11,14,0.50,1457728.000000,0,2.1,8.0,415,0.0,100.000000,0.0,0.0,0.0,1.0
336898,0,1,3400,-57,57,971,9.9,15,0.50,1328320.000000,0,2.1,2.9,0.0,31072.000000,37,0.0,0.0,0.0,1.0
337147,0,1,3400,-57,57,967,11,14,0.50,1498880.000000,0,2.1,0.0,0.0,0.0,0.0,0.0,0.0,0.0,1.0
337396,0,1,3400,-57,57,966,8.1,14,0.50,1153088.000000,0,2.1,0.0,0.0,25120.000000,31,0.0,0.0,0.0,1.0
337645,0,1,3400,-57,57,975,12,14,0.50,1797472.000000,0,2.1,0.0,0.0,0.0,0.0,0.0,0.0,0.0,1.0
337894,0,1,3400,-57,57,968,8.6,15,0.50,1185568.000000,0,2.1,0.0,0.0,0.0,0.0,0.0,0.0,0.0,1.0
338143,0,1,3400,-57,57,968,7.6,15,0.50,1075936.000000,0,2.1,0.0,0.0,0.0,0.0,0.0,0.0,0.0,1.0
338392,0,1,3400,-57,57,968,8.6,15,0.50,1238816.000000,0,2.1,2.5,0.0,20672.000000,40,0.0,0.0,0.0,1.0
338641,0,1,3400,-57,57,974,9.5,15,0.50,1289280.000000,0,2.1,0.0,0.0,14208.000000,56,0.0,0.0,0.0,1.0
338890,0,1,3400,-57,57,972,10.0,14,0.57,1329600.000000,2,2.1,0.0,0.0,0.0,0.0,0.0,0.0,0.0,1.0
339139,0,1,3400,-57,57,971,8.8,14,0.50,1268256.000000,0,2.1,0.0,0.0,0.0,0.0,0.0,0.0,0.0,1.0
339388,0,1,3400,-57,57,970,9.8,14,0.50,1378144.000000,0,2.1,0.24,0.0,5536.000000,0,0.0,0.0,0.0,1.0
339637,0,1,3400,-57,57,968,8.5,14,0.50,1163840.000000,0,2.1,0.78,0.0,19584.000000,33,0.0,0.0,0.0,1.0
339886,0,1,3400,-57,57,969,9.1,15,0.50,1273760.000000,0,2.1,0.0,0.0,0.0,0.0,0.0,0.0,0.0,1.0
340135,0,1,3400,-57,57,967,11,15,0.50,1476576.000000,0,2.1,0.0,0.0,0.0,0.0,0.0,0.0,0.0,1.0
340384,0,1,3400,-57,57,966,11,15,0.50,1462304.000000,0,2.1,0.0,0.0,14048.000000,53,0.0,0.0,0.0,1.0
340633,0,1,3400,-57,57,965,8.5,15,0.50,1200480.000000,0,2.1,0.0,0.0,0.0,0.0,0.0,0.0,0.0,1.0
340882,0,1,3400,-57,57,973,7.1,15,0.50,1026144.000000,0,2.1,0.0,0.0,0.0,0.0,0.0,0.0,0.0,1.0
341131,0,1,3400,-57,57,971,9.9,15,0.50,1359840.000000,0,2.1,0.0,0.0,0.0,0.0,0.0,0.0,0.0,1.0
341380,0,1,3400,-57,57,972,14,15,0.55,1985280.000000,0,2.1,0.48,55,0.0,50,0.0,0.0,0.0,1.0
341629,0,1,3400,-57,57,977,6.9,15,0.50,1023168.000000,0,2.1,7.5,55,0.0,100.000000,0.0,0.0,0.0,1.0
341878,0,1,3400,-57,57,971,18,14,1.3,2892512.000000,5,2.1,12,0.0,0.0,80,0.0,0.0,0.0,1.0
342127,0,1,3400,-57,57,968,14,14,0.81,2170048.000000,1,2.1,15,0.0,0.0,0.0,0.0,0.0,0.0,1.0
342376,0,1,3400,-57,57,972,10,14,0.50,1418208.000000,0,2.1,14,415,5536.000000,0,0.0,0.0,0.0,1.0
342625,0,1,3400,-57,57,971,7.6,14,0.50,1056832.000000,0,2.1,7.5,415,0.0,0.0,0.0,0.0,0.0,1.0
342874,0,1,3400,-57,57,969,8.3,14,0.50,1195360.000000,0,2.1,3.3,0.0,23072.000000,33,0.0,0.0,0.0,1.0
343123,0,1,3400,-57,57,969,11,14,0.50,1460096.000000,0,2.1,0.0,0.0,0.0,0.0,0.0,0.0,0.0,1.0
343372,0,1,3400,-57,57,973,8.4,15,0.50,1169984.000000,0,2.1,0.22,0.0,5536.000000,0,0.0,0.0,0.0,1.0
343621,0,1,3400,-57,57,970,11,15,0.84,1794496.000000,1,2.1,0.73,0.0,19840.000000,47,0.0,0.0,0.0,1.0
343870,0,1,3400,-57,57,966,9.8,15,0.81,1691264.000000,0,2.1,0.0,0.0,0.0,0.0,0.0,0.0,0.0,1.0
344119,0,1,3400,-57,57,971,9.6,15,0.50,1351968.000000,0,2.1,0.0,0.0,0.0,0.0,0.0,0.0,0.0,1.0
344368,0,1,3400,-57,57,975,10,15,0.50,1525824.000000,0,2.1,0.0,0.0,25120.000000,47,0.0,0.0,0.0,1.0
344617,0,1,3400,-57,57,971,9.6,15,0.50,1378560.000000,0,2.1,0.0,0.0,11488.000000,0,0.0,0.0,0.0,1.0
344866,0,1,3400,-57,57,965,12,15,0.53,1701184.000000,0,2.1,0.0,0.0,0.0,0.0,0.0,0.0,0.0,1.0
345115,0,1,3400,-57,57,969,9.4,15,0.50,1290464.000000,0,2.1,0.0,0.0,0.0,0.0,0.0,0.0,0.0,1.0
345364,0,1,3400,-57,57,970,9.9,15,0.50,1431424.000000,0,2.1,0.0,415,0.0,50,0.0,0.0,0.0,1.0
345613,0,1,3400,-58,58,964,13,14,0.71,2062016.000000,0.4,2.1,0.0,0.0,39680.000000,55,0.0,0.0,0.0,1.0
345862,0,1,3400,-57,57,976,12,15,0.90,2055840.000000,0.4,2.1,0.0,0.0,0.0,0.0,0.0,0.0,0.0,1.0
346111,0,1,3400,-57,57,976,6.5,14,0.55,1102432.000000,0,2.1,0.0,0.0,0.0,0.0,0.0,0.0,0.0,1.0
346360,0,1,3400,-57,57,973,9.9,14,0.83,1558688.000000,2,2.1,0.0,0.0,24352.000000,21,0.0,0.0,0.0,1.0
346609,0,1,3400,-57,57,969,9.8,14,0.50,1382432.000000,0,1.0,0.0,0.0,3488.000000,80,0.0,0.0,0.0,1.0
346858,0,1,3400,-57,57,968,8.5,15,0.53,1253824.000000,0,1.0,0.0,0.0,0.0,0.0,0.0,0.0,0.0,1.0
347107,0,1,3400,-57,57,970,9.8,14,0.50,1378176.000000,0,1.0,0.0,0.0,0.0,0.0,0.0,0.0,0.0,1.0
347356,0,1,3400,-57,57,968,9.7,14,0.50,1354464.000000,0,1.0,0.0,415,5536.000000,33,0.0,0.0,0.0,1.0
347605,0,1,3400,-57,57,971,9.8,14,0.50,1355680.000000,0,1.0,0.0,0.0,14048.000000,57,0.0,0.0,0.0,1.0
347854,0,1,3400,-57,57,969,11,14,0.50,1589216.000000,0,1.0,0.0,0.0,0.0,0.0,0.0,0.0,0.0,1.0
348103,0,1,3400,-57,57,968,11,15,0.50,1405248.000000,0,1.0,0.0,0.0,0.0,0.0,0.0,0.0,0.0,1.0
348352,0,1,3400,-57,57,969,8.4,14,0.50,1172192.000000,0,1.0,0.0,415,0.0,50,0.0,0.0,0.0,1.0
348601,0,1,3400,-57,57,967,9.8,15,0.50,1337440.000000,0,1.0,4.0,0.0,28096.000000,52,0.0,0.0,0.0,1.0
348850,0,1,3400,-57,57,968,11,15,0.50,1450144.000000,0,2.1,5.0,0.0,0.0,0.0,0.0,0.0,0.0,1.0
349099,0,1,3400,-57,57,972,11,14,0.50,1472640.000000,0,2.1,5.0,0.0,0.0,0.0,0.0,0.0,0.0,1.0
349348,0,1,3400,-57,57,978,9.5,15,0.50,1297536.000000,0,2.1,5.9,0.0,22592.000000,61,0.0,0.0,0.0,1.0
349597,0,1,3400,-57,57,972,10,15,0.50,1449248.000000,0,2.1,0.0,0.0,8512.000000,60,0.0,0.0,0.0,1.0
349846,0,1,3400,-57,57,970,9.0,14,0.50,1258976.000000,0,2.1,0.0,0.0,0.0,0.0,0.0,0.0,0.0,1.0
350095,0,1,3400,-57,57,970,13,15,1.2,2155552.000000,3,2.1,0.0,0.0,0.0,0.0,0.0,0.0,0.0,1.0
350344,0,1,3400,-57,57,964,10,14,0.52,1450496.000000,0,2.1,0.0,415,0.0,50,0.0,0.0,0.0,1.0
350593,0,1,3400,-57,57,970,9.8,14,0.50,1323264.000000,0,2.1,0.0,415,0.0,100.000000,0.0,0.0,0.0,1.0
350842,0,1,3400,-57,57,974,11,15,0.50,1452384.000000,0,2.1,0.0,0.0,33248.000000,30,0.0,0.0,0.0,1.0
351091,0,1,3400,-57,57,974,9.8,14,1.1,808064.000000,17,2.1,0.0,0.0,0.0,0.0,0.0,0.0,0.0,1.0
351340,0,1,3400,-57,57,970,9.8,14,0.84,1393248.000000,4,2.1,0.0,415,0.0,50,0.0,0.0,0.0,1.0
351589,0,1,3400,-57,57,967,12,14,0.84,1879232.000000,1,2.1,0.0,415,0.0,100.000000,0.0,0.0,0.0,1.0
351838,0,1,3400,-57,57,968,7.4,14,0.50,1063488.000000,0,2.1,0.0,0.0,23072.000000,41,0.0,0.0,0.0,1.0
352087,0,1,3400,-57,57,970,9.1,14,0.50,1272480.000000,0,2.1,0.0,0.0,0.0,0.0,0.0,0.0,0.0,1.0
352336,0,1,3400,-57,57,970,8.7,15,0.50,1191840.000000,0,2.1,0.0,0.0,5536.000000,17,0.0,0.0,0.0,1.0
352585,0,1,3400,-57,57,971,8.5,14,0.50,1187456.000000,0,2.1,0.0,0.0,36192.000000,68,0.0,0.0,0.0,1.0
352834,0,1,3400,-57,57,970,9.5,15,0.50,1304960.000000,0,2.1,0.0,0.0,0.0,0.0,0.0,0.0,0.0,1.0
353083,0,1,3400,-57,57,975,9.8,15,0.50,1335968.000000,0,2.1,0.0,0.0,0.0,0.0,0.0,0.0,0.0,1.0
353332,0,1,3400,-57,57,973,12,14,0.54,1673824.000000,0.4,2.1,0.0,415,5536.000000,33,0.0,0.0,0.0,1.0
353581,0,1,3400,-57,57,967,9.6,15,0.55,1474496.000000,0,2.1,0.0,0.0,8512.000000,75,0.0,0.0,0.0,1.0
353830,0,1,3400,-57,57,968,9.3,14,0.50,1324416.000000,0,2.1,0.0,0.0,0.0,0.0,0.0,0.0,0.0,1.0
354079,0,1,3400,-57,57,965,8.8,14,0.50,1248352.000000,0,2.1,0.0,0.0,0.0,0.0,0.0,0.0,0.0,1.0
354328,0,1,3400,-57,57,972,8.0,14,0.50,1111168.000000,0,2.1,0.0,581,0.0,0.0,0.0,0.0,0.0,1.0
354577,0,1,3400,-57,57,979,11,14,0.50,1449696.000000,0,2.1,0.0,415,0.0,80,0.0,0.0,0.0,1.0
354826,0,1,3400,-57,57,975,6.8,15,0.50,981152.000000,0,2.1,0.0,249,0.0,80,0.0,0.0,0.0,1.0
355075,0,1,3400,-57,57,967,4.5,15,0.50,710112.000000,0,2.1,0.0,83,0.0,0,0.0,0.0,0.0,1.0
355324,0,1,3400,-57,57,960,7.9,14,0.64,1236416.000000,0.4,2.1,0.22,0.0,14560.000000,36,0.0,1.0,44,1.0
355573,0,1,3400,-57,57,961,9.5,15,0.72,1440128.000000,1,2.1,0.73,0.0,19744.000000,31,0.0,0.0,0.0,1.0
355822,0,1,3400,-57,57,962,10,14,0.50,1486240.000000,0,2.1,0.0,0.0,0.0,0.0,0.0,0.0,0.0,1.0
356071,0,1,3400,-57,57,968,14,14,0.84,2294912.000000,0,2.1,0.0,0.0,0.0,0.0,0.0,0.0,0.0,1.0
356320,0,1,3400,-57,57,973,6.4,14,0.50,922720.000000,0,2.1,0.0,539,0.0,80,0.0,0.0,0.0,1.0
356569,0,1,3400,-57,57,974,11,14,0.50,1585024.000000,0,2.1,0.0,539,0.0,0.0,0.0,0.0,0.0,1.0
356818,0,1,3400,-57,57,973,10,14,0.50,1376992.000000,0,2.1,0.0,0.0,65696.000000,32,0.0,0.0,0.0,1.0
357067,0,1,3400,-57,57,970,12,14,0.53,1684128.000000,0,2.1,0.0,0.0,0.0,0.0,0.0,0.0,0.0,1.0
357316,0,1,3400,-57,57,962,9.3,14,0.50,1338592.000000,0,2.1,0.0,0.0,24224.000000,42,0.0,0.0,0.0,1.0
357565,0,1,3400,-57,57,968,7.7,14,0.50,1126688.000000,0,2.1,0.0,0.0,0.0,0.0,0.0,0.0,0.0,1.0
357814,0,1,3400,-57,57,973,12,15,0.53,1731296.000000,0,2.1,0.0,0.0,0.0,0.0,0.0,0.0,0.0,1.0
358063,0,1,3400,-57,57,972,13,14,0.78,2066784.000000,0.8,2.1,0.0,0.0,0.0,0.0,0.0,0.0,0.0,1.0
358312,0,1,3400,-57,57,965,6.1,14,0.50,888032.000000,0,2.1,0.96,0.0,76000.000000,22,0.0,0.0,0.0,1.0
358561,0,1,3400,-57,57,968,7.6,14,0.50,1089952.000000,0,2.1,7.5,0.0,0.0,0.0,0.0,0.0,0.0,1.0
358810,0,1,3400,-57,57,968,5.0,14,0.50,770624.000000,0,2.1,7.5,0.0,0.0,0.0,0.0,0.0,0.0,1.0
359059,0,1,3400,-57,57,968,19,15,1.9,3545792.000000,5,2.1,7.5,0.0,0.0,0.0,0.0,0.0,0.0,1.0
359308,0,1,3400,-57,57,971,9.7,14,0.50,1326720.000000,0,2.1,7.2,0.0,5536.000000,0,0.0,0.0,0.0,1.0
359557,0,1,3400,-57,57,971,10,15,0.50,1386464.000000,0,2.1,0.78,0.0,19584.000000,33,0.0,0.0,0.0,1.0
359806,0,1,3400,-57,57,972,11,14,0.50,1460224.000000,0,2.1,0.0,0.0,0.0,0.0,0.0,0.0,0.0,1.0
360055,0,1,3400,-57,57,973,13,15,0.67,2072608.000000,0,2.1,0.0,0.0,0.0,0.0,0.0,0.0,0.0,1.0
360304,0,1,3400,-57,57,969,9.4,15,0.50,1297824.000000,0,2.1,0.0,415,5536.000000,33,0.0,0.0,0.0,1.0
360553,0,1,3400,-57,57,970,11,14,0.50,1561056.000000,0,2.1,0.0,0.0,2976.000000,75,0.0,0.0,0.0,1.0
360802,0,1,3400,-57,57,973,8.7,14,0.50,1227840.000000,0,2.1,0.0,0.0,0.0,0.0,0.0,0.0,0.0,1.0
361051,0,1,3400,-57,57,971,9.3,14,0.50,1284704.000000,0,2.1,0.0,0.0,0.0,0.0,0.0,1.0,3.0,1.0
361300,0,1,3400,-57,57,967,11,14,0.50,1521184.000000,0,2.1,0.0,415,0.0,50,0.0,0.0,0.0,1.0
361549,0,1,3400,-57,57,964,11,14,0.50,1488544.000000,0,2.1,0.0,415,0.0,100.000000,0.0,0.0,0.0,1.0
361798,0,1,3400,-57,57,970,11,15,0.50,1502080.000000,0,2.1,0.0,249,0.0,80,0.0,0.0,0.0,1.0
362047,0,1,3400,-57,57,976,10,14,0.50,1406272.000000,0,2.1,0.0,0.0,14560.000000,23,0.0,0.0,0.0,1.0
362296,0,1,3400,-57,57,973,12,14,0.71,1882688.000000,0.4,2.1,8.0,0.0,184896.000000,60,0.0,1.0,8.0,1.0
362545,0,1,3400,-57,57,975,6.8,14,0.50,957152.000000,0,2.1,0.0,0.0,0.0,0.0,0.0,0.0,0.0,1.0
362794,0,1,3400,-57,57,969,11,14,0.50,1480704.000000,0,2.1,0.0,0.0,0.0,0.0,0.0,0.0,0.0,1.0
363043,0,1,3400,-57,57,965,11,15,0.50,1609696.000000,0,2.1,0.0,0.0,0.0,0.0,0.0,0.0,0.0,1.0
363292,0,1,3400,-57,57,970,7.7,15,0.50,1095808.000000,0,2.1,0.0,415,0.0,50,0.0,0.0,0.0,1.0
363541,0,1,3400,-57,57,972,12,15,0.50,1603712.000000,0,2.1,0.0,415,0.0,100.000000,0.0,0.0,0.0,1.0
363790,0,1,3400,-57,57,970,9.6,15,0.50,1331776.000000,0,2.1,0.0,0.0,52160.000000,39,0.0,0.0,0.0,1.0
364039,0,1,3400,-57,57,973,11,15,0.55,1584544.000000,0,2.1,0.0,0.0,0.0,0.0,0.0,0.0,0.0,1.0
364288,0,1,3400,-58,58,967,8.9,14,0.74,1543840.000000,0,2.1,0.0,0.0,1568.000000,0,0.0,0.0,0.0,1.0
364537,0,1,3400,-57,57,969,11,15,0.53,1692512.000000,0,2.1,1.3,0.0,107968.000000,57,0.0,0.0,0.0,1.0
364786,0,1,3400,-57,57,968,12,14,0.96,1676960.000000,6,2.1,0.0,0.0,0.0,0.0,0.0,0.0,0.0,1.0
365035,0,1,3400,-57,57,968,9.6,14,0.50,1486144.000000,0,2.1,0.0,0.0,0.0,0.0,0.0,0.0,0.0,1.0
365284,0,1,3400,-57,57,968,10,14,0.50,1460096.000000,0,2.1,0.11,0.0,53184.000000,24,0.0,0.0,0.0,1.0
365533,0,1,3400,-57,57,968,12,15,0.50,1744000.000000,0,2.1,0.0,0.0,0.0,0.0,0.0,0.0,0.0,1.0
365782,0,1,3400,-57,57,975,9.8,14,0.50,1308768.000000,0,2.1,0.0,0.0,0.0,0.0,0.0,0.0,0.0,1.0
366031,0,1,3400,-57,57,968,11,14,0.50,1522176.000000,0,2.1,0.0,0.0,0.0,0.0,0.0,0.0,0.0,1.0
366280,0,1,3400,-57,57,963,9.6,14,0.50,1345472.000000,0,2.1,0.0,0.0,38016.000000,32,0.0,0.0,0.0,1.0
366529,0,1,3400,-57,57,969,10.0,14,0.50,1362400.000000,0,2.1,0.0,0.0,0.0,100.000000,0.0,0.0,0.0,1.0
366778,0,1,3400,-57,57,971,11,14,0.50,1466336.000000,0,2.1,0.0,0.0,0.0,0.0,0.0,0.0,0.0,1.0
367027,0,1,3400,-57,57,973,11,15,0.54,1550656.000000,0,2.1,0.0,0.0,0.0,0.0,0.0,0.0,0.0,1.0
367276,0,1,3400,-57,57,974,9.9,14,0.57,1479872.000000,0,2.1,2.9,0.0,240896.000000,63,0.0,0.0,0.0,1.0
367525,0,1,3400,-57,57,978,15,15,0.77,2400512.000000,0,2.1,16,0.0,0.0,0.0,0.0,0.0,0.0,1.0
367774,0,1,3400,-57,57,973,11,15,0.50,1549600.000000,0,2.1,16,0.0,0.0,0.0,0.0,0.0,0.0,1.0
368023,0,1,3400,-57,57,968,8.3,14,0.50,1185760.000000,0,2.1,16,0.0,0.0,0.0,0.0,0.0,0.0,1.0
368272,0,1,3400,-57,57,965,11,15,0.50,1459232.000000,0,2.1,15,415,0.0,50,0.0,0.0,0.0,1.0
368521,0,1,3400,-57,57,968,9.9,14,0.50,1397376.000000,0,2.1,8.0,415,0.0,100.000000,0.0,0.0,0.0,1.0
368770,0,1,3400,-57,57,971,8.2,14,0.50,1162720.000000,0,2.1,2.9,0.0,9024.000000,62,0.0,0.0,0.0,1.0
369019,0,1,3400,-57,57,971,9.8,14,0.50,1342304.000000,0,2.1,0.0,0.0,0.0,0.0,0.0,0.0,0.0,1.0
369268,0,1,3400,-57,57,977,10,15,0.50,1404128.000000,0,2.1,0.0,415,0.0,67,0.0,0.0,0.0,1.0
369517,0,1,3400,-57,57,974,11,15,0.50,1474784.000000,0,2.1,0.0,0.0,39680.000000,7,0.0,0.0,0.0,1.0
369766,0,1,3400,-57,57,972,9.4,14,0.50,1329312.000000,0,2.1,0.0,0.0,0.0,0.0,0.0,0.0,0.0,1.0
370015,0,1,3400,-57,57,969,6.0,14,0.50,863104.000000,0,2.1,0.0,0.0,0.0,0.0,0.0,0.0,0.0,1.0
370264,0,1,3400,-57,57,967,11,14,0.50,1552512.000000,0,2.1,0.66,0.0,17056.000000,0,0.0,0.0,0.0,1.0
370513,0,1,3400,-57,57,973,9.3,15,0.66,1559776.000000,0,2.1,16,0.0,142752.000000,70,0.0,0.0,0.0,1.0
370762,0,1,3400,-57,57,970,11,15,0.50,1489536.000000,0,2.1,16,0.0,0.0,0.0,0.0,0.0,0.0,1.0
371011,0,1,3400,-57,57,970,11,15,0.50,1497440.000000,0,2.1,16,0.0,0.0,0.0,0.0,0.0,0.0,1.0
371260,0,1,3400,-57,57,973,11,15,0.50,1454880.000000,0,2.1,16,581,0.0,0.0,0.0,0.0,0.0,1.0
371509,0,1,3400,-57,57,972,10,14,0.50,1364640.000000,0,2.1,8.8,415,0.0,80,0.0,0.0,0.0,1.0
371758,0,1,3400,-57,57,976,8.4,15,0.50,1202368.000000,0,2.1,4.2,0.0,16608.000000,53,0.0,0.0,0.0,1.0
372007,0,1,3400,-57,57,982,11,15,0.50,1405664.000000,0,2.1,0.0,0.0,0.0,0.0,0.0,0.0,0.0,1.0
372256,0,1,3400,-57,57,978,8.4,14,0.50,1161504.000000,0,2.1,0.0,0.0,44288.000000,0,0.0,0.0,0.0,1.0
372505,0,1,3400,-57,57,970,9.0,15,0.50,1283264.000000,0,2.1,0.0,0.0,0.0,0.0,0.0,0.0,0.0,1.0
372754,0,1,3400,-57,57,964,15,14,1.1,1484320.000000,16,2.1,0.0,0.0,0.0,0.0,0.0,0.0,0.0,1.0
373003,0,1,3400,-57,57,965,11,15,0.93,1724352.000000,4,2.1,0.0,0.0,0.0,0.0,0.0,0.0,0.0,1.0
373252,0,1,3400,-57,57,965,20,15,1.7,2893760.000000,14,2.1,2.8,0.0,121856.000000,63,0.0,0.0,0.0,1.0
373501,0,1,3400,-57,57,973,13,14,0.60,1907808.000000,0,2.1,16,0.0,0.0,0.0,0.0,0.0,0.0,1.0
373750,0,1,3400,-57,57,978,9.8,15,0.50,1369888.000000,0,2.1,16,0.0,0.0,0.0,0.0,0.0,0.0,1.0
373999,0,1,3400,-57,57,971,9.2,14,0.50,1300480.000000,0,2.1,16,0.0,0.0,0.0,0.0,0.0,0.0,1.0
374248,0,1,3400,-57,57,967,11,14,0.50,1495840.000000,0,2.1,13,0.0,24608.000000,47,0.0,0.0,0.0,1.0
374497,0,1,3400,-57,57,966,11,15,0.50,1492256.000000,0,2.1,0.0,0.0,0.0,0.0,0.0,0.0,0.0,1.0
374746,0,1,3400,-57,57,968,7.9,14,0.50,1119104.000000,0,2.1,0.0,0.0,0.0,0.0,0.0,0.0,0.0,1.0
374995,0,1,3400,-57,57,972,11,15,0.50,1447392.000000,0,2.1,0.0,0.0,0.0,0.0,0.0,0.0,0.0,1.0
375244,0,1,3400,-57,57,973,8.9,14,0.50,1237120.000000,0,2.1,1.0,0.0,9920.000000,44,0.0,0.0,0.0,1.0
375493,0,1,3400,-57,57,970,12,14,0.53,1610112.000000,0,2.1,0.0,0.0,14048.000000,50,0.0,0.0,0.0,1.0
375742,0,1,3400,-57,57,970,14,14,0.79,2248288.000000,0.4,2.1,0.0,0.0,0.0,0.0,0.0,0.0,0.0,1.0
375991,0,1,3400,-57,57,968,13,14,0.81,2093792.000000,0,2.1,0.0,0.0,0.0,0.0,0.0,0.0,0.0,1.0
376240,0,1,3400,-57,57,967,9.8,14,0.50,1357440.000000,0,2.1,0.0,415,0.0,50,0.0,0.0,0.0,1.0
376489,0,1,3400,-57,57,977,11,15,0.50,1464480.000000,0,2.1,0.0,415,0.0,100.000000,0.0,0.0,0.0,1.0
376738,0,1,3400,-57,57,978,7.1,14,0.50,1013920.000000,0,2.1,0.0,0.0,69920.000000,27,0.0,0.0,0.0,1.0
376987,0,1,3400,-57,57,971,10,14,0.79,1688160.000000,0.4,2.1,0.0,0.0,0.0,0.0,0.0,0.0,0.0,1.0
377236,0,1,3400,-57,57,967,13,14,0.81,2062400.000000,0.4,2.1,0.0,415,5536.000000,33,0.0,0.0,0.0,1.0
377485,0,1,3400,-57,57,970,9.0,15,0.50,1289248.000000,0,2.1,1.2,0.0,85664.000000,46,0.0,0.0,0.0,1.0
377734,0,1,3400,-57,57,969,9.4,14,0.50,1264640.000000,0,2.1,0.0,0.0,0.0,0.0,0.0,0.0,0.0,1.0
377983,0,1,3400,-57,57,969,9.0,15,0.50,1263968.000000,0,2.1,0.0,0.0,0.0,0.0,0.0,0.0,0.0,1.0
378232,0,1,3400,-57,57,971,8.3,15,0.50,1173952.000000,0,2.1,2.0,0.0,253024.000000,47,0.0,1.0,7.0,1.0
378481,0,1,3400,-57,57,970,8.1,14,0.50,1136832.000000,0,2.1,0.64,0.0,8512.000000,43,0.0,0.0,0.0,1.0
378730,0,1,3400,-57,57,971,11,14,0.65,1796800.000000,0,2.1,0.0,0.0,0.0,0.0,0.0,0.0,0.0,1.0
378979,0,1,3400,-57,57,966,9.4,14,0.51,1300128.000000,0,2.1,0.0,0.0,0.0,0.0,0.0,0.0,0.0,1.0
379228,0,1,3400,-57,57,965,9.8,14,0.50,1360416.000000,0,2.1,0.0,415,0.0,80,0.0,0.0,0.0,1.0
379477,0,1,3400,-57,57,967,8.8,14,0.50,1207040.000000,0,2.1,0.0,415,0.0,0.0,0.0,0.0,0.0,1.0
379726,0,1,3400,-57,57,973,10,15,0.50,1412256.000000,0,2.1,0.0,0.0,23072.000000,54,0.0,0.0,0.0,1.0
379975,0,1,3400,-57,57,971,11,15,0.50,1528768.000000,0,2.1,0.0,0.0,0.0,0.0,0.0,0.0,0.0,1.0
380224,0,1,3400,-57,57,971,9.9,14,0.50,1385472.000000,0,2.1,0.0,415,0.0,50,0.0,0.0,0.0,1.0
380473,0,1,3400,-57,57,967,8.5,14,0.50,1171168.000000,0,2.1,0.0,415,0.0,100.000000,0.0,0.0,0.0,1.0
380722,0,1,3400,-57,57,966,10,15,0.50,1441184.000000,0,2.1,0.0,249,0.0,80,0.0,0.0,0.0,1.0
380971,0,1,3400,-57,57,971,11,14,0.50,1502304.000000,0,2.1,0.0,0.0,14560.000000,23,0.0,0.0,0.0,1.0
381220,0,1,3400,-57,57,970,11,14,0.50,1475136.000000,0,2.1,0.0,415,38752.000000,56,0.0,0.0,0.0,1.0
381469,0,1,3400,-57,57,966,7.9,14,0.50,1090112.000000,0,2.1,0.0,0.0,19584.000000,50,0.0,0.0,0.0,1.0
381718,0,1,3400,-57,57,970,9.6,15,0.50,1393024.000000,0,2.1,0.0,0.0,0.0,0.0,0.0,0.0,0.0,1.0
381967,0,1,3400,-57,57,967,8.4,14,0.50,1179648.000000,0,2.1,0.0,0.0,0.0,0.0,0.0,0.0,0.0,1.0
382216,0,1,3400,-57,57,971,11,14,0.50,1576704.000000,0,2.1,1.9,0.0,24128.000000,40,0.0,0.0,0.0,1.0
382465,0,1,3400,-57,57,966,10,14,0.50,1378848.000000,0,2.1,9.1,0.0,60864.000000,57,0.0,0.0,0.0,1.0
382714,0,1,3400,-57,57,974,11,14,0.86,1827936.000000,2,2.1,0.0,0.0,0.0,0.0,0.0,0.0,0.0,1.0
382963,0,1,3400,-57,57,976,8.8,14,0.50,1235744.000000,0,2.1,0.0,0.0,0.0,0.0,0.0,1.0,13,1.0
383212,0,1,3400,-57,57,973,12,14,0.58,1802688.000000,0,2.1,2.9,0.0,125440.000000,71,0.0,0.0,0.0,1.0
383461,0,1,3400,-57,57,967,10,14,0.59,1595904.000000,0,2.1,16,0.0,0.0,100.000000,0.0,0.0,0.0,1.0
383710,0,1,3400,-57,57,964,11,15,0.50,1542656.000000,0,2.1,16,0.0,0.0,0.0,0.0,0.0,0.0,1.0
383959,0,1,3400,-57,57,966,11,14,0.50,1456512.000000,0,2.1,16,0.0,0.0,0.0,0.0,0.0,0.0,1.0
384208,0,1,3400,-57,57,973,11,14,0.50,1509536.000000,0,2.1,16,581,0.0,0.0,0.0,0.0,0.0,1.0
384457,0,1,3400,-57,57,970,9.2,14,0.50,1309312.000000,0,2.1,7.2,0.0,43040.000000,36,0.0,0.0,0.0,1.0
384706,0,1,3400,-57,57,968,10,14,0.50,1434976.000000,0,2.1,6.5,0.0,0.0,0.0,0.0,0.0,0.0,1.0
384955,0,1,3400,-57,57,973,7.5,14,0.50,1114048.000000,0,2.1,6.5,0.0,0.0,0.0,0.0,0.0,0.0,1.0
385204,0,1,3400,-57,57,971,8.7,14,0.62,1346816.000000,0.4,2.1,7.0,55,0.0,67,0.0,0.0,0.0,1.0
385453,0,1,3400,-57,57,970,12,14,0.71,1695488.000000,0.4,2.1,14,55,0.0,100.000000,0.0,0.0,0.0,1.0
385702,0,1,3400,-57,57,971,8.2,14,0.50,1173408.000000,0,2.1,14,0.0,0.0,80,0.0,0.0,0.0,1.0
385951,0,1,3400,-57,57,971,6.2,14,0.50,895040.000000,0,2.1,14,0.0,0.0,0.0,0.0,0.0,0.0,1.0
386200,0,1,3400,-57,57,970,9.0,15,0.50,1327872.000000,0,2.1,11,0.0,25120.000000,31,0.0,0.0,0.0,1.0
386449,0,1,3400,-57,57,970,8.6,14,0.50,1297952.000000,0,2.1,0.0,0.0,0.0,0.0,0.0,0.0,0.0,1.0
386698,0,1,3400,-57,57,972,8.9,14,0.50,1227936.000000,0,2.1,0.0,0.0,0.0,0.0,0.0,0.0,0.0,1.0
386947,0,1,3400,-57,57,965,12,14,0.50,1678688.000000,0,2.1,0.0,0.0,0.0,0.0,0.0,0.0,0.0,1.0
387196,0,1,3400,-57,57,964,11,14,0.50,1514912.000000,0,2.1,0.0,581,0.0,0.0,0.0,0.0,0.0,1.0
387445,0,1,3400,-57,57,969,9.6,14,0.50,1347936.000000,0,2.1,6.7,0.0,137568.000000,33,0.0,0.0,0.0,1.0
387694,0,1,3400,-57,57,969,10,14,0.50,1424896.000000,0,2.1,8.0,0.0,0.0,0.0,0.0,0.0,0.0,1.0
387943,0,1,3400,-57,57,972,11,14,0.50,1454112.000000,0,2.1,8.0,0.0,0.0,0.0,0.0,1.0,4.0,1.0
388192,0,1,3400,-57,57,970,11,14,0.50,1511008.000000,0,2.1,8.3,55,0.0,50,0.0,0.0,0.0,1.0
388441,0,1,3400,-57,57,966,9.3,14,0.50,1310464.000000,0,2.1,13,55,0.0,100.000000,0.0,0.0,0.0,1.0
388690,0,1,3400,-57,57,973,11,15,0.50,1507616.000000,0,2.1,9.9,0.0,0.0,80,0.0,0.0,0.0,1.0
388939,0,1,3400,-57,57,972,9.4,15,0.50,1313632.000000,0,2.1,8.0,0.0,0.0,0.0,0.0,0.0,0.0,1.0
389188,0,1,3400,-57,57,969,7.4,15,0.50,1043040.000000,0,2.1,7.5,0.0,5536.000000,17,0.0,0.0,0.0,1.0
389437,0,1,3400,-57,57,968,7.3,14,0.50,1026144.000000,0,2.1,0.0,0.0,28256.000000,38,0.0,0.0,0.0,1.0
389686,0,1,3400,-57,57,971,9.8,14,0.50,1393312.000000,0,2.1,0.0,0.0,0.0,0.0,0.0,0.0,0.0,1.0
389935,0,1,3400,-57,57,972,9.6,14,0.50,1306592.000000,0,2.1,0.0,0.0,0.0,0.0,0.0,0.0,0.0,1.0
390184,0,1,3400,-57,57,976,11,15,0.50,1625216.000000,0,2.1,0.0,415,0.0,50,0.0,0.0,0.0,1.0
390433,0,1,3400,-57,57,975,10.0,14,0.50,1344160.000000,0,2.1,0.0,415,0.0,100.000000,0.0,0.0,0.0,1.0
390682,0,1,3400,-57,57,974,13,14,0.84,2091200.000000,0,2.1,3.1,0.0,25632.000000,29,0.0,0.0,0.0,1.0
390931,0,1,3400,-57,57,973,8.8,15,0.50,1284064.000000,0,2.1,5.0,0.0,0.0,0.0,0.0,0.0,0.0,1.0
391180,0,1,3400,-57,57,966,9.2,15,0.89,1496352.000000,2,2.1,5.7,475,0.0,80,0.0,0.0,0.0,1.0
391429,0,1,3400,-57,57,966,10,14,0.50,1459872.000000,0,2.1,8.0,475,0.0,0.0,0.0,0.0,0.0,1.0
391678,0,1,3400,-57,57,965,8.7,14,0.50,1223424.000000,0,2.1,1.7,0.0,11072.000000,64,0.0,0.0,0.0,1.0
391927,0,1,3400,-57,57,969,9.7,14,0.50,1344672.000000,0,2.1,0.0,0.0,0.0,0.0,0.0,0.0,0.0,1.0
392176,0,1,3400,-57,57,969,11,15,0.58,1651904.000000,0,2.1,0.0,581,0.0,0.0,0.0,0.0,0.0,1.0
392425,0,1,3400,-57,57,967,12,15,0.54,1733152.000000,0,2.1,1.0,0.0,25376.000000,27,0.0,1.0,0.0,1.0
392674,0,1,3400,-57,57,967,12,14,0.51,1687808.000000,0,2.1,0.12,0.0,0.0,0.0,0.0,0.0,0.0,1.0
392923,0,1,3400,-57,57,971,9.0,15,0.86,1490912.000000,2,2.1,0.0,0.0,0.0,0.0,0.0,0.0,0.0,1.0
393172,0,1,3400,-57,57,969,11,14,0.50,1469536.000000,0,2.1,0.37,0.0,15520.000000,0,0.0,0.0,0.0,1.0
393421,0,1,3400,-57,57,968,11,15,0.50,1553408.000000,0,2.1,1.4,0.0,14048.000000,67,0.0,0.0,0.0,1.0
393670,0,1,3400,-57,57,966,13,15,1.0,1260352.000000,15,2.1,0.060,0.0,0.0,0.0,0.0,0.0,0.0,1.0
393919,0,1,3400,-57,57,973,9.6,14,0.56,1285472.000000,0.8,2.1,0.060,0.0,0.0,0.0,0.0,0.0,0.0,1.0
394168,0,1,3400,-57,57,976,10,15,0.50,1361664.000000,0,2.1,0.18,0.0,4384.000000,0,0.0,0.0,0.0,1.0
394417,0,1,3400,-57,57,968,10,14,0.50,1494048.000000,0,2.1,0.84,0.0,25120.000000,31,0.0,0.0,0.0,1.0
394666,0,1,3400,-57,57,968,9.4,14,0.50,1281568.000000,0,2.1,0.0,0.0,0.0,0.0,0.0,0.0,0.0,1.0
394915,0,1,3400,-57,57,964,11,14,0.50,1471616.000000,0,2.1,0.0,0.0,0.0,0.0,0.0,0.0,0.0,1.0
395164,0,1,3400,-57,57,971,11,15,0.50,1565888.000000,0,2.1,0.0,415,0.0,80,0.0,0.0,0.0,1.0
395413,0,1,3400,-57,57,970,7.8,14,0.50,1079808.000000,0,2.1,0.0,415,0.0,0.0,0.0,0.0,0.0,1.0
395662,0,1,3400,-57,57,969,9.3,15,0.50,1314656.000000,0,2.1,0.0,249,0.0,80,0.0,0.0,0.0,1.0
395911,0,1,3400,-57,57,964,12,15,0.50,1612608.000000,0,2.1,0.88,0.0,14944.000000,36,0.0,0.0,0.0,1.0
396160,0,1,3400,-57,57,964,9.2,14,0.50,1247552.000000,0,2.1,0.0,0.0,20992.000000,58,0.0,0.0,0.0,1.0
396409,0,1,3400,-57,57,973,9.9,14,0.50,1329856.000000,0,2.1,0.0,0.0,8512.000000,0,0.0,0.0,0.0,1.0
396658,0,1,3400,-57,57,976,9.4,14,0.50,1343232.000000,0,2.1,0.0,0.0,0.0,0.0,0.0,0.0,0.0,1.0
396907,0,1,3400,-57,57,968,7.5,14,0.50,1118848.000000,0,2.1,0.0,0.0,0.0,0.0,0.0,0.0,0.0,1.0
397156,0,1,3400,-57,57,964,11,14,0.50,1450336.000000,0,2.1,2.0,0.0,35776.000000,32,0.0,0.0,0.0,1.0
397405,0,1,3400,-57,57,964,8.9,14,0.50,1241120.000000,0,2.1,0.0,0.0,352,80,0.0,0.0,0.0,1.0
397654,0,1,3400,-57,57,971,9.9,14,0.50,1413952.000000,0,2.1,0.0,0.0,0.0,0.0,0.0,0.0,0.0,1.0
397903,0,1,3400,-57,57,973,9.6,15,0.50,1364544.000000,0,2.1,0.0,0.0,0.0,0.0,0.0,0.0,0.0,1.0
398152,0,1,3400,-57,57,973,7.0,14,0.50,1025408.000000,0,2.1,0.0,581,0.0,0.0,0.0,0.0,0.0,1.0
398401,0,1,3400,-57,57,972,11,14,0.86,1804672.000000,2,2.1,5.4,0.0,119392.000000,43,0.0,0.0,0.0,1.0
398650,0,1,3400,-57,57,968,10,14,0.50,1412416.000000,0,2.1,8.0,0.0,0.0,80,0.0,0.0,0.0,1.0
398899,0,1,3400,-57,57,969,11,14,0.50,1466144.000000,0,2.1,8.0,0.0,0.0,0.0,0.0,0.0,0.0,1.0
399148,0,1,3400,-57,57,968,5.9,15,0.50,844736.000000,0,2.1,8.0,581,0.0,0.0,0.0,0.0,0.0,1.0
399397,0,1,3400,-57,57,966,4.9,14,0.50,723232.000000,0,2.1,0.70,0.0,8512.000000,63,0.0,0.0,0.0,1.0
399646,0,1,3400,-57,57,973,7.8,14,0.50,1166816.000000,0,2.1,0.0,0.0,0.0,0.0,0.0,0.0,0.0,1.0
399895,0,1,3400,-57,57,966,8.3,14,0.50,1206272.000000,0,2.1,0.0,0.0,0.0,0.0,0.0,0.0,0.0,1.0
400144,0,1,3400,-57,57,964,9.6,15,0.50,1330688.000000,0,2.1,0.0,415,0.0,80,0.0,0.0,0.0,1.0
400393,0,1,3400,-57,57,967,10,14,0.50,1435936.000000,0,2.1,0.0,415,0.0,0.0,0.0,0.0,0.0,1.0
400642,0,1,3400,-57,57,974,8.3,14,0.50,1175392.000000,0,2.1,0.0,0.0,14560.000000,36,0.0,0.0,0.0,1.0
400891,0,1,3400,-57,57,976,13,14,0.59,1885920.000000,0,2.1,0.0,0.0,0.0,0.0,0.0,0.0,0.0,1.0
401140,0,1,3400,-57,57,969,7.4,14,0.50,1040512.000000,0,2.1,0.0,0.0,5536.000000,0,0.0,0.0,0.0,1.0
401389,0,1,3400,-57,57,970,10,14,0.50,1377408.000000,0,2.1,0.0,0.0,32704.000000,33,0.0,0.0,0.0,1.0
401638,0,1,3400,-57,57,964,11,14,0.50,1484064.000000,0,2.1,0.0,0.0,0.0,0.0,0.0,0.0,0.0,1.0
401887,0,1,3400,-57,57,967,11,14,0.50,1459712.000000,0,2.1,0.0,0.0,0.0,0.0,0.0,0.0,0.0,1.0
402136,0,1,3400,-57,57,972,9.1,15,0.50,1284448.000000,0,2.1,0.96,0.0,34976.000000,33,0.0,0.0,0.0,1.0
402385,0,1,3400,-57,57,976,11,15,0.50,1466464.000000,0,2.1,0.0,0.0,8512.000000,0,0.0,0.0,0.0,1.0
402634,0,1,3400,-57,57,971,11,15,0.50,1526848.000000,0,2.1,0.0,0.0,0.0,0.0,0.0,0.0,0.0,1.0
402883,0,1,3400,-57,57,969,9.3,14,0.50,1291136.000000,0,2.1,0.0,0.0,0.0,0.0,0.0,0.0,0.0,1.0
403132,0,1,3400,-57,57,963,8.5,14,0.50,1206336.000000,0,2.1,0.96,0.0,64032.000000,58,0.0,0.0,0.0,1.0
403381,0,1,3400,-57,57,970,9.4,14,0.50,1289856.000000,0,2.1,0.0,0.0,14304.000000,0,0.0,0.0,0.0,1.0
403630,0,1,3400,-57,57,970,11,15,0.50,1471776.000000,0,2.1,0.0,0.0,0.0,0.0,0.0,0.0,0.0,1.0
403879,0,1,3400,-57,57,973,10,15,0.50,1466528.000000,0,2.1,0.0,0.0,0.0,0.0,0.0,0.0,0.0,1.0
404128,0,1,3400,-57,57,975,7.5,15,0.50,1055904.000000,0,2.1,0.0,0.0,0.0,0.0,0.0,0.0,0.0,1.0
404377,0,1,3400,-57,57,971,10,14,0.50,1471968.000000,0,2.1,6.8,55,0.0,80,0.0,0.0,0.0,1.0
404626,0,1,3400,-57,57,965,9.9,14,0.50,1394976.000000,0,2.1,7.4,0.0,0.0,80,0.0,1.0,8.0,1.0
404875,0,1,3400,-57,57,965,11,14,0.50,1555136.000000,0,2.1,7.5,0.0,0.0,0.0,0.0,0.0,0.0,1.0
405124,0,1,3400,-57,57,962,12,14,0.86,1848896.000000,0.8,2.1,7.5,247,0.0,71,0.0,0.0,0.0,1.0
405373,0,1,3400,-57,57,964,12,14,0.52,1825696.000000,0,2.1,7.5,247,0.0,100.000000,0.0,0.0,0.0,1.0
405622,0,1,3400,-57,57,968,10,14,0.52,1444192.000000,0,2.1,2.8,0.0,14560.000000,0,0.0,0.0,0.0,1.0
405871,0,1,3400,-57,57,972,9.0,14,0.50,1277376.000000,0,2.1,0.0,0.0,0.0,0.0,0.0,0.0,0.0,1.0
406120,0,1,3400,-57,57,971,7.6,14,0.50,1089216.000000,0,2.1,0.0,0.0,5536.000000,0,0.0,0.0,0.0,1.0
406369,0,1,3400,-57,57,975,11,14,0.50,1433248.000000,0,2.1,4.3,0.0,22560.000000,58,0.0,0.0,0.0,1.0
406618,0,1,3400,-57,57,974,11,14,0.50,1499776.000000,0,2.1,5.0,0.0,0.0,0.0,0.0,0.0,0.0,1.0
406867,0,1,3400,-57,57,975,8.8,14,0.50,1190336.000000,0,2.1,5.0,0.0,0.0,0.0,0.0,0.0,0.0,1.0
407116,0,1,3400,-57,57,972,11,14,0.50,1460288.000000,0,2.1,4.8,0.0,5536.000000,17,0.0,0.0,0.0,1.0
407365,0,1,3400,-57,57,968,7.3,14,0.50,1046368.000000,0,2.1,0.0,0.0,41728.000000,61,0.0,0.0,0.0,1.0
407614,0,1,3400,-57,57,967,10,14,0.53,1487200.000000,0,2.1,0.0,0.0,0.0,0.0,0.0,0.0,0.0,1.0
407863,0,1,3400,-57,57,969,14,14,0.82,2089376.000000,1,2.1,0.0,0.0,0.0,0.0,0.0,0.0,0.0,1.0
408112,0,1,3400,-57,57,980,11,14,0.50,1531296.000000,0,2.1,0.0,415,0.0,80,0.0,0.0,0.0,1.0
408361,0,1,3400,-57,57,974,12,14,0.50,1710336.000000,0,2.1,0.0,415,0.0,0.0,0.0,0.0,0.0,1.0
408610,0,1,3400,-57,57,963,11,14,0.50,1436608.000000,0,2.1,0.0,0.0,34144.000000,43,0.0,0.0,0.0,1.0
408859,0,1,3400,-57,57,969,7.8,14,0.50,1095680.000000,0,2.1,0.0,0.0,0.0,0.0,0.0,0.0,0.0,1.0
409108,0,1,3400,-57,57,968,9.1,14,0.50,1252512.000000,0,2.1,0.0,0.0,5536.000000,17,0.0,0.0,0.0,1.0
409357,0,1,3400,-57,57,972,11,14,0.54,1641408.000000,0,2.1,0.0,0.0,58336.000000,53,0.0,0.0,0.0,1.0
409606,0,1,3400,-57,57,975,12,14,0.81,1888640.000000,0.4,2.1,0.0,0.0,0.0,0.0,0.0,0.0,0.0,1.0
409855,0,1,3400,-57,57,973,10,14,0.51,1398752.000000,0,2.1,0.0,0.0,0.0,0.0,0.0,0.0,0.0,1.0
410104,0,1,3400,-57,57,974,9.1,15,0.50,1269088.000000,0,2.1,0.0,581,0.0,0.0,0.0,0.0,0.0,1.0
410353,0,1,3400,-57,57,974,12,14,0.82,1875264.000000,0.4,2.1,0.89,0.0,111808.000000,35,0.0,0.0,0.0,1.0
410602,0,1,3400,-57,57,970,12,15,0.52,1672320.000000,0,2.1,0.0,0.0,0.0,0.0,0.0,0.0,0.0,1.0
410851,0,1,3400,-57,57,968,9.5,14,0.50,1317184.000000,0,2.1,0.0,0.0,0.0,0.0,0.0,0.0,0.0,1.0
411100,0,1,3400,-57,57,970,12,14,0.50,1607872.000000,0,2.1,0.78,0.0,17056.000000,0,0.0,0.0,0.0,1.0
411349,0,1,3400,-57,57,970,11,15,0.50,1558528.000000,0,2.1,1.5,0.0,19840.000000,33,0.0,0.0,0.0,1.0
411598,0,1,3400,-57,57,973,9.7,15,0.50,1400992.000000,0,2.1,0.0,0.0,0.0,0.0,0.0,0.0,0.0,1.0
411847,0,1,3400,-57,57,972,11,14,0.50,1465664.000000,0,2.1,0.0,0.0,0.0,0.0,0.0,0.0,0.0,1.0
412096,0,1,3400,-57,57,972,9.3,14,0.54,1305760.000000,0,2.1,1.4,0.0,162528.000000,39,0.0,0.0,0.0,1.0
412345,0,1,3400,-57,57,972,9.7,14,0.50,1330080.000000,0,2.1,6.0,0.0,0.0,0.0,0.0,0.0,0.0,1.0
412594,0,1,3400,-57,57,973,11,14,0.50,1515392.000000,0,2.1,6.0,0.0,0.0,0.0,0.0,0.0,0.0,1.0
412843,0,1,3400,-57,57,965,8.0,14,0.50,1117312.000000,0,2.1,6.0,0.0,0.0,0.0,0.0,0.0,0.0,1.0
413092,0,1,3400,-57,57,969,11,14,0.50,1454912.000000,0,2.1,6.0,415,0.0,80,0.0,0.0,0.0,1.0
413341,0,1,3400,-57,57,968,11,14,0.50,1506048.000000,0,2.1,6.0,415,0.0,0.0,0.0,0.0,0.0,1.0
413590,0,1,3400,-57,57,962,13,15,0.81,2156608.000000,0.4,2.1,1.5,0.0,25632.000000,41,0.0,0.0,0.0,1.0
413839,0,1,3400,-57,57,962,11,15,0.50,1442752.000000,0,2.1,0.0,0.0,0.0,0.0,0.0,0.0,0.0,1.0
414088,0,1,3400,-57,57,967,14,14,1.0,1213856.000000,16,2.1,0.0,0.0,29504.000000,38,0.0,0.0,0.0,1.0
414337,0,1,3400,-57,57,966,8.5,15,0.50,1203712.000000,0,2.1,0.0,0.0,19456.000000,68,0.0,0.0,0.0,1.0
414586,0,1,3400,-57,57,970,8.9,14,0.50,1321504.000000,0,2.1,0.0,0.0,0.0,0.0,0.0,0.0,0.0,1.0
414835,0,1,3400,-57,57,974,16,14,1.4,2652928.000000,6,2.1,0.0,0.0,0.0,0.0,0.0,0.0,0.0,1.0
415084,0,1,3400,-57,57,970,8.7,15,0.50,1295136.000000,0,2.1,0.0,415,0.0,80,0.0,0.0,0.0,1.0
415333,0,1,3400,-57,57,970,10,14,0.50,1379424.000000,0,2.1,0.0,415,0.0,0.0,0.0,0.0,0.0,1.0
415582,0,1,3400,-57,57,976,9.5,14,0.56,1286912.000000,2,2.1,0.0,0.0,58848.000000,44,0.0,0.0,0.0,1.0
415831,0,1,3400,-57,57,972,9.8,14,0.50,1409408.000000,0,2.1,0.0,0.0,0.0,0.0,0.0,0.0,0.0,1.0
416080,0,1,3400,-57,57,975,13,14,0.81,2021760.000000,1,2.1,0.0,581,0.0,0.0,0.0,0.0,0.0,1.0
416329,0,1,3400,-57,57,972,9.7,15,0.71,1553760.000000,0.4,2.1,0.0,0.0,40928.000000,51,0.0,0.0,0.0,1.0
416578,0,1,3400,-57,57,971,12,14,0.59,1751808.000000,0,2.1,0.0,0.0,0.0,0.0,0.0,0.0,0.0,1.0
416827,0,1,3400,-57,57,970,9.1,14,0.50,1244576.000000,0,2.1,0.0,0.0,0.0,0.0,0.0,0.0,0.0,1.0
417076,0,1,3400,-57,57,972,11,14,0.50,1499968.000000,0,2.1,0.0,415,0.0,80,0.0,0.0,0.0,1.0
417325,0,1,3400,-57,57,969,8.2,15,0.50,1154752.000000,0,2.1,0.0,415,0.0,0.0,0.0,0.0,0.0,1.0
417574,0,1,3400,-57,57,970,13,15,0.81,2080640.000000,2,2.1,0.95,0.0,20480.000000,31,0.0,0.0,0.0,1.0
417823,0,1,3400,-57,57,968,12,14,0.53,1739648.000000,0,2.1,0.0,0.0,0.0,0.0,0.0,0.0,0.0,1.0
418072,0,1,3400,-57,57,969,5.3,14,0.50,802592.000000,0,2.1,0.0,0.0,24224.000000,33,0.0,0.0,0.0,1.0
418321,0,1,3400,-57,57,974,11,15,0.50,1497952.000000,0,2.1,0.0,0.0,0.0,0.0,0.0,0.0,0.0,1.0
418570,0,1,3400,-57,57,974,11,14,0.50,1512544.000000,0,2.1,0.0,0.0,0.0,0.0,0.0,0.0,0.0,1.0
418819,0,1,3400,-57,57,972,11,14,0.50,1508608.000000,0,2.1,0.0,0.0,0.0,0.0,0.0,0.0,0.0,1.0
419068,0,1,3400,-57,57,972,12,14,0.57,1780096.000000,0,2.1,0.0,0.0,5536.000000,0,0.0,0.0,0.0,1.0
419317,0,1,3400,-57,57,971,7.9,15,0.50,1075648.000000,0,2.1,0.68,0.0,28512.000000,55,0.0,0.0,0.0,1.0
419566,0,1,3400,-57,57,972,10,14,0.50,1385152.000000,0,2.1,0.0,0.0,0.0,0.0,0.0,0.0,0.0,1.0
419815,0,1,3400,-57,57,971,9.8,14,0.50,1392800.000000,0,2.1,0.0,0.0,0.0,0.0,0.0,0.0,0.0,1.0
420064,0,1,3400,-57,57,973,11,14,0.50,1472320.000000,0,2.1,0.24,0.0,3488.000000,0,0.0,0.0,0.0,1.0
420313,0,1,3400,-57,57,972,13,14,1.1,1213728.000000,17,2.1,0.78,0.0,19840.000000,33,0.0,0.0,0.0,1.0
420562,0,1,3400,-57,57,967,11,14,0.50,1475552.000000,0,2.1,0.0,0.0,0.0,0.0,0.0,0.0,0.0,1.0
420811,0,1,3400,-57,57,969,8.8,14,0.53,1286048.000000,0,2.1,0.0,0.0,0.0,0.0,0.0,1.0,8.0,1.0
421060,0,1,3400,-57,57,971,8.3,15,0.50,1160704.000000,0,2.1,0.0,0.0,19584.000000,47,0.0,0.0,0.0,1.0
421309,0,1,3400,-57,57,976,10,15,0.50,1371264.000000,0,2.1,0.0,0.0,0.0,0.0,0.0,1.0,7.0,1.0
421558,0,1,3400,-57,57,976,8.2,14,0.50,1134272.000000,0,2.1,0.0,0.0,0.0,0.0,0.0,0.0,0.0,1.0
421807,0,1,3400,-57,57,976,8.4,14,0.50,1162592.000000,0,2.1,0.0,0.0,0.0,0.0,0.0,0.0,0.0,1.0
422056,0,1,3400,-57,57,972,12,14,0.50,1664736.000000,0,2.1,0.0,581,0.0,0.0,0.0,0.0,0.0,1.0
422305,0,1,3400,-57,57,972,9.6,14,0.50,1378496.000000,0,2.1,0.95,0.0,25376.000000,27,0.0,0.0,0.0,1.0
422554,0,1,3400,-57,57,977,9.7,14,0.53,1413824.000000,0,2.1,0.0,0.0,0.0,0.0,0.0,0.0,0.0,1.0
422803,0,1,3400,-57,57,972,9.5,14,0.50,1314144.000000,0,2.1,0.0,0.0,0.0,0.0,0.0,0.0,0.0,1.0
423052,0,1,3400,-57,57,966,8.5,14,0.50,1224672.000000,0,2.1,1.5,71,0.0,80,0.0,0.0,0.0,1.0
423301,0,1,3400,-57,57,965,10,14,0.50,1392768.000000,0,2.1,6.5,71,0.0,0.0,0.0,0.0,0.0,1.0
423550,0,1,3400,-57,57,971,7.5,14,0.50,1062336.000000,0,2.1,1.6,0.0,8512.000000,0,0.0,0.0,0.0,1.0
423799,0,1,3400,-57,57,973,11,14,0.50,1490656.000000,0,2.1,0.0,0.0,0.0,0.0,0.0,0.0,0.0,1.0
424048,0,1,3400,-57,57,971,19,14,1.4,3301056.000000,2,2.1,0.24,0.0,3488.000000,0,0.0,0.0,0.0,1.0
424297,0,1,3400,-57,57,972,8.0,14,0.50,1153504.000000,0,2.1,0.78,0.0,19840.000000,33,0.0,0.0,0.0,1.0
424546,0,1,3400,-57,57,966,12,14,0.77,1873984.000000,0.4,2.1,0.0,0.0,0.0,0.0,0.0,0.0,0.0,1.0
424795,0,1,3400,-57,57,971,8.4,14,0.53,1145184.000000,0,2.1,0.0,0.0,0.0,0.0,0.0,0.0,0.0,1.0
425044,0,1,3400,-57,57,974,11,14,0.60,1617472.000000,2,2.1,0.0,581,0.0,0.0,0.0,0.0,0.0,1.0
425293,0,1,3400,-57,57,968,11,14,0.50,1528896.000000,0,2.1,0.0,0.0,36352.000000,33,0.0,0.0,0.0,1.0
425542,0,1,3400,-57,57,972,9.2,14,0.50,1271392.000000,0,2.1,0.0,0.0,0.0,0.0,0.0,0.0,0.0,1.0
425791,0,1,3400,-57,57,971,10,14,0.50,1455808.000000,0,2.1,0.0,0.0,0.0,0.0,0.0,0.0,0.0,1.0
426040,0,1,3400,-57,57,974,7.4,14,0.50,1084672.000000,0,2.1,0.0,415,0.0,67,0.0,0.0,0.0,1.0
426289,0,1,3400,-57,57,973,8.6,14,0.53,1326496.000000,0,2.1,0.0,0.0,31008.000000,29,0.0,0.0,0.0,1.0
426538,0,1,3400,-57,57,977,9.4,14,0.50,1349088.000000,0,2.1,0.0,0.0,0.0,0.0,0.0,0.0,0.0,1.0
426787,0,1,3400,-57,57,973,9.6,14,0.51,1337088.000000,0,2.1,0.0,0.0,0.0,0.0,0.0,0.0,0.0,1.0
427036,0,1,3400,-57,57,969,7.6,14,0.52,1148768.000000,0,2.1,0.24,0.0,3488.000000,0,0.0,0.0,0.0,1.0
427285,0,1,3400,-57,57,974,11,15,0.67,1709664.000000,0,2.1,16,0.0,179424.000000,62,0.0,0.0,0.0,1.0
427534,0,1,3400,-57,57,978,7.7,14,0.50,1093312.000000,0,2.1,16,0.0,0.0,0.0,0.0,0.0,0.0,1.0
427783,0,1,3400,-57,57,972,3.7,14,0.50,580384.000000,0,2.1,16,0.0,0.0,0.0,0.0,0.0,0.0,1.0
428032,0,1,3400,-57,57,970,9.7,15,0.50,1352800.000000,0,2.1,15,0.0,22304.000000,45,0.0,0.0,0.0,1.0
428281,0,1,3400,-57,57,973,9.6,14,0.50,1310624.000000,0,2.1,0.0,0.0,352,50,0.0,0.0,0.0,1.0
428530,0,1,3400,-57,57,972,11,15,0.50,1440288.000000,0,2.1,0.0,0.0,0.0,0.0,0.0,0.0,0.0,1.0
428779,0,1,3400,-57,57,972,7.6,15,0.50,1096736.000000,0,2.1,0.0,0.0,0.0,0.0,0.0,0.0,0.0,1.0
429028,0,1,3400,-57,57,973,11,14,0.50,1555392.000000,0,2.1,0.0,581,0.0,0.0,0.0,0.0,0.0,1.0
429277,0,1,3400,-57,57,976,9.0,14,0.50,1278656.000000,0,2.1,0.0,415,0.0,80,0.0,0.0,0.0,1.0
429526,0,1,3400,-57,57,976,11,14,0.50,1423904.000000,0,2.1,0.0,0.0,41088.000000,55,0.0,0.0,0.0,1.0
429775,0,1,3400,-57,57,973,8.4,14,0.50,1166080.000000,0,2.1,0.0,0.0,0.0,0.0,0.0,0.0,0.0,1.0
430024,0,1,3400,-57,57,969,9.8,14,0.50,1387232.000000,0,2.1,0.0,0.0,14304.000000,53,0.0,0.0,0.0,1.0
430273,0,1,3400,-57,57,974,6.6,15,0.50,947360.000000,0,2.1,0.0,0.0,0.0,0.0,0.0,0.0,0.0,1.0
430522,0,1,3400,-57,57,972,12,15,0.53,1688800.000000,0,2.1,0.0,0.0,0.0,0.0,0.0,0.0,0.0,1.0
430771,0,1,3400,-57,57,972,12,15,0.50,1600384.000000,0,2.1,0.0,0.0,0.0,0.0,0.0,0.0,0.0,1.0
431020,0,1,3400,-57,57,972,11,14,0.50,1435872.000000,0,2.1,0.0,0.0,5536.000000,0,0.0,0.0,0.0,1.0
431269,0,1,3400,-57,57,971,10,14,0.50,1371040.000000,0,2.1,0.0,0.0,57184.000000,47,0.0,0.0,0.0,1.0
431518,0,1,3400,-57,57,972,11,14,0.50,1450016.000000,0,2.1,0.0,0.0,0.0,0.0,0.0,0.0,0.0,1.0
431767,0,1,3400,-57,57,972,12,14,0.50,1675968.000000,0,2.1,0.0,0.0,0.0,0.0,0.0,0.0,0.0,1.0
432016,0,1,3400,-57,57,980,7.7,14,0.51,1138208.000000,0,2.1,0.0,415,0.0,67,0.0,0.0,0.0,1.0
432265,0,1,3400,-57,57,978,13,14,0.54,1975456.000000,0,2.1,0.0,415,0.0,100.000000,0.0,0.0,0.0,1.0
432514,0,1,3400,-57,57,979,6.7,14,0.50,976512.000000,0,2.1,3.5,0.0,114368.000000,41,0.0,0.0,0.0,1.0
432763,0,1,3400,-57,57,975,8.0,14,0.50,1122016.000000,0,2.1,8.0,0.0,0.0,0.0,0.0,0.0,0.0,1.0
433012,0,1,3400,-57,57,966,9.9,14,0.50,1351936.000000,0,2.1,8.0,415,0.0,50,0.0,0.0,0.0,1.0
433261,0,1,3400,-57,57,972,4.9,14,0.50,758368.000000,0,2.1,13,0.0,26304.000000,40,0.0,0.0,0.0,1.0
433510,0,1,3400,-57,57,969,11,14,0.57,1410176.000000,2,2.1,15,0.0,0.0,0.0,0.0,0.0,0.0,1.0
433759,0,1,3400,-57,57,962,9.3,14,0.50,1264544.000000,0,2.1,15,0.0,0.0,0.0,0.0,0.0,0.0,1.0
434008,0,1,3400,-57,57,962,11,15,0.50,1484992.000000,0,2.1,15,0.0,188032.000000,65,0.0,0.0,0.0,1.0
434257,0,1,3400,-57,57,966,8.6,15,0.50,1202112.000000,0,2.1,16,0.0,0.0,0.0,0.0,0.0,0.0,1.0
434506,0,1,3400,-57,57,968,9.1,14,0.53,1413696.000000,0,2.1,16,0.0,0.0,0.0,0.0,0.0,0.0,1.0
434755,0,1,3400,-57,57,969,5.6,15,0.50,857984.000000,0,2.1,16,0.0,0.0,0.0,0.0,0.0,0.0,1.0
435004,0,1,3400,-57,57,970,9.6,15,0.50,1316544.000000,0,2.1,13,0.0,64128.000000,43,0.0,0.0,0.0,1.0
435253,0,1,3400,-57,57,969,9.3,14,0.50,1284800.000000,0,2.1,0.0,0.0,0.0,100.000000,0.0,0.0,0.0,1.0
435502,0,1,3400,-57,57,968,11,14,0.50,1586624.000000,0,2.1,0.0,0.0,0.0,0.0,0.0,0.0,0.0,1.0
435751,0,1,3400,-57,57,969,11,13,0.50,1458208.000000,0,2.1,0.0,0.0,0.0,0.0,0.0,0.0,0.0,1.0
436000,0,1,3400,-57,57,969,11,14,0.50,1517344.000000,0,2.1,0.0,0.0,19584.000000,47,0.0,0.0,0.0,1.0
436249,0,1,3400,-57,57,968,8.1,14,0.50,1146688.000000,0,2.1,0.0,0.0,0.0,0.0,0.0,0.0,0.0,1.0
436498,0,1,3400,-57,57,963,9.2,15,0.50,1259488.000000,0,2.1,0.0,0.0,0.0,0.0,0.0,0.0,0.0,1.0
436747,0,1,3400,-57,57,968,9.0,14,0.50,1241536.000000,0,2.1,0.0,0.0,0.0,0.0,0.0,0.0,0.0,1.0
436996,0,1,3400,-57,57,969,9.5,14,0.50,1408352.000000,0,2.1,1.7,55,0.0,80,0.0,0.0,0.0,1.0
437245,0,1,3400,-57,57,971,10,14,0.50,1392896.000000,0,2.1,7.5,55,0.0,0.0,0.0,0.0,0.0,1.0
437494,0,1,3400,-57,57,975,10,14,0.50,1412640.000000,0,2.1,1.9,0.0,7680.000000,33,0.0,0.0,0.0,1.0
437743,0,1,3400,-57,57,963,8.1,14,0.50,1139168.000000,0,2.1,0.0,0.0,0.0,0.0,0.0,0.0,0.0,1.0
437992,0,1,3400,-57,57,964,11,14,0.53,1708928.000000,0,2.1,0.0,581,0.0,0.0,0.0,0.0,0.0,1.0
438241,0,1,3400,-57,57,970,11,14,0.51,1517024.000000,0,2.1,0.0,0.0,8512.000000,63,0.0,0.0,0.0,1.0
438490,0,1,3400,-57,57,971,10,14,0.50,1410400.000000,0,2.1,0.0,0.0,0.0,0.0,0.0,0.0,0.0,1.0
438739,0,1,3400,-57,57,972,11,14,0.50,1482912.000000,0,2.1,0.0,0.0,0.0,0.0,0.0,0.0,0.0,1.0
438988,0,1,3400,-57,57,969,9.9,15,0.50,1351840.000000,0,2.1,0.0,0.0,5536.000000,17,0.0,0.0,0.0,1.0
439237,0,1,3400,-57,57,971,6.4,14,0.50,959360.000000,0,2.1,0.0,0.0,47264.000000,55,0.0,0.0,0.0,1.0
439486,0,1,3400,-57,57,974,8.2,14,0.50,1139104.000000,0,2.1,0.0,0.0,0.0,0.0,0.0,0.0,0.0,1.0
439735,0,1,3400,-57,57,975,10,14,0.50,1415552.000000,0,2.1,0.0,0.0,0.0,0.0,0.0,0.0,0.0,1.0
439984,0,1,3400,-57,57,972,6.2,14,0.50,916448.000000,0,2.1,0.0,581,0.0,0.0,0.0,0.0,0.0,1.0
440233,0,1,3400,-57,57,972,11,14,0.54,1579904.000000,0,2.1,0.0,415,0.0,80,0.0,0.0,0.0,1.0
440482,0,1,3400,-57,57,967,12,14,0.53,1661984.000000,0,2.1,0.0,0.0,23072.000000,44,0.0,0.0,0.0,1.0
440731,0,1,3400,-57,57,970,7.1,14,0.50,1006528.000000,0,2.1,0.0,0.0,0.0,0.0,0.0,0.0,0.0,1.0
440980,0,1,3400,-57,57,974,10,14,0.52,1425216.000000,0.4,2.1,0.0,415,0.0,50,0.0,0.0,0.0,1.0
441229,0,1,3400,-57,57,974,7.2,15,0.50,1055392.000000,0,2.1,20,0.0,51072.000000,43,0.0,0.0,0.0,1.0
441478,0,1,3400,-57,57,975,11,14,0.50,1440480.000000,0,2.1,23,0.0,0.0,0.0,0.0,0.0,0.0,1.0
441727,0,1,3400,-57,57,969,8.1,14,0.50,1129472.000000,0,2.1,23,0.0,0.0,0.0,0.0,0.0,0.0,1.0
441976,0,1,3400,-57,57,967,11,14,0.50,1449184.000000,0,2.1,21,0.0,25824.000000,40,0.0,0.0,0.0,1.0
442225,0,1,3400,-57,57,972,11,14,0.50,1533664.000000,0,2.1,0.0,0.0,8768.000000,60,0.0,0.0,0.0,1.0
442474,0,1,3400,-57,57,974,8.0,14,0.50,1235008.000000,0,2.1,0.0,0.0,0.0,0.0,0.0,0.0,0.0,1.0
442723,0,1,3400,-57,57,974,6.8,14,0.50,960928.000000,0,2.1,0.0,0.0,0.0,0.0,0.0,0.0,0.0,1.0
442972,0,1,3400,-57,57,977,12,15,0.78,1914208.000000,0,2.1,0.12,0.0,30656.000000,35,0.0,0.0,0.0,1.0
443221,0,1,3400,-57,57,973,8.9,15,0.50,1250688.000000,0,2.1,0.72,0.0,11488.000000,53,0.0,0.0,0.0,1.0
443470,0,1,3400,-57,57,971,8.0,15,0.50,1152672.000000,0,2.1,0.0,0.0,0.0,0.0,0.0,0.0,0.0,1.0
443719,0,1,3400,-57,57,975,12,14,0.82,1966528.000000,0,2.1,0.0,0.0,0.0,0.0,0.0,0.0,0.0,1.0
443968,0,1,3400,-57,57,973,11,14,0.50,1585408.000000,0,2.1,0.49,0.0,34112.000000,0,0.0,0.0,0.0,1.0
444217,0,1,3400,-57,57,975,15,14,0.98,2564736.000000,0.8,2.1,16,0.0,88512.000000,73,0.0,0.0,0.0,1.0
444466,0,1,3400,-57,57,970,8.5,15,0.50,1159520.000000,0,2.1,16,0.0,0.0,0.0,0.0,0.0,0.0,1.0
444715,0,1,3400,-57,57,971,11,14,0.50,1525472.000000,0,2.1,16,0.0,0.0,0.0,0.0,0.0,0.0,1.0
444964,0,1,3400,-57,57,970,9.6,14,0.50,1323360.000000,0,2.1,15,0.0,5536.000000,0,0.0,0.0,0.0,1.0
445213,0,1,3400,-57,57,970,9.7,14,0.50,1316800.000000,0,2.1,0.78,0.0,14048.000000,59,0.0,0.0,0.0,1.0
445462,0,1,3400,-57,57,970,8.1,14,0.50,1125088.000000,0,2.1,0.0,0.0,0.0,0.0,0.0,0.0,0.0,1.0
445711,0,1,3400,-57,57,967,9.0,15,0.50,1251232.000000,0,2.1,0.0,0.0,0.0,0.0,0.0,0.0,0.0,1.0
445960,0,1,3400,-57,57,967,10,14,0.50,1458368.000000,0,2.1,0.0,415,0.0,50,0.0,0.0,0.0,1.0
446209,0,1,3400,-57,57,970,4.0,15,0.50,707232.000000,0,2.1,1.7,0.0,116768.000000,57,0.0,0.0,0.0,1.0
446458,0,1,3400,-57,57,977,5.8,14,0.50,868480.000000,0,2.1,0.0,0.0,0.0,0.0,0.0,0.0,0.0,1.0
446707,0,1,3400,-57,57,976,12,15,0.54,1744320.000000,0,2.1,0.0,0.0,0.0,0.0,0.0,0.0,0.0,1.0
446956,0,1,3400,-57,57,973,11,15,0.50,1502784.000000,0,2.1,0.0,0.0,5536.000000,0,0.0,0.0,0.0,1.0
447205,0,1,3400,-57,57,971,9.9,14,0.50,1303680.000000,0,2.1,0.0,0.0,62720.000000,40,0.0,0.0,0.0,1.0
447454,0,1,3400,-57,57,971,10,14,0.50,1462400.000000,0,2.1,0.0,0.0,0.0,0.0,0.0,0.0,0.0,1.0
447703,0,1,3400,-57,57,978,8.1,14,0.50,1130144.000000,0,2.1,0.0,0.0,0.0,0.0,0.0,0.0,0.0,1.0
447952,0,1,3400,-57,57,975,7.2,14,0.50,1004160.000000,0,2.1,0.0,415,5536.000000,33,0.0,0.0,0.0,1.0
448201,0,1,3400,-57,57,974,8.8,14,0.50,1238528.000000,0,2.1,0.0,0.0,68000.000000,44,0.0,0.0,0.0,1.0
448450,0,1,3400,-57,57,977,10,14,0.50,1422816.000000,0,2.1,0.0,0.0,0.0,0.0,0.0,0.0,0.0,1.0
448699,0,1,3400,-57,57,973,12,15,0.53,1676896.000000,0,2.1,0.0,0.0,0.0,0.0,0.0,0.0,0.0,1.0
448948,0,1,3400,-57,57,973,5.7,14,0.50,844096.000000,0,2.1,0.0,415,0.0,80,0.0,0.0,0.0,1.0
449197,0,1,3400,-57,57,975,9.1,15,0.50,1292160.000000,0,2.1,0.0,415,0.0,0.0,0.0,0.0,0.0,1.0
449446,0,1,3400,-57,57,976,11,14,0.50,1461472.000000,0,2.1,0.96,0.0,14560.000000,50,0.0,0.0,0.0,1.0
449695,0,1,3400,-57,57,974,9.3,14,0.50,1306560.000000,0,2.1,0.0,0.0,0.0,0.0,0.0,0.0,0.0,1.0
449944,0,1,3400,-57,57,976,8.0,14,0.50,1112096.000000,0,2.1,0.0,415,0.0,80,0.0,0.0,0.0,1.0
450193,0,1,3400,-57,57,973,8.0,14,0.50,1086272.000000,0,2.1,0.0,415,0.0,0.0,0.0,0.0,0.0,1.0
450442,0,1,3400,-57,57,971,9.4,14,0.50,1319424.000000,0,2.1,0.0,0.0,22144.000000,47,0.0,0.0,0.0,1.0
450691,0,1,3400,-57,57,970,9.4,14,0.53,1374080.000000,0,2.1,0.0,0.0,0.0,0.0,0.0,0.0,0.0,1.0
450940,0,1,3400,-57,57,975,11,14,0.52,1579776.000000,0.4,2.1,1.2,0.0,70976.000000,60,0.0,0.0,0.0,1.0
451189,0,1,3400,-57,57,973,10,14,0.50,1494464.000000,0,2.1,8.0,0.0,0.0,0.0,0.0,0.0,0.0,1.0
451438,0,1,3400,-57,57,973,11,14,0.50,1492704.000000,0,2.1,8.0,0.0,0.0,0.0,0.0,0.0,0.0,1.0
451687,0,1,3400,-57,57,975,13,15,0.55,1873568.000000,0,2.1,8.0,0.0,0.0,0.0,0.0,0.0,0.0,1.0
451936,0,1,3400,-57,57,972,9.3,14,0.50,1306432.000000,0,2.1,7.4,415,5536.000000,33,0.0,0.0,0.0,1.0
452185,0,1,3400,-57,57,971,10.0,14,0.51,1368800.000000,0,2.1,0.0,0.0,58176.000000,39,0.0,0.0,0.0,1.0
452434,0,1,3400,-57,57,972,11,14,0.50,1494656.000000,0,2.1,0.0,0.0,0.0,0.0,0.0,0.0,0.0,1.0
452683,0,1,3400,-57,57,974,12,14,0.50,1693984.000000,0,2.1,0.0,0.0,0.0,0.0,0.0,0.0,0.0,1.0
452932,0,1,3400,-57,57,975,13,14,0.80,2116192.000000,0.4,2.1,1.8,0.0,26176.000000,40,0.0,0.0,0.0,1.0
453181,0,1,3400,-57,57,973,11,14,0.50,1466688.000000,0,2.1,14,0.0,20640.000000,0,0.0,0.0,0.0,1.0
453430,0,1,3400,-57,57,971,9.3,14,0.50,1265216.000000,0,2.1,14,0.0,0.0,0.0,0.0,0.0,0.0,1.0
453679,0,1,3400,-57,57,971,11,14,0.50,1451264.000000,0,2.1,14,0.0,0.0,0.0,0.0,0.0,0.0,1.0
453928,0,1,3400,-57,57,977,12,15,0.57,1748992.000000,0,2.1,15,0.0,130496.000000,65,0.0,0.0,0.0,1.0
454177,0,1,3400,-57,57,976,14,14,0.65,2134688.000000,0,2.1,16,0.0,0.0,0.0,0.0,0.0,0.0,1.0
454426,0,1,3400,-57,57,983,9.0,14,0.50,1221664.000000,0,2.1,16,0.0,0.0,0.0,0.0,0.0,0.0,1.0
454675,0,1,3400,-57,57,981,9.9,15,0.50,1346336.000000,0,2.1,16,0.0,0.0,0.0,0.0,0.0,0.0,1.0
454924,0,1,3400,-57,57,983,9.5,14,0.50,1325696.000000,0,2.1,13,0.0,29632.000000,0,0.0,0.0,0.0,1.0
455173,0,1,3400,-57,57,975,9.7,14,0.50,1356992.000000,0,2.1,0.0,0.0,0.0,0.0,0.0,0.0,0.0,1.0
455422,0,1,3400,-57,57,980,11,13,0.50,1476704.000000,0,2.1,0.0,0.0,0.0,0.0,0.0,0.0,0.0,1.0
455671,0,1,3400,-57,57,980,9.0,14,0.50,1258336.000000,0,2.1,0.0,0.0,0.0,0.0,0.0,0.0,0.0,1.0
455920,0,1,3400,-57,57,972,10,14,0.50,1408736.000000,0,2.1,0.0,0.0,21536.000000,31,0.0,0.0,0.0,1.0
456169,0,1,3400,-57,57,964,11,14,0.50,1581440.000000,0,2.1,0.0,0.0,0.0,0.0,0.0,0.0,0.0,1.0
456418,0,1,3400,-57,57,964,11,14,0.51,1552384.000000,0.4,2.1,0.0,0.0,0.0,0.0,0.0,0.0,0.0,1.0
456667,0,1,3400,-57,57,970,9.4,15,0.50,1286592.000000,0,2.1,0.0,0.0,0.0,0.0,0.0,0.0,0.0,1.0
456916,0,1,3400,-57,57,974,9.6,14,0.50,1302496.000000,0,2.1,1.7,55,0.0,80,0.0,0.0,0.0,1.0
457165,0,1,3400,-57,57,974,7.6,14,0.50,1099904.000000,0,2.1,7.5,55,0.0,0.0,0.0,0.0,0.0,1.0
457414,0,1,3400,-57,57,979,11,14,0.50,1468480.000000,0,2.1,4.6,0.0,23488.000000,44,0.0,0.0,0.0,1.0
457663,0,1,3400,-57,57,976,7.0,14,0.50,992256.000000,0,2.1,0.0,0.0,0.0,0.0,0.0,0.0,0.0,1.0
457912,0,1,3400,-57,57,976,11,14,0.50,1491296.000000,0,2.1,2.0,0.0,4384.000000,56,0.0,0.0,0.0,1.0
458161,0,1,3400,-57,57,977,8.1,14,0.50,1123808.000000,0,2.1,4.0,0.0,40480.000000,33,0.0,0.0,0.0,1.0
458410,0,1,3400,-57,57,973,11,14,0.50,1476800.000000,0,2.1,0.0,0.0,0.0,0.0,0.0,0.0,0.0,1.0
458659,0,1,3400,-57,57,970,11,14,0.50,1489856.000000,0,2.1,0.0,0.0,0.0,0.0,0.0,0.0,0.0,1.0
458908,0,1,3400,-57,57,976,11,14,0.50,1541216.000000,0,2.1,0.0,0.0,5536.000000,0,0.0,0.0,0.0,1.0
459157,0,1,3400,-57,57,965,8.4,14,0.50,1164448.000000,0,2.1,0.0,0.0,30816.000000,44,0.0,0.0,0.0,1.0
459406,0,1,3400,-57,57,967,11,14,0.50,1638432.000000,0,2.1,0.0,0.0,0.0,0.0,0.0,0.0,0.0,1.0
459655,0,1,3400,-57,57,974,10,14,0.50,1410880.000000,0,2.1,0.0,0.0,0.0,0.0,0.0,0.0,0.0,1.0
459904,0,1,3400,-57,57,974,8.5,14,0.66,1245920.000000,1,2.1,0.76,0.0,33088.000000,40,0.0,0.0,0.0,1.0
460153,0,1,3400,-57,57,964,12,14,0.68,1848544.000000,0,2.1,7.0,0.0,8096.000000,0,0.0,0.0,0.0,1.0
460402,0,1,3400,-57,57,967,11,14,0.50,1430976.000000,0,2.1,7.0,0.0,0.0,0.0,0.0,0.0,0.0,1.0
460651,0,1,3400,-57,57,971,6.8,14,0.50,972352.000000,0,2.1,7.0,0.0,0.0,0.0,0.0,0.0,0.0,1.0
460900,0,1,3400,-57,57,972,9.5,14,0.50,1300768.000000,0,2.1,7.1,55,0.0,80,0.0,0.0,0.0,1.0
461149,0,1,3400,-57,57,969,9.4,14,0.50,1297376.000000,0,2.1,7.5,55,0.0,0.0,0.0,0.0,0.0,1.0
461398,0,1,3400,-57,57,970,10,14,0.52,1511648.000000,0,2.1,1.6,0.0,7680.000000,33,0.0,0.0,0.0,1.0
461647,0,1,3400,-57,57,970,8.0,14,0.50,1137792.000000,0,2.1,0.0,0.0,0.0,0.0,0.0,0.0,0.0,1.0
461896,0,1,3400,-57,57,972,11,14,0.52,1593824.000000,0,2.1,0.0,415,0.0,80,0.0,0.0,0.0,1.0
462145,0,1,3400,-57,57,968,11,14,0.50,1467712.000000,0,2.1,0.0,415,0.0,0.0,0.0,0.0,0.0,1.0
462394,0,1,3400,-57,57,972,11,14,0.50,1611168.000000,0,2.1,0.0,249,0.0,80,0.0,0.0,0.0,1.0
462643,0,1,3400,-57,57,961,12,14,0.81,1880960.000000,0.8,2.1,0.0,0.0,29120.000000,60,0.0,0.0,0.0,1.0
462892,0,1,3400,-57,57,966,11,14,0.50,1477056.000000,0,2.1,1.5,71,0.0,80,0.0,0.0,0.0,1.0
463141,0,1,3400,-57,57,970,11,14,0.50,1572480.000000,0,2.1,6.5,71,0.0,0.0,0.0,0.0,0.0,1.0
463390,0,1,3400,-57,57,969,11,14,0.50,1459520.000000,0,2.1,2.7,0.0,8512.000000,33,0.0,0.0,0.0,1.0
463639,0,1,3400,-57,57,972,9.4,14,0.50,1394976.000000,0,2.1,0.0,0.0,0.0,0.0,0.0,0.0,0.0,1.0
463888,0,1,3400,-57,57,973,11,14,0.50,1474656.000000,0,2.1,0.0,581,0.0,0.0,0.0,0.0,0.0,1.0
464137,0,1,3400,-57,57,975,12,14,0.53,1662784.000000,0,2.1,6.2,0.0,128384.000000,29,0.0,0.0,0.0,1.0
464386,0,1,3400,-57,57,975,14,14,0.81,2172704.000000,0,2.1,8.0,0.0,0.0,0.0,0.0,0.0,0.0,1.0
464635,0,1,3400,-57,57,966,11,14,0.50,1450208.000000,0,2.1,8.0,0.0,0.0,0.0,0.0,0.0,0.0,1.0
464884,0,1,3400,-57,57,963,8.1,14,0.54,1221440.000000,0,2.1,8.0,581,0.0,0.0,0.0,0.0,0.0,1.0
465133,0,1,3400,-57,57,964,9.6,14,0.52,1382112.000000,0,2.1,0.71,0.0,29504.000000,61,0.0,0.0,0.0,1.0
465382,0,1,3400,-57,57,969,16,14,1.1,2672768.000000,1,2.1,0.0,0.0,0.0,0.0,0.0,0.0,0.0,1.0
465631,0,1,3400,-57,57,977,8.0,14,0.50,1110784.000000,0,2.1,0.0,0.0,0.0,0.0,0.0,0.0,0.0,1.0
465880,0,1,3400,-57,57,979,13,14,0.82,2051648.000000,0,2.1,0.0,415,0.0,50,0.0,0.0,0.0,1.0
466129,0,1,3400,-57,57,973,11,14,0.50,1605312.000000,0,2.1,0.0,415,0.0,100.000000,0.0,0.0,0.0,1.0
466378,0,1,3400,-57,57,969,9.1,14,0.50,1276256.000000,0,2.1,0.0,249,0.0,80,0.0,0.0,0.0,1.0
466627,0,1,3400,-57,57,974,9.2,14,0.50,1260544.000000,0,2.1,0.88,0.0,5536.000000,44,0.0,0.0,0.0,1.0
466876,0,1,3400,-57,57,975,11,14,0.50,1502464.000000,0,2.1,0.90,0.0,37344.000000,30,0.0,0.0,0.0,1.0
467125,0,1,3400,-57,57,971,11,15,0.50,1526656.000000,0,2.1,0.11,0.0,11488.000000,0,0.0,0.0,0.0,1.0
467374,0,1,3400,-57,57,968,11,14,0.50,1461504.000000,0,2.1,0.0,0.0,0.0,0.0,0.0,0.0,0.0,1.0
467623,0,1,3400,-57,57,967,9.7,14,0.50,1335328.000000,0,2.1,0.0,0.0,0.0,0.0,0.0,0.0,0.0,1.0
467872,0,1,3400,-57,57,962,11,15,0.50,1504800.000000,0,2.1,1.7,55,0.0,80,0.0,0.0,0.0,1.0
468121,0,1,3400,-57,57,966,12,14,0.81,1886976.000000,0.4,2.1,7.5,55,0.0,0.0,0.0,0.0,0.0,1.0
468370,0,1,3400,-57,57,972,11,14,0.50,1462432.000000,0,2.1,3.1,0.0,7680.000000,0,0.0,0.0,0.0,1.0
468619,0,1,3400,-57,57,975,9.4,14,0.50,1297376.000000,0,2.1,0.0,0.0,0.0,0.0,0.0,0.0,0.0,1.0
468868,0,1,3400,-57,57,971,8.6,14,0.50,1210880.000000,0,2.1,0.0,415,0.0,50,0.0,0.0,0.0,1.0
469117,0,1,3400,-57,57,969,7.8,15,0.50,1077504.000000,0,2.1,0.0,415,0.0,100.000000,0.0,0.0,0.0,1.0
469366,0,1,3400,-57,57,966,9.8,14,0.50,1399616.000000,0,2.1,0.0,0.0,23584.000000,33,0.0,0.0,0.0,1.0
469615,0,1,3400,-57,57,969,11,14,0.50,1443616.000000,0,2.1,0.0,0.0,0.0,0.0,0.0,0.0,0.0,1.0
469864,0,1,3400,-57,57,970,15,14,0.87,2283840.000000,0.8,2.1,0.0,415,0.0,80,0.0,0.0,0.0,1.0
470113,0,1,3400,-57,57,969,12,14,0.50,1697504.000000,0,2.1,0.0,415,0.0,0.0,0.0,0.0,0.0,1.0
470362,0,1,3400,-57,57,975,9.8,14,0.50,1350688.000000,0,2.1,0.0,0.0,14560.000000,54,0.0,0.0,0.0,1.0
470611,0,1,3400,-57,57,972,11,14,0.50,1443680.000000,0,2.1,0.0,0.0,0.0,0.0,0.0,0.0,0.0,1.0
470860,0,1,3400,-57,57,972,9.0,14,0.50,1220512.000000,0,2.1,0.0,0.0,5536.000000,0,0.0,0.0,0.0,1.0
471109,0,1,3400,-57,57,969,8.2,14,0.50,1179808.000000,0,2.1,7.4,0.0,43936.000000,44,0.0,0.0,0.0,1.0
471358,0,1,3400,-57,57,971,7.4,14,0.50,1057664.000000,0,2.1,7.5,0.0,0.0,0.0,0.0,0.0,0.0,1.0
471607,0,1,3400,-57,57,974,8.4,14,0.53,1174784.000000,0.9,2.1,7.5,0.0,0.0,0.0,0.0,0.0,0.0,1.0
471856,0,1,3400,-57,57,975,11,14,0.50,1430560.000000,0,2.1,7.0,0.0,5536.000000,17,0.0,0.0,0.0,1.0
472105,0,1,3400,-57,57,969,9.2,14,0.50,1276512.000000,0,2.1,0.0,0.0,28096.000000,36,0.0,0.0,0.0,1.0
472354,0,1,3400,-57,57,973,11,14,0.53,1410848.000000,0.4,2.1,0.0,0.0,0.0,0.0,0.0,0.0,0.0,1.0
472603,0,1,3400,-57,57,973,7.9,14,0.50,1091232.000000,0,2.1,0.0,0.0,0.0,0.0,0.0,0.0,0.0,1.0
472852,0,1,3400,-57,57,967,11,14,0.50,1451008.000000,0,2.1,0.0,0.0,33632.000000,35,0.0,0.0,0.0,1.0
473101,0,1,3400,-57,57,972,10,14,0.50,1404160.000000,0,2.1,0.0,0.0,8512.000000,50,0.0,0.0,0.0,1.0
473350,0,1,3400,-57,57,972,12,14,0.86,1864288.000000,0.4,2.1,0.0,0.0,0.0,0.0,0.0,0.0,0.0,1.0
473599,0,1,3400,-57,57,971,8.0,14,0.50,1155648.000000,0,2.1,0.0,0.0,0.0,0.0,0.0,0.0,0.0,1.0
473848,0,1,3400,-57,57,969,23,14,2.9,698848.000000,66,2.1,0.0,0.0,0.0,0.0,0.0,0.0,0.0,1.0
474097,0,1,3400,-57,57,973,12,14,0.81,1350752.000000,8,2.1,0.84,0.0,28096.000000,53,0.0,0.0,0.0,1.0
474346,0,1,3400,-58,58,973,8.3,14,0.50,1140448.000000,0,2.1,5.0,0.0,0.0,0.0,0.0,0.0,0.0,1.0
474595,0,1,3400,-57,57,968,7.8,14,0.50,1148704.000000,0,2.1,5.0,0.0,0.0,0.0,0.0,0.0,0.0,1.0
474844,0,1,3400,-57,57,973,11,14,0.50,1510976.000000,0,2.1,5.0,415,0.0,67,0.0,0.0,0.0,1.0
475093,0,1,3400,-57,57,968,8.8,14,0.50,1241888.000000,0,2.1,5.0,415,0.0,100.000000,0.0,0.0,0.0,1.0
475342,0,1,3400,-57,57,963,11,14,0.50,1501760.000000,0,2.1,5.0,249,0.0,80,0.0,0.0,0.0,1.0
475591,0,1,3400,-57,57,966,12,14,0.50,1851968.000000,0,2.1,4.2,0.0,14560.000000,27,0.0,0.0,0.0,1.0
475840,0,1,3400,-57,57,970,9.1,14,0.50,1261888.000000,0,2.1,0.0,415,26528.000000,67,0.0,0.0,0.0,1.0
476089,0,1,3400,-57,57,973,9.0,14,0.50,1258432.000000,0,2.1,0.0,0.0,8512.000000,67,0.0,0.0,0.0,1.0
476338,0,1,3400,-57,57,975,9.1,14,0.50,1255968.000000,0,2.1,0.0,0.0,0.0,0.0,0.0,0.0,0.0,1.0
476587,0,1,3400,-57,57,973,12,14,0.50,1627936.000000,0,2.1,0.0,0.0,0.0,0.0,0.0,0.0,0.0,1.0
476836,0,1,3400,-57,57,981,11,14,0.50,1465056.000000,0,2.1,0.54,55,0.0,67,0.0,0.0,0.0,1.0
477085,0,1,3400,-57,57,975,11,14,0.50,1472064.000000,0,2.1,7.5,55,0.0,100.000000,0.0,0.0,0.0,1.0
477334,0,1,3400,-57,57,974,8.9,14,0.50,1247552.000000,0,2.1,2.8,0.0,7680.000000,0,0.0,0.0,0.0,1.0
477583,0,1,3400,-57,57,974,9.3,14,0.50,1280416.000000,0,2.1,0.0,0.0,0.0,0.0,0.0,0.0,0.0,1.0
477832,0,1,3400,-57,57,971,11,14,0.50,1467040.000000,0,2.1,0.0,415,0.0,50,0.0,0.0,0.0,1.0
478081,0,1,3400,-57,57,969,11,13,0.50,1432864.000000,0,2.1,0.0,415,0.0,100.000000,0.0,0.0,0.0,1.0
478330,0,1,3400,-57,57,971,11,14,0.52,1551872.000000,0,2.1,2.0,0.0,108832.000000,49,0.0,0.0,0.0,1.0
478579,0,1,3400,-57,57,975,12,14,0.87,1857024.000000,0.8,2.1,8.0,0.0,0.0,0.0,0.0,0.0,0.0,1.0
478828,0,1,3400,-57,57,977,11,14,0.50,1478784.000000,0,2.1,8.0,415,0.0,80,0.0,0.0,0.0,1.0
479077,0,1,3400,-57,57,970,9.8,14,0.50,1315392.000000,0,2.1,8.0,415,0.0,0.0,0.0,0.0,0.0,1.0
479326,0,1,3400,-57,57,969,9.0,14,0.50,1265632.000000,0,2.1,6.4,0.0,114368.000000,45,0.0,0.0,0.0,1.0
479575,0,1,3400,-57,57,972,11,14,0.50,1432960.000000,0,2.1,8.0,0.0,0.0,0.0,0.0,0.0,0.0,1.0
479824,0,1,3400,-57,57,974,9.7,14,0.50,1412832.000000,0,2.1,7.5,415,0.0,67,0.0,0.0,0.0,1.0
480073,0,1,3400,-57,57,974,11,14,0.50,1570944.000000,0,2.1,0.0,415,0.0,100.000000,0.0,0.0,0.0,1.0
480322,0,1,3400,-57,57,973,11,14,0.50,1462208.000000,0,2.1,0.0,0.0,14560.000000,46,0.0,0.0,0.0,1.0
480571,0,1,3400,-57,57,973,8.2,14,0.50,1155296.000000,0,2.1,0.0,0.0,0.0,0.0,0.0,0.0,0.0,1.0
480820,0,1,3400,-57,57,973,11,14,0.50,1522176.000000,0,2.1,0.0,415,5536.000000,33,0.0,0.0,0.0,1.0
481069,0,1,3400,-57,57,971,8.9,14,0.50,1239072.000000,0,2.1,0.0,0.0,25120.000000,59,0.0,0.0,0.0,1.0
481318,0,1,3400,-57,57,974,11,14,0.53,1479520.000000,0,2.1,0.0,0.0,0.0,0.0,0.0,0.0,0.0,1.0
481567,0,1,3400,-57,57,972,10,14,0.50,1439072.000000,0,2.1,0.0,0.0,0.0,0.0,0.0,0.0,0.0,1.0
481816,0,1,3400,-57,57,972,8.2,14,0.50,1229248.000000,0,2.1,0.90,0.0,19168.000000,67,0.0,0.0,0.0,1.0
482065,0,1,3400,-57,57,975,10.0,14,0.50,1371136.000000,0,2.1,7.0,0.0,0.0,0.0,0.0,0.0,0.0,1.0
482314,0,1,3400,-57,57,980,11,14,0.50,1465056.000000,0,2.1,7.0,0.0,0.0,0.0,0.0,0.0,0.0,1.0
482563,0,1,3400,-57,57,979,9.3,14,0.50,1282080.000000,0,2.1,7.0,0.0,0.0,0.0,0.0,0.0,0.0,1.0
482812,0,1,3400,-57,57,969,9.7,14,0.50,1333184.000000,0,2.1,7.0,0.0,3488.000000,0,0.0,0.0,0.0,1.0
483061,0,1,3400,-57,57,975,11,14,0.57,1625760.000000,0,2.1,15,0.0,330400.000000,59,0.0,0.0,0.0,1.0
483310,0,1,3400,-57,57,974,11,14,0.50,1453440.000000,0,2.1,15,0.0,0.0,0.0,0.0,0.0,0.0,1.0
483559,0,1,3400,-57,57,972,10,14,0.50,1416768.000000,0,2.1,15,0.0,0.0,0.0,0.0,0.0,0.0,1.0
483808,0,1,3400,-57,57,974,6.0,14,0.50,855136.000000,0,2.1,14,0.0,5536.000000,0,0.0,0.0,0.0,1.0
484057,0,1,3400,-57,57,970,8.0,14,0.50,1104416.000000,0,2.1,0.83,0.0,28352.000000,47,0.0,0.0,0.0,1.0
484306,0,1,3400,-57,57,978,8.9,13,0.50,1209376.000000,0,2.1,0.0,0.0,0.0,0.0,0.0,0.0,0.0,1.0
484555,0,1,3400,-57,57,979,9.4,14,0.50,1273120.000000,0,2.1,0.0,0.0,0.0,0.0,0.0,0.0,0.0,1.0
484804,0,1,3400,-57,57,973,11,14,0.50,1460608.000000,0,2.1,0.0,415,0.0,80,0.0,0.0,0.0,1.0
485053,0,1,3400,-57,57,969,11,14,0.50,1452352.000000,0,2.1,0.0,415,0.0,0.0,0.0,0.0,0.0,1.0
485302,0,1,3400,-57,57,969,9.4,14,0.50,1286624.000000,0,2.1,0.0,0.0,26048.000000,43,0.0,0.0,0.0,1.0
485551,0,1,3400,-57,57,973,9.2,14,0.50,1262368.000000,0,2.1,0.0,0.0,0.0,0.0,0.0,0.0,0.0,1.0
485800,0,1,3400,-57,57,977,7.3,14,0.50,1017984.000000,0,2.1,0.0,415,0.0,67,0.0,0.0,0.0,1.0
486049,0,1,3400,-57,57,973,11,14,0.73,1766880.000000,0.4,2.1,0.0,0.0,30656.000000,35,0.0,0.0,0.0,1.0
486298,0,1,3400,-57,57,974,9.0,14,0.60,1383360.000000,0,2.1,0.0,0.0,0.0,0.0,0.0,0.0,0.0,1.0
486547,0,1,3400,-57,57,966,8.7,14,0.50,1217280.000000,0,2.1,0.0,0.0,0.0,0.0,0.0,0.0,0.0,1.0
486796,0,1,3400,-57,57,971,9.9,14,0.50,1341600.000000,0,2.1,0.0,415,0.0,80,0.0,0.0,0.0,1.0
487045,0,1,3400,-57,57,975,9.7,14,0.50,1314080.000000,0,2.1,0.0,415,0.0,0.0,0.0,0.0,0.0,1.0
487294,0,1,3400,-57,57,974,11,13,0.50,1454016.000000,0,2.1,0.0,0.0,9024.000000,62,0.0,0.0,0.0,1.0
487543,0,1,3400,-57,57,980,11,14,0.50,1465408.000000,0,2.1,0.0,0.0,0.0,0.0,0.0,0.0,0.0,1.0
487792,0,1,3400,-57,57,976,9.3,14,0.50,1280512.000000,0,2.1,0.18,0.0,5536.000000,0,0.0,0.0,0.0,1.0
488041,0,1,3400,-57,57,974,9.2,13,0.50,1298464.000000,0,2.1,8.5,0.0,65248.000000,56,0.0,0.0,0.0,1.0
488290,0,1,3400,-57,57,974,9.7,14,0.50,1346560.000000,0,2.1,0.0,0.0,0.0,0.0,0.0,0.0,0.0,1.0
488539,0,1,3400,-57,57,972,13,14,0.83,2062208.000000,2,2.1,0.0,0.0,0.0,0.0,0.0,0.0,0.0,1.0
488788,0,1,3400,-57,57,968,9.9,14,0.50,1354848.000000,0,2.1,0.0,0.0,5536.000000,0,0.0,0.0,0.0,1.0
489037,0,1,3400,-57,57,971,9.3,14,0.50,1348992.000000,0,2.1,0.0,0.0,20000.000000,65,0.0,0.0,0.0,1.0
489286,0,1,3400,-57,57,976,12,14,0.56,1788256.000000,0,2.1,0.0,0.0,0.0,0.0,0.0,0.0,0.0,1.0
489535,0,1,3400,-57,57,978,12,14,0.50,1676320.000000,0,2.1,0.0,0.0,0.0,0.0,0.0,0.0,0.0,1.0
489784,0,1,3400,-57,57,970,8.0,14,0.50,1148416.000000,0,2.1,0.0,415,5536.000000,33,0.0,0.0,0.0,1.0
490033,0,1,3400,-57,57,974,9.5,14,0.50,1309888.000000,0,2.1,0.0,0.0,25536.000000,48,0.0,0.0,0.0,1.0
490282,0,1,3400,-57,57,975,9.5,14,0.50,1309920.000000,0,2.1,0.0,0.0,0.0,0.0,0.0,0.0,0.0,1.0
490531,0,1,3400,-57,57,972,11,14,0.50,1427616.000000,0,2.1,0.0,0.0,0.0,0.0,0.0,0.0,0.0,1.0
490780,0,1,3400,-57,57,973,11,14,0.50,1457824.000000,0,2.1,0.0,415,0.0,50,0.0,0.0,0.0,1.0
491029,0,1,3400,-57,57,971,13,14,0.81,2093216.000000,0,2.1,0.0,0.0,22144.000000,58,0.0,0.0,0.0,1.0
491278,0,1,3400,-57,57,970,11,14,0.50,1450016.000000,0,2.1,0.0,0.0,0.0,0.0,0.0,0.0,0.0,1.0
491527,0,1,3400,-57,57,973,9.0,14,0.50,1250368.000000,0,2.1,0.0,0.0,0.0,0.0,0.0,0.0,0.0,1.0
491776,0,1,3400,-57,57,975,8.6,14,0.50,1184000.000000,0,2.1,0.0,0.0,5536.000000,0,0.0,0.0,0.0,1.0
492025,0,1,3400,-57,57,974,11,14,0.50,1459840.000000,0,2.1,6.7,0.0,50080.000000,45,0.0,0.0,0.0,1.0
492274,0,1,3400,-57,57,974,9.3,14,0.50,1274528.000000,0,2.1,7.0,0.0,0.0,0.0,0.0,0.0,0.0,1.0
492523,0,1,3400,-57,57,973,9.4,14,0.50,1294016.000000,0,2.1,7.0,0.0,0.0,0.0,0.0,0.0,0.0,1.0
492772,0,1,3400,-57,57,974,10,14,0.50,1441504.000000,0,2.1,6.7,0.0,5536.000000,17,0.0,0.0,0.0,1.0
493021,0,1,3400,-57,57,975,9.4,14,0.50,1291648.000000,0,2.1,0.0,0.0,19584.000000,71,0.0,0.0,0.0,1.0
493270,0,1,3400,-57,57,972,9.1,14,0.50,1263168.000000,0,2.1,0.0,0.0,0.0,0.0,0.0,0.0,0.0,1.0
493519,0,1,3400,-57,57,972,8.0,14,0.50,1133600.000000,0,2.1,0.0,0.0,0.0,0.0,0.0,0.0,0.0,1.0
493768,0,1,3400,-57,57,971,11,14,0.50,1477376.000000,0,2.1,0.0,0.0,19584.000000,44,0.0,0.0,0.0,1.0
494017,0,1,3400,-57,57,970,11,14,0.50,1435264.000000,0,2.1,0.0,0.0,37600.000000,47,0.0,0.0,0.0,1.0
494266,0,1,3400,-57,57,968,11,14,0.50,1540480.000000,0,2.1,0.0,0.0,0.0,0.0,0.0,0.0,0.0,1.0
494516,0,1,3400,-57,57,971,11,14,0.50,1461792.000000,0,2.1,0.0,0.0,0.0,0.0,0.0,0.0,0.0,1.0
494765,0,1,3400,-57,57,974,11,14,0.50,1458816.000000,0,2.1,0.0,0.0,5536.000000,0,0.0,0.0,0.0,1.0
495014,0,1,3400,-57,57,975,9.8,14,0.50,1332928.000000,0,2.1,0.0,0.0,2976.000000,92,0.0,0.0,0.0,1.0
495263,0,1,3400,-57,57,974,10,14,0.50,1384224.000000,0,2.1,0.0,0.0,0.0,0.0,0.0,0.0,0.0,1.0
495512,0,1,3400,-57,57,972,11,14,0.50,1590816.000000,0,2.1,0.0,0.0,0.0,0.0,0.0,0.0,0.0,1.0
495761,0,1,3400,-57,57,974,9.6,14,0.50,1337536.000000,0,2.1,2.5,0.0,14496.000000,60,0.0,0.0,0.0,1.0
496010,0,1,3400,-57,57,971,11,14,0.50,1441600.000000,0,2.1,0.0,0.0,14304.000000,57,0.0,0.0,0.0,1.0
496259,0,1,3400,-57,57,973,11,14,0.51,1553824.000000,0.4,2.1,0.0,0.0,0.0,0.0,0.0,0.0,0.0,1.0
496508,0,1,3400,-57,57,974,9.3,14,0.50,1293536.000000,0,2.1,0.0,0.0,0.0,0.0,0.0,0.0,0.0,1.0
496757,0,1,3400,-57,57,971,9.7,14,0.50,1349472.000000,0,2.1,0.0,581,0.0,0.0,0.0,0.0,0.0,1.0
497006,0,1,3400,-57,57,973,11,14,0.50,1587808.000000,0,2.1,1.0,0.0,20576.000000,31,0.0,0.0,0.0,1.0
497255,0,1,3400,-57,57,970,10,14,0.50,1412864.000000,0,2.1,0.0,0.0,0.0,0.0,0.0,0.0,0.0,1.0
497504,0,1,3400,-57,57,973,11,14,0.50,1461312.000000,0,2.1,0.0,0.0,0.0,0.0,0.0,0.0,0.0,1.0
497753,0,1,3400,-57,57,969,6.9,14,0.50,985344.000000,0,2.1,0.0,415,5536.000000,33,0.0,0.0,0.0,1.0
498002,0,1,3400,-57,57,969,11,14,0.50,1468128.000000,0,2.1,7.2,0.0,33152.000000,53,0.0,0.0,0.0,1.0
498251,0,1,3400,-57,57,977,11,14,0.50,1515136.000000,0,2.1,7.5,0.0,0.0,0.0,0.0,0.0,0.0,1.0
498500,0,1,3400,-57,57,982,11,14,0.50,1500288.000000,0,2.1,7.5,0.0,0.0,0.0,0.0,0.0,0.0,1.0
498749,0,1,3400,-57,57,975,11,14,0.50,1452032.000000,0,2.1,7.5,581,0.0,0.0,0.0,0.0,0.0,1.0
498998,0,1,3400,-57,57,971,7.7,14,0.50,1103360.000000,0,2.1,0.72,415,0.0,80,0.0,0.0,0.0,1.0
499247,0,1,3400,-57,57,977,11,14,0.50,1476032.000000,0,2.1,0.95,0.0,20480.000000,31,0.0,0.0,0.0,1.0
499496,0,1,3400,-57,57,978,5.3,14,0.50,791072.000000,0,2.1,0.0,0.0,0.0,0.0,0.0,0.0,0.0,1.0
499745,0,1,3400,-57,57,977,9.5,14,0.50,1322624.000000,0,2.1,0.0,0.0,36192.000000,53,0.0,0.0,0.0,1.0
499994,0,1,3400,-57,57,974,9.2,13,0.50,1282464.000000,0,2.1,0.0,0.0,16608.000000,57,0.0,0.0,0.0,1.0
500243,0,1,3400,-57,57,971,9.9,14,0.50,1351616.000000,0,2.1,0.0,0.0,0.0,0.0,0.0,0.0,0.0,1.0
500492,0,1,3400,-57,57,974,10,14,0.50,1406720.000000,0,2.1,0.0,0.0,0.0,0.0,0.0,0.0,0.0,1.0
500741,0,1,3400,-57,57,975,9.3,13,0.50,1280512.000000,0,2.1,0.0,415,0.0,67,0.0,0.0,0.0,1.0
500990,0,1,3400,-57,57,979,11,14,0.50,1539136.000000,0,2.1,0.0,415,0.0,100.000000,0.0,0.0,0.0,1.0
501239,0,1,3400,-57,57,971,11,14,0.50,1542912.000000,0,2.1,0.95,0.0,20480.000000,31,0.0,0.0,0.0,1.0
501488,0,1,3400,-57,57,967,11,14,0.50,1439168.000000,0,2.1,0.0,0.0,0.0,0.0,0.0,0.0,0.0,1.0
501737,0,1,3400,-57,57,972,10,14,0.50,1445440.000000,0,2.1,0.0,415,5536.000000,33,0.0,0.0,0.0,1.0
501986,0,1,3400,-57,57,968,7.5,14,0.50,1072224.000000,0,2.1,0.0,0.0,19584.000000,53,0.0,0.0,0.0,1.0
502235,0,1,3400,-57,57,975,6.8,14,0.50,973120.000000,0,2.1,0.0,0.0,0.0,0.0,0.0,0.0,0.0,1.0
502484,0,1,3400,-57,57,977,11,14,0.50,1501728.000000,0,2.1,0.0,0.0,0.0,0.0,0.0,0.0,0.0,1.0
502733,0,1,3400,-57,57,974,9.5,13,0.50,1291040.000000,0,2.1,0.0,0.0,6976.000000,0,0.0,0.0,0.0,1.0
502982,0,1,3400,-57,57,971,11,14,0.50,1473344.000000,0,2.1,8.0,0.0,132832.000000,65,0.0,0.0,0.0,1.0
503231,0,1,3400,-57,57,971,11,14,0.50,1495808.000000,0,2.1,8.0,0.0,0.0,0.0,0.0,0.0,0.0,1.0
503480,0,1,3400,-57,57,971,11,14,0.50,1547648.000000,0,2.1,8.0,0.0,0.0,0.0,0.0,0.0,0.0,1.0
503729,0,1,3400,-57,57,972,11,14,0.50,1585024.000000,0,2.1,8.3,0.0,13696.000000,50,0.0,0.0,0.0,1.0
503978,0,1,3400,-57,57,972,11,14,0.50,1552288.000000,0,2.1,14,0.0,8000.000000,67,0.0,0.0,0.0,1.0
504227,0,1,3400,-57,57,973,9.7,14,0.50,1356000.000000,0,2.1,14,0.0,0.0,0.0,0.0,1.0,0.0,1.0
504476,0,1,3400,-57,57,973,11,14,0.50,1457184.000000,0,2.1,14,0.0,0.0,0.0,0.0,0.0,0.0,1.0
504725,0,1,3400,-57,57,974,9.4,14,0.50,1274432.000000,0,2.1,14,0.0,17056.000000,0,0.0,0.0,0.0,1.0
504974,0,1,3400,-57,57,969,7.9,14,0.50,1103872.000000,0,2.1,1.5,0.0,23072.000000,36,0.0,0.0,0.0,1.0
505223,0,1,3400,-57,57,968,11,14,0.50,1480800.000000,0,2.1,0.0,0.0,0.0,0.0,0.0,0.0,0.0,1.0
505472,0,1,3400,-57,57,970,11,14,0.50,1424928.000000,0,2.1,0.0,0.0,0.0,0.0,0.0,0.0,0.0,1.0
505721,0,1,3400,-57,57,972,8.3,14,0.50,1217120.000000,0,2.1,0.0,415,0.0,80,0.0,0.0,0.0,1.0
505970,0,1,3400,-57,57,971,11,13,0.50,1455360.000000,0,2.1,0.0,415,0.0,0.0,0.0,0.0,0.0,1.0
506219,0,1,3400,-57,57,975,11,13,0.50,1488672.000000,0,2.1,0.0,0.0,41088.000000,59,0.0,0.0,0.0,1.0
506468,0,1,3400,-57,57,975,9.9,14,0.50,1391392.000000,0,2.1,0.0,0.0,0.0,0.0,0.0,0.0,0.0,1.0
506717,0,1,3400,-57,57,975,8.6,13,0.50,1187776.000000,0,2.1,1.0,0.0,82048.000000,45,0.0,0.0,0.0,1.0
506966,0,1,3400,-57,57,971,10,14,0.54,1497984.000000,0,2.1,0.0,0.0,2976.000000,80,0.0,0.0,0.0,1.0
507215,0,1,3400,-57,57,970,9.8,13,0.50,1370816.000000,0,2.1,0.0,0.0,0.0,0.0,0.0,0.0,0.0,1.0
507464,0,1,3400,-57,57,974,11,14,0.50,1483200.000000,0,2.1,0.0,0.0,0.0,0.0,0.0,0.0,0.0,1.0
507713,0,1,3400,-57,57,969,12,14,0.54,1824736.000000,0,2.1,0.0,0.0,5536.000000,17,0.0,0.0,0.0,1.0
507962,0,1,3400,-57,57,971,9.1,14,0.50,1252896.000000,0,2.1,20,0.0,12480.000000,83,0.0,0.0,0.0,1.0
508211,0,1,3400,-57,57,972,12,14,0.79,1900672.000000,0,2.1,22,0.0,0.0,0.0,0.0,0.0,0.0,1.0
508460,0,1,3400,-57,57,976,11,14,0.50,1521056.000000,0,2.1,17,0.0,6944.000000,60,0.0,0.0,0.0,1.0
508709,0,1,3400,-57,57,973,9.1,13,0.50,1282624.000000,0,2.1,10,55,0.0,80,0.0,0.0,0.0,1.0
508958,0,1,3400,-57,57,965,12,14,0.53,1606400.000000,0.4,2.1,10.0,55,0.0,0.0,0.0,0.0,0.0,1.0
509207,0,1,3400,-57,57,968,12,14,0.55,1755648.000000,0,2.1,8.0,0.0,0.0,80,0.0,0.0,0.0,1.0
509456,0,1,3400,-57,57,973,11,14,0.50,1450048.000000,0,2.1,7.5,0.0,0.0,0.0,0.0,0.0,0.0,1.0
509705,0,1,3400,-57,57,978,5.9,14,0.50,865792.000000,0,2.1,7.0,415,0.0,50,0.0,0.0,0.0,1.0
509954,0,1,3400,-57,57,980,9.8,13,0.50,1383712.000000,0,2.1,0.0,415,0.0,100.000000,0.0,0.0,0.0,1.0
510203,0,1,3400,-57,57,970,7.0,14,0.50,1014304.000000,0,2.1,0.0,249,0.0,80,0.0,0.0,0.0,1.0
510452,0,1,3400,-57,57,970,11,14,0.50,1532288.000000,0,2.1,0.0,0.0,14560.000000,21,0.0,0.0,0.0,1.0
510701,0,1,3400,-57,57,973,8.4,14,0.50,1163712.000000,0,2.1,7.2,415,94272.000000,59,0.0,0.0,0.0,1.0
510950,0,1,3400,-57,57,974,10,13,0.50,1401248.000000,0,2.1,0.0,415,0.0,100.000000,0.0,0.0,0.0,1.0
511199,0,1,3400,-57,57,973,11,14,0.50,1457280.000000,0,2.1,0.0,0.0,20096.000000,56,0.0,0.0,0.0,1.0
511448,0,1,3400,-57,57,972,9.8,13,0.50,1347648.000000,0,2.1,0.0,0.0,0.0,0.0,0.0,0.0,0.0,1.0
511697,0,1,3400,-57,57,970,5.9,13,0.50,872480.000000,0,2.1,0.0,581,0.0,0.0,0.0,0.0,0.0,1.0
511946,0,1,3400,-57,57,968,9.9,14,0.50,1350944.000000,0,2.1,0.96,0.0,28608.000000,25,0.0,0.0,0.0,1.0
512195,0,1,3400,-57,57,970,6.9,14,0.50,999520.000000,0,2.1,0.0,0.0,0.0,0.0,0.0,0.0,0.0,1.0
512444,0,1,3400,-57,57,971,8.2,14,0.50,1133952.000000,0,2.1,0.0,0.0,0.0,0.0,0.0,0.0,0.0,1.0
512693,0,1,3400,-57,57,981,11,14,0.50,1493920.000000,0,2.1,0.0,0.0,46112.000000,38,0.0,0.0,0.0,1.0
512942,0,1,3400,-57,57,982,11,13,0.50,1438016.000000,0,2.1,0.0,0.0,11072.000000,33,0.0,0.0,0.0,1.0
513191,0,1,3400,-57,57,973,8.8,14,0.50,1216800.000000,0,2.1,0.0,0.0,0.0,0.0,0.0,0.0,0.0,1.0
513440,0,1,3400,-57,57,970,11,13,0.50,1496832.000000,0,2.1,0.0,0.0,0.0,0.0,0.0,0.0,0.0,1.0
513689,0,1,3400,-57,57,973,9.3,14,0.51,1275648.000000,0.4,2.1,0.0,581,0.0,0.0,0.0,0.0,0.0,1.0
513938,0,1,3400,-57,57,976,9.0,13,0.50,1248000.000000,0,2.1,0.0,415,0.0,80,0.0,0.0,0.0,1.0
514187,0,1,3400,-57,57,976,9.3,14,0.50,1273024.000000,0,2.1,0.0,249,0.0,80,0.0,0.0,0.0,1.0
514436,0,1,3400,-57,57,972,7.4,13,0.50,1069632.000000,0,2.1,0.0,249,0.0,0.0,0.0,0.0,0.0,1.0
514685,0,1,3400,-57,57,971,10,13,0.50,1366112.000000,0,2.1,0.96,0.0,23456.000000,59,0.0,0.0,0.0,1.0
514934,0,1,3400,-57,57,972,11,14,0.50,1436352.000000,0,2.1,0.0,0.0,0.0,0.0,0.0,0.0,0.0,1.0
515183,0,1,3400,-57,57,973,11,14,0.50,1477888.000000,0,2.1,0.0,0.0,0.0,0.0,0.0,0.0,0.0,1.0
515432,0,1,3400,-57,57,977,8.7,13,0.50,1192288.000000,0,2.1,0.0,0.0,0.0,0.0,0.0,0.0,0.0,1.0
515681,0,1,3400,-57,57,967,7.9,14,0.50,1090592.000000,0,2.1,0.0,0.0,36192.000000,25,0.0,0.0,0.0,1.0
515930,0,1,3400,-57,57,967,10,14,0.50,1426208.000000,0,2.1,0.0,0.0,0.0,0.0,0.0,0.0,0.0,1.0
516179,0,1,3400,-57,57,968,12,14,0.50,1600672.000000,0,2.1,0.0,0.0,0.0,0.0,0.0,0.0,0.0,1.0
516428,0,1,3400,-57,57,968,9.4,13,0.50,1283072.000000,0,2.1,0.0,0.0,0.0,0.0,0.0,0.0,0.0,1.0
516677,0,1,3400,-57,57,968,11,14,0.50,1558592.000000,0,2.1,0.0,581,0.0,0.0,0.0,0.0,0.0,1.0
516926,0,1,3400,-57,57,972,8.4,14,0.50,1141216.000000,0,2.1,0.0,0.0,31072.000000,42,0.0,0.0,0.0,1.0
517175,0,1,3400,-57,57,977,9.7,14,0.50,1324224.000000,0,2.1,0.0,0.0,0.0,0.0,0.0,0.0,0.0,1.0
517424,0,1,3400,-57,57,973,11,14,0.50,1596832.000000,0,2.1,0.0,0.0,0.0,0.0,0.0,0.0,0.0,1.0
517673,0,1,3400,-57,57,971,10,14,0.50,1916832.000000,0,2.1,3.2,0.0,556576.000000,0,0.0,0.0,0.0,1.0
517922,0,1,3400,-57,57,971,12,15,0.50,2152512.000000,0,2.1,15,0.0,0.0,0.0,0.0,0.0,0.0,1.0
518171,0,1,3400,-57,57,970,12,15,0.50,0.0,0.0,2.1,15,0.0,0.0,0.0,0.0,0.0,0.0,1.0
518420,0,1,3400,-57,57,970,12,15,0.50,0.0,0.0,2.1,15,0.0,0.0,0.0,0.0,0.0,0.0,1.0
518669,0,1,3400,-57,57,968,12,15,0.50,0.0,0.0,2.1,15,0.0,0.0,0.0,0.0,0.0,0.0,1.0
518918,0,1,3400,-57,57,971,12,15,0.50,0.0,0.0,2.1,15,0.0,0.0,0.0,0.0,0.0,0.0,1.0
519167,0,1,3400,-57,57,972,12,15,0.50,0.0,0.0,2.1,15,0.0,0.0,0.0,0.0,0.0,0.0,1.0
519416,0,1,3400,-57,57,973,12,15,0.50,0.0,0.0,2.1,15,0.0,0.0,0.0,0.0,0.0,0.0,1.0
519665,0,1,3400,-57,57,975,12,15,0.50,0.0,0.0,2.1,15,0.0,0.0,0.0,0.0,0.0,0.0,1.0
519914,0,1,3400,-57,57,977,12,15,0.50,0.0,0.0,2.1,15,0.0,0.0,0.0,0.0,0.0,0.0,1.0
520163,0,1,3400,-57,57,975,12,15,0.50,0.0,0.0,2.1,15,0.0,0.0,0.0,0.0,0.0,0.0,1.0
520412,0,1,3400,-57,57,977,12,15,0.50,0.0,0.0,2.1,15,0.0,0.0,0.0,0.0,0.0,0.0,1.0
520661,0,1,3400,-57,57,972,12,15,0.50,0.0,0.0,2.1,15,0.0,0.0,0.0,0.0,0.0,0.0,1.0
520910,0,1,3400,-57,57,970,12,15,0.50,0.0,0.0,2.1,15,0.0,0.0,0.0,0.0,0.0,0.0,1.0
521159,0,1,3400,-57,57,966,12,15,0.50,0.0,0.0,2.1,15,0.0,17056.000000,0,0.0,0.0,0.0,1.0
521408,0,1,3400,-57,57,964,12,15,0.50,0.0,0.0,2.1,16,0.0,0.0,0.0,0.0,0.0,0.0,1.0
521657,0,1,3400,-57,57,967,12,15,0.50,0.0,0.0,2.1,16,0.0,0.0,0.0,0.0,0.0,0.0,1.0
521906,0,1,3400,-57,57,967,12,15,0.50,0.0,0.0,2.1,16,0.0,0.0,0.0,0.0,0.0,0.0,1.0
522155,0,1,3400,-57,57,973,12,15,0.50,0.0,0.0,2.1,16,0.0,0.0,0.0,0.0,0.0,0.0,1.0
522404,0,1,3400,-57,57,973,12,15,0.50,0.0,0.0,2.1,16,0.0,0.0,0.0,0.0,0.0,0.0,1.0
522653,0,1,3400,-57,57,972,12,15,0.50,0.0,0.0,2.1,16,0.0,0.0,0.0,0.0,0.0,0.0,1.0
522902,0,1,3400,-71,71,984,12,1.9,0.50,0.0,0.0,2.1,16,0.0,0.0,0.0,0.0,0.0,0.0,1.0
523151,0,1,3400,-79,79,1487.763794,12,-6.0,0.50,0.0,0.0,2.1,16,0.0,0.0,0.0,0.0,0.0,0.0,1.0
523400,0,1,3400,-79,79,1947.001709,12,-6.4,0.50,0.0,0.0,2.1,16,0.0,0.0,0.0,0.0,1.0,0.0,1.0
523649,0,1,3400,-79,79,1947.001709,12,-6.4,0.50,0.0,0.0,2.1,16,0.0,0.0,0.0,0.0,0.0,0.0,1.0
523898,0,1,3400,-79,79,1947.001709,12,-6.4,0.50,0.0,0.0,2.1,16,0.0,0.0,0.0,0.0,0.0,0.0,1.0
524147,0,1,3400,-79,79,1947.001709,12,-6.4,0.50,0.0,0.0,2.1,16,0.0,0.0,0.0,0.0,0.0,0.0,1.0
524396,0,1,3400,-79,79,1947.001709,12,-6.4,0.50,0.0,0.0,2.1,16,0.0,0.0,0.0,0.0,0.0,0.0,1.0
524645,0,1,3400,-79,79,1947.001709,12,-6.4,0.50,0.0,0.0,2.1,16,0.0,0.0,0.0,0.0,0.0,0.0,1.0
524894,0,1,3400,-79,79,1947.001709,12,-6.4,0.50,0.0,0.0,2.1,16,0.0,0.0,0.0,0.0,0.0,0.0,0.0
525143,0,1,3400,-79,79,1947.001709,12,-6.4,0.50,0.0,0.0,2.1,16,0.0,0.0,0.0,0.0,0.0,0.0,0.0
525392,0,1,3400,-79,79,1947.001709,12,-6.4,0.50,0.0,0.0,2.1,16,0.0,0.0,0.0,0.0,0.0,0.0,0.0
525641,0,1,3400,-79,79,1947.001709,12,-6.4,0.50,0.0,0.0,2.1,16,0.0,0.0,0.0,0.0,0.0,0.0,0.0
525890,0,1,3400,-79,79,1947.001709,12,-6.4,0.50,0.0,0.0,2.1,16,0.0,0.0,0.0,0.0,0.0,0.0,0.0
526139,0,1,3400,-79,79,1947.001709,12,-6.4,0.50,0.0,0.0,2.1,16,0.0,0.0,0.0,0.0,0.0,0.0,0.0
526388,0,1,3400,-79,79,1947.001709,12,-6.4,0.50,0.0,0.0,2.1,16,0.0,0.0,0.0,0.0,0.0,0.0,0.0
526637,0,1,3400,-79,79,1947.001709,12,-6.4,0.50,0.0,0.0,2.1,16,0.0,0.0,0.0,0.0,0.0,0.0,0.0
526886,0,1,3400,-79,79,1947.001709,12,-6.4,0.50,0.0,0.0,2.1,16,0.0,0.0,0.0,0.0,