Timestamp,num_ues,IMSI,RNTI,,slicing_enabled,slice_id,slice_prb,power_multiplier,scheduling_policy,,dl_mcs,dl_n_samples,dl_buffer [bytes],tx_brate downlink [Mbps],tx_pkts downlink,tx_errors downlink (%),dl_cqi,,ul_mcs,ul_n_samples,ul_buffer [bytes],rx_brate uplink [Mbps],rx_pkts uplink,rx_errors uplink (%),ul_rssi,ul_sinr,phr,,sum_requested_prbs,sum_granted_prbs,,dl_pmi,dl_ri,ul_n,ul_turbo_iters
1613871405284,4,1010123456034,77,,1,0,12,1,2,,2.25,16,0,0.00688,5,0,5.4,,11.6471,17,0,0.1,5,0,0,33.5795,31,,1,33,,0,0,0,1
1613871405534,4,1010123456034,77,,1,0,12,1,2,,0,0,0,0,0,0,7.4,,12,7,0,0.1,2,0,0,34.2809,31,,0,0,,0,0,0,1
1613871405784,4,1010123456034,77,,1,0,12,1,2,,0,0,0,0,0,0,6.16667,,0,0,0,0,0,0,0,0,0,,0,0,,0,0,0,0
1613871406034,4,1010123456034,77,,1,0,12,1,2,,0,0,0,0,0,0,5.57143,,0,0,0,0,0,0,0,0,0,,0,0,,0,0,0,0
1613871406284,4,1010123456034,77,,1,0,12,1,2,,0,0,0,0,0,0,6.4,,0,0,0,0,0,0,0,0,0,,0,0,,0,0,0,0
1613871406534,4,1010123456034,77,,1,0,12,1,2,,0,0,0,0,0,0,6,,0,0,0,0,0,0,0,0,0,,0,0,,0,0,0,0
1613871406784,4,1010123456034,77,,1,0,12,1,2,,0,0,0,0,0,0,6.33333,,0,0,0,0,0,0,0,0,0,,0,0,,0,0,0,0
1613871407034,4,1010123456034,77,,1,0,12,1,2,,0,0,0,0,0,0,7.4,,0,0,0,0,0,0,0,0,0,,0,0,,0,0,0,0
1613871407284,6,1010123456034,77,,1,0,12,1,2,,0,0,0,0,0,0,5,,0,0,0,0,0,0,0,0,0,,0,0,,0,0,0,0
1613871407534,9,1010123456034,77,,1,0,12,1,2,,0,0,0,0,0,0,6.4,,0,0,0,0,0,0,0,0,0,,0,0,,0,0,0,0
1613871407784,9,1010123456034,77,,1,0,12,1,2,,0,0,0,0,0,0,7,,0,0,0,0,0,0,0,0,0,,0,0,,0,0,0,0
1613871408034,9,1010123456034,77,,1,0,12,1,2,,0,0,0,0,0,0,8.5,,0,0,0,0,0,0,0,0,0,,0,0,,0,0,0,0
1613871408284,7,1010123456034,77,,1,0,12,1,2,,0,0,0,0,0,0,8.5,,0,0,0,0,0,0,0,0,0,,0,0,,0,0,0,0
1613871408534,6,1010123456034,77,,1,0,12,1,2,,0,0,0,0,0,0,7.6,,0,0,0,0,0,0,0,0,0,,0,0,,0,0,0,0
1613871408784,6,1010123456034,77,,1,0,12,1,2,,0,0,0,0,0,0,5.75,,0,0,0,0,0,0,0,0,0,,0,0,,0,0,0,0
1613871409034,6,1010123456034,77,,1,0,12,1,2,,0,0,0,0,0,0,5.25,,0,0,0,0,0,0,0,0,0,,0,0,,0,0,0,0
1613871409284,6,1010123456034,77,,1,0,12,1,2,,0,0,0,0,0,0,4.2,,0,0,0,0,0,0,0,0,0,,0,0,,0,0,0,0
1613871409534,6,1010123456034,77,,1,0,12,1,2,,0,0,0,0,0,0,5.8,,0,0,0,0,0,0,0,0,0,,0,0,,0,0,0,0
1613871409784,6,1010123456034,77,,1,0,12,1,2,,0,0,0,0,0,0,8,,0,0,0,0,0,0,0,0,0,,0,0,,0,0,0,0
1613871410034,6,1010123456034,77,,1,0,12,1,2,,0,0,0,0,0,0,7.5,,0,0,0,0,0,0,0,0,0,,0,0,,0,0,0,0
1613871410284,6,1010123456034,77,,1,0,12,1,2,,0,0,0,0,0,0,7,,0,0,0,0,0,0,0,0,0,,0,0,,0,0,0,0
1613871410534,6,1010123456034,77,,1,0,12,1,2,,0,0,0,0,0,0,4.6,,0,0,0,0,0,0,0,0,0,,0,0,,0,0,0,0
1613871410784,6,1010123456034,77,,1,0,12,1,2,,0,0,0,0,0,0,7.5,,0,0,0,0,0,0,0,0,0,,0,0,,0,0,0,0
1613871411034,6,1010123456034,77,,1,0,12,1,2,,0,0,0,0,0,0,8.33333,,0,0,0,0,0,0,0,0,0,,0,0,,0,0,0,0
1613871411284,6,1010123456034,77,,1,0,12,1,2,,0,0,0,0,0,0,6.66667,,0,0,0,0,0,0,0,0,0,,0,0,,0,0,0,0
1613871411534,6,1010123456034,77,,1,0,12,1,2,,0,0,0,0,0,0,4.66667,,0,0,0,0,0,0,0,0,0,,0,0,,0,0,0,0
1613871411784,6,1010123456034,77,,1,0,12,1,2,,0,0,0,0,0,0,6,,0,0,0,0,0,0,0,0,0,,0,0,,0,0,0,0
1613871412034,6,1010123456034,77,,1,0,12,1,2,,0,0,0,0,0,0,7.4,,0,0,0,0,0,0,0,0,0,,0,0,,0,0,0,0
1613871412284,6,1010123456034,77,,1,0,12,1,2,,0,0,0,0,0,0,8.33333,,0,0,0,0,0,0,0,0,0,,0,0,,0,0,0,0
1613871412534,6,1010123456034,77,,1,0,12,1,2,,0,0,0,0,0,0,8.75,,0,0,0,0,0,0,0,0,0,,0,0,,0,0,0,0
1613871412784,6,1010123456034,77,,1,0,12,1,2,,0,0,0,0,0,0,8,,0,0,0,0,0,0,0,0,0,,0,0,,0,0,0,0
1613871413034,6,1010123456034,77,,1,0,12,1,2,,0,0,0,0,0,0,9.5,,0,0,0,0,0,0,0,0,0,,0,0,,0,0,0,0
1613871413284,6,1010123456034,77,,1,0,12,1,2,,0,0,0,0,0,0,8,,0,0,0,0,0,0,0,0,0,,0,0,,0,0,0,0
1613871413534,6,1010123456034,77,,1,0,12,1,2,,0,0,0,0,0,0,4,,0,0,0,0,0,0,0,0,0,,0,0,,0,0,0,0
1613871413784,6,1010123456034,77,,1,0,12,1,2,,0,0,0,0,0,0,7,,0,0,0,0,0,0,0,0,0,,0,0,,0,0,0,0
1613871414034,6,1010123456034,77,,1,0,12,1,2,,0,0,0,0,0,0,8.5,,0,0,0,0,0,0,0,0,0,,0,0,,0,0,0,0
1613871414284,6,1010123456034,77,,1,0,12,1,2,,0,0,0,0,0,0,7.75,,0,0,0,0,0,0,0,0,0,,0,0,,0,0,0,0
1613871414534,6,1010123456034,77,,1,0,12,1,2,,0,0,0,0,0,0,7,,0,0,0,0,0,0,0,0,0,,0,0,,0,0,0,0
1613871414784,6,1010123456034,77,,1,0,12,1,2,,0,0,0,0,0,0,7,,0,0,0,0,0,0,0,0,0,,0,0,,0,0,0,0
1613871415034,6,1010123456034,77,,1,0,12,1,2,,0,0,0,0,0,0,7.33333,,0,0,0,0,0,0,0,0,0,,0,0,,0,0,0,0
1613871415284,6,1010123456034,77,,1,0,12,1,2,,0,0,0,0,0,0,8,,0,0,0,0,0,0,0,0,0,,0,0,,0,0,0,0
1613871415534,6,1010123456034,77,,1,0,12,1,2,,0,0,0,0,0,0,6.4,,0,0,0,0,0,0,0,0,0,,0,0,,0,0,0,0
1613871415784,6,1010123456034,77,,1,0,12,1,2,,0,0,0,0,0,0,6.75,,0,0,0,0,0,0,0,0,0,,0,0,,0,0,0,0
1613871416034,6,1010123456034,77,,1,0,12,1,2,,0,0,0,0,0,0,6,,0,0,0,0,0,0,0,0,0,,0,0,,0,0,0,0
1613871416284,6,1010123456034,77,,1,0,12,1,2,,0,0,0,0,0,0,7.25,,0,0,0,0,0,0,0,0,0,,0,0,,0,0,0,0
1613871416534,6,1010123456034,77,,1,0,12,1,2,,0,0,0,0,0,0,8,,0,0,0,0,0,0,0,0,0,,0,0,,0,0,0,0
1613871416784,6,1010123456034,77,,1,0,12,1,2,,0,0,0,0,0,0,9,,0,0,0,0,0,0,0,0,0,,0,0,,0,0,0,0
1613871417034,6,1010123456034,77,,1,0,12,1,2,,0,0,0,0,0,0,7.2,,0,0,0,0,0,0,0,0,0,,0,0,,0,0,0,0
1613871417284,6,1010123456034,77,,1,0,12,1,2,,0,0,0,0,0,0,7.33333,,0,0,0,0,0,0,0,0,0,,0,0,,0,0,0,0
1613871417534,6,1010123456034,77,,1,0,12,1,2,,0,0,0,0,0,0,7.25,,0,0,0,0,0,0,0,0,0,,0,0,,0,0,0,0
1613871417784,6,1010123456034,77,,1,0,12,1,2,,0,0,0,0,0,0,5,,0,0,0,0,0,0,0,0,0,,0,0,,0,0,0,0
1613871418034,6,1010123456034,77,,1,0,12,1,2,,0,0,0,0,0,0,10,,0,0,0,0,0,0,0,0,0,,0,0,,0,0,0,0
1613871418284,6,1010123456034,77,,1,0,12,1,2,,0,0,0,0,0,0,4.5,,0,0,0,0,0,0,0,0,0,,0,0,,0,0,0,0
1613871418534,6,1010123456034,77,,1,0,12,1,2,,0,0,0,0,0,0,8.75,,0,0,0,0,0,0,0,0,0,,0,0,,0,0,0,0
1613871418784,6,1010123456034,77,,1,0,12,1,2,,0,0,0,0,0,0,11,,0,0,0,0,0,0,0,0,0,,0,0,,0,0,0,0
1613871419034,6,1010123456034,77,,1,0,12,1,2,,0,0,0,0,0,0,8.33333,,0,0,0,0,0,0,0,0,0,,0,0,,0,0,0,0
1613871419284,6,1010123456034,77,,1,0,12,1,2,,0,0,0,0,0,0,7.66667,,0,0,0,0,0,0,0,0,0,,0,0,,0,0,0,0
1613871419534,6,1010123456034,77,,1,0,12,1,2,,0,0,0,0,0,0,10.25,,0,0,0,0,0,0,0,0,0,,0,0,,0,0,0,0
1613871419784,6,1010123456034,77,,1,0,12,1,2,,0,0,0,0,0,0,1,,15,4,0,0.1,1,0,0,31.5626,31,,0,0,,0,0,0,1
1613871420034,6,1010123456034,77,,1,0,12,1,2,,0,0,0,0,0,0,5.5,,0,0,0,0,0,0,0,0,0,,0,0,,0,0,0,0
1613871420284,6,1010123456034,77,,1,0,12,1,2,,0,0,0,0,0,0,7,,0,0,0,0,0,0,0,0,0,,0,0,,0,0,0,0
1613871420534,6,1010123456034,77,,1,0,12,1,2,,0,0,0,0,0,0,6.8,,0,0,0,0,0,0,0,0,0,,0,0,,0,0,0,0
1613871420784,6,1010123456034,77,,1,0,12,1,2,,0,0,0,0,0,0,8.33333,,0,0,0,0,0,0,0,0,0,,0,0,,0,0,0,0
1613871421034,6,1010123456034,77,,1,0,12,1,2,,0,0,0,0,0,0,6.66667,,0,0,0,0,0,0,0,0,0,,0,0,,0,0,0,0
1613871421284,6,1010123456034,77,,1,0,12,1,2,,0,0,0,0,0,0,6.33333,,0,0,0,0,0,0,0,0,0,,0,0,,0,0,0,0
1613871421534,6,1010123456034,77,,1,0,12,1,2,,0,0,0,0,0,0,5,,0,0,0,0,0,0,0,0,0,,0,0,,0,0,0,0
1613871421784,6,1010123456034,77,,1,0,12,1,2,,0,0,0,0,0,0,6.8,,0,0,0,0,0,0,0,0,0,,0,0,,0,0,0,0
1613871422034,6,1010123456034,77,,1,0,12,1,2,,0,0,0,0,0,0,6.33333,,0,0,0,0,0,0,0,0,0,,0,0,,0,0,0,0
1613871422284,6,1010123456034,77,,1,0,12,1,2,,0,0,0,0,0,0,3.5,,0,0,0,0,0,0,0,0,0,,0,0,,0,0,0,0
1613871422534,6,1010123456034,77,,1,0,12,1,2,,0,0,0,0,0,0,6,,0,0,0,0,0,0,0,0,0,,0,0,,0,0,0,0
1613871422784,6,1010123456034,77,,1,0,12,1,2,,0,0,0,0,0,0,6.5,,0,0,0,0,0,0,0,0,0,,0,0,,0,0,0,0
1613871423034,6,1010123456034,77,,1,0,12,1,2,,0,0,0,0,0,0,5.6,,0,0,0,0,0,0,0,0,0,,0,0,,0,0,0,0
1613871423284,6,1010123456034,77,,1,0,12,1,2,,0,0,0,0,0,0,7.5,,0,0,0,0,0,0,0,0,0,,0,0,,0,0,0,0
1613871423534,6,1010123456034,77,,1,0,12,1,2,,0,0,0,0,0,0,8.5,,0,0,0,0,0,0,0,0,0,,0,0,,0,0,0,0
1613871423784,6,1010123456034,77,,1,0,12,1,2,,0,0,0,0,0,0,9.5,,0,0,0,0,0,0,0,0,0,,0,0,,0,0,0,0
1613871424034,6,1010123456034,77,,1,0,12,1,2,,0,0,0,0,0,0,5.66667,,0,0,0,0,0,0,0,0,0,,0,0,,0,0,0,0
1613871424284,6,1010123456034,77,,1,0,12,1,2,,0,0,0,0,0,0,6,,0,0,0,0,0,0,0,0,0,,0,0,,0,0,0,0
1613871424534,6,1010123456034,77,,1,0,12,1,2,,0,0,0,0,0,0,6.66667,,0,0,0,0,0,0,0,0,0,,0,0,,0,0,0,0
1613871424784,6,1010123456034,77,,1,0,12,1,2,,0,0,0,0,0,0,7,,0,0,0,0,0,0,0,0,0,,0,0,,0,0,0,0
1613871425034,6,1010123456034,77,,1,0,12,1,2,,0,0,0,0,0,0,6,,0,0,0,0,0,0,0,0,0,,0,0,,0,0,0,0
1613871425284,6,1010123456034,77,,1,0,12,1,2,,0,0,0,0,0,0,7.33333,,0,0,0,0,0,0,0,0,0,,0,0,,0,0,0,0
1613871425534,6,1010123456034,77,,1,0,12,1,2,,0,0,0,0,0,0,7.33333,,0,0,0,0,0,0,0,0,0,,0,0,,0,0,0,0
1613871425784,6,1010123456034,77,,1,0,12,1,2,,0,0,0,0,0,0,7.75,,0,0,0,0,0,0,0,0,0,,0,0,,0,0,0,0
1613871426034,6,1010123456034,77,,1,0,12,1,2,,0,0,0,0,0,0,5.25,,0,0,0,0,0,0,0,0,0,,0,0,,0,0,0,0
1613871426284,6,1010123456034,77,,1,0,12,1,2,,0,0,0,0,0,0,5.5,,0,0,0,0,0,0,0,0,0,,0,0,,0,0,0,0
1613871426534,6,1010123456034,77,,1,0,12,1,2,,0,0,0,0,0,0,6,,0,0,0,0,0,0,0,0,0,,0,0,,0,0,0,0
1613871426784,6,1010123456034,77,,1,0,12,1,2,,0,0,0,0,0,0,5,,0,0,0,0,0,0,0,0,0,,0,0,,0,0,0,0
1613871427034,6,1010123456034,77,,1,0,12,1,2,,0,0,0,0,0,0,9,,0,0,0,0,0,0,0,0,0,,0,0,,0,0,0,0
1613871427284,6,1010123456034,77,,1,0,12,1,2,,0,0,0,0,0,0,9,,0,0,0,0,0,0,0,0,0,,0,0,,0,0,0,0
1613871427534,6,1010123456034,77,,1,0,12,1,2,,0,0,0,0,0,0,6.66667,,0,0,0,0,0,0,0,0,0,,0,0,,0,0,0,0
1613871427784,6,1010123456034,77,,1,0,12,1,2,,0,0,0,0,0,0,7.75,,0,0,0,0,0,0,0,0,0,,0,0,,0,0,0,0
1613871428034,6,1010123456034,77,,1,0,12,1,2,,0,0,0,0,0,0,8.66667,,0,0,0,0,0,0,0,0,0,,0,0,,0,0,0,0
1613871428284,6,1010123456034,77,,1,0,12,1,2,,0,0,0,0,0,0,7.66667,,0,0,0,0,0,0,0,0,0,,0,0,,0,0,0,0
1613871428534,6,1010123456034,77,,1,0,12,1,2,,0,0,0,0,0,0,6.66667,,0,0,0,0,0,0,0,0,0,,0,0,,0,0,0,0
1613871428784,6,1010123456034,77,,1,0,12,1,2,,0,0,0,0,0,0,6,,0,0,0,0,0,0,0,0,0,,0,0,,0,0,0,0
1613871429034,6,1010123456034,77,,1,0,12,1,2,,0,0,0,0,0,0,7,,0,0,0,0,0,0,0,0,0,,0,0,,0,0,0,0
1613871429284,6,1010123456034,77,,1,0,12,1,2,,0,0,0,0,0,0,8.66667,,0,0,0,0,0,0,0,0,0,,0,0,,0,0,0,0
1613871429534,6,1010123456034,77,,1,0,12,1,2,,0,0,0,0,0,0,6,,0,0,0,0,0,0,0,0,0,,0,0,,0,0,0,0
1613871429784,6,1010123456034,77,,1,0,12,1,2,,0,0,0,0,0,0,7,,0,0,0,0,0,0,0,0,0,,0,0,,0,0,0,0
1613871430034,6,1010123456034,77,,1,0,12,1,2,,0,0,0,0,0,0,7.8,,0,0,0,0,0,0,0,0,0,,0,0,,0,0,0,0
1613871430284,6,1010123456034,77,,1,0,12,1,2,,0,0,0,0,0,0,5.5,,0,0,0,0,0,0,0,0,0,,0,0,,0,0,0,0
1613871430534,6,1010123456034,77,,1,0,12,1,2,,0,0,0,0,0,0,7,,0,0,0,0,0,0,0,0,0,,0,0,,0,0,0,0
1613871430784,6,1010123456034,77,,1,0,12,1,2,,0,0,0,0,0,0,7,,0,0,0,0,0,0,0,0,0,,0,0,,0,0,0,0
1613871431034,6,1010123456034,77,,1,0,12,1,2,,0,0,0,0,0,0,8.5,,0,0,0,0,0,0,0,0,0,,0,0,,0,0,0,0
1613871431284,6,1010123456034,77,,1,0,12,1,2,,0,0,0,0,0,0,7.5,,0,0,0,0,0,0,0,0,0,,0,0,,0,0,0,0
1613871431534,6,1010123456034,77,,1,0,12,1,2,,0,0,0,0,0,0,8.75,,0,0,0,0,0,0,0,0,0,,0,0,,0,0,0,0
1613871431784,6,1010123456034,77,,1,0,12,1,2,,0,0,0,0,0,0,6.75,,0,0,0,0,0,0,0,0,0,,0,0,,0,0,0,0
1613871432034,6,1010123456034,77,,1,0,12,1,2,,0,0,0,0,0,0,6.4,,0,0,0,0,0,0,0,0,0,,0,0,,0,0,0,0
1613871432284,6,1010123456034,77,,1,0,12,1,2,,0,0,0,0,0,0,7.5,,0,0,0,0,0,0,0,0,0,,0,0,,0,0,0,0
1613871432534,6,1010123456034,77,,1,0,12,1,2,,0,0,0,0,0,0,8,,0,0,0,0,0,0,0,0,0,,0,0,,0,0,0,0
1613871432784,6,1010123456034,77,,1,0,12,1,2,,0,0,0,0,0,0,7.5,,0,0,0,0,0,0,0,0,0,,0,0,,0,0,0,0
1613871433034,6,1010123456034,77,,1,0,12,1,2,,0,0,0,0,0,0,6,,0,0,0,0,0,0,0,0,0,,0,0,,0,0,0,0
1613871433284,6,1010123456034,77,,1,0,12,1,2,,0,0,0,0,0,0,6.5,,0,0,0,0,0,0,0,0,0,,0,0,,0,0,0,0
1613871433534,6,1010123456034,77,,1,0,12,1,2,,0,0,0,0,0,0,7,,0,0,0,0,0,0,0,0,0,,0,0,,0,0,0,0
1613871433784,6,1010123456034,77,,1,0,12,1,2,,0,0,0,0,0,0,6.66667,,0,0,0,0,0,0,0,0,0,,0,0,,0,0,0,0
1613871434034,6,1010123456034,77,,1,0,12,1,2,,0,0,0,0,0,0,6.5,,0,0,0,0,0,0,0,0,0,,0,0,,0,0,0,0
1613871434284,6,1010123456034,77,,1,0,12,1,2,,0,0,0,0,0,0,0.1,,0,0,0,0,0,0,0,0,0,,0,0,,0,0,0,0
1613871434534,6,1010123456034,77,,1,0,12,1,2,,0,0,0,0,0,0,7.25,,0,0,0,0,0,0,0,0,0,,0,0,,0,0,0,0
1613871434784,6,1010123456034,77,,1,0,12,1,2,,0,0,0,0,0,0,8.25,,0,0,0,0,0,0,0,0,0,,0,0,,0,0,0,0
1613871435034,6,1010123456034,77,,1,0,12,1,2,,0,0,0,0,0,0,5.25,,0,0,0,0,0,0,0,0,0,,0,0,,0,0,0,0
1613871435284,6,1010123456034,77,,1,0,12,1,2,,0,0,0,0,0,0,10,,0,0,0,0,0,0,0,0,0,,0,0,,0,0,0,0
1613871435534,6,1010123456034,77,,1,0,12,1,2,,0,0,0,0,0,0,7.4,,0,0,0,0,0,0,0,0,0,,0,0,,0,0,0,0
1613871435784,6,1010123456034,77,,1,0,12,1,2,,0,0,0,0,0,0,7.75,,0,0,0,0,0,0,0,0,0,,0,0,,0,0,0,0
1613871436034,6,1010123456034,77,,1,0,12,1,2,,0,0,0,0,0,0,8.2,,0,0,0,0,0,0,0,0,0,,0,0,,0,0,0,0
1613871436284,6,1010123456034,77,,1,0,12,1,2,,0,0,0,0,0,0,9.33333,,0,0,0,0,0,0,0,0,0,,0,0,,0,0,0,0
1613871436534,6,1010123456034,77,,1,0,12,1,2,,0,0,0,0,0,0,7.25,,0,0,0,0,0,0,0,0,0,,0,0,,0,0,0,0
1613871436784,6,1010123456034,77,,1,0,12,1,2,,0,0,0,0,0,0,8,,0,0,0,0,0,0,0,0,0,,0,0,,0,0,0,0
1613871437034,6,1010123456034,77,,1,0,12,1,2,,0,0,0,0,0,0,6.75,,0,0,0,0,0,0,0,0,0,,0,0,,0,0,0,0
1613871437284,6,1010123456034,77,,1,0,12,1,2,,0,0,0,0,0,0,7,,0,0,0,0,0,0,0,0,0,,0,0,,0,0,0,0
1613871437534,6,1010123456034,77,,1,0,12,1,2,,0,0,0,0,0,0,9.75,,0,0,0,0,0,0,0,0,0,,0,0,,0,0,0,0
1613871437784,6,1010123456034,77,,1,0,12,1,2,,0,0,0,0,0,0,7.33333,,0,0,0,0,0,0,0,0,0,,0,0,,0,0,0,0
1613871438034,6,1010123456034,77,,1,0,12,1,2,,0,0,0,0,0,0,6.5,,0,0,0,0,0,0,0,0,0,,0,0,,0,0,0,0
1613871438284,6,1010123456034,77,,1,0,12,1,2,,0,0,0,0,0,0,7.5,,0,0,0,0,0,0,0,0,0,,0,0,,0,0,0,0
1613871438534,6,1010123456034,77,,1,0,12,1,2,,0,0,0,0,0,0,6.33333,,0,0,0,0,0,0,0,0,0,,0,0,,0,0,0,0
1613871438784,6,1010123456034,77,,1,0,12,1,2,,0,0,0,0,0,0,7,,0,0,0,0,0,0,0,0,0,,0,0,,0,0,0,0
1613871439034,6,1010123456034,77,,1,0,12,1,2,,0,0,0,0,0,0,5.6,,0,0,0,0,0,0,0,0,0,,0,0,,0,0,0,0
1613871439284,6,1010123456034,77,,1,0,12,1,2,,0,0,0,0,0,0,5.66667,,0,0,0,0,0,0,0,0,0,,0,0,,0,0,0,0
1613871439534,6,1010123456034,77,,1,0,12,1,2,,0,0,0,0,0,0,6.5,,0,0,0,0,0,0,0,0,0,,0,0,,0,0,0,0
1613871439784,6,1010123456034,77,,1,0,12,1,2,,0,0,0,0,0,0,6.75,,0,0,0,0,0,0,0,0,0,,0,0,,0,0,0,0
1613871440034,6,1010123456034,77,,1,0,12,1,2,,0,0,0,0,0,0,5,,0,0,0,0,0,0,0,0,0,,0,0,,0,0,0,0
1613871440284,6,1010123456034,77,,1,0,12,1,2,,0,0,0,0,0,0,7,,0,0,0,0,0,0,0,0,0,,0,0,,0,0,0,0
1613871440534,6,1010123456034,77,,1,0,12,1,2,,0,0,0,0,0,0,10.6667,,0,0,0,0,0,0,0,0,0,,0,0,,0,0,0,0
1613871440784,6,1010123456034,77,,1,0,12,1,2,,0,0,0,0,0,0,2,,0,0,0,0,0,0,0,0,0,,0,0,,0,0,0,0
1613871441034,6,1010123456034,77,,1,0,12,1,2,,0,0,0,0,0,0,6,,0,0,0,0,0,0,0,0,0,,0,0,,0,0,0,0
1613871441284,6,1010123456034,77,,1,0,12,1,2,,0,0,0,0,0,0,7.5,,0,0,0,0,0,0,0,0,0,,0,0,,0,0,0,0
1613871441534,6,1010123456034,77,,1,0,12,1,2,,0,0,0,0,0,0,7.66667,,0,0,0,0,0,0,0,0,0,,0,0,,0,0,0,0
1613871441784,6,1010123456034,77,,1,0,12,1,2,,0,0,0,0,0,0,5.6,,0,0,0,0,0,0,0,0,0,,0,0,,0,0,0,0
1613871442034,6,1010123456034,77,,1,0,12,1,2,,0,0,0,0,0,0,8.66667,,0,0,0,0,0,0,0,0,0,,0,0,,0,0,0,0
1613871442284,6,1010123456034,77,,1,0,12,1,2,,0,0,0,0,0,0,9,,0,0,0,0,0,0,0,0,0,,0,0,,0,0,0,0
1613871442534,6,1010123456034,77,,1,0,12,1,2,,0,0,0,0,0,0,6.5,,0,0,0,0,0,0,0,0,0,,0,0,,0,0,0,0
1613871442784,6,1010123456034,77,,1,0,12,1,2,,0,0,0,0,0,0,6.66667,,0,0,0,0,0,0,0,0,0,,0,0,,0,0,0,0
1613871443034,6,1010123456034,77,,1,0,12,1,2,,0,0,0,0,0,0,9,,0,0,0,0,0,0,0,0,0,,0,0,,0,0,0,0
1613871443284,6,1010123456034,77,,1,0,12,1,2,,0,0,0,0,0,0,7,,0,0,0,0,0,0,0,0,0,,0,0,,0,0,0,0
1613871443534,6,1010123456034,77,,1,0,12,1,2,,0,0,0,0,0,0,6.66667,,0,0,0,0,0,0,0,0,0,,0,0,,0,0,0,0
1613871443784,6,1010123456034,77,,1,0,12,1,2,,0,0,0,0,0,0,8.5,,0,0,0,0,0,0,0,0,0,,0,0,,0,0,0,0
1613871444034,6,1010123456034,77,,1,0,12,1,2,,0,0,0,0,0,0,6.66667,,0,0,0,0,0,0,0,0,0,,0,0,,0,0,0,0
1613871444284,6,1010123456034,77,,1,0,12,1,2,,0,0,0,0,0,0,6,,0,0,0,0,0,0,0,0,0,,0,0,,0,0,0,0
1613871444534,6,1010123456034,77,,1,0,12,1,2,,0,0,0,0,0,0,7.4,,0,0,0,0,0,0,0,0,0,,0,0,,0,0,0,0
1613871444784,6,1010123456034,77,,1,0,12,1,2,,0,0,0,0,0,0,6.5,,0,0,0,0,0,0,0,0,0,,0,0,,0,0,0,0
1613871445034,6,1010123456034,77,,1,0,12,1,2,,0,0,0,0,0,0,8,,0,0,0,0,0,0,0,0,0,,0,0,,0,0,0,0
1613871445284,6,1010123456034,77,,1,0,12,1,2,,0,0,0,0,0,0,8.5,,0,0,0,0,0,0,0,0,0,,0,0,,0,0,0,0
1613871445534,6,1010123456034,77,,1,0,12,1,2,,0,0,0,0,0,0,3.66667,,0,0,0,0,0,0,0,0,0,,0,0,,0,0,0,0
1613871445784,6,1010123456034,77,,1,0,12,1,2,,0,0,0,0,0,0,8.5,,0,0,0,0,0,0,0,0,0,,0,0,,0,0,0,0
1613871446034,6,1010123456034,77,,1,0,12,1,2,,0,0,0,0,0,0,7.6,,0,0,0,0,0,0,0,0,0,,0,0,,0,0,0,0
1613871446284,6,1010123456034,77,,1,0,12,1,2,,0,0,0,0,0,0,7.25,,0,0,0,0,0,0,0,0,0,,0,0,,0,0,0,0
1613871446534,6,1010123456034,77,,1,0,12,1,2,,0,0,0,0,0,0,7,,0,0,0,0,0,0,0,0,0,,0,0,,0,0,0,0
1613871446784,6,1010123456034,77,,1,0,12,1,2,,0,0,0,0,0,0,9.25,,0,0,0,0,0,0,0,0,0,,0,0,,0,0,0,0
1613871447034,6,1010123456034,77,,1,0,12,1,2,,0,0,0,0,0,0,7,,0,0,0,0,0,0,0,0,0,,0,0,,0,0,0,0
1613871447284,6,1010123456034,77,,1,0,12,1,2,,0,0,0,0,0,0,6.75,,0,0,0,0,0,0,0,0,0,,0,0,,0,0,0,0
1613871447534,6,1010123456034,77,,1,0,12,1,2,,0,0,0,0,0,0,6.5,,0,0,0,0,0,0,0,0,0,,0,0,,0,0,0,0
1613871447784,6,1010123456034,77,,1,0,12,1,2,,0,0,0,0,0,0,7.8,,0,0,0,0,0,0,0,0,0,,0,0,,0,0,0,0
1613871448034,6,1010123456034,77,,1,0,12,1,2,,0,0,0,0,0,0,7,,0,0,0,0,0,0,0,0,0,,0,0,,0,0,0,0
1613871448284,6,1010123456034,77,,1,0,12,1,2,,0,0,0,0,0,0,7.33333,,0,0,0,0,0,0,0,0,0,,0,0,,0,0,0,0
1613871448534,6,1010123456034,77,,1,0,12,1,2,,0,0,0,0,0,0,8.5,,0,0,0,0,0,0,0,0,0,,0,0,,0,0,0,0
1613871448784,6,1010123456034,77,,1,0,12,1,2,,0,0,0,0,0,0,6,,0,0,0,0,0,0,0,0,0,,0,0,,0,0,0,0
1613871449034,6,1010123456034,77,,1,0,12,1,2,,0,0,0,0,0,0,7,,0,0,0,0,0,0,0,0,0,,0,0,,0,0,0,0
1613871449284,6,1010123456034,77,,1,0,12,1,2,,0,0,0,0,0,0,9.5,,0,0,0,0,0,0,0,0,0,,0,0,,0,0,0,0
1613871449534,6,1010123456034,77,,1,0,12,1,2,,0,0,0,0,0,0,7.75,,0,0,0,0,0,0,0,0,0,,0,0,,0,0,0,0
1613871449784,6,1010123456034,77,,1,0,12,1,2,,0,0,0,0,0,0,7.66667,,0,0,0,0,0,0,0,0,0,,0,0,,0,0,0,0
1613871450034,6,1010123456034,77,,1,0,12,1,2,,0,0,0,0,0,0,7,,0,0,0,0,0,0,0,0,0,,0,0,,0,0,0,0
1613871450284,6,1010123456034,77,,1,0,12,1,2,,0,0,0,0,0,0,6.5,,0,0,0,0,0,0,0,0,0,,0,0,,0,0,0,0
1613871450534,6,1010123456034,77,,1,0,12,1,2,,0,0,0,0,0,0,6.5,,0,0,0,0,0,0,0,0,0,,0,0,,0,0,0,0
1613871450784,6,1010123456034,77,,1,0,12,1,2,,0,0,0,0,0,0,5.75,,0,0,0,0,0,0,0,0,0,,0,0,,0,0,0,0
1613871451034,6,1010123456034,77,,1,0,12,1,2,,0,0,0,0,0,0,6,,0,0,0,0,0,0,0,0,0,,0,0,,0,0,0,0
1613871451284,6,1010123456034,77,,1,0,12,1,2,,0,0,0,0,0,0,8,,0,0,0,0,0,0,0,0,0,,0,0,,0,0,0,0
1613871451534,6,1010123456034,77,,1,0,12,1,2,,0,0,0,0,0,0,6.5,,0,0,0,0,0,0,0,0,0,,0,0,,0,0,0,0
1613871451784,6,1010123456034,77,,1,0,12,1,2,,0,0,0,0,0,0,4.25,,0,0,0,0,0,0,0,0,0,,0,0,,0,0,0,0
1613871452034,6,1010123456034,77,,1,0,12,1,2,,10.3024,539,76813,0.78,156,0,7,,14.3939,165,147943,0.41392,51,76.4706,0,5.27179,31,,786,1197,,0,0,0,7.84242
1613871452284,6,1010123456034,77,,1,0,12,1,2,,12.2936,848,167854,1.20486,244,0,6.66667,,9.16667,42,0,0.1,13,53.8462,0,4.56415,31,,1500,1479,,0,0,0,6.71429
1613871452534,6,1010123456034,77,,1,0,12,1,2,,9.44759,849,183370,0.860224,242,0,5.6,,0,0,0,0,0,0,0,0,0,,1500,1488,,0,0,0,0
1613871452784,6,1010123456034,77,,1,0,12,1,2,,11.3403,858,183435,1.0856,245,0,6.5,,0,0,0,0,0,0,0,0,0,,1500,1491,,0,0,0,0
1613871453034,6,1010123456034,77,,1,0,12,1,2,,10.7812,841,183297,0.994784,243,0,6.33333,,15,13,0,0,4,100,0,1.60754,0,,1500,1500,,0,0,0,10
1613871453284,6,1010123456034,77,,1,0,12,1,2,,10.9704,844,184139,1.01869,242,0,6.2,,0.1,7,0,0.1,2,0,0,1.1532,31,,1500,1485,,0,0,0,2
1613871453534,6,1010123456034,77,,1,0,12,1,2,,10.8834,858,183639,1.01248,246,0,6.2,,0,0,0,0,0,0,0,0,0,,1500,1488,,0,0,0,0
1613871453784,6,1010123456034,77,,1,0,12,1,2,,10.7051,858,183965,0.982048,245,0,6,,0,0,0,0,0,0,0,0,0,,1500,1479,,0,0,0,0
1613871454034,6,1010123456034,77,,1,0,12,1,2,,12.725,829,183641,1.28227,243,0,7,,0.1,19,0,0.1,6,16.6667,0,9.90101,31,,1500,1479,,0,0,0,3
1613871454284,6,1010123456034,77,,1,0,12,1,2,,10.5805,863,184130,0.979392,246,0,6,,0,0,0,0,0,0,0,0,0,,1500,1500,,0,0,0,0
1613871454534,6,1010123456034,77,,1,0,12,1,2,,10.7228,855,183031,0.981248,244,0,6,,0,0,0,0,0,0,0,0,0,,1500,1494,,0,0,0,0
1613871454784,6,1010123456034,77,,1,0,12,1,2,,10.7503,857,184124,1.00653,246,0,6.2,,0,0,0,0,0,0,0,0,0,,1500,1500,,0,0,0,0
1613871455034,6,1010123456034,77,,1,0,12,1,2,,8.5289,813,184282,0.752352,233,0,5.57143,,0.1,43,0,0.1,14,42.8571,0,3.23685,31,,1500,1458,,0,0,0,5.39535
1613871455284,6,1010123456034,77,,1,0,12,1,2,,10.9522,857,183255,1.03392,246,0,6.16667,,15,13,0,0,4,100,0,1.7931,0,,1500,1491,,0,0,0,10
1613871455534,6,1010123456034,77,,1,0,12,1,2,,10.7046,843,183890,0.976288,241,0,6.16667,,0,0,0,0,0,0,0,0,0,,1500,1482,,0,0,0,0
1613871455784,6,1010123456034,77,,1,0,12,1,2,,12.1939,846,183576,1.18282,243,0,6.83333,,0,0,0,0,0,0,0,0,0,,1500,1500,,0,0,0,0
1613871456034,6,1010123456034,77,,1,0,12,1,2,,10.9187,836,184362,1.01462,245,0,6.28571,,1.75,24,0,0.1,8,12.5,0,5.30886,31,,1500,1491,,0,0,0,3
1613871456284,6,1010123456034,77,,1,0,12,1,2,,10.0879,853,182996,0.94832,243,0,6,,0,0,0,0,0,0,0,0,0,,1500,1488,,0,0,0,0
1613871456534,6,1010123456034,77,,1,0,12,1,2,,9.8829,854,183681,0.927392,245,0,5.8,,0,0,0,0,0,0,0,0,0,,1500,1494,,0,0,0,0
1613871456784,6,1010123456034,77,,1,0,12,1,2,,12.4253,823,183981,1.2335,239,0,6.83333,,0,0,0,0,0,0,0,0,0,,1500,1449,,0,0,0,0
1613871457034,6,1010123456034,77,,1,0,12,1,2,,10.5615,846,184339,0.963296,243,0,6.14286,,8,30,0,0.1,9,44.4444,0,7.14441,31,,1500,1494,,0,0,0,4.8
1613871457284,6,1010123456034,77,,1,0,12,1,2,,11.0214,843,183553,1.02586,242,0,6,,0,0,0,0,0,0,0,0,0,,1500,1482,,0,0,0,0
1613871457534,6,1010123456034,77,,1,0,12,1,2,,10.9127,848,183281,1.00592,243,0,6.25,,0,0,0,0,0,0,0,0,0,,1500,1488,,0,0,0,0
1613871457784,6,1010123456034,77,,1,0,12,1,2,,10.7007,852,183685,0.978176,244,0,6,,0,0,0,0,0,0,0,0,0,,1500,1482,,0,0,0,0
1613871458034,6,1010123456034,77,,1,0,12,1,2,,10.0715,811,183424,0.913472,238,0,6,,0.1,29,0,0.1,9,22.2222,0,4.55455,31,,1500,1485,,0,0,0,4.17241
1613871458284,6,1010123456034,77,,1,0,12,1,2,,10.5065,845,183374,0.947232,241,0,6,,0,0,0,0,0,0,0,0,0,,1500,1482,,0,0,0,0
1613871458534,6,1010123456034,77,,1,0,12,1,2,,10.4472,843,183324,0.947008,242,0,6,,0,0,0,0,0,0,0,0,0,,1500,1473,,0,0,0,0
1613871458784,6,1010123456034,77,,1,0,12,1,2,,10.6072,863,183505,0.990816,247,0,6,,0,0,0,0,0,0,0,0,0,,1500,1494,,0,0,0,0
1613871459034,6,1010123456034,77,,1,0,12,1,2,,10.6216,843,183905,0.980704,243,0,6.14286,,6.7234,47,0,0.1,14,35.7143,0,11.7158,31,,1500,1497,,0,0,0,4.23404
1613871459284,6,1010123456034,77,,1,0,12,1,2,,10.954,848,183165,1.02323,244,0,6.4,,0,0,0,0,0,0,0,0,0,,1500,1482,,0,0,0,0
1613871459534,6,1010123456034,77,,1,0,12,1,2,,10.5592,853,183952,0.962912,243,0,6,,0,0,0,0,0,0,0,0,0,,1500,1479,,0,0,0,0
1613871459784,6,1010123456034,77,,1,0,12,1,2,,13.0669,852,184118,1.35347,244,0,7.33333,,0,0,0,0,0,0,0,0,0,,1500,1488,,0,0,0,0
1613871460034,6,1010123456034,77,,1,0,12,1,2,,10.8092,844,184154,0.998464,242,0,6,,15,16,0,0,4,100,0,1.12504,0,,1500,1482,,0,0,0,10
1613871460284,6,1010123456034,77,,1,0,12,1,2,,10.5385,845,184056,0.950272,240,0,6,,5.14286,7,0,0.1,2,50,0,9.06687,31,,1500,1476,,0,0,0,6.14286
1613871460534,6,1010123456034,77,,1,0,12,1,2,,10.7787,863,184066,0.993472,246,0,6,,6.63158,38,0,0.1,10,70,0,3.72026,0,,1500,1497,,0,0,0,7.63158
1613871460784,6,1010123456034,77,,1,0,12,1,2,,10.5803,853,183487,0.966112,243,0,6,,0,0,0,0,0,0,0,0,0,,1500,1497,,0,0,0,0
1613871461034,6,1010123456034,77,,1,0,12,1,2,,12.1497,835,183253,1.18816,242,0,6.71429,,15.1458,96,0,0.11344,29,82.7586,0,4.74778,31,,1500,1485,,0,0,0,8.40625
1613871461284,6,1010123456034,77,,1,0,12,1,2,,10.6499,857,183797,0.975616,244,0,6,,0,0,0,0,0,0,0,0,0,,1500,1488,,0,0,0,0
1613871461534,6,1010123456034,77,,1,0,12,1,2,,10.8068,859,183587,1.00394,245,0,6.2,,0,0,0,0,0,0,0,0,0,,1500,1497,,0,0,0,0
1613871461784,6,1010123456034,77,,1,0,12,1,2,,10.5356,857,184447,0.966016,244,0,6,,0,0,0,0,0,0,0,0,0,,1500,1491,,0,0,0,0
1613871462034,6,1010123456034,77,,1,0,12,1,2,,11.2244,860,183568,1.06915,247,0,6.42857,,4,48,0,0.1,14,50,0,2.73071,31,,1506,1497,,0,0,0,6.125
1613871462284,6,1010123456034,77,,1,0,12,1,2,,11.517,855,183255,1.10109,245,0,6.6,,0,0,0,0,0,0,0,0,0,,1494,1488,,0,0,0,0
1613871462534,6,1010123456034,77,,1,0,12,1,2,,10.8028,852,184225,1.0112,244,0,6.2,,0,0,0,0,0,0,0,0,0,,1500,1485,,0,0,0,0
1613871462784,6,1010123456034,77,,1,0,12,1,2,,10.2928,847,183860,0.972576,243,0,6.16667,,0,0,0,0,0,0,0,0,0,,1500,1485,,0,0,0,0
1613871463034,6,1010123456034,77,,1,0,12,1,2,,9.60024,838,184337,0.868768,241,0,6,,4.83721,43,0,0.1,13,38.4615,0,5.11476,31,,1500,1482,,0,0,0,4.62791
1613871463284,6,1010123456034,77,,1,0,12,1,2,,12.2742,846,184043,1.1993,242,0,6.66667,,0,0,0,0,0,0,0,0,0,,1500,1491,,0,0,0,0
1613871463534,6,1010123456034,77,,1,0,12,1,2,,10.5809,847,183444,0.961856,242,0,6,,0,0,0,0,0,0,0,0,0,,1500,1476,,0,0,0,0
1613871463784,6,1010123456034,77,,1,0,12,1,2,,11.1129,859,183243,1.04211,246,0,6.2,,0,0,0,0,0,0,0,0,0,,1500,1500,,0,0,0,0
1613871464034,6,1010123456034,77,,1,0,12,1,2,,9.59379,837,183574,0.901248,244,0,5.85714,,5.25,40,0,0.1,12,41.6667,0,4.55732,31,,1500,1479,,0,0,0,5.1
1613871464284,6,1010123456034,77,,1,0,12,1,2,,9.25357,840,183706,0.86576,241,0,5.8,,0,0,0,0,0,0,0,0,0,,1500,1488,,0,0,0,0
1613871464534,6,1010123456034,77,,1,0,12,1,2,,10.2197,865,183461,0.937568,247,0,6.2,,0,0,0,0,0,0,0,0,0,,1500,1491,,0,0,0,0
1613871464784,6,1010123456034,77,,1,0,12,1,2,,12.0763,865,183133,1.15114,247,0,6.8,,0,0,0,0,0,0,0,0,0,,1500,1491,,0,0,0,0
1613871465034,6,1010123456034,77,,1,0,12,1,2,,10.6501,846,183748,1.01542,244,0,6,,1.11628,43,0,0.1,12,25,0,3.9974,31,,1500,1497,,0,0,0,4.83721
1613871465284,6,1010123456034,77,,1,0,12,1,2,,10.7613,842,184075,0.984352,241,0,6.16667,,0,0,0,0,0,0,0,0,0,,1500,1482,,0,0,0,0
1613871465534,6,1010123456034,77,,1,0,12,1,2,,12.3124,842,183906,1.18253,240,0,6.83333,,0,3,0,0.1,1,0,0,0,31,,1500,1488,,0,0,0,0
1613871465784,6,1010123456034,77,,1,0,12,1,2,,10.8383,866,183277,1.01526,247,0,6.16667,,0,6,0,0.1,2,0,0,0,31,,1500,1500,,0,0,0,0
1613871466034,6,1010123456034,77,,1,0,12,1,2,,10.876,855,184226,1.01034,245,0,6.14286,,15,18,0,0.1,5,80,0,4.74047,31,,1500,1494,,0,0,0,8.5
1613871466284,6,1010123456034,77,,1,0,12,1,2,,10.5378,846,183974,0.961728,242,0,6,,0.1,8,0,0.1,2,50,0,0.896138,31,,1500,1479,,0,0,0,5.5
1613871466534,6,1010123456034,77,,1,0,12,1,2,,10.262,851,184290,0.97984,244,0,6.16667,,0,8,0,0.1,3,66.6667,0,0,0,,1500,1482,,0,0,0,0
1613871466784,6,1010123456034,77,,1,0,12,1,2,,10.6796,852,183342,0.987584,246,0,6,,0,0,0,0,0,0,0,0,0,,1500,1473,,0,0,0,0
1613871467034,6,1010123456034,77,,1,0,12,1,2,,10.4377,827,183667,0.927904,237,0,6,,14.7527,93,0,0.1,27,88.8889,0,3.13881,31,,1500,1473,,0,0,0,9.03226
1613871467284,6,1010123456034,77,,1,0,12,1,2,,10.75,848,184208,0.970144,241,0,6.16667,,0,0,0,0,0,0,0,0,0,,1500,1491,,0,0,0,0
1613871467534,6,1010123456034,77,,1,0,12,1,2,,11.7674,847,183243,1.08035,241,0,6.66667,,0,3,0,0.1,1,0,0,0,31,,1500,1476,,0,0,0,0
1613871467784,6,1010123456034,77,,1,0,12,1,2,,11.4528,848,183688,1.11005,241,0,6.33333,,0,12,0,0,4,100,0,0,0,,1500,1500,,0,0,0,0
1613871468034,6,1010123456034,77,,1,0,12,1,2,,12.358,838,184213,1.26058,245,0,7,,11.9664,119,0,0.1,38,76.3158,0,1.63462,31,,1500,1497,,0,0,0,8.10924
1613871468284,6,1010123456034,77,,1,0,12,1,2,,11.0925,843,183276,1.02336,240,0,6.33333,,0,0,0,0,0,0,0,0,0,,1500,1473,,0,0,0,0
1613871468534,6,1010123456034,77,,1,0,12,1,2,,10.8516,856,183172,0.99776,244,0,6.16667,,0,0,0,0,0,0,0,0,0,,1500,1482,,0,0,0,0
1613871468784,6,1010123456034,77,,1,0,12,1,2,,10.8699,853,184355,1.00259,243,0,6.2,,0,0,0,0,0,0,0,0,0,,1500,1482,,0,0,0,0
1613871469034,6,1010123456034,77,,1,0,12,1,2,,16.6189,858,184222,2.05686,245,0,7.66667,,6.82609,46,0,0.1,13,30.7692,0,7.46132,31,,1500,1491,,0,0,0,5.08696
1613871469284,6,1010123456034,77,,1,0,12,1,2,,10.6814,860,183198,0.983072,245,0,6,,0,0,0,0,0,0,0,0,0,,1500,1497,,0,0,0,0
1613871469534,6,1010123456034,77,,1,0,12,1,2,,10.6581,857,183713,0.975872,244,0,6,,0,0,0,0,0,0,0,0,0,,1500,1500,,0,0,0,0
1613871469784,6,1010123456034,77,,1,0,12,1,2,,11.0898,857,183943,1.02797,244,0,6.33333,,0,0,0,0,0,0,0,0,0,,1500,1497,,0,0,0,0
1613871470034,6,1010123456034,77,,1,0,12,1,2,,10.8303,837,183689,1.00314,244,0,6.16667,,7.46939,49,0,0.1,14,42.8571,0,8.52433,31,,1500,1491,,0,0,0,5.44898
1613871470284,6,1010123456034,77,,1,0,12,1,2,,11.0664,858,183764,1.0399,245,0,6.2,,0,0,0,0,0,0,0,0,0,,1500,1497,,0,0,0,0
1613871470534,6,1010123456034,77,,1,0,12,1,2,,10.7726,853,183928,0.993856,244,0,6,,0,0,0,0,0,0,0,0,0,,1500,1476,,0,0,0,0
1613871470784,6,1010123456034,77,,1,0,12,1,2,,10.6895,847,184407,0.979296,243,0,6,,0,0,0,0,0,0,0,0,0,,1500,1494,,0,0,0,0
1613871471034,6,1010123456034,77,,1,0,12,1,2,,10.4776,850,184087,0.957824,244,0,6,,12.6452,31,0,0.1,9,66.6667,0,8.33015,31,,1500,1485,,0,0,0,6.93548
1613871471284,6,1010123456034,77,,1,0,12,1,2,,9.04535,860,184138,0.861248,246,0,5.16667,,0,0,0,0,0,0,0,0,0,,1500,1497,,0,0,0,0
1613871471534,6,1010123456034,77,,1,0,12,1,2,,10.9561,843,183845,0.99696,239,0,6.2,,0,0,0,0,0,0,0,0,0,,1500,1470,,0,0,0,0
1613871471784,6,1010123456034,77,,1,0,12,1,2,,10.6298,851,183367,0.964032,242,0,6,,0,0,0,0,0,0,0,0,0,,1500,1482,,0,0,0,0
1613871472034,6,1010123456034,77,,1,0,12,1,2,,10.6167,861,183739,0.98272,246,0,6,,15,16,0,0,4,100,0,0.865478,0,,1500,1500,,0,0,0,10
1613871472284,6,1010123456034,77,,1,0,12,1,2,,10.5358,838,183434,0.954912,241,0,6,,0,0,0,0,0,0,0,0,0,,1500,1476,,0,0,0,0
1613871472534,6,1010123456034,77,,1,0,12,1,2,,10.7048,847,183969,0.971808,241,0,6.2,,0.1,10,0,0.1,3,33.3333,0,1.19004,31,,1500,1494,,0,0,0,4
1613871472784,6,1010123456034,77,,1,0,12,1,2,,10.5613,857,183257,0.975872,244,0,6,,0,0,0,0,0,0,0,0,0,,1500,1500,,0,0,0,0
1613871473034,6,1010123456034,77,,1,0,12,1,2,,10.7855,839,183640,0.98768,241,0,6.14286,,0.1,66,0,0.1,19,42.1053,0,3.06986,31,,1500,1488,,0,0,0,5.34848
1613871473284,6,1010123456034,77,,1,0,12,1,2,,10.7757,865,183288,1.00141,246,0,6.16667,,0,0,0,0,0,0,0,0,0,,1500,1488,,0,0,0,0
1613871473534,6,1010123456034,77,,1,0,12,1,2,,11.9518,850,183543,1.17325,244,0,6.8,,0,0,0,0,0,0,0,0,0,,1500,1488,,0,0,0,0
1613871473784,6,1010123456034,77,,1,0,12,1,2,,10.7673,851,183617,0.988,243,0,6.2,,0,0,0,0,0,0,0,0,0,,1500,1494,,0,0,0,0
1613871474034,6,1010123456034,77,,1,0,12,1,2,,10.7188,857,183744,0.991808,244,0,6.2,,0.1,31,0,0.1,9,22.2222,0,0.63171,31,,1500,1491,,0,0,0,4.16129
1613871474284,6,1010123456034,77,,1,0,12,1,2,,10.5485,855,183060,0.96976,245,0,6,,0,0,0,0,0,0,0,0,0,,1500,1491,,0,0,0,0
1613871474534,6,1010123456034,77,,1,0,12,1,2,,10.5774,859,183509,0.979904,246,0,6,,0,0,0,0,0,0,0,0,0,,1500,1497,,0,0,0,0
1613871474784,6,1010123456034,77,,1,0,12,1,2,,10.6921,825,183162,0.959008,237,0,6.16667,,0,0,0,0,0,0,0,0,0,,1500,1455,,0,0,0,0
1613871475034,6,1010123456034,77,,1,0,12,1,2,,10.5202,840,184258,0.958528,242,0,6,,0.1,45,0,0.1,14,57.1429,0,2.015,31,,1500,1476,,0,0,0,6.71111
1613871475284,6,1010123456034,77,,1,0,12,1,2,,11.0563,853,183344,1.0273,243,0,6.4,,0,0,0,0,0,0,0,0,0,,1500,1482,,0,0,0,0
1613871475534,6,1010123456034,77,,1,0,12,1,2,,9.75618,849,183553,0.912256,244,0,5.66667,,0,0,0,0,0,0,0,0,0,,1500,1494,,0,0,0,0
1613871475784,6,1010123456034,77,,1,0,12,1,2,,10.3,860,183568,0.926528,244,0,6,,0,0,0,0,0,0,0,0,0,,1500,1491,,0,0,0,0
1613871476034,6,1010123456034,77,,1,0,12,1,2,,10.6746,842,184042,0.98064,241,0,6.14286,,13,13,0,0,4,100,0,0.820309,0,,1500,1500,,0,0,0,10
1613871476284,6,1010123456034,77,,1,0,12,1,2,,11.007,855,184279,1.03466,245,0,6.33333,,4.28571,7,0,0.1,2,50,0,11.9849,31,,1500,1491,,0,0,0,4.85714
1613871476534,6,1010123456034,77,,1,0,12,1,2,,9.41289,838,183778,0.872672,240,0,5.6,,8.66667,75,0,0.1,23,73.913,0,7.09385,31,,1500,1476,,0,0,0,7.48
1613871476784,6,1010123456034,77,,1,0,12,1,2,,10.6217,859,184079,0.981696,246,0,6,,0,0,0,0,0,0,0,0,0,,1500,1488,,0,0,0,0
1613871477034,6,1010123456034,77,,1,0,12,1,2,,10.7899,814,183478,0.967168,236,0,6.14286,,3.71429,56,0,0.1,17,52.9412,0,2.07206,31,,1500,1461,,0,0,0,6.42857
1613871477284,6,1010123456034,77,,1,0,12,1,2,,15.0661,847,182619,1.64963,243,0,7.8,,0,0,0,0,0,0,0,0,0,,1500,1488,,0,0,0,0
1613871477534,6,1010123456034,77,,1,0,12,1,2,,12.7011,833,184366,1.40976,239,0,6.5,,0,0,0,0,0,0,0,0,0,,1500,1482,,0,0,0,0
1613871477784,6,1010123456034,77,,1,0,12,1,2,,11.0164,854,183248,1.03795,244,0,6.25,,0,0,0,0,0,0,0,0,0,,1500,1470,,0,0,0,0
1613871478034,6,1010123456034,77,,1,0,12,1,2,,10.6036,835,184227,0.962336,241,0,6,,4.36364,44,0,0.1,14,64.2857,0,2.6605,31,,1500,1494,,0,0,0,7.15909
1613871478284,6,1010123456034,77,,1,0,12,1,2,,12.5127,868,183889,1.19334,248,0,7.16667,,0,0,0,0,0,0,0,0,0,,1500,1488,,0,0,0,0
1613871478534,6,1010123456034,77,,1,0,12,1,2,,11.9869,842,183922,1.16906,239,0,6.4,,0,0,0,0,0,0,0,0,0,,1500,1497,,0,0,0,0
1613871478784,6,1010123456034,77,,1,0,12,1,2,,10.8249,851,183982,0.997952,242,0,6.16667,,0,0,0,0,0,0,0,0,0,,1500,1488,,0,0,0,0
1613871479034,6,1010123456034,77,,1,0,12,1,2,,10.8828,828,183949,0.997024,241,0,6.16667,,10.7609,92,0,0.133536,27,70.3704,0,4.81074,31,,1500,1482,,0,0,0,8.15217
1613871479284,6,1010123456034,77,,1,0,12,1,2,,10.8302,848,183764,1.00288,244,0,6.16667,,0,0,0,0,0,0,0,0,0,,1500,1488,,0,0,0,0
1613871479534,6,1010123456034,77,,1,0,12,1,2,,11.098,847,184172,1.01907,242,0,6.33333,,0,0,0,0,0,0,0,0,0,,1500,1497,,0,0,0,0
1613871479784,6,1010123456034,77,,1,0,12,1,2,,8.05006,839,183556,0.756864,239,0,5.33333,,0,0,0,0,0,0,0,0,0,,1500,1476,,0,0,0,0
1613871480034,6,1010123456034,77,,1,0,12,1,2,,10.9905,846,184289,1.00426,243,0,6.28571,,15,16,0,0,4,100,0,0.891968,0,,1500,1482,,0,0,0,10
1613871480284,6,1010123456034,77,,1,0,12,1,2,,10.3878,833,183238,0.937696,239,0,6,,0.1,7,0,0.1,2,0,0,1.20346,31,,1500,1452,,0,0,0,2
1613871480534,6,1010123456034,77,,1,0,12,1,2,,10.5625,864,183571,0.981216,247,0,6,,0,0,0,0,0,0,0,0,0,,1500,1494,,0,0,0,0
1613871480784,6,1010123456034,77,,1,0,12,1,2,,11.4459,859,184210,1.11661,246,0,6.8,,0,12,0,0.1,4,75,0,0,31,,1500,1497,,0,0,0,0
1613871481034,6,1010123456034,77,,1,0,12,1,2,,11.0024,843,184465,1.03363,245,0,6.28571,,5.92857,56,0,0.1,17,41.1765,0,8.00314,31,,1500,1494,,0,0,0,5.07143
1613871481284,6,1010123456034,77,,1,0,12,1,2,,10.4545,847,184149,0.955616,243,0,6,,0,0,0,0,0,0,0,0,0,,1500,1488,,0,0,0,0
1613871481534,6,1010123456034,77,,1,0,12,1,2,,10.6722,848,183081,0.976864,243,0,6.2,,0,0,0,0,0,0,0,0,0,,1500,1479,,0,0,0,0
1613871481784,6,1010123456034,77,,1,0,12,1,2,,12.0731,848,184070,1.1528,243,0,6.66667,,0,0,0,0,0,0,0,0,0,,1500,1476,,0,0,0,0
1613871482034,6,1010123456034,77,,1,0,12,1,2,,10.6487,834,183519,0.967072,241,0,6,,6.32308,65,0,0.1,19,73.6842,0,4.62512,31,,1500,1485,,0,0,0,7.78462
1613871482284,6,1010123456034,77,,1,0,12,1,2,,12.6868,859,183391,1.31792,247,0,7.16667,,0,0,0,0,0,0,0,0,0,,1500,1488,,0,0,0,0
1613871482534,6,1010123456034,77,,1,0,12,1,2,,12.0012,855,184413,1.13792,244,0,6.83333,,0,0,0,0,0,0,0,0,0,,1500,1491,,0,0,0,0
1613871482784,6,1010123456034,77,,1,0,12,1,2,,11.026,846,183113,1.0927,243,0,6,,0,0,0,0,0,0,0,0,0,,1500,1488,,0,0,0,0
1613871483034,6,1010123456034,77,,1,0,12,1,2,,10.4435,850,184320,0.952704,244,0,6,,4.07843,51,0,0.1,15,53.3333,0,2.86223,31,,1500,1485,,0,0,0,6.62745
1613871483284,6,1010123456034,77,,1,0,12,1,2,,10.8498,859,183947,1.01088,246,0,6.2,,0,0,0,0,0,0,0,0,0,,1500,1485,,0,0,0,0
1613871483534,6,1010123456034,77,,1,0,12,1,2,,10.6965,850,184356,0.97616,241,0,6.2,,0,3,0,0.1,1,0,0,0,31,,1500,1473,,0,0,0,0
1613871483784,6,1010123456034,77,,1,0,12,1,2,,9.77053,828,183832,0.871808,236,0,5.8,,0,0,0,0,0,0,0,0,0,,1500,1470,,0,0,0,0
1613871484034,6,1010123456034,77,,1,0,12,1,2,,10.6055,806,183992,0.943936,234,0,6.14286,,0.1,44,0,0.1,12,66.6667,0,0.666087,31,,1500,1446,,0,0,0,7.75
1613871484284,6,1010123456034,77,,1,0,12,1,2,,10.5113,841,184273,0.939488,239,0,6,,0,0,0,0,0,0,0,0,0,,1500,1470,,0,0,0,0
1613871484534,6,1010123456034,77,,1,0,12,1,2,,10.6524,840,183757,0.962848,239,0,6.16667,,0,6,0,0.1,2,50,0,0,31,,1500,1467,,0,0,0,0
1613871484784,6,1010123456034,77,,1,0,12,1,2,,10.5422,865,184358,0.974304,247,0,6,,0,0,0,0,0,0,0,0,0,,1500,1488,,0,0,0,0
1613871485034,6,1010123456034,77,,1,0,12,1,2,,10.7044,839,183569,0.971264,240,0,6.28571,,0.1,52,0,0.1,14,42.8571,0,1.18005,31,,1500,1479,,0,0,0,5.59615
1613871485284,6,1010123456034,77,,1,0,12,1,2,,10.709,859,183622,0.994688,246,0,6,,0,0,0,0,0,0,0,0,0,,1500,1494,,0,0,0,0
1613871485534,6,1010123456034,77,,1,0,12,1,2,,11.8323,847,184127,1.116,243,0,6.5,,0,0,0,0,0,0,0,0,0,,1500,1488,,0,0,0,0
1613871485784,6,1010123456034,77,,1,0,12,1,2,,10.5483,859,183221,0.978112,246,0,6,,0,0,0,0,0,0,0,0,0,,1500,1500,,0,0,0,0
1613871486034,6,1010123456034,77,,1,0,12,1,2,,9.92497,813,183522,0.88608,238,0,6,,1.47368,57,0,0.1,17,41.1765,0,5.30006,31,,1500,1476,,0,0,0,5.01754
1613871486284,6,1010123456034,77,,1,0,12,1,2,,10.7439,863,183504,1.0009,246,0,6,,0,0,0,0,0,0,0,0,0,,1500,1485,,0,0,0,0
1613871486534,6,1010123456034,77,,1,0,12,1,2,,10.5479,845,184550,0.959808,242,0,6,,0,0,0,0,0,0,0,0,0,,1500,1491,,0,0,0,0
1613871486784,6,1010123456034,77,,1,0,12,1,2,,10.6588,850,183702,0.975232,244,0,6,,0.1,8,0,0.1,2,50,0,1.165,31,,1500,1488,,0,0,0,5.5
1613871487034,6,1010123456034,77,,1,0,12,1,2,,10.6579,833,184096,0.980384,243,0,6.14286,,3.76471,51,0,0.1,16,43.75,0,8.3525,31,,1500,1479,,0,0,0,4.96078
1613871487284,6,1010123456034,77,,1,0,12,1,2,,10.7277,852,184552,0.981216,243,0,6,,0,0,0,0,0,0,0,0,0,,1500,1482,,0,0,0,0
1613871487534,6,1010123456034,77,,1,0,12,1,2,,11.5663,860,183743,1.10672,245,0,6.66667,,0,0,0,0,0,0,0,0,0,,1500,1500,,0,0,0,0
1613871487784,6,1010123456034,77,,1,0,12,1,2,,10.7061,854,183962,0.992032,245,0,6,,0,0,0,0,0,0,0,0,0,,1500,1500,,0,0,0,0
1613871488034,6,1010123456034,77,,1,0,12,1,2,,10.5065,843,183430,0.959712,243,0,6.2,,12.9545,22,0,0.1,7,57.1429,0,10.7765,31,,1500,1488,,0,0,0,5.90909
1613871488284,6,1010123456034,77,,1,0,12,1,2,,10.9223,862,183724,1.03869,247,0,6.2,,0,0,0,0,0,0,0,0,0,,1500,1500,,0,0,0,0
1613871488534,6,1010123456034,77,,1,0,12,1,2,,11.1984,867,184084,1.0743,248,0,6.4,,0,0,0,0,0,0,0,0,0,,1500,1494,,0,0,0,0
1613871488784,6,1010123456034,77,,1,0,12,1,2,,9.20838,835,183340,0.834496,239,0,5.8,,0,0,0,0,0,0,0,0,0,,1500,1464,,0,0,0,0
1613871489034,6,1010123456034,77,,1,0,12,1,2,,10.5854,849,183665,0.98224,247,0,6,,10.2273,22,0,0.1,6,66.6667,0,1.26557,31,,1500,1494,,0,0,0,7.54545
1613871489284,6,1010123456034,77,,1,0,12,1,2,,10.6254,841,183025,0.96336,241,0,6.2,,0,0,0,0,0,0,0,0,0,,1500,1473,,0,0,0,0
1613871489534,6,1010123456034,77,,1,0,12,1,2,,10.8828,845,184077,1.01283,243,0,6.16667,,11.25,16,0,0.1,4,75,0,6.22324,31,,1500,1494,,0,0,0,7.75
1613871489784,6,1010123456034,77,,1,0,12,1,2,,10.6344,837,183806,0.959456,239,0,6,,15,4,0,0,1,100,0,2.37638,0,,1500,1482,,0,0,0,10
1613871490034,6,1010123456034,77,,1,0,12,1,2,,11.7993,832,183415,1.27946,239,0,6.42857,,7.37143,70,0,0.1,20,60,0,5.89426,31,,1500,1476,,0,0,0,6.9
1613871490284,6,1010123456034,77,,1,0,12,1,2,,9.15904,830,184103,0.83376,239,0,5.75,,0,0,0,0,0,0,0,0,0,,1500,1479,,0,0,0,0
1613871490534,6,1010123456034,77,,1,0,12,1,2,,11.0915,863,183774,1.05018,246,0,6.33333,,0,0,0,0,0,0,0,0,0,,1500,1488,,0,0,0,0
1613871490784,6,1010123456034,77,,1,0,12,1,2,,11.2083,869,182986,1.06707,248,0,6.4,,0,0,0,0,0,0,0,0,0,,1500,1491,,0,0,0,0
1613871491034,6,1010123456034,77,,1,0,12,1,2,,10.926,851,183738,1.02515,244,0,6.28571,,0.1,34,0,0.1,9,22.2222,0,2.89531,31,,1500,1488,,0,0,0,4.02941
1613871491284,6,1010123456034,77,,1,0,12,1,2,,10.8498,859,183366,1.00253,245,0,6.16667,,0,0,0,0,0,0,0,0,0,,1500,1497,,0,0,0,0
1613871491534,6,1010123456034,77,,1,0,12,1,2,,10.618,843,183925,0.97504,242,0,6.16667,,0,0,0,0,0,0,0,0,0,,1500,1482,,0,0,0,0
1613871491784,6,1010123456034,77,,1,0,12,1,2,,12.7901,810,183992,1.26605,232,0,7,,0.1,4,0,0.1,1,0,0,18.2377,31,,1500,1434,,0,0,0,1
1613871492034,6,1010123456034,77,,1,0,12,1,2,,13.4958,841,183458,1.42624,242,0,7.28571,,15,16,0,0,4,100,0,1.0279,0,,1500,1479,,0,0,0,10
1613871492284,6,1010123456034,77,,1,0,12,1,2,,10.7838,851,183538,0.994464,243,0,6.2,,0.1,7,0,0.1,2,50,0,0.409827,31,,1500,1485,,0,0,0,6.57143
1613871492534,6,1010123456034,77,,1,0,12,1,2,,10.7032,866,183558,0.996352,248,0,6,,0,3,0,0.1,1,0,0,0,0,,1500,1491,,0,0,0,0
1613871492784,6,1010123456034,77,,1,0,12,1,2,,10.6596,852,184065,0.971904,244,0,6,,0,0,0,0,0,0,0,0,0,,1500,1488,,0,0,0,0
1613871493034,6,1010123456034,77,,1,0,12,1,2,,9.3744,836,184209,0.851648,240,0,5.71429,,3.90625,64,0,0.1,18,66.6667,0,3.8557,31,,1500,1455,,0,0,0,7.65625
1613871493284,6,1010123456034,77,,1,0,12,1,2,,10.6859,850,183343,0.97632,242,0,6.2,,0,0,0,0,0,0,0,0,0,,1500,1485,,0,0,0,0
1613871493534,6,1010123456034,77,,1,0,12,1,2,,10.8304,855,184447,1.00458,245,0,6.16667,,0,0,0,0,0,0,0,0,0,,1500,1488,,0,0,0,0
1613871493784,6,1010123456034,77,,1,0,12,1,2,,10.7407,856,183122,0.99024,245,0,6,,0,0,0,0,0,0,0,0,0,,1500,1494,,0,0,0,0
1613871494034,6,1010123456034,77,,1,0,12,1,2,,10.5294,833,184393,0.953088,240,0,6,,12.6047,43,0,0.1,13,46.1538,0,13.8586,31,,1500,1488,,0,0,0,5.13953
1613871494284,6,1010123456034,77,,1,0,12,1,2,,11.1527,858,184027,1.02253,246,0,6.5,,15,16,0,0,4,100,0,1.58275,0,,1500,1497,,0,0,0,10
1613871494534,6,1010123456034,77,,1,0,12,1,2,,11.2865,855,183511,1.08598,245,0,6,,0,0,0,0,0,0,0,0,0,,1500,1497,,0,0,0,0
1613871494784,6,1010123456034,77,,1,0,12,1,2,,10.8137,859,183085,1.01229,246,0,6.16667,,0,0,0,0,0,0,0,0,0,,1500,1497,,0,0,0,0
1613871495034,6,1010123456034,77,,1,0,12,1,2,,10.5315,841,184300,0.945536,240,0,6.16667,,0.1,61,0,0.1,17,35.2941,0,3.44596,31,,1500,1494,,0,0,0,4.93443
1613871495284,6,1010123456034,77,,1,0,12,1,2,,10.7672,842,184511,0.991936,242,0,6,,0,0,0,0,0,0,0,0,0,,1500,1485,,0,0,0,0
1613871495534,6,1010123456034,77,,1,0,12,1,2,,10.5333,842,184161,0.958656,242,0,6,,0,0,0,0,0,0,0,0,0,,1500,1470,,0,0,0,0
1613871495784,6,1010123456034,77,,1,0,12,1,2,,10.4923,839,183984,0.953376,241,0,6,,0,0,0,0,0,0,0,0,0,,1500,1494,,0,0,0,0
1613871496034,6,1010123456034,77,,1,0,12,1,2,,10.5461,846,183686,0.956608,242,0,6,,0.1,44,0,0.1,12,16.6667,0,8.60973,31,,1500,1470,,0,0,0,3.09091
1613871496284,6,1010123456034,77,,1,0,12,1,2,,11.3427,855,183465,1.07776,244,0,6.66667,,0,0,0,0,0,0,0,0,0,,1500,1482,,0,0,0,0
1613871496534,6,1010123456034,77,,1,0,12,1,2,,11.3237,862,183567,1.09693,247,0,6.33333,,0,0,0,0,0,0,0,0,0,,1500,1497,,0,0,0,0
1613871496784,6,1010123456034,77,,1,0,12,1,2,,10.6448,839,184351,0.973856,241,0,6,,0,0,0,0,0,0,0,0,0,,1500,1488,,0,0,0,0
1613871497034,6,1010123456034,77,,1,0,12,1,2,,13.7563,837,183642,1.38896,241,0,7,,0.1,41,0,0.1,12,33.3333,0,0.837721,31,,1500,1482,,0,0,0,5.60976
1613871497284,6,1010123456034,77,,1,0,12,1,2,,13.1272,857,183120,1.42554,243,0,6.75,,0,0,0,0,0,0,0,0,0,,1500,1494,,0,0,0,0
1613871497534,6,1010123456034,77,,1,0,12,1,2,,10.0086,818,183432,0.889632,233,0,6,,0,0,0,0,0,0,0,0,0,,1500,1458,,0,0,0,0
1613871497784,6,1010123456034,77,,1,0,12,1,2,,10.552,855,184245,0.972064,245,0,6,,0,0,0,0,0,0,0,0,0,,1500,1488,,0,0,0,0
1613871498034,6,1010123456034,77,,1,0,12,1,2,,10.5647,827,183432,0.968512,242,0,6.14286,,0.75,40,0,0.1,12,33.3333,0,3.80222,31,,1500,1479,,0,0,0,4.975
1613871498284,6,1010123456034,77,,1,0,12,1,2,,10.6848,866,183529,0.990048,247,0,6,,0,0,0,0,0,0,0,0,0,,1500,1500,,0,0,0,0
1613871498534,6,1010123456034,77,,1,0,12,1,2,,10.6424,853,183916,0.985408,244,0,6.16667,,0,0,0,0,0,0,0,0,0,,1500,1479,,0,0,0,0
1613871498784,6,1010123456034,77,,1,0,12,1,2,,10.6486,865,183996,0.989824,248,0,6,,0,0,0,0,0,0,0,0,0,,1500,1497,,0,0,0,0
1613871499034,6,1010123456034,77,,1,0,12,1,2,,10.5888,839,183772,0.952832,240,0,6,,8.69333,75,0,0.1,21,57.1429,0,6.04379,31,,1500,1482,,0,0,0,6.62667
1613871499284,6,1010123456034,77,,1,0,12,1,2,,10.6757,848,183188,0.970944,242,0,6,,0,0,0,0,0,0,0,0,0,,1500,1488,,0,0,0,0
1613871499534,6,1010123456034,77,,1,0,12,1,2,,10.5679,847,184221,1.09546,241,0,5.83333,,0,0,0,0,0,0,0,0,0,,1500,1470,,0,0,0,0
1613871499784,6,1010123456034,77,,1,0,12,1,2,,12.4871,850,184451,1.21786,242,0,7,,0,0,0,0,0,0,0,0,0,,1500,1491,,0,0,0,0
1613871500034,6,1010123456034,77,,1,0,12,1,2,,11.8357,828,184098,1.14602,241,0,6.57143,,15.4632,95,0,0.136096,32,87.5,0,3.25008,31,,1500,1488,,0,0,0,8.86316
1613871500284,6,1010123456034,77,,1,0,12,1,2,,10.6869,856,184372,0.981152,245,0,6,,0,0,0,0,0,0,0,0,0,,1500,1488,,0,0,0,0
1613871500534,6,1010123456034,77,,1,0,12,1,2,,11.013,844,184419,1.04134,242,0,6.4,,0,0,0,0,0,0,0,0,0,,1500,1488,,0,0,0,0
1613871500784,6,1010123456034,77,,1,0,12,1,2,,14.6097,848,183553,1.57334,243,0,7.4,,0.1,4,0,0.1,1,0,0,17.7853,31,,1500,1488,,0,0,0,1
1613871501034,6,1010123456034,77,,1,0,12,1,2,,10.7776,832,184044,0.982784,240,0,6.14286,,8.51515,33,0,0.1,10,40,0,5.92701,31,,1500,1476,,0,0,0,4.48485
1613871501284,6,1010123456034,77,,1,0,12,1,2,,10.9002,852,184187,1.03318,243,0,6.33333,,0,0,0,0,0,0,0,0,0,,1500,1488,,0,0,0,0
1613871501534,6,1010123456034,77,,1,0,12,1,2,,13.0953,860,183284,1.38886,246,0,7.4,,0,0,0,0,0,0,0,0,0,,1500,1491,,0,0,0,0
1613871501784,6,1010123456034,77,,1,0,12,1,2,,10.4867,865,184013,0.970976,247,0,6,,0,0,0,0,0,0,0,0,0,,1500,1488,,0,0,0,0
1613871502034,6,1010123456034,77,,1,0,12,1,2,,12.8294,844,183243,1.43421,241,0,7.14286,,3.58209,67,0,0.1,19,52.6316,0,2.0287,31,,1500,1482,,0,0,0,6.13433
1613871502284,6,1010123456034,77,,1,0,12,1,2,,9.59792,863,183626,0.88512,246,0,5.8,,0,0,0,0,0,0,0,0,0,,1500,1488,,0,0,0,0
1613871502534,6,1010123456034,77,,1,0,12,1,2,,11.1015,857,183814,1.04058,244,0,6.25,,0,0,0,0,0,0,0,0,0,,1500,1488,,0,0,0,0
1613871502784,6,1010123456034,77,,1,0,12,1,2,,11.0293,854,182993,1.01699,243,0,6.2,,0,0,0,0,0,0,0,0,0,,1500,1482,,0,0,0,0
1613871503034,6,1010123456034,77,,1,0,12,1,2,,10.8031,848,184096,1.01165,246,0,6.14286,,1.64706,51,0,0.1,15,26.6667,0,4.84478,31,,1500,1491,,0,0,0,4.82353
1613871503284,6,1010123456034,77,,1,0,12,1,2,,10.5974,862,183106,0.979776,246,0,6,,0,0,0,0,0,0,0,0,0,,1500,1488,,0,0,0,0
1613871503534,6,1010123456034,77,,1,0,12,1,2,,11.1764,856,182962,1.04077,244,0,6.5,,0,0,0,0,0,0,0,0,0,,1500,1482,,0,0,0,0
1613871503784,6,1010123456034,77,,1,0,12,1,2,,10.8132,851,184475,0.997184,242,0,6.2,,0,0,0,0,0,0,0,0,0,,1500,1488,,0,0,0,0
1613871504034,6,1010123456034,77,,1,0,12,1,2,,11.8386,830,184450,1.1745,247,0,7,,15,91,0,0.188192,29,82.7586,0,4.92288,31,,1500,1488,,0,0,0,8.31868
1613871504284,6,1010123456034,77,,1,0,12,1,2,,10.7198,835,183678,0.977856,240,0,6,,0,0,0,0,0,0,0,0,0,,1500,1482,,0,0,0,0
1613871504534,6,1010123456034,77,,1,0,12,1,2,,10.8095,845,183775,0.991296,242,0,6.2,,0,0,0,0,0,0,0,0,0,,1500,1485,,0,0,0,0
1613871504784,6,1010123456034,77,,1,0,12,1,2,,10.7514,865,183435,1.00621,248,0,6.16667,,0,0,0,0,0,0,0,0,0,,1500,1491,,0,0,0,0
1613871505034,6,1010123456034,77,,1,0,12,1,2,,10.5425,848,183008,0.96096,242,0,6,,3.81818,44,0,0.1,13,53.8462,0,3.80077,31,,1500,1485,,0,0,0,6.15909
1613871505284,6,1010123456034,77,,1,0,12,1,2,,9.79137,858,184066,0.917088,245,0,5.8,,0,0,0,0,0,0,0,0,0,,1500,1494,,0,0,0,0
1613871505534,6,1010123456034,77,,1,0,12,1,2,,10.7555,863,183975,0.994912,247,0,6,,0,0,0,0,0,0,0,0,0,,1500,1497,,0,0,0,0
1613871505784,6,1010123456034,77,,1,0,12,1,2,,10.5017,859,183182,0.974528,246,0,6,,0,0,0,0,0,0,0,0,0,,1500,1494,,0,0,0,0
1613871506034,6,1010123456034,77,,1,0,12,1,2,,10.654,844,183810,0.973664,243,0,6,,1.93548,31,0,0.1,9,0,0,8.4254,31,,1500,1488,,0,0,0,1.48387
1613871506284,6,1010123456034,77,,1,0,12,1,2,,10.5312,849,183508,0.969344,244,0,6,,0,0,0,0,0,0,0,0,0,,1500,1467,,0,0,0,0
1613871506534,6,1010123456034,77,,1,0,12,1,2,,10.5764,857,184397,0.95456,242,0,6,,0,0,0,0,0,0,0,0,0,,1500,1473,,0,0,0,0
1613871506784,6,1010123456034,77,,1,0,12,1,2,,11.0688,857,184156,1.04614,244,0,6.4,,0,0,0,0,0,0,0,0,0,,1500,1491,,0,0,0,0
1613871507034,6,1010123456034,77,,1,0,12,1,2,,12.1484,829,183177,1.16275,240,0,6.57143,,1.47368,38,0,0.1,11,27.2727,0,8.30666,31,,1500,1473,,0,0,0,4.28947
1613871507284,6,1010123456034,77,,1,0,12,1,2,,10.8038,846,183127,0.995424,243,0,6.16667,,0,0,0,0,0,0,0,0,0,,1500,1485,,0,0,0,0
1613871507534,6,1010123456034,77,,1,0,12,1,2,,9.85226,819,183741,0.881632,237,0,5.8,,0,0,0,0,0,0,0,0,0,,1500,1467,,0,0,0,0
1613871507784,6,1010123456034,77,,1,0,12,1,2,,10.6431,863,184002,0.985952,247,0,6,,0,0,0,0,0,0,0,0,0,,1500,1494,,0,0,0,0
1613871508034,6,1010123456034,77,,1,0,12,1,2,,9.26253,838,184027,0.861824,241,0,5.85714,,6.03279,61,0,0.1,17,76.4706,0,3.88001,31,,1500,1446,,0,0,0,8.18033
1613871508284,6,1010123456034,77,,1,0,12,1,2,,10.7477,852,183905,0.992096,243,0,6.25,,0,0,0,0,0,0,0,0,0,,1500,1494,,0,0,0,0
1613871508534,6,1010123456034,77,,1,0,12,1,2,,9.91484,822,184491,0.883648,236,0,5.83333,,0,0,0,0,0,0,0,0,0,,1500,1431,,0,0,0,0
1613871508784,6,1010123456034,77,,1,0,12,1,2,,10.6894,850,183177,0.98496,244,0,6.16667,,0,0,0,0,0,0,0,0,0,,1500,1500,,0,0,0,0
1613871509034,6,1010123456034,77,,1,0,12,1,2,,12.3844,848,184128,1.24941,244,0,6.71429,,1.71429,28,0,0.1,8,0,0,5.14106,31,,1500,1491,,0,0,0,3.21429
1613871509284,6,1010123456034,77,,1,0,12,1,2,,12.973,853,183488,1.24525,242,0,7.33333,,0,0,0,0,0,0,0,0,0,,1500,1494,,0,0,0,0
1613871509534,6,1010123456034,77,,1,0,12,1,2,,11.8537,861,184459,1.1889,247,0,6.25,,0,12,0,0,4,100,0,0,0,,1500,1482,,0,0,0,0
1613871509784,6,1010123456034,77,,1,0,12,1,2,,9.94172,858,183317,0.941088,245,0,6,,0,0,0,0,0,0,0,0,0,,1500,1494,,0,0,0,0
1613871510034,6,1010123456034,77,,1,0,12,1,2,,10.5449,857,183887,0.977216,246,0,6,,1.77778,27,0,0.1,8,12.5,0,6.568,31,,1500,1494,,0,0,0,3.40741
1613871510284,6,1010123456034,77,,1,0,12,1,2,,10.6308,856,184422,0.977696,245,0,6,,0,0,0,0,0,0,0,0,0,,1500,1488,,0,0,0,0
1613871510534,6,1010123456034,77,,1,0,12,1,2,,10.4859,850,184130,0.95616,244,0,6,,15,4,0,0.1,1,0,0,21.8774,31,,1500,1485,,0,0,0,1
1613871510784,6,1010123456034,77,,1,0,12,1,2,,10.47,849,183981,0.95152,243,0,6,,0,0,0,0,0,0,0,0,0,,1500,1479,,0,0,0,0
1613871511034,6,1010123456034,77,,1,0,12,1,2,,10.4438,845,183781,0.9528,243,0,6,,13.6667,30,0,0.1,8,50,0,13.7084,31,,1500,1494,,0,0,0,5.5
1613871511284,6,1010123456034,77,,1,0,12,1,2,,10.8687,853,183707,0.99696,243,0,6.16667,,0,0,0,0,0,0,0,0,0,,1500,1479,,0,0,0,0
1613871511534,6,1010123456034,77,,1,0,12,1,2,,11.2488,860,184213,1.07075,245,0,6.4,,0,0,0,0,0,0,0,0,0,,1500,1494,,0,0,0,0
1613871511784,6,1010123456034,77,,1,0,12,1,2,,12.2303,851,183155,1.21453,242,0,6.5,,0,0,0,0,0,0,0,0,0,,1500,1494,,0,0,0,0
1613871512034,6,1010123456034,77,,1,0,12,1,2,,9.7957,837,184341,0.905216,243,0,6,,6.39474,38,0,0.1,12,41.6667,0,7.0146,31,,1500,1485,,0,0,0,4.97368
1613871512284,6,1010123456034,77,,1,0,12,1,2,,10.5499,851,183498,0.980928,244,0,6,,0,0,0,0,0,0,0,0,0,,1500,1485,,0,0,0,0
1613871512534,6,1010123456034,77,,1,0,12,1,2,,10.9315,847,184369,1.0079,243,0,6.25,,0,0,0,0,0,0,0,0,0,,1500,1497,,0,0,0,0
1613871512784,6,1010123456034,77,,1,0,12,1,2,,10.5855,830,184161,0.960192,238,0,6,,0,0,0,0,0,0,0,0,0,,1500,1458,,0,0,0,0
1613871513034,6,1010123456034,77,,1,0,12,1,2,,9.75933,831,183674,0.922624,246,0,5.85714,,3.20833,48,0,0.1,14,21.4286,0,11.4019,31,,1500,1494,,0,0,0,3.54167
1613871513284,6,1010123456034,77,,1,0,12,1,2,,11.0517,851,184208,1.02032,241,0,6.4,,0,0,0,0,0,0,0,0,0,,1500,1488,,0,0,0,0
1613871513534,6,1010123456034,77,,1,0,12,1,2,,10.8094,850,184067,0.999232,244,0,6.16667,,0,0,0,0,0,0,0,0,0,,1500,1488,,0,0,0,0
1613871513784,6,1010123456034,77,,1,0,12,1,2,,11.3735,854,184040,1.08931,245,0,6.5,,0,0,0,0,0,0,0,0,0,,1500,1482,,0,0,0,0
1613871514034,6,1010123456034,77,,1,0,12,1,2,,10.7187,846,184301,0.986592,243,0,6.16667,,15,14,0,0,4,100,0,1.37006,0,,1500,1482,,0,0,0,10
1613871514284,6,1010123456034,77,,1,0,12,1,2,,10.5108,836,184217,0.948608,240,0,6,,0.1,7,0,0.1,2,0,0,1.03914,31,,1500,1470,,0,0,0,1.57143
1613871514534,6,1010123456034,77,,1,0,12,1,2,,11.2397,822,184258,1.03974,236,0,6.5,,0,0,0,0,0,0,0,0,0,,1500,1446,,0,0,0,0
1613871514784,6,1010123456034,77,,1,0,12,1,2,,10.7984,848,184224,0.998624,243,0,6.16667,,0,0,0,0,0,0,0,0,0,,1500,1485,,0,0,0,0
1613871515034,6,1010123456034,77,,1,0,12,1,2,,12.4662,828,183990,1.23197,243,0,6.83333,,15.1067,75,0,0.130784,24,83.3333,0,6.08942,31,,1500,1479,,0,0,0,8.04
1613871515284,6,1010123456034,77,,1,0,12,1,2,,10.9091,847,184013,0.996352,242,0,6.2,,0,0,0,0,0,0,0,0,0,,1500,1485,,0,0,0,0
1613871515534,6,1010123456034,77,,1,0,12,1,2,,10.9302,860,184657,1.0112,244,0,6.33333,,0,0,0,0,0,0,0,0,0,,1500,1491,,0,0,0,0
1613871515784,6,1010123456034,77,,1,0,12,1,2,,10.9965,858,183756,1.02954,245,0,6.16667,,0,0,0,0,0,0,0,0,0,,1500,1488,,0,0,0,0
1613871516034,6,1010123456034,77,,1,0,12,1,2,,10.3349,827,184342,0.934272,240,0,6,,0.1,53,0,0.1,15,46.6667,0,0.641135,31,,1500,1455,,0,0,0,6.09434
1613871516284,6,1010123456034,77,,1,0,12,1,2,,10.893,860,183829,1.00573,245,0,6.2,,0,0,0,0,0,0,0,0,0,,1500,1500,,0,0,0,0
1613871516534,6,1010123456034,77,,1,0,12,1,2,,11.2294,850,183240,1.06211,243,0,6.33333,,0,0,0,0,0,0,0,0,0,,1500,1494,,0,0,0,0
1613871516784,6,1010123456034,77,,1,0,12,1,2,,11.4473,863,184047,1.10096,245,0,6.66667,,0,0,0,0,0,0,0,0,0,,1500,1500,,0,0,0,0
1613871517034,6,1010123456034,77,,1,0,12,1,2,,10.4117,838,183968,0.955744,243,0,6,,4.28571,42,0,0.1,12,33.3333,0,2.30178,31,,1500,1497,,0,0,0,4.78571
1613871517284,6,1010123456034,77,,1,0,12,1,2,,10.4799,846,183738,0.954944,242,0,6,,0,0,0,0,0,0,0,0,0,,1500,1488,,0,0,0,0
1613871517534,6,1010123456034,77,,1,0,12,1,2,,12.1494,830,183601,1.18035,238,0,6.83333,,0,0,0,0,0,0,0,0,0,,1500,1452,,0,0,0,0
1613871517784,6,1010123456034,77,,1,0,12,1,2,,10.7797,858,183400,0.996128,245,0,6.25,,0,0,0,0,0,0,0,0,0,,1500,1491,,0,0,0,0
1613871518034,6,1010123456034,77,,1,0,12,1,2,,11.8939,848,183478,1.20317,247,0,6.4,,15.75,112,0,0.11792,37,86.4865,0,5.5056,31,,1500,1485,,0,0,0,8.63393
1613871518284,6,1010123456034,77,,1,0,12,1,2,,7.82674,860,183019,0.712544,245,0,6,,0,0,0,0,0,0,0,0,0,,1500,1497,,0,0,0,0
1613871518534,6,1010123456034,77,,1,0,12,1,2,,10.75,840,183496,0.984,242,0,6.25,,0,0,0,0,0,0,0,0,0,,1500,1473,,0,0,0,0
1613871518784,6,1010123456034,77,,1,0,12,1,2,,10.4329,857,183228,0.951392,243,0,6,,0,0,0,0,0,0,0,0,0,,1500,1485,,0,0,0,0
1613871519034,6,1010123456034,77,,1,0,12,1,2,,10.6331,834,184259,0.96,240,0,6,,6,30,0,0.1,9,44.4444,0,6.71839,31,,1500,1494,,0,0,0,4.8
1613871519284,6,1010123456034,77,,1,0,12,1,2,,10.5773,847,183792,0.96496,243,0,6,,0,0,0,0,0,0,0,0,0,,1500,1491,,0,0,0,0
1613871519534,6,1010123456034,77,,1,0,12,1,2,,10.6404,851,184376,0.977792,244,0,6,,0,0,0,0,0,0,0,0,0,,1500,1491,,0,0,0,0
1613871519784,6,1010123456034,77,,1,0,12,1,2,,10.5304,854,183735,0.963744,245,0,6,,0,0,0,0,0,0,0,0,0,,1500,1494,,0,0,0,0
1613871520034,6,1010123456034,77,,1,0,12,1,2,,12.0908,826,183755,1.17731,243,0,6.57143,,14.9194,62,0,0.134944,20,80,0,6.0696,31,,1500,1497,,0,0,0,7.82258
1613871520284,6,1010123456034,77,,1,0,12,1,2,,10.5887,851,184319,0.97024,244,0,6.16667,,0,0,0,0,0,0,0,0,0,,1500,1497,,0,0,0,0
1613871520534,6,1010123456034,77,,1,0,12,1,2,,10.7405,844,183393,0.983552,242,0,6,,0,0,0,0,0,0,0,0,0,,1500,1479,,0,0,0,0
1613871520784,6,1010123456034,77,,1,0,12,1,2,,10.5268,858,183939,0.976704,246,0,6,,0,0,0,0,0,0,0,0,0,,1500,1494,,0,0,0,0
1613871521034,6,1010123456034,77,,1,0,12,1,2,,10.7193,855,184070,0.992736,245,0,6.16667,,4.88,75,0,0.1,21,80.9524,0,2.40045,31,,1500,1488,,0,0,0,8.50667
1613871521284,6,1010123456034,77,,1,0,12,1,2,,11.0556,863,184332,1.02451,246,0,6.33333,,0,0,0,0,0,0,0,0,0,,1500,1497,,0,0,0,0
1613871521534,6,1010123456034,77,,1,0,12,1,2,,10.8343,851,184259,0.997056,242,0,6.16667,,0,0,0,0,0,0,0,0,0,,1500,1500,,0,0,0,0
1613871521784,6,1010123456034,77,,1,0,12,1,2,,10.9054,856,183735,1.01798,244,0,6,,0,0,0,0,0,0,0,0,0,,1500,1494,,0,0,0,0
1613871522034,6,1010123456034,77,,1,0,12,1,2,,11.1469,858,183461,1.05322,245,0,6.42857,,4.01887,53,0,0.1,15,60,0,5.06341,31,,1500,1494,,0,0,0,6.66038
1613871522284,6,1010123456034,77,,1,0,12,1,2,,10.5808,854,184306,0.965856,243,0,6,,0,0,0,0,0,0,0,0,0,,1500,1470,,0,0,0,0
1613871522534,6,1010123456034,77,,1,0,12,1,2,,12.0675,859,184164,1.18368,246,0,6.66667,,0,0,0,0,0,0,0,0,0,,1500,1497,,0,0,0,0
1613871522784,6,1010123456034,77,,1,0,12,1,2,,10.8613,851,183802,1.0039,244,0,6.16667,,0,0,0,0,0,0,0,0,0,,1500,1497,,0,0,0,0
1613871523034,6,1010123456034,77,,1,0,12,1,2,,10.5686,809,183268,0.959936,232,0,6.28571,,15,14,0,0,4,100,0,6.61001,0,,1500,1437,,0,0,0,10
1613871523284,6,1010123456034,77,,1,0,12,1,2,,10.8321,834,183589,0.988544,240,0,6,,12.4286,7,0,0.1,2,50,0,11.7852,31,,1500,1485,,0,0,0,4.85714
1613871523534,6,1010123456034,77,,1,0,12,1,2,,11.5944,858,184447,1.10458,246,0,6.5,,7.29167,72,0,0.1,22,77.2727,0,6.66141,31,,1500,1488,,0,0,0,7.625
1613871523784,6,1010123456034,77,,1,0,12,1,2,,10.5663,837,184182,0.957088,241,0,6,,0,0,0,0,0,0,0,0,0,,1500,1488,,0,0,0,0
1613871524034,6,1010123456034,77,,1,0,12,1,2,,10.4947,841,183973,0.95312,241,0,6,,2.37037,27,0,0.1,8,25,0,7.3667,31,,1500,1464,,0,0,0,3.22222
1613871524284,6,1010123456034,77,,1,0,12,1,2,,10.4345,840,183991,0.948768,241,0,6,,0,0,0,0,0,0,0,0,0,,1500,1485,,0,0,0,0
1613871524534,6,1010123456034,77,,1,0,12,1,2,,10.435,846,183796,0.956384,243,0,6,,0,0,0,0,0,0,0,0,0,,1500,1482,,0,0,0,0
1613871524784,6,1010123456034,77,,1,0,12,1,2,,10.6702,846,183261,0.961056,241,0,6,,0,0,0,0,0,0,0,0,0,,1500,1479,,0,0,0,0
1613871525034,6,1010123456034,77,,1,0,12,1,2,,9.80094,849,183202,0.9032,243,0,5.85714,,8.4375,32,0,0.1,9,44.4444,0,5.21782,31,,1500,1482,,0,0,0,5.75
1613871525284,6,1010123456034,77,,1,0,12,1,2,,10.9599,848,184123,1.0143,241,0,6.33333,,0,0,0,0,0,0,0,0,0,,1500,1494,,0,0,0,0
1613871525534,6,1010123456034,77,,1,0,12,1,2,,11.6094,850,183749,1.05491,242,0,7,,0,0,0,0,0,0,0,0,0,,1500,1479,,0,0,0,0
1613871525784,6,1010123456034,77,,1,0,12,1,2,,11.0366,846,184329,1.06989,242,0,6.2,,0,0,0,0,0,0,0,0,0,,1500,1461,,0,0,0,0
1613871526034,6,1010123456034,77,,1,0,12,1,2,,11.9111,844,184377,1.16973,246,0,6.57143,,15.1829,82,0,0.224576,26,76.9231,0,6.04805,31,,1500,1497,,0,0,0,7.91463
1613871526284,6,1010123456034,77,,1,0,12,1,2,,10.6392,851,183759,0.966848,242,0,6,,0,0,0,0,0,0,0,0,0,,1500,1500,,0,0,0,0
1613871526534,6,1010123456034,77,,1,0,12,1,2,,10.6733,854,184476,0.971232,243,0,6,,0,0,0,0,0,0,0,0,0,,1500,1488,,0,0,0,0
1613871526784,6,1010123456034,77,,1,0,12,1,2,,11.1709,860,183782,1.06333,245,0,6.33333,,0,0,0,0,0,0,0,0,0,,1500,1500,,0,0,0,0
1613871527034,6,1010123456034,77,,1,0,12,1,2,,9.78546,839,183696,0.899264,244,0,6,,16.0455,22,0,0.1,6,66.6667,0,15.0588,31,,1500,1494,,0,0,0,7.13636
1613871527284,6,1010123456034,77,,1,0,12,1,2,,10.6469,841,183066,0.978944,242,0,6,,0,0,0,0,0,0,0,0,0,,1500,1482,,0,0,0,0
1613871527534,6,1010123456034,77,,1,0,12,1,2,,10.7995,853,184472,0.989248,242,0,6.2,,0,0,0,0,0,0,0,0,0,,1500,1485,,0,0,0,0
1613871527784,6,1010123456034,77,,1,0,12,1,2,,18.1241,846,183211,2.18384,241,0,7.75,,0,0,0,0,0,0,0,0,0,,1500,1479,,0,0,0,0
1613871528034,6,1010123456034,77,,1,0,12,1,2,,10.4923,845,184211,0.960608,243,0,6,,13.56,25,0,0.1,8,75,0,8.20043,31,,1500,1488,,0,0,0,7.48
1613871528284,6,1010123456034,77,,1,0,12,1,2,,13.5355,844,184179,1.36288,242,0,6.8,,0,0,0,0,0,0,0,0,0,,1500,1479,,0,0,0,0
1613871528534,6,1010123456034,77,,1,0,12,1,2,,10.1216,847,184186,0.950752,243,0,6,,0,0,0,0,0,0,0,0,0,,1500,1494,,0,0,0,0
1613871528784,6,1010123456034,77,,1,0,12,1,2,,9.12809,851,183872,0.866176,244,0,5.33333,,0,0,0,0,0,0,0,0,0,,1500,1488,,0,0,0,0
1613871529034,6,1010123456034,77,,1,0,12,1,2,,10.7627,847,183823,0.99712,244,0,6.14286,,1.02857,35,0,0.1,10,20,0,9.2817,31,,1500,1491,,0,0,0,3.28571
1613871529284,6,1010123456034,77,,1,0,12,1,2,,10.8244,843,183873,0.993728,242,0,6.2,,0,0,0,0,0,0,0,0,0,,1500,1485,,0,0,0,0
1613871529534,6,1010123456034,77,,1,0,12,1,2,,10.5747,863,184371,0.976992,247,0,6,,0,0,0,0,0,0,0,0,0,,1500,1494,,0,0,0,0
1613871529784,6,1010123456034,77,,1,0,12,1,2,,10.5548,858,183436,0.977856,246,0,6,,0,0,0,0,0,0,0,0,0,,1500,1494,,0,0,0,0
1613871530034,6,1010123456034,77,,1,0,12,1,2,,12.385,839,183807,1.25894,244,0,6.85714,,15.4783,92,0,0.118144,29,86.2069,0,4.77648,31,,1500,1491,,0,0,0,8.57609
1613871530284,6,1010123456034,77,,1,0,12,1,2,,10.5953,860,184442,0.978976,245,0,6,,0,0,0,0,0,0,0,0,0,,1500,1491,,0,0,0,0
1613871530534,6,1010123456034,77,,1,0,12,1,2,,10.789,853,184210,0.999456,245,0,6.16667,,0,0,0,0,0,0,0,0,0,,1500,1491,,0,0,0,0
1613871530784,6,1010123456034,77,,1,0,12,1,2,,10.6503,835,183578,0.9696,240,0,6.16667,,0,0,0,0,0,0,0,0,0,,1500,1485,,0,0,0,0
1613871531034,6,1010123456034,77,,1,0,12,1,2,,10.5822,833,183338,0.95104,240,0,6,,2.28571,49,0,0.100096,15,40,0,4.49457,31,,1500,1500,,0,0,0,4.95918
1613871531284,6,1010123456034,77,,1,0,12,1,2,,10.4883,856,184225,0.965664,245,0,6,,0,0,0,0,0,0,0,0,0,,1500,1488,,0,0,0,0
1613871531534,6,1010123456034,77,,1,0,12,1,2,,12.5123,857,184334,1.26784,244,0,7,,0,0,0,0,0,0,0,0,0,,1500,1491,,0,0,0,0
1613871531784,6,1010123456034,77,,1,0,12,1,2,,10.5262,840,184220,0.950752,239,0,6.2,,0,0,0,0,0,0,0,0,0,,1500,1455,,0,0,0,0
1613871532034,6,1010123456034,77,,1,0,12,1,2,,10.5239,836,183809,0.963168,243,0,6,,5.91111,45,0,0.1,13,53.8462,0,4.12798,31,,1500,1479,,0,0,0,5.93333
1613871532284,6,1010123456034,77,,1,0,12,1,2,,11.4389,827,184424,1.06701,240,0,6.75,,0,0,0,0,0,0,0,0,0,,1500,1467,,0,0,0,0
1613871532534,6,1010123456034,77,,1,0,12,1,2,,10.6374,844,183788,0.967744,242,0,6,,0,0,0,0,0,0,0,0,0,,1500,1488,,0,0,0,0
1613871532784,6,1010123456034,77,,1,0,12,1,2,,10.6468,838,183211,0.96656,241,0,6,,0,0,0,0,0,0,0,0,0,,1500,1500,,0,0,0,0
1613871533034,6,1010123456034,77,,1,0,12,1,2,,10.4757,845,184284,0.966688,245,0,6,,7.13846,65,0,0.1,18,61.1111,0,3.17584,31,,1500,1488,,0,0,0,7.23077
1613871533284,6,1010123456034,77,,1,0,12,1,2,,10.5956,863,183366,0.968992,245,0,6,,0,0,0,0,0,0,0,0,0,,1500,1485,,0,0,0,0
1613871533534,6,1010123456034,77,,1,0,12,1,2,,10.5576,850,183009,0.96352,242,0,6,,0,0,0,0,0,0,0,0,0,,1500,1473,,0,0,0,0
1613871533784,6,1010123456034,77,,1,0,12,1,2,,10.5485,866,183557,0.971744,247,0,6,,0,0,0,0,0,0,0,0,0,,1500,1494,,0,0,0,0
1613871534034,6,1010123456034,77,,1,0,12,1,2,,10.5821,840,183367,0.945824,241,0,6.71429,,8,46,0,0.1,13,61.5385,0,3.75792,31,,1500,1491,,0,0,0,6.63043
1613871534284,6,1010123456034,77,,1,0,12,1,2,,13.7415,855,183186,1.51539,244,0,6,,0,0,0,0,0,0,0,0,0,,1500,1494,,0,0,0,0
1613871534534,6,1010123456034,77,,1,0,12,1,2,,10.615,865,183674,0.9816,247,0,6,,0,0,0,0,0,0,0,0,0,,1500,1488,,0,0,0,0
1613871534784,6,1010123456034,77,,1,0,12,1,2,,10.6121,843,183061,0.964288,242,0,6,,0,0,0,0,0,0,0,0,0,,1500,1488,,0,0,0,0
1613871535034,6,1010123456034,77,,1,0,12,1,2,,10.4701,836,182932,0.950176,241,0,6,,0,12,0,0,4,100,0,0,0,,1500,1491,,0,0,0,0
1613871535284,6,1010123456034,77,,1,0,12,1,2,,10.7223,821,183899,0.968096,237,0,6.16667,,0.1,22,0,0.1,6,0,0,1.09966,31,,1500,1467,,0,0,0,2.36364
1613871535534,6,1010123456034,77,,1,0,12,1,2,,10.7202,847,184373,0.972736,242,0,6,,0,0,0,0,0,0,0,0,0,,1500,1491,,0,0,0,0
1613871535784,6,1010123456034,77,,1,0,12,1,2,,10.8477,847,184181,1.00157,243,0,6.16667,,0,0,0,0,0,0,0,0,0,,1500,1500,,0,0,0,0
1613871536034,6,1010123456034,77,,1,0,12,1,2,,11.8038,831,183467,1.1553,243,0,6.57143,,14.9474,76,0,0.123904,22,81.8182,0,5.24578,31,,1500,1485,,0,0,0,8.10526
1613871536284,6,1010123456034,77,,1,0,12,1,2,,10.6107,858,183979,0.977856,246,0,6,,0,0,0,0,0,0,0,0,0,,1500,1494,,0,0,0,0
1613871536534,6,1010123456034,77,,1,0,12,1,2,,11.0296,844,183571,1.00192,240,0,6.2,,0,0,0,0,0,0,0,0,0,,1500,1473,,0,0,0,0
1613871536784,6,1010123456034,77,,1,0,12,1,2,,10.6958,848,183726,0.99536,243,0,6,,0,0,0,0,0,0,0,0,0,,1500,1491,,0,0,0,0
1613871537034,6,1010123456034,77,,1,0,12,1,2,,10.6903,859,183960,0.989536,247,0,6,,5.14286,35,0,0.1,11,36.3636,0,3.1685,31,,1500,1497,,0,0,0,5.54286
1613871537284,6,1010123456034,77,,1,0,12,1,2,,11.0871,850,183148,1.01923,241,0,6.33333,,0,0,0,0,0,0,0,0,0,,1500,1467,,0,0,0,0
1613871537534,6,1010123456034,77,,1,0,12,1,2,,10.4843,830,183284,0.942688,239,0,6,,0,0,0,0,0,0,0,0,0,,1500,1491,,0,0,0,0
1613871537784,6,1010123456034,77,,1,0,12,1,2,,10.4096,852,184492,0.956032,244,0,6,,0,0,0,0,0,0,0,0,0,,1500,1500,,0,0,0,0
1613871538034,6,1010123456034,77,,1,0,12,1,2,,10.7978,831,183084,0.995008,242,0,6.14286,,0.1,30,0,0.1,8,12.5,0,5.14504,31,,1500,1482,,0,0,0,3.93333
1613871538284,6,1010123456034,77,,1,0,12,1,2,,11.5966,833,184405,1.24259,239,0,6.5,,0,0,0,0,0,0,0,0,0,,1500,1470,,0,0,0,0
1613871538534,6,1010123456034,77,,1,0,12,1,2,,10.1247,866,183266,0.921312,247,0,6,,0,0,0,0,0,0,0,0,0,,1500,1488,,0,0,0,0
1613871538784,6,1010123456034,77,,1,0,12,1,2,,10.7941,850,183077,0.998912,244,0,6.16667,,0,0,0,0,0,0,0,0,0,,1500,1497,,0,0,0,0
1613871539034,6,1010123456034,77,,1,0,12,1,2,,10.6415,834,183566,0.98224,243,0,6.16667,,10.4,15,0,0.1,4,0,0,22.8781,31,,1500,1479,,0,0,0,1
1613871539284,6,1010123456034,77,,1,0,12,1,2,,10.7649,838,184012,0.976256,240,0,6.16667,,0,0,0,0,0,0,0,0,0,,1500,1455,,0,0,0,0
1613871539534,6,1010123456034,77,,1,0,12,1,2,,10.704,848,184327,0.985312,243,0,6.16667,,0,0,0,0,0,0,0,0,0,,1500,1479,,0,0,0,0
1613871539784,6,1010123456034,77,,1,0,12,1,2,,10.7929,845,182964,0.991936,242,0,6.25,,0,0,0,0,0,0,0,0,0,,1500,1470,,0,0,0,0
1613871540034,6,1010123456034,77,,1,0,12,1,2,,10.4079,831,183156,0.94144,240,0,6,,15,16,0,0,4,100,0,0.844524,0,,1500,1482,,0,0,0,10
1613871540284,6,1010123456034,77,,1,0,12,1,2,,10.3734,841,183502,0.935456,241,0,6,,0.1,8,0,0.1,2,50,0,0.840883,31,,1500,1476,,0,0,0,5.5
1613871540534,6,1010123456034,77,,1,0,12,1,2,,10.9354,836,182956,0.996992,240,0,6.33333,,0,3,0,0.1,1,0,0,0,0,,1500,1473,,0,0,0,0
1613871540784,6,1010123456034,77,,1,0,12,1,2,,10.8529,836,184296,1.01261,240,0,6.2,,7.5,8,0,0.1,2,0,0,20.0279,31,,1500,1485,,0,0,0,1
1613871541034,6,1010123456034,77,,1,0,12,1,2,,8.7481,790,183194,0.80192,236,0,5.28571,,10.1299,77,0,0.1,24,70.8333,0,3.28564,31,,1500,1470,,0,0,0,7.93506
1613871541284,6,1010123456034,77,,1,0,12,1,2,,11.9941,853,184524,1.19885,242,0,6.6,,0,0,0,0,0,0,0,0,0,,1500,1497,,0,0,0,0
1613871541534,6,1010123456034,77,,1,0,12,1,2,,10.1824,839,183816,0.905504,239,0,6.16667,,0,0,0,0,0,0,0,0,0,,1500,1458,,0,0,0,0
1613871541784,6,1010123456034,77,,1,0,12,1,2,,9.47066,852,183414,0.871584,243,0,5.6,,0,0,0,0,0,0,0,0,0,,1500,1476,,0,0,0,0
1613871542034,6,1010123456034,77,,1,0,12,1,2,,12.4229,856,184311,1.3319,244,0,6.85714,,4.86957,46,0,0.1,12,33.3333,0,3.63466,31,,1500,1494,,0,0,0,5.52174
1613871542284,6,1010123456034,77,,1,0,12,1,2,,9.49307,866,183532,0.880992,247,0,5.66667,,0,0,0,0,0,0,0,0,0,,1500,1491,,0,0,0,0
1613871542534,6,1010123456034,77,,1,0,12,1,2,,10.6358,854,184305,0.968928,243,0,6,,0,0,0,0,0,0,0,0,0,,1500,1497,,0,0,0,0
1613871542784,6,1010123456034,77,,1,0,12,1,2,,10.6518,853,183584,0.968288,243,0,6,,0,0,0,0,0,0,0,0,0,,1500,1491,,0,0,0,0
1613871543034,6,1010123456034,77,,1,0,12,1,2,,10.5941,818,183587,0.948928,236,0,6.14286,,4.57143,42,0,0.1,13,53.8462,0,4.91147,31,,1500,1461,,0,0,0,6.59524
1613871543284,6,1010123456034,77,,1,0,12,1,2,,10.8701,847,183290,0.99824,243,0,6.33333,,0,0,0,0,0,0,0,0,0,,1500,1482,,0,0,0,0
1613871543534,6,1010123456034,77,,1,0,12,1,2,,10.6838,854,183501,0.992672,245,0,6,,0,0,0,0,0,0,0,0,0,,1500,1494,,0,0,0,0
1613871543784,6,1010123456034,77,,1,0,12,1,2,,12.3025,843,183352,1.27302,242,0,7,,0,0,0,0,0,0,0,0,0,,1500,1491,,0,0,0,0
1613871544034,6,1010123456034,77,,1,0,12,1,2,,11.2261,827,184230,1.1064,243,0,6.5,,9.53488,86,0,0.1,27,66.6667,0,2.74642,31,,1500,1479,,0,0,0,7.15116
1613871544284,6,1010123456034,77,,1,0,12,1,2,,10.6353,850,183676,0.966848,242,0,6,,0,0,0,0,0,0,0,0,0,,1500,1485,,0,0,0,0
1613871544534,6,1010123456034,77,,1,0,12,1,2,,10.5196,866,184229,0.976608,247,0,6,,0,0,0,0,0,0,0,0,0,,1500,1482,,0,0,0,0
1613871544784,6,1010123456034,77,,1,0,12,1,2,,9.4824,852,184200,0.89792,244,0,5.66667,,0,0,0,0,0,0,0,0,0,,1500,1473,,0,0,0,0
1613871545034,6,1010123456034,77,,1,0,12,1,2,,14.1494,823,182874,1.41613,242,0,7,,14.8161,87,0,0.109056,28,85.7143,0,4.62604,31,,1500,1485,,0,0,0,8.55172
1613871545284,6,1010123456034,77,,1,0,12,1,2,,12.171,854,182694,1.21072,243,0,6.5,,0,0,0,0,0,0,0,0,0,,1500,1497,,0,0,0,0
1613871545534,6,1010123456034,77,,1,0,12,1,2,,11.1626,861,183685,1.07277,246,0,6.2,,0,0,0,0,0,0,0,0,0,,1500,1488,,0,0,0,0
1613871545784,6,1010123456034,77,,1,0,12,1,2,,9.80716,866,183036,0.924192,247,0,5.83333,,0,0,0,0,0,0,0,0,0,,1500,1500,,0,0,0,0
1613871546034,6,1010123456034,77,,1,0,12,1,2,,10.7945,842,183303,0.984096,241,0,6.14286,,1.44828,29,0,0.1,8,12.5,0,5.32942,31,,1500,1497,,0,0,0,3.89655
1613871546284,6,1010123456034,77,,1,0,12,1,2,,10.7631,857,183234,0.994752,246,0,6.2,,0,0,0,0,0,0,0,0,0,,1500,1494,,0,0,0,0
1613871546534,6,1010123456034,77,,1,0,12,1,2,,8.88263,852,183740,0.845728,243,0,5.16667,,0,0,0,0,0,0,0,0,0,,1500,1470,,0,0,0,0
1613871546784,6,1010123456034,77,,1,0,12,1,2,,10.7659,863,183494,1.00045,246,0,6.2,,0,0,0,0,0,0,0,0,0,,1500,1497,,0,0,0,0
1613871547034,6,1010123456034,77,,1,0,12,1,2,,10.8295,827,183959,0.972992,238,0,6.28571,,15.9091,22,0,0.1,6,66.6667,0,13.7025,31,,1500,1473,,0,0,0,7.54545
1613871547284,6,1010123456034,77,,1,0,12,1,2,,10.8915,866,183137,1.02893,246,0,6.2,,0,0,0,0,0,0,0,0,0,,1500,1485,,0,0,0,0
1613871547534,6,1010123456034,77,,1,0,12,1,2,,10.6826,857,183596,0.97728,244,0,6,,0,0,0,0,0,0,0,0,0,,1500,1500,,0,0,0,0
1613871547784,6,1010123456034,77,,1,0,12,1,2,,10.7082,850,183934,0.985312,243,0,6.2,,0,0,0,0,0,0,0,0,0,,1500,1476,,0,0,0,0
1613871548034,6,1010123456034,77,,1,0,12,1,2,,13.3588,839,183535,1.37398,245,0,7.14286,,15.701,97,0,0.129312,31,87.0968,0,3.93086,31,,1500,1491,,0,0,0,8.76289
1613871548284,6,1010123456034,77,,1,0,12,1,2,,12.266,846,183108,1.19507,242,0,6.83333,,0,0,0,0,0,0,0,0,0,,1500,1482,,0,0,0,0
1613871548534,6,1010123456034,77,,1,0,12,1,2,,10.7497,863,183011,0.994528,247,0,6,,0,0,0,0,0,0,0,0,0,,1500,1500,,0,0,0,0
1613871548784,6,1010123456034,77,,1,0,12,1,2,,10.7482,850,184497,0.993024,244,0,6.2,,0,0,0,0,0,0,0,0,0,,1500,1491,,0,0,0,0
1613871549034,6,1010123456034,77,,1,0,12,1,2,,10.4036,830,183354,0.943104,240,0,6,,1.79104,67,0,0.1,19,63.1579,0,3.11586,31,,1500,1491,,0,0,0,6.95522
1613871549284,6,1010123456034,77,,1,0,12,1,2,,10.8111,847,183307,0.990784,242,0,6.16667,,0,0,0,0,0,0,0,0,0,,1500,1491,,0,0,0,0
1613871549534,6,1010123456034,77,,1,0,12,1,2,,10.7257,835,183791,0.979584,240,0,6.2,,0,0,0,0,0,0,0,0,0,,1500,1455,,0,0,0,0
1613871549784,6,1010123456034,77,,1,0,12,1,2,,10.7362,853,183957,0.988384,243,0,6.16667,,0.1,4,0,0.1,1,0,0,0.1,31,,1500,1494,,0,0,0,4
1613871550034,6,1010123456034,77,,1,0,12,1,2,,10.5271,831,184143,0.940992,238,0,6,,0.1,35,0,0.1,10,30,0,2.99452,31,,1500,1473,,0,0,0,5.17143
1613871550284,6,1010123456034,77,,1,0,12,1,2,,10.7893,859,183830,1.00838,246,0,6.16667,,0,0,0,0,0,0,0,0,0,,1500,1488,,0,0,0,0
1613871550534,6,1010123456034,77,,1,0,12,1,2,,12.5967,853,183733,1.26704,243,0,7,,0,0,0,0,0,0,0,0,0,,1500,1488,,0,0,0,0
1613871550784,6,1010123456034,77,,1,0,12,1,2,,13.204,858,183426,1.42355,246,0,7.4,,0,0,0,0,0,0,0,0,0,,1500,1497,,0,0,0,0
1613871551034,6,1010123456034,77,,1,0,12,1,2,,10.5746,851,184118,0.969344,244,0,6,,2.14286,28,0,0.1,8,0,0,6.96737,31,,1500,1491,,0,0,0,2.42857
1613871551284,6,1010123456034,77,,1,0,12,1,2,,10.5588,850,183450,0.972448,245,0,6,,0,0,0,0,0,0,0,0,0,,1500,1485,,0,0,0,0
1613871551534,6,1010123456034,77,,1,0,12,1,2,,10.5728,859,183915,0.974752,245,0,6,,0,0,0,0,0,0,0,0,0,,1500,1497,,0,0,0,0
1613871551784,6,1010123456034,77,,1,0,12,1,2,,11.0496,847,184428,1.02282,243,0,6.25,,0,0,0,0,0,0,0,0,0,,1500,1494,,0,0,0,0
1613871552034,6,1010123456034,77,,1,0,12,1,2,,10.427,843,184281,0.955936,243,0,6,,15,16,0,0,4,100,0,0.441976,0,,1500,1458,,0,0,0,10
1613871552284,6,1010123456034,77,,1,0,12,1,2,,10.5404,853,183701,0.96832,244,0,6,,5.68421,19,0,0.1,6,83.3333,0,4.58589,31,,1500,1479,,0,0,0,8.10526
1613871552534,6,1010123456034,77,,1,0,12,1,2,,9.54893,838,184622,0.888672,241,0,5.66667,,0.1,7,0,0.1,2,0,0,11.7564,31,,1500,1479,,0,0,0,1.42857
1613871552784,6,1010123456034,77,,1,0,12,1,2,,9.66394,857,183377,0.87888,245,0,5.83333,,0,0,0,0,0,0,0,0,0,,1500,1500,,0,0,0,0
1613871553034,6,1010123456034,77,,1,0,12,1,2,,12.0708,805,183664,1.17162,241,0,6.71429,,15.9067,75,0,0.126208,24,83.3333,0,4.55961,31,,1500,1455,,0,0,0,8.44
1613871553284,6,1010123456034,77,,1,0,12,1,2,,10.6577,859,183992,0.973696,244,0,6.16667,,0,0,0,0,0,0,0,0,0,,1500,1497,,0,0,0,0
1613871553534,6,1010123456034,77,,1,0,12,1,2,,9.17556,843,184333,0.851232,241,0,5.8,,0,0,0,0,0,0,0,0,0,,1500,1485,,0,0,0,0
1613871553784,6,1010123456034,77,,1,0,12,1,2,,8.95099,857,183283,0.84384,244,0,5,,0,0,0,0,0,0,0,0,0,,1500,1500,,0,0,0,0
1613871554034,6,1010123456034,77,,1,0,12,1,2,,10.4421,821,184189,0.916544,234,0,6,,5,39,0,0.1,12,58.3333,0,4.65044,31,,1500,1446,,0,0,0,7.20513
1613871554284,6,1010123456034,77,,1,0,12,1,2,,10.7605,860,184207,0.988576,245,0,6.16667,,0,0,0,0,0,0,0,0,0,,1500,1485,,0,0,0,0
1613871554534,6,1010123456034,77,,1,0,12,1,2,,11.0167,839,183778,1.01654,241,0,6.2,,0,0,0,0,0,0,0,0,0,,1500,1488,,0,0,0,0
1613871554784,6,1010123456034,77,,1,0,12,1,2,,10.8775,849,183595,0.999232,242,0,6.16667,,0,0,0,0,0,0,0,0,0,,1500,1494,,0,0,0,0
1613871555034,6,1010123456034,77,,1,0,12,1,2,,10.5467,825,183604,0.949216,239,0,6,,0.1,60,0,0.1,17,23.5294,0,1.80014,31,,1500,1473,,0,0,0,4.56667
1613871555284,6,1010123456034,77,,1,0,12,1,2,,10.6146,807,184186,0.920128,232,0,6.16667,,0,0,0,0,0,0,0,0,0,,1500,1428,,0,0,0,0
1613871555534,6,1010123456034,77,,1,0,12,1,2,,10.7297,836,183437,0.976768,240,0,6,,0,0,0,0,0,0,0,0,0,,1500,1461,,0,0,0,0
1613871555784,6,1010123456034,77,,1,0,12,1,2,,10.7081,836,183112,0.957376,238,0,6,,0,0,0,0,0,0,0,0,0,,1500,1470,,0,0,0,0
1613871556034,6,1010123456034,77,,1,0,12,1,2,,8.59181,855,183517,0.796032,244,0,5.42857,,7.27273,33,0,0.1,9,44.4444,0,4.97876,31,,1500,1497,,0,0,0,6.09091
1613871556284,6,1010123456034,77,,1,0,12,1,2,,9.49114,847,184315,0.890176,244,0,5.66667,,0,0,0,0,0,0,0,0,0,,1500,1488,,0,0,0,0
1613871556534,6,1010123456034,77,,1,0,12,1,2,,10.2857,847,183131,0.925856,243,0,6,,0.1,4,0,0.1,1,0,0,18.5828,31,,1500,1488,,0,0,0,1
1613871556784,6,1010123456034,77,,1,0,12,1,2,,9.56651,842,183258,0.902432,242,0,6,,0,0,0,0,0,0,0,0,0,,1500,1491,,0,0,0,0
1613871557034,6,1010123456034,77,,1,0,12,1,2,,12.416,851,183486,1.21651,244,0,6.71429,,0,12,0,0,4,100,0,0,0,,1500,1488,,0,0,0,0
1613871557284,6,1010123456034,77,,1,0,12,1,2,,10.5726,840,183125,0.957728,241,0,6,,0,0,0,0,0,0,0,0,0,,1500,1473,,0,0,0,0
1613871557534,6,1010123456034,77,,1,0,12,1,2,,10.5378,846,183981,0.967136,243,0,6,,0.1,13,0,0.1,4,50,0,1.13456,31,,1500,1497,,0,0,0,5.46154
1613871557784,6,1010123456034,77,,1,0,12,1,2,,10.4887,843,183771,0.954304,242,0,6,,0,0,0,0,0,0,0,0,0,,1500,1479,,0,0,0,0
1613871558034,6,1010123456034,77,,1,0,12,1,2,,9.55263,836,183596,0.85968,239,0,5.66667,,4.87273,55,0,0.1,16,43.75,0,8.03865,31,,1500,1497,,0,0,0,5.09091
1613871558284,6,1010123456034,77,,1,0,12,1,2,,12.424,849,183075,1.24038,242,0,6.83333,,0,0,0,0,0,0,0,0,0,,1500,1473,,0,0,0,0
1613871558534,6,1010123456034,77,,1,0,12,1,2,,10.559,830,183193,0.943168,238,0,6,,0,0,0,0,0,0,0,0,0,,1500,1467,,0,0,0,0
1613871558784,6,1010123456034,77,,1,0,12,1,2,,8.82312,848,184227,0.840768,242,0,5.5,,0,0,0,0,0,0,0,0,0,,1500,1494,,0,0,0,0
1613871559034,6,1010123456034,77,,1,0,12,1,2,,14.1349,793,183930,1.49357,234,0,7.71429,,15,83,0,0.125888,26,80.7692,0,5.57966,31,,1500,1440,,0,0,0,8.04819
1613871559284,6,1010123456034,77,,1,0,12,1,2,,11.0708,848,184246,1.03322,244,0,6.33333,,0,0,0,0,0,0,0,0,0,,1500,1494,,0,0,0,0
1613871559534,6,1010123456034,77,,1,0,12,1,2,,10.5099,857,183380,0.971552,245,0,6,,0,0,0,0,0,0,0,0,0,,1500,1500,,0,0,0,0
1613871559784,6,1010123456034,77,,1,0,12,1,2,,11.2423,846,184473,1.04854,243,0,6.6,,0,0,0,0,0,0,0,0,0,,1500,1494,,0,0,0,0
1613871560034,6,1010123456034,77,,1,0,12,1,2,,11.1177,824,184272,1.05459,240,0,6.42857,,2.73171,82,0,0.1,23,52.1739,0,3.98227,31,,1500,1473,,0,0,0,5.9878
1613871560284,6,1010123456034,77,,1,0,12,1,2,,10.7083,864,183834,1.00826,248,0,6.16667,,0,0,0,0,0,0,0,0,0,,1500,1500,,0,0,0,0
1613871560534,6,1010123456034,77,,1,0,12,1,2,,12.4894,850,184246,1.25645,244,0,7,,0,0,0,0,0,0,0,0,0,,1500,1485,,0,0,0,0
1613871560784,6,1010123456034,77,,1,0,12,1,2,,10.566,848,183699,0.965856,243,0,6,,0,0,0,0,0,0,0,0,0,,1500,1491,,0,0,0,0
1613871561034,6,1010123456034,77,,1,0,12,1,2,,10.7803,824,183040,0.96912,237,0,6.14286,,3.75,48,0,0.1,14,71.4286,0,2.38576,31,,1500,1470,,0,0,0,7.52083
1613871561284,6,1010123456034,77,,1,0,12,1,2,,10.5448,859,183665,0.972992,246,0,6,,0,0,0,0,0,0,0,0,0,,1500,1488,,0,0,0,0
1613871561534,6,1010123456034,77,,1,0,12,1,2,,10.8095,840,183882,0.989216,241,0,6.16667,,0,0,0,0,0,0,0,0,0,,1500,1479,,0,0,0,0
1613871561784,6,1010123456034,77,,1,0,12,1,2,,10.4545,847,183510,0.958848,244,0,6,,0,0,0,0,0,0,0,0,0,,1500,1485,,0,0,0,0
1613871562034,6,1010123456034,77,,1,0,12,1,2,,10.5131,842,183195,0.952288,243,0,6.14286,,6.77419,31,0,0.1,9,44.4444,0,6.25108,31,,1500,1482,,0,0,0,5.25806
1613871562284,6,1010123456034,77,,1,0,12,1,2,,10.73,848,183400,0.994016,243,0,6,,0,0,0,0,0,0,0,0,0,,1500,1479,,0,0,0,0
1613871562534,6,1010123456034,77,,1,0,12,1,2,,10.382,843,183484,0.947648,242,0,6,,0,0,0,0,0,0,0,0,0,,1500,1494,,0,0,0,0
1613871562784,6,1010123456034,77,,1,0,12,1,2,,10.6378,820,183382,0.946912,235,0,6.16667,,0,0,0,0,0,0,0,0,0,,1500,1449,,0,0,0,0
1613871563034,6,1010123456034,77,,1,0,12,1,2,,10.3022,824,183095,0.952736,245,0,6.14286,,13.5616,73,0,0.1,24,79.1667,0,4.3179,0,,1500,1491,,0,0,0,8.16438
1613871563284,6,1010123456034,77,,1,0,12,1,2,,10.8179,840,183449,0.993056,241,0,6,,0,0,0,0,0,0,0,0,0,,1500,1488,,0,0,0,0
1613871563534,6,1010123456034,77,,1,0,12,1,2,,10.9531,853,184415,1.00486,242,0,6.2,,0,0,0,0,0,0,0,0,0,,1500,1482,,0,0,0,0
1613871563784,6,1010123456034,77,,1,0,12,1,2,,13.1833,862,184353,1.41075,246,0,7.4,,0,0,0,0,0,0,0,0,0,,1500,1500,,0,0,0,0
1613871564034,6,1010123456034,77,,1,0,12,1,2,,10.4706,833,184505,0.949408,241,0,6,,5.33333,42,0,0.1,12,41.6667,0,3.15444,31,,1500,1476,,0,0,0,5.71429
1613871564284,6,1010123456034,77,,1,0,12,1,2,,10.5302,845,184300,0.945536,240,0,6,,0,0,0,0,0,0,0,0,0,,1500,1473,,0,0,0,0
1613871564534,6,1010123456034,77,,1,0,12,1,2,,11.1251,863,184104,1.05082,246,0,6.4,,0,0,0,0,0,0,0,0,0,,1500,1494,,0,0,0,0
1613871564784,6,1010123456034,77,,1,0,12,1,2,,9.89953,856,183709,0.913888,245,0,5.8,,0,0,0,0,0,0,0,0,0,,1500,1494,,0,0,0,0
1613871565034,6,1010123456034,77,,1,0,12,1,2,,10.5643,856,183036,0.966784,244,0,6,,5.45455,33,0,0.1,10,40,0,6.64146,31,,1500,1494,,0,0,0,4.45455
1613871565284,6,1010123456034,77,,1,0,12,1,2,,9.50713,842,184309,0.860608,240,0,5.66667,,0,0,0,0,0,0,0,0,0,,1500,1485,,0,0,0,0
1613871565534,6,1010123456034,77,,1,0,12,1,2,,10.5982,866,183219,0.98416,247,0,6,,0,0,0,0,0,0,0,0,0,,1500,1497,,0,0,0,0
1613871565784,6,1010123456034,77,,1,0,12,1,2,,11.0012,835,184073,1.01331,238,0,6.33333,,0,0,0,0,0,0,0,0,0,,1500,1455,,0,0,0,0
1613871566034,6,1010123456034,77,,1,0,12,1,2,,11.8751,857,183284,1.15821,246,0,6.57143,,6.77419,31,0,0.1,9,44.4444,0,6.35134,31,,1500,1491,,0,0,0,5.3871
1613871566284,6,1010123456034,77,,1,0,12,1,2,,12.3511,863,183725,1.25462,247,0,7,,0,0,0,0,0,0,0,0,0,,1500,1491,,0,0,0,0
1613871566534,6,1010123456034,77,,1,0,12,1,2,,10.5525,838,183416,0.957984,241,0,6,,0,0,0,0,0,0,0,0,0,,1500,1491,,0,0,0,0
1613871566784,6,1010123456034,77,,1,0,12,1,2,,9.65755,841,183958,0.9008,242,0,5.66667,,0,0,0,0,0,0,0,0,0,,1500,1494,,0,0,0,0
1613871567034,6,1010123456034,77,,1,0,12,1,2,,12.1629,841,183311,1.18362,244,0,6.71429,,15.407,86,0,0.1,27,88.8889,0,2.73023,31,,1500,1497,,0,0,0,9.16279
1613871567284,6,1010123456034,77,,1,0,12,1,2,,10.6026,838,183032,0.955264,240,0,6,,0,0,0,0,0,0,0,0,0,,1500,1470,,0,0,0,0
1613871567534,6,1010123456034,77,,1,0,12,1,2,,10.5357,840,184391,0.959936,242,0,6,,0,0,0,0,0,0,0,0,0,,1500,1482,,0,0,0,0
1613871567784,6,1010123456034,77,,1,0,12,1,2,,10.7624,850,183132,0.980224,240,0,6.2,,0,0,0,0,0,0,0,0,0,,1500,1482,,0,0,0,0
1613871568034,6,1010123456034,77,,1,0,12,1,2,,9.47832,853,183874,0.876704,245,0,5.71429,,14.7907,43,0,0.1,13,76.9231,0,11.0355,31,,1500,1488,,0,0,0,7.69767
1613871568284,6,1010123456034,77,,1,0,12,1,2,,9.88173,854,183773,0.906272,243,0,5.8,,0,0,0,0,0,0,0,0,0,,1500,1488,,0,0,0,0
1613871568534,6,1010123456034,77,,1,0,12,1,2,,10.6834,856,184281,0.97472,244,0,6,,0,0,0,0,0,0,0,0,0,,1500,1485,,0,0,0,0
1613871568784,6,1010123456034,77,,1,0,12,1,2,,10.5751,852,183810,0.963936,243,0,6,,0,0,0,0,0,0,0,0,0,,1500,1473,,0,0,0,0
1613871569034,6,1010123456034,77,,1,0,12,1,2,,10.4382,858,184596,0.968128,246,0,6,,10.6667,15,0,0.1,4,0,0,28.2928,31,,1500,1497,,0,0,0,1
1613871569284,6,1010123456034,77,,1,0,12,1,2,,10.6187,847,183908,0.9688,243,0,6,,0,0,0,0,0,0,0,0,0,,1500,1497,,0,0,0,0
1613871569534,6,1010123456034,77,,1,0,12,1,2,,10.7662,847,184104,0.98848,242,0,6.16667,,0,0,0,0,0,0,0,0,0,,1500,1500,,0,0,0,0
1613871569784,6,1010123456034,77,,1,0,12,1,2,,10.6836,866,184245,0.989024,247,0,6,,0,0,0,0,0,0,0,0,0,,1500,1491,,0,0,0,0
1613871570034,6,1010123456034,77,,1,0,12,1,2,,10.494,832,184373,0.945664,240,0,6,,9.93182,44,0,0.1,12,41.6667,0,9.62715,31,,1500,1479,,0,0,0,5.40909
1613871570284,6,1010123456034,77,,1,0,12,1,2,,10.6476,857,183477,0.976512,244,0,6,,0,0,0,0,0,0,0,0,0,,1500,1500,,0,0,0,0
1613871570534,6,1010123456034,77,,1,0,12,1,2,,10.6099,846,184270,0.969952,243,0,6,,0,0,0,0,0,0,0,0,0,,1500,1494,,0,0,0,0
1613871570784,6,1010123456034,77,,1,0,12,1,2,,10.455,855,183677,0.962976,245,0,6,,0,0,0,0,0,0,0,0,0,,1500,1494,,0,0,0,0
1613871571034,6,1010123456034,77,,1,0,12,1,2,,10.679,866,183372,1.00659,248,0,6.14286,,16,16,0,0,4,100,0,1.44332,0,,1500,1494,,0,0,0,10
1613871571284,6,1010123456034,77,,1,0,12,1,2,,10.6007,859,183766,0.978752,246,0,6,,6,7,0,0.1,2,50,0,10.5949,31,,1500,1500,,0,0,0,4.85714
1613871571534,6,1010123456034,77,,1,0,12,1,2,,10.9306,850,184472,1.02531,245,0,6.4,,6.3,20,0,0.1,6,50,0,6.76612,0,,1500,1473,,0,0,0,5.2
1613871571784,6,1010123456034,77,,1,0,12,1,2,,10.464,847,184028,0.956512,243,0,6,,0,0,0,0,0,0,0,0,0,,1500,1497,,0,0,0,0
1613871572034,6,1010123456034,77,,1,0,12,1,2,,8.96548,840,183395,0.829568,240,0,5.28571,,0.1,27,0,0.1,8,12.5,0,0.891279,31,,1500,1470,,0,0,0,2.74074
1613871572284,6,1010123456034,77,,1,0,12,1,2,,9.74971,859,184423,0.917632,246,0,5.8,,0,0,0,0,0,0,0,0,0,,1500,1491,,0,0,0,0
1613871572534,6,1010123456034,77,,1,0,12,1,2,,10.8615,859,183168,1.03686,246,0,6.33333,,0,0,0,0,0,0,0,0,0,,1500,1476,,0,0,0,0
1613871572784,6,1010123456034,77,,1,0,12,1,2,,10.0675,845,183853,0.926016,242,0,6,,0,0,0,0,0,0,0,0,0,,1500,1467,,0,0,0,0
1613871573034,6,1010123456034,77,,1,0,12,1,2,,10.6356,837,183180,0.967264,241,0,6.16667,,6.27907,43,0,0.1,12,33.3333,0,7.78033,31,,1500,1482,,0,0,0,4.72093
1613871573284,6,1010123456034,77,,1,0,12,1,2,,10.2203,858,183440,0.955712,246,0,5.83333,,0,0,0,0,0,0,0,0,0,,1500,1494,,0,0,0,0
1613871573534,6,1010123456034,77,,1,0,12,1,2,,9.70128,857,183442,0.88672,243,0,6.2,,0,0,0,0,0,0,0,0,0,,1500,1488,,0,0,0,0
1613871573784,6,1010123456034,77,,1,0,12,1,2,,10.6965,860,183741,0.991936,246,0,6,,0,0,0,0,0,0,0,0,0,,1500,1494,,0,0,0,0
1613871574034,6,1010123456034,77,,1,0,12,1,2,,9.41786,840,184005,0.888512,242,0,5.57143,,5.83333,36,0,0.1,11,36.3636,0,3.56106,31,,1500,1491,,0,0,0,5.08333
1613871574284,6,1010123456034,77,,1,0,12,1,2,,11.3329,829,183473,1.05978,238,0,6.5,,0,0,0,0,0,0,0,0,0,,1500,1458,,0,0,0,0
1613871574534,6,1010123456034,77,,1,0,12,1,2,,10.8055,838,183713,0.984096,241,0,6.2,,0,0,0,0,0,0,0,0,0,,1500,1482,,0,0,0,0
1613871574784,6,1010123456034,77,,1,0,12,1,2,,10.6169,851,183975,0.989184,244,0,6.16667,,0,0,0,0,0,0,0,0,0,,1500,1485,,0,0,0,0
1613871575034,6,1010123456034,77,,1,0,12,1,2,,10.4675,830,184116,0.94064,239,0,6,,7.81395,43,0,0.1,13,38.4615,0,9.10229,31,,1500,1482,,0,0,0,4.53488
1613871575284,6,1010123456034,77,,1,0,12,1,2,,10.6635,853,183256,0.9744,244,0,6.16667,,0,0,0,0,0,0,0,0,0,,1500,1497,,0,0,0,0
1613871575534,6,1010123456034,77,,1,0,12,1,2,,10.8349,854,183300,0.99296,242,0,6,,0,0,0,0,0,0,0,0,0,,1500,1485,,0,0,0,0
1613871575784,6,1010123456034,77,,1,0,12,1,2,,10.895,857,184360,1.00864,244,0,6.16667,,0,0,0,0,0,0,0,0,0,,1500,1497,,0,0,0,0
1613871576034,6,1010123456034,77,,1,0,12,1,2,,11.9125,823,184050,1.14269,241,0,6.71429,,15.4742,97,0,0.136096,32,87.5,0,3.31879,31,,1500,1467,,0,0,0,8.8866
1613871576284,6,1010123456034,77,,1,0,12,1,2,,10.9774,842,183295,1.00998,240,0,6.8,,0,0,0,0,0,0,0,0,0,,1500,1470,,0,0,0,0
1613871576534,6,1010123456034,77,,1,0,12,1,2,,10.9558,860,183583,1.1519,245,0,5.83333,,0,0,0,0,0,0,0,0,0,,1500,1500,,0,0,0,0
1613871576784,6,1010123456034,77,,1,0,12,1,2,,9.4261,866,182885,0.858848,247,0,6,,0,0,0,0,0,0,0,0,0,,1500,1491,,0,0,0,0
1613871577034,6,1010123456034,77,,1,0,12,1,2,,9.69221,835,183553,0.88576,241,0,5.85714,,0.1,55,0,0.1,15,60,0,0.813737,31,,1500,1485,,0,0,0,6.89091
1613871577284,6,1010123456034,77,,1,0,12,1,2,,9.2,860,183407,0.855584,245,0,5.8,,0,0,0,0,0,0,0,0,0,,1500,1491,,0,0,0,0
1613871577534,6,1010123456034,77,,1,0,12,1,2,,10.8134,863,183034,1.00115,246,0,6.16667,,0,0,0,0,0,0,0,0,0,,1500,1500,,0,0,0,0
1613871577784,6,1010123456034,77,,1,0,12,1,2,,10.7421,853,183367,0.98928,243,0,6,,0,0,0,0,0,0,0,0,0,,1500,1494,,0,0,0,0
1613871578034,6,1010123456034,77,,1,0,12,1,2,,10.5049,824,183959,0.926592,236,0,6,,0.1,33,0,0.1,10,30,0,5.2127,31,,1500,1431,,0,0,0,3.87879
1613871578284,6,1010123456034,77,,1,0,12,1,2,,10.7936,848,184127,0.992832,242,0,6.16667,,0,6,0,0.1,2,50,0,0,31,,1500,1473,,0,0,0,0
1613871578534,6,1010123456034,77,,1,0,12,1,2,,9.76128,842,183380,0.88944,239,0,5.83333,,0,0,0,0,0,0,0,0,0,,1500,1464,,0,0,0,0
1613871578784,6,1010123456034,77,,1,0,12,1,2,,9.92775,872,183554,0.931872,249,0,6.2,,0,0,0,0,0,0,0,0,0,,1500,1497,,0,0,0,0
1613871579034,6,1010123456034,77,,1,0,12,1,2,,10.6328,847,184016,0.979808,243,0,6.2,,3.33333,48,0,0.1,14,50,0,2.26463,31,,1500,1467,,0,0,0,6.77083
1613871579284,6,1010123456034,77,,1,0,12,1,2,,10.5656,854,183411,0.970656,245,0,6,,0,0,0,0,0,0,0,0,0,,1500,1497,,0,0,0,0
1613871579534,6,1010123456034,77,,1,0,12,1,2,,10.5554,839,183266,0.946688,240,0,6,,0,0,0,0,0,0,0,0,0,,1500,1467,,0,0,0,0
1613871579784,6,1010123456034,77,,1,0,12,1,2,,10.5256,858,183947,0.972864,246,0,6,,0,0,0,0,0,0,0,0,0,,1500,1494,,0,0,0,0
1613871580034,6,1010123456034,77,,1,0,12,1,2,,13.6062,843,183755,1.45574,244,0,7.42857,,15.2941,85,0,0.175744,25,80,0,5.39933,31,,1500,1491,,0,0,0,7.98824
1613871580284,6,1010123456034,77,,1,0,12,1,2,,10.8749,847,183588,1.00829,241,0,6,,0,0,0,0,0,0,0,0,0,,1500,1491,,0,0,0,0
1613871580534,6,1010123456034,77,,1,0,12,1,2,,10.7145,872,183359,0.998944,249,0,6,,0,3,0,0.1,1,0,0,0,31,,1500,1497,,0,0,0,0
1613871580784,6,1010123456034,77,,1,0,12,1,2,,10.7115,863,183492,0.989504,246,0,6,,0,12,0,0,4,100,0,0,0,,1500,1500,,0,0,0,0
1613871581034,6,1010123456034,77,,1,0,12,1,2,,10.7044,839,183404,1.01846,243,0,6,,13.6364,22,0,0.1,8,50,0,14.9673,31,,1500,1494,,0,0,0,4.27273
1613871581284,6,1010123456034,77,,1,0,12,1,2,,9.97691,866,183570,0.92416,248,0,6.16667,,0,0,0,0,0,0,0,0,0,,1500,1497,,0,0,0,0
1613871581534,6,1010123456034,77,,1,0,12,1,2,,10.9495,851,182813,1.01459,244,0,6.4,,0,0,0,0,0,0,0,0,0,,1500,1491,,0,0,0,0
1613871581784,6,1010123456034,77,,1,0,12,1,2,,10.7794,843,183136,0.9904,242,0,6,,0,0,0,0,0,0,0,0,0,,1500,1488,,0,0,0,0
1613871582034,6,1010123456034,77,,1,0,12,1,2,,11.2962,834,183809,1.06634,241,0,6.42857,,1.63636,55,0,0.1,17,29.4118,0,3.91281,31,,1500,1497,,0,0,0,4.29091
1613871582284,6,1010123456034,77,,1,0,12,1,2,,11.0502,837,184113,1.0295,240,0,6.33333,,0,0,0,0,0,0,0,0,0,,1500,1473,,0,0,0,0
1613871582534,6,1010123456034,77,,1,0,12,1,2,,10.8798,857,183813,1.00352,244,0,6.2,,0,0,0,0,0,0,0,0,0,,1500,1488,,0,0,0,0
1613871582784,6,1010123456034,77,,1,0,12,1,2,,10.6085,843,183464,0.958112,241,0,6,,0,0,0,0,0,0,0,0,0,,1500,1461,,0,0,0,0
1613871583034,6,1010123456034,77,,1,0,12,1,2,,9.7878,820,184202,0.876736,238,0,5.71429,,0.1,34,0,0.1,11,72.7273,0,2.45772,31,,1500,1479,,0,0,0,7.61765
1613871583284,6,1010123456034,77,,1,0,12,1,2,,10.6588,853,183475,0.97664,244,0,6,,0,3,0,0.1,1,0,0,0,31,,1500,1485,,0,0,0,0
1613871583534,6,1010123456034,77,,1,0,12,1,2,,12.3244,863,184220,1.24406,245,0,6.83333,,0,0,0,0,0,0,0,0,0,,1500,1497,,0,0,0,0
1613871583784,6,1010123456034,77,,1,0,12,1,2,,10.7872,860,184014,0.997792,245,0,6.16667,,0,0,0,0,0,0,0,0,0,,1500,1491,,0,0,0,0
1613871584034,6,1010123456034,77,,1,0,12,1,2,,10.5268,839,184067,0.946144,239,0,6,,8.26667,45,0,0.1,13,61.5385,0,2.61747,31,,1500,1458,,0,0,0,7.15556
1613871584284,6,1010123456034,77,,1,0,12,1,2,,10.7786,858,184114,0.993056,245,0,6,,0,0,0,0,0,0,0,0,0,,1500,1494,,0,0,0,0
1613871584534,6,1010123456034,77,,1,0,12,1,2,,10.5676,858,183224,0.975552,246,0,6,,0,0,0,0,0,0,0,0,0,,1500,1497,,0,0,0,0
1613871584784,6,1010123456034,77,,1,0,12,1,2,,10.633,842,183717,0.97824,242,0,6.16667,,0.1,4,0,0.1,1,0,0,19.2019,31,,1500,1485,,0,0,0,1
1613871585034,6,1010123456034,77,,1,0,12,1,2,,10.8871,824,183498,1.00442,240,0,6.28571,,6.84783,46,0,0.1,13,46.1538,0,6.58997,31,,1500,1479,,0,0,0,5.3913
1613871585284,6,1010123456034,77,,1,0,12,1,2,,11.2619,859,183461,1.0887,246,0,6.6,,0,0,0,0,0,0,0,0,0,,1500,1494,,0,0,0,0
1613871585534,6,1010123456034,77,,1,0,12,1,2,,10.4135,844,183507,0.946752,242,0,6,,0,0,0,0,0,0,0,0,0,,1500,1482,,0,0,0,0
1613871585784,6,1010123456034,77,,1,0,12,1,2,,10.6187,855,183771,0.984672,245,0,6.2,,0,0,0,0,0,0,0,0,0,,1500,1497,,0,0,0,0
1613871586034,6,1010123456034,77,,1,0,12,1,2,,10.732,832,184273,0.977152,240,0,6.14286,,4.6875,48,0,0.1,13,53.8462,0,4.30553,31,,1500,1464,,0,0,0,6.47917
1613871586284,6,1010123456034,77,,1,0,12,1,2,,10.1676,859,184124,0.94784,246,0,6,,0,0,0,0,0,0,0,0,0,,1500,1494,,0,0,0,0
1613871586534,6,1010123456034,77,,1,0,12,1,2,,10.6577,856,183161,0.984704,244,0,6,,0,0,0,0,0,0,0,0,0,,1500,1482,,0,0,0,0
1613871586784,6,1010123456034,77,,1,0,12,1,2,,9.77946,857,183135,0.904768,244,0,5.83333,,0,0,0,0,0,0,0,0,0,,1500,1485,,0,0,0,0
1613871587034,6,1010123456034,77,,1,0,12,1,2,,11.8073,825,183724,1.17747,240,0,6.5,,15.3953,86,0,0.13456,28,85.7143,0,3.86141,31,,1500,1458,,0,0,0,8.74419
1613871587284,6,1010123456034,77,,1,0,12,1,2,,9.87383,856,183520,0.888448,244,0,6,,0,0,0,0,0,0,0,0,0,,1500,1494,,0,0,0,0
1613871587534,6,1010123456034,77,,1,0,12,1,2,,10.7944,856,183451,0.999744,244,0,6.16667,,0,0,0,0,0,0,0,0,0,,1500,1485,,0,0,0,0
1613871587784,6,1010123456034,77,,1,0,12,1,2,,9.6019,844,183715,0.906432,240,0,6,,0,0,0,0,0,0,0,0,0,,1500,1485,,0,0,0,0
1613871588034,6,1010123456034,77,,1,0,12,1,2,,11.0474,822,183781,1.07104,240,0,6.42857,,14.7805,82,0,0.193728,26,76.9231,0,6.24087,31,,1500,1482,,0,0,0,7.58537
1613871588284,6,1010123456034,77,,1,0,12,1,2,,10.5852,863,184243,0.981056,246,0,6,,0,0,0,0,0,0,0,0,0,,1500,1500,,0,0,0,0
1613871588534,6,1010123456034,77,,1,0,12,1,2,,10.0504,854,183442,0.946528,243,0,5.8,,0,0,0,0,0,0,0,0,0,,1500,1476,,0,0,0,0
1613871588784,6,1010123456034,77,,1,0,12,1,2,,7.23849,847,183322,0.67824,245,0,5.5,,0,0,0,0,0,0,0,0,0,,1500,1485,,0,0,0,0
1613871589034,6,1010123456034,77,,1,0,12,1,2,,11.1481,824,183657,1.01194,239,0,6.2,,12.9545,22,0,0.1,6,66.6667,0,8.90636,31,,1500,1479,,0,0,0,7.13636
1613871589284,6,1010123456034,77,,1,0,12,1,2,,10.6114,862,183933,0.984032,247,0,6,,0,0,0,0,0,0,0,0,0,,1500,1497,,0,0,0,0
1613871589534,6,1010123456034,77,,1,0,12,1,2,,10.5205,853,183345,0.969472,244,0,6,,0,0,0,0,0,0,0,0,0,,1500,1479,,0,0,0,0
1613871589784,6,1010123456034,77,,1,0,12,1,2,,10.5911,851,184069,0.96832,244,0,6,,0,0,0,0,0,0,0,0,0,,1500,1494,,0,0,0,0
1613871590034,6,1010123456034,77,,1,0,12,1,2,,10.4539,835,183780,0.97552,241,0,5.85714,,5.75,64,0,0.1,18,77.7778,0,4.00481,31,,1500,1485,,0,0,0,8.14062
1613871590284,6,1010123456034,77,,1,0,12,1,2,,10.9549,843,184556,1.04486,242,0,6.83333,,0,0,0,0,0,0,0,0,0,,1500,1494,,0,0,0,0
1613871590534,6,1010123456034,77,,1,0,12,1,2,,10.083,843,183932,0.937824,243,0,5.83333,,15,16,0,0,4,100,0,1.03124,0,,1500,1485,,0,0,0,10
1613871590784,6,1010123456034,77,,1,0,12,1,2,,11.0152,855,183902,1.02771,244,0,6.4,,0,0,0,0,0,0,0,0,0,,1500,1497,,0,0,0,0
1613871591034,6,1010123456034,77,,1,0,12,1,2,,9.68758,813,183432,0.871072,235,0,5.85714,,0.882353,68,0,0.1,20,45,0,4.80212,31,,1500,1461,,0,0,0,5.58824
1613871591284,6,1010123456034,77,,1,0,12,1,2,,11.1432,845,183689,1.03658,243,0,6.33333,,0,0,0,0,0,0,0,0,0,,1500,1494,,0,0,0,0
1613871591534,6,1010123456034,77,,1,0,12,1,2,,10.5276,851,183539,0.949056,242,0,6,,0,0,0,0,0,0,0,0,0,,1500,1479,,0,0,0,0
1613871591784,6,1010123456034,77,,1,0,12,1,2,,10.5471,850,183218,0.96096,242,0,6,,0,0,0,0,0,0,0,0,0,,1500,1485,,0,0,0,0
1613871592034,6,1010123456034,77,,1,0,12,1,2,,10.0131,842,184296,0.9096,241,0,5.85714,,1.86667,30,0,0.1,9,11.1111,0,8.78593,31,,1500,1494,,0,0,0,2.6
1613871592284,6,1010123456034,77,,1,0,12,1,2,,9.91392,848,183803,0.946592,241,0,5.33333,,0,0,0,0,0,0,0,0,0,,1500,1488,,0,0,0,0
1613871592534,6,1010123456034,77,,1,0,12,1,2,,9.65233,860,183878,0.872736,245,0,6,,0,0,0,0,0,0,0,0,0,,1500,1479,,0,0,0,0
1613871592784,6,1010123456034,77,,1,0,12,1,2,,10.7844,844,183187,1.01373,241,0,6.4,,0,0,0,0,0,0,0,0,0,,1500,1470,,0,0,0,0
1613871593034,6,1010123456034,77,,1,0,12,1,2,,10.5066,837,184146,0.972064,245,0,6,,11.8406,69,0,0.10592,22,63.6364,0,6.39628,31,,1500,1497,,0,0,0,6.5942
1613871593284,6,1010123456034,77,,1,0,12,1,2,,10.4106,850,183939,0.96864,242,0,6,,0,0,0,0,0,0,0,0,0,,1500,1488,,0,0,0,0
1613871593534,6,1010123456034,77,,1,0,12,1,2,,10.1977,860,184190,0.922976,244,0,6,,0,0,0,0,0,0,0,0,0,,1500,1491,,0,0,0,0
1613871593784,6,1010123456034,77,,1,0,12,1,2,,12.007,857,183194,1.16634,244,0,6.8,,0,0,0,0,0,0,0,0,0,,1500,1500,,0,0,0,0
1613871594034,6,1010123456034,77,,1,0,12,1,2,,10.5892,835,184206,0.958144,242,0,6,,14.0417,24,0,0.1,8,62.5,0,12.2038,31,,1500,1497,,0,0,0,6
1613871594284,6,1010123456034,77,,1,0,12,1,2,,10.9895,858,184156,1.04349,245,0,6.4,,0,0,0,0,0,0,0,0,0,,1500,1485,,0,0,0,0
1613871594534,6,1010123456034,77,,1,0,12,1,2,,13.3695,847,183820,1.41744,243,0,7.33333,,0,0,0,0,0,0,0,0,0,,1500,1494,,0,0,0,0
1613871594784,6,1010123456034,77,,1,0,12,1,2,,10.8679,863,183105,1.02,247,0,6.16667,,0,0,0,0,0,0,0,0,0,,1500,1497,,0,0,0,0
1613871595034,6,1010123456034,77,,1,0,12,1,2,,10.8286,846,184060,1.00829,247,0,6.14286,,2.13333,30,0,0.1,9,0,0,11.4899,31,,1500,1491,,0,0,0,2.2
1613871595284,6,1010123456034,77,,1,0,12,1,2,,10.7143,854,183169,0.977248,243,0,6,,0,0,0,0,0,0,0,0,0,,1500,1485,,0,0,0,0
1613871595534,6,1010123456034,77,,1,0,12,1,2,,11.6379,856,183880,1.06598,244,0,6.66667,,0,0,0,0,0,0,0,0,0,,1500,1485,,0,0,0,0
1613871595784,6,1010123456034,77,,1,0,12,1,2,,11.37,846,184648,1.10525,241,0,6.2,,0,0,0,0,0,0,0,0,0,,1500,1485,,0,0,0,0
1613871596034,6,1010123456034,77,,1,0,12,1,2,,10.7034,843,183987,0.969376,241,0,6,,15,15,0,0,4,100,0,1.45573,0,,1500,1494,,0,0,0,10
1613871596284,6,1010123456034,77,,1,0,12,1,2,,10.7605,860,183854,0.99792,245,0,6.16667,,0.1,7,0,0.1,2,0,0,1.0182,31,,1500,1491,,0,0,0,2
1613871596534,6,1010123456034,77,,1,0,12,1,2,,9.93381,846,183261,0.924544,242,0,6,,0,0,0,0,0,0,0,0,0,,1500,1494,,0,0,0,0
1613871596784,6,1010123456034,77,,1,0,12,1,2,,10.5824,843,184283,0.95776,242,0,6,,0.1,4,0,0.1,1,0,0,1.6869,31,,1500,1479,,0,0,0,2
1613871597034,6,1010123456034,77,,1,0,12,1,2,,10.969,840,183709,1.01805,242,0,6.28571,,0.1,16,0,0.1,5,0,0,5.26852,31,,1500,1488,,0,0,0,2.6875
1613871597284,6,1010123456034,77,,1,0,12,1,2,,12.6894,866,182937,1.29274,246,0,7,,0,0,0,0,0,0,0,0,0,,1500,1497,,0,0,0,0
1613871597534,6,1010123456034,77,,1,0,12,1,2,,10.6093,837,184377,0.946784,239,0,6,,0,0,0,0,0,0,0,0,0,,1500,1458,,0,0,0,0
1613871597784,6,1010123456034,77,,1,0,12,1,2,,10.5472,848,183898,0.965472,243,0,6,,0,0,0,0,0,0,0,0,0,,1500,1491,,0,0,0,0
1613871598034,6,1010123456034,77,,1,0,12,1,2,,10.4012,840,183961,0.941984,241,0,6,,0.1,27,0,0.1,8,12.5,0,7.71399,31,,1500,1467,,0,0,0,2.22222
1613871598284,6,1010123456034,77,,1,0,12,1,2,,10.6248,837,183543,0.956672,240,0,6.16667,,0,0,0,0,0,0,0,0,0,,1500,1461,,0,0,0,0
1613871598534,6,1010123456034,77,,1,0,12,1,2,,12.2066,847,183754,1.22787,243,0,6.83333,,0,0,0,0,0,0,0,0,0,,1500,1470,,0,0,0,0
1613871598784,6,1010123456034,77,,1,0,12,1,2,,8.36342,831,184271,0.809536,238,0,5.16667,,0,0,0,0,0,0,0,0,0,,1500,1464,,0,0,0,0
1613871599034,6,1010123456034,77,,1,0,12,1,2,,10.8482,843,183741,0.993152,244,0,6.33333,,4,42,0,0.1,11,36.3636,0,7.86281,31,,1500,1488,,0,0,0,4.44444
1613871599284,6,1010123456034,77,,1,0,12,1,2,,11.019,843,184355,1.0215,242,0,6.33333,,0,0,0,0,0,0,0,0,0,,1500,1497,,0,0,0,0
1613871599534,6,1010123456034,77,,1,0,12,1,2,,10.7969,847,184258,0.997728,243,0,6.2,,0,0,0,0,0,0,0,0,0,,1500,1494,,0,0,0,0
1613871599784,6,1010123456034,77,,1,0,12,1,2,,10.8653,839,184324,0.992288,241,0,6.16667,,0,12,0,0,4,100,0,0,0,,1500,1494,,0,0,0,0
1613871600034,6,1010123456034,77,,1,0,12,1,2,,10.3923,836,183032,0.951232,242,0,6,,5.44444,72,0,0.1,20,70,0,6.0669,31,,1500,1485,,0,0,0,7.54167
1613871600284,6,1010123456034,77,,1,0,12,1,2,,10.575,833,184368,0.94176,238,0,6,,0,0,0,0,0,0,0,0,0,,1500,1476,,0,0,0,0
1613871600534,6,1010123456034,77,,1,0,12,1,2,,11.0012,840,183875,1.00582,240,0,6.33333,,0,0,0,0,0,0,0,0,0,,1500,1458,,0,0,0,0
1613871600784,6,1010123456034,77,,1,0,12,1,2,,10.8241,847,183710,1.00605,243,0,6,,0,0,0,0,0,0,0,0,0,,1500,1491,,0,0,0,0
1613871601034,6,1010123456034,77,,1,0,12,1,2,,9.47031,859,182984,0.878784,246,0,5.71429,,8,45,0,0.1,13,61.5385,0,2.91565,31,,1500,1485,,0,0,0,6.95556
1613871601284,6,1010123456034,77,,1,0,12,1,2,,10.6298,840,184008,0.96416,240,0,6.16667,,0,0,0,0,0,0,0,0,0,,1500,1452,,0,0,0,0
1613871601534,6,1010123456034,77,,1,0,12,1,2,,10.4419,835,184333,0.941696,240,0,6,,0,0,0,0,0,0,0,0,0,,1500,1476,,0,0,0,0
1613871601784,6,1010123456034,77,,1,0,12,1,2,,10.5201,846,183983,0.951584,241,0,6,,0,3,0,0.1,1,0,0,0,31,,1500,1470,,0,0,0,0
1613871602034,6,1010123456034,77,,1,0,12,1,2,,10.9666,839,183251,1.01923,243,0,6.33333,,11.5556,18,0,0.102176,5,0,0,26.7679,31,,1500,1494,,0,0,0,1
1613871602284,6,1010123456034,77,,1,0,12,1,2,,10.8335,853,184472,1.00064,244,0,6.16667,,0,0,0,0,0,0,0,0,0,,1500,1479,,0,0,0,0
1613871602534,6,1010123456034,77,,1,0,12,1,2,,10.9031,846,183955,1.00694,243,0,6.33333,,15,4,0,0.1,1,0,0,20.9326,31,,1500,1494,,0,0,0,1
1613871602784,6,1010123456034,77,,1,0,12,1,2,,10.7104,846,183036,0.983136,243,0,6,,0,0,0,0,0,0,0,0,0,,1500,1476,,0,0,0,0
1613871603034,6,1010123456034,77,,1,0,12,1,2,,10.4178,821,184324,0.951392,243,0,6,,15.9,70,0,0.1,22,81.8182,0,6.65068,31,,1500,1497,,0,0,0,8.15714
1613871603284,6,1010123456034,77,,1,0,12,1,2,,9.78513,847,184404,0.900128,241,0,5.83333,,0,0,0,0,0,0,0,0,0,,1500,1488,,0,0,0,0
1613871603534,6,1010123456034,77,,1,0,12,1,2,,10.6939,846,183812,0.96784,241,0,6,,0,0,0,0,0,0,0,0,0,,1500,1485,,0,0,0,0
1613871603784,6,1010123456034,77,,1,0,12,1,2,,10.4674,860,183472,0.95696,245,0,6,,0,12,0,0,4,100,0,0,0,,1500,1491,,0,0,0,0
1613871604034,6,1010123456034,77,,1,0,12,1,2,,10.5439,866,183898,0.980736,248,0,6,,1.27273,33,0,0.1,9,11.1111,0,8.30303,31,,1500,1491,,0,0,0,3.06061
1613871604284,6,1010123456034,77,,1,0,12,1,2,,10.4702,857,183653,0.963968,244,0,6,,0,0,0,0,0,0,0,0,0,,1500,1491,,0,0,0,0
1613871604534,6,1010123456034,77,,1,0,12,1,2,,12.1969,848,183380,1.17907,242,0,6.83333,,0,0,0,0,0,0,0,0,0,,1500,1470,,0,0,0,0
1613871604784,6,1010123456034,77,,1,0,12,1,2,,10.5571,867,183576,0.991104,248,0,6,,0,0,0,0,0,0,0,0,0,,1500,1500,,0,0,0,0
1613871605034,6,1010123456034,77,,1,0,12,1,2,,10.2566,838,183841,0.9408,244,0,6,,8.89552,67,0,0.1,20,65,0,3.00489,31,,1500,1488,,0,0,0,7.23881
1613871605284,6,1010123456034,77,,1,0,12,1,2,,10.2087,853,183520,0.954176,244,0,6,,0,0,0,0,0,0,0,0,0,,1500,1500,,0,0,0,0
1613871605534,6,1010123456034,77,,1,0,12,1,2,,10.7471,854,183650,0.993376,243,0,6.16667,,0,0,0,0,0,0,0,0,0,,1500,1488,,0,0,0,0
1613871605784,6,1010123456034,77,,1,0,12,1,2,,11.0735,857,184005,1.02893,244,0,6.33333,,0,0,0,0,0,0,0,0,0,,1500,1491,,0,0,0,0
1613871606034,6,1010123456034,77,,1,0,12,1,2,,10.6026,848,183442,0.963936,243,0,6,,5.71429,42,0,0.1,11,45.4545,0,4.84155,31,,1500,1494,,0,0,0,5.85714
1613871606284,6,1010123456034,77,,1,0,12,1,2,,10.7631,857,184503,1.00691,246,0,6.2,,0,0,0,0,0,0,0,0,0,,1500,1497,,0,0,0,0
1613871606534,6,1010123456034,77,,1,0,12,1,2,,10.8284,839,183198,0.99024,241,0,6.16667,,0,0,0,0,0,0,0,0,0,,1500,1485,,0,0,0,0
1613871606784,6,1010123456034,77,,1,0,12,1,2,,10.4673,856,183977,0.97136,247,0,6,,0,0,0,0,0,0,0,0,0,,1500,1488,,0,0,0,0
1613871607034,6,1010123456034,77,,1,0,12,1,2,,10.7488,836,183215,0.971104,239,0,6.14286,,0.1,36,0,0.1,10,50,0,0.709307,31,,1500,1476,,0,0,0,6.36111
1613871607284,6,1010123456034,77,,1,0,12,1,2,,12.032,843,184115,1.24416,242,0,6.83333,,0,0,0,0,0,0,0,0,0,,1500,1473,,0,0,0,0
1613871607534,6,1010123456034,77,,1,0,12,1,2,,10.8378,863,183680,1.0047,245,0,6.16667,,0,0,0,0,0,0,0,0,0,,1500,1491,,0,0,0,0
1613871607784,6,1010123456034,77,,1,0,12,1,2,,10.6324,846,183290,0.961056,241,0,6,,0,0,0,0,0,0,0,0,0,,1500,1482,,0,0,0,0
1613871608034,6,1010123456034,77,,1,0,12,1,2,,12.4591,856,183831,1.252,245,0,6.85714,,5.33333,45,0,0.1,13,23.0769,0,9.26635,31,,1500,1494,,0,0,0,4.66667
1613871608284,6,1010123456034,77,,1,0,12,1,2,,10.7391,851,182866,0.97504,242,0,6.16667,,0,0,0,0,0,0,0,0,0,,1500,1491,,0,0,0,0
1613871608534,6,1010123456034,77,,1,0,12,1,2,,10.9554,852,183772,1.02157,244,0,6.16667,,0,0,0,0,0,0,0,0,0,,1500,1476,,0,0,0,0
1613871608784,6,1010123456034,77,,1,0,12,1,2,,10.5096,834,184191,0.92928,236,0,6,,0,0,0,0,0,0,0,0,0,,1500,1464,,0,0,0,0
1613871609034,6,1010123456034,77,,1,0,12,1,2,,10.4338,853,184134,0.952704,244,0,6,,0.1,25,0,0.1,7,0,0,4.41326,31,,1500,1482,,0,0,0,2.6
1613871609284,6,1010123456034,77,,1,0,12,1,2,,11.0463,863,184230,1.03408,245,0,6.33333,,0,0,0,0,0,0,0,0,0,,1500,1491,,0,0,0,0
1613871609534,6,1010123456034,77,,1,0,12,1,2,,10.6965,860,183155,0.982176,245,0,6,,0,0,0,0,0,0,0,0,0,,1500,1491,,0,0,0,0
1613871609784,6,1010123456034,77,,1,0,12,1,2,,11.1645,857,183192,1.04166,244,0,6.33333,,0,0,0,0,0,0,0,0,0,,1500,1497,,0,0,0,0
1613871610034,6,1010123456034,77,,1,0,12,1,2,,12.2828,838,183657,1.20422,244,0,7,,14.619,84,0,0.20976,26,76.9231,0,6.42351,31,,1500,1497,,0,0,0,7.75
1613871610284,6,1010123456034,77,,1,0,12,1,2,,10.8349,854,183284,1.01344,246,0,6,,0,0,0,0,0,0,0,0,0,,1500,1488,,0,0,0,0
1613871610534,6,1010123456034,77,,1,0,12,1,2,,10.8331,839,183350,0.990496,241,0,6.16667,,0,0,0,0,0,0,0,0,0,,1500,1488,,0,0,0,0
1613871610784,6,1010123456034,77,,1,0,12,1,2,,10.9095,851,184180,1.01824,244,0,6.33333,,0,0,0,0,0,0,0,0,0,,1500,1485,,0,0,0,0
1613871611034,6,1010123456034,77,,1,0,12,1,2,,11.0233,859,184379,1.03245,246,0,6.28571,,6.26866,67,0,0.1,20,80,0,3.36319,31,,1500,1497,,0,0,0,8.16418
1613871611284,6,1010123456034,77,,1,0,12,1,2,,10.1528,851,183373,0.954048,244,0,5.66667,,0,0,0,0,0,0,0,0,0,,1500,1494,,0,0,0,0
1613871611534,6,1010123456034,77,,1,0,12,1,2,,8.96919,844,184393,0.805248,242,0,6,,0,0,0,0,0,0,0,0,0,,1500,1467,,0,0,0,0
1613871611784,6,1010123456034,77,,1,0,12,1,2,,9.74296,852,184259,0.907456,244,0,5.83333,,0,0,0,0,0,0,0,0,0,,1500,1488,,0,0,0,0
1613871612034,6,1010123456034,77,,1,0,12,1,2,,11.801,819,183357,1.11603,240,0,6.8,,15.3855,83,0,0.125792,28,85.7143,0,4.34037,31,,1500,1479,,0,0,0,8.59036
1613871612284,6,1010123456034,77,,1,0,12,1,2,,10.8121,857,183213,0.997248,244,0,6.16667,,0,0,0,0,0,0,0,0,0,,1500,1485,,0,0,0,0
1613871612534,6,1010123456034,77,,1,0,12,1,2,,10.1276,862,183226,0.948672,246,0,6,,0,0,0,0,0,0,0,0,0,,1500,1491,,0,0,0,0
1613871612784,6,1010123456034,77,,1,0,12,1,2,,10.6065,859,183751,0.9768,245,0,6,,0,0,0,0,0,0,0,0,0,,1500,1488,,0,0,0,0
1613871613034,6,1010123456034,77,,1,0,12,1,2,,10.5728,845,183218,0.95984,243,0,6.14286,,13.0769,26,0,0.1,8,50,0,13.5727,31,,1500,1476,,0,0,0,5.5
1613871613284,6,1010123456034,77,,1,0,12,1,2,,10.8326,854,183123,0.997984,243,0,6.16667,,0,12,0,0,4,100,0,0,0,,1500,1476,,0,0,0,0
1613871613534,6,1010123456034,77,,1,0,12,1,2,,10.8757,853,184159,1.0145,243,0,6.16667,,0,0,0,0,0,0,0,0,0,,1500,1494,,0,0,0,0
1613871613784,6,1010123456034,77,,1,0,12,1,2,,10.6401,828,184128,0.949344,235,0,6.33333,,0,0,0,0,0,0,0,0,0,,1500,1458,,0,0,0,0
1613871614034,6,1010123456034,77,,1,0,12,1,2,,10.7576,854,183946,1.00061,245,0,6.16667,,0.1,56,0,0.1,16,50,0,3.47869,31,,1500,1488,,0,0,0,5.67857
1613871614284,6,1010123456034,77,,1,0,12,1,2,,10.4704,861,183259,0.969312,247,0,6,,0,0,0,0,0,0,0,0,0,,1500,1491,,0,0,0,0
1613871614534,6,1010123456034,77,,1,0,12,1,2,,10.0571,841,183998,0.94352,241,0,5.83333,,0,0,0,0,0,0,0,0,0,,1500,1494,,0,0,0,0
1613871614784,6,1010123456034,77,,1,0,12,1,2,,10.3673,844,183664,0.94176,242,0,6.16667,,0,0,0,0,0,0,0,0,0,,1500,1482,,0,0,0,0
1613871615034,6,1010123456034,77,,1,0,12,1,2,,10.6912,829,183451,0.946336,237,0,6.16667,,11.4783,23,0,0.1,7,71.4286,0,9.82553,31,,1500,1470,,0,0,0,6.86957
1613871615284,6,1010123456034,77,,1,0,12,1,2,,10.6536,840,184197,0.976384,240,0,6,,0,3,0,0.1,1,0,0,0,31,,1500,1476,,0,0,0,0
1613871615534,6,1010123456034,77,,1,0,12,1,2,,9.46387,858,183209,0.882496,246,0,5.8,,0,0,0,0,0,0,0,0,0,,1500,1491,,0,0,0,0
1613871615784,6,1010123456034,77,,1,0,12,1,2,,11.8162,854,183413,1.13232,245,0,6.5,,0,0,0,0,0,0,0,0,0,,1500,1494,,0,0,0,0
1613871616034,6,1010123456034,77,,1,0,12,1,2,,10.6951,843,183846,0.982144,242,0,6.14286,,0.1,104,0,0.1,30,46.6667,0,1.63652,31,,1500,1482,,0,0,0,5.79808
1613871616284,6,1010123456034,77,,1,0,12,1,2,,11.9368,823,184061,1.12358,236,0,6.8,,0,0,0,0,0,0,0,0,0,,1500,1455,,0,0,0,0
1613871616534,6,1010123456034,77,,1,0,12,1,2,,10.643,860,184520,0.97936,245,0,6,,0,0,0,0,0,0,0,0,0,,1500,1500,,0,0,0,0
1613871616784,6,1010123456034,77,,1,0,12,1,2,,11.944,857,183691,1.15968,244,0,6.8,,0,0,0,0,0,0,0,0,0,,1500,1473,,0,0,0,0
1613871617034,6,1010123456034,77,,1,0,12,1,2,,9.5172,843,183234,0.867072,242,0,5.83333,,9.11667,60,0,0.1,18,72.2222,0,4.09186,31,,1500,1470,,0,0,0,7.75
1613871617284,6,1010123456034,77,,1,0,12,1,2,,10.8175,844,183590,0.983072,241,0,6.16667,,0,0,0,0,0,0,0,0,0,,1500,1479,,0,0,0,0
1613871617534,6,1010123456034,77,,1,0,12,1,2,,11.0679,839,183083,1.01194,239,0,6.2,,0,0,0,0,0,0,0,0,0,,1500,1479,,0,0,0,0
1613871617784,6,1010123456034,77,,1,0,12,1,2,,10.8183,864,184023,1.00998,246,0,6.2,,0,0,0,0,0,0,0,0,0,,1500,1500,,0,0,0,0
1613871618034,6,1010123456034,77,,1,0,12,1,2,,12.017,822,183882,1.18506,243,0,6.83333,,15.1364,88,0,0.186848,29,82.7586,0,4.15164,31,,1500,1491,,0,0,0,8.46591
1613871618284,6,1010123456034,77,,1,0,12,1,2,,11.0649,847,184378,1.02416,243,0,6.4,,0,0,0,0,0,0,0,0,0,,1500,1485,,0,0,0,0
1613871618534,6,1010123456034,77,,1,0,12,1,2,,11.2706,839,182942,1.1352,241,0,6.5,,0,0,0,0,0,0,0,0,0,,1500,1494,,0,0,0,0
1613871618784,6,1010123456034,77,,1,0,12,1,2,,11.059,847,183393,1.0239,243,0,6.33333,,0,0,0,0,0,0,0,0,0,,1500,1491,,0,0,0,0
1613871619034,6,1010123456034,77,,1,0,12,1,2,,10.4686,843,184308,0.965152,245,0,6,,4.88889,45,0,0.1,14,42.8571,0,5.64575,31,,1500,1488,,0,0,0,4.77778
1613871619284,6,1010123456034,77,,1,0,12,1,2,,10.5183,849,183837,0.966016,244,0,6,,0,0,0,0,0,0,0,0,0,,1500,1479,,0,0,0,0
1613871619534,6,1010123456034,77,,1,0,12,1,2,,10.6994,835,184428,0.972384,239,0,6.16667,,0,0,0,0,0,0,0,0,0,,1500,1467,,0,0,0,0
1613871619784,6,1010123456034,77,,1,0,12,1,2,,10.8167,851,184246,0.999232,244,0,6.2,,0,0,0,0,0,0,0,0,0,,1500,1491,,0,0,0,0
1613871620034,6,1010123456034,77,,1,0,12,1,2,,10.8121,846,184050,0.995936,243,0,6.28571,,4.73684,38,0,0.1,11,54.5455,0,8.22332,31,,1500,1494,,0,0,0,5.92105
1613871620284,6,1010123456034,77,,1,0,12,1,2,,10.3731,847,183209,0.98384,243,0,6,,0,0,0,0,0,0,0,0,0,,1500,1497,,0,0,0,0
1613871620534,6,1010123456034,77,,1,0,12,1,2,,10.7085,820,184220,0.967456,237,0,6.2,,0,0,0,0,0,0,0,0,0,,1500,1461,,0,0,0,0
1613871620784,6,1010123456034,77,,1,0,12,1,2,,11.0071,850,183135,1.02614,243,0,6.33333,,0,0,0,0,0,0,0,0,0,,1500,1494,,0,0,0,0
1613871621034,6,1010123456034,77,,1,0,12,1,2,,9.83549,851,184253,0.910432,243,0,5.85714,,4.71429,70,0,0.1,20,60,0,6.97521,31,,1500,1491,,0,0,0,7.17143
1613871621284,6,1010123456034,77,,1,0,12,1,2,,10.7485,855,184312,0.99584,244,0,6.16667,,0,0,0,0,0,0,0,0,0,,1500,1476,,0,0,0,0
1613871621534,6,1010123456034,77,,1,0,12,1,2,,10.6994,855,183131,0.983456,245,0,6,,0,0,0,0,0,0,0,0,0,,1500,1497,,0,0,0,0
1613871621784,6,1010123456034,77,,1,0,12,1,2,,10.6936,855,183390,0.986688,246,0,6,,0,0,0,0,0,0,0,0,0,,1500,1497,,0,0,0,0
1613871622034,6,1010123456034,77,,1,0,12,1,2,,11.7298,818,184228,1.14899,242,0,6.57143,,15.1184,76,0,0.18496,25,80,0,5.88177,31,,1500,1476,,0,0,0,7.86842
1613871622284,6,1010123456034,77,,1,0,12,1,2,,12.1506,863,183835,1.18701,246,0,6.83333,,0,0,0,0,0,0,0,0,0,,1500,1485,,0,0,0,0
1613871622534,6,1010123456034,77,,1,0,12,1,2,,10.9385,845,183800,1.00147,240,0,6.16667,,0,0,0,0,0,0,0,0,0,,1500,1491,,0,0,0,0
1613871622784,6,1010123456034,77,,1,0,12,1,2,,10.7124,852,183987,0.989152,243,0,6.16667,,0,0,0,0,0,0,0,0,0,,1500,1488,,0,0,0,0
1613871623034,6,1010123456034,77,,1,0,12,1,2,,10.8217,847,183641,1.01808,243,0,6.16667,,0.463918,97,0,0.1,27,48.1481,0,2.0968,31,,1500,1485,,0,0,0,6
1613871623284,6,1010123456034,77,,1,0,12,1,2,,10.403,866,183752,0.974912,248,0,6.33333,,0,0,0,0,0,0,0,0,0,,1500,1500,,0,0,0,0
1613871623534,6,1010123456034,77,,1,0,12,1,2,,12.4495,852,184019,1.2689,245,0,6.83333,,0,0,0,0,0,0,0,0,0,,1500,1500,,0,0,0,0
1613871623784,6,1010123456034,77,,1,0,12,1,2,,9.79388,849,183039,0.885536,241,0,5.66667,,0,0,0,0,0,0,0,0,0,,1500,1494,,0,0,0,0
1613871624034,6,1010123456034,77,,1,0,12,1,2,,10.9128,849,184399,0.999552,242,0,6.14286,,0.1,30,0,0.1,9,22.2222,0,1.06299,31,,1500,1470,,0,0,0,5.1
1613871624284,6,1010123456034,77,,1,0,12,1,2,,10.6732,866,184528,0.987232,247,0,6,,0,0,0,0,0,0,0,0,0,,1500,1500,,0,0,0,0
1613871624534,6,1010123456034,77,,1,0,12,1,2,,10.1853,869,184408,0.964608,248,0,5.83333,,0.1,8,0,0.1,2,50,0,0.1,31,,1500,1500,,0,0,0,8.5
1613871624784,6,1010123456034,77,,1,0,12,1,2,,9.76023,855,184316,0.896448,244,0,6.2,,0,0,0,0,0,0,0,0,0,,1500,1479,,0,0,0,0
1613871625034,6,1010123456034,77,,1,0,12,1,2,,10.4697,824,184061,0.957568,244,0,6,,0.1,52,0,0.1,16,31.25,0,2.93793,31,,1500,1485,,0,0,0,4.09615
1613871625284,6,1010123456034,77,,1,0,12,1,2,,10.6108,848,183466,0.962496,242,0,6,,0,0,0,0,0,0,0,0,0,,1500,1479,,0,0,0,0
1613871625534,6,1010123456034,77,,1,0,12,1,2,,10.3529,836,184144,0.924736,238,0,6,,0,0,0,0,0,0,0,0,0,,1500,1458,,0,0,0,0
1613871625784,6,1010123456034,77,,1,0,12,1,2,,11.0094,855,184396,1.03235,245,0,6.33333,,0,0,0,0,0,0,0,0,0,,1500,1488,,0,0,0,0
1613871626034,6,1010123456034,77,,1,0,12,1,2,,10.7727,836,183551,0.97536,240,0,6.16667,,0.1,13,0,0,4,100,0,0.306314,0,,1500,1473,,0,0,0,10
1613871626284,6,1010123456034,77,,1,0,12,1,2,,10.4958,841,183537,0.952896,242,0,6,,0.1,13,0,0.1,4,50,0,0.59585,31,,1500,1482,,0,0,0,5.69231
1613871626534,6,1010123456034,77,,1,0,12,1,2,,10.5464,862,184113,0.970688,246,0,6,,0.1,47,0,0.1,13,23.0769,0,1.01248,0,,1500,1494,,0,0,0,4.57447
1613871626784,6,1010123456034,77,,1,0,12,1,2,,10.7482,854,184031,0.999904,245,0,6.16667,,0,0,0,0,0,0,0,0,0,,1500,1494,,0,0,0,0
1613871627034,6,1010123456034,77,,1,0,12,1,2,,11.9877,812,183712,1.18621,237,0,6.71429,,12.1553,103,0,0.141632,33,72.7273,0,7.1927,31,,1500,1461,,0,0,0,7.32039
1613871627284,6,1010123456034,77,,1,0,12,1,2,,9.23967,847,183615,0.877344,243,0,5.5,,0.1,4,0,0.1,1,0,0,1.36784,31,,1500,1494,,0,0,0,2
1613871627534,6,1010123456034,77,,1,0,12,1,2,,10.3704,845,183261,0.944288,243,0,6.2,,0,0,0,0,0,0,0,0,0,,1500,1500,,0,0,0,0
1613871627784,6,1010123456034,77,,1,0,12,1,2,,10.752,855,183172,0.995232,245,0,6.16667,,0,0,0,0,0,0,0,0,0,,1500,1494,,0,0,0,0
1613871628034,6,1010123456034,77,,1,0,12,1,2,,10.4529,850,182900,0.9568,244,0,6,,4.0625,48,0,0.1,13,53.8462,0,3.54367,31,,1500,1476,,0,0,0,6.625
1613871628284,6,1010123456034,77,,1,0,12,1,2,,10.8379,833,183095,0.981408,239,0,6.33333,,0,0,0,0,0,0,0,0,0,,1500,1461,,0,0,0,0
1613871628534,6,1010123456034,77,,1,0,12,1,2,,12.5275,855,183585,1.24522,245,0,7,,0.1,4,0,0.1,1,0,0,16.6554,31,,1500,1491,,0,0,0,1
1613871628784,6,1010123456034,77,,1,0,12,1,2,,11.1551,851,183278,1.0688,244,0,6.33333,,0,0,0,0,0,0,0,0,0,,1500,1491,,0,0,0,0
1613871629034,6,1010123456034,77,,1,0,12,1,2,,10.6322,813,184524,0.965088,239,0,6.14286,,15.5217,23,0,0.1,6,66.6667,0,9.02168,31,,1500,1449,,0,0,0,7.26087
1613871629284,6,1010123456034,77,,1,0,12,1,2,,10.7065,845,183311,0.976768,240,0,6.16667,,0,0,0,0,0,0,0,0,0,,1500,1485,,0,0,0,0
1613871629534,6,1010123456034,77,,1,0,12,1,2,,10.9174,847,183009,1.00362,243,0,6.16667,,0.1,4,0,0.1,1,0,0,20.0018,31,,1500,1485,,0,0,0,1
1613871629784,6,1010123456034,77,,1,0,12,1,2,,10.569,840,184139,0.95824,241,0,6,,0,0,0,0,0,0,0,0,0,,1500,1473,,0,0,0,0
1613871630034,6,1010123456034,77,,1,0,12,1,2,,10.7653,852,184029,0.996992,244,0,6.14286,,0,12,0,0,4,100,0,0,0,,1500,1488,,0,0,0,0
1613871630284,6,1010123456034,77,,1,0,12,1,2,,10.8031,848,183949,0.99648,244,0,6.25,,6,21,0,0.1,6,66.6667,0,7.55397,31,,1500,1467,,0,0,0,7
1613871630534,6,1010123456034,77,,1,0,12,1,2,,10.7611,858,184035,0.994048,244,0,6.16667,,6.85714,42,0,0.1,11,72.7273,0,2.60631,31,,1500,1485,,0,0,0,8
1613871630784,6,1010123456034,77,,1,0,12,1,2,,10.6089,836,184093,0.945984,238,0,6,,0,0,0,0,0,0,0,0,0,,1500,1458,,0,0,0,0
1613871631034,6,1010123456034,77,,1,0,12,1,2,,13.7671,850,184338,1.4016,244,0,7,,3.46154,52,0,0.1,15,73.3333,0,4.02676,31,,1500,1479,,0,0,0,7.69231
1613871631284,6,1010123456034,77,,1,0,12,1,2,,10.7854,834,183288,0.98112,240,0,6.2,,0,0,0,0,0,0,0,0,0,,1500,1491,,0,0,0,0
1613871631534,6,1010123456034,77,,1,0,12,1,2,,8.91677,841,184210,0.826816,242,0,5.66667,,0,0,0,0,0,0,0,0,0,,1500,1488,,0,0,0,0
1613871631784,6,1010123456034,77,,1,0,12,1,2,,11.1111,855,182897,1.03632,245,0,6.33333,,0,0,0,0,0,0,0,0,0,,1500,1488,,0,0,0,0
1613871632034,6,1010123456034,77,,1,0,12,1,2,,10.533,848,183893,0.9624,243,0,6,,6.25581,43,0,0.1,12,33.3333,0,6.35569,31,,1500,1485,,0,0,0,5.02326
1613871632284,6,1010123456034,77,,1,0,12,1,2,,10.5484,837,183793,0.951168,240,0,6,,0,0,0,0,0,0,0,0,0,,1500,1488,,0,0,0,0
1613871632534,6,1010123456034,77,,1,0,12,1,2,,10.827,844,183664,0.99824,243,0,6.16667,,0,0,0,0,0,0,0,0,0,,1500,1476,,0,0,0,0
1613871632784,6,1010123456034,77,,1,0,12,1,2,,8.90773,867,183807,0.853472,247,0,5,,0,0,0,0,0,0,0,0,0,,1500,1494,,0,0,0,0
1613871633034,6,1010123456034,77,,1,0,12,1,2,,10.6749,849,183893,0.99536,245,0,6.14286,,0.1,33,0,0.1,9,22.2222,0,0.854569,31,,1500,1494,,0,0,0,3.81818
1613871633284,6,1010123456034,77,,1,0,12,1,2,,10.9831,828,183755,0.993152,236,0,6.33333,,0,0,0,0,0,0,0,0,0,,1500,1452,,0,0,0,0
1613871633534,6,1010123456034,77,,1,0,12,1,2,,9.45888,839,183627,0.859744,241,0,5.66667,,0,0,0,0,0,0,0,0,0,,1500,1479,,0,0,0,0
1613871633784,6,1010123456034,77,,1,0,12,1,2,,10.5504,854,183197,0.962528,243,0,6,,0,3,0,0.1,1,0,0,0,31,,1500,1497,,0,0,0,0
1613871634034,6,1010123456034,77,,1,0,12,1,2,,10.8155,851,183039,0.999936,244,0,6.16667,,7.63077,65,0,0.1,19,73.6842,0,5.17992,31,,1500,1491,,0,0,0,8.09231
1613871634284,6,1010123456034,77,,1,0,12,1,2,,10.4858,848,184143,0.956768,243,0,6,,15,4,0,0.1,1,0,0,22.5147,31,,1500,1482,,0,0,0,1
1613871634534,6,1010123456034,77,,1,0,12,1,2,,10.6321,840,183775,0.962176,240,0,6,,0,0,0,0,0,0,0,0,0,,1500,1494,,0,0,0,0
1613871634784,6,1010123456034,77,,1,0,12,1,2,,10.6052,851,184391,0.973568,244,0,6,,0,0,0,0,0,0,0,0,0,,1500,1494,,0,0,0,0
1613871635034,6,1010123456034,77,,1,0,12,1,2,,10.9217,830,183900,1.00909,242,0,6.28571,,8.65625,64,0,0.1,19,63.1579,0,5.10359,31,,1500,1494,,0,0,0,7.0625
1613871635284,6,1010123456034,77,,1,0,12,1,2,,9.41086,847,184193,0.897856,242,0,5.33333,,0,0,0,0,0,0,0,0,0,,1500,1494,,0,0,0,0
1613871635534,6,1010123456034,77,,1,0,12,1,2,,10.0213,846,183662,0.910208,240,0,6,,0,0,0,0,0,0,0,0,0,,1500,1485,,0,0,0,0
1613871635784,6,1010123456034,77,,1,0,12,1,2,,10.5868,847,182970,0.976736,243,0,6,,0,9,0,0.1,3,66.6667,0,0,31,,1500,1488,,0,0,0,0
1613871636034,6,1010123456034,77,,1,0,12,1,2,,9.49214,827,184518,0.850656,237,0,5.66667,,2.13333,45,0,0.1,13,53.8462,0,5.17125,31,,1500,1458,,0,0,0,6.33333
1613871636284,6,1010123456034,77,,1,0,12,1,2,,10.9855,827,183010,0.991168,238,0,6.2,,0,0,0,0,0,0,0,0,0,,1500,1497,,0,0,0,0
1613871636534,6,1010123456034,77,,1,0,12,1,2,,11.0176,850,183391,1.04125,245,0,6.33333,,0,0,0,0,0,0,0,0,0,,1500,1476,,0,0,0,0
1613871636784,6,1010123456034,77,,1,0,12,1,2,,12.6313,857,184192,1.28381,243,0,7,,0,0,0,0,0,0,0,0,0,,1500,1473,,0,0,0,0
1613871637034,6,1010123456034,77,,1,0,12,1,2,,11.1878,852,183905,1.04704,244,0,6.5,,0.1,33,0,0.1,9,11.1111,0,0.700391,31,,1500,1482,,0,0,0,3.48485
1613871637284,6,1010123456034,77,,1,0,12,1,2,,10.9378,852,184399,1.03094,245,0,6.16667,,0,0,0,0,0,0,0,0,0,,1500,1482,,0,0,0,0
1613871637534,6,1010123456034,77,,1,0,12,1,2,,10.7123,848,184633,0.987712,242,0,6.16667,,0,0,0,0,0,0,0,0,0,,1500,1482,,0,0,0,0
1613871637784,6,1010123456034,77,,1,0,12,1,2,,11.6054,811,184211,1.05382,232,0,6.6,,0,0,0,0,0,0,0,0,0,,1500,1401,,0,0,0,0
1613871638034,6,1010123456034,77,,1,0,12,1,2,,10.8395,841,184073,0.998624,241,0,6.33333,,0.1,48,0,0.1,13,30.7692,0,0.991779,31,,1500,1482,,0,0,0,5.10417
1613871638284,6,1010123456034,77,,1,0,12,1,2,,11.0351,855,184340,1.03286,245,0,6.2,,0,0,0,0,0,0,0,0,0,,1500,1494,,0,0,0,0
1613871638534,6,1010123456034,77,,1,0,12,1,2,,12.1733,831,184199,1.12611,239,0,7,,0,0,0,0,0,0,0,0,0,,1500,1488,,0,0,0,0
1613871638784,6,1010123456034,77,,1,0,12,1,2,,12.6126,844,183813,1.3392,242,0,6,,0,0,0,0,0,0,0,0,0,,1500,1482,,0,0,0,0
1613871639034,6,1010123456034,77,,1,0,12,1,2,,10.2583,817,183152,0.918752,235,0,6.14286,,0.1,34,0,0.1,10,20,0,0.736623,31,,1500,1428,,0,0,0,4.05882
1613871639284,6,1010123456034,77,,1,0,12,1,2,,10.6883,863,184486,1.00813,248,0,6,,0,0,0,0,0,0,0,0,0,,1500,1497,,0,0,0,0
1613871639534,6,1010123456034,77,,1,0,12,1,2,,10.9491,864,183689,1.01661,245,0,6.16667,,0,0,0,0,0,0,0,0,0,,1500,1491,,0,0,0,0
1613871639784,6,1010123456034,77,,1,0,12,1,2,,9.25384,847,183314,0.867648,242,0,5.83333,,0,0,0,0,0,0,0,0,0,,1500,1500,,0,0,0,0
1613871640034,6,1010123456034,77,,1,0,12,1,2,,10.9645,844,184086,1.01792,242,0,6.28571,,6.2069,29,0,0.1,9,44.4444,0,7.10719,31,,1500,1485,,0,0,0,4.93103
1613871640284,6,1010123456034,77,,1,0,12,1,2,,10.7275,855,184237,0.989888,244,0,6.16667,,0,0,0,0,0,0,0,0,0,,1500,1488,,0,0,0,0
1613871640534,6,1010123456034,77,,1,0,12,1,2,,11.1253,862,184096,1.04531,246,0,6.33333,,0,0,0,0,0,0,0,0,0,,1500,1500,,0,0,0,0
1613871640784,6,1010123456034,77,,1,0,12,1,2,,10.7843,853,184113,0.988896,243,0,6.16667,,0,0,0,0,0,0,0,0,0,,1500,1488,,0,0,0,0
1613871641034,6,1010123456034,77,,1,0,12,1,2,,11.3181,852,184325,1.08698,244,0,6.42857,,8,46,0,0.1,13,61.5385,0,3.34246,31,,1500,1494,,0,0,0,6.73913
1613871641284,6,1010123456034,77,,1,0,12,1,2,,10.5532,846,183858,0.961376,243,0,6,,0,0,0,0,0,0,0,0,0,,1500,1488,,0,0,0,0
1613871641534,6,1010123456034,77,,1,0,12,1,2,,10.6066,854,183192,0.970592,243,0,6,,0,0,0,0,0,0,0,0,0,,1500,1488,,0,0,0,0
1613871641784,6,1010123456034,77,,1,0,12,1,2,,9.93823,858,183579,0.956064,245,0,5.75,,0,0,0,0,0,0,0,0,0,,1500,1485,,0,0,0,0
1613871642034,6,1010123456034,77,,1,0,12,1,2,,9.5689,849,184193,0.86352,244,0,5.66667,,12.95,20,0,0.1,7,57.1429,0,13.0678,31,,1500,1497,,0,0,0,5.5
1613871642284,6,1010123456034,77,,1,0,12,1,2,,10.8279,854,183957,1.00211,244,0,6.16667,,0,0,0,0,0,0,0,0,0,,1500,1488,,0,0,0,0
1613871642534,6,1010123456034,77,,1,0,12,1,2,,10.4686,860,183375,0.967488,246,0,6,,0,0,0,0,0,0,0,0,0,,1500,1491,,0,0,0,0
1613871642784,6,1010123456034,77,,1,0,12,1,2,,10.4448,852,183020,0.957824,244,0,6,,0,0,0,0,0,0,0,0,0,,1500,1488,,0,0,0,0
1613871643034,6,1010123456034,77,,1,0,12,1,2,,11.2956,856,183463,1.06931,246,0,6.5,,15.6667,18,0,0.1,6,66.6667,0,10.0365,31,,1500,1497,,0,0,0,7
1613871643284,6,1010123456034,77,,1,0,12,1,2,,11.2668,847,184459,1.0616,243,0,6.33333,,0,0,0,0,0,0,0,0,0,,1500,1494,,0,0,0,0
1613871643534,6,1010123456034,77,,1,0,12,1,2,,10.7961,863,184095,1.01072,247,0,6.16667,,0,0,0,0,0,0,0,0,0,,1500,1488,,0,0,0,0
1613871643784,6,1010123456034,77,,1,0,12,1,2,,10.6584,852,183352,0.968032,243,0,6,,0,0,0,0,0,0,0,0,0,,1500,1485,,0,0,0,0
1613871644034,6,1010123456034,77,,1,0,12,1,2,,10.5177,846,184498,0.958272,242,0,6,,3.68421,38,0,0.1,11,9.09091,0,17.627,31,,1500,1479,,0,0,0,1.78947
1613871644284,6,1010123456034,77,,1,0,12,1,2,,10.9158,843,183930,1.01459,242,0,6.25,,0,0,0,0,0,0,0,0,0,,1500,1494,,0,0,0,0
1613871644534,6,1010123456034,77,,1,0,12,1,2,,11.2572,863,183902,1.08656,247,0,6.6,,0,0,0,0,0,0,0,0,0,,1500,1497,,0,0,0,0
1613871644784,6,1010123456034,77,,1,0,12,1,2,,10.9681,847,183373,1.01066,243,0,6.16667,,0,0,0,0,0,0,0,0,0,,1500,1500,,0,0,0,0
1613871645034,6,1010123456034,77,,1,0,12,1,2,,10.9626,855,183449,1.03482,246,0,6.33333,,10.4557,79,0,0.1,23,73.913,0,3.62562,31,,1500,1500,,0,0,0,7.96203
1613871645284,6,1010123456034,77,,1,0,12,1,2,,10.7995,863,183084,1.0103,246,0,6.16667,,0,0,0,0,0,0,0,0,0,,1500,1494,,0,0,0,0
1613871645534,6,1010123456034,77,,1,0,12,1,2,,11.1898,822,183771,1.02154,237,0,6.2,,0,0,0,0,0,0,0,0,0,,1500,1491,,0,0,0,0
1613871645784,6,1010123456034,77,,1,0,12,1,2,,11.3075,839,184205,1.07386,242,0,6.5,,0,0,0,0,0,0,0,0,0,,1500,1494,,0,0,0,0
1613871646034,6,1010123456034,77,,1,0,12,1,2,,9.18225,834,184266,0.853888,240,0,5.33333,,0.1,61,0,0.1,19,57.8947,0,0.745841,31,,1500,1464,,0,0,0,6.7377
1613871646284,6,1010123456034,77,,1,0,12,1,2,,12.3905,863,184125,1.23005,247,0,6.83333,,0,0,0,0,0,0,0,0,0,,1500,1500,,0,0,0,0
1613871646534,6,1010123456034,77,,1,0,12,1,2,,9.87919,836,184238,0.911552,240,0,5.83333,,0,0,0,0,0,0,0,0,0,,1500,1485,,0,0,0,0
1613871646784,6,1010123456034,77,,1,0,12,1,2,,9.84136,851,184009,0.89536,244,0,6,,0,0,0,0,0,0,0,0,0,,1500,1494,,0,0,0,0
1613871647034,6,1010123456034,77,,1,0,12,1,2,,10.8143,840,184086,0.987712,242,0,6.33333,,0.176471,34,0,0.1,10,20,0,6.54021,31,,1500,1497,,0,0,0,3.55882
1613871647284,6,1010123456034,77,,1,0,12,1,2,,11.0885,859,184085,1.04157,245,0,6.33333,,0,0,0,0,0,0,0,0,0,,1500,1488,,0,0,0,0
1613871647534,6,1010123456034,77,,1,0,12,1,2,,11.1911,853,184072,1.04304,243,0,6.2,,0,0,0,0,0,0,0,0,0,,1500,1485,,0,0,0,0
1613871647784,6,1010123456034,77,,1,0,12,1,2,,10.1285,856,184436,0.954688,244,0,5.8,,0,0,0,0,0,0,0,0,0,,1500,1500,,0,0,0,0
1613871648034,6,1010123456034,77,,1,0,12,1,2,,11.5018,835,184320,1.12374,247,0,6.42857,,3.2069,29,0,0.1,10,10,0,7.71012,31,,1500,1497,,0,0,0,3.17241
1613871648284,6,1010123456034,77,,1,0,12,1,2,,10.8021,849,184086,0.996832,243,0,6.33333,,0,9,0,0,3,100,0,0,0,,1500,1488,,0,0,0,0
1613871648534,6,1010123456034,77,,1,0,12,1,2,,10.8418,847,183757,1.00608,244,0,6.16667,,0,0,0,0,0,0,0,0,0,,1500,1497,,0,0,0,0
1613871648784,6,1010123456034,77,,1,0,12,1,2,,10.808,875,184275,1.0312,249,0,6.16667,,0,0,0,0,0,0,0,0,0,,1500,1497,,0,0,0,0
1613871649034,6,1010123456034,77,,1,0,12,1,2,,10.8872,842,183986,1.00221,241,0,6.28571,,0.1,94,0,0.1,27,44.4444,0,2.51662,31,,1500,1491,,0,0,0,5.45745
1613871649284,6,1010123456034,77,,1,0,12,1,2,,10.75,836,183360,0.96928,238,0,6.16667,,0,0,0,0,0,0,0,0,0,,1500,1482,,0,0,0,0
1613871649534,6,1010123456034,77,,1,0,12,1,2,,10.1468,790,184423,0.883168,229,0,5.83333,,0,0,0,0,0,0,0,0,0,,1500,1413,,0,0,0,0
1613871649784,6,1010123456034,77,,1,0,12,1,2,,10.6499,857,184414,0.978624,244,0,6.2,,0,0,0,0,0,0,0,0,0,,1500,1497,,0,0,0,0
1613871650034,6,1010123456034,77,,1,0,12,1,2,,16.4602,830,182676,1.83734,241,0,8.6,,15.1605,81,0,0.11456,24,83.3333,0,4.00978,31,,1500,1476,,0,0,0,8.66667
1613871650284,6,1010123456034,77,,1,0,12,1,2,,14.972,857,184177,1.63811,247,0,6.25,,0,0,0,0,0,0,0,0,0,,1500,1494,,0,0,0,0
1613871650534,6,1010123456034,77,,1,0,12,1,2,,10.4794,849,183697,0.959072,243,0,6,,0,0,0,0,0,0,0,0,0,,1500,1479,,0,0,0,0
1613871650784,6,1010123456034,77,,1,0,12,1,2,,11.0186,859,183982,1.02582,245,0,6.33333,,0,0,0,0,0,0,0,0,0,,1500,1482,,0,0,0,0
1613871651034,6,1010123456034,77,,1,0,12,1,2,,9.4905,842,183296,0.887872,243,0,5.85714,,5.9625,80,0,0.1,22,68.1818,0,4.93718,31,,1500,1479,,0,0,0,7.325
1613871651284,6,1010123456034,77,,1,0,12,1,2,,11.2608,859,184010,1.0681,246,0,6.5,,0,0,0,0,0,0,0,0,0,,1500,1494,,0,0,0,0
1613871651534,6,1010123456034,77,,1,0,12,1,2,,10.1945,838,184079,1.0391,240,0,6.16667,,0,0,0,0,0,0,0,0,0,,1500,1470,,0,0,0,0
1613871651784,6,1010123456034,77,,1,0,12,1,2,,12.158,842,183259,1.1968,240,0,6.83333,,0,0,0,0,0,0,0,0,0,,1500,1485,,0,0,0,0
1613871652034,6,1010123456034,77,,1,0,12,1,2,,10.7783,821,183389,0.994784,243,0,6.14286,,7.04348,46,0,0.1,14,35.7143,0,10.3808,31,,1500,1488,,0,0,0,4.43478
1613871652284,6,1010123456034,77,,1,0,12,1,2,,10.9826,860,183872,1.01622,245,0,6.33333,,0,0,0,0,0,0,0,0,0,,1500,1494,,0,0,0,0
1613871652534,6,1010123456034,77,,1,0,12,1,2,,11.1341,850,183853,1.04912,241,0,6.33333,,0,0,0,0,0,0,0,0,0,,1500,1485,,0,0,0,0
1613871652784,6,1010123456034,77,,1,0,12,1,2,,12.445,845,184282,1.20438,241,0,7,,0,0,0,0,0,0,0,0,0,,1500,1476,,0,0,0,0
1613871653034,6,1010123456034,77,,1,0,12,1,2,,12.4202,833,182996,1.23056,243,0,6.85714,,14.5849,53,0,0.14208,17,52.9412,0,13.1972,31,,1506,1497,,0,0,0,5.45283
1613871653284,6,1010123456034,77,,1,0,12,1,2,,9.94406,858,183419,0.935261,245,0,6,,0,0,0,0,0,0,0,0,0,,1494,1482,,0,0,0,0
1613871653534,6,1010123456034,77,,1,0,12,1,2,,10.5673,839,184506,0.9608,241,0,6,,0,0,0,0,0,0,0,0,0,,1500,1473,,0,0,0,0
1613871653784,6,1010123456034,77,,1,0,12,1,2,,10.961,847,184005,1.00938,243,0,6.16667,,0,0,0,0,0,0,0,0,0,,1500,1488,,0,0,0,0
1613871654034,6,1010123456034,77,,1,0,12,1,2,,11.239,820,184115,1.04006,240,0,6.33333,,14.3077,13,0,0.1,4,25,0,23.4607,31,,1500,1497,,0,0,0,3.30769
1613871654284,6,1010123456034,77,,1,0,12,1,2,,10.0578,847,183617,0.910336,240,0,6,,0,0,0,0,0,0,0,0,0,,1500,1482,,0,0,0,0
1613871654534,6,1010123456034,77,,1,0,12,1,2,,11.151,841,184105,1.03242,239,0,6.33333,,0,0,0,0,0,0,0,0,0,,1500,1482,,0,0,0,0
1613871654784,6,1010123456034,77,,1,0,12,1,2,,10.4882,850,183705,0.95936,244,0,6,,0,0,0,0,0,0,0,0,0,,1500,1491,,0,0,0,0
1613871655034,6,1010123456034,77,,1,0,12,1,2,,10.626,853,183829,0.991264,245,0,6.14286,,7.33929,56,0,0.1,17,70.5882,0,5.06049,31,,1500,1494,,0,0,0,7.33929
1613871655284,6,1010123456034,77,,1,0,12,1,2,,10.5195,847,183394,0.962272,243,0,6,,0,0,0,0,0,0,0,0,0,,1500,1485,,0,0,0,0
1613871655534,6,1010123456034,77,,1,0,12,1,2,,11.3497,855,183722,1.16243,246,0,6.66667,,0,0,0,0,0,0,0,0,0,,1500,1500,,0,0,0,0
1613871655784,6,1010123456034,77,,1,0,12,1,2,,10.8219,848,183827,0.995424,243,0,6,,0,0,0,0,0,0,0,0,0,,1500,1488,,0,0,0,0
1613871656034,6,1010123456034,77,,1,0,12,1,2,,10.9378,836,184334,1.02835,244,0,6.33333,,1.39344,61,0,0.1,19,31.5789,0,9.06907,31,,1500,1500,,0,0,0,3.78689
1613871656284,6,1010123456034,77,,1,0,12,1,2,,10.6643,852,183344,0.972672,244,0,6.16667,,0,0,0,0,0,0,0,0,0,,1500,1485,,0,0,0,0
1613871656534,6,1010123456034,77,,1,0,12,1,2,,11.0259,848,183699,1.02998,243,0,6.33333,,0,0,0,0,0,0,0,0,0,,1500,1485,,0,0,0,0
1613871656784,6,1010123456034,77,,1,0,12,1,2,,10.9138,847,183215,1.01552,243,0,6.16667,,0,0,0,0,0,0,0,0,0,,1500,1500,,0,0,0,0
1613871657034,6,1010123456034,77,,1,0,12,1,2,,10.4111,849,182930,0.957344,245,0,6,,13,14,0,0,4,100,0,1.40909,0,,1500,1485,,0,0,0,10
1613871657284,6,1010123456034,77,,1,0,12,1,2,,10.8308,863,183699,1.01744,247,0,6.16667,,4.28571,7,0,0.1,2,50,0,12.0458,31,,1500,1497,,0,0,0,4.85714
1613871657534,6,1010123456034,77,,1,0,12,1,2,,11.1653,859,183148,1.0544,246,0,6.5,,6.80851,47,0,0.1,15,73.3333,0,5.094,31,,1500,1494,,0,0,0,7.19149
1613871657784,6,1010123456034,77,,1,0,12,1,2,,10.8712,854,184056,1.01712,245,0,6.16667,,0,0,0,0,0,0,0,0,0,,1500,1500,,0,0,0,0
1613871658034,6,1010123456034,77,,1,0,12,1,2,,11.0012,849,184384,1.03142,244,0,6.33333,,1.55172,29,0,0.1,8,0,0,5.82739,31,,1500,1494,,0,0,0,1.82759
1613871658284,6,1010123456034,77,,1,0,12,1,2,,10.2828,838,184177,0.956384,241,0,6.16667,,0,0,0,0,0,0,0,0,0,,1500,1473,,0,0,0,0
1613871658534,6,1010123456034,77,,1,0,12,1,2,,10.8631,840,184261,0.999232,242,0,6.16667,,0,0,0,0,0,0,0,0,0,,1500,1491,,0,0,0,0
1613871658784,6,1010123456034,77,,1,0,12,1,2,,10.8135,831,183069,0.973024,239,0,6.16667,,0,0,0,0,0,0,0,0,0,,1500,1494,,0,0,0,0
1613871659034,6,1010123456034,77,,1,0,12,1,2,,10.8243,848,184448,1.00195,243,0,6.16667,,15,16,0,0,4,100,0,0.682756,0,,1500,1491,,0,0,0,10
1613871659284,6,1010123456034,77,,1,0,12,1,2,,10.8436,812,183507,1.02714,232,0,6.6,,0.1,7,0,0.1,2,0,0,0.924197,31,,1500,1425,,0,0,0,2
1613871659534,6,1010123456034,77,,1,0,12,1,2,,10.7795,848,183720,0.983392,241,0,6.16667,,0,3,0,0.1,1,0,0,0,31,,1500,1491,,0,0,0,0
1613871659784,6,1010123456034,77,,1,0,12,1,2,,10.8973,847,183380,1.00541,243,0,6.25,,0,0,0,0,0,0,0,0,0,,1500,1494,,0,0,0,0
1613871660034,6,1010123456034,77,,1,0,12,1,2,,12.528,858,184351,1.28163,247,0,7,,6.5625,32,0,0.1,9,44.4444,0,4.7788,31,,1500,1494,,0,0,0,5.21875
1613871660284,6,1010123456034,77,,1,0,12,1,2,,12.1871,850,183734,1.24934,242,0,6.83333,,0,0,0,0,0,0,0,0,0,,1500,1491,,0,0,0,0
1613871660534,6,1010123456034,77,,1,0,12,1,2,,13.7509,855,183397,1.40931,245,0,7,,0,0,0,0,0,0,0,0,0,,1500,1500,,0,0,0,0
1613871660784,6,1010123456034,77,,1,0,12,1,2,,9.46154,832,183287,0.956544,238,0,5.33333,,0,0,0,0,0,0,0,0,0,,1500,1476,,0,0,0,0
1613871661034,6,1010123456034,77,,1,0,12,1,2,,10.7554,838,183344,0.997728,243,0,6.28571,,0.1,46,0,0.1,13,46.1538,0,0.911416,31,,1500,1491,,0,0,0,5.86957
1613871661284,6,1010123456034,77,,1,0,12,1,2,,11.1974,856,184440,1.05379,243,0,6.33333,,0,0,0,0,0,0,0,0,0,,1500,1485,,0,0,0,0
1613871661534,6,1010123456034,77,,1,0,12,1,2,,10.8689,847,184123,1.00477,243,0,6.16667,,0,0,0,0,0,0,0,0,0,,1500,1494,,0,0,0,0
1613871661784,6,1010123456034,77,,1,0,12,1,2,,10.1326,852,184087,0.946112,244,0,6,,0,0,0,0,0,0,0,0,0,,1500,1485,,0,0,0,0
1613871662034,6,1010123456034,77,,1,0,12,1,2,,10.8327,819,184425,0.988384,239,0,6.14286,,4.68085,47,0,0.1,14,35.7143,0,8.82047,31,,1500,1470,,0,0,0,4.29787
1613871662284,6,1010123456034,77,,1,0,12,1,2,,11.7131,854,183175,1.12762,244,0,6.83333,,0,0,0,0,0,0,0,0,0,,1500,1476,,0,0,0,0
1613871662534,6,1010123456034,77,,1,0,12,1,2,,10.9273,853,183992,1.01971,244,0,6.16667,,0,0,0,0,0,0,0,0,0,,1500,1482,,0,0,0,0
1613871662784,6,1010123456034,77,,1,0,12,1,2,,10.6403,834,183490,0.964448,239,0,6.16667,,0,0,0,0,0,0,0,0,0,,1500,1470,,0,0,0,0
1613871663034,6,1010123456034,77,,1,0,12,1,2,,10.8979,862,184298,1.01178,246,0,6.16667,,5.41463,41,0,0.1,12,33.3333,0,6.72215,31,,1500,1497,,0,0,0,4.31707
1613871663284,6,1010123456034,77,,1,0,12,1,2,,10.6917,853,183287,0.982688,243,0,6.2,,0,0,0,0,0,0,0,0,0,,1500,1485,,0,0,0,0
1613871663534,6,1010123456034,77,,1,0,12,1,2,,11.494,840,183233,1.08957,241,0,6.66667,,0,0,0,0,0,0,0,0,0,,1500,1467,,0,0,0,0
1613871663784,6,1010123456034,77,,1,0,12,1,2,,10.6345,859,183606,0.982208,246,0,6,,0,0,0,0,0,0,0,0,0,,1500,1491,,0,0,0,0
1613871664034,6,1010123456034,77,,1,0,12,1,2,,10.4681,846,183309,0.95664,243,0,6,,2.6,80,0,0.1,22,50,0,3.62155,31,,1500,1497,,0,0,0,6.35
1613871664284,6,1010123456034,77,,1,0,12,1,2,,10.7133,851,183368,0.991616,244,0,6.16667,,0,0,0,0,0,0,0,0,0,,1500,1491,,0,0,0,0
1613871664534,6,1010123456034,77,,1,0,12,1,2,,12.4613,852,183710,1.25466,244,0,7.2,,0,0,0,0,0,0,0,0,0,,1500,1488,,0,0,0,0
1613871664784,6,1010123456034,77,,1,0,12,1,2,,12.5401,861,183226,1.24909,246,0,7,,0,0,0,0,0,0,0,0,0,,1500,1497,,0,0,0,0
1613871665034,6,1010123456034,77,,1,0,12,1,2,,12.0814,835,183720,1.16115,242,0,6.66667,,6.2069,29,0,0.1,9,44.4444,0,5.96687,31,,1500,1485,,0,0,0,5.2069
1613871665284,6,1010123456034,77,,1,0,12,1,2,,9.90369,841,183423,0.906816,240,0,6,,0,0,0,0,0,0,0,0,0,,1500,1494,,0,0,0,0
1613871665534,6,1010123456034,77,,1,0,12,1,2,,13.9395,860,184010,1.44419,247,0,7.2,,0,0,0,0,0,0,0,0,0,,1500,1488,,0,0,0,0
1613871665784,6,1010123456034,77,,1,0,12,1,2,,11.0428,864,183927,1.0456,247,0,6.33333,,0.1,4,0,0.1,1,0,0,19.843,31,,1500,1485,,0,0,0,1
1613871666034,6,1010123456034,77,,1,0,12,1,2,,10.9607,840,183610,1.00346,242,0,6.14286,,0,12,0,0,4,100,0,0,0,,1500,1491,,0,0,0,0
1613871666284,6,1010123456034,77,,1,0,12,1,2,,10.6039,861,184046,0.979776,246,0,6,,5.14286,7,0,0.1,2,50,0,8.38621,31,,1500,1494,,0,0,0,6.14286
1613871666534,6,1010123456034,77,,1,0,12,1,2,,11.0267,860,184118,1.04224,246,0,6.4,,6.63158,38,0,0.1,10,70,0,2.92142,0,,1500,1500,,0,0,0,8.1579
1613871666784,6,1010123456034,77,,1,0,12,1,2,,10.8795,855,183544,1.01226,245,0,6.16667,,0,0,0,0,0,0,0,0,0,,1500,1500,,0,0,0,0
1613871667034,6,1010123456034,77,,1,0,12,1,2,,11.0215,839,183876,1.03078,244,0,6.28571,,8.45455,44,0,0.1,13,61.5385,0,5.35992,31,,1500,1494,,0,0,0,6.72727
1613871667284,6,1010123456034,77,,1,0,12,1,2,,10.5933,863,184230,0.982624,247,0,6,,0,0,0,0,0,0,0,0,0,,1500,1491,,0,0,0,0
1613871667534,6,1010123456034,77,,1,0,12,1,2,,11.2456,855,183623,1.06365,245,0,6.5,,0,0,0,0,0,0,0,0,0,,1500,1488,,0,0,0,0
1613871667784,6,1010123456034,77,,1,0,12,1,2,,10.5762,840,183290,0.956832,241,0,6,,0,0,0,0,0,0,0,0,0,,1500,1485,,0,0,0,0
1613871668034,6,1010123456034,77,,1,0,12,1,2,,10.4827,837,183158,0.950304,241,0,6,,15,13,0,0,4,100,0,1.30871,0,,1500,1479,,0,0,0,10
1613871668284,6,1010123456034,77,,1,0,12,1,2,,10.5635,843,184195,0.961344,242,0,6,,3.85714,7,0,0.1,2,50,0,10.7295,31,,1500,1482,,0,0,0,4.85714
1613871668534,6,1010123456034,77,,1,0,12,1,2,,10.6387,847,183415,0.971232,243,0,6,,5.90625,32,0,0.1,10,70,0,4.02155,0,,1500,1500,,0,0,0,7.75
1613871668784,6,1010123456034,77,,1,0,12,1,2,,12.6851,851,183768,1.26272,244,0,7.16667,,0,0,0,0,0,0,0,0,0,,1500,1488,,0,0,0,0
1613871669034,6,1010123456034,77,,1,0,12,1,2,,10.7197,817,184376,0.973952,240,0,6.14286,,1.11628,43,0,0.1,13,46.1538,0,4.48935,31,,1500,1476,,0,0,0,5.90698
1613871669284,6,1010123456034,77,,1,0,12,1,2,,10.5432,845,183657,0.965984,243,0,6.16667,,0,0,0,0,0,0,0,0,0,,1500,1494,,0,0,0,0
1613871669534,6,1010123456034,77,,1,0,12,1,2,,10.7012,840,184331,0.978976,241,0,6,,0,0,0,0,0,0,0,0,0,,1500,1470,,0,0,0,0
1613871669784,6,1010123456034,77,,1,0,12,1,2,,8.78107,845,183840,0.824544,243,0,4.33333,,0,0,0,0,0,0,0,0,0,,1500,1497,,0,0,0,0
1613871670034,6,1010123456034,77,,1,0,12,1,2,,12.0606,825,183333,1.19642,244,0,6.83333,,15.0278,72,0,0.215392,24,75,0,5.95657,31,,1500,1494,,0,0,0,7.625
1613871670284,6,1010123456034,77,,1,0,12,1,2,,10.6021,857,184013,0.971392,244,0,6,,0,0,0,0,0,0,0,0,0,,1500,1488,,0,0,0,0
1613871670534,6,1010123456034,77,,1,0,12,1,2,,10.5871,850,183751,0.955712,242,0,6,,0,0,0,0,0,0,0,0,0,,1500,1482,,0,0,0,0
1613871670784,6,1010123456034,77,,1,0,12,1,2,,11.4687,847,183843,1.07907,241,0,6.6,,0,0,0,0,0,0,0,0,0,,1500,1494,,0,0,0,0
1613871671034,6,1010123456034,77,,1,0,12,1,2,,10.7882,845,184236,0.991136,241,0,6.16667,,0.1,46,0,0.1,13,15.3846,0,3.78616,31,,1500,1485,,0,0,0,3.67391
1613871671284,6,1010123456034,77,,1,0,12,1,2,,10.8284,851,184017,1.00176,245,0,6.16667,,0,0,0,0,0,0,0,0,0,,1500,1485,,0,0,0,0
1613871671534,6,1010123456034,77,,1,0,12,1,2,,10.4965,858,183323,0.967328,245,0,6,,0,0,0,0,0,0,0,0,0,,1500,1491,,0,0,0,0
1613871671784,6,1010123456034,77,,1,0,12,1,2,,11.1328,851,183450,1.03053,244,0,6.33333,,0,0,0,0,0,0,0,0,0,,1500,1482,,0,0,0,0
1613871672034,6,1010123456034,77,,1,0,12,1,2,,10.8813,851,184254,1.0231,244,0,6.16667,,0.1,68,0,0.1,19,26.3158,0,0.755949,31,,1500,1494,,0,0,0,4.95588
1613871672284,6,1010123456034,77,,1,0,12,1,2,,10.7739,867,183778,1.00826,248,0,6.2,,0,0,0,0,0,0,0,0,0,,1500,1491,,0,0,0,0
1613871672534,6,1010123456034,77,,1,0,12,1,2,,10.5498,853,183062,0.970784,245,0,6,,0,0,0,0,0,0,0,0,0,,1500,1497,,0,0,0,0
1613871672784,6,1010123456034,77,,1,0,12,1,2,,10.5912,839,184120,0.959264,241,0,6,,0,0,0,0,0,0,0,0,0,,1500,1479,,0,0,0,0
1613871673034,6,1010123456034,77,,1,0,12,1,2,,11.1911,827,184376,1.03834,240,0,6.42857,,5.45455,33,0,0.1,10,40,0,8.84571,31,,1500,1485,,0,0,0,4.69697
1613871673284,6,1010123456034,77,,1,0,12,1,2,,10.8417,834,183366,0.9776,238,0,6.16667,,0,0,0,0,0,0,0,0,0,,1500,1467,,0,0,0,0
1613871673534,6,1010123456034,77,,1,0,12,1,2,,10.6425,856,184150,0.967136,243,0,6,,0,0,0,0,0,0,0,0,0,,1500,1470,,0,0,0,0
1613871673784,6,1010123456034,77,,1,0,12,1,2,,11.0335,866,184239,1.04182,247,0,6.33333,,0,0,0,0,0,0,0,0,0,,1500,1494,,0,0,0,0
1613871674034,6,1010123456034,77,,1,0,12,1,2,,10.7411,838,184424,0.990176,243,0,6.14286,,14.549,51,0,0.1,16,81.25,0,4.00337,31,,1500,1497,,0,0,0,8.62745
1613871674284,6,1010123456034,77,,1,0,12,1,2,,9.42772,837,183161,0.846336,239,0,5.66667,,0,0,0,0,0,0,0,0,0,,1500,1479,,0,0,0,0
1613871674534,6,1010123456034,77,,1,0,12,1,2,,10.3922,849,184219,0.978912,245,0,6,,0,0,0,0,0,0,0,0,0,,1500,1488,,0,0,0,0
1613871674784,6,1010123456034,77,,1,0,12,1,2,,10.5035,854,183371,0.957888,242,0,6.16667,,0,0,0,0,0,0,0,0,0,,1500,1485,,0,0,0,0
1613871675034,6,1010123456034,77,,1,0,12,1,2,,10.767,824,184202,0.966688,237,0,6.14286,,5.11628,86,0,0.1,25,56,0,4.39295,31,,1500,1479,,0,0,0,6.37209
1613871675284,6,1010123456034,77,,1,0,12,1,2,,10.6901,855,184505,0.989376,246,0,6,,0,0,0,0,0,0,0,0,0,,1500,1497,,0,0,0,0
1613871675534,6,1010123456034,77,,1,0,12,1,2,,10.8318,856,184215,0.998656,244,0,6.16667,,0,0,0,0,0,0,0,0,0,,1500,1494,,0,0,0,0
1613871675784,6,1010123456034,77,,1,0,12,1,2,,10.8648,858,183829,1.00483,245,0,6.16667,,0,0,0,0,0,0,0,0,0,,1500,1497,,0,0,0,0
1613871676034,6,1010123456034,77,,1,0,12,1,2,,11.1708,837,183167,1.06003,244,0,6.42857,,0.1,28,0,0.1,9,11.1111,0,4.02553,31,,1500,1485,,0,0,0,3.75
1613871676284,6,1010123456034,77,,1,0,12,1,2,,11.0724,843,183869,1.02173,241,0,6.4,,0,0,0,0,0,0,0,0,0,,1500,1470,,0,0,0,0
1613871676534,6,1010123456034,77,,1,0,12,1,2,,10.8743,851,183486,1.0121,244,0,6.16667,,0,0,0,0,0,0,0,0,0,,1500,1485,,0,0,0,0
1613871676784,6,1010123456034,77,,1,0,12,1,2,,11.1807,852,183063,1.0487,244,0,6.5,,0,0,0,0,0,0,0,0,0,,1500,1488,,0,0,0,0
1613871677034,6,1010123456034,77,,1,0,12,1,2,,11.1968,818,183891,1.02403,235,0,6.33333,,2.07407,27,0,0.1,8,12.5,0,10.2705,31,,1500,1440,,0,0,0,3.11111
1613871677284,6,1010123456034,77,,1,0,12,1,2,,10.7924,843,183977,0.995552,243,0,6.2,,0,0,0,0,0,0,0,0,0,,1500,1479,,0,0,0,0
1613871677534,6,1010123456034,77,,1,0,12,1,2,,8.88019,843,183363,0.823712,241,0,5.16667,,0,0,0,0,0,0,0,0,0,,1500,1494,,0,0,0,0
1613871677784,6,1010123456034,77,,1,0,12,1,2,,10.1361,852,183459,0.945344,244,0,6,,0,0,0,0,0,0,0,0,0,,1500,1476,,0,0,0,0
1613871678034,6,1010123456034,77,,1,0,12,1,2,,10.7573,824,183941,0.9792,240,0,6.16667,,0,11,0,0,4,100,0,0,0,,1500,1464,,0,0,0,0
1613871678284,6,1010123456034,77,,1,0,12,1,2,,10.53,851,183314,0.966016,244,0,6,,0.1,7,0,0.1,2,0,0,1.13859,31,,1500,1497,,0,0,0,1.42857
1613871678534,6,1010123456034,77,,1,0,12,1,2,,10.8897,843,184317,1.00461,242,0,6.33333,,0,0,0,0,0,0,0,0,0,,1500,1485,,0,0,0,0
1613871678784,6,1010123456034,77,,1,0,12,1,2,,10.7476,844,184358,0.999264,243,0,6,,0,0,0,0,0,0,0,0,0,,1500,1485,,0,0,0,0
1613871679034,6,1010123456034,77,,1,0,12,1,2,,11.0921,847,182960,1.02333,243,0,6.5,,7.27273,33,0,0.1,10,50,0,5.47281,31,,1500,1482,,0,0,0,6.54545
1613871679284,6,1010123456034,77,,1,0,12,1,2,,11.2477,860,183361,1.08688,245,0,6.4,,0,0,0,0,0,0,0,0,0,,1500,1497,,0,0,0,0
1613871679534,6,1010123456034,77,,1,0,12,1,2,,10.9143,863,183904,1.03098,246,0,6.16667,,0,0,0,0,0,0,0,0,0,,1500,1500,,0,0,0,0
1613871679784,6,1010123456034,77,,1,0,12,1,2,,10.903,866,183253,1.01418,247,0,6.16667,,0,0,0,0,0,0,0,0,0,,1500,1494,,0,0,0,0
1613871680034,6,1010123456034,77,,1,0,12,1,2,,9.99647,851,183874,0.928992,244,0,6,,5,36,0,0.1,11,54.5455,0,6.02193,31,,1500,1482,,0,0,0,5.69444
1613871680284,6,1010123456034,77,,1,0,12,1,2,,10.901,859,183204,1.01651,246,0,6.2,,0,0,0,0,0,0,0,0,0,,1500,1491,,0,0,0,0
1613871680534,6,1010123456034,77,,1,0,12,1,2,,9.90105,859,183590,0.932416,246,0,6,,0,0,0,0,0,0,0,0,0,,1500,1497,,0,0,0,0
1613871680784,6,1010123456034,77,,1,0,12,1,2,,10.8749,847,183252,1.01091,243,0,6.16667,,0,0,0,0,0,0,0,0,0,,1500,1485,,0,0,0,0
1613871681034,6,1010123456034,77,,1,0,12,1,2,,11.9093,816,184267,1.15014,242,0,7,,15.3735,83,0,0.127136,28,85.7143,0,3.86555,31,,1500,1476,,0,0,0,8.6988
1613871681284,6,1010123456034,77,,1,0,12,1,2,,10.6883,847,183185,0.97744,241,0,6,,0,0,0,0,0,0,0,0,0,,1500,1494,,0,0,0,0
1613871681534,6,1010123456034,77,,1,0,12,1,2,,10.7444,849,183583,0.980576,243,0,6,,0,0,0,0,0,0,0,0,0,,1500,1494,,0,0,0,0
1613871681784,6,1010123456034,77,,1,0,12,1,2,,11.0783,868,183353,1.04448,248,0,6.2,,0,0,0,0,0,0,0,0,0,,1500,1497,,0,0,0,0
1613871682034,6,1010123456034,77,,1,0,12,1,2,,11.0335,837,184042,1.02646,241,0,6.33333,,14.15,80,0,0.1,25,80,0,4.11419,31,,1500,1488,,0,0,0,8.2625
1613871682284,6,1010123456034,77,,1,0,12,1,2,,10.8007,868,183376,1.01568,248,0,6.16667,,0,0,0,0,0,0,0,0,0,,1500,1494,,0,0,0,0
1613871682534,6,1010123456034,77,,1,0,12,1,2,,10.9133,854,184444,1.00579,243,0,6.16667,,0,0,0,0,0,0,0,0,0,,1500,1494,,0,0,0,0
1613871682784,6,1010123456034,77,,1,0,12,1,2,,10.5892,869,183256,0.986624,248,0,6,,0,0,0,0,0,0,0,0,0,,1500,1500,,0,0,0,0
1613871683034,6,1010123456034,77,,1,0,12,1,2,,10.853,830,183608,0.981472,239,0,6.14286,,5.94286,35,0,0.1,11,45.4545,0,3.38847,31,,1500,1485,,0,0,0,5.54286
1613871683284,6,1010123456034,77,,1,0,12,1,2,,10.5006,847,183599,0.952608,241,0,6,,0,0,0,0,0,0,0,0,0,,1500,1470,,0,0,0,0
1613871683534,6,1010123456034,77,,1,0,12,1,2,,11.9595,865,183703,1.17594,248,0,6.66667,,0,0,0,0,0,0,0,0,0,,1500,1482,,0,0,0,0
1613871683784,6,1010123456034,77,,1,0,12,1,2,,12.1241,854,183718,1.16832,242,0,7,,0,0,0,0,0,0,0,0,0,,1500,1488,,0,0,0,0
1613871684034,6,1010123456034,77,,1,0,12,1,2,,11.9044,847,184201,1.17862,244,0,6.5,,9.72308,65,0,0.143392,18,44.4444,0,9.23602,31,,1500,1485,,0,0,0,5.55385
1613871684284,6,1010123456034,77,,1,0,12,1,2,,9.70868,841,184471,0.883424,239,0,6.25,,0,0,0,0,0,0,0,0,0,,1500,1485,,0,0,0,0
1613871684534,6,1010123456034,77,,1,0,12,1,2,,10.0527,854,183554,0.92576,244,0,6,,0,0,0,0,0,0,0,0,0,,1500,1482,,0,0,0,0
1613871684784,6,1010123456034,77,,1,0,12,1,2,,10.6217,859,184174,0.981504,244,0,6,,0,0,0,0,0,0,0,0,0,,1500,1482,,0,0,0,0
1613871685034,6,1010123456034,77,,1,0,12,1,2,,10.9604,833,183403,1.02349,244,0,6.28571,,0.425532,47,0,0.1,14,14.2857,0,10.5756,31,,1500,1479,,0,0,0,2.68085
1613871685284,6,1010123456034,77,,1,0,12,1,2,,10.7111,855,183783,0.976352,243,0,6,,0,0,0,0,0,0,0,0,0,,1500,1494,,0,0,0,0
1613871685534,6,1010123456034,77,,1,0,12,1,2,,11.3024,840,183799,1.04138,239,0,6.5,,0,0,0,0,0,0,0,0,0,,1500,1473,,0,0,0,0
1613871685784,6,1010123456034,77,,1,0,12,1,2,,10.759,834,183243,0.976128,240,0,6.16667,,0,0,0,0,0,0,0,0,0,,1500,1461,,0,0,0,0
1613871686034,6,1010123456034,77,,1,0,12,1,2,,10.9001,841,183073,0.984512,238,0,6.2,,15,14,0,0,4,100,0,0.590357,0,,1500,1488,,0,0,0,10
1613871686284,6,1010123456034,77,,1,0,12,1,2,,11.4882,844,184178,1.11539,244,0,6.5,,6.54545,22,0,0.1,6,66.6667,0,7.69591,31,,1500,1488,,0,0,0,7.54545
1613871686534,6,1010123456034,77,,1,0,12,1,2,,10.7733,860,184238,0.982496,243,0,6.16667,,6.85714,42,0,0.1,11,72.7273,0,2.71531,31,,1500,1473,,0,0,0,7.85714
1613871686784,6,1010123456034,77,,1,0,12,1,2,,11.24,850,183933,1.04634,242,0,6.5,,0,0,0,0,0,0,0,0,0,,1500,1488,,0,0,0,0
1613871687034,6,1010123456034,77,,1,0,12,1,2,,10.8463,859,183575,1.0129,245,0,6.2,,6.79245,53,0,0.1,15,66.6667,0,2.54794,31,,1500,1497,,0,0,0,8.13208
1613871687284,6,1010123456034,77,,1,0,12,1,2,,14.0167,839,184039,1.41296,239,0,7.4,,0,0,0,0,0,0,0,0,0,,1500,1473,,0,0,0,0
1613871687534,6,1010123456034,77,,1,0,12,1,2,,12.1435,850,183466,1.2696,243,0,6.33333,,0,0,0,0,0,0,0,0,0,,1500,1491,,0,0,0,0
1613871687784,6,1010123456034,77,,1,0,12,1,2,,11.4335,842,183720,1.07517,239,0,6.66667,,0,0,0,0,0,0,0,0,0,,1500,1473,,0,0,0,0
1613871688034,6,1010123456034,77,,1,0,12,1,2,,10.7227,844,183575,1.01798,244,0,6.14286,,1.21622,37,0,0.1,10,10,0,6.19297,31,,1500,1473,,0,0,0,3.48649
1613871688284,6,1010123456034,77,,1,0,12,1,2,,9.78496,851,183570,0.93888,244,0,6.16667,,0,0,0,0,0,0,0,0,0,,1500,1494,,0,0,0,0
1613871688534,6,1010123456034,77,,1,0,12,1,2,,10.6724,867,183562,0.991872,248,0,6,,0,0,0,0,0,0,0,0,0,,1500,1497,,0,0,0,0
1613871688784,6,1010123456034,77,,1,0,12,1,2,,10.8281,832,183879,0.985184,239,0,6.16667,,0,0,0,0,0,0,0,0,0,,1500,1494,,0,0,0,0
1613871689034,6,1010123456034,77,,1,0,12,1,2,,11.281,847,183108,1.0664,245,0,6.57143,,15.8696,23,0,0.1,6,66.6667,0,14.2905,31,,1500,1500,,0,0,0,7.26087
1613871689284,6,1010123456034,77,,1,0,12,1,2,,11.0211,855,183369,1.02906,244,0,6.33333,,0,0,0,0,0,0,0,0,0,,1500,1488,,0,0,0,0
1613871689534,6,1010123456034,77,,1,0,12,1,2,,10.9288,857,184184,1.02182,244,0,6,,0,0,0,0,0,0,0,0,0,,1500,1491,,0,0,0,0
1613871689784,6,1010123456034,77,,1,0,12,1,2,,10.719,854,183230,0.977888,243,0,6,,0,0,0,0,0,0,0,0,0,,1500,1488,,0,0,0,0
1613871690034,6,1010123456034,77,,1,0,12,1,2,,10.7469,806,183349,0.984512,242,0,6.33333,,12.9125,80,0,0.15184,24,62.5,0,6.10551,31,,1500,1476,,0,0,0,7.0375
1613871690284,6,1010123456034,77,,1,0,12,1,2,,10.7986,859,184361,1.016,246,0,6,,0,0,0,0,0,0,0,0,0,,1500,1500,,0,0,0,0
1613871690534,6,1010123456034,77,,1,0,12,1,2,,12.46,863,183778,1.24605,247,0,7,,0,0,0,0,0,0,0,0,0,,1500,1491,,0,0,0,0
1613871690784,6,1010123456034,77,,1,0,12,1,2,,10.3958,849,183868,0.9424,242,0,6,,0,0,0,0,0,0,0,0,0,,1500,1473,,0,0,0,0
1613871691034,6,1010123456034,77,,1,0,12,1,2,,11.1243,853,183583,1.04957,243,0,6.28571,,6.47727,44,0,0.1,12,41.6667,0,4.98798,31,,1500,1500,,0,0,0,5.52273
1613871691284,6,1010123456034,77,,1,0,12,1,2,,12.6089,836,183324,1.28106,241,0,7.2,,0,0,0,0,0,0,0,0,0,,1500,1482,,0,0,0,0
1613871691534,6,1010123456034,77,,1,0,12,1,2,,11.2195,852,184365,1.04509,243,0,6.5,,0,0,0,0,0,0,0,0,0,,1500,1491,,0,0,0,0
1613871691784,6,1010123456034,77,,1,0,12,1,2,,10.8185,854,183841,1.01866,245,0,6.16667,,0,0,0,0,0,0,0,0,0,,1500,1494,,0,0,0,0
1613871692034,6,1010123456034,77,,1,0,12,1,2,,10.3918,832,184148,0.936576,240,0,6,,15.7568,37,0,0.1,11,81.8182,0,9.44416,31,,1500,1458,,0,0,0,8.2973
1613871692284,6,1010123456034,77,,1,0,12,1,2,,10.6988,860,183066,0.98256,245,0,6,,0,0,0,0,0,0,0,0,0,,1500,1491,,0,0,0,0
1613871692534,6,1010123456034,77,,1,0,12,1,2,,10.1149,853,184068,0.9624,243,0,6,,0,0,0,0,0,0,0,0,0,,1500,1491,,0,0,0,0
1613871692784,6,1010123456034,77,,1,0,12,1,2,,8.82318,854,183770,0.838976,244,0,5.4,,0,0,0,0,0,0,0,0,0,,1500,1482,,0,0,0,0
1613871693034,6,1010123456034,77,,1,0,12,1,2,,10.6969,828,183959,0.97152,244,0,6.16667,,15.1791,67,0,0.1,19,84.2105,0,2.69902,31,,1500,1500,,0,0,0,8.83582
1613871693284,6,1010123456034,77,,1,0,12,1,2,,10.5683,857,183323,0.9664,244,0,6,,0,0,0,0,0,0,0,0,0,,1500,1500,,0,0,0,0
1613871693534,6,1010123456034,77,,1,0,12,1,2,,10.8166,845,183669,0.98768,241,0,6.16667,,0,0,0,0,0,0,0,0,0,,1500,1467,,0,0,0,0
1613871693784,6,1010123456034,77,,1,0,12,1,2,,9.49459,831,183689,0.848992,237,0,5.6,,0,0,0,0,0,0,0,0,0,,1500,1449,,0,0,0,0
1613871694034,6,1010123456034,77,,1,0,12,1,2,,9.57778,855,183613,0.926688,245,0,5.71429,,7.68182,44,0,0.1,13,61.5385,0,3.70462,31,,1500,1482,,0,0,0,6.68182
1613871694284,6,1010123456034,77,,1,0,12,1,2,,10.0295,847,184345,0.911904,243,0,6.16667,,0,0,0,0,0,0,0,0,0,,1500,1488,,0,0,0,0
1613871694534,6,1010123456034,77,,1,0,12,1,2,,11.1469,851,183229,1.02093,240,0,6.4,,0,0,0,0,0,0,0,0,0,,1500,1494,,0,0,0,0
1613871694784,6,1010123456034,77,,1,0,12,1,2,,12.4399,848,182898,1.23882,241,0,7,,0,0,0,0,0,0,0,0,0,,1500,1488,,0,0,0,0
1613871695034,6,1010123456034,77,,1,0,12,1,2,,7.9619,840,183375,0.74448,241,0,5,,0.1,45,0,0.1,14,42.8571,0,0.817739,31,,1500,1476,,0,0,0,6.44444
1613871695284,6,1010123456034,77,,1,0,12,1,2,,10.8093,860,183086,1.01146,246,0,6,,0,0,0,0,0,0,0,0,0,,1500,1491,,0,0,0,0
1613871695534,6,1010123456034,77,,1,0,12,1,2,,12.0544,846,183540,1.16029,243,0,6.66667,,0,0,0,0,0,0,0,0,0,,1500,1494,,0,0,0,0
1613871695784,6,1010123456034,77,,1,0,12,1,2,,10.5,844,183266,0.958656,242,0,6,,0,0,0,0,0,0,0,0,0,,1500,1485,,0,0,0,0
1613871696034,6,1010123456034,77,,1,0,12,1,2,,10.4305,834,183237,0.947872,241,0,6,,0.1,82,0,0.1,24,33.3333,0,1.95992,31,,1500,1470,,0,0,0,5.17073
1613871696284,6,1010123456034,77,,1,0,12,1,2,,10.8222,855,184330,1.00611,245,0,6.16667,,0,0,0,0,0,0,0,0,0,,1500,1491,,0,0,0,0
1613871696534,6,1010123456034,77,,1,0,12,1,2,,10.783,848,184361,0.992736,243,0,6.25,,0,0,0,0,0,0,0,0,0,,1500,1485,,0,0,0,0
1613871696784,6,1010123456034,77,,1,0,12,1,2,,9.49405,840,184060,0.864416,241,0,5.6,,0,0,0,0,0,0,0,0,0,,1500,1479,,0,0,0,0
1613871697034,6,1010123456034,77,,1,0,12,1,2,,8.30991,797,183425,0.738656,231,0,5.6,,11.2821,39,0,0.1,11,72.7273,0,5.54199,31,,1500,1419,,0,0,0,7.46154
1613871697284,6,1010123456034,77,,1,0,12,1,2,,10.8353,850,183457,0.992832,242,0,6.2,,0,0,0,0,0,0,0,0,0,,1500,1488,,0,0,0,0
1613871697534,6,1010123456034,77,,1,0,12,1,2,,10.5496,857,184430,0.96064,244,0,6,,0,0,0,0,0,0,0,0,0,,1500,1485,,0,0,0,0
1613871697784,6,1010123456034,77,,1,0,12,1,2,,10.7193,848,183508,0.979552,241,0,6.16667,,0,0,0,0,0,0,0,0,0,,1500,1485,,0,0,0,0
1613871698034,6,1010123456034,77,,1,0,12,1,2,,10.3747,838,183940,0.93376,240,0,6,,0.1,27,0,0.1,8,0,0,0.771256,31,,1500,1488,,0,0,0,2.40741
1613871698284,6,1010123456034,77,,1,0,12,1,2,,10.8236,856,183837,0.997216,243,0,6.2,,0,0,0,0,0,0,0,0,0,,1500,1476,,0,0,0,0
1613871698534,6,1010123456034,77,,1,0,12,1,2,,10.6821,840,183373,0.962144,239,0,6.16667,,0,0,0,0,0,0,0,0,0,,1500,1479,,0,0,0,0
1613871698784,6,1010123456034,77,,1,0,12,1,2,,10.5623,843,183261,0.9504,240,0,6,,0,0,0,0,0,0,0,0,0,,1500,1479,,0,0,0,0
1613871699034,6,1010123456034,77,,1,0,12,1,2,,10.6978,857,183330,0.992416,245,0,6.14286,,4.76596,47,0,0.1,13,53.8462,0,3.88821,31,,1500,1497,,0,0,0,6.40426
1613871699284,6,1010123456034,77,,1,0,12,1,2,,10.9247,863,184025,1.02397,247,0,6.16667,,0,0,0,0,0,0,0,0,0,,1500,1500,,0,0,0,0
1613871699534,6,1010123456034,77,,1,0,12,1,2,,11.224,875,182921,1.06826,249,0,6.5,,0,0,0,0,0,0,0,0,0,,1500,1497,,0,0,0,0
1613871699784,6,1010123456034,77,,1,0,12,1,2,,9.62928,847,183615,0.88752,241,0,5.66667,,0,0,0,0,0,0,0,0,0,,1500,1464,,0,0,0,0
1613871700034,6,1010123456034,77,,1,0,12,1,2,,14.0512,840,183258,1.46211,239,0,6.83333,,4.8,50,0,0.1,14,64.2857,0,3.6335,31,,1500,1479,,0,0,0,6.76
1613871700284,6,1010123456034,77,,1,0,12,1,2,,10.7835,850,183190,0.9976,243,0,6.2,,0,0,0,0,0,0,0,0,0,,1500,1500,,0,0,0,0
1613871700534,6,1010123456034,77,,1,0,12,1,2,,10.461,859,184039,0.966592,246,0,6,,0,0,0,0,0,0,0,0,0,,1500,1491,,0,0,0,0
1613871700784,6,1010123456034,77,,1,0,12,1,2,,9.84522,827,184525,0.884768,238,0,5.83333,,0,0,0,0,0,0,0,0,0,,1500,1473,,0,0,0,0
1613871701034,6,1010123456034,77,,1,0,12,1,2,,10.4471,850,184073,0.962944,244,0,6,,5.45455,33,0,0.1,10,40,0,3.98002,31,,1500,1488,,0,0,0,4.66667
1613871701284,6,1010123456034,77,,1,0,12,1,2,,10.9389,867,183803,1.06534,248,0,6.2,,0.1,4,0,0.1,1,0,0,1.65716,31,,1500,1497,,0,0,0,2
1613871701534,6,1010123456034,77,,1,0,12,1,2,,9.46071,840,183286,0.86192,241,0,5.83333,,0,0,0,0,0,0,0,0,0,,1500,1476,,0,0,0,0
1613871701784,6,1010123456034,77,,1,0,12,1,2,,10.6328,847,184015,0.967648,243,0,6,,0.1,8,0,0.1,2,50,0,1.47566,31,,1500,1479,,0,0,0,6
1613871702034,6,1010123456034,77,,1,0,12,1,2,,12.2216,835,183672,1.23478,243,0,6.71429,,14.4217,83,0,0.168928,26,76.9231,0,6.1739,31,,1500,1479,,0,0,0,7.83133
1613871702284,6,1010123456034,77,,1,0,12,1,2,,10.772,851,183991,0.986432,242,0,6.16667,,0,0,0,0,0,0,0,0,0,,1500,1479,,0,0,0,0
1613871702534,6,1010123456034,77,,1,0,12,1,2,,10.5359,864,183077,0.9752,247,0,6,,0,0,0,0,0,0,0,0,0,,1500,1497,,0,0,0,0
1613871702784,6,1010123456034,77,,1,0,12,1,2,,10.7395,833,183697,0.985792,242,0,6.16667,,0,0,0,0,0,0,0,0,0,,1500,1467,,0,0,0,0
1613871703034,6,1010123456034,77,,1,0,12,1,2,,10.5616,860,183949,0.977856,244,0,6.16667,,0.512195,82,0,0.1,23,43.4783,0,5.98769,31,,1500,1488,,0,0,0,5.34146
1613871703284,6,1010123456034,77,,1,0,12,1,2,,10.7145,844,184275,0.981568,242,0,6.2,,12,20,0,0.1,5,80,0,5.21837,31,,1500,1479,,0,0,0,8.2
1613871703534,6,1010123456034,77,,1,0,12,1,2,,10.6827,851,183467,0.973408,243,0,6,,0,0,0,0,0,0,0,0,0,,1500,1491,,0,0,0,0
1613871703784,6,1010123456034,77,,1,0,12,1,2,,11.077,844,183916,1.0279,242,0,6.4,,0,0,0,0,0,0,0,0,0,,1500,1488,,0,0,0,0
1613871704034,6,1010123456034,77,,1,0,12,1,2,,10.7847,836,183910,0.998624,241,0,6.16667,,0.1,51,15469,0.1,14,28.5714,0,1.21326,31,,1500,1482,,0,0,0,4.88235
1613871704284,6,1010123456034,77,,1,0,12,1,2,,11.8484,851,182662,1.09133,244,0,7.16667,,0.1,62,0,0.1,18,55.5556,0,0.979095,31,,1500,1488,,0,0,0,6.35484
1613871704534,6,1010123456034,77,,1,0,12,1,2,,12.3942,832,183973,1.30685,239,0,6.33333,,0,0,0,0,0,0,0,0,0,,1500,1473,,0,0,0,0
1613871704784,6,1010123456034,77,,1,0,12,1,2,,10.863,847,183718,1.004,243,0,6.2,,0,0,0,0,0,0,0,0,0,,1500,1500,,0,0,0,0
1613871705034,6,1010123456034,77,,1,0,12,1,2,,10.5533,826,183801,0.941248,238,0,6.14286,,0.1,27,0,0.1,8,0,0,0.727802,31,,1500,1464,,0,0,0,2.51852
1613871705284,6,1010123456034,77,,1,0,12,1,2,,11.0755,848,184317,1.02582,241,0,6,,0,0,0,0,0,0,0,0,0,,1500,1500,,0,0,0,0
1613871705534,6,1010123456034,77,,1,0,12,1,2,,10.9583,839,183804,1.01302,241,0,6.33333,,12,20,0,0.1,5,80,0,4.88395,31,,1500,1491,,0,0,0,8.2
1613871705784,6,1010123456034,77,,1,0,12,1,2,,10.5678,856,183040,0.971552,245,0,6,,0,0,0,0,0,0,0,0,0,,1500,1491,,0,0,0,0
1613871706034,6,1010123456034,77,,1,0,12,1,2,,15.5421,832,184082,1.79354,244,0,7.4,,15.1829,82,0,0.1,27,88.8889,0,3.4328,31,,1500,1479,,0,0,0,8.79268
1613871706284,6,1010123456034,77,,1,0,12,1,2,,11.0656,838,183814,0.99952,237,0,6.33333,,0,0,0,0,0,0,0,0,0,,1500,1476,,0,0,0,0
1613871706534,6,1010123456034,77,,1,0,12,1,2,,11.0036,831,183935,0.987456,236,0,6.33333,,0,0,0,0,0,0,0,0,0,,1500,1467,,0,0,0,0
1613871706784,6,1010123456034,77,,1,0,12,1,2,,10.7279,860,184126,0.987552,245,0,6,,0,0,0,0,0,0,0,0,0,,1500,1494,,0,0,0,0
1613871707034,6,1010123456034,77,,1,0,12,1,2,,10.7689,835,183227,0.98368,240,0,6.16667,,6.2069,58,0,0.1,17,76.4706,0,2.25141,31,,1500,1494,,0,0,0,7.96552
1613871707284,6,1010123456034,77,,1,0,12,1,2,,10.7512,860,183329,0.988992,244,0,6.16667,,0,0,0,0,0,0,0,0,0,,1500,1494,,0,0,0,0
1613871707534,6,1010123456034,77,,1,0,12,1,2,,10.7515,853,183415,0.988864,242,0,6.2,,0,15,0,0.1,5,80,0,0,31,,1500,1494,,0,0,0,0
1613871707784,6,1010123456034,77,,1,0,12,1,2,,10.6281,847,184442,0.960416,241,0,6,,0,0,0,0,0,0,0,0,0,,1500,1491,,0,0,0,0
1613871708034,6,1010123456034,77,,1,0,12,1,2,,10.6458,861,183440,0.9808,246,0,6,,6.11364,44,0,0.1,12,33.3333,0,6.2382,31,,1500,1488,,0,0,0,5.40909
1613871708284,6,1010123456034,77,,1,0,12,1,2,,10.6721,863,183882,0.978752,246,0,6,,0,0,0,0,0,0,0,0,0,,1500,1482,,0,0,0,0
1613871708534,6,1010123456034,77,,1,0,12,1,2,,10.7814,851,184092,0.981824,242,0,6.16667,,0,0,0,0,0,0,0,0,0,,1500,1494,,0,0,0,0
1613871708784,6,1010123456034,77,,1,0,12,1,2,,12.2252,848,183858,1.15155,242,0,6.83333,,0,3,0,0.1,1,0,0,0,31,,1500,1485,,0,0,0,0
1613871709034,6,1010123456034,77,,1,0,12,1,2,,10.277,823,183573,0.954272,237,0,6,,13,15,0,0,4,100,0,1.11337,0,,1500,1455,,0,0,0,10
1613871709284,6,1010123456034,77,,1,0,12,1,2,,11.8193,841,183225,1.14179,241,0,6.6,,0.1,23,0,0.1,6,50,0,0.982899,31,,1500,1479,,0,0,0,5.86957
1613871709534,6,1010123456034,77,,1,0,12,1,2,,10.8565,850,183243,0.993664,242,0,6.16667,,0,0,0,0,0,0,0,0,0,,1500,1491,,0,0,0,0
1613871709784,6,1010123456034,77,,1,0,12,1,2,,11.02,850,183905,1.01946,242,0,6.4,,0,0,0,0,0,0,0,0,0,,1500,1482,,0,0,0,0
1613871710034,6,1010123456034,77,,1,0,12,1,2,,12.6191,848,183901,1.27293,243,0,7,,1.54128,109,0,0.100736,33,45.4545,0,5.93125,31,,1500,1482,,0,0,0,5.20184
1613871710284,6,1010123456034,77,,1,0,12,1,2,,10.7488,852,184060,0.983424,244,0,6.16667,,0,0,0,0,0,0,0,0,0,,1500,1491,,0,0,0,0
1613871710534,6,1010123456034,77,,1,0,12,1,2,,10.9709,860,183282,1.02592,244,0,6.16667,,0,0,0,0,0,0,0,0,0,,1500,1500,,0,0,0,0
1613871710784,6,1010123456034,77,,1,0,12,1,2,,10.3048,863,183754,1.0712,246,0,6.16667,,0,0,0,0,0,0,0,0,0,,1500,1497,,0,0,0,0
1613871711034,6,1010123456034,77,,1,0,12,1,2,,11.5349,832,183090,1.15446,245,0,6.66667,,8.68085,94,0,0.1,30,73.3333,0,2.04997,31,,1500,1497,,0,0,0,8.09575
1613871711284,6,1010123456034,77,,1,0,12,1,2,,10.6791,860,183549,0.98256,245,0,6,,0,0,0,0,0,0,0,0,0,,1500,1500,,0,0,0,0
1613871711534,6,1010123456034,77,,1,0,12,1,2,,10.6594,866,183753,0.986048,246,0,6,,0,0,0,0,0,0,0,0,0,,1500,1497,,0,0,0,0
1613871711784,6,1010123456034,77,,1,0,12,1,2,,10.8395,860,183359,1.0047,245,0,6.16667,,0,0,0,0,0,0,0,0,0,,1500,1500,,0,0,0,0
1613871712034,6,1010123456034,77,,1,0,12,1,2,,11.0941,850,183658,1.0328,243,0,6.28571,,13,14,0,0,4,100,0,1.01889,0,,1500,1488,,0,0,0,10
1613871712284,6,1010123456034,77,,1,0,12,1,2,,11.1782,853,183297,1.05712,245,0,6.4,,0.1,8,0,0.1,2,50,0,0.237272,31,,1500,1482,,0,0,0,6
1613871712534,6,1010123456034,77,,1,0,12,1,2,,10.5023,860,184134,0.964256,245,0,6,,0,3,0,0.1,1,0,0,0,0,,1500,1488,,0,0,0,0
1613871712784,6,1010123456034,77,,1,0,12,1,2,,12.2038,849,183771,1.18486,243,0,6.83333,,0,0,0,0,0,0,0,0,0,,1500,1494,,0,0,0,0
1613871713034,6,1010123456034,77,,1,0,12,1,2,,12.281,854,182880,1.21296,245,0,6.83333,,7.03125,32,0,0.1,9,44.4444,0,6.01658,31,,1500,1488,,0,0,0,5.53125
1613871713284,6,1010123456034,77,,1,0,12,1,2,,10.4007,836,183296,0.936544,239,0,6,,0,0,0,0,0,0,0,0,0,,1500,1467,,0,0,0,0
1613871713534,6,1010123456034,77,,1,0,12,1,2,,9.89164,849,184454,0.928896,243,0,5.75,,0,0,0,0,0,0,0,0,0,,1500,1467,,0,0,0,0
1613871713784,6,1010123456034,77,,1,0,12,1,2,,10.8216,852,183747,1.0431,243,0,6.8,,0.1,4,0,0.1,1,0,0,0.1,31,,1500,1494,,0,0,0,5
1613871714034,6,1010123456034,77,,1,0,12,1,2,,10.5139,862,184401,0.979808,247,0,6,,3.39623,53,0,0.1,16,37.5,0,3.9916,31,,1500,1488,,0,0,0,4.71698
1613871714284,6,1010123456034,77,,1,0,12,1,2,,10.6768,851,183104,0.98352,243,0,6.2,,0,0,0,0,0,0,0,0,0,,1500,1488,,0,0,0,0
1613871714534,6,1010123456034,77,,1,0,12,1,2,,12.7482,850,183151,1.31571,244,0,7,,0,0,0,0,0,0,0,0,0,,1500,1497,,0,0,0,0
1613871714784,6,1010123456034,77,,1,0,12,1,2,,9.29191,853,183872,0.879328,243,0,5.16667,,0,0,0,0,0,0,0,0,0,,1500,1500,,0,0,0,0
1613871715034,6,1010123456034,77,,1,0,12,1,2,,11.482,834,184519,1.1697,241,0,6.42857,,15,14,0,0,4,100,0,1.10883,0,,1500,1482,,0,0,0,10
1613871715284,6,1010123456034,77,,1,0,12,1,2,,9.49072,862,183423,0.878688,245,0,6,,5.14286,7,0,0.1,2,50,0,8.54806,31,,1500,1488,,0,0,0,6.14286
1613871715534,6,1010123456034,77,,1,0,12,1,2,,10.6793,845,184061,0.976768,240,0,6.16667,,6.63158,38,0,0.1,10,70,0,2.85439,0,,1500,1494,,0,0,0,8.21053
1613871715784,6,1010123456034,77,,1,0,12,1,2,,12.7416,863,183691,1.28019,246,0,7,,0,0,0,0,0,0,0,0,0,,1500,1497,,0,0,0,0
1613871716034,6,1010123456034,77,,1,0,12,1,2,,10.7184,838,183783,0.99472,245,0,6.16667,,1.04348,46,0,0.1,13,38.4615,0,5.18264,31,,1500,1494,,0,0,0,6.06522
1613871716284,6,1010123456034,77,,1,0,12,1,2,,10.5455,847,183606,0.952608,241,0,6,,0,0,0,0,0,0,0,0,0,,1500,1479,,0,0,0,0
1613871716534,6,1010123456034,77,,1,0,12,1,2,,11.7276,859,183381,1.12269,244,0,6.83333,,0,0,0,0,0,0,0,0,0,,1500,1479,,0,0,0,0
1613871716784,6,1010123456034,77,,1,0,12,1,2,,10.7523,852,183299,1.01414,244,0,6,,0,0,0,0,0,0,0,0,0,,1500,1494,,0,0,0,0
1613871717034,6,1010123456034,77,,1,0,12,1,2,,10.4328,818,184211,0.916448,235,0,6,,0.1,43,0,0.1,13,46.1538,0,0.902726,31,,1500,1452,,0,0,0,5.69767
1613871717284,6,1010123456034,77,,1,0,12,1,2,,11.0837,848,183317,1.0256,242,0,6.2,,0,0,0,0,0,0,0,0,0,,1500,1476,,0,0,0,0
1613871717534,6,1010123456034,77,,1,0,12,1,2,,10.4331,859,183061,0.956832,245,0,6,,0,0,0,0,0,0,0,0,0,,1500,1491,,0,0,0,0
1613871717784,6,1010123456034,77,,1,0,12,1,2,,10.769,857,184466,0.993024,244,0,6.16667,,0,0,0,0,0,0,0,0,0,,1500,1494,,0,0,0,0
1613871718034,6,1010123456034,77,,1,0,12,1,2,,10.7653,835,183278,0.98656,242,0,6.14286,,0.1,47,0,0.1,13,53.8462,0,0.740181,31,,1500,1485,,0,0,0,6.51064
1613871718284,6,1010123456034,77,,1,0,12,1,2,,10.8436,857,184441,1.00579,245,0,6.2,,0,0,0,0,0,0,0,0,0,,1500,1497,,0,0,0,0
1613871718534,6,1010123456034,77,,1,0,12,1,2,,12.0082,852,183689,1.1536,242,0,6.8,,0,0,0,0,0,0,0,0,0,,1500,1485,,0,0,0,0
1613871718784,6,1010123456034,77,,1,0,12,1,2,,8.77153,836,183826,0.804,239,0,5.8,,0,0,0,0,0,0,0,0,0,,1500,1467,,0,0,0,0
1613871719034,6,1010123456034,77,,1,0,12,1,2,,8.95848,819,183426,0.82464,238,0,5.28571,,2.7234,47,0,0.1,13,30.7692,0,9.87982,31,,1500,1494,,0,0,0,4.44681
1613871719284,6,1010123456034,77,,1,0,12,1,2,,10.769,827,184350,0.972064,239,0,6.2,,0,0,0,0,0,0,0,0,0,,1500,1473,,0,0,0,0
1613871719534,6,1010123456034,77,,1,0,12,1,2,,10.655,855,183277,0.976256,244,0,6,,0,0,0,0,0,0,0,0,0,,1500,1488,,0,0,0,0
1613871719784,6,1010123456034,77,,1,0,12,1,2,,9.56389,853,183812,0.90288,245,0,5.6,,0,0,0,0,0,0,0,0,0,,1500,1497,,0,0,0,0
1613871720034,6,1010123456034,77,,1,0,12,1,2,,10.327,844,183446,0.945152,242,0,6,,4.05263,57,0,0.1,17,58.8235,0,6.89047,31,,1500,1485,,0,0,0,6.89474
1613871720284,6,1010123456034,77,,1,0,12,1,2,,12.935,846,183285,1.3593,242,0,7.33333,,0,0,0,0,0,0,0,0,0,,1500,1470,,0,0,0,0
1613871720534,6,1010123456034,77,,1,0,12,1,2,,11.1063,856,183095,1.05475,245,0,6.33333,,0,0,0,0,0,0,0,0,0,,1500,1494,,0,0,0,0
1613871720784,6,1010123456034,77,,1,0,12,1,2,,11.0692,852,183284,1.0295,244,0,6.4,,0,0,0,0,0,0,0,0,0,,1500,1494,,0,0,0,0
1613871721034,6,1010123456034,77,,1,0,12,1,2,,9.27771,839,184061,0.883936,241,0,5.57143,,10.2,60,0,0.1,17,64.7059,0,6.66322,31,,1500,1482,,0,0,0,6.95
1613871721284,6,1010123456034,77,,1,0,12,1,2,,10.8425,851,183765,1.00736,244,0,6.16667,,0,0,0,0,0,0,0,0,0,,1500,1497,,0,0,0,0
1613871721534,6,1010123456034,77,,1,0,12,1,2,,10.9066,846,183569,0.997568,242,0,6.16667,,0,0,0,0,0,0,0,0,0,,1500,1500,,0,0,0,0
1613871721784,6,1010123456034,77,,1,0,12,1,2,,10.6885,841,183219,0.957152,239,0,6,,0,0,0,0,0,0,0,0,0,,1500,1479,,0,0,0,0
1613871722034,6,1010123456034,77,,1,0,12,1,2,,8.69412,850,184355,0.839616,244,0,5,,1.44828,29,0,0.1,8,12.5,0,5.40691,31,,1500,1491,,0,0,0,4.17241
1613871722284,6,1010123456034,77,,1,0,12,1,2,,9.82243,856,184299,0.886144,244,0,6,,0,0,0,0,0,0,0,0,0,,1500,1485,,0,0,0,0
1613871722534,6,1010123456034,77,,1,0,12,1,2,,10.6967,854,183236,0.981472,243,0,6.2,,0,0,0,0,0,0,0,0,0,,1500,1488,,0,0,0,0
1613871722784,6,1010123456034,77,,1,0,12,1,2,,10.4312,865,184001,0.968672,247,0,6,,0,0,0,0,0,0,0,0,0,,1500,1494,,0,0,0,0
1613871723034,6,1010123456034,77,,1,0,12,1,2,,10.5646,843,183730,0.951328,241,0,6.2,,15,16,0,0,4,100,0,1.61727,0,,1500,1479,,0,0,0,10
1613871723284,6,1010123456034,77,,1,0,12,1,2,,11.0226,840,183290,1.01478,240,0,6.16667,,0,6,0,0,2,100,0,0,0,,1500,1485,,0,0,0,0
1613871723534,6,1010123456034,77,,1,0,12,1,2,,10.7229,859,184524,1.00013,246,0,6.16667,,0.1,10,0,0.1,3,0,0,1.53381,31,,1500,1488,,0,0,0,1.6
1613871723784,6,1010123456034,77,,1,0,12,1,2,,10.5294,850,184008,0.966272,244,0,6,,0,0,0,0,0,0,0,0,0,,1500,1494,,0,0,0,0
1613871724034,6,1010123456034,77,,1,0,12,1,2,,10.9237,839,183706,0.998624,243,0,6.28571,,8.11364,44,0,0.1,13,61.5385,0,3.41769,31,,1500,1485,,0,0,0,6.68182
1613871724284,6,1010123456034,77,,1,0,12,1,2,,10.6199,855,183990,0.99088,245,0,6,,0,0,0,0,0,0,0,0,0,,1500,1491,,0,0,0,0
1613871724534,6,1010123456034,77,,1,0,12,1,2,,10.7922,847,184045,0.985696,243,0,6.16667,,0,0,0,0,0,0,0,0,0,,1500,1500,,0,0,0,0
1613871724784,6,1010123456034,77,,1,0,12,1,2,,10.9129,850,183548,1.01638,244,0,6.16667,,0,0,0,0,0,0,0,0,0,,1500,1491,,0,0,0,0
1613871725034,6,1010123456034,77,,1,0,12,1,2,,10.658,845,184030,0.977536,244,0,6.14286,,14.5185,27,0,0.1,7,57.1429,0,16.5055,31,,1512,1494,,0,0,0,6.33333
1613871725284,6,1010123456034,77,,1,0,12,1,2,,9.76896,857,183877,0.917968,243,0,5.66667,,0,0,0,0,0,0,0,0,0,,1488,1488,,0,0,0,0
1613871725534,6,1010123456034,77,,1,0,12,1,2,,9.99066,857,184326,0.936224,245,0,6,,0,0,0,0,0,0,0,0,0,,1500,1500,,0,0,0,0
1613871725784,6,1010123456034,77,,1,0,12,1,2,,10.8605,853,184114,0.998624,243,0,6.16667,,0,0,0,0,0,0,0,0,0,,1500,1494,,0,0,0,0
1613871726034,6,1010123456034,77,,1,0,12,1,2,,11.0268,858,183084,1.02797,244,0,6.25,,15,16,0,0,4,100,0,0.913125,0,,1500,1473,,0,0,0,10
1613871726284,6,1010123456034,77,,1,0,12,1,2,,10.5851,858,183898,0.967968,245,0,6,,0,6,0,0.1,2,50,0,0,31,,1500,1470,,0,0,0,0
1613871726534,6,1010123456034,77,,1,0,12,1,2,,10.8293,861,183442,1.00998,246,0,6.2,,0.1,7,0,0.1,2,0,0,7.8318,31,,1500,1488,,0,0,0,1.57143
1613871726784,6,1010123456034,77,,1,0,12,1,2,,10.4952,836,183470,0.945408,240,0,6,,0,0,0,0,0,0,0,0,0,,1500,1476,,0,0,0,0
1613871727034,6,1010123456034,77,,1,0,12,1,2,,10.6256,844,182949,0.969184,243,0,6,,15,20,0,0.1,6,66.6667,0,9.24278,31,,1500,1488,,0,0,0,6.4
1613871727284,6,1010123456034,77,,1,0,12,1,2,,10.6153,850,183554,0.968672,243,0,6,,0.1,29,0,0.1,8,62.5,0,6.9141,31,,1500,1482,,0,0,0,7.10345
1613871727534,6,1010123456034,77,,1,0,12,1,2,,10.8681,864,184384,1.016,246,0,6.2,,0,0,0,0,0,0,0,0,0,,1500,1500,,0,0,0,0
1613871727784,6,1010123456034,77,,1,0,12,1,2,,9.89273,839,183105,0.895744,240,0,5.83333,,0,0,0,0,0,0,0,0,0,,1500,1458,,0,0,0,0
1613871728034,6,1010123456034,77,,1,0,12,1,2,,9.58732,836,183923,0.870752,241,0,5.85714,,0.1,44,0,0.1,14,42.8571,0,0.736186,31,,1500,1488,,0,0,0,4.97727
1613871728284,6,1010123456034,77,,1,0,12,1,2,,10.638,859,183966,1.00038,246,0,6,,0,0,0,0,0,0,0,0,0,,1500,1494,,0,0,0,0
1613871728534,6,1010123456034,77,,1,0,12,1,2,,10.9104,859,183251,1.01472,246,0,6.16667,,0.1,4,0,0.1,1,0,0,1.39191,31,,1500,1497,,0,0,0,2
1613871728784,6,1010123456034,77,,1,0,12,1,2,,11.0164,851,183592,1.03453,245,0,6.33333,,0,0,0,0,0,0,0,0,0,,1500,1494,,0,0,0,0
1613871729034,6,1010123456034,77,,1,0,12,1,2,,11.1215,864,184537,1.05712,247,0,6.42857,,12.6316,19,0,0.1,5,80,0,3.7322,31,,1500,1488,,0,0,0,8.57895
1613871729284,6,1010123456034,77,,1,0,12,1,2,,11.6846,856,183718,1.11213,246,0,6.6,,0.1,17,0,0.1,5,0,0,11.7792,31,,1500,1494,,0,0,0,1.70588
1613871729534,6,1010123456034,77,,1,0,12,1,2,,10.6095,840,183402,0.958592,240,0,6,,0,0,0,0,0,0,0,0,0,,1500,1482,,0,0,0,0
1613871729784,6,1010123456034,77,,1,0,12,1,2,,10.1285,856,183591,0.954112,244,0,6,,0,3,0,0.1,1,0,0,0,31,,1500,1482,,0,0,0,0
1613871730034,6,1010123456034,77,,1,0,12,1,2,,10.5627,853,183105,0.950112,243,0,6,,0,12,0,0,4,100,0,0,0,,1500,1485,,0,0,0,0
1613871730284,6,1010123456034,77,,1,0,12,1,2,,10.7424,854,183211,0.992864,243,0,6.16667,,0,6,0,0,2,100,0,0,0,,1500,1488,,0,0,0,0
1613871730534,6,1010123456034,77,,1,0,12,1,2,,10.902,857,184205,1.00634,244,0,6.16667,,0.1,24,0,0.1,7,28.5714,0,3.80411,31,,1500,1488,,0,0,0,4.16667
1613871730784,6,1010123456034,77,,1,0,12,1,2,,11.735,864,184534,1.17574,248,0,6.83333,,0,0,0,0,0,0,0,0,0,,1500,1485,,0,0,0,0
1613871731034,6,1010123456034,77,,1,0,12,1,2,,10.6393,840,183732,0.982624,241,0,6,,12.6316,19,0,0.1,5,80,0,4.83152,31,,1500,1479,,0,0,0,8.57895
1613871731284,6,1010123456034,77,,1,0,12,1,2,,10.3021,854,183151,0.94928,245,0,6.33333,,0.1,14,0,0.1,4,0,0,1.48471,0,,1500,1491,,0,0,0,1.78571
1613871731534,6,1010123456034,77,,1,0,12,1,2,,11.3247,847,183624,1.06128,243,0,6.5,,0,0,0,0,0,0,0,0,0,,1500,1494,,0,0,0,0
1613871731784,6,1010123456034,77,,1,0,12,1,2,,10.5785,847,184267,0.993248,243,0,6,,0,0,0,0,0,0,0,0,0,,1500,1479,,0,0,0,0
1613871732034,6,1010123456034,77,,1,0,12,1,2,,8.60098,817,183785,0.778048,235,0,5.83333,,0.1,52,0,0.1,15,33.3333,0,3.45289,31,,1500,1425,,0,0,0,5.26923
1613871732284,6,1010123456034,77,,1,0,12,1,2,,11.0694,850,184381,1.02029,242,0,6.2,,0,0,0,0,0,0,0,0,0,,1500,1491,,0,0,0,0
1613871732534,6,1010123456034,77,,1,0,12,1,2,,10.8389,869,183696,1.01747,248,0,6.16667,,0,0,0,0,0,0,0,0,0,,1500,1497,,0,0,0,0
1613871732784,6,1010123456034,77,,1,0,12,1,2,,11.0784,842,184136,1.02739,242,0,6.2,,0,0,0,0,0,0,0,0,0,,1500,1500,,0,0,0,0
1613871733034,6,1010123456034,77,,1,0,12,1,2,,10.8154,856,183703,1.01539,247,0,6.16667,,0,12,0,0,4,100,0,0,0,,1500,1491,,0,0,0,0
1613871733284,6,1010123456034,77,,1,0,12,1,2,,10.9847,850,183622,1.03667,244,0,6.33333,,0.1,7,0,0.1,2,0,0,1.1234,31,,1500,1485,,0,0,0,3.14286
1613871733534,6,1010123456034,77,,1,0,12,1,2,,10.9383,859,183933,1.03174,246,0,6.33333,,0,0,0,0,0,0,0,0,0,,1500,1491,,0,0,0,0
1613871733784,6,1010123456034,77,,1,0,12,1,2,,9.56221,852,183264,0.879008,243,0,5.6,,0,0,0,0,0,0,0,0,0,,1500,1482,,0,0,0,0
1613871734034,6,1010123456034,77,,1,0,12,1,2,,10.683,839,183761,0.978368,242,0,6.16667,,0.1,41,0,0.1,12,41.6667,0,2.5621,31,,1500,1485,,0,0,0,6.36585
1613871734284,6,1010123456034,77,,1,0,12,1,2,,9.83117,847,183529,0.984096,243,0,5.5,,0,0,0,0,0,0,0,0,0,,1500,1476,,0,0,0,0
1613871734534,6,1010123456034,77,,1,0,12,1,2,,9.20868,829,183564,0.828384,239,0,6,,0,0,0,0,0,0,0,0,0,,1500,1482,,0,0,0,0
1613871734784,6,1010123456034,77,,1,0,12,1,2,,10.6354,864,183990,0.98016,246,0,6,,0,0,0,0,0,0,0,0,0,,1500,1488,,0,0,0,0
1613871735034,6,1010123456034,77,,1,0,12,1,2,,10.3293,829,183075,0.931072,240,0,6,,2.33058,121,0,0.1,34,64.7059,0,4.08288,31,,1500,1473,,0,0,0,7.2314
1613871735284,6,1010123456034,77,,1,0,12,1,2,,10.6919,857,183569,0.98192,245,0,6,,0,0,0,0,0,0,0,0,0,,1500,1497,,0,0,0,0
1613871735534,6,1010123456034,77,,1,0,12,1,2,,9.49584,841,183606,0.849344,238,0,5.66667,,0,0,0,0,0,0,0,0,0,,1500,1476,,0,0,0,0
1613871735784,6,1010123456034,77,,1,0,12,1,2,,10.7854,834,183988,0.981536,241,0,6.2,,0,0,0,0,0,0,0,0,0,,1500,1485,,0,0,0,0
1613871736034,6,1010123456034,77,,1,0,12,1,2,,12.1631,846,184088,1.17459,242,0,6.57143,,2.06897,29,0,0.1,8,12.5,0,7.53548,31,,1500,1488,,0,0,0,2.34483
1613871736284,6,1010123456034,77,,1,0,12,1,2,,12.4152,855,183191,1.25315,245,0,7,,0,0,0,0,0,0,0,0,0,,1500,1500,,0,0,0,0
1613871736534,6,1010123456034,77,,1,0,12,1,2,,10.7742,859,182841,1,246,0,6.16667,,0,0,0,0,0,0,0,0,0,,1500,1500,,0,0,0,0
1613871736784,6,1010123456034,77,,1,0,12,1,2,,12.5012,836,183648,1.25248,240,0,6.83333,,0,0,0,0,0,0,0,0,0,,1500,1470,,0,0,0,0
1613871737034,6,1010123456034,77,,1,0,12,1,2,,11.1625,837,183747,1.0377,242,0,6.4,,2.85714,63,0,0.1,18,88.8889,0,1.88079,31,,1500,1479,,0,0,0,9.09524
1613871737284,6,1010123456034,77,,1,0,12,1,2,,9.97837,832,183508,0.90784,238,0,6,,0,0,0,0,0,0,0,0,0,,1500,1455,,0,0,0,0
1613871737534,6,1010123456034,77,,1,0,12,1,2,,10.6999,843,183866,0.983744,242,0,6.2,,0,0,0,0,0,0,0,0,0,,1500,1482,,0,0,0,0
1613871737784,6,1010123456034,77,,1,0,12,1,2,,10.5667,847,183303,0.9656,243,0,6,,0,0,0,0,0,0,0,0,0,,1500,1491,,0,0,0,0
1613871738034,6,1010123456034,77,,1,0,12,1,2,,11.1291,798,183080,1.0944,238,0,6.5,,14.7568,74,0,0.186944,23,73.913,0,6.73866,31,,1500,1458,,0,0,0,7.56757
1613871738284,6,1010123456034,77,,1,0,12,1,2,,11.0707,863,184472,1.04339,246,0,6.4,,0,0,0,0,0,0,0,0,0,,1500,1500,,0,0,0,0
1613871738534,6,1010123456034,77,,1,0,12,1,2,,7.16276,854,183562,0.700736,244,0,4.75,,0,0,0,0,0,0,0,0,0,,1500,1488,,0,0,0,0
1613871738784,6,1010123456034,77,,1,0,12,1,2,,9.70814,860,183372,0.909344,245,0,5.83333,,0,0,0,0,0,0,0,0,0,,1500,1494,,0,0,0,0
1613871739034,6,1010123456034,77,,1,0,12,1,2,,10.6458,830,184019,0.975552,242,0,6.25,,2.13559,59,0,0.1,17,52.9412,0,2.41593,31,,1500,1464,,0,0,0,6.49153
1613871739284,6,1010123456034,77,,1,0,12,1,2,,10.993,862,184319,1.03443,246,0,6.33333,,0,0,0,0,0,0,0,0,0,,1500,1494,,0,0,0,0
1613871739534,6,1010123456034,77,,1,0,12,1,2,,10.5665,842,184106,0.95152,239,0,6,,0,0,0,0,0,0,0,0,0,,1500,1494,,0,0,0,0
1613871739784,6,1010123456034,77,,1,0,12,1,2,,10.1102,844,183384,0.925184,240,0,6,,0,0,0,0,0,0,0,0,0,,1500,1461,,0,0,0,0
1613871740034,6,1010123456034,77,,1,0,12,1,2,,12.8964,849,183545,1.31014,242,0,7,,14,14,0,0,4,100,0,1.75257,0,,1500,1482,,0,0,0,10
1613871740284,6,1010123456034,77,,1,0,12,1,2,,10.5036,844,183200,0.959808,242,0,6,,0.1,8,169,0.1,2,50,0,0.987566,31,,1500,1482,,0,0,0,5.5
1613871740534,6,1010123456034,77,,1,0,12,1,2,,10.98,851,183690,1.02637,244,0,6.33333,,0.1,17,0,0.1,5,0,0,0.762821,0,,1500,1497,,0,0,0,3.05882
1613871740784,6,1010123456034,77,,1,0,12,1,2,,9.95907,855,184207,0.933184,245,0,6,,0,0,0,0,0,0,0,0,0,,1500,1491,,0,0,0,0
1613871741034,6,1010123456034,77,,1,0,12,1,2,,11.0334,839,184267,1.04381,247,0,6.28571,,9.03158,95,0,0.1,29,75.8621,0,4.64795,31,,1500,1488,,0,0,0,8.11579
1613871741284,6,1010123456034,77,,1,0,12,1,2,,10.241,838,183009,0.938208,239,0,6,,0.1,8,0,0.1,2,50,0,1.00995,31,,1500,1473,,0,0,0,6
1613871741534,6,1010123456034,77,,1,0,12,1,2,,10.5962,842,184476,1.00166,242,0,6.2,,0,0,0,0,0,0,0,0,0,,1500,1482,,0,0,0,0
1613871741784,6,1010123456034,77,,1,0,12,1,2,,10.4826,860,184011,0.95872,244,0,6,,0,0,0,0,0,0,0,0,0,,1500,1494,,0,0,0,0
1613871742034,6,1010123456034,77,,1,0,12,1,2,,11.6262,832,183153,1.15939,243,0,6.71429,,14.5909,88,0,0.1,27,88.8889,0,3.85539,31,,1500,1491,,0,0,0,8.875
1613871742284,6,1010123456034,77,,1,0,12,1,2,,10.336,860,184442,0.966336,246,0,5.83333,,0.1,8,0,0.1,2,50,0,0.552753,31,,1500,1488,,0,0,0,8
1613871742534,6,1010123456034,77,,1,0,12,1,2,,13.7118,850,183633,1.4209,241,0,7.5,,0,0,0,0,0,0,0,0,0,,1500,1500,,0,0,0,0
1613871742784,6,1010123456034,77,,1,0,12,1,2,,10.6721,854,184169,0.976,244,0,6,,0,0,0,0,0,0,0,0,0,,1500,1497,,0,0,0,0
1613871743034,6,1010123456034,77,,1,0,12,1,2,,8.69458,848,184186,0.812512,241,0,4.8,,0.1,36,0,0.1,10,30,0,5.26701,31,,1500,1485,,0,0,0,4.44444
1613871743284,6,1010123456034,77,,1,0,12,1,2,,10.5437,859,183565,0.966176,245,0,6,,0,0,0,0,0,0,0,0,0,,1500,1491,,0,0,0,0
1613871743534,6,1010123456034,77,,1,0,12,1,2,,10.6907,860,183871,0.981792,245,0,6,,0,0,0,0,0,0,0,0,0,,1500,1494,,0,0,0,0
1613871743784,6,1010123456034,77,,1,0,12,1,2,,10.5615,853,183360,0.965984,243,0,6,,0,0,0,0,0,0,0,0,0,,1500,1500,,0,0,0,0
1613871744034,6,1010123456034,77,,1,0,12,1,2,,9.6299,816,183637,0.844128,233,0,5.66667,,4.36364,55,0,0.1,15,80,0,3.04329,31,,1500,1431,,0,0,0,8.50909
1613871744284,6,1010123456034,77,,1,0,12,1,2,,9.98575,842,183250,0.910176,241,0,6,,0,0,0,0,0,0,0,0,0,,1500,1500,,0,0,0,0
1613871744534,6,1010123456034,77,,1,0,12,1,2,,10.9159,856,184094,1.01914,244,0,6.16667,,0,0,0,0,0,0,0,0,0,,1500,1494,,0,0,0,0
1613871744784,6,1010123456034,77,,1,0,12,1,2,,12.6328,847,184321,1.26198,241,0,7.2,,0,0,0,0,0,0,0,0,0,,1500,1497,,0,0,0,0
1613871745034,6,1010123456034,77,,1,0,12,1,2,,11.0532,864,184214,1.0456,247,0,6.28571,,0.1,80,0,0.1,23,52.1739,0,0.951131,31,,1500,1500,,0,0,0,6.3125
1613871745284,6,1010123456034,77,,1,0,12,1,2,,10.6999,853,183021,0.989024,243,0,6.16667,,0,0,0,0,0,0,0,0,0,,1500,1494,,0,0,0,0
1613871745534,6,1010123456034,77,,1,0,12,1,2,,10.7815,842,183230,0.986656,241,0,6.25,,0,0,0,0,0,0,0,0,0,,1500,1500,,0,0,0,0
1613871745784,6,1010123456034,77,,1,0,12,1,2,,8.91892,851,183689,0.840192,244,0,5,,0,0,0,0,0,0,0,0,0,,1500,1491,,0,0,0,0
1613871746034,6,1010123456034,77,,1,0,12,1,2,,11.9213,826,183177,1.1433,240,0,6.71429,,15.4253,87,0,0.217664,27,74.0741,0,8.75958,31,,1500,1482,,0,0,0,7.51724
1613871746284,6,1010123456034,77,,1,0,12,1,2,,11.3684,866,183137,1.09562,246,0,6.4,,0,0,0,0,0,0,0,0,0,,1500,1494,,0,0,0,0
1613871746534,6,1010123456034,77,,1,0,12,1,2,,9.5,842,183114,0.857056,239,0,5.66667,,0,0,0,0,0,0,0,0,0,,1500,1473,,0,0,0,0
1613871746784,6,1010123456034,77,,1,0,12,1,2,,10.6093,860,183664,0.973472,245,0,6,,0,0,0,0,0,0,0,0,0,,1500,1500,,0,0,0,0
1613871747034,6,1010123456034,77,,1,0,12,1,2,,11.2832,837,183618,0.98816,238,0,6.85714,,8.3125,48,0,0.1,14,57.1429,0,5.8769,31,,1500,1473,,0,0,0,6.66667
1613871747284,6,1010123456034,77,,1,0,12,1,2,,12.0668,853,183380,1.24422,244,0,6.16667,,0,0,0,0,0,0,0,0,0,,1500,1491,,0,0,0,0
1613871747534,6,1010123456034,77,,1,0,12,1,2,,12.0258,852,183926,1.15722,243,0,6.66667,,0,0,0,0,0,0,0,0,0,,1500,1464,,0,0,0,0
1613871747784,6,1010123456034,77,,1,0,12,1,2,,12.5212,848,183383,1.24093,241,0,7,,0,0,0,0,0,0,0,0,0,,1500,1479,,0,0,0,0
1613871748034,6,1010123456034,77,,1,0,12,1,2,,10.879,851,183061,1.00576,244,0,6.2,,0,12,0,0,4,100,0,0,0,,1500,1497,,0,0,0,0
1613871748284,6,1010123456034,77,,1,0,12,1,2,,11.1934,848,183193,1.03184,241,0,6.6,,0.1,7,0,0.1,2,0,0,1.26023,31,,1500,1494,,0,0,0,2.71429
1613871748534,6,1010123456034,77,,1,0,12,1,2,,12,844,183417,1.224,244,0,7,,0.1,7,0,0.1,2,50,0,0.318217,31,,1500,1494,,0,0,0,6.57143
1613871748784,6,1010123456034,77,,1,0,12,1,2,,10.9603,857,184234,1.01501,243,0,6.16667,,0,0,0,0,0,0,0,0,0,,1500,1497,,0,0,0,0
1613871749034,6,1010123456034,77,,1,0,12,1,2,,10.7405,844,183101,0.990336,244,0,6.16667,,6.80488,41,0,0.1,12,41.6667,0,11.2221,31,,1500,1485,,0,0,0,4.80488
1613871749284,6,1010123456034,77,,1,0,12,1,2,,10.4655,827,183567,0.928256,236,0,6,,0,0,0,0,0,0,0,0,0,,1500,1446,,0,0,0,0
1613871749534,6,1010123456034,77,,1,0,12,1,2,,10.4874,835,183531,0.946688,240,0,6,,15,4,0,0.1,1,0,0,21.3809,31,,1500,1491,,0,0,0,1
1613871749784,6,1010123456034,77,,1,0,12,1,2,,12.6591,839,183903,1.3049,242,0,7,,0,0,0,0,0,0,0,0,0,,1500,1482,,0,0,0,0
1613871750034,6,1010123456034,77,,1,0,12,1,2,,10.9847,784,183811,1.03728,235,0,6.4,,12.575,80,0,0.1,26,73.0769,0,3.53179,31,,1500,1449,,0,0,0,7.9875
1613871750284,6,1010123456034,77,,1,0,12,1,2,,10.8181,863,183678,1.00669,245,0,6,,0,0,0,0,0,0,0,0,0,,1500,1488,,0,0,0,0
1613871750534,6,1010123456034,77,,1,0,12,1,2,,10.7831,862,183458,0.993728,246,0,6.16667,,0,0,0,0,0,0,0,0,0,,1500,1497,,0,0,0,0
1613871750784,6,1010123456034,77,,1,0,12,1,2,,7.68261,857,183195,0.775712,245,0,5.6,,0,0,0,0,0,0,0,0,0,,1500,1485,,0,0,0,0
1613871751034,6,1010123456034,77,,1,0,12,1,2,,10.7773,853,183543,0.989568,242,0,6.16667,,11.5,12,0,0.1,4,0,0,23.4703,31,,1500,1485,,0,0,0,1
1613871751284,6,1010123456034,77,,1,0,12,1,2,,8.53374,830,184010,0.795552,238,0,5,,0,0,0,0,0,0,0,0,0,,1500,1449,,0,0,0,0
1613871751534,6,1010123456034,77,,1,0,12,1,2,,12.5123,851,183356,1.23926,241,0,7,,0,0,0,0,0,0,0,0,0,,1500,1494,,0,0,0,0
1613871751784,6,1010123456034,77,,1,0,12,1,2,,10.7923,857,183168,1.0103,244,0,6.16667,,0,0,0,0,0,0,0,0,0,,1500,1494,,0,0,0,0
1613871752034,6,1010123456034,77,,1,0,12,1,2,,10.509,831,184204,0.961536,244,0,6,,8.69388,49,0,0.1,14,57.1429,0,3.79712,31,,1500,1476,,0,0,0,6.69388
1613871752284,6,1010123456034,77,,1,0,12,1,2,,11.0185,866,182887,1.03296,246,0,6.2,,0,0,0,0,0,0,0,0,0,,1500,1491,,0,0,0,0
1613871752534,6,1010123456034,77,,1,0,12,1,2,,10.9165,838,183166,0.984896,238,0,6.2,,0,0,0,0,0,0,0,0,0,,1500,1482,,0,0,0,0
1613871752784,6,1010123456034,77,,1,0,12,1,2,,8.66356,859,184239,0.836704,245,0,5.8,,0,0,0,0,0,0,0,0,0,,1500,1491,,0,0,0,0
1613871753034,6,1010123456034,77,,1,0,12,1,2,,12.4576,826,183664,1.22333,241,0,7,,1.25,64,0,0.1,20,65,0,2.85268,31,,1500,1485,,0,0,0,7.07812
1613871753284,6,1010123456034,77,,1,0,12,1,2,,11.1735,859,183415,1.05802,245,0,6.33333,,0,0,0,0,0,0,0,0,0,,1500,1491,,0,0,0,0
1613871753534,6,1010123456034,77,,1,0,12,1,2,,10.6062,838,183485,0.948064,239,0,6,,0,0,0,0,0,0,0,0,0,,1500,1488,,0,0,0,0
1613871753784,6,1010123456034,77,,1,0,12,1,2,,10.4144,835,184161,0.923168,237,0,6,,0,0,0,0,0,0,0,0,0,,1500,1452,,0,0,0,0
1613871754034,6,1010123456034,77,,1,0,12,1,2,,11.0812,850,184527,1.02653,243,0,6.28571,,4.61538,39,0,0.1,11,54.5455,0,3.95551,31,,1500,1494,,0,0,0,5.89744
1613871754284,6,1010123456034,77,,1,0,12,1,2,,10.7377,854,183154,0.995584,244,0,6.2,,0,0,0,0,0,0,0,0,0,,1500,1497,,0,0,0,0
1613871754534,6,1010123456034,77,,1,0,12,1,2,,10.5123,855,184088,0.962432,244,0,6,,0,0,0,0,0,0,0,0,0,,1500,1497,,0,0,0,0
1613871754784,6,1010123456034,77,,1,0,12,1,2,,10.8051,862,183596,1.01168,247,0,6.16667,,0,0,0,0,0,0,0,0,0,,1500,1494,,0,0,0,0
1613871755034,6,1010123456034,77,,1,0,12,1,2,,11.2524,824,183914,1.02461,239,0,6.5,,0.1,51,0,0.1,15,53.3333,0,2.35326,31,,1500,1482,,0,0,0,6.17647
1613871755284,6,1010123456034,77,,1,0,12,1,2,,11.0411,851,183026,1.03475,244,0,6.16667,,0,0,0,0,0,0,0,0,0,,1500,1500,,0,0,0,0
1613871755534,6,1010123456034,77,,1,0,12,1,2,,10.7051,858,183061,0.988416,244,0,6.2,,0,0,0,0,0,0,0,0,0,,1500,1485,,0,0,0,0
1613871755784,6,1010123456034,77,,1,0,12,1,2,,8.65933,863,183193,0.825696,245,0,5.5,,0,0,0,0,0,0,0,0,0,,1500,1497,,0,0,0,0
1613871756034,6,1010123456034,77,,1,0,12,1,2,,10.7367,828,183399,0.969408,242,0,6.14286,,0.1,27,0,0.1,8,12.5,0,4.26988,31,,1500,1500,,0,0,0,3.48148
1613871756284,6,1010123456034,77,,1,0,12,1,2,,10.503,835,183361,0.949632,240,0,6,,0,0,0,0,0,0,0,0,0,,1500,1494,,0,0,0,0
1613871756534,6,1010123456034,77,,1,0,12,1,2,,10.8692,856,184163,1.01382,246,0,6.2,,0,3,0,0.1,1,0,0,0,31,,1500,1482,,0,0,0,0
1613871756784,6,1010123456034,77,,1,0,12,1,2,,9.92907,860,183868,0.911712,244,0,5.8,,0,3,0,0.1,1,0,0,0,31,,1500,1491,,0,0,0,0
1613871757034,6,1010123456034,77,,1,0,12,1,2,,11.0048,827,184289,1.02595,241,0,6.28571,,10.5714,42,0,0.1,13,61.5385,0,8.66385,31,,1500,1491,,0,0,0,6.5
1613871757284,6,1010123456034,77,,1,0,12,1,2,,10.8868,857,183980,1.00566,243,0,6.2,,0,0,0,0,0,0,0,0,0,,1500,1500,,0,0,0,0
1613871757534,6,1010123456034,77,,1,0,12,1,2,,10.7521,851,184329,0.981568,242,0,6.2,,0,0,0,0,0,0,0,0,0,,1500,1488,,0,0,0,0
1613871757784,6,1010123456034,77,,1,0,12,1,2,,9.84056,853,184246,0.906016,243,0,5.8,,0,0,0,0,0,0,0,0,0,,1500,1491,,0,0,0,0
1613871758034,6,1010123456034,77,,1,0,12,1,2,,11.9414,836,183633,1.15216,241,0,6.57143,,14.1111,27,0,0.123872,8,50,0,11.4236,31,,1500,1491,,0,0,0,5.66667
1613871758284,6,1010123456034,77,,1,0,12,1,2,,10.5499,862,183939,0.982528,248,0,6,,0,0,0,0,0,0,0,0,0,,1500,1497,,0,0,0,0
1613871758534,6,1010123456034,77,,1,0,12,1,2,,10.7743,855,183833,0.998656,244,0,6.16667,,0,0,0,0,0,0,0,0,0,,1500,1485,,0,0,0,0
1613871758784,6,1010123456034,77,,1,0,12,1,2,,12.6849,857,184118,1.26016,244,0,7,,0,0,0,0,0,0,0,0,0,,1500,1497,,0,0,0,0
1613871759034,6,1010123456034,77,,1,0,12,1,2,,10.1076,827,183567,0.922688,238,0,6,,5.49296,71,0,0.1,21,76.1905,0,2.56148,31,,1500,1485,,0,0,0,7.91549
1613871759284,6,1010123456034,77,,1,0,12,1,2,,11.2291,860,183125,1.05549,244,0,6.5,,0,0,0,0,0,0,0,0,0,,1500,1497,,0,0,0,0
1613871759534,6,1010123456034,77,,1,0,12,1,2,,10.8767,860,184068,1.00893,245,0,6.16667,,0,0,0,0,0,0,0,0,0,,1500,1500,,0,0,0,0
1613871759784,6,1010123456034,77,,1,0,12,1,2,,10.5709,860,183267,0.973472,245,0,6,,0,0,0,0,0,0,0,0,0,,1500,1500,,0,0,0,0
1613871760034,6,1010123456034,77,,1,0,12,1,2,,13.2462,796,183099,1.41331,232,0,7.42857,,14.2022,89,0,0.13808,28,82.1429,0,4.76144,31,,1500,1419,,0,0,0,8.2809
1613871760284,6,1010123456034,77,,1,0,12,1,2,,9.59604,859,183673,0.884192,244,0,5.66667,,0,0,0,0,0,0,0,0,0,,1500,1497,,0,0,0,0
1613871760534,6,1010123456034,77,,1,0,12,1,2,,10.5418,849,183358,0.957888,242,0,6,,0,0,0,0,0,0,0,0,0,,1500,1467,,0,0,0,0
1613871760784,6,1010123456034,77,,1,0,12,1,2,,10.0107,845,183780,0.934976,244,0,6,,0,0,0,0,0,0,0,0,0,,1500,1494,,0,0,0,0
1613871761034,6,1010123456034,77,,1,0,12,1,2,,10.7187,846,184083,0.997888,242,0,6,,3.92,50,0,0.1,14,42.8571,0,8.73626,31,,1500,1485,,0,0,0,4.92
1613871761284,6,1010123456034,77,,1,0,12,1,2,,9.56512,860,184107,0.888768,246,0,6.2,,0,0,0,0,0,0,0,0,0,,1500,1497,,0,0,0,0
1613871761534,6,1010123456034,77,,1,0,12,1,2,,10.814,860,183935,1.00224,244,0,6.16667,,0,0,0,0,0,0,0,0,0,,1500,1491,,0,0,0,0
1613871761784,6,1010123456034,77,,1,0,12,1,2,,10.7503,857,184017,0.99136,244,0,6.16667,,0,0,0,0,0,0,0,0,0,,1500,1482,,0,0,0,0
1613871762034,6,1010123456034,77,,1,0,12,1,2,,11.971,794,183735,1.13907,236,0,6.66667,,15.3158,76,0,0.188192,25,80,0,5.53772,31,,1500,1476,,0,0,0,7.98684
1613871762284,6,1010123456034,77,,1,0,12,1,2,,9.3673,844,183402,0.871136,241,0,5.66667,,0,0,0,0,0,0,0,0,0,,1500,1482,,0,0,0,0
1613871762534,6,1010123456034,77,,1,0,12,1,2,,10.6012,855,183893,0.976032,245,0,6,,0,0,0,0,0,0,0,0,0,,1500,1494,,0,0,0,0
1613871762784,6,1010123456034,77,,1,0,12,1,2,,10.0501,858,184067,0.955776,246,0,6,,0,0,0,0,0,0,0,0,0,,1500,1488,,0,0,0,0
1613871763034,6,1010123456034,77,,1,0,12,1,2,,10.5777,824,184174,0.929568,237,0,6,,0.1,56,0,0.1,16,25,0,6.38969,31,,1500,1458,,0,0,0,4
1613871763284,6,1010123456034,77,,1,0,12,1,2,,9.8585,841,183134,0.892864,240,0,5.8,,0,0,0,0,0,0,0,0,0,,1500,1485,,0,0,0,0
1613871763534,6,1010123456034,77,,1,0,12,1,2,,10.9384,860,183964,1.0112,244,0,6.16667,,0,0,0,0,0,0,0,0,0,,1500,1491,,0,0,0,0
1613871763784,6,1010123456034,77,,1,0,12,1,2,,11.0331,845,183408,1.01021,241,0,6.4,,0,0,0,0,0,0,0,0,0,,1500,1470,,0,0,0,0
1613871764034,6,1010123456034,77,,1,0,12,1,2,,11.069,855,183820,1.03018,243,0,6.16667,,0.1,40,0,0.1,11,27.2727,0,2.47101,31,,1500,1491,,0,0,0,4.85
1613871764284,6,1010123456034,77,,1,0,12,1,2,,11.3035,850,184020,1.08374,245,0,6.5,,0,0,0,0,0,0,0,0,0,,1500,1491,,0,0,0,0
1613871764534,6,1010123456034,77,,1,0,12,1,2,,10.5775,845,183832,0.950784,240,0,6,,0,0,0,0,0,0,0,0,0,,1500,1479,,0,0,0,0
1613871764784,6,1010123456034,77,,1,0,12,1,2,,10.5829,844,183521,0.959264,241,0,6,,0,0,0,0,0,0,0,0,0,,1500,1491,,0,0,0,0
1613871765034,6,1010123456034,77,,1,0,12,1,2,,11.905,842,183762,1.16854,245,0,6.57143,,15.1519,79,0,0.175744,25,80,0,4.70267,31,,1500,1479,,0,0,0,8.29114
1613871765284,6,1010123456034,77,,1,0,12,1,2,,9.99305,863,184162,0.936384,246,0,5.83333,,0,3,0,0.1,1,0,0,0,31,,1500,1497,,0,0,0,0
1613871765534,6,1010123456034,77,,1,0,12,1,2,,10.0494,850,183269,0.932576,243,0,6,,15,13,0,0,4,100,0,1.17689,0,,1500,1473,,0,0,0,10
1613871765784,6,1010123456034,77,,1,0,12,1,2,,10.6481,827,183391,0.986272,239,0,6.2,,0,0,0,0,0,0,0,0,0,,1500,1476,,0,0,0,0
1613871766034,6,1010123456034,77,,1,0,12,1,2,,10.4756,839,184429,0.966784,244,0,6,,8.18182,44,0,0.1,13,69.2308,0,5.34061,31,,1500,1491,,0,0,0,7.97727
1613871766284,6,1010123456034,77,,1,0,12,1,2,,9.86605,866,183923,0.917824,246,0,5.83333,,0,0,0,0,0,0,0,0,0,,1500,1494,,0,0,0,0
1613871766534,6,1010123456034,77,,1,0,12,1,2,,9.59501,842,183527,0.874784,241,0,5.5,,0,0,0,0,0,0,0,0,0,,1500,1473,,0,0,0,0
1613871766784,6,1010123456034,77,,1,0,12,1,2,,11.1725,835,183704,1.03098,238,0,6.5,,0,0,0,0,0,0,0,0,0,,1500,1473,,0,0,0,0
1613871767034,6,1010123456034,77,,1,0,12,1,2,,11.0488,840,183061,1.01248,240,0,6.28571,,0,12,0,0,4,100,0,0,0,,1500,1488,,0,0,0,0
1613871767284,6,1010123456034,77,,1,0,12,1,2,,10.7969,842,183238,0.9888,242,0,6.25,,5.4,20,0,0.1,6,66.6667,0,9.95224,31,,1500,1482,,0,0,0,6.4
1613871767534,6,1010123456034,77,,1,0,12,1,2,,9.79092,837,183716,0.932416,240,0,6.2,,5.68421,19,0,0.1,6,66.6667,0,1.85054,0,,1500,1488,,0,0,0,6.68421
1613871767784,6,1010123456034,77,,1,0,12,1,2,,9.26453,843,184274,0.8816,242,0,5,,0,0,0,0,0,0,0,0,0,,1500,1485,,0,0,0,0
1613871768034,6,1010123456034,77,,1,0,12,1,2,,10.7011,843,183103,0.990688,243,0,6.25,,4.01786,56,0,0.1,17,47.0588,0,3.61882,31,,1500,1491,,0,0,0,5.53571
1613871768284,6,1010123456034,77,,1,0,12,1,2,,10.8749,839,184318,1.0049,243,0,6.33333,,0,0,0,0,0,0,0,0,0,,1500,1491,,0,0,0,0
1613871768534,6,1010123456034,77,,1,0,12,1,2,,10.8192,852,184402,0.989824,242,0,6,,0,0,0,0,0,0,0,0,0,,1500,1485,,0,0,0,0
1613871768784,6,1010123456034,77,,1,0,12,1,2,,10.8378,851,184277,0.997056,244,0,6.16667,,0,0,0,0,0,0,0,0,0,,1500,1494,,0,0,0,0
1613871769034,6,1010123456034,77,,1,0,12,1,2,,13.1953,845,183932,1.37744,245,0,7.33333,,15.1067,75,0,0.1,23,86.9565,0,4.6857,31,,1500,1494,,0,0,0,8.68
1613871769284,6,1010123456034,77,,1,0,12,1,2,,10.9918,853,183202,1.02134,243,0,6.33333,,0,0,0,0,0,0,0,0,0,,1500,1476,,0,0,0,0
1613871769534,6,1010123456034,77,,1,0,12,1,2,,10.7189,836,183963,0.97264,239,0,6.16667,,0,0,0,0,0,0,0,0,0,,1500,1452,,0,0,0,0
1613871769784,6,1010123456034,77,,1,0,12,1,2,,10.6019,824,184304,0.932032,234,0,6,,0,0,0,0,0,0,0,0,0,,1500,1476,,0,0,0,0
1613871770034,6,1010123456034,77,,1,0,12,1,2,,11.068,853,183193,1.03229,243,0,6.28571,,14.95,40,0,0.1,12,83.3333,0,7.73121,31,,1500,1488,,0,0,0,8.65
1613871770284,6,1010123456034,77,,1,0,12,1,2,,10.4806,851,183329,0.9416,241,0,6,,0,0,0,0,0,0,0,0,0,,1500,1464,,0,0,0,0
1613871770534,6,1010123456034,77,,1,0,12,1,2,,10.8264,841,183579,0.98624,240,0,6.2,,0,0,0,0,0,0,0,0,0,,1500,1500,,0,0,0,0
1613871770784,6,1010123456034,77,,1,0,12,1,2,,11.8382,853,183262,1.14544,243,0,6.8,,0,0,0,0,0,0,0,0,0,,1500,1494,,0,0,0,0
1613871771034,6,1010123456034,77,,1,0,12,1,2,,12.321,841,183996,1.20749,242,0,6.85714,,15,16,0,0,4,100,0,1.21792,0,,1500,1482,,0,0,0,10
1613871771284,6,1010123456034,77,,1,0,12,1,2,,10.6767,863,184218,0.98256,245,0,6,,5.14286,7,0,0.1,2,50,0,8.35125,31,,1500,1494,,0,0,0,6.14286
1613871771534,6,1010123456034,77,,1,0,12,1,2,,10.0059,844,183910,0.932384,241,0,5.83333,,6.63158,38,0,0.1,10,70,0,3.49936,0,,1500,1476,,0,0,0,8.05263
1613871771784,6,1010123456034,77,,1,0,12,1,2,,10.3147,858,183814,0.929376,245,0,6,,0,0,0,0,0,0,0,0,0,,1500,1488,,0,0,0,0
1613871772034,6,1010123456034,77,,1,0,12,1,2,,10.1454,853,183885,0.947904,244,0,6,,8.4,90,0,0.1,25,68,0,4.01703,31,,1500,1488,,0,0,0,7.42222
1613871772284,6,1010123456034,77,,1,0,12,1,2,,10.2895,860,183141,0.967168,246,0,6.16667,,0,0,0,0,0,0,0,0,0,,1500,1488,,0,0,0,0
1613871772534,6,1010123456034,77,,1,0,12,1,2,,10.5287,855,183949,0.975136,245,0,6,,0,0,0,0,0,0,0,0,0,,1500,1488,,0,0,0,0
1613871772784,6,1010123456034,77,,1,0,12,1,2,,10.4462,845,183988,0.944416,241,0,6,,0,0,0,0,0,0,0,0,0,,1500,1482,,0,0,0,0
1613871773034,6,1010123456034,77,,1,0,12,1,2,,10.0036,842,183213,0.926784,246,0,6,,13.05,20,0,0.1,6,66.6667,0,10.869,31,,1500,1494,,0,0,0,6.85
1613871773284,6,1010123456034,77,,1,0,12,1,2,,11.0722,872,184234,1.05917,247,0,6.4,,0,0,0,0,0,0,0,0,0,,1500,1494,,0,0,0,0
1613871773534,6,1010123456034,77,,1,0,12,1,2,,10.1631,840,183664,0.934304,240,0,6,,0,0,0,0,0,0,0,0,0,,1500,1449,,0,0,0,0
1613871773784,6,1010123456034,77,,1,0,12,1,2,,10.1977,860,183907,0.92384,244,0,6,,0,0,0,0,0,0,0,0,0,,1500,1494,,0,0,0,0
1613871774034,6,1010123456034,77,,1,0,12,1,2,,8.45818,801,184258,0.754336,234,0,5.57143,,14.3273,55,0,0.1,17,76.4706,0,5.6851,31,,1500,1461,,0,0,0,7.87273
1613871774284,6,1010123456034,77,,1,0,12,1,2,,10.8214,868,183581,1.02134,249,0,6.16667,,0,0,0,0,0,0,0,0,0,,1500,1494,,0,0,0,0
1613871774534,6,1010123456034,77,,1,0,12,1,2,,9.87897,851,183548,0.896608,241,0,5.83333,,0,0,0,0,0,0,0,0,0,,1500,1494,,0,0,0,0
1613871774784,6,1010123456034,77,,1,0,12,1,2,,10.8053,863,183117,1.00794,246,0,6.16667,,0,3,0,0.1,1,0,0,0,31,,1500,1500,,0,0,0,0
1613871775034,6,1010123456034,77,,1,0,12,1,2,,10.6871,834,183632,0.980224,242,0,6.16667,,15.6465,99,0,0.1,32,90.625,0,3.10277,31,,1500,1464,,0,0,0,9.0404
1613871775284,6,1010123456034,77,,1,0,12,1,2,,9.83784,851,183671,0.904,244,0,5.83333,,0,0,0,0,0,0,0,0,0,,1500,1482,,0,0,0,0
1613871775534,6,1010123456034,77,,1,0,12,1,2,,10.8781,853,183554,0.994976,241,0,6.16667,,0,3,0,0.1,1,0,0,0,31,,1500,1488,,0,0,0,0
1613871775784,6,1010123456034,77,,1,0,12,1,2,,10.6928,843,184271,0.968256,242,0,6,,0,0,0,0,0,0,0,0,0,,1500,1494,,0,0,0,0
1613871776034,6,1010123456034,77,,1,0,12,1,2,,9.59259,837,183474,0.88448,240,0,5.83333,,0,12,0,0,4,100,0,0,0,,1500,1479,,0,0,0,0
1613871776284,6,1010123456034,77,,1,0,12,1,2,,10.3819,851,183227,0.952704,244,0,6,,0.1,8,0,0.1,2,50,0,1.19785,31,,1500,1497,,0,0,0,6
1613871776534,6,1010123456034,77,,1,0,12,1,2,,10.6112,859,183531,0.98544,247,0,6,,0,3,0,0.1,1,0,0,0,0,,1500,1488,,0,0,0,0
1613871776784,6,1010123456034,77,,1,0,12,1,2,,10.5599,843,183199,0.956704,241,0,6,,0,0,0,0,0,0,0,0,0,,1500,1488,,0,0,0,0
1613871777034,6,1010123456034,77,,1,0,12,1,2,,10.6686,842,183738,0.981664,243,0,6.14286,,0.1,31,0,0.1,9,44.4444,0,1.31338,31,,1500,1482,,0,0,0,5.3871
1613871777284,6,1010123456034,77,,1,0,12,1,2,,10.8645,856,183447,0.999904,243,0,6.16667,,0,0,0,0,0,0,0,0,0,,1500,1485,,0,0,0,0
1613871777534,6,1010123456034,77,,1,0,12,1,2,,10.7817,843,183601,0.983616,242,0,6.16667,,0,0,0,0,0,0,0,0,0,,1500,1482,,0,0,0,0
1613871777784,6,1010123456034,77,,1,0,12,1,2,,11.4952,840,183965,1.08608,240,0,6.6,,0,0,0,0,0,0,0,0,0,,1500,1488,,0,0,0,0
1613871778034,6,1010123456034,77,,1,0,12,1,2,,11.1312,861,183790,1.04634,246,0,6.16667,,0.1,63,0,0.1,18,27.7778,0,3.80637,31,,1500,1500,,0,0,0,4.26984
1613871778284,6,1010123456034,77,,1,0,12,1,2,,10.8205,858,183340,1.00986,246,0,6.2,,0,0,0,0,0,0,0,0,0,,1500,1494,,0,0,0,0
1613871778534,6,1010123456034,77,,1,0,12,1,2,,12.4045,843,183356,1.22726,240,0,7,,0,0,0,0,0,0,0,0,0,,1500,1470,,0,0,0,0
1613871778784,6,1010123456034,77,,1,0,12,1,2,,11.3329,856,183340,1.08173,244,0,6.5,,0,0,0,0,0,0,0,0,0,,1500,1500,,0,0,0,0
1613871779034,6,1010123456034,77,,1,0,12,1,2,,10.662,849,183621,0.9872,244,0,6.14286,,6.77419,31,0,0.1,9,44.4444,0,5.89048,31,,1500,1494,,0,0,0,5.77419
1613871779284,6,1010123456034,77,,1,0,12,1,2,,11.4917,840,184287,1.15712,242,0,6.66667,,0.1,4,0,0.1,1,0,0,18.6929,31,,1500,1470,,0,0,0,1
1613871779534,6,1010123456034,77,,1,0,12,1,2,,10.5932,848,183592,0.969312,243,0,6,,0,0,0,0,0,0,0,0,0,,1500,1479,,0,0,0,0
1613871779784,6,1010123456034,77,,1,0,12,1,2,,10.5046,868,184177,0.9752,247,0,6,,0,0,0,0,0,0,0,0,0,,1500,1491,,0,0,0,0
1613871780034,6,1010123456034,77,,1,0,12,1,2,,13.45,840,183531,1.38259,246,0,6.66667,,15.9639,83,0,0.1,27,88.8889,0,3.68262,31,,1500,1497,,0,0,0,8.91566
1613871780284,6,1010123456034,77,,1,0,12,1,2,,11.2518,850,184134,1.06938,242,0,6.5,,0,0,0,0,0,0,0,0,0,,1500,1488,,0,0,0,0
1613871780534,6,1010123456034,77,,1,0,12,1,2,,11.3021,864,183080,1.07952,247,0,6.5,,0,0,0,0,0,0,0,0,0,,1500,1491,,0,0,0,0
1613871780784,6,1010123456034,77,,1,0,12,1,2,,10.6172,862,183451,0.978496,246,0,6,,0,0,0,0,0,0,0,0,0,,1500,1494,,0,0,0,0
1613871781034,6,1010123456034,77,,1,0,12,1,2,,10.4596,853,183279,0.953344,244,0,6,,0.1,39,0,0.1,12,66.6667,0,4.24807,31,,1500,1479,,0,0,0,7.38462
1613871781284,6,1010123456034,77,,1,0,12,1,2,,10.5956,863,183745,0.9776,246,0,6,,15,16,0,0,4,100,0,1.22465,0,,1500,1500,,0,0,0,10
1613871781534,6,1010123456034,77,,1,0,12,1,2,,9.87022,863,184333,0.926144,246,0,6,,0,0,0,0,0,0,0,0,0,,1500,1494,,0,0,0,0
1613871781784,6,1010123456034,77,,1,0,12,1,2,,10.7283,865,184155,1.00557,248,0,6,,0,0,0,0,0,0,0,0,0,,1500,1497,,0,0,0,0
1613871782034,6,1010123456034,77,,1,0,12,1,2,,12.1563,851,184112,1.17923,243,0,6.57143,,13.0345,29,0,0.1,9,66.6667,0,8.5274,31,,1500,1494,,0,0,0,7
1613871782284,6,1010123456034,77,,1,0,12,1,2,,10.5956,863,183139,0.980032,246,0,6,,0,0,0,0,0,0,0,0,0,,1500,1482,,0,0,0,0
1613871782534,6,1010123456034,77,,1,0,12,1,2,,9.20592,845,183661,0.8376,241,0,5.75,,0,0,0,0,0,0,0,0,0,,1500,1461,,0,0,0,0
1613871782784,6,1010123456034,77,,1,0,12,1,2,,11.1988,860,184375,1.06499,245,0,6.33333,,0,0,0,0,0,0,0,0,0,,1500,1497,,0,0,0,0
1613871783034,6,1010123456034,77,,1,0,12,1,2,,10.7206,816,183519,0.976384,240,0,6.16667,,14.95,20,0,0.1,6,66.6667,0,17.7133,31,,1500,1494,,0,0,0,6.85
1613871783284,6,1010123456034,77,,1,0,12,1,2,,9.9409,846,183281,0.90784,242,0,6,,0,0,0,0,0,0,0,0,0,,1500,1482,,0,0,0,0
1613871783534,6,1010123456034,77,,1,0,12,1,2,,12.3283,856,183804,1.20842,243,0,6.66667,,0,0,0,0,0,0,0,0,0,,1500,1494,,0,0,0,0
1613871783784,6,1010123456034,77,,1,0,12,1,2,,10.5932,848,183360,0.963136,242,0,6,,0,0,0,0,0,0,0,0,0,,1500,1473,,0,0,0,0
1613871784034,6,1010123456034,77,,1,0,12,1,2,,11.6398,830,184161,1.1631,239,0,6.42857,,15,15,0,0,4,100,0,1.4746,0,,1500,1476,,0,0,0,10
1613871784284,6,1010123456034,77,,1,0,12,1,2,,10.4272,838,183649,0.954176,241,0,6.33333,,0.1,10,0,0.1,3,33.3333,0,1.11734,31,,1500,1488,,0,0,0,4.1
1613871784534,6,1010123456034,77,,1,0,12,1,2,,9.50634,867,184166,0.887008,247,0,5.6,,0,0,0,0,0,0,0,0,0,,1500,1494,,0,0,0,0
1613871784784,6,1010123456034,77,,1,0,12,1,2,,10.6177,858,183656,1.00531,246,0,6.2,,0,0,0,0,0,0,0,0,0,,1500,1491,,0,0,0,0
1613871785034,6,1010123456034,77,,1,0,12,1,2,,11.1387,858,183319,1.19766,247,0,6.57143,,0.1,38,0,0.1,12,33.3333,0,1.01478,31,,1500,1491,,0,0,0,4.23684
1613871785284,6,1010123456034,77,,1,0,12,1,2,,10.934,864,183778,1.01962,247,0,6.33333,,0,0,0,0,0,0,0,0,0,,1500,1494,,0,0,0,0
1613871785534,6,1010123456034,77,,1,0,12,1,2,,12.405,847,184168,1.21821,243,0,6.83333,,0,0,0,0,0,0,0,0,0,,1500,1491,,0,0,0,0
1613871785784,6,1010123456034,77,,1,0,12,1,2,,10.9645,844,183337,1.0241,243,0,6.5,,0,0,0,0,0,0,0,0,0,,1500,1491,,0,0,0,0
1613871786034,6,1010123456034,77,,1,0,12,1,2,,11.9654,837,183567,1.17011,242,0,6.57143,,15.2235,85,0,0.1,27,88.8889,0,4.04243,31,,1500,1476,,0,0,0,8.8
1613871786284,6,1010123456034,77,,1,0,12,1,2,,10.5525,838,183409,0.952064,240,0,6,,0,3,0,0.1,1,0,0,0,31,,1500,1470,,0,0,0,0
1613871786534,6,1010123456034,77,,1,0,12,1,2,,10.5798,852,184051,0.975776,243,0,6.25,,0,0,0,0,0,0,0,0,0,,1500,1470,,0,0,0,0
1613871786784,6,1010123456034,77,,1,0,12,1,2,,10.6717,859,184151,0.98864,247,0,6,,15,4,0,0.1,1,0,0,20.346,31,,1500,1494,,0,0,0,1
1613871787034,6,1010123456034,77,,1,0,12,1,2,,10.3911,836,183931,0.956032,244,0,6,,15.3095,42,0,0.1,14,71.4286,0,10.0545,31,,1500,1485,,0,0,0,6.78571
1613871787284,6,1010123456034,77,,1,0,12,1,2,,11.3829,854,183085,1.06333,243,0,6.66667,,0,0,0,0,0,0,0,0,0,,1500,1497,,0,0,0,0
1613871787534,6,1010123456034,77,,1,0,12,1,2,,10.6768,854,183488,0.986368,244,0,6,,0,0,0,0,0,0,0,0,0,,1500,1476,,0,0,0,0
1613871787784,6,1010123456034,77,,1,0,12,1,2,,9.05476,840,182910,0.829504,240,0,5.8,,0,0,0,0,0,0,0,0,0,,1500,1476,,0,0,0,0
1613871788034,6,1010123456034,77,,1,0,12,1,2,,10.8867,830,184024,0.999264,243,0,6.16667,,0.1,49,0,0.1,15,53.3333,0,0.800568,31,,1500,1494,,0,0,0,5.59184
1613871788284,6,1010123456034,77,,1,0,12,1,2,,9.92188,832,183843,0.917056,240,0,5.83333,,0,0,0,0,0,0,0,0,0,,1500,1482,,0,0,0,0
1613871788534,6,1010123456034,77,,1,0,12,1,2,,9.45123,851,183404,0.869344,243,0,5.66667,,0,0,0,0,0,0,0,0,0,,1500,1491,,0,0,0,0
1613871788784,6,1010123456034,77,,1,0,12,1,2,,9.48104,844,184434,0.866368,242,0,5.6,,0,0,0,0,0,0,0,0,0,,1500,1476,,0,0,0,0
1613871789034,6,1010123456034,77,,1,0,12,1,2,,9.76877,839,183229,0.893888,244,0,5.83333,,0.1,13,0,0,4,100,0,0.328869,0,,1500,1464,,0,0,0,10
1613871789284,6,1010123456034,77,,1,0,12,1,2,,9.0257,817,183041,0.817536,236,0,5.6,,0.1,22,0,0.1,6,0,0,1.25564,31,,1500,1455,,0,0,0,1.77273
1613871789534,6,1010123456034,77,,1,0,12,1,2,,12.1893,824,183389,1.14131,238,0,7.6,,0,0,0,0,0,0,0,0,0,,1500,1446,,0,0,0,0
1613871789784,6,1010123456034,77,,1,0,12,1,2,,10.9437,799,184198,0.99104,226,0,6,,0,3,0,0.1,1,0,0,0,31,,1500,1404,,0,0,0,0
1613871790034,6,1010123456034,77,,1,0,12,1,2,,10.5376,852,183690,0.965376,244,0,6,,9.18919,74,0,0.1,23,73.913,0,5.40646,31,,1500,1473,,0,0,0,7.75676
1613871790284,6,1010123456034,77,,1,0,12,1,2,,10.7937,853,183592,0.997248,244,0,6.2,,0,0,0,0,0,0,0,0,0,,1500,1494,,0,0,0,0
1613871790534,6,1010123456034,77,,1,0,12,1,2,,10.7474,863,183606,0.992064,246,0,6,,0,0,0,0,0,0,0,0,0,,1500,1500,,0,0,0,0
1613871790784,6,1010123456034,77,,1,0,12,1,2,,11.5041,861,183492,1.1775,245,0,6.66667,,0,0,0,0,0,0,0,0,0,,1500,1479,,0,0,0,0
1613871791034,6,1010123456034,77,,1,0,12,1,2,,11.7089,797,184365,1.11178,235,0,6.66667,,15.1905,63,0,0.175712,21,76.1905,0,6.08364,31,,1500,1467,,0,0,0,7.85714
1613871791284,6,1010123456034,77,,1,0,12,1,2,,10.6263,859,184466,0.988096,246,0,6.16667,,0,0,0,0,0,0,0,0,0,,1500,1491,,0,0,0,0
1613871791534,6,1010123456034,77,,1,0,12,1,2,,10.6268,852,183604,0.975232,244,0,6,,0,0,0,0,0,0,0,0,0,,1500,1488,,0,0,0,0
1613871791784,6,1010123456034,77,,1,0,12,1,2,,10.7108,830,184467,0.968384,238,0,6.2,,0,0,0,0,0,0,0,0,0,,1500,1476,,0,0,0,0
1613871792034,6,1010123456034,77,,1,0,12,1,2,,10.2519,774,183853,0.87648,223,0,6,,0.1,89,0,0.1,25,48,0,1.61299,31,,1500,1395,,0,0,0,6.17978
1613871792284,6,1010123456034,77,,1,0,12,1,2,,10.613,863,182941,0.97488,245,0,6,,0,0,0,0,0,0,0,0,0,,1500,1494,,0,0,0,0
1613871792534,6,1010123456034,77,,1,0,12,1,2,,10.5847,862,183546,0.973248,246,0,6,,0,0,0,0,0,0,0,0,0,,1500,1494,,0,0,0,0
1613871792784,6,1010123456034,77,,1,0,12,1,2,,13.2222,828,182618,1.3335,236,0,7.6,,0,0,0,0,0,0,0,0,0,,1500,1455,,0,0,0,0
1613871793034,6,1010123456034,77,,1,0,12,1,2,,14.6912,829,183808,1.75152,243,0,6.66667,,15.4023,87,0,0.134944,28,85.7143,0,4.10508,31,,1500,1497,,0,0,0,8.55172
1613871793284,6,1010123456034,77,,1,0,12,1,2,,10.5355,846,183526,0.955968,242,0,6,,0,0,0,0,0,0,0,0,0,,1500,1485,,0,0,0,0
1613871793534,6,1010123456034,77,,1,0,12,1,2,,11.0921,869,183379,1.04445,247,0,6.33333,,0,0,0,0,0,0,0,0,0,,1500,1491,,0,0,0,0
1613871793784,6,1010123456034,77,,1,0,12,1,2,,9.38831,855,183123,0.865184,245,0,5.6,,0,0,0,0,0,0,0,0,0,,1500,1482,,0,0,0,0
1613871794034,6,1010123456034,77,,1,0,12,1,2,,9.90985,843,183899,0.92496,243,0,6,,8,45,0,0.1,13,61.5385,0,3.09063,31,,1500,1476,,0,0,0,7.13333
1613871794284,6,1010123456034,77,,1,0,12,1,2,,11.1475,854,183552,1.01219,243,0,6.8,,0,0,0,0,0,0,0,0,0,,1500,1482,,0,0,0,0
1613871794534,6,1010123456034,77,,1,0,12,1,2,,10.1288,854,184166,1.02646,245,0,5.66667,,0,0,0,0,0,0,0,0,0,,1500,1497,,0,0,0,0
1613871794784,6,1010123456034,77,,1,0,12,1,2,,10.8323,847,183602,1.0025,244,0,6.33333,,0.1,16,0,0,4,100,0,0.145702,0,,1500,1497,,0,0,0,10
1613871795034,6,1010123456034,77,,1,0,12,1,2,,9.7467,833,184165,0.88528,239,0,5.8,,6,30,0,0.1,9,44.4444,0,9.10187,31,,1500,1473,,0,0,0,4.8
1613871795284,6,1010123456034,77,,1,0,12,1,2,,10.5561,865,183359,0.969408,246,0,6,,0,0,0,0,0,0,0,0,0,,1500,1482,,0,0,0,0
1613871795534,6,1010123456034,77,,1,0,12,1,2,,9.21919,844,183048,0.862336,240,0,5.33333,,0.1,4,0,0.1,1,0,0,0.1,31,,1500,1476,,0,0,0,6
1613871795784,6,1010123456034,77,,1,0,12,1,2,,11.3956,857,184324,1.09798,244,0,6.5,,0,0,0,0,0,0,0,0,0,,1500,1494,,0,0,0,0
1613871796034,6,1010123456034,77,,1,0,12,1,2,,10.5818,856,183152,0.98912,246,0,6.16667,,0.1,27,0,0.1,8,12.5,0,1.04796,31,,1500,1494,,0,0,0,3
1613871796284,6,1010123456034,77,,1,0,12,1,2,,10.7314,860,183334,0.980736,244,0,6.16667,,0,0,0,0,0,0,0,0,0,,1500,1500,,0,0,0,0
1613871796534,6,1010123456034,77,,1,0,12,1,2,,10.9148,869,183751,1.03347,248,0,6.16667,,0,6,0,0.1,2,0,0,0,31,,1500,1488,,0,0,0,0
1613871796784,6,1010123456034,77,,1,0,12,1,2,,10.1091,843,184339,0.924608,241,0,6,,0,0,0,0,0,0,0,0,0,,1500,1491,,0,0,0,0
1613871797034,6,1010123456034,77,,1,0,12,1,2,,7.42992,849,183689,0.714656,243,0,5.2,,15,16,0,0,4,100,0,1.06779,0,,1500,1494,,0,0,0,10
1613871797284,6,1010123456034,77,,1,0,12,1,2,,9.7858,859,183389,0.957536,245,0,6.4,,0.1,7,0,0.1,2,0,0,0.941606,31,,1500,1491,,0,0,0,2
1613871797534,6,1010123456034,77,,1,0,12,1,2,,9.57976,840,184399,0.85568,240,0,5.83333,,0,0,0,0,0,0,0,0,0,,1500,1488,,0,0,0,0
1613871797784,6,1010123456034,77,,1,0,12,1,2,,10.6744,860,183320,0.983456,245,0,6,,0,0,0,0,0,0,0,0,0,,1500,1488,,0,0,0,0
1613871798034,6,1010123456034,77,,1,0,12,1,2,,10.7005,848,183974,0.970816,242,0,6,,1.5,32,0,0.1,9,11.1111,0,4.58134,31,,1500,1494,,0,0,0,3.4375
1613871798284,6,1010123456034,77,,1,0,12,1,2,,9.95276,868,184334,0.940128,247,0,6,,0,0,0,0,0,0,0,0,0,,1500,1491,,0,0,0,0
1613871798534,6,1010123456034,77,,1,0,12,1,2,,11.267,854,184088,1.04566,243,0,6.5,,0,0,0,0,0,0,0,0,0,,1500,1494,,0,0,0,0
1613871798784,6,1010123456034,77,,1,0,12,1,2,,9.23957,839,183072,0.858784,240,0,5.66667,,0,0,0,0,0,0,0,0,0,,1500,1458,,0,0,0,0
1613871799034,6,1010123456034,77,,1,0,12,1,2,,10.6173,865,183520,0.965568,246,0,6,,13,16,0,0,4,100,0,1.15954,0,,1500,1488,,0,0,0,10
1613871799284,6,1010123456034,77,,1,0,12,1,2,,10.9158,843,183295,1.0017,243,0,6.16667,,4.28571,7,0,0.1,2,50,0,10.5118,31,,1500,1494,,0,0,0,4.85714
1613871799534,6,1010123456034,77,,1,0,12,1,2,,8.61005,836,183955,0.802432,240,0,5.6,,5.625,16,0,0.1,5,60,0,8.15224,31,,1500,1473,,0,0,0,6.625
1613871799784,6,1010123456034,77,,1,0,12,1,2,,10.7129,836,184507,0.957472,239,0,6.16667,,0,0,0,0,0,0,0,0,0,,1500,1470,,0,0,0,0
1613871800034,6,1010123456034,77,,1,0,12,1,2,,9.74299,856,184067,0.936288,245,0,5.8,,5.78571,56,0,0.1,17,64.7059,0,5.3955,31,,1500,1500,,0,0,0,7.375
1613871800284,6,1010123456034,77,,1,0,12,1,2,,10.1297,848,183164,0.919552,242,0,6.25,,0,0,0,0,0,0,0,0,0,,1500,1494,,0,0,0,0
1613871800534,6,1010123456034,77,,1,0,12,1,2,,9.67455,845,183950,0.886176,243,0,5.83333,,0,0,0,0,0,0,0,0,0,,1500,1461,,0,0,0,0
1613871800784,6,1010123456034,77,,1,0,12,1,2,,9.86332,856,183544,0.906272,241,0,6,,0,0,0,0,0,0,0,0,0,,1500,1473,,0,0,0,0
1613871801034,6,1010123456034,77,,1,0,12,1,2,,10.5091,821,183504,0.946816,240,0,6,,0.1,86,0,0.1,25,44,0,2.8299,31,,1500,1458,,0,0,0,5.55814
1613871801284,6,1010123456034,77,,1,0,12,1,2,,10.6131,827,183665,0.943488,236,0,6,,0,0,0,0,0,0,0,0,0,,1500,1458,,0,0,0,0
1613871801534,6,1010123456034,77,,1,0,12,1,2,,10.2755,853,183304,0.953696,243,0,6.16667,,0,0,0,0,0,0,0,0,0,,1500,1494,,0,0,0,0
1613871801784,6,1010123456034,77,,1,0,12,1,2,,10.8363,849,183313,1.00038,242,0,6.2,,0,3,0,0.1,1,0,0,0,31,,1500,1470,,0,0,0,0
1613871802034,6,1010123456034,77,,1,0,12,1,2,,10.7209,860,183238,0.996896,245,0,6.16667,,3.63636,66,0,0.1,18,44.4444,0,2.08373,31,,1500,1482,,0,0,0,5.81818
1613871802284,6,1010123456034,77,,1,0,12,1,2,,10.5753,850,184330,0.962496,242,0,6,,0,0,0,0,0,0,0,0,0,,1500,1476,,0,0,0,0
1613871802534,6,1010123456034,77,,1,0,12,1,2,,9.83057,844,183096,0.892256,241,0,5.83333,,0,0,0,0,0,0,0,0,0,,1500,1488,,0,0,0,0
1613871802784,6,1010123456034,77,,1,0,12,1,2,,10.7307,843,183510,0.97968,243,0,6,,0,0,0,0,0,0,0,0,0,,1500,1500,,0,0,0,0
1613871803034,6,1010123456034,77,,1,0,12,1,2,,10.5118,848,183186,0.957376,242,0,6,,0.1,36,0,0.1,10,10,0,4.75748,31,,1500,1494,,0,0,0,3.94444
1613871803284,6,1010123456034,77,,1,0,12,1,2,,11.0541,850,183667,1.02621,243,0,6.4,,0,0,0,0,0,0,0,0,0,,1500,1479,,0,0,0,0
1613871803534,6,1010123456034,77,,1,0,12,1,2,,10.9906,847,184099,1.02723,241,0,6.4,,0,0,0,0,0,0,0,0,0,,1500,1476,,0,0,0,0
1613871803784,6,1010123456034,77,,1,0,12,1,2,,9.91559,853,183537,0.920416,243,0,6,,0,0,0,0,0,0,0,0,0,,1500,1488,,0,0,0,0
1613871804034,6,1010123456034,77,,1,0,12,1,2,,11.8899,854,184026,1.25005,245,0,6.83333,,5.37736,53,0,0.1,15,46.6667,0,8.39158,31,,1500,1488,,0,0,0,5.13208
1613871804284,6,1010123456034,77,,1,0,12,1,2,,11.086,860,184256,1.0399,245,0,6.16667,,0,0,0,0,0,0,0,0,0,,1500,1488,,0,0,0,0
1613871804534,6,1010123456034,77,,1,0,12,1,2,,10.4403,854,183859,0.967232,246,0,6,,0,0,0,0,0,0,0,0,0,,1500,1485,,0,0,0,0
1613871804784,6,1010123456034,77,,1,0,12,1,2,,10.0716,852,184212,0.929664,242,0,6,,0,0,0,0,0,0,0,0,0,,1500,1488,,0,0,0,0
1613871805034,6,1010123456034,77,,1,0,12,1,2,,10.8058,855,183871,1.00714,245,0,6.14286,,0.1,43,0,0.1,12,33.3333,0,0.908894,31,,1500,1497,,0,0,0,4.62791
1613871805284,6,1010123456034,77,,1,0,12,1,2,,9.59808,831,183611,0.862528,240,0,5.5,,0,0,0,0,0,0,0,0,0,,1500,1485,,0,0,0,0
1613871805534,6,1010123456034,77,,1,0,12,1,2,,12.3215,843,184278,1.20355,243,0,6.83333,,0,0,0,0,0,0,0,0,0,,1500,1491,,0,0,0,0
1613871805784,6,1010123456034,77,,1,0,12,1,2,,9.2503,839,184334,0.868832,241,0,5.83333,,0,0,0,0,0,0,0,0,0,,1500,1482,,0,0,0,0
1613871806034,6,1010123456034,77,,1,0,12,1,2,,10.8226,851,184025,0.985824,243,0,6.28571,,5.05882,68,0,0.1,19,42.1053,0,5.18439,31,,1500,1500,,0,0,0,5.79412
1613871806284,6,1010123456034,77,,1,0,12,1,2,,11.2445,863,183056,1.08064,248,0,6.33333,,0,0,0,0,0,0,0,0,0,,1500,1491,,0,0,0,0
1613871806534,6,1010123456034,77,,1,0,12,1,2,,10.531,855,183951,0.96448,244,0,6,,0,0,0,0,0,0,0,0,0,,1500,1491,,0,0,0,0
1613871806784,6,1010123456034,77,,1,0,12,1,2,,12.5699,851,183965,1.27078,244,0,7,,0,0,0,0,0,0,0,0,0,,1500,1491,,0,0,0,0
1613871807034,6,1010123456034,77,,1,0,12,1,2,,11.7972,843,183264,1.15437,246,0,6.57143,,15.2273,88,0,0.118592,28,85.7143,0,3.96064,31,,1500,1494,,0,0,0,8.67045
1613871807284,6,1010123456034,77,,1,0,12,1,2,,10.6436,853,183993,0.97472,244,0,6,,0,0,0,0,0,0,0,0,0,,1500,1485,,0,0,0,0
1613871807534,6,1010123456034,77,,1,0,12,1,2,,10.7022,853,183311,0.965536,241,0,6,,0,0,0,0,0,0,0,0,0,,1500,1494,,0,0,0,0
1613871807784,6,1010123456034,77,,1,0,12,1,2,,9.86635,853,184517,0.907456,244,0,5.8,,0,0,0,0,0,0,0,0,0,,1500,1491,,0,0,0,0
1613871808034,6,1010123456034,77,,1,0,12,1,2,,10.8276,870,183815,1.01773,248,0,6.14286,,8.45833,48,0,0.1,14,57.1429,0,8.73393,31,,1500,1497,,0,0,0,6.22917
1613871808284,6,1010123456034,77,,1,0,12,1,2,,9.70444,856,183973,0.898816,245,0,5.66667,,0,0,0,0,0,0,0,0,0,,1500,1485,,0,0,0,0
1613871808534,6,1010123456034,77,,1,0,12,1,2,,11.1078,863,183990,1.04118,245,0,6.4,,0,0,0,0,0,0,0,0,0,,1500,1494,,0,0,0,0
1613871808784,6,1010123456034,77,,1,0,12,1,2,,10.913,862,183031,1.02509,246,0,6.25,,0,0,0,0,0,0,0,0,0,,1500,1494,,0,0,0,0
1613871809034,6,1010123456034,77,,1,0,12,1,2,,10.6723,824,183528,1.04134,240,0,6.2,,8.01923,52,0,0.1,15,53.3333,0,7.73887,31,,1500,1458,,0,0,0,6.40385
1613871809284,6,1010123456034,77,,1,0,12,1,2,,8.47387,861,183948,0.78288,245,0,5.8,,0,0,0,0,0,0,0,0,0,,1500,1497,,0,0,0,0
1613871809534,6,1010123456034,77,,1,0,12,1,2,,11.26,850,183633,1.05082,242,0,6.6,,0,0,0,0,0,0,0,0,0,,1500,1488,,0,0,0,0
1613871809784,6,1010123456034,77,,1,0,12,1,2,,11.3271,850,184216,1.06512,245,0,6.4,,0,0,0,0,0,0,0,0,0,,1500,1497,,0,0,0,0
1613871810034,6,1010123456034,77,,1,0,12,1,2,,9.17823,836,183351,0.843776,240,0,5.83333,,0.1,55,0,0.1,15,20,0,1.16865,31,,1500,1476,,0,0,0,3.92727
1613871810284,6,1010123456034,77,,1,0,12,1,2,,9.05006,839,184125,0.844288,239,0,5.66667,,0,0,0,0,0,0,0,0,0,,1500,1452,,0,0,0,0
1613871810534,6,1010123456034,77,,1,0,12,1,2,,10.6386,866,183896,0.985408,246,0,6.33333,,0,0,0,0,0,0,0,0,0,,1500,1500,,0,0,0,0
1613871810784,6,1010123456034,77,,1,0,12,1,2,,10.7279,860,184093,0.99152,245,0,6,,0,0,0,0,0,0,0,0,0,,1500,1497,,0,0,0,0
1613871811034,6,1010123456034,77,,1,0,12,1,2,,9.87366,839,184309,0.895776,241,0,5.83333,,13.0345,29,0,0.1,9,66.6667,0,8.52031,31,,1500,1488,,0,0,0,7
1613871811284,6,1010123456034,77,,1,0,12,1,2,,10.664,863,183318,0.983744,246,0,6,,0,0,0,0,0,0,0,0,0,,1500,1491,,0,0,0,0
1613871811534,6,1010123456034,77,,1,0,12,1,2,,10.847,856,184497,1.00157,243,0,6.16667,,0,0,0,0,0,0,0,0,0,,1500,1497,,0,0,0,0
1613871811784,6,1010123456034,77,,1,0,12,1,2,,12.0233,857,183173,1.17354,245,0,6.8,,0,0,0,0,0,0,0,0,0,,1500,1485,,0,0,0,0
1613871812034,6,1010123456034,77,,1,0,12,1,2,,10.5,856,182938,0.95344,243,0,6,,0.1,43,0,0.1,12,33.3333,0,1.02086,31,,1500,1485,,0,0,0,5.23256
1613871812284,6,1010123456034,77,,1,0,12,1,2,,10.5279,841,183776,0.9664,242,0,6.16667,,0,0,0,0,0,0,0,0,0,,1500,1467,,0,0,0,0
1613871812534,6,1010123456034,77,,1,0,12,1,2,,10.2251,862,183386,0.975584,247,0,6,,0,0,0,0,0,0,0,0,0,,1500,1491,,0,0,0,0
1613871812784,6,1010123456034,77,,1,0,12,1,2,,10.8752,841,183196,0.982592,240,0,6.4,,0,0,0,0,0,0,0,0,0,,1500,1473,,0,0,0,0
1613871813034,6,1010123456034,77,,1,0,12,1,2,,10.0083,839,183942,0.930688,242,0,6,,4.89796,49,0,0.1,13,61.5385,0,1.86643,31,,1500,1491,,0,0,0,7.14286
1613871813284,6,1010123456034,77,,1,0,12,1,2,,10.0763,865,184177,0.942592,246,0,6,,0,0,0,0,0,0,0,0,0,,1500,1488,,0,0,0,0
1613871813534,6,1010123456034,77,,1,0,12,1,2,,10.7981,857,184163,0.995328,244,0,6.16667,,0,0,0,0,0,0,0,0,0,,1500,1482,,0,0,0,0
1613871813784,6,1010123456034,77,,1,0,12,1,2,,10.8085,851,182797,0.991584,243,0,6.16667,,0,0,0,0,0,0,0,0,0,,1500,1494,,0,0,0,0
1613871814034,6,1010123456034,77,,1,0,12,1,2,,12.3139,841,184377,1.21818,240,0,6.71429,,7.60714,56,0,0.1,17,58.8235,0,7.45971,31,,1500,1452,,0,0,0,6.75
1613871814284,6,1010123456034,77,,1,0,12,1,2,,10.5656,861,183452,0.978784,247,0,6,,0,0,0,0,0,0,0,0,0,,1500,1488,,0,0,0,0
1613871814534,6,1010123456034,77,,1,0,12,1,2,,9.76978,847,183633,0.898208,243,0,5.83333,,0,0,0,0,0,0,0,0,0,,1500,1494,,0,0,0,0
1613871814784,6,1010123456034,77,,1,0,12,1,2,,9.05327,826,183436,0.825376,237,0,5.6,,0,0,0,0,0,0,0,0,0,,1500,1443,,0,0,0,0
1613871815034,6,1010123456034,77,,1,0,12,1,2,,10.8341,838,183335,1.03005,245,0,6.28571,,15.2239,67,0,0.114176,20,80,0,6.80838,31,,1500,1479,,0,0,0,7.80597
1613871815284,6,1010123456034,77,,1,0,12,1,2,,10.8605,853,184262,1.01354,245,0,6.2,,0,0,0,0,0,0,0,0,0,,1500,1500,,0,0,0,0
1613871815534,6,1010123456034,77,,1,0,12,1,2,,10.5329,850,183755,0.962144,243,0,6,,0,0,0,0,0,0,0,0,0,,1500,1488,,0,0,0,0
1613871815784,6,1010123456034,77,,1,0,12,1,2,,10.5949,827,183636,0.950112,239,0,6,,0,0,0,0,0,0,0,0,0,,1500,1488,,0,0,0,0
1613871816034,6,1010123456034,77,,1,0,12,1,2,,10.2605,833,183000,0.92816,242,0,6.66667,,9.30435,46,0,0.1,14,64.2857,0,6.17988,31,,1500,1482,,0,0,0,7.13043
1613871816284,6,1010123456034,77,,1,0,12,1,2,,11.864,853,184364,1.1777,243,0,6,,0,0,0,0,0,0,0,0,0,,1500,1500,,0,0,0,0
1613871816534,6,1010123456034,77,,1,0,12,1,2,,12.4349,860,184373,1.22269,245,0,6.83333,,0,0,0,0,0,0,0,0,0,,1500,1500,,0,0,0,0
1613871816784,6,1010123456034,77,,1,0,12,1,2,,12.4698,860,182676,1.19421,245,0,7.2,,0,0,0,0,0,0,0,0,0,,1500,1488,,0,0,0,0
1613871817034,6,1010123456034,77,,1,0,12,1,2,,10.4671,852,183543,1.01142,247,0,6,,4.5,40,0,0.1,13,69.2308,0,3.53907,31,,1500,1488,,0,0,0,7.225
1613871817284,6,1010123456034,77,,1,0,12,1,2,,10.707,860,183866,0.979616,245,0,6,,0,0,0,0,0,0,0,0,0,,1500,1497,,0,0,0,0
1613871817534,6,1010123456034,77,,1,0,12,1,2,,10.303,845,184152,0.951872,240,0,6,,0,0,0,0,0,0,0,0,0,,1500,1494,,0,0,0,0
1613871817784,6,1010123456034,77,,1,0,12,1,2,,9.81647,850,183852,0.901792,243,0,6,,0,0,0,0,0,0,0,0,0,,1500,1491,,0,0,0,0
1613871818034,6,1010123456034,77,,1,0,12,1,2,,11.8105,797,183642,1.09232,231,0,6.71429,,14,82,0,0.13472,27,81.4815,0,4.18996,31,,1500,1422,,0,0,0,8.57317
1613871818284,6,1010123456034,77,,1,0,12,1,2,,9.10429,863,183887,0.847392,245,0,5.6,,0,0,0,0,0,0,0,0,0,,1500,1491,,0,0,0,0
1613871818534,6,1010123456034,77,,1,0,12,1,2,,10.5644,838,183752,0.951936,240,0,6,,0,0,0,0,0,0,0,0,0,,1500,1479,,0,0,0,0
1613871818784,6,1010123456034,77,,1,0,12,1,2,,8.99064,855,184263,0.837344,245,0,5.6,,0,0,0,0,0,0,0,0,0,,1500,1494,,0,0,0,0
1613871819034,6,1010123456034,77,,1,0,12,1,2,,12.0774,827,183170,1.16829,241,0,6.71429,,15.1928,83,0,0.18032,26,76.9231,0,6.71514,31,,1500,1476,,0,0,0,7.83133
1613871819284,6,1010123456034,77,,1,0,12,1,2,,9.66588,844,183614,0.882496,242,0,5.8,,0,0,0,0,0,0,0,0,0,,1500,1473,,0,0,0,0
1613871819534,6,1010123456034,77,,1,0,12,1,2,,10.8721,852,183290,1.01142,243,0,6.2,,0,0,0,0,0,0,0,0,0,,1500,1473,,0,0,0,0
1613871819784,6,1010123456034,77,,1,0,12,1,2,,10.8419,854,184314,1.00202,245,0,6.16667,,0,0,0,0,0,0,0,0,0,,1500,1500,,0,0,0,0
1613871820034,6,1010123456034,77,,1,0,12,1,2,,12.1408,838,183543,1.21232,245,0,6.83333,,14.7358,53,0,0.218848,18,66.6667,0,8.89874,31,,1500,1485,,0,0,0,6.60377
1613871820284,6,1010123456034,77,,1,0,12,1,2,,10.4866,859,184442,0.963488,245,0,6,,0,0,0,0,0,0,0,0,0,,1500,1491,,0,0,0,0
1613871820534,6,1010123456034,77,,1,0,12,1,2,,9.38416,846,184321,0.860544,240,0,5.8,,0,0,0,0,0,0,0,0,0,,1500,1470,,0,0,0,0
1613871820784,6,1010123456034,77,,1,0,12,1,2,,10.5724,842,184145,0.952448,240,0,6,,0,0,0,0,0,0,0,0,0,,1500,1488,,0,0,0,0
1613871821034,6,1010123456034,77,,1,0,12,1,2,,10.9225,839,184462,1.02381,242,0,6.5,,4.91045,67,0,0.1,20,55,0,8.1658,31,,1500,1479,,0,0,0,6.34328
1613871821284,6,1010123456034,77,,1,0,12,1,2,,9.85681,859,183892,0.936512,245,0,5.75,,0,0,0,0,0,0,0,0,0,,1500,1491,,0,0,0,0
1613871821534,6,1010123456034,77,,1,0,12,1,2,,10.3743,863,183619,0.947552,245,0,6,,0,0,0,0,0,0,0,0,0,,1500,1494,,0,0,0,0
1613871821784,6,1010123456034,77,,1,0,12,1,2,,11.0528,853,183968,1.03091,244,0,6.4,,0,0,0,0,0,0,0,0,0,,1500,1494,,0,0,0,0
1613871822034,6,1010123456034,77,,1,0,12,1,2,,10.4116,848,184143,0.988704,244,0,6.14286,,7.22222,54,0,0.1,16,43.75,0,9.74049,31,,1500,1494,,0,0,0,5.37037
1613871822284,6,1010123456034,77,,1,0,12,1,2,,10.6559,866,182956,0.985984,248,0,6,,0,0,0,0,0,0,0,0,0,,1500,1491,,0,0,0,0
1613871822534,6,1010123456034,77,,1,0,12,1,2,,12.2095,864,184056,1.23514,246,0,6.83333,,0,0,0,0,0,0,0,0,0,,1500,1491,,0,0,0,0
1613871822784,6,1010123456034,77,,1,0,12,1,2,,11.7158,827,184114,1.20032,240,0,6.5,,0,0,0,0,0,0,0,0,0,,1500,1482,,0,0,0,0
1613871823034,6,1010123456034,77,,1,0,12,1,2,,11.121,851,184215,1.05443,243,0,6.33333,,0,12,0,0,4,100,0,0,0,,1500,1494,,0,0,0,0
1613871823284,6,1010123456034,77,,1,0,12,1,2,,10.8717,842,183195,0.985824,239,0,6,,5.14286,7,0,0.1,2,50,0,8.14596,31,,1500,1491,,0,0,0,6.14286
1613871823534,6,1010123456034,77,,1,0,12,1,2,,9.84335,849,183196,0.90288,243,0,5.8,,6.64286,42,0,0.1,11,63.6364,0,3.47744,31,,1500,1488,,0,0,0,7.09524
1613871823784,6,1010123456034,77,,1,0,12,1,2,,10.9293,863,183505,1.02573,246,0,6.2,,0,0,0,0,0,0,0,0,0,,1500,1494,,0,0,0,0
1613871824034,6,1010123456034,77,,1,0,12,1,2,,10.9817,821,183909,1.03626,245,0,6.28571,,5.08696,46,0,0.1,14,35.7143,0,5.9765,31,,1500,1497,,0,0,0,4.32609
1613871824284,6,1010123456034,77,,1,0,12,1,2,,10.5559,849,183675,0.952608,241,0,6,,0,0,0,0,0,0,0,0,0,,1500,1479,,0,0,0,0
1613871824534,6,1010123456034,77,,1,0,12,1,2,,10.4878,859,182998,0.971328,246,0,6,,0,0,0,0,0,0,0,0,0,,1500,1500,,0,0,0,0
1613871824784,6,1010123456034,77,,1,0,12,1,2,,10.554,852,183890,0.963168,243,0,6,,0,0,0,0,0,0,0,0,0,,1500,1488,,0,0,0,0
1613871825034,6,1010123456034,77,,1,0,12,1,2,,12.3735,830,184478,1.25478,244,0,6.71429,,3.85185,54,0,0.1,16,62.5,0,4.81115,31,,1500,1488,,0,0,0,7.07407
1613871825284,6,1010123456034,77,,1,0,12,1,2,,11.1071,831,183855,1.01277,237,0,6.5,,0,0,0,0,0,0,0,0,0,,1500,1452,,0,0,0,0
1613871825534,6,1010123456034,77,,1,0,12,1,2,,10.8244,854,183701,1.00032,244,0,6.2,,0,0,0,0,0,0,0,0,0,,1500,1497,,0,0,0,0
1613871825784,6,1010123456034,77,,1,0,12,1,2,,10.6761,846,183982,0.984416,243,0,6.16667,,0,0,0,0,0,0,0,0,0,,1500,1491,,0,0,0,0
1613871826034,6,1010123456034,77,,1,0,12,1,2,,10.7727,849,184085,0.974048,243,0,6.4,,0.1,80,0,0.1,23,43.4783,0,0.788204,31,,1500,1491,,0,0,0,5.7125
1613871826284,6,1010123456034,77,,1,0,12,1,2,,11.2318,850,183505,1.0785,243,0,6.16667,,0,0,0,0,0,0,0,0,0,,1500,1488,,0,0,0,0
1613871826534,6,1010123456034,77,,1,0,12,1,2,,9.90141,852,183472,0.900512,242,0,5.83333,,0,0,0,0,0,0,0,0,0,,1500,1482,,0,0,0,0
1613871826784,6,1010123456034,77,,1,0,12,1,2,,10.9894,849,184214,1.01984,242,0,6.33333,,0,0,0,0,0,0,0,0,0,,1500,1485,,0,0,0,0
1613871827034,6,1010123456034,77,,1,0,12,1,2,,10.4644,814,184200,0.94096,241,0,6.2,,1.55172,29,0,0.1,9,0,0,7.63368,31,,1500,1476,,0,0,0,1.75862
1613871827284,6,1010123456034,77,,1,0,12,1,2,,10.4151,819,183247,0.958464,236,0,5.8,,0,0,0,0,0,0,0,0,0,,1500,1431,,0,0,0,0
1613871827534,6,1010123456034,77,,1,0,12,1,2,,9.11986,851,183718,0.821664,243,0,5.83333,,0,0,0,0,0,0,0,0,0,,1500,1482,,0,0,0,0
1613871827784,6,1010123456034,77,,1,0,12,1,2,,11.586,860,184063,1.11789,246,0,6.8,,0,0,0,0,0,0,0,0,0,,1500,1491,,0,0,0,0
1613871828034,6,1010123456034,77,,1,0,12,1,2,,12.8038,841,184062,1.3232,244,0,6.6,,15.9079,76,0,0.147616,24,83.3333,0,3.83089,31,,1500,1485,,0,0,0,8.57895
1613871828284,6,1010123456034,77,,1,0,12,1,2,,9.39645,845,183320,0.879488,242,0,6,,0,0,0,0,0,0,0,0,0,,1500,1482,,0,0,0,0
1613871828534,6,1010123456034,77,,1,0,12,1,2,,12.5532,855,183303,1.26685,245,0,7,,0,0,0,0,0,0,0,0,0,,1500,1497,,0,0,0,0
1613871828784,6,1010123456034,77,,1,0,12,1,2,,10.1513,846,183412,0.963872,243,0,6,,0,0,0,0,0,0,0,0,0,,1500,1491,,0,0,0,0
1613871829034,6,1010123456034,77,,1,0,12,1,2,,8.89762,840,184227,0.819904,242,0,5.33333,,0.1,54,0,0.1,16,43.75,0,4.32462,31,,1500,1479,,0,0,0,4.92593
1613871829284,6,1010123456034,77,,1,0,12,1,2,,8.34629,849,183618,0.780928,242,0,5.75,,0,0,0,0,0,0,0,0,0,,1500,1494,,0,0,0,0
1613871829534,6,1010123456034,77,,1,0,12,1,2,,10.5828,863,183773,0.990336,248,0,6,,0,0,0,0,0,0,0,0,0,,1500,1500,,0,0,0,0
1613871829784,6,1010123456034,77,,1,0,12,1,2,,10.7708,855,183538,0.99472,245,0,6.2,,0,0,0,0,0,0,0,0,0,,1500,1488,,0,0,0,0
1613871830034,6,1010123456034,77,,1,0,12,1,2,,11.2298,818,183924,1.03456,238,0,6.2,,15.6667,36,0,0.1,11,81.8182,0,9.02736,31,,1500,1476,,0,0,0,8.25
1613871830284,6,1010123456034,77,,1,0,12,1,2,,10.6198,860,184600,0.972672,244,0,6,,0,0,0,0,0,0,0,0,0,,1500,1497,,0,0,0,0
1613871830534,6,1010123456034,77,,1,0,12,1,2,,12.1744,860,184101,1.19414,245,0,6.8,,0,0,0,0,0,0,0,0,0,,1500,1494,,0,0,0,0
1613871830784,6,1010123456034,77,,1,0,12,1,2,,10.3848,855,184139,0.976448,244,0,6.16667,,0,0,0,0,0,0,0,0,0,,1500,1473,,0,0,0,0
1613871831034,6,1010123456034,77,,1,0,12,1,2,,10.6352,836,183079,0.999488,246,0,6,,9.81481,54,0,0.1,16,50,0,5.44473,31,,1500,1485,,0,0,0,6.33333
1613871831284,6,1010123456034,77,,1,0,12,1,2,,9.95041,847,184068,0.923008,242,0,6,,0,0,0,0,0,0,0,0,0,,1500,1485,,0,0,0,0
1613871831534,6,1010123456034,77,,1,0,12,1,2,,10.8633,863,183468,1.00752,245,0,6.2,,0,0,0,0,0,0,0,0,0,,1500,1494,,0,0,0,0
1613871831784,6,1010123456034,77,,1,0,12,1,2,,11.092,848,184100,1.02026,241,0,6.4,,0,0,0,0,0,0,0,0,0,,1500,1491,,0,0,0,0
1613871832034,6,1010123456034,77,,1,0,12,1,2,,10.659,824,183309,0.984512,244,0,6.14286,,14.6316,38,0,0.1,12,66.6667,0,11.0348,31,,1500,1470,,0,0,0,6.36842
1613871832284,6,1010123456034,77,,1,0,12,1,2,,10.8852,854,183139,0.991328,241,0,6.2,,0,0,0,0,0,0,0,0,0,,1500,1485,,0,0,0,0
1613871832534,6,1010123456034,77,,1,0,12,1,2,,10.8142,861,184178,1.0055,246,0,6.16667,,0,0,0,0,0,0,0,0,0,,1500,1491,,0,0,0,0
1613871832784,6,1010123456034,77,,1,0,12,1,2,,11.3244,860,183418,1.06214,244,0,6.5,,0,0,0,0,0,0,0,0,0,,1500,1500,,0,0,0,0
1613871833034,6,1010123456034,77,,1,0,12,1,2,,10.4922,835,183611,0.946016,239,0,6,,0.1,104,0,0.1,29,65.5172,0,0.699601,31,,1500,1485,,0,0,0,7.125
1613871833284,6,1010123456034,77,,1,0,12,1,2,,10.3262,846,183864,0.953152,242,0,5.83333,,0,0,0,0,0,0,0,0,0,,1500,1470,,0,0,0,0
1613871833534,6,1010123456034,77,,1,0,12,1,2,,10.17,853,184411,0.919072,243,0,6,,0,0,0,0,0,0,0,0,0,,1500,1482,,0,0,0,0
1613871833784,6,1010123456034,77,,1,0,12,1,2,,10.5736,863,183557,0.97376,246,0,6,,0,0,0,0,0,0,0,0,0,,1500,1500,,0,0,0,0
1613871834034,6,1010123456034,77,,1,0,12,1,2,,10.6432,810,183589,0.945216,234,0,6.2,,7.73333,45,0,0.1,13,61.5385,0,3.47374,31,,1500,1440,,0,0,0,6.75556
1613871834284,6,1010123456034,77,,1,0,12,1,2,,10.7116,853,184150,0.976608,243,0,6,,0,0,0,0,0,0,0,0,0,,1500,1491,,0,0,0,0
1613871834534,6,1010123456034,77,,1,0,12,1,2,,10.649,866,183061,0.981696,246,0,6,,0,0,0,0,0,0,0,0,0,,1500,1497,,0,0,0,0
1613871834784,6,1010123456034,77,,1,0,12,1,2,,10.4632,857,184164,0.960128,244,0,6,,0,0,0,0,0,0,0,0,0,,1500,1497,,0,0,0,0
1613871835034,6,1010123456034,77,,1,0,12,1,2,,10.7229,848,184637,0.978592,241,0,6.25,,0.1,64,0,0.1,18,22.2222,0,3.0693,31,,1500,1497,,0,0,0,4.09375
1613871835284,6,1010123456034,77,,1,0,12,1,2,,10.9512,860,183737,1.0265,246,0,6.33333,,0,0,0,0,0,0,0,0,0,,1500,1482,,0,0,0,0
1613871835534,6,1010123456034,77,,1,0,12,1,2,,10.584,863,184387,0.970016,245,0,6,,0,0,0,0,0,0,0,0,0,,1500,1497,,0,0,0,0
1613871835784,6,1010123456034,77,,1,0,12,1,2,,10.964,861,183141,1.08074,246,0,6.33333,,0,0,0,0,0,0,0,0,0,,1500,1482,,0,0,0,0
1613871836034,6,1010123456034,77,,1,0,12,1,2,,10.0047,846,183689,0.93216,242,0,6,,5.875,56,0,0.1,16,56.25,0,8.05985,31,,1500,1491,,0,0,0,6.28571
1613871836284,6,1010123456034,77,,1,0,12,1,2,,11.0739,866,184415,1.11034,248,0,6.33333,,0,0,0,0,0,0,0,0,0,,1500,1500,,0,0,0,0
1613871836534,6,1010123456034,77,,1,0,12,1,2,,12.3237,862,183655,1.2496,246,0,6.83333,,0,0,0,0,0,0,0,0,0,,1500,1491,,0,0,0,0
1613871836784,6,1010123456034,77,,1,0,12,1,2,,10.7219,845,184223,0.977024,240,0,6.25,,0,0,0,0,0,0,0,0,0,,1500,1467,,0,0,0,0
1613871837034,6,1010123456034,77,,1,0,12,1,2,,10.9008,857,183790,1.00595,244,0,6.14286,,0.1,16,0,0,4,100,0,0.720534,0,,1500,1500,,0,0,0,10
1613871837284,6,1010123456034,77,,1,0,12,1,2,,8.42907,853,183989,0.805664,243,0,5.16667,,8,7,0,0.1,2,50,0,8.81225,31,,1500,1482,,0,0,0,6.14286
1613871837534,6,1010123456034,77,,1,0,12,1,2,,11.2535,856,183211,1.0681,246,0,6.5,,7.63636,22,0,0.1,6,50,0,4.7199,0,,1500,1491,,0,0,0,6.09091
1613871837784,6,1010123456034,77,,1,0,12,1,2,,10.5171,849,184311,0.958528,242,0,6,,0,0,0,0,0,0,0,0,0,,1500,1473,,0,0,0,0
1613871838034,6,1010123456034,77,,1,0,12,1,2,,11.1594,847,182545,1.00864,244,0,6.85714,,5.7,40,0,0.1,12,33.3333,0,6.92792,31,,1500,1482,,0,0,0,4.4
1613871838284,6,1010123456034,77,,1,0,12,1,2,,10.9577,852,183906,1.13142,243,0,5.83333,,0,0,0,0,0,0,0,0,0,,1500,1479,,0,0,0,0
1613871838534,6,1010123456034,77,,1,0,12,1,2,,10.5567,846,183657,0.954784,241,0,6,,0,0,0,0,0,0,0,0,0,,1500,1485,,0,0,0,0
1613871838784,6,1010123456034,77,,1,0,12,1,2,,10.8783,863,183031,1.01549,246,0,6.16667,,0,0,0,0,0,0,0,0,0,,1500,1494,,0,0,0,0
1613871839034,6,1010123456034,77,,1,0,12,1,2,,11.0973,843,184351,1.00326,244,0,6.71429,,0.717949,39,0,0.1,12,16.6667,0,3.19757,31,,1500,1473,,0,0,0,3.4359
1613871839284,6,1010123456034,77,,1,0,12,1,2,,13.2597,847,183927,1.4335,243,0,6.83333,,0,0,0,0,0,0,0,0,0,,1500,1485,,0,0,0,0
1613871839534,6,1010123456034,77,,1,0,12,1,2,,10.1572,859,184294,0.922944,244,0,6,,0,0,0,0,0,0,0,0,0,,1500,1491,,0,0,0,0
1613871839784,6,1010123456034,77,,1,0,12,1,2,,16.4237,845,183336,1.98278,242,0,8,,0,0,0,0,0,0,0,0,0,,1500,1491,,0,0,0,0
1613871840034,6,1010123456034,77,,1,0,12,1,2,,10.5949,822,184206,0.971552,241,0,6.14286,,10.7042,71,0,0.114016,23,60.8696,0,8.58543,31,,1500,1452,,0,0,0,6.33803
1613871840284,6,1010123456034,77,,1,0,12,1,2,,10.7439,820,183961,0.959136,237,0,6.4,,0,0,0,0,0,0,0,0,0,,1500,1452,,0,0,0,0
1613871840534,6,1010123456034,77,,1,0,12,1,2,,11.316,867,183949,1.08675,245,0,6.33333,,0,3,0,0.1,1,0,0,0,31,,1500,1485,,0,0,0,0
1613871840784,6,1010123456034,77,,1,0,12,1,2,,10.9622,847,184354,1.02685,241,0,6.33333,,0,0,0,0,0,0,0,0,0,,1500,1470,,0,0,0,0
1613871841034,6,1010123456034,77,,1,0,12,1,2,,10.4826,835,184252,0.955232,243,0,6,,15,13,0,0,4,100,0,1.45725,0,,1500,1491,,0,0,0,10
1613871841284,6,1010123456034,77,,1,0,12,1,2,,10.8686,860,183790,0.998752,243,0,6.33333,,5.14286,7,0,0.1,2,50,0,9.84009,31,,1500,1494,,0,0,0,6.14286
1613871841534,6,1010123456034,77,,1,0,12,1,2,,13.1265,846,184363,1.34982,242,0,7.16667,,7.68293,82,0,0.1,22,77.2727,0,4.62404,31,,1500,1494,,0,0,0,8.2439
1613871841784,6,1010123456034,77,,1,0,12,1,2,,8.66667,852,184056,0.824096,244,0,5.5,,0,0,0,0,0,0,0,0,0,,1500,1479,,0,0,0,0
1613871842034,6,1010123456034,77,,1,0,12,1,2,,10.9786,843,183410,1.01629,243,0,6.2,,4.64516,31,0,0.1,11,54.5455,0,6.18483,31,,1500,1482,,0,0,0,6.09677
1613871842284,6,1010123456034,77,,1,0,12,1,2,,9.87589,846,183320,0.921856,244,0,5.66667,,0,0,0,0,0,0,0,0,0,,1500,1494,,0,0,0,0
1613871842534,6,1010123456034,77,,1,0,12,1,2,,9.38876,854,184262,0.847904,243,0,6.2,,0,0,0,0,0,0,0,0,0,,1500,1500,,0,0,0,0
1613871842784,6,1010123456034,77,,1,0,12,1,2,,10.0526,856,183415,0.933696,244,0,5.75,,0,0,0,0,0,0,0,0,0,,1500,1488,,0,0,0,0
1613871843034,6,1010123456034,77,,1,0,12,1,2,,11.0275,837,183954,1.03914,243,0,6.14286,,0.1,30,0,0.1,9,0,0,1.69281,31,,1500,1494,,0,0,0,1.43333
1613871843284,6,1010123456034,77,,1,0,12,1,2,,7.33215,846,183553,0.676,241,0,5.4,,0,0,0,0,0,0,0,0,0,,1500,1491,,0,0,0,0
1613871843534,6,1010123456034,77,,1,0,12,1,2,,9.57143,854,184259,0.873632,243,0,5.6,,0,0,0,0,0,0,0,0,0,,1500,1482,,0,0,0,0
1613871843784,6,1010123456034,77,,1,0,12,1,2,,10.9047,850,184207,0.995872,241,0,6.2,,0,0,0,0,0,0,0,0,0,,1500,1482,,0,0,0,0
1613871844034,6,1010123456034,77,,1,0,12,1,2,,11.315,819,183623,1.07014,242,0,6.42857,,0.1,41,0,0.1,12,33.3333,0,7.00893,31,,1500,1467,,0,0,0,4.36585
1613871844284,6,1010123456034,77,,1,0,12,1,2,,10.7318,854,183590,0.985536,242,0,6.2,,0,0,0,0,0,0,0,0,0,,1500,1500,,0,0,0,0
1613871844534,6,1010123456034,77,,1,0,12,1,2,,10.8588,850,183191,1.00227,245,0,6.25,,0,0,0,0,0,0,0,0,0,,1500,1488,,0,0,0,0
1613871844784,6,1010123456034,77,,1,0,12,1,2,,10.9788,851,183715,1.03277,244,0,6.4,,0,0,0,0,0,0,0,0,0,,1500,1488,,0,0,0,0
1613871845034,6,1010123456034,77,,1,0,12,1,2,,10.6196,836,183025,0.97216,244,0,6,,0,12,0,0,4,100,0,0,0,,1500,1494,,0,0,0,0
1613871845284,6,1010123456034,77,,1,0,12,1,2,,10.6899,848,183598,0.966048,241,0,6.2,,5.71429,7,0,0.1,2,50,0,7.79626,31,,1500,1491,,0,0,0,6.14286
1613871845534,6,1010123456034,77,,1,0,12,1,2,,10.8534,846,183291,1.00477,243,0,6.16667,,6,20,0,0.1,5,60,0,1.33737,31,,1500,1488,,0,0,0,7.6
1613871845784,6,1010123456034,77,,1,0,12,1,2,,10.5823,838,183187,0.956,239,0,6,,0.1,16,0,0,4,100,0,0.519835,0,,1500,1461,,0,0,0,10
1613871846034,6,1010123456034,77,,1,0,12,1,2,,10.9777,808,182920,1.00298,239,0,6.33333,,2.92683,82,0,0.1,22,54.5455,0,4.96619,31,,1500,1455,,0,0,0,6.39024
1613871846284,6,1010123456034,77,,1,0,12,1,2,,10.569,812,183647,0.924032,232,0,6,,0,0,0,0,0,0,0,0,0,,1500,1428,,0,0,0,0
1613871846534,6,1010123456034,77,,1,0,12,1,2,,9.88186,838,183818,0.908704,241,0,5.75,,0,0,0,0,0,0,0,0,0,,1500,1479,,0,0,0,0
1613871846784,6,1010123456034,77,,1,0,12,1,2,,10.8175,855,183051,1.00227,245,0,6.4,,0,0,0,0,0,0,0,0,0,,1500,1494,,0,0,0,0
1613871847034,6,1010123456034,77,,1,0,12,1,2,,10.6224,829,184108,0.974912,238,0,6,,3.10345,58,0,0.1,16,62.5,0,2.26042,31,,1500,1455,,0,0,0,6.86207
1613871847284,6,1010123456034,77,,1,0,12,1,2,,9.67176,850,184157,0.896416,243,0,6,,0,0,0,0,0,0,0,0,0,,1500,1488,,0,0,0,0
1613871847534,6,1010123456034,77,,1,0,12,1,2,,9.46793,842,183718,0.882272,239,0,5.66667,,0,0,0,0,0,0,0,0,0,,1500,1488,,0,0,0,0
1613871847784,6,1010123456034,77,,1,0,12,1,2,,9.70692,853,183951,0.87824,243,0,5.83333,,0.1,15,0,0.1,4,50,0,4.68749,31,,1500,1485,,0,0,0,6.06667
1613871848034,6,1010123456034,77,,1,0,12,1,2,,10.9953,844,183464,1.05478,241,0,6.33333,,12.7692,39,0,0.1,11,63.6364,0,6.97924,31,,1500,1476,,0,0,0,6.41026
1613871848284,6,1010123456034,77,,1,0,12,1,2,,10.9184,858,184092,1.02307,245,0,6.2,,0,0,0,0,0,0,0,0,0,,1500,1473,,0,0,0,0
1613871848534,6,1010123456034,77,,1,0,12,1,2,,11.0225,844,183330,1.01888,242,0,6.4,,0,0,0,0,0,0,0,0,0,,1500,1461,,0,0,0,0
1613871848784,6,1010123456034,77,,1,0,12,1,2,,9.73887,854,183504,0.8976,244,0,5.8,,0,0,0,0,0,0,0,0,0,,1500,1476,,0,0,0,0
1613871849034,6,1010123456034,77,,1,0,12,1,2,,9.72556,849,183614,0.897984,244,0,5.85714,,3.21212,33,0,0.1,9,11.1111,0,7.91743,31,,1500,1476,,0,0,0,2.45455
1613871849284,6,1010123456034,77,,1,0,12,1,2,,10.7448,858,183287,1.00461,246,0,6.2,,15,4,0,0.1,1,0,0,22.0468,31,,1500,1500,,0,0,0,1
1613871849534,6,1010123456034,77,,1,0,12,1,2,,11.3878,851,183239,1.07366,244,0,6.66667,,15,4,0,0.1,1,0,0,21.3773,31,,1500,1494,,0,0,0,1
1613871849785,6,1010123456034,77,,1,0,12,1,2,,10.6387,858,183290,1.01147,247,0,6,,15,8,0,0.1,2,0,0,22.3179,31,,1506,1497,,0,0,0,1
1613871850034,6,1010123456034,77,,1,0,12,1,2,,10.583,813,184653,0.946442,238,0,6,,5.58824,51,0,0.1,15,60,0,6.96772,31,,1494,1473,,0,0,0,6.39216
1613871850284,6,1010123456034,77,,1,0,12,1,2,,10.7991,846,183373,0.989568,242,0,6.16667,,0,0,0,0,0,0,0,0,0,,1500,1485,,0,0,0,0
1613871850534,6,1010123456034,77,,1,0,12,1,2,,10.0541,850,184190,0.927296,241,0,6,,0,0,0,0,0,0,0,0,0,,1500,1470,,0,0,0,0
1613871850784,6,1010123456034,77,,1,0,12,1,2,,11.1056,852,184169,1.03773,245,0,6.33333,,0,0,0,0,0,0,0,0,0,,1500,1500,,0,0,0,0
1613871851034,6,1010123456034,77,,1,0,12,1,2,,10.717,841,183323,0.974528,242,0,6,,7.27273,33,0,0.1,9,44.4444,0,5.9672,31,,1500,1500,,0,0,0,5.54545
1613871851284,6,1010123456034,77,,1,0,12,1,2,,10.5765,843,184229,0.96992,242,0,6,,0.1,4,0,0.1,1,0,0,1.4391,31,,1500,1500,,0,0,0,2
1613871851534,6,1010123456034,77,,1,0,12,1,2,,9.87411,842,184016,0.903552,242,0,5.83333,,0,0,0,0,0,0,0,0,0,,1500,1494,,0,0,0,0
1613871851784,6,1010123456034,77,,1,0,12,1,2,,10.4569,836,184156,0.945536,240,0,6,,0,0,0,0,0,0,0,0,0,,1500,1461,,0,0,0,0
1613871852034,6,1010123456034,77,,1,0,12,1,2,,10.7153,843,184365,0.986752,244,0,6.16667,,13,16,0,0.1,5,80,0,3.76623,31,,1500,1485,,0,0,0,8.3125
1613871852284,6,1010123456034,77,,1,0,12,1,2,,10.5082,854,183945,0.962048,244,0,6,,0,0,0,0,0,0,0,0,0,,1500,1491,,0,0,0,0
1613871852534,6,1010123456034,77,,1,0,12,1,2,,10.4988,868,184433,0.976384,248,0,6,,0.1,92,0,0.1,27,62.963,0,0.818925,31,,1500,1497,,0,0,0,7.65217
1613871852784,6,1010123456034,77,,1,0,12,1,2,,10.8625,851,184020,1.00173,244,0,6.16667,,0.1,16,0,0.1,5,80,0,0.710611,31,,1500,1488,,0,0,0,7.75
1613871853034,6,1010123456034,77,,1,0,12,1,2,,10.5415,820,183939,0.960192,242,0,6.33333,,0.1,30,0,0.1,9,22.2222,0,2.36635,31,,1500,1458,,0,0,0,4.13333
1613871853284,6,1010123456034,77,,1,0,12,1,2,,10.9952,840,183407,1.00637,237,0,6,,0,0,0,0,0,0,0,0,0,,1500,1473,,0,0,0,0
1613871853534,6,1010123456034,77,,1,0,12,1,2,,10.5939,857,184111,0.971904,244,0,6,,0,12,0,0.1,4,75,0,0,31,,1500,1500,,0,0,0,0
1613871853784,6,1010123456034,77,,1,0,12,1,2,,9.2575,866,183575,0.88224,248,0,5.8,,0,0,0,0,0,0,0,0,0,,1500,1500,,0,0,0,0
1613871854034,6,1010123456034,77,,1,0,12,1,2,,11.9667,842,183791,1.16192,246,0,6.57143,,11.0656,61,0,0.1,17,58.8235,0,7.31525,31,,1500,1500,,0,0,0,6.7377
1613871854284,6,1010123456034,77,,1,0,12,1,2,,10.7427,855,183816,0.994432,244,0,6.16667,,0,18,0,0.1,6,83.3333,0,0,0,,1500,1491,,0,0,0,0
1613871854534,6,1010123456034,77,,1,0,12,1,2,,9.7416,863,183789,0.904544,245,0,5.8,,0,0,0,0,0,0,0,0,0,,1500,1500,,0,0,0,0
1613871854784,6,1010123456034,77,,1,0,12,1,2,,10.0629,842,184452,0.92496,241,0,6,,0,18,0,0.1,6,66.6667,0,0,31,,1500,1476,,0,0,0,0
1613871855034,6,1010123456034,77,,1,0,12,1,2,,10.04,850,183658,0.923584,242,0,6.16667,,4.86486,74,0,0.1,22,77.2727,0,2.15858,31,,1500,1497,,0,0,0,8.2973
1613871855284,6,1010123456034,77,,1,0,12,1,2,,10.3108,843,183409,0.957248,240,0,6,,0,0,0,0,0,0,0,0,0,,1500,1494,,0,0,0,0
1613871855534,6,1010123456034,77,,1,0,12,1,2,,10.7391,851,183323,1.02035,242,0,6.16667,,0,0,0,0,0,0,0,0,0,,1500,1479,,0,0,0,0
1613871855784,6,1010123456034,77,,1,0,12,1,2,,10.6049,853,183722,0.965728,243,0,6.16667,,0,0,0,0,0,0,0,0,0,,1500,1485,,0,0,0,0
1613871856034,6,1010123456034,77,,1,0,12,1,2,,11.7515,837,183982,1.16973,238,0,6.57143,,3.11842,76,0,0.1,21,42.8571,0,4.61722,31,,1500,1485,,0,0,0,5.31579
1613871856284,6,1010123456034,77,,1,0,12,1,2,,10.6092,847,183259,0.969824,243,0,6,,0,0,0,0,0,0,0,0,0,,1500,1488,,0,0,0,0
1613871856534,6,1010123456034,77,,1,0,12,1,2,,8.86565,856,184030,0.833024,244,0,5.5,,0,0,0,0,0,0,0,0,0,,1500,1494,,0,0,0,0
1613871856784,6,1010123456034,77,,1,0,12,1,2,,10.9061,863,183195,1.02154,247,0,6.16667,,0,0,0,0,0,0,0,0,0,,1500,1497,,0,0,0,0
1613871857034,6,1010123456034,77,,1,0,12,1,2,,11.1324,846,184290,1.05869,244,0,6.4,,7.03125,32,0,0.1,9,44.4444,0,3.6881,31,,1500,1491,,0,0,0,5.71875
1613871857284,6,1010123456034,77,,1,0,12,1,2,,9.65243,843,183699,0.867392,240,0,5.83333,,0,0,0,0,0,0,0,0,0,,1500,1479,,0,0,0,0
1613871857534,6,1010123456034,77,,1,0,12,1,2,,12.4853,853,183576,1.23258,242,0,7,,0,0,0,0,0,0,0,0,0,,1500,1485,,0,0,0,0
1613871857784,6,1010123456034,77,,1,0,12,1,2,,10.5292,856,182916,0.966432,245,0,6,,0,3,0,0.1,1,0,0,0,31,,1500,1488,,0,0,0,0
1613871858034,6,1010123456034,77,,1,0,12,1,2,,9.79952,838,183344,0.885984,239,0,5.8,,13,14,0,0,4,100,0,1.05812,0,,1500,1494,,0,0,0,10
1613871858284,6,1010123456034,77,,1,0,12,1,2,,9.42907,860,184213,0.87584,246,0,5.66667,,5.71429,7,0,0.1,2,50,0,7.79603,31,,1500,1497,,0,0,0,6.14286
1613871858534,6,1010123456034,77,,1,0,12,1,2,,15.1554,856,183339,1.7111,244,0,8.16667,,5.21739,23,0,0.1,6,66.6667,0,3.86568,31,,1500,1500,,0,0,0,7.26087
1613871858784,6,1010123456034,77,,1,0,12,1,2,,10.5058,868,183954,0.974304,247,0,6,,0,0,0,0,0,0,0,0,0,,1500,1491,,0,0,0,0
1613871859034,6,1010123456034,77,,1,0,12,1,2,,10.7856,849,183551,1.00797,247,0,6.14286,,16,13,0,0,4,100,0,1.38936,0,,1500,1491,,0,0,0,10
1613871859284,6,1010123456034,77,,1,0,12,1,2,,11.0478,857,183862,1.01462,243,0,6.6,,0,6,0,0.1,2,50,0,0,31,,1500,1491,,0,0,0,0
1613871859534,6,1010123456034,77,,1,0,12,1,2,,10.0024,832,184520,0.945216,240,0,5.83333,,0.1,34,0,0.1,10,60,0,0.731282,0,,1500,1464,,0,0,0,6.61765
1613871859784,6,1010123456034,77,,1,0,12,1,2,,10.6578,827,183968,0.963648,238,0,6.16667,,10.4,20,0,0.1,5,80,0,4.61742,31,,1500,1470,,0,0,0,8.2
1613871860034,6,1010123456034,77,,1,0,12,1,2,,10.4813,829,184375,0.934688,237,0,6,,0.1,100,0,0.1,29,58.6207,0,1.22358,31,,1500,1452,,0,0,0,6.86
1613871860284,6,1010123456034,77,,1,0,12,1,2,,10.5036,844,184515,0.941824,240,0,6,,0,0,0,0,0,0,0,0,0,,1500,1485,,0,0,0,0
1613871860534,6,1010123456034,77,,1,0,12,1,2,,10.6384,860,183662,0.977056,245,0,6,,0,0,0,0,0,0,0,0,0,,1500,1494,,0,0,0,0
1613871860784,6,1010123456034,77,,1,0,12,1,2,,10.9453,860,183219,1.00742,244,0,6.16667,,0,0,0,0,0,0,0,0,0,,1500,1494,,0,0,0,0
1613871861034,6,1010123456034,77,,1,0,12,1,2,,10.4723,849,184365,0.961472,246,0,6,,3.27273,55,0,0.1,16,56.25,0,2.3595,31,,1500,1470,,0,0,0,6.6
1613871861284,6,1010123456034,77,,1,0,12,1,2,,10.6721,863,184369,0.98992,245,0,6.16667,,0,0,0,0,0,0,0,0,0,,1500,1491,,0,0,0,0
1613871861534,6,1010123456034,77,,1,0,12,1,2,,9.76471,850,183243,0.894464,242,0,5.8,,0,0,0,0,0,0,0,0,0,,1500,1491,,0,0,0,0
1613871861784,6,1010123456034,77,,1,0,12,1,2,,10.5696,841,184652,0.946272,239,0,6,,0,0,0,0,0,0,0,0,0,,1500,1467,,0,0,0,0
1613871862034,6,1010123456034,77,,1,0,12,1,2,,11.4651,830,183318,1.07869,241,0,6.57143,,0.1,28,0,0.1,9,22.2222,0,2.74903,31,,1500,1494,,0,0,0,4.32143
1613871862284,6,1010123456034,77,,1,0,12,1,2,,11.0585,854,183854,1.02858,243,0,6.2,,0,0,0,0,0,0,0,0,0,,1500,1485,,0,0,0,0
1613871862534,6,1010123456034,77,,1,0,12,1,2,,10.6136,854,183303,0.970208,243,0,6,,0,0,0,0,0,0,0,0,0,,1500,1488,,0,0,0,0
1613871862784,6,1010123456034,77,,1,0,12,1,2,,10.5857,869,183555,0.981888,248,0,6,,0,0,0,0,0,0,0,0,0,,1500,1500,,0,0,0,0
1613871863034,6,1010123456034,77,,1,0,12,1,2,,10.5432,834,183801,0.939328,238,0,6,,8,46,0,0.1,13,61.5385,0,4.0863,31,,1500,1473,,0,0,0,6.8913
1613871863284,6,1010123456034,77,,1,0,12,1,2,,10.6298,851,183147,0.962784,243,0,6.2,,0,0,0,0,0,0,0,0,0,,1500,1488,,0,0,0,0
1613871863534,6,1010123456034,77,,1,0,12,1,2,,12.2086,863,183930,1.20493,246,0,6.8,,0,3,0,0.1,1,0,0,0,31,,1500,1500,,0,0,0,0
1613871863784,6,1010123456034,77,,1,0,12,1,2,,10.7748,857,183899,0.997632,244,0,6.16667,,0,12,0,0,4,100,0,0,0,,1500,1494,,0,0,0,0
1613871864034,6,1010123456034,77,,1,0,12,1,2,,10.8432,848,183745,1.01219,241,0,6.14286,,4.61538,52,0,0.1,14,35.7143,0,6.60757,31,,1500,1494,,0,0,0,5.15385
1613871864284,6,1010123456034,77,,1,0,12,1,2,,10.2918,850,183674,0.94256,243,0,6.16667,,0,0,0,0,0,0,0,0,0,,1500,1476,,0,0,0,0
1613871864534,6,1010123456034,77,,1,0,12,1,2,,10.238,857,183044,0.967392,243,0,6.16667,,0,0,0,0,0,0,0,0,0,,1500,1482,,0,0,0,0
1613871864784,6,1010123456034,77,,1,0,12,1,2,,9.46365,839,183973,0.870688,239,0,5.83333,,0,0,0,0,0,0,0,0,0,,1500,1461,,0,0,0,0
1613871865034,6,1010123456034,77,,1,0,12,1,2,,11.9238,840,184372,1.16352,244,0,6.66667,,15.3247,77,0,0.123904,24,83.3333,0,3.76675,31,,1500,1497,,0,0,0,8.71429
1613871865284,6,1010123456034,77,,1,0,12,1,2,,9.88644,863,183791,0.918976,246,0,6,,0,0,0,0,0,0,0,0,0,,1500,1488,,0,0,0,0
1613871865534,6,1010123456034,77,,1,0,12,1,2,,9.95799,857,183263,0.922784,243,0,5.8,,0,0,0,0,0,0,0,0,0,,1500,1494,,0,0,0,0
1613871865784,6,1010123456034,77,,1,0,12,1,2,,10.1374,859,183374,0.939168,245,0,6,,10.9091,22,0,0.1,6,66.6667,0,2.90513,31,,1500,1497,,0,0,0,7.68182
1613871866034,6,1010123456034,77,,1,0,12,1,2,,10.5689,856,183943,0.980672,246,0,6,,15,16,0,0,4,100,0,1.09647,0,,1500,1494,,0,0,0,10
1613871866284,6,1010123456034,77,,1,0,12,1,2,,9.12992,839,183093,0.840288,241,0,5.66667,,3,6,0,0.1,2,50,0,12.0915,31,,1500,1485,,0,0,0,4
1613871866534,6,1010123456034,77,,1,0,12,1,2,,10.6108,835,183923,0.964224,240,0,6.2,,8.87879,99,0,0.1,30,83.3333,0,8.66171,31,,1500,1467,,0,0,0,8.18182
1613871866784,6,1010123456034,77,,1,0,12,1,2,,9.81081,851,183849,0.91808,244,0,5.83333,,4.15385,13,0,0.1,4,50,0,2.81672,31,,1500,1497,,0,0,0,5.15385
1613871867034,6,1010123456034,77,,1,0,12,1,2,,10.5178,842,183179,0.955424,245,0,6,,15.2857,84,0,0.113536,26,84.6154,0,4.39202,31,,1500,1491,,0,0,0,8.5
1613871867284,6,1010123456034,77,,1,0,12,1,2,,10.6177,837,183181,0.950592,238,0,6,,0,0,0,0,0,0,0,0,0,,1500,1479,,0,0,0,0
1613871867534,6,1010123456034,77,,1,0,12,1,2,,10.081,840,184286,0.922688,238,0,6,,0,0,0,0,0,0,0,0,0,,1500,1458,,0,0,0,0
1613871867784,6,1010123456034,77,,1,0,12,1,2,,10.195,836,183225,0.923712,238,0,6.16667,,0,0,0,0,0,0,0,0,0,,1500,1491,,0,0,0,0
1613871868034,6,1010123456034,77,,1,0,12,1,2,,11.1,840,183650,1.0288,242,0,6.28571,,0.1,49,0,0.1,14,71.4286,0,0.718463,31,,1500,1494,,0,0,0,8
1613871868284,6,1010123456034,77,,1,0,12,1,2,,12.0576,850,183886,1.17139,242,0,6.8,,0,3,0,0.1,1,0,0,0,31,,1500,1494,,0,0,0,0
1613871868534,6,1010123456034,77,,1,0,12,1,2,,9.82122,839,184307,0.885728,239,0,5.83333,,0,0,0,0,0,0,0,0,0,,1500,1458,,0,0,0,0
1613871868784,6,1010123456034,77,,1,0,12,1,2,,11.3006,855,183301,1.07533,244,0,6.5,,0,0,0,0,0,0,0,0,0,,1500,1491,,0,0,0,0
1613871869034,6,1010123456034,77,,1,0,12,1,2,,7.93381,846,183983,0.743872,244,0,5.42857,,0.1,99,0,0.1,27,48.1481,0,1.4235,31,,1500,1491,,0,0,0,6.18182
1613871869284,6,1010123456034,77,,1,0,12,1,2,,10.485,833,184106,0.941152,239,0,6,,0,0,0,0,0,0,0,0,0,,1500,1467,,0,0,0,0
1613871869534,6,1010123456034,77,,1,0,12,1,2,,10.6285,848,183143,0.978752,242,0,6.16667,,0,0,0,0,0,0,0,0,0,,1500,1485,,0,0,0,0
1613871869784,6,1010123456034,77,,1,0,12,1,2,,10.821,849,184490,1.0025,244,0,6.16667,,0,0,0,0,0,0,0,0,0,,1500,1473,,0,0,0,0
1613871870034,6,1010123456034,77,,1,0,12,1,2,,10.6372,849,183332,0.980032,246,0,6,,11.25,16,0,0.1,5,80,0,5.65008,31,,1500,1494,,0,0,0,7.75
1613871870284,6,1010123456034,77,,1,0,12,1,2,,10.6182,859,183777,0.983744,246,0,6,,6.26087,23,0,0.1,6,66.6667,0,3.73066,31,,1500,1479,,0,0,0,7.26087
1613871870534,6,1010123456034,77,,1,0,12,1,2,,9.94351,832,184202,0.896992,237,0,5.83333,,0,3,0,0.1,1,0,0,0,31,,1500,1467,,0,0,0,0
1613871870784,6,1010123456034,77,,1,0,12,1,2,,9.55145,865,183098,0.880864,247,0,5.83333,,0,0,0,0,0,0,0,0,0,,1500,1488,,0,0,0,0
1613871871034,6,1010123456034,77,,1,0,12,1,2,,9.70071,842,183411,0.891104,243,0,5.75,,3.21429,56,0,0.1,17,41.1765,0,5.35976,31,,1500,1488,,0,0,0,5.42857
1613871871284,6,1010123456034,77,,1,0,12,1,2,,11.0492,854,183625,1.01546,243,0,6.5,,0,0,0,0,0,0,0,0,0,,1500,1497,,0,0,0,0
1613871871534,6,1010123456034,77,,1,0,12,1,2,,10.3589,847,183420,0.984672,241,0,5.8,,0,0,0,0,0,0,0,0,0,,1500,1479,,0,0,0,0
1613871871784,6,1010123456034,77,,1,0,12,1,2,,9.87147,848,183007,0.897088,242,0,6,,0,0,0,0,0,0,0,0,0,,1500,1494,,0,0,0,0
1613871872034,6,1010123456034,77,,1,0,12,1,2,,10.7482,842,183352,0.983584,241,0,6.33333,,8.6,35,0,0.1,11,36.3636,0,6.63449,31,,1500,1482,,0,0,0,4.62857
1613871872284,6,1010123456034,77,,1,0,12,1,2,,10.959,853,183830,1.03146,245,0,6.16667,,0,0,0,0,0,0,0,0,0,,1500,1485,,0,0,0,0
1613871872534,6,1010123456034,77,,1,0,12,1,2,,10.7557,839,184071,0.9896,241,0,6.16667,,0,0,0,0,0,0,0,0,0,,1500,1482,,0,0,0,0
1613871872784,6,1010123456034,77,,1,0,12,1,2,,9.19857,841,184277,0.84704,242,0,5.66667,,0.1,8,0,0.1,2,50,0,0.777797,31,,1500,1482,,0,0,0,6.5
1613871873034,6,1010123456034,77,,1,0,12,1,2,,12.6097,843,183377,1.25674,241,0,7,,1.69697,99,0,0.1,28,60.7143,0,2.15445,31,,1500,1488,,0,0,0,6.72727
1613871873284,6,1010123456034,77,,1,0,12,1,2,,10.7316,831,184370,0.959168,238,0,6,,0,0,0,0,0,0,0,0,0,,1500,1485,,0,0,0,0
1613871873534,6,1010123456034,77,,1,0,12,1,2,,12.124,847,183094,1.31318,243,0,7.2,,0,0,0,0,0,0,0,0,0,,1500,1497,,0,0,0,0
1613871873784,6,1010123456034,77,,1,0,12,1,2,,9.68333,840,183662,0.879776,241,0,5.83333,,0,0,0,0,0,0,0,0,0,,1500,1473,,0,0,0,0
1613871874034,6,1010123456034,77,,1,0,12,1,2,,11.5638,839,184446,1.21715,242,0,6.5,,6,30,0,0.1,9,44.4444,0,6.95733,31,,1500,1494,,0,0,0,5.3
1613871874284,6,1010123456034,77,,1,0,12,1,2,,9.20992,867,184199,0.846688,247,0,5.83333,,0,12,0,0,4,100,0,0,0,,1500,1500,,0,0,0,0
1613871874534,6,1010123456034,77,,1,0,12,1,2,,11.1353,850,184375,1.036,243,0,6.33333,,0,0,0,0,0,0,0,0,0,,1500,1488,,0,0,0,0
1613871874784,6,1010123456034,77,,1,0,12,1,2,,10.6071,845,183648,0.970848,243,0,6,,0,0,0,0,0,0,0,0,0,,1500,1500,,0,0,0,0
1613871875034,6,1010123456034,77,,1,0,12,1,2,,10.7235,839,183992,0.986112,244,0,6,,15.1475,61,0,0.1,19,84.2105,0,5.57277,31,,1500,1494,,0,0,0,8.37705
1613871875284,6,1010123456034,77,,1,0,12,1,2,,9.82143,812,183683,0.865856,234,0,5.83333,,0,0,0,0,0,0,0,0,0,,1500,1434,,0,0,0,0
1613871875534,6,1010123456034,77,,1,0,12,1,2,,10.0105,858,183910,0.936864,245,0,6,,0,0,0,0,0,0,0,0,0,,1500,1482,,0,0,0,0
1613871875784,6,1010123456034,77,,1,0,12,1,2,,11.1872,860,183203,1.06576,245,0,6.4,,0,0,0,0,0,0,0,0,0,,1500,1497,,0,0,0,0
1613871876034,6,1010123456034,77,,1,0,12,1,2,,10.8054,848,183332,0.983104,242,0,6.16667,,5.21739,46,0,0.1,13,69.2308,0,3.65178,31,,1500,1467,,0,0,0,7.43478
1613871876284,6,1010123456034,77,,1,0,12,1,2,,10.8436,831,183803,0.984992,237,0,6.2,,0,0,0,0,0,0,0,0,0,,1500,1443,,0,0,0,0
1613871876534,6,1010123456034,77,,1,0,12,1,2,,9.56287,851,183238,0.874784,243,0,5.5,,0,3,0,0.1,1,0,0,0,31,,1500,1494,,0,0,0,0
1613871876784,6,1010123456034,77,,1,0,12,1,2,,11.2819,855,183533,1.07757,246,0,6.5,,0,0,0,0,0,0,0,0,0,,1500,1479,,0,0,0,0
1613871877034,6,1010123456034,77,,1,0,12,1,2,,10.384,810,183928,0.948896,237,0,6,,3.32075,53,0,0.1,16,56.25,0,2.8056,31,,1500,1461,,0,0,0,6.5283
1613871877284,6,1010123456034,77,,1,0,12,1,2,,10.2605,860,183639,0.94544,245,0,6.16667,,0,0,0,0,0,0,0,0,0,,1500,1497,,0,0,0,0
1613871877534,6,1010123456034,77,,1,0,12,1,2,,11.1516,851,183465,1.08768,242,0,6.4,,0,12,0,0.1,4,75,0,0,31,,1500,1497,,0,0,0,0
1613871877784,6,1010123456034,77,,1,0,12,1,2,,10.7267,849,183682,0.992768,244,0,6,,0,0,0,0,0,0,0,0,0,,1500,1500,,0,0,0,0
1613871878034,6,1010123456034,77,,1,0,12,1,2,,12.2969,852,184269,1.2055,244,0,6.83333,,6.37838,74,0,0.1,21,47.619,0,5.81362,31,,1500,1482,,0,0,0,5.75676
1613871878284,6,1010123456034,77,,1,0,12,1,2,,10.5681,852,183657,0.968832,244,0,6,,0,0,0,0,0,0,0,0,0,,1500,1494,,0,0,0,0
1613871878534,6,1010123456034,77,,1,0,12,1,2,,10.8845,831,183980,0.98048,238,0,6.2,,0,0,0,0,0,0,0,0,0,,1500,1482,,0,0,0,0
1613871878784,6,1010123456034,77,,1,0,12,1,2,,10.2765,839,184243,0.9432,239,0,6,,0,0,0,0,0,0,0,0,0,,1500,1470,,0,0,0,0
1613871879034,6,1010123456034,77,,1,0,12,1,2,,10.4656,829,183883,0.958304,243,0,6,,15.8654,52,0,0.1,15,80,0,5.30335,31,,1500,1488,,0,0,0,8.26923
1613871879284,6,1010123456034,77,,1,0,12,1,2,,9.87602,855,183450,0.915808,245,0,5.83333,,0,0,0,0,0,0,0,0,0,,1500,1500,,0,0,0,0
1613871879534,6,1010123456034,77,,1,0,12,1,2,,11.0746,831,183782,1.03011,239,0,6.4,,0,0,0,0,0,0,0,0,0,,1500,1482,,0,0,0,0
1613871879784,6,1010123456034,77,,1,0,12,1,2,,9.93583,826,183775,0.902336,236,0,6,,0,0,0,0,0,0,0,0,0,,1500,1446,,0,0,0,0
1613871880034,6,1010123456034,77,,1,0,12,1,2,,9.90488,799,183514,0.876576,231,0,5.71429,,0.1,51,0,0.1,15,20,0,1.2268,31,,1500,1446,,0,0,0,3.60784
1613871880284,6,1010123456034,77,,1,0,12,1,2,,10.4477,860,183921,0.9752,245,0,6.4,,0,0,0,0,0,0,0,0,0,,1500,1488,,0,0,0,0
1613871880534,6,1010123456034,77,,1,0,12,1,2,,9.74766,856,184143,0.888736,243,0,5.83333,,0,0,0,0,0,0,0,0,0,,1500,1479,,0,0,0,0
1613871880784,6,1010123456034,77,,1,0,12,1,2,,10.5217,851,183482,0.971424,245,0,6,,0,0,0,0,0,0,0,0,0,,1500,1494,,0,0,0,0
1613871881034,6,1010123456034,77,,1,0,12,1,2,,10.774,832,183056,1.00618,247,0,6.33333,,13.0147,68,0,0.1,23,82.6087,0,4.18816,31,,1500,1485,,0,0,0,8.66177
1613871881284,6,1010123456034,77,,1,0,12,1,2,,11.3034,847,183499,1.07334,242,0,6.33333,,0,0,0,0,0,0,0,0,0,,1500,1488,,0,0,0,0
1613871881534,6,1010123456034,77,,1,0,12,1,2,,10.0365,849,184384,0.933088,243,0,5.8,,0,3,0,0.1,1,0,0,0,31,,1500,1494,,0,0,0,0
1613871881784,6,1010123456034,77,,1,0,12,1,2,,11.0082,857,184337,1.03082,245,0,6.5,,0,0,0,0,0,0,0,0,0,,1500,1485,,0,0,0,0
1613871882034,6,1010123456034,77,,1,0,12,1,2,,9.05549,847,183384,0.84176,243,0,5.66667,,8.34,50,0,0.1,14,57.1429,0,6.17813,31,,1500,1494,,0,0,0,6.7
1613871882284,6,1010123456034,77,,1,0,12,1,2,,11.2201,845,183200,1.09085,242,0,6.5,,0,0,0,0,0,0,0,0,0,,1500,1470,,0,0,0,0
1613871882534,6,1010123456034,77,,1,0,12,1,2,,10.8228,852,184411,1.00224,244,0,6.16667,,0,0,0,0,0,0,0,0,0,,1500,1491,,0,0,0,0
1613871882784,6,1010123456034,77,,1,0,12,1,2,,10.7098,851,183359,0.981376,244,0,6,,0,3,0,0.1,1,0,0,0,31,,1500,1488,,0,0,0,0
1613871883034,6,1010123456034,77,,1,0,12,1,2,,10.54,837,184264,0.968192,244,0,6,,0.1,35,0,0.1,11,54.5455,0,3.8807,31,,1500,1491,,0,0,0,6.14286
1613871883284,6,1010123456034,77,,1,0,12,1,2,,11.0803,859,184537,1.03053,244,0,6.33333,,0,0,0,0,0,0,0,0,0,,1500,1497,,0,0,0,0
1613871883534,6,1010123456034,77,,1,0,12,1,2,,10.6108,853,183811,0.969728,244,0,6,,0,0,0,0,0,0,0,0,0,,1500,1491,,0,0,0,0
1613871883784,6,1010123456034,77,,1,0,12,1,2,,10.5567,846,183413,0.962624,242,0,6,,0,0,0,0,0,0,0,0,0,,1500,1494,,0,0,0,0
1613871884034,6,1010123456034,77,,1,0,12,1,2,,10.6256,844,183850,0.96048,243,0,6.28571,,8.57143,28,0,0,8,100,0,7.92859,0,,1500,1467,,0,0,0,10
1613871884284,6,1010123456034,77,,1,0,12,1,2,,11.3099,852,183013,1.08502,243,0,6.16667,,0,0,0,0,0,0,0,0,0,,1500,1476,,0,0,0,0
1613871884534,6,1010123456034,77,,1,0,12,1,2,,12.5118,848,183347,1.39594,243,0,7.16667,,0,15,0,0.1,5,80,0,0,0,,1500,1494,,0,0,0,0
1613871884784,6,1010123456034,77,,1,0,12,1,2,,9.48541,857,184094,0.877984,245,0,5.66667,,0,0,0,0,0,0,0,0,0,,1500,1479,,0,0,0,0
1613871885034,6,1010123456034,77,,1,0,12,1,2,,10.9988,847,183457,1.01626,242,0,6.28571,,14.7083,24,0,0.1,7,57.1429,0,11.4175,31,,1500,1488,,0,0,0,5.875
1613871885284,6,1010123456034,77,,1,0,12,1,2,,9.39976,843,183350,0.860352,242,0,5.6,,0,0,0,0,0,0,0,0,0,,1500,1473,,0,0,0,0
1613871885534,6,1010123456034,77,,1,0,12,1,2,,10.6086,833,183465,0.943648,237,0,6,,0,0,0,0,0,0,0,0,0,,1500,1467,,0,0,0,0
1613871885784,6,1010123456034,77,,1,0,12,1,2,,10.8698,860,182965,1.00381,245,0,6.16667,,0,12,0,0,4,100,0,0,0,,1500,1494,,0,0,0,0
1613871886034,6,1010123456034,77,,1,0,12,1,2,,10.0959,845,183720,0.929344,240,0,6,,0.1,81,0,0.1,23,43.4783,0,2.44984,31,,1500,1497,,0,0,0,5.83951
1613871886284,6,1010123456034,77,,1,0,12,1,2,,10.7027,851,184130,0.985253,242,0,6.2,,0,0,0,0,0,0,0,0,0,,1494,1479,,0,0,0,0
1613871886534,6,1010123456034,77,,1,0,12,1,2,,8.46517,847,183526,0.797312,242,0,5.5,,0.1,14,0,0,4,100,0,0.764038,0,,1500,1482,,0,0,0,10
1613871886784,6,1010123456034,77,,1,0,12,1,2,,9.99881,841,182898,0.909728,240,0,6,,0,0,0,0,0,0,0,0,0,,1500,1464,,0,0,0,0
1613871887034,6,1010123456034,77,,1,0,12,1,2,,11.9127,836,184035,1.35427,241,0,7.28571,,0.1,36,0,0.1,10,40,0,5.44241,31,,1500,1479,,0,0,0,4.83333
1613871887284,6,1010123456034,77,,1,0,12,1,2,,12.283,848,184036,1.24349,243,0,6.75,,15,4,0,0.1,1,0,0,21.4444,31,,1500,1491,,0,0,0,1
1613871887534,6,1010123456034,77,,1,0,12,1,2,,13.2267,847,182505,1.32413,243,0,7.5,,0,0,0,0,0,0,0,0,0,,1500,1479,,0,0,0,0
1613871887784,6,1010123456034,77,,1,0,12,1,2,,10.757,856,183677,1.04874,245,0,6,,15,20,0,0.1,5,80,0,5.69309,31,,1500,1482,,0,0,0,8.2
1613871888034,6,1010123456034,77,,1,0,12,1,2,,10.5423,839,184492,0.962176,244,0,6,,0.1,34,0,0.1,12,41.6667,0,4.82345,31,,1500,1485,,0,0,0,5.14706
1613871888284,6,1010123456034,77,,1,0,12,1,2,,10.6116,860,183498,0.980544,246,0,6,,0,0,0,0,0,0,0,0,0,,1500,1497,,0,0,0,0
1613871888534,6,1010123456034,77,,1,0,12,1,2,,10.4977,856,182954,0.964512,245,0,6,,0,0,0,0,0,0,0,0,0,,1500,1479,,0,0,0,0
1613871888784,6,1010123456034,77,,1,0,12,1,2,,10.5773,847,183949,0.961728,242,0,6,,0,0,0,0,0,0,0,0,0,,1500,1473,,0,0,0,0
1613871889034,6,1010123456034,77,,1,0,12,1,2,,12.3442,857,184238,1.21571,245,0,7,,4.5283,53,0,0.1,15,66.6667,0,3.41354,31,,1500,1488,,0,0,0,7.18868
1613871889284,6,1010123456034,77,,1,0,12,1,2,,10.7521,851,183314,0.977344,242,0,6,,0,0,0,0,0,0,0,0,0,,1500,1500,,0,0,0,0
1613871889534,6,1010123456034,77,,1,0,12,1,2,,10.793,860,183237,0.99888,245,0,6.16667,,0,0,0,0,0,0,0,0,0,,1500,1479,,0,0,0,0
1613871889784,6,1010123456034,77,,1,0,12,1,2,,11.085,847,183539,1.02474,243,0,6.33333,,0,0,0,0,0,0,0,0,0,,1500,1482,,0,0,0,0
1613871890034,6,1010123456034,77,,1,0,12,1,2,,10.0073,823,183907,0.894208,236,0,5.85714,,4.77273,44,0,0.1,13,69.2308,0,5.03052,31,,1500,1473,,0,0,0,7.59091
1613871890284,6,1010123456034,77,,1,0,12,1,2,,12.1635,850,184278,1.21286,242,0,7,,0,0,0,0,0,0,0,0,0,,1500,1494,,0,0,0,0
1613871890534,6,1010123456034,77,,1,0,12,1,2,,9.82021,851,184524,0.902784,243,0,5.83333,,0,0,0,0,0,0,0,0,0,,1500,1479,,0,0,0,0
1613871890784,6,1010123456034,77,,1,0,12,1,2,,9.77556,851,183320,0.8864,241,0,5.83333,,0,0,0,0,0,0,0,0,0,,1500,1476,,0,0,0,0
1613871891034,6,1010123456034,77,,1,0,12,1,2,,11.2815,849,182525,1.00221,243,0,7.28571,,0.1,74,0,0.1,22,36.3636,0,2.03836,31,,1500,1494,,0,0,0,5.10811
1613871891284,6,1010123456034,77,,1,0,12,1,2,,13.2277,830,183547,1.49574,238,0,6.4,,0,0,0,0,0,0,0,0,0,,1500,1464,,0,0,0,0
1613871891534,6,1010123456034,77,,1,0,12,1,2,,7.91385,859,183871,0.760704,245,0,5.4,,0,0,0,0,0,0,0,0,0,,1500,1497,,0,0,0,0
1613871891784,6,1010123456034,77,,1,0,12,1,2,,10.2655,855,183837,0.93152,246,0,6,,0,0,0,0,0,0,0,0,0,,1500,1479,,0,0,0,0
1613871892034,6,1010123456034,77,,1,0,12,1,2,,13.4907,856,184226,1.39478,247,0,6.66667,,8.21622,74,0,0.199872,22,50,0,5.05875,31,,1500,1500,,0,0,0,5.75676
1613871892284,6,1010123456034,77,,1,0,12,1,2,,9.54684,854,183470,0.880256,244,0,5.66667,,0,0,0,0,0,0,0,0,0,,1500,1500,,0,0,0,0
1613871892534,6,1010123456034,77,,1,0,12,1,2,,10.5787,826,183638,0.952864,237,0,6.16667,,0,0,0,0,0,0,0,0,0,,1500,1425,,0,0,0,0
1613871892784,6,1010123456034,77,,1,0,12,1,2,,9.84935,843,184010,0.881024,238,0,5.83333,,0,0,0,0,0,0,0,0,0,,1500,1476,,0,0,0,0
1613871893034,6,1010123456034,77,,1,0,12,1,2,,10.6545,848,183420,0.964288,242,0,6,,8,30,0,0.1,9,44.4444,0,5.40454,31,,1500,1494,,0,0,0,4.86667
1613871893284,6,1010123456034,77,,1,0,12,1,2,,9.83743,855,183304,0.906304,244,0,5.83333,,0,0,0,0,0,0,0,0,0,,1500,1497,,0,0,0,0
1613871893534,6,1010123456034,77,,1,0,12,1,2,,14.1407,846,183238,1.48499,242,0,8.8,,0,0,0,0,0,0,0,0,0,,1500,1473,,0,0,0,0
1613871893784,6,1010123456034,77,,1,0,12,1,2,,15.7187,839,183163,1.82429,241,0,8.16667,,0,0,0,0,0,0,0,0,0,,1500,1485,,0,0,0,0
1613871894034,6,1010123456034,77,,1,0,12,1,2,,10.5109,828,183527,1.04694,239,0,6.33333,,6.09375,32,0,0.1,10,50,0,3.7369,31,,1500,1476,,0,0,0,6.28125
1613871894284,6,1010123456034,77,,1,0,12,1,2,,10.8918,869,184057,1.02246,248,0,6.2,,0,0,0,0,0,0,0,0,0,,1500,1500,,0,0,0,0
1613871894534,6,1010123456034,77,,1,0,12,1,2,,9.88655,855,183761,0.912832,244,0,5.83333,,0,0,0,0,0,0,0,0,0,,1500,1494,,0,0,0,0
1613871894784,6,1010123456034,77,,1,0,12,1,2,,10.5217,851,183523,0.9552,242,0,6,,0,6,0,0.1,2,50,0,0,31,,1500,1491,,0,0,0,0
1613871895034,6,1010123456034,77,,1,0,12,1,2,,11.0904,819,183696,1.02794,239,0,6.42857,,15.3735,83,0,0.19024,28,82.1429,0,5.62724,31,,1500,1485,,0,0,0,8.14859
1613871895284,6,1010123456034,77,,1,0,12,1,2,,10.8706,850,183688,1.00115,242,0,6,,0,0,0,0,0,0,0,0,0,,1500,1494,,0,0,0,0
1613871895534,6,1010123456034,77,,1,0,12,1,2,,8.96203,869,184054,0.84608,248,0,5.66667,,0,0,0,0,0,0,0,0,0,,1500,1497,,0,0,0,0
1613871895784,6,1010123456034,77,,1,0,12,1,2,,10.6729,853,184370,0.987392,244,0,6.16667,,0,12,0,0.1,4,75,0,0,31,,1500,1491,,0,0,0,0
1613871896034,6,1010123456034,77,,1,0,12,1,2,,10.4026,842,184347,0.943296,242,0,6,,12.6316,19,0,0.1,5,80,0,4.51768,31,,1500,1473,,0,0,0,8.57895
1613871896284,6,1010123456034,77,,1,0,12,1,2,,10.7557,839,183474,0.976224,239,0,6.16667,,0,0,0,0,0,0,0,0,0,,1500,1461,,0,0,0,0
1613871896534,6,1010123456034,77,,1,0,12,1,2,,9.91637,849,183363,0.918368,243,0,5.8,,6.4,45,0,0.1,12,66.6667,0,3.98602,31,,1500,1476,,0,0,0,7.46667
1613871896784,6,1010123456034,77,,1,0,12,1,2,,10.4534,847,183406,0.932128,241,0,6,,0,0,0,0,0,0,0,0,0,,1500,1482,,0,0,0,0
1613871897034,6,1010123456034,77,,1,0,12,1,2,,10.5053,847,183317,0.951328,241,0,6,,8.26667,45,0,0.1,13,61.5385,0,3.26452,31,,1500,1467,,0,0,0,6.95556
1613871897284,6,1010123456034,77,,1,0,12,1,2,,10.4851,839,183530,0.939872,239,0,6,,0,3,0,0.1,1,0,0,0,31,,1500,1467,,0,0,0,0
1613871897534,6,1010123456034,77,,1,0,12,1,2,,10.5106,852,183248,0.956128,243,0,6,,0,12,0,0,4,100,0,0,0,,1500,1488,,0,0,0,0
1613871897784,6,1010123456034,77,,1,0,12,1,2,,10.5716,859,184040,0.968992,245,0,6,,0,0,0,0,0,0,0,0,0,,1500,1479,,0,0,0,0
1613871898034,6,1010123456034,77,,1,0,12,1,2,,12.084,845,184403,1.16496,241,0,6.57143,,0.1,38,0,0.1,11,27.2727,0,0.922183,31,,1500,1494,,0,0,0,4.26316
1613871898284,6,1010123456034,77,,1,0,12,1,2,,10.0512,840,183868,0.920544,240,0,6,,0,0,0,0,0,0,0,0,0,,1500,1470,,0,0,0,0
1613871898534,6,1010123456034,77,,1,0,12,1,2,,11.5714,854,182933,1.1017,244,0,6.4,,0,0,0,0,0,0,0,0,0,,1500,1494,,0,0,0,0
1613871898784,6,1010123456034,77,,1,0,12,1,2,,12.2128,860,183837,1.21386,245,0,6.66667,,0,0,0,0,0,0,0,0,0,,1500,1497,,0,0,0,0
1613871899034,6,1010123456034,77,,1,0,12,1,2,,11.8678,862,183810,1.17885,247,0,6.6,,6,30,0,0.1,9,44.4444,0,9.67301,31,,1500,1488,,0,0,0,5.03333
1613871899284,6,1010123456034,77,,1,0,12,1,2,,9.18519,837,184184,0.838912,240,0,6,,0,0,0,0,0,0,0,0,0,,1500,1479,,0,0,0,0
1613871899534,6,1010123456034,77,,1,0,12,1,2,,10.7031,859,184317,0.999104,246,0,6,,0,0,0,0,0,0,0,0,0,,1500,1491,,0,0,0,0
1613871899784,6,1010123456034,77,,1,0,12,1,2,,10.3932,852,184289,0.94528,244,0,6,,12,20,0,0.1,5,80,0,4.66087,31,,1500,1473,,0,0,0,8.2
1613871900034,6,1010123456034,77,,1,0,12,1,2,,10.8672,851,184033,1.0017,243,0,6.16667,,6,30,0,0.1,9,44.4444,0,4.78203,31,,1500,1494,,0,0,0,5.4
1613871900284,6,1010123456034,77,,1,0,12,1,2,,11.4677,851,183052,1.04621,242,0,7,,0,0,0,0,0,0,0,0,0,,1500,1491,,0,0,0,0
1613871900534,6,1010123456034,77,,1,0,12,1,2,,10.5508,846,184510,1.11552,244,0,5.66667,,0,0,0,0,0,0,0,0,0,,1500,1476,,0,0,0,0
1613871900784,6,1010123456034,77,,1,0,12,1,2,,10.5365,835,184314,0.94768,239,0,6,,0,0,0,0,0,0,0,0,0,,1500,1485,,0,0,0,0
1613871901034,6,1010123456034,77,,1,0,12,1,2,,9.85507,828,183389,0.892736,238,0,5.83333,,11.4706,17,0,0.1,5,80,0,5.83296,31,,1500,1449,,0,0,0,7.88235
1613871901284,6,1010123456034,77,,1,0,12,1,2,,9.83353,841,183727,0.887614,239,0,5.83333,,0,6,0,0.1,2,50,0,0,31,,1500,1482,,0,0,0,0
1613871901534,6,1010123456034,77,,1,0,12,1,2,,9.74478,862,183366,0.913344,246,0,5.83333,,0.1,4,0,0.1,1,0,0,1.75038,0,,1500,1494,,0,0,0,1
1613871901784,6,1010123456034,77,,1,0,12,1,2,,12.6706,853,183199,1.27104,244,0,7,,0,0,0,0,0,0,0,0,0,,1500,1491,,0,0,0,0
1613871902034,6,1010123456034,77,,1,0,12,1,2,,10.7313,830,183974,0.977088,238,0,6.14286,,6.77419,31,0,0.1,9,44.4444,0,5.78252,31,,1500,1470,,0,0,0,5.3871
1613871902284,6,1010123456034,77,,1,0,12,1,2,,10.5278,862,183252,0.969792,246,0,6,,0,12,0,0,4,100,0,0,0,,1500,1491,,0,0,0,0
1613871902534,6,1010123456034,77,,1,0,12,1,2,,8.16385,830,183664,0.748544,236,0,5,,0,15,0,0.1,5,80,0,0,31,,1500,1461,,0,0,0,0
1613871902784,6,1010123456034,77,,1,0,12,1,2,,10.6682,856,184204,0.977152,244,0,6,,0,0,0,0,0,0,0,0,0,,1500,1500,,0,0,0,0
1613871903034,6,1010123456034,77,,1,0,12,1,2,,11.84,831,183606,1.16032,244,0,6.66667,,14.8049,82,0,0.1,28,89.2857,0,3.15403,31,,1500,1473,,0,0,0,9.0122
1613871903284,6,1010123456034,77,,1,0,12,1,2,,10.3817,841,184150,0.926016,238,0,6,,0,6,0,0.1,2,50,0,0,31,,1500,1476,,0,0,0,0
1613871903534,6,1010123456034,77,,1,0,12,1,2,,10.8939,839,183771,1.00467,240,0,6.33333,,0,0,0,0,0,0,0,0,0,,1500,1476,,0,0,0,0
1613871903784,6,1010123456034,77,,1,0,12,1,2,,8.83587,853,184360,0.835264,244,0,4.8,,0,0,0,0,0,0,0,0,0,,1500,1482,,0,0,0,0
1613871904034,6,1010123456034,77,,1,0,12,1,2,,11.0977,829,183872,1.10272,244,0,6.42857,,15.3158,76,0,0.184928,25,80,0,6.19499,31,,1500,1491,,0,0,0,8.08333
1613871904284,6,1010123456034,77,,1,0,12,1,2,,9.6214,869,183910,0.89984,248,0,5.66667,,0,6,0,0,2,100,0,0,0,,1500,1500,,0,0,0,0
1613871904534,6,1010123456034,77,,1,0,12,1,2,,10.4442,851,183833,0.951008,243,0,6,,0,6,0,0,2,100,0,0,0,,1500,1482,,0,0,0,0
1613871904784,6,1010123456034,77,,1,0,12,1,2,,9.20188,852,183774,0.859168,244,0,5.83333,,0,0,0,0,0,0,0,0,0,,1500,1470,,0,0,0,0
1613871905034,6,1010123456034,77,,1,0,12,1,2,,10.1043,853,184107,0.936192,244,0,6,,11.625,16,0,0.1,5,0,0,23.1074,31,,1500,1476,,0,0,0,1
1613871905284,6,1010123456034,77,,1,0,12,1,2,,13.5884,848,184004,1.36685,242,0,7.25,,15,17,0,0.1,5,80,0,3.90706,31,,1500,1497,,0,0,0,8.41177
1613871905534,6,1010123456034,77,,1,0,12,1,2,,10.8624,850,183629,1.01251,245,0,6.2,,0,0,0,0,0,0,0,0,0,,1500,1494,,0,0,0,0
1613871905784,6,1010123456034,77,,1,0,12,1,2,,10.9193,855,183885,1.05824,244,0,6.2,,0,0,0,0,0,0,0,0,0,,1500,1485,,0,0,0,0
1613871906034,6,1010123456034,77,,1,0,12,1,2,,9.77737,822,184397,0.900608,240,0,5.83333,,15,11,0,0,4,100,0,1.21556,0,,1500,1485,,0,0,0,10
1613871906284,6,1010123456034,77,,1,0,12,1,2,,10.3004,819,183989,0.925504,236,0,5.83333,,0,0,0,0,0,0,0,0,0,,1500,1449,,0,0,0,0
1613871906534,6,1010123456034,77,,1,0,12,1,2,,9.80194,823,183321,0.881056,237,0,5.83333,,3.92727,55,0,0.1,16,75,0,4.27016,31,,1500,1455,,0,0,0,7.6
1613871906784,6,1010123456034,77,,1,0,12,1,2,,9.0454,837,184173,0.812416,239,0,5.8,,0,0,0,0,0,0,0,0,0,,1500,1461,,0,0,0,0
1613871907034,6,1010123456034,77,,1,0,12,1,2,,7.51157,821,183998,0.723968,236,0,5.66667,,2,30,0,0.1,9,11.1111,0,7.09866,31,,1500,1458,,0,0,0,3.03333
1613871907284,6,1010123456034,77,,1,0,12,1,2,,10.7055,849,183044,0.979072,244,0,6.16667,,15,11,0,0,3,100,0,1.98122,0,,1500,1488,,0,0,0,10
1613871907534,6,1010123456034,77,,1,0,12,1,2,,10.981,843,184208,1.0089,240,0,6.16667,,0,0,0,0,0,0,0,0,0,,1500,1482,,0,0,0,0
1613871907784,6,1010123456034,77,,1,0,12,1,2,,10.5721,860,183290,0.972192,245,0,6,,0,0,0,0,0,0,0,0,0,,1500,1494,,0,0,0,0
1613871908034,6,1010123456034,77,,1,0,12,1,2,,10.5879,859,183860,0.975008,245,0,6,,0.1,64,0,0.1,19,42.1053,0,2.28818,31,,1500,1500,,0,0,0,5.40625
1613871908284,6,1010123456034,77,,1,0,12,1,2,,9.28202,851,183843,0.857088,242,0,5.8,,0,0,0,0,0,0,0,0,0,,1500,1482,,0,0,0,0
1613871908534,6,1010123456034,77,,1,0,12,1,2,,10.5812,862,184230,0.981472,247,0,6,,0,0,0,0,0,0,0,0,0,,1500,1497,,0,0,0,0
1613871908784,6,1010123456034,77,,1,0,12,1,2,,8.72087,824,183563,0.797472,237,0,5.5,,0,0,0,0,0,0,0,0,0,,1500,1452,,0,0,0,0
1613871909034,6,1010123456034,77,,1,0,12,1,2,,8.86403,809,183652,0.80656,237,0,5.8,,14.8272,81,0,0.1,24,83.3333,0,4.4498,31,,1500,1461,,0,0,0,8.23868
1613871909284,6,1010123456034,77,,1,0,12,1,2,,9.03199,844,184139,0.847552,242,0,5.66667,,0,0,0,0,0,0,0,0,0,,1500,1479,,0,0,0,0
1613871909534,6,1010123456034,77,,1,0,12,1,2,,10.6419,863,183178,1.0087,246,0,6.33333,,0,0,0,0,0,0,0,0,0,,1500,1494,,0,0,0,0
1613871909784,6,1010123456034,77,,1,0,12,1,2,,10.9807,829,184285,1.00566,239,0,6.4,,0.1,4,0,0.1,1,0,0,1.54968,31,,1500,1479,,0,0,0,2
1613871910034,6,1010123456034,77,,1,0,12,1,2,,10.7214,847,184461,0.987232,243,0,6.14286,,5.84,50,0,0.1,14,42.8571,0,8.33986,31,,1500,1485,,0,0,0,5.34
1613871910284,6,1010123456034,77,,1,0,12,1,2,,9.98221,843,184091,0.91232,242,0,5.83333,,0,0,0,0,0,0,0,0,0,,1500,1479,,0,0,0,0
1613871910534,6,1010123456034,77,,1,0,12,1,2,,9.74167,840,183202,0.885248,241,0,5.83333,,0,0,0,0,0,0,0,0,0,,1500,1485,,0,0,0,0
1613871910784,6,1010123456034,77,,1,0,12,1,2,,13.1649,867,184253,1.51206,248,0,7.5,,0,0,0,0,0,0,0,0,0,,1500,1500,,0,0,0,0
1613871911034,6,1010123456034,77,,1,0,12,1,2,,7.76507,813,183937,0.726272,238,0,4.85714,,6.41379,58,0,0.1,19,84.2105,0,3.5263,31,,1500,1449,,0,0,0,8.55172
1613871911284,6,1010123456034,77,,1,0,12,1,2,,10.8389,838,184121,0.988672,240,0,6.16667,,0,0,0,0,0,0,0,0,0,,1500,1476,,0,0,0,0
1613871911534,6,1010123456034,77,,1,0,12,1,2,,10.487,844,184081,0.99712,242,0,6.16667,,0.1,4,0,0.1,1,0,0,18.8138,31,,1500,1473,,0,0,0,1
1613871911784,6,1010123456034,77,,1,0,12,1,2,,10.0428,841,184428,0.93968,243,0,6,,15,4,0,0.1,1,0,0,21.1747,31,,1500,1494,,0,0,0,1
1613871912034,6,1010123456034,77,,1,0,12,1,2,,9.58261,805,182925,0.855552,235,0,6,,5.5814,43,0,0.1,13,61.5385,0,4.38798,31,,1500,1449,,0,0,0,6.81395
1613871912284,6,1010123456034,77,,1,0,12,1,2,,9.75203,863,184238,0.907968,246,0,5.8,,0,0,0,0,0,0,0,0,0,,1500,1497,,0,0,0,0
1613871912534,6,1010123456034,77,,1,0,12,1,2,,9.09434,848,183452,0.832192,242,0,5.66667,,0,0,0,0,0,0,0,0,0,,1500,1476,,0,0,0,0
1613871912784,6,1010123456034,77,,1,0,12,1,2,,9.72663,845,183887,0.891232,241,0,5.8,,0,0,0,0,0,0,0,0,0,,1500,1470,,0,0,0,0
1613871913034,6,1010123456034,77,,1,0,12,1,2,,9.02834,847,183292,0.827808,242,0,5.71429,,0.1,33,0,0.1,9,0,0,4.76797,31,,1500,1488,,0,0,0,2.06061
1613871913284,6,1010123456034,77,,1,0,12,1,2,,10.1001,859,183543,0.932832,245,0,6,,0,0,0,0,0,0,0,0,0,,1500,1497,,0,0,0,0
1613871913534,6,1010123456034,77,,1,0,12,1,2,,10.6448,853,184259,0.979392,242,0,6,,0,0,0,0,0,0,0,0,0,,1500,1485,,0,0,0,0
1613871913784,6,1010123456034,77,,1,0,12,1,2,,9.52644,851,183638,0.920736,243,0,6.2,,0,0,0,0,0,0,0,0,0,,1500,1497,,0,0,0,0
1613871914034,6,1010123456034,77,,1,0,12,1,2,,9.57767,824,183251,0.870304,239,0,5.85714,,15.8696,23,0,0.1,6,66.6667,0,14.4152,31,,1500,1464,,0,0,0,7.26087
1613871914284,6,1010123456034,77,,1,0,12,1,2,,10.5459,850,184317,0.9584,242,0,6,,0,0,0,0,0,0,0,0,0,,1500,1476,,0,0,0,0
1613871914534,6,1010123456034,77,,1,0,12,1,2,,10.7792,865,183890,1.00784,247,0,6.16667,,0,0,0,0,0,0,0,0,0,,1500,1497,,0,0,0,0
1613871914784,6,1010123456034,77,,1,0,12,1,2,,11.1595,840,184131,1.03229,239,0,6.33333,,0,0,0,0,0,0,0,0,0,,1500,1458,,0,0,0,0
1613871915034,6,1010123456034,77,,1,0,12,1,2,,9.39438,819,184377,0.860192,237,0,5.71429,,15,12,0,0,4,100,0,1.14674,0,,1500,1458,,0,0,0,10
1613871915284,6,1010123456034,77,,1,0,12,1,2,,9.12619,840,182880,0.850848,242,0,5.8,,0.1,8,0,0,2,100,0,0.1,0,,1500,1479,,0,0,0,10
1613871915534,6,1010123456034,77,,1,0,12,1,2,,10.876,839,184369,0.992128,240,0,6.16667,,6.96429,28,0,0.1,8,50,0,3.59871,31,,1500,1461,,0,0,0,6.17857
1613871915784,6,1010123456034,77,,1,0,12,1,2,,10.5986,857,183661,0.966272,244,0,6,,0,0,0,0,0,0,0,0,0,,1500,1485,,0,0,0,0
1613871916034,6,1010123456034,77,,1,0,12,1,2,,11.4675,830,184081,1.11843,241,0,6.42857,,13.931,87,0,0.1,28,85.7143,0,3.196,31,,1500,1494,,0,0,0,8.56322
1613871916284,6,1010123456034,77,,1,0,12,1,2,,10.6572,843,183536,0.966688,241,0,6,,0,0,0,0,0,0,0,0,0,,1500,1500,,0,0,0,0
1613871916534,6,1010123456034,77,,1,0,12,1,2,,10.3329,847,183951,0.979296,243,0,6.2,,0,0,0,0,0,0,0,0,0,,1500,1491,,0,0,0,0
1613871916784,6,1010123456034,77,,1,0,12,1,2,,12.4311,863,184271,1.26086,246,0,6.83333,,0,0,0,0,0,0,0,0,0,,1500,1500,,0,0,0,0
1613871917034,6,1010123456034,77,,1,0,12,1,2,,11.1217,838,183833,1.10054,244,0,6.6,,15.3855,83,0,0.125792,28,85.7143,0,4.37593,31,,1500,1488,,0,0,0,8.48193
1613871917284,6,1010123456034,77,,1,0,12,1,2,,9.65108,834,183800,0.902496,237,0,6,,0,0,0,0,0,0,0,0,0,,1500,1461,,0,0,0,0
1613871917534,6,1010123456034,77,,1,0,12,1,2,,10.6495,856,182921,0.977792,244,0,6,,0,0,0,0,0,0,0,0,0,,1500,1488,,0,0,0,0
1613871917784,6,1010123456034,77,,1,0,12,1,2,,9.92974,854,184113,0.90864,243,0,5.8,,0,0,0,0,0,0,0,0,0,,1500,1491,,0,0,0,0
1613871918034,6,1010123456034,77,,1,0,12,1,2,,11.6417,815,183924,1.09158,240,0,6.42857,,15.4023,87,0,0.127136,28,85.7143,0,4.56379,31,,1500,1476,,0,0,0,8.44828
1613871918284,6,1010123456034,77,,1,0,12,1,2,,8.56816,829,183580,0.791968,239,0,5.5,,0,0,0,0,0,0,0,0,0,,1500,1461,,0,0,0,0
1613871918534,6,1010123456034,77,,1,0,12,1,2,,8.88521,845,183446,0.809152,238,0,5.66667,,0,0,0,0,0,0,0,0,0,,1500,1491,,0,0,0,0
1613871918784,6,1010123456034,77,,1,0,12,1,2,,8.87165,857,183114,0.808256,244,0,5.8,,0,0,0,0,0,0,0,0,0,,1500,1482,,0,0,0,0
1613871919034,6,1010123456034,77,,1,0,12,1,2,,11.1349,860,183703,1.06902,247,0,6.28571,,3.76471,51,0,0.1,14,50,0,3.19048,31,,1500,1491,,0,0,0,6.2549
1613871919284,6,1010123456034,77,,1,0,12,1,2,,13.8595,854,183326,1.556,245,0,7.66667,,0,0,0,0,0,0,0,0,0,,1500,1494,,0,0,0,0
1613871919534,6,1010123456034,77,,1,0,12,1,2,,10.7488,840,183657,0.977952,241,0,6.2,,15,4,0,0.1,1,0,0,21.3192,31,,1500,1464,,0,0,0,1
1613871919784,6,1010123456034,77,,1,0,12,1,2,,9.91117,833,183866,0.9,239,0,5.83333,,0,0,0,0,0,0,0,0,0,,1500,1452,,0,0,0,0
1613871920034,6,1010123456034,77,,1,0,12,1,2,,10.8843,847,183429,1.02576,243,0,6,,5.83784,74,0,0.1,21,76.1905,0,2.83627,31,,1500,1497,,0,0,0,7.83784
1613871920284,6,1010123456034,77,,1,0,12,1,2,,10.0978,869,183547,0.929504,247,0,6,,0,0,0,0,0,0,0,0,0,,1500,1500,,0,0,0,0
1613871920534,6,1010123456034,77,,1,0,12,1,2,,11.2564,858,183876,1.12461,246,0,6.4,,0,0,0,0,0,0,0,0,0,,1500,1497,,0,0,0,0
1613871920784,6,1010123456034,77,,1,0,12,1,2,,9.87776,859,183372,0.91712,246,0,5.8,,0,0,0,0,0,0,0,0,0,,1500,1494,,0,0,0,0
1613871921034,6,1010123456034,77,,1,0,12,1,2,,10.4882,844,184486,0.95856,243,0,6,,6,30,0,0.1,9,44.4444,0,6.60386,31,,1500,1488,,0,0,0,4.7
1613871921284,6,1010123456034,77,,1,0,12,1,2,,10.7529,854,183174,0.988704,245,0,6,,0,0,0,0,0,0,0,0,0,,1500,1494,,0,0,0,0
1613871921534,6,1010123456034,77,,1,0,12,1,2,,10.7756,851,164738,0.987904,244,0,6,,0,0,0,0,0,0,0,0,0,,1500,1500,,0,0,0,0
1613871921784,6,1010123456034,77,,1,0,12,1,2,,10.9953,849,134259,1.00685,244,0,6,,0.1,4,0,0.1,1,0,0,18.8057,31,,1500,1500,,0,0,0,1
1613871922034,6,1010123456034,77,,1,0,12,1,2,,11.0169,826,104021,0.993952,241,0,6.16667,,15.0833,60,0,0.147648,19,73.6842,0,7.90999,31,,1500,1500,,0,0,0,7.15
1613871922284,6,1010123456034,77,,1,0,12,1,2,,11.1247,866,71747,1.04813,246,0,6,,0,0,0,0,0,0,0,0,0,,1555,1545,,0,0,0,0
1613871922534,6,1010123456034,77,,1,0,12,1,2,,11.3252,824,10713,1.98019,233,0,6.33333,,0,9,0,0.1,3,0,0,0,31,,2953,2916,,0,0,0,0
1613871922784,6,1010123456034,77,,1,0,12,1,2,,11.7548,155,0,0.416704,52,0,7.2,,0,3,0,0.1,1,0,0,0,31,,488,474,,0,0,0,0
1613871923034,6,1010123456034,77,,1,0,12,1,2,,0,0,0,0,0,0,8.4,,0,0,0,0,0,0,0,0,0,,0,0,,0,0,0,0
1613871923284,6,1010123456034,77,,1,0,12,1,2,,0,0,0,0,0,0,8,,0,0,0,0,0,0,0,0,0,,0,0,,0,0,0,0
1613871923534,6,1010123456034,77,,1,0,12,1,2,,0,0,0,0,0,0,7,,0,0,0,0,0,0,0,0,0,,0,0,,0,0,0,0
1613871923784,6,1010123456034,77,,1,0,12,1,2,,0,0,0,0,0,0,7.6,,0,0,0,0,0,0,0,0,0,,0,0,,0,0,0,0
1613871924034,6,1010123456034,77,,1,0,12,1,2,,0,0,0,0,0,0,8,,0,0,0,0,0,0,0,0,0,,0,0,,0,0,0,0
1613871924284,6,1010123456034,77,,1,0,12,1,2,,0,0,0,0,0,0,9,,0,0,0,0,0,0,0,0,0,,0,0,,0,0,0,0
1613871924534,6,1010123456034,77,,1,0,12,1,2,,0,0,0,0,0,0,8,,0,0,0,0,0,0,0,0,0,,0,0,,0,0,0,0
1613871924784,6,1010123456034,77,,1,0,12,1,2,,0,0,0,0,0,0,7,,0,0,0,0,0,0,0,0,0,,0,0,,0,0,0,0
1613871925034,6,1010123456034,77,,1,0,12,1,2,,0,0,0,0,0,0,6,,0,0,0,0,0,0,0,0,0,,0,0,,0,0,0,0
1613871925284,6,1010123456034,77,,1,0,12,1,2,,0,0,0,0,0,0,7,,0,0,0,0,0,0,0,0,0,,0,0,,0,0,0,0
1613871925534,6,1010123456034,77,,1,0,12,1,2,,0,0,0,0,0,0,6.66667,,0,0,0,0,0,0,0,0,0,,0,0,,0,0,0,0
1613871925784,6,1010123456034,77,,1,0,12,1,2,,0,0,0,0,0,0,4,,0,0,0,0,0,0,0,0,0,,0,0,,0,0,0,0
1613871926034,6,1010123456034,77,,1,0,12,1,2,,0,0,0,0,0,0,9.33333,,0,0,0,0,0,0,0,0,0,,0,0,,0,0,0,0
1613871926284,6,1010123456034,77,,1,0,12,1,2,,0,0,0,0,0,0,9.5,,0,0,0,0,0,0,0,0,0,,0,0,,0,0,0,0
1613871926534,6,1010123456034,77,,1,0,12,1,2,,0,0,0,0,0,0,5.5,,0,0,0,0,0,0,0,0,0,,0,0,,0,0,0,0
1613871926784,6,1010123456034,77,,1,0,12,1,2,,0,0,0,0,0,0,7.25,,0,0,0,0,0,0,0,0,0,,0,0,,0,0,0,0
1613871927034,6,1010123456034,77,,1,0,12,1,2,,0,0,0,0,0,0,9,,0,0,0,0,0,0,0,0,0,,0,0,,0,0,0,0
1613871927284,6,1010123456034,77,,1,0,12,1,2,,0,0,0,0,0,0,0.1,,0,0,0,0,0,0,0,0,0,,0,0,,0,0,0,0
1613871927534,6,1010123456034,77,,1,0,12,1,2,,0,0,0,0,0,0,0.1,,0,0,0,0,0,0,0,0,0,,0,0,,0,0,0,0
1613871927784,6,1010123456034,77,,1,0,12,1,2,,0,0,0,0,0,0,0.1,,0,0,0,0,0,0,0,0,0,,0,0,,0,0,0,0
1613871928034,6,1010123456034,77,,1,0,12,1,2,,0,0,0,0,0,0,0.1,,0,0,0,0,0,0,0,0,0,,0,0,,0,0,0,0
1613871928284,6,1010123456034,77,,1,0,12,1,2,,0,0,0,0,0,0,0.1,,0,0,0,0,0,0,0,0,0,,0,0,,0,0,0,0
1613871928534,6,1010123456034,77,,1,0,12,1,2,,0,0,0,0,0,0,0.1,,0,0,0,0,0,0,0,0,0,,0,0,,0,0,0,0
1613871928784,6,1010123456034,77,,1,0,12,1,2,,0,0,0,0,0,0,0.1,,0,0,0,0,0,0,0,0,0,,0,0,,0,0,0,0
1613871929034,6,1010123456034,77,,1,0,12,1,2,,0,0,0,0,0,0,0.1,,0,0,0,0,0,0,0,0,0,,0,0,,0,0,0,0
1613871929284,6,1010123456034,77,,1,0,12,1,2,,0,0,0,0,0,0,0.1,,0,0,0,0,0,0,0,0,0,,0,0,,0,0,0,0
1613871929534,6,1010123456034,77,,1,0,12,1,2,,0,0,0,0,0,0,0.1,,0,0,0,0,0,0,0,0,0,,0,0,,0,0,0,0
1613871929784,6,1010123456034,77,,1,0,12,1,2,,0,0,0,0,0,0,0.1,,0,0,0,0,0,0,0,0,0,,0,0,,0,0,0,0
1613871930034,6,1010123456034,77,,1,0,12,1,2,,0,0,0,0,0,0,0.1,,0,0,0,0,0,0,0,0,0,,0,0,,0,0,0,0
1613871930284,6,1010123456034,77,,1,0,12,1,2,,0,0,0,0,0,0,0.1,,0,0,0,0,0,0,0,0,0,,0,0,,0,0,0,0
1613871930534,6,1010123456034,77,,1,0,12,1,2,,0,0,0,0,0,0,0.1,,0,0,0,0,0,0,0,0,0,,0,0,,0,0,0,0
1613871930784,6,1010123456034,77,,1,0,12,1,2,,0,0,0,0,0,0,0.1,,0,0,0,0,0,0,0,0,0,,0,0,,0,0,0,0
1613871931044,5,1010123456034,77,,1,0,12,1,2,,2,4,0,0,0,0,0.1,,0,0,0,0,0,0,0,0,0,,0,0,,0,0,0,0
