time,cc,pci,earfcn,rsrp,pl,cfo,dl_mcs,dl_snr,dl_turbo,dl_brate,dl_bler,ul_ta,ul_mcs,ul_buff,ul_brate,ul_bler,rf_o,rf_u,rf_l,is_attached
0,0,0,4294967295,0.0,0.0,0.0,0.0,0.0,0.0,0.0,0.0,0.0,0.0,0.0,0.0,0.0,0.0,0.0,0.0,0.0
249,0,0,3400,0.0,0.0,0.0,0.0,0.0,0.0,0.0,0.0,0.0,0.0,0.0,0.0,0.0,0.0,0.0,0.0,0.0
498,0,0,3400,0.0,0.0,0.0,0.0,0.0,0.0,0.0,0.0,0.0,0.0,0.0,0.0,0.0,0.0,0.0,0.0,0.0
747,0,1,3400,-56,56,250,0.51,16,0.13,583,0,0.0,0.0,0.0,0.0,0.0,0.0,0.0,0.0,0.0
996,0,1,3400,-56,56,294,4.8,16,0.42,2336.000000,0,0.0,0.0,33,224,0,0.0,0.0,0.0,1.0
1245,0,1,3400,-56,56,289,3.3,16,0.50,10311.111328,0,1.0,11,0.0,125973.335938,0,0.0,0.0,0.0,1.0
1468,0,1,3400,-56,56,286,2.3,16,0.50,2065.454590,0,2.1,12,0.0,34414.546875,0,0.0,0.0,0.0,1.0
1717,0,1,3400,-56,56,284,4.5,16,0.50,0.0,0.0,2.1,12,0.0,0.0,0.0,0.0,0.0,0.0,1.0
1966,0,1,3400,-56,56,287,4.5,16,0.50,0.0,0.0,2.1,12,0.0,17056.000000,0,0.0,0.0,0.0,1.0
2215,0,1,3400,-56,56,290,4.5,16,0.50,0.0,0.0,2.1,12,0.0,0.0,0.0,0.0,0.0,0.0,1.0
2464,0,1,3400,-56,56,291,4.5,16,0.50,0.0,0.0,2.1,12,0.0,0.0,0.0,0.0,0.0,0.0,1.0
2713,0,1,3400,-56,56,294,4.5,16,0.50,0.0,0.0,2.1,12,0.0,0.0,0.0,0.0,0.0,0.0,1.0
2962,0,1,3400,-56,56,289,4.5,16,0.50,0.0,0.0,2.1,12,0.0,0.0,0.0,0.0,0.0,0.0,1.0
3211,0,1,3400,-56,56,285,4.5,16,0.50,0.0,0.0,2.1,12,0.0,0.0,0.0,0.0,0.0,0.0,1.0
3460,0,1,3400,-56,56,286,4.5,16,0.50,0.0,0.0,2.1,12,0.0,0.0,0.0,0.0,0.0,0.0,1.0
3709,0,1,3400,-56,56,288,4.5,16,0.50,0.0,0.0,2.1,12,0.0,0.0,0.0,0.0,0.0,0.0,1.0
3958,0,1,3400,-56,56,286,4.5,16,0.50,0.0,0.0,2.1,12,0.0,0.0,0.0,0.0,0.0,0.0,1.0
4207,0,1,3400,-56,56,287,4.5,16,0.50,0.0,0.0,2.1,12,0.0,0.0,0.0,0.0,0.0,0.0,1.0
4456,0,1,3400,-56,56,289,4.5,16,0.50,0.0,0.0,2.1,12,0.0,0.0,0.0,0.0,0.0,0.0,1.0
4705,0,1,3400,-56,56,291,4.5,16,0.50,0.0,0.0,2.1,12,0.0,0.0,0.0,0.0,0.0,0.0,1.0
4954,0,1,3400,-56,56,290,4.5,16,0.50,0.0,0.0,2.1,12,0.0,0.0,0.0,0.0,0.0,0.0,1.0
5203,0,1,3400,-56,56,288,4.5,16,0.50,0.0,0.0,2.1,12,0.0,0.0,0.0,0.0,0.0,0.0,1.0
5452,0,1,3400,-56,56,287,4.5,16,0.50,0.0,0.0,2.1,12,0.0,0.0,0.0,0.0,0.0,0.0,1.0
5701,0,1,3400,-56,56,286,4.5,16,0.50,0.0,0.0,2.1,12,0.0,0.0,0.0,0.0,0.0,0.0,1.0
5950,0,1,3400,-56,56,293,4.5,16,0.50,0.0,0.0,2.1,12,0.0,0.0,0.0,0.0,0.0,0.0,1.0
6199,0,1,3400,-56,56,290,4.5,16,0.50,0.0,0.0,2.1,12,0.0,0.0,0.0,0.0,0.0,0.0,1.0
6448,0,1,3400,-56,56,290,4.5,16,0.50,0.0,0.0,2.1,12,0.0,0.0,0.0,0.0,0.0,0.0,1.0
6697,0,1,3400,-56,56,284,4.5,16,0.50,0.0,0.0,2.1,12,0.0,0.0,0.0,0.0,0.0,0.0,1.0
6946,0,1,3400,-56,56,284,4.5,15,0.50,0.0,0.0,2.1,12,0.0,0.0,0.0,0.0,0.0,0.0,1.0
7195,0,1,3400,-56,56,286,4.5,16,0.50,0.0,0.0,2.1,12,0.0,0.0,0.0,0.0,0.0,0.0,1.0
7444,0,1,3400,-56,56,293,4.5,14,0.50,0.0,0.0,2.1,12,0.0,0.0,0.0,0.0,0.0,0.0,1.0
7693,0,1,3400,-56,56,294,4.5,15,0.50,0.0,0.0,2.1,12,0.0,0.0,0.0,0.0,0.0,0.0,1.0
7942,0,1,3400,-56,56,289,4.5,14,0.50,0.0,0.0,2.1,12,0.0,0.0,0.0,0.0,0.0,0.0,1.0
8191,0,1,3400,-56,56,286,4.5,15,0.50,0.0,0.0,2.1,12,0.0,0.0,0.0,0.0,0.0,0.0,1.0
8440,0,1,3400,-56,56,281,4.5,16,0.50,0.0,0.0,2.1,12,0.0,0.0,0.0,0.0,0.0,0.0,1.0
8689,0,1,3400,-56,56,281,4.5,15,0.50,0.0,0.0,2.1,12,0.0,0.0,0.0,0.0,0.0,0.0,1.0
8938,0,1,3400,-56,56,284,4.5,16,0.50,0.0,0.0,2.1,12,0.0,0.0,0.0,0.0,0.0,0.0,1.0
9187,0,1,3400,-56,56,287,4.5,16,0.50,0.0,0.0,2.1,12,0.0,0.0,0.0,0.0,0.0,0.0,1.0
9436,0,1,3400,-56,56,289,4.5,15,0.50,0.0,0.0,2.1,11,0.0,0.0,0.0,0.0,0.0,0.0,1.0
9685,0,1,3400,-56,56,290,4.5,16,0.50,0.0,0.0,2.1,12,0.0,0.0,0.0,0.0,0.0,0.0,1.0
9934,0,1,3400,-56,56,290,4.5,16,0.50,0.0,0.0,2.1,12,0.0,0.0,0.0,0.0,0.0,0.0,1.0
10183,0,1,3400,-56,56,288,4.5,15,0.50,0.0,0.0,2.1,12,0.0,0.0,0.0,0.0,0.0,0.0,1.0
10432,0,1,3400,-56,56,284,4.5,16,0.50,0.0,0.0,2.1,12,0.0,0.0,0.0,0.0,0.0,0.0,1.0
10681,0,1,3400,-56,56,287,4.5,15,0.50,0.0,0.0,2.1,12,0.0,0.0,0.0,0.0,0.0,0.0,1.0
10930,0,1,3400,-56,56,284,4.5,16,0.50,0.0,0.0,2.1,12,0.0,0.0,0.0,0.0,0.0,0.0,1.0
11179,0,1,3400,-56,56,284,4.5,15,0.50,0.0,0.0,2.1,11,0.0,0.0,0.0,0.0,0.0,0.0,1.0
11428,0,1,3400,-56,56,286,4.5,15,0.50,0.0,0.0,2.1,12,0.0,0.0,0.0,0.0,0.0,0.0,1.0
11677,0,1,3400,-56,56,292,4.5,15,0.50,0.0,0.0,2.1,12,0.0,0.0,0.0,0.0,0.0,0.0,1.0
11926,0,1,3400,-56,56,290,4.5,15,0.50,0.0,0.0,2.1,12,0.0,0.0,0.0,0.0,0.0,0.0,1.0
12175,0,1,3400,-56,56,285,4.5,15,0.50,0.0,0.0,2.1,12,0.0,0.0,0.0,0.0,0.0,0.0,1.0
12424,0,1,3400,-56,56,288,4.5,15,0.50,0.0,0.0,2.1,12,0.0,0.0,0.0,0.0,0.0,0.0,1.0
12673,0,1,3400,-56,56,290,4.5,15,0.50,0.0,0.0,2.1,12,0.0,0.0,0.0,0.0,0.0,0.0,1.0
12922,0,1,3400,-56,56,291,4.5,16,0.50,0.0,0.0,2.1,12,0.0,0.0,0.0,0.0,0.0,0.0,1.0
13171,0,1,3400,-56,56,291,4.5,16,0.50,0.0,0.0,2.1,12,0.0,0.0,0.0,0.0,0.0,0.0,1.0
13420,0,1,3400,-56,56,293,4.5,15,0.50,0.0,0.0,2.1,12,0.0,0.0,0.0,0.0,0.0,0.0,1.0
13669,0,1,3400,-56,56,287,4.5,15,0.50,0.0,0.0,2.1,12,0.0,0.0,0.0,0.0,0.0,0.0,1.0
13918,0,1,3400,-56,56,286,4.5,16,0.50,0.0,0.0,2.1,11,0.0,0.0,0.0,0.0,0.0,0.0,1.0
14167,0,1,3400,-56,56,285,4.5,15,0.50,0.0,0.0,2.1,12,0.0,0.0,0.0,0.0,0.0,0.0,1.0
14416,0,1,3400,-56,56,287,4.5,15,0.50,0.0,0.0,2.1,12,0.0,0.0,0.0,0.0,0.0,0.0,1.0
14665,0,1,3400,-56,56,290,4.5,16,0.50,0.0,0.0,2.1,12,0.0,0.0,0.0,0.0,0.0,0.0,1.0
14914,0,1,3400,-56,56,292,4.5,15,0.50,0.0,0.0,2.1,12,0.0,0.0,0.0,0.0,0.0,0.0,1.0
15163,0,1,3400,-56,56,289,4.5,15,0.50,0.0,0.0,2.1,12,0.0,0.0,0.0,0.0,0.0,0.0,1.0
15412,0,1,3400,-56,56,289,4.5,16,0.50,0.0,0.0,2.1,12,0.0,0.0,0.0,0.0,0.0,0.0,1.0
15661,0,1,3400,-56,56,289,4.5,16,0.50,0.0,0.0,2.1,12,0.0,0.0,0.0,0.0,0.0,0.0,1.0
15910,0,1,3400,-56,56,288,4.5,15,0.50,0.0,0.0,2.1,15,0.0,17056.000000,0,0.0,0.0,0.0,1.0
16159,0,1,3400,-56,56,288,4.5,16,0.50,0.0,0.0,2.1,15,0.0,0.0,0.0,0.0,0.0,0.0,1.0
16408,0,1,3400,-56,56,285,4.5,16,0.50,0.0,0.0,2.1,15,0.0,0.0,0.0,0.0,0.0,0.0,1.0
16657,0,1,3400,-56,56,287,4.5,16,0.50,0.0,0.0,2.1,15,0.0,0.0,0.0,0.0,0.0,0.0,1.0
16906,0,1,3400,-56,56,287,4.5,16,0.50,0.0,0.0,2.1,15,0.0,0.0,0.0,0.0,0.0,0.0,1.0
17155,0,1,3400,-56,56,284,4.5,15,0.50,0.0,0.0,2.1,15,0.0,0.0,0.0,0.0,0.0,0.0,1.0
17404,0,1,3400,-56,56,284,4.5,15,0.50,0.0,0.0,2.1,15,0.0,0.0,0.0,0.0,0.0,0.0,1.0
17653,0,1,3400,-56,56,284,4.5,15,0.50,0.0,0.0,2.1,15,0.0,0.0,0.0,0.0,0.0,0.0,1.0
17902,0,1,3400,-56,56,288,4.5,16,0.50,0.0,0.0,2.1,15,0.0,0.0,0.0,0.0,0.0,0.0,1.0
18151,0,1,3400,-56,56,287,4.5,16,0.50,0.0,0.0,2.1,15,0.0,0.0,0.0,0.0,0.0,0.0,1.0
18400,0,1,3400,-56,56,289,4.5,16,0.50,0.0,0.0,2.1,15,0.0,0.0,0.0,0.0,0.0,0.0,1.0
18649,0,1,3400,-56,56,291,4.5,15,0.50,0.0,0.0,2.1,15,0.0,0.0,0.0,0.0,0.0,0.0,1.0
18898,0,1,3400,-56,56,292,4.5,16,0.50,0.0,0.0,2.1,15,0.0,0.0,0.0,0.0,0.0,0.0,1.0
19147,0,1,3400,-56,56,291,4.5,15,0.50,0.0,0.0,2.1,15,0.0,0.0,0.0,0.0,0.0,0.0,1.0
19396,0,1,3400,-56,56,289,4.5,16,0.50,0.0,0.0,2.1,15,0.0,17056.000000,0,0.0,0.0,0.0,1.0
19645,0,1,3400,-56,56,285,4.5,15,0.50,0.0,0.0,2.1,15,0.0,0.0,0.0,0.0,0.0,0.0,1.0
19894,0,1,3400,-56,56,294,4.5,15,0.50,0.0,0.0,2.1,15,0.0,0.0,0.0,0.0,0.0,0.0,1.0
20143,0,1,3400,-56,56,289,4.5,15,0.50,0.0,0.0,2.1,15,0.0,0.0,0.0,0.0,0.0,0.0,1.0
20392,0,1,3400,-56,56,284,4.5,15,0.50,0.0,0.0,2.1,15,0.0,0.0,0.0,0.0,0.0,0.0,1.0
20641,0,1,3400,-56,56,284,4.5,15,0.50,0.0,0.0,2.1,15,0.0,0.0,0.0,0.0,0.0,0.0,1.0
20890,0,1,3400,-56,56,288,4.5,15,0.50,0.0,0.0,2.1,15,0.0,0.0,0.0,0.0,0.0,0.0,1.0
21139,0,1,3400,-56,56,286,4.5,16,0.50,0.0,0.0,2.1,15,0.0,0.0,0.0,0.0,0.0,0.0,1.0
21388,0,1,3400,-56,56,286,4.5,15,0.50,0.0,0.0,2.1,15,0.0,0.0,0.0,0.0,0.0,0.0,1.0
21637,0,1,3400,-56,56,291,4.5,15,0.50,0.0,0.0,2.1,15,0.0,0.0,0.0,0.0,0.0,0.0,1.0
21886,0,1,3400,-56,56,288,4.5,16,0.50,0.0,0.0,2.1,15,0.0,0.0,0.0,0.0,0.0,0.0,1.0
22135,0,1,3400,-56,56,288,4.5,16,0.50,0.0,0.0,2.1,15,0.0,0.0,0.0,0.0,0.0,0.0,1.0
22384,0,1,3400,-56,56,292,4.5,16,0.50,0.0,0.0,2.1,15,0.0,0.0,0.0,0.0,0.0,0.0,1.0
22633,0,1,3400,-56,56,292,4.5,15,0.50,0.0,0.0,2.1,15,0.0,0.0,0.0,0.0,0.0,0.0,1.0
22882,0,1,3400,-56,56,288,4.5,15,0.50,0.0,0.0,2.1,15,0.0,0.0,0.0,0.0,0.0,0.0,1.0
23131,0,1,3400,-56,56,289,4.5,15,0.50,0.0,0.0,2.1,15,0.0,0.0,0.0,0.0,0.0,0.0,1.0
23380,0,1,3400,-56,56,285,4.5,15,0.50,0.0,0.0,2.1,15,0.0,0.0,0.0,0.0,0.0,0.0,1.0
23629,0,1,3400,-56,56,285,4.5,15,0.50,0.0,0.0,2.1,15,0.0,0.0,0.0,0.0,0.0,0.0,1.0
23878,0,1,3400,-56,56,292,4.5,15,0.50,0.0,0.0,2.1,15,0.0,0.0,0.0,0.0,0.0,0.0,1.0
24127,0,1,3400,-56,56,289,4.5,16,0.50,0.0,0.0,2.1,15,0.0,0.0,0.0,0.0,0.0,0.0,1.0
24376,0,1,3400,-56,56,292,4.5,16,0.50,0.0,0.0,2.1,15,0.0,0.0,0.0,0.0,0.0,0.0,1.0
24625,0,1,3400,-56,56,290,4.5,15,0.50,0.0,0.0,2.1,15,0.0,0.0,0.0,0.0,0.0,0.0,1.0
24874,0,1,3400,-56,56,289,4.5,16,0.50,0.0,0.0,2.1,15,0.0,0.0,0.0,0.0,0.0,0.0,1.0
25123,0,1,3400,-56,56,290,4.5,15,0.50,0.0,0.0,2.1,15,0.0,0.0,0.0,0.0,0.0,0.0,1.0
25372,0,1,3400,-56,56,291,4.5,15,0.50,0.0,0.0,2.1,15,0.0,0.0,0.0,0.0,0.0,0.0,1.0
25621,0,1,3400,-56,56,289,4.5,14,0.50,0.0,0.0,2.1,15,0.0,0.0,0.0,0.0,0.0,0.0,1.0
25870,0,1,3400,-56,56,282,4.5,15,0.50,0.0,0.0,2.1,15,0.0,0.0,0.0,0.0,0.0,0.0,1.0
26119,0,1,3400,-56,56,286,4.5,15,0.50,0.0,0.0,2.1,15,0.0,0.0,0.0,0.0,0.0,0.0,1.0
26368,0,1,3400,-56,56,291,4.5,15,0.50,0.0,0.0,2.1,15,0.0,0.0,0.0,0.0,0.0,0.0,1.0
26617,0,1,3400,-56,56,291,4.5,16,0.50,0.0,0.0,2.1,15,0.0,0.0,0.0,0.0,0.0,0.0,1.0
26866,0,1,3400,-56,56,295,4.5,15,0.50,0.0,0.0,2.1,15,0.0,0.0,0.0,0.0,0.0,0.0,1.0
27115,0,1,3400,-56,56,287,4.5,16,0.50,0.0,0.0,2.1,15,0.0,0.0,0.0,0.0,0.0,0.0,1.0
27364,0,1,3400,-56,56,287,4.5,15,0.50,0.0,0.0,2.1,15,0.0,0.0,0.0,0.0,0.0,0.0,1.0
27613,0,1,3400,-56,56,286,4.5,15,0.50,0.0,0.0,2.1,15,0.0,0.0,0.0,0.0,0.0,0.0,1.0
27862,0,1,3400,-56,56,281,4.5,15,0.50,0.0,0.0,2.1,15,0.0,0.0,0.0,0.0,0.0,0.0,1.0
28111,0,1,3400,-56,56,288,4.5,15,0.50,0.0,0.0,2.1,15,0.0,0.0,0.0,0.0,0.0,0.0,1.0
28360,0,1,3400,-56,56,285,4.5,15,0.50,0.0,0.0,2.1,15,0.0,0.0,0.0,0.0,0.0,0.0,1.0
28609,0,1,3400,-56,56,284,4.5,15,0.50,0.0,0.0,2.1,15,0.0,0.0,0.0,0.0,0.0,0.0,1.0
28858,0,1,3400,-56,56,287,4.5,15,0.50,0.0,0.0,2.1,15,0.0,0.0,0.0,0.0,0.0,0.0,1.0
29107,0,1,3400,-56,56,293,4.5,15,0.50,0.0,0.0,2.1,15,0.0,0.0,0.0,0.0,0.0,0.0,1.0
29356,0,1,3400,-56,56,292,4.5,15,0.50,0.0,0.0,2.1,15,0.0,0.0,0.0,0.0,0.0,0.0,1.0
29605,0,1,3400,-56,56,286,4.5,15,0.50,0.0,0.0,2.1,15,0.0,0.0,0.0,0.0,0.0,0.0,1.0
29854,0,1,3400,-56,56,287,4.5,16,0.50,0.0,0.0,2.1,15,0.0,0.0,0.0,0.0,0.0,0.0,1.0
30103,0,1,3400,-56,56,289,4.5,16,0.50,0.0,0.0,2.1,15,0.0,0.0,0.0,0.0,0.0,0.0,1.0
30352,0,1,3400,-56,56,291,4.5,15,0.50,0.0,0.0,2.1,15,0.0,0.0,0.0,0.0,0.0,0.0,1.0
30601,0,1,3400,-56,56,287,4.5,15,0.50,0.0,0.0,2.1,15,0.0,0.0,0.0,0.0,0.0,0.0,1.0
30850,0,1,3400,-56,56,287,4.5,15,0.50,0.0,0.0,2.1,15,0.0,0.0,0.0,0.0,0.0,0.0,1.0
31099,0,1,3400,-56,56,288,4.5,16,0.50,0.0,0.0,2.1,15,0.0,0.0,0.0,0.0,0.0,0.0,1.0
31348,0,1,3400,-56,56,290,4.5,16,0.50,0.0,0.0,2.1,15,0.0,0.0,0.0,0.0,0.0,0.0,1.0
31597,0,1,3400,-56,56,291,4.5,15,0.50,0.0,0.0,2.1,15,0.0,0.0,0.0,0.0,0.0,0.0,1.0
31846,0,1,3400,-56,56,289,4.5,15,0.50,0.0,0.0,2.1,15,0.0,0.0,0.0,0.0,0.0,0.0,1.0
32095,0,1,3400,-56,56,283,4.5,15,0.50,0.0,0.0,2.1,15,0.0,0.0,0.0,0.0,0.0,0.0,1.0
32344,0,1,3400,-56,56,292,4.5,15,0.50,0.0,0.0,2.1,15,0.0,0.0,0.0,0.0,0.0,0.0,1.0
32593,0,1,3400,-56,56,292,4.5,16,0.50,0.0,0.0,2.1,15,0.0,0.0,0.0,0.0,0.0,0.0,1.0
32842,0,1,3400,-56,56,291,4.5,15,0.50,0.0,0.0,2.1,15,0.0,0.0,0.0,0.0,0.0,0.0,1.0
33091,0,1,3400,-56,56,288,4.5,15,0.50,0.0,0.0,2.1,15,0.0,0.0,0.0,0.0,0.0,0.0,1.0
33340,0,1,3400,-56,56,286,4.5,15,0.50,0.0,0.0,2.1,15,0.0,0.0,0.0,0.0,0.0,0.0,1.0
33589,0,1,3400,-56,56,286,4.5,15,0.50,0.0,0.0,2.1,15,0.0,0.0,0.0,0.0,0.0,0.0,1.0
33838,0,1,3400,-56,56,289,4.5,15,0.50,0.0,0.0,2.1,15,0.0,0.0,0.0,0.0,0.0,0.0,1.0
34087,0,1,3400,-56,56,290,4.5,15,0.50,0.0,0.0,2.1,15,0.0,0.0,0.0,0.0,0.0,0.0,1.0
34336,0,1,3400,-56,56,291,4.5,15,0.50,0.0,0.0,2.1,15,0.0,0.0,0.0,0.0,0.0,0.0,1.0
34585,0,1,3400,-56,56,287,4.5,16,0.50,0.0,0.0,2.1,15,0.0,0.0,0.0,0.0,0.0,0.0,1.0
34834,0,1,3400,-56,56,287,4.5,15,0.50,0.0,0.0,2.1,15,0.0,0.0,0.0,0.0,0.0,0.0,1.0
35083,0,1,3400,-56,56,287,4.5,14,0.50,0.0,0.0,2.1,15,0.0,0.0,0.0,0.0,0.0,0.0,1.0
35332,0,1,3400,-56,56,291,4.5,15,0.50,0.0,0.0,2.1,15,0.0,0.0,0.0,0.0,0.0,0.0,1.0
35581,0,1,3400,-56,56,292,4.5,16,0.50,0.0,0.0,2.1,15,0.0,0.0,0.0,0.0,0.0,0.0,1.0
35830,0,1,3400,-56,56,289,4.5,15,0.50,0.0,0.0,2.1,15,0.0,0.0,0.0,0.0,0.0,0.0,1.0
36079,0,1,3400,-56,56,285,4.5,15,0.50,0.0,0.0,2.1,15,0.0,0.0,0.0,0.0,0.0,0.0,1.0
36328,0,1,3400,-56,56,286,4.5,15,0.50,0.0,0.0,2.1,15,0.0,0.0,0.0,0.0,0.0,0.0,1.0
36577,0,1,3400,-56,56,284,4.5,15,0.50,0.0,0.0,2.1,15,0.0,0.0,0.0,0.0,0.0,0.0,1.0
36826,0,1,3400,-56,56,287,4.5,16,0.50,0.0,0.0,2.1,15,0.0,0.0,0.0,0.0,0.0,0.0,1.0
37075,0,1,3400,-56,56,289,4.5,15,0.50,0.0,0.0,2.1,15,0.0,0.0,0.0,0.0,0.0,0.0,1.0
37324,0,1,3400,-56,56,290,4.5,16,0.50,0.0,0.0,2.1,15,0.0,0.0,0.0,0.0,0.0,0.0,1.0
37573,0,1,3400,-56,56,289,4.5,16,0.50,0.0,0.0,2.1,15,0.0,17056.000000,0,0.0,0.0,0.0,1.0
37822,0,1,3400,-56,56,289,4.5,15,0.50,0.0,0.0,2.1,15,0.0,0.0,0.0,0.0,0.0,0.0,1.0
38071,0,1,3400,-56,56,288,4.5,15,0.50,0.0,0.0,2.1,15,0.0,0.0,0.0,0.0,0.0,0.0,1.0
38320,0,1,3400,-56,56,286,4.5,15,0.50,0.0,0.0,2.1,15,0.0,0.0,0.0,0.0,0.0,0.0,1.0
38569,0,1,3400,-56,56,285,4.5,15,0.50,0.0,0.0,2.1,15,0.0,0.0,0.0,0.0,0.0,0.0,1.0
38818,0,1,3400,-56,56,286,4.5,15,0.50,0.0,0.0,2.1,15,0.0,0.0,0.0,0.0,0.0,0.0,1.0
39067,0,1,3400,-56,56,288,4.5,16,0.50,0.0,0.0,2.1,15,0.0,0.0,0.0,0.0,0.0,0.0,1.0
39316,0,1,3400,-56,56,286,4.5,15,0.50,0.0,0.0,2.1,15,0.0,0.0,0.0,0.0,0.0,0.0,1.0
39565,0,1,3400,-56,56,290,4.5,15,0.50,0.0,0.0,2.1,15,0.0,0.0,0.0,0.0,0.0,0.0,1.0
39814,0,1,3400,-56,56,289,4.5,16,0.50,0.0,0.0,2.1,15,0.0,0.0,0.0,0.0,0.0,0.0,1.0
40063,0,1,3400,-56,56,290,4.5,15,0.50,0.0,0.0,2.1,15,0.0,0.0,0.0,0.0,0.0,0.0,1.0
40312,0,1,3400,-56,56,290,4.5,16,0.50,0.0,0.0,2.1,15,0.0,0.0,0.0,0.0,0.0,0.0,1.0
40561,0,1,3400,-56,56,289,4.5,15,0.50,0.0,0.0,2.1,15,0.0,0.0,0.0,0.0,0.0,0.0,1.0
40810,0,1,3400,-56,56,284,4.5,15,0.50,0.0,0.0,2.1,15,0.0,0.0,0.0,0.0,0.0,0.0,1.0
41059,0,1,3400,-56,56,287,4.5,16,0.50,0.0,0.0,2.1,15,0.0,17056.000000,0,0.0,0.0,0.0,1.0
41308,0,1,3400,-56,56,292,4.5,16,0.50,0.0,0.0,2.1,15,0.0,0.0,0.0,0.0,0.0,0.0,1.0
41557,0,1,3400,-56,56,289,4.5,15,0.50,0.0,0.0,2.1,15,0.0,0.0,0.0,0.0,0.0,0.0,1.0
41806,0,1,3400,-56,56,284,4.5,15,0.50,0.0,0.0,2.1,15,0.0,0.0,0.0,0.0,0.0,0.0,1.0
42055,0,1,3400,-56,56,289,4.5,15,0.50,0.0,0.0,2.1,15,0.0,0.0,0.0,0.0,0.0,0.0,1.0
42304,0,1,3400,-56,56,294,4.5,15,0.50,0.0,0.0,2.1,15,0.0,0.0,0.0,0.0,0.0,0.0,1.0
42553,0,1,3400,-56,56,288,4.5,15,0.50,0.0,0.0,2.1,15,0.0,0.0,0.0,0.0,0.0,0.0,1.0
42802,0,1,3400,-56,56,292,4.5,16,0.50,0.0,0.0,2.1,15,0.0,0.0,0.0,0.0,0.0,0.0,1.0
43051,0,1,3400,-56,56,292,4.5,16,0.50,0.0,0.0,2.1,15,0.0,0.0,0.0,0.0,0.0,0.0,1.0
43300,0,1,3400,-56,56,293,4.5,15,0.50,0.0,0.0,2.1,15,0.0,0.0,0.0,0.0,0.0,0.0,1.0
43549,0,1,3400,-56,56,287,4.5,16,0.50,0.0,0.0,2.1,15,0.0,0.0,0.0,0.0,0.0,0.0,1.0
43798,0,1,3400,-56,56,287,4.5,16,0.50,0.0,0.0,2.1,15,0.0,0.0,0.0,0.0,0.0,0.0,1.0
44047,0,1,3400,-56,56,287,4.5,15,0.50,0.0,0.0,2.1,15,0.0,0.0,0.0,0.0,0.0,0.0,1.0
44296,0,1,3400,-56,56,287,4.5,15,0.50,0.0,0.0,2.1,15,0.0,0.0,0.0,0.0,0.0,0.0,1.0
44545,0,1,3400,-56,56,289,4.5,15,0.50,0.0,0.0,2.1,15,0.0,0.0,0.0,0.0,0.0,0.0,1.0
44794,0,1,3400,-56,56,288,4.5,14,0.50,0.0,0.0,2.1,15,0.0,0.0,0.0,0.0,0.0,0.0,1.0
45043,0,1,3400,-56,56,290,4.5,16,0.50,0.0,0.0,2.1,15,0.0,0.0,0.0,0.0,0.0,0.0,1.0
45292,0,1,3400,-56,56,290,4.5,14,0.50,0.0,0.0,2.1,15,0.0,0.0,0.0,0.0,0.0,0.0,1.0
45541,0,1,3400,-56,56,287,4.5,15,0.50,0.0,0.0,2.1,15,0.0,0.0,0.0,0.0,0.0,0.0,1.0
45790,0,1,3400,-56,56,286,4.5,15,0.50,0.0,0.0,2.1,15,0.0,0.0,0.0,0.0,0.0,0.0,1.0
46039,0,1,3400,-56,56,283,4.5,16,0.50,0.0,0.0,2.1,15,0.0,0.0,0.0,0.0,0.0,0.0,1.0
46288,0,1,3400,-56,56,288,4.5,15,0.50,0.0,0.0,2.1,15,0.0,0.0,0.0,0.0,0.0,0.0,1.0
46537,0,1,3400,-56,56,284,4.5,16,0.50,0.0,0.0,2.1,15,0.0,0.0,0.0,0.0,0.0,0.0,1.0
46786,0,1,3400,-56,56,288,4.5,16,0.50,0.0,0.0,2.1,15,0.0,0.0,0.0,0.0,0.0,0.0,1.0
47035,0,1,3400,-56,56,287,4.5,15,0.50,0.0,0.0,2.1,15,0.0,0.0,0.0,0.0,0.0,0.0,1.0
47284,0,1,3400,-56,56,288,4.5,16,0.50,0.0,0.0,2.1,15,0.0,0.0,0.0,0.0,0.0,0.0,1.0
47533,0,1,3400,-56,56,290,4.5,15,0.50,0.0,0.0,2.1,15,0.0,0.0,0.0,0.0,0.0,0.0,1.0
47782,0,1,3400,-56,56,290,4.5,16,0.50,0.0,0.0,2.1,15,0.0,0.0,0.0,0.0,0.0,0.0,1.0
48031,0,1,3400,-56,56,288,4.5,16,0.50,0.0,0.0,2.1,15,0.0,0.0,0.0,0.0,0.0,0.0,1.0
48280,0,1,3400,-56,56,290,4.5,16,0.50,0.0,0.0,2.1,15,0.0,0.0,0.0,0.0,0.0,0.0,1.0
48529,0,1,3400,-56,56,290,4.5,16,0.50,0.0,0.0,2.1,15,0.0,0.0,0.0,0.0,0.0,0.0,1.0
48778,0,1,3400,-56,56,289,4.5,15,0.50,0.0,0.0,2.1,15,0.0,0.0,0.0,0.0,0.0,0.0,1.0
49027,0,1,3400,-56,56,289,4.5,16,0.50,0.0,0.0,2.1,15,0.0,0.0,0.0,0.0,0.0,0.0,1.0
49276,0,1,3400,-56,56,292,4.5,15,0.50,0.0,0.0,2.1,15,0.0,0.0,0.0,0.0,0.0,0.0,1.0
49525,0,1,3400,-56,56,289,4.5,16,0.50,0.0,0.0,2.1,15,0.0,0.0,0.0,0.0,0.0,0.0,1.0
49774,0,1,3400,-56,56,284,4.5,15,0.50,0.0,0.0,2.1,15,0.0,0.0,0.0,0.0,0.0,0.0,1.0
50023,0,1,3400,-56,56,285,4.5,15,0.50,0.0,0.0,2.1,15,0.0,0.0,0.0,0.0,0.0,0.0,1.0
50272,0,1,3400,-56,56,286,4.5,16,0.50,0.0,0.0,2.1,15,0.0,0.0,0.0,0.0,0.0,0.0,1.0
50521,0,1,3400,-56,56,287,4.5,15,0.50,0.0,0.0,2.1,15,0.0,0.0,0.0,0.0,0.0,0.0,1.0
50770,0,1,3400,-56,56,289,4.5,15,0.50,0.0,0.0,2.1,15,0.0,0.0,0.0,0.0,0.0,0.0,1.0
51019,0,1,3400,-56,56,290,4.5,16,0.50,0.0,0.0,2.1,15,0.0,0.0,0.0,0.0,0.0,0.0,1.0
51268,0,1,3400,-56,56,287,4.5,15,0.50,0.0,0.0,2.1,15,0.0,0.0,0.0,0.0,0.0,0.0,1.0
51517,0,1,3400,-56,56,295,6.3,16,0.53,65824.000000,7,2.1,15,0.0,20640.000000,0,0.0,0.0,0.0,1.0
51766,0,1,3400,-56,56,287,9.2,15,0.54,154112.000000,0,2.1,22,0.0,17056.000000,80,0.0,0.0,0.0,1.0
52015,0,1,3400,-56,56,284,9.6,15,0.53,132736.000000,0,2.1,22,0.0,0.0,0.0,0.0,0.0,0.0,1.0
52264,0,1,3400,-56,56,289,8.8,15,0.50,86496.000000,0,2.1,22,0.0,0.0,0.0,0.0,0.0,0.0,1.0
52513,0,1,3400,-56,56,289,8.8,15,0.63,138400.000000,4,2.1,22,186,0.0,0.0,0.0,0.0,0.0,1.0
52762,0,1,3400,-56,56,287,9.9,15,0.58,140288.000000,0,2.1,16,0.0,0.0,80,0.0,0.0,0.0,1.0
53011,0,1,3400,-56,56,286,9.9,14,0.65,86464.000000,4,2.1,15,0.0,0.0,0.0,0.0,0.0,0.0,1.0
53260,0,1,3400,-56,56,290,10,15,1.1,67680.000000,3,2.1,15,0.0,0.0,0.0,0.0,0.0,0.0,1.0
53509,0,1,3400,-56,56,287,8.9,15,0.52,127328.000000,1,2.1,14,0.0,5536.000000,0,0.0,0.0,0.0,1.0
53758,0,1,3400,-56,56,290,8.9,15,0.52,116064.000000,2,2.1,12,0.0,10048.000000,0,0.0,0.0,0.0,1.0
54007,0,1,3400,-56,56,289,9.5,15,0.72,121088.000000,2,2.1,12,0.0,0.0,0.0,0.0,0.0,0.0,1.0
54256,0,1,3400,-56,56,285,8.3,14,0.60,95424.000000,6,2.1,12,0.0,0.0,0.0,0.0,0.0,0.0,1.0
54505,0,1,3400,-56,56,283,9.3,15,0.65,144160.000000,4,2.1,13,0.0,17056.000000,0,0.0,0.0,0.0,1.0
54754,0,1,3400,-56,56,288,9.5,15,0.54,130112.000000,5,2.1,4.2,0.0,17536.000000,0,0.0,0.0,0.0,1.0
55003,0,1,3400,-56,56,291,11,16,0.51,164256.000000,1,2.1,3.0,0.0,0.0,0.0,0.0,0.0,0.0,1.0
55252,0,1,3400,-56,56,290,10,15,0.57,100704.000000,2,2.1,3.0,0.0,0.0,0.0,0.0,0.0,0.0,1.0
55501,0,1,3400,-56,56,288,9.4,15,0.50,123296.000000,0,2.1,3.0,0.0,5536.000000,0,0.0,0.0,0.0,1.0
55750,0,1,3400,-56,56,289,9.4,15,0.50,90240.000000,0,2.1,11,0.0,10560.000000,0,0.0,0.0,0.0,1.0
55999,0,1,3400,-56,56,294,10,15,0.53,103968.000000,2,2.1,12,0.0,0.0,0.0,0.0,0.0,0.0,1.0
56248,0,1,3400,-56,56,289,9.4,15,0.50,83136.000000,0,2.1,12,0.0,0.0,0.0,0.0,0.0,0.0,1.0
56497,0,1,3400,-56,56,288,10,15,0.67,82176.000000,2,2.1,12,0.0,17056.000000,0,0.0,0.0,0.0,1.0
56746,0,1,3400,-56,56,286,10,15,0.50,112800.000000,0,2.1,1.5,0.0,6848.000000,64,0.0,0.0,0.0,1.0
56995,0,1,3400,-56,56,286,9.7,14,0.56,118592.000000,3,2.1,0.0,0.0,0.0,0.0,0.0,0.0,0.0,1.0
57244,0,1,3400,-56,56,287,11,15,0.68,99552.000000,2,2.1,0.0,0.0,0.0,0.0,0.0,0.0,0.0,1.0
57493,0,1,3400,-56,56,288,9.1,15,0.50,99808.000000,0,2.1,0.0,0.0,1312.000000,0,0.0,0.0,0.0,1.0
57742,0,1,3400,-56,56,289,8.5,15,0.61,140384.000000,1,2.1,0.0,0.0,6848.000000,33,0.0,0.0,0.0,1.0
57991,0,1,3400,-56,56,287,9.4,15,0.51,187904.000000,1,2.1,0.0,0.0,0.0,0.0,0.0,0.0,0.0,1.0
58240,0,1,3400,-56,56,284,8.9,15,0.63,89024.000000,2,2.1,0.0,0.0,0.0,0.0,0.0,0.0,0.0,1.0
58489,0,1,3400,-56,56,286,9.6,15,0.53,102560.000000,0,2.1,0.096,0.0,5536.000000,0,0.0,0.0,0.0,1.0
58738,0,1,3400,-56,56,288,9.0,15,0.63,150560.000000,4,2.1,0.45,0.0,6976.000000,50,0.0,0.0,0.0,1.0
58987,0,1,3400,-56,56,292,10,15,0.56,116544.000000,2,2.1,0.0,0.0,0.0,0.0,0.0,0.0,0.0,1.0
59236,0,1,3400,-56,56,292,8.6,15,0.51,134848.000000,0,2.1,0.0,0.0,5536.000000,0,0.0,0.0,0.0,1.0
59485,0,1,3400,-56,56,288,8.1,15,0.50,129952.000000,0,2.1,0.28,0.0,0.0,50,0.0,0.0,0.0,1.0
59734,0,1,3400,-56,56,289,8.5,15,0.60,116608.000000,6,2.1,5.0,0.0,0.0,100.000000,0.0,0.0,0.0,1.0
59983,0,1,3400,-56,56,294,9.1,15,0.50,130176.000000,0,2.1,5.0,0.0,0.0,0.0,0.0,0.0,0.0,1.0
60232,0,1,3400,-56,56,289,8.9,15,0.52,102016.000000,0,2.1,5.0,0.0,0.0,0.0,0.0,0.0,0.0,1.0
60481,0,1,3400,-56,56,288,10,15,0.99,62208.000000,6,2.1,5.1,0.0,5536.000000,0,0.0,0.0,0.0,1.0
60730,0,1,3400,-56,56,289,9.5,15,0.51,124000.000000,2,2.1,1.2,0.0,6848.000000,50,0.0,0.0,0.0,1.0
60979,0,1,3400,-56,56,287,8.3,15,0.52,113280.000000,0,2.1,0.0,0.0,0.0,0.0,0.0,0.0,0.0,1.0
61228,0,1,3400,-56,56,291,9.3,15,0.50,124640.000000,0,2.1,0.0,0.0,0.0,0.0,0.0,0.0,0.0,1.0
61477,0,1,3400,-56,56,287,9.1,15,0.59,150304.000000,1,2.1,0.0,0.0,1312.000000,0,0.0,0.0,0.0,1.0
61726,0,1,3400,-56,56,288,9.4,15,0.52,96256.000000,0,2.1,0.0,0.0,6688.000000,0,0.0,0.0,0.0,1.0
61975,0,1,3400,-56,56,290,10,15,0.52,120544.000000,2,2.1,0.0,0.0,0.0,0.0,0.0,0.0,0.0,1.0
62224,0,1,3400,-56,56,289,9.9,15,0.65,127680.000000,4,2.1,0.0,0.0,0.0,0.0,0.0,0.0,0.0,1.0
62473,0,1,3400,-56,56,286,9.6,14,0.51,148288.000000,1,2.1,0.42,0.0,0.0,50,0.0,0.0,0.0,1.0
62722,0,1,3400,-56,56,286,8.9,15,0.50,97600.000000,0,2.1,7.5,0.0,0.0,100.000000,0.0,0.0,0.0,1.0
62971,0,1,3400,-56,56,284,9.8,15,0.50,96448.000000,0,2.1,7.5,0.0,0.0,0.0,0.0,0.0,0.0,1.0
63220,0,1,3400,-56,56,285,10,15,0.50,81216.000000,0,2.1,7.5,0.0,0.0,0.0,0.0,0.0,0.0,1.0
63469,0,1,3400,-56,56,284,9.4,14,0.62,109344.000000,2,2.1,7.5,0.0,0.0,0.0,0.0,0.0,0.0,1.0
63718,0,1,3400,-56,56,287,9.8,15,0.56,166432.000000,3,2.1,1.0,0.0,8320.000000,0,0.0,0.0,0.0,1.0
63967,0,1,3400,-56,56,287,8.6,15,0.50,86432.000000,0,2.1,0.0,0.0,0.0,0.0,0.0,0.0,0.0,1.0
64216,0,1,3400,-56,56,290,8.4,15,0.50,162208.000000,0,2.1,0.0,0.0,0.0,0.0,0.0,0.0,0.0,1.0
64465,0,1,3400,-56,56,290,8.2,15,0.52,108256.000000,0,2.1,0.12,0.0,5536.000000,0,0.0,0.0,0.0,1.0
64714,0,1,3400,-56,56,292,11,15,0.56,132032.000000,2,2.1,0.56,0.0,6848.000000,50,0.0,0.0,0.0,1.0
64963,0,1,3400,-56,56,292,10,15,0.53,98464.000000,0,2.1,0.0,0.0,0.0,0.0,0.0,0.0,0.0,1.0
65212,0,1,3400,-56,56,289,8.9,15,0.62,123232.000000,3,2.1,0.0,0.0,0.0,0.0,0.0,0.0,0.0,1.0
65461,0,1,3400,-56,56,285,11,15,0.50,97376.000000,0,2.1,0.62,0.0,17056.000000,0,0.0,0.0,0.0,1.0
65710,0,1,3400,-56,56,286,8.7,15,0.50,102304.000000,0,2.1,14,0.0,6432.000000,0,0.0,0.0,0.0,1.0
65959,0,1,3400,-56,56,288,9.6,15,0.50,145664.000000,0,2.1,14,0.0,0.0,0.0,0.0,0.0,0.0,1.0
66208,0,1,3400,-56,56,289,8.9,14,0.58,129984.000000,8,2.1,14,0.0,0.0,0.0,0.0,0.0,0.0,1.0
66457,0,1,3400,-56,56,288,8.5,15,0.55,110944.000000,2,2.1,14,0.0,17056.000000,0,0.0,0.0,0.0,1.0
66706,0,1,3400,-56,56,292,9.2,15,0.50,113728.000000,0,2.1,1.7,0.0,13280.000000,17,0.0,0.0,0.0,1.0
66955,0,1,3400,-56,56,292,10,15,0.50,117472.000000,0,2.1,0.0,0.0,0.0,0.0,0.0,0.0,0.0,1.0
67204,0,1,3400,-56,56,285,9.9,14,0.54,108352.000000,5,2.1,0.0,0.0,0.0,0.0,0.0,0.0,0.0,1.0
67453,0,1,3400,-56,56,284,8.9,15,0.63,135456.000000,4,2.1,0.0,186,0.0,0.0,0.0,0.0,0.0,1.0
67702,0,1,3400,-56,56,283,9.6,14,0.56,135552.000000,4,2.1,2.1,0.0,24032.000000,36,0.0,0.0,0.0,1.0
67951,0,1,3400,-56,56,286,8.1,15,0.50,70144.000000,0,2.1,0.0,0.0,0.0,0.0,0.0,0.0,0.0,1.0
68200,0,1,3400,-56,56,284,9.9,15,0.50,86048.000000,0,2.1,0.0,0.0,0.0,0.0,0.0,0.0,0.0,1.0
68449,0,1,3400,-56,56,292,9.0,15,0.65,88864.000000,4,2.1,0.0,0.0,0.0,0.0,0.0,0.0,0.0,1.0
68698,0,1,3400,-56,56,295,9.2,15,0.64,108192.000000,4,2.1,0.68,0.0,12512.000000,36,0.0,0.0,0.0,1.0
68947,0,1,3400,-56,56,290,11,15,0.74,86656.000000,5,2.1,0.0,0.0,0.0,0.0,0.0,0.0,0.0,1.0
69196,0,1,3400,-56,56,290,9.0,15,0.53,111232.000000,2,2.1,0.0,0.0,0.0,0.0,0.0,0.0,0.0,1.0
69445,0,1,3400,-56,56,289,10,16,0.51,117408.000000,0,2.1,0.0,20,0.0,50,0.0,0.0,0.0,1.0
69694,0,1,3400,-56,56,286,10,14,0.54,160000.000000,2,2.1,0.0,0.0,7008.000000,44,0.0,0.0,0.0,1.0
69943,0,1,3400,-56,56,286,8.4,15,0.54,102560.000000,0,2.1,0.0,0.0,0.0,0.0,0.0,0.0,0.0,1.0
70192,0,1,3400,-56,56,284,9.0,15,0.50,59520.000000,0,2.1,0.0,0.0,0.0,0.0,0.0,0.0,0.0,1.0
70441,0,1,3400,-56,56,286,8.8,15,0.55,142816.000000,2,2.1,0.48,0.0,0.0,50,0.0,0.0,0.0,1.0
70690,0,1,3400,-56,56,287,9.3,15,0.53,70464.000000,0,2.1,7.5,0.0,0.0,100.000000,0.0,0.0,0.0,1.0
70939,0,1,3400,-56,56,288,10,16,0.53,141376.000000,2,2.1,7.5,0.0,0.0,0.0,0.0,0.0,0.0,1.0
71188,0,1,3400,-56,56,285,8.5,15,0.53,91840.000000,0,2.1,7.5,0.0,0.0,0.0,0.0,0.0,0.0,1.0
71437,0,1,3400,-56,56,285,9.8,16,0.50,90720.000000,0,2.1,7.1,0.0,5536.000000,0,0.0,0.0,0.0,1.0
71686,0,1,3400,-56,56,286,11,15,0.56,121984.000000,2,2.1,11,0.0,10560.000000,0,0.0,0.0,0.0,1.0
71935,0,1,3400,-56,56,288,9.3,15,0.92,129536.000000,3,2.1,12,0.0,0.0,0.0,0.0,0.0,0.0,1.0
72184,0,1,3400,-56,56,288,10,15,0.60,134400.000000,7,2.1,12,0.0,0.0,0.0,0.0,0.0,0.0,1.0
72433,0,1,3400,-56,56,285,13,14,0.89,140160.000000,2,2.1,12,0.0,0.0,50,0.0,0.0,0.0,1.0
72682,0,1,3400,-56,56,287,10,15,0.51,155456.000000,0,2.1,14,0.0,0.0,100.000000,0.0,0.0,0.0,1.0
72931,0,1,3400,-56,56,291,9.2,15,0.50,143840.000000,0,2.1,14,0.0,0.0,0.0,0.0,0.0,0.0,1.0
73180,0,1,3400,-56,56,291,9.3,14,0.56,125120.000000,4,2.1,14,0.0,0.0,0.0,0.0,0.0,0.0,1.0
73429,0,1,3400,-56,56,289,9.8,15,0.50,151552.000000,0,2.1,13,0.0,1312.000000,0,0.0,0.0,0.0,1.0
73678,0,1,3400,-56,56,288,9.9,15,0.50,131040.000000,0,2.1,0.0,0.0,6656.000000,0,0.0,0.0,0.0,1.0
73927,0,1,3400,-56,56,286,9.4,15,0.50,124224.000000,0,2.1,0.0,0.0,0.0,0.0,0.0,0.0,0.0,1.0
74176,0,1,3400,-56,56,282,9.0,15,0.61,105792.000000,2,2.1,0.0,0.0,0.0,0.0,0.0,0.0,0.0,1.0
74425,0,1,3400,-56,56,285,9.7,15,0.56,121216.000000,2,2.1,0.46,0.0,17056.000000,0,0.0,0.0,0.0,1.0
74674,0,1,3400,-56,56,285,9.4,14,0.51,134432.000000,0,2.1,11,0.0,6432.000000,0,0.0,0.0,0.0,1.0
74923,0,1,3400,-56,56,286,9.8,15,0.70,137824.000000,4,2.1,11,0.0,0.0,0.0,0.0,0.0,0.0,1.0
75172,0,1,3400,-56,56,291,9.0,15,0.54,143744.000000,0,2.1,11,0.0,0.0,0.0,0.0,0.0,0.0,1.0
75421,0,1,3400,-56,56,288,9.3,14,0.50,138048.000000,0,2.1,11,0.0,16544.000000,0,0.0,0.0,0.0,1.0
75670,0,1,3400,-56,56,285,8.8,15,0.51,102080.000000,0,2.1,1.3,0.0,6976.000000,50,0.0,0.0,0.0,1.0
75919,0,1,3400,-56,56,286,9.7,15,0.50,102624.000000,0,2.1,0.0,0.0,0.0,0.0,0.0,0.0,0.0,1.0
76168,0,1,3400,-56,56,286,10,15,0.50,96576.000000,0,2.1,0.0,0.0,0.0,0.0,0.0,0.0,0.0,1.0
76417,0,1,3400,-56,56,284,9.2,15,0.65,90368.000000,2,2.1,0.0,186,0.0,0.0,0.0,0.0,0.0,1.0
76666,0,1,3400,-56,56,287,9.1,16,0.55,103136.000000,0,2.1,0.0,0.0,8160.000000,0,0.0,0.0,0.0,1.0
76915,0,1,3400,-56,56,283,10.0,16,0.56,101440.000000,2,2.1,0.0,0.0,0.0,0.0,0.0,0.0,0.0,1.0
77164,0,1,3400,-56,56,285,11,15,0.52,112608.000000,0,2.1,0.0,0.0,0.0,0.0,0.0,0.0,0.0,1.0
77413,0,1,3400,-56,56,286,10.0,15,0.51,67520.000000,3,2.1,0.0,186,0.0,0.0,0.0,0.0,0.0,1.0
77662,0,1,3400,-56,56,287,8.8,15,0.51,99488.000000,2,2.1,0.0,0.0,12384.000000,0,0.0,0.0,0.0,1.0
77911,0,1,3400,-56,56,290,11,15,0.51,117600.000000,2,2.1,0.0,0.0,0.0,0.0,0.0,0.0,0.0,1.0
78160,0,1,3400,-56,56,282,9.6,15,0.50,119200.000000,0,2.1,0.0,0.0,0.0,0.0,0.0,0.0,0.0,1.0
78409,0,1,3400,-56,56,286,9.2,15,0.56,118304.000000,0,2.1,0.12,0.0,5536.000000,0,0.0,0.0,0.0,1.0
78658,0,1,3400,-56,56,292,8.8,14,0.60,116352.000000,2,2.1,11,0.0,10560.000000,0,0.0,0.0,0.0,1.0
78907,0,1,3400,-56,56,292,9.1,15,0.68,131872.000000,3,2.1,12,0.0,0.0,0.0,0.0,0.0,0.0,1.0
79156,0,1,3400,-56,56,289,10,15,0.70,115520.000000,2,2.1,12,0.0,0.0,0.0,0.0,0.0,0.0,1.0
79405,0,1,3400,-56,56,291,9.4,15,0.60,156800.000000,4,2.1,12,186,0.0,0.0,0.0,0.0,0.0,1.0
79654,0,1,3400,-56,56,287,10,15,0.52,107456.000000,0,2.1,3.1,0.0,23904.000000,36,0.0,0.0,0.0,1.0
79903,0,1,3400,-56,56,286,11,14,0.61,142016.000000,5,2.1,0.0,0.0,0.0,0.0,0.0,0.0,0.0,1.0
80152,0,1,3400,-56,56,285,9.8,15,0.51,158624.000000,1,2.1,0.0,0.0,0.0,0.0,0.0,0.0,0.0,1.0
80401,0,1,3400,-56,56,286,10,15,0.55,102464.000000,0,2.1,0.0,186,0.0,0.0,0.0,0.0,0.0,1.0
80650,0,1,3400,-56,56,286,8.9,15,0.51,192064.000000,1,2.1,6.8,0.0,0.0,80,0.0,0.0,0.0,1.0
80899,0,1,3400,-56,56,285,9.5,15,0.73,129344.000000,4,2.1,7.5,0.0,0.0,0.0,0.0,0.0,0.0,1.0
81148,0,1,3400,-56,56,282,9.4,14,0.55,129280.000000,3,2.1,7.5,0.0,0.0,0.0,0.0,0.0,0.0,1.0
81397,0,1,3400,-56,56,285,9.9,15,0.50,102496.000000,0,2.1,7.1,0.0,5536.000000,0,0.0,0.0,0.0,1.0
81646,0,1,3400,-56,56,287,8.9,15,0.51,119520.000000,0,2.1,0.56,0.0,6848.000000,50,0.0,0.0,0.0,1.0
81895,0,1,3400,-56,56,287,8.3,15,0.54,102752.000000,3,2.1,0.0,0.0,0.0,0.0,0.0,0.0,0.0,1.0
82144,0,1,3400,-56,56,292,9.1,14,0.61,122176.000000,4,2.1,0.0,0.0,0.0,0.0,0.0,0.0,0.0,1.0
82393,0,1,3400,-56,56,294,9.8,15,0.50,92000.000000,0,2.1,0.0,0.0,1312.000000,0,0.0,0.0,0.0,1.0
82642,0,1,3400,-56,56,292,9.6,14,0.51,143008.000000,1,2.1,0.0,0.0,6848.000000,0,0.0,0.0,0.0,1.0
82891,0,1,3400,-56,56,292,12,15,0.50,37920.000000,0,2.1,0.0,0.0,0.0,0.0,0.0,0.0,0.0,1.0
83140,0,1,3400,-56,56,292,8.8,14,0.57,179328.000000,3,2.1,0.0,0.0,0.0,0.0,0.0,0.0,0.0,1.0
83389,0,1,3400,-56,56,290,9.6,16,0.50,150880.000000,0,2.1,0.14,0.0,5536.000000,0,0.0,0.0,0.0,1.0
83638,0,1,3400,-56,56,284,9.1,15,0.51,170272.000000,1,2.1,0.67,0.0,6976.000000,50,0.0,0.0,0.0,1.0
83887,0,1,3400,-56,56,286,9.0,15,0.52,136352.000000,1,2.1,0.0,0.0,0.0,0.0,0.0,0.0,0.0,1.0
84136,0,1,3400,-56,56,286,9.2,15,0.58,155456.000000,5,2.1,0.0,0.0,0.0,0.0,0.0,0.0,0.0,1.0
84385,0,1,3400,-56,56,287,9.1,15,0.50,119264.000000,0,2.1,0.12,0.0,5536.000000,0,0.0,0.0,0.0,1.0
84634,0,1,3400,-56,56,282,9.6,15,0.51,141952.000000,0,2.1,0.56,0.0,6976.000000,50,0.0,0.0,0.0,1.0
84883,0,1,3400,-56,56,290,10,14,0.54,118080.000000,2,2.1,0.0,0.0,0.0,0.0,0.0,0.0,0.0,1.0
85132,0,1,3400,-56,56,290,10,15,0.50,103136.000000,0,2.1,0.0,0.0,0.0,0.0,0.0,0.0,0.0,1.0
85381,0,1,3400,-56,56,285,9.5,14,0.86,115168.000000,9,2.1,0.40,0.0,17056.000000,0,0.0,0.0,0.0,1.0
85630,0,1,3400,-56,56,285,8.9,15,0.65,101408.000000,2,2.1,0.72,0.0,6848.000000,50,0.0,0.0,0.0,1.0
85879,0,1,3400,-56,56,285,8.7,15,0.51,121184.000000,2,2.1,0.0,0.0,0.0,0.0,0.0,0.0,0.0,1.0
86128,0,1,3400,-56,56,287,8.8,15,0.51,127232.000000,0,2.1,0.0,0.0,0.0,0.0,0.0,0.0,0.0,1.0
86377,0,1,3400,-56,56,293,9.2,15,0.58,137024.000000,3,2.1,0.16,0.0,2016.000000,0,0.0,0.0,0.0,1.0
86626,0,1,3400,-56,56,290,9.5,16,0.55,96384.000000,0,2.1,5.1,0.0,4512.000000,83,0.0,0.0,0.0,1.0
86875,0,1,3400,-56,56,288,9.2,15,0.71,100448.000000,2,2.1,5.0,0.0,0.0,0.0,0.0,0.0,0.0,1.0
87124,0,1,3400,-56,56,286,9.8,14,0.67,101792.000000,6,2.1,5.0,0.0,0.0,0.0,0.0,0.0,0.0,1.0
87373,0,1,3400,-56,56,290,9.8,14,0.52,136992.000000,0,2.1,4.8,0.0,5536.000000,0,0.0,0.0,0.0,1.0
87622,0,1,3400,-56,56,288,9.6,15,0.51,125504.000000,2,2.1,10,0.0,10304.000000,0,0.0,0.0,0.0,1.0
87871,0,1,3400,-56,56,288,9.1,15,0.51,160544.000000,0,2.1,10,0.0,0.0,0.0,0.0,0.0,0.0,1.0
88120,0,1,3400,-56,56,288,8.7,16,0.53,112576.000000,2,2.1,10,0.0,0.0,0.0,0.0,0.0,0.0,1.0
88369,0,1,3400,-56,56,288,11,15,0.97,105024.000000,2,2.1,10,186,0.0,0.0,0.0,0.0,0.0,1.0
88618,0,1,3400,-56,56,290,9.2,15,0.59,107264.000000,0,2.1,3.2,0.0,8160.000000,33,0.0,0.0,0.0,1.0
88867,0,1,3400,-56,56,285,9.0,15,0.72,89536.000000,2,2.1,0.0,0.0,0.0,0.0,0.0,0.0,0.0,1.0
89116,0,1,3400,-56,56,282,10,15,0.54,64832.000000,6,2.1,0.0,0.0,0.0,0.0,0.0,0.0,0.0,1.0
89365,0,1,3400,-56,56,288,8.9,15,0.80,96992.000000,0,2.1,0.30,0.0,3104.000000,0,0.0,0.0,0.0,1.0
89614,0,1,3400,-56,56,292,9.1,15,0.51,88032.000000,0,2.1,6.4,0.0,111360.000000,39,0.0,0.0,0.0,1.0
89863,0,1,3400,-56,56,292,11,15,0.52,123808.000000,2,2.1,6.5,0.0,0.0,0.0,0.0,0.0,0.0,1.0
90112,0,1,3400,-56,56,285,9.2,16,0.50,113472.000000,0,2.1,6.5,0.0,0.0,0.0,0.0,0.0,0.0,1.0
90361,0,1,3400,-56,56,285,10.0,14,0.72,113856.000000,7,2.1,6.1,0.0,1312.000000,0,0.0,0.0,0.0,1.0
90610,0,1,3400,-56,56,287,8.7,15,0.57,134592.000000,0,2.1,0.0,0.0,6592.000000,67,0.0,0.0,0.0,1.0
90859,0,1,3400,-56,56,284,8.6,15,0.52,107744.000000,2,2.1,0.0,0.0,0.0,0.0,0.0,0.0,0.0,1.0
91108,0,1,3400,-56,56,284,11,15,0.65,170752.000000,5,2.1,0.0,0.0,0.0,0.0,0.0,0.0,0.0,1.0
91357,0,1,3400,-56,56,285,8.1,15,0.53,138624.000000,1,2.1,0.0,186,0.0,0.0,0.0,0.0,0.0,1.0
91606,0,1,3400,-56,56,284,8.7,15,0.50,119392.000000,0,2.1,0.0,0.0,9952.000000,0,0.0,0.0,0.0,1.0
91855,0,1,3400,-56,56,285,8.5,15,0.51,95776.000000,2,2.1,0.0,0.0,0.0,0.0,0.0,0.0,0.0,1.0
92104,0,1,3400,-56,56,286,9.7,14,0.72,123040.000000,5,2.1,0.0,0.0,0.0,0.0,0.0,0.0,0.0,1.0
92353,0,1,3400,-56,56,286,8.9,15,0.52,100416.000000,2,2.1,0.0,186,0.0,0.0,0.0,0.0,0.0,1.0
92602,0,1,3400,-56,56,286,9.2,15,0.51,134048.000000,0,2.1,6.8,0.0,0.0,80,0.0,0.0,0.0,1.0
92851,0,1,3400,-56,56,287,9.2,14,0.88,118304.000000,7,2.1,7.5,0.0,0.0,0.0,0.0,0.0,0.0,1.0
93100,0,1,3400,-56,56,285,9.8,16,0.50,112608.000000,0,2.1,7.5,0.0,0.0,0.0,0.0,0.0,0.0,1.0
93349,0,1,3400,-56,56,291,9.1,15,0.50,70016.000000,0,2.1,7.0,0.0,1312.000000,0,0.0,0.0,0.0,1.0
93598,0,1,3400,-56,56,286,9.0,15,0.50,140256.000000,0,2.1,0.0,0.0,6688.000000,0,0.0,0.0,0.0,1.0
93847,0,1,3400,-56,56,288,8.4,14,0.50,97312.000000,0,2.1,0.0,0.0,0.0,0.0,0.0,0.0,0.0,1.0
94096,0,1,3400,-56,56,285,8.5,15,0.50,75360.000000,0,2.1,0.0,0.0,0.0,0.0,0.0,0.0,0.0,1.0
94345,0,1,3400,-56,56,284,9.7,15,0.50,91648.000000,0,2.1,0.0,186,0.0,0.0,0.0,0.0,0.0,1.0
94594,0,1,3400,-56,56,288,8.9,15,0.53,120128.000000,3,2.1,2.1,0.0,23776.000000,36,0.0,0.0,0.0,1.0
94843,0,1,3400,-56,56,294,8.4,15,0.51,130144.000000,0,2.1,0.0,0.0,0.0,0.0,0.0,0.0,0.0,1.0
95092,0,1,3400,-56,56,292,9.2,16,0.50,96992.000000,0,2.1,0.0,0.0,0.0,0.0,0.0,0.0,0.0,1.0
95341,0,1,3400,-56,56,289,9.9,15,0.52,138336.000000,1,2.1,0.0,0.0,1312.000000,0,0.0,0.0,0.0,1.0
95590,0,1,3400,-56,56,287,9.3,14,0.64,100224.000000,2,2.1,0.0,0.0,6752.000000,0,0.0,0.0,0.0,1.0
95839,0,1,3400,-56,56,287,9.1,15,0.53,65856.000000,6,2.1,0.0,0.0,0.0,0.0,0.0,0.0,0.0,1.0
96088,0,1,3400,-56,56,291,8.6,15,0.53,80256.000000,4,2.1,0.0,0.0,0.0,0.0,0.0,0.0,0.0,1.0
96337,0,1,3400,-56,56,288,9.3,16,0.51,153152.000000,0,2.1,0.35,0.0,3104.000000,0,0.0,0.0,0.0,1.0
96586,0,1,3400,-56,56,287,9.1,15,0.54,104160.000000,2,2.1,1.6,0.0,6688.000000,64,0.0,0.0,0.0,1.0
96835,0,1,3400,-56,56,288,9.5,15,0.52,143936.000000,1,2.1,0.0,0.0,0.0,0.0,0.0,0.0,0.0,1.0
97084,0,1,3400,-56,56,290,9.7,14,0.50,145888.000000,0,2.1,0.0,0.0,0.0,0.0,0.0,0.0,0.0,1.0
97333,0,1,3400,-56,56,284,8.9,15,0.53,98880.000000,0,2.1,0.0,0.0,1312.000000,0,0.0,0.0,0.0,1.0
97582,0,1,3400,-56,56,282,9.5,15,0.88,85856.000000,4,2.1,0.0,0.0,6848.000000,0,0.0,0.0,0.0,1.0
97831,0,1,3400,-56,56,288,9.7,15,0.50,116512.000000,0,2.1,0.0,0.0,0.0,0.0,0.0,0.0,0.0,1.0
98080,0,1,3400,-56,56,289,9.5,15,0.60,120448.000000,2,2.1,0.0,0.0,0.0,0.0,0.0,0.0,0.0,1.0
98329,0,1,3400,-56,56,288,8.3,15,0.56,84192.000000,2,2.1,0.0,186,0.0,0.0,0.0,0.0,0.0,1.0
98578,0,1,3400,-56,56,285,9.7,15,0.86,52448.000000,10,2.1,19,0.0,8448.000000,36,0.0,0.0,0.0,1.0
98827,0,1,3400,-56,56,280,9.3,16,0.50,133728.000000,0,2.1,23,0.0,0.0,0.0,0.0,0.0,0.0,1.0
99076,0,1,3400,-56,56,280,8.6,15,0.78,137536.000000,3,2.1,23,0.0,0.0,0.0,0.0,0.0,0.0,1.0
99325,0,1,3400,-56,56,286,9.0,14,0.59,110816.000000,7,2.1,23,186,0.0,0.0,0.0,0.0,0.0,1.0
99574,0,1,3400,-56,56,283,11,15,0.66,101888.000000,4,2.1,4.8,0.0,23904.000000,36,0.0,0.0,0.0,1.0
99823,0,1,3400,-56,56,281,11,15,0.50,117632.000000,0,2.1,0.0,0.0,0.0,0.0,0.0,0.0,0.0,1.0
100072,0,1,3400,-56,56,284,9.2,15,0.65,123008.000000,1,2.1,0.0,0.0,0.0,0.0,0.0,0.0,0.0,1.0
100321,0,1,3400,-56,56,288,9.0,15,0.53,133504.000000,1,2.1,0.0,0.0,1312.000000,0,0.0,0.0,0.0,1.0
100570,0,1,3400,-56,56,287,8.6,15,0.54,97696.000000,4,2.1,0.0,0.0,6848.000000,33,0.0,0.0,0.0,1.0
100819,0,1,3400,-56,56,290,8.9,15,0.78,141920.000000,3,2.1,0.0,0.0,0.0,0.0,0.0,0.0,0.0,1.0
101068,0,1,3400,-56,56,290,9.3,15,0.50,128544.000000,0,2.1,0.0,0.0,0.0,0.0,0.0,0.0,0.0,1.0
101317,0,1,3400,-56,56,288,9.0,15,0.78,130944.000000,3,2.1,0.0,0.0,1312.000000,0,0.0,0.0,0.0,1.0
101566,0,1,3400,-56,56,288,9.7,15,0.50,113600.000000,0,2.1,0.0,0.0,6848.000000,0,0.0,0.0,0.0,1.0
101815,0,1,3400,-56,56,284,8.6,15,0.67,132000.000000,7,2.1,0.0,0.0,0.0,0.0,0.0,0.0,0.0,1.0
102064,0,1,3400,-56,56,284,10,15,0.57,120128.000000,3,2.1,0.0,0.0,0.0,0.0,0.0,0.0,0.0,1.0
102313,0,1,3400,-56,56,286,8.1,15,0.53,130208.000000,0,2.1,0.66,0.0,3616.000000,0,0.0,0.0,0.0,1.0
102562,0,1,3400,-56,56,287,9.6,14,0.56,141440.000000,3,2.1,16,0.0,189216.000000,62,0.0,0.0,0.0,1.0
102811,0,1,3400,-56,56,284,9.5,15,0.77,105408.000000,6,2.1,16,0.0,0.0,0.0,0.0,0.0,0.0,1.0
103060,0,1,3400,-56,56,280,9.9,15,0.53,113728.000000,3,2.1,16,0.0,0.0,0.0,0.0,0.0,0.0,1.0
103309,0,1,3400,-56,56,282,8.6,16,0.85,139392.000000,3,2.1,15,0.0,5536.000000,0,0.0,0.0,0.0,1.0
103558,0,1,3400,-56,56,284,9.8,16,0.51,174016.000000,1,2.1,2.4,0.0,13792.000000,53,0.0,0.0,0.0,1.0
103807,0,1,3400,-56,56,288,9.0,15,0.52,128800.000000,0,2.1,0.0,0.0,0.0,0.0,0.0,0.0,0.0,1.0
104056,0,1,3400,-56,56,290,9.3,15,0.53,138048.000000,3,2.1,0.0,0.0,0.0,0.0,0.0,0.0,0.0,1.0
104305,0,1,3400,-56,56,291,8.7,15,0.52,117952.000000,2,2.1,0.0,20,0.0,50,0.0,0.0,0.0,1.0
104554,0,1,3400,-56,56,290,8.8,15,0.55,121728.000000,2,2.1,0.0,20,0.0,100.000000,0.0,0.0,0.0,1.0
104803,0,1,3400,-56,56,291,9.0,15,0.50,94592.000000,0,2.1,0.88,0.0,11776.000000,0,0.0,0.0,0.0,1.0
105052,0,1,3400,-56,56,287,9.7,15,0.81,96960.000000,4,2.1,1.5,0.0,0.0,0.0,0.0,0.0,0.0,1.0
105301,0,1,3400,-56,56,287,10.0,15,0.57,103008.000000,2,2.1,1.8,0.0,17056.000000,0,0.0,0.0,0.0,1.0
105550,0,1,3400,-56,56,291,9.0,15,0.51,109024.000000,2,2.1,7.5,0.0,6432.000000,0,0.0,0.0,0.0,1.0
105799,0,1,3400,-56,56,287,9.5,15,0.66,106048.000000,2,2.1,7.5,0.0,0.0,0.0,0.0,0.0,0.0,1.0
106048,0,1,3400,-56,56,287,9.9,14,0.61,122720.000000,6,2.1,7.5,0.0,0.0,0.0,0.0,0.0,0.0,1.0
106297,0,1,3400,-56,56,286,8.9,15,0.56,95552.000000,2,2.1,7.5,186,0.0,0.0,0.0,0.0,0.0,1.0
106546,0,1,3400,-56,56,284,8.9,15,0.61,90304.000000,2,2.1,13,0.0,29440.000000,44,0.0,0.0,0.0,1.0
106795,0,1,3400,-56,56,281,8.7,14,0.63,153504.000000,4,2.1,15,0.0,0.0,0.0,0.0,0.0,0.0,1.0
107044,0,1,3400,-56,56,281,9.4,14,0.50,157472.000000,0,2.1,15,0.0,0.0,0.0,0.0,0.0,0.0,1.0
107293,0,1,3400,-56,56,287,9.7,15,0.60,132448.000000,1,2.1,15,0.0,1312.000000,0,0.0,0.0,0.0,1.0
107542,0,1,3400,-56,56,285,8.8,15,0.50,123904.000000,0,2.1,0.0,0.0,6752.000000,0,0.0,0.0,0.0,1.0
107791,0,1,3400,-56,56,283,10,15,0.53,115872.000000,2,2.1,0.0,0.0,0.0,0.0,0.0,0.0,0.0,1.0
108040,0,1,3400,-56,56,286,8.4,14,0.57,130400.000000,3,2.1,0.0,0.0,0.0,0.0,0.0,0.0,0.0,1.0
108289,0,1,3400,-56,56,283,10,15,0.59,147808.000000,1,2.1,0.0,0.0,5536.000000,0,0.0,0.0,0.0,1.0
108538,0,1,3400,-56,56,283,8.3,15,0.52,54240.000000,0,2.1,0.0,0.0,6592.000000,0,0.0,0.0,0.0,1.0
108787,0,1,3400,-56,56,281,9.2,15,0.63,70656.000000,5,2.1,0.0,0.0,0.0,0.0,0.0,0.0,0.0,1.0
109036,0,1,3400,-56,56,282,9.0,14,0.63,151840.000000,6,2.1,0.0,0.0,0.0,0.0,0.0,0.0,0.0,1.0
109285,0,1,3400,-56,56,290,9.3,15,0.63,103456.000000,2,2.1,0.46,0.0,3616.000000,0,0.0,0.0,0.0,1.0
109534,0,1,3400,-56,56,292,9.8,15,0.50,113536.000000,0,2.1,0.67,0.0,6848.000000,64,0.0,0.0,0.0,1.0
109783,0,1,3400,-56,56,291,8.5,15,0.56,80640.000000,2,2.1,0.0,0.0,0.0,0.0,0.0,0.0,0.0,1.0
110032,0,1,3400,-56,56,293,9.6,15,0.65,135328.000000,3,2.1,0.0,0.0,0.0,0.0,0.0,0.0,0.0,1.0
110281,0,1,3400,-56,56,294,9.7,15,0.87,101536.000000,6,2.1,0.0,186,0.0,0.0,0.0,0.0,0.0,1.0
110530,0,1,3400,-56,56,286,10.0,15,0.53,129568.000000,3,2.1,0.0,0.0,8192.000000,22,0.0,0.0,0.0,1.0
110779,0,1,3400,-56,56,286,9.4,15,0.55,113056.000000,0,2.1,0.0,0.0,0.0,0.0,0.0,0.0,0.0,1.0
111028,0,1,3400,-56,56,286,9.6,15,0.56,114304.000000,3,2.1,0.0,0.0,0.0,0.0,0.0,0.0,0.0,1.0
111277,0,1,3400,-56,56,283,9.9,15,0.56,95232.000000,4,2.1,0.0,0.0,0.0,0.0,0.0,0.0,0.0,1.0
111526,0,1,3400,-56,56,289,11,15,0.91,103616.000000,6,2.1,0.54,0.0,12512.000000,36,0.0,0.0,0.0,1.0
111775,0,1,3400,-56,56,290,9.7,15,0.50,139424.000000,0,2.1,0.0,0.0,0.0,0.0,0.0,0.0,0.0,1.0
112024,0,1,3400,-56,56,287,8.4,14,0.62,107040.000000,5,2.1,0.0,0.0,0.0,0.0,0.0,0.0,0.0,1.0
112273,0,1,3400,-56,56,288,10,15,0.63,94784.000000,2,2.1,0.22,0.0,2016.000000,0,0.0,0.0,0.0,1.0
112522,0,1,3400,-56,56,289,9.5,16,0.50,135392.000000,0,2.1,1.3,0.0,7200.000000,50,0.0,0.0,0.0,1.0
112771,0,1,3400,-56,56,287,9.0,15,0.52,89280.000000,2,2.1,0.0,0.0,0.0,0.0,0.0,0.0,0.0,1.0
113020,0,1,3400,-56,56,284,10,15,0.56,126400.000000,2,2.1,0.0,0.0,0.0,0.0,0.0,0.0,0.0,1.0
113269,0,1,3400,-56,56,285,9.7,15,0.56,137280.000000,1,2.1,0.48,0.0,0.0,50,0.0,0.0,0.0,1.0
113518,0,1,3400,-56,56,285,10,15,0.52,172512.000000,1,2.1,7.5,0.0,0.0,100.000000,0.0,0.0,0.0,1.0
113767,0,1,3400,-56,56,284,8.9,15,0.52,121280.000000,2,2.1,7.5,0.0,0.0,0.0,0.0,0.0,0.0,1.0
114016,0,1,3400,-56,56,285,8.8,15,0.63,143136.000000,1,2.1,7.5,0.0,0.0,0.0,0.0,0.0,0.0,1.0
114265,0,1,3400,-56,56,285,9.7,15,0.51,118624.000000,0,2.1,7.6,0.0,5536.000000,0,0.0,0.0,0.0,1.0
114514,0,1,3400,-56,56,286,8.8,15,0.51,119904.000000,2,2.1,13,0.0,10048.000000,25,0.0,0.0,0.0,1.0
114763,0,1,3400,-56,56,288,9.3,14,0.50,83840.000000,0,2.1,12,0.0,0.0,0.0,0.0,0.0,0.0,1.0
115012,0,1,3400,-56,56,285,9.5,15,0.84,106880.000000,3,2.1,12,0.0,0.0,0.0,0.0,0.0,0.0,1.0
115261,0,1,3400,-56,56,288,11,15,0.70,123072.000000,4,2.1,13,0.0,17056.000000,0,0.0,0.0,0.0,1.0
115510,0,1,3400,-56,56,285,9.1,15,0.65,149696.000000,2,2.1,14,0.0,6432.000000,0,0.0,0.0,0.0,1.0
115759,0,1,3400,-56,56,287,8.6,15,0.50,81152.000000,0,2.1,14,0.0,0.0,0.0,0.0,0.0,0.0,1.0
116008,0,1,3400,-56,56,280,9.2,15,0.54,142400.000000,3,2.1,14,0.0,0.0,0.0,0.0,0.0,0.0,1.0
116257,0,1,3400,-56,56,282,10,15,0.50,138048.000000,0,2.1,13,0.0,3616.000000,0,0.0,0.0,0.0,1.0
116506,0,1,3400,-56,56,286,9.5,15,0.58,150720.000000,4,2.1,5.6,0.0,16608.000000,44,0.0,0.0,0.0,1.0
116755,0,1,3400,-56,56,290,9.3,15,0.51,123424.000000,1,2.1,5.0,0.0,0.0,0.0,0.0,0.0,0.0,1.0
117004,0,1,3400,-56,56,285,10.0,14,0.50,131968.000000,0,2.1,5.0,0.0,0.0,0.0,0.0,0.0,0.0,1.0
117253,0,1,3400,-56,56,281,8.7,15,0.50,105152.000000,0,2.1,5.2,0.0,0.0,50,0.0,0.0,0.0,1.0
117502,0,1,3400,-56,56,282,10,15,0.50,118464.000000,0,2.1,7.5,0.0,0.0,100.000000,0.0,0.0,0.0,1.0
117751,0,1,3400,-56,56,286,8.3,14,0.54,90496.000000,2,2.1,7.5,0.0,0.0,0.0,0.0,0.0,0.0,1.0
118000,0,1,3400,-56,56,288,11,15,0.51,155712.000000,0,2.1,7.5,0.0,0.0,0.0,0.0,0.0,0.0,1.0
118249,0,1,3400,-56,56,284,8.3,14,0.71,162208.000000,1,2.1,7.0,0.0,1312.000000,0,0.0,0.0,0.0,1.0
118498,0,1,3400,-56,56,287,10,15,0.50,74464.000000,0,2.1,0.0,0.0,6848.000000,50,0.0,0.0,0.0,1.0
118747,0,1,3400,-56,56,289,10,15,0.51,126688.000000,2,2.1,0.0,0.0,0.0,0.0,0.0,0.0,0.0,1.0
118996,0,1,3400,-56,56,290,10.0,15,0.61,89280.000000,2,2.1,0.0,0.0,0.0,0.0,0.0,0.0,0.0,1.0
119245,0,1,3400,-56,56,285,9.1,14,1.2,107456.000000,4,2.1,0.0,0.0,1312.000000,0,0.0,0.0,0.0,1.0
119494,0,1,3400,-56,56,285,10.0,16,0.51,145856.000000,0,2.1,0.0,0.0,6848.000000,0,0.0,0.0,0.0,1.0
119743,0,1,3400,-56,56,289,10,16,0.50,102048.000000,0,2.1,0.0,0.0,0.0,0.0,0.0,0.0,0.0,1.0
119992,0,1,3400,-56,56,286,9.5,15,0.54,137440.000000,2,2.1,0.0,0.0,0.0,0.0,0.0,0.0,0.0,1.0
120241,0,1,3400,-56,56,290,8.8,14,0.51,105952.000000,0,2.1,0.0,186,0.0,0.0,0.0,0.0,0.0,1.0
120490,0,1,3400,-56,56,283,10,15,0.55,81280.000000,0,2.1,0.0,0.0,8192.000000,12,0.0,0.0,0.0,1.0
120739,0,1,3400,-56,56,279,9.5,15,0.50,111680.000000,0,2.1,0.0,0.0,0.0,0.0,0.0,0.0,0.0,1.0
120988,0,1,3400,-56,56,282,9.4,15,0.50,105408.000000,0,2.1,0.0,0.0,0.0,0.0,0.0,0.0,0.0,1.0
121237,0,1,3400,-56,56,288,8.5,15,0.50,146368.000000,0,2.1,0.0,0.0,5536.000000,0,0.0,0.0,0.0,1.0
121486,0,1,3400,-56,56,289,8.7,15,0.50,110784.000000,0,2.1,0.0,0.0,14848.000000,25,0.0,0.0,0.0,1.0
121735,0,1,3400,-56,56,290,9.3,15,0.52,127104.000000,2,2.1,0.0,0.0,0.0,0.0,0.0,0.0,0.0,1.0
121984,0,1,3400,-56,56,288,10,15,0.50,90816.000000,0,2.1,0.0,0.0,0.0,0.0,0.0,0.0,0.0,1.0
122233,0,1,3400,-56,56,284,10,15,0.50,102048.000000,0,2.1,0.0,186,0.0,0.0,0.0,0.0,0.0,1.0
122482,0,1,3400,-56,56,290,9.7,15,0.84,75264.000000,0,2.1,0.68,0.0,12512.000000,36,0.0,0.0,0.0,1.0
122731,0,1,3400,-56,56,291,8.8,15,0.51,134368.000000,0,2.1,0.0,0.0,0.0,0.0,0.0,0.0,0.0,1.0
122980,0,1,3400,-56,56,287,9.1,15,0.66,101056.000000,2,2.1,0.0,0.0,0.0,0.0,0.0,0.0,0.0,1.0
123229,0,1,3400,-56,56,285,9.3,15,0.74,121632.000000,2,2.1,0.12,0.0,5536.000000,0,0.0,0.0,0.0,1.0
123478,0,1,3400,-56,56,289,8.8,15,0.52,134784.000000,0,2.1,0.56,0.0,6848.000000,50,0.0,0.0,0.0,1.0
123727,0,1,3400,-56,56,286,9.1,15,0.53,153952.000000,2,2.1,0.0,0.0,0.0,0.0,0.0,0.0,0.0,1.0
123976,0,1,3400,-56,56,286,9.7,15,0.53,108128.000000,0,2.1,0.0,0.0,0.0,0.0,0.0,0.0,0.0,1.0
124225,0,1,3400,-56,56,283,12,15,0.50,74592.000000,0,2.1,0.0,0.0,1312.000000,0,0.0,0.0,0.0,1.0
124474,0,1,3400,-56,56,288,8.7,15,0.51,84192.000000,2,2.1,0.0,0.0,6688.000000,0,0.0,0.0,0.0,1.0
124723,0,1,3400,-56,56,287,9.0,15,0.89,123136.000000,4,2.1,5.9,0.0,0.0,80,0.0,0.0,0.0,1.0
124972,0,1,3400,-56,56,289,9.5,16,0.50,111424.000000,0,2.1,7.5,0.0,0.0,0.0,0.0,0.0,0.0,1.0
125221,0,1,3400,-56,56,280,11,15,0.60,196448.000000,3,2.1,7.5,20,0.0,50,0.0,0.0,0.0,1.0
125470,0,1,3400,-56,56,281,11,16,0.65,104608.000000,2,2.1,0.54,0.0,7904.000000,25,0.0,0.0,0.0,1.0
125719,0,1,3400,-56,56,282,8.8,16,0.50,90464.000000,0,2.1,0.0,0.0,0.0,0.0,0.0,0.0,0.0,1.0
125968,0,1,3400,-56,56,280,9.9,15,0.50,92224.000000,0,2.1,0.0,0.0,0.0,0.0,0.0,0.0,0.0,1.0
126217,0,1,3400,-56,56,282,8.9,15,0.54,147872.000000,1,2.1,0.0,20,0.0,50,0.0,0.0,0.0,1.0
126466,0,1,3400,-56,56,283,10.0,16,0.51,167776.000000,0,2.1,0.0,0.0,7968.000000,0,0.0,0.0,0.0,1.0
126715,0,1,3400,-56,56,280,9.7,15,0.75,98048.000000,4,2.1,0.0,0.0,0.0,0.0,0.0,0.0,0.0,1.0
126964,0,1,3400,-56,56,286,9.9,15,0.58,107328.000000,2,2.1,0.0,0.0,0.0,0.0,0.0,0.0,0.0,1.0
127213,0,1,3400,-56,56,283,9.4,15,0.61,149728.000000,1,2.1,0.44,0.0,17056.000000,0,0.0,0.0,0.0,1.0
127462,0,1,3400,-56,56,286,9.9,15,0.55,78048.000000,3,2.1,2.3,0.0,13280.000000,45,0.0,0.0,0.0,1.0
127711,0,1,3400,-56,56,289,8.8,14,0.51,89120.000000,2,2.1,0.0,0.0,0.0,0.0,0.0,0.0,0.0,1.0
127960,0,1,3400,-56,56,286,11,15,0.93,109216.000000,5,2.1,0.0,0.0,0.0,0.0,0.0,0.0,0.0,1.0
128209,0,1,3400,-56,56,284,10.0,15,0.50,77632.000000,0,2.1,0.56,0.0,16544.000000,0,0.0,0.0,0.0,1.0
128458,0,1,3400,-56,56,286,9.5,15,0.53,134784.000000,0,2.1,12,0.0,6432.000000,0,0.0,0.0,0.0,1.0
128707,0,1,3400,-56,56,291,9.4,15,0.50,124192.000000,0,2.1,12,0.0,0.0,0.0,0.0,0.0,0.0,1.0
128956,0,1,3400,-56,56,287,10,16,0.51,107168.000000,0,2.1,12,0.0,0.0,0.0,0.0,0.0,0.0,1.0
129205,0,1,3400,-56,56,282,9.9,15,0.51,145632.000000,0,2.1,13,40,0.0,50,0.0,0.0,0.0,1.0
129454,0,1,3400,-56,56,287,8.5,14,0.68,126560.000000,1,2.1,14,40,0.0,100.000000,0.0,0.0,0.0,1.0
129703,0,1,3400,-56,56,293,9.2,15,0.53,115968.000000,3,2.1,7.8,0.0,7104.000000,0,0.0,0.0,0.0,1.0
129952,0,1,3400,-56,56,288,11,15,0.50,136672.000000,0,2.1,4.0,0.0,0.0,0.0,0.0,0.0,0.0,1.0
130201,0,1,3400,-56,56,290,9.3,15,0.50,148224.000000,0,2.1,3.9,0.0,5536.000000,0,0.0,0.0,0.0,1.0
130450,0,1,3400,-56,56,288,8.7,15,0.57,125856.000000,3,2.1,0.0,0.0,6848.000000,0,0.0,0.0,0.0,1.0
130699,0,1,3400,-56,56,289,9.3,15,0.52,151104.000000,0,2.1,0.0,0.0,0.0,0.0,0.0,0.0,0.0,1.0
130948,0,1,3400,-56,56,289,10,15,0.59,211680.000000,2,2.1,0.0,0.0,0.0,0.0,0.0,0.0,0.0,1.0
131197,0,1,3400,-56,56,293,9.1,14,0.54,110944.000000,2,2.1,0.25,0.0,5536.000000,0,0.0,0.0,0.0,1.0
131446,0,1,3400,-56,56,288,8.7,15,0.53,121344.000000,3,2.1,10,0.0,6528.000000,0,0.0,0.0,0.0,1.0
131695,0,1,3400,-56,56,287,9.7,15,0.58,107424.000000,2,2.1,10,0.0,0.0,0.0,0.0,0.0,0.0,1.0
131944,0,1,3400,-56,56,282,12,15,0.52,100864.000000,2,2.1,10,0.0,0.0,0.0,0.0,0.0,0.0,1.0
132193,0,1,3400,-56,56,280,9.9,15,0.59,118496.000000,0,2.1,11,0.0,0.0,50,0.0,0.0,0.0,1.0
132442,0,1,3400,-56,56,288,9.5,14,0.52,114880.000000,0,2.1,12,0.0,0.0,100.000000,0.0,0.0,0.0,1.0
132691,0,1,3400,-56,56,289,9.8,16,0.50,131936.000000,0,2.1,12,0.0,0.0,0.0,0.0,0.0,0.0,1.0
132940,0,1,3400,-56,56,289,9.9,15,0.56,119008.000000,2,2.1,12,0.0,0.0,0.0,0.0,0.0,0.0,1.0
133189,0,1,3400,-56,56,283,13,15,0.52,83456.000000,3,2.1,12,0.0,5536.000000,0,0.0,0.0,0.0,1.0
133438,0,1,3400,-56,56,283,9.2,15,0.61,99104.000000,2,2.1,1.6,0.0,12128.000000,33,0.0,0.0,0.0,1.0
133687,0,1,3400,-56,56,283,9.1,15,0.50,119744.000000,0,2.1,0.0,0.0,0.0,0.0,0.0,0.0,0.0,1.0
133936,0,1,3400,-56,56,285,10,15,0.61,92448.000000,4,2.1,0.0,0.0,0.0,0.0,0.0,0.0,0.0,1.0
134185,0,1,3400,-56,56,289,10,15,0.53,130752.000000,3,2.1,0.12,0.0,5536.000000,0,0.0,0.0,0.0,1.0
134434,0,1,3400,-56,56,285,8.4,15,0.55,138208.000000,1,2.1,20,0.0,14176.000000,50,0.0,0.0,0.0,1.0
134683,0,1,3400,-56,56,284,8.5,16,0.51,53856.000000,0,2.1,22,0.0,0.0,0.0,0.0,0.0,0.0,1.0
134932,0,1,3400,-56,56,282,10,15,0.56,83552.000000,7,2.1,22,0.0,0.0,0.0,0.0,0.0,0.0,1.0
135181,0,1,3400,-56,56,284,9.2,15,0.50,119584.000000,0,2.1,21,0.0,17056.000000,0,0.0,0.0,0.0,1.0
135430,0,1,3400,-56,56,287,9.1,15,0.51,65088.000000,0,2.1,14,0.0,6432.000000,0,0.0,0.0,0.0,1.0
135679,0,1,3400,-56,56,285,9.9,15,0.53,113952.000000,0,2.1,14,0.0,0.0,0.0,0.0,0.0,0.0,1.0
135928,0,1,3400,-56,56,285,8.6,14,0.51,97504.000000,0,2.1,14,0.0,0.0,0.0,0.0,0.0,0.0,1.0
136177,0,1,3400,-56,56,288,9.5,16,0.50,122528.000000,0,2.1,14,0.0,0.0,0.0,0.0,0.0,0.0,1.0
136426,0,1,3400,-56,56,286,11,15,0.51,85888.000000,0,2.1,7.4,0.0,24032.000000,36,0.0,0.0,0.0,1.0
136675,0,1,3400,-56,56,283,8.6,15,0.53,125216.000000,3,2.1,0.0,0.0,0.0,0.0,0.0,0.0,0.0,1.0
136924,0,1,3400,-56,56,284,10,15,0.52,153280.000000,1,2.1,0.0,0.0,0.0,0.0,0.0,0.0,0.0,1.0
137173,0,1,3400,-56,56,282,9.7,15,0.52,145120.000000,0,2.1,0.12,0.0,5536.000000,0,0.0,0.0,0.0,1.0
137422,0,1,3400,-56,56,283,11,15,0.64,104672.000000,2,2.1,0.56,0.0,6848.000000,50,0.0,0.0,0.0,1.0
137671,0,1,3400,-56,56,285,9.5,16,0.50,59264.000000,0,2.1,0.0,0.0,0.0,0.0,0.0,0.0,0.0,1.0
137920,0,1,3400,-56,56,283,9.7,15,0.60,138048.000000,1,2.1,0.0,0.0,0.0,0.0,0.0,0.0,0.0,1.0
138169,0,1,3400,-56,56,285,8.7,15,0.57,95168.000000,6,2.1,0.0,186,0.0,0.0,0.0,0.0,0.0,1.0
138418,0,1,3400,-56,56,285,9.5,15,0.53,117440.000000,2,2.1,4.4,0.0,6528.000000,50,0.0,0.0,0.0,1.0
138667,0,1,3400,-56,56,288,9.8,16,0.50,135392.000000,0,2.1,5.0,0.0,0.0,0.0,0.0,0.0,0.0,1.0
138916,0,1,3400,-56,56,290,9.3,14,0.60,158528.000000,5,2.1,5.0,0.0,0.0,0.0,0.0,0.0,0.0,1.0
139165,0,1,3400,-56,56,292,8.8,16,0.51,133120.000000,0,2.1,5.0,0.0,5408.000000,0,0.0,0.0,0.0,1.0
139414,0,1,3400,-56,56,290,9.1,15,0.53,107040.000000,3,2.1,18,0.0,1024.000000,80,0.0,0.0,0.0,1.0
139663,0,1,3400,-56,56,287,9.4,16,0.51,133472.000000,1,2.1,18,0.0,0.0,0.0,0.0,0.0,0.0,1.0
139912,0,1,3400,-56,56,285,9.5,15,0.64,171168.000000,4,2.1,18,0.0,0.0,0.0,0.0,0.0,0.0,1.0
140161,0,1,3400,-56,56,284,8.8,15,0.52,108000.000000,0,2.1,18,0.0,17056.000000,0,0.0,0.0,0.0,1.0
140410,0,1,3400,-56,56,286,9.0,15,0.53,124352.000000,2,2.1,1.3,0.0,6976.000000,50,0.0,0.0,0.0,1.0
140659,0,1,3400,-56,56,284,10,15,0.50,137184.000000,0,2.1,0.0,0.0,0.0,0.0,0.0,0.0,0.0,1.0
140908,0,1,3400,-56,56,286,13,14,0.66,161920.000000,3,2.1,0.0,0.0,5536.000000,0,0.0,0.0,0.0,1.0
141157,0,1,3400,-56,56,284,9.1,15,0.50,135168.000000,0,2.1,0.0,20,0.0,50,0.0,0.0,0.0,1.0
141406,0,1,3400,-56,56,285,9.6,15,0.56,126624.000000,6,2.1,4.4,0.0,25120.000000,0,0.0,0.0,0.0,1.0
141655,0,1,3400,-56,56,283,10,15,0.50,91168.000000,0,2.1,7.5,0.0,0.0,0.0,0.0,0.0,0.0,1.0
141904,0,1,3400,-56,56,287,8.9,14,0.56,136288.000000,4,2.1,7.5,0.0,0.0,0.0,0.0,0.0,0.0,1.0
142153,0,1,3400,-56,56,286,9.0,15,0.59,136992.000000,3,2.1,7.5,0.0,17056.000000,0,0.0,0.0,0.0,1.0
142402,0,1,3400,-56,56,284,9.8,15,0.51,151840.000000,0,2.1,1.3,0.0,6848.000000,56,0.0,0.0,0.0,1.0
142651,0,1,3400,-56,56,282,8.4,15,0.51,119648.000000,0,2.1,0.0,0.0,0.0,0.0,0.0,0.0,0.0,1.0
142900,0,1,3400,-56,56,282,8.4,15,0.56,101376.000000,7,2.1,0.0,0.0,0.0,0.0,0.0,0.0,0.0,1.0
143149,0,1,3400,-56,56,284,9.7,15,0.50,102720.000000,0,2.1,0.0,0.0,5536.000000,0,0.0,0.0,0.0,1.0
143398,0,1,3400,-56,56,288,11,15,0.66,99808.000000,4,2.1,0.0,0.0,9440.000000,20,0.0,0.0,0.0,1.0
143647,0,1,3400,-56,56,289,9.6,16,0.50,92320.000000,0,2.1,0.0,0.0,0.0,0.0,0.0,0.0,0.0,1.0
143896,0,1,3400,-56,56,291,9.6,15,0.59,72160.000000,3,2.1,0.0,0.0,0.0,0.0,0.0,0.0,0.0,1.0
144145,0,1,3400,-56,56,288,11,15,0.59,103552.000000,2,2.1,0.12,0.0,5536.000000,0,0.0,0.0,0.0,1.0
144394,0,1,3400,-56,56,287,8.9,15,0.50,92128.000000,0,2.1,10,0.0,13376.000000,50,0.0,0.0,0.0,1.0
144643,0,1,3400,-56,56,283,9.6,15,0.60,78112.000000,3,2.1,11,0.0,0.0,0.0,0.0,0.0,0.0,1.0
144892,0,1,3400,-56,56,280,9.5,15,0.52,124352.000000,2,2.1,11,0.0,0.0,0.0,0.0,0.0,0.0,1.0
145141,0,1,3400,-56,56,281,9.8,16,0.51,97216.000000,0,2.1,11,0.0,0.0,50,0.0,0.0,0.0,1.0
145390,0,1,3400,-56,56,280,10,15,0.52,77888.000000,3,2.1,2.2,0.0,30336.000000,33,0.0,0.0,0.0,1.0
145639,0,1,3400,-56,56,286,9.9,15,0.53,119776.000000,2,2.1,0.0,0.0,0.0,0.0,0.0,0.0,0.0,1.0
145888,0,1,3400,-56,56,287,10,15,0.60,156992.000000,6,2.1,0.0,0.0,0.0,0.0,0.0,0.0,0.0,1.0
146137,0,1,3400,-56,56,287,9.7,15,0.63,114912.000000,4,2.1,0.0,0.0,5536.000000,0,0.0,0.0,0.0,1.0
146386,0,1,3400,-56,56,285,8.7,15,0.53,133408.000000,3,2.1,0.0,0.0,15360.000000,40,0.0,0.0,0.0,1.0
146635,0,1,3400,-56,56,286,9.6,16,0.50,102240.000000,0,2.1,0.0,0.0,0.0,0.0,0.0,0.0,0.0,1.0
146884,0,1,3400,-56,56,285,8.9,14,0.75,121504.000000,2,2.1,0.0,0.0,0.0,0.0,0.0,0.0,0.0,1.0
147133,0,1,3400,-56,56,284,9.7,15,0.58,140256.000000,0,2.1,0.12,0.0,5536.000000,0,0.0,0.0,0.0,1.0
147382,0,1,3400,-56,56,283,8.3,15,0.64,118624.000000,4,2.1,0.56,0.0,6848.000000,60,0.0,0.0,0.0,1.0
147631,0,1,3400,-56,56,284,9.4,15,0.51,119232.000000,0,2.1,0.0,0.0,0.0,0.0,0.0,0.0,0.0,1.0
147880,0,1,3400,-56,56,288,9.6,15,0.50,86720.000000,0,2.1,0.0,0.0,0.0,0.0,0.0,0.0,0.0,1.0
148129,0,1,3400,-56,56,285,10,15,0.55,86752.000000,0,2.1,0.12,0.0,5536.000000,0,0.0,0.0,0.0,1.0
148378,0,1,3400,-56,56,284,8.6,14,0.51,129408.000000,0,2.1,11,0.0,10560.000000,0,0.0,0.0,0.0,1.0
148627,0,1,3400,-56,56,286,8.9,15,0.77,94880.000000,6,2.1,12,0.0,0.0,0.0,0.0,0.0,0.0,1.0
148876,0,1,3400,-56,56,288,9.3,15,0.50,140512.000000,0,2.1,12,0.0,0.0,0.0,0.0,0.0,0.0,1.0
149125,0,1,3400,-56,56,284,8.4,15,0.50,128704.000000,0,2.1,12,0.0,0.0,0.0,0.0,0.0,0.0,1.0
149374,0,1,3400,-56,56,281,8.8,15,0.50,86528.000000,0,2.1,13,0.0,23488.000000,0,0.0,0.0,0.0,1.0
149623,0,1,3400,-56,56,287,11,15,0.51,121568.000000,2,2.1,14,0.0,0.0,0.0,0.0,0.0,0.0,1.0
149872,0,1,3400,-56,56,287,9.7,14,0.58,82528.000000,5,2.1,14,0.0,0.0,0.0,0.0,0.0,0.0,1.0
150121,0,1,3400,-56,56,289,8.3,15,0.58,116416.000000,2,2.1,14,0.0,17056.000000,0,0.0,0.0,0.0,1.0
150370,0,1,3400,-56,56,286,9.9,15,0.63,121152.000000,2,2.1,14,0.0,6432.000000,0,0.0,0.0,0.0,1.0
150619,0,1,3400,-56,56,284,9.5,15,0.51,68064.000000,3,2.1,14,0.0,0.0,0.0,0.0,0.0,0.0,1.0
150868,0,1,3400,-56,56,283,9.7,15,0.50,129216.000000,0,2.1,14,0.0,0.0,0.0,0.0,0.0,0.0,1.0
151117,0,1,3400,-56,56,282,8.9,15,0.57,143328.000000,1,2.1,13,0.0,17056.000000,0,0.0,0.0,0.0,1.0
151366,0,1,3400,-56,56,285,8.1,14,0.57,117184.000000,3,2.1,1.2,0.0,6976.000000,50,0.0,0.0,0.0,1.0
151615,0,1,3400,-56,56,282,8.7,15,0.50,118496.000000,0,2.1,0.0,0.0,0.0,0.0,0.0,0.0,0.0,1.0
151864,0,1,3400,-56,56,288,9.4,15,0.75,106656.000000,9,2.1,0.0,0.0,0.0,0.0,0.0,0.0,0.0,1.0
152113,0,1,3400,-56,56,288,9.9,15,0.94,69600.000000,0,2.1,0.0,20,0.0,50,0.0,0.0,0.0,1.0
152362,0,1,3400,-56,56,288,10,15,0.57,114496.000000,3,2.1,0.0,0.0,8000.000000,14,0.0,0.0,0.0,1.0
152611,0,1,3400,-56,56,288,9.3,15,0.50,128800.000000,0,2.1,0.0,0.0,0.0,0.0,0.0,0.0,0.0,1.0
152860,0,1,3400,-56,56,288,10.0,15,0.56,119680.000000,7,2.1,0.0,0.0,0.0,0.0,0.0,0.0,0.0,1.0
153109,0,1,3400,-56,56,286,11,15,0.51,74592.000000,0,2.1,0.0,186,0.0,0.0,0.0,0.0,0.0,1.0
153358,0,1,3400,-56,56,284,9.8,15,0.56,92288.000000,4,2.1,12,0.0,23488.000000,0,0.0,0.0,0.0,1.0
153607,0,1,3400,-56,56,283,9.3,15,0.50,53952.000000,0,2.1,14,0.0,0.0,0.0,0.0,0.0,0.0,1.0
153856,0,1,3400,-56,56,288,9.7,15,0.64,77280.000000,2,2.1,14,0.0,0.0,0.0,0.0,0.0,0.0,1.0
154105,0,1,3400,-56,56,287,10,15,0.59,94816.000000,2,2.1,14,0.0,17056.000000,0,0.0,0.0,0.0,1.0
154354,0,1,3400,-56,56,285,8.4,15,0.58,102560.000000,0,2.1,14,0.0,6432.000000,0,0.0,0.0,0.0,1.0
154603,0,1,3400,-56,56,285,11,16,0.50,117728.000000,0,2.1,14,0.0,0.0,0.0,0.0,0.0,0.0,1.0
154852,0,1,3400,-56,56,289,10,15,0.64,100064.000000,2,2.1,14,0.0,0.0,0.0,0.0,0.0,0.0,1.0
155101,0,1,3400,-56,56,287,8.9,15,0.64,78432.000000,3,2.1,14,0.0,0.0,50,0.0,0.0,0.0,1.0
155350,0,1,3400,-56,56,285,8.7,14,0.59,80640.000000,0,2.1,15,0.0,0.0,100.000000,0.0,0.0,0.0,1.0
155599,0,1,3400,-56,56,291,12,16,0.56,80640.000000,0,2.1,15,0.0,0.0,0.0,0.0,0.0,0.0,1.0
155848,0,1,3400,-56,56,286,10.0,15,0.50,123264.000000,0,2.1,15,0.0,0.0,0.0,0.0,0.0,0.0,1.0
156097,0,1,3400,-56,56,284,9.8,15,0.60,128672.000000,3,2.1,15,0.0,3104.000000,0,0.0,0.0,0.0,1.0
156346,0,1,3400,-56,56,282,9.8,15,0.50,113664.000000,0,2.1,6.4,0.0,105824.000000,25,0.0,0.0,0.0,1.0
156595,0,1,3400,-56,56,282,10.0,15,0.50,113344.000000,0,2.1,6.5,0.0,0.0,0.0,0.0,0.0,0.0,1.0
156844,0,1,3400,-56,56,287,9.0,15,0.50,102976.000000,0,2.1,6.5,0.0,0.0,0.0,0.0,0.0,0.0,1.0
157093,0,1,3400,-56,56,291,11,15,0.52,154208.000000,0,2.1,6.6,0.0,5536.000000,0,0.0,0.0,0.0,1.0
157342,0,1,3400,-56,56,287,10.0,15,0.50,108576.000000,0,2.1,1.3,0.0,6720.000000,45,0.0,0.0,0.0,1.0
157591,0,1,3400,-56,56,284,8.4,15,0.50,86592.000000,0,2.1,0.0,0.0,0.0,0.0,0.0,0.0,0.0,1.0
157840,0,1,3400,-56,56,286,8.6,15,0.65,116992.000000,3,2.1,0.0,0.0,0.0,0.0,0.0,0.0,0.0,1.0
158089,0,1,3400,-56,56,285,9.5,16,0.53,120928.000000,3,2.1,0.0,186,0.0,0.0,0.0,0.0,0.0,1.0
158338,0,1,3400,-56,56,289,10,15,0.62,93824.000000,4,2.1,0.82,0.0,8288.000000,36,0.0,0.0,0.0,1.0
158587,0,1,3400,-56,56,285,8.8,14,0.54,145824.000000,0,2.1,0.0,0.0,0.0,0.0,0.0,0.0,0.0,1.0
158836,0,1,3400,-56,56,281,9.2,15,0.53,118912.000000,0,2.1,0.0,0.0,0.0,0.0,0.0,0.0,0.0,1.0
159085,0,1,3400,-56,56,280,9.1,15,0.50,139616.000000,0,2.1,0.33,0.0,4512.000000,0,0.0,0.0,0.0,1.0
159334,0,1,3400,-56,56,283,9.9,14,0.64,183456.000000,2,2.1,19,0.0,2016.000000,80,0.0,0.0,0.0,1.0
159583,0,1,3400,-56,56,285,9.1,15,0.50,134304.000000,0,2.1,20,0.0,0.0,0.0,0.0,0.0,0.0,1.0
159832,0,1,3400,-56,56,280,9.4,14,0.61,156544.000000,2,2.1,20,0.0,0.0,0.0,0.0,0.0,0.0,1.0
160081,0,1,3400,-56,56,281,9.2,15,0.50,98080.000000,0,2.1,19,0.0,14496.000000,0,0.0,0.0,0.0,1.0
160330,0,1,3400,-56,56,283,10,15,0.50,124320.000000,0,2.1,7.0,0.0,6944.000000,0,0.0,0.0,0.0,1.0
160579,0,1,3400,-56,56,288,10,15,0.59,111680.000000,5,2.1,7.0,0.0,0.0,0.0,0.0,0.0,0.0,1.0
160828,0,1,3400,-56,56,286,8.9,15,0.79,131552.000000,4,2.1,7.1,0.0,0.0,0,0.0,0.0,0.0,1.0
161077,0,1,3400,-56,56,290,11,15,0.52,139232.000000,0,2.1,12,0.0,5536.000000,50,0.0,0.0,0.0,1.0
161326,0,1,3400,-56,56,290,9.7,16,0.57,122624.000000,2,2.1,0.0,0.0,10848.000000,20,0.0,0.0,0.0,1.0
161575,0,1,3400,-56,56,286,9.8,15,0.54,111136.000000,2,2.1,0.0,0.0,0.0,0.0,0.0,0.0,0.0,1.0
161824,0,1,3400,-56,56,288,10,14,0.80,175936.000000,7,2.1,0.0,0.0,0.0,0.0,0.0,0.0,0.0,1.0
162073,0,1,3400,-56,56,290,10,14,0.72,135968.000000,5,2.1,0.032,0.0,5664.000000,0,0.0,0.0,0.0,1.0
162322,0,1,3400,-56,56,285,12,16,0.51,96640.000000,0,2.1,6.9,0.0,17024.000000,0,0.0,0.0,0.0,1.0
162571,0,1,3400,-56,56,284,9.1,14,0.50,86080.000000,0,2.1,7.0,0.0,0.0,0.0,0.0,0.0,0.0,1.0
162820,0,1,3400,-56,56,288,9.8,14,0.84,95104.000000,2,2.1,7.0,0.0,0.0,0.0,0.0,0.0,0.0,1.0
163069,0,1,3400,-56,56,282,9.3,15,0.50,102848.000000,0,2.1,7.5,0.0,17056.000000,0,0.0,0.0,0.0,1.0
163318,0,1,3400,-56,56,285,9.3,15,0.51,115424.000000,2,2.1,1.5,0.0,6976.000000,50,0.0,0.0,0.0,1.0
163567,0,1,3400,-56,56,283,8.7,14,0.66,107392.000000,5,2.1,0.0,0.0,0.0,0.0,0.0,0.0,0.0,1.0
163816,0,1,3400,-56,56,284,8.6,15,0.51,105696.000000,2,2.1,0.0,0.0,0.0,0.0,0.0,0.0,0.0,1.0
164065,0,1,3400,-56,56,284,9.6,15,0.51,122976.000000,2,2.1,0.35,0.0,3104.000000,0,0.0,0.0,0.0,1.0
164314,0,1,3400,-56,56,283,9.5,15,0.50,118016.000000,0,2.1,20,0.0,3616.000000,86,0.0,0.0,0.0,1.0
164563,0,1,3400,-56,56,287,9.0,14,0.51,108896.000000,0,2.1,21,0.0,0.0,0.0,0.0,0.0,0.0,1.0
164812,0,1,3400,-56,56,287,9.1,15,0.50,113152.000000,0,2.1,21,0.0,0.0,0.0,0.0,0.0,0.0,1.0
165061,0,1,3400,-56,56,286,9.6,16,0.50,123744.000000,0,2.1,20,0.0,14496.000000,0,0.0,0.0,0.0,1.0
165310,0,1,3400,-56,56,281,9.1,15,0.59,192512.000000,1,2.1,2.0,0.0,6848.000000,0,0.0,0.0,0.0,1.0
165559,0,1,3400,-56,56,284,8.9,15,0.50,76032.000000,0,2.1,2.0,0.0,0.0,0.0,0.0,0.0,0.0,1.0
165808,0,1,3400,-56,56,285,9.3,15,0.58,128672.000000,4,2.1,2.0,0.0,0.0,0.0,0.0,0.0,0.0,1.0
166057,0,1,3400,-56,56,287,9.4,15,0.54,107680.000000,0,2.1,2.6,0.0,17056.000000,0,0.0,0.0,0.0,1.0
166306,0,1,3400,-56,56,285,8.3,15,0.55,91456.000000,0,2.1,1.8,0.0,12384.000000,40,0.0,0.0,0.0,1.0
166555,0,1,3400,-56,56,287,9.7,15,0.61,127680.000000,3,2.1,0.0,0.0,0.0,0.0,0.0,0.0,0.0,1.0
166804,0,1,3400,-56,56,289,9.2,15,0.53,131584.000000,1,2.1,0.0,0.0,0.0,0.0,0.0,0.0,0.0,1.0
167053,0,1,3400,-56,56,286,11,15,0.50,122688.000000,0,2.1,0.096,0.0,5536.000000,0,0.0,0.0,0.0,1.0
167302,0,1,3400,-56,56,288,9.3,15,0.51,150912.000000,0,2.1,12,0.0,10048.000000,0,0.0,0.0,0.0,1.0
167551,0,1,3400,-56,56,284,8.8,15,0.50,92224.000000,0,2.1,12,0.0,0.0,0.0,0.0,0.0,0.0,1.0
167800,0,1,3400,-56,56,281,9.3,15,0.64,99392.000000,2,2.1,12,0.0,0.0,0.0,0.0,0.0,0.0,1.0
168049,0,1,3400,-56,56,279,8.7,15,0.51,122496.000000,1,2.1,12,186,0.0,0.0,0.0,0.0,0.0,1.0
168298,0,1,3400,-56,56,288,9.4,14,0.53,89664.000000,2,2.1,13,0.0,0.0,80,0.0,0.0,0.0,1.0
168547,0,1,3400,-56,56,290,9.3,15,0.55,120352.000000,3,2.1,14,0.0,0.0,0.0,0.0,0.0,0.0,1.0
168796,0,1,3400,-56,56,287,9.4,14,0.66,93792.000000,6,2.1,14,0.0,0.0,0.0,0.0,0.0,0.0,1.0
169045,0,1,3400,-56,56,281,9.5,15,0.78,91168.000000,4,2.1,13,0.0,5536.000000,0,0.0,0.0,0.0,1.0
169294,0,1,3400,-56,56,283,10,15,0.56,101888.000000,0,2.1,0.56,0.0,6848.000000,60,0.0,0.0,0.0,1.0
169543,0,1,3400,-56,56,286,9.8,16,0.51,95232.000000,2,2.1,0.0,0.0,0.0,0.0,0.0,0.0,0.0,1.0
169792,0,1,3400,-56,56,286,9.9,15,0.70,114592.000000,3,2.1,0.0,0.0,0.0,0.0,0.0,0.0,0.0,1.0
170041,0,1,3400,-56,56,288,9.6,15,0.50,96768.000000,0,2.1,0.0,0.0,1312.000000,0,0.0,0.0,0.0,1.0
170290,0,1,3400,-56,56,278,9.8,15,0.55,148288.000000,1,2.1,0.0,0.0,6848.000000,33,0.0,0.0,0.0,1.0
170539,0,1,3400,-56,56,284,8.5,15,0.57,94912.000000,2,2.1,0.0,0.0,0.0,0.0,0.0,0.0,0.0,1.0
170788,0,1,3400,-56,56,290,9.6,15,0.51,148704.000000,0,2.1,0.0,0.0,0.0,0.0,0.0,0.0,0.0,1.0
171037,0,1,3400,-56,56,284,9.2,14,0.53,120928.000000,3,2.1,0.0,0.0,5536.000000,0,0.0,0.0,0.0,1.0
171286,0,1,3400,-56,56,285,8.5,15,0.50,117952.000000,0,2.1,0.0,0.0,14848.000000,33,0.0,0.0,0.0,1.0
171535,0,1,3400,-56,56,287,10,15,0.51,160192.000000,0,2.1,0.0,0.0,0.0,0.0,0.0,0.0,0.0,1.0
171784,0,1,3400,-56,56,286,10,16,0.52,133888.000000,0,2.1,0.0,0.0,0.0,0.0,0.0,0.0,0.0,1.0
172033,0,1,3400,-56,56,286,10,15,0.51,153600.000000,2,2.1,0.52,0.0,17056.000000,0,0.0,0.0,0.0,1.0
172282,0,1,3400,-56,56,288,10,16,0.50,134048.000000,0,2.1,1.6,0.0,6848.000000,50,0.0,0.0,0.0,1.0
172531,0,1,3400,-56,56,283,9.4,15,0.50,123584.000000,0,2.1,0.0,0.0,0.0,0.0,0.0,0.0,0.0,1.0
172780,0,1,3400,-56,56,280,9.8,15,0.56,89248.000000,2,2.1,0.0,0.0,0.0,0.0,0.0,0.0,0.0,1.0
173029,0,1,3400,-56,56,285,11,15,0.64,66880.000000,3,2.1,0.0,186,0.0,0.0,0.0,0.0,0.0,1.0
173278,0,1,3400,-56,56,281,11,15,0.68,115872.000000,2,2.1,0.0,0.0,8160.000000,0,0.0,0.0,0.0,1.0
173527,0,1,3400,-56,56,284,8.5,16,0.79,113056.000000,0,2.1,0.0,0.0,0.0,0.0,0.0,0.0,0.0,1.0
173776,0,1,3400,-56,56,282,8.8,15,0.55,112672.000000,5,2.1,0.0,0.0,0.0,0.0,0.0,0.0,0.0,1.0
174025,0,1,3400,-56,56,280,8.5,14,0.53,149376.000000,1,2.1,0.62,0.0,17056.000000,0,0.0,0.0,0.0,1.0
174274,0,1,3400,-56,56,285,10.0,15,0.51,134048.000000,0,2.1,14,0.0,6432.000000,0,0.0,0.0,0.0,1.0
174523,0,1,3400,-56,56,287,10,15,0.52,89248.000000,2,2.1,14,0.0,0.0,0.0,0.0,0.0,0.0,1.0
174772,0,1,3400,-56,56,290,11,14,0.83,67072.000000,3,2.1,14,0.0,0.0,0.0,0.0,0.0,0.0,1.0
175021,0,1,3400,-56,56,285,9.5,16,0.50,112448.000000,0,2.1,14,0.0,1120.000000,0,0.0,0.0,0.0,1.0
175270,0,1,3400,-56,56,285,11,15,0.63,140320.000000,3,2.1,16,0.0,55296.000000,50,0.0,0.0,0.0,1.0
175519,0,1,3400,-56,56,283,10.0,15,0.64,74304.000000,3,2.1,16,0.0,0.0,0.0,0.0,0.0,0.0,1.0
175768,0,1,3400,-56,56,284,9.0,15,0.50,91392.000000,0,2.1,16,0.0,0.0,0.0,0.0,0.0,0.0,1.0
176017,0,1,3400,-56,56,285,8.7,14,0.60,86336.000000,2,2.1,15,0.0,5536.000000,0,0.0,0.0,0.0,1.0
176266,0,1,3400,-56,56,287,11,15,0.67,150080.000000,2,2.1,0.67,0.0,6976.000000,50,0.0,0.0,0.0,1.0
176515,0,1,3400,-56,56,284,9.0,15,0.68,111584.000000,6,2.1,0.0,0.0,0.0,0.0,0.0,0.0,0.0,1.0
176764,0,1,3400,-56,56,280,9.9,15,0.59,106208.000000,2,2.1,0.0,0.0,0.0,0.0,0.0,0.0,0.0,1.0
177013,0,1,3400,-56,56,286,8.9,15,0.50,102464.000000,0,2.1,0.16,0.0,8864.000000,0,0.0,0.0,0.0,1.0
177262,0,1,3400,-56,56,285,9.4,15,0.64,89088.000000,2,2.1,0.55,0.0,6976.000000,50,0.0,0.0,0.0,1.0
177511,0,1,3400,-56,56,286,8.3,14,0.51,146112.000000,1,2.1,0.0,0.0,0.0,0.0,0.0,0.0,0.0,1.0
177760,0,1,3400,-56,56,285,9.9,15,0.54,112608.000000,0,2.1,0.0,0.0,0.0,0.0,0.0,0.0,0.0,1.0
178009,0,1,3400,-56,56,283,8.9,15,0.56,127392.000000,1,2.1,0.0,0.0,1312.000000,0,0.0,0.0,0.0,1.0
178258,0,1,3400,-56,56,280,9.2,15,0.50,128768.000000,0,2.1,0.0,0.0,6848.000000,0,0.0,0.0,0.0,1.0
178507,0,1,3400,-56,56,281,9.1,15,0.51,106304.000000,0,2.1,0.0,0.0,0.0,0.0,0.0,0.0,0.0,1.0
178756,0,1,3400,-56,56,287,9.1,15,0.57,117120.000000,3,2.1,0.0,0.0,0.0,0.0,0.0,0.0,0.0,1.0
179005,0,1,3400,-56,56,288,9.3,15,0.50,108032.000000,0,2.1,0.0,186,0.0,0.0,0.0,0.0,0.0,1.0
179254,0,1,3400,-56,56,282,10.0,15,0.50,171904.000000,0,2.1,0.0,0.0,12384.000000,0,0.0,0.0,0.0,1.0
179503,0,1,3400,-56,56,283,9.2,15,0.50,99616.000000,0,2.1,0.0,0.0,0.0,0.0,0.0,0.0,0.0,1.0
179752,0,1,3400,-56,56,283,8.7,15,0.54,93696.000000,2,2.1,0.0,0.0,0.0,0.0,0.0,0.0,0.0,1.0
180001,0,1,3400,-56,56,281,8.3,15,0.51,65184.000000,0,2.1,0.14,0.0,5536.000000,0,0.0,0.0,0.0,1.0
180250,0,1,3400,-56,56,283,9.8,14,0.69,118400.000000,3,2.1,0.67,0.0,6976.000000,50,0.0,0.0,0.0,1.0
180499,0,1,3400,-56,56,283,11,15,0.55,116768.000000,0,2.1,0.0,0.0,0.0,0.0,0.0,0.0,0.0,1.0
180748,0,1,3400,-56,56,286,9.8,15,0.62,101024.000000,5,2.1,0.0,0.0,0.0,0.0,0.0,0.0,0.0,1.0
180997,0,1,3400,-56,56,286,9.3,15,0.51,108352.000000,0,2.1,0.44,0.0,17056.000000,0,0.0,0.0,0.0,1.0
181246,0,1,3400,-56,56,284,9.4,15,0.53,99424.000000,4,2.1,6.0,0.0,6432.000000,0,0.0,0.0,0.0,1.0
181495,0,1,3400,-56,56,288,10,15,0.54,125312.000000,0,2.1,6.0,0.0,0.0,0.0,0.0,0.0,0.0,1.0
181744,0,1,3400,-56,56,283,8.6,15,0.51,94176.000000,2,2.1,6.0,0.0,0.0,0.0,0.0,0.0,0.0,1.0
181993,0,1,3400,-56,56,281,9.1,16,0.50,94016.000000,0,2.1,6.1,0.0,0.0,50,0.0,0.0,0.0,1.0
182242,0,1,3400,-56,56,286,9.2,14,0.50,100224.000000,0,2.1,7.5,0.0,0.0,100.000000,0.0,0.0,0.0,1.0
182491,0,1,3400,-56,56,287,9.2,16,0.53,116064.000000,2,2.1,7.5,0.0,0.0,0.0,0.0,0.0,0.0,1.0
182740,0,1,3400,-56,56,284,9.4,16,0.50,108192.000000,0,2.1,7.5,0.0,0.0,0.0,0.0,0.0,0.0,1.0
182989,0,1,3400,-56,56,284,10,15,0.50,64896.000000,0,2.1,7.0,0.0,1312.000000,0,0.0,0.0,0.0,1.0
183238,0,1,3400,-56,56,283,9.1,15,0.53,97376.000000,0,2.1,0.0,0.0,6688.000000,0,0.0,0.0,0.0,1.0
183487,0,1,3400,-56,56,282,9.2,14,0.63,108160.000000,2,2.1,0.0,0.0,0.0,0.0,0.0,0.0,0.0,1.0
183736,0,1,3400,-56,56,283,9.7,15,0.63,118592.000000,5,2.1,0.0,0.0,0.0,0.0,0.0,0.0,0.0,1.0
183985,0,1,3400,-56,56,283,9.5,15,0.75,99584.000000,6,2.1,0.62,0.0,17056.000000,0,0.0,0.0,0.0,1.0
184234,0,1,3400,-56,56,287,9.5,15,0.50,146144.000000,0,2.1,14,0.0,6432.000000,0,0.0,0.0,0.0,1.0
184483,0,1,3400,-56,56,284,9.4,14,0.61,112096.000000,5,2.1,13,0.0,0.0,0.0,0.0,0.0,0.0,1.0
184732,0,1,3400,-56,56,280,9.0,14,0.50,147936.000000,0,2.1,13,0.0,0.0,0.0,0.0,0.0,0.0,1.0
184981,0,1,3400,-56,56,285,8.4,15,0.50,167200.000000,0,2.1,14,0.0,17056.000000,0,0.0,0.0,0.0,1.0
185230,0,1,3400,-56,56,284,9.2,15,0.50,113088.000000,0,2.1,1.5,0.0,6976.000000,50,0.0,0.0,0.0,1.0
185479,0,1,3400,-56,56,280,10,15,0.55,121984.000000,5,2.1,0.0,0.0,5536.000000,33,0.0,0.0,0.0,1.0
185728,0,1,3400,-56,56,287,7.8,15,0.51,100608.000000,0,2.1,0.0,0.0,0.0,0.0,0.0,0.0,0.0,1.0
185978,0,1,3400,-56,56,285,10,15,0.68,153056.000000,6,2.1,0.0,186,0.0,0.0,0.0,0.0,0.0,1.0
186227,0,1,3400,-56,56,287,8.9,15,0.50,81088.000000,0,2.1,0.0,0.0,6848.000000,44,0.0,0.0,0.0,1.0
186476,0,1,3400,-56,56,289,8.6,15,0.51,73312.000000,2,2.1,0.0,0.0,0.0,0.0,0.0,0.0,0.0,1.0
186725,0,1,3400,-56,56,284,9.0,14,0.61,131872.000000,3,2.1,0.0,0.0,0.0,0.0,0.0,0.0,0.0,1.0
186974,0,1,3400,-56,56,282,10.0,15,0.60,107264.000000,2,2.1,0.0,0.0,5536.000000,0,0.0,0.0,0.0,1.0
187223,0,1,3400,-56,56,280,9.6,15,0.50,124512.000000,0,2.1,0.0,0.0,9312.000000,29,0.0,0.0,0.0,1.0
187472,0,1,3400,-56,56,283,11,16,0.64,88864.000000,7,2.1,0.0,0.0,0.0,0.0,0.0,0.0,0.0,1.0
187721,0,1,3400,-56,56,287,9.3,15,0.58,125056.000000,3,2.1,0.0,0.0,0.0,0.0,0.0,0.0,0.0,1.0
187970,0,1,3400,-56,56,286,10,15,0.51,167488.000000,0,2.1,0.42,0.0,0.0,50,0.0,0.0,0.0,1.0
188219,0,1,3400,-56,56,288,8.8,15,0.53,102464.000000,0,2.1,7.5,0.0,0.0,100.000000,0.0,0.0,0.0,1.0
188468,0,1,3400,-56,56,288,8.1,14,0.68,97152.000000,5,2.1,7.5,0.0,0.0,0.0,0.0,0.0,0.0,1.0
188717,0,1,3400,-56,56,286,9.0,15,0.53,115456.000000,3,2.1,7.5,0.0,0.0,0.0,0.0,0.0,0.0,1.0
188966,0,1,3400,-56,56,283,9.3,14,0.51,116576.000000,2,2.1,7.3,0.0,3104.000000,0,0.0,0.0,0.0,1.0
189215,0,1,3400,-56,56,281,9.8,15,0.53,137248.000000,2,2.1,16,0.0,189216.000000,67,0.0,0.0,0.0,1.0
189464,0,1,3400,-56,56,284,9.3,15,0.51,119616.000000,2,2.1,16,0.0,0.0,0.0,0.0,0.0,0.0,1.0
189713,0,1,3400,-56,56,288,11,15,0.52,125568.000000,2,2.1,16,0.0,0.0,0.0,0.0,0.0,0.0,1.0
189962,0,1,3400,-56,56,287,8.8,15,0.63,104416.000000,5,2.1,16,186,0.0,0.0,0.0,0.0,0.0,1.0
190211,0,1,3400,-56,56,280,9.2,15,0.53,78688.000000,3,2.1,8.8,0.0,8160.000000,0,0.0,0.0,0.0,1.0
190460,0,1,3400,-56,56,281,9.8,16,0.54,118496.000000,0,2.1,8.0,0.0,0.0,0.0,0.0,0.0,0.0,1.0
190709,0,1,3400,-56,56,284,9.7,15,0.53,135328.000000,0,2.1,8.0,0.0,0.0,0.0,0.0,0.0,0.0,1.0
190958,0,1,3400,-56,56,286,9.3,14,0.84,87232.000000,4,2.1,7.6,0.0,5536.000000,0,0.0,0.0,0.0,1.0
191207,0,1,3400,-56,56,285,8.7,15,0.92,92032.000000,4,2.1,0.0,0.0,6720.000000,0,0.0,0.0,0.0,1.0
191456,0,1,3400,-56,56,284,8.8,15,0.51,137856.000000,0,2.1,0.0,0.0,0.0,0.0,0.0,0.0,0.0,1.0
191705,0,1,3400,-56,56,282,8.7,14,0.54,89536.000000,2,2.1,0.0,0.0,0.0,0.0,0.0,0.0,0.0,1.0
191954,0,1,3400,-56,56,287,10.0,15,0.50,112832.000000,0,2.1,0.62,0.0,17056.000000,0,0.0,0.0,0.0,1.0
192203,0,1,3400,-56,56,287,9.0,15,0.59,129760.000000,3,2.1,1.5,0.0,6976.000000,50,0.0,0.0,0.0,1.0
192452,0,1,3400,-56,56,288,9.6,15,0.51,123776.000000,0,2.1,0.0,0.0,0.0,0.0,0.0,0.0,0.0,1.0
192701,0,1,3400,-56,56,282,8.4,15,0.50,103232.000000,0,2.1,0.0,0.0,0.0,0.0,0.0,0.0,0.0,1.0
192950,0,1,3400,-56,56,287,9.3,15,0.50,123840.000000,0,2.1,0.0,0.0,0.0,0.0,0.0,0.0,0.0,1.0
193199,0,1,3400,-56,56,283,11,15,0.60,134592.000000,2,2.1,0.82,0.0,12256.000000,31,0.0,0.0,0.0,1.0
193448,0,1,3400,-56,56,284,8.9,15,0.56,143136.000000,0,2.1,0.0,0.0,0.0,0.0,0.0,0.0,0.0,1.0
193697,0,1,3400,-56,56,284,11,15,0.57,108512.000000,0,2.1,0.0,0.0,0.0,0.0,0.0,0.0,0.0,1.0
193946,0,1,3400,-56,56,288,9.0,14,0.58,89600.000000,2,2.1,0.0,20,0.0,50,0.0,0.0,0.0,1.0
194195,0,1,3400,-56,56,286,7.9,15,0.54,73888.000000,2,2.1,0.0,0.0,7904.000000,25,0.0,0.0,0.0,1.0
194445,0,1,3400,-56,56,285,9.4,14,0.50,107488.000000,0,2.1,0.0,0.0,0.0,0.0,0.0,0.0,0.0,1.0
194694,0,1,3400,-56,56,287,8.0,15,0.50,176320.000000,0,2.1,0.0,0.0,5536.000000,0,0.0,0.0,0.0,1.0
194943,0,1,3400,-56,56,287,8.6,15,0.50,113536.000000,0,2.1,0.0,186,0.0,0.0,0.0,0.0,0.0,1.0
195192,0,1,3400,-56,56,286,9.1,15,0.50,102688.000000,0,2.1,9.7,0.0,23488.000000,0,0.0,0.0,0.0,1.0
195441,0,1,3400,-56,56,288,9.0,16,0.50,118496.000000,0,2.1,11,0.0,0.0,0.0,0.0,0.0,0.0,1.0
195690,0,1,3400,-56,56,288,8.9,15,0.50,128768.000000,0,2.1,11,0.0,0.0,0.0,0.0,0.0,0.0,1.0
195939,0,1,3400,-56,56,286,8.7,15,0.55,86304.000000,0,2.1,11,0.0,17056.000000,0,0.0,0.0,0.0,1.0
196188,0,1,3400,-56,56,283,8.8,15,0.56,96768.000000,6,2.1,14,0.0,6432.000000,0,0.0,0.0,0.0,1.0
196437,0,1,3400,-56,56,284,8.9,16,0.50,81120.000000,0,2.1,14,0.0,0.0,0.0,0.0,0.0,0.0,1.0
196686,0,1,3400,-56,56,285,8.9,15,0.51,95072.000000,2,2.1,14,0.0,0.0,0.0,0.0,0.0,0.0,1.0
196935,0,1,3400,-56,56,285,8.8,15,0.58,107616.000000,2,2.1,14,0.0,17056.000000,0,0.0,0.0,0.0,1.0
197184,0,1,3400,-56,56,278,9.8,16,0.50,115904.000000,0,2.1,1.5,0.0,6976.000000,50,0.0,0.0,0.0,1.0
197433,0,1,3400,-56,56,281,9.3,15,0.54,109632.000000,5,2.1,0.0,0.0,0.0,0.0,0.0,0.0,0.0,1.0
197682,0,1,3400,-56,56,286,9.2,14,0.54,171552.000000,3,2.1,0.0,0.0,0.0,0.0,0.0,0.0,0.0,1.0
197931,0,1,3400,-56,56,285,9.0,15,0.54,186784.000000,0,2.1,0.0,0.0,1312.000000,0,0.0,0.0,0.0,1.0
198180,0,1,3400,-56,56,285,8.5,15,0.54,104896.000000,0,2.1,0.0,0.0,11872.000000,14,0.0,0.0,0.0,1.0
198430,0,1,3400,-56,56,282,9.3,14,0.53,95200.000000,2,2.1,0.0,0.0,0.0,0.0,0.0,0.0,0.0,1.0
198679,0,1,3400,-56,56,280,8.4,14,0.50,91648.000000,0,2.1,0.0,0.0,0.0,0.0,0.0,0.0,0.0,1.0
198928,0,1,3400,-56,56,286,8.6,15,0.59,101024.000000,6,2.1,0.45,80,3616.000000,0,0.0,0.0,0.0,1.0
199177,0,1,3400,-56,56,286,9.4,15,0.61,108448.000000,0,2.1,8.0,80,0.0,0.0,0.0,0.0,0.0,1.0
199426,0,1,3400,-56,56,284,9.1,15,0.61,116288.000000,2,2.1,5.1,0.0,15232.000000,44,0.0,0.0,0.0,1.0
199675,0,1,3400,-56,56,289,9.2,14,0.69,132256.000000,5,2.1,0.0,0.0,0.0,0.0,0.0,0.0,0.0,1.0
199924,0,1,3400,-56,56,287,9.9,15,0.62,128608.000000,3,2.1,0.0,0.0,1312.000000,0,0.0,0.0,0.0,1.0
200173,0,1,3400,-56,56,286,9.8,15,0.50,126816.000000,0,2.1,0.0,0.0,6848.000000,50,0.0,0.0,0.0,1.0
200422,0,1,3400,-56,56,289,9.5,15,0.61,115008.000000,2,2.1,0.0,0.0,0.0,0.0,0.0,0.0,0.0,1.0
200671,0,1,3400,-56,56,289,10,15,0.53,142080.000000,3,2.1,0.0,0.0,0.0,0.0,0.0,0.0,0.0,1.0
200920,0,1,3400,-56,56,282,9.6,15,0.50,69504.000000,0,2.1,0.0,20,0.0,50,0.0,0.0,0.0,1.0
201169,0,1,3400,-56,56,282,9.7,15,0.50,135680.000000,0,2.1,0.0,0.0,8064.000000,0,0.0,0.0,0.0,1.0
201418,0,1,3400,-56,56,283,9.6,15,0.63,90528.000000,6,2.1,0.0,0.0,0.0,0.0,0.0,0.0,0.0,1.0
201667,0,1,3400,-56,56,286,10,14,0.60,124352.000000,2,2.1,0.0,0.0,0.0,0.0,0.0,0.0,0.0,1.0
201916,0,1,3400,-56,56,289,10,15,0.58,72864.000000,8,2.1,0.0,186,0.0,0.0,0.0,0.0,0.0,1.0
202165,0,1,3400,-56,56,281,9.6,15,0.58,72448.000000,3,2.1,4.9,0.0,28416.000000,27,0.0,0.0,0.0,1.0
202414,0,1,3400,-56,56,282,9.9,15,0.68,114016.000000,3,2.1,4.0,0.0,0.0,0.0,0.0,0.0,0.0,1.0
202663,0,1,3400,-56,56,280,9.6,15,0.51,111168.000000,2,2.1,4.0,0.0,0.0,0.0,0.0,0.0,0.0,1.0
202913,0,1,3400,-56,56,282,9.8,15,0.56,148832.000000,4,2.1,3.8,0.0,5536.000000,0,0.0,0.0,0.0,1.0
203162,0,1,3400,-56,56,280,9.7,15,0.50,82624.000000,0,2.1,0.0,0.0,6528.000000,0,0.0,0.0,0.0,1.0
203411,0,1,3400,-56,56,281,9.7,14,0.50,150176.000000,0,2.1,0.0,0.0,0.0,0.0,0.0,0.0,0.0,1.0
203660,0,1,3400,-56,56,283,9.5,15,0.50,91584.000000,0,2.1,0.0,0.0,0.0,0.0,0.0,0.0,0.0,1.0
203909,0,1,3400,-56,56,284,9.4,15,0.50,119008.000000,0,2.1,0.56,0.0,17056.000000,0,0.0,0.0,0.0,1.0
204158,0,1,3400,-56,56,285,9.2,15,0.53,116768.000000,3,2.1,14,0.0,6432.000000,0,0.0,0.0,0.0,1.0
204407,0,1,3400,-56,56,289,9.0,15,0.58,96832.000000,4,2.1,14,0.0,0.0,0.0,0.0,0.0,0.0,1.0
204656,0,1,3400,-56,56,283,9.6,14,0.53,132352.000000,3,2.1,14,0.0,0.0,0.0,0.0,0.0,0.0,1.0
204905,0,1,3400,-56,56,282,9.6,14,0.75,87552.000000,8,2.1,14,0.0,0.0,50,0.0,0.0,0.0,1.0
205154,0,1,3400,-56,56,284,9.1,15,0.50,124704.000000,0,2.1,14,0.0,0.0,100.000000,0.0,0.0,0.0,1.0
205403,0,1,3400,-56,56,287,9.4,15,0.51,118560.000000,0,2.1,14,0.0,0.0,0.0,0.0,0.0,0.0,1.0
205652,0,1,3400,-56,56,287,8.5,14,0.60,89280.000000,2,2.1,14,0.0,0.0,0.0,0.0,0.0,0.0,1.0
205901,0,1,3400,-56,56,287,9.4,15,0.54,134944.000000,0,2.1,13,0.0,1312.000000,0,0.0,0.0,0.0,1.0
206150,0,1,3400,-56,56,284,11,14,0.65,133760.000000,5,2.1,0.0,0.0,6848.000000,33,0.0,0.0,0.0,1.0
206399,0,1,3400,-56,56,289,10,15,0.50,145216.000000,0,2.1,0.0,0.0,0.0,0.0,0.0,0.0,0.0,1.0
206648,0,1,3400,-56,56,284,11,15,0.56,138016.000000,2,2.1,0.0,0.0,0.0,0.0,0.0,0.0,0.0,1.0
206898,0,1,3400,-56,56,280,8.8,14,0.57,89856.000000,2,2.1,0.0,186,0.0,0.0,0.0,0.0,0.0,1.0
207147,0,1,3400,-56,56,281,9.4,15,0.50,64448.000000,0,2.1,5.5,0.0,19968.000000,44,0.0,0.0,0.0,1.0
207396,0,1,3400,-56,56,285,10,15,0.56,103168.000000,2,2.1,0.0,0.0,0.0,0.0,0.0,0.0,0.0,1.0
207645,0,1,3400,-56,56,283,9.4,15,0.53,87552.000000,0,2.1,0.0,0.0,0.0,0.0,0.0,0.0,0.0,1.0
207894,0,1,3400,-56,56,277,8.7,15,0.55,180768.000000,3,2.1,0.35,0.0,3104.000000,0,0.0,0.0,0.0,1.0
208143,0,1,3400,-56,56,283,9.7,15,0.56,149280.000000,4,2.1,20,0.0,3616.000000,80,0.0,0.0,0.0,1.0
208392,0,1,3400,-56,56,287,11,15,0.50,64352.000000,0,2.1,21,0.0,0.0,0.0,0.0,0.0,0.0,1.0
208641,0,1,3400,-56,56,285,9.4,15,0.63,123744.000000,0,2.1,21,0.0,0.0,0.0,0.0,0.0,0.0,1.0
208890,0,1,3400,-56,56,282,8.9,15,0.63,103360.000000,5,2.1,20,0.0,11424.000000,0,0.0,0.0,0.0,1.0
209139,0,1,3400,-56,56,282,9.1,15,0.51,75200.000000,0,2.1,12,0.0,6432.000000,0,0.0,0.0,0.0,1.0
209388,0,1,3400,-56,56,284,8.4,15,0.50,64672.000000,0,2.1,12,0.0,0.0,0.0,0.0,0.0,0.0,1.0
209637,0,1,3400,-56,56,285,8.8,15,0.53,103488.000000,4,2.1,12,0.0,0.0,0.0,0.0,0.0,0.0,1.0
209886,0,1,3400,-56,56,280,9.7,15,0.70,134624.000000,0,2.1,13,0.0,17056.000000,0,0.0,0.0,0.0,1.0
210135,0,1,3400,-56,56,285,9.8,15,0.53,118112.000000,0,2.1,13,0.0,6432.000000,0,0.0,0.0,0.0,1.0
210384,0,1,3400,-56,56,287,12,15,0.54,119168.000000,0,2.1,14,0.0,0.0,0.0,0.0,0.0,0.0,1.0
210633,0,1,3400,-56,56,292,9.4,16,0.50,91488.000000,0,2.1,14,0.0,0.0,0.0,0.0,0.0,0.0,1.0
210882,0,1,3400,-56,56,290,9.6,15,0.50,113824.000000,0,2.1,14,0.0,17056.000000,0,0.0,0.0,0.0,1.0
211131,0,1,3400,-56,56,287,8.5,15,0.51,105856.000000,2,2.1,14,0.0,6432.000000,0,0.0,0.0,0.0,1.0
211380,0,1,3400,-56,56,286,9.2,15,0.50,134976.000000,0,2.1,14,0.0,0.0,0.0,0.0,0.0,0.0,1.0
211629,0,1,3400,-56,56,282,9.8,15,0.51,123808.000000,2,2.1,14,0.0,0.0,0.0,0.0,0.0,0.0,1.0
211878,0,1,3400,-56,56,283,9.3,15,0.50,112416.000000,0,2.1,14,40,0.0,50,0.0,0.0,0.0,1.0
212127,0,1,3400,-56,56,282,9.3,14,0.53,132928.000000,3,2.1,14,40,0.0,100.000000,0.0,0.0,0.0,1.0
212376,0,1,3400,-56,56,287,9.8,15,0.60,128000.000000,2,2.1,7.8,0.0,7104.000000,0,0.0,0.0,0.0,1.0
212625,0,1,3400,-56,56,287,9.6,15,0.71,130592.000000,3,2.1,4.0,0.0,0.0,0.0,0.0,0.0,0.0,1.0
212874,0,1,3400,-56,56,283,9.1,15,0.52,138176.000000,1,2.1,4.0,0.0,5536.000000,0,0.0,0.0,0.0,1.0
213123,0,1,3400,-56,56,282,9.6,15,0.50,99008.000000,0,2.1,5.0,0.0,6976.000000,50,0.0,0.0,0.0,1.0
213372,0,1,3400,-56,56,286,9.3,15,0.50,116736.000000,0,2.1,5.0,0.0,0.0,0.0,0.0,0.0,0.0,1.0
213621,0,1,3400,-56,56,289,8.6,15,0.50,80928.000000,0,2.1,5.0,0.0,0.0,0.0,0.0,0.0,0.0,1.0
213870,0,1,3400,-56,56,284,9.6,15,0.78,130560.000000,6,2.1,4.7,20,0.0,50,0.0,0.0,0.0,1.0
214119,0,1,3400,-56,56,287,8.8,15,0.67,98816.000000,7,2.1,0.0,20,0.0,100.000000,0.0,0.0,0.0,1.0
214368,0,1,3400,-56,56,284,9.9,14,0.98,140736.000000,10,2.1,0.0,0.0,6432.000000,0,0.0,0.0,0.0,1.0
214617,0,1,3400,-56,56,280,8.4,14,0.59,128672.000000,6,2.1,0.0,0.0,0.0,0.0,0.0,0.0,0.0,1.0
214866,0,1,3400,-56,56,281,11,15,0.60,114368.000000,4,2.1,0.0,186,0.0,0.0,0.0,0.0,0.0,1.0
215115,0,1,3400,-56,56,285,9.2,15,0.60,139456.000000,1,2.1,13,0.0,0.0,80,0.0,0.0,0.0,1.0
215364,0,1,3400,-56,56,288,10,15,0.50,112640.000000,0,2.1,15,0.0,0.0,0.0,0.0,0.0,0.0,1.0
215613,0,1,3400,-56,56,291,9.2,15,0.73,114592.000000,5,2.1,15,0.0,0.0,0.0,0.0,0.0,0.0,1.0
215862,0,1,3400,-56,56,287,8.7,15,0.51,145376.000000,0,2.1,15,0.0,5536.000000,0,0.0,0.0,0.0,1.0
216111,0,1,3400,-56,56,282,8.6,15,0.57,127680.000000,2,2.1,1.4,0.0,6848.000000,60,0.0,0.0,0.0,1.0
216360,0,1,3400,-56,56,279,9.9,15,0.54,130048.000000,4,2.1,0.0,0.0,0.0,0.0,0.0,0.0,0.0,1.0
216609,0,1,3400,-56,56,283,9.1,15,0.59,115328.000000,2,2.1,0.0,0.0,0.0,0.0,0.0,0.0,0.0,1.0
216858,0,1,3400,-56,56,283,9.2,16,0.50,140448.000000,0,2.1,0.12,0.0,5536.000000,0,0.0,0.0,0.0,1.0
217107,0,1,3400,-56,56,286,10.0,15,0.51,129728.000000,0,2.1,0.60,0.0,6848.000000,56,0.0,0.0,0.0,1.0
217356,0,1,3400,-56,56,291,9.4,15,0.54,84064.000000,2,2.1,0.0,0.0,0.0,0.0,0.0,0.0,0.0,1.0
217605,0,1,3400,-56,56,286,9.6,15,0.70,133088.000000,1,2.1,0.0,0.0,0.0,0.0,0.0,0.0,0.0,1.0
217854,0,1,3400,-56,56,282,8.9,15,0.53,136096.000000,3,2.1,0.0,0.0,1312.000000,0,0.0,0.0,0.0,1.0
218103,0,1,3400,-56,56,277,9.0,15,0.51,123008.000000,2,2.1,0.0,0.0,6688.000000,0,0.0,0.0,0.0,1.0
218352,0,1,3400,-56,56,284,9.4,16,0.50,124256.000000,0,2.1,0.0,0.0,0.0,0.0,0.0,0.0,0.0,1.0
218601,0,1,3400,-56,56,283,11,16,0.50,80128.000000,0,2.1,0.0,0.0,0.0,0.0,0.0,0.0,0.0,1.0
218850,0,1,3400,-56,56,278,8.9,15,0.50,81152.000000,0,2.1,0.0,186,0.0,0.0,0.0,0.0,0.0,1.0
219099,0,1,3400,-56,56,279,8.5,15,0.50,124416.000000,0,2.1,6.8,0.0,0.0,80,0.0,0.0,0.0,1.0
219348,0,1,3400,-56,56,289,9.4,15,0.89,125472.000000,3,2.1,7.5,0.0,0.0,0.0,0.0,0.0,0.0,1.0
219597,0,1,3400,-56,56,289,10,16,0.66,102304.000000,0,2.1,7.5,0.0,0.0,0.0,0.0,0.0,0.0,1.0
219846,0,1,3400,-56,56,283,10,15,0.51,116992.000000,2,2.1,7.0,0.0,1312.000000,0,0.0,0.0,0.0,1.0
220095,0,1,3400,-56,56,283,10,15,0.84,109312.000000,4,2.1,0.0,0.0,6848.000000,50,0.0,0.0,0.0,1.0
220344,0,1,3400,-56,56,289,9.1,15,0.50,118528.000000,0,2.1,0.0,0.0,0.0,0.0,0.0,0.0,0.0,1.0
220593,0,1,3400,-56,56,291,10,15,0.51,94496.000000,2,2.1,0.0,0.0,0.0,0.0,0.0,0.0,0.0,1.0
220842,0,1,3400,-56,56,290,8.8,15,0.75,116000.000000,6,2.1,0.0,186,0.0,0.0,0.0,0.0,0.0,1.0
221091,0,1,3400,-56,56,291,9.8,15,0.55,134144.000000,0,2.1,0.0,0.0,6240.000000,33,0.0,0.0,0.0,1.0
221340,0,1,3400,-56,56,289,8.6,15,0.50,108160.000000,0,2.1,0.0,0.0,0.0,0.0,0.0,0.0,0.0,1.0
221589,0,1,3400,-56,56,288,8.8,15,0.54,100800.000000,2,2.1,0.0,0.0,0.0,0.0,0.0,0.0,0.0,1.0
221838,0,1,3400,-56,56,285,9.2,14,0.65,124608.000000,3,2.1,0.33,0.0,4512.000000,0,0.0,0.0,0.0,1.0
222087,0,1,3400,-56,56,284,9.7,15,0.53,152992.000000,1,2.1,2.6,0.0,11232.000000,57,0.0,0.0,0.0,1.0
222337,0,1,3400,-56,56,284,9.7,15,0.58,125088.000000,3,2.1,1.0,0.0,0.0,0.0,0.0,0.0,0.0,1.0
222586,0,1,3400,-56,56,287,9.3,15,0.51,116128.000000,2,2.1,1.0,0.0,0.0,0.0,0.0,0.0,0.0,1.0
222835,0,1,3400,-56,56,282,11,15,0.50,107392.000000,0,2.1,1.1,0.0,5536.000000,0,0.0,0.0,0.0,1.0
223084,0,1,3400,-56,56,285,8.6,15,0.50,97504.000000,0,2.1,3.5,0.0,10624.000000,57,0.0,0.0,0.0,1.0
223333,0,1,3400,-56,56,281,9.4,15,0.50,112736.000000,0,2.1,3.0,0.0,0.0,0.0,0.0,0.0,0.0,1.0
223582,0,1,3400,-56,56,281,8.5,15,0.73,100160.000000,2,2.1,3.0,0.0,0.0,0.0,0.0,0.0,0.0,1.0
223831,0,1,3400,-56,56,284,9.9,15,0.60,167520.000000,2,2.1,3.0,0.0,5536.000000,0,0.0,0.0,0.0,1.0
224080,0,1,3400,-56,56,282,9.2,15,0.50,103264.000000,0,2.1,4.9,0.0,14944.000000,53,0.0,0.0,0.0,1.0
224329,0,1,3400,-56,56,287,8.5,15,0.70,78240.000000,2,2.1,0.0,0.0,0.0,0.0,0.0,0.0,0.0,1.0
224578,0,1,3400,-56,56,286,10.0,15,0.59,152384.000000,3,2.1,0.0,0.0,0.0,0.0,0.0,0.0,0.0,1.0
224827,0,1,3400,-56,56,280,10,15,0.74,62496.000000,3,2.1,0.0,186,0.0,0.0,0.0,0.0,0.0,1.0
225076,0,1,3400,-56,56,284,11,15,0.50,90912.000000,0,2.1,0.0,0.0,8160.000000,17,0.0,0.0,0.0,1.0
225325,0,1,3400,-56,56,281,9.3,15,0.53,132288.000000,1,2.1,0.0,0.0,0.0,0.0,0.0,0.0,0.0,1.0
225574,0,1,3400,-56,56,283,10,15,0.50,113792.000000,0,2.1,0.0,0.0,0.0,0.0,0.0,0.0,0.0,1.0
225823,0,1,3400,-56,56,287,9.4,15,0.50,153088.000000,0,2.1,0.14,0.0,5536.000000,0,0.0,0.0,0.0,1.0
226072,0,1,3400,-56,56,287,9.5,16,0.50,119360.000000,0,2.1,0.67,0.0,6976.000000,50,0.0,0.0,0.0,1.0
226322,0,1,3400,-56,56,288,9.0,15,0.50,132000.000000,0,2.1,0.0,0.0,0.0,0.0,0.0,0.0,0.0,1.0
226571,0,1,3400,-56,56,289,9.8,15,0.51,102112.000000,0,2.1,0.0,0.0,0.0,0.0,0.0,0.0,0.0,1.0
226820,0,1,3400,-56,56,285,10,16,0.71,144384.000000,3,2.1,0.0,186,0.0,0.0,0.0,0.0,0.0,1.0
227069,0,1,3400,-56,56,285,9.6,14,0.67,124672.000000,4,2.1,0.82,0.0,10464.000000,36,0.0,0.0,0.0,1.0
227318,0,1,3400,-56,56,286,8.3,15,0.51,70720.000000,3,2.1,0.0,0.0,0.0,0.0,0.0,0.0,0.0,1.0
227567,0,1,3400,-56,56,283,8.7,14,0.57,91776.000000,6,2.1,0.0,0.0,0.0,0.0,0.0,0.0,0.0,1.0
227816,0,1,3400,-56,56,283,8.8,16,0.51,133120.000000,0,2.1,0.14,0.0,5536.000000,0,0.0,0.0,0.0,1.0
228065,0,1,3400,-56,56,282,8.9,15,0.65,132416.000000,1,2.1,0.67,0.0,6976.000000,50,0.0,0.0,0.0,1.0
228314,0,1,3400,-56,56,282,9.6,14,0.62,106304.000000,5,2.1,0.0,0.0,0.0,0.0,0.0,0.0,0.0,1.0
228563,0,1,3400,-56,56,279,9.5,15,0.52,145696.000000,0,2.1,0.0,0.0,0.0,0.0,0.0,0.0,0.0,1.0
228812,0,1,3400,-56,56,282,9.3,15,0.56,111680.000000,2,2.1,0.22,0.0,2016.000000,0,0.0,0.0,0.0,1.0
229061,0,1,3400,-56,56,285,9.8,16,0.54,74656.000000,2,2.1,12,0.0,4512.000000,80,0.0,0.0,0.0,1.0
229310,0,1,3400,-56,56,285,11,15,0.50,118144.000000,0,2.1,12,0.0,0.0,0.0,0.0,0.0,0.0,1.0
229559,0,1,3400,-56,56,283,8.9,15,0.50,76305.218750,0,2.1,12,0.0,0.0,0.0,0.0,0.0,0.0,1.0
229808,0,1,3400,-56,56,286,8.5,15,0.53,101896.414062,0,2.1,11,0.0,5513.944336,0,0.0,0.0,0.0,1.0
230057,0,1,3400,-56,56,286,8.4,15,0.70,75648.000000,11,2.1,1.4,0.0,6848.000000,50,0.0,0.0,0.0,1.0
230306,0,1,3400,-56,56,287,8.8,15,0.50,149152.000000,0,2.1,0.0,0.0,0.0,0.0,0.0,0.0,0.0,1.0
230555,0,1,3400,-56,56,284,9.4,15,0.59,147168.000000,4,2.1,0.0,0.0,0.0,0.0,0.0,0.0,0.0,1.0
230804,0,1,3400,-56,56,281,10,15,0.50,96576.000000,0,2.1,0.21,0.0,5536.000000,0,0.0,0.0,0.0,1.0
231053,0,1,3400,-56,56,280,11,15,0.50,96512.000000,0,2.1,10,0.0,6720.000000,33,0.0,0.0,0.0,1.0
231302,0,1,3400,-56,56,281,9.3,15,0.51,94784.000000,2,2.1,10,0.0,0.0,0.0,0.0,0.0,0.0,1.0
231551,0,1,3400,-56,56,280,9.2,15,0.52,124883.531250,1,2.1,10,0.0,0.0,0.0,0.0,0.0,0.0,1.0
231800,0,1,3400,-56,56,281,9.6,15,0.64,110784.000000,4,2.1,10,186,0.0,0.0,0.0,0.0,0.0,1.0
232049,0,1,3400,-56,56,281,9.5,14,0.58,154804.781250,5,2.1,2.9,0.0,24000.000000,8,0.0,0.0,0.0,1.0
232298,0,1,3400,-56,56,282,8.4,14,0.55,166272.000000,0,2.1,0.0,0.0,0.0,0.0,0.0,0.0,0.0,1.0
232547,0,1,3400,-56,56,285,8.7,15,0.58,111744.000000,5,2.1,0.0,0.0,0.0,0.0,0.0,0.0,0.0,1.0
232796,0,1,3400,-56,56,291,10,16,0.50,102592.000000,0,2.1,0.14,0.0,5536.000000,0,0.0,0.0,0.0,1.0
233045,0,1,3400,-56,56,279,10.0,15,0.50,181824.000000,0,2.1,6.5,0.0,10048.000000,0,0.0,0.0,0.0,1.0
233294,0,1,3400,-56,56,279,9.7,15,0.50,103008.000000,0,2.1,6.5,0.0,0.0,0.0,0.0,0.0,0.0,1.0
233543,0,1,3400,-56,56,284,7.6,14,0.65,109120.000000,7,2.1,6.5,0.0,0.0,0.0,0.0,0.0,0.0,1.0
233792,0,1,3400,-56,56,283,8.6,14,0.57,103232.000000,3,2.1,6.6,0.0,0.0,50,0.0,0.0,0.0,1.0
234041,0,1,3400,-56,56,285,9.3,15,0.50,125879.515625,0,2.1,7.5,0.0,0.0,100.000000,0.0,0.0,0.0,1.0
234290,0,1,3400,-56,56,288,10.0,15,0.53,137338.640625,1,2.1,7.5,0.0,0.0,0.0,0.0,0.0,0.0,1.0
234539,0,1,3400,-56,56,284,11,15,1.0,115520.000000,6,2.1,7.5,0.0,0.0,0.0,0.0,0.0,0.0,1.0
234788,0,1,3400,-56,56,284,9.0,15,0.56,116128.000000,2,2.1,7.4,0.0,3104.000000,0,0.0,0.0,0.0,1.0
235037,0,1,3400,-56,56,278,8.8,16,0.50,101600.000000,0,2.1,6.3,0.0,105824.000000,29,0.0,0.0,0.0,1.0
235287,0,1,3400,-56,56,280,10,15,0.67,84672.000000,2,2.1,6.5,0.0,0.0,0.0,0.0,0.0,0.0,1.0
235536,0,1,3400,-56,56,283,9.6,16,0.51,113344.000000,0,2.1,6.5,0.0,0.0,0.0,0.0,0.0,0.0,1.0
235785,0,1,3400,-56,56,283,8.8,15,0.50,134400.000000,0,2.1,6.4,0.0,1312.000000,0,0.0,0.0,0.0,1.0
236034,0,1,3400,-56,56,284,8.6,15,0.59,130409.640625,3,2.1,0.0,0.0,6907.630371,0,0.0,0.0,0.0,1.0
236283,0,1,3400,-56,56,286,8.7,15,0.56,139123.500000,1,2.1,0.0,0.0,0.0,0.0,0.0,0.0,0.0,1.0
236532,0,1,3400,-56,56,280,8.9,15,0.54,97888.000000,0,2.1,0.0,0.0,0.0,0.0,0.0,0.0,0.0,1.0
236781,0,1,3400,-56,56,283,9.3,15,0.50,151648.000000,0,2.1,0.40,0.0,17056.000000,0,0.0,0.0,0.0,1.0
237030,0,1,3400,-56,56,285,9.2,15,0.50,130688.000000,0,2.1,0.71,0.0,14048.000000,40,0.0,0.0,0.0,1.0
237280,0,1,3400,-56,56,279,9.3,14,0.57,96416.000000,4,2.1,0.0,0.0,0.0,0.0,0.0,0.0,0.0,1.0
237529,0,1,3400,-56,56,284,9.7,15,0.52,126912.000000,2,2.1,0.0,0.0,0.0,0.0,0.0,0.0,0.0,1.0
237778,0,1,3400,-56,56,286,10,14,0.55,167264.000000,2,2.1,0.35,0.0,3104.000000,0,0.0,0.0,0.0,1.0
238027,0,1,3400,-56,56,289,8.7,15,0.50,120321.281250,0,2.1,20,0.0,3630.521973,80,0.0,0.0,0.0,1.0
238276,0,1,3400,-56,56,281,9.7,15,0.50,113408.000000,0,2.1,21,0.0,0.0,0.0,0.0,0.0,0.0,1.0
238525,0,1,3400,-56,56,283,9.2,14,0.78,98804.781250,7,2.1,21,0.0,0.0,0.0,0.0,0.0,0.0,1.0
238774,0,1,3400,-56,56,289,8.5,15,0.85,106016.000000,2,2.1,20,0.0,11424.000000,0,0.0,0.0,0.0,1.0
239023,0,1,3400,-56,56,287,9.1,15,0.51,113024.000000,0,2.1,8.0,0.0,6432.000000,0,0.0,0.0,0.0,1.0
239272,0,1,3400,-56,56,285,11,16,0.50,129824.000000,0,2.1,8.0,0.0,0.0,0.0,0.0,0.0,0.0,1.0
239521,0,1,3400,-56,56,283,8.6,15,0.63,100465.867188,7,2.1,8.0,0.0,0.0,0.0,0.0,0.0,0.0,1.0
239770,0,1,3400,-56,56,282,11,15,0.50,147155.375000,0,2.1,8.3,0.0,16988.046875,0,0.0,0.0,0.0,1.0
240019,0,1,3400,-56,56,286,11,14,1.2,84672.000000,6,2.1,6.8,0.0,16352.000000,44,0.0,0.0,0.0,1.0
240268,0,1,3400,-56,56,289,8.9,15,0.51,103903.617188,0,2.1,6.5,0.0,0.0,0.0,0.0,0.0,0.0,1.0
240517,0,1,3400,-56,56,286,10,15,0.55,104096.000000,2,2.1,6.5,0.0,0.0,0.0,0.0,0.0,0.0,1.0
240766,0,1,3400,-56,56,278,8.6,14,0.53,107474.101562,0,2.1,6.7,0.0,16988.046875,0,0.0,0.0,0.0,1.0
241015,0,1,3400,-56,56,279,9.1,16,0.53,161280.000000,0,2.1,14,0.0,6432.000000,0,0.0,0.0,0.0,1.0
241265,0,1,3400,-56,56,283,9.1,15,0.53,109728.000000,4,2.1,14,0.0,0.0,0.0,0.0,0.0,0.0,1.0
241514,0,1,3400,-56,56,282,9.5,15,0.52,181504.000000,1,2.1,14,0.0,0.0,0.0,0.0,0.0,0.0,1.0
241763,0,1,3400,-56,56,281,8.7,15,0.57,116768.000000,2,2.1,14,186,0.0,0.0,0.0,0.0,0.0,1.0
242012,0,1,3400,-56,56,284,8.9,14,0.52,116722.890625,2,2.1,14,0.0,0.0,80,0.0,0.0,0.0,1.0
242261,0,1,3400,-56,56,288,8.4,15,0.55,87808.000000,0,2.1,14,0.0,0.0,0.0,0.0,0.0,0.0,1.0
242510,0,1,3400,-56,56,284,11,15,0.53,112416.000000,0,2.1,14,0.0,0.0,0.0,0.0,0.0,0.0,1.0
242759,0,1,3400,-56,56,286,8.7,15,0.58,82804.781250,4,2.1,13,0.0,5513.944336,0,0.0,0.0,0.0,1.0
243008,0,1,3400,-56,56,280,9.0,15,0.50,161472.000000,0,2.1,6.9,0.0,16352.000000,44,0.0,0.0,0.0,1.0
243257,0,1,3400,-56,56,282,8.9,15,0.55,148448.000000,1,2.1,6.5,0.0,0.0,0.0,0.0,0.0,0.0,1.0
243506,0,1,3400,-56,56,285,8.6,15,0.53,94048.000000,4,2.1,6.5,0.0,0.0,0.0,0.0,0.0,0.0,1.0
243755,0,1,3400,-56,56,286,9.8,16,0.50,64256.000000,0,2.1,6.7,0.0,17056.000000,0,0.0,0.0,0.0,1.0
244004,0,1,3400,-56,56,286,8.5,15,0.50,92000.000000,0,2.1,14,0.0,6432.000000,0,0.0,0.0,0.0,1.0
244253,0,1,3400,-56,56,286,12,16,0.50,125184.000000,0,2.1,14,0.0,0.0,0.0,0.0,0.0,0.0,1.0
244502,0,1,3400,-56,56,283,9.4,15,0.50,81445.781250,0,2.1,14,0.0,0.0,0.0,0.0,0.0,0.0,1.0
244751,0,1,3400,-56,56,280,9.3,15,0.56,133088.000000,6,2.1,14,0.0,0.0,50,0.0,0.0,0.0,1.0
245000,0,1,3400,-56,56,278,9.7,15,0.54,112733.070312,5,2.1,14,0.0,0.0,100.000000,0.0,0.0,0.0,1.0
245249,0,1,3400,-56,56,281,9.5,15,0.53,116448.000000,2,2.1,14,0.0,0.0,0.0,0.0,0.0,0.0,1.0
245498,0,1,3400,-56,56,283,8.9,13,0.59,116704.000000,2,2.1,14,0.0,0.0,0.0,0.0,0.0,0.0,1.0
245747,0,1,3400,-56,56,288,9.8,15,0.51,123968.000000,0,2.1,13,0.0,1312.000000,0,0.0,0.0,0.0,1.0
245996,0,1,3400,-56,56,286,9.4,15,0.59,137824.000000,1,2.1,5.6,0.0,8928.000000,44,0.0,0.0,0.0,1.0
246245,0,1,3400,-56,56,284,9.6,15,0.56,91520.000000,4,2.1,6.5,0.0,0.0,0.0,0.0,0.0,0.0,1.0
246494,0,1,3400,-56,56,281,8.6,15,0.52,103807.226562,0,2.1,6.5,0.0,0.0,0.0,0.0,0.0,0.0,1.0
246743,0,1,3400,-56,56,283,9.6,15,0.60,104414.343750,2,2.1,6.9,0.0,0.0,50,0.0,0.0,0.0,1.0
246992,0,1,3400,-56,56,282,11,14,0.71,141108.437500,8,2.1,14,0.0,0.0,100.000000,0.0,0.0,0.0,1.0
247241,0,1,3400,-56,56,286,9.1,15,0.60,129083.664062,2,2.1,14,0.0,0.0,0.0,0.0,0.0,0.0,1.0
247490,0,1,3400,-56,56,288,9.5,15,0.58,153024.000000,3,2.1,14,0.0,0.0,0.0,0.0,0.0,0.0,1.0
247739,0,1,3400,-56,56,286,8.9,14,0.54,132736.000000,3,2.1,14,0.0,5536.000000,0,0.0,0.0,0.0,1.0
247988,0,1,3400,-56,56,287,9.0,15,0.50,102400.000000,0,2.1,1.5,0.0,6848.000000,50,0.0,0.0,0.0,1.0
248237,0,1,3400,-56,56,283,9.4,15,0.57,160096.000000,4,2.1,0.0,0.0,0.0,0.0,0.0,0.0,0.0,1.0
248486,0,1,3400,-56,56,281,9.3,15,0.51,102176.000000,2,2.1,0.0,0.0,0.0,0.0,0.0,0.0,0.0,1.0
248735,0,1,3400,-56,56,281,8.8,15,0.57,122560.000000,3,2.1,0.0,20,0.0,50,0.0,0.0,0.0,1.0
248984,0,1,3400,-56,56,279,8.9,16,0.52,91887.546875,0,2.1,0.0,0.0,8000.000000,0,0.0,0.0,0.0,1.0
249233,0,1,3400,-56,56,282,9.1,14,0.54,128288.000000,4,2.1,0.0,0.0,0.0,0.0,0.0,0.0,0.0,1.0
249482,0,1,3400,-56,56,285,13,15,0.51,93737.054688,2,2.1,0.0,0.0,0.0,0.0,0.0,0.0,0.0,1.0
249731,0,1,3400,-56,56,281,9.0,14,0.78,142496.000000,5,2.1,0.0,186,0.0,0.0,0.0,0.0,0.0,1.0
249980,0,1,3400,-56,56,287,9.1,15,0.53,135488.000000,0,2.1,11,0.0,24000.000000,0,0.0,0.0,0.0,1.0
250229,0,1,3400,-56,56,286,8.3,16,0.50,125088.000000,0,2.1,12,0.0,0.0,0.0,0.0,0.0,0.0,1.0
250478,0,1,3400,-56,56,282,11,15,0.53,114816.000000,2,2.1,12,0.0,0.0,0.0,0.0,0.0,0.0,1.0
250727,0,1,3400,-56,56,278,10,15,0.58,139712.000000,3,2.1,12,0.0,0.0,0.0,0.0,0.0,0.0,1.0
250976,0,1,3400,-56,56,282,8.9,15,0.53,119389.554688,0,2.1,13,0.0,23582.330078,0,0.0,0.0,0.0,1.0
251225,0,1,3400,-56,56,285,9.1,15,0.51,151264.000000,0,2.1,14,0.0,0.0,0.0,0.0,0.0,0.0,1.0
251474,0,1,3400,-56,56,284,9.1,15,0.63,123474.101562,1,2.1,14,0.0,0.0,0.0,0.0,0.0,0.0,1.0
251723,0,1,3400,-56,56,284,9.4,16,0.50,129152.000000,0,2.1,13,0.0,17056.000000,0,0.0,0.0,0.0,1.0
251972,0,1,3400,-56,56,286,8.8,14,0.56,109472.000000,7,2.1,1.2,0.0,6976.000000,50,0.0,0.0,0.0,1.0
252221,0,1,3400,-56,56,285,9.2,15,0.51,114176.000000,0,2.1,0.0,0.0,0.0,0.0,0.0,0.0,0.0,1.0
252470,0,1,3400,-56,56,283,9.6,15,0.51,94624.000000,2,2.1,0.0,0.0,0.0,0.0,0.0,0.0,0.0,1.0
252719,0,1,3400,-56,56,281,9.5,15,0.50,118496.000000,0,2.1,0.0,0.0,1312.000000,0,0.0,0.0,0.0,1.0
252968,0,1,3400,-56,56,281,9.6,15,0.50,116080.320312,0,2.1,0.0,0.0,12080.321289,17,0.0,0.0,0.0,1.0
253217,0,1,3400,-56,56,277,9.1,15,0.53,93418.328125,4,2.1,0.0,0.0,0.0,0.0,0.0,0.0,0.0,1.0
253466,0,1,3400,-56,56,282,8.8,14,0.51,116401.609375,2,2.1,0.0,0.0,0.0,0.0,0.0,0.0,0.0,1.0
253715,0,1,3400,-56,56,287,9.8,15,0.50,144924.296875,0,2.1,0.48,0.0,0.0,50,0.0,0.0,0.0,1.0
253964,0,1,3400,-56,56,281,9.3,15,0.50,136096.000000,0,2.1,7.5,0.0,0.0,100.000000,0.0,0.0,0.0,1.0
254213,0,1,3400,-56,56,281,10,15,0.52,126752.000000,2,2.1,7.4,0.0,0.0,0.0,0.0,0.0,0.0,1.0
254462,0,1,3400,-56,56,283,9.6,14,0.67,101344.000000,5,2.1,7.5,0.0,0.0,0.0,0.0,0.0,0.0,1.0
254711,0,1,3400,-56,56,280,9.3,15,0.60,73792.000000,5,2.1,7.5,186,0.0,0.0,0.0,0.0,0.0,1.0
254960,0,1,3400,-56,56,284,9.0,15,0.52,135678.718750,1,2.1,7.5,20,5558.232910,33,0.0,0.0,0.0,1.0
255209,0,1,3400,-56,56,284,9.7,15,0.50,133960.156250,0,2.1,5.8,0.0,7298.804688,36,0.0,0.0,0.0,1.0
255458,0,1,3400,-56,56,285,8.9,15,0.51,94650.601562,2,2.1,0.0,0.0,0.0,0.0,0.0,0.0,0.0,1.0
255707,0,1,3400,-56,56,282,9.6,15,0.72,127648.000000,1,2.1,0.46,0.0,17056.000000,0,0.0,0.0,0.0,1.0
255956,0,1,3400,-56,56,287,8.9,15,0.50,124717.132812,0,2.1,1.2,0.0,6948.207031,50,0.0,0.0,0.0,1.0
256205,0,1,3400,-56,56,288,8.5,15,0.52,117728.000000,2,2.1,0.0,0.0,0.0,0.0,0.0,0.0,0.0,1.0
256454,0,1,3400,-56,56,286,8.9,15,0.60,131808.000000,6,2.1,0.0,0.0,0.0,0.0,0.0,0.0,0.0,1.0
256703,0,1,3400,-56,56,284,9.0,14,0.60,84288.000000,2,2.1,0.14,0.0,5536.000000,0,0.0,0.0,0.0,1.0
256952,0,1,3400,-56,56,287,9.3,15,0.53,118200.804688,2,2.1,12,0.0,10088.353516,0,0.0,0.0,0.0,1.0
257201,0,1,3400,-56,56,287,8.9,15,0.57,150944.000000,1,2.1,12,0.0,0.0,0.0,0.0,0.0,0.0,1.0
257450,0,1,3400,-56,56,290,9.1,15,0.68,101408.000000,5,2.1,12,0.0,0.0,0.0,0.0,0.0,0.0,1.0
257699,0,1,3400,-56,56,283,9.5,14,0.74,105504.000000,6,2.1,13,0.0,17056.000000,0,0.0,0.0,0.0,1.0
257948,0,1,3400,-56,56,284,9.4,16,0.50,166820.718750,0,2.1,13,0.0,6406.374512,0,0.0,0.0,0.0,1.0
258197,0,1,3400,-56,56,284,9.2,14,0.68,97984.000000,5,2.1,14,0.0,0.0,0.0,0.0,0.0,0.0,1.0
258446,0,1,3400,-56,56,281,9.4,15,0.50,132768.000000,0,2.1,14,0.0,0.0,0.0,0.0,0.0,0.0,1.0
258695,0,1,3400,-56,56,280,9.6,15,0.52,94432.000000,2,2.1,14,0.0,17056.000000,0,0.0,0.0,0.0,1.0
258944,0,1,3400,-56,56,278,9.4,15,0.50,144384.000000,0,2.1,14,0.0,6432.000000,0,0.0,0.0,0.0,1.0
259193,0,1,3400,-56,56,283,8.3,15,0.60,98208.000000,4,2.1,14,0.0,0.0,0.0,0.0,0.0,0.0,1.0
259442,0,1,3400,-56,56,284,11,16,0.51,142489.953125,0,2.1,13,0.0,0.0,0.0,0.0,0.0,0.0,1.0
259691,0,1,3400,-56,56,282,11,15,0.71,141984.000000,4,2.1,14,186,0.0,0.0,0.0,0.0,0.0,1.0
259940,0,1,3400,-56,56,282,9.3,15,0.58,123456.000000,0,2.1,14,0.0,23488.000000,0,0.0,0.0,0.0,1.0
260189,0,1,3400,-56,56,282,9.8,15,0.66,98422.312500,4,2.1,14,0.0,0.0,0.0,0.0,0.0,0.0,1.0
260438,0,1,3400,-56,56,280,9.3,15,0.58,117024.000000,2,2.1,14,0.0,0.0,0.0,0.0,0.0,0.0,1.0
260687,0,1,3400,-56,56,282,10.0,15,0.92,63968.000000,6,2.1,14,0.0,17056.000000,0,0.0,0.0,0.0,1.0
260936,0,1,3400,-56,56,285,8.8,15,0.50,94976.000000,0,2.1,1.5,0.0,6848.000000,50,0.0,0.0,0.0,1.0
261185,0,1,3400,-56,56,282,8.9,15,0.64,109792.000000,5,2.1,0.0,0.0,0.0,0.0,0.0,0.0,0.0,1.0
261434,0,1,3400,-56,56,283,10.0,15,0.59,131341.359375,6,2.1,0.0,0.0,0.0,0.0,0.0,0.0,0.0,1.0
261683,0,1,3400,-56,56,285,9.6,15,0.50,134976.000000,0,2.1,0.0,20,0.0,50,0.0,0.0,0.0,1.0
261932,0,1,3400,-56,56,284,10,15,0.51,116160.000000,2,2.1,0.0,0.0,8192.000000,0,0.0,0.0,0.0,1.0
262181,0,1,3400,-56,56,284,9.7,15,0.52,130272.000000,0,2.1,0.0,0.0,0.0,0.0,0.0,0.0,0.0,1.0
262430,0,1,3400,-56,56,286,9.2,15,0.62,121370.515625,2,2.1,0.0,0.0,0.0,0.0,0.0,0.0,0.0,1.0
262679,0,1,3400,-56,56,283,8.8,15,0.51,84640.000000,2,2.1,0.14,0.0,5536.000000,0,0.0,0.0,0.0,1.0
262928,0,1,3400,-56,56,284,9.0,15,0.58,178560.000000,3,2.1,0.67,0.0,6976.000000,50,0.0,0.0,0.0,1.0
263177,0,1,3400,-56,56,276,9.4,15,0.54,97152.000000,6,2.1,0.0,0.0,0.0,0.0,0.0,0.0,0.0,1.0
263426,0,1,3400,-56,56,281,9.4,15,0.53,154120.484375,1,2.1,0.0,0.0,0.0,0.0,0.0,0.0,0.0,1.0
263675,0,1,3400,-56,56,282,9.9,15,0.51,123808.000000,1,2.1,0.0,0.0,1312.000000,0,0.0,0.0,0.0,1.0
263924,0,1,3400,-56,56,283,9.2,14,0.61,159616.000000,1,2.1,0.0,0.0,6880.000000,0,0.0,0.0,0.0,1.0
264173,0,1,3400,-56,56,284,8.6,14,0.53,154784.000000,1,2.1,0.0,0.0,0.0,0.0,0.0,0.0,0.0,1.0
264422,0,1,3400,-56,56,286,8.7,14,0.53,132928.000000,3,2.1,0.0,0.0,0.0,0.0,0.0,0.0,0.0,1.0
264671,0,1,3400,-56,56,284,8.8,15,0.64,90804.781250,6,2.1,0.22,0.0,2007.968140,0,0.0,0.0,0.0,1.0
264920,0,1,3400,-56,56,280,8.5,15,0.50,118560.000000,0,2.1,1.3,0.0,6880.000000,62,0.0,0.0,0.0,1.0
265169,0,1,3400,-56,56,277,8.6,15,0.62,109248.000000,3,2.1,0.0,0.0,0.0,0.0,0.0,0.0,0.0,1.0
265418,0,1,3400,-56,56,281,7.5,16,0.50,70112.000000,0,2.1,0.0,0.0,0.0,0.0,0.0,0.0,0.0,1.0
265667,0,1,3400,-56,56,285,9.9,15,0.50,115136.000000,0,2.1,0.14,0.0,5536.000000,0,0.0,0.0,0.0,1.0
265916,0,1,3400,-56,56,286,9.0,15,0.56,109815.257812,6,2.1,12,0.0,10088.353516,0,0.0,0.0,0.0,1.0
266165,0,1,3400,-56,56,288,8.9,15,0.71,105312.000000,4,2.1,12,0.0,0.0,0.0,0.0,0.0,0.0,1.0
266414,0,1,3400,-56,56,285,10,15,0.54,97440.000000,4,2.1,12,0.0,0.0,0.0,0.0,0.0,0.0,1.0
266663,0,1,3400,-56,56,285,8.8,15,0.51,95681.273438,0,2.1,13,0.0,16988.046875,0,0.0,0.0,0.0,1.0
266912,0,1,3400,-56,56,282,9.1,15,0.56,130624.000000,1,2.1,14,0.0,6432.000000,0,0.0,0.0,0.0,1.0
267161,0,1,3400,-56,56,283,8.5,15,0.51,84160.000000,2,2.1,14,0.0,0.0,0.0,0.0,0.0,0.0,1.0
267410,0,1,3400,-56,56,282,9.2,15,0.59,158624.000000,2,2.1,14,0.0,0.0,0.0,0.0,0.0,0.0,1.0
267660,0,1,3400,-56,56,282,8.9,15,0.53,104512.000000,3,2.1,14,0.0,0.0,50,0.0,0.0,0.0,1.0
267909,0,1,3400,-56,56,284,11,15,1.0,90955.820312,10,2.1,15,0.0,0.0,100.000000,0.0,0.0,0.0,1.0
268158,0,1,3400,-56,56,283,9.5,15,0.64,145152.000000,3,2.1,15,0.0,0.0,0.0,0.0,0.0,0.0,1.0
268407,0,1,3400,-56,56,288,8.9,15,0.51,113312.000000,0,2.1,15,0.0,0.0,0.0,0.0,0.0,0.0,1.0
268656,0,1,3400,-56,56,287,8.7,15,0.50,150240.000000,0,2.1,15,20,0.0,50,0.0,0.0,0.0,1.0
268905,0,1,3400,-56,56,278,9.0,14,0.51,107314.742188,0,2.1,0.060,0.0,7203.187012,0,0.0,0.0,0.0,1.0
269154,0,1,3400,-56,56,277,9.3,15,0.50,139584.000000,0,2.1,4.7,0.0,0.0,80,0.0,0.0,0.0,1.0
269403,0,1,3400,-56,56,278,9.7,15,0.55,128096.000000,2,2.1,7.5,0.0,0.0,0.0,0.0,0.0,0.0,1.0
269652,0,1,3400,-56,56,282,8.2,15,0.50,65024.000000,0,2.1,7.1,0.0,5536.000000,0,0.0,0.0,0.0,1.0
269901,0,1,3400,-56,56,287,10,15,0.57,107616.000000,0,2.1,5.9,0.0,6976.000000,62,0.0,0.0,0.0,1.0
270150,0,1,3400,-56,56,286,9.2,15,0.50,113413.656250,0,2.1,6.0,0.0,0.0,0.0,0.0,0.0,0.0,1.0
270399,0,1,3400,-56,56,284,10,15,0.50,93824.000000,0,2.1,6.0,0.0,0.0,0.0,0.0,0.0,0.0,1.0
270648,0,1,3400,-56,56,281,10,14,0.64,125856.000000,6,2.1,6.0,186,0.0,0.0,0.0,0.0,0.0,1.0
270897,0,1,3400,-56,56,284,10,16,0.50,112896.000000,0,2.1,0.82,0.0,12256.000000,0,0.0,0.0,0.0,1.0
271146,0,1,3400,-56,56,285,9.8,15,0.53,135107.562500,3,2.1,0.0,0.0,0.0,0.0,0.0,0.0,0.0,1.0
271395,0,1,3400,-56,56,284,10.0,15,0.55,138464.000000,1,2.1,0.0,0.0,0.0,0.0,0.0,0.0,0.0,1.0
271645,0,1,3400,-56,56,283,9.1,15,0.66,102272.000000,0,2.1,0.0,0.0,1312.000000,0,0.0,0.0,0.0,1.0
271894,0,1,3400,-56,56,282,8.8,15,0.75,145088.000000,5,2.1,0.0,0.0,6848.000000,0,0.0,0.0,0.0,1.0
272143,0,1,3400,-56,56,282,9.7,15,0.56,83968.000000,2,2.1,0.0,0.0,0.0,0.0,0.0,0.0,0.0,1.0
272392,0,1,3400,-56,56,284,8.8,15,0.62,94811.242188,2,2.1,0.0,0.0,0.0,0.0,0.0,0.0,0.0,1.0
272641,0,1,3400,-56,56,281,8.6,15,0.51,111360.000000,2,2.1,0.0,0.0,1312.000000,0,0.0,0.0,0.0,1.0
272890,0,1,3400,-56,56,282,8.7,15,0.51,195776.000000,0,2.1,0.0,0.0,6848.000000,0,0.0,0.0,0.0,1.0
273139,0,1,3400,-56,56,280,9.2,15,0.53,97216.000000,0,2.1,0.0,0.0,0.0,0.0,0.0,0.0,0.0,1.0
273388,0,1,3400,-56,56,276,9.4,15,0.56,106581.671875,0,2.1,0.0,0.0,0.0,0.0,0.0,0.0,0.0,1.0
273637,0,1,3400,-56,56,278,9.3,15,0.50,146816.000000,0,2.1,0.20,0.0,3104.000000,0,0.0,0.0,0.0,1.0
273886,0,1,3400,-56,56,282,11,15,0.54,102016.000000,0,2.1,14,0.0,3616.000000,80,0.0,0.0,0.0,1.0
274135,0,1,3400,-56,56,284,9.2,15,0.52,95104.000000,2,2.1,14,0.0,0.0,0.0,0.0,0.0,0.0,1.0
274384,0,1,3400,-56,56,285,10,15,0.57,128995.984375,5,2.1,14,0.0,0.0,0.0,0.0,0.0,0.0,1.0
274633,0,1,3400,-56,56,284,8.7,15,0.56,89536.000000,2,2.1,14,0.0,17056.000000,0,0.0,0.0,0.0,1.0
274882,0,1,3400,-56,56,285,9.1,15,0.50,134240.000000,0,2.1,1.6,0.0,6848.000000,50,0.0,0.0,0.0,1.0
275131,0,1,3400,-56,56,286,8.9,15,0.50,75584.000000,0,2.1,0.0,0.0,0.0,0.0,0.0,0.0,0.0,1.0
275380,0,1,3400,-56,56,281,11,15,0.82,112924.304688,11,2.1,0.0,0.0,0.0,0.0,0.0,0.0,0.0,1.0
275629,0,1,3400,-56,56,282,10,15,0.50,101504.000000,0,2.1,0.24,0.0,5536.000000,0,0.0,0.0,0.0,1.0
275878,0,1,3400,-56,56,286,8.4,15,0.54,84512.000000,2,2.1,1.1,0.0,6976.000000,73,0.0,0.0,0.0,1.0
276127,0,1,3400,-56,56,285,10,15,0.55,173718.875000,0,2.1,0.0,0.0,0.0,0.0,0.0,0.0,0.0,1.0
276376,0,1,3400,-56,56,283,10,15,0.53,88320.000000,4,2.1,0.0,0.0,0.0,0.0,0.0,0.0,0.0,1.0
276625,0,1,3400,-56,56,279,9.2,16,0.51,101984.000000,0,2.1,0.35,0.0,3104.000000,0,0.0,0.0,0.0,1.0
276874,0,1,3400,-56,56,280,8.5,15,0.51,128160.000000,1,2.1,20,0.0,3616.000000,80,0.0,0.0,0.0,1.0
277123,0,1,3400,-56,56,279,7.2,14,0.77,75200.000000,6,2.1,21,0.0,0.0,0.0,0.0,0.0,0.0,1.0
277372,0,1,3400,-56,56,280,8.9,16,0.51,134272.000000,0,2.1,21,0.0,0.0,0.0,0.0,0.0,0.0,1.0
277621,0,1,3400,-56,56,279,9.5,15,0.63,135521.906250,3,2.1,21,0.0,12398.406250,0,0.0,0.0,0.0,1.0
277870,0,1,3400,-56,56,279,9.8,15,0.50,160672.000000,0,2.1,12,0.0,6688.000000,0,0.0,0.0,0.0,1.0
278119,0,1,3400,-56,56,283,9.5,14,0.53,113728.000000,3,2.1,12,0.0,0.0,0.0,0.0,0.0,0.0,1.0
278368,0,1,3400,-56,56,284,9.5,14,0.60,152289.156250,3,2.1,12,0.0,0.0,0.0,0.0,0.0,0.0,1.0
278617,0,1,3400,-56,56,283,10,15,0.64,146231.078125,3,2.1,12,0.0,3601.593506,0,0.0,0.0,0.0,1.0
278866,0,1,3400,-56,56,285,9.8,15,0.50,108722.890625,0,2.1,1.5,0.0,6875.501953,50,0.0,0.0,0.0,1.0
279115,0,1,3400,-56,56,286,8.4,15,0.53,87328.000000,4,2.1,0.0,0.0,0.0,0.0,0.0,0.0,0.0,1.0
279364,0,1,3400,-56,56,282,10,15,0.57,117152.000000,2,2.1,0.0,0.0,0.0,0.0,0.0,0.0,0.0,1.0
279613,0,1,3400,-56,56,283,8.8,15,0.50,88608.000000,0,2.1,0.0,0.0,5536.000000,0,0.0,0.0,0.0,1.0
279862,0,1,3400,-56,56,284,9.5,15,0.50,121466.132812,0,2.1,0.0,0.0,6820.717285,0,0.0,0.0,0.0,1.0
280111,0,1,3400,-56,56,281,10,16,0.51,116832.000000,2,2.1,0.0,0.0,0.0,0.0,0.0,0.0,0.0,1.0
280360,0,1,3400,-56,56,279,9.9,15,0.71,54425.703125,7,2.1,0.0,0.0,0.0,0.0,0.0,0.0,0.0,1.0
280609,0,1,3400,-56,56,287,9.4,15,0.54,122400.000000,2,2.1,0.35,0.0,3104.000000,0,0.0,0.0,0.0,1.0
280858,0,1,3400,-56,56,290,10,15,0.50,96160.000000,0,2.1,16,0.0,189216.000000,67,0.0,0.0,0.0,1.0
281107,0,1,3400,-56,56,285,9.2,15,0.61,114304.000000,3,2.1,16,0.0,0.0,0.0,0.0,0.0,0.0,1.0
281356,0,1,3400,-56,56,280,9.8,14,0.50,145408.000000,0,2.1,16,0.0,0.0,0.0,0.0,0.0,0.0,1.0
281605,0,1,3400,-56,56,281,9.9,15,0.55,128928.000000,2,2.1,16,186,0.0,0.0,0.0,0.0,0.0,1.0
281854,0,1,3400,-56,56,286,11,15,0.89,65274.902344,3,2.1,16,0.0,124239.046875,43,0.0,0.0,0.0,1.0
282103,0,1,3400,-56,56,289,8.9,15,0.51,124672.000000,1,2.1,16,0.0,0.0,0.0,0.0,0.0,0.0,1.0
282352,0,1,3400,-56,56,287,9.5,15,0.51,118843.375000,0,2.1,16,0.0,0.0,0.0,0.0,0.0,0.0,1.0
282601,0,1,3400,-56,56,285,9.7,15,0.54,113274.898438,0,2.1,16,0.0,16988.046875,0,0.0,0.0,0.0,1.0
282850,0,1,3400,-56,56,282,9.5,15,0.61,117493.976562,5,2.1,14,0.0,6457.831543,0,0.0,0.0,0.0,1.0
283099,0,1,3400,-56,56,281,9.1,15,0.50,107232.000000,0,2.1,14,0.0,0.0,0.0,0.0,0.0,0.0,1.0
283348,0,1,3400,-56,56,285,9.3,15,0.70,125312.000000,7,2.1,14,0.0,0.0,0.0,0.0,0.0,0.0,1.0
283597,0,1,3400,-56,56,288,8.8,15,0.50,131136.000000,0,2.1,14,0.0,17056.000000,0,0.0,0.0,0.0,1.0
283846,0,1,3400,-56,56,278,9.1,15,0.54,132384.000000,2,2.1,14,0.0,6432.000000,0,0.0,0.0,0.0,1.0
284095,0,1,3400,-56,56,277,9.2,15,0.52,91346.617188,0,2.1,14,0.0,0.0,0.0,0.0,0.0,0.0,1.0
284344,0,1,3400,-56,56,283,8.8,14,0.59,117012.046875,2,2.1,14,0.0,0.0,0.0,0.0,0.0,0.0,1.0
284593,0,1,3400,-56,56,281,9.8,15,0.50,124334.664062,0,2.1,14,0.0,0.0,50,0.0,0.0,0.0,1.0
284842,0,1,3400,-56,56,283,8.9,15,0.50,129253.015625,0,2.1,14,0.0,0.0,100.000000,0.0,0.0,0.0,1.0
285091,0,1,3400,-56,56,285,8.8,15,0.51,125088.000000,0,2.1,14,0.0,0.0,0.0,0.0,0.0,0.0,1.0
285340,0,1,3400,-56,56,283,9.0,15,0.50,130528.000000,0,2.1,14,0.0,0.0,0.0,0.0,0.0,0.0,1.0
285589,0,1,3400,-56,56,279,11,15,0.50,78016.000000,0,2.1,13,0.0,1312.000000,0,0.0,0.0,0.0,1.0
285838,0,1,3400,-56,56,280,8.6,15,0.56,138720.000000,2,2.1,0.0,0.0,6880.000000,0,0.0,0.0,0.0,1.0
286087,0,1,3400,-56,56,279,8.2,15,0.51,96416.000000,2,2.1,0.0,0.0,0.0,0.0,0.0,0.0,0.0,1.0
286336,0,1,3400,-56,56,283,8.6,15,0.51,131697.218750,1,2.1,6.2,0.0,16988.046875,0,0.0,0.0,0.0,1.0
286586,0,1,3400,-56,56,281,9.8,15,0.50,96928.000000,0,2.1,7.5,186,0.0,0.0,0.0,0.0,0.0,1.0
286835,0,1,3400,-56,56,279,9.9,14,0.81,129734.937500,0,2.1,7.5,0.0,6425.702637,64,0.0,0.0,0.0,1.0
287084,0,1,3400,-56,56,286,9.8,15,0.70,126112.000000,2,2.1,7.5,0.0,0.0,0.0,0.0,0.0,0.0,1.0
287333,0,1,3400,-56,56,285,10,15,0.54,109760.000000,2,2.1,7.5,0.0,0.0,0.0,0.0,0.0,0.0,1.0
287582,0,1,3400,-56,56,278,9.0,15,0.50,70560.000000,0,2.1,7.6,0.0,3104.000000,0,0.0,0.0,0.0,1.0
287831,0,1,3400,-56,56,281,9.8,15,0.51,129408.000000,0,2.1,1.6,0.0,6688.000000,64,0.0,0.0,0.0,1.0
288080,0,1,3400,-56,56,284,8.8,15,0.53,116928.000000,2,2.1,0.0,0.0,0.0,0.0,0.0,0.0,0.0,1.0
288329,0,1,3400,-56,56,284,9.3,14,0.52,99968.000000,2,2.1,0.0,0.0,0.0,0.0,0.0,0.0,0.0,1.0
288578,0,1,3400,-56,56,279,12,15,0.52,87617.531250,2,2.1,0.14,0.0,5513.944336,0,0.0,0.0,0.0,1.0
288827,0,1,3400,-56,56,279,9.0,14,0.50,134912.000000,0,2.1,0.67,0.0,6848.000000,50,0.0,0.0,0.0,1.0
289076,0,1,3400,-56,56,285,9.1,15,0.51,62848.000000,3,2.1,0.0,0.0,0.0,0.0,0.0,0.0,0.0,1.0
289325,0,1,3400,-56,56,284,8.9,15,0.52,169124.500000,1,2.1,0.0,0.0,0.0,0.0,0.0,0.0,0.0,1.0
289574,0,1,3400,-56,56,285,9.2,16,0.52,122816.000000,2,2.1,0.14,0.0,5536.000000,0,0.0,0.0,0.0,1.0
289823,0,1,3400,-56,56,281,9.0,15,0.61,123520.000000,1,2.1,6.0,0.0,6976.000000,62,0.0,0.0,0.0,1.0
290072,0,1,3400,-56,56,277,9.3,15,0.50,118592.000000,0,2.1,6.0,0.0,0.0,0.0,0.0,0.0,0.0,1.0
290321,0,1,3400,-56,56,278,9.1,16,0.52,96288.000000,0,2.1,6.0,0.0,0.0,0.0,0.0,0.0,0.0,1.0
290570,0,1,3400,-56,56,285,9.5,15,0.50,144860.562500,0,2.1,6.0,0.0,5513.944336,0,0.0,0.0,0.0,1.0
290819,0,1,3400,-56,56,283,9.8,15,0.52,148576.000000,1,2.1,11,0.0,10560.000000,0,0.0,0.0,0.0,1.0
291068,0,1,3400,-56,56,284,8.8,15,0.53,126464.000000,2,2.1,12,0.0,0.0,0.0,0.0,0.0,0.0,1.0
291317,0,1,3400,-56,56,286,9.8,15,0.62,148851.406250,3,2.1,12,0.0,0.0,0.0,0.0,0.0,0.0,1.0
291566,0,1,3400,-56,56,283,9.5,15,0.51,150400.000000,1,2.1,12,186,0.0,0.0,0.0,0.0,0.0,1.0
291815,0,1,3400,-56,56,284,9.3,15,0.60,155584.000000,3,2.1,10,0.0,24000.000000,0,0.0,0.0,0.0,1.0
292064,0,1,3400,-56,56,283,8.4,15,0.50,124128.000000,0,2.1,10,0.0,0.0,0.0,0.0,0.0,0.0,1.0
292313,0,1,3400,-56,56,287,8.6,15,0.52,126112.000000,0,2.1,10,0.0,0.0,0.0,0.0,0.0,0.0,1.0
292562,0,1,3400,-56,56,289,8.4,16,0.60,120928.000000,3,2.1,10,186,0.0,0.0,0.0,0.0,0.0,1.0
292811,0,1,3400,-56,56,290,10.0,15,0.52,113051.789062,0,2.1,13,0.0,23394.421875,0,0.0,0.0,0.0,1.0
293060,0,1,3400,-56,56,282,9.0,15,0.62,132704.000000,5,2.1,14,0.0,0.0,0.0,0.0,0.0,0.0,1.0
293309,0,1,3400,-56,56,282,9.9,15,0.52,149943.781250,0,2.1,14,0.0,0.0,0.0,0.0,0.0,0.0,1.0
293558,0,1,3400,-56,56,280,8.8,15,0.84,138432.000000,3,2.1,14,0.0,0.0,50,0.0,0.0,0.0,1.0
293807,0,1,3400,-56,56,281,9.8,15,0.56,159328.000000,1,2.1,15,0.0,0.0,100.000000,0.0,0.0,0.0,1.0
294056,0,1,3400,-56,56,286,9.7,15,0.50,107104.000000,0,2.1,15,0.0,0.0,0.0,0.0,0.0,0.0,1.0
294305,0,1,3400,-56,56,281,11,15,0.61,104896.000000,4,2.1,15,0.0,0.0,0.0,0.0,0.0,0.0,1.0
294554,0,1,3400,-56,56,284,9.0,15,0.58,145248.000000,1,2.1,14,0.0,3488.000000,0,0.0,0.0,0.0,1.0
294803,0,1,3400,-56,56,284,9.1,15,0.60,112032.000000,5,2.1,6.9,0.0,19424.000000,0,0.0,0.0,0.0,1.0
295052,0,1,3400,-56,56,282,9.1,16,0.54,111617.531250,0,2.1,7.0,0.0,0.0,0.0,0.0,0.0,0.0,1.0
295301,0,1,3400,-56,56,286,8.9,15,0.51,124960.000000,0,2.1,7.0,0.0,0.0,0.0,0.0,0.0,0.0,1.0
295550,0,1,3400,-56,56,284,8.3,14,0.59,140832.000000,4,2.1,7.4,0.0,17056.000000,0,0.0,0.0,0.0,1.0
295799,0,1,3400,-56,56,281,9.3,15,0.52,155244.984375,1,2.1,1.5,0.0,6875.501953,56,0.0,0.0,0.0,1.0
296048,0,1,3400,-56,56,279,9.2,15,0.61,114048.000000,4,2.1,0.0,0.0,0.0,0.0,0.0,0.0,0.0,1.0
296297,0,1,3400,-56,56,280,10,15,0.60,128992.000000,2,2.1,0.0,0.0,0.0,0.0,0.0,0.0,0.0,1.0
296546,0,1,3400,-56,56,282,8.0,15,0.52,123936.000000,1,2.1,0.62,0.0,17056.000000,0,0.0,0.0,0.0,1.0
296795,0,1,3400,-56,56,286,8.3,15,0.56,103872.000000,3,2.1,13,0.0,6432.000000,0,0.0,0.0,0.0,1.0
297044,0,1,3400,-56,56,281,9.2,14,0.70,154932.265625,6,2.1,14,0.0,0.0,0.0,0.0,0.0,0.0,1.0
297293,0,1,3400,-56,56,284,8.7,15,0.51,157440.000000,0,2.1,14,0.0,0.0,0.0,0.0,0.0,0.0,1.0
297542,0,1,3400,-56,56,287,9.2,14,0.81,130592.000000,6,2.1,14,186,0.0,0.0,0.0,0.0,0.0,1.0
297791,0,1,3400,-56,56,285,11,15,0.52,105253.015625,0,2.1,15,0.0,0.0,80,0.0,0.0,0.0,1.0
298040,0,1,3400,-56,56,283,9.7,15,0.58,110880.000000,2,2.1,15,0.0,0.0,0.0,0.0,0.0,0.0,1.0
298289,0,1,3400,-56,56,282,10,15,0.50,107424.000000,0,2.1,15,0.0,0.0,0.0,0.0,0.0,0.0,1.0
298538,0,1,3400,-56,56,279,9.4,15,0.56,148320.000000,1,2.1,15,20,0.0,50,0.0,0.0,0.0,1.0
298787,0,1,3400,-56,56,279,9.4,15,0.51,80704.000000,0,2.1,0.30,0.0,8000.000000,14,0.0,0.0,0.0,1.0
299036,0,1,3400,-56,56,281,11,15,0.58,95264.000000,2,2.1,0.0,0.0,0.0,0.0,0.0,0.0,0.0,1.0
299285,0,1,3400,-56,56,285,7.8,14,0.60,104832.000000,5,2.1,0.0,0.0,0.0,0.0,0.0,0.0,0.0,1.0
299534,0,1,3400,-56,56,286,8.8,15,0.51,107888.445312,0,2.1,0.60,0.0,16988.046875,0,0.0,0.0,0.0,1.0
299783,0,1,3400,-56,56,286,9.1,15,0.51,155084.343750,1,2.1,1.3,0.0,7004.016113,50,0.0,0.0,0.0,1.0
300032,0,1,3400,-56,56,285,10,14,0.85,84096.000000,7,2.1,0.0,0.0,0.0,0.0,0.0,0.0,0.0,1.0
300281,0,1,3400,-56,56,287,8.7,15,0.53,75424.000000,2,2.1,0.0,0.0,0.0,0.0,0.0,0.0,0.0,1.0
300530,0,1,3400,-56,56,288,8.5,15,0.60,114240.000000,2,2.1,0.12,0.0,5536.000000,0,0.0,0.0,0.0,1.0
300779,0,1,3400,-56,56,284,12,15,0.57,102080.000000,0,2.1,12,0.0,22560.000000,61,0.0,0.0,0.0,1.0
301028,0,1,3400,-56,56,277,9.5,14,0.79,161664.000000,6,2.1,0.0,0.0,0.0,0.0,0.0,0.0,0.0,1.0
301277,0,1,3400,-56,56,279,10,15,0.50,91968.000000,0,2.1,0.0,0.0,0.0,0.0,0.0,0.0,0.0,1.0
301526,0,1,3400,-56,56,282,8.8,15,0.53,156015.937500,2,2.1,0.45,40,0.0,50,0.0,0.0,0.0,1.0
301775,0,1,3400,-56,56,280,9.2,15,0.54,167100.406250,0,2.1,8.0,40,0.0,100.000000,0.0,0.0,0.0,1.0
302024,0,1,3400,-56,56,277,9.5,15,0.50,106900.398438,0,2.1,5.0,0.0,11760.956055,48,0.0,0.0,0.0,1.0
302273,0,1,3400,-56,56,276,9.5,15,0.58,99148.593750,11,2.1,0.0,0.0,0.0,0.0,0.0,0.0,0.0,1.0
302522,0,1,3400,-56,56,278,9.7,15,0.56,154112.000000,5,2.1,0.0,0.0,5536.000000,0,0.0,0.0,0.0,1.0
302771,0,1,3400,-56,56,284,10,15,0.50,129024.000000,0,2.1,5.6,0.0,14464.000000,40,0.0,0.0,0.0,1.0
303020,0,1,3400,-56,56,280,8.8,15,0.50,82080.000000,0,2.1,6.5,0.0,0.0,0.0,0.0,0.0,0.0,1.0
303269,0,1,3400,-56,56,284,9.9,15,0.50,107584.000000,0,2.1,6.5,0.0,0.0,0.0,0.0,0.0,0.0,1.0
303518,0,1,3400,-56,56,280,9.8,15,0.52,123744.000000,0,2.1,6.6,0.0,16544.000000,0,0.0,0.0,0.0,1.0
303767,0,1,3400,-56,56,279,10,15,0.54,105440.000000,2,2.1,6.7,0.0,6848.000000,56,0.0,0.0,0.0,1.0
304016,0,1,3400,-56,56,279,9.6,16,0.51,128576.000000,0,2.1,6.0,0.0,0.0,0.0,0.0,0.0,0.0,1.0
304265,0,1,3400,-56,56,285,11,15,0.60,122368.000000,5,2.1,6.0,0.0,0.0,0.0,0.0,0.0,0.0,1.0
304514,0,1,3400,-56,56,286,10,15,0.71,118944.000000,6,2.1,5.9,0.0,5536.000000,0,0.0,0.0,0.0,1.0
304763,0,1,3400,-56,56,284,10,15,0.58,101344.000000,4,2.1,0.0,0.0,10848.000000,20,0.0,0.0,0.0,1.0
305012,0,1,3400,-56,56,280,9.0,15,0.50,134976.000000,0,2.1,0.0,0.0,0.0,0.0,0.0,0.0,0.0,1.0
305261,0,1,3400,-56,56,283,9.2,15,0.50,129472.000000,0,2.1,0.0,0.0,0.0,0.0,0.0,0.0,0.0,1.0
305510,0,1,3400,-56,56,284,8.8,15,0.82,88864.000000,2,2.1,0.080,0.0,5536.000000,0,0.0,0.0,0.0,1.0
305759,0,1,3400,-56,56,281,9.2,15,0.58,162240.000000,2,2.1,1.9,0.0,14784.000000,33,0.0,0.0,0.0,1.0
306008,0,1,3400,-56,56,286,9.3,15,0.55,97243.031250,2,2.1,0.0,0.0,0.0,0.0,0.0,0.0,0.0,1.0
306257,0,1,3400,-56,56,286,9.0,15,0.60,124883.531250,2,2.1,0.0,0.0,0.0,0.0,0.0,0.0,0.0,1.0
306506,0,1,3400,-56,56,283,9.8,16,0.52,81120.000000,0,2.1,0.0,0.0,1312.000000,0,0.0,0.0,0.0,1.0
306755,0,1,3400,-56,56,281,9.1,14,0.53,85664.000000,4,2.1,0.0,0.0,6880.000000,0,0.0,0.0,0.0,1.0
307004,0,1,3400,-56,56,282,9.5,15,0.52,95840.000000,2,2.1,0.0,0.0,0.0,0.0,0.0,0.0,0.0,1.0
307253,0,1,3400,-56,56,280,9.3,15,0.61,110912.000000,2,2.1,0.0,0.0,0.0,0.0,0.0,0.0,0.0,1.0
307502,0,1,3400,-56,56,278,8.6,14,0.67,171168.000000,5,2.1,0.0,0.0,0.0,0.0,0.0,0.0,0.0,1.0
307751,0,1,3400,-56,56,279,9.4,15,0.50,172800.000000,0,2.1,0.82,0.0,7200.000000,36,0.0,0.0,0.0,1.0
308000,0,1,3400,-56,56,284,8.7,16,0.51,128892.429688,0,2.1,0.0,0.0,0.0,0.0,0.0,0.0,0.0,1.0
308249,0,1,3400,-56,56,281,8.8,15,0.56,112546.187500,5,2.1,0.0,0.0,0.0,0.0,0.0,0.0,0.0,1.0
308498,0,1,3400,-56,56,280,9.0,14,0.71,103264.000000,4,2.1,0.0,0.0,1312.000000,0,0.0,0.0,0.0,1.0
308747,0,1,3400,-56,56,281,9.9,15,0.58,124352.000000,6,2.1,0.0,0.0,6848.000000,0,0.0,0.0,0.0,1.0
308996,0,1,3400,-56,56,287,8.8,15,0.63,123392.000000,3,2.1,0.0,0.0,0.0,0.0,0.0,0.0,0.0,1.0
309245,0,1,3400,-56,56,285,11,15,0.53,162080.000000,2,2.1,0.0,0.0,0.0,0.0,0.0,0.0,0.0,1.0
309494,0,1,3400,-56,56,281,9.9,15,0.69,107744.000000,4,2.1,0.0,186,0.0,0.0,0.0,0.0,0.0,1.0
309743,0,1,3400,-56,56,280,10.0,15,0.54,129152.000000,0,2.1,0.0,0.0,7904.000000,0,0.0,0.0,0.0,1.0
309992,0,1,3400,-56,56,283,9.0,15,0.50,75840.000000,0,2.1,0.0,0.0,0.0,0.0,0.0,0.0,0.0,1.0
310241,0,1,3400,-56,56,287,8.7,15,0.71,124736.000000,3,2.1,0.0,0.0,0.0,0.0,0.0,0.0,0.0,1.0
310490,0,1,3400,-56,56,285,10,15,0.54,120924.304688,2,2.1,0.056,0.0,0.0,50,0.0,0.0,0.0,1.0
310739,0,1,3400,-56,56,279,8.1,15,0.50,110650.601562,0,2.1,1.0,0.0,0.0,100.000000,0.0,0.0,0.0,1.0
310988,0,1,3400,-56,56,278,9.3,15,0.60,147616.000000,3,2.1,1.0,0.0,0.0,0.0,0.0,0.0,0.0,1.0
311237,0,1,3400,-56,56,279,9.9,15,0.50,97600.000000,0,2.1,1.0,0.0,0.0,0.0,0.0,0.0,0.0,1.0
311486,0,1,3400,-56,56,280,8.4,15,0.64,122528.000000,2,2.1,1.0,186,0.0,0.0,0.0,0.0,0.0,1.0
311735,0,1,3400,-56,56,281,9.0,15,0.50,113280.000000,0,2.1,0.14,0.0,8064.000000,0,0.0,0.0,0.0,1.0
311984,0,1,3400,-56,56,281,9.0,14,0.51,144896.000000,0,2.1,0.0,0.0,0.0,0.0,0.0,0.0,0.0,1.0
312233,0,1,3400,-56,56,280,10,15,0.54,171936.000000,0,2.1,0.0,0.0,0.0,0.0,0.0,0.0,0.0,1.0
312482,0,1,3400,-56,56,281,8.9,15,0.58,94629.484375,2,2.1,0.12,0.0,5513.944336,0,0.0,0.0,0.0,1.0
312731,0,1,3400,-56,56,289,9.1,15,0.52,154666.671875,1,2.1,5.0,0.0,10987.952148,0,0.0,0.0,0.0,1.0
312980,0,1,3400,-56,56,285,10,16,0.54,102016.000000,0,2.1,5.0,0.0,0.0,0.0,0.0,0.0,0.0,1.0
313229,0,1,3400,-56,56,287,8.7,15,0.50,103040.000000,0,2.1,5.0,0.0,0.0,0.0,0.0,0.0,0.0,1.0
313478,0,1,3400,-56,56,280,8.7,15,0.57,95360.000000,2,2.1,5.1,0.0,0.0,50,0.0,0.0,0.0,1.0
313727,0,1,3400,-56,56,282,9.1,15,0.51,134752.000000,0,2.1,7.5,0.0,0.0,100.000000,0.0,0.0,0.0,1.0
313976,0,1,3400,-56,56,287,8.7,15,0.55,159712.000000,1,2.1,7.5,0.0,0.0,0.0,0.0,0.0,0.0,1.0
314225,0,1,3400,-56,56,285,11,15,0.57,81344.000000,10,2.1,7.5,0.0,0.0,0.0,0.0,0.0,0.0,1.0
314474,0,1,3400,-56,56,279,11,15,0.64,91442.234375,0,2.1,7.1,0.0,1306.772949,0,0.0,0.0,0.0,1.0
314723,0,1,3400,-56,56,279,9.7,15,0.51,118457.828125,2,2.1,0.0,0.0,6875.501953,0,0.0,0.0,0.0,1.0
314972,0,1,3400,-56,56,287,12,15,0.76,119328.000000,5,2.1,0.0,0.0,0.0,0.0,0.0,0.0,0.0,1.0
315221,0,1,3400,-56,56,282,9.6,15,0.58,153376.000000,1,2.1,0.0,0.0,0.0,0.0,0.0,0.0,0.0,1.0
315470,0,1,3400,-56,56,279,9.7,15,0.50,108000.000000,0,2.1,0.0,0.0,1312.000000,0,0.0,0.0,0.0,1.0
315719,0,1,3400,-56,56,281,9.6,15,0.50,97888.000000,0,2.1,0.0,0.0,6848.000000,33,0.0,0.0,0.0,1.0
315968,0,1,3400,-56,56,285,9.3,15,0.51,89504.000000,2,2.1,0.0,0.0,0.0,0.0,0.0,0.0,0.0,1.0
316217,0,1,3400,-56,56,283,9.2,14,0.52,148896.000000,1,2.1,0.0,0.0,0.0,0.0,0.0,0.0,0.0,1.0
316466,0,1,3400,-56,56,286,9.4,15,0.53,134656.000000,3,2.1,0.12,0.0,5536.000000,0,0.0,0.0,0.0,1.0
316715,0,1,3400,-56,56,285,9.5,16,0.50,144223.109375,0,2.1,0.56,0.0,6948.207031,50,0.0,0.0,0.0,1.0
316964,0,1,3400,-56,56,286,9.3,15,0.57,131040.000000,3,2.1,0.0,0.0,0.0,0.0,0.0,0.0,0.0,1.0
317213,0,1,3400,-56,56,288,8.8,15,0.60,116819.273438,2,2.1,0.0,0.0,0.0,0.0,0.0,0.0,0.0,1.0
317462,0,1,3400,-56,56,286,9.1,14,0.51,150784.000000,0,2.1,0.0,186,0.0,0.0,0.0,0.0,0.0,1.0
317711,0,1,3400,-56,56,287,8.7,15,0.52,104576.000000,2,2.1,0.68,0.0,12384.000000,46,0.0,0.0,0.0,1.0
317960,0,1,3400,-56,56,287,8.9,15,0.54,92448.000000,0,2.1,0.0,0.0,0.0,0.0,0.0,0.0,0.0,1.0
318209,0,1,3400,-56,56,281,10,16,0.51,91104.000000,2,2.1,0.0,0.0,0.0,0.0,0.0,0.0,0.0,1.0
318458,0,1,3400,-56,56,281,9.4,14,0.50,75040.000000,0,2.1,0.0,0.0,0.0,0.0,0.0,0.0,0.0,1.0
318707,0,1,3400,-56,56,283,10.0,15,0.54,132896.000000,1,2.1,0.82,0.0,12512.000000,36,0.0,0.0,0.0,1.0
318956,0,1,3400,-56,56,279,9.5,15,0.54,136764.937500,0,2.1,0.0,0.0,0.0,0.0,0.0,0.0,0.0,1.0
319205,0,1,3400,-56,56,279,9.7,15,0.51,87646.585938,0,2.1,0.0,0.0,0.0,0.0,0.0,0.0,0.0,1.0
319454,0,1,3400,-56,56,278,10,15,0.52,129856.000000,0,2.1,0.0,0.0,1312.000000,0,0.0,0.0,0.0,1.0
319703,0,1,3400,-56,56,282,10,15,0.53,109152.000000,4,2.1,1.1,0.0,13312.000000,50,0.0,0.0,0.0,1.0
319952,0,1,3400,-56,56,283,9.8,14,0.51,105504.000000,2,2.1,0.0,0.0,0.0,0.0,0.0,0.0,0.0,1.0
320201,0,1,3400,-56,56,281,10,15,0.50,96800.000000,0,2.1,0.0,0.0,0.0,0.0,0.0,0.0,0.0,1.0
320450,0,1,3400,-56,56,284,8.5,15,0.50,102976.000000,0,2.1,0.0,0.0,5536.000000,0,0.0,0.0,0.0,1.0
320699,0,1,3400,-56,56,280,11,15,0.50,86080.000000,0,2.1,0.0,0.0,6848.000000,0,0.0,0.0,0.0,1.0
320948,0,1,3400,-56,56,279,9.9,15,0.57,132768.000000,1,2.1,0.0,0.0,0.0,0.0,0.0,0.0,0.0,1.0
321197,0,1,3400,-56,56,279,9.1,15,0.51,130016.000000,0,2.1,0.0,0.0,0.0,0.0,0.0,0.0,0.0,1.0
321446,0,1,3400,-56,56,283,9.7,15,0.53,161696.000000,0,2.1,0.0,0.0,5536.000000,0,0.0,0.0,0.0,1.0
321695,0,1,3400,-56,56,284,8.9,15,0.53,118304.000000,4,2.1,0.0,0.0,6848.000000,0,0.0,0.0,0.0,1.0
321944,0,1,3400,-56,56,279,9.5,15,0.57,151296.000000,3,2.1,0.0,0.0,0.0,0.0,0.0,0.0,0.0,1.0
322193,0,1,3400,-56,56,276,10,16,0.51,124640.000000,0,2.1,0.0,0.0,0.0,0.0,0.0,0.0,0.0,1.0
322442,0,1,3400,-56,56,281,10,15,0.50,108224.000000,0,2.1,0.42,0.0,0.0,50,0.0,0.0,0.0,1.0
322691,0,1,3400,-56,56,283,8.7,15,0.50,139968.000000,0,2.1,6.5,0.0,0.0,100.000000,0.0,0.0,0.0,1.0
322940,0,1,3400,-56,56,282,8.9,15,0.51,108064.000000,0,2.1,6.5,0.0,0.0,0.0,0.0,0.0,0.0,1.0
323189,0,1,3400,-56,56,282,9.1,15,0.50,113408.000000,0,2.1,6.5,0.0,0.0,0.0,0.0,0.0,0.0,1.0
323438,0,1,3400,-56,56,284,9.2,15,0.54,129280.000000,0,2.1,6.2,0.0,5536.000000,0,0.0,0.0,0.0,1.0
323687,0,1,3400,-56,56,281,12,15,0.50,86368.000000,0,2.1,0.67,0.0,6976.000000,50,0.0,0.0,0.0,1.0
323936,0,1,3400,-56,56,281,9.4,15,0.51,89088.000000,2,2.1,0.0,0.0,0.0,0.0,0.0,0.0,0.0,1.0
324185,0,1,3400,-56,56,281,9.5,15,0.58,137824.000000,2,2.1,0.0,0.0,0.0,0.0,0.0,0.0,0.0,1.0
324434,0,1,3400,-56,56,281,9.6,15,0.50,103104.000000,0,2.1,0.52,0.0,17056.000000,0,0.0,0.0,0.0,1.0
324683,0,1,3400,-56,56,288,9.1,15,0.51,140896.000000,0,2.1,14,0.0,6432.000000,0,0.0,0.0,0.0,1.0
324932,0,1,3400,-56,56,286,9.4,16,0.50,144576.000000,0,2.1,14,0.0,0.0,0.0,0.0,0.0,0.0,1.0
325181,0,1,3400,-56,56,283,9.4,14,0.54,101408.000000,5,2.1,14,0.0,0.0,0.0,0.0,0.0,0.0,1.0
325430,0,1,3400,-56,56,285,8.6,14,0.70,121184.000000,3,2.1,13,0.0,17056.000000,0,0.0,0.0,0.0,1.0
325679,0,1,3400,-56,56,282,9.3,14,0.50,86176.000000,0,2.1,13,0.0,6720.000000,0,0.0,0.0,0.0,1.0
325928,0,1,3400,-56,56,282,10,16,0.51,73472.000000,2,2.1,13,0.0,0.0,0.0,0.0,0.0,0.0,1.0
326177,0,1,3400,-56,56,279,8.4,15,0.71,115776.000000,3,2.1,13,0.0,0.0,80,0.0,0.0,0.0,1.0
326426,0,1,3400,-56,56,286,9.2,15,0.62,94304.000000,4,2.1,13,0.0,5536.000000,0,0.0,0.0,0.0,1.0
326675,0,1,3400,-56,56,284,9.2,15,0.50,134336.000000,0,2.1,10,0.0,10304.000000,0,0.0,0.0,0.0,1.0
326924,0,1,3400,-56,56,281,9.1,15,0.50,96960.000000,0,2.1,10,0.0,0.0,0.0,0.0,0.0,0.0,1.0
327173,0,1,3400,-56,56,280,11,16,0.50,75136.000000,0,2.1,10,0.0,0.0,0.0,0.0,0.0,0.0,1.0
327422,0,1,3400,-56,56,286,10,15,0.56,145600.000000,0,2.1,11,40,0.0,50,0.0,0.0,0.0,1.0
327671,0,1,3400,-56,56,279,9.7,15,0.57,177216.000000,0,2.1,12,40,0.0,100.000000,0.0,0.0,0.0,1.0
327920,0,1,3400,-56,56,281,10,15,0.56,91872.000000,0,2.1,4.7,0.0,7104.000000,0,0.0,0.0,0.0,1.0
328169,0,1,3400,-56,56,281,8.9,14,0.84,95808.000000,10,2.1,0.0,0.0,0.0,0.0,0.0,0.0,0.0,1.0
328418,0,1,3400,-56,56,282,9.0,15,0.54,91808.000000,2,2.1,0.0,186,0.0,0.0,0.0,0.0,0.0,1.0
328667,0,1,3400,-56,56,287,9.2,15,0.51,146144.000000,0,2.1,0.82,0.0,12512.000000,36,0.0,0.0,0.0,1.0
328916,0,1,3400,-56,56,283,11,15,0.50,118464.000000,0,2.1,0.0,0.0,0.0,0.0,0.0,0.0,0.0,1.0
329165,0,1,3400,-56,56,279,9.2,15,0.51,103072.000000,0,2.1,0.0,0.0,0.0,0.0,0.0,0.0,0.0,1.0
329414,0,1,3400,-56,56,283,9.4,16,0.50,128352.000000,0,2.1,0.0,0.0,1312.000000,0,0.0,0.0,0.0,1.0
329663,0,1,3400,-56,56,282,8.8,15,0.50,90720.000000,0,2.1,0.0,0.0,6848.000000,50,0.0,0.0,0.0,1.0
329912,0,1,3400,-56,56,281,8.9,15,0.50,82880.000000,0,2.1,0.0,0.0,0.0,0.0,0.0,0.0,0.0,1.0
330161,0,1,3400,-56,56,283,9.1,15,0.59,115072.000000,2,2.1,0.0,0.0,0.0,0.0,0.0,0.0,0.0,1.0
330410,0,1,3400,-56,56,279,9.3,16,0.52,136032.000000,0,2.1,0.0,0.0,1312.000000,0,0.0,0.0,0.0,1.0
330659,0,1,3400,-56,56,280,11,15,0.53,103424.000000,4,2.1,0.0,0.0,10880.000000,17,0.0,0.0,0.0,1.0
330908,0,1,3400,-56,56,278,9.9,15,0.51,150528.000000,0,2.1,0.0,0.0,0.0,0.0,0.0,0.0,0.0,1.0
331157,0,1,3400,-56,56,282,8.3,15,0.50,75424.000000,0,2.1,0.0,0.0,0.0,0.0,0.0,0.0,0.0,1.0
331406,0,1,3400,-56,56,284,9.7,15,0.50,129792.000000,0,2.1,0.19,0.0,6432.000000,0,0.0,0.0,0.0,1.0
331655,0,1,3400,-56,56,288,11,15,0.54,100096.000000,6,2.1,16,0.0,218208.000000,69,0.0,0.0,0.0,1.0
331904,0,1,3400,-56,56,284,9.5,16,0.50,118176.000000,0,2.1,16,0.0,0.0,0.0,0.0,0.0,0.0,1.0
332153,0,1,3400,-56,56,281,11,15,0.80,122528.000000,3,2.1,16,0.0,0.0,0.0,0.0,0.0,0.0,1.0
332402,0,1,3400,-56,56,281,10,14,0.72,117696.000000,6,2.1,15,0.0,1312.000000,0,0.0,0.0,0.0,1.0
332651,0,1,3400,-56,56,281,9.1,15,0.51,142656.000000,0,2.1,1.1,0.0,13312.000000,50,0.0,0.0,0.0,1.0
332900,0,1,3400,-56,56,278,8.5,14,0.54,118752.000000,0,2.1,0.0,0.0,0.0,0.0,0.0,0.0,0.0,1.0
333149,0,1,3400,-56,56,284,9.7,14,0.53,97696.000000,0,2.1,0.0,0.0,0.0,0.0,0.0,0.0,0.0,1.0
333398,0,1,3400,-56,56,285,9.3,14,0.57,141344.000000,3,2.1,0.0,0.0,5536.000000,0,0.0,0.0,0.0,1.0
333647,0,1,3400,-56,56,280,10,15,0.61,131232.000000,1,2.1,0.0,0.0,6976.000000,0,0.0,0.0,0.0,1.0
333896,0,1,3400,-56,56,281,10,15,0.50,124704.000000,0,2.1,0.0,0.0,0.0,0.0,0.0,0.0,0.0,1.0
334145,0,1,3400,-56,56,280,10.0,14,0.56,90976.000000,8,2.1,0.0,0.0,0.0,0.0,0.0,0.0,0.0,1.0
334394,0,1,3400,-56,56,279,9.0,14,0.69,133408.000000,1,2.1,0.0,0.0,1312.000000,0,0.0,0.0,0.0,1.0
334643,0,1,3400,-56,56,277,8.7,15,0.50,64768.000000,0,2.1,0.0,0.0,6848.000000,33,0.0,0.0,0.0,1.0
334892,0,1,3400,-56,56,279,9.5,15,0.63,107552.000000,4,2.1,0.0,0.0,0.0,0.0,0.0,0.0,0.0,1.0
335141,0,1,3400,-56,56,286,9.0,14,0.51,116384.000000,2,2.1,0.0,0.0,0.0,0.0,0.0,0.0,0.0,1.0
335390,0,1,3400,-56,56,285,9.0,14,0.73,132864.000000,1,2.1,0.12,0.0,5536.000000,0,0.0,0.0,0.0,1.0
335639,0,1,3400,-56,56,285,9.6,15,0.55,154560.000000,2,2.1,10,0.0,12384.000000,44,0.0,0.0,0.0,1.0
335888,0,1,3400,-56,56,281,11,15,0.59,130336.000000,4,2.1,11,0.0,0.0,0.0,0.0,0.0,0.0,1.0
336137,0,1,3400,-56,56,279,9.4,15,0.50,118688.000000,0,2.1,11,0.0,0.0,0.0,0.0,0.0,0.0,1.0
336386,0,1,3400,-56,56,286,9.7,16,0.50,144992.000000,0,2.1,11,186,0.0,0.0,0.0,0.0,0.0,1.0
336635,0,1,3400,-56,56,281,9.1,15,0.56,122272.000000,2,2.1,13,0.0,0.0,80,0.0,0.0,0.0,1.0
336884,0,1,3400,-56,56,280,9.2,15,0.55,123904.000000,3,2.1,14,0.0,0.0,0.0,0.0,0.0,0.0,1.0
337133,0,1,3400,-56,56,286,9.3,15,0.50,91744.000000,0,2.1,14,0.0,0.0,0.0,0.0,0.0,0.0,1.0
337382,0,1,3400,-56,56,283,9.3,14,0.57,120544.000000,3,2.1,14,0.0,0.0,0.0,0.0,0.0,0.0,1.0
337631,0,1,3400,-56,56,283,9.9,15,0.50,167232.000000,0,2.1,3.8,0.0,11936.000000,0,0.0,0.0,0.0,1.0
337880,0,1,3400,-56,56,281,11,15,0.57,108384.000000,4,2.1,0.0,0.0,0.0,0.0,0.0,0.0,0.0,1.0
338129,0,1,3400,-56,56,282,8.4,15,0.50,92064.000000,0,2.1,0.0,0.0,0.0,0.0,0.0,0.0,0.0,1.0
338378,0,1,3400,-56,56,288,10,15,0.65,110976.000000,2,2.1,0.48,0.0,0.0,50,0.0,0.0,0.0,1.0
338627,0,1,3400,-56,56,287,9.9,16,0.50,102624.000000,0,2.1,7.5,0.0,0.0,100.000000,0.0,0.0,0.0,1.0
338876,0,1,3400,-56,56,284,8.7,14,0.52,111008.000000,2,2.1,7.5,0.0,0.0,0.0,0.0,0.0,0.0,1.0
339125,0,1,3400,-56,56,277,11,15,0.54,112768.000000,0,2.1,7.5,0.0,0.0,0.0,0.0,0.0,0.0,1.0
339374,0,1,3400,-56,56,281,9.0,15,0.52,126848.000000,1,2.1,7.2,0.0,5536.000000,0,0.0,0.0,0.0,1.0
339623,0,1,3400,-56,56,278,11,15,0.51,150464.000000,0,2.1,5.0,0.0,14432.000000,53,0.0,0.0,0.0,1.0
339872,0,1,3400,-56,56,278,11,15,0.52,97280.000000,0,2.1,0.0,0.0,0.0,0.0,0.0,0.0,0.0,1.0
340121,0,1,3400,-56,56,274,11,15,0.53,148896.000000,2,2.1,0.0,0.0,0.0,0.0,0.0,0.0,0.0,1.0
340370,0,1,3400,-56,56,280,9.6,15,0.53,121312.000000,2,2.1,0.096,0.0,5536.000000,0,0.0,0.0,0.0,1.0
340619,0,1,3400,-56,56,283,9.6,15,0.50,48416.000000,0,2.1,4.7,0.0,14688.000000,53,0.0,0.0,0.0,1.0
340868,0,1,3400,-56,56,282,9.5,15,0.57,78944.000000,7,2.1,0.0,0.0,0.0,0.0,0.0,0.0,0.0,1.0
341117,0,1,3400,-56,56,283,9.2,15,0.50,97120.000000,0,2.1,0.0,0.0,0.0,0.0,0.0,0.0,0.0,1.0
341366,0,1,3400,-56,56,282,9.9,16,0.50,96384.000000,0,2.1,0.0,0.0,1312.000000,0,0.0,0.0,0.0,1.0
341615,0,1,3400,-56,56,284,9.0,14,0.67,139776.000000,5,2.1,0.0,0.0,6848.000000,33,0.0,0.0,0.0,1.0
341864,0,1,3400,-56,56,282,9.3,15,0.56,92768.000000,2,2.1,0.0,0.0,0.0,0.0,0.0,0.0,0.0,1.0
342113,0,1,3400,-56,56,284,8.4,14,0.51,83936.000000,2,2.1,0.0,0.0,0.0,0.0,0.0,0.0,0.0,1.0
342362,0,1,3400,-56,56,280,9.9,16,0.50,134496.000000,0,2.1,0.14,0.0,5536.000000,0,0.0,0.0,0.0,1.0
342611,0,1,3400,-56,56,280,8.7,15,0.50,80704.000000,0,2.1,0.67,0.0,6848.000000,50,0.0,0.0,0.0,1.0
342860,0,1,3400,-56,56,285,9.9,15,0.50,120064.000000,0,2.1,0.0,0.0,0.0,0.0,0.0,0.0,0.0,1.0
343109,0,1,3400,-56,56,283,10,15,0.57,116896.000000,4,2.1,0.0,0.0,0.0,0.0,0.0,0.0,0.0,1.0
343358,0,1,3400,-56,56,285,9.0,15,0.56,92448.000000,0,2.1,0.0,20,0.0,50,0.0,0.0,0.0,1.0
343607,0,1,3400,-56,56,277,9.9,15,0.74,128832.000000,3,2.1,0.0,0.0,8192.000000,0,0.0,0.0,0.0,1.0
343856,0,1,3400,-56,56,272,9.7,15,0.51,154432.000000,1,2.1,0.0,0.0,0.0,0.0,0.0,0.0,0.0,1.0
344105,0,1,3400,-56,56,278,9.3,15,0.50,156672.000000,0,2.1,0.0,0.0,0.0,0.0,0.0,0.0,0.0,1.0
344354,0,1,3400,-56,56,286,9.7,15,0.51,122048.000000,2,2.1,0.53,0.0,17056.000000,0,0.0,0.0,0.0,1.0
344603,0,1,3400,-56,56,283,10,16,0.50,139808.000000,0,2.1,14,0.0,6528.000000,0,0.0,0.0,0.0,1.0
344852,0,1,3400,-56,56,280,8.7,15,0.50,89408.000000,0,2.1,14,0.0,0.0,0.0,0.0,0.0,0.0,1.0
345101,0,1,3400,-56,56,283,8.9,15,0.81,117536.000000,11,2.1,14,0.0,0.0,0.0,0.0,0.0,0.0,1.0
345350,0,1,3400,-56,56,281,9.6,15,0.50,124512.000000,0,2.1,14,0.0,0.0,50,0.0,0.0,0.0,1.0
345599,0,1,3400,-56,56,283,9.3,15,0.51,139040.000000,0,2.1,14,0.0,0.0,100.000000,0.0,0.0,0.0,1.0
345848,0,1,3400,-56,56,281,9.5,15,0.50,113536.000000,0,2.1,14,0.0,0.0,0.0,0.0,0.0,0.0,1.0
346097,0,1,3400,-56,56,282,11,15,0.53,139520.000000,3,2.1,14,0.0,0.0,0.0,0.0,0.0,0.0,1.0
346346,0,1,3400,-56,56,286,10,15,0.51,96544.000000,0,2.1,14,0.0,3104.000000,0,0.0,0.0,0.0,1.0
346595,0,1,3400,-56,56,281,11,15,0.51,75776.000000,0,2.1,16,0.0,250272.000000,63,0.0,0.0,0.0,1.0
346844,0,1,3400,-56,56,282,9.6,16,0.50,91872.000000,0,2.1,16,0.0,0.0,0.0,0.0,0.0,0.0,1.0
347093,0,1,3400,-56,56,280,7.9,15,0.52,103840.000000,0,2.1,16,0.0,0.0,0.0,0.0,0.0,0.0,1.0
347342,0,1,3400,-56,56,275,9.9,16,0.64,105600.000000,2,2.1,15,0.0,5536.000000,0,0.0,0.0,0.0,1.0
347591,0,1,3400,-56,56,277,8.6,15,0.53,159008.000000,2,2.1,0.56,0.0,6976.000000,50,0.0,0.0,0.0,1.0
347840,0,1,3400,-56,56,285,8.8,16,0.50,96960.000000,0,2.1,0.0,0.0,0.0,0.0,0.0,0.0,0.0,1.0
348089,0,1,3400,-56,56,286,9.2,15,0.55,135008.000000,0,2.1,0.0,0.0,0.0,0.0,0.0,0.0,0.0,1.0
348338,0,1,3400,-56,56,284,11,16,0.57,147968.000000,3,2.1,0.096,0.0,5536.000000,0,0.0,0.0,0.0,1.0
348587,0,1,3400,-56,56,279,9.9,15,0.53,138976.000000,1,2.1,0.48,0.0,6848.000000,56,0.0,0.0,0.0,1.0
348836,0,1,3400,-56,56,280,11,15,0.71,62432.000000,3,2.1,0.0,0.0,0.0,0.0,0.0,0.0,0.0,1.0
349085,0,1,3400,-56,56,281,8.9,15,0.50,92512.000000,0,2.1,0.0,0.0,0.0,0.0,0.0,0.0,0.0,1.0
349334,0,1,3400,-56,56,286,10,15,0.86,120448.000000,6,2.1,0.0,0.0,1312.000000,0,0.0,0.0,0.0,1.0
349583,0,1,3400,-56,56,282,9.5,15,0.51,61568.000000,0,2.1,0.0,0.0,6688.000000,0,0.0,0.0,0.0,1.0
349832,0,1,3400,-56,56,281,9.7,15,0.51,109024.000000,2,2.1,0.0,0.0,0.0,0.0,0.0,0.0,0.0,1.0
350081,0,1,3400,-56,56,287,8.4,14,0.52,104992.000000,2,2.1,0.0,0.0,0.0,0.0,0.0,0.0,0.0,1.0
350330,0,1,3400,-56,56,284,10,15,0.50,124288.000000,0,2.1,0.62,0.0,17056.000000,0,0.0,0.0,0.0,1.0
350579,0,1,3400,-56,56,284,8.7,15,0.62,113440.000000,6,2.1,14,0.0,6432.000000,0,0.0,0.0,0.0,1.0
350828,0,1,3400,-56,56,281,9.9,15,0.51,105376.000000,2,2.1,14,0.0,0.0,0.0,0.0,0.0,0.0,1.0
351077,0,1,3400,-56,56,277,9.6,15,0.64,115456.000000,2,2.1,14,0.0,0.0,0.0,0.0,0.0,0.0,1.0
351326,0,1,3400,-56,56,284,8.9,15,0.53,71744.000000,5,2.1,14,0.0,0.0,50,0.0,0.0,0.0,1.0
351575,0,1,3400,-56,56,285,9.7,15,0.68,106400.000000,5,2.1,15,0.0,0.0,100.000000,0.0,0.0,0.0,1.0
351824,0,1,3400,-56,56,281,8.6,15,0.51,128352.000000,1,2.1,15,0.0,0.0,0.0,0.0,0.0,0.0,1.0
352073,0,1,3400,-56,56,280,9.7,15,0.61,136448.000000,3,2.1,15,0.0,0.0,0.0,0.0,0.0,0.0,1.0
352322,0,1,3400,-56,56,281,9.7,14,0.57,99168.000000,4,2.1,15,186,0.0,0.0,0.0,0.0,0.0,1.0
352571,0,1,3400,-56,56,279,9.2,15,0.50,102784.000000,0,2.1,8.4,0.0,16768.000000,31,0.0,0.0,0.0,1.0
352820,0,1,3400,-56,56,281,9.5,15,0.54,132544.000000,0,2.1,0.0,0.0,0.0,0.0,0.0,0.0,0.0,1.0
353069,0,1,3400,-56,56,283,8.8,15,0.51,97088.000000,0,2.1,0.0,0.0,0.0,0.0,0.0,0.0,0.0,1.0
353318,0,1,3400,-56,56,284,10,15,0.74,129696.000000,6,2.1,0.0,186,0.0,0.0,0.0,0.0,0.0,1.0
353567,0,1,3400,-56,56,283,9.0,14,0.55,136640.000000,3,2.1,12,0.0,23488.000000,0,0.0,0.0,0.0,1.0
353816,0,1,3400,-56,56,284,8.9,14,0.58,135872.000000,3,2.1,14,0.0,0.0,0.0,0.0,0.0,0.0,1.0
354065,0,1,3400,-56,56,281,10,15,0.51,146240.000000,0,2.1,14,0.0,0.0,0.0,0.0,0.0,0.0,1.0
354314,0,1,3400,-56,56,283,9.2,15,0.50,134368.000000,0,2.1,13,120,0.0,50,0.0,0.0,0.0,1.0
354563,0,1,3400,-56,56,280,9.8,15,0.51,112544.000000,2,2.1,12,120,2336.000000,67,0.0,0.0,0.0,1.0
354812,0,1,3400,-56,56,278,9.0,15,0.52,133504.000000,2,2.1,6.4,0.0,18688.000000,44,0.0,0.0,0.0,1.0
355061,0,1,3400,-56,56,276,10,15,0.52,86432.000000,0,2.1,0.0,0.0,0.0,0.0,0.0,0.0,0.0,1.0
355310,0,1,3400,-56,56,280,9.2,15,0.58,142400.000000,1,2.1,0.0,0.0,5536.000000,0,0.0,0.0,0.0,1.0
355559,0,1,3400,-56,56,283,8.8,15,0.57,105600.000000,2,2.1,0.0,0.0,6848.000000,0,0.0,0.0,0.0,1.0
355808,0,1,3400,-56,56,275,9.4,14,0.74,138880.000000,4,2.1,0.0,0.0,0.0,0.0,0.0,0.0,0.0,1.0
356057,0,1,3400,-56,56,274,8.7,15,0.53,137920.000000,1,2.1,0.0,0.0,0.0,0.0,0.0,0.0,0.0,1.0
356306,0,1,3400,-56,56,280,9.0,15,0.50,112704.000000,0,2.1,0.0,0.0,5536.000000,0,0.0,0.0,0.0,1.0
356555,0,1,3400,-56,56,281,8.6,15,0.74,136832.000000,3,2.1,0.0,0.0,6720.000000,0,0.0,0.0,0.0,1.0
356804,0,1,3400,-56,56,280,9.2,14,0.93,117280.000000,2,2.1,0.0,0.0,0.0,0.0,0.0,0.0,0.0,1.0
357053,0,1,3400,-56,56,283,9.5,15,0.51,150208.000000,0,2.1,0.0,0.0,0.0,0.0,0.0,0.0,0.0,1.0
357302,0,1,3400,-56,56,281,8.5,14,0.51,130624.000000,0,2.1,0.62,0.0,17056.000000,0,0.0,0.0,0.0,1.0
357551,0,1,3400,-56,56,281,9.6,15,0.56,119680.000000,3,2.1,1.5,0.0,6976.000000,50,0.0,0.0,0.0,1.0
357800,0,1,3400,-56,56,279,9.3,15,0.50,139200.000000,0,2.1,0.0,0.0,0.0,0.0,0.0,0.0,0.0,1.0
358049,0,1,3400,-56,56,284,10,15,0.56,147840.000000,3,2.1,0.0,0.0,0.0,0.0,0.0,0.0,0.0,1.0
358298,0,1,3400,-56,56,288,10,14,0.53,103936.000000,4,2.1,0.040,0.0,8864.000000,0,0.0,0.0,0.0,1.0
358547,0,1,3400,-56,56,280,11,15,0.54,98208.000000,4,2.1,0.0,0.0,6848.000000,0,0.0,0.0,0.0,1.0
358796,0,1,3400,-56,56,280,8.8,14,0.53,93952.000000,4,2.1,0.0,0.0,0.0,0.0,0.0,0.0,0.0,1.0
359045,0,1,3400,-56,56,285,9.1,15,0.50,134112.000000,0,2.1,0.0,0.0,0.0,0.0,0.0,0.0,0.0,1.0
359294,0,1,3400,-56,56,283,7.7,15,0.56,139520.000000,1,2.1,0.48,0.0,0.0,50,0.0,0.0,0.0,1.0
359543,0,1,3400,-56,56,280,8.7,15,0.61,113216.000000,3,2.1,7.5,0.0,0.0,100.000000,0.0,0.0,0.0,1.0
359792,0,1,3400,-56,56,282,9.8,15,0.84,118784.000000,3,2.1,7.5,0.0,0.0,0.0,0.0,0.0,0.0,1.0
360041,0,1,3400,-56,56,282,8.9,14,0.56,118560.000000,0,2.1,7.5,0.0,0.0,0.0,0.0,0.0,0.0,1.0
360290,0,1,3400,-56,56,276,8.4,14,0.52,108576.000000,0,2.1,7.5,186,0.0,0.0,0.0,0.0,0.0,1.0
360539,0,1,3400,-56,56,277,7.8,15,0.50,91456.000000,0,2.1,1.0,0.0,8160.000000,17,0.0,0.0,0.0,1.0
360788,0,1,3400,-56,56,280,9.5,15,0.58,173120.000000,0,2.1,0.0,0.0,0.0,0.0,0.0,0.0,0.0,1.0
361037,0,1,3400,-56,56,280,8.9,15,0.54,108000.000000,0,2.1,0.0,0.0,0.0,0.0,0.0,0.0,0.0,1.0
361286,0,1,3400,-56,56,283,11,15,0.50,96512.000000,0,2.1,0.30,0.0,3104.000000,0,0.0,0.0,0.0,1.0
361535,0,1,3400,-56,56,280,9.1,14,0.50,99648.000000,0,2.1,6.9,0.0,80064.000000,45,0.0,0.0,0.0,1.0
361784,0,1,3400,-56,56,281,8.4,15,0.51,92928.000000,2,2.1,7.0,0.0,0.0,0.0,0.0,0.0,0.0,1.0
362033,0,1,3400,-56,56,281,9.2,15,0.54,76704.000000,8,2.1,7.0,0.0,0.0,0.0,0.0,0.0,0.0,1.0
362282,0,1,3400,-56,56,279,9.3,15,0.53,65504.000000,0,2.1,6.6,0.0,1312.000000,0,0.0,0.0,0.0,1.0
362531,0,1,3400,-56,56,277,9.0,15,0.50,140032.000000,0,2.1,0.0,0.0,6848.000000,33,0.0,0.0,0.0,1.0
362780,0,1,3400,-56,56,283,8.7,15,0.56,130432.000000,3,2.1,0.0,0.0,0.0,0.0,0.0,0.0,0.0,1.0
363029,0,1,3400,-56,56,285,9.6,15,0.50,124352.000000,0,2.1,0.0,0.0,0.0,0.0,0.0,0.0,0.0,1.0
363278,0,1,3400,-56,56,280,8.8,15,0.56,124032.000000,0,2.1,0.0,0.0,5536.000000,0,0.0,0.0,0.0,1.0
363527,0,1,3400,-56,56,278,8.5,14,0.81,111616.000000,2,2.1,0.0,0.0,6720.000000,0,0.0,0.0,0.0,1.0
363776,0,1,3400,-56,56,283,9.7,15,0.50,81152.000000,0,2.1,0.0,0.0,0.0,0.0,0.0,0.0,0.0,1.0
364025,0,1,3400,-56,56,282,9.6,15,0.50,129440.000000,0,2.1,0.0,0.0,0.0,0.0,0.0,0.0,0.0,1.0
364274,0,1,3400,-56,56,277,8.7,15,0.63,121888.000000,2,2.1,0.0,186,0.0,0.0,0.0,0.0,0.0,1.0
364523,0,1,3400,-56,56,277,12,15,0.50,134272.000000,0,2.1,0.0,0.0,12128.000000,0,0.0,0.0,0.0,1.0
364772,0,1,3400,-56,56,281,9.3,16,0.50,177984.000000,0,2.1,0.0,0.0,0.0,0.0,0.0,0.0,0.0,1.0
365021,0,1,3400,-56,56,281,9.8,15,0.50,69600.000000,0,2.1,0.0,0.0,0.0,0.0,0.0,0.0,0.0,1.0
365270,0,1,3400,-56,56,281,9.8,15,0.53,78784.000000,5,2.1,0.44,0.0,17056.000000,0,0.0,0.0,0.0,1.0
365519,0,1,3400,-56,56,282,8.9,15,0.50,135808.000000,0,2.1,0.72,0.0,12128.000000,38,0.0,0.0,0.0,1.0
365768,0,1,3400,-56,56,279,8.8,15,0.50,96704.000000,0,2.1,0.0,0.0,0.0,0.0,0.0,0.0,0.0,1.0
366017,0,1,3400,-56,56,275,9.2,15,0.51,102624.000000,0,2.1,0.0,0.0,0.0,0.0,0.0,0.0,0.0,1.0
366266,0,1,3400,-56,56,281,9.0,15,0.51,117952.000000,0,2.1,0.18,0.0,8864.000000,0,0.0,0.0,0.0,1.0
366515,0,1,3400,-56,56,277,9.7,15,0.50,106464.000000,0,2.1,6.0,0.0,6944.000000,0,0.0,0.0,0.0,1.0
366764,0,1,3400,-56,56,279,8.9,15,0.56,141312.000000,1,2.1,6.0,0.0,0.0,0.0,0.0,0.0,0.0,1.0
367013,0,1,3400,-56,56,281,10,15,1.0,110368.000000,2,2.1,6.0,0.0,0.0,0.0,0.0,0.0,0.0,1.0
367262,0,1,3400,-56,56,283,9.1,15,0.50,91712.000000,0,2.1,6.4,0.0,17056.000000,0,0.0,0.0,0.0,1.0
367511,0,1,3400,-56,56,281,8.5,16,0.53,86368.000000,0,2.1,1.6,0.0,6848.000000,50,0.0,0.0,0.0,1.0
367760,0,1,3400,-56,56,278,9.9,15,0.50,144544.000000,0,2.1,0.0,0.0,0.0,0.0,0.0,0.0,0.0,1.0
368009,0,1,3400,-56,56,276,9.5,14,0.54,139072.000000,1,2.1,0.0,0.0,0.0,0.0,0.0,0.0,0.0,1.0
368258,0,1,3400,-56,56,281,10,15,0.50,113504.000000,0,2.1,0.14,0.0,5536.000000,0,0.0,0.0,0.0,1.0
368507,0,1,3400,-56,56,279,9.4,15,0.54,97088.000000,0,2.1,12,0.0,10048.000000,0,0.0,0.0,0.0,1.0
368756,0,1,3400,-56,56,281,9.4,15,0.57,127168.000000,2,2.1,12,0.0,0.0,0.0,0.0,0.0,0.0,1.0
369005,0,1,3400,-56,56,284,8.7,15,0.57,107744.000000,2,2.1,12,0.0,0.0,0.0,0.0,0.0,0.0,1.0
369254,0,1,3400,-56,56,277,8.0,15,0.53,111200.000000,2,2.1,13,0.0,17056.000000,0,0.0,0.0,0.0,1.0
369503,0,1,3400,-56,56,283,8.6,15,0.50,103584.000000,0,2.1,14,0.0,6432.000000,0,0.0,0.0,0.0,1.0
369752,0,1,3400,-56,56,280,9.1,15,0.50,102432.000000,0,2.1,14,0.0,0.0,0.0,0.0,0.0,0.0,1.0
370001,0,1,3400,-56,56,281,9.5,16,0.50,107808.000000,0,2.1,14,0.0,0.0,0.0,0.0,0.0,0.0,1.0
370250,0,1,3400,-56,56,280,9.4,15,0.52,124416.000000,0,2.1,14,0.0,17056.000000,0,0.0,0.0,0.0,1.0
370499,0,1,3400,-56,56,277,12,15,0.51,101952.000000,0,2.1,14,0.0,6432.000000,0,0.0,0.0,0.0,1.0
370748,0,1,3400,-56,56,279,11,16,0.53,107456.000000,0,2.1,14,0.0,0.0,0.0,0.0,0.0,0.0,1.0
370997,0,1,3400,-56,56,284,9.1,15,0.57,141792.000000,5,2.1,14,0.0,0.0,0.0,0.0,0.0,0.0,1.0
371246,0,1,3400,-56,56,282,11,15,0.51,100352.000000,2,2.1,14,186,0.0,0.0,0.0,0.0,0.0,1.0
371495,0,1,3400,-56,56,281,9.8,15,0.52,86336.000000,0,2.1,14,0.0,23488.000000,0,0.0,0.0,0.0,1.0
371744,0,1,3400,-56,56,276,9.4,15,0.50,123904.000000,0,2.1,14,0.0,0.0,0.0,0.0,0.0,0.0,1.0
371993,0,1,3400,-56,56,277,9.5,15,0.50,177568.000000,0,2.1,14,0.0,0.0,0.0,0.0,0.0,0.0,1.0
372242,0,1,3400,-56,56,279,11,15,0.50,136128.000000,0,2.1,14,0.0,17056.000000,0,0.0,0.0,0.0,1.0
372491,0,1,3400,-56,56,281,9.4,15,0.56,122240.000000,3,2.1,14,0.0,6432.000000,0,0.0,0.0,0.0,1.0
372740,0,1,3400,-56,56,286,9.4,15,0.50,131296.000000,0,2.1,14,0.0,0.0,0.0,0.0,0.0,0.0,1.0
372989,0,1,3400,-56,56,281,9.4,15,0.52,114464.000000,2,2.1,14,0.0,0.0,0.0,0.0,0.0,0.0,1.0
373238,0,1,3400,-56,56,280,9.9,15,0.57,123808.000000,4,2.1,13,0.0,16544.000000,0,0.0,0.0,0.0,1.0
373487,0,1,3400,-56,56,281,10,15,0.78,142848.000000,1,2.1,1.4,0.0,6848.000000,50,0.0,0.0,0.0,1.0
373736,0,1,3400,-56,56,284,9.3,15,0.67,90304.000000,2,2.1,0.0,0.0,0.0,0.0,0.0,0.0,0.0,1.0
373985,0,1,3400,-56,56,278,9.7,15,0.75,109856.000000,2,2.1,0.0,0.0,0.0,0.0,0.0,0.0,0.0,1.0
374234,0,1,3400,-56,56,283,10,15,0.58,124352.000000,3,2.1,0.22,0.0,2016.000000,0,0.0,0.0,0.0,1.0
374483,0,1,3400,-56,56,281,9.2,15,0.53,151456.000000,0,2.1,1.3,0.0,7168.000000,73,0.0,0.0,0.0,1.0
374732,0,1,3400,-56,56,282,9.3,15,0.56,181920.000000,3,2.1,0.0,0.0,0.0,0.0,0.0,0.0,0.0,1.0
374981,0,1,3400,-56,56,286,9.1,15,0.59,94976.000000,7,2.1,0.0,0.0,0.0,0.0,0.0,0.0,0.0,1.0
375230,0,1,3400,-56,56,282,9.4,15,0.95,129728.000000,2,2.1,0.14,0.0,5536.000000,0,0.0,0.0,0.0,1.0
375479,0,1,3400,-56,56,277,8.8,15,0.50,129664.000000,0,2.1,0.67,0.0,6848.000000,50,0.0,0.0,0.0,1.0
375728,0,1,3400,-56,56,276,8.8,15,0.53,151648.000000,1,2.1,0.0,0.0,5536.000000,0,0.0,0.0,0.0,1.0
375977,0,1,3400,-56,56,281,8.6,15,0.50,108224.000000,0,2.1,0.0,0.0,0.0,0.0,0.0,0.0,0.0,1.0
376226,0,1,3400,-56,56,279,9.9,15,0.50,134976.000000,0,2.1,0.14,0.0,5536.000000,0,0.0,0.0,0.0,1.0
376475,0,1,3400,-56,56,278,10,15,0.52,97248.000000,0,2.1,9.5,0.0,14432.000000,53,0.0,0.0,0.0,1.0
376724,0,1,3400,-56,56,277,8.6,15,0.52,102624.000000,0,2.1,6.5,0.0,0.0,0.0,0.0,0.0,0.0,1.0
376973,0,1,3400,-56,56,281,9.8,16,0.50,96768.000000,0,2.1,6.5,0.0,0.0,0.0,0.0,0.0,0.0,1.0
377222,0,1,3400,-56,56,285,10,15,0.63,119616.000000,7,2.1,6.5,186,0.0,0.0,0.0,0.0,0.0,1.0
377471,0,1,3400,-56,56,282,9.4,15,0.50,145888.000000,0,2.1,1.5,0.0,13408.000000,40,0.0,0.0,0.0,1.0
377720,0,1,3400,-56,56,278,9.1,14,0.51,146080.000000,0,2.1,0.0,0.0,0.0,0.0,0.0,0.0,0.0,1.0
377969,0,1,3400,-56,56,277,9.3,15,0.50,124384.000000,0,2.1,0.0,0.0,0.0,0.0,0.0,0.0,0.0,1.0
378218,0,1,3400,-56,56,285,10,16,0.50,118592.000000,0,2.1,0.0,0.0,1312.000000,0,0.0,0.0,0.0,1.0
378467,0,1,3400,-56,56,285,9.7,15,0.50,110112.000000,0,2.1,0.0,0.0,6848.000000,0,0.0,0.0,0.0,1.0
378716,0,1,3400,-56,56,280,9.4,15,0.56,102400.000000,2,2.1,0.0,0.0,0.0,0.0,0.0,0.0,0.0,1.0
378965,0,1,3400,-56,56,282,9.5,15,0.50,96640.000000,0,2.1,0.0,0.0,0.0,0.0,0.0,0.0,0.0,1.0
379214,0,1,3400,-56,56,281,9.5,15,0.50,151328.000000,0,2.1,0.0,0.0,5536.000000,0,0.0,0.0,0.0,1.0
379463,0,1,3400,-56,56,280,9.3,15,0.57,105536.000000,7,2.1,0.0,0.0,6976.000000,0,0.0,0.0,0.0,1.0
379712,0,1,3400,-56,56,285,10.0,15,0.53,129920.000000,3,2.1,0.0,0.0,0.0,0.0,0.0,0.0,0.0,1.0
379961,0,1,3400,-56,56,275,8.7,15,0.53,77760.000000,5,2.1,0.0,0.0,0.0,0.0,0.0,0.0,0.0,1.0
380210,0,1,3400,-56,56,280,9.9,15,0.68,65984.000000,6,2.1,0.36,0.0,0.0,50,0.0,0.0,0.0,1.0
380459,0,1,3400,-56,56,282,12,16,0.50,122624.000000,0,2.1,6.5,0.0,0.0,100.000000,0.0,0.0,0.0,1.0
380708,0,1,3400,-56,56,280,8.9,15,0.50,81216.000000,0,2.1,6.5,0.0,0.0,0.0,0.0,0.0,0.0,1.0
380957,0,1,3400,-56,56,282,8.9,15,0.51,108544.000000,0,2.1,6.5,0.0,0.0,0.0,0.0,0.0,0.0,1.0
381206,0,1,3400,-56,56,280,8.3,15,0.54,120128.000000,3,2.1,6.7,0.0,6432.000000,0,0.0,0.0,0.0,1.0
381455,0,1,3400,-56,56,279,9.1,14,0.54,132928.000000,1,2.1,4.5,0.0,6976.000000,62,0.0,0.0,0.0,1.0
381704,0,1,3400,-56,56,284,9.6,15,0.51,121120.000000,2,2.1,0.0,0.0,0.0,0.0,0.0,0.0,0.0,1.0
381953,0,1,3400,-56,56,280,8.6,15,0.50,96960.000000,0,2.1,0.0,0.0,0.0,0.0,0.0,0.0,0.0,1.0
382202,0,1,3400,-56,56,278,11,15,0.50,112288.000000,0,2.1,0.60,0.0,17056.000000,0,0.0,0.0,0.0,1.0
382451,0,1,3400,-56,56,278,9.1,15,0.61,92576.000000,0,2.1,12,0.0,6944.000000,0,0.0,0.0,0.0,1.0
382700,0,1,3400,-56,56,281,9.3,15,0.50,117184.000000,0,2.1,12,0.0,0.0,0.0,0.0,0.0,0.0,1.0
382949,0,1,3400,-56,56,283,9.2,15,0.50,133440.000000,0,2.1,12,0.0,0.0,0.0,0.0,0.0,0.0,1.0
383198,0,1,3400,-56,56,287,8.3,14,0.56,126368.000000,3,2.1,12,186,0.0,0.0,0.0,0.0,0.0,1.0
383447,0,1,3400,-56,56,285,9.3,15,0.52,121440.000000,2,2.1,9.8,116,0.0,80,0.0,0.0,0.0,1.0
383696,0,1,3400,-56,56,282,9.3,14,0.50,129184.000000,0,2.1,5.5,0.0,9920.000000,20,0.0,0.0,0.0,1.0
383945,0,1,3400,-56,56,280,8.9,15,0.68,105696.000000,3,2.1,0.0,0.0,0.0,0.0,0.0,0.0,0.0,1.0
384194,0,1,3400,-56,56,279,8.4,16,0.54,89856.000000,0,2.1,0.0,20,0.0,50,0.0,0.0,0.0,1.0
384443,0,1,3400,-56,56,282,9.1,15,0.52,97568.000000,0,2.1,0.0,0.0,7008.000000,44,0.0,0.0,0.0,1.0
384692,0,1,3400,-56,56,279,9.3,15,0.50,140384.000000,0,2.1,0.0,0.0,0.0,0.0,0.0,0.0,0.0,1.0
384941,0,1,3400,-56,56,282,9.1,15,0.54,133824.000000,3,2.1,0.0,0.0,0.0,0.0,0.0,0.0,0.0,1.0
385190,0,1,3400,-56,56,280,8.8,15,0.53,107712.000000,4,2.1,0.62,0.0,17056.000000,0,0.0,0.0,0.0,1.0
385439,0,1,3400,-56,56,282,8.7,15,0.58,139264.000000,4,2.1,1.5,0.0,6976.000000,50,0.0,0.0,0.0,1.0
385688,0,1,3400,-56,56,283,10,15,0.50,91904.000000,0,2.1,0.0,0.0,0.0,0.0,0.0,0.0,0.0,1.0
385937,0,1,3400,-56,56,285,9.6,15,0.57,127520.000000,1,2.1,0.0,0.0,0.0,0.0,0.0,0.0,0.0,1.0
386186,0,1,3400,-56,56,278,9.9,15,0.55,138880.000000,5,2.1,0.0,0.0,1312.000000,0,0.0,0.0,0.0,1.0
386435,0,1,3400,-56,56,276,9.4,15,0.51,117856.000000,2,2.1,0.0,0.0,6848.000000,33,0.0,0.0,0.0,1.0
386684,0,1,3400,-56,56,279,8.5,15,0.50,97888.000000,0,2.1,0.0,0.0,0.0,0.0,0.0,0.0,0.0,1.0
386933,0,1,3400,-56,56,284,9.1,15,0.51,112288.000000,0,2.1,0.0,0.0,0.0,0.0,0.0,0.0,0.0,1.0
387182,0,1,3400,-56,56,277,9.5,15,0.64,139008.000000,4,2.1,0.22,0.0,2016.000000,0,0.0,0.0,0.0,1.0
387431,0,1,3400,-56,56,278,9.6,14,0.68,83744.000000,8,2.1,12,0.0,4512.000000,80,0.0,0.0,0.0,1.0
387680,0,1,3400,-56,56,280,8.7,15,0.50,113600.000000,0,2.1,12,0.0,0.0,0.0,0.0,0.0,0.0,1.0
387929,0,1,3400,-56,56,278,10.0,15,0.53,126432.000000,3,2.1,11,0.0,0.0,0.0,0.0,0.0,0.0,1.0
388178,0,1,3400,-56,56,285,11,15,0.51,114624.000000,2,2.1,11,0.0,5536.000000,0,0.0,0.0,0.0,1.0
388427,0,1,3400,-56,56,276,9.9,15,0.50,117760.000000,0,2.1,3.7,0.0,14944.000000,53,0.0,0.0,0.0,1.0
388676,0,1,3400,-56,56,276,10,15,0.61,114816.000000,3,2.1,0.0,0.0,0.0,0.0,0.0,0.0,0.0,1.0
388925,0,1,3400,-56,56,281,8.7,15,0.91,109216.000000,3,2.1,0.0,0.0,0.0,0.0,0.0,0.0,0.0,1.0
389174,0,1,3400,-56,56,282,7.6,15,0.54,132896.000000,1,2.1,0.0,0.0,1312.000000,0,0.0,0.0,0.0,1.0
389423,0,1,3400,-56,56,277,9.9,15,0.52,151456.000000,0,2.1,0.0,0.0,6848.000000,33,0.0,0.0,0.0,1.0
389673,0,1,3400,-56,56,276,8.5,15,0.50,102464.000000,0,2.1,0.0,0.0,0.0,0.0,0.0,0.0,0.0,1.0
389922,0,1,3400,-56,56,276,9.7,16,0.50,129376.000000,0,2.1,0.0,0.0,0.0,0.0,0.0,0.0,0.0,1.0
390171,0,1,3400,-56,56,284,9.2,15,0.53,153952.000000,1,2.1,0.0,20,0.0,50,0.0,0.0,0.0,1.0
390420,0,1,3400,-56,56,290,9.9,16,0.50,96928.000000,0,2.1,1.4,0.0,6752.000000,33,0.0,0.0,0.0,1.0
390669,0,1,3400,-56,56,286,9.2,15,0.66,118976.000000,1,2.1,1.5,0.0,0.0,0.0,0.0,0.0,0.0,1.0
390918,0,1,3400,-56,56,281,10,15,0.56,104160.000000,7,2.1,1.5,0.0,0.0,0.0,0.0,0.0,0.0,1.0
391167,0,1,3400,-56,56,275,9.0,14,0.68,101600.000000,2,2.1,2.0,0.0,17056.000000,0,0.0,0.0,0.0,1.0
391416,0,1,3400,-56,56,279,9.2,14,0.66,121920.000000,9,2.1,1.6,0.0,6848.000000,50,0.0,0.0,0.0,1.0
391665,0,1,3400,-56,56,276,8.9,15,0.60,121408.000000,5,2.1,0.0,0.0,0.0,0.0,0.0,0.0,0.0,1.0
391914,0,1,3400,-56,56,282,8.5,15,0.51,106656.000000,0,2.1,0.0,0.0,0.0,0.0,0.0,0.0,0.0,1.0
392163,0,1,3400,-56,56,284,10,15,0.58,129888.000000,2,2.1,0.0,0.0,5536.000000,0,0.0,0.0,0.0,1.0
392412,0,1,3400,-56,56,280,11,15,0.51,133504.000000,0,2.1,0.0,0.0,6848.000000,0,0.0,0.0,0.0,1.0
392661,0,1,3400,-56,56,284,9.2,15,0.53,140736.000000,3,2.1,0.0,0.0,0.0,0.0,0.0,0.0,0.0,1.0
392910,0,1,3400,-56,56,282,8.5,15,0.65,103744.000000,3,2.1,0.0,0.0,0.0,0.0,0.0,0.0,0.0,1.0
393159,0,1,3400,-56,56,281,9.4,15,0.52,111392.000000,2,2.1,0.0,186,0.0,0.0,0.0,0.0,0.0,1.0
393408,0,1,3400,-56,56,276,9.5,15,0.63,134848.000000,2,2.1,0.82,0.0,12512.000000,36,0.0,0.0,0.0,1.0
393657,0,1,3400,-56,56,278,9.2,14,0.55,124288.000000,3,2.1,0.0,0.0,0.0,0.0,0.0,0.0,0.0,1.0
393906,0,1,3400,-56,56,280,9.8,16,0.50,119552.000000,0,2.1,0.0,0.0,0.0,0.0,0.0,0.0,0.0,1.0
394155,0,1,3400,-56,56,286,9.3,15,0.65,103968.000000,2,2.1,0.0,20,0.0,50,0.0,0.0,0.0,1.0
394404,0,1,3400,-56,56,286,9.6,15,0.72,125536.000000,3,2.1,0.0,0.0,8000.000000,14,0.0,0.0,0.0,1.0
394653,0,1,3400,-56,56,281,9.5,16,0.53,106336.000000,2,2.1,0.0,0.0,0.0,0.0,0.0,0.0,0.0,1.0
394902,0,1,3400,-56,56,280,9.3,15,0.57,114176.000000,3,2.1,0.0,0.0,0.0,0.0,0.0,0.0,0.0,1.0
395151,0,1,3400,-56,56,280,8.8,15,0.54,91456.000000,6,2.1,0.60,0.0,17056.000000,0,0.0,0.0,0.0,1.0
395400,0,1,3400,-56,56,283,8.6,15,0.50,102784.000000,0,2.1,1.3,0.0,6976.000000,50,0.0,0.0,0.0,1.0
395649,0,1,3400,-56,56,281,8.5,15,0.50,81120.000000,0,2.1,0.0,0.0,0.0,0.0,0.0,0.0,0.0,1.0
395898,0,1,3400,-56,56,279,10,14,0.52,85216.000000,3,2.1,0.0,0.0,0.0,0.0,0.0,0.0,0.0,1.0
396147,0,1,3400,-56,56,283,11,15,0.50,76288.000000,0,2.1,0.0,186,0.0,0.0,0.0,0.0,0.0,1.0
396396,0,1,3400,-56,56,279,8.7,15,0.60,89696.000000,2,2.1,0.0,0.0,12384.000000,0,0.0,0.0,0.0,1.0
396645,0,1,3400,-56,56,278,9.8,16,0.50,113376.000000,0,2.1,0.0,0.0,0.0,0.0,0.0,0.0,0.0,1.0
396894,0,1,3400,-56,56,277,9.8,15,0.56,100576.000000,2,2.1,0.0,0.0,0.0,0.0,0.0,0.0,0.0,1.0
397143,0,1,3400,-56,56,283,9.4,15,0.61,149632.000000,1,2.1,0.48,0.0,0.0,50,0.0,0.0,0.0,1.0
397392,0,1,3400,-56,56,280,10,15,0.54,116384.000000,2,2.1,7.5,0.0,0.0,100.000000,0.0,0.0,0.0,1.0
397641,0,1,3400,-56,56,285,8.6,15,0.53,83840.000000,4,2.1,7.5,0.0,0.0,0.0,0.0,0.0,0.0,1.0
397890,0,1,3400,-56,56,279,8.5,16,0.54,89696.000000,6,2.1,7.5,0.0,0.0,0.0,0.0,0.0,0.0,1.0
398139,0,1,3400,-56,56,279,8.7,15,0.50,102976.000000,0,2.1,7.2,0.0,5536.000000,0,0.0,0.0,0.0,1.0
398388,0,1,3400,-56,56,280,9.5,15,0.50,158528.000000,0,2.1,0.72,0.0,12128.000000,33,0.0,0.0,0.0,1.0
398637,0,1,3400,-56,56,280,10,15,0.66,135552.000000,2,2.1,0.0,0.0,0.0,0.0,0.0,0.0,0.0,1.0
398886,0,1,3400,-56,56,284,9.0,15,0.53,174464.000000,2,2.1,0.0,0.0,0.0,0.0,0.0,0.0,0.0,1.0
399135,0,1,3400,-56,56,285,7.9,15,0.50,123808.000000,0,2.1,0.56,0.0,17056.000000,0,0.0,0.0,0.0,1.0
399384,0,1,3400,-56,56,282,9.3,15,0.50,53856.000000,0,2.1,14,0.0,6432.000000,0,0.0,0.0,0.0,1.0
399633,0,1,3400,-56,56,278,9.6,14,0.81,108736.000000,7,2.1,14,0.0,0.0,0.0,0.0,0.0,0.0,1.0
399882,0,1,3400,-56,56,282,9.5,15,0.57,127200.000000,5,2.1,14,0.0,0.0,0.0,0.0,0.0,0.0,1.0
400131,0,1,3400,-56,56,279,9.4,15,0.50,98528.000000,0,2.1,14,0.0,14496.000000,0,0.0,0.0,0.0,1.0
400380,0,1,3400,-56,56,276,9.1,15,0.50,125248.000000,0,2.1,14,0.0,6432.000000,0,0.0,0.0,0.0,1.0
400629,0,1,3400,-56,56,275,9.7,15,0.50,105600.000000,0,2.1,14,0.0,0.0,0.0,0.0,0.0,0.0,1.0
400878,0,1,3400,-56,56,275,9.6,14,0.57,84768.000000,2,2.1,14,0.0,0.0,0.0,0.0,0.0,0.0,1.0
401127,0,1,3400,-56,56,275,9.2,15,0.53,116192.000000,2,2.1,14,0.0,9632.000000,0,0.0,0.0,0.0,1.0
401376,0,1,3400,-56,56,278,9.8,15,0.64,72960.000000,3,2.1,1.4,0.0,6848.000000,47,0.0,0.0,0.0,1.0
401625,0,1,3400,-56,56,282,10,15,0.56,126368.000000,2,2.1,0.0,0.0,0.0,0.0,0.0,0.0,0.0,1.0
401874,0,1,3400,-56,56,277,9.0,15,0.50,139744.000000,0,2.1,0.0,0.0,0.0,0.0,0.0,0.0,0.0,1.0
402123,0,1,3400,-56,56,282,11,15,0.50,139040.000000,0,2.1,0.48,0.0,0.0,50,0.0,0.0,0.0,1.0
402372,0,1,3400,-56,56,278,10,15,0.59,100672.000000,2,2.1,7.5,0.0,0.0,100.000000,0.0,0.0,0.0,1.0
402621,0,1,3400,-56,56,279,8.8,15,0.53,104736.000000,3,2.1,7.5,0.0,0.0,0.0,0.0,0.0,0.0,1.0
402870,0,1,3400,-56,56,276,9.3,14,0.97,116128.000000,10,2.1,7.5,0.0,0.0,0.0,0.0,0.0,0.0,1.0
403119,0,1,3400,-56,56,279,8.3,15,0.50,96800.000000,0,2.1,7.5,186,0.0,0.0,0.0,0.0,0.0,1.0
403368,0,1,3400,-56,56,280,9.0,15,0.50,113440.000000,0,2.1,1.7,0.0,9184.000000,57,0.0,0.0,0.0,1.0
403617,0,1,3400,-56,56,282,8.6,15,0.53,86016.000000,0,2.1,0.0,0.0,0.0,0.0,0.0,0.0,0.0,1.0
403866,0,1,3400,-56,56,279,11,15,0.60,136512.000000,2,2.1,0.0,0.0,0.0,0.0,0.0,0.0,0.0,1.0
404115,0,1,3400,-56,56,285,9.8,16,0.50,118336.000000,0,2.1,0.62,0.0,17056.000000,0,0.0,0.0,0.0,1.0
404364,0,1,3400,-56,56,286,11,15,0.65,81536.000000,5,2.1,1.5,0.0,6976.000000,50,0.0,0.0,0.0,1.0
404613,0,1,3400,-56,56,287,8.4,15,0.51,63040.000000,3,2.1,0.0,0.0,0.0,0.0,0.0,0.0,0.0,1.0
404862,0,1,3400,-56,56,283,10,15,0.61,131648.000000,3,2.1,0.0,0.0,0.0,0.0,0.0,0.0,0.0,1.0
405111,0,1,3400,-56,56,280,9.8,15,0.50,132640.000000,0,2.1,0.12,0.0,5536.000000,0,0.0,0.0,0.0,1.0
405360,0,1,3400,-56,56,278,9.1,15,0.50,124608.000000,0,2.1,0.56,0.0,13152.000000,44,0.0,0.0,0.0,1.0
405609,0,1,3400,-56,56,283,8.7,15,0.70,89056.000000,6,2.1,0.0,0.0,0.0,0.0,0.0,0.0,0.0,1.0
405858,0,1,3400,-56,56,282,8.5,15,0.50,75008.000000,0,2.1,0.0,0.0,0.0,0.0,0.0,0.0,0.0,1.0
406107,0,1,3400,-56,56,279,9.8,14,0.54,108544.000000,0,2.1,0.36,0.0,0.0,50,0.0,0.0,0.0,1.0
406356,0,1,3400,-56,56,277,8.7,15,0.50,107296.000000,0,2.1,6.5,0.0,0.0,100.000000,0.0,0.0,0.0,1.0
406605,0,1,3400,-56,56,278,9.4,15,0.50,119168.000000,0,2.1,6.5,0.0,0.0,0.0,0.0,0.0,0.0,1.0
406854,0,1,3400,-56,56,280,8.5,15,0.52,105216.000000,2,2.1,6.5,0.0,0.0,0.0,0.0,0.0,0.0,1.0
407103,0,1,3400,-56,56,282,9.7,15,0.56,178592.000000,2,2.1,6.3,0.0,1312.000000,0,0.0,0.0,0.0,1.0
407352,0,1,3400,-56,56,281,9.1,16,0.50,134272.000000,0,2.1,0.0,0.0,6848.000000,0,0.0,0.0,0.0,1.0
407601,0,1,3400,-56,56,283,10,15,0.64,128704.000000,0,2.1,0.0,0.0,0.0,0.0,0.0,0.0,0.0,1.0
407850,0,1,3400,-56,56,282,9.1,14,0.51,75680.000000,2,2.1,0.0,0.0,0.0,0.0,0.0,0.0,0.0,1.0
408099,0,1,3400,-56,56,278,8.7,15,0.51,137664.000000,0,2.1,0.14,0.0,5536.000000,0,0.0,0.0,0.0,1.0
408348,0,1,3400,-56,56,279,10,15,0.50,118016.000000,0,2.1,0.86,0.0,11232.000000,40,0.0,0.0,0.0,1.0
408597,0,1,3400,-56,56,280,11,15,0.62,132512.000000,1,2.1,0.0,0.0,0.0,0.0,0.0,0.0,0.0,1.0
408846,0,1,3400,-56,56,279,9.2,15,0.50,102432.000000,0,2.1,0.0,0.0,0.0,0.0,0.0,0.0,0.0,1.0
409095,0,1,3400,-56,56,286,8.8,15,0.50,113728.000000,0,2.1,0.080,0.0,14496.000000,0,0.0,0.0,0.0,1.0
409344,0,1,3400,-56,56,285,9.8,15,0.50,101312.000000,0,2.1,0.0,0.0,6848.000000,0,0.0,0.0,0.0,1.0
409593,0,1,3400,-56,56,280,8.6,15,0.51,78432.000000,2,2.1,0.0,0.0,0.0,0.0,0.0,0.0,0.0,1.0
409842,0,1,3400,-56,56,277,9.9,15,0.54,105280.000000,2,2.1,0.0,0.0,0.0,0.0,0.0,0.0,0.0,1.0
410091,0,1,3400,-56,56,279,9.0,15,0.61,142016.000000,3,2.1,0.12,0.0,5536.000000,0,0.0,0.0,0.0,1.0
410340,0,1,3400,-56,56,281,8.9,15,0.50,119136.000000,0,2.1,9.3,0.0,14560.000000,61,0.0,0.0,0.0,1.0
410589,0,1,3400,-56,56,280,8.5,14,0.92,159808.000000,5,2.1,6.5,0.0,0.0,0.0,0.0,0.0,0.0,1.0
410838,0,1,3400,-56,56,282,9.9,15,0.50,129632.000000,0,2.1,6.5,0.0,0.0,0.0,0.0,0.0,0.0,1.0
411087,0,1,3400,-56,56,280,9.3,15,0.60,115072.000000,3,2.1,6.9,0.0,17056.000000,0,0.0,0.0,0.0,1.0
411336,0,1,3400,-56,56,284,9.0,15,0.50,108256.000000,0,2.1,14,0.0,6432.000000,0,0.0,0.0,0.0,1.0
411585,0,1,3400,-56,56,284,9.5,15,0.60,116288.000000,3,2.1,14,0.0,0.0,0.0,0.0,0.0,0.0,1.0
411834,0,1,3400,-56,56,280,9.4,15,0.83,99648.000000,6,2.1,13,0.0,0.0,0.0,0.0,0.0,0.0,1.0
412083,0,1,3400,-56,56,279,9.9,15,0.56,96576.000000,2,2.1,14,0.0,17056.000000,0,0.0,0.0,0.0,1.0
412332,0,1,3400,-56,56,281,9.7,15,0.53,116352.000000,2,2.1,1.5,0.0,6976.000000,50,0.0,0.0,0.0,1.0
412581,0,1,3400,-56,56,280,10,15,0.60,107456.000000,2,2.1,0.0,0.0,0.0,0.0,0.0,0.0,0.0,1.0
412830,0,1,3400,-56,56,278,9.1,15,0.75,119712.000000,2,2.1,0.0,0.0,0.0,0.0,0.0,0.0,0.0,1.0
413079,0,1,3400,-56,56,277,9.6,15,0.57,163072.000000,1,2.1,0.20,0.0,3104.000000,0,0.0,0.0,0.0,1.0
413328,0,1,3400,-56,56,281,9.1,15,0.63,101632.000000,2,2.1,14,0.0,3616.000000,80,0.0,0.0,0.0,1.0
413577,0,1,3400,-56,56,283,9.3,15,0.53,107040.000000,0,2.1,14,0.0,0.0,0.0,0.0,0.0,0.0,1.0
413826,0,1,3400,-56,56,286,10,15,0.56,131712.000000,3,2.1,14,0.0,0.0,0.0,0.0,0.0,0.0,1.0
414075,0,1,3400,-56,56,280,9.6,15,0.50,107968.000000,0,2.1,14,0.0,8864.000000,0,0.0,0.0,0.0,1.0
414324,0,1,3400,-56,56,277,8.9,14,0.70,125216.000000,4,2.1,0.0,0.0,6848.000000,33,0.0,0.0,0.0,1.0
414573,0,1,3400,-56,56,279,8.9,15,0.50,125024.000000,0,2.1,0.0,0.0,0.0,0.0,0.0,0.0,0.0,1.0
414822,0,1,3400,-56,56,273,8.7,14,0.60,62976.000000,8,2.1,0.0,0.0,0.0,0.0,0.0,0.0,0.0,1.0
415071,0,1,3400,-56,56,277,9.7,14,0.60,127168.000000,2,2.1,0.44,0.0,17056.000000,0,0.0,0.0,0.0,1.0
415320,0,1,3400,-56,56,277,9.2,15,0.50,118944.000000,0,2.1,0.67,0.0,6848.000000,50,0.0,0.0,0.0,1.0
415569,0,1,3400,-56,56,283,9.3,15,0.50,90720.000000,0,2.1,0.0,0.0,0.0,0.0,0.0,0.0,0.0,1.0
415818,0,1,3400,-56,56,284,10,15,0.50,113888.000000,0,2.1,0.0,0.0,0.0,0.0,0.0,0.0,0.0,1.0
416067,0,1,3400,-56,56,280,8.0,14,0.56,141696.000000,2,2.1,0.0,186,0.0,0.0,0.0,0.0,0.0,1.0
416316,0,1,3400,-56,56,285,10,15,0.55,136608.000000,3,2.1,13,0.0,75776.000000,60,0.0,0.0,0.0,1.0
416565,0,1,3400,-56,56,281,9.1,15,0.50,145856.000000,0,2.1,16,0.0,0.0,0.0,0.0,0.0,0.0,1.0
416814,0,1,3400,-56,56,280,9.1,15,0.51,134880.000000,0,2.1,16,0.0,0.0,0.0,0.0,0.0,0.0,1.0
417063,0,1,3400,-56,56,279,9.7,15,0.56,132160.000000,1,2.1,15,0.0,5536.000000,0,0.0,0.0,0.0,1.0
417312,0,1,3400,-56,56,280,9.1,15,0.50,101984.000000,0,2.1,0.0,0.0,12384.000000,0,0.0,0.0,0.0,1.0
417561,0,1,3400,-56,56,282,10,15,0.61,133024.000000,5,2.1,0.0,0.0,0.0,0.0,0.0,0.0,0.0,1.0
417810,0,1,3400,-56,56,287,9.4,15,0.55,159808.000000,1,2.1,0.0,0.0,0.0,0.0,0.0,0.0,0.0,1.0
418059,0,1,3400,-56,56,284,9.4,15,0.51,116672.000000,2,2.1,0.0,0.0,5536.000000,0,0.0,0.0,0.0,1.0
418308,0,1,3400,-56,56,277,9.6,14,0.50,96928.000000,0,2.1,0.0,0.0,6848.000000,0,0.0,0.0,0.0,1.0
418557,0,1,3400,-56,56,273,9.3,15,0.51,124288.000000,0,2.1,0.0,0.0,0.0,0.0,0.0,0.0,0.0,1.0
418806,0,1,3400,-56,56,274,9.3,15,0.61,117504.000000,5,2.1,0.0,0.0,0.0,0.0,0.0,0.0,0.0,1.0
419055,0,1,3400,-56,56,278,9.8,15,0.73,144896.000000,4,2.1,0.0,20,0.0,50,0.0,0.0,0.0,1.0
419304,0,1,3400,-56,56,279,8.8,15,0.50,97024.000000,0,2.1,0.0,0.0,8000.000000,40,0.0,0.0,0.0,1.0
419553,0,1,3400,-56,56,282,8.4,15,0.50,53600.000000,0,2.1,0.0,0.0,0.0,0.0,0.0,0.0,0.0,1.0
419802,0,1,3400,-56,56,278,11,14,0.96,104992.000000,6,2.1,0.0,0.0,0.0,0.0,0.0,0.0,0.0,1.0
420051,0,1,3400,-56,56,278,9.0,14,0.67,137536.000000,1,2.1,0.0,20,0.0,50,0.0,0.0,0.0,1.0
420300,0,1,3400,-56,56,280,10,15,0.50,118048.000000,0,2.1,0.0,0.0,7968.000000,0,0.0,0.0,0.0,1.0
420549,0,1,3400,-56,56,282,9.2,15,0.64,152224.000000,5,2.1,0.0,0.0,0.0,0.0,0.0,0.0,0.0,1.0
420798,0,1,3400,-56,56,278,9.0,15,0.55,144384.000000,3,2.1,0.0,0.0,0.0,0.0,0.0,0.0,0.0,1.0
421047,0,1,3400,-56,56,279,9.3,15,0.51,123616.000000,0,2.1,0.0,0.0,832,0,0.0,0.0,0.0,1.0
421296,0,1,3400,-56,56,278,9.6,15,0.50,75520.000000,0,2.1,0.056,0.0,55936.000000,6,0.0,0.0,0.0,1.0
421545,0,1,3400,-56,56,279,9.4,14,0.67,126592.000000,3,2.1,0.0,0.0,0.0,0.0,0.0,0.0,0.0,1.0
421794,0,1,3400,-56,56,280,10,15,0.50,127168.000000,0,2.1,0.0,0.0,0.0,0.0,0.0,0.0,0.0,1.0
422043,0,1,3400,-56,56,278,9.6,15,0.56,150400.000000,0,2.1,0.14,0.0,5536.000000,0,0.0,0.0,0.0,1.0
422292,0,1,3400,-56,56,278,9.2,14,0.54,143424.000000,4,2.1,0.67,0.0,1312.000000,73,0.0,0.0,0.0,1.0
422541,0,1,3400,-56,56,278,9.6,15,0.50,124224.000000,0,2.1,0.0,0.0,0.0,0.0,0.0,0.0,0.0,1.0
422790,0,1,3400,-56,56,283,9.5,15,0.50,155616.000000,0,2.1,0.0,0.0,0.0,0.0,0.0,0.0,0.0,1.0
423039,0,1,3400,-56,56,280,10,15,0.50,58880.000000,0,2.1,0.14,0.0,5536.000000,0,0.0,0.0,0.0,1.0
423288,0,1,3400,-56,56,279,9.5,15,0.54,100512.000000,6,2.1,12,0.0,10048.000000,0,0.0,0.0,0.0,1.0
423537,0,1,3400,-56,56,277,9.3,15,0.51,123648.000000,0,2.1,12,0.0,0.0,0.0,0.0,0.0,0.0,1.0
423786,0,1,3400,-56,56,282,9.4,15,0.51,129792.000000,0,2.1,12,0.0,0.0,0.0,0.0,0.0,0.0,1.0
424035,0,1,3400,-56,56,284,9.8,15,0.53,118784.000000,2,2.1,12,0.0,3616.000000,0,0.0,0.0,0.0,1.0
424284,0,1,3400,-56,56,283,10,15,0.51,144000.000000,0,2.1,14,0.0,228864.000000,66,0.0,0.0,0.0,1.0
424533,0,1,3400,-56,56,279,9.1,15,0.62,96864.000000,0,2.1,14,0.0,0.0,0.0,0.0,0.0,0.0,1.0
424782,0,1,3400,-56,56,280,12,15,0.58,122112.000000,2,2.1,14,0.0,0.0,0.0,0.0,0.0,0.0,1.0
425031,0,1,3400,-56,56,279,12,15,0.51,202528.000000,0,2.1,14,0.0,5536.000000,0,0.0,0.0,0.0,1.0
425280,0,1,3400,-56,56,278,10,15,0.56,132000.000000,3,2.1,4.9,0.0,14944.000000,53,0.0,0.0,0.0,1.0
425529,0,1,3400,-56,56,274,11,15,0.61,123264.000000,2,2.1,0.0,0.0,0.0,0.0,0.0,0.0,0.0,1.0
425778,0,1,3400,-56,56,275,9.5,15,0.61,141696.000000,3,2.1,0.0,0.0,0.0,0.0,0.0,0.0,0.0,1.0
426027,0,1,3400,-56,56,283,9.2,14,0.70,107136.000000,7,2.1,0.0,0.0,5536.000000,0,0.0,0.0,0.0,1.0
426276,0,1,3400,-56,56,285,9.0,15,0.50,155136.000000,0,2.1,0.0,0.0,6976.000000,0,0.0,0.0,0.0,1.0
426525,0,1,3400,-56,56,283,9.1,15,0.50,139872.000000,0,2.1,0.0,0.0,0.0,0.0,0.0,0.0,0.0,1.0
426774,0,1,3400,-56,56,275,10,15,0.59,114016.000000,0,2.1,0.0,0.0,0.0,0.0,0.0,0.0,0.0,1.0
427023,0,1,3400,-56,56,278,9.0,15,0.53,101120.000000,2,2.1,0.62,0.0,17056.000000,0,0.0,0.0,0.0,1.0
427272,0,1,3400,-56,56,280,9.5,15,0.65,133632.000000,4,2.1,1.5,0.0,6976.000000,50,0.0,0.0,0.0,1.0
427521,0,1,3400,-56,56,283,9.0,14,0.66,133152.000000,1,2.1,0.0,0.0,0.0,0.0,0.0,0.0,0.0,1.0
427770,0,1,3400,-56,56,285,12,15,0.56,95744.000000,0,2.1,0.0,0.0,0.0,0.0,0.0,0.0,0.0,1.0
428019,0,1,3400,-56,56,284,9.4,14,0.51,141664.000000,0,2.1,0.0,0.0,5536.000000,0,0.0,0.0,0.0,1.0
428268,0,1,3400,-56,56,278,10,14,0.64,79712.000000,2,2.1,0.0,0.0,6720.000000,0,0.0,0.0,0.0,1.0
428517,0,1,3400,-56,56,277,9.7,15,0.50,102016.000000,0,2.1,0.0,0.0,0.0,0.0,0.0,0.0,0.0,1.0
428766,0,1,3400,-56,56,277,8.4,15,0.53,113568.000000,1,2.1,0.0,0.0,0.0,0.0,0.0,0.0,0.0,1.0
429015,0,1,3400,-56,56,280,9.5,15,0.55,129632.000000,0,2.1,0.62,0.0,17056.000000,0,0.0,0.0,0.0,1.0
429264,0,1,3400,-56,56,275,9.8,15,0.50,90848.000000,0,2.1,14,0.0,6432.000000,0,0.0,0.0,0.0,1.0
429513,0,1,3400,-56,56,283,9.0,16,0.50,118304.000000,0,2.1,14,0.0,0.0,0.0,0.0,0.0,0.0,1.0
429762,0,1,3400,-56,56,280,9.6,15,0.51,108448.000000,0,2.1,14,0.0,0.0,0.0,0.0,0.0,0.0,1.0
430011,0,1,3400,-56,56,280,10,15,0.50,123456.000000,0,2.1,14,80,3616.000000,0,0.0,0.0,0.0,1.0
430260,0,1,3400,-56,56,282,9.0,15,0.51,133152.000000,1,2.1,14,80,0.0,0.0,0.0,0.0,0.0,1.0
430509,0,1,3400,-56,56,284,10,16,0.51,94112.000000,2,2.1,7.3,0.0,15232.000000,44,0.0,0.0,0.0,1.0
430758,0,1,3400,-56,56,282,8.3,15,0.54,88864.000000,4,2.1,0.0,0.0,0.0,0.0,0.0,0.0,0.0,1.0
431007,0,1,3400,-56,56,277,9.2,15,0.50,102464.000000,0,2.1,0.14,0.0,5536.000000,0,0.0,0.0,0.0,1.0
431256,0,1,3400,-56,56,272,9.2,15,0.51,97184.000000,0,2.1,0.67,0.0,6848.000000,50,0.0,0.0,0.0,1.0
431505,0,1,3400,-56,56,276,8.6,15,0.56,122560.000000,2,2.1,0.0,0.0,0.0,0.0,0.0,0.0,0.0,1.0
431754,0,1,3400,-56,56,280,9.8,15,0.52,159424.000000,1,2.1,0.0,0.0,0.0,0.0,0.0,0.0,0.0,1.0
432003,0,1,3400,-56,56,277,9.2,15,0.55,148768.000000,1,2.1,0.040,0.0,8864.000000,0,0.0,0.0,0.0,1.0
432252,0,1,3400,-56,56,277,8.8,15,0.50,118848.000000,0,2.1,0.0,0.0,6848.000000,33,0.0,0.0,0.0,1.0
432501,0,1,3400,-56,56,282,8.7,14,0.70,88000.000000,8,2.1,0.0,0.0,0.0,0.0,0.0,0.0,0.0,1.0
432750,0,1,3400,-56,56,284,8.6,15,0.50,113568.000000,0,2.1,0.0,0.0,0.0,0.0,0.0,0.0,0.0,1.0
432999,0,1,3400,-56,56,284,9.3,15,0.51,178592.000000,0,2.1,0.12,0.0,5536.000000,0,0.0,0.0,0.0,1.0
433248,0,1,3400,-56,56,283,9.4,16,0.50,107136.000000,0,2.1,4.9,0.0,14944.000000,53,0.0,0.0,0.0,1.0
433497,0,1,3400,-56,56,283,10.0,15,0.50,107040.000000,0,2.1,0.0,0.0,0.0,0.0,0.0,0.0,0.0,1.0
433746,0,1,3400,-56,56,282,8.8,15,0.55,173696.000000,2,2.1,0.0,0.0,0.0,0.0,0.0,0.0,0.0,1.0
433995,0,1,3400,-56,56,280,8.9,15,0.50,119328.000000,0,2.1,0.0,186,0.0,0.0,0.0,0.0,0.0,1.0
434244,0,1,3400,-56,56,279,8.5,15,0.51,98880.000000,2,2.1,0.81,0.0,12384.000000,36,0.0,0.0,0.0,1.0
434493,0,1,3400,-56,56,274,8.8,15,0.54,117216.000000,5,2.1,0.0,0.0,0.0,0.0,0.0,0.0,0.0,1.0
434742,0,1,3400,-56,56,273,11,15,0.56,139936.000000,3,2.1,0.0,0.0,0.0,0.0,0.0,0.0,0.0,1.0
434991,0,1,3400,-56,56,277,11,15,0.99,77664.000000,5,2.1,0.0,186,0.0,0.0,0.0,0.0,0.0,1.0
435240,0,1,3400,-56,56,283,9.6,15,0.50,119840.000000,0,2.1,0.0,0.0,8160.000000,0,0.0,0.0,0.0,1.0
435489,0,1,3400,-56,56,279,9.9,14,0.60,127296.000000,2,2.1,0.0,0.0,0.0,0.0,0.0,0.0,0.0,1.0
435738,0,1,3400,-56,56,284,9.0,15,0.54,149408.000000,1,2.1,0.0,0.0,0.0,0.0,0.0,0.0,0.0,1.0
435987,0,1,3400,-56,56,281,9.3,14,0.63,92640.000000,4,2.1,0.0,186,0.0,0.0,0.0,0.0,0.0,1.0
436236,0,1,3400,-56,56,283,9.5,15,0.74,140416.000000,5,2.1,0.0,0.0,8160.000000,0,0.0,0.0,0.0,1.0
436485,0,1,3400,-56,56,279,10,15,0.53,97632.000000,4,2.1,0.0,0.0,0.0,0.0,0.0,0.0,0.0,1.0
436734,0,1,3400,-56,56,279,9.2,15,0.61,108352.000000,2,2.1,0.0,0.0,0.0,0.0,0.0,0.0,0.0,1.0
436983,0,1,3400,-56,56,280,9.2,15,0.50,100160.000000,0,2.1,0.0,0.0,5536.000000,0,0.0,0.0,0.0,1.0
437232,0,1,3400,-56,56,279,9.7,15,0.50,146336.000000,0,2.1,0.0,0.0,17920.000000,44,0.0,0.0,0.0,1.0
437481,0,1,3400,-56,56,280,10,15,0.56,113792.000000,4,2.1,0.0,0.0,0.0,0.0,0.0,0.0,0.0,1.0
437730,0,1,3400,-56,56,279,9.9,16,0.50,136992.000000,0,2.1,0.0,0.0,0.0,0.0,0.0,0.0,0.0,1.0
437979,0,1,3400,-56,56,279,9.2,15,0.50,138048.000000,0,2.1,0.0,0.0,5536.000000,0,0.0,0.0,0.0,1.0
438228,0,1,3400,-56,56,281,10,15,0.58,124704.000000,3,2.1,0.0,0.0,6720.000000,0,0.0,0.0,0.0,1.0
438477,0,1,3400,-56,56,280,9.0,15,0.51,97440.000000,0,2.1,0.0,0.0,0.0,0.0,0.0,0.0,0.0,1.0
438726,0,1,3400,-56,56,278,9.7,15,0.57,112064.000000,5,2.1,0.0,0.0,0.0,0.0,0.0,0.0,0.0,1.0
438975,0,1,3400,-56,56,282,9.0,15,0.54,145824.000000,4,2.1,0.62,0.0,17056.000000,0,0.0,0.0,0.0,1.0
439224,0,1,3400,-56,56,283,9.8,15,0.52,173888.000000,1,2.1,14,0.0,6432.000000,0,0.0,0.0,0.0,1.0
439473,0,1,3400,-56,56,284,9.1,15,0.51,108448.000000,2,2.1,14,0.0,0.0,0.0,0.0,0.0,0.0,1.0
439722,0,1,3400,-56,56,284,8.7,15,0.51,140224.000000,0,2.1,13,0.0,0.0,0.0,0.0,0.0,0.0,1.0
439971,0,1,3400,-56,56,284,10,15,0.63,120192.000000,3,2.1,14,0.0,9888.000000,0,0.0,0.0,0.0,1.0
440220,0,1,3400,-56,56,279,9.9,15,0.50,161184.000000,0,2.1,14,0.0,6432.000000,0,0.0,0.0,0.0,1.0
440469,0,1,3400,-56,56,283,9.9,15,0.60,106816.000000,0,2.1,14,0.0,0.0,0.0,0.0,0.0,0.0,1.0
440718,0,1,3400,-56,56,284,9.3,14,0.50,117952.000000,0,2.1,14,0.0,0.0,0.0,0.0,0.0,0.0,1.0
440967,0,1,3400,-56,56,275,9.3,15,0.50,60160.000000,0,2.1,14,0.0,17056.000000,0,0.0,0.0,0.0,1.0
441216,0,1,3400,-56,56,273,8.7,15,0.57,113056.000000,9,2.1,1.5,0.0,6976.000000,50,0.0,0.0,0.0,1.0
441466,0,1,3400,-56,56,277,11,16,0.51,86016.000000,0,2.1,0.0,0.0,0.0,0.0,0.0,0.0,0.0,1.0
441715,0,1,3400,-56,56,281,8.4,15,0.60,105408.000000,2,2.1,0.0,0.0,0.0,0.0,0.0,0.0,0.0,1.0
441964,0,1,3400,-56,56,281,9.5,16,0.50,118240.000000,0,2.1,0.0,0.0,1312.000000,0,0.0,0.0,0.0,1.0
442213,0,1,3400,-56,56,280,8.7,15,0.51,145760.000000,0,2.1,1.1,0.0,13312.000000,50,0.0,0.0,0.0,1.0
442462,0,1,3400,-56,56,276,9.1,15,0.56,145984.000000,3,2.1,0.0,0.0,0.0,0.0,0.0,0.0,0.0,1.0
442711,0,1,3400,-56,56,278,9.0,15,0.65,95552.000000,9,2.1,0.0,0.0,0.0,0.0,0.0,0.0,0.0,1.0
442960,0,1,3400,-56,56,281,9.7,15,0.57,145600.000000,3,2.1,0.0,186,0.0,0.0,0.0,0.0,0.0,1.0
443209,0,1,3400,-56,56,278,9.1,15,0.53,113440.000000,3,2.1,6.2,0.0,40896.000000,21,0.0,0.0,0.0,1.0
443458,0,1,3400,-56,56,282,9.2,15,0.52,142272.000000,0,2.1,7.5,0.0,0.0,0.0,0.0,0.0,0.0,1.0
443707,0,1,3400,-56,56,280,9.5,15,0.50,127936.000000,0,2.1,7.5,0.0,0.0,0.0,0.0,0.0,0.0,1.0
443956,0,1,3400,-56,56,285,9.7,15,0.72,97760.000000,4,2.1,7.3,0.0,1312.000000,0,0.0,0.0,0.0,1.0
444205,0,1,3400,-56,56,281,8.6,14,0.50,119232.000000,0,2.1,0.0,0.0,6848.000000,0,0.0,0.0,0.0,1.0
444454,0,1,3400,-56,56,280,9.4,15,0.59,120992.000000,2,2.1,0.0,0.0,0.0,0.0,0.0,0.0,0.0,1.0
444703,0,1,3400,-56,56,280,9.6,15,0.50,114592.000000,0,2.1,0.0,0.0,0.0,0.0,0.0,0.0,0.0,1.0
444952,0,1,3400,-56,56,277,12,15,0.89,88832.000000,2,2.1,0.0,186,0.0,0.0,0.0,0.0,0.0,1.0
445201,0,1,3400,-56,56,276,9.6,15,0.60,102368.000000,0,2.1,0.68,0.0,12384.000000,36,0.0,0.0,0.0,1.0
445450,0,1,3400,-56,56,276,8.7,15,0.50,48704.000000,0,2.1,0.0,0.0,0.0,0.0,0.0,0.0,0.0,1.0
445699,0,1,3400,-56,56,277,9.9,15,0.57,114080.000000,3,2.1,0.0,0.0,0.0,0.0,0.0,0.0,0.0,1.0
445948,0,1,3400,-56,56,278,8.7,15,0.50,91232.000000,0,2.1,0.12,0.0,5536.000000,0,0.0,0.0,0.0,1.0
446197,0,1,3400,-56,56,279,9.7,15,0.50,129120.000000,0,2.1,11,0.0,10560.000000,0,0.0,0.0,0.0,1.0
446446,0,1,3400,-56,56,284,8.7,15,0.82,126880.000000,2,2.1,12,0.0,0.0,0.0,0.0,0.0,0.0,1.0
446695,0,1,3400,-56,56,283,9.0,15,0.51,161856.000000,0,2.1,12,0.0,0.0,0.0,0.0,0.0,0.0,1.0
446944,0,1,3400,-56,56,277,9.8,16,0.50,117760.000000,0,2.1,12,0.0,0.0,50,0.0,0.0,0.0,1.0
447193,0,1,3400,-56,56,275,9.5,15,0.60,148160.000000,1,2.1,14,0.0,0.0,100.000000,0.0,0.0,0.0,1.0
447442,0,1,3400,-56,56,280,9.9,15,0.50,96544.000000,0,2.1,14,0.0,0.0,0.0,0.0,0.0,0.0,1.0
447691,0,1,3400,-56,56,279,10,16,0.51,75616.000000,0,2.1,14,0.0,0.0,0.0,0.0,0.0,0.0,1.0
447940,0,1,3400,-56,56,279,8.8,16,0.52,127520.000000,1,2.1,14,0.0,5536.000000,0,0.0,0.0,0.0,1.0
448189,0,1,3400,-56,56,284,9.0,14,0.56,154976.000000,2,2.1,0.64,0.0,10432.000000,50,0.0,0.0,0.0,1.0
448438,0,1,3400,-56,56,285,11,15,0.53,132576.000000,2,2.1,0.50,0.0,0.0,0.0,0.0,0.0,0.0,1.0
448687,0,1,3400,-56,56,279,9.1,14,0.59,97440.000000,8,2.1,0.50,0.0,0.0,0.0,0.0,0.0,0.0,1.0
448936,0,1,3400,-56,56,276,9.7,15,0.70,89440.000000,2,2.1,1.0,0.0,17056.000000,0,0.0,0.0,0.0,1.0
449185,0,1,3400,-56,56,277,9.9,15,0.51,65504.000000,3,2.1,14,0.0,6432.000000,0,0.0,0.0,0.0,1.0
449434,0,1,3400,-56,56,276,11,16,0.50,116512.000000,0,2.1,14,0.0,0.0,0.0,0.0,0.0,0.0,1.0
449683,0,1,3400,-56,56,282,8.6,15,0.54,119424.000000,2,2.1,14,0.0,0.0,0.0,0.0,0.0,0.0,1.0
449932,0,1,3400,-56,56,280,10.0,15,0.58,127584.000000,2,2.1,14,0.0,0.0,50,0.0,0.0,0.0,1.0
450181,0,1,3400,-56,56,280,9.6,14,0.50,129312.000000,0,2.1,15,0.0,0.0,100.000000,0.0,0.0,0.0,1.0
450430,0,1,3400,-56,56,281,8.6,14,0.52,183808.000000,0,2.1,15,0.0,0.0,0.0,0.0,0.0,0.0,1.0
450679,0,1,3400,-56,56,283,8.8,15,0.50,91904.000000,0,2.1,15,0.0,0.0,0.0,0.0,0.0,0.0,1.0
450928,0,1,3400,-56,56,277,9.1,15,0.51,89920.000000,0,2.1,15,0.0,5536.000000,0,0.0,0.0,0.0,1.0
451177,0,1,3400,-56,56,275,13,15,0.56,110432.000000,4,2.1,1.5,0.0,6848.000000,50,0.0,0.0,0.0,1.0
451426,0,1,3400,-56,56,278,9.0,15,0.60,119872.000000,3,2.1,0.064,0.0,0.0,0.0,0.0,0.0,0.0,1.0
451675,0,1,3400,-56,56,277,9.3,15,0.51,97248.000000,0,2.1,0.0,0.0,0.0,0.0,0.0,0.0,0.0,1.0
451924,0,1,3400,-56,56,282,8.8,15,0.60,155392.000000,4,2.1,0.064,0.0,5536.000000,0,0.0,0.0,0.0,1.0
452173,0,1,3400,-56,56,282,9.0,14,0.50,102880.000000,0,2.1,0.13,0.0,10848.000000,20,0.0,1.0,8.0,1.0
452422,0,1,3400,-56,56,280,9.3,15,0.61,157088.000000,2,2.1,0.0,0.0,0.0,0.0,0.0,0.0,0.0,1.0
452671,0,1,3400,-56,56,281,9.1,15,0.67,170368.000000,1,2.1,0.0,0.0,0.0,0.0,0.0,0.0,0.0,1.0
452920,0,1,3400,-56,56,275,10,15,0.50,103968.000000,0,2.1,0.0,0.0,1312.000000,0,0.0,0.0,0.0,1.0
453169,0,1,3400,-56,56,277,9.9,15,0.51,139520.000000,0,2.1,0.064,0.0,6752.000000,0,0.0,0.0,0.0,1.0
453418,0,1,3400,-56,56,280,9.2,15,0.60,93632.000000,4,2.1,0.0,0.0,0.0,0.0,0.0,0.0,0.0,1.0
453667,0,1,3400,-56,56,280,9.0,15,0.57,84288.000000,2,2.1,0.0,0.0,0.0,0.0,0.0,0.0,0.0,1.0
453916,0,1,3400,-56,56,280,9.2,15,0.54,135392.000000,0,2.1,0.30,0.0,3104.000000,0,0.0,0.0,0.0,1.0
454165,0,1,3400,-56,56,278,9.7,15,0.50,80096.000000,0,2.1,16,0.0,52480.000000,77,0.0,0.0,0.0,1.0
454414,0,1,3400,-56,56,274,9.4,15,0.54,127104.000000,4,2.1,16,0.0,0.0,0.0,0.0,0.0,0.0,1.0
454663,0,1,3400,-56,56,281,8.4,15,0.50,97120.000000,0,2.1,16,0.0,0.0,0.0,0.0,0.0,0.0,1.0
454912,0,1,3400,-56,56,279,10,15,0.64,86784.000000,5,2.1,16,186,0.0,0.0,0.0,0.0,0.0,1.0
455161,0,1,3400,-56,56,283,8.9,15,0.53,114304.000000,3,2.1,3.2,0.0,18432.000000,33,0.0,0.0,0.0,1.0
455410,0,1,3400,-56,56,283,9.6,15,0.53,94144.000000,4,2.1,1.0,0.0,0.0,0.0,0.0,0.0,0.0,1.0
455659,0,1,3400,-56,56,276,9.4,15,0.64,137376.000000,3,2.1,1.0,0.0,0.0,0.0,0.0,0.0,0.0,1.0
455908,0,1,3400,-56,56,275,9.0,15,0.50,120672.000000,0,2.1,1.2,0.0,3104.000000,0,0.0,0.0,0.0,1.0
456157,0,1,3400,-56,56,277,9.7,15,0.50,159808.000000,0,2.1,15,0.0,3616.000000,80,0.0,0.0,0.0,1.0
456406,0,1,3400,-56,56,278,9.3,15,0.53,153568.000000,0,2.1,16,0.0,0.0,0.0,0.0,0.0,0.0,1.0
456655,0,1,3400,-56,56,277,10,16,0.60,98432.000000,2,2.1,16,0.0,0.0,0.0,0.0,0.0,0.0,1.0
456904,0,1,3400,-56,56,277,9.4,15,0.56,133792.000000,6,2.1,15,0.0,17056.000000,0,0.0,0.0,0.0,1.0
457153,0,1,3400,-56,56,272,10.0,15,0.60,116544.000000,2,2.1,1.5,0.0,6976.000000,50,0.0,0.0,0.0,1.0
457402,0,1,3400,-56,56,273,8.7,14,0.73,103008.000000,5,2.1,0.0,0.0,0.0,0.0,0.0,0.0,0.0,1.0
457651,0,1,3400,-56,56,277,11,15,0.60,129440.000000,2,2.1,0.0,0.0,0.0,0.0,0.0,0.0,0.0,1.0
457900,0,1,3400,-56,56,279,9.3,15,0.53,122784.000000,2,2.1,0.62,0.0,17056.000000,0,0.0,0.0,0.0,1.0
458149,0,1,3400,-56,56,279,10,15,0.55,129632.000000,0,2.1,14,0.0,6432.000000,0,0.0,0.0,0.0,1.0
458398,0,1,3400,-56,56,279,9.5,15,0.81,100800.000000,8,2.1,14,0.0,0.0,0.0,0.0,0.0,0.0,1.0
458647,0,1,3400,-56,56,277,10,15,0.52,111072.000000,2,2.1,14,0.0,0.0,0.0,0.0,0.0,0.0,1.0
458896,0,1,3400,-56,56,282,9.0,15,0.70,100256.000000,2,2.1,14,0.0,0.0,50,0.0,0.0,0.0,1.0
459145,0,1,3400,-56,56,279,11,15,0.50,136928.000000,0,2.1,14,0.0,0.0,100.000000,0.0,0.0,0.0,1.0
459394,0,1,3400,-56,56,284,9.3,15,0.50,121856.000000,0,2.1,15,0.0,4512.000000,0,0.0,0.0,0.0,1.0
459643,0,1,3400,-56,56,285,9.6,14,0.51,122464.000000,1,2.1,15,0.0,0.0,0.0,0.0,0.0,0.0,1.0
459892,0,1,3400,-56,56,278,8.0,15,0.50,115296.000000,0,2.1,14,0.0,2144.000000,0,0.0,0.0,0.0,1.0
460141,0,1,3400,-56,56,278,11,15,0.57,122336.000000,5,2.1,16,0.0,306144.000000,52,0.0,0.0,0.0,1.0
460390,0,1,3400,-56,56,284,9.3,15,0.71,90208.000000,6,2.1,16,0.0,0.0,0.0,0.0,0.0,0.0,1.0
460639,0,1,3400,-56,56,285,9.5,15,0.74,112064.000000,3,2.1,16,0.0,0.0,0.0,0.0,0.0,0.0,1.0
460888,0,1,3400,-56,56,287,9.9,14,0.50,104064.000000,0,2.1,15,0.0,5536.000000,0,0.0,0.0,0.0,1.0
461137,0,1,3400,-56,56,283,9.4,15,0.55,107328.000000,4,2.1,0.0,0.0,10848.000000,20,0.0,0.0,0.0,1.0
461386,0,1,3400,-56,56,281,9.0,14,0.97,128032.000000,7,2.1,0.0,0.0,0.0,0.0,0.0,0.0,0.0,1.0
461635,0,1,3400,-56,56,280,9.4,14,0.56,160224.000000,1,2.1,0.0,0.0,0.0,0.0,0.0,0.0,0.0,1.0
461884,0,1,3400,-56,56,275,9.9,15,0.59,153280.000000,1,2.1,0.14,0.0,5536.000000,0,0.0,0.0,0.0,1.0
462133,0,1,3400,-56,56,278,8.9,15,0.50,80800.000000,0,2.1,6.0,0.0,6976.000000,62,0.0,0.0,0.0,1.0
462382,0,1,3400,-56,56,279,9.5,14,0.89,177824.000000,5,2.1,6.0,0.0,0.0,0.0,0.0,0.0,0.0,1.0
462631,0,1,3400,-56,56,278,10,15,0.52,97088.000000,0,2.1,6.0,0.0,0.0,0.0,0.0,0.0,0.0,1.0
462880,0,1,3400,-56,56,277,9.5,15,0.59,133184.000000,1,2.1,5.8,0.0,5536.000000,0,0.0,0.0,0.0,1.0
463129,0,1,3400,-57,57,277,9.0,15,0.51,117280.000000,0,2.1,5.4,0.0,14432.000000,53,0.0,0.0,0.0,1.0
463378,0,1,3400,-57,57,277,9.9,15,0.51,113760.000000,0,2.1,0.0,0.0,0.0,0.0,0.0,0.0,0.0,1.0
463627,0,1,3400,-56,56,279,8.6,15,0.83,89344.000000,4,2.1,0.064,0.0,0.0,0.0,0.0,0.0,0.0,1.0
463876,0,1,3400,-56,56,279,9.7,15,0.63,79616.000000,3,2.1,0.0,20,0.0,50,0.0,0.0,0.0,1.0
464125,0,1,3400,-56,56,281,8.9,15,0.53,76736.000000,5,2.1,0.0,0.0,7008.000000,0,0.0,0.0,0.0,1.0
464374,0,1,3400,-56,56,280,10,15,0.68,96640.000000,2,2.1,0.0,0.0,0.0,0.0,0.0,0.0,0.0,1.0
464623,0,1,3400,-56,56,281,9.3,14,0.53,169984.000000,1,2.1,0.0,0.0,0.0,0.0,0.0,0.0,0.0,1.0
464872,0,1,3400,-56,56,280,11,15,0.52,156672.000000,1,2.1,0.44,0.0,17056.000000,0,0.0,0.0,0.0,1.0
465121,0,1,3400,-56,56,282,8.8,14,0.53,71648.000000,5,2.1,6.0,0.0,6432.000000,0,0.0,0.0,0.0,1.0
465370,0,1,3400,-56,56,280,9.1,15,0.50,172864.000000,0,2.1,6.0,0.0,0.0,0.0,0.0,0.0,0.0,1.0
465619,0,1,3400,-56,56,281,8.3,15,0.50,136032.000000,0,2.1,6.0,0.0,0.0,0.0,0.0,0.0,0.0,1.0
465868,0,1,3400,-56,56,281,10,15,0.64,106752.000000,5,2.1,6.2,0.0,17056.000000,0,0.0,0.0,0.0,1.0
466117,0,1,3400,-56,56,275,9.5,15,0.57,169280.000000,1,2.1,14,0.0,6432.000000,0,0.0,0.0,0.0,1.0
466366,0,1,3400,-56,56,277,8.4,15,0.51,62272.000000,3,2.1,14,0.0,0.0,0.0,0.0,0.0,0.0,1.0
466615,0,1,3400,-56,56,279,9.1,16,0.50,123552.000000,0,2.1,13,0.0,0.0,0.0,0.0,0.0,0.0,1.0
466864,0,1,3400,-56,56,282,10,15,0.50,87200.000000,0,2.1,14,0.0,0.0,50,0.0,0.0,0.0,1.0
467113,0,1,3400,-56,56,284,8.8,15,0.50,173056.000000,0,2.1,15,0.0,0.0,100.000000,0.0,0.0,0.0,1.0
467362,0,1,3400,-56,56,280,9.5,15,0.71,125760.000000,3,2.1,15,0.0,0.0,0.0,0.0,0.0,0.0,1.0
467611,0,1,3400,-56,56,279,8.0,15,0.53,114048.000000,3,2.1,15,0.0,0.0,0.0,0.0,0.0,0.0,1.0
467860,0,1,3400,-56,56,278,9.3,15,0.56,54080.000000,0,2.1,14,0.0,5536.000000,0,0.0,0.0,0.0,1.0
468109,0,1,3400,-56,56,277,9.1,15,0.50,149920.000000,0,2.1,1.1,0.0,17024.000000,56,0.0,0.0,0.0,1.0
468358,0,1,3400,-56,56,279,9.4,15,0.56,107136.000000,4,2.1,0.0,0.0,0.0,0.0,0.0,0.0,0.0,1.0
468607,0,1,3400,-56,56,281,9.9,15,0.50,176256.000000,0,2.1,0.0,0.0,0.0,0.0,0.0,0.0,0.0,1.0
468856,0,1,3400,-56,56,279,9.5,15,0.58,176000.000000,1,2.1,0.0,186,0.0,0.0,0.0,0.0,0.0,1.0
469105,0,1,3400,-56,56,283,9.1,15,0.50,102176.000000,0,2.1,0.0,0.0,12256.000000,0,0.0,0.0,0.0,1.0
469354,0,1,3400,-56,56,286,8.9,15,0.50,107008.000000,0,2.1,0.0,0.0,0.0,0.0,0.0,0.0,0.0,1.0
469603,0,1,3400,-56,56,283,11,14,0.62,105856.000000,6,2.1,0.0,0.0,0.0,0.0,0.0,0.0,0.0,1.0
469852,0,1,3400,-56,56,282,11,15,0.50,97120.000000,0,2.1,0.22,152,0.0,50,0.0,0.0,0.0,1.0
470101,0,1,3400,-56,56,277,8.6,15,0.50,118816.000000,0,2.1,3.5,152,0.0,100.000000,0.0,0.0,0.0,1.0
470350,0,1,3400,-56,56,277,10,16,0.50,112960.000000,0,2.1,2.0,0.0,11488.000000,36,0.0,0.0,0.0,1.0
470599,0,1,3400,-56,56,283,9.0,14,0.53,114528.000000,3,2.1,0.0,0.0,0.0,0.0,0.0,0.0,0.0,1.0
470848,0,1,3400,-56,56,285,9.9,15,0.55,126272.000000,3,2.1,0.0,186,0.0,0.0,0.0,0.0,0.0,1.0
471097,0,1,3400,-56,56,278,9.9,15,0.51,78592.000000,2,2.1,0.0,0.0,12256.000000,0,0.0,0.0,0.0,1.0
471346,0,1,3400,-56,56,279,9.6,15,0.57,143488.000000,1,2.1,0.0,0.0,0.0,0.0,0.0,0.0,0.0,1.0
471595,0,1,3400,-56,56,282,8.5,14,0.52,114464.000000,0,2.1,0.0,0.0,0.0,0.0,0.0,0.0,0.0,1.0
471844,0,1,3400,-56,56,278,9.3,15,0.51,121856.000000,2,2.1,0.0,0.0,1312.000000,0,0.0,0.0,0.0,1.0
472093,0,1,3400,-56,56,277,9.6,15,0.51,119392.000000,0,2.1,0.0,0.0,14432.000000,10,0.0,0.0,0.0,1.0
472342,0,1,3400,-56,56,282,9.2,15,0.50,119168.000000,0,2.1,0.0,0.0,0.0,0.0,0.0,0.0,0.0,1.0
472591,0,1,3400,-56,56,284,9.1,15,0.50,80736.000000,0,2.1,0.0,0.0,0.0,0.0,0.0,0.0,0.0,1.0
472840,0,1,3400,-56,56,278,9.1,15,0.67,102592.000000,4,2.1,0.0,0.0,0.0,0.0,0.0,0.0,0.0,1.0
473089,0,1,3400,-56,56,281,8.4,15,0.50,116288.000000,0,2.1,4.5,0.0,23488.000000,0,0.0,0.0,0.0,1.0
473338,0,1,3400,-56,56,281,10,15,0.52,137056.000000,2,2.1,6.0,0.0,0.0,0.0,0.0,0.0,0.0,1.0
473587,0,1,3400,-56,56,284,8.9,15,0.52,119904.000000,2,2.1,6.0,0.0,0.0,0.0,0.0,0.0,0.0,1.0
473836,0,1,3400,-56,56,280,8.9,15,0.62,126240.000000,2,2.1,6.4,0.0,0.0,50,0.0,0.0,0.0,1.0
474085,0,1,3400,-56,56,277,9.5,15,0.53,107616.000000,4,2.1,14,0.0,0.0,100.000000,0.0,0.0,0.0,1.0
474334,0,1,3400,-56,56,275,9.2,14,0.54,134656.000000,4,2.1,14,0.0,0.0,0.0,0.0,0.0,0.0,1.0
474583,0,1,3400,-56,56,274,13,15,0.52,98656.000000,3,2.1,14,0.0,0.0,0.0,0.0,0.0,0.0,1.0
474832,0,1,3400,-56,56,277,11,14,0.57,157088.000000,5,2.1,13,0.0,5536.000000,0,0.0,0.0,0.0,1.0
475081,0,1,3400,-56,56,279,9.4,15,0.50,162048.000000,0,2.1,7.0,0.0,16352.000000,44,0.0,0.0,0.0,1.0
475330,0,1,3400,-56,56,276,8.8,14,0.55,95872.000000,4,2.1,6.5,0.0,0.0,0.0,0.0,0.0,0.0,1.0
475579,0,1,3400,-56,56,276,8.0,15,0.56,97536.000000,2,2.1,6.5,0.0,0.0,0.0,0.0,0.0,0.0,1.0
475828,0,1,3400,-56,56,275,10,15,0.50,128800.000000,0,2.1,6.6,0.0,0.0,50,0.0,0.0,0.0,1.0
476077,0,1,3400,-56,56,279,11,15,0.50,129408.000000,0,2.1,12,0.0,24000.000000,0,0.0,0.0,0.0,1.0
476326,0,1,3400,-56,56,280,9.4,15,0.56,132544.000000,1,2.1,12,0.0,0.0,0.0,0.0,0.0,0.0,1.0
476575,0,1,3400,-56,56,281,9.4,15,0.56,157248.000000,4,2.1,12,0.0,0.0,0.0,0.0,0.0,0.0,1.0
476824,0,1,3400,-56,56,280,9.3,14,0.58,110112.000000,3,2.1,13,0.0,17056.000000,0,0.0,0.0,0.0,1.0
477073,0,1,3400,-56,56,277,9.3,15,0.66,119808.000000,4,2.1,1.4,0.0,6848.000000,64,0.0,0.0,0.0,1.0
477322,0,1,3400,-56,56,273,9.9,15,0.56,154496.000000,1,2.1,0.0,0.0,0.0,0.0,0.0,0.0,0.0,1.0
477571,0,1,3400,-56,56,277,9.3,15,0.50,113056.000000,0,2.1,0.0,0.0,0.0,0.0,0.0,0.0,0.0,1.0
477820,0,1,3400,-56,56,283,9.9,15,0.57,83072.000000,5,2.1,0.0,0.0,1312.000000,0,0.0,0.0,0.0,1.0
478069,0,1,3400,-56,56,279,9.3,15,0.66,94752.000000,4,2.1,0.0,0.0,6880.000000,0,0.0,0.0,0.0,1.0
478318,0,1,3400,-56,56,281,9.4,15,0.64,154272.000000,1,2.1,0.0,0.0,5536.000000,0,0.0,0.0,0.0,1.0
478567,0,1,3400,-56,56,282,9.8,14,0.53,126464.000000,2,2.1,0.0,0.0,0.0,0.0,0.0,0.0,0.0,1.0
478816,0,1,3400,-56,56,288,8.6,15,0.58,121088.000000,3,2.1,0.46,0.0,17056.000000,0,0.0,0.0,0.0,1.0
479065,0,1,3400,-56,56,286,8.5,15,0.51,127168.000000,2,2.1,1.2,0.0,6976.000000,50,0.0,0.0,0.0,1.0
479314,0,1,3400,-56,56,281,8.8,15,0.50,129696.000000,0,2.1,0.0,0.0,0.0,0.0,0.0,0.0,0.0,1.0
479563,0,1,3400,-56,56,279,9.3,15,0.87,101248.000000,9,2.1,0.0,0.0,0.0,0.0,0.0,0.0,0.0,1.0
479812,0,1,3400,-56,56,276,9.6,15,0.51,134080.000000,0,2.1,0.35,0.0,3104.000000,0,0.0,0.0,0.0,1.0
480061,0,1,3400,-56,56,280,9.1,15,0.51,118272.000000,0,2.1,1.6,0.0,6688.000000,62,0.0,0.0,0.0,1.0
480310,0,1,3400,-56,56,280,9.3,15,0.77,102880.000000,4,2.1,0.0,0.0,0.0,0.0,0.0,0.0,0.0,1.0
480559,0,1,3400,-56,56,281,11,15,0.74,102464.000000,4,2.1,0.0,0.0,0.0,0.0,0.0,0.0,0.0,1.0
480808,0,1,3400,-56,56,283,10,16,0.54,104704.000000,2,2.1,0.12,0.0,5536.000000,0,0.0,0.0,0.0,1.0
481057,0,1,3400,-56,56,284,8.7,15,0.60,117536.000000,2,2.1,0.56,0.0,6976.000000,50,0.0,0.0,0.0,1.0
481306,0,1,3400,-56,56,284,10,15,0.50,81088.000000,0,2.1,0.0,0.0,0.0,0.0,0.0,0.0,0.0,1.0
481555,0,1,3400,-56,56,277,9.0,15,0.57,118784.000000,3,2.1,0.0,0.0,0.0,0.0,0.0,0.0,0.0,1.0
481804,0,1,3400,-56,56,278,9.5,15,0.50,162112.000000,0,2.1,0.056,0.0,0.0,50,0.0,0.0,0.0,1.0
482053,0,1,3400,-56,56,285,10,15,0.50,70048.000000,0,2.1,0.016,0.0,15456.000000,0,0.0,0.0,0.0,1.0
482302,0,1,3400,-56,56,279,11,15,0.53,110400.000000,2,2.1,0.0,0.0,0.0,0.0,0.0,0.0,0.0,1.0
482551,0,1,3400,-56,56,271,9.3,15,0.51,110464.000000,0,2.1,0.0,0.0,0.0,0.0,0.0,0.0,0.0,1.0
482800,0,1,3400,-56,56,271,9.0,15,0.57,121888.000000,0,2.1,0.040,0.0,8864.000000,0,0.0,0.0,0.0,1.0
483049,0,1,3400,-56,56,279,9.4,15,0.53,116160.000000,0,2.1,0.0,0.0,6848.000000,33,0.0,0.0,0.0,1.0
483298,0,1,3400,-56,56,281,12,15,0.63,127776.000000,4,2.1,0.0,0.0,0.0,0.0,0.0,0.0,0.0,1.0
483547,0,1,3400,-56,56,283,10,15,0.52,136416.000000,1,2.1,0.0,0.0,0.0,0.0,0.0,0.0,0.0,1.0
483796,0,1,3400,-56,56,277,9.7,15,0.65,97536.000000,6,2.1,0.41,0.0,3104.000000,0,0.0,0.0,0.0,1.0
484045,0,1,3400,-56,56,277,9.3,15,0.50,123968.000000,0,2.1,1.6,0.0,6688.000000,62,0.0,0.0,0.0,1.0
484294,0,1,3400,-56,56,276,8.8,15,0.52,102592.000000,0,2.1,0.0,0.0,0.0,0.0,0.0,0.0,0.0,1.0
484543,0,1,3400,-56,56,277,9.0,15,0.67,113280.000000,4,2.1,0.0,0.0,0.0,0.0,0.0,0.0,0.0,1.0
484792,0,1,3400,-56,56,284,9.7,15,0.53,154624.000000,1,2.1,0.0,0.0,1312.000000,0,0.0,0.0,0.0,1.0
485041,0,1,3400,-56,56,283,8.3,15,0.50,97088.000000,0,2.1,0.0,0.0,12032.000000,17,0.0,0.0,0.0,1.0
485290,0,1,3400,-56,56,280,8.7,14,0.63,159616.000000,1,2.1,0.0,0.0,0.0,0.0,0.0,0.0,0.0,1.0
485539,0,1,3400,-56,56,276,10,16,0.56,181440.000000,1,2.1,0.0,0.0,0.0,0.0,0.0,0.0,0.0,1.0
485788,0,1,3400,-56,56,276,10,16,0.50,102048.000000,0,2.1,0.096,0.0,5536.000000,0,0.0,0.0,0.0,1.0
486037,0,1,3400,-56,56,283,9.6,15,0.60,130240.000000,2,2.1,10,0.0,10304.000000,0,0.0,0.0,0.0,1.0
486286,0,1,3400,-56,56,283,9.5,15,0.52,121152.000000,0,2.1,10,0.0,0.0,0.0,0.0,0.0,0.0,1.0
486535,0,1,3400,-56,56,280,9.2,15,0.67,108768.000000,3,2.1,10,0.0,0.0,0.0,0.0,0.0,0.0,1.0
486784,0,1,3400,-56,56,279,8.6,14,0.61,98560.000000,6,2.1,11,0.0,17056.000000,0,0.0,0.0,0.0,1.0
487033,0,1,3400,-56,56,274,11,15,0.50,80736.000000,0,2.1,1.5,0.0,6976.000000,50,0.0,0.0,0.0,1.0
487282,0,1,3400,-56,56,274,9.8,15,0.52,73920.000000,3,2.1,0.0,0.0,0.0,0.0,0.0,0.0,0.0,1.0
487531,0,1,3400,-56,56,277,9.4,15,0.52,149952.000000,1,2.1,0.0,0.0,0.0,0.0,0.0,0.0,0.0,1.0
487780,0,1,3400,-56,56,279,8.7,15,0.51,118400.000000,1,2.1,0.0,186,0.0,0.0,0.0,0.0,0.0,1.0
488029,0,1,3400,-56,56,275,9.8,15,0.50,129024.000000,0,2.1,0.0,0.0,20384.000000,17,0.0,0.0,0.0,1.0
488278,0,1,3400,-56,56,282,8.4,15,0.53,110144.000000,0,2.1,0.0,0.0,0.0,0.0,0.0,0.0,0.0,1.0
488527,0,1,3400,-56,56,280,9.4,15,0.56,157184.000000,1,2.1,0.0,0.0,0.0,0.0,0.0,0.0,0.0,1.0
488776,0,1,3400,-56,56,280,9.4,15,0.50,128064.000000,0,2.1,0.0,0.0,5536.000000,0,0.0,0.0,0.0,1.0
489025,0,1,3400,-56,56,284,8.6,14,0.51,128704.000000,1,2.1,19,0.0,14080.000000,40,0.0,0.0,0.0,1.0
489274,0,1,3400,-56,56,277,9.2,15,0.54,156640.000000,2,2.1,22,0.0,0.0,0.0,0.0,0.0,0.0,1.0
489523,0,1,3400,-56,56,278,8.7,15,0.50,113664.000000,0,2.1,22,0.0,0.0,0.0,0.0,0.0,0.0,1.0
489772,0,1,3400,-56,56,277,9.6,16,0.50,112640.000000,0,2.1,21,0.0,17056.000000,0,0.0,0.0,0.0,1.0
490021,0,1,3400,-56,56,282,9.2,15,0.60,138560.000000,3,2.1,1.5,0.0,6976.000000,50,0.0,0.0,0.0,1.0
490270,0,1,3400,-56,56,286,8.7,15,0.50,118912.000000,0,2.1,0.0,0.0,0.0,0.0,0.0,0.0,0.0,1.0
490519,0,1,3400,-56,56,276,11,15,0.64,123360.000000,3,2.1,0.0,0.0,0.0,0.0,0.0,0.0,0.0,1.0
490768,0,1,3400,-56,56,274,7.8,15,0.53,76640.000000,5,2.1,0.0,0.0,0.0,0.0,0.0,0.0,0.0,1.0
491017,0,1,3400,-56,56,279,8.6,15,0.58,89952.000000,2,2.1,4.5,0.0,36608.000000,20,0.0,0.0,0.0,1.0
491266,0,1,3400,-56,56,276,12,15,0.51,127616.000000,2,2.1,6.5,0.0,0.0,0.0,0.0,0.0,0.0,1.0
491515,0,1,3400,-56,56,277,9.2,15,0.56,79776.000000,2,2.1,6.5,0.0,0.0,0.0,0.0,0.0,0.0,1.0
491764,0,1,3400,-56,56,285,10,15,0.75,113280.000000,2,2.1,6.3,0.0,3104.000000,0,0.0,0.0,0.0,1.0
492013,0,1,3400,-56,56,281,8.7,15,0.50,89952.000000,0,2.1,14,0.0,3616.000000,80,0.0,0.0,0.0,1.0
492262,0,1,3400,-56,56,279,7.8,15,0.68,137376.000000,2,2.1,14,0.0,0.0,0.0,0.0,0.0,0.0,1.0
492511,0,1,3400,-56,56,280,10,15,0.57,89696.000000,2,2.1,14,0.0,0.0,0.0,0.0,0.0,0.0,1.0
492760,0,1,3400,-56,56,282,9.0,15,0.52,123840.000000,0,2.1,14,0.0,14496.000000,0,0.0,0.0,0.0,1.0
493009,0,1,3400,-56,56,285,10,15,0.50,118592.000000,0,2.1,0.0,0.0,6848.000000,0,0.0,0.0,0.0,1.0
493258,0,1,3400,-56,56,282,9.3,15,0.69,147168.000000,3,2.1,0.0,0.0,0.0,0.0,0.0,0.0,0.0,1.0
493507,0,1,3400,-56,56,280,8.2,15,0.52,151072.000000,1,2.1,0.0,0.0,0.0,0.0,0.0,0.0,0.0,1.0
493756,0,1,3400,-56,56,279,9.0,15,0.53,119136.000000,3,2.1,0.14,0.0,5536.000000,0,0.0,0.0,0.0,1.0
494005,0,1,3400,-56,56,283,9.6,14,0.57,108800.000000,4,2.1,0.67,0.0,6976.000000,50,0.0,0.0,0.0,1.0
494254,0,1,3400,-56,56,285,9.5,15,0.51,115584.000000,2,2.1,0.0,0.0,0.0,0.0,0.0,0.0,0.0,1.0
494503,0,1,3400,-56,56,280,9.1,15,0.65,154624.000000,5,2.1,0.0,0.0,0.0,0.0,0.0,0.0,0.0,1.0
494752,0,1,3400,-56,56,280,11,15,0.50,118176.000000,0,2.1,0.62,0.0,17056.000000,0,0.0,0.0,0.0,1.0
495001,0,1,3400,-56,56,277,8.9,15,0.64,123904.000000,3,2.1,14,0.0,6432.000000,0,0.0,0.0,0.0,1.0
495250,0,1,3400,-56,56,275,8.7,15,0.51,118496.000000,2,2.1,14,0.0,0.0,0.0,0.0,0.0,0.0,1.0
495499,0,1,3400,-56,56,274,9.1,15,0.50,150784.000000,0,2.1,14,0.0,0.0,0.0,0.0,0.0,0.0,1.0
495748,0,1,3400,-56,56,282,9.2,15,0.51,134304.000000,0,2.1,13,0.0,17056.000000,0,0.0,0.0,0.0,1.0
495997,0,1,3400,-56,56,284,9.1,15,0.57,92256.000000,4,2.1,1.4,0.0,6848.000000,56,0.0,0.0,0.0,1.0
496246,0,1,3400,-56,56,279,8.9,15,0.50,85920.000000,0,2.1,0.0,0.0,0.0,0.0,0.0,0.0,0.0,1.0
496495,0,1,3400,-56,56,277,8.7,15,0.54,120192.000000,3,2.1,0.0,0.0,0.0,0.0,0.0,0.0,0.0,1.0
496744,0,1,3400,-56,56,284,8.7,15,0.63,126816.000000,2,2.1,0.0,20,0.0,50,0.0,0.0,0.0,1.0
496993,0,1,3400,-56,56,287,9.8,15,0.50,101440.000000,0,2.1,0.0,0.0,8192.000000,25,0.0,0.0,0.0,1.0
497242,0,1,3400,-56,56,279,10,15,0.52,70528.000000,0,2.1,0.0,0.0,0.0,0.0,0.0,0.0,0.0,1.0
497491,0,1,3400,-56,56,282,9.1,15,0.58,74592.000000,3,2.1,0.0,0.0,0.0,0.0,0.0,0.0,0.0,1.0
497740,0,1,3400,-56,56,276,9.3,15,0.50,140704.000000,0,2.1,0.12,0.0,5536.000000,0,0.0,0.0,0.0,1.0
497989,0,1,3400,-56,56,279,8.9,15,0.51,116896.000000,2,2.1,0.56,0.0,6976.000000,50,0.0,0.0,0.0,1.0
498238,0,1,3400,-56,56,280,9.0,15,0.68,85344.000000,2,2.1,0.0,0.0,0.0,0.0,0.0,0.0,0.0,1.0
498487,0,1,3400,-56,56,280,8.4,16,0.51,118176.000000,2,2.1,0.0,0.0,0.0,0.0,0.0,0.0,0.0,1.0
498736,0,1,3400,-56,56,275,8.6,15,0.50,99296.000000,0,2.1,0.0,0.0,5536.000000,0,0.0,0.0,0.0,1.0
498985,0,1,3400,-56,56,275,9.7,15,0.52,134688.000000,0,2.1,0.0,0.0,6720.000000,0,0.0,0.0,0.0,1.0
499234,0,1,3400,-56,56,279,9.5,15,0.50,134496.000000,0,2.1,0.0,0.0,0.0,0.0,0.0,0.0,0.0,1.0
499483,0,1,3400,-56,56,283,10,16,0.50,103616.000000,0,2.1,0.0,0.0,0.0,0.0,0.0,0.0,0.0,1.0
499732,0,1,3400,-56,56,283,8.6,14,0.65,92064.000000,2,2.1,0.0,20,0.0,50,0.0,0.0,0.0,1.0
499981,0,1,3400,-56,56,281,10,15,0.56,107040.000000,0,2.1,0.0,0.0,8000.000000,14,0.0,0.0,0.0,1.0
500230,0,1,3400,-56,56,280,11,15,0.64,119232.000000,3,2.1,0.0,0.0,0.0,0.0,0.0,0.0,0.0,1.0
500479,0,1,3400,-56,56,283,9.0,15,0.50,102304.000000,0,2.1,0.0,0.0,0.0,0.0,0.0,0.0,0.0,1.0
500728,0,1,3400,-56,56,281,9.6,16,0.52,123904.000000,0,2.1,0.62,0.0,17056.000000,0,0.0,0.0,0.0,1.0
500977,0,1,3400,-56,56,279,9.7,15,0.57,89344.000000,2,2.1,14,0.0,6432.000000,0,0.0,0.0,0.0,1.0
501226,0,1,3400,-56,56,282,10,14,0.73,140960.000000,3,2.1,13,0.0,0.0,0.0,0.0,0.0,0.0,1.0
501475,0,1,3400,-56,56,284,10,14,0.74,133824.000000,7,2.1,14,0.0,0.0,0.0,0.0,0.0,0.0,1.0
501724,0,1,3400,-56,56,280,11,15,0.51,105120.000000,2,2.1,14,186,0.0,0.0,0.0,0.0,0.0,1.0
501973,0,1,3400,-56,56,282,9.6,15,0.51,139200.000000,1,2.1,13,68,4000.000000,50,0.0,0.0,0.0,1.0
502222,0,1,3400,-56,56,279,9.0,14,0.53,117088.000000,2,2.1,7.2,0.0,8512.000000,0,0.0,0.0,0.0,1.0
502471,0,1,3400,-56,56,277,9.7,15,0.60,134528.000000,3,2.1,0.0,0.0,0.0,0.0,0.0,0.0,0.0,1.0
502720,0,1,3400,-56,56,278,11,16,0.50,134592.000000,0,2.1,0.0,20,0.0,50,0.0,0.0,0.0,1.0
502969,0,1,3400,-56,56,276,8.4,15,0.58,101856.000000,2,2.1,0.0,20,0.0,100.000000,0.0,0.0,0.0,1.0
503219,0,1,3400,-56,56,272,9.1,15,0.51,106336.000000,2,2.1,0.0,0.0,6432.000000,20,0.0,0.0,0.0,1.0
503468,0,1,3400,-56,56,276,9.7,15,0.56,99520.000000,6,2.1,0.0,0.0,0.0,0.0,0.0,0.0,0.0,1.0
503717,0,1,3400,-56,56,281,13,15,0.54,173184.000000,0,2.1,0.52,0.0,17056.000000,0,0.0,0.0,0.0,1.0
503966,0,1,3400,-56,56,277,9.4,14,0.53,136864.000000,1,2.1,2.0,0.0,12384.000000,40,0.0,0.0,0.0,1.0
504215,0,1,3400,-56,56,283,11,15,0.53,69056.000000,3,2.1,0.0,0.0,0.0,0.0,0.0,0.0,0.0,1.0
504464,0,1,3400,-56,56,282,8.6,15,0.56,102432.000000,4,2.1,0.0,0.0,0.0,0.0,0.0,0.0,0.0,1.0
504713,0,1,3400,-56,56,277,9.5,15,0.52,175232.000000,1,2.1,0.0,0.0,5536.000000,0,0.0,0.0,0.0,1.0
504962,0,1,3400,-56,56,278,9.0,14,0.54,122976.000000,4,2.1,0.0,0.0,1312.000000,80,0.0,0.0,0.0,1.0
505211,0,1,3400,-56,56,277,9.2,15,0.50,123840.000000,0,2.1,0.0,0.0,0.0,0.0,0.0,0.0,0.0,1.0
505460,0,1,3400,-56,56,280,9.1,13,0.74,109184.000000,8,2.1,0.0,0.0,0.0,0.0,0.0,0.0,0.0,1.0
505709,0,1,3400,-56,56,282,9.5,15,0.50,123968.000000,0,2.1,0.14,0.0,5536.000000,0,0.0,0.0,0.0,1.0
505958,0,1,3400,-56,56,279,9.1,15,0.50,118592.000000,0,2.1,5.2,0.0,14432.000000,53,0.0,0.0,0.0,1.0
506207,0,1,3400,-56,56,281,9.3,15,0.53,155616.000000,0,2.1,0.0,0.0,0.0,0.0,0.0,0.0,0.0,1.0
506456,0,1,3400,-56,56,278,10,14,0.56,143040.000000,1,2.1,0.0,0.0,0.0,0.0,0.0,0.0,0.0,1.0
506705,0,1,3400,-56,56,283,8.5,14,0.50,75648.000000,0,2.1,0.0,186,0.0,0.0,0.0,0.0,0.0,1.0
506954,0,1,3400,-56,56,280,9.3,15,0.51,124384.000000,0,2.1,0.0,0.0,16384.000000,11,0.0,0.0,0.0,1.0
507203,0,1,3400,-56,56,279,9.6,15,0.57,129024.000000,4,2.1,0.0,0.0,0.0,0.0,0.0,0.0,0.0,1.0
507452,0,1,3400,-56,56,282,10,15,0.50,96928.000000,0,2.1,0.0,0.0,0.0,0.0,0.0,0.0,0.0,1.0
507701,0,1,3400,-56,56,283,9.5,15,0.66,121664.000000,2,2.1,0.0,0.0,5536.000000,0,0.0,0.0,0.0,1.0
507950,0,1,3400,-56,56,283,8.7,15,0.63,130848.000000,3,2.1,0.0,0.0,10336.000000,20,0.0,0.0,0.0,1.0
508199,0,1,3400,-56,56,283,9.7,15,0.53,143360.000000,1,2.1,0.0,0.0,0.0,0.0,0.0,0.0,0.0,1.0
508448,0,1,3400,-56,56,277,9.3,15,0.61,127040.000000,2,2.1,0.0,0.0,0.0,0.0,0.0,0.0,0.0,1.0
508697,0,1,3400,-56,56,282,9.1,15,0.63,133216.000000,1,2.1,0.0,186,0.0,0.0,0.0,0.0,0.0,1.0
508946,0,1,3400,-56,56,277,8.8,15,1.0,100768.000000,2,2.1,2.1,0.0,24032.000000,36,0.0,0.0,0.0,1.0
509195,0,1,3400,-56,56,278,8.9,15,0.58,124960.000000,3,2.1,0.0,0.0,0.0,0.0,0.0,0.0,0.0,1.0
509444,0,1,3400,-56,56,280,8.9,15,0.53,164832.000000,2,2.1,0.0,0.0,0.0,0.0,0.0,0.0,0.0,1.0
509693,0,1,3400,-56,56,276,10,15,0.53,94784.000000,0,2.1,0.22,0.0,2016.000000,0,0.0,0.0,0.0,1.0
509942,0,1,3400,-56,56,273,10,15,0.70,123040.000000,4,2.1,1.5,0.0,8736.000000,62,0.0,0.0,0.0,1.0
510191,0,1,3400,-56,56,276,9.3,16,0.65,69024.000000,3,2.1,0.0,0.0,0.0,0.0,0.0,0.0,0.0,1.0
510440,0,1,3400,-56,56,280,9.8,15,0.51,134496.000000,0,2.1,0.0,0.0,0.0,0.0,0.0,0.0,0.0,1.0
510689,0,1,3400,-56,56,277,9.4,14,0.52,169696.000000,1,2.1,0.096,0.0,5536.000000,0,0.0,0.0,0.0,1.0
510938,0,1,3400,-56,56,283,9.1,15,0.50,135488.000000,0,2.1,4.7,0.0,16608.000000,44,0.0,0.0,0.0,1.0
511187,0,1,3400,-56,56,282,8.7,15,0.52,119904.000000,1,2.1,5.0,0.0,0.0,0.0,0.0,0.0,0.0,1.0
511436,0,1,3400,-56,56,276,8.8,15,0.58,90976.000000,6,2.1,5.0,0.0,0.0,0.0,0.0,0.0,0.0,1.0
511685,0,1,3400,-56,56,277,9.1,15,0.78,122592.000000,1,2.1,5.4,0.0,17056.000000,0,0.0,0.0,0.0,1.0
511934,0,1,3400,-56,56,279,9.4,16,0.50,134304.000000,0,2.1,14,0.0,6432.000000,0,0.0,0.0,0.0,1.0
512183,0,1,3400,-56,56,280,11,15,0.80,86080.000000,2,2.1,13,0.0,0.0,0.0,0.0,0.0,0.0,1.0
512432,0,1,3400,-56,56,280,11,15,0.57,120128.000000,2,2.1,14,0.0,0.0,0.0,0.0,0.0,0.0,1.0
512681,0,1,3400,-56,56,274,9.6,15,0.50,113248.000000,0,2.1,13,186,0.0,0.0,0.0,0.0,0.0,1.0
512930,0,1,3400,-56,56,276,10,16,0.52,142144.000000,2,2.1,14,40,0.0,80,0.0,0.0,0.0,1.0
513179,0,1,3400,-56,56,280,9.3,15,0.50,126272.000000,0,2.1,11,0.0,0.0,80,0.0,0.0,0.0,1.0
513428,0,1,3400,-56,56,280,8.9,14,0.53,129920.000000,3,2.1,8.0,0.0,0.0,0.0,0.0,0.0,0.0,1.0
513677,0,1,3400,-56,56,276,9.0,15,0.64,56992.000000,3,2.1,8.0,186,0.0,0.0,0.0,0.0,0.0,1.0
513926,0,1,3400,-56,56,279,9.3,15,0.50,116096.000000,0,2.1,1.4,0.0,12512.000000,36,0.0,0.0,0.0,1.0
514175,0,1,3400,-56,56,280,9.0,15,0.57,142656.000000,3,2.1,0.0,0.0,0.0,0.0,0.0,0.0,0.0,1.0
514424,0,1,3400,-56,56,275,9.4,15,0.52,113024.000000,0,2.1,0.0,0.0,0.0,0.0,0.0,0.0,0.0,1.0
514673,0,1,3400,-56,56,278,10,15,0.87,88480.000000,11,2.1,0.0,0.0,5536.000000,0,0.0,0.0,0.0,1.0
514922,0,1,3400,-56,56,280,9.0,15,0.54,116992.000000,5,2.1,0.0,0.0,6720.000000,0,0.0,0.0,0.0,1.0
515171,0,1,3400,-56,56,282,9.2,15,0.57,126912.000000,2,2.1,0.0,0.0,0.0,0.0,0.0,0.0,0.0,1.0
515420,0,1,3400,-56,56,282,8.8,15,0.54,136704.000000,3,2.1,0.0,0.0,0.0,0.0,0.0,0.0,0.0,1.0
515669,0,1,3400,-56,56,282,9.2,15,0.58,116384.000000,2,2.1,0.0,0.0,5536.000000,0,0.0,0.0,0.0,1.0
515918,0,1,3400,-56,56,278,11,15,0.50,97056.000000,0,2.1,0.0,0.0,6848.000000,0,0.0,0.0,0.0,1.0
516167,0,1,3400,-56,56,275,10,15,0.51,126304.000000,0,2.1,0.0,0.0,0.0,0.0,0.0,0.0,0.0,1.0
516416,0,1,3400,-56,56,279,9.6,15,0.50,138016.000000,0,2.1,0.0,0.0,0.0,0.0,0.0,0.0,0.0,1.0
516665,0,1,3400,-56,56,282,9.4,15,0.63,131744.000000,2,2.1,0.0,20,0.0,50,0.0,0.0,0.0,1.0
516914,0,1,3400,-56,56,281,10,15,0.68,127872.000000,5,2.1,0.0,0.0,8000.000000,14,0.0,0.0,0.0,1.0
517163,0,1,3400,-56,56,280,8.8,15,0.51,111360.000000,2,2.1,0.0,0.0,0.0,0.0,0.0,0.0,0.0,1.0
517412,0,1,3400,-56,56,276,9.8,15,0.63,138784.000000,1,2.1,0.0,0.0,0.0,0.0,0.0,0.0,0.0,1.0
517661,0,1,3400,-56,56,275,9.9,14,0.88,115360.000000,3,2.1,0.0,186,0.0,0.0,0.0,0.0,0.0,1.0
517910,0,1,3400,-56,56,279,9.5,15,0.50,129664.000000,0,2.1,6.7,0.0,0.0,80,0.0,0.0,0.0,1.0
518159,0,1,3400,-56,56,278,9.2,15,0.67,143584.000000,4,2.1,7.5,0.0,0.0,0.0,0.0,0.0,0.0,1.0
518408,0,1,3400,-56,56,279,9.6,15,0.51,143232.000000,1,2.1,7.5,0.0,0.0,0.0,0.0,0.0,0.0,1.0
518657,0,1,3400,-56,56,274,9.7,16,0.51,84000.000000,2,2.1,7.1,0.0,5536.000000,0,0.0,0.0,0.0,1.0
518906,0,1,3400,-56,56,278,7.7,15,0.50,75328.000000,0,2.1,0.0,0.0,6592.000000,0,0.0,0.0,0.0,1.0
519155,0,1,3400,-56,56,277,9.2,15,0.74,95040.000000,2,2.1,0.0,0.0,0.0,0.0,0.0,0.0,0.0,1.0
519404,0,1,3400,-56,56,278,9.0,15,0.50,0.0,0.0,2.1,0.0,0.0,0.0,0.0,0.0,0.0,0.0,1.0
519653,0,1,3400,-56,56,283,9.0,15,0.50,0.0,0.0,2.1,0.0,0.0,0.0,0.0,0.0,0.0,0.0,1.0
519902,0,1,3400,-56,56,280,9.0,15,0.50,0.0,0.0,2.1,0.0,0.0,0.0,0.0,0.0,0.0,0.0,1.0
520151,0,1,3400,-56,56,280,9.0,15,0.50,0.0,0.0,2.1,0.0,0.0,0.0,0.0,0.0,0.0,0.0,1.0
520400,0,1,3400,-56,56,280,9.0,15,0.50,0.0,0.0,2.1,0.0,0.0,0.0,0.0,0.0,0.0,0.0,1.0
520649,0,1,3400,-56,56,277,9.0,15,0.50,0.0,0.0,2.1,0.0,0.0,0.0,0.0,0.0,0.0,0.0,1.0
520898,0,1,3400,-56,56,280,9.0,15,0.50,0.0,0.0,2.1,0.0,0.0,0.0,0.0,0.0,0.0,0.0,1.0
521147,0,1,3400,-56,56,280,9.0,15,0.50,0.0,0.0,2.1,0.0,0.0,0.0,0.0,0.0,0.0,0.0,1.0
521396,0,1,3400,-56,56,279,9.0,15,0.50,0.0,0.0,2.1,0.0,0.0,0.0,0.0,0.0,0.0,0.0,1.0
521645,0,1,3400,-56,56,277,9.0,15,0.50,0.0,0.0,2.1,0.0,0.0,0.0,0.0,0.0,0.0,0.0,1.0
521894,0,1,3400,-56,56,282,9.0,14,0.50,0.0,0.0,2.1,0.0,0.0,0.0,0.0,0.0,0.0,0.0,1.0
522143,0,1,3400,-56,56,281,9.0,16,0.50,0.0,0.0,2.1,0.0,0.0,0.0,0.0,0.0,0.0,0.0,1.0
522392,0,1,3400,-56,56,280,9.0,15,0.50,0.0,0.0,2.1,0.0,0.0,0.0,0.0,0.0,0.0,0.0,1.0
522641,0,1,3400,-56,56,281,9.0,16,0.50,0.0,0.0,2.1,0.0,0.0,0.0,0.0,0.0,0.0,0.0,1.0
522890,0,1,3400,-56,56,279,9.0,15,0.50,0.0,0.0,2.1,0.0,0.0,0.0,0.0,0.0,0.0,0.0,1.0
523139,0,1,3400,-56,56,278,9.0,16,0.50,0.0,0.0,2.1,0.0,0.0,0.0,0.0,0.0,0.0,0.0,1.0
523388,0,1,3400,-56,56,284,9.0,15,0.50,0.0,0.0,2.1,0.0,0.0,0.0,0.0,0.0,0.0,0.0,1.0
523637,0,1,3400,-56,56,281,9.0,16,0.50,0.0,0.0,2.1,0.0,0.0,0.0,0.0,0.0,0.0,0.0,1.0
523886,0,1,3400,-56,56,275,9.0,16,0.50,0.0,0.0,2.1,0.0,0.0,0.0,0.0,0.0,0.0,0.0,1.0
524135,0,1,3400,-56,56,279,9.0,15,0.50,0.0,0.0,2.1,0.0,0.0,0.0,0.0,0.0,0.0,0.0,1.0
524384,0,1,3400,-56,56,278,9.0,15,0.50,0.0,0.0,2.1,0.0,0.0,0.0,0.0,0.0,0.0,0.0,1.0
524633,0,1,3400,-56,56,279,9.0,16,0.50,0.0,0.0,2.1,0.0,0.0,0.0,0.0,0.0,0.0,0.0,1.0
524882,0,1,3400,-66,66,250,9.0,6.9,0.50,0.0,0.0,2.1,0.0,0.0,0.0,0.0,0.0,0.0,0.0,1.0
525131,0,1,3400,-79,79,374,9.0,-5.8,0.50,0.0,0.0,2.1,0.0,0.0,0.0,0.0,0.0,0.0,0.0,1.0
525380,0,1,3400,-79,79,611,9.0,-5.6,0.50,0.0,0.0,2.1,0.0,0.0,0.0,0.0,0.0,0.0,0.0,1.0
525629,0,1,3400,-79,79,906,9.0,-6.0,0.50,0.0,0.0,2.1,0.0,0.0,0.0,0.0,0.0,0.0,0.0,1.0
525878,0,1,3400,-79,79,1032.285645,9.0,-5.6,0.50,0.0,0.0,2.1,0.0,0.0,0.0,0.0,0.0,1.0,0.0,1.0
526127,0,1,3400,-79,79,1032.285645,9.0,-5.6,0.50,0.0,0.0,2.1,0.0,0.0,0.0,0.0,0.0,0.0,0.0,1.0
526376,0,1,3400,-79,79,1032.285645,9.0,-5.6,0.50,0.0,0.0,2.1,0.0,0.0,0.0,0.0,0.0,0.0,0.0,1.0
526625,0,1,3400,-79,79,1032.285645,9.0,-5.6,0.50,0.0,0.0,2.1,0.0,0.0,0.0,0.0,0.0,0.0,0.0,1.0
526874,0,1,3400,-79,79,1032.285645,9.0,-5.6,0.50,0.0,0.0,2.1,0.0,0.0,0.0,0.0,0.0,0.0,0.0,1.0
527123,0,1,3400,-79,79,1032.285645,9.0,-5.6,0.50,0.0,0.0,2.1,0.0,0.0,0.0,0.0,0.0,0.0,0.0,0.0
527372,0,1,3400,-79,79,1032.285645,9.0,-5.6,0.50,0.0,0.0,2.1,0.0,0.0,0.0,0.0,0.0,0.0,0.0,0.0
527621,0,1,3400,-79,79,1032.285645,9.0,-5.6,0.50,0.0,0.0,2.1,0.0,0.0,0.0,0.0,0.0,0.0,0.0,0.0
527870,0,1,3400,-79,79,1032.285645,9.0,-5.6,0.50,0.0,0.0,2.1,0.0,0.0,0.0,0.0,0.0,0.0,0.0,0.0
528119,0,1,3400,-79,79,1032.285645,9.0,-5.6,0.50,0.0,0.0,2.1,0.0,0.0,0.0,0.0,0.0,0.0,0.0,0.0
528368,0,1,3400,-79,79,1032.285645,9.0,-5.6,0.50,0.0,0.0,2.1,0.0,0.0,0.0,0.0,0.0,0.0,0.0,0.0
528617,0,1,3400,-79,79,1032.285645,9.0,-5.6,0.50,0.0,0.0,2.1,0.0,0.0,0.0,0.0,0.0,0.0,0.0,0.0
528866,0,1,3400,-79,79,1032.285645,9.0,-5.6,0.50,0.0,0.0,2.1,0.0,0.0,0.0,0.0,0.0,0.0,0.0,0.0
529115,0,1,3400,-79,79,1032.285645,9.0,-5.6,0.50,0.0,0.0,2.1,0.0,0.0,0.0,0.0,0.0,0.0,0.0,0.0
529364,0,1,3400,-79,79,1032.285645,9.0,-5.6,0.50,0.0,0.0,2.1,0.0,0.0,0.0,0.0,0.0,0.0,0.0,0.0
529613,0,1,3400,-79,79,1032.285645,9.0,-5.6,0.50,0.0,0.0,2.1,0.0,0.0,0.0,0.0,0.0,0.0,0.0,0.0
529862,0,1,3400,-79,79,1032.285645,9.0,-5.6,0.50,0.0,0.0,2.1,0.0,0.0,0.0,0.0,0.0,0.0,0.0,0.0
530111,0,1,3400,-79,79,1032.285645,9.0,-5.6,0.50,0.0,0.0,2.1,0.0,0.0,0.0,0.0,0.0,0.0,0.0,0.0
530360,0,1,3400,-79,79,1032.285645,9.0,-5.6,0.50,0.0,0.0,2.1,0.0,0.0,0.0,0.0,0.0,0.0,0.0,0.0
530609,0,1,3400,-79,79,1032.285645,9.0,-5.6,0.50,0.0,0.0,2.1,0.0,0.0,0.0,0.0,0.0,0.0,0.0,0.0
530858,0,1,3400,-79,79,1032.285645,9.0,-5.6,0.50,0.0,0.0,2.1,0.0,0.0,0.0,0.0,0.0,0.0,0.0,0.0
531107,0,1,3400,-79,79,1032.285645,9.0,-5.6,0.50,0.0,0.0,2.1,0.0,0.0,0.0,0.0,0.0,0.0,0.0,0.0
531356,0,1,3400,-79,79,1032.285645,9.0,-5.6,0.50,0.0,0.0,2.1,0.0,0.0,0.0,0.0,0.0,0.0,0.0,0.0
531605,0,1,3400,-79,79,1032.285645,9.0,-5.6,0.50,0.0,0.0,2.1,0.0,0.0,0.0,0.0,0.0,0.0,0.0,0.0
531854,0,1,3400,-79,79,1032.285645,9.0,-5.6,0.50,0.0,0.0,2.1,0.0,0.0,0.0,0.0,0.0,0.0,0.0,0.0
532103,0,1,3400,-79,79,1032.285645,9.0,-5.6,0.50,0.0,0.0,2.1,0.0,0.0,0.0,0.0,0.0,0.0,0.0,0.0
532352,0,1,3400,-79,79,1032.285645,9.0,-5.6,0.50,0.0,0.0,2.1,0.0,0.0,0.0,0.0,0.0,0.0,0.0,0.0
532601,0,1,3400,-79,79,1032.285645,9.0,-5.6,0.50,0.0,0.0,2.1,0.0,0.0,0.0,0.0,0.0,0.0,