Timestamp,num_ues,IMSI,RNTI,,slicing_enabled,slice_id,slice_prb,power_multiplier,scheduling_policy,,dl_mcs,dl_n_samples,dl_buffer [bytes],tx_brate downlink [Mbps],tx_pkts downlink,tx_errors downlink (%),dl_cqi,,ul_mcs,ul_n_samples,ul_buffer [bytes],rx_brate uplink [Mbps],rx_pkts uplink,rx_errors uplink (%),ul_rssi,ul_sinr,phr,,sum_requested_prbs,sum_granted_prbs,,dl_pmi,dl_ri,ul_n,ul_turbo_iters
1613754754026,8,1010123456031,76,,1,0,6,1,2,,0,12,0,0.0059759,5,0,8.66667,,9.22222,27,0,0.1,8,25,0,23.9407,31,,3,33,,0,0,0,3
1613754754276,6,1010123456031,76,,1,0,6,1,2,,3.27273,11,0,0.00228112,3,0,9,,11.6471,17,0,0.1,5,20,0,25.6001,31,,0,9,,0,0,0,2.58824
1613754754526,6,1010123456031,76,,1,0,6,1,2,,0,0,0,0,0,0,9.83333,,15,4,0,0.1,1,0,0,21.0108,31,,0,0,,0,0,0,1
1613754754776,6,1010123456031,76,,1,0,6,1,2,,0,0,0,0,0,0,9.4,,15,20,0,0.1,5,0,0,26.2708,31,,0,0,,0,0,0,1
1613754755026,6,1010123456031,76,,1,0,6,1,2,,0,0,0,0,0,0,6.2,,15,4,0,0.1,1,0,0,30.7263,31,,0,0,,0,0,0,1
1613754755276,6,1010123456031,76,,1,0,6,1,2,,0,0,0,0,0,0,7,,0,0,0,0,0,0,0,0,0,,0,0,,0,0,0,0
1613754755526,6,1010123456031,76,,1,0,6,1,2,,0,0,0,0,0,0,10.4286,,0,0,0,0,0,0,0,0,0,,0,0,,0,0,0,0
1613754755776,6,1010123456031,76,,1,0,6,1,2,,0,0,0,0,0,0,9.8,,0,0,0,0,0,0,0,0,0,,0,0,,0,0,0,0
1613754756026,6,1010123456031,76,,1,0,6,1,2,,0,0,0,0,0,0,7.4,,0,0,0,0,0,0,0,0,0,,0,0,,0,0,0,0
1613754756276,6,1010123456031,76,,1,0,6,1,2,,0,0,0,0,0,0,10,,0,0,0,0,0,0,0,0,0,,0,0,,0,0,0,0
1613754756526,6,1010123456031,76,,1,0,6,1,2,,0,0,0,0,0,0,10.5,,0,0,0,0,0,0,0,0,0,,0,0,,0,0,0,0
1613754756776,6,1010123456031,76,,1,0,6,1,2,,0,0,0,0,0,0,7.4,,0,0,0,0,0,0,0,0,0,,0,0,,0,0,0,0
1613754757026,6,1010123456031,76,,1,0,6,1,2,,0,0,0,0,0,0,9,,0,0,0,0,0,0,0,0,0,,0,0,,0,0,0,0
1613754757276,6,1010123456031,76,,1,0,6,1,2,,0,0,0,0,0,0,10,,0,0,0,0,0,0,0,0,0,,0,0,,0,0,0,0
1613754757526,6,1010123456031,76,,1,0,6,1,2,,0,0,0,0,0,0,8.57143,,0,0,0,0,0,0,0,0,0,,0,0,,0,0,0,0
1613754757776,6,1010123456031,76,,1,0,6,1,2,,0,0,0,0,0,0,8.66667,,0,0,0,0,0,0,0,0,0,,0,0,,0,0,0,0
1613754758026,6,1010123456031,76,,1,0,6,1,2,,0,0,0,0,0,0,7.75,,0,0,0,0,0,0,0,0,0,,0,0,,0,0,0,0
1613754758276,6,1010123456031,76,,1,0,6,1,2,,0,0,0,0,0,0,9,,0,0,0,0,0,0,0,0,0,,0,0,,0,0,0,0
1613754758526,6,1010123456031,76,,1,0,6,1,2,,0,0,0,0,0,0,10,,0,0,0,0,0,0,0,0,0,,0,0,,0,0,0,0
1613754758776,6,1010123456031,76,,1,0,6,1,2,,0,0,0,0,0,0,7.4,,0,0,0,0,0,0,0,0,0,,0,0,,0,0,0,0
1613754759026,6,1010123456031,76,,1,0,6,1,2,,0,0,0,0,0,0,8,,0,0,0,0,0,0,0,0,0,,0,0,,0,0,0,0
1613754759276,6,1010123456031,76,,1,0,6,1,2,,0,0,0,0,0,0,9.8,,0,0,0,0,0,0,0,0,0,,0,0,,0,0,0,0
1613754759526,6,1010123456031,76,,1,0,6,1,2,,0,0,0,0,0,0,10.6667,,0,0,0,0,0,0,0,0,0,,0,0,,0,0,0,0
1613754759776,6,1010123456031,76,,1,0,6,1,2,,0,0,0,0,0,0,8.6,,0,0,0,0,0,0,0,0,0,,0,0,,0,0,0,0
1613754760026,6,1010123456031,76,,1,0,6,1,2,,0,0,0,0,0,0,9,,0,0,0,0,0,0,0,0,0,,0,0,,0,0,0,0
1613754760276,6,1010123456031,76,,1,0,6,1,2,,0,0,0,0,0,0,8.8,,0,0,0,0,0,0,0,0,0,,0,0,,0,0,0,0
1613754760526,6,1010123456031,76,,1,0,6,1,2,,0,0,0,0,0,0,8.85714,,0,0,0,0,0,0,0,0,0,,0,0,,0,0,0,0
1613754760776,6,1010123456031,76,,1,0,6,1,2,,0,0,0,0,0,0,8.25,,0,0,0,0,0,0,0,0,0,,0,0,,0,0,0,0
1613754761026,6,1010123456031,76,,1,0,6,1,2,,0,0,0,0,0,0,8.66667,,0,0,0,0,0,0,0,0,0,,0,0,,0,0,0,0
1613754761276,6,1010123456031,76,,1,0,6,1,2,,0,0,0,0,0,0,7,,0,0,0,0,0,0,0,0,0,,0,0,,0,0,0,0
1613754761526,6,1010123456031,76,,1,0,6,1,2,,0,0,0,0,0,0,8.16667,,0,0,0,0,0,0,0,0,0,,0,0,,0,0,0,0
1613754761776,6,1010123456031,76,,1,0,6,1,2,,0,0,0,0,0,0,8.8,,0,0,0,0,0,0,0,0,0,,0,0,,0,0,0,0
1613754762026,6,1010123456031,76,,1,0,6,1,2,,0,0,0,0,0,0,7.8,,0,0,0,0,0,0,0,0,0,,0,0,,0,0,0,0
1613754762276,6,1010123456031,76,,1,0,6,1,2,,0,0,0,0,0,0,9.5,,0,0,0,0,0,0,0,0,0,,0,0,,0,0,0,0
1613754762526,6,1010123456031,76,,1,0,6,1,2,,0,0,0,0,0,0,9.83333,,0,0,0,0,0,0,0,0,0,,0,0,,0,0,0,0
1613754762776,6,1010123456031,76,,1,0,6,1,2,,0,0,0,0,0,0,6.83333,,0,0,0,0,0,0,0,0,0,,0,0,,0,0,0,0
1613754763026,6,1010123456031,76,,1,0,6,1,2,,0,0,0,0,0,0,10.25,,0,0,0,0,0,0,0,0,0,,0,0,,0,0,0,0
1613754763276,6,1010123456031,76,,1,0,6,1,2,,0,0,0,0,0,0,8.2,,0,0,0,0,0,0,0,0,0,,0,0,,0,0,0,0
1613754763526,6,1010123456031,76,,1,0,6,1,2,,0,0,0,0,0,0,8.33333,,0,0,0,0,0,0,0,0,0,,0,0,,0,0,0,0
1613754763776,6,1010123456031,76,,1,0,6,1,2,,0,0,0,0,0,0,10.8,,0,0,0,0,0,0,0,0,0,,0,0,,0,0,0,0
1613754764026,6,1010123456031,76,,1,0,6,1,2,,0,0,0,0,0,0,9.83333,,0,0,0,0,0,0,0,0,0,,0,0,,0,0,0,0
1613754764276,6,1010123456031,76,,1,0,6,1,2,,0,0,0,0,0,0,8.25,,0,0,0,0,0,0,0,0,0,,0,0,,0,0,0,0
1613754764526,6,1010123456031,76,,1,0,6,1,2,,0,0,0,0,0,0,8.66667,,0,0,0,0,0,0,0,0,0,,0,0,,0,0,0,0
1613754764776,6,1010123456031,76,,1,0,6,1,2,,0,0,0,0,0,0,9,,0,0,0,0,0,0,0,0,0,,0,0,,0,0,0,0
1613754765026,6,1010123456031,76,,1,0,6,1,2,,0,0,0,0,0,0,4.5,,0,0,0,0,0,0,0,0,0,,0,0,,0,0,0,0
1613754765276,6,1010123456031,76,,1,0,6,1,2,,0,0,0,0,0,0,8,,0,0,0,0,0,0,0,0,0,,0,0,,0,0,0,0
1613754765526,6,1010123456031,76,,1,0,6,1,2,,0,0,0,0,0,0,9.66667,,0,0,0,0,0,0,0,0,0,,0,0,,0,0,0,0
1613754765776,6,1010123456031,76,,1,0,6,1,2,,0,0,0,0,0,0,9.5,,0,0,0,0,0,0,0,0,0,,0,0,,0,0,0,0
1613754766026,6,1010123456031,76,,1,0,6,1,2,,0,0,0,0,0,0,7.8,,0,0,0,0,0,0,0,0,0,,0,0,,0,0,0,0
1613754766276,6,1010123456031,76,,1,0,6,1,2,,0,0,0,0,0,0,6.8,,0,0,0,0,0,0,0,0,0,,0,0,,0,0,0,0
1613754766526,6,1010123456031,76,,1,0,6,1,2,,0,0,0,0,0,0,8.85714,,0,0,0,0,0,0,0,0,0,,0,0,,0,0,0,0
1613754766776,6,1010123456031,76,,1,0,6,1,2,,0,0,0,0,0,0,7.25,,0,0,0,0,0,0,0,0,0,,0,0,,0,0,0,0
1613754767026,6,1010123456031,76,,1,0,6,1,2,,0,0,0,0,0,0,8.8,,0,0,0,0,0,0,0,0,0,,0,0,,0,0,0,0
1613754767276,6,1010123456031,76,,1,0,6,1,2,,0,0,0,0,0,0,9.5,,0,0,0,0,0,0,0,0,0,,0,0,,0,0,0,0
1613754767526,6,1010123456031,76,,1,0,6,1,2,,0,0,0,0,0,0,7.66667,,0,0,0,0,0,0,0,0,0,,0,0,,0,0,0,0
1613754767776,6,1010123456031,76,,1,0,6,1,2,,0,0,0,0,0,0,8,,0,0,0,0,0,0,0,0,0,,0,0,,0,0,0,0
1613754768026,6,1010123456031,76,,1,0,6,1,2,,0,0,0,0,0,0,10.25,,0,0,0,0,0,0,0,0,0,,0,0,,0,0,0,0
1613754768276,6,1010123456031,76,,1,0,6,1,2,,0,0,0,0,0,0,9.83333,,0,0,0,0,0,0,0,0,0,,0,0,,0,0,0,0
1613754768526,6,1010123456031,76,,1,0,6,1,2,,0,0,0,0,0,0,9.4,,0,0,0,0,0,0,0,0,0,,0,0,,0,0,0,0
1613754768776,6,1010123456031,76,,1,0,6,1,2,,0,0,0,0,0,0,8.6,,0,0,0,0,0,0,0,0,0,,0,0,,0,0,0,0
1613754769026,6,1010123456031,76,,1,0,6,1,2,,0,0,0,0,0,0,9.75,,0,0,0,0,0,0,0,0,0,,0,0,,0,0,0,0
1613754769276,6,1010123456031,76,,1,0,6,1,2,,0,0,0,0,0,0,7,,0,0,0,0,0,0,0,0,0,,0,0,,0,0,0,0
1613754769526,6,1010123456031,76,,1,0,6,1,2,,0,0,0,0,0,0,7.83333,,0,0,0,0,0,0,0,0,0,,0,0,,0,0,0,0
1613754769776,6,1010123456031,76,,1,0,6,1,2,,0,0,0,0,0,0,7,,0,0,0,0,0,0,0,0,0,,0,0,,0,0,0,0
1613754770026,6,1010123456031,76,,1,0,6,1,2,,0,0,0,0,0,0,8.83333,,0,0,0,0,0,0,0,0,0,,0,0,,0,0,0,0
1613754770276,6,1010123456031,76,,1,0,6,1,2,,0,0,0,0,0,0,9,,0,0,0,0,0,0,0,0,0,,0,0,,0,0,0,0
1613754770526,6,1010123456031,76,,1,0,6,1,2,,0,0,0,0,0,0,8.85714,,0,0,0,0,0,0,0,0,0,,0,0,,0,0,0,0
1613754770776,6,1010123456031,76,,1,0,6,1,2,,0,0,0,0,0,0,8,,0,0,0,0,0,0,0,0,0,,0,0,,0,0,0,0
1613754771026,6,1010123456031,76,,1,0,6,1,2,,0,0,0,0,0,0,10,,0,0,0,0,0,0,0,0,0,,0,0,,0,0,0,0
1613754771276,6,1010123456031,76,,1,0,6,1,2,,0,0,0,0,0,0,7.16667,,0,0,0,0,0,0,0,0,0,,0,0,,0,0,0,0
1613754771526,6,1010123456031,76,,1,0,6,1,2,,0,0,0,0,0,0,10.1667,,0,0,0,0,0,0,0,0,0,,0,0,,0,0,0,0
1613754771776,6,1010123456031,76,,1,0,6,1,2,,0,0,0,0,0,0,8.33333,,0,0,0,0,0,0,0,0,0,,0,0,,0,0,0,0
1613754772026,6,1010123456031,76,,1,0,6,1,2,,0,0,0,0,0,0,8.5,,0,0,0,0,0,0,0,0,0,,0,0,,0,0,0,0
1613754772276,6,1010123456031,76,,1,0,6,1,2,,0,0,0,0,0,0,8.6,,0,0,0,0,0,0,0,0,0,,0,0,,0,0,0,0
1613754772526,6,1010123456031,76,,1,0,6,1,2,,0,0,0,0,0,0,8.85714,,0,0,0,0,0,0,0,0,0,,0,0,,0,0,0,0
1613754772776,6,1010123456031,76,,1,0,6,1,2,,0,0,0,0,0,0,7.2,,0,0,0,0,0,0,0,0,0,,0,0,,0,0,0,0
1613754773026,6,1010123456031,76,,1,0,6,1,2,,0,0,0,0,0,0,10.25,,0,0,0,0,0,0,0,0,0,,0,0,,0,0,0,0
1613754773276,6,1010123456031,76,,1,0,6,1,2,,0,0,0,0,0,0,8.4,,0,0,0,0,0,0,0,0,0,,0,0,,0,0,0,0
1613754773526,6,1010123456031,76,,1,0,6,1,2,,0,0,0,0,0,0,9.83333,,0,0,0,0,0,0,0,0,0,,0,0,,0,0,0,0
1613754773776,6,1010123456031,76,,1,0,6,1,2,,0,0,0,0,0,0,7.8,,0,0,0,0,0,0,0,0,0,,0,0,,0,0,0,0
1613754774026,6,1010123456031,76,,1,0,6,1,2,,0,0,0,0,0,0,8.83333,,0,0,0,0,0,0,0,0,0,,0,0,,0,0,0,0
1613754774276,6,1010123456031,76,,1,0,6,1,2,,0,0,0,0,0,0,8.33333,,0,0,0,0,0,0,0,0,0,,0,0,,0,0,0,0
1613754774526,6,1010123456031,76,,1,0,6,1,2,,0,0,0,0,0,0,7.66667,,0,0,0,0,0,0,0,0,0,,0,0,,0,0,0,0
1613754774776,6,1010123456031,76,,1,0,6,1,2,,0,0,0,0,0,0,9.8,,0,0,0,0,0,0,0,0,0,,0,0,,0,0,0,0
1613754775026,6,1010123456031,76,,1,0,6,1,2,,0,0,0,0,0,0,9,,0,0,0,0,0,0,0,0,0,,0,0,,0,0,0,0
1613754775276,6,1010123456031,76,,1,0,6,1,2,,0,0,0,0,0,0,9,,0,0,0,0,0,0,0,0,0,,0,0,,0,0,0,0
1613754775526,6,1010123456031,76,,1,0,6,1,2,,0,0,0,0,0,0,7.33333,,0,0,0,0,0,0,0,0,0,,0,0,,0,0,0,0
1613754775776,6,1010123456031,76,,1,0,6,1,2,,0,0,0,0,0,0,7.66667,,0,0,0,0,0,0,0,0,0,,0,0,,0,0,0,0
1613754776026,6,1010123456031,76,,1,0,6,1,2,,0,0,0,0,0,0,9.83333,,0,0,0,0,0,0,0,0,0,,0,0,,0,0,0,0
1613754776276,6,1010123456031,76,,1,0,6,1,2,,0,0,0,0,0,0,7.4,,0,0,0,0,0,0,0,0,0,,0,0,,0,0,0,0
1613754776526,6,1010123456031,76,,1,0,6,1,2,,0,0,0,0,0,0,9.4,,0,0,0,0,0,0,0,0,0,,0,0,,0,0,0,0
1613754776776,6,1010123456031,76,,1,0,6,1,2,,0,0,0,0,0,0,8.8,,0,0,0,0,0,0,0,0,0,,0,0,,0,0,0,0
1613754777026,6,1010123456031,76,,1,0,6,1,2,,0,0,0,0,0,0,8.16667,,0,0,0,0,0,0,0,0,0,,0,0,,0,0,0,0
1613754777276,6,1010123456031,76,,1,0,6,1,2,,0,0,0,0,0,0,8.83333,,0,0,0,0,0,0,0,0,0,,0,0,,0,0,0,0
1613754777526,6,1010123456031,76,,1,0,6,1,2,,0,0,0,0,0,0,8.5,,0,0,0,0,0,0,0,0,0,,0,0,,0,0,0,0
1613754777776,6,1010123456031,76,,1,0,6,1,2,,0,0,0,0,0,0,8,,0,0,0,0,0,0,0,0,0,,0,0,,0,0,0,0
1613754778026,6,1010123456031,76,,1,0,6,1,2,,0,0,0,0,0,0,8.16667,,0,0,0,0,0,0,0,0,0,,0,0,,0,0,0,0
1613754778276,6,1010123456031,76,,1,0,6,1,2,,0,0,0,0,0,0,6.4,,0,0,0,0,0,0,0,0,0,,0,0,,0,0,0,0
1613754778526,6,1010123456031,76,,1,0,6,1,2,,0,0,0,0,0,0,8,,0,0,0,0,0,0,0,0,0,,0,0,,0,0,0,0
1613754778776,6,1010123456031,76,,1,0,6,1,2,,0,0,0,0,0,0,8.25,,0,0,0,0,0,0,0,0,0,,0,0,,0,0,0,0
1613754779026,6,1010123456031,76,,1,0,6,1,2,,0,0,0,0,0,0,9,,0,0,0,0,0,0,0,0,0,,0,0,,0,0,0,0
1613754779276,6,1010123456031,76,,1,0,6,1,2,,0,0,0,0,0,0,9.66667,,0,0,0,0,0,0,0,0,0,,0,0,,0,0,0,0
1613754779526,6,1010123456031,76,,1,0,6,1,2,,0,0,0,0,0,0,7.8,,0,0,0,0,0,0,0,0,0,,0,0,,0,0,0,0
1613754779776,6,1010123456031,76,,1,0,6,1,2,,0,0,0,0,0,0,8,,0,0,0,0,0,0,0,0,0,,0,0,,0,0,0,0
1613754780026,6,1010123456031,76,,1,0,6,1,2,,0,0,0,0,0,0,8.8,,0,0,0,0,0,0,0,0,0,,0,0,,0,0,0,0
1613754780276,6,1010123456031,76,,1,0,6,1,2,,0,0,0,0,0,0,8,,0,0,0,0,0,0,0,0,0,,0,0,,0,0,0,0
1613754780526,6,1010123456031,76,,1,0,6,1,2,,0,0,0,0,0,0,8.6,,0,0,0,0,0,0,0,0,0,,0,0,,0,0,0,0
1613754780776,6,1010123456031,76,,1,0,6,1,2,,0,0,0,0,0,0,9,,0,0,0,0,0,0,0,0,0,,0,0,,0,0,0,0
1613754781026,6,1010123456031,76,,1,0,6,1,2,,0,0,0,0,0,0,9.2,,0,0,0,0,0,0,0,0,0,,0,0,,0,0,0,0
1613754781276,6,1010123456031,76,,1,0,6,1,2,,0,0,0,0,0,0,8,,0,0,0,0,0,0,0,0,0,,0,0,,0,0,0,0
1613754781526,6,1010123456031,76,,1,0,6,1,2,,0,0,0,0,0,0,8.66667,,0,0,0,0,0,0,0,0,0,,0,0,,0,0,0,0
1613754781776,6,1010123456031,76,,1,0,6,1,2,,0,0,0,0,0,0,8,,0,0,0,0,0,0,0,0,0,,0,0,,0,0,0,0
1613754782026,6,1010123456031,76,,1,0,6,1,2,,0,0,0,0,0,0,8.83333,,0,0,0,0,0,0,0,0,0,,0,0,,0,0,0,0
1613754782276,6,1010123456031,76,,1,0,6,1,2,,0,0,0,0,0,0,8.5,,0,0,0,0,0,0,0,0,0,,0,0,,0,0,0,0
1613754782526,6,1010123456031,76,,1,0,6,1,2,,0,0,0,0,0,0,9,,0,0,0,0,0,0,0,0,0,,0,0,,0,0,0,0
1613754782776,6,1010123456031,76,,1,0,6,1,2,,0,0,0,0,0,0,6.83333,,0,0,0,0,0,0,0,0,0,,0,0,,0,0,0,0
1613754783026,6,1010123456031,76,,1,0,6,1,2,,0,0,0,0,0,0,9,,0,0,0,0,0,0,0,0,0,,0,0,,0,0,0,0
1613754783276,6,1010123456031,76,,1,0,6,1,2,,0,0,0,0,0,0,8.33333,,0,0,0,0,0,0,0,0,0,,0,0,,0,0,0,0
1613754783526,6,1010123456031,76,,1,0,6,1,2,,0,0,0,0,0,0,9,,0,0,0,0,0,0,0,0,0,,0,0,,0,0,0,0
1613754783776,6,1010123456031,76,,1,0,6,1,2,,0,0,0,0,0,0,7,,0,0,0,0,0,0,0,0,0,,0,0,,0,0,0,0
1613754784026,6,1010123456031,76,,1,0,6,1,2,,0,0,0,0,0,0,9,,0,0,0,0,0,0,0,0,0,,0,0,,0,0,0,0
1613754784276,6,1010123456031,76,,1,0,6,1,2,,0,0,0,0,0,0,9.83333,,0,0,0,0,0,0,0,0,0,,0,0,,0,0,0,0
1613754784526,6,1010123456031,76,,1,0,6,1,2,,0,0,0,0,0,0,8,,0,0,0,0,0,0,0,0,0,,0,0,,0,0,0,0
1613754784776,6,1010123456031,76,,1,0,6,1,2,,0,0,0,0,0,0,8.16667,,0,0,0,0,0,0,0,0,0,,0,0,,0,0,0,0
1613754785026,6,1010123456031,76,,1,0,6,1,2,,0,0,0,0,0,0,10,,0,0,0,0,0,0,0,0,0,,0,0,,0,0,0,0
1613754785276,6,1010123456031,76,,1,0,6,1,2,,0,0,0,0,0,0,8.75,,0,0,0,0,0,0,0,0,0,,0,0,,0,0,0,0
1613754785526,6,1010123456031,76,,1,0,6,1,2,,0,0,0,0,0,0,9.16667,,0,0,0,0,0,0,0,0,0,,0,0,,0,0,0,0
1613754785776,6,1010123456031,76,,1,0,6,1,2,,0,0,0,0,0,0,9.8,,0,0,0,0,0,0,0,0,0,,0,0,,0,0,0,0
1613754786026,6,1010123456031,76,,1,0,6,1,2,,0,0,0,0,0,0,9.83333,,0,0,0,0,0,0,0,0,0,,0,0,,0,0,0,0
1613754786276,6,1010123456031,76,,1,0,6,1,2,,0,0,0,0,0,0,8.6,,0,0,0,0,0,0,0,0,0,,0,0,,0,0,0,0
1613754786526,6,1010123456031,76,,1,0,6,1,2,,0,0,0,0,0,0,7.8,,0,0,0,0,0,0,0,0,0,,0,0,,0,0,0,0
1613754786776,6,1010123456031,76,,1,0,6,1,2,,0,0,0,0,0,0,7.83333,,0,0,0,0,0,0,0,0,0,,0,0,,0,0,0,0
1613754787026,6,1010123456031,76,,1,0,6,1,2,,0,0,0,0,0,0,8.83333,,0,0,0,0,0,0,0,0,0,,0,0,,0,0,0,0
1613754787276,6,1010123456031,76,,1,0,6,1,2,,0,0,0,0,0,0,9.66667,,0,0,0,0,0,0,0,0,0,,0,0,,0,0,0,0
1613754787526,6,1010123456031,76,,1,0,6,1,2,,0,0,0,0,0,0,8.25,,0,0,0,0,0,0,0,0,0,,0,0,,0,0,0,0
1613754787776,6,1010123456031,76,,1,0,6,1,2,,0,0,0,0,0,0,8.4,,0,0,0,0,0,0,0,0,0,,0,0,,0,0,0,0
1613754788026,6,1010123456031,76,,1,0,6,1,2,,0,0,0,0,0,0,8.4,,0,0,0,0,0,0,0,0,0,,0,0,,0,0,0,0
1613754788276,6,1010123456031,76,,1,0,6,1,2,,0,0,0,0,0,0,9.16667,,0,0,0,0,0,0,0,0,0,,0,0,,0,0,0,0
1613754788526,6,1010123456031,76,,1,0,6,1,2,,0,0,0,0,0,0,9.16667,,0,0,0,0,0,0,0,0,0,,0,0,,0,0,0,0
1613754788776,6,1010123456031,76,,1,0,6,1,2,,0,0,0,0,0,0,9,,0,0,0,0,0,0,0,0,0,,0,0,,0,0,0,0
1613754789026,6,1010123456031,76,,1,0,6,1,2,,0,0,0,0,0,0,9,,0,0,0,0,0,0,0,0,0,,0,0,,0,0,0,0
1613754789276,6,1010123456031,76,,1,0,6,1,2,,0,0,0,0,0,0,10.2,,0,0,0,0,0,0,0,0,0,,0,0,,0,0,0,0
1613754789526,6,1010123456031,76,,1,0,6,1,2,,0,0,0,0,0,0,7.4,,0,0,0,0,0,0,0,0,0,,0,0,,0,0,0,0
1613754789776,6,1010123456031,76,,1,0,6,1,2,,0,0,0,0,0,0,7.2,,0,0,0,0,0,0,0,0,0,,0,0,,0,0,0,0
1613754790026,6,1010123456031,76,,1,0,6,1,2,,0,0,0,0,0,0,6.6,,0,0,0,0,0,0,0,0,0,,0,0,,0,0,0,0
1613754790276,6,1010123456031,76,,1,0,6,1,2,,0,0,0,0,0,0,8.83333,,0,0,0,0,0,0,0,0,0,,0,0,,0,0,0,0
1613754790526,6,1010123456031,76,,1,0,6,1,2,,0,0,0,0,0,0,9.42857,,0,0,0,0,0,0,0,0,0,,0,0,,0,0,0,0
1613754790776,6,1010123456031,76,,1,0,6,1,2,,0,0,0,0,0,0,9,,0,0,0,0,0,0,0,0,0,,0,0,,0,0,0,0
1613754791026,6,1010123456031,76,,1,0,6,1,2,,0,0,0,0,0,0,9,,0,0,0,0,0,0,0,0,0,,0,0,,0,0,0,0
1613754791276,6,1010123456031,76,,1,0,6,1,2,,0,0,0,0,0,0,7.83333,,0,0,0,0,0,0,0,0,0,,0,0,,0,0,0,0
1613754791526,6,1010123456031,76,,1,0,6,1,2,,0,0,0,0,0,0,10.6667,,0,0,0,0,0,0,0,0,0,,0,0,,0,0,0,0
1613754791776,6,1010123456031,76,,1,0,6,1,2,,0,0,0,0,0,0,10,,0,0,0,0,0,0,0,0,0,,0,0,,0,0,0,0
1613754792026,6,1010123456031,76,,1,0,6,1,2,,0,0,0,0,0,0,8.33333,,0,0,0,0,0,0,0,0,0,,0,0,,0,0,0,0
1613754792276,6,1010123456031,76,,1,0,6,1,2,,0,0,0,0,0,0,6.83333,,0,0,0,0,0,0,0,0,0,,0,0,,0,0,0,0
1613754792526,6,1010123456031,76,,1,0,6,1,2,,0,0,0,0,0,0,11.5,,0,0,0,0,0,0,0,0,0,,0,0,,0,0,0,0
1613754792776,6,1010123456031,76,,1,0,6,1,2,,0,0,0,0,0,0,7.8,,0,0,0,0,0,0,0,0,0,,0,0,,0,0,0,0
1613754793026,6,1010123456031,76,,1,0,6,1,2,,0,0,0,0,0,0,9,,0,0,0,0,0,0,0,0,0,,0,0,,0,0,0,0
1613754793276,6,1010123456031,76,,1,0,6,1,2,,0,0,0,0,0,0,5.8,,0,0,0,0,0,0,0,0,0,,0,0,,0,0,0,0
1613754793526,6,1010123456031,76,,1,0,6,1,2,,0,0,0,0,0,0,9,,0,0,0,0,0,0,0,0,0,,0,0,,0,0,0,0
1613754793776,6,1010123456031,76,,1,0,6,1,2,,0,0,0,0,0,0,7.8,,0,0,0,0,0,0,0,0,0,,0,0,,0,0,0,0
1613754794026,6,1010123456031,76,,1,0,6,1,2,,0,0,0,0,0,0,9,,0,0,0,0,0,0,0,0,0,,0,0,,0,0,0,0
1613754794276,6,1010123456031,76,,1,0,6,1,2,,0,0,0,0,0,0,6.75,,0,0,0,0,0,0,0,0,0,,0,0,,0,0,0,0
1613754794526,6,1010123456031,76,,1,0,6,1,2,,0,0,0,0,0,0,8.14286,,0,0,0,0,0,0,0,0,0,,0,0,,0,0,0,0
1613754794776,6,1010123456031,76,,1,0,6,1,2,,0,0,0,0,0,0,8.16667,,0,0,0,0,0,0,0,0,0,,0,0,,0,0,0,0
1613754795026,6,1010123456031,76,,1,0,6,1,2,,0,0,0,0,0,0,8,,0,0,0,0,0,0,0,0,0,,0,0,,0,0,0,0
1613754795276,6,1010123456031,76,,1,0,6,1,2,,0,0,0,0,0,0,7.66667,,0,0,0,0,0,0,0,0,0,,0,0,,0,0,0,0
1613754795526,6,1010123456031,76,,1,0,6,1,2,,0,0,0,0,0,0,8.66667,,0,0,0,0,0,0,0,0,0,,0,0,,0,0,0,0
1613754795776,6,1010123456031,76,,1,0,6,1,2,,0,0,0,0,0,0,8.8,,0,0,0,0,0,0,0,0,0,,0,0,,0,0,0,0
1613754796026,6,1010123456031,76,,1,0,6,1,2,,0,0,0,0,0,0,8.16667,,0,0,0,0,0,0,0,0,0,,0,0,,0,0,0,0
1613754796276,6,1010123456031,76,,1,0,6,1,2,,0,0,0,0,0,0,7.2,,0,0,0,0,0,0,0,0,0,,0,0,,0,0,0,0
1613754796526,6,1010123456031,76,,1,0,6,1,2,,0,0,0,0,0,0,7.33333,,0,0,0,0,0,0,0,0,0,,0,0,,0,0,0,0
1613754796776,6,1010123456031,76,,1,0,6,1,2,,0,0,0,0,0,0,7.5,,0,0,0,0,0,0,0,0,0,,0,0,,0,0,0,0
1613754797026,6,1010123456031,76,,1,0,6,1,2,,0,0,0,0,0,0,8.4,,0,0,0,0,0,0,0,0,0,,0,0,,0,0,0,0
1613754797276,6,1010123456031,76,,1,0,6,1,2,,0,0,0,0,0,0,9,,0,0,0,0,0,0,0,0,0,,0,0,,0,0,0,0
1613754797526,6,1010123456031,76,,1,0,6,1,2,,0,0,0,0,0,0,8.28571,,0,0,0,0,0,0,0,0,0,,0,0,,0,0,0,0
1613754797776,6,1010123456031,76,,1,0,6,1,2,,0,0,0,0,0,0,8.33333,,0,0,0,0,0,0,0,0,0,,0,0,,0,0,0,0
1613754798026,6,1010123456031,76,,1,0,6,1,2,,0,0,0,0,0,0,9.8,,0,0,0,0,0,0,0,0,0,,0,0,,0,0,0,0
1613754798276,6,1010123456031,76,,1,0,6,1,2,,0,0,0,0,0,0,6.5,,0,0,0,0,0,0,0,0,0,,0,0,,0,0,0,0
1613754798526,6,1010123456031,76,,1,0,6,1,2,,0,0,0,0,0,0,8.42857,,0,0,0,0,0,0,0,0,0,,0,0,,0,0,0,0
1613754798776,6,1010123456031,76,,1,0,6,1,2,,0,0,0,0,0,0,9,,0,0,0,0,0,0,0,0,0,,0,0,,0,0,0,0
1613754799026,6,1010123456031,76,,1,0,6,1,2,,0,0,0,0,0,0,9,,0,0,0,0,0,0,0,0,0,,0,0,,0,0,0,0
1613754799276,6,1010123456031,76,,1,0,6,1,2,,0,0,0,0,0,0,8.6,,0,0,0,0,0,0,0,0,0,,0,0,,0,0,0,0
1613754799526,6,1010123456031,76,,1,0,6,1,2,,0,0,0,0,0,0,6.83333,,0,0,0,0,0,0,0,0,0,,0,0,,0,0,0,0
1613754799776,6,1010123456031,76,,1,0,6,1,2,,18,107,33004,0.154336,23,0,8.6,,7.90566,53,0,0.1,15,40,0,9.20253,31,,0,153,,0,0,0,5.50943
1613754800026,6,1010123456031,76,,1,0,6,1,2,,16.6754,684,138094,0.79072,202,0,8.16667,,4.77027,74,0,0.1,23,34.7826,0,6.34965,31,,738,651,,0,0,0,3.83784
1613754800276,6,1010123456031,76,,1,0,6,1,2,,17.962,790,183635,0.858048,222,0,9,,0,0,0,0,0,0,0,0,0,,750,717,,0,0,0,0
1613754800526,6,1010123456031,76,,1,0,6,1,2,,12.0596,806,184203,0.619213,229,0,7.33333,,0,0,0,0,0,0,0,0,0,,750,729,,0,0,0,0
1613754800776,6,1010123456031,76,,1,0,6,1,2,,17.1132,751,183692,0.774528,214,0,9,,0.1,27,0,0.1,8,0,0,3.37214,31,,750,684,,0,0,0,1
1613754801026,6,1010123456031,76,,1,0,6,1,2,,13.5144,731,183684,0.647807,213,0,6.5,,0,3,0,0.1,1,0,0,0,31,,750,684,,0,0,0,0
1613754801276,6,1010123456031,76,,1,0,6,1,2,,17.7554,736,183356,0.845558,212,0,9.5,,0,0,0,0,0,0,0,0,0,,750,672,,0,0,0,0
1613754801526,6,1010123456031,76,,1,0,6,1,2,,15.2165,776,183984,0.740337,223,0,7.85714,,0,0,0,0,0,0,0,0,0,,750,723,,0,0,0,0
1613754801776,6,1010123456031,76,,1,0,6,1,2,,17.3842,747,183980,0.802912,215,0,8.83333,,0,0,0,0,0,0,0,0,0,,750,687,,0,0,0,0
1613754802026,6,1010123456031,76,,1,0,6,1,2,,17.9717,742,183435,0.827584,214,0,9,,0.1,32,0,0.1,9,0,0,6.04603,31,,750,687,,0,0,0,1.4375
1613754802276,6,1010123456031,76,,1,0,6,1,2,,15.4696,773,183806,0.745984,222,0,7.66667,,0,0,0,0,0,0,0,0,0,,750,711,,0,0,0,0
1613754802526,6,1010123456031,76,,1,0,6,1,2,,17.9276,746,184507,0.837664,217,0,9,,0,0,0,0,0,0,0,0,0,,750,693,,0,0,0,0
1613754802776,6,1010123456031,76,,1,0,6,1,2,,18.8577,773,184419,0.941216,221,0,9.5,,0,3,0,0,1,100,0,0,0,,750,711,,0,0,0,0
1613754803026,6,1010123456031,76,,1,0,6,1,2,,17.9567,763,184386,0.86192,223,0,9,,9.05556,18,0,0.1,6,50,0,15.3034,31,,750,705,,0,0,0,5.5
1613754803276,6,1010123456031,76,,1,0,6,1,2,,14.1318,774,184569,0.668096,220,0,7.33333,,0,0,0,0,0,0,0,0,0,,750,708,,0,0,0,0
1613754803526,6,1010123456031,76,,1,0,6,1,2,,17.9339,817,183297,0.894426,231,0,9,,0,0,0,0,0,0,0,0,0,,750,738,,0,0,0,0
1613754803776,6,1010123456031,76,,1,0,6,1,2,,19.9922,765,183061,1.01034,215,0,10,,0,3,0,0.1,1,0,0,0,31,,750,693,,0,0,0,0
1613754804026,6,1010123456031,76,,1,0,6,1,2,,20.9117,759,183780,1.19091,223,0,10,,15.1194,67,0,0.184578,21,71.4286,0,8.69321,0,,750,708,,0,0,0,7.71642
1613754804276,6,1010123456031,76,,1,0,6,1,2,,16.7212,703,183524,0.739936,207,0,8.5,,0,0,0,0,0,0,0,0,0,,750,651,,0,0,0,0
1613754804526,6,1010123456031,76,,1,0,6,1,2,,16.1897,754,183977,0.73264,213,0,8.57143,,0,0,0,0,0,0,0,0,0,,750,690,,0,0,0,0
1613754804776,6,1010123456031,76,,1,0,6,1,2,,17.2058,763,183628,0.838496,221,0,8,,7.74194,31,0,0.1,8,50,0,9.13251,31,,750,711,,0,0,0,5.64516
1613754805026,6,1010123456031,76,,1,0,6,1,2,,16.278,723,184546,0.725152,213,0,9,,0,3,0,0.1,1,0,0,0,0,,750,675,,0,0,0,0
1613754805276,6,1010123456031,76,,1,0,6,1,2,,17.9329,760,183229,0.826048,214,0,9,,0,0,0,0,0,0,0,0,0,,750,699,,0,0,0,0
1613754805526,6,1010123456031,76,,1,0,6,1,2,,14.8086,742,183982,0.700884,215,0,7.71429,,0,0,0,0,0,0,0,0,0,,750,693,,0,0,0,0
1613754805776,6,1010123456031,76,,1,0,6,1,2,,17.3874,777,184478,0.841792,226,0,9,,0,0,0,0,0,0,0,0,0,,750,714,,0,0,0,0
1613754806026,6,1010123456031,76,,1,0,6,1,2,,16.8302,742,184328,0.760771,213,0,8.5,,7.05882,34,0,0.1,9,44.4444,0,6.42922,31,,750,696,,0,0,0,5.23529
1613754806276,6,1010123456031,76,,1,0,6,1,2,,15.8955,727,184387,0.738112,210,0,7.66667,,0,0,0,0,0,0,0,0,0,,750,654,,0,0,0,0
1613754806526,6,1010123456031,76,,1,0,6,1,2,,14.5614,684,183523,0.576672,195,0,8.5,,0,0,0,0,0,0,0,0,0,,750,639,,0,0,0,0
1613754806776,6,1010123456031,76,,1,0,6,1,2,,16.1256,772,183462,0.759552,220,0,8.5,,0,0,0,0,0,0,0,0,0,,750,702,,0,0,0,0
1613754807026,6,1010123456031,76,,1,0,6,1,2,,20.7201,668,183453,0.997173,193,0,10.5,,2.60714,56,0,0.1,16,37.5,0,5.10833,31,,750,621,,0,0,0,5.14286
1613754807276,6,1010123456031,76,,1,0,6,1,2,,18,785,184102,0.886361,228,0,9,,0,0,0,0,0,0,0,0,0,,750,729,,0,0,0,0
1613754807526,6,1010123456031,76,,1,0,6,1,2,,15.3883,734,183049,0.708851,211,0,7.85714,,0,0,0,0,0,0,0,0,0,,750,672,,0,0,0,0
1613754807776,6,1010123456031,76,,1,0,6,1,2,,17.4186,786,183633,0.82304,220,0,8.83333,,7.27273,33,0,0.1,9,44.4444,0,7.51945,31,,750,717,,0,0,0,5.36364
1613754808026,6,1010123456031,76,,1,0,6,1,2,,17.8355,784,183308,0.925301,228,0,9.16667,,0.1,4,0,0.1,1,0,0,36.1245,31,,750,720,,0,0,0,1
1613754808276,6,1010123456031,76,,1,0,6,1,2,,17.0715,797,184239,0.821108,225,0,8.83333,,0,0,0,0,0,0,0,0,0,,750,723,,0,0,0,0
1613754808526,6,1010123456031,76,,1,0,6,1,2,,17.853,755,183769,0.830944,215,0,8.71429,,0,0,0,0,0,0,0,0,0,,750,675,,0,0,0,0
1613754808776,6,1010123456031,76,,1,0,6,1,2,,17.2241,754,184151,0.780544,214,0,9,,0,3,0,0,1,100,0,0,0,,750,690,,0,0,0,0
1613754809026,6,1010123456031,76,,1,0,6,1,2,,19.4852,777,184307,0.991168,222,0,9.66667,,8.06897,58,0,0.1,17,58.8235,0,6.59302,31,,750,714,,0,0,0,6.43103
1613754809276,6,1010123456031,76,,1,0,6,1,2,,15.73,737,184363,0.761863,209,0,8.16667,,0,0,0,0,0,0,0,0,0,,750,666,,0,0,0,0
1613754809526,6,1010123456031,76,,1,0,6,1,2,,15.8396,717,183921,0.696192,208,0,8.28572,,0,0,0,0,0,0,0,0,0,,750,669,,0,0,0,0
1613754809777,6,1010123456031,76,,1,0,6,1,2,,13.9789,710,183716,0.640352,207,0,6.5,,14.5976,82,0,0.120224,27,81.4815,0,6.74295,31,,750,660,,0,0,0,8.09756
1613754810026,6,1010123456031,76,,1,0,6,1,2,,16.1734,721,183284,0.705028,208,0,9,,16,17,0,0,6,100,0,2.44756,0,,750,672,,0,0,0,10
1613754810276,6,1010123456031,76,,1,0,6,1,2,,16.7402,712,184260,0.724192,203,0,8.5,,0,0,0,0,0,0,0,0,0,,750,654,,0,0,0,0
1613754810526,6,1010123456031,76,,1,0,6,1,2,,19.3422,786,184451,0.999807,223,0,9.28571,,0,0,0,0,0,0,0,0,0,,750,714,,0,0,0,0
1613754810776,6,1010123456031,76,,1,0,6,1,2,,16.6034,754,183484,0.790752,215,0,9.4,,7.27273,33,0,0.1,9,44.4444,0,8.78305,31,,750,687,,0,0,0,5.36364
1613754811026,6,1010123456031,76,,1,0,6,1,2,,17.8404,658,183858,0.744643,193,0,9,,0,3,0,0.1,1,0,0,0,0,,750,624,,0,0,0,0
1613754811276,6,1010123456031,76,,1,0,6,1,2,,18.5891,786,183174,0.918496,223,0,9.33333,,0,0,0,0,0,0,0,0,0,,750,717,,0,0,0,0
1613754811526,6,1010123456031,76,,1,0,6,1,2,,17.9775,800,183735,0.889221,229,0,9,,0,0,0,0,0,0,0,0,0,,750,729,,0,0,0,0
1613754811776,6,1010123456031,76,,1,0,6,1,2,,17.0797,753,183070,0.7936,218,0,8.66667,,2,4,0,0,1,100,0,0.756118,0,,750,687,,0,0,0,10
1613754812026,6,1010123456031,76,,1,0,6,1,2,,17.8929,700,184006,0.763072,198,0,9,,0.758621,29,0,0.1,8,12.5,0,8.39252,31,,750,639,,0,0,0,2.24138
1613754812276,6,1010123456031,76,,1,0,6,1,2,,16.03,766,184168,0.756288,221,0,8.16667,,0,0,0,0,0,0,0,0,0,,750,711,,0,0,0,0
1613754812526,6,1010123456031,76,,1,0,6,1,2,,17.2053,750,184281,0.803104,217,0,8.85714,,0,0,0,0,0,0,0,0,0,,750,693,,0,0,0,0
1613754812776,6,1010123456031,76,,1,0,6,1,2,,14.2951,759,183944,0.67648,218,0,7.5,,0,3,0,0,1,100,0,0,0,,750,705,,0,0,0,0
1613754813026,6,1010123456031,76,,1,0,6,1,2,,18.892,787,183292,0.971392,228,0,9.5,,8.4375,16,0,0.1,5,60,0,2.93023,0,,750,732,,0,0,0,6.8125
1613754813276,6,1010123456031,76,,1,0,6,1,2,,17.9795,585,184051,0.634496,164,0,9,,0,0,0,0,0,0,0,0,0,,750,537,,0,0,0,0
1613754813526,6,1010123456031,76,,1,0,6,1,2,,17.961,769,184486,0.84256,218,0,9,,0,0,0,0,0,0,0,0,0,,750,702,,0,0,0,0
1613754813776,6,1010123456031,76,,1,0,6,1,2,,17.9661,797,183868,0.873157,225,0,9,,0.1,4,0,0.1,1,0,0,4.8805,31,,750,720,,0,0,0,1
1613754814026,6,1010123456031,76,,1,0,6,1,2,,15.3054,740,183523,0.683488,213,0,8.16667,,8.05263,38,0,0.1,11,36.3636,0,13.5435,0,,750,687,,0,0,0,4.31579
1613754814276,6,1010123456031,76,,1,0,6,1,2,,17.9721,753,184175,0.830908,214,0,9,,0,0,0,0,0,0,0,0,0,,750,687,,0,0,0,0
1613754814526,6,1010123456031,76,,1,0,6,1,2,,14.8083,751,183199,0.704448,218,0,8,,0,0,0,0,0,0,0,0,0,,750,702,,0,0,0,0
1613754814777,6,1010123456031,76,,1,0,6,1,2,,18.496,746,182769,0.865594,218,0,10,,15.0946,74,0,0.175044,24,79.1667,0,7.01487,31,,753,702,,0,0,0,8.05405
1613754815026,6,1010123456031,76,,1,0,6,1,2,,15.8786,791,183440,0.931194,227,0,7.83333,,13.7143,14,0,0.1,5,80,0,0.779779,31,,747,723,,0,0,0,8.71429
1613754815276,6,1010123456031,76,,1,0,6,1,2,,18,801,184088,0.875072,226,0,9,,0,0,0,0,0,0,0,0,0,,750,729,,0,0,0,0
1613754815526,6,1010123456031,76,,1,0,6,1,2,,16,745,183630,0.750976,214,0,7.5,,0,0,0,0,0,0,0,0,0,,750,672,,0,0,0,0
1613754815776,6,1010123456031,76,,1,0,6,1,2,,17.3966,696,184317,0.72212,194,0,9,,0,0,0,0,0,0,0,0,0,,750,633,,0,0,0,0
1613754816026,6,1010123456031,76,,1,0,6,1,2,,16.9028,761,183256,0.794336,221,0,8.66667,,2.24138,29,0,0.1,9,0,0,8.48371,31,,750,708,,0,0,0,1.10345
1613754816276,6,1010123456031,76,,1,0,6,1,2,,14.0178,785,183274,0.669376,222,0,7.33333,,0,0,0,0,0,0,0,0,0,,750,714,,0,0,0,0
1613754816526,6,1010123456031,76,,1,0,6,1,2,,17.8638,793,184498,0.866304,224,0,8.71429,,0,0,0,0,0,0,0,0,0,,750,717,,0,0,0,0
1613754816776,6,1010123456031,76,,1,0,6,1,2,,16.5025,810,183222,0.793344,228,0,8.83333,,0,0,0,0,0,0,0,0,0,,750,735,,0,0,0,0
1613754817026,6,1010123456031,76,,1,0,6,1,2,,19.6489,752,183779,1.03734,229,0,9.83333,,15.3789,95,0,0.195264,30,80,0,6.92653,31,,750,717,,0,0,0,8.10526
1613754817276,6,1010123456031,76,,1,0,6,1,2,,17.3325,785,184164,0.82928,223,0,8.83333,,0,0,0,0,0,0,0,0,0,,750,720,,0,0,0,0
1613754817526,6,1010123456031,76,,1,0,6,1,2,,18,756,184434,0.847486,218,0,9,,0,0,0,0,0,0,0,0,0,,750,699,,0,0,0,0
1613754817776,6,1010123456031,76,,1,0,6,1,2,,17.1995,742,183768,0.777856,212,0,8.6,,0,0,0,0,0,0,0,0,0,,750,678,,0,0,0,0
1613754818026,6,1010123456031,76,,1,0,6,1,2,,19.3573,750,183782,0.99888,219,0,10,,8,30,0,0.1,9,44.4444,0,9.30398,31,,750,702,,0,0,0,4.6
1613754818276,6,1010123456031,76,,1,0,6,1,2,,16.653,778,184184,0.786656,223,0,8.5,,0,0,0,0,0,0,0,0,0,,750,708,,0,0,0,0
1613754818526,6,1010123456031,76,,1,0,6,1,2,,17.963,811,184413,0.896768,232,0,9,,0,0,0,0,0,0,0,0,0,,750,741,,0,0,0,0
1613754818776,6,1010123456031,76,,1,0,6,1,2,,17.5962,733,183457,0.798816,211,0,9.33333,,0.1,4,0,0,1,100,0,0.343741,0,,750,660,,0,0,0,10
1613754819026,6,1010123456031,76,,1,0,6,1,2,,18.5731,773,184281,0.914731,219,0,9,,6.14634,41,0,0.1,12,33.3333,0,9.36985,31,,750,717,,0,0,0,3.80488
1613754819276,6,1010123456031,76,,1,0,6,1,2,,15.3303,663,183790,0.642313,192,0,7.66667,,0,0,0,0,0,0,0,0,0,,750,612,,0,0,0,0
1613754819526,6,1010123456031,76,,1,0,6,1,2,,15.5561,748,184085,0.709056,214,0,8.28571,,0,0,0,0,0,0,0,0,0,,750,675,,0,0,0,0
1613754819776,6,1010123456031,76,,1,0,6,1,2,,16.8462,780,183817,0.833824,221,0,7.66667,,0.1,28,0,0.1,8,0,0,5.65178,31,,750,717,,0,0,0,1.42857
1613754820026,6,1010123456031,76,,1,0,6,1,2,,7.40426,752,184417,0.35024,221,0,5.8,,0,2,0,0.1,1,0,0,0,31,,750,702,,0,0,0,0
1613754820276,6,1010123456031,76,,1,0,6,1,2,,18,760,183139,0.844096,218,0,9,,0,0,0,0,0,0,0,0,0,,750,702,,0,0,0,0
1613754820526,6,1010123456031,76,,1,0,6,1,2,,17.7669,768,183767,0.887744,224,0,9.14286,,0,0,0,0,0,0,0,0,0,,750,711,,0,0,0,0
1613754820776,6,1010123456031,76,,1,0,6,1,2,,16.9432,740,184620,0.799744,212,0,8,,0,0,0,0,0,0,0,0,0,,750,678,,0,0,0,0
1613754821026,6,1010123456031,76,,1,0,6,1,2,,12.6792,773,183332,0.601928,225,0,7.83333,,5.74468,47,0,0.1,13,30.7692,0,9.03935,31,,750,717,,0,0,0,3.87234
1613754821276,6,1010123456031,76,,1,0,6,1,2,,17.8679,636,184610,0.711712,185,0,9,,0,0,0,0,0,0,0,0,0,,750,585,,0,0,0,0
1613754821526,6,1010123456031,76,,1,0,6,1,2,,19.424,790,183897,1.0195,228,0,9.57143,,0,0,0,0,0,0,0,0,0,,750,732,,0,0,0,0
1613754821776,6,1010123456031,76,,1,0,6,1,2,,17.9098,765,184029,0.856064,221,0,9,,15,4,0,0.1,1,0,0,31.1627,31,,750,693,,0,0,0,1
1613754822026,6,1010123456031,76,,1,0,6,1,2,,13.4987,760,183714,0.63408,221,0,7,,15.4,85,0,0.188704,28,82.1429,0,7.12204,31,,750,708,,0,0,0,8.31765
1613754822276,6,1010123456031,76,,1,0,6,1,2,,17.9557,812,183590,0.900369,232,0,9,,0,0,0,0,0,0,0,0,0,,750,741,,0,0,0,0
1613754822526,6,1010123456031,76,,1,0,6,1,2,,12.1097,766,183139,0.600288,223,0,6.71429,,0,0,0,0,0,0,0,0,0,,750,714,,0,0,0,0
1613754822776,6,1010123456031,76,,1,0,6,1,2,,19.0186,751,183513,0.925664,215,0,9.5,,0,0,0,0,0,0,0,0,0,,750,693,,0,0,0,0
1613754823026,6,1010123456031,76,,1,0,6,1,2,,17.9241,751,183978,0.845408,219,0,9,,8,30,0,0.1,9,44.4444,0,12.6487,31,,750,693,,0,0,0,4.6
1613754823276,6,1010123456031,76,,1,0,6,1,2,,15.8784,740,183865,0.710496,211,0,8.33333,,0,0,0,0,0,0,0,0,0,,750,687,,0,0,0,0
1613754823526,6,1010123456031,76,,1,0,6,1,2,,18,760,184018,0.855261,220,0,9,,0,0,0,0,0,0,0,0,0,,750,699,,0,0,0,0
1613754823776,6,1010123456031,76,,1,0,6,1,2,,17.9574,775,183634,0.865382,223,0,9,,0.1,30,0,0.1,8,0,0,9.37936,31,,750,714,,0,0,0,1.26667
1613754824026,6,1010123456031,76,,1,0,6,1,2,,17.3368,778,184238,0.841414,225,0,8.83333,,0,0,0,0,0,0,0,0,0,,750,717,,0,0,0,0
1613754824276,6,1010123456031,76,,1,0,6,1,2,,16.9065,727,183267,0.792064,208,0,8.66667,,0,0,0,0,0,0,0,0,0,,750,663,,0,0,0,0
1613754824526,6,1010123456031,76,,1,0,6,1,2,,17.9181,769,183399,0.85264,221,0,9,,0,0,0,0,0,0,0,0,0,,750,702,,0,0,0,0
1613754824776,6,1010123456031,76,,1,0,6,1,2,,18.886,798,183567,1.03017,228,0,9.66667,,8.4375,32,0,0.1,9,55.5556,0,7.95578,31,,750,735,,0,0,0,6.3125
1613754825026,6,1010123456031,76,,1,0,6,1,2,,17.9721,752,183986,0.846432,219,0,9,,0,3,0,0.1,1,0,0,0,0,,750,699,,0,0,0,0
1613754825276,6,1010123456031,76,,1,0,6,1,2,,15.4208,758,183783,0.724466,217,0,8.33333,,0,0,0,0,0,0,0,0,0,,750,693,,0,0,0,0
1613754825526,6,1010123456031,76,,1,0,6,1,2,,17.8927,708,184393,0.789728,207,0,9,,0,0,0,0,0,0,0,0,0,,750,654,,0,0,0,0
1613754825776,6,1010123456031,76,,1,0,6,1,2,,15.6548,785,183457,0.767582,225,0,7.16667,,0,3,0,0.1,1,0,0,0,31,,750,708,,0,0,0,0
1613754826026,6,1010123456031,76,,1,0,6,1,2,,16.2734,728,183986,0.719968,209,0,8.83333,,9,25,0,0.1,8,50,0,5.25782,0,,750,690,,0,0,0,6.4
1613754826276,6,1010123456031,76,,1,0,6,1,2,,16.1898,785,183690,0.796755,221,0,8.5,,0,0,0,0,0,0,0,0,0,,750,708,,0,0,0,0
1613754826526,6,1010123456031,76,,1,0,6,1,2,,17.3725,765,183519,0.840512,218,0,8.85714,,0,0,0,0,0,0,0,0,0,,750,699,,0,0,0,0
1613754826776,6,1010123456031,76,,1,0,6,1,2,,17.611,748,184136,0.809574,214,0,9.33333,,0.1,4,0,0.1,1,0,0,30.0001,31,,750,687,,0,0,0,1
1613754827026,6,1010123456031,76,,1,0,6,1,2,,13.1712,660,183687,0.613376,200,0,7.2,,15.3333,78,0,0.150592,25,80,0,6.90311,0,,750,636,,0,0,0,7.92308
1613754827276,6,1010123456031,76,,1,0,6,1,2,,17.9531,768,183537,0.86192,223,0,9,,0,0,0,0,0,0,0,0,0,,750,711,,0,0,0,0
1613754827526,6,1010123456031,76,,1,0,6,1,2,,15.4993,747,184062,0.694208,214,0,8.16667,,0,0,0,0,0,0,0,0,0,,750,690,,0,0,0,0
1613754827776,6,1010123456031,76,,1,0,6,1,2,,17.9769,778,183662,0.862432,223,0,9,,8.57143,28,0,0.1,8,50,0,6.40075,31,,750,717,,0,0,0,6.53571
1613754828026,6,1010123456031,76,,1,0,6,1,2,,16.1623,764,183963,0.802112,218,0,8.5,,0.1,4,0,0.1,1,0,0,2.97844,0,,750,687,,0,0,0,1
1613754828276,6,1010123456031,76,,1,0,6,1,2,,16.5575,730,184298,0.75328,212,0,8.66667,,0,0,0,0,0,0,0,0,0,,750,675,,0,0,0,0
1613754828526,6,1010123456031,76,,1,0,6,1,2,,16.8397,736,184447,0.762345,212,0,8.66667,,0,0,0,0,0,0,0,0,0,,750,675,,0,0,0,0
1613754828776,6,1010123456031,76,,1,0,6,1,2,,17.9837,738,183768,0.843584,218,0,9,,0.1,4,0,0.1,1,0,0,18.7307,31,,753,681,,0,0,0,1
1613754829026,6,1010123456031,76,,1,0,6,1,2,,14.8823,688,183124,0.621076,193,0,7.66667,,6.92308,26,0,0.1,8,50,0,7.12273,0,,747,642,,0,0,0,5.15385
1613754829276,6,1010123456031,76,,1,0,6,1,2,,17.0411,705,183697,0.752353,203,0,8.6,,0.1,4,0,0.1,1,0,0,20.3936,31,,750,648,,0,0,0,1
1613754829526,6,1010123456031,76,,1,0,6,1,2,,17.8238,749,184470,0.823104,218,0,9,,0,0,0,0,0,0,0,0,0,,750,696,,0,0,0,0
1613754829776,6,1010123456031,76,,1,0,6,1,2,,17.9686,765,182990,0.846944,219,0,9,,10.2041,49,0,0.1,14,57.1429,0,11.087,31,,750,696,,0,0,0,6.14286
1613754830026,6,1010123456031,76,,1,0,6,1,2,,17.9468,789,184170,0.869152,225,0,9,,0,0,0,0,0,0,0,0,0,,750,711,,0,0,0,0
1613754830276,6,1010123456031,76,,1,0,6,1,2,,16.2883,770,184310,0.74896,217,0,8.5,,0,0,0,0,0,0,0,0,0,,750,696,,0,0,0,0
1613754830526,6,1010123456031,76,,1,0,6,1,2,,15.1076,781,183970,0.741312,222,0,7.66667,,0,0,0,0,0,0,0,0,0,,750,714,,0,0,0,0
1613754830776,6,1010123456031,76,,1,0,6,1,2,,14.8617,788,183931,0.705157,222,0,7.6,,0,3,0,0.1,1,0,0,0,31,,750,714,,0,0,0,0
1613754831026,6,1010123456031,76,,1,0,6,1,2,,18.6794,733,183371,0.925912,215,0,9.2,,15.5955,89,0,0.191004,29,82.7586,0,6.31568,0,,750,684,,0,0,0,8.17978
1613754831276,6,1010123456031,76,,1,0,6,1,2,,12.0451,798,184095,0.6,225,0,6.16667,,0,0,0,0,0,0,0,0,0,,750,726,,0,0,0,0
1613754831526,6,1010123456031,76,,1,0,6,1,2,,17.259,753,183315,0.793024,214,0,8.83333,,0,0,0,0,0,0,0,0,0,,750,681,,0,0,0,0
1613754831776,6,1010123456031,76,,1,0,6,1,2,,16.3992,744,184179,0.775616,210,0,8.66667,,6.66667,27,0,0.1,8,50,0,7.12953,31,,750,678,,0,0,0,5
1613754832026,6,1010123456031,76,,1,0,6,1,2,,17.9634,737,183533,0.830394,214,0,9,,0,3,0,0.1,1,0,0,0,0,,750,684,,0,0,0,0
1613754832276,6,1010123456031,76,,1,0,6,1,2,,15.9457,774,184419,0.729472,218,0,8.33333,,0,0,0,0,0,0,0,0,0,,750,702,,0,0,0,0
1613754832526,6,1010123456031,76,,1,0,6,1,2,,17.9363,754,183805,0.836627,216,0,9,,0,0,0,0,0,0,0,0,0,,750,675,,0,0,0,0
1613754832776,6,1010123456031,76,,1,0,6,1,2,,16.9776,804,183329,0.81568,226,0,8.66667,,7.45455,33,0,0.1,9,44.4444,0,7.53717,31,,750,732,,0,0,0,5.36364
1613754833026,6,1010123456031,76,,1,0,6,1,2,,18.534,751,184055,0.932512,217,0,9.33333,,0.1,4,0,0.1,1,0,0,19.53,31,,750,699,,0,0,0,1
1613754833276,6,1010123456031,76,,1,0,6,1,2,,16.2955,792,183605,0.783614,224,0,8.5,,0,0,0,0,0,0,0,0,0,,750,714,,0,0,0,0
1613754833526,6,1010123456031,76,,1,0,6,1,2,,17.8359,768,183562,0.844,223,0,9,,0,0,0,0,0,0,0,0,0,,750,720,,0,0,0,0
1613754833776,6,1010123456031,76,,1,0,6,1,2,,19.0655,641,183111,0.814464,184,0,9.5,,10,26,0,0.1,8,50,0,8.71418,31,,750,591,,0,0,0,5.46154
1613754834026,6,1010123456031,76,,1,0,6,1,2,,17.3757,748,184180,0.82256,221,0,8.83333,,0,0,0,0,0,0,0,0,0,,753,714,,0,0,0,0
1613754834276,6,1010123456031,76,,1,0,6,1,2,,17.0478,732,184101,0.789912,210,0,8.66667,,0,0,0,0,0,0,0,0,0,,747,666,,0,0,0,0
1613754834526,6,1010123456031,76,,1,0,6,1,2,,18.076,763,184135,0.881992,220,0,9,,0,0,0,0,0,0,0,0,0,,750,705,,0,0,0,0
1613754834776,6,1010123456031,76,,1,0,6,1,2,,17.9634,737,184074,0.80384,208,0,9,,0.1,31,0,0.1,9,0,0,3.85062,31,,750,672,,0,0,0,1
1613754835026,6,1010123456031,76,,1,0,6,1,2,,17.2711,771,183421,0.828896,223,0,8.83333,,0,0,0,0,0,0,0,0,0,,750,717,,0,0,0,0
1613754835276,6,1010123456031,76,,1,0,6,1,2,,16.8215,790,183305,0.80752,227,0,8.5,,0,0,0,0,0,0,0,0,0,,750,729,,0,0,0,0
1613754835526,6,1010123456031,76,,1,0,6,1,2,,19.6153,746,183940,0.986624,216,0,9.6,,0,0,0,0,0,0,0,0,0,,750,681,,0,0,0,0
1613754835776,6,1010123456031,76,,1,0,6,1,2,,17.7513,776,184352,0.834464,217,0,8.83333,,0,0,0,0,0,0,0,0,0,,750,705,,0,0,0,0
1613754836026,6,1010123456031,76,,1,0,6,1,2,,17.6448,763,183923,0.864996,219,0,9.16667,,4.28571,42,0,0.1,12,66.6667,0,6.01102,31,,750,690,,0,0,0,7
1613754836276,6,1010123456031,76,,1,0,6,1,2,,17.9662,710,184431,0.792032,204,0,9,,0,0,0,0,0,0,0,0,0,,750,663,,0,0,0,0
1613754836526,6,1010123456031,76,,1,0,6,1,2,,15.9622,794,184143,0.778538,230,0,8.28571,,0,0,0,0,0,0,0,0,0,,750,729,,0,0,0,0
1613754836776,6,1010123456031,76,,1,0,6,1,2,,17.4419,749,184043,0.806272,216,0,9,,0.1,4,0,0.1,1,0,0,29.9877,31,,750,696,,0,0,0,1
1613754837026,6,1010123456031,76,,1,0,6,1,2,,15.6915,739,184345,0.798496,219,0,8.16667,,10.7,40,0,0.1,12,66.6667,0,7.18673,0,,750,705,,0,0,0,7.075
1613754837276,6,1010123456031,76,,1,0,6,1,2,,15.8181,709,183584,0.711582,204,0,8.16667,,0,0,0,0,0,0,0,0,0,,750,654,,0,0,0,0
1613754837526,6,1010123456031,76,,1,0,6,1,2,,19.2352,761,184249,0.957632,222,0,9.57143,,0,0,0,0,0,0,0,0,0,,750,708,,0,0,0,0
1613754837776,6,1010123456031,76,,1,0,6,1,2,,17.9523,754,183250,0.830944,215,0,9,,1,4,0,0.1,1,0,0,23.6071,31,,750,690,,0,0,0,1
1613754838026,6,1010123456031,76,,1,0,6,1,2,,19.123,748,184030,0.973494,216,0,10,,15.4,85,0,0.115149,28,85.7143,0,4.30559,0,,750,690,,0,0,0,8.72941
1613754838276,6,1010123456031,76,,1,0,6,1,2,,17.3184,713,184272,0.751296,202,0,8.83333,,0,0,0,0,0,0,0,0,0,,750,642,,0,0,0,0
1613754838526,6,1010123456031,76,,1,0,6,1,2,,17.9323,783,184291,0.862522,222,0,8.85714,,0,0,0,0,0,0,0,0,0,,750,714,,0,0,0,0
1613754838776,6,1010123456031,76,,1,0,6,1,2,,15.1366,754,183668,0.697728,217,0,8,,0.1,29,0,0.1,8,0,0,6.72271,31,,750,681,,0,0,0,1
1613754839026,6,1010123456031,76,,1,0,6,1,2,,17.9764,763,183969,0.827584,214,0,9,,0.1,4,0,0.1,1,0,0,30.9377,31,,750,699,,0,0,0,1
1613754839276,6,1010123456031,76,,1,0,6,1,2,,14.3978,734,183096,0.646944,207,0,7.5,,0,0,0,0,0,0,0,0,0,,750,666,,0,0,0,0
1613754839526,6,1010123456031,76,,1,0,6,1,2,,15.8908,705,183995,0.688224,203,0,8.28571,,0,0,0,0,0,0,0,0,0,,750,651,,0,0,0,0
1613754839776,6,1010123456031,76,,1,0,6,1,2,,15.4402,736,184237,0.721728,216,0,7.4,,12.3529,17,0,0.1,5,80,0,6.00183,0,,750,687,,0,0,0,8.41177
1613754840026,6,1010123456031,76,,1,0,6,1,2,,17.9763,759,183124,0.827072,214,0,9,,9,4,0,0.1,1,0,0,37.4504,0,,750,693,,0,0,0,1
1613754840276,6,1010123456031,76,,1,0,6,1,2,,14.3853,667,184355,0.601253,194,0,7.5,,0,0,0,0,0,0,0,0,0,,750,624,,0,0,0,0
1613754840526,6,1010123456031,76,,1,0,6,1,2,,19.6404,712,183495,0.957472,205,0,9.71429,,0,0,0,0,0,0,0,0,0,,750,651,,0,0,0,0
1613754840776,6,1010123456031,76,,1,0,6,1,2,,10.1262,761,183573,0.507373,218,0,6.25,,0,0,0,0,0,0,0,0,0,,750,705,,0,0,0,0
1613754841026,6,1010123456031,76,,1,0,6,1,2,,13.48,750,183593,0.60128,218,0,7.66667,,7.09091,55,0,0.1,16,50,0,5.03058,31,,750,684,,0,0,0,5.36364
1613754841276,6,1010123456031,76,,1,0,6,1,2,,17.3585,781,183911,0.846394,224,0,8.83333,,0,0,0,0,0,0,0,0,0,,750,717,,0,0,0,0
1613754841526,6,1010123456031,76,,1,0,6,1,2,,12.4121,745,183912,0.57856,218,0,7.28571,,0,0,0,0,0,0,0,0,0,,750,693,,0,0,0,0
1613754841776,6,1010123456031,76,,1,0,6,1,2,,14.8008,738,183406,0.679325,210,0,7.66667,,0.1,28,0,0.1,8,0,0,3.30212,31,,750,675,,0,0,0,1.28571
1613754842026,6,1010123456031,76,,1,0,6,1,2,,18.4252,755,184638,0.92106,220,0,9.5,,0,0,0,0,0,0,0,0,0,,750,696,,0,0,0,0
1613754842276,6,1010123456031,76,,1,0,6,1,2,,17.9687,768,184354,0.850816,220,0,9,,0,0,0,0,0,0,0,0,0,,750,708,,0,0,0,0
1613754842526,6,1010123456031,76,,1,0,6,1,2,,17.9432,774,183640,1.02387,226,0,9.33333,,0,0,0,0,0,0,0,0,0,,750,723,,0,0,0,0
1613754842776,6,1010123456031,76,,1,0,6,1,2,,18,755,183793,0.840224,217,0,9,,6,30,0,0.1,9,44.4444,0,8.48035,31,,750,696,,0,0,0,4.73333
1613754843026,6,1010123456031,76,,1,0,6,1,2,,16.2067,774,183432,0.777152,224,0,8,,0.1,4,0,0.1,1,0,0,25.7921,31,,750,714,,0,0,0,1
1613754843276,6,1010123456031,76,,1,0,6,1,2,,17.9594,739,183138,0.814843,210,0,9,,0,0,0,0,0,0,0,0,0,,750,678,,0,0,0,0
1613754843526,6,1010123456031,76,,1,0,6,1,2,,15.0373,777,184404,0.732544,224,0,8,,0,0,0,0,0,0,0,0,0,,750,705,,0,0,0,0
1613754843776,6,1010123456031,76,,1,0,6,1,2,,17.257,747,183732,0.777792,210,0,8.83333,,15,4,0,0,1,100,0,5.58828,0,,750,675,,0,0,0,10
1613754844026,6,1010123456031,76,,1,0,6,1,2,,9.28397,655,183370,0.425606,187,0,5.8,,9,32,0,0.1,10,70,0,6.45794,31,,750,603,,0,0,0,7.28125
1613754844276,6,1010123456031,76,,1,0,6,1,2,,14.2025,790,183780,0.680289,226,0,7.66667,,0,0,0,0,0,0,0,0,0,,750,723,,0,0,0,0
1613754844526,6,1010123456031,76,,1,0,6,1,2,,14.9352,787,184549,0.755136,228,0,7.57143,,0,0,0,0,0,0,0,0,0,,750,723,,0,0,0,0
1613754844776,6,1010123456031,76,,1,0,6,1,2,,16.2586,700,183631,0.679264,201,0,8.66667,,0.1,4,0,0.1,1,0,0,28.9354,31,,750,654,,0,0,0,1
1613754845026,6,1010123456031,76,,1,0,6,1,2,,13.9423,728,183921,0.615454,208,0,8,,5.45455,33,0,0.1,10,50,0,9.18199,31,,750,663,,0,0,0,5.09091
1613754845276,6,1010123456031,76,,1,0,6,1,2,,9.54724,762,184560,0.491663,215,0,5.33333,,0,0,0,0,0,0,0,0,0,,750,687,,0,0,0,0
1613754845526,6,1010123456031,76,,1,0,6,1,2,,17.3899,731,184107,0.765824,210,0,8.42857,,0,0,0,0,0,0,0,0,0,,750,663,,0,0,0,0
1613754845776,6,1010123456031,76,,1,0,6,1,2,,15.4107,750,183302,0.678496,210,0,8.66667,,10.5172,29,0,0.1,8,50,0,8.88043,31,,750,672,,0,0,0,5.96552
1613754846026,6,1010123456031,76,,1,0,6,1,2,,17.9529,764,183168,0.864867,223,0,9,,0,0,0,0,0,0,0,0,0,,750,708,,0,0,0,0
1613754846276,6,1010123456031,76,,1,0,6,1,2,,8.91189,715,184049,0.41392,203,0,5,,0,0,0,0,0,0,0,0,0,,750,645,,0,0,0,0
1613754846526,6,1010123456031,76,,1,0,6,1,2,,17.8664,696,183937,0.758176,197,0,9,,0,0,0,0,0,0,0,0,0,,750,636,,0,0,0,0
1613754846776,6,1010123456031,76,,1,0,6,1,2,,15.9233,691,183255,0.688896,200,0,8,,0,0,0,0,0,0,0,0,0,,750,642,,0,0,0,0
1613754847026,6,1010123456031,76,,1,0,6,1,2,,19.6132,755,183145,1.04132,219,0,10,,14.7701,87,0,0.18445,27,77.7778,0,8.07651,31,,750,705,,0,0,0,7.80843
1613754847276,6,1010123456031,76,,1,0,6,1,2,,15.3987,745,183352,0.708352,212,0,7.66667,,0,0,0,0,0,0,0,0,0,,750,681,,0,0,0,0
1613754847526,6,1010123456031,76,,1,0,6,1,2,,17.9624,797,184047,0.876896,227,0,9,,0,0,0,0,0,0,0,0,0,,750,720,,0,0,0,0
1613754847776,6,1010123456031,76,,1,0,6,1,2,,15.9616,755,183785,0.719008,211,0,8.16667,,0.1,4,0,0.1,1,0,0,27.5906,31,,750,681,,0,0,0,1
1613754848026,6,1010123456031,76,,1,0,6,1,2,,17.9839,747,184305,0.843084,217,0,9,,6,30,0,0.1,9,55.5556,0,3.62272,0,,750,687,,0,0,0,5.8
1613754848276,6,1010123456031,76,,1,0,6,1,2,,17.2923,787,183779,0.831454,223,0,8.83333,,0,0,0,0,0,0,0,0,0,,750,711,,0,0,0,0
1613754848526,6,1010123456031,76,,1,0,6,1,2,,17.9529,764,184230,0.834304,216,0,9,,0,0,0,0,0,0,0,0,0,,750,693,,0,0,0,0
1613754848776,6,1010123456031,76,,1,0,6,1,2,,16.603,791,184359,0.78752,224,0,9,,0.1,30,0,0.1,9,0,0,3.5908,31,,750,720,,0,0,0,1
1613754849026,6,1010123456031,76,,1,0,6,1,2,,18,705,184236,0.833125,203,0,8.83333,,0,0,0,0,0,0,0,0,0,,750,648,,0,0,0,0
1613754849276,6,1010123456031,76,,1,0,6,1,2,,18,801,184416,0.890249,229,0,9,,0,0,0,0,0,0,0,0,0,,750,732,,0,0,0,0
1613754849526,6,1010123456031,76,,1,0,6,1,2,,15.0497,765,184184,0.726944,222,0,8.14286,,0,0,0,0,0,0,0,0,0,,750,708,,0,0,0,0
1613754849776,6,1010123456031,76,,1,0,6,1,2,,18.4641,765,184138,0.874956,221,0,9.83333,,0,0,0,0,0,0,0,0,0,,750,705,,0,0,0,0
1613754850026,6,1010123456031,76,,1,0,6,1,2,,16.1173,776,183448,0.90688,224,0,7.66667,,5.45455,33,0,0.1,10,50,0,10.4465,31,,750,717,,0,0,0,5.09091
1613754850276,6,1010123456031,76,,1,0,6,1,2,,17.9205,755,183915,0.837141,216,0,9,,0,0,0,0,0,0,0,0,0,,750,687,,0,0,0,0
1613754850526,6,1010123456031,76,,1,0,6,1,2,,17.361,770,183604,0.835168,223,0,8.85714,,0,0,0,0,0,0,0,0,0,,750,702,,0,0,0,0
1613754850776,6,1010123456031,76,,1,0,6,1,2,,17.8968,756,184352,0.810208,211,0,9,,6.92308,26,0,0.1,8,62.5,0,4.27155,31,,750,684,,0,0,0,6.80769
1613754851026,6,1010123456031,76,,1,0,6,1,2,,17.9538,779,184335,0.86098,222,0,9,,0.1,7,0,0.1,2,0,0,2.28888,0,,750,708,,0,0,0,1
1613754851276,6,1010123456031,76,,1,0,6,1,2,,17.9647,764,183338,0.838688,217,0,9,,0,0,0,0,0,0,0,0,0,,750,699,,0,0,0,0
1613754851526,6,1010123456031,76,,1,0,6,1,2,,17.777,686,183457,0.761221,197,0,8.85714,,0,0,0,0,0,0,0,0,0,,750,630,,0,0,0,0
1613754851776,6,1010123456031,76,,1,0,6,1,2,,16.7348,758,183131,0.763712,214,0,8.83333,,0,3,0,0.1,1,0,0,0,31,,750,681,,0,0,0,0
1613754852026,6,1010123456031,76,,1,0,6,1,2,,18.8523,704,184064,0.875744,207,0,9.5,,5.5,32,0,0.1,10,40,0,5.80653,0,,750,648,,0,0,0,4.09375
1613754852276,6,1010123456031,76,,1,0,6,1,2,,17.3561,719,183907,0.756704,203,0,8.83333,,0,0,0,0,0,0,0,0,0,,750,663,,0,0,0,0
1613754852526,6,1010123456031,76,,1,0,6,1,2,,17.8618,803,183232,0.885664,229,0,8.71429,,0,0,0,0,0,0,0,0,0,,750,729,,0,0,0,0
1613754852776,6,1010123456031,76,,1,0,6,1,2,,16.3932,763,183483,0.742752,215,0,8.83333,,7.74194,31,0,0.1,9,44.4444,0,7.76717,31,,750,696,,0,0,0,5.64516
1613754853026,6,1010123456031,76,,1,0,6,1,2,,16.373,756,183603,0.77057,220,0,8.33333,,0,0,0,0,0,0,0,0,0,,750,705,,0,0,0,0
1613754853276,6,1010123456031,76,,1,0,6,1,2,,20.3955,756,183091,1.09939,220,0,10.5,,0.1,4,0,0.1,1,0,0,20.2943,31,,750,693,,0,0,0,1
1613754853526,6,1010123456031,76,,1,0,6,1,2,,17.9342,729,184242,0.814329,210,0,9,,0,0,0,0,0,0,0,0,0,,750,681,,0,0,0,0
1613754853776,6,1010123456031,76,,1,0,6,1,2,,17.2051,741,183693,0.82896,215,0,9,,8,30,0,0.1,9,55.5556,0,8.8509,31,,750,684,,0,0,0,5.63333
1613754854026,6,1010123456031,76,,1,0,6,1,2,,17.9398,747,184160,0.841542,217,0,9,,0,3,0,0.1,1,0,0,0,0,,750,696,,0,0,0,0
1613754854276,6,1010123456031,76,,1,0,6,1,2,,11.2022,806,183572,0.572928,226,0,5.83333,,0,0,0,0,0,0,0,0,0,,750,714,,0,0,0,0
1613754854526,6,1010123456031,76,,1,0,6,1,2,,17.5726,737,183930,0.769056,211,0,9,,0,0,0,0,0,0,0,0,0,,750,681,,0,0,0,0
1613754854776,6,1010123456031,76,,1,0,6,1,2,,17.1391,719,184051,0.751936,206,0,8.66667,,0,0,0,0,0,0,0,0,0,,750,666,,0,0,0,0
1613754855026,6,1010123456031,76,,1,0,6,1,2,,17.9526,759,184151,0.857092,221,0,9,,3.56757,37,0,0.1,11,0,0,17.7052,31,,750,705,,0,0,0,1.10811
1613754855276,6,1010123456031,76,,1,0,6,1,2,,14.9336,723,184154,0.675936,207,0,7.66667,,0,0,0,0,0,0,0,0,0,,750,657,,0,0,0,0
1613754855526,6,1010123456031,76,,1,0,6,1,2,,18.2262,778,183929,0.902683,220,0,9.28571,,0,0,0,0,0,0,0,0,0,,750,708,,0,0,0,0
1613754855776,6,1010123456031,76,,1,0,6,1,2,,19.9676,772,183335,1.15405,224,0,10,,0,3,0,0.1,1,0,0,0,31,,750,714,,0,0,0,0
1613754856026,6,1010123456031,76,,1,0,6,1,2,,16.2859,724,183184,0.717333,207,0,8.5,,8,30,0,0.1,8,50,0,5.3105,0,,750,660,,0,0,0,6.5
1613754856276,6,1010123456031,76,,1,0,6,1,2,,19.5826,702,183219,0.939072,202,0,9.83333,,0,0,0,0,0,0,0,0,0,,750,648,,0,0,0,0
1613754856526,6,1010123456031,76,,1,0,6,1,2,,13.2504,703,183206,0.586602,204,0,7.42857,,0,0,0,0,0,0,0,0,0,,750,639,,0,0,0,0
1613754856776,6,1010123456031,76,,1,0,6,1,2,,17.6265,771,184560,0.83849,222,0,9.33333,,0,3,0,0.1,1,0,0,0,31,,750,714,,0,0,0,0
1613754857026,6,1010123456031,76,,1,0,6,1,2,,18.5599,784,183589,0.947776,226,0,9,,0.1,27,0,0.1,8,0,0,8.56051,0,,750,726,,0,0,0,1.85185
1613754857276,6,1010123456031,76,,1,0,6,1,2,,17.989,817,183668,0.89392,231,0,9,,15,16,0,0,4,100,0,3.42816,0,,750,738,,0,0,0,10
1613754857526,6,1010123456031,76,,1,0,6,1,2,,15.1992,768,183299,0.745984,222,0,6.33333,,0,0,0,0,0,0,0,0,0,,750,711,,0,0,0,0
1613754857776,6,1010123456031,76,,1,0,6,1,2,,16.4184,717,183975,0.719488,206,0,9,,0,0,0,0,0,0,0,0,0,,750,660,,0,0,0,0
1613754858026,6,1010123456031,76,,1,0,6,1,2,,14.6347,720,184106,0.667968,210,0,7.5,,1.57143,42,0,0.1,12,8.33333,0,9.66847,31,,750,675,,0,0,0,1.85714
1613754858277,6,1010123456031,76,,1,0,6,1,2,,17.9702,806,184202,0.889849,231,0,9,,0,0,0,0,0,0,0,0,0,,750,741,,0,0,0,0
1613754858526,6,1010123456031,76,,1,0,6,1,2,,17.9596,743,183790,0.830394,214,0,9,,0,0,0,0,0,0,0,0,0,,747,681,,0,0,0,0
1613754858776,6,1010123456031,76,,1,0,6,1,2,,17.9264,774,183922,0.841536,218,0,9,,0,15,0,0.1,5,80,0,0,0,,750,705,,0,0,0,0
1613754859026,6,1010123456031,76,,1,0,6,1,2,,16.177,729,184179,0.780832,217,0,8,,0,3,0,0.1,1,0,0,0,31,,750,690,,0,0,0,0
1613754859276,6,1010123456031,76,,1,0,6,1,2,,16.9509,774,184144,0.779552,219,0,9,,0,0,0,0,0,0,0,0,0,,750,708,,0,0,0,0
1613754859526,6,1010123456031,76,,1,0,6,1,2,,15.2215,772,183827,0.73328,221,0,7.66667,,0,0,0,0,0,0,0,0,0,,750,702,,0,0,0,0
1613754859776,6,1010123456031,76,,1,0,6,1,2,,16.3857,726,183687,0.717205,205,0,8.5,,0,3,0,0.1,1,0,0,0,31,,750,666,,0,0,0,0
1613754860026,6,1010123456031,76,,1,0,6,1,2,,15.214,743,184034,0.703776,215,0,7.5,,15.9595,74,0,0.154944,24,83.3333,0,6.42099,0,,750,687,,0,0,0,8.54054
1613754860276,6,1010123456031,76,,1,0,6,1,2,,16.9797,788,184111,0.801216,222,0,8.66667,,0,0,0,0,0,0,0,0,0,,750,714,,0,0,0,0
1613754860526,6,1010123456031,76,,1,0,6,1,2,,17.9008,786,183924,0.863232,224,0,9,,0,0,0,0,0,0,0,0,0,,750,714,,0,0,0,0
1613754860776,6,1010123456031,76,,1,0,6,1,2,,18.8275,765,183460,0.914176,216,0,9.6,,7.27273,33,0,0.1,9,44.4444,0,7.60908,31,,750,696,,0,0,0,5.36364
1613754861026,6,1010123456031,76,,1,0,6,1,2,,15.4979,729,184055,0.723245,207,0,7.5,,0.1,4,0,0.1,1,0,0,1.98827,31,,750,669,,0,0,0,1
1613754861276,6,1010123456031,76,,1,0,6,1,2,,14.7387,796,184138,0.694747,227,0,8.16667,,0,0,0,0,0,0,0,0,0,,750,720,,0,0,0,0
1613754861526,6,1010123456031,76,,1,0,6,1,2,,17.9519,749,183859,0.818816,212,0,9,,0,0,0,0,0,0,0,0,0,,750,681,,0,0,0,0
1613754861776,6,1010123456031,76,,1,0,6,1,2,,17.913,759,184475,0.832739,215,0,9,,0,0,0,0,0,0,0,0,0,,750,678,,0,0,0,0
1613754862026,6,1010123456031,76,,1,0,6,1,2,,17.9131,656,183821,0.735036,190,0,9,,14.0448,67,0,0.129414,21,76.1905,0,7.3931,31,,750,618,,0,0,0,7.71642
1613754862276,6,1010123456031,76,,1,0,6,1,2,,15.3556,765,183604,0.721028,216,0,8,,0,0,0,0,0,0,0,0,0,,750,693,,0,0,0,0
1613754862526,6,1010123456031,76,,1,0,6,1,2,,17.9223,695,184410,0.782944,203,0,9,,0,0,0,0,0,0,0,0,0,,750,642,,0,0,0,0
1613754862776,6,1010123456031,76,,1,0,6,1,2,,17.2017,714,183673,0.751807,204,0,9.33333,,0.1,4,0,0.1,1,0,0,2.42468,31,,750,657,,0,0,0,1
1613754863026,6,1010123456031,76,,1,0,6,1,2,,20.4816,760,183540,1.11898,220,0,9.66667,,1.8,25,0,0.1,7,0,0,9.66399,0,,750,705,,0,0,0,1.32
1613754863276,6,1010123456031,76,,1,0,6,1,2,,14.8687,777,183225,0.722272,223,0,7.66667,,0,0,0,0,0,0,0,0,0,,750,720,,0,0,0,0
1613754863526,6,1010123456031,76,,1,0,6,1,2,,16.1547,763,183083,0.816768,222,0,8.57143,,0,0,0,0,0,0,0,0,0,,750,699,,0,0,0,0
1613754863776,6,1010123456031,76,,1,0,6,1,2,,17.8136,778,183523,0.853248,224,0,9.5,,6.2069,29,0,0.1,9,44.4444,0,9.69923,31,,750,723,,0,0,0,4.72414
1613754864026,6,1010123456031,76,,1,0,6,1,2,,18.9843,702,183215,0.89376,202,0,9,,0.1,4,0,0.1,1,0,0,21.2927,31,,750,648,,0,0,0,1
1613754864276,6,1010123456031,76,,1,0,6,1,2,,17.9756,737,183254,0.804352,208,0,9,,0,0,0,0,0,0,0,0,0,,750,666,,0,0,0,0
1613754864526,6,1010123456031,76,,1,0,6,1,2,,11.353,677,184530,0.53936,195,0,7.5,,0,0,0,0,0,0,0,0,0,,750,612,,0,0,0,0
1613754864776,6,1010123456031,76,,1,0,6,1,2,,19.1292,720,184357,0.899008,204,0,9,,0,0,0,0,0,0,0,0,0,,750,666,,0,0,0,0
1613754865026,6,1010123456031,76,,1,0,6,1,2,,13.0674,742,184409,0.679968,212,0,8,,14.4706,17,0,0.1,5,0,0,27.9118,31,,750,678,,0,0,0,1
1613754865276,6,1010123456031,76,,1,0,6,1,2,,17.6984,766,183816,0.81264,215,0,9,,0,0,0,0,0,0,0,0,0,,750,693,,0,0,0,0
1613754865526,6,1010123456031,76,,1,0,6,1,2,,15.1571,764,184107,0.765237,218,0,8.14286,,0,0,0,0,0,0,0,0,0,,750,696,,0,0,0,0
1613754865776,6,1010123456031,76,,1,0,6,1,2,,17.9639,748,183695,0.82192,213,0,9,,0,3,0,0.1,1,0,0,0,31,,750,675,,0,0,0,0
1613754866026,6,1010123456031,76,,1,0,6,1,2,,16.9149,717,184493,0.74008,205,0,8.5,,15.9375,16,0,0.1,5,80,0,18.2932,0,,750,651,,0,0,0,7.75
1613754866276,6,1010123456031,76,,1,0,6,1,2,,17.3465,759,184194,0.804337,215,0,8.83333,,0,0,0,0,0,0,0,0,0,,750,699,,0,0,0,0
1613754866526,6,1010123456031,76,,1,0,6,1,2,,15.2588,707,183739,0.693888,208,0,7.66667,,0,0,0,0,0,0,0,0,0,,750,657,,0,0,0,0
1613754866776,6,1010123456031,76,,1,0,6,1,2,,17.4558,656,183752,0.746592,187,0,8.16667,,15.8696,23,0,0.1,6,66.6667,0,13.6625,31,,750,606,,0,0,0,8.17391
1613754867026,6,1010123456031,76,,1,0,6,1,2,,16.6556,755,184351,0.817536,224,0,8,,15,4,0,0.1,1,0,0,32.5389,31,,750,708,,0,0,0,1
1613754867276,6,1010123456031,76,,1,0,6,1,2,,14.0381,761,184362,0.63952,214,0,8,,0,0,0,0,0,0,0,0,0,,750,702,,0,0,0,0
1613754867526,6,1010123456031,76,,1,0,6,1,2,,17.3712,765,183821,0.832352,223,0,8.85714,,0,0,0,0,0,0,0,0,0,,750,699,,0,0,0,0
1613754867776,6,1010123456031,76,,1,0,6,1,2,,16.0393,712,184144,0.701944,202,0,8,,0,3,0,0.1,1,0,0,0,31,,750,654,,0,0,0,0
1613754868026,6,1010123456031,76,,1,0,6,1,2,,19.4214,738,183978,1.01168,219,0,10,,15.32,100,0,0.136096,32,87.5,0,5.98647,0,,750,687,,0,0,0,8.44
1613754868276,6,1010123456031,76,,1,0,6,1,2,,17.9742,698,183873,0.7424,192,0,9,,0,0,0,0,0,0,0,0,0,,750,636,,0,0,0,0
1613754868526,6,1010123456031,76,,1,0,6,1,2,,17.9499,778,184090,0.857606,221,0,9,,0,0,0,0,0,0,0,0,0,,750,705,,0,0,0,0
1613754868776,6,1010123456031,76,,1,0,6,1,2,,16.9653,777,183695,0.824576,224,0,8.4,,6,30,0,0.1,9,44.4444,0,9.37768,31,,750,717,,0,0,0,4.6
1613754869026,6,1010123456031,76,,1,0,6,1,2,,17.3329,775,183461,0.80624,221,0,9,,0,3,0,0.1,1,0,0,0,31,,750,708,,0,0,0,0
1613754869276,6,1010123456031,76,,1,0,6,1,2,,17.9383,778,183577,0.856578,221,0,9,,0,0,0,0,0,0,0,0,0,,750,696,,0,0,0,0
1613754869526,6,1010123456031,76,,1,0,6,1,2,,15.4498,707,183323,0.671648,201,0,8.14286,,0,0,0,0,0,0,0,0,0,,750,657,,0,0,0,0
1613754869776,6,1010123456031,76,,1,0,6,1,2,,16.8447,721,183879,0.753767,205,0,8.5,,0,15,0,0.1,5,80,0,0,0,,750,654,,0,0,0,0
1613754870026,6,1010123456031,76,,1,0,6,1,2,,12.0762,748,184129,0.560736,219,0,6.33333,,9,4,0,0.1,1,0,0,5.97637,0,,750,702,,0,0,0,2
1613754870276,6,1010123456031,76,,1,0,6,1,2,,16.9868,756,183273,0.787759,217,0,8.66667,,0,0,0,0,0,0,0,0,0,,750,693,,0,0,0,0
1613754870526,6,1010123456031,76,,1,0,6,1,2,,16.7676,766,183672,0.802272,223,0,8.71429,,0,0,0,0,0,0,0,0,0,,750,714,,0,0,0,0
1613754870776,6,1010123456031,76,,1,0,6,1,2,,17.7756,713,184226,0.796209,206,0,8.83333,,0,3,0,0.1,1,0,0,0,31,,750,663,,0,0,0,0
1613754871026,6,1010123456031,76,,1,0,6,1,2,,13.8796,789,183479,0.688193,228,0,7.5,,5.73529,34,0,0.1,11,72.7273,0,1.96739,0,,750,732,,0,0,0,8.23529
1613754871276,6,1010123456031,76,,1,0,6,1,2,,17.9384,779,183594,0.84592,219,0,9,,0,0,0,0,0,0,0,0,0,,750,699,,0,0,0,0
1613754871526,6,1010123456031,76,,1,0,6,1,2,,15.4568,764,183976,0.711904,219,0,8.28571,,0,0,0,0,0,0,0,0,0,,750,690,,0,0,0,0
1613754871776,6,1010123456031,76,,1,0,6,1,2,,17.9885,784,183911,0.849536,220,0,9,,0,3,0,0.1,1,0,0,0,31,,750,708,,0,0,0,0
1613754872026,6,1010123456031,76,,1,0,6,1,2,,16.3076,764,184431,0.821205,222,0,7.66667,,6.2069,29,0,0.1,9,44.4444,0,7.61643,31,,750,696,,0,0,0,4.72414
1613754872276,6,1010123456031,76,,1,0,6,1,2,,16.3018,782,183873,0.753024,218,0,8.83333,,0,0,0,0,0,0,0,0,0,,750,705,,0,0,0,0
1613754872526,6,1010123456031,76,,1,0,6,1,2,,17.3371,700,184115,0.747456,202,0,9.28572,,0,0,0,0,0,0,0,0,0,,750,648,,0,0,0,0
1613754872776,6,1010123456031,76,,1,0,6,1,2,,18.8209,765,184269,0.944707,220,0,9,,0,0,0,0,0,0,0,0,0,,750,711,,0,0,0,0
1613754873026,6,1010123456031,76,,1,0,6,1,2,,16.6418,751,183434,0.798688,223,0,8.5,,13.1739,46,0,0.1,15,60,0,10.0853,31,,750,708,,0,0,0,6.63043
1613754873276,6,1010123456031,76,,1,0,6,1,2,,17.0275,764,183865,0.785735,216,0,9,,0,0,0,0,0,0,0,0,0,,750,690,,0,0,0,0
1613754873526,6,1010123456031,76,,1,0,6,1,2,,18.0346,780,183624,0.86528,224,0,9.71429,,0,0,0,0,0,0,0,0,0,,750,711,,0,0,0,0
1613754873776,6,1010123456031,76,,1,0,6,1,2,,18.237,633,183696,0.75024,177,0,8.5,,0.1,4,0,0.1,1,0,0,24.1554,31,,750,579,,0,0,0,1
1613754874026,6,1010123456031,76,,1,0,6,1,2,,15.5573,759,184548,0.740916,221,0,7.5,,15.9091,44,0,0.1,14,85.7143,0,6.37234,0,,750,708,,0,0,0,8.56818
1613754874276,6,1010123456031,76,,1,0,6,1,2,,14.4928,763,184184,0.67696,215,0,7.5,,0,0,0,0,0,0,0,0,0,,750,687,,0,0,0,0
1613754874526,6,1010123456031,76,,1,0,6,1,2,,17.2331,755,183199,0.801896,215,0,8.85714,,0,0,0,0,0,0,0,0,0,,750,687,,0,0,0,0
1613754874776,6,1010123456031,76,,1,0,6,1,2,,14.4848,757,184163,0.684819,217,0,7.5,,6,30,0,0.1,9,66.6667,0,7.99469,31,,750,693,,0,0,0,6.9
1613754875026,6,1010123456031,76,,1,0,6,1,2,,17.9289,759,184396,0.848289,219,0,9,,0.1,15,0,0.1,4,75,0,0.54168,0,,750,690,,0,0,0,8.2
1613754875276,6,1010123456031,76,,1,0,6,1,2,,14.3674,724,184233,0.685365,212,0,7.83333,,0,0,0,0,0,0,0,0,0,,750,672,,0,0,0,0
1613754875526,6,1010123456031,76,,1,0,6,1,2,,17.2932,747,183027,0.797205,213,0,8.85714,,0,0,0,0,0,0,0,0,0,,750,690,,0,0,0,0
1613754875776,6,1010123456031,76,,1,0,6,1,2,,15.9014,740,183937,0.732224,212,0,8.4,,1.5,30,0,0.1,9,0,0,7.15135,31,,750,681,,0,0,0,1.2
1613754876026,6,1010123456031,76,,1,0,6,1,2,,17.4003,717,184053,0.895004,209,0,8,,0,0,0,0,0,0,0,0,0,,750,666,,0,0,0,0
1613754876276,6,1010123456031,76,,1,0,6,1,2,,18.901,737,184313,0.88576,208,0,9.5,,0,0,0,0,0,0,0,0,0,,750,672,,0,0,0,0
1613754876526,6,1010123456031,76,,1,0,6,1,2,,17.3057,785,183763,0.832768,224,0,8.85714,,0,0,0,0,0,0,0,0,0,,750,711,,0,0,0,0
1613754876776,6,1010123456031,76,,1,0,6,1,2,,16.8146,782,183777,0.828416,220,0,7.66667,,15.7895,19,0,0.1,6,66.6667,0,13.3277,31,,750,708,,0,0,0,8.36842
1613754877026,6,1010123456031,76,,1,0,6,1,2,,17.777,758,183610,0.879936,220,0,9.66667,,16,4,0,0.1,1,0,0,26.4492,31,,750,699,,0,0,0,1
1613754877276,6,1010123456031,76,,1,0,6,1,2,,17.9873,711,183985,0.804864,208,0,9,,0,0,0,0,0,0,0,0,0,,750,648,,0,0,0,0
1613754877526,6,1010123456031,76,,1,0,6,1,2,,15.1612,726,183981,0.669856,209,0,7.66667,,0,0,0,0,0,0,0,0,0,,750,678,,0,0,0,0
1613754877776,6,1010123456031,76,,1,0,6,1,2,,16.5704,717,183337,0.717664,204,0,9,,10.2041,49,0,0.1,14,57.1429,0,10.6233,31,,750,657,,0,0,0,6.14286
1613754878026,6,1010123456031,76,,1,0,6,1,2,,17.8712,722,183239,0.813408,211,0,9,,0.1,4,0,0.1,1,0,0,19.8378,31,,750,672,,0,0,0,1
1613754878276,6,1010123456031,76,,1,0,6,1,2,,17.9429,788,184069,0.86864,225,0,9,,0,0,0,0,0,0,0,0,0,,750,720,,0,0,0,0
1613754878526,6,1010123456031,76,,1,0,6,1,2,,12.1629,712,183488,0.552768,206,0,6.66667,,0,0,0,0,0,0,0,0,0,,750,657,,0,0,0,0
1613754878776,6,1010123456031,76,,1,0,6,1,2,,17.9686,765,183439,0.854233,220,0,9,,0,3,0,0,1,100,0,0,0,,750,702,,0,0,0,0
1613754879026,6,1010123456031,76,,1,0,6,1,2,,17.6081,671,184115,0.791328,201,0,9.16667,,14.8077,52,0,0.1,17,76.4706,0,6.72013,31,,750,639,,0,0,0,8.15385
1613754879276,6,1010123456031,76,,1,0,6,1,2,,17.8857,735,183882,0.809536,210,0,9,,0,0,0,0,0,0,0,0,0,,750,669,,0,0,0,0
1613754879526,6,1010123456031,76,,1,0,6,1,2,,14.9673,703,184114,0.678112,205,0,7,,0,0,0,0,0,0,0,0,0,,750,651,,0,0,0,0
1613754879776,6,1010123456031,76,,1,0,6,1,2,,15.9201,751,183168,0.723328,213,0,9,,6,30,0,0.1,9,44.4444,0,9.46715,31,,750,690,,0,0,0,4.6
1613754880026,6,1010123456031,76,,1,0,6,1,2,,17.9358,763,183177,0.885012,224,0,9.5,,0,0,0,0,0,0,0,0,0,,750,705,,0,0,0,0
1613754880276,6,1010123456031,76,,1,0,6,1,2,,18.6198,747,183072,0.931438,215,0,9,,0,0,0,0,0,0,0,0,0,,750,690,,0,0,0,0
1613754880526,6,1010123456031,76,,1,0,6,1,2,,17.2539,764,184267,0.814432,219,0,8.71429,,0,0,0,0,0,0,0,0,0,,750,699,,0,0,0,0
1613754880776,6,1010123456031,76,,1,0,6,1,2,,14.3427,744,184070,0.625696,213,0,8.2,,0.1,28,0,0.1,8,0,0,3.993,31,,750,681,,0,0,0,1
1613754881026,6,1010123456031,76,,1,0,6,1,2,,17.965,772,184270,0.857606,221,0,9,,0,3,0,0.1,1,0,0,0,31,,750,699,,0,0,0,0
1613754881276,6,1010123456031,76,,1,0,6,1,2,,18.6989,714,184234,0.8872,199,0,9.6,,0,0,0,0,0,0,0,0,0,,750,642,,0,0,0,0
1613754881526,6,1010123456031,76,,1,0,6,1,2,,16.1334,742,183868,0.729952,212,0,8.42857,,0,0,0,0,0,0,0,0,0,,750,678,,0,0,0,0
1613754881776,6,1010123456031,76,,1,0,6,1,2,,14.2156,770,183906,0.671165,220,0,7.4,,9.7037,27,0,0.1,8,50,0,10.6146,31,,750,702,,0,0,0,5
1613754882026,6,1010123456031,76,,1,0,6,1,2,,17.9694,784,184470,0.885333,228,0,9,,0,3,0,0.1,1,0,0,0,31,,750,735,,0,0,0,0
1613754882276,6,1010123456031,76,,1,0,6,1,2,,12.2592,787,183468,0.621108,228,0,5.8,,0,0,0,0,0,0,0,0,0,,750,717,,0,0,0,0
1613754882526,6,1010123456031,76,,1,0,6,1,2,,17.9107,773,183249,0.856578,221,0,9,,0,0,0,0,0,0,0,0,0,,750,717,,0,0,0,0
1613754882776,6,1010123456031,76,,1,0,6,1,2,,18.5361,748,183336,0.913446,217,0,9.16667,,1.23529,34,0,0.1,10,0,0,11.7931,31,,750,690,,0,0,0,1.17647
1613754883026,6,1010123456031,76,,1,0,6,1,2,,17.145,669,184408,0.731904,202,0,8.83333,,0,0,0,0,0,0,0,0,0,,750,636,,0,0,0,0
1613754883276,6,1010123456031,76,,1,0,6,1,2,,17.8596,762,183695,0.811904,212,0,9,,0,0,0,0,0,0,0,0,0,,750,693,,0,0,0,0
1613754883526,6,1010123456031,76,,1,0,6,1,2,,19.8069,751,184047,0.984129,211,0,9.5,,0,0,0,0,0,0,0,0,0,,750,675,,0,0,0,0
1613754883776,6,1010123456031,76,,1,0,6,1,2,,17.9386,782,183812,0.860466,222,0,9,,0.1,4,0,0.1,1,0,0,4.77148,31,,750,714,,0,0,0,1
1613754884026,6,1010123456031,76,,1,0,6,1,2,,14.3889,774,184027,0.709664,228,0,7.66667,,5.05263,38,0,0.1,11,9.09091,0,14.3,0,,750,726,,0,0,0,2.02632
1613754884276,6,1010123456031,76,,1,0,6,1,2,,18,812,184325,0.886688,229,0,9,,0,0,0,0,0,0,0,0,0,,750,735,,0,0,0,0
1613754884526,6,1010123456031,76,,1,0,6,1,2,,15.1877,730,183940,0.688032,209,0,8.14286,,0,0,0,0,0,0,0,0,0,,750,663,,0,0,0,0
1613754884776,6,1010123456031,76,,1,0,6,1,2,,17.977,781,183891,0.850345,219,0,9,,0,0,0,0,0,0,0,0,0,,750,711,,0,0,0,0
1613754885026,6,1010123456031,76,,1,0,6,1,2,,13.1727,770,183278,0.673248,223,0,7,,8.41463,41,0,0.1,11,54.5455,0,9.18244,31,,750,714,,0,0,0,6.41463
1613754885276,6,1010123456031,76,,1,0,6,1,2,,16.5801,712,184495,0.704771,202,0,9,,0,0,0,0,0,0,0,0,0,,750,630,,0,0,0,0
1613754885526,6,1010123456031,76,,1,0,6,1,2,,15.2337,766,183092,0.720161,215,0,8.14286,,0,0,0,0,0,0,0,0,0,,750,699,,0,0,0,0
1613754885776,6,1010123456031,76,,1,0,6,1,2,,18,815,183272,0.879648,229,0,9,,7.27273,33,0,0.1,9,44.4444,0,8.87245,31,,750,735,,0,0,0,5.36364
1613754886026,6,1010123456031,76,,1,0,6,1,2,,15.3535,679,183784,0.654112,197,0,8,,0,0,0,0,0,0,0,0,0,,750,636,,0,0,0,0
1613754886276,6,1010123456031,76,,1,0,6,1,2,,17.984,750,184304,0.839197,216,0,9,,0,0,0,0,0,0,0,0,0,,750,687,,0,0,0,0
1613754886526,6,1010123456031,76,,1,0,6,1,2,,17.9849,794,183303,0.890048,230,0,9,,0,0,0,0,0,0,0,0,0,,750,735,,0,0,0,0
1613754886777,6,1010123456031,76,,1,0,6,1,2,,12.5352,768,183998,0.597632,218,0,6.33333,,7.27273,33,0,0.1,9,44.4444,0,7.91041,31,,750,702,,0,0,0,5.45455
1613754887026,6,1010123456031,76,,1,0,6,1,2,,19.6189,698,183518,0.916627,202,0,9.66667,,0,3,0,0.1,1,0,0,0,31,,750,645,,0,0,0,0
1613754887276,6,1010123456031,76,,1,0,6,1,2,,15.3267,756,184386,0.690528,213,0,7.8,,0,0,0,0,0,0,0,0,0,,750,678,,0,0,0,0
1613754887526,6,1010123456031,76,,1,0,6,1,2,,17.8988,761,183730,0.82832,217,0,9,,0,0,0,0,0,0,0,0,0,,750,684,,0,0,0,0
1613754887776,6,1010123456031,76,,1,0,6,1,2,,13.6587,709,183284,0.582272,204,0,7.16667,,0.1,4,0,0.1,1,0,0,29.8153,31,,750,654,,0,0,0,1
1613754888026,6,1010123456031,76,,1,0,6,1,2,,17.8867,768,183581,0.847232,220,0,9,,6.77419,31,0,0.1,9,44.4444,0,2.14796,0,,750,696,,0,0,0,5.29032
1613754888276,6,1010123456031,76,,1,0,6,1,2,,16.1385,780,183393,0.776864,225,0,8.2,,0,0,0,0,0,0,0,0,0,,750,717,,0,0,0,0
1613754888526,6,1010123456031,76,,1,0,6,1,2,,17.7543,700,184314,0.76672,204,0,9,,0,0,0,0,0,0,0,0,0,,750,648,,0,0,0,0
1613754888776,6,1010123456031,76,,1,0,6,1,2,,14.3389,717,183516,0.661269,208,0,7.33333,,6,30,0,0.1,9,44.4444,0,8.85554,31,,750,663,,0,0,0,4.86667
1613754889026,6,1010123456031,76,,1,0,6,1,2,,15.8308,733,183619,0.704704,216,0,8.5,,0,2,0,0.1,1,0,0,0,31,,750,690,,0,0,0,0
1613754889276,6,1010123456031,76,,1,0,6,1,2,,17.1678,709,183932,0.74528,202,0,8.83333,,0,0,0,0,0,0,0,0,0,,750,642,,0,0,0,0
1613754889526,6,1010123456031,76,,1,0,6,1,2,,12.5266,733,183958,0.581526,208,0,6.42857,,0,0,0,0,0,0,0,0,0,,750,669,,0,0,0,0
1613754889776,6,1010123456031,76,,1,0,6,1,2,,17.4142,775,183236,0.830779,222,0,9,,0,3,0,0.1,1,0,0,0,31,,750,708,,0,0,0,0
1613754890026,6,1010123456031,76,,1,0,6,1,2,,17.9704,710,183742,0.791518,204,0,9,,10.0833,36,0,0.1,10,50,0,9.27708,0,,750,660,,0,0,0,5.75
1613754890276,6,1010123456031,76,,1,0,6,1,2,,17.9455,770,183958,0.849792,220,0,9,,0,0,0,0,0,0,0,0,0,,750,693,,0,0,0,0
1613754890526,6,1010123456031,76,,1,0,6,1,2,,11.0219,730,183312,0.501856,209,0,6.42857,,0,0,0,0,0,0,0,0,0,,750,678,,0,0,0,0
1613754890776,6,1010123456031,76,,1,0,6,1,2,,17.9294,765,183311,0.854176,221,0,9,,16,4,0,0,1,100,0,6.118,0,,750,702,,0,0,0,10
1613754891026,6,1010123456031,76,,1,0,6,1,2,,17.1327,701,183648,0.751133,205,0,8.66667,,9.24444,45,0,0.1,14,50,0,6.62264,31,,750,651,,0,0,0,6.2
1613754891276,6,1010123456031,76,,1,0,6,1,2,,17.9227,737,183633,0.817703,211,0,9,,0,0,0,0,0,0,0,0,0,,750,675,,0,0,0,0
1613754891526,6,1010123456031,76,,1,0,6,1,2,,16.9297,782,183879,0.795712,220,0,8.71429,,0,0,0,0,0,0,0,0,0,,750,708,,0,0,0,0
1613754891776,6,1010123456031,76,,1,0,6,1,2,,17.9881,757,184515,0.830912,216,0,9,,0,0,0,0,0,0,0,0,0,,750,687,,0,0,0,0
1613754892026,6,1010123456031,76,,1,0,6,1,2,,17.9364,755,183433,0.844916,218,0,9,,0.1,33,0,0.1,10,0,0,7.42566,31,,750,699,,0,0,0,1.21212
1613754892276,6,1010123456031,76,,1,0,6,1,2,,14.323,777,183244,0.671165,218,0,7.66667,,0,0,0,0,0,0,0,0,0,,750,708,,0,0,0,0
1613754892526,6,1010123456031,76,,1,0,6,1,2,,17.8465,762,183988,0.838176,217,0,8.71429,,0,0,0,0,0,0,0,0,0,,750,693,,0,0,0,0
1613754892776,6,1010123456031,76,,1,0,6,1,2,,18.6346,791,183653,0.95152,225,0,9.66667,,10,48,0,0.1,14,64.2857,0,9.05043,31,,750,720,,0,0,0,6.97917
1613754893026,6,1010123456031,76,,1,0,6,1,2,,17.8774,685,183745,0.765622,198,0,9,,0,3,0,0.1,1,0,0,0,0,,750,627,,0,0,0,0
1613754893276,6,1010123456031,76,,1,0,6,1,2,,17.1492,784,184400,0.915104,223,0,8.66667,,0,0,0,0,0,0,0,0,0,,750,720,,0,0,0,0
1613754893526,6,1010123456031,76,,1,0,6,1,2,,17.9606,761,183637,0.834816,216,0,9,,0,0,0,0,0,0,0,0,0,,750,696,,0,0,0,0
1613754893776,6,1010123456031,76,,1,0,6,1,2,,19.1157,752,184558,0.988416,216,0,8.66667,,6.92308,26,0,0.1,8,50,0,5.99858,31,,750,681,,0,0,0,5.15385
1613754894026,6,1010123456031,76,,1,0,6,1,2,,16.1544,790,183916,0.756416,222,0,9,,0,3,0,0.1,1,0,0,0,0,,750,720,,0,0,0,0
1613754894276,6,1010123456031,76,,1,0,6,1,2,,15.058,793,183395,0.757056,224,0,7.83333,,0,0,0,0,0,0,0,0,0,,750,717,,0,0,0,0
1613754894526,6,1010123456031,76,,1,0,6,1,2,,18.2676,740,183270,0.832288,211,0,9.42857,,0,0,0,0,0,0,0,0,0,,750,678,,0,0,0,0
1613754894776,6,1010123456031,76,,1,0,6,1,2,,15.4261,737,183639,0.708691,210,0,7.5,,0.1,29,0,0.1,8,0,0,5.02073,31,,750,672,,0,0,0,1
1613754895026,6,1010123456031,76,,1,0,6,1,2,,14.5268,710,183621,0.627104,205,0,8,,0,3,0,0.1,1,0,0,0,31,,750,654,,0,0,0,0
1613754895276,6,1010123456031,76,,1,0,6,1,2,,17.977,782,183572,0.845944,218,0,9,,0,0,0,0,0,0,0,0,0,,750,702,,0,0,0,0
1613754895526,6,1010123456031,76,,1,0,6,1,2,,14.7964,732,183476,0.726624,215,0,8.14286,,0,0,0,0,0,0,0,0,0,,750,675,,0,0,0,0
1613754895776,6,1010123456031,76,,1,0,6,1,2,,17.9521,751,184028,0.834795,215,0,9,,0.1,35,0,0.1,10,20,0,1.87085,31,,750,693,,0,0,0,3.4
1613754896026,6,1010123456031,76,,1,0,6,1,2,,13.3307,750,183330,0.610464,215,0,7,,0,3,0,0.1,1,0,0,0,31,,750,678,,0,0,0,0
1613754896276,6,1010123456031,76,,1,0,6,1,2,,17.9663,802,184027,0.865792,224,0,9,,0,0,0,0,0,0,0,0,0,,750,726,,0,0,0,0
1613754896526,6,1010123456031,76,,1,0,6,1,2,,16.2086,743,183927,0.72672,212,0,8.42857,,0,0,0,0,0,0,0,0,0,,750,675,,0,0,0,0
1613754896776,6,1010123456031,76,,1,0,6,1,2,,18,745,183584,0.807712,209,0,9,,8.63636,33,0,0.1,9,44.4444,0,7.97815,31,,750,678,,0,0,0,5.36364
1613754897026,6,1010123456031,76,,1,0,6,1,2,,15.3903,743,183916,0.729664,214,0,7.5,,0.1,4,0,0.1,1,0,0,3.99968,31,,750,690,,0,0,0,1
1613754897276,6,1010123456031,76,,1,0,6,1,2,,16.7455,770,184129,0.774944,221,0,9,,0,0,0,0,0,0,0,0,0,,750,702,,0,0,0,0
1613754897526,6,1010123456031,76,,1,0,6,1,2,,17.9346,734,183850,0.82656,214,0,9,,0,0,0,0,0,0,0,0,0,,750,678,,0,0,0,0
1613754897776,6,1010123456031,76,,1,0,6,1,2,,17.9075,746,183134,0.82159,212,0,9,,0,0,0,0,0,0,0,0,0,,750,684,,0,0,0,0
1613754898026,6,1010123456031,76,,1,0,6,1,2,,15.3438,733,184047,0.68464,212,0,7.83333,,14.5763,59,0,0.202688,18,66.6667,0,8.17134,31,,750,678,,0,0,0,7.40678
1613754898276,6,1010123456031,76,,1,0,6,1,2,,16.9242,778,184186,0.802442,222,0,8.66667,,0,0,0,0,0,0,0,0,0,,750,711,,0,0,0,0
1613754898526,6,1010123456031,76,,1,0,6,1,2,,16.95,780,184640,0.808225,222,0,8.71429,,0,0,0,0,0,0,0,0,0,,750,708,,0,0,0,0
1613754898776,6,1010123456031,76,,1,0,6,1,2,,15.2153,757,184340,0.715631,218,0,8,,0.1,32,0,0.1,9,0,0,3.30296,31,,750,696,,0,0,0,1.375
1613754899026,6,1010123456031,76,,1,0,6,1,2,,17.3918,776,183416,0.84112,225,0,8.83333,,0,0,0,0,0,0,0,0,0,,750,714,,0,0,0,0
1613754899276,6,1010123456031,76,,1,0,6,1,2,,15.8554,740,183335,0.720032,213,0,8.2,,0,0,0,0,0,0,0,0,0,,750,687,,0,0,0,0
1613754899526,6,1010123456031,76,,1,0,6,1,2,,17.9842,760,183151,0.859072,222,0,9,,0,0,0,0,0,0,0,0,0,,750,711,,0,0,0,0
1613754899776,6,1010123456031,76,,1,0,6,1,2,,15.6306,758,183966,0.762538,218,0,7.6,,0,0,0,0,0,0,0,0,0,,750,702,,0,0,0,0
1613754900026,6,1010123456031,76,,1,0,6,1,2,,16.1714,747,184340,0.728192,216,0,9,,0.1,33,0,0.1,10,0,0,6.2212,31,,750,687,,0,0,0,1
1613754900276,6,1010123456031,76,,1,0,6,1,2,,15.1794,747,184329,0.707744,215,0,7.8,,0,0,0,0,0,0,0,0,0,,750,684,,0,0,0,0
1613754900526,6,1010123456031,76,,1,0,6,1,2,,19.7228,718,183167,0.98976,210,0,9.71429,,0,0,0,0,0,0,0,0,0,,750,663,,0,0,0,0
1613754900776,6,1010123456031,76,,1,0,6,1,2,,16.2901,755,184465,0.810988,216,0,8.16667,,0.1,35,0,0.1,10,20,0,2.42037,31,,750,696,,0,0,0,3.34286
1613754901026,6,1010123456031,76,,1,0,6,1,2,,16.5163,705,184148,0.739584,208,0,8.66667,,0,0,0,0,0,0,0,0,0,,750,654,,0,0,0,0
1613754901276,6,1010123456031,76,,1,0,6,1,2,,17.9461,724,183140,0.775712,201,0,9,,0,0,0,0,0,0,0,0,0,,750,657,,0,0,0,0
1613754901526,6,1010123456031,76,,1,0,6,1,2,,15.1577,799,183343,0.70976,226,0,8.33333,,0,0,0,0,0,0,0,0,0,,750,723,,0,0,0,0
1613754901776,6,1010123456031,76,,1,0,6,1,2,,18,687,184404,0.769735,198,0,9,,7.27273,33,0,0.1,9,44.4444,0,7.75776,31,,750,639,,0,0,0,6.18182
1613754902026,6,1010123456031,76,,1,0,6,1,2,,11.4466,759,183890,0.558361,220,0,6.5,,0.1,7,0,0.1,2,50,0,2.7273,31,,750,699,,0,0,0,4.85714
1613754902276,6,1010123456031,76,,1,0,6,1,2,,17.3077,780,182990,0.836112,224,0,8.8,,0,0,0,0,0,0,0,0,0,,750,717,,0,0,0,0
1613754902526,6,1010123456031,76,,1,0,6,1,2,,12.7408,760,183400,0.616932,220,0,7.28571,,0,0,0,0,0,0,0,0,0,,750,705,,0,0,0,0
1613754902776,6,1010123456031,76,,1,0,6,1,2,,17.9878,739,183191,0.804864,208,0,9,,0,3,0,0.1,1,0,0,0,31,,750,675,,0,0,0,0
1613754903026,6,1010123456031,76,,1,0,6,1,2,,10.105,762,183456,0.49472,221,0,6.6,,5.58491,53,0,0.1,15,26.6667,0,13.433,0,,750,702,,0,0,0,3.54717
1613754903276,6,1010123456031,76,,1,0,6,1,2,,17.5388,774,184504,0.80224,216,0,9,,0,0,0,0,0,0,0,0,0,,750,696,,0,0,0,0
1613754903526,6,1010123456031,76,,1,0,6,1,2,,15.9594,788,183519,0.765108,224,0,8.14286,,0,0,0,0,0,0,0,0,0,,750,711,,0,0,0,0
1613754903776,6,1010123456031,76,,1,0,6,1,2,,17.0314,765,184041,0.783328,219,0,9,,7.27273,33,0,0.1,9,44.4444,0,7.84107,31,,750,693,,0,0,0,5.45455
1613754904026,6,1010123456031,76,,1,0,6,1,2,,15.5589,764,184565,0.7656,221,0,7.83333,,0,0,0,0,0,0,0,0,0,,750,708,,0,0,0,0
1613754904276,6,1010123456031,76,,1,0,6,1,2,,15.0227,706,184011,0.63248,203,0,8.33333,,0,0,0,0,0,0,0,0,0,,750,645,,0,0,0,0
1613754904526,6,1010123456031,76,,1,0,6,1,2,,17.8997,718,183099,0.77056,202,0,9,,0,0,0,0,0,0,0,0,0,,750,657,,0,0,0,0
1613754904776,6,1010123456031,76,,1,0,6,1,2,,17.92,750,183682,0.82992,215,0,9,,0,0,0,0,0,0,0,0,0,,750,693,,0,0,0,0
1613754905026,6,1010123456031,76,,1,0,6,1,2,,17.918,732,183667,0.810048,210,0,9,,7.03125,32,0,0.1,9,44.4444,0,10.6616,31,,750,675,,0,0,0,5.21875
1613754905276,6,1010123456031,76,,1,0,6,1,2,,15.1208,712,183849,0.661568,202,0,8,,0,0,0,0,0,0,0,0,0,,750,645,,0,0,0,0
1613754905526,6,1010123456031,76,,1,0,6,1,2,,17.0339,767,184383,0.801285,220,0,8.71429,,0,0,0,0,0,0,0,0,0,,750,699,,0,0,0,0
1613754905776,6,1010123456031,76,,1,0,6,1,2,,16.9971,684,183258,0.799808,196,0,7.6,,7.27273,33,0,0.1,9,44.4444,0,6.8418,31,,750,624,,0,0,0,5.36364
1613754906026,6,1010123456031,76,,1,0,6,1,2,,17.9709,722,183415,0.792032,204,0,9,,0,0,0,0,0,0,0,0,0,,750,669,,0,0,0,0
1613754906276,6,1010123456031,76,,1,0,6,1,2,,13.9338,740,183837,0.624996,211,0,7.5,,0,0,0,0,0,0,0,0,0,,750,672,,0,0,0,0
1613754906526,6,1010123456031,76,,1,0,6,1,2,,17.2074,786,183471,0.808964,221,0,8.85714,,0,0,0,0,0,0,0,0,0,,750,714,,0,0,0,0
1613754906776,6,1010123456031,76,,1,0,6,1,2,,15.0821,767,183632,0.721606,216,0,7,,0,0,0,0,0,0,0,0,0,,750,693,,0,0,0,0
1613754907026,6,1010123456031,76,,1,0,6,1,2,,15.7497,799,183941,0.743552,228,0,8.8,,1.75,32,0,0.1,9,0,0,12.865,31,,750,726,,0,0,0,1
1613754907276,6,1010123456031,76,,1,0,6,1,2,,18.636,783,184219,0.929478,226,0,9.5,,0,0,0,0,0,0,0,0,0,,750,723,,0,0,0,0
1613754907526,6,1010123456031,76,,1,0,6,1,2,,13.9158,772,183250,0.666368,218,0,7.42857,,0,0,0,0,0,0,0,0,0,,750,702,,0,0,0,0
1613754907776,6,1010123456031,76,,1,0,6,1,2,,17.966,794,184181,0.865792,224,0,9,,0,3,0,0.1,1,0,0,0,31,,750,717,,0,0,0,0
1613754908026,6,1010123456031,76,,1,0,6,1,2,,15.4945,726,183266,0.704771,210,0,8,,5.26531,49,0,0.1,14,35.7143,0,14.7825,31,,750,669,,0,0,0,4.4898
1613754908276,6,1010123456031,76,,1,0,6,1,2,,17.384,763,184246,0.817248,219,0,8.83333,,0,0,0,0,0,0,0,0,0,,750,705,,0,0,0,0
1613754908526,6,1010123456031,76,,1,0,6,1,2,,16.095,758,183324,0.748896,221,0,8.42857,,0,0,0,0,0,0,0,0,0,,750,705,,0,0,0,0
1613754908776,6,1010123456031,76,,1,0,6,1,2,,17.9642,755,184108,0.826506,213,0,9,,15,4,0,0,1,100,0,7.283,0,,750,690,,0,0,0,10
1613754909026,6,1010123456031,76,,1,0,6,1,2,,12.0696,733,183634,0.556851,218,0,7,,12.1017,59,0,0.1,18,66.6667,0,8.97368,31,,750,699,,0,0,0,7.05085
1613754909276,6,1010123456031,76,,1,0,6,1,2,,16.0261,767,184177,0.742683,216,0,8.16667,,0,0,0,0,0,0,0,0,0,,750,690,,0,0,0,0
1613754909526,6,1010123456031,76,,1,0,6,1,2,,19.4623,742,183291,0.985285,215,0,8.71429,,0,0,0,0,0,0,0,0,0,,750,693,,0,0,0,0
1613754909776,6,1010123456031,76,,1,0,6,1,2,,12.3591,685,184395,0.540352,198,0,7.66667,,0.1,4,0,0.1,1,0,0,29.3013,31,,750,630,,0,0,0,1
1613754910026,6,1010123456031,76,,1,0,6,1,2,,17.2952,725,183635,0.777728,208,0,8.83333,,15.908,87,0,0.101056,29,86.2069,0,6.27738,31,,750,678,,0,0,0,8.78161
1613754910276,6,1010123456031,76,,1,0,6,1,2,,14.9249,639,183700,0.571104,182,0,7.83333,,0,0,0,0,0,0,0,0,0,,750,588,,0,0,0,0
1613754910526,6,1010123456031,76,,1,0,6,1,2,,15.3046,778,184451,0.73744,221,0,7.85714,,0,0,0,0,0,0,0,0,0,,750,705,,0,0,0,0
1613754910776,6,1010123456031,76,,1,0,6,1,2,,14.6667,729,183328,0.658496,206,0,7.66667,,7.27273,33,0,0.1,9,55.5556,0,7.0851,31,,750,657,,0,0,0,6.45455
1613754911026,6,1010123456031,76,,1,0,6,1,2,,17.5985,792,183512,0.863036,226,0,8.8,,0.1,7,0,0.1,2,0,0,3.36363,31,,750,714,,0,0,0,1
1613754911276,6,1010123456031,76,,1,0,6,1,2,,17.064,750,184537,0.771566,211,0,8.83333,,0,0,0,0,0,0,0,0,0,,750,681,,0,0,0,0
1613754911526,6,1010123456031,76,,1,0,6,1,2,,18.9041,740,184516,0.947695,209,0,9.57143,,0,0,0,0,0,0,0,0,0,,750,675,,0,0,0,0
1613754911776,6,1010123456031,76,,1,0,6,1,2,,14.3506,773,183550,0.660192,219,0,7.5,,0,3,0,0.1,1,0,0,0,31,,750,702,,0,0,0,0
1613754912026,6,1010123456031,76,,1,0,6,1,2,,14.7673,739,184258,0.680384,216,0,7.5,,15.3247,77,0,0.173184,25,80,0,8.94716,31,,750,693,,0,0,0,7.85714
1613754912276,6,1010123456031,76,,1,0,6,1,2,,15.4543,744,184128,0.722056,216,0,8,,0,0,0,0,0,0,0,0,0,,750,690,,0,0,0,0
1613754912526,6,1010123456031,76,,1,0,6,1,2,,17.9342,729,183966,0.814944,211,0,9,,0,0,0,0,0,0,0,0,0,,750,663,,0,0,0,0
1613754912776,6,1010123456031,76,,1,0,6,1,2,,16.0263,760,184197,0.774496,219,0,7.4,,9.23077,26,0,0.1,8,50,0,6.13164,31,,750,711,,0,0,0,5.15385
1613754913026,6,1010123456031,76,,1,0,6,1,2,,15.9501,701,184419,0.685952,206,0,9,,0.428571,7,0,0.1,2,0,0,5.67946,31,,750,654,,0,0,0,1
1613754913276,6,1010123456031,76,,1,0,6,1,2,,18.9335,767,182961,0.939104,219,0,9.5,,0,0,0,0,0,0,0,0,0,,750,705,,0,0,0,0
1613754913526,6,1010123456031,76,,1,0,6,1,2,,15.7318,727,183650,0.705799,208,0,8.14286,,0,0,0,0,0,0,0,0,0,,750,663,,0,0,0,0
1613754913776,6,1010123456031,76,,1,0,6,1,2,,17.3295,780,183158,0.812256,219,0,9,,0.228571,35,0,0.1,10,0,0,4.10759,31,,750,699,,0,0,0,1.08571
1613754914026,6,1010123456031,76,,1,0,6,1,2,,17.9623,716,183445,0.799456,207,0,9,,0,0,0,0,0,0,0,0,0,,750,657,,0,0,0,0
1613754914276,6,1010123456031,76,,1,0,6,1,2,,17.9887,793,184342,0.870688,225,0,9,,0,0,0,0,0,0,0,0,0,,750,714,,0,0,0,0
1613754914526,6,1010123456031,76,,1,0,6,1,2,,18.2343,747,183678,0.881639,213,0,9.28571,,0,0,0,0,0,0,0,0,0,,750,687,,0,0,0,0
1613754914776,6,1010123456031,76,,1,0,6,1,2,,16.9262,718,183150,0.722528,201,0,8.66667,,0.1,4,0,0.1,1,0,0,1.07248,31,,750,651,,0,0,0,3
1613754915026,6,1010123456031,76,,1,0,6,1,2,,19.8711,776,183946,1.06814,230,0,10,,0.1,32,0,0.1,9,0,0,10.2147,0,,750,735,,0,0,0,1
1613754915277,6,1010123456031,76,,1,0,6,1,2,,19.6108,776,184071,1.0296,219,0,10,,0,0,0,0,0,0,0,0,0,,750,708,,0,0,0,0
1613754915526,6,1010123456031,76,,1,0,6,1,2,,13.2445,732,183442,0.619631,208,0,6.71429,,0,0,0,0,0,0,0,0,0,,750,666,,0,0,0,0
1613754915776,6,1010123456031,76,,1,0,6,1,2,,15.7057,778,183914,0.7256,219,0,9,,6.69767,43,0,0.1,12,33.3333,0,6.80177,31,,750,708,,0,0,0,5.13954
1613754916026,6,1010123456031,76,,1,0,6,1,2,,17.5096,779,183548,0.853056,226,0,9.16667,,0,0,0,0,0,0,0,0,0,,750,714,,0,0,0,0
1613754916276,6,1010123456031,76,,1,0,6,1,2,,15.5588,757,184336,0.748672,212,0,7.66667,,0,3,0,0.1,1,0,0,0,31,,750,684,,0,0,0,0
1613754916526,6,1010123456031,76,,1,0,6,1,2,,17.9661,708,183295,0.799807,206,0,9,,0,0,0,0,0,0,0,0,0,,750,654,,0,0,0,0
1613754916776,6,1010123456031,76,,1,0,6,1,2,,15.379,781,183537,0.75351,225,0,8,,8,30,0,0.1,9,44.4444,0,9.22482,31,,750,723,,0,0,0,4.6
1613754917026,6,1010123456031,76,,1,0,6,1,2,,17.9246,756,183653,0.856578,221,0,9,,0,2,0,0.1,1,0,0,0,31,,750,708,,0,0,0,0
1613754917276,6,1010123456031,76,,1,0,6,1,2,,16.9715,771,184031,0.7912,219,0,8.66667,,0,0,0,0,0,0,0,0,0,,750,693,,0,0,0,0
1613754917526,6,1010123456031,76,,1,0,6,1,2,,17.9723,757,183368,0.838683,216,0,9,,0,0,0,0,0,0,0,0,0,,750,690,,0,0,0,0
1613754917776,6,1010123456031,76,,1,0,6,1,2,,16.69,800,184346,0.90752,224,0,8.83333,,0,0,0,0,0,0,0,0,0,,750,717,,0,0,0,0
1613754918026,6,1010123456031,76,,1,0,6,1,2,,15.2476,739,183405,0.702976,216,0,7.5,,15.2198,91,0,0.144192,29,82.7586,0,7.7437,31,,750,687,,0,0,0,8.12088
1613754918276,6,1010123456031,76,,1,0,6,1,2,,16.5216,765,183149,0.769157,218,0,8.4,,0,0,0,0,0,0,0,0,0,,750,696,,0,0,0,0
1613754918526,6,1010123456031,76,,1,0,6,1,2,,17.6366,699,184366,0.784736,207,0,8.85714,,0,0,0,0,0,0,0,0,0,,750,654,,0,0,0,0
1613754918776,6,1010123456031,76,,1,0,6,1,2,,17.973,777,183000,0.831456,215,0,9,,0,3,0,0,1,100,0,0,0,,750,702,,0,0,0,0
1613754919026,6,1010123456031,76,,1,0,6,1,2,,17.2878,761,183857,0.832996,223,0,8.83333,,5.11111,27,0,0.1,9,33.3333,0,9.93129,31,,750,711,,0,0,0,4.11111
1613754919276,6,1010123456031,76,,1,0,6,1,2,,18,787,183074,0.875072,226,0,9,,0,0,0,0,0,0,0,0,0,,750,729,,0,0,0,0
1613754919526,6,1010123456031,76,,1,0,6,1,2,,14.0933,729,182965,0.635984,209,0,7.57143,,0,0,0,0,0,0,0,0,0,,750,660,,0,0,0,0
1613754919776,6,1010123456031,76,,1,0,6,1,2,,18.6181,762,184325,0.86098,214,0,9.83333,,0,15,0,0.1,5,80,0,0,0,,750,690,,0,0,0,0
1613754920026,6,1010123456031,76,,1,0,6,1,2,,18.8268,710,183112,0.98506,208,0,9,,9,4,0,0.1,1,0,0,6.01871,0,,750,657,,0,0,0,2
1613754920276,6,1010123456031,76,,1,0,6,1,2,,17.509,774,183903,0.83328,220,0,8.83333,,0,0,0,0,0,0,0,0,0,,750,702,,0,0,0,0
1613754920526,6,1010123456031,76,,1,0,6,1,2,,15.45,760,183893,0.709888,218,0,8.28571,,0,0,0,0,0,0,0,0,0,,750,690,,0,0,0,0
1613754920776,6,1010123456031,76,,1,0,6,1,2,,17.6341,738,183703,0.811904,212,0,8.8,,8.17391,23,0,0.1,7,57.1429,0,12.0395,0,,750,675,,0,0,0,5.69565
1613754921026,6,1010123456031,76,,1,0,6,1,2,,17.8099,710,183760,0.808193,203,0,9.33333,,0.1,4,0,0.1,1,0,0,2.85955,31,,750,648,,0,0,0,1
1613754921276,6,1010123456031,76,,1,0,6,1,2,,17.976,749,183332,0.814843,210,0,9,,0,0,0,0,0,0,0,0,0,,750,675,,0,0,0,0
1613754921526,6,1010123456031,76,,1,0,6,1,2,,19.0902,754,184291,0.963392,214,0,8.57143,,0,0,0,0,0,0,0,0,0,,750,687,,0,0,0,0
1613754921776,6,1010123456031,76,,1,0,6,1,2,,12.6986,803,184002,0.630528,226,0,9,,0.1,4,0,0.1,1,0,0,4.32127,31,,750,723,,0,0,0,1
1613754922026,6,1010123456031,76,,1,0,6,1,2,,17.3222,627,184051,0.669269,179,0,8.83333,,6.54545,44,0,0.1,12,33.3333,0,7.05017,0,,750,576,,0,0,0,4.27273
1613754922276,6,1010123456031,76,,1,0,6,1,2,,14.5339,768,183539,0.681952,217,0,7.83333,,0,0,0,0,0,0,0,0,0,,750,696,,0,0,0,0
1613754922526,6,1010123456031,76,,1,0,6,1,2,,17.0588,782,183256,0.83456,224,0,8,,0,0,0,0,0,0,0,0,0,,750,714,,0,0,0,0
1613754922776,6,1010123456031,76,,1,0,6,1,2,,12.44,725,183064,0.51872,206,0,8,,0.1,26,0,0.1,8,0,0,2.7565,31,,750,660,,0,0,0,1.5
1613754923026,6,1010123456031,76,,1,0,6,1,2,,17.9549,731,184083,0.826506,213,0,9,,0,0,0,0,0,0,0,0,0,,750,678,,0,0,0,0
1613754923276,6,1010123456031,76,,1,0,6,1,2,,10.4909,766,183764,0.536289,220,0,6.8,,0,0,0,0,0,0,0,0,0,,750,702,,0,0,0,0
1613754923526,6,1010123456031,76,,1,0,6,1,2,,18.1291,790,183055,0.885312,222,0,9,,0,0,0,0,0,0,0,0,0,,750,711,,0,0,0,0
1613754923776,6,1010123456031,76,,1,0,6,1,2,,14.9048,714,183867,0.637632,203,0,7.83333,,7.27273,33,0,0.1,9,44.4444,0,7.12782,31,,750,657,,0,0,0,5.36364
1613754924026,6,1010123456031,76,,1,0,6,1,2,,17.9227,737,183021,0.841028,217,0,9,,1,8,0,0.1,2,0,0,6.13471,31,,750,693,,0,0,0,1
1613754924276,6,1010123456031,76,,1,0,6,1,2,,14.7191,776,184468,0.743807,223,0,7.2,,0,0,0,0,0,0,0,0,0,,750,720,,0,0,0,0
1613754924526,6,1010123456031,76,,1,0,6,1,2,,16.5424,767,183873,0.755712,222,0,8.71429,,0,0,0,0,0,0,0,0,0,,750,699,,0,0,0,0
1613754924776,6,1010123456031,76,,1,0,6,1,2,,14.2615,780,183399,0.683727,223,0,7.33333,,0.1,28,0,0.1,8,0,0,5.48831,31,,750,720,,0,0,0,1.14286
1613754925026,6,1010123456031,76,,1,0,6,1,2,,17.9486,700,183210,0.771566,199,0,9,,0,3,0,0.1,1,0,0,0,31,,750,645,,0,0,0,0
1613754925276,6,1010123456031,76,,1,0,6,1,2,,17.9546,793,184154,0.87653,226,0,9,,0,0,0,0,0,0,0,0,0,,750,714,,0,0,0,0
1613754925526,6,1010123456031,76,,1,0,6,1,2,,13.9325,756,183617,0.63632,213,0,7.57143,,0,0,0,0,0,0,0,0,0,,750,693,,0,0,0,0
1613754925776,6,1010123456031,76,,1,0,6,1,2,,17.9265,776,183632,0.848768,220,0,9,,0,0,0,0,0,0,0,0,0,,750,699,,0,0,0,0
1613754926027,6,1010123456031,76,,1,0,6,1,2,,18.261,751,183771,0.902688,219,0,9.33333,,7.69231,13,0,0.1,4,0,0,6.92232,31,,753,708,,0,0,0,1.30769
1613754926276,6,1010123456031,76,,1,0,6,1,2,,17.2157,737,184221,0.787406,212,0,8.83333,,0,0,0,0,0,0,0,0,0,,747,675,,0,0,0,0
1613754926526,6,1010123456031,76,,1,0,6,1,2,,14.5925,773,184430,0.74159,224,0,7.4,,0,0,0,0,0,0,0,0,0,,750,720,,0,0,0,0
1613754926776,6,1010123456031,76,,1,0,6,1,2,,15.1093,741,184514,0.69343,217,0,9,,0.1,4,0,0.1,1,0,0,29.9903,31,,750,690,,0,0,0,1
1613754927026,6,1010123456031,76,,1,0,6,1,2,,16.2059,743,183601,0.750008,216,0,8.33333,,6.2069,29,0,0.1,9,55.5556,0,3.02344,0,,750,690,,0,0,0,6.03448
1613754927276,6,1010123456031,76,,1,0,6,1,2,,16.3726,789,184039,0.787181,225,0,8.66667,,0,0,0,0,0,0,0,0,0,,750,726,,0,0,0,0
1613754927526,6,1010123456031,76,,1,0,6,1,2,,17.1384,643,183280,0.69312,188,0,8.85714,,0,0,0,0,0,0,0,0,0,,750,597,,0,0,0,0
1613754927776,6,1010123456031,76,,1,0,6,1,2,,17.935,739,184197,0.822104,212,0,9,,0.1,29,0,0.1,8,0,0,4.00097,31,,750,684,,0,0,0,1
1613754928026,6,1010123456031,76,,1,0,6,1,2,,15.6983,653,183512,0.645888,192,0,8.16667,,0,0,0,0,0,0,0,0,0,,750,615,,0,0,0,0
1613754928276,6,1010123456031,76,,1,0,6,1,2,,17.2765,727,184340,0.811759,208,0,8.33333,,0,0,0,0,0,0,0,0,0,,750,663,,0,0,0,0
1613754928526,6,1010123456031,76,,1,0,6,1,2,,17.4488,713,183734,0.799647,205,0,8.85714,,0,0,0,0,0,0,0,0,0,,750,660,,0,0,0,0
1613754928776,6,1010123456031,76,,1,0,6,1,2,,14.4711,762,183039,0.688096,219,0,7.5,,6,30,0,0.1,9,44.4444,0,9.71128,31,,750,705,,0,0,0,4.6
1613754929026,6,1010123456031,76,,1,0,6,1,2,,17.939,738,183840,0.833767,215,0,9,,0.1,4,0,0.1,1,0,0,21.9239,31,,750,681,,0,0,0,1
1613754929276,6,1010123456031,76,,1,0,6,1,2,,17.4767,665,183522,0.728996,194,0,8.66667,,0,0,0,0,0,0,0,0,0,,750,618,,0,0,0,0
1613754929526,6,1010123456031,76,,1,0,6,1,2,,17.8591,724,183706,0.803328,208,0,8.85714,,0,0,0,0,0,0,0,0,0,,750,666,,0,0,0,0
1613754929776,6,1010123456031,76,,1,0,6,1,2,,16.0226,753,184197,0.736739,215,0,8.66667,,0,0,0,0,0,0,0,0,0,,750,693,,0,0,0,0
1613754930026,6,1010123456031,76,,1,0,6,1,2,,17.9838,741,183401,0.83584,216,0,9,,8.81633,49,0,0.1,14,57.1429,0,5.84321,31,,750,693,,0,0,0,6.14286
1613754930276,6,1010123456031,76,,1,0,6,1,2,,11.9986,731,184401,0.571341,209,0,6.33333,,0,0,0,0,0,0,0,0,0,,750,672,,0,0,0,0
1613754930526,6,1010123456031,76,,1,0,6,1,2,,16.9724,761,182967,0.785792,222,0,8.85714,,0,0,0,0,0,0,0,0,0,,750,708,,0,0,0,0
1613754930776,6,1010123456031,76,,1,0,6,1,2,,18.5693,750,183852,0.939424,215,0,8.33333,,6.92308,26,0,0.1,8,50,0,5.79435,31,,750,690,,0,0,0,5.42308
1613754931026,6,1010123456031,76,,1,0,6,1,2,,17.0115,693,184403,0.766137,204,0,9.5,,0.1,8,0,0.1,2,0,0,11.8414,31,,750,648,,0,0,0,1
1613754931276,6,1010123456031,76,,1,0,6,1,2,,17.2323,775,183903,0.835438,223,0,8.66667,,0,0,0,0,0,0,0,0,0,,750,717,,0,0,0,0
1613754931526,6,1010123456031,76,,1,0,6,1,2,,17.0427,773,184525,0.921735,225,0,8.42857,,0,0,0,0,0,0,0,0,0,,750,708,,0,0,0,0
1613754931776,6,1010123456031,76,,1,0,6,1,2,,17.9846,778,184108,0.86641,223,0,9,,0,0,0,0,0,0,0,0,0,,750,720,,0,0,0,0
1613754932026,6,1010123456031,76,,1,0,6,1,2,,16.7399,746,183643,0.779712,218,0,8.66667,,11.04,50,0,0.1,15,53.3333,0,11.1659,31,,750,693,,0,0,0,6.16
1613754932276,6,1010123456031,76,,1,0,6,1,2,,17.3929,756,183853,0.79968,214,0,8.8,,0,0,0,0,0,0,0,0,0,,750,690,,0,0,0,0
1613754932526,6,1010123456031,76,,1,0,6,1,2,,16.1817,721,184453,0.708659,207,0,8.66667,,0,0,0,0,0,0,0,0,0,,750,648,,0,0,0,0
1613754932776,6,1010123456031,76,,1,0,6,1,2,,17.9404,755,183722,0.82159,212,0,9,,9.19355,31,0,0.1,9,55.5556,0,7.2766,31,,750,687,,0,0,0,6.48387
1613754933026,6,1010123456031,76,,1,0,6,1,2,,16.857,741,183420,0.781312,214,0,8.5,,0,2,0,0.1,1,0,0,0,0,,750,690,,0,0,0,0
1613754933276,6,1010123456031,76,,1,0,6,1,2,,16.7784,677,183918,0.6968,197,0,8.83333,,0,0,0,0,0,0,0,0,0,,750,609,,0,0,0,0
1613754933526,6,1010123456031,76,,1,0,6,1,2,,16.015,734,184066,0.805632,210,0,7.28571,,0,0,0,0,0,0,0,0,0,,750,687,,0,0,0,0
1613754933776,6,1010123456031,76,,1,0,6,1,2,,15.3458,746,183856,0.713863,217,0,9,,8,30,0,0.1,8,50,0,4.97023,31,,750,690,,0,0,0,5.8
1613754934026,6,1010123456031,76,,1,0,6,1,2,,16.8442,751,184546,0.787072,216,0,8.66667,,0.1,4,0,0.1,1,0,0,6.2312,0,,750,702,,0,0,0,1
1613754934276,6,1010123456031,76,,1,0,6,1,2,,13.9676,802,183861,0.685622,230,0,7.33333,,0,0,0,0,0,0,0,0,0,,750,732,,0,0,0,0
1613754934526,6,1010123456031,76,,1,0,6,1,2,,17.3019,775,182953,0.840768,226,0,8.85714,,0,0,0,0,0,0,0,0,0,,750,720,,0,0,0,0
1613754934776,6,1010123456031,76,,1,0,6,1,2,,17.7067,716,183171,0.854876,206,0,9.16667,,0,0,0,0,0,0,0,0,0,,750,660,,0,0,0,0
1613754935026,6,1010123456031,76,,1,0,6,1,2,,15.0997,762,184571,0.735904,221,0,7.66667,,5.92,50,0,0.1,14,28.5714,0,13.8361,31,,750,711,,0,0,0,3.88
1613754935276,6,1010123456031,76,,1,0,6,1,2,,12.9172,773,183158,0.59653,221,0,7.33333,,0,0,0,0,0,0,0,0,0,,750,711,,0,0,0,0
1613754935526,6,1010123456031,76,,1,0,6,1,2,,17.2401,729,184047,0.789536,213,0,8.85714,,0,0,0,0,0,0,0,0,0,,750,675,,0,0,0,0
1613754935776,6,1010123456031,76,,1,0,6,1,2,,17.0291,757,183562,0.772192,213,0,8.66667,,9.79592,49,0,0.1,14,57.1429,0,10.7823,31,,750,687,,0,0,0,6.14286
1613754936026,6,1010123456031,76,,1,0,6,1,2,,17.9648,768,183880,0.841542,217,0,9,,0,0,0,0,0,0,0,0,0,,750,693,,0,0,0,0
1613754936276,6,1010123456031,76,,1,0,6,1,2,,13.4049,768,183694,0.628209,217,0,7.4,,0,0,0,0,0,0,0,0,0,,750,696,,0,0,0,0
1613754936526,6,1010123456031,76,,1,0,6,1,2,,17.9395,744,183548,0.814432,211,0,9,,0,0,0,0,0,0,0,0,0,,750,669,,0,0,0,0
1613754936776,6,1010123456031,76,,1,0,6,1,2,,17.9018,733,183565,0.805012,208,0,9,,8,30,0,0.1,8,50,0,6.70363,31,,750,675,,0,0,0,6.2
1613754937026,6,1010123456031,76,,1,0,6,1,2,,18.8614,779,183772,0.946442,222,0,9.5,,0,3,0,0.1,1,0,0,0,0,,750,711,,0,0,0,0
1613754937276,6,1010123456031,76,,1,0,6,1,2,,15.2563,679,183366,0.647486,195,0,8,,0,3,0,0.1,1,0,0,0,31,,750,615,,0,0,0,0
1613754937526,6,1010123456031,76,,1,0,6,1,2,,17.9406,758,183966,0.825536,214,0,9,,0,0,0,0,0,0,0,0,0,,750,687,,0,0,0,0
1613754937776,6,1010123456031,76,,1,0,6,1,2,,14.59,722,184641,0.65104,203,0,7.66667,,0,0,0,0,0,0,0,0,0,,750,654,,0,0,0,0
1613754938026,6,1010123456031,76,,1,0,6,1,2,,11.5526,742,183436,0.5296,216,0,5.66667,,14.6818,88,0,0.1,28,85.7143,0,5.60879,31,,750,690,,0,0,0,8.67045
1613754938276,6,1010123456031,76,,1,0,6,1,2,,17.5635,779,184042,0.815904,221,0,9,,0,3,0,0.1,1,0,0,0,31,,750,708,,0,0,0,0
1613754938526,6,1010123456031,76,,1,0,6,1,2,,16.9936,785,183236,0.838176,223,0,9.16667,,0,0,0,0,0,0,0,0,0,,750,711,,0,0,0,0
1613754938776,6,1010123456031,76,,1,0,6,1,2,,17.4468,752,183532,0.818281,213,0,8.33333,,15,4,0,0.1,1,0,0,21.9029,31,,750,678,,0,0,0,1
1613754939026,6,1010123456031,76,,1,0,6,1,2,,16.1699,730,184338,0.762912,211,0,9,,15.88,25,0,0.1,7,57.1429,0,14.8411,0,,750,675,,0,0,0,6.04
1613754939277,6,1010123456031,76,,1,0,6,1,2,,17.9176,765,183637,0.825594,215,0,9,,0,0,0,0,0,0,0,0,0,,750,690,,0,0,0,0
1613754939526,6,1010123456031,76,,1,0,6,1,2,,14.1114,745,184380,0.664289,210,0,7.28571,,0,0,0,0,0,0,0,0,0,,750,669,,0,0,0,0
1613754939776,6,1010123456031,76,,1,0,6,1,2,,17.0977,798,183914,0.805108,225,0,9,,7.27273,33,0,0.1,9,44.4444,0,7.78162,31,,750,726,,0,0,0,5.36364
1613754940026,6,1010123456031,76,,1,0,6,1,2,,17.3571,815,183693,0.86528,232,0,8.83333,,0,0,0,0,0,0,0,0,0,,750,738,,0,0,0,0
1613754940276,6,1010123456031,76,,1,0,6,1,2,,15.3263,754,183483,0.720739,215,0,7.5,,0,0,0,0,0,0,0,0,0,,750,687,,0,0,0,0
1613754940526,6,1010123456031,76,,1,0,6,1,2,,17.2967,755,183494,0.825414,219,0,8.57143,,0,0,0,0,0,0,0,0,0,,750,690,,0,0,0,0
1613754940776,6,1010123456031,76,,1,0,6,1,2,,14.7357,753,183495,0.660112,216,0,8.6,,0,0,0,0,0,0,0,0,0,,750,699,,0,0,0,0
1613754941026,6,1010123456031,76,,1,0,6,1,2,,13.1327,731,183738,0.643791,216,0,6.5,,3.21429,28,0,0.1,9,0,0,18.3966,31,,750,690,,0,0,0,1.53571
1613754941276,6,1010123456031,76,,1,0,6,1,2,,14.8592,760,183871,0.739759,219,0,8.5,,0,0,0,0,0,0,0,0,0,,750,696,,0,0,0,0
1613754941526,6,1010123456031,76,,1,0,6,1,2,,17.9735,793,184318,0.88128,228,0,9,,0,0,0,0,0,0,0,0,0,,750,732,,0,0,0,0
1613754941776,6,1010123456031,76,,1,0,6,1,2,,15.907,742,183335,0.83904,214,0,8.33333,,1.19048,21,0,0.1,6,0,0,2.34205,31,,750,684,,0,0,0,3.14286
1613754942026,6,1010123456031,76,,1,0,6,1,2,,17.8677,703,183604,0.797408,207,0,9,,0,2,0,0.1,1,0,0,0,31,,750,669,,0,0,0,0
1613754942276,6,1010123456031,76,,1,0,6,1,2,,14.6965,682,183632,0.634153,196,0,7.5,,0,0,0,0,0,0,0,0,0,,750,615,,0,0,0,0
1613754942526,6,1010123456031,76,,1,0,6,1,2,,17.922,782,183675,0.839264,219,0,9,,0,0,0,0,0,0,0,0,0,,750,714,,0,0,0,0
1613754942776,6,1010123456031,76,,1,0,6,1,2,,17.4384,714,183525,0.836224,202,0,8,,0,12,0,0,4,100,0,0,0,,750,654,,0,0,0,0
1613754943026,6,1010123456031,76,,1,0,6,1,2,,15.5099,761,183324,0.703744,218,0,8.83333,,5.14286,7,0,0.1,2,0,0,16.6796,31,,750,690,,0,0,0,2.71429
1613754943276,6,1010123456031,76,,1,0,6,1,2,,17.9636,742,184575,0.807712,209,0,9,,0,0,0,0,0,0,0,0,0,,750,672,,0,0,0,0
1613754943526,6,1010123456031,76,,1,0,6,1,2,,18.8108,724,183890,0.870336,206,0,9.42857,,0,0,0,0,0,0,0,0,0,,750,660,,0,0,0,0
1613754943776,6,1010123456031,76,,1,0,6,1,2,,14.71,769,184647,0.717728,223,0,6.66667,,9.11111,27,0,0.1,7,57.1429,0,6.00548,31,,750,693,,0,0,0,6.33333
1613754944026,6,1010123456031,76,,1,0,6,1,2,,13.0383,705,183376,0.546024,197,0,7.33333,,0.1,14,0,0.1,4,0,0,6.45526,31,,750,648,,0,0,0,1.21429
1613754944276,6,1010123456031,76,,1,0,6,1,2,,17.3739,773,184370,0.824992,221,0,8.83333,,0,0,0,0,0,0,0,0,0,,750,696,,0,0,0,0
1613754944527,6,1010123456031,76,,1,0,6,1,2,,12.1579,798,183466,0.601466,225,0,6.71429,,0,0,0,0,0,0,0,0,0,,750,720,,0,0,0,0
1613754944776,6,1010123456031,76,,1,0,6,1,2,,17.9581,787,184163,0.877044,226,0,9,,0,3,0,0.1,1,0,0,0,31,,750,720,,0,0,0,0
1613754945026,6,1010123456031,76,,1,0,6,1,2,,17.6049,734,184181,0.864,216,0,9,,0.1,31,0,0.1,9,0,0,9.34007,0,,750,690,,0,0,0,1
1613754945276,6,1010123456031,76,,1,0,6,1,2,,17.961,769,183912,0.854176,221,0,9,,0,0,0,0,0,0,0,0,0,,750,705,,0,0,0,0
1613754945526,6,1010123456031,76,,1,0,6,1,2,,12.3502,751,183817,0.612305,216,0,5.85714,,0,0,0,0,0,0,0,0,0,,750,696,,0,0,0,0
1613754945776,6,1010123456031,76,,1,0,6,1,2,,15.3301,718,184376,0.669494,208,0,9,,0,0,0,0,0,0,0,0,0,,750,666,,0,0,0,0
1613754946026,6,1010123456031,76,,1,0,6,1,2,,15.2959,757,184370,0.729671,219,0,8,,14.2105,19,0,0.1,6,66.6667,0,17.8556,31,,750,696,,0,0,0,6.68421
1613754946276,6,1010123456031,76,,1,0,6,1,2,,11.9266,777,183813,0.594859,223,0,7.6,,0,0,0,0,0,0,0,0,0,,750,714,,0,0,0,0
1613754946526,6,1010123456031,76,,1,0,6,1,2,,17.612,719,184417,0.799807,206,0,8.14286,,0,0,0,0,0,0,0,0,0,,750,669,,0,0,0,0
1613754946776,6,1010123456031,76,,1,0,6,1,2,,14.3793,725,184217,0.620576,205,0,8.5,,0,0,0,0,0,0,0,0,0,,750,657,,0,0,0,0
1613754947026,6,1010123456031,76,,1,0,6,1,2,,17.579,753,184252,0.798624,213,0,9,,8.63636,33,0,0.1,9,44.4444,0,9.7124,31,,750,684,,0,0,0,5.36364
1613754947276,6,1010123456031,76,,1,0,6,1,2,,10.4954,759,183492,0.553568,217,0,6.4,,0,0,0,0,0,0,0,0,0,,750,696,,0,0,0,0
1613754947526,6,1010123456031,76,,1,0,6,1,2,,17.977,781,183326,0.869783,224,0,9,,0,0,0,0,0,0,0,0,0,,750,711,,0,0,0,0
1613754947776,6,1010123456031,76,,1,0,6,1,2,,15.6152,673,184036,0.645472,189,0,7.6,,0,0,0,0,0,0,0,0,0,,750,615,,0,0,0,0
1613754948026,6,1010123456031,76,,1,0,6,1,2,,17.5695,741,184059,0.799264,213,0,9,,9.70312,64,0,0.1,18,55.5556,0,15.2172,31,,750,684,,0,0,0,5.78125
1613754948276,6,1010123456031,76,,1,0,6,1,2,,18.7758,745,183359,0.963712,214,0,9.5,,0,0,0,0,0,0,0,0,0,,750,684,,0,0,0,0
1613754948526,6,1010123456031,76,,1,0,6,1,2,,17.9372,764,183342,0.86098,222,0,9,,0,0,0,0,0,0,0,0,0,,750,705,,0,0,0,0
1613754948776,6,1010123456031,76,,1,0,6,1,2,,19.5208,699,184448,0.920224,205,0,9.66667,,0.666667,48,0,0.1,14,7.14286,0,3.3307,31,,750,651,,0,0,0,2.6875
1613754949026,6,1010123456031,76,,1,0,6,1,2,,15.1165,721,183902,0.673568,206,0,8,,0,3,0,0.1,1,0,0,0,31,,750,675,,0,0,0,0
1613754949276,6,1010123456031,76,,1,0,6,1,2,,17.9868,683,184131,0.750656,194,0,9,,0,0,0,0,0,0,0,0,0,,750,618,,0,0,0,0
1613754949526,6,1010123456031,76,,1,0,6,1,2,,17.7604,743,184141,0.856289,212,0,9.14286,,0,0,0,0,0,0,0,0,0,,750,681,,0,0,0,0
1613754949776,6,1010123456031,76,,1,0,6,1,2,,17.9772,790,183857,0.85856,222,0,9,,15,4,0,0,1,100,0,6.10084,0,,750,702,,0,0,0,10
1613754950026,6,1010123456031,76,,1,0,6,1,2,,15.8875,720,183508,0.77632,212,0,7.8,,10.7143,21,0,0.1,7,57.1429,0,10.6388,31,,750,678,,0,0,0,5.47619
1613754950276,6,1010123456031,76,,1,0,6,1,2,,17.9721,753,184278,0.831456,215,0,9,,0,0,0,0,0,0,0,0,0,,750,684,,0,0,0,0
1613754950526,6,1010123456031,76,,1,0,6,1,2,,17.311,762,184503,0.801349,214,0,8.85714,,0,0,0,0,0,0,0,0,0,,750,693,,0,0,0,0
1613754950776,6,1010123456031,76,,1,0,6,1,2,,17.9887,799,183853,0.868,225,0,9,,0.1,4,0,0.1,1,0,0,4.57999,31,,750,717,,0,0,0,1
1613754951026,6,1010123456031,76,,1,0,6,1,2,,14.3482,741,183805,0.674272,215,0,7.2,,0.1,21,0,0.1,6,0,0,7.43226,0,,750,684,,0,0,0,2.52381
1613754951276,6,1010123456031,76,,1,0,6,1,2,,17.9059,733,183923,0.801125,207,0,9,,0,0,0,0,0,0,0,0,0,,750,663,,0,0,0,0
1613754951526,6,1010123456031,76,,1,0,6,1,2,,16.6834,796,183913,0.814816,227,0,8.71429,,0,0,0,0,0,0,0,0,0,,750,720,,0,0,0,0
1613754951776,6,1010123456031,76,,1,0,6,1,2,,18,800,183246,0.88755,229,0,9,,0,3,0,0.1,1,0,0,0,31,,750,726,,0,0,0,0
1613754952026,6,1010123456031,76,,1,0,6,1,2,,17.2634,729,184204,0.774368,207,0,8.66667,,6.92308,26,0,0.1,8,50,0,2.86521,0,,750,666,,0,0,0,5.15385
1613754952276,6,1010123456031,76,,1,0,6,1,2,,12.1257,724,184029,0.57012,205,0,8.2,,0,0,0,0,0,0,0,0,0,,750,657,,0,0,0,0
1613754952526,6,1010123456031,76,,1,0,6,1,2,,17.2185,778,183817,0.821408,221,0,8.71429,,0,0,0,0,0,0,0,0,0,,750,696,,0,0,0,0
1613754952776,6,1010123456031,76,,1,0,6,1,2,,18,711,183862,0.819181,205,0,9.5,,0,0,0,0,0,0,0,0,0,,750,645,,0,0,0,0
1613754953026,6,1010123456031,76,,1,0,6,1,2,,18,691,183490,0.75504,195,0,9,,7.27273,33,0,0.1,9,44.4444,0,7.81037,31,,750,642,,0,0,0,5.9697
1613754953276,6,1010123456031,76,,1,0,6,1,2,,14.6535,762,183757,0.659888,219,0,8,,0,0,0,0,0,0,0,0,0,,750,699,,0,0,0,0
1613754953526,6,1010123456031,76,,1,0,6,1,2,,17.9219,730,183494,0.833253,215,0,9,,0,0,0,0,0,0,0,0,0,,750,681,,0,0,0,0
1613754953776,6,1010123456031,76,,1,0,6,1,2,,9.80835,767,183428,0.475181,218,0,5.66667,,0.1,4,592,0.1,1,0,0,3.13381,31,,750,699,,0,0,0,1
1613754954026,6,1010123456031,76,,1,0,6,1,2,,16.153,771,183506,0.76588,222,0,8.16667,,6.02439,41,0,0.1,13,30.7692,0,15.6362,0,,750,711,,0,0,0,2.97561
1613754954276,6,1010123456031,76,,1,0,6,1,2,,16.1236,785,183776,0.761696,221,0,8.6,,0,0,0,0,0,0,0,0,0,,750,705,,0,0,0,0
1613754954526,6,1010123456031,76,,1,0,6,1,2,,15.144,771,183688,0.709344,219,0,7.85714,,0,0,0,0,0,0,0,0,0,,750,705,,0,0,0,0
1613754954776,6,1010123456031,76,,1,0,6,1,2,,17.0198,757,184144,0.819984,216,0,8,,0,0,0,0,0,0,0,0,0,,750,690,,0,0,0,0
1613754955026,6,1010123456031,76,,1,0,6,1,2,,14.2914,755,183964,0.706795,217,0,8,,0.1,41,0,0.1,12,0,0,8.81031,31,,750,699,,0,0,0,1.58537
1613754955276,6,1010123456031,76,,1,0,6,1,2,,15.4384,682,184376,0.672864,197,0,7.66667,,0,0,0,0,0,0,0,0,0,,750,624,,0,0,0,0
1613754955526,6,1010123456031,76,,1,0,6,1,2,,14.8752,721,183998,0.615456,203,0,8.28571,,0,0,0,0,0,0,0,0,0,,750,654,,0,0,0,0
1613754955776,6,1010123456031,76,,1,0,6,1,2,,17.9215,726,183735,0.806688,209,0,9,,9.23077,26,0,0.1,8,50,0,10.2184,31,,750,681,,0,0,0,5.15385
1613754956026,6,1010123456031,76,,1,0,6,1,2,,15.2238,791,183958,0.758169,228,0,7.5,,8.18182,22,0,0.1,7,57.1429,0,7.55311,31,,750,726,,0,0,0,5.90909
1613754956276,6,1010123456031,76,,1,0,6,1,2,,17.9515,743,183195,0.834281,215,0,9,,0,0,0,0,0,0,0,0,0,,750,690,,0,0,0,0
1613754956526,6,1010123456031,76,,1,0,6,1,2,,16.6697,769,183792,0.80272,223,0,7.85714,,0,0,0,0,0,0,0,0,0,,750,702,,0,0,0,0
1613754956776,6,1010123456031,76,,1,0,6,1,2,,15.7418,701,184312,0.689028,204,0,9,,0.1,29,0,0.1,8,0,0,3.55194,31,,750,660,,0,0,0,1
1613754957026,6,1010123456031,76,,1,0,6,1,2,,17.2755,646,183803,0.691149,184,0,8.6,,0,3,0,0.1,1,0,0,0,31,,750,603,,0,0,0,0
1613754957276,6,1010123456031,76,,1,0,6,1,2,,16.587,770,183459,0.760771,219,0,9,,0,0,0,0,0,0,0,0,0,,750,696,,0,0,0,0
1613754957526,6,1010123456031,76,,1,0,6,1,2,,17.7643,772,183607,0.866816,224,0,8,,0,0,0,0,0,0,0,0,0,,750,717,,0,0,0,0
1613754957776,6,1010123456031,76,,1,0,6,1,2,,9.6971,723,184346,0.443136,208,0,6.33333,,0.1,4,0,0.1,1,0,0,29.6882,31,,750,672,,0,0,0,1
1613754958026,6,1010123456031,76,,1,0,6,1,2,,15.7788,755,183927,0.746153,218,0,7.83333,,5.04255,47,0,0.1,13,30.7692,0,9.70987,0,,750,699,,0,0,0,4.06383
1613754958276,6,1010123456031,76,,1,0,6,1,2,,16.6231,780,184410,0.777728,224,0,8.66667,,0,0,0,0,0,0,0,0,0,,750,711,,0,0,0,0
1613754958526,6,1010123456031,76,,1,0,6,1,2,,17.9227,737,183912,0.826048,214,0,9,,0,0,0,0,0,0,0,0,0,,750,681,,0,0,0,0
1613754958776,6,1010123456031,76,,1,0,6,1,2,,18.7303,749,184207,0.940448,215,0,9.25,,7.27273,33,0,0.1,9,44.4444,0,6.75957,31,,750,684,,0,0,0,5.45455
1613754959026,6,1010123456031,76,,1,0,6,1,2,,17.941,712,184295,0.802816,208,0,9,,0,0,0,0,0,0,0,0,0,,750,672,,0,0,0,0
1613754959276,6,1010123456031,76,,1,0,6,1,2,,19.6222,757,184218,1.03711,216,0,10.1667,,0,0,0,0,0,0,0,0,0,,750,699,,0,0,0,0
1613754959526,6,1010123456031,76,,1,0,6,1,2,,17.2579,756,183088,0.800768,216,0,8.85714,,0,0,0,0,0,0,0,0,0,,750,684,,0,0,0,0
1613754959776,6,1010123456031,76,,1,0,6,1,2,,17.7399,742,184392,0.832578,212,0,8.5,,8.88889,27,0,0.1,7,71.4286,0,8.03893,31,,750,678,,0,0,0,7.66667
1613754960026,6,1010123456031,76,,1,0,6,1,2,,17.0463,777,184075,0.803277,223,0,9,,0.1,15,0,0.1,4,0,0,8.37557,31,,750,714,,0,0,0,1.2
1613754960276,6,1010123456031,76,,1,0,6,1,2,,15.1209,769,183651,0.72496,221,0,7.66667,,0,0,0,0,0,0,0,0,0,,750,714,,0,0,0,0
1613754960526,6,1010123456031,76,,1,0,6,1,2,,16.4374,743,183799,0.80672,216,0,8.57143,,0,0,0,0,0,0,0,0,0,,750,690,,0,0,0,0
1613754960776,6,1010123456031,76,,1,0,6,1,2,,17.3748,723,183145,0.78008,208,0,8.83333,,10.4167,48,0,0.1,14,57.1429,0,12.31,31,,750,675,,0,0,0,6.25
1613754961027,6,1010123456031,76,,1,0,6,1,2,,15.7895,703,183673,0.697498,204,0,7.66667,,0,0,0,0,0,0,0,0,0,,750,651,,0,0,0,0
1613754961276,6,1010123456031,76,,1,0,6,1,2,,17.9678,746,182895,0.830908,214,0,9,,0,0,0,0,0,0,0,0,0,,747,684,,0,0,0,0
1613754961526,6,1010123456031,76,,1,0,6,1,2,,15.7787,759,184235,0.818185,220,0,8.28571,,0,0,0,0,0,0,0,0,0,,750,708,,0,0,0,0
1613754961776,6,1010123456031,76,,1,0,6,1,2,,17.8699,761,183234,0.838458,217,0,9,,0.5,40,0,0.1,12,16.6667,0,2.67134,31,,750,693,,0,0,0,3.2
1613754962026,6,1010123456031,76,,1,0,6,1,2,,13.6747,747,183854,0.7,217,0,7.33333,,0,0,0,0,0,0,0,0,0,,750,693,,0,0,0,0
1613754962276,6,1010123456031,76,,1,0,6,1,2,,17.8774,783,183433,0.863232,224,0,9,,0,0,0,0,0,0,0,0,0,,750,711,,0,0,0,0
1613754962526,6,1010123456031,76,,1,0,6,1,2,,16.7055,730,183790,0.763712,212,0,8.66667,,0,0,0,0,0,0,0,0,0,,750,678,,0,0,0,0
1613754962776,6,1010123456031,76,,1,0,6,1,2,,17.0906,762,183999,0.796851,220,0,9,,6,30,0,0.1,9,44.4444,0,11.046,31,,750,702,,0,0,0,4.6
1613754963026,6,1010123456031,76,,1,0,6,1,2,,14.484,748,183738,0.675727,214,0,7.5,,0,0,0,0,0,0,0,0,0,,750,684,,0,0,0,0
1613754963276,6,1010123456031,76,,1,0,6,1,2,,16.587,736,183813,0.765792,215,0,8.8,,0.1,4,0,0.1,1,0,0,20.4561,31,,750,681,,0,0,0,1
1613754963526,6,1010123456031,76,,1,0,6,1,2,,17.4083,769,183574,0.806169,216,0,9.28572,,0,0,0,0,0,0,0,0,0,,750,696,,0,0,0,0
1613754963776,6,1010123456031,76,,1,0,6,1,2,,15.1989,749,184450,0.733184,210,0,7.83333,,0,2,0,0.1,1,0,0,0,31,,750,678,,0,0,0,0
1613754964026,6,1010123456031,76,,1,0,6,1,2,,17.9442,753,183350,0.854176,221,0,9,,6.05128,39,0,0.1,11,18.1818,0,16.1517,0,,750,696,,0,0,0,2.92308
1613754964276,6,1010123456031,76,,1,0,6,1,2,,16.255,749,184167,0.725076,210,0,8.5,,0,0,0,0,0,0,0,0,0,,750,687,,0,0,0,0
1613754964526,6,1010123456031,76,,1,0,6,1,2,,17.9883,766,184570,0.843584,218,0,9,,0,0,0,0,0,0,0,0,0,,750,693,,0,0,0,0
1613754964776,6,1010123456031,76,,1,0,6,1,2,,17.2716,788,184108,0.865728,224,0,9,,9.64286,28,0,0.1,8,50,0,4.71917,31,,750,711,,0,0,0,5.82143
1613754965026,6,1010123456031,76,,1,0,6,1,2,,17.971,725,184031,0.812096,210,0,9,,0.1,4,0,0.1,1,0,0,5.85843,0,,750,675,,0,0,0,1
1613754965276,6,1010123456031,76,,1,0,6,1,2,,14.4619,775,183371,0.706432,224,0,7.33333,,0,0,0,0,0,0,0,0,0,,750,708,,0,0,0,0
1613754965526,6,1010123456031,76,,1,0,6,1,2,,15.3942,761,183291,0.709696,219,0,8.14286,,0,0,0,0,0,0,0,0,0,,750,702,,0,0,0,0
1613754965776,6,1010123456031,76,,1,0,6,1,2,,13.8701,685,184256,0.58143,195,0,7.33333,,6,30,0,0.1,9,44.4444,0,8.9561,31,,750,630,,0,0,0,4.6
1613754966026,6,1010123456031,76,,1,0,6,1,2,,17.9299,728,183991,0.829365,214,0,9,,0.1,7,0,0.1,2,0,0,3.98747,0,,750,675,,0,0,0,1
1613754966276,6,1010123456031,76,,1,0,6,1,2,,17.1456,769,183862,0.818442,220,0,8.66667,,0,0,0,0,0,0,0,0,0,,750,708,,0,0,0,0
1613754966526,6,1010123456031,76,,1,0,6,1,2,,16.041,732,183816,0.704576,212,0,8.66667,,0,0,0,0,0,0,0,0,0,,750,687,,0,0,0,0
1613754966776,6,1010123456031,76,,1,0,6,1,2,,18.8867,724,183973,0.894144,210,0,9.5,,7.74194,31,0,0.1,9,44.4444,0,9.50384,31,,750,672,,0,0,0,5.77419
1613754967026,6,1010123456031,76,,1,0,6,1,2,,16.0669,747,183403,0.756337,214,0,8,,0,0,0,0,0,0,0,0,0,,750,684,,0,0,0,0
1613754967276,6,1010123456031,76,,1,0,6,1,2,,17.0828,797,183750,0.818272,228,0,9,,0,0,0,0,0,0,0,0,0,,750,732,,0,0,0,0
1613754967526,6,1010123456031,76,,1,0,6,1,2,,20.477,740,184068,1.06208,214,0,10.1429,,0,0,0,0,0,0,0,0,0,,750,684,,0,0,0,0
1613754967776,6,1010123456031,76,,1,0,6,1,2,,17.3953,774,183260,0.851759,223,0,8.83333,,6,30,0,0.1,9,44.4444,0,9.25517,31,,750,714,,0,0,0,4.6
1613754968026,6,1010123456031,76,,1,0,6,1,2,,14.458,727,183872,0.657221,206,0,7.5,,0.1,4,0,0.1,1,0,0,6.64959,0,,750,663,,0,0,0,1
1613754968276,6,1010123456031,76,,1,0,6,1,2,,17.6511,708,183400,0.775872,206,0,9,,0,0,0,0,0,0,0,0,0,,750,654,,0,0,0,0
1613754968526,6,1010123456031,76,,1,0,6,1,2,,14.4387,775,184393,0.682432,218,0,8,,0,0,0,0,0,0,0,0,0,,750,699,,0,0,0,0
1613754968776,6,1010123456031,76,,1,0,6,1,2,,18.8684,760,183086,0.942554,217,0,9.5,,7.45455,33,0,0.1,9,44.4444,0,7.78129,31,,750,696,,0,0,0,5.36364
1613754969026,6,1010123456031,76,,1,0,6,1,2,,17.6162,753,183085,0.811952,212,0,8.83333,,0,0,0,0,0,0,0,0,0,,750,687,,0,0,0,0
1613754969276,6,1010123456031,76,,1,0,6,1,2,,14.2466,742,183430,0.65488,213,0,7.33333,,0,0,0,0,0,0,0,0,0,,750,672,,0,0,0,0
1613754969526,6,1010123456031,76,,1,0,6,1,2,,17.8617,781,184384,0.86576,227,0,9,,0,0,0,0,0,0,0,0,0,,750,729,,0,0,0,0
1613754969776,6,1010123456031,76,,1,0,6,1,2,,20.9069,773,183489,1.16797,225,0,10.5,,0.1,32,0,0.1,9,11.1111,0,2.35457,31,,750,711,,0,0,0,3
1613754970026,6,1010123456031,76,,1,0,6,1,2,,17.9419,723,183561,0.799456,207,0,9,,0,0,0,0,0,0,0,0,0,,750,675,,0,0,0,0
1613754970276,6,1010123456031,76,,1,0,6,1,2,,10.0663,784,183777,0.483616,223,0,5.66667,,0,0,0,0,0,0,0,0,0,,750,702,,0,0,0,0
1613754970526,6,1010123456031,76,,1,0,6,1,2,,17.9774,796,183260,0.866816,224,0,9,,0,0,0,0,0,0,0,0,0,,750,723,,0,0,0,0
1613754970776,6,1010123456031,76,,1,0,6,1,2,,16.9771,787,183165,0.818496,222,0,8.5,,0,0,0,0,0,0,0,0,0,,750,711,,0,0,0,0
1613754971026,6,1010123456031,76,,1,0,6,1,2,,17.3684,714,184365,0.769478,210,0,9,,6,40,0,0.1,13,30.7692,0,6.72009,31,,750,666,,0,0,0,3.8
1613754971276,6,1010123456031,76,,1,0,6,1,2,,15.8645,782,184063,0.792032,224,0,8,,0,0,0,0,0,0,0,0,0,,750,720,,0,0,0,0
1613754971526,6,1010123456031,76,,1,0,6,1,2,,17.5482,757,183382,0.80384,218,0,9,,0,0,0,0,0,0,0,0,0,,750,702,,0,0,0,0
1613754971776,6,1010123456031,76,,1,0,6,1,2,,17.424,750,183210,0.808448,216,0,8.83333,,0.1,29,0,0.1,8,0,0,2.37461,31,,750,696,,0,0,0,1.72414
1613754972026,6,1010123456031,76,,1,0,6,1,2,,18,763,183245,0.863456,223,0,9,,0,3,0,0.1,1,0,0,0,31,,750,702,,0,0,0,0
1613754972276,6,1010123456031,76,,1,0,6,1,2,,15.5816,741,184567,0.737606,210,0,8,,0,0,0,0,0,0,0,0,0,,750,681,,0,0,0,0
1613754972526,6,1010123456031,76,,1,0,6,1,2,,17.514,786,184465,0.842763,229,0,8.83333,,0,0,0,0,0,0,0,0,0,,750,723,,0,0,0,0
1613754972776,6,1010123456031,76,,1,0,6,1,2,,17.4769,757,184079,0.815968,217,0,9,,15,4,0,0,1,100,0,3.66578,0,,750,699,,0,0,0,10
1613754973026,6,1010123456031,76,,1,0,6,1,2,,14.7205,730,183687,0.681216,212,0,7.4,,15,10,0,0,3,100,0,4.74141,0,,750,684,,0,0,0,10
1613754973276,6,1010123456031,76,,1,0,6,1,2,,17.9884,775,183622,0.851328,220,0,9,,7.2,15,0,0.1,4,50,0,7.61373,31,,750,705,,0,0,0,6.33333
1613754973526,6,1010123456031,76,,1,0,6,1,2,,17.8485,746,184239,0.83094,211,0,9.57143,,0,0,0,0,0,0,0,0,0,,750,678,,0,0,0,0
1613754973776,6,1010123456031,76,,1,0,6,1,2,,18.7466,805,183936,0.965494,227,0,9,,0,3,0,0.1,1,0,0,0,31,,750,726,,0,0,0,0
1613754974026,6,1010123456031,76,,1,0,6,1,2,,19.1518,731,183313,0.923648,212,0,9.66667,,15.8974,39,0,0.1,11,72.7273,0,9.49686,0,,750,684,,0,0,0,7.46154
1613754974276,6,1010123456031,76,,1,0,6,1,2,,17.9629,809,183893,0.880932,227,0,9,,0,0,0,0,0,0,0,0,0,,750,723,,0,0,0,0
1613754974526,6,1010123456031,76,,1,0,6,1,2,,17.6046,736,184403,0.810442,209,0,8.14286,,0,0,0,0,0,0,0,0,0,,750,666,,0,0,0,0
1613754974776,6,1010123456031,76,,1,0,6,1,2,,14.5681,734,183548,0.635744,209,0,8.6,,0.1,27,0,0.1,8,0,0,2.24673,31,,750,666,,0,0,0,1.62963
1613754975026,6,1010123456031,76,,1,0,6,1,2,,14.5388,683,183581,0.619616,195,0,7.66667,,0,0,0,0,0,0,0,0,0,,750,633,,0,0,0,0
1613754975276,6,1010123456031,76,,1,0,6,1,2,,13.0943,721,183064,0.591325,205,0,6.5,,0,0,0,0,0,0,0,0,0,,750,666,,0,0,0,0
1613754975526,6,1010123456031,76,,1,0,6,1,2,,16.7732,776,183658,0.797687,220,0,8.71429,,0,0,0,0,0,0,0,0,0,,750,702,,0,0,0,0
1613754975776,6,1010123456031,76,,1,0,6,1,2,,17.9633,736,183714,0.800482,207,0,9,,2.22222,27,0,0.1,8,0,0,11.1749,31,,750,672,,0,0,0,1.11111
1613754976026,6,1010123456031,76,,1,0,6,1,2,,17.9233,743,184414,0.841028,217,0,9,,0.1,4,0,0.1,1,0,0,23.973,31,,750,687,,0,0,0,1
1613754976276,6,1010123456031,76,,1,0,6,1,2,,16.1118,769,183874,0.86384,219,0,8.33333,,0,0,0,0,0,0,0,0,0,,750,711,,0,0,0,0
1613754976526,6,1010123456031,76,,1,0,6,1,2,,16.634,746,183558,0.774816,217,0,8.71429,,0,0,0,0,0,0,0,0,0,,750,687,,0,0,0,0
1613754976776,6,1010123456031,76,,1,0,6,1,2,,15.7227,779,183922,0.774784,227,0,8.83333,,0,3,0,0.1,1,0,0,0,31,,750,720,,0,0,0,0
1613754977026,6,1010123456031,76,,1,0,6,1,2,,18.957,744,183742,0.976771,218,0,9,,9.41667,24,0,0.1,7,57.1429,0,4.34962,0,,750,708,,0,0,0,6.25
1613754977276,6,1010123456031,76,,1,0,6,1,2,,16.7368,779,183757,0.807328,225,0,8.66667,,0,0,0,0,0,0,0,0,0,,750,717,,0,0,0,0
1613754977526,6,1010123456031,76,,1,0,6,1,2,,12.9246,690,183226,0.554112,200,0,7.28571,,0,0,0,0,0,0,0,0,0,,750,639,,0,0,0,0
1613754977776,6,1010123456031,76,,1,0,6,1,2,,17.95,720,183414,0.798779,206,0,9,,0,0,0,0,0,0,0,0,0,,750,663,,0,0,0,0
1613754978026,6,1010123456031,76,,1,0,6,1,2,,13.963,756,183637,0.65856,218,0,7.33333,,3,31,0,0.11984,10,0,0,9.55631,31,,750,708,,0,0,0,1.25806
1613754978276,6,1010123456031,76,,1,0,6,1,2,,17.0683,732,183297,0.770345,211,0,8.66667,,0,0,0,0,0,0,0,0,0,,750,672,,0,0,0,0
1613754978526,6,1010123456031,76,,1,0,6,1,2,,16.9121,762,183666,0.810976,225,0,8.71429,,0,0,0,0,0,0,0,0,0,,750,714,,0,0,0,0
1613754978776,6,1010123456031,76,,1,0,6,1,2,,17.8336,739,184463,0.81136,211,0,9,,0,0,0,0,0,0,0,0,0,,750,684,,0,0,0,0
1613754979026,6,1010123456031,76,,1,0,6,1,2,,13.9643,757,183658,0.664771,217,0,7.66667,,8.63636,33,0,0.1,9,44.4444,0,8.93517,31,,750,690,,0,0,0,5.36364
1613754979276,6,1010123456031,76,,1,0,6,1,2,,17.121,777,183618,0.803072,220,0,8.83333,,0,0,0,0,0,0,0,0,0,,750,699,,0,0,0,0
1613754979526,6,1010123456031,76,,1,0,6,1,2,,18.8591,802,184559,0.950848,226,0,9.5,,0,0,0,0,0,0,0,0,0,,750,726,,0,0,0,0
1613754979776,6,1010123456031,76,,1,0,6,1,2,,17.9474,798,183957,0.876832,225,0,9,,7.27273,33,0,0.1,9,44.4444,0,8.01908,31,,750,723,,0,0,0,5.36364
1613754980026,6,1010123456031,76,,1,0,6,1,2,,16.0996,753,184352,0.777472,216,0,7.4,,0,3,0,0.1,1,0,0,0,31,,750,687,,0,0,0,0
1613754980276,6,1010123456031,76,,1,0,6,1,2,,14.1629,749,184439,0.636864,214,0,7.66667,,0,0,0,0,0,0,0,0,0,,750,690,,0,0,0,0
1613754980526,6,1010123456031,76,,1,0,6,1,2,,17.6383,752,183078,0.842185,217,0,9.42857,,0,0,0,0,0,0,0,0,0,,750,684,,0,0,0,0
1613754980776,6,1010123456031,76,,1,0,6,1,2,,18.7235,756,183293,0.913125,213,0,9,,0.1,37,0,0.1,11,18.1818,0,2.71152,31,,750,681,,0,0,0,3.02703
1613754981026,6,1010123456031,76,,1,0,6,1,2,,19.4489,744,184049,0.969767,216,0,9.66667,,0,0,0,0,0,0,0,0,0,,750,693,,0,0,0,0
1613754981276,6,1010123456031,76,,1,0,6,1,2,,14.2528,712,183592,0.632704,204,0,7.5,,0,0,0,0,0,0,0,0,0,,750,654,,0,0,0,0
1613754981526,6,1010123456031,76,,1,0,6,1,2,,17.9514,741,184378,0.830944,215,0,9,,0,0,0,0,0,0,0,0,0,,750,693,,0,0,0,0
1613754981776,6,1010123456031,76,,1,0,6,1,2,,16.485,765,182960,0.759711,216,0,8.5,,0.1,4,67,0.1,1,0,0,1.08833,31,,750,693,,0,0,0,4
1613754982026,6,1010123456031,76,,1,0,6,1,2,,17.9133,727,183341,0.851663,220,0,9,,4.96,25,0,0.1,8,0,0,23.8901,0,,750,699,,0,0,0,1.16
1613754982276,6,1010123456031,76,,1,0,6,1,2,,17.3649,792,184016,0.831392,221,0,8.83333,,0,0,0,0,0,0,0,0,0,,750,711,,0,0,0,0
1613754982526,6,1010123456031,76,,1,0,6,1,2,,17.8558,721,183031,0.787552,207,0,9,,0,0,0,0,0,0,0,0,0,,750,666,,0,0,0,0
1613754982776,6,1010123456031,76,,1,0,6,1,2,,18.679,754,183400,0.886618,212,0,9.5,,0,0,0,0,0,0,0,0,0,,750,684,,0,0,0,0
1613754983026,6,1010123456031,76,,1,0,6,1,2,,15.729,749,183707,0.847904,219,0,8.66667,,14.9875,80,0,0.176096,26,76.9231,0,7.47379,31,,750,696,,0,0,0,7.8625
1613754983276,6,1010123456031,76,,1,0,6,1,2,,17.9591,733,183880,0.799293,206,0,9,,0,0,0,0,0,0,0,0,0,,750,669,,0,0,0,0
1613754983526,6,1010123456031,76,,1,0,6,1,2,,14.3738,733,183292,0.645472,209,0,7.57143,,0,0,0,0,0,0,0,0,0,,750,666,,0,0,0,0
1613754983776,6,1010123456031,76,,1,0,6,1,2,,17.8694,735,183460,0.815232,212,0,9,,0,0,0,0,0,0,0,0,0,,750,672,,0,0,0,0
1613754984026,6,1010123456031,76,,1,0,6,1,2,,16.3423,707,183164,0.712,206,0,8.5,,0.1,26,0,0.1,8,0,0,4.47261,31,,750,669,,0,0,0,1.73077
1613754984276,6,1010123456031,76,,1,0,6,1,2,,16.9396,761,184381,0.766458,212,0,8.66667,,0,0,0,0,0,0,0,0,0,,750,687,,0,0,0,0
1613754984526,6,1010123456031,76,,1,0,6,1,2,,12.3286,782,183602,0.616643,225,0,7.28571,,0,0,0,0,0,0,0,0,0,,750,711,,0,0,0,0
1613754984776,6,1010123456031,76,,1,0,6,1,2,,16.1451,579,183473,0.590426,173,0,8.33333,,0.1,4,0,0.1,1,0,0,30.2497,31,,750,528,,0,0,0,1
1613754985026,6,1010123456031,76,,1,0,6,1,2,,17.1362,646,184097,0.684048,183,0,8.66667,,14.75,16,0,0.108337,4,0,0,30.8641,0,,750,603,,0,0,0,1
1613754985276,6,1010123456031,76,,1,0,6,1,2,,17.5911,785,184544,0.829815,222,0,9,,0,0,0,0,0,0,0,0,0,,750,702,,0,0,0,0
1613754985526,6,1010123456031,76,,1,0,6,1,2,,18.9464,783,184250,0.959488,224,0,9.42857,,0,0,0,0,0,0,0,0,0,,750,717,,0,0,0,0
1613754985777,6,1010123456031,76,,1,0,6,1,2,,16.4857,733,183334,0.736924,211,0,8.5,,0,0,0,0,0,0,0,0,0,,753,672,,0,0,0,0
1613754986026,6,1010123456031,76,,1,0,6,1,2,,17.9108,740,184287,0.832225,215,0,9,,10.9091,22,0,0.1,6,66.6667,0,3.35865,0,,747,684,,0,0,0,7.54545
1613754986276,6,1010123456031,76,,1,0,6,1,2,,16.0062,805,183734,0.772016,229,0,8.6,,0,0,0,0,0,0,0,0,0,,750,738,,0,0,0,0
1613754986526,6,1010123456031,76,,1,0,6,1,2,,17.988,752,183903,0.858635,221,0,9,,0,0,0,0,0,0,0,0,0,,750,702,,0,0,0,0
1613754986776,6,1010123456031,76,,1,0,6,1,2,,13.901,727,183841,0.624416,209,0,7.33333,,0.1,32,0,0.1,9,0,0,9.6758,31,,750,666,,0,0,0,1.125
1613754987026,6,1010123456031,76,,1,0,6,1,2,,17.9567,693,183401,0.775968,200,0,9,,0,0,0,0,0,0,0,0,0,,750,639,,0,0,0,0
1613754987276,6,1010123456031,76,,1,0,6,1,2,,16.7768,784,183655,0.801928,220,0,8.66667,,0,0,0,0,0,0,0,0,0,,750,714,,0,0,0,0
1613754987526,6,1010123456031,76,,1,0,6,1,2,,17.8897,780,183746,0.850313,222,0,9,,0,0,0,0,0,0,0,0,0,,750,708,,0,0,0,0
1613754987776,6,1010123456031,76,,1,0,6,1,2,,18.2383,768,183252,0.864416,221,0,9.5,,0,3,0,0,1,100,0,0,0,,750,702,,0,0,0,0
1613754988026,6,1010123456031,76,,1,0,6,1,2,,16.113,752,183479,0.790201,211,0,8.16667,,10.6875,16,0,0.1,5,60,0,15.2726,0,,750,681,,0,0,0,6.0625
1613754988276,6,1010123456031,76,,1,0,6,1,2,,18.3762,646,183896,0.764787,184,0,9,,0,0,0,0,0,0,0,0,0,,750,591,,0,0,0,0
1613754988526,6,1010123456031,76,,1,0,6,1,2,,15.3775,755,183567,0.729984,218,0,8,,0,0,0,0,0,0,0,0,0,,750,693,,0,0,0,0
1613754988776,6,1010123456031,76,,1,0,6,1,2,,18.2157,728,183778,0.825184,211,0,9.5,,15,4,0,0.1,1,0,0,31.1524,31,,750,684,,0,0,0,1
1613754989026,6,1010123456031,76,,1,0,6,1,2,,15.5323,759,183827,0.824,220,0,7.83333,,9.90385,52,0,0.1,16,50,0,9.56761,0,,750,702,,0,0,0,5.90385
1613754989276,6,1010123456031,76,,1,0,6,1,2,,17.9689,771,183661,0.857606,221,0,9,,0,0,0,0,0,0,0,0,0,,750,705,,0,0,0,0
1613754989526,6,1010123456031,76,,1,0,6,1,2,,9.5261,747,183015,0.474816,214,0,5.85714,,0,0,0,0,0,0,0,0,0,,750,690,,0,0,0,0
1613754989776,6,1010123456031,76,,1,0,6,1,2,,17.9592,735,184266,0.801024,210,0,9,,0,3,0,0.1,1,0,0,0,31,,750,669,,0,0,0,0
1613754990026,6,1010123456031,76,,1,0,6,1,2,,15.4317,681,183932,0.735328,197,0,8.16667,,2.22222,27,0,0.1,8,0,0,13.7558,0,,750,639,,0,0,0,1.22222
1613754990276,6,1010123456031,76,,1,0,6,1,2,,16.6365,773,183163,0.771392,222,0,8.66667,,0,0,0,0,0,0,0,0,0,,750,711,,0,0,0,0
1613754990526,6,1010123456031,76,,1,0,6,1,2,,17.8351,746,184443,0.819104,213,0,9,,0,0,0,0,0,0,0,0,0,,750,675,,0,0,0,0
1613754990776,6,1010123456031,76,,1,0,6,1,2,,16.6843,776,183623,0.790233,220,0,8.66667,,10.6667,45,0,0.1,13,61.5385,0,10.7233,31,,750,705,,0,0,0,6.6
1613754991026,6,1010123456031,76,,1,0,6,1,2,,17.2621,767,183339,0.812384,219,0,8.83333,,0,3,0,0.1,1,0,0,0,31,,750,705,,0,0,0,0
1613754991276,6,1010123456031,76,,1,0,6,1,2,,17.988,747,183011,0.816992,211,0,9,,0,0,0,0,0,0,0,0,0,,750,681,,0,0,0,0
1613754991526,6,1010123456031,76,,1,0,6,1,2,,17.86,764,183675,0.841542,217,0,8.57143,,0,0,0,0,0,0,0,0,0,,750,696,,0,0,0,0
1613754991776,6,1010123456031,76,,1,0,6,1,2,,13.0899,779,184269,0.601312,221,0,7.33333,,0,0,0,0,0,0,0,0,0,,750,702,,0,0,0,0
1613754992026,6,1010123456031,76,,1,0,6,1,2,,17.9221,655,183599,0.744353,192,0,9,,10.5,46,0,0.1,13,61.5385,0,8.39114,31,,750,603,,0,0,0,6.91304
1613754992276,6,1010123456031,76,,1,0,6,1,2,,15.3051,767,183500,0.752353,213,0,8,,0,0,0,0,0,0,0,0,0,,750,699,,0,0,0,0
1613754992526,6,1010123456031,76,,1,0,6,1,2,,18,744,183274,0.820273,211,0,9,,0,0,0,0,0,0,0,0,0,,750,672,,0,0,0,0
1613754992776,6,1010123456031,76,,1,0,6,1,2,,16.1876,805,183646,0.842731,227,0,8.5,,8,30,0,0.1,8,50,0,8.14993,31,,750,732,,0,0,0,5.8
1613754993026,6,1010123456031,76,,1,0,6,1,2,,16.236,767,183348,0.824964,221,0,8.5,,0,3,0,0.1,1,0,0,0,0,,750,705,,0,0,0,0
1613754993276,6,1010123456031,76,,1,0,6,1,2,,15.3598,692,183738,0.67952,195,0,7.66667,,0,3,0,0.1,1,0,0,0,31,,750,627,,0,0,0,0
1613754993526,6,1010123456031,76,,1,0,6,1,2,,17.6778,782,184145,0.821944,223,0,9,,0,0,0,0,0,0,0,0,0,,750,711,,0,0,0,0
1613754993776,6,1010123456031,76,,1,0,6,1,2,,17.9633,736,183967,0.834281,215,0,9,,6.92308,26,0,0.1,8,50,0,5.45969,31,,750,672,,0,0,0,5.15385
1613754994026,6,1010123456031,76,,1,0,6,1,2,,17.6157,674,183733,0.698731,184,0,8.83333,,0,3,0,0.1,1,0,0,0,0,,750,618,,0,0,0,0
1613754994276,6,1010123456031,76,,1,0,6,1,2,,17.9646,763,184285,0.838683,216,0,9,,0,0,0,0,0,0,0,0,0,,750,687,,0,0,0,0
1613754994526,6,1010123456031,76,,1,0,6,1,2,,17.6752,785,184500,0.932096,222,0,9.14286,,0,0,0,0,0,0,0,0,0,,750,714,,0,0,0,0
1613754994776,6,1010123456031,76,,1,0,6,1,2,,17.9646,762,183620,0.841992,215,0,9,,0,0,0,0,0,0,0,0,0,,750,693,,0,0,0,0
1613754995026,6,1010123456031,76,,1,0,6,1,2,,14.7276,727,183378,0.682699,211,0,7.66667,,9.525,40,0,0.1,13,61.5385,0,7.76985,31,,750,672,,0,0,0,6.675
1613754995276,6,1010123456031,76,,1,0,6,1,2,,17.8908,742,184345,0.825536,214,0,9,,0,0,0,0,0,0,0,0,0,,750,681,,0,0,0,0
1613754995526,6,1010123456031,76,,1,0,6,1,2,,19.4414,759,184026,1.00134,220,0,9.83333,,0,0,0,0,0,0,0,0,0,,750,696,,0,0,0,0
1613754995776,6,1010123456031,76,,1,0,6,1,2,,17.8709,697,183547,0.766144,198,0,9,,3.02439,41,0,0.12256,11,0,0,10.2833,31,,750,642,,0,0,0,1
1613754996026,6,1010123456031,76,,1,0,6,1,2,,17.9354,743,184013,0.844916,218,0,9,,0,0,0,0,0,0,0,0,0,,750,693,,0,0,0,0
1613754996276,6,1010123456031,76,,1,0,6,1,2,,18.9091,792,183608,0.95552,224,0,9.5,,0,0,0,0,0,0,0,0,0,,750,723,,0,0,0,0
1613754996526,6,1010123456031,76,,1,0,6,1,2,,17.9766,768,184142,0.8392,217,0,9,,0,0,0,0,0,0,0,0,0,,750,690,,0,0,0,0
1613754996776,6,1010123456031,76,,1,0,6,1,2,,14.4993,763,184030,0.668992,216,0,7.66667,,15,4,0,0.1,1,0,0,27.7321,31,,750,696,,0,0,0,1
1613754997026,6,1010123456031,76,,1,0,6,1,2,,16.8652,779,184501,0.799807,222,0,8.5,,7.12195,41,0,0.1,12,33.3333,0,12.9419,0,,750,714,,0,0,0,3.63415
1613754997276,6,1010123456031,76,,1,0,6,1,2,,12.6841,785,183597,0.70657,224,0,8,,0,0,0,0,0,0,0,0,0,,750,708,,0,0,0,0
1613754997526,6,1010123456031,76,,1,0,6,1,2,,17.1827,739,183074,0.783807,212,0,8.5,,0,0,0,0,0,0,0,0,0,,750,687,,0,0,0,0
1613754997776,6,1010123456031,76,,1,0,6,1,2,,14.2794,766,184023,0.70551,219,0,7.4,,0.1,4,0,0.1,1,0,0,20.7892,31,,750,696,,0,0,0,1
1613754998026,6,1010123456031,76,,1,0,6,1,2,,14.0429,746,184262,0.636384,219,0,7.5,,15.9474,57,0,0.121344,19,84.2105,0,5.96887,0,,750,708,,0,0,0,8.42105
1613754998276,6,1010123456031,76,,1,0,6,1,2,,16.7587,746,184002,0.845108,216,0,8,,0,0,0,0,0,0,0,0,0,,750,681,,0,0,0,0
1613754998526,6,1010123456031,76,,1,0,6,1,2,,17.6447,743,183611,0.793504,213,0,9,,0,0,0,0,0,0,0,0,0,,750,690,,0,0,0,0
1613754998776,6,1010123456031,76,,1,0,6,1,2,,17.9844,771,183429,0.862008,222,0,9,,0.1,33,0,0.1,9,0,0,5.45744,31,,750,711,,0,0,0,1.75758
1613754999026,6,1010123456031,76,,1,0,6,1,2,,18.6433,743,183309,0.906667,216,0,9.6,,0,0,0,0,0,0,0,0,0,,750,693,,0,0,0,0
1613754999276,6,1010123456031,76,,1,0,6,1,2,,17.9609,768,183861,0.834281,215,0,9,,0,0,0,0,0,0,0,0,0,,750,690,,0,0,0,0
1613754999526,6,1010123456031,76,,1,0,6,1,2,,17.9132,783,183460,0.880932,227,0,8.8,,0,0,0,0,0,0,0,0,0,,750,720,,0,0,0,0
1613754999776,6,1010123456031,76,,1,0,6,1,2,,17.2326,731,183322,0.756048,204,0,9,,0,3,0,0.1,1,0,0,0,31,,750,663,,0,0,0,0
1613755000026,6,1010123456031,76,,1,0,6,1,2,,18.2358,738,183423,0.909976,215,0,9.6,,1.42857,42,0,0.1,12,16.6667,0,6.76797,0,,750,684,,0,0,0,3.59524
1613755000277,6,1010123456031,76,,1,0,6,1,2,,17.6912,693,183347,0.750816,199,0,9,,0,0,0,0,0,0,0,0,0,,750,642,,0,0,0,0
1613755000526,6,1010123456031,76,,1,0,6,1,2,,19.6662,725,182964,0.95547,211,0,10,,0,0,0,0,0,0,0,0,0,,750,675,,0,0,0,0
1613755000776,6,1010123456031,76,,1,0,6,1,2,,18.2193,757,183383,0.902618,218,0,8.83333,,12.4,20,0,0.1,5,80,0,7.81049,0,,750,699,,0,0,0,8.2
1613755001026,6,1010123456031,76,,1,0,6,1,2,,17.9446,758,183483,0.849317,219,0,9,,6.14286,7,0,0.1,2,0,0,30.263,31,,750,699,,0,0,0,1
1613755001276,6,1010123456031,76,,1,0,6,1,2,,17.1083,794,183107,0.819277,224,0,8.6,,0,0,0,0,0,0,0,0,0,,750,711,,0,0,0,0
1613755001526,6,1010123456031,76,,1,0,6,1,2,,17.9643,756,183890,0.838688,217,0,9,,0,0,0,0,0,0,0,0,0,,750,696,,0,0,0,0
1613755001776,6,1010123456031,76,,1,0,6,1,2,,15.8811,757,183160,0.774016,212,0,8.16667,,12.6316,19,0,0.1,5,80,0,5.1391,0,,750,681,,0,0,0,8.57895
1613755002026,6,1010123456031,76,,1,0,6,1,2,,17.9415,769,183509,0.848289,219,0,9,,9,16,0,0.1,4,75,0,4.05476,0,,750,705,,0,0,0,8.75
1613755002276,6,1010123456031,76,,1,0,6,1,2,,16.5762,807,182926,0.92347,229,0,8.5,,0,0,0,0,0,0,0,0,0,,750,729,,0,0,0,0
1613755002526,6,1010123456031,76,,1,0,6,1,2,,17.9358,795,183420,0.884128,229,0,9,,0,0,0,0,0,0,0,0,0,,750,726,,0,0,0,0
1613755002776,6,1010123456031,76,,1,0,6,1,2,,17.733,794,183501,0.85751,222,0,8.83333,,1,4,0,0.1,1,0,0,24.5907,31,,750,714,,0,0,0,1
1613755003026,6,1010123456031,76,,1,0,6,1,2,,15.1301,738,184262,0.689671,214,0,7.5,,15.9538,65,0,0.229205,21,76.1905,0,7.36886,0,,750,687,,0,0,0,7.78462
1613755003276,6,1010123456031,76,,1,0,6,1,2,,16.9485,776,183474,0.789398,218,0,8.6,,0,0,0,0,0,0,0,0,0,,750,702,,0,0,0,0
1613755003526,6,1010123456031,76,,1,0,6,1,2,,15.3527,791,183890,0.748672,225,0,8.14286,,0,0,0,0,0,0,0,0,0,,750,717,,0,0,0,0
1613755003776,6,1010123456031,76,,1,0,6,1,2,,16.7748,808,183527,0.81632,230,0,8.4,,0,0,0,0,0,0,0,0,0,,750,741,,0,0,0,0
1613755004026,6,1010123456031,76,,1,0,6,1,2,,17.2539,760,183150,0.831488,224,0,8.8,,0.1,32,0,0.1,9,0,0,9.11076,31,,750,705,,0,0,0,1.25
1613755004276,6,1010123456031,76,,1,0,6,1,2,,17.9686,765,183217,0.842056,217,0,9,,0,0,0,0,0,0,0,0,0,,750,702,,0,0,0,0
1613755004526,6,1010123456031,76,,1,0,6,1,2,,17.251,729,184308,0.774656,210,0,8.71429,,0,0,0,0,0,0,0,0,0,,750,663,,0,0,0,0
1613755004776,6,1010123456031,76,,1,0,6,1,2,,17.9523,755,184509,0.845944,218,0,9,,11.25,16,0,0.1,5,80,0,1.08907,0,,750,702,,0,0,0,8.25
1613755005026,6,1010123456031,76,,1,0,6,1,2,,17.9841,755,183714,0.843084,217,0,9,,0,3,0,0.1,1,0,0,0,0,,750,696,,0,0,0,0
1613755005276,6,1010123456031,76,,1,0,6,1,2,,17.949,764,184399,0.837655,216,0,9,,0,0,0,0,0,0,0,0,0,,750,684,,0,0,0,0
1613755005526,6,1010123456031,76,,1,0,6,1,2,,18.2769,791,183793,0.914976,221,0,9.28572,,0,0,0,0,0,0,0,0,0,,750,717,,0,0,0,0
1613755005776,6,1010123456031,76,,1,0,6,1,2,,17.3054,753,184231,0.785408,212,0,8.83333,,2,4,0,0.1,1,0,0,4.72561,31,,750,681,,0,0,0,1
1613755006026,6,1010123456031,76,,1,0,6,1,2,,14.566,758,183600,0.709312,222,0,7.5,,0.1,23,0,0.1,7,0,0,12.2206,0,,750,699,,0,0,0,1
1613755006276,6,1010123456031,76,,1,0,6,1,2,,17.4544,757,183856,0.78256,213,0,9,,0,0,0,0,0,0,0,0,0,,750,687,,0,0,0,0
1613755006526,6,1010123456031,76,,1,0,6,1,2,,17.8414,769,183280,0.880514,220,0,9.14286,,0,0,0,0,0,0,0,0,0,,750,699,,0,0,0,0
1613755006776,6,1010123456031,76,,1,0,6,1,2,,15.6042,710,183041,0.669012,199,0,8,,15,4,0,0,1,100,0,5.95515,0,,750,645,,0,0,0,10
1613755007026,6,1010123456031,76,,1,0,6,1,2,,17.9562,753,183475,0.84256,218,0,9,,15,12,0,0,3,100,0,4.74781,0,,750,696,,0,0,0,10
1613755007276,6,1010123456031,76,,1,0,6,1,2,,10.8464,788,183414,0.538368,224,0,6.16667,,0.1,7,0,0.1,2,0,0,3.11464,31,,750,714,,0,0,0,1
1613755007526,6,1010123456031,76,,1,0,6,1,2,,17.9886,788,183116,0.862522,222,0,9,,0,0,0,0,0,0,0,0,0,,750,708,,0,0,0,0
1613755007776,6,1010123456031,76,,1,0,6,1,2,,13.4487,760,184311,0.685632,218,0,7.16667,,0.1,25,0,0.1,7,0,0,5.44031,31,,750,690,,0,0,0,1
1613755008026,6,1010123456031,76,,1,0,6,1,2,,17.8956,747,183979,0.812273,210,0,9,,0,3,0,0.1,1,0,0,0,31,,750,669,,0,0,0,0
1613755008276,6,1010123456031,76,,1,0,6,1,2,,17.9419,774,184329,0.844916,218,0,9,,0,0,0,0,0,0,0,0,0,,750,699,,0,0,0,0
1613755008526,6,1010123456031,76,,1,0,6,1,2,,17.9365,709,183320,0.791712,205,0,9,,0,0,0,0,0,0,0,0,0,,750,657,,0,0,0,0
1613755008776,6,1010123456031,76,,1,0,6,1,2,,15.4144,748,183775,0.725056,214,0,7.5,,11.25,16,0,0.1,5,80,0,7.59408,0,,750,681,,0,0,0,7.75
1613755009026,6,1010123456031,76,,1,0,6,1,2,,14.1903,762,184004,0.637504,220,0,8.6,,0,3,0,0.1,1,0,0,0,31,,750,714,,0,0,0,0
1613755009276,6,1010123456031,76,,1,0,6,1,2,,18.2445,777,183382,0.935261,224,0,9.16667,,0,0,0,0,0,0,0,0,0,,750,714,,0,0,0,0
1613755009526,6,1010123456031,76,,1,0,6,1,2,,16.4179,761,183321,0.759261,218,0,8.71429,,0,0,0,0,0,0,0,0,0,,750,699,,0,0,0,0
1613755009776,6,1010123456031,76,,1,0,6,1,2,,17.9504,786,183071,0.860466,222,0,9,,8.90625,32,0,0.1,9,44.4444,0,7.27276,31,,750,711,,0,0,0,5.625
1613755010026,6,1010123456031,76,,1,0,6,1,2,,16.404,708,183572,0.793671,207,0,8.66667,,0,0,0,0,0,0,0,0,0,,750,669,,0,0,0,0
1613755010276,6,1010123456031,76,,1,0,6,1,2,,17.9228,777,183587,0.848768,220,0,9,,0,0,0,0,0,0,0,0,0,,750,705,,0,0,0,0
1613755010526,6,1010123456031,76,,1,0,6,1,2,,16.0546,732,183349,0.736418,213,0,8.66667,,0,0,0,0,0,0,0,0,0,,750,681,,0,0,0,0
1613755010776,6,1010123456031,76,,1,0,6,1,2,,17.9308,780,184195,0.864353,223,0,9,,0,0,0,0,0,0,0,0,0,,750,714,,0,0,0,0
1613755011026,6,1010123456031,76,,1,0,6,1,2,,17.1706,727,184040,0.775743,211,0,8.66667,,6,30,0,0.1,9,44.4444,0,9.79038,31,,750,675,,0,0,0,4.6
1613755011276,6,1010123456031,76,,1,0,6,1,2,,17.9494,771,184374,0.834304,216,0,9,,0,0,0,0,0,0,0,0,0,,750,699,,0,0,0,0
1613755011526,6,1010123456031,76,,1,0,6,1,2,,14.4052,775,183535,0.707502,225,0,7.5,,0,0,0,0,0,0,0,0,0,,750,714,,0,0,0,0
1613755011776,6,1010123456031,76,,1,0,6,1,2,,12.2045,748,183360,0.577671,214,0,7.4,,7.48148,27,0,0.1,8,50,0,10.5277,31,,750,690,,0,0,0,5
1613755012026,6,1010123456031,76,,1,0,6,1,2,,17.9844,769,183179,0.86641,223,0,9,,0,0,0,0,0,0,0,0,0,,750,708,,0,0,0,0
1613755012276,6,1010123456031,76,,1,0,6,1,2,,17.0288,764,183354,0.801632,221,0,8.66667,,0,0,0,0,0,0,0,0,0,,750,708,,0,0,0,0
1613755012526,6,1010123456031,76,,1,0,6,1,2,,17.9661,620,184040,0.688192,178,0,9,,0,0,0,0,0,0,0,0,0,,750,576,,0,0,0,0
1613755012776,6,1010123456031,76,,1,0,6,1,2,,16.5121,742,183939,0.814554,215,0,8,,0.1,37,0,0.1,10,10,0,5.51672,31,,750,687,,0,0,0,1.97297
1613755013026,6,1010123456031,76,,1,0,6,1,2,,17.9019,734,183341,0.828337,214,0,9,,0,0,0,0,0,0,0,0,0,,750,693,,0,0,0,0
1613755013276,6,1010123456031,76,,1,0,6,1,2,,14.9761,754,183715,0.699104,215,0,7.4,,0,0,0,0,0,0,0,0,0,,750,690,,0,0,0,0
1613755013526,6,1010123456031,76,,1,0,6,1,2,,15.0121,745,184275,0.700704,215,0,8.14286,,0,0,0,0,0,0,0,0,0,,750,693,,0,0,0,0
1613755013776,6,1010123456031,76,,1,0,6,1,2,,11.5556,810,183852,0.61856,232,0,6.2,,0,3,0,0.1,1,0,0,0,31,,750,741,,0,0,0,0
1613755014026,6,1010123456031,76,,1,0,6,1,2,,13.2783,751,183609,0.608386,218,0,7.66667,,7.05882,34,0,0.1,10,40,0,10.0863,31,,750,696,,0,0,0,4.17647
1613755014276,6,1010123456031,76,,1,0,6,1,2,,17.9403,754,184308,0.829365,214,0,9,,0,0,0,0,0,0,0,0,0,,750,681,,0,0,0,0
1613755014526,6,1010123456031,76,,1,0,6,1,2,,12.6954,811,184090,0.638297,229,0,8,,0,0,0,0,0,0,0,0,0,,750,732,,0,0,0,0
1613755014776,6,1010123456031,76,,1,0,6,1,2,,16.8049,733,182989,0.756032,210,0,8.5,,7.6875,32,0,0.1,9,55.5556,0,7.66619,31,,750,672,,0,0,0,6.53125
1613755015026,6,1010123456031,76,,1,0,6,1,2,,13.6483,745,184070,0.630554,216,0,7.33333,,0.1,7,0,0.1,2,0,0,13.3415,31,,750,690,,0,0,0,1
1613755015276,6,1010123456031,76,,1,0,6,1,2,,17.9571,770,184037,0.853719,220,0,9,,0,0,0,0,0,0,0,0,0,,750,711,,0,0,0,0
1613755015526,6,1010123456031,76,,1,0,6,1,2,,12.2583,751,183911,0.58544,217,0,7,,0,0,0,0,0,0,0,0,0,,750,693,,0,0,0,0
1613755015776,6,1010123456031,76,,1,0,6,1,2,,17.9835,729,183582,0.815871,210,0,9,,10.2041,49,0,0.1,14,57.1429,0,12.62,31,,750,675,,0,0,0,6.14286
1613755016026,6,1010123456031,76,,1,0,6,1,2,,18.238,769,183937,0.948819,224,0,9.33333,,0,0,0,0,0,0,0,0,0,,750,711,,0,0,0,0
1613755016276,6,1010123456031,76,,1,0,6,1,2,,17.7024,783,183723,0.857767,226,0,9,,0,0,0,0,0,0,0,0,0,,750,723,,0,0,0,0
1613755016526,6,1010123456031,76,,1,0,6,1,2,,16.7806,784,184051,0.804273,225,0,8.57143,,0,0,0,0,0,0,0,0,0,,750,717,,0,0,0,0
1613755016776,6,1010123456031,76,,1,0,6,1,2,,17.9748,715,183128,0.784992,203,0,9,,0.1,30,0,0.1,9,0,0,5.93571,31,,750,654,,0,0,0,1.5
1613755017026,6,1010123456031,76,,1,0,6,1,2,,16.1076,725,184249,0.726811,208,0,8,,0,0,0,0,0,0,0,0,0,,750,672,,0,0,0,0
1613755017276,6,1010123456031,76,,1,0,6,1,2,,15.9654,780,183644,0.824512,224,0,8.16667,,0,0,0,0,0,0,0,0,0,,750,711,,0,0,0,0
1613755017526,6,1010123456031,76,,1,0,6,1,2,,17.949,765,183744,0.857536,222,0,9,,0,0,0,0,0,0,0,0,0,,750,705,,0,0,0,0
1613755017776,6,1010123456031,76,,1,0,6,1,2,,14.424,750,183747,0.672512,214,0,7.5,,9.5,30,0,0.1,8,50,0,5.78074,31,,750,672,,0,0,0,5.8
1613755018026,6,1010123456031,76,,1,0,6,1,2,,17.9327,713,184654,0.77494,200,0,9,,0,6,0,0.1,2,0,0,0,31,,750,648,,0,0,0,0
1613755018276,6,1010123456031,76,,1,0,6,1,2,,10.9596,768,183600,0.526843,216,0,6.33333,,0,0,0,0,0,0,0,0,0,,750,693,,0,0,0,0
1613755018526,6,1010123456031,76,,1,0,6,1,2,,17.8215,773,184057,0.829504,220,0,9,,0,0,0,0,0,0,0,0,0,,750,702,,0,0,0,0
1613755018776,6,1010123456031,76,,1,0,6,1,2,,13.1264,799,183575,0.665376,225,0,6,,8.63636,33,0,0.1,9,44.4444,0,7.2952,31,,750,714,,0,0,0,5.57576
1613755019026,6,1010123456031,76,,1,0,6,1,2,,16.1849,757,183452,0.742811,220,0,9,,0,3,0,0.1,1,0,0,0,31,,750,702,,0,0,0,0
1613755019276,6,1010123456031,76,,1,0,6,1,2,,17.9241,751,183919,0.833792,216,0,9,,0,0,0,0,0,0,0,0,0,,750,699,,0,0,0,0
1613755019526,6,1010123456031,76,,1,0,6,1,2,,16.2261,765,183628,0.821472,221,0,8.28571,,0,0,0,0,0,0,0,0,0,,750,699,,0,0,0,0
1613755019776,6,1010123456031,76,,1,0,6,1,2,,17.9321,751,184212,0.833792,216,0,9,,0.1,34,0,0.1,10,10,0,5.167,31,,750,693,,0,0,0,2.08824
1613755020026,6,1010123456031,76,,1,0,6,1,2,,19.4384,755,184023,0.954763,213,0,9.66667,,0,0,0,0,0,0,0,0,0,,750,681,,0,0,0,0
1613755020276,6,1010123456031,76,,1,0,6,1,2,,17.1632,766,184243,0.92151,216,0,8.5,,0,0,0,0,0,0,0,0,0,,750,696,,0,0,0,0
1613755020526,6,1010123456031,76,,1,0,6,1,2,,16.4855,725,183688,0.710176,209,0,8.71429,,0,0,0,0,0,0,0,0,0,,750,660,,0,0,0,0
1613755020776,6,1010123456031,76,,1,0,6,1,2,,17.9466,731,183643,0.799968,207,0,9,,7.75862,29,0,0.1,9,44.4444,0,9.43404,31,,750,669,,0,0,0,4.72414
1613755021026,6,1010123456031,76,,1,0,6,1,2,,16.3263,711,183697,0.700819,203,0,8.83333,,0,2,0,0.1,1,0,0,0,31,,750,654,,0,0,0,0
1613755021276,6,1010123456031,76,,1,0,6,1,2,,18.3564,811,184463,0.94294,229,0,9,,0,0,0,0,0,0,0,0,0,,750,729,,0,0,0,0
1613755021526,6,1010123456031,76,,1,0,6,1,2,,14.0289,693,183481,0.620755,201,0,7.71429,,0,0,0,0,0,0,0,0,0,,750,639,,0,0,0,0
1613755021776,6,1010123456031,76,,1,0,6,1,2,,16.8709,736,183927,0.736803,205,0,8.66667,,8.63636,33,0,0.1,9,44.4444,0,5.60223,31,,750,663,,0,0,0,5.36364
1613755022026,6,1010123456031,76,,1,0,6,1,2,,16.4446,704,183679,0.746976,203,0,7.66667,,0.1,7,0,0.1,2,0,0,5.87707,31,,750,660,,0,0,0,1
1613755022276,6,1010123456031,76,,1,0,6,1,2,,15.4114,739,183750,0.732948,213,0,8,,0,0,0,0,0,0,0,0,0,,750,681,,0,0,0,0
1613755022526,6,1010123456031,76,,1,0,6,1,2,,17.8812,741,183321,0.833767,215,0,8.85714,,0,0,0,0,0,0,0,0,0,,750,684,,0,0,0,0
1613755022776,6,1010123456031,76,,1,0,6,1,2,,15.381,706,184435,0.67396,203,0,7.66667,,0,3,0,0.1,1,0,0,0,31,,750,651,,0,0,0,0
1613755023026,6,1010123456031,76,,1,0,6,1,2,,17.9364,755,183337,0.842048,218,0,9,,2.22222,27,0,0.1,8,0,0,15.3874,0,,750,699,,0,0,0,1.55556
1613755023276,6,1010123456031,76,,1,0,6,1,2,,15.568,750,183471,0.786217,215,0,7.83333,,0,0,0,0,0,0,0,0,0,,750,693,,0,0,0,0
1613755023526,6,1010123456031,76,,1,0,6,1,2,,17.572,771,183809,0.824578,223,0,9,,0,0,0,0,0,0,0,0,0,,750,708,,0,0,0,0
1613755023776,6,1010123456031,76,,1,0,6,1,2,,15.6594,778,183854,0.752288,223,0,8,,0.1,4,0,0.1,1,0,0,6.83189,31,,750,717,,0,0,0,1
1613755024026,6,1010123456031,76,,1,0,6,1,2,,17.265,766,183433,0.832896,224,0,8.83333,,1.38889,18,0,0.1,5,0,0,15.9079,0,,750,699,,0,0,0,1
1613755024276,6,1010123456031,76,,1,0,6,1,2,,15.0288,730,183187,0.666474,204,0,7.66667,,0,0,0,0,0,0,0,0,0,,750,660,,0,0,0,0
1613755024526,6,1010123456031,76,,1,0,6,1,2,,16.9901,707,184207,0.730112,202,0,8.71429,,0,0,0,0,0,0,0,0,0,,750,648,,0,0,0,0
1613755024776,6,1010123456031,76,,1,0,6,1,2,,15.0013,749,183702,0.68408,210,0,8,,0,3,0,0.1,1,0,0,0,31,,750,669,,0,0,0,0
1613755025026,6,1010123456031,76,,1,0,6,1,2,,14.6089,739,183518,0.692402,217,0,7.83333,,6,30,0,0.1,9,55.5556,0,2.02274,0,,750,684,,0,0,0,6.63333
1613755025276,6,1010123456031,76,,1,0,6,1,2,,17.9032,775,183565,0.839486,217,0,9,,0,0,0,0,0,0,0,0,0,,750,699,,0,0,0,0
1613755025526,6,1010123456031,76,,1,0,6,1,2,,14.8095,756,183802,0.714538,220,0,7.85714,,0,0,0,0,0,0,0,0,0,,750,705,,0,0,0,0
1613755025776,6,1010123456031,76,,1,0,6,1,2,,17.9851,805,183999,0.893622,230,0,9,,0,0,0,0,0,0,0,0,0,,750,732,,0,0,0,0
1613755026026,6,1010123456031,76,,1,0,6,1,2,,19.237,772,183978,1.05311,226,0,9.83333,,13.8,80,0,0.128803,23,69.5652,0,11.0858,31,,750,723,,0,0,0,7.075
1613755026276,6,1010123456031,76,,1,0,6,1,2,,17.7057,802,183180,0.873831,230,0,9,,0,0,0,0,0,0,0,0,0,,750,735,,0,0,0,0
1613755026526,6,1010123456031,76,,1,0,6,1,2,,14.872,750,183453,0.730217,220,0,7.5,,0,0,0,0,0,0,0,0,0,,750,696,,0,0,0,0
1613755026776,6,1010123456031,76,,1,0,6,1,2,,17.4214,738,183934,0.776225,210,0,9,,7.27273,33,0,0.1,9,44.4444,0,6.77485,31,,750,678,,0,0,0,5.45455
1613755027026,6,1010123456031,76,,1,0,6,1,2,,17.4144,748,183137,0.788755,210,0,8.8,,0,3,0,0.1,1,0,0,0,31,,750,678,,0,0,0,0
1613755027276,6,1010123456031,76,,1,0,6,1,2,,18.7504,717,183924,0.872578,207,0,9.5,,0,0,0,0,0,0,0,0,0,,750,669,,0,0,0,0
1613755027526,6,1010123456031,76,,1,0,6,1,2,,15.5794,611,183606,0.59653,177,0,8.42857,,0,0,0,0,0,0,0,0,0,,750,570,,0,0,0,0
1613755027776,6,1010123456031,76,,1,0,6,1,2,,16.3729,641,184391,0.640672,187,0,8.5,,0,12,0,0,4,100,0,0,0,,750,600,,0,0,0,0
1613755028026,6,1010123456031,76,,1,0,6,1,2,,17.9794,729,183612,0.826506,213,0,9,,3.91667,12,0,0.1,4,25,0,5.11784,31,,750,687,,0,0,0,3
1613755028276,6,1010123456031,76,,1,0,6,1,2,,14.0528,796,183433,0.672192,224,0,6.25,,0,0,0,0,0,0,0,0,0,,750,720,,0,0,0,0
1613755028526,6,1010123456031,76,,1,0,6,1,2,,16.6534,730,184074,0.746024,208,0,8.71429,,0,0,0,0,0,0,0,0,0,,750,666,,0,0,0,0
1613755028776,6,1010123456031,76,,1,0,6,1,2,,17.9594,738,184013,0.814843,210,0,9,,0.25,32,0,0.1,9,0,0,3.63778,31,,750,675,,0,0,0,1.5625
1613755029026,6,1010123456031,76,,1,0,6,1,2,,14.9685,698,184117,0.614112,195,0,7.83333,,0,0,0,0,0,0,0,0,0,,750,636,,0,0,0,0
1613755029276,6,1010123456031,76,,1,0,6,1,2,,13.4373,773,183504,0.671068,219,0,6.66667,,0,0,0,0,0,0,0,0,0,,750,699,,0,0,0,0
1613755029526,6,1010123456031,76,,1,0,6,1,2,,17.5508,748,183779,0.775293,211,0,9,,0,0,0,0,0,0,0,0,0,,750,684,,0,0,0,0
1613755029776,6,1010123456031,76,,1,0,6,1,2,,20.5709,755,183749,1.09293,214,0,9.8,,7.27273,33,0,0.1,9,44.4444,0,7.07106,31,,750,672,,0,0,0,5.90909
1613755030026,6,1010123456031,76,,1,0,6,1,2,,18.5828,731,184431,0.882442,210,0,9.5,,0,3,0,0.1,1,0,0,0,31,,750,672,,0,0,0,0
1613755030276,6,1010123456031,76,,1,0,6,1,2,,19.3966,759,183648,0.926336,212,0,9.83333,,0,0,0,0,0,0,0,0,0,,750,687,,0,0,0,0
1613755030526,6,1010123456031,76,,1,0,6,1,2,,16.8726,793,183946,0.923456,226,0,8.42857,,0,0,0,0,0,0,0,0,0,,750,729,,0,0,0,0
1613755030776,6,1010123456031,76,,1,0,6,1,2,,17.9761,754,183284,0.823712,213,0,9,,15,4,0,0.1,1,0,0,29.3008,31,,750,684,,0,0,0,1
1613755031026,6,1010123456031,76,,1,0,6,1,2,,19.4486,798,183076,1.10069,231,0,10,,14.1,10,0,0.1,3,0,0,32.9305,0,,750,738,,0,0,0,1
1613755031276,6,1010123456031,76,,1,0,6,1,2,,17.9502,723,182898,0.810956,209,0,9,,0,0,0,0,0,0,0,0,0,,750,675,,0,0,0,0
1613755031526,6,1010123456031,76,,1,0,6,1,2,,15.9843,762,183651,0.748832,223,0,8.66667,,0,0,0,0,0,0,0,0,0,,750,702,,0,0,0,0
1613755031776,6,1010123456031,76,,1,0,6,1,2,,17.9552,736,183238,0.818731,211,0,9,,0,3,0,0.1,1,0,0,0,31,,750,678,,0,0,0,0
1613755032026,6,1010123456031,76,,1,0,6,1,2,,17.9649,770,183556,0.842056,217,0,9,,5.63265,49,0,0.1,14,28.5714,0,9.14685,0,,750,699,,0,0,0,3.93878
1613755032276,6,1010123456031,76,,1,0,6,1,2,,17.9662,799,184253,0.877044,226,0,9,,0,0,0,0,0,0,0,0,0,,750,726,,0,0,0,0
1613755032526,6,1010123456031,76,,1,0,6,1,2,,16.9973,738,184130,0.768,212,0,8.71429,,0,0,0,0,0,0,0,0,0,,750,675,,0,0,0,0
1613755032776,6,1010123456031,76,,1,0,6,1,2,,16.6232,759,183265,0.877376,216,0,8.66667,,8.63636,33,0,0.1,9,66.6667,0,7.76811,31,,750,696,,0,0,0,7.27273
1613755033026,6,1010123456031,76,,1,0,6,1,2,,15.0968,723,184318,0.694876,212,0,8,,0,13,0,0.1,5,60,0,0,31,,750,675,,0,0,0,0
1613755033276,6,1010123456031,76,,1,0,6,1,2,,11.7336,777,183316,0.559293,222,0,6.66667,,0,0,0,0,0,0,0,0,0,,750,714,,0,0,0,0
1613755033526,6,1010123456031,76,,1,0,6,1,2,,17.9841,753,184070,0.828096,214,0,9,,0,0,0,0,0,0,0,0,0,,750,693,,0,0,0,0
1613755033776,6,1010123456031,76,,1,0,6,1,2,,16.7727,792,183811,0.81248,226,0,8.66667,,15,4,0,0.1,1,0,0,31.1772,31,,750,720,,0,0,0,1
1613755034026,6,1010123456031,76,,1,0,6,1,2,,17.9531,767,184145,0.857092,221,0,9,,7.04348,46,0,0.1,13,30.7692,0,11.7298,0,,750,699,,0,0,0,4.13043
1613755034276,6,1010123456031,76,,1,0,6,1,2,,14.9087,789,184314,0.731727,225,0,7.66667,,0,0,0,0,0,0,0,0,0,,750,711,,0,0,0,0
1613755034526,6,1010123456031,76,,1,0,6,1,2,,17.8333,738,184340,0.794496,210,0,9,,0,0,0,0,0,0,0,0,0,,750,678,,0,0,0,0
1613755034776,6,1010123456031,76,,1,0,6,1,2,,18.005,805,183498,0.908896,225,0,9.16667,,9.82759,29,0,0.1,9,44.4444,0,6.08704,31,,750,735,,0,0,0,5.96552
1613755035026,6,1010123456031,76,,1,0,6,1,2,,17.4582,753,183639,0.812851,216,0,8.83333,,0,3,0,0.1,1,0,0,0,0,,750,690,,0,0,0,0
1613755035276,6,1010123456031,76,,1,0,6,1,2,,17.2835,790,182896,0.827052,222,0,8.83333,,0,0,0,0,0,0,0,0,0,,750,714,,0,0,0,0
1613755035526,6,1010123456031,76,,1,0,6,1,2,,16.9949,788,184264,0.816803,225,0,8.71429,,0,0,0,0,0,0,0,0,0,,750,717,,0,0,0,0
1613755035776,6,1010123456031,76,,1,0,6,1,2,,17.9885,783,184080,0.858635,221,0,9,,2,4,0,0,1,100,0,0.596755,0,,750,714,,0,0,0,10
1613755036026,6,1010123456031,76,,1,0,6,1,2,,17.3845,775,183854,0.825703,220,0,8.83333,,0.363636,22,0,0.1,6,0,0,9.77715,31,,750,696,,0,0,0,1.36364
1613755036276,6,1010123456031,76,,1,0,6,1,2,,17.9432,740,183339,0.825478,213,0,9,,0,0,0,0,0,0,0,0,0,,750,678,,0,0,0,0
1613755036526,6,1010123456031,76,,1,0,6,1,2,,9.58323,775,183495,0.478016,223,0,6.14286,,0,0,0,0,0,0,0,0,0,,750,714,,0,0,0,0
1613755036776,6,1010123456031,76,,1,0,6,1,2,,18,774,183064,0.878586,226,0,9,,0,3,293,0.1,1,0,0,0,31,,750,714,,0,0,0,0
1613755037026,6,1010123456031,76,,1,0,6,1,2,,10.605,757,183569,0.53424,219,0,5.8,,4,29,0,0.1,8,0,0,16.5125,0,,750,696,,0,0,0,1.41379
1613755037276,6,1010123456031,76,,1,0,6,1,2,,16.25,736,183503,0.737157,210,0,9,,0,0,0,0,0,0,0,0,0,,750,675,,0,0,0,0
1613755037526,6,1010123456031,76,,1,0,6,1,2,,16.3885,762,182898,0.845462,221,0,8.28571,,0,0,0,0,0,0,0,0,0,,750,705,,0,0,0,0
1613755037776,6,1010123456031,76,,1,0,6,1,2,,17.9847,783,183443,0.867488,227,0,9,,9.86667,45,0,0.1,13,69.2308,0,5.74779,31,,750,726,,0,0,0,7.08889
1613755038026,6,1010123456031,76,,1,0,6,1,2,,17.9873,710,183819,0.819759,211,0,9,,0.1,7,0,0.1,2,0,0,5.45239,0,,750,663,,0,0,0,1
1613755038276,6,1010123456031,76,,1,0,6,1,2,,16.6916,736,183067,0.714976,203,0,8.5,,0,0,0,0,0,0,0,0,0,,750,666,,0,0,0,0
1613755038526,6,1010123456031,76,,1,0,6,1,2,,16.7259,748,184494,0.776448,216,0,8.71429,,0,0,0,0,0,0,0,0,0,,750,687,,0,0,0,0
1613755038776,6,1010123456031,76,,1,0,6,1,2,,12.9188,702,183865,0.5608,194,0,6.33333,,0,3,0,0.1,1,0,0,0,31,,750,633,,0,0,0,0
1613755039026,6,1010123456031,76,,1,0,6,1,2,,14.0622,724,183195,0.621184,215,0,7.5,,13.0857,140,0,0.1,46,86.9565,0,5.11105,31,,750,690,,0,0,0,8.84286
1613755039276,6,1010123456031,76,,1,0,6,1,2,,16.6116,793,183476,0.818602,224,0,8.33333,,0,0,0,0,0,0,0,0,0,,750,720,,0,0,0,0
1613755039526,6,1010123456031,76,,1,0,6,1,2,,17.6995,762,184407,0.814688,219,0,8.71429,,0,0,0,0,0,0,0,0,0,,750,696,,0,0,0,0
1613755039776,6,1010123456031,76,,1,0,6,1,2,,18.6996,779,184238,0.930602,219,0,10,,0,15,0,0.1,5,80,0,0,0,,750,708,,0,0,0,0
1613755040026,6,1010123456031,76,,1,0,6,1,2,,15.2126,748,182981,0.72624,215,0,7.5,,0,3,0,0.1,1,0,0,0,31,,750,681,,0,0,0,0
1613755040276,6,1010123456031,76,,1,0,6,1,2,,17.2907,750,183564,0.791133,212,0,8.83333,,0,0,0,0,0,0,0,0,0,,750,684,,0,0,0,0
1613755040526,6,1010123456031,76,,1,0,6,1,2,,15.3862,725,184154,0.70098,208,0,7.57143,,0,0,0,0,0,0,0,0,0,,750,669,,0,0,0,0
1613755040776,6,1010123456031,76,,1,0,6,1,2,,17.5578,597,183161,0.650272,173,0,9,,0.1,4,0,0.1,1,0,0,3.89375,31,,750,561,,0,0,0,1
1613755041026,6,1010123456031,76,,1,0,6,1,2,,17.9063,736,184143,0.816256,212,0,9,,0.1,41,0,0.1,12,0,0,6.69896,0,,750,678,,0,0,0,1.29268
1613755041276,6,1010123456031,76,,1,0,6,1,2,,17.9569,765,184108,0.853719,220,0,9,,0,0,0,0,0,0,0,0,0,,750,705,,0,0,0,0
1613755041526,6,1010123456031,76,,1,0,6,1,2,,13.1922,765,184212,0.637912,221,0,7.28571,,0,0,0,0,0,0,0,0,0,,750,705,,0,0,0,0
1613755041776,6,1010123456031,76,,1,0,6,1,2,,14.7605,739,183653,0.680128,214,0,7.5,,0,0,0,0,0,0,0,0,0,,750,672,,0,0,0,0
1613755042026,6,1010123456031,76,,1,0,6,1,2,,14.3321,789,183420,0.687422,226,0,7.5,,1.32353,34,0,0.1,10,0,0,15.4593,31,,750,729,,0,0,0,1.23529
1613755042276,6,1010123456031,76,,1,0,6,1,2,,17.6327,784,183462,0.837312,224,0,9,,0,0,0,0,0,0,0,0,0,,750,711,,0,0,0,0
1613755042526,6,1010123456031,76,,1,0,6,1,2,,19.1738,771,183731,0.995296,223,0,9.42857,,0,0,0,0,0,0,0,0,0,,750,711,,0,0,0,0
1613755042776,6,1010123456031,76,,1,0,6,1,2,,16.9743,740,183484,0.755936,211,0,9,,8.25,28,0,0.1,8,50,0,3.85399,31,,750,675,,0,0,0,6.28571
1613755043026,6,1010123456031,76,,1,0,6,1,2,,17.9399,749,184286,0.84543,218,0,9,,0.1,4,0,0.1,1,0,0,1.94686,0,,750,687,,0,0,0,1
1613755043276,6,1010123456031,76,,1,0,6,1,2,,17.9649,770,184487,0.834281,215,0,9,,0,0,0,0,0,0,0,0,0,,750,699,,0,0,0,0
1613755043526,6,1010123456031,76,,1,0,6,1,2,,17.5408,773,183928,0.832672,221,0,8.85714,,0,0,0,0,0,0,0,0,0,,750,693,,0,0,0,0
1613755043776,6,1010123456031,76,,1,0,6,1,2,,14.862,768,183939,0.686368,217,0,8.2,,0.1,4,426,0.1,1,0,0,3.55553,31,,750,702,,0,0,0,1
1613755044026,6,1010123456031,76,,1,0,6,1,2,,16.0401,748,183350,0.813344,219,0,7.2,,8.90909,66,0,0.1,21,57.1429,0,9.88621,0,,750,690,,0,0,0,5.56061
1613755044276,6,1010123456031,76,,1,0,6,1,2,,16.7907,712,183127,0.708768,199,0,8.66667,,0,0,0,0,0,0,0,0,0,,750,648,,0,0,0,0
1613755044526,6,1010123456031,76,,1,0,6,1,2,,15.161,764,183226,0.716352,218,0,8.14286,,0,0,0,0,0,0,0,0,0,,750,696,,0,0,0,0
1613755044776,6,1010123456031,76,,1,0,6,1,2,,16.9284,754,182989,0.763584,212,0,8.5,,0,0,0,0,0,0,0,0,0,,750,675,,0,0,0,0
1613755045026,6,1010123456031,76,,1,0,6,1,2,,16.767,631,183833,0.667181,186,0,8.5,,10.3077,26,0,0.1,7,57.1429,0,8.53886,31,,750,567,,0,0,0,6.84615
1613755045276,6,1010123456031,76,,1,0,6,1,2,,17.9644,759,183071,0.80384,208,0,9,,0,0,0,0,0,0,0,0,0,,750,681,,0,0,0,0
1613755045526,6,1010123456031,76,,1,0,6,1,2,,12.6569,717,182969,0.584128,205,0,7.42857,,0,0,0,0,0,0,0,0,0,,750,657,,0,0,0,0
1613755045776,6,1010123456031,76,,1,0,6,1,2,,17.9774,797,183766,0.885333,228,0,9,,7.27273,33,0,0.1,9,44.4444,0,7.80092,31,,750,720,,0,0,0,5.36364
1613755046026,6,1010123456031,76,,1,0,6,1,2,,14.4189,721,184282,0.652787,206,0,7.5,,0.1,4,0,0.1,1,0,0,3.22048,31,,750,672,,0,0,0,1
1613755046276,6,1010123456031,76,,1,0,6,1,2,,17.6041,735,182931,0.808928,215,0,9,,0,0,0,0,0,0,0,0,0,,750,675,,0,0,0,0
1613755046526,6,1010123456031,76,,1,0,6,1,2,,16.7889,758,183969,0.776672,215,0,7.57143,,0,0,0,0,0,0,0,0,0,,750,696,,0,0,0,0
1613755046776,6,1010123456031,76,,1,0,6,1,2,,12.2526,760,183883,0.563598,212,0,7.66667,,0.1,31,0,0.1,9,0,0,2.23473,31,,750,684,,0,0,0,1.80645
1613755047026,6,1010123456031,76,,1,0,6,1,2,,15.5699,772,183580,0.757664,221,0,8,,0,0,0,0,0,0,0,0,0,,750,702,,0,0,0,0
1613755047276,6,1010123456031,76,,1,0,6,1,2,,17.1065,798,183816,0.864161,225,0,8.8,,0,0,0,0,0,0,0,0,0,,750,723,,0,0,0,0
1613755047526,6,1010123456031,76,,1,0,6,1,2,,17.9888,807,184013,0.897792,232,0,9,,0,0,0,0,0,0,0,0,0,,750,738,,0,0,0,0
1613755047776,6,1010123456031,76,,1,0,6,1,2,,15.1137,739,183418,0.683456,208,0,7.66667,,0,0,0,0,0,0,0,0,0,,750,675,,0,0,0,0
1613755048026,6,1010123456031,76,,1,0,6,1,2,,17.3141,761,183291,0.814816,219,0,8.83333,,9.3617,47,0,0.1,14,57.1429,0,9.49684,31,,750,699,,0,0,0,6.23404
1613755048276,6,1010123456031,76,,1,0,6,1,2,,17.3591,777,184311,0.81648,219,0,8.83333,,0,0,0,0,0,0,0,0,0,,750,708,,0,0,0,0
1613755048526,6,1010123456031,76,,1,0,6,1,2,,17.9276,746,183828,0.829408,215,0,9,,0,0,0,0,0,0,0,0,0,,750,681,,0,0,0,0
1613755048776,6,1010123456031,76,,1,0,6,1,2,,16.6782,752,184109,0.750651,212,0,8.4,,7.27273,33,0,0.1,9,55.5556,0,7.21205,31,,750,687,,0,0,0,6.45455
1613755049026,6,1010123456031,76,,1,0,6,1,2,,17.923,740,183393,0.844916,218,0,9,,0.1,4,0,0.1,1,0,0,0.966475,0,,750,675,,0,0,0,7
1613755049276,6,1010123456031,76,,1,0,6,1,2,,18.5887,795,183264,0.913984,222,0,9.5,,0,0,0,0,0,0,0,0,0,,750,717,,0,0,0,0
1613755049526,6,1010123456031,76,,1,0,6,1,2,,14.4049,783,183296,0.739616,225,0,7.71429,,0,0,0,0,0,0,0,0,0,,750,723,,0,0,0,0
1613755049776,6,1010123456031,76,,1,0,6,1,2,,17.5101,641,183726,0.715904,188,0,8.5,,6,30,0,0.1,9,44.4444,0,8.75407,31,,750,591,,0,0,0,4.73333
1613755050026,6,1010123456031,76,,1,0,6,1,2,,14.0637,754,184201,0.635296,213,0,7.66667,,0.1,8,0,0.1,2,0,0,16.9054,31,,750,690,,0,0,0,1
1613755050276,6,1010123456031,76,,1,0,6,1,2,,17.9402,803,183615,0.872129,225,0,9,,0,0,0,0,0,0,0,0,0,,750,714,,0,0,0,0
1613755050526,6,1010123456031,76,,1,0,6,1,2,,15.2069,783,184475,0.740851,223,0,7.71429,,0,0,0,0,0,0,0,0,0,,750,717,,0,0,0,0
1613755050776,6,1010123456031,76,,1,0,6,1,2,,16.8945,730,183318,0.754153,209,0,8.66667,,15,4,0,0.1,1,0,0,31.0363,31,,750,663,,0,0,0,1
1613755051026,6,1010123456031,76,,1,0,6,1,2,,17.8756,772,184291,0.871968,218,0,9.16667,,5.50943,53,0,0.1,15,40,0,9.57085,31,,750,696,,0,0,0,4.66038
1613755051276,6,1010123456031,76,,1,0,6,1,2,,17.2776,796,183329,0.834848,225,0,8.83333,,0,0,0,0,0,0,0,0,0,,750,723,,0,0,0,0
1613755051526,6,1010123456031,76,,1,0,6,1,2,,13.474,730,183678,0.634795,213,0,7.14286,,0,0,0,0,0,0,0,0,0,,750,675,,0,0,0,0
1613755051776,6,1010123456031,76,,1,0,6,1,2,,15.0133,754,183049,0.67547,217,0,8.16667,,0.1,4,0,0.1,1,0,0,20.4466,31,,750,693,,0,0,0,1
1613755052026,6,1010123456031,76,,1,0,6,1,2,,17.308,724,183612,0.788096,212,0,8.83333,,15.825,80,0,0.135424,26,84.6154,0,6.16455,31,,750,678,,0,0,0,8.5375
1613755052276,6,1010123456031,76,,1,0,6,1,2,,17.3238,772,183240,0.818474,219,0,8.83333,,0,0,0,0,0,0,0,0,0,,750,708,,0,0,0,0
1613755052526,6,1010123456031,76,,1,0,6,1,2,,17.8758,797,184211,0.882304,228,0,8.71429,,0,0,0,0,0,0,0,0,0,,750,720,,0,0,0,0
1613755052776,6,1010123456031,76,,1,0,6,1,2,,15.9175,776,183117,0.833312,219,0,8.5,,0.258065,31,0,0.1,9,0,0,3.53829,31,,750,702,,0,0,0,1.54839
1613755053026,6,1010123456031,76,,1,0,6,1,2,,17.9408,710,183189,0.803328,208,0,9,,0.1,4,0,0.1,1,0,0,1.24364,31,,750,669,,0,0,0,2
1613755053276,6,1010123456031,76,,1,0,6,1,2,,12.305,741,183229,0.574297,212,0,7,,0,0,0,0,0,0,0,0,0,,750,678,,0,0,0,0
1613755053526,6,1010123456031,76,,1,0,6,1,2,,17.9146,808,183977,0.889735,229,0,8.83333,,0,0,0,0,0,0,0,0,0,,750,729,,0,0,0,0
1613755053776,6,1010123456031,76,,1,0,6,1,2,,15.7529,765,183192,0.78144,218,0,8.16667,,0,3,0,0.1,1,0,0,0,31,,750,696,,0,0,0,0
1613755054026,6,1010123456031,76,,1,0,6,1,2,,17.9845,772,184207,0.866304,224,0,9,,10.2308,65,0,0.1,19,63.1579,0,7.39592,31,,750,717,,0,0,0,6.4
1613755054276,6,1010123456031,76,,1,0,6,1,2,,16.7644,781,184608,0.803888,221,0,8.66667,,0,0,0,0,0,0,0,0,0,,750,702,,0,0,0,0
1613755054526,6,1010123456031,76,,1,0,6,1,2,,17.6262,741,184073,0.8216,211,0,9.14286,,0,0,0,0,0,0,0,0,0,,750,672,,0,0,0,0
1613755054776,6,1010123456031,76,,1,0,6,1,2,,15.3949,790,183861,0.718944,223,0,8.4,,2,4,0,0.1,1,0,0,4.55456,31,,750,717,,0,0,0,1
1613755055026,6,1010123456031,76,,1,0,6,1,2,,16.4089,719,183610,0.728675,208,0,8.5,,0.1,20,0,0.1,6,0,0,12.5816,0,,750,672,,0,0,0,1
1613755055276,6,1010123456031,76,,1,0,6,1,2,,17.3081,779,183168,0.828594,222,0,8.83333,,0,0,0,0,0,0,0,0,0,,750,708,,0,0,0,0
1613755055526,6,1010123456031,76,,1,0,6,1,2,,12.5806,775,183857,0.597664,217,0,7,,0,0,0,0,0,0,0,0,0,,750,699,,0,0,0,0
1613755055776,6,1010123456031,76,,1,0,6,1,2,,17.9582,790,183472,0.861494,222,0,9,,7.27273,33,0,0.1,9,44.4444,0,8.34525,31,,750,717,,0,0,0,5.36364
1613755056026,6,1010123456031,76,,1,0,6,1,2,,14.068,750,184232,0.659116,215,0,7.33333,,0,0,0,0,0,0,0,0,0,,750,669,,0,0,0,0
1613755056276,6,1010123456031,76,,1,0,6,1,2,,17.9576,779,183846,0.853664,221,0,9,,0,0,0,0,0,0,0,0,0,,750,720,,0,0,0,0
1613755056526,6,1010123456031,76,,1,0,6,1,2,,18.6478,741,184193,0.887008,215,0,9.33333,,0,0,0,0,0,0,0,0,0,,750,687,,0,0,0,0
1613755056776,6,1010123456031,76,,1,0,6,1,2,,15.2413,746,184184,0.723181,216,0,8,,0.1,34,0,0.1,9,0,0,9.01586,31,,750,693,,0,0,0,1.58824
1613755057027,6,1010123456031,76,,1,0,6,1,2,,16.3682,774,184446,0.825088,226,0,7.5,,0,0,0,0,0,0,0,0,0,,750,726,,0,0,0,0
1613755057276,6,1010123456031,76,,1,0,6,1,2,,16.6863,797,184005,0.795952,226,0,9,,0,0,0,0,0,0,0,0,0,,750,717,,0,0,0,0
1613755057526,6,1010123456031,76,,1,0,6,1,2,,17.0052,769,184321,0.804145,221,0,8.71429,,0,0,0,0,0,0,0,0,0,,750,705,,0,0,0,0
1613755057776,6,1010123456031,76,,1,0,6,1,2,,15.3397,730,183934,0.690602,207,0,8,,8.63636,33,0,0.1,9,44.4444,0,7.51458,31,,750,651,,0,0,0,5.9697
1613755058026,6,1010123456031,76,,1,0,6,1,2,,17.9303,732,183671,0.814329,210,0,9,,0.1,4,0,0.1,1,0,0,29.3042,31,,750,681,,0,0,0,1
1613755058276,6,1010123456031,76,,1,0,6,1,2,,17.0606,792,184471,0.824032,227,0,8.66667,,0,0,0,0,0,0,0,0,0,,750,726,,0,0,0,0
1613755058526,6,1010123456031,76,,1,0,6,1,2,,17.8959,701,183659,0.79592,205,0,8.85714,,0,0,0,0,0,0,0,0,0,,750,657,,0,0,0,0
1613755058776,6,1010123456031,76,,1,0,6,1,2,,14.285,765,183308,0.669664,219,0,7.83333,,0,0,0,0,0,0,0,0,0,,750,699,,0,0,0,0
1613755059026,6,1010123456031,76,,1,0,6,1,2,,17.9755,735,184429,0.823133,212,0,9,,10,21,0,0.1,6,66.6667,0,2.86709,31,,750,678,,0,0,0,7
1613755059276,6,1010123456031,76,,1,0,6,1,2,,14.4118,782,183694,0.702522,222,0,7.5,,0,0,0,0,0,0,0,0,0,,750,714,,0,0,0,0
1613755059526,6,1010123456031,76,,1,0,6,1,2,,14.873,748,183061,0.682944,214,0,8.14286,,0,0,0,0,0,0,0,0,0,,750,687,,0,0,0,0
1613755059776,6,1010123456031,76,,1,0,6,1,2,,17.9324,754,183995,0.826506,213,0,9,,0,0,0,0,0,0,0,0,0,,750,684,,0,0,0,0
1613755060026,6,1010123456031,76,,1,0,6,1,2,,16.4116,724,183550,0.730249,209,0,8.5,,5.27027,37,0,0.1,11,45.4545,0,10.8428,31,,750,669,,0,0,0,4.97297
1613755060276,6,1010123456031,76,,1,0,6,1,2,,17.9661,708,183824,0.79592,205,0,9,,0,0,0,0,0,0,0,0,0,,750,654,,0,0,0,0
1613755060526,6,1010123456031,76,,1,0,6,1,2,,12.5271,719,182934,0.565205,208,0,7.14286,,0,0,0,0,0,0,0,0,0,,750,660,,0,0,0,0
1613755060776,6,1010123456031,76,,1,0,6,1,2,,17.2853,750,184275,0.80592,217,0,8.83333,,0,3,0,0.1,1,0,0,0,31,,750,696,,0,0,0,0
1613755061026,6,1010123456031,76,,1,0,6,1,2,,15.6719,768,183816,0.741815,225,0,8,,0.1,27,0,0.1,8,0,0,6.81518,0,,750,720,,0,0,0,1.25926
1613755061276,6,1010123456031,76,,1,0,6,1,2,,16.6336,715,184383,0.7408,206,0,8.66667,,0,0,0,0,0,0,0,0,0,,750,666,,0,0,0,0
1613755061526,6,1010123456031,76,,1,0,6,1,2,,16.9738,726,183447,0.7431,207,0,8.71429,,0,0,0,0,0,0,0,0,0,,750,663,,0,0,0,0
1613755061776,6,1010123456031,76,,1,0,6,1,2,,17.9886,790,183032,0.866816,224,0,9,,0,0,0,0,0,0,0,0,0,,750,708,,0,0,0,0
1613755062026,6,1010123456031,76,,1,0,6,1,2,,17.9222,771,182930,0.856512,222,0,9,,12.9024,41,0,0.1,12,66.6667,0,9.65673,31,,750,717,,0,0,0,6.92683
1613755062276,6,1010123456031,76,,1,0,6,1,2,,17.9772,789,183908,0.91104,222,0,9.16667,,0,0,0,0,0,0,0,0,0,,750,705,,0,0,0,0
1613755062526,6,1010123456031,76,,1,0,6,1,2,,17.6265,771,183234,0.846944,219,0,7.85714,,0,0,0,0,0,0,0,0,0,,750,705,,0,0,0,0
1613755062776,6,1010123456031,76,,1,0,6,1,2,,14.598,786,183437,0.705478,226,0,8.83333,,0,0,0,0,0,0,0,0,0,,750,717,,0,0,0,0
1613755063026,6,1010123456031,76,,1,0,6,1,2,,15.2598,739,184085,0.69376,212,0,7.5,,15.382,89,0,0.153152,29,82.7586,0,5.39706,31,,750,684,,0,0,0,8.44944
1613755063276,6,1010123456031,76,,1,0,6,1,2,,15.447,707,183100,0.733792,197,0,8.16667,,0,0,0,0,0,0,0,0,0,,750,642,,0,0,0,0
1613755063526,6,1010123456031,76,,1,0,6,1,2,,17.4676,802,183071,0.852096,228,0,9.14286,,0,0,0,0,0,0,0,0,0,,750,723,,0,0,0,0
1613755063777,6,1010123456031,76,,1,0,6,1,2,,16.8129,775,184154,0.880892,222,0,8.16667,,6.92308,26,0,0.1,8,50,0,5.54133,31,,750,702,,0,0,0,5.15385
1613755064026,6,1010123456031,76,,1,0,6,1,2,,17.9173,762,184168,0.844402,218,0,9,,0,3,0,0.1,1,0,0,0,0,,750,705,,0,0,0,0
1613755064276,6,1010123456031,76,,1,0,6,1,2,,15.9377,771,183985,0.792896,222,0,7.66667,,0,0,0,0,0,0,0,0,0,,750,708,,0,0,0,0
1613755064526,6,1010123456031,76,,1,0,6,1,2,,16.7766,761,184445,0.773847,220,0,8.85714,,0,0,0,0,0,0,0,0,0,,750,693,,0,0,0,0
1613755064776,6,1010123456031,76,,1,0,6,1,2,,18,713,183139,0.79376,205,0,9,,0.1,30,0,0.1,9,11.1111,0,6.59876,31,,750,660,,0,0,0,2.3
1613755065026,6,1010123456031,76,,1,0,6,1,2,,18.8036,728,183480,0.895582,211,0,9.5,,0,0,0,0,0,0,0,0,0,,750,678,,0,0,0,0
1613755065276,6,1010123456031,76,,1,0,6,1,2,,17.9366,757,184179,0.837664,217,0,9,,0,0,0,0,0,0,0,0,0,,750,684,,0,0,0,0
1613755065526,6,1010123456031,76,,1,0,6,1,2,,14.5667,690,184326,0.612851,193,0,7.71429,,0,0,0,0,0,0,0,0,0,,750,624,,0,0,0,0
1613755065776,6,1010123456031,76,,1,0,6,1,2,,17.9076,747,183493,0.830592,216,0,9,,0.1,31,0,0.1,9,0,0,5.86138,31,,750,681,,0,0,0,1.22581
1613755066026,6,1010123456031,76,,1,0,6,1,2,,11.2524,725,183957,0.54188,209,0,5.66667,,0,0,0,0,0,0,0,0,0,,750,675,,0,0,0,0
1613755066276,6,1010123456031,76,,1,0,6,1,2,,16.7655,772,184079,0.798329,225,0,9,,15,4,0,0.1,1,0,0,21.8192,31,,750,702,,0,0,0,1
1613755066526,6,1010123456031,76,,1,0,6,1,2,,17.9257,767,184195,0.838176,217,0,9,,0,0,0,0,0,0,0,0,0,,750,705,,0,0,0,0
1613755066776,6,1010123456031,76,,1,0,6,1,2,,19.5149,707,184211,0.943264,205,0,9.83333,,0,3,0,0,1,100,0,0,0,,750,648,,0,0,0,0
1613755067026,6,1010123456031,76,,1,0,6,1,2,,17.9473,740,184309,0.864353,223,0,9,,8.72093,43,0,0.1,12,58.3333,0,6.91017,31,,750,708,,0,0,0,6.23256
1613755067276,6,1010123456031,76,,1,0,6,1,2,,18.4274,730,183003,0.879584,209,0,9.33333,,0,0,0,0,0,0,0,0,0,,750,678,,0,0,0,0
1613755067526,6,1010123456031,76,,1,0,6,1,2,,17.9846,778,184135,0.874185,225,0,9,,0,0,0,0,0,0,0,0,0,,750,714,,0,0,0,0
1613755067776,6,1010123456031,76,,1,0,6,1,2,,18.6352,751,183325,0.921574,216,0,9.33333,,6,30,0,0.1,9,44.4444,0,9.49184,31,,750,699,,0,0,0,4.6
1613755068026,6,1010123456031,76,,1,0,6,1,2,,17.9349,737,184026,0.837141,216,0,9,,1.14286,7,0,0.1,2,0,0,4.97201,31,,750,684,,0,0,0,1
1613755068276,6,1010123456031,76,,1,0,6,1,2,,15.902,735,183571,0.72408,209,0,7.4,,0,0,0,0,0,0,0,0,0,,750,678,,0,0,0,0
1613755068526,6,1010123456031,76,,1,0,6,1,2,,17.3233,699,183801,0.758586,203,0,8.85714,,0,0,0,0,0,0,0,0,0,,750,645,,0,0,0,0
1613755068776,6,1010123456031,76,,1,0,6,1,2,,14.8213,722,183914,0.740112,210,0,7.16667,,0.1,4,0,0.1,1,0,0,31.1921,31,,750,672,,0,0,0,1
1613755069026,6,1010123456031,76,,1,0,6,1,2,,16.5262,745,183556,0.749526,215,0,9,,7.77778,27,0,0.1,8,50,0,2.99222,0,,750,696,,0,0,0,5.66667
1613755069276,6,1010123456031,76,,1,0,6,1,2,,15.0892,807,183909,0.747328,228,0,7.66667,,0,0,0,0,0,0,0,0,0,,750,726,,0,0,0,0
1613755069526,6,1010123456031,76,,1,0,6,1,2,,15.0651,783,183300,0.747104,227,0,7.85714,,0,0,0,0,0,0,0,0,0,,750,720,,0,0,0,0
1613755069776,6,1010123456031,76,,1,0,6,1,2,,18.6073,769,183844,0.879904,219,0,9.83333,,2.2963,27,0,0.1,8,0,0,12.2262,31,,750,702,,0,0,0,1.22222
1613755070026,6,1010123456031,76,,1,0,6,1,2,,16.0119,756,184018,0.852819,218,0,8,,0.1,4,0,0.1,1,0,0,3.01943,31,,750,699,,0,0,0,1
1613755070276,6,1010123456031,76,,1,0,6,1,2,,17.923,779,183315,0.86864,225,0,9,,0,0,0,0,0,0,0,0,0,,750,714,,0,0,0,0
1613755070526,6,1010123456031,76,,1,0,6,1,2,,12.4491,746,183437,0.618602,212,0,7,,0,0,0,0,0,0,0,0,0,,750,684,,0,0,0,0
1613755070776,6,1010123456031,76,,1,0,6,1,2,,17.2092,736,184620,0.786313,210,0,8.83333,,0.1,31,0,0.1,9,0,0,5.92956,31,,750,666,,0,0,0,1.45161
1613755071026,6,1010123456031,76,,1,0,6,1,2,,13.2804,731,184140,0.612851,211,0,6.5,,0,0,0,0,0,0,0,0,0,,750,675,,0,0,0,0
1613755071276,6,1010123456031,76,,1,0,6,1,2,,16.6671,709,183444,0.721125,205,0,9,,0,0,0,0,0,0,0,0,0,,750,660,,0,0,0,0
1613755071526,6,1010123456031,76,,1,0,6,1,2,,12.6629,712,183944,0.554217,204,0,7.16667,,0,0,0,0,0,0,0,0,0,,750,660,,0,0,0,0
1613755071776,6,1010123456031,76,,1,0,6,1,2,,18.9093,761,183128,0.925558,216,0,9.5,,11.25,16,0,0.1,5,80,0,3.17403,0,,750,696,,0,0,0,8.75
1613755072026,6,1010123456031,76,,1,0,6,1,2,,17.8465,723,184025,0.838976,218,0,9,,0,3,0,0.1,1,0,0,0,31,,750,678,,0,0,0,0
1613755072276,6,1010123456031,76,,1,0,6,1,2,,18.1492,724,183996,0.841952,207,0,9.33333,,0,0,0,0,0,0,0,0,0,,750,678,,0,0,0,0
1613755072526,6,1010123456031,76,,1,0,6,1,2,,17.0644,761,184004,0.827534,221,0,7.5,,0,0,0,0,0,0,0,0,0,,750,705,,0,0,0,0
1613755072776,6,1010123456031,76,,1,0,6,1,2,,14.3715,759,183691,0.66159,218,0,8.66667,,9.23077,26,0,0.1,7,57.1429,0,5.96182,31,,750,705,,0,0,0,6.88462
1613755073027,6,1010123456031,76,,1,0,6,1,2,,17.9401,751,182963,0.83328,216,0,9,,0.1,11,0,0.1,3,0,0,10.3599,31,,750,693,,0,0,0,1.36364
1613755073276,6,1010123456031,76,,1,0,6,1,2,,14.3068,805,183629,0.693912,226,0,7,,0,0,0,0,0,0,0,0,0,,750,720,,0,0,0,0
1613755073526,6,1010123456031,76,,1,0,6,1,2,,17.9235,745,183382,0.821664,213,0,9,,0,0,0,0,0,0,0,0,0,,750,678,,0,0,0,0
1613755073776,6,1010123456031,76,,1,0,6,1,2,,12.9691,777,183573,0.64196,219,0,6,,0,3,0,0.1,1,0,0,0,31,,750,702,,0,0,0,0
1613755074026,6,1010123456031,76,,1,0,6,1,2,,15.9623,770,183694,0.731808,219,0,9,,8,30,0,0.1,8,50,0,6.13756,0,,750,699,,0,0,0,5.9
1613755074276,6,1010123456031,76,,1,0,6,1,2,,17.1199,767,184036,0.80996,218,0,8.6,,0,0,0,0,0,0,0,0,0,,750,693,,0,0,0,0
1613755074526,6,1010123456031,76,,1,0,6,1,2,,13.8268,785,183019,0.645952,222,0,7.57143,,0,0,0,0,0,0,0,0,0,,750,714,,0,0,0,0
1613755074776,6,1010123456031,76,,1,0,6,1,2,,16.8682,713,183975,0.728544,203,0,8.66667,,7.27273,33,0,0.1,9,44.4444,0,9.13159,31,,750,651,,0,0,0,5.36364
1613755075026,6,1010123456031,76,,1,0,6,1,2,,16.2686,659,183264,0.644819,186,0,8.5,,0,3,0,0.1,1,0,0,0,31,,750,600,,0,0,0,0
1613755075276,6,1010123456031,76,,1,0,6,1,2,,17.9777,807,183945,0.874048,226,0,9,,0,0,0,0,0,0,0,0,0,,750,726,,0,0,0,0
1613755075526,6,1010123456031,76,,1,0,6,1,2,,16.0636,755,183611,0.748672,220,0,8.42857,,0,0,0,0,0,0,0,0,0,,750,684,,0,0,0,0
1613755075776,6,1010123456031,76,,1,0,6,1,2,,17.9646,763,184163,0.814843,210,0,9,,0,3,0,0.1,1,0,0,0,31,,750,693,,0,0,0,0
1613755076026,6,1010123456031,76,,1,0,6,1,2,,18.5361,720,183099,0.852016,207,0,9.4,,6.71429,42,0,0.1,12,33.3333,0,11.0076,0,,750,654,,0,0,0,4.42857
1613755076276,6,1010123456031,76,,1,0,6,1,2,,17.9885,782,184348,0.850816,220,0,9,,0,0,0,0,0,0,0,0,0,,750,714,,0,0,0,0
1613755076526,6,1010123456031,76,,1,0,6,1,2,,14.9462,780,184218,0.730153,222,0,7.71429,,0,0,0,0,0,0,0,0,0,,750,705,,0,0,0,0
1613755076776,6,1010123456031,76,,1,0,6,1,2,,16.6185,734,183253,0.737536,208,0,8.83333,,0,0,0,0,0,0,0,0,0,,750,669,,0,0,0,0
1613755077026,6,1010123456031,76,,1,0,6,1,2,,17.5722,720,183998,0.791808,208,0,8.83333,,8,30,0,0.1,9,44.4444,0,11.9383,31,,750,672,,0,0,0,4.6
1613755077276,6,1010123456031,76,,1,0,6,1,2,,16.9615,728,183808,0.759036,209,0,8.83333,,0,0,0,0,0,0,0,0,0,,750,672,,0,0,0,0
1613755077526,6,1010123456031,76,,1,0,6,1,2,,17.9841,753,184211,0.846972,218,0,9,,0,0,0,0,0,0,0,0,0,,750,699,,0,0,0,0
1613755077776,6,1010123456031,76,,1,0,6,1,2,,15.4801,754,183099,0.704928,217,0,8.16667,,0.1,27,0,0.1,8,0,0,6.76772,31,,750,681,,0,0,0,1.51852
1613755078026,6,1010123456031,76,,1,0,6,1,2,,17.9324,710,183771,0.783968,203,0,9,,0.1,4,0,0.1,1,0,0,1.96171,31,,750,651,,0,0,0,2
1613755078276,6,1010123456031,76,,1,0,6,1,2,,17.052,750,183356,0.781632,212,0,8.6,,0,0,0,0,0,0,0,0,0,,750,675,,0,0,0,0
1613755078526,6,1010123456031,76,,1,0,6,1,2,,17.8075,748,183211,0.810144,215,0,9,,0,0,0,0,0,0,0,0,0,,750,681,,0,0,0,0
1613755078776,6,1010123456031,76,,1,0,6,1,2,,15.9918,735,184568,0.724864,212,0,8.16667,,6,30,0,0.1,9,44.4444,0,11.8908,31,,750,675,,0,0,0,4.9
1613755079026,6,1010123456031,76,,1,0,6,1,2,,17.363,719,183038,0.754249,204,0,9,,0.1,4,0,0.1,1,0,0,2.79577,31,,750,657,,0,0,0,3
1613755079276,6,1010123456031,76,,1,0,6,1,2,,17.9155,746,184238,0.809024,210,0,9,,0,0,0,0,0,0,0,0,0,,750,681,,0,0,0,0
1613755079526,6,1010123456031,76,,1,0,6,1,2,,15.0798,777,184016,0.775679,223,0,8.14286,,0,0,0,0,0,0,0,0,0,,750,714,,0,0,0,0
1613755079776,6,1010123456031,76,,1,0,6,1,2,,16.1504,718,183825,0.727936,209,0,8,,0.1,30,0,0.1,10,30,0,0.687556,31,,750,663,,0,0,0,5.5
1613755080026,6,1010123456031,76,,1,0,6,1,2,,17.985,800,183056,0.870688,225,0,9,,0,15,0,0,5,100,0,0,0,,750,720,,0,0,0,0
1613755080276,6,1010123456031,76,,1,0,6,1,2,,17.9517,745,183841,0.8232,213,0,9,,0,3,0,0.1,1,0,0,0,31,,750,684,,0,0,0,0
1613755080526,6,1010123456031,76,,1,0,6,1,2,,12.4439,793,184340,0.61902,225,0,6.66667,,0,0,0,0,0,0,0,0,0,,750,711,,0,0,0,0
1613755080776,6,1010123456031,76,,1,0,6,1,2,,17.8879,749,183907,0.811872,211,0,9,,0,3,0,0.1,1,0,0,0,31,,750,678,,0,0,0,0
1613755081026,6,1010123456031,76,,1,0,6,1,2,,10.2334,767,184320,0.491727,219,0,6.16667,,8,30,0,0.1,8,50,0,4.01066,0,,750,699,,0,0,0,6
1613755081276,6,1010123456031,76,,1,0,6,1,2,,17.6547,782,183065,0.834249,222,0,9,,0,0,0,0,0,0,0,0,0,,750,699,,0,0,0,0
1613755081526,6,1010123456031,76,,1,0,6,1,2,,18.6143,770,183340,0.994827,224,0,9.42857,,0,0,0,0,0,0,0,0,0,,750,711,,0,0,0,0
1613755081776,6,1010123456031,76,,1,0,6,1,2,,15.0242,744,183951,0.697799,213,0,7.66667,,7.27273,33,0,0.1,9,44.4444,0,4.70072,31,,750,675,,0,0,0,5.78788
1613755082026,6,1010123456031,76,,1,0,6,1,2,,17.9275,745,183455,0.825478,213,0,9,,0,3,0,0.1,1,0,0,0,0,,750,687,,0,0,0,0
1613755082276,6,1010123456031,76,,1,0,6,1,2,,13.4808,757,183345,0.62188,216,0,7.5,,0,0,0,0,0,0,0,0,0,,750,690,,0,0,0,0
1613755082526,6,1010123456031,76,,1,0,6,1,2,,18,760,183379,0.859149,221,0,9,,0,0,0,0,0,0,0,0,0,,750,705,,0,0,0,0
1613755082777,6,1010123456031,76,,1,0,6,1,2,,16.3446,737,184040,0.73936,213,0,8.4,,7.74194,31,0,0.1,8,62.5,0,5.28367,31,,750,675,,0,0,0,6.90323
1613755083026,6,1010123456031,76,,1,0,6,1,2,,17.9453,768,184023,0.857092,221,0,9,,0.1,7,0,0.1,2,0,0,3.82542,0,,750,708,,0,0,0,1
1613755083276,6,1010123456031,76,,1,0,6,1,2,,17.7523,763,183466,0.871518,220,0,9.16667,,0,0,0,0,0,0,0,0,0,,750,711,,0,0,0,0
1613755083527,6,1010123456031,76,,1,0,6,1,2,,17.9508,732,183172,0.81984,212,0,9,,0,0,0,0,0,0,0,0,0,,750,675,,0,0,0,0
1613755083777,6,1010123456031,76,,1,0,6,1,2,,17.9188,702,183961,0.7752,201,0,9,,7.27273,33,0,0.1,9,55.5556,0,6.52105,31,,750,648,,0,0,0,6.90909
1613755084026,6,1010123456031,76,,1,0,6,1,2,,18.8861,799,183075,0.983197,230,0,9.5,,0.1,7,0,0.1,2,0,0,4.54699,0,,750,729,,0,0,0,1
1613755084276,6,1010123456031,76,,1,0,6,1,2,,17.7749,742,183348,0.831807,214,0,9.16667,,0,0,0,0,0,0,0,0,0,,750,687,,0,0,0,0
1613755084526,6,1010123456031,76,,1,0,6,1,2,,18.0604,745,184136,0.905253,218,0,9.14286,,0,0,0,0,0,0,0,0,0,,750,681,,0,0,0,0
1613755084776,6,1010123456031,76,,1,0,6,1,2,,17.9354,743,183990,0.802667,207,0,9,,0.1,29,0,0.1,8,0,0,6.07789,31,,750,672,,0,0,0,1.24138
1613755085026,6,1010123456031,76,,1,0,6,1,2,,19.5966,776,184093,1.03843,225,0,9.83333,,0.1,4,0,0.1,1,0,0,4.59952,31,,750,723,,0,0,0,1
1613755085276,6,1010123456031,76,,1,0,6,1,2,,17.211,782,183304,0.832514,224,0,8.83333,,0,0,0,0,0,0,0,0,0,,750,717,,0,0,0,0
1613755085526,6,1010123456031,76,,1,0,6,1,2,,11.192,771,184353,0.550876,224,0,6.71429,,0,0,0,0,0,0,0,0,0,,750,714,,0,0,0,0
1613755085776,6,1010123456031,76,,1,0,6,1,2,,17.9506,729,184411,0.807068,208,0,9,,0,3,0,0.1,1,0,0,0,31,,750,666,,0,0,0,0
1613755086026,6,1010123456031,76,,1,0,6,1,2,,14.4259,789,184045,0.717984,227,0,7.6,,5.45161,31,0,0.124032,9,0,0,18.245,0,,750,723,,0,0,0,1.09677
1613755086276,6,1010123456031,76,,1,0,6,1,2,,18.386,759,183500,0.88061,213,0,9,,0,0,0,0,0,0,0,0,0,,750,681,,0,0,0,0
1613755086526,6,1010123456031,76,,1,0,6,1,2,,17.5905,718,184480,0.796096,206,0,8.14286,,0,0,0,0,0,0,0,0,0,,750,654,,0,0,0,0
1613755086776,6,1010123456031,76,,1,0,6,1,2,,12.1686,777,184200,0.564672,218,0,7.5,,0,3,0,0.1,1,0,0,0,31,,750,702,,0,0,0,0
1613755087026,6,1010123456031,76,,1,0,6,1,2,,15.1602,768,184024,0.753831,223,0,7.33333,,7.75862,29,0,0.1,8,50,0,7.11277,0,,750,711,,0,0,0,5.65517
1613755087276,6,1010123456031,76,,1,0,6,1,2,,13.4449,753,183399,0.614336,218,0,7.5,,0.1,4,0,0.1,1,0,0,23.1052,31,,750,699,,0,0,0,1
1613755087526,6,1010123456031,76,,1,0,6,1,2,,17.7318,716,183999,0.808096,208,0,7.85714,,0,0,0,0,0,0,0,0,0,,750,660,,0,0,0,0
1613755087776,6,1010123456031,76,,1,0,6,1,2,,15.6858,713,184357,0.699072,208,0,9,,8,30,0,0.1,9,44.4444,0,6.57761,31,,750,660,,0,0,0,4.7
1613755088026,6,1010123456031,76,,1,0,6,1,2,,17.9187,738,184108,0.805526,208,0,9,,0.1,4,0,0.1,1,0,0,5.98859,0,,750,678,,0,0,0,2
1613755088276,6,1010123456031,76,,1,0,6,1,2,,18.5133,752,184485,0.932627,212,0,9.5,,0,0,0,0,0,0,0,0,0,,750,684,,0,0,0,0
1613755088526,6,1010123456031,76,,1,0,6,1,2,,17.9116,781,184397,0.859872,223,0,9,,0,0,0,0,0,0,0,0,0,,750,705,,0,0,0,0
1613755088776,6,1010123456031,76,,1,0,6,1,2,,18.3163,765,183873,0.84528,215,0,9.6,,6.77419,31,0,0.1,9,55.5556,0,8.07876,31,,750,693,,0,0,0,5.93548
1613755089026,6,1010123456031,76,,1,0,6,1,2,,17.7371,719,183718,0.835584,208,0,8.66667,,0.1,7,0,0.1,2,0,0,5.71778,31,,750,663,,0,0,0,1
1613755089276,6,1010123456031,76,,1,0,6,1,2,,17.1643,773,183663,0.825703,222,0,8.66667,,0,0,0,0,0,0,0,0,0,,750,699,,0,0,0,0
1613755089526,6,1010123456031,76,,1,0,6,1,2,,15.0381,761,183516,0.709783,220,0,8,,0,0,0,0,0,0,0,0,0,,750,708,,0,0,0,0
1613755089776,6,1010123456031,76,,1,0,6,1,2,,17.9685,761,183584,0.850345,219,0,9,,2,4,0,0.1,1,0,0,28.1505,31,,750,702,,0,0,0,1
1613755090026,6,1010123456031,76,,1,0,6,1,2,,15.0079,758,183343,0.734554,223,0,7.66667,,11.7419,31,0,0.1,10,70,0,7.54708,0,,750,711,,0,0,0,7.29032
1613755090276,6,1010123456031,76,,1,0,6,1,2,,17.929,803,183969,0.878876,227,0,9,,0,0,0,0,0,0,0,0,0,,750,723,,0,0,0,0
1613755090527,6,1010123456031,76,,1,0,6,1,2,,17.9692,778,183685,0.862432,223,0,9,,0,0,0,0,0,0,0,0,0,,750,720,,0,0,0,0
1613755090776,6,1010123456031,76,,1,0,6,1,2,,17.9547,728,183623,0.807068,208,0,9,,8,30,0,0.1,8,50,0,4.76183,31,,750,669,,0,0,0,6.13333
1613755091026,6,1010123456031,76,,1,0,6,1,2,,18.445,755,184118,0.873189,218,0,9.5,,0,3,0,0.1,1,0,0,0,0,,750,693,,0,0,0,0
1613755091276,6,1010123456031,76,,1,0,6,1,2,,17.6604,751,184503,0.854272,216,0,8.83333,,0,0,0,0,0,0,0,0,0,,750,696,,0,0,0,0
1613755091526,6,1010123456031,76,,1,0,6,1,2,,17.2732,754,184314,0.831839,223,0,8.85714,,0,0,0,0,0,0,0,0,0,,750,702,,0,0,0,0
1613755091776,6,1010123456031,76,,1,0,6,1,2,,17.1753,713,183051,0.738624,202,0,8.66667,,0.1,4,0,0.1,1,0,0,20.4695,31,,750,663,,0,0,0,1
1613755092026,6,1010123456031,76,,1,0,6,1,2,,15.6405,687,183503,0.656128,198,0,8.33333,,7.5,28,0,0.1,8,50,0,3.56549,0,,750,630,,0,0,0,5.78571
1613755092276,6,1010123456031,76,,1,0,6,1,2,,17.8213,778,184293,0.886361,222,0,9.16667,,0,0,0,0,0,0,0,0,0,,750,702,,0,0,0,0
1613755092526,6,1010123456031,76,,1,0,6,1,2,,17.9483,754,183548,0.825478,213,0,9,,0,0,0,0,0,0,0,0,0,,750,687,,0,0,0,0
1613755092776,6,1010123456031,76,,1,0,6,1,2,,13.504,748,184072,0.681928,215,0,6.5,,0.1,4,0,0.1,1,0,0,3.32902,31,,750,669,,0,0,0,1
1613755093026,6,1010123456031,76,,1,0,6,1,2,,16.4668,722,184334,0.732851,208,0,9,,4.92308,39,0,0.1,11,36.3636,0,4.14057,0,,750,681,,0,0,0,3.97436
1613755093276,6,1010123456031,76,,1,0,6,1,2,,15.7962,795,183306,0.7511,222,0,8.33333,,0,0,0,0,0,0,0,0,0,,750,714,,0,0,0,0
1613755093526,6,1010123456031,76,,1,0,6,1,2,,17.9104,748,184293,0.824129,215,0,9,,0,0,0,0,0,0,0,0,0,,750,678,,0,0,0,0
1613755093776,6,1010123456031,76,,1,0,6,1,2,,11.3439,756,184034,0.547116,215,0,5.83333,,6.2069,29,0,0.1,9,44.4444,0,9.67403,31,,750,684,,0,0,0,4.72414
1613755094026,6,1010123456031,76,,1,0,6,1,2,,17.2976,709,184325,0.755759,207,0,9,,0,0,0,0,0,0,0,0,0,,750,654,,0,0,0,0
1613755094276,6,1010123456031,76,,1,0,6,1,2,,15.4557,790,184374,0.774592,224,0,7.66667,,0,0,0,0,0,0,0,0,0,,750,720,,0,0,0,0
1613755094527,6,1010123456031,76,,1,0,6,1,2,,16.4384,739,183258,0.740736,216,0,8,,0,0,0,0,0,0,0,0,0,,750,696,,0,0,0,0
1613755094776,6,1010123456031,76,,1,0,6,1,2,,16.7862,739,183125,0.841349,212,0,9.66667,,4.69811,53,0,0.1,16,37.5,0,10.6986,31,,750,684,,0,0,0,4.54717
1613755095026,6,1010123456031,76,,1,0,6,1,2,,13.2069,783,183440,0.71698,222,0,7.33333,,0,0,0,0,0,0,0,0,0,,750,702,,0,0,0,0
1613755095276,6,1010123456031,76,,1,0,6,1,2,,17.9607,764,183874,0.834816,216,0,9,,0,0,0,0,0,0,0,0,0,,750,690,,0,0,0,0
1613755095526,6,1010123456031,76,,1,0,6,1,2,,13.8755,715,184046,0.622651,206,0,7.42857,,0,0,0,0,0,0,0,0,0,,750,657,,0,0,0,0
1613755095776,6,1010123456031,76,,1,0,6,1,2,,17.3652,712,183730,0.766016,206,0,9,,8,30,0,0.1,9,44.4444,0,9.44609,31,,750,657,,0,0,0,4.73333
1613755096027,6,1010123456031,76,,1,0,6,1,2,,14.8257,763,183972,0.730677,221,0,7.33333,,0,3,0,0.1,1,0,0,0,31,,750,705,,0,0,0,0
1613755096276,6,1010123456031,76,,1,0,6,1,2,,10.7303,760,184398,0.495839,219,0,6.83333,,0,0,0,0,0,0,0,0,0,,750,705,,0,0,0,0
1613755096526,6,1010123456031,76,,1,0,6,1,2,,16.8769,780,184348,0.822554,226,0,8.42857,,0,0,0,0,0,0,0,0,0,,750,720,,0,0,0,0
1613755096776,6,1010123456031,76,,1,0,6,1,2,,13.997,673,184078,0.57147,193,0,8,,0.1,4,0,0.1,1,0,0,27.4187,31,,750,621,,0,0,0,1
1613755097026,6,1010123456031,76,,1,0,6,1,2,,16.5605,703,183919,0.725012,206,0,8.5,,8.61905,42,0,0.1,12,66.6667,0,3.72888,0,,750,663,,0,0,0,7
1613755097276,6,1010123456031,76,,1,0,6,1,2,,9.85294,748,182911,0.47412,215,0,6.2,,0,0,0,0,0,0,0,0,0,,750,681,,0,0,0,0
1613755097526,6,1010123456031,76,,1,0,6,1,2,,17.5407,749,184030,0.834056,216,0,8.14286,,0,0,0,0,0,0,0,0,0,,750,684,,0,0,0,0
1613755097776,6,1010123456031,76,,1,0,6,1,2,,13.018,779,184302,0.600064,223,0,8.16667,,0.1,4,0,0,1,100,0,0.999058,0,,750,714,,0,0,0,10
1613755098026,6,1010123456031,76,,1,0,6,1,2,,17.9874,716,183479,0.789376,204,0,9,,1.80645,31,0,0.1,9,0,0,9.97123,31,,750,657,,0,0,0,1.29032
1613755098276,6,1010123456031,76,,1,0,6,1,2,,11.4931,799,183719,0.56752,227,0,6,,0,0,0,0,0,0,0,0,0,,750,726,,0,0,0,0
1613755098526,6,1010123456031,76,,1,0,6,1,2,,18.343,758,184225,0.890024,214,0,9.42857,,0,0,0,0,0,0,0,0,0,,750,687,,0,0,0,0
1613755098776,6,1010123456031,76,,1,0,6,1,2,,17.1358,766,184472,0.805398,216,0,8.66667,,0.1,31,0,0.1,9,0,0,3.19811,31,,750,696,,0,0,0,1.41935
1613755099027,6,1010123456031,76,,1,0,6,1,2,,16.2733,783,183770,0.778008,226,0,8.66667,,0,0,0,0,0,0,0,0,0,,750,720,,0,0,0,0
1613755099276,6,1010123456031,76,,1,0,6,1,2,,14.8773,709,184471,0.67306,201,0,7.5,,0,0,0,0,0,0,0,0,0,,750,645,,0,0,0,0
1613755099526,6,1010123456031,76,,1,0,6,1,2,,15.7837,763,184060,0.706464,217,0,8.57143,,0,0,0,0,0,0,0,0,0,,750,690,,0,0,0,0
1613755099776,6,1010123456031,76,,1,0,6,1,2,,17.9351,740,184030,0.814329,210,0,9,,8.03704,27,0,0.1,8,62.5,0,9.61634,31,,750,669,,0,0,0,6.48148
1613755100026,6,1010123456031,76,,1,0,6,1,2,,13.2336,762,184192,0.610368,218,0,7,,0,3,0,0.1,1,0,0,0,0,,750,702,,0,0,0,0
1613755100276,6,1010123456031,76,,1,0,6,1,2,,17.9203,715,183083,0.798265,206,0,9,,0,0,0,0,0,0,0,0,0,,750,663,,0,0,0,0
1613755100526,6,1010123456031,76,,1,0,6,1,2,,12.9829,703,183233,0.579791,204,0,7.28571,,0,0,0,0,0,0,0,0,0,,750,657,,0,0,0,0
1613755100776,6,1010123456031,76,,1,0,6,1,2,,16.7522,783,183192,0.806072,225,0,8.83333,,0.1,4,0,0.1,1,0,0,29.7937,31,,750,723,,0,0,0,1
1613755101026,6,1010123456031,76,,1,0,6,1,2,,15.0289,726,184116,0.710304,211,0,7.33333,,8.66667,42,0,0.1,12,66.6667,0,3.27035,0,,750,681,,0,0,0,7.33333
1613755101276,6,1010123456031,76,,1,0,6,1,2,,15.9895,759,183191,0.717976,215,0,8.83333,,0,0,0,0,0,0,0,0,0,,750,690,,0,0,0,0
1613755101526,6,1010123456031,76,,1,0,6,1,2,,15.1786,767,183366,0.725783,218,0,7.5,,0,0,0,0,0,0,0,0,0,,750,696,,0,0,0,0
1613755101777,6,1010123456031,76,,1,0,6,1,2,,13.2802,753,183413,0.606502,219,0,7.66667,,2.59524,42,0,0.1,12,16.6667,0,8.93214,31,,753,699,,0,0,0,3.57143
1613755102026,6,1010123456031,76,,1,0,6,1,2,,17.9835,726,183439,0.815258,209,0,9,,2,8,0,0,2,100,0,0.901617,0,,747,672,,0,0,0,10
1613755102276,6,1010123456031,76,,1,0,6,1,2,,13.2714,711,184590,0.590779,204,0,7.16667,,0,0,0,0,0,0,0,0,0,,750,657,,0,0,0,0
1613755102526,6,1010123456031,76,,1,0,6,1,2,,17.243,753,183467,0.793344,216,0,8.85714,,0,0,0,0,0,0,0,0,0,,750,693,,0,0,0,0
1613755102776,6,1010123456031,76,,1,0,6,1,2,,12.2,720,184404,0.54853,203,0,6.33333,,0.1,4,40,0.1,1,0,0,3.81582,31,,750,645,,0,0,0,1
1613755103026,6,1010123456031,76,,1,0,6,1,2,,17.9018,703,183560,0.789664,205,0,9,,7.71429,49,0,0.1,15,26.6667,0,21.2765,0,,750,651,,0,0,0,3.20408
1613755103276,6,1010123456031,76,,1,0,6,1,2,,16.467,743,183705,0.797655,207,0,8.33333,,0,0,0,0,0,0,0,0,0,,750,675,,0,0,0,0
1613755103526,6,1010123456031,76,,1,0,6,1,2,,16.6676,722,184411,0.748723,208,0,8.71429,,0,0,0,0,0,0,0,0,0,,750,657,,0,0,0,0
1613755103776,6,1010123456031,76,,1,0,6,1,2,,17.5861,732,184183,0.831936,206,0,8.66667,,2.76,50,0,0.1,14,28.5714,0,8.06285,31,,750,660,,0,0,0,3.92
1613755104026,6,1010123456031,76,,1,0,6,1,2,,15.9164,754,183192,0.742683,213,0,8.83333,,0,6,0,0,2,100,0,0,0,,750,684,,0,0,0,0
1613755104276,6,1010123456031,76,,1,0,6,1,2,,18.7153,713,183023,0.886336,202,0,9,,0,0,0,0,0,0,0,0,0,,750,657,,0,0,0,0
1613755104526,6,1010123456031,76,,1,0,6,1,2,,17.0775,800,182961,0.864225,227,0,9.16667,,0,0,0,0,0,0,0,0,0,,750,717,,0,0,0,0
1613755104776,6,1010123456031,76,,1,0,6,1,2,,17.9104,804,183854,0.870586,225,0,9,,0,0,0,0,0,0,0,0,0,,750,717,,0,0,0,0
1613755105026,6,1010123456031,76,,1,0,6,1,2,,15.468,735,184169,0.733696,212,0,7.33333,,4.28571,42,0,0.1,12,33.3333,0,6.75016,31,,750,681,,0,0,0,3.7619
1613755105276,6,1010123456031,76,,1,0,6,1,2,,13.6784,765,183255,0.623968,217,0,7.66667,,0,0,0,0,0,0,0,0,0,,750,693,,0,0,0,0
1613755105526,6,1010123456031,76,,1,0,6,1,2,,15.326,727,183579,0.674345,207,0,8.4,,0,0,0,0,0,0,0,0,0,,750,660,,0,0,0,0
1613755105776,6,1010123456031,76,,1,0,6,1,2,,13.8072,773,184409,0.632128,218,0,7.83333,,0,0,0,0,0,0,0,0,0,,750,690,,0,0,0,0
1613755106026,6,1010123456031,76,,1,0,6,1,2,,17.3415,738,183238,0.801735,214,0,8.83333,,4.58333,36,0,0.1,11,36.3636,0,8.67581,31,,750,690,,0,0,0,3.75
1613755106276,6,1010123456031,76,,1,0,6,1,2,,15.4241,764,183328,0.721028,216,0,8,,0,0,0,0,0,0,0,0,0,,750,690,,0,0,0,0
1613755106526,6,1010123456031,76,,1,0,6,1,2,,16.8933,731,183920,0.744321,207,0,8.71429,,0,0,0,0,0,0,0,0,0,,750,660,,0,0,0,0
1613755106776,6,1010123456031,76,,1,0,6,1,2,,19.543,733,183298,0.956787,206,0,9.83333,,0,0,0,0,0,0,0,0,0,,750,669,,0,0,0,0
1613755107026,6,1010123456031,76,,1,0,6,1,2,,16.6773,719,183962,0.749141,209,0,8.66667,,7.27273,33,0,0.1,9,44.4444,0,7.89209,31,,750,669,,0,0,0,5.72727
1613755107276,6,1010123456031,76,,1,0,6,1,2,,14.9973,743,183626,0.718528,210,0,8,,0,0,0,0,0,0,0,0,0,,750,678,,0,0,0,0
1613755107526,6,1010123456031,76,,1,0,6,1,2,,17.2813,736,183138,0.786474,211,0,8.85714,,0,0,0,0,0,0,0,0,0,,750,672,,0,0,0,0
1613755107776,6,1010123456031,76,,1,0,6,1,2,,16.6092,714,184328,0.885494,201,0,7.83333,,0,0,0,0,0,0,0,0,0,,750,651,,0,0,0,0
1613755108027,6,1010123456031,76,,1,0,6,1,2,,15.5942,764,183344,0.72239,221,0,8.83333,,0.1,28,0,0.1,8,0,0,10.2748,31,,750,699,,0,0,0,1
1613755108276,6,1010123456031,76,,1,0,6,1,2,,15.0874,721,183249,0.695036,203,0,7.5,,0,0,0,0,0,0,0,0,0,,750,654,,0,0,0,0
1613755108526,6,1010123456031,76,,1,0,6,1,2,,14.7911,761,183563,0.682667,220,0,7.85714,,0,0,0,0,0,0,0,0,0,,750,702,,0,0,0,0
1613755108776,6,1010123456031,76,,1,0,6,1,2,,17.1997,766,183769,0.82512,217,0,8,,8.55556,27,0,0.1,8,50,0,5.08757,31,,750,693,,0,0,0,5.66667
1613755109026,6,1010123456031,76,,1,0,6,1,2,,16.6134,701,183098,0.713092,205,0,9,,0.666667,6,0,0.1,2,0,0,5.68867,31,,750,666,,0,0,0,1
1613755109276,6,1010123456031,76,,1,0,6,1,2,,17.413,736,183376,0.793472,212,0,8.83333,,0,0,0,0,0,0,0,0,0,,750,678,,0,0,0,0
1613755109526,6,1010123456031,76,,1,0,6,1,2,,12.9874,715,183666,0.570848,207,0,7.28571,,0,0,0,0,0,0,0,0,0,,750,669,,0,0,0,0
1613755109776,6,1010123456031,76,,1,0,6,1,2,,17.8963,781,183230,0.863744,224,0,9,,0.1,40,0,0.1,11,18.1818,0,5.25958,31,,750,711,,0,0,0,2.575
1613755110026,6,1010123456031,76,,1,0,6,1,2,,17.933,701,183161,0.819052,205,0,9.16667,,0,0,0,0,0,0,0,0,0,,750,651,,0,0,0,0
1613755110276,6,1010123456031,76,,1,0,6,1,2,,17.186,758,183783,0.778592,211,0,8.83333,,0,0,0,0,0,0,0,0,0,,750,669,,0,0,0,0
1613755110526,6,1010123456031,76,,1,0,6,1,2,,17.8723,752,183382,0.82988,214,0,8.85714,,0,0,0,0,0,0,0,0,0,,750,684,,0,0,0,0
1613755110776,6,1010123456031,76,,1,0,6,1,2,,16.2853,757,183816,0.751552,218,0,8.66667,,15.9091,22,0,0.1,6,66.6667,0,13.8998,31,,750,687,,0,0,0,8.5
1613755111026,6,1010123456031,76,,1,0,6,1,2,,17.954,717,183872,0.798779,206,0,9,,15,12,0,0.1,3,66.6667,0,10.0501,31,,750,672,,0,0,0,7
1613755111276,6,1010123456031,76,,1,0,6,1,2,,16.9922,774,184347,0.791133,218,0,8.66667,,0,3,0,0.1,1,0,0,0,31,,750,702,,0,0,0,0
1613755111526,6,1010123456031,76,,1,0,6,1,2,,17.9655,782,184197,0.865792,224,0,9,,0,0,0,0,0,0,0,0,0,,750,708,,0,0,0,0
1613755111776,6,1010123456031,76,,1,0,6,1,2,,14.8896,779,183739,0.68347,221,0,7.83333,,15,4,0,0.1,1,0,0,22.4418,31,,750,714,,0,0,0,1
1613755112026,6,1010123456031,76,,1,0,6,1,2,,17.9168,721,183958,0.798432,207,0,9,,15.5714,35,0,0.1,9,88.8889,0,9.21163,0,,750,654,,0,0,0,9.22857
1613755112276,6,1010123456031,76,,1,0,6,1,2,,17.3554,726,183458,0.775036,207,0,8.83333,,0,0,0,0,0,0,0,0,0,,750,666,,0,0,0,0
1613755112526,6,1010123456031,76,,1,0,6,1,2,,17.9515,742,183296,0.822618,212,0,9,,0,0,0,0,0,0,0,0,0,,750,672,,0,0,0,0
1613755112776,6,1010123456031,76,,1,0,6,1,2,,17.046,696,184087,0.72544,200,0,8.66667,,0,0,0,0,0,0,0,0,0,,750,651,,0,0,0,0
1613755113026,6,1010123456031,76,,1,0,6,1,2,,15.1602,749,183239,0.706378,214,0,7.66667,,8.64912,57,0,0.1,17,47.0588,0,9.18642,31,,750,687,,0,0,0,5.42105
1613755113276,6,1010123456031,76,,1,0,6,1,2,,15.6022,812,184215,0.796928,228,0,8,,0,3,0,0.1,1,0,0,0,31,,750,732,,0,0,0,0
1613755113526,6,1010123456031,76,,1,0,6,1,2,,12.5887,705,183729,0.541815,203,0,6.57143,,0,0,0,0,0,0,0,0,0,,750,645,,0,0,0,0
1613755113776,6,1010123456031,76,,1,0,6,1,2,,15.3026,793,184136,0.73057,223,0,9,,15,4,0,0.1,1,0,0,30.6462,31,,750,714,,0,0,0,1
1613755114026,6,1010123456031,76,,1,0,6,1,2,,15.2424,722,184237,0.668416,210,0,8.16667,,7.55172,29,0,0.1,9,44.4444,0,9.25301,31,,750,675,,0,0,0,4.72414
1613755114276,6,1010123456031,76,,1,0,6,1,2,,16.5975,728,183435,0.748851,208,0,8.66667,,0,0,0,0,0,0,0,0,0,,750,663,,0,0,0,0
1613755114526,6,1010123456031,76,,1,0,6,1,2,,13.9541,676,184302,0.602956,193,0,8.14286,,0,0,0,0,0,0,0,0,0,,750,621,,0,0,0,0
1613755114776,6,1010123456031,76,,1,0,6,1,2,,16.0996,793,183856,0.758656,224,0,8.8,,8.63636,33,0,0.1,9,44.4444,0,8.59942,31,,750,717,,0,0,0,5.36364
1613755115026,6,1010123456031,76,,1,0,6,1,2,,16.8308,721,184061,0.769767,211,0,8.66667,,0,0,0,0,0,0,0,0,0,,750,672,,0,0,0,0
1613755115276,6,1010123456031,76,,1,0,6,1,2,,10.944,803,183911,0.527036,224,0,6,,0,0,0,0,0,0,0,0,0,,750,723,,0,0,0,0
1613755115526,6,1010123456031,76,,1,0,6,1,2,,17.9527,761,183046,0.848803,219,0,9,,0,0,0,0,0,0,0,0,0,,750,690,,0,0,0,0
1613755115776,6,1010123456031,76,,1,0,6,1,2,,13.8654,743,184507,0.61298,207,0,7.5,,6.92308,26,0,0.1,8,50,0,5.56057,31,,750,675,,0,0,0,5.46154
1613755116026,6,1010123456031,76,,1,0,6,1,2,,17.6105,665,184307,0.817831,193,0,9.33333,,10.3529,17,0,0.1,6,66.6667,0,8.33463,31,,750,615,,0,0,0,6.82353
1613755116276,6,1010123456031,76,,1,0,6,1,2,,17.3001,733,183757,0.781376,210,0,8.8,,0,0,0,0,0,0,0,0,0,,750,672,,0,0,0,0
1613755116526,6,1010123456031,76,,1,0,6,1,2,,17.4058,764,183728,0.806908,215,0,8.85714,,0,0,0,0,0,0,0,0,0,,750,690,,0,0,0,0
1613755116776,6,1010123456031,76,,1,0,6,1,2,,13.3342,757,183811,0.648707,215,0,6.16667,,0,3,0,0.1,1,0,0,0,31,,750,690,,0,0,0,0
1613755117026,6,1010123456031,76,,1,0,6,1,2,,13.5937,736,183696,0.607261,213,0,7.5,,14.3607,61,0,0.132948,21,76.1905,0,8.23376,0,,750,684,,0,0,0,7.34426
1613755117276,6,1010123456031,76,,1,0,6,1,2,,14.8299,723,183962,0.657896,203,0,7.66667,,0,0,0,0,0,0,0,0,0,,750,651,,0,0,0,0
1613755117526,6,1010123456031,76,,1,0,6,1,2,,15.8568,754,183384,0.780224,214,0,8.28571,,0,0,0,0,0,0,0,0,0,,750,687,,0,0,0,0
1613755117777,6,1010123456031,76,,1,0,6,1,2,,17.7079,801,183711,0.862088,228,0,9.33333,,7.03125,32,0,0.1,9,44.4444,0,9.41341,31,,750,723,,0,0,0,5.21875
1613755118026,6,1010123456031,76,,1,0,6,1,2,,12.9961,779,184109,0.691438,223,0,6.83333,,0,3,0,0.1,1,0,0,0,31,,750,717,,0,0,0,0
1613755118276,6,1010123456031,76,,1,0,6,1,2,,17.6968,752,183851,0.807743,213,0,9,,0,0,0,0,0,0,0,0,0,,750,678,,0,0,0,0
1613755118526,6,1010123456031,76,,1,0,6,1,2,,14.1527,766,184210,0.661696,218,0,7.85714,,0,0,0,0,0,0,0,0,0,,750,696,,0,0,0,0
1613755118776,6,1010123456031,76,,1,0,6,1,2,,17.2268,745,183447,0.795566,214,0,8.83333,,0,0,0,0,0,0,0,0,0,,750,672,,0,0,0,0
1613755119026,6,1010123456031,76,,1,0,6,1,2,,12.6317,714,183901,0.556273,204,0,7,,9,35,0,0.1,10,50,0,11.089,31,,750,666,,0,0,0,5.8
1613755119276,6,1010123456031,76,,1,0,6,1,2,,17.2465,718,184013,0.754859,203,0,8.83333,,0,0,0,0,0,0,0,0,0,,750,654,,0,0,0,0
1613755119526,6,1010123456031,76,,1,0,6,1,2,,16.7819,720,183294,0.758715,207,0,7.71429,,0,0,0,0,0,0,0,0,0,,750,648,,0,0,0,0
1613755119776,6,1010123456031,76,,1,0,6,1,2,,15.5959,730,184166,0.685783,207,0,8.33333,,7,30,0,0.1,9,44.4444,0,8.3525,31,,750,666,,0,0,0,5.2
1613755120026,6,1010123456031,76,,1,0,6,1,2,,17.514,749,183617,0.815454,217,0,9,,0,2,0,0.1,1,0,0,0,31,,750,702,,0,0,0,0
1613755120276,6,1010123456031,76,,1,0,6,1,2,,12.3433,766,183470,0.547149,216,0,7,,0,3,0,0.1,1,0,0,0,31,,750,687,,0,0,0,0
1613755120526,6,1010123456031,76,,1,0,6,1,2,,17.1262,745,184333,0.781847,215,0,8.85714,,0,0,0,0,0,0,0,0,0,,750,678,,0,0,0,0
1613755120776,6,1010123456031,76,,1,0,6,1,2,,14.3975,795,183294,0.69488,223,0,7.5,,0,3,0,0,1,100,0,0,0,,750,711,,0,0,0,0
1613755121027,6,1010123456031,76,,1,0,6,1,2,,17.9885,785,183230,0.859584,222,0,9,,8.4375,16,0,0.1,5,60,0,9.49118,31,,750,714,,0,0,0,6.0625
1613755121276,6,1010123456031,76,,1,0,6,1,2,,16.7072,765,183920,0.902233,216,0,8.33333,,0,0,0,0,0,0,0,0,0,,750,684,,0,0,0,0
1613755121526,6,1010123456031,76,,1,0,6,1,2,,16.2879,712,184276,0.676288,202,0,8.57143,,0,0,0,0,0,0,0,0,0,,750,645,,0,0,0,0
1613755121776,6,1010123456031,76,,1,0,6,1,2,,16.9485,777,184340,0.829696,220,0,8,,0,0,0,0,0,0,0,0,0,,750,702,,0,0,0,0
1613755122026,6,1010123456031,76,,1,0,6,1,2,,15.8324,734,184108,0.700177,213,0,8.83333,,8.63636,33,0,0.1,9,44.4444,0,8.41438,31,,750,687,,0,0,0,5.36364
1613755122276,6,1010123456031,76,,1,0,6,1,2,,17.0987,750,183799,0.781622,210,0,8.66667,,0,0,0,0,0,0,0,0,0,,750,669,,0,0,0,0
1613755122526,6,1010123456031,76,,1,0,6,1,2,,17.8494,737,184047,0.79245,209,0,9,,0,0,0,0,0,0,0,0,0,,750,669,,0,0,0,0
1613755122776,6,1010123456031,76,,1,0,6,1,2,,15.8919,666,183720,0.634176,190,0,8.6,,0,3,0,0.1,1,0,0,0,31,,750,603,,0,0,0,0
1613755123026,6,1010123456031,76,,1,0,6,1,2,,12.3652,679,184040,0.52392,199,0,6.66667,,15.4091,88,0,0.109815,28,85.7143,0,6.23994,0,,750,639,,0,0,0,8.46591
1613755123276,6,1010123456031,76,,1,0,6,1,2,,17.0209,766,183024,0.787232,217,0,8.83333,,0,0,0,0,0,0,0,0,0,,750,696,,0,0,0,0
1613755123526,6,1010123456031,76,,1,0,6,1,2,,16.5352,738,184317,0.778272,209,0,8.57143,,0,0,0,0,0,0,0,0,0,,750,663,,0,0,0,0
1613755123776,6,1010123456031,76,,1,0,6,1,2,,14.6883,693,183262,0.602176,196,0,8,,0,0,0,0,0,0,0,0,0,,750,630,,0,0,0,0
1613755124026,6,1010123456031,76,,1,0,6,1,2,,11.4382,769,184595,0.553824,219,0,7,,4,45,0,0.1,13,23.0769,0,6.16331,31,,750,693,,0,0,0,3.37778
1613755124276,6,1010123456031,76,,1,0,6,1,2,,17.206,762,183383,0.7704,213,0,9,,0,0,0,0,0,0,0,0,0,,750,693,,0,0,0,0
1613755124526,6,1010123456031,76,,1,0,6,1,2,,17.6509,782,183774,0.862008,222,0,8.14286,,0,0,0,0,0,0,0,0,0,,750,702,,0,0,0,0
1613755124776,6,1010123456031,76,,1,0,6,1,2,,12.2271,753,183923,0.566843,213,0,7.2,,0,0,0,0,0,0,0,0,0,,750,681,,0,0,0,0
1613755125026,6,1010123456031,76,,1,0,6,1,2,,16.2751,687,184179,0.698688,202,0,8.66667,,4.60465,43,0,0.1,12,8.33333,0,14.9206,31,,750,645,,0,0,0,2.2093
1613755125277,6,1010123456031,76,,1,0,6,1,2,,13.1099,728,184656,0.675665,209,0,7.33333,,0,0,0,0,0,0,0,0,0,,750,669,,0,0,0,0
1613755125526,6,1010123456031,76,,1,0,6,1,2,,16.8785,757,183463,0.788691,222,0,8.85714,,0,0,0,0,0,0,0,0,0,,750,699,,0,0,0,0
1613755125776,6,1010123456031,76,,1,0,6,1,2,,17.2979,715,183356,0.751614,202,0,8.83333,,6.42105,38,0,0.1,11,36.3636,0,8.76119,31,,750,648,,0,0,0,4.02632
1613755126026,6,1010123456031,76,,1,0,6,1,2,,17.2781,730,184524,0.798394,214,0,8.83333,,0,3,0,0.1,1,0,0,0,31,,750,666,,0,0,0,0
1613755126276,6,1010123456031,76,,1,0,6,1,2,,13.9933,748,184113,0.638592,208,0,7.16667,,0,0,0,0,0,0,0,0,0,,750,678,,0,0,0,0
1613755126526,6,1010123456031,76,,1,0,6,1,2,,13.2591,660,183916,0.526394,188,0,7.57143,,0,0,0,0,0,0,0,0,0,,750,603,,0,0,0,0
1613755126776,6,1010123456031,76,,1,0,6,1,2,,17.7689,714,183312,0.771984,200,0,8.83333,,0,3,0,0.1,1,0,0,0,31,,750,657,,0,0,0,0
1613755127026,6,1010123456031,76,,1,0,6,1,2,,17.533,773,183673,0.838908,223,0,9,,5.57143,42,0,0.1,12,25,0,10.6871,0,,750,714,,0,0,0,3.57143
1613755127276,6,1010123456031,76,,1,0,6,1,2,,16.7345,727,184317,0.745152,206,0,8.66667,,0,0,0,0,0,0,0,0,0,,750,651,,0,0,0,0
1613755127526,6,1010123456031,76,,1,0,6,1,2,,14.1213,734,183789,0.643277,210,0,7.71429,,0,0,0,0,0,0,0,0,0,,750,666,,0,0,0,0
1613755127776,6,1010123456031,76,,1,0,6,1,2,,17.9253,763,183192,0.821076,212,0,9,,0,3,0,0.1,1,0,0,0,31,,750,690,,0,0,0,0
1613755128026,6,1010123456031,76,,1,0,6,1,2,,15.5708,734,183797,0.694976,212,0,8.16667,,14.3684,19,0,0.1,6,66.6667,0,22.7516,0,,750,681,,0,0,0,6.68421
1613755128276,6,1010123456031,76,,1,0,6,1,2,,17.9602,753,183267,0.8232,213,0,9,,0,0,0,0,0,0,0,0,0,,750,681,,0,0,0,0
1613755128526,6,1010123456031,76,,1,0,6,1,2,,19.4764,785,183527,1.03412,223,0,9.71429,,0,0,0,0,0,0,0,0,0,,750,702,,0,0,0,0
1613755128776,6,1010123456031,76,,1,0,6,1,2,,14.4584,781,184294,0.694144,220,0,7.33333,,0,0,0,0,0,0,0,0,0,,750,711,,0,0,0,0
1613755129026,6,1010123456031,76,,1,0,6,1,2,,16.4701,753,183460,0.768,216,0,9.16667,,0,12,0,0,4,100,0,0,0,,750,684,,0,0,0,0
1613755129276,6,1010123456031,76,,1,0,6,1,2,,13.1333,690,184094,0.616386,199,0,7.4,,0.787879,33,0,0.1,10,30,0,2.48181,31,,750,642,,0,0,0,4.66667
1613755129526,6,1010123456031,76,,1,0,6,1,2,,17.984,749,183300,0.847486,218,0,9,,0,0,0,0,0,0,0,0,0,,750,690,,0,0,0,0
1613755129776,6,1010123456031,76,,1,0,6,1,2,,14.7251,764,183081,0.667149,217,0,8,,6,30,0,0.1,9,44.4444,0,9.74449,31,,750,702,,0,0,0,4.6
1613755130026,6,1010123456031,76,,1,0,6,1,2,,17.9199,749,183549,0.844916,218,0,9,,0,0,0,0,0,0,0,0,0,,750,699,,0,0,0,0
1613755130276,6,1010123456031,76,,1,0,6,1,2,,14.5459,795,184396,0.688546,229,0,8,,0,0,0,0,0,0,0,0,0,,750,729,,0,0,0,0
1613755130526,6,1010123456031,76,,1,0,6,1,2,,17.1961,714,182911,0.769024,208,0,8.85714,,0,0,0,0,0,0,0,0,0,,750,663,,0,0,0,0
1613755130776,6,1010123456031,76,,1,0,6,1,2,,16.1012,741,184306,0.76944,213,0,8.8,,0.1,4,0,0.1,1,0,0,20.7066,31,,750,687,,0,0,0,1
1613755131026,6,1010123456031,76,,1,0,6,1,2,,16.3752,765,184386,0.75139,219,0,9,,6.2069,29,0,0.1,9,44.4444,0,7.77728,31,,750,699,,0,0,0,4.72414
1613755131276,6,1010123456031,76,,1,0,6,1,2,,14.8396,767,183123,0.708594,219,0,7.4,,2,4,0,0.1,1,0,0,2.86848,31,,750,705,,0,0,0,1
1613755131527,6,1010123456031,76,,1,0,6,1,2,,15.6197,760,184518,0.717673,221,0,8.5,,0,0,0,0,0,0,0,0,0,,750,702,,0,0,0,0
1613755131776,6,1010123456031,76,,1,0,6,1,2,,17.153,778,184228,0.835245,225,0,8.66667,,0,3,0,0,1,100,0,0,0,,750,714,,0,0,0,0
1613755132026,6,1010123456031,76,,1,0,6,1,2,,12.0041,728,183518,0.538208,205,0,6.33333,,1.8,25,0,0.1,8,0,0,9.27972,31,,750,660,,0,0,0,1.48
1613755132276,6,1010123456031,76,,1,0,6,1,2,,17.3978,724,183280,0.777863,207,0,8.83333,,0,0,0,0,0,0,0,0,0,,750,660,,0,0,0,0
1613755132526,6,1010123456031,76,,1,0,6,1,2,,17.3742,791,184074,0.870972,223,0,9,,0,0,0,0,0,0,0,0,0,,750,717,,0,0,0,0
1613755132776,6,1010123456031,76,,1,0,6,1,2,,17.285,758,182883,0.802024,215,0,8.83333,,0.1,4,0,0.1,1,0,0,29.3146,31,,750,690,,0,0,0,1
1613755133026,6,1010123456031,76,,1,0,6,1,2,,12.9658,702,184534,0.596627,202,0,6,,7.72093,43,0,0.1,12,16.6667,0,18.7102,0,,750,645,,0,0,0,2.25581
1613755133276,6,1010123456031,76,,1,0,6,1,2,,15.4721,754,184272,0.693984,215,0,8.66667,,0,0,0,0,0,0,0,0,0,,750,687,,0,0,0,0
1613755133526,6,1010123456031,76,,1,0,6,1,2,,18.1176,740,183709,0.872835,215,0,9.33333,,0,0,0,0,0,0,0,0,0,,750,684,,0,0,0,0
1613755133776,6,1010123456031,76,,1,0,6,1,2,,14.2542,767,183538,0.683791,221,0,7.66667,,15,14,0,0,4,100,0,3.34241,0,,750,699,,0,0,0,10
1613755134026,6,1010123456031,76,,1,0,6,1,2,,17.9649,770,183271,0.86192,223,0,9,,5.63636,22,0,0.1,6,16.6667,0,16.9373,31,,750,711,,0,0,0,2.81818
1613755134276,6,1010123456031,76,,1,0,6,1,2,,16.0429,700,184197,0.681992,198,0,8.16667,,0,0,0,0,0,0,0,0,0,,750,636,,0,0,0,0
1613755134526,6,1010123456031,76,,1,0,6,1,2,,17.8452,775,183243,0.848289,219,0,8.85714,,0,0,0,0,0,0,0,0,0,,750,693,,0,0,0,0
1613755134776,6,1010123456031,76,,1,0,6,1,2,,13.209,737,184123,0.589269,209,0,7.16667,,6.77419,31,0,0.1,9,55.5556,0,4.06437,31,,750,669,,0,0,0,6.19355
1613755135026,6,1010123456031,76,,1,0,6,1,2,,17.4697,694,183063,0.75072,200,0,8.83333,,0.1,6,0,0.1,2,0,0,4.28089,0,,750,633,,0,0,0,1
1613755135276,6,1010123456031,76,,1,0,6,1,2,,13.2928,789,184295,0.655872,222,0,7,,0,0,0,0,0,0,0,0,0,,750,717,,0,0,0,0
1613755135526,6,1010123456031,76,,1,0,6,1,2,,16.7967,728,183201,0.72336,207,0,8.85714,,0,0,0,0,0,0,0,0,0,,750,657,,0,0,0,0
1613755135776,6,1010123456031,76,,1,0,6,1,2,,17.2111,777,184483,0.830811,223,0,8.66667,,2.06452,31,0,0.1,9,0,0,11.3733,31,,750,702,,0,0,0,1
1613755136027,6,1010123456031,76,,1,0,6,1,2,,16.8445,759,183367,0.782112,217,0,9,,0,3,0,0.1,1,0,0,0,31,,750,705,,0,0,0,0
1613755136277,6,1010123456031,76,,1,0,6,1,2,,15.324,750,183236,0.744128,216,0,7.66667,,0,0,0,0,0,0,0,0,0,,750,696,,0,0,0,0
1613755136526,6,1010123456031,76,,1,0,6,1,2,,14.5069,726,183780,0.631229,207,0,7.85714,,0,0,0,0,0,0,0,0,0,,750,660,,0,0,0,0
1613755136776,6,1010123456031,76,,1,0,6,1,2,,17.3309,674,183679,0.723168,195,0,9,,8.63636,33,0,0.1,9,55.5556,0,6.01491,31,,750,624,,0,0,0,6.66667
1613755137026,6,1010123456031,76,,1,0,6,1,2,,15.6239,694,183295,0.674635,200,0,7.2,,0.1,4,0,0.1,1,0,0,0.762159,0,,750,651,,0,0,0,2
1613755137276,6,1010123456031,76,,1,0,6,1,2,,17.4771,719,183933,0.780691,207,0,8.83333,,0,0,0,0,0,0,0,0,0,,750,669,,0,0,0,0
1613755137527,6,1010123456031,76,,1,0,6,1,2,,14.6579,760,183994,0.690848,221,0,7.28571,,0,0,0,0,0,0,0,0,0,,750,705,,0,0,0,0
1613755137776,6,1010123456031,76,,1,0,6,1,2,,11.6163,701,183120,0.495357,202,0,7.66667,,0.1,32,0,0.1,9,0,0,2.58221,31,,750,648,,0,0,0,1.34375
1613755138026,6,1010123456031,76,,1,0,6,1,2,,17.8436,761,184175,0.874763,215,0,9.16667,,0,0,0,0,0,0,0,0,0,,750,696,,0,0,0,0
1613755138276,6,1010123456031,76,,1,0,6,1,2,,15.0143,770,182900,0.70294,217,0,7.66667,,0,0,0,0,0,0,0,0,0,,750,693,,0,0,0,0
1613755138526,6,1010123456031,76,,1,0,6,1,2,,14.9292,791,184113,0.740896,225,0,7.28571,,0,0,0,0,0,0,0,0,0,,750,723,,0,0,0,0
1613755138776,6,1010123456031,76,,1,0,6,1,2,,12.8201,756,183338,0.590297,213,0,7.66667,,0.1,4,0,0.1,1,0,0,4.62918,31,,750,678,,0,0,0,1
1613755139026,6,1010123456031,76,,1,0,6,1,2,,16.7447,748,184213,0.785799,218,0,8.6,,3.75862,29,0,0.1,8,0,0,17.1618,0,,750,696,,0,0,0,1.13793
1613755139276,6,1010123456031,76,,1,0,6,1,2,,13.7227,750,183846,0.633831,216,0,7.5,,0,0,0,0,0,0,0,0,0,,750,699,,0,0,0,0
1613755139526,6,1010123456031,76,,1,0,6,1,2,,17.3789,768,183148,0.83698,223,0,8.85714,,0,0,0,0,0,0,0,0,0,,750,705,,0,0,0,0
1613755139776,6,1010123456031,76,,1,0,6,1,2,,15.9725,692,184381,0.685751,200,0,8,,0,0,0,0,0,0,0,0,0,,750,642,,0,0,0,0
1613755140027,6,1010123456031,76,,1,0,6,1,2,,17.3816,739,183356,0.784383,214,0,9,,13.9091,11,0,0.1,3,0,0,29.1556,31,,750,684,,0,0,0,1
1613755140276,6,1010123456031,76,,1,0,6,1,2,,12.6237,784,183654,0.633767,220,0,6.66667,,0,0,0,0,0,0,0,0,0,,750,714,,0,0,0,0
1613755140526,6,1010123456031,76,,1,0,6,1,2,,14.096,781,183796,0.64996,222,0,7.71429,,0,0,0,0,0,0,0,0,0,,750,702,,0,0,0,0
1613755140777,6,1010123456031,76,,1,0,6,1,2,,16.8085,726,184193,0.737056,205,0,8.8,,8.90625,32,0,0.1,9,44.4444,0,7.98754,31,,750,660,,0,0,0,5.5
1613755141026,6,1010123456031,76,,1,0,6,1,2,,18.2496,713,183955,0.875438,212,0,9.33333,,0.1,4,0,0.1,1,0,0,34.8042,0,,750,675,,0,0,0,1
1613755141276,6,1010123456031,76,,1,0,6,1,2,,17.3487,760,183882,0.80408,215,0,8.83333,,0,0,0,0,0,0,0,0,0,,750,684,,0,0,0,0
1613755141526,6,1010123456031,76,,1,0,6,1,2,,15.3059,742,184340,0.757622,216,0,8.42857,,0,0,0,0,0,0,0,0,0,,750,684,,0,0,0,0
1613755141776,6,1010123456031,76,,1,0,6,1,2,,17.0348,719,184409,0.759232,206,0,8.66667,,0,0,0,0,0,0,0,0,0,,750,657,,0,0,0,0
1613755142026,6,1010123456031,76,,1,0,6,1,2,,18.9886,703,183426,0.929376,207,0,9.83333,,8.82353,34,0,0.1,9,44.4444,0,6.63299,31,,750,663,,0,0,0,5.23529
1613755142276,6,1010123456031,76,,1,0,6,1,2,,17.9337,679,183470,0.748241,193,0,9,,0,0,0,0,0,0,0,0,0,,750,624,,0,0,0,0
1613755142526,6,1010123456031,76,,1,0,6,1,2,,17.5987,745,183271,0.830208,216,0,8,,0,0,0,0,0,0,0,0,0,,750,696,,0,0,0,0
1613755142776,6,1010123456031,76,,1,0,6,1,2,,15.5724,739,184351,0.710908,213,0,9,,0.1,4,0,0.1,1,0,0,20.8938,31,,750,675,,0,0,0,1
1613755143027,6,1010123456031,76,,1,0,6,1,2,,14.8668,736,183688,0.71968,216,0,7.33333,,5.89286,28,0,0.1,9,55.5556,0,6.79893,0,,750,684,,0,0,0,5.78571
1613755143276,6,1010123456031,76,,1,0,6,1,2,,13.0109,734,183313,0.561735,206,0,7.33333,,0,0,0,0,0,0,0,0,0,,750,663,,0,0,0,0
1613755143526,6,1010123456031,76,,1,0,6,1,2,,17.1854,712,183824,0.760289,204,0,8.71429,,0,0,0,0,0,0,0,0,0,,750,639,,0,0,0,0
1613755143776,6,1010123456031,76,,1,0,6,1,2,,17.3583,748,183173,0.821312,212,0,9.16667,,0.1,4,0,0.1,1,0,0,29.9876,31,,750,684,,0,0,0,1
1613755144026,6,1010123456031,76,,1,0,6,1,2,,14.1147,706,183505,0.618378,203,0,7.16667,,15.3855,83,0,0.1,27,88.8889,0,3.62016,31,,750,657,,0,0,0,9.13253
1613755144276,6,1010123456031,76,,1,0,6,1,2,,13.1698,754,184096,0.593414,212,0,7.16667,,0,0,0,0,0,0,0,0,0,,750,678,,0,0,0,0
1613755144526,6,1010123456031,76,,1,0,6,1,2,,17.2116,742,183477,0.793606,213,0,8.71429,,0,0,0,0,0,0,0,0,0,,750,669,,0,0,0,0
1613755144777,6,1010123456031,76,,1,0,6,1,2,,11.6339,773,184094,0.548,219,0,7.6,,0.1,4,0,0.1,1,0,0,22.7664,31,,750,708,,0,0,0,1
1613755145026,6,1010123456031,76,,1,0,6,1,2,,16.5345,711,183612,0.743743,209,0,8.66667,,6.92308,26,0,0.1,8,50,0,7.8542,0,,750,669,,0,0,0,5.15385
1613755145276,6,1010123456031,76,,1,0,6,1,2,,16.6433,799,183656,0.79804,223,0,8.66667,,0,0,0,0,0,0,0,0,0,,750,720,,0,0,0,0
1613755145526,6,1010123456031,76,,1,0,6,1,2,,16.9842,759,184573,0.781056,216,0,8.71429,,0,0,0,0,0,0,0,0,0,,750,690,,0,0,0,0
1613755145776,6,1010123456031,76,,1,0,6,1,2,,16.9822,787,184270,0.846265,224,0,7.66667,,0.1,4,17,0.1,1,0,0,3.40167,31,,750,714,,0,0,0,1
1613755146026,6,1010123456031,76,,1,0,6,1,2,,10.037,730,183216,0.449189,209,0,6.66667,,0.1,24,0,0.1,7,0,0,7.2917,0,,750,675,,0,0,0,1
1613755146276,6,1010123456031,76,,1,0,6,1,2,,16.1343,752,183767,0.739136,214,0,8.5,,0,0,0,0,0,0,0,0,0,,750,684,,0,0,0,0
1613755146526,6,1010123456031,76,,1,0,6,1,2,,13.3902,697,183755,0.593542,204,0,7.28571,,0,0,0,0,0,0,0,0,0,,750,654,,0,0,0,0
1613755146777,6,1010123456031,76,,1,0,6,1,2,,17.2651,777,183145,0.820398,224,0,8.83333,,15,4,0,0.1,1,0,0,31.1813,31,,750,714,,0,0,0,1
1613755147026,6,1010123456031,76,,1,0,6,1,2,,13.4223,753,183100,0.619663,215,0,7.16667,,6.2069,29,0,0.1,9,55.5556,0,3.4222,0,,750,690,,0,0,0,5.86207
1613755147276,6,1010123456031,76,,1,0,6,1,2,,18.297,734,183725,0.882848,213,0,9.33333,,0,0,0,0,0,0,0,0,0,,750,684,,0,0,0,0
1613755147526,6,1010123456031,76,,1,0,6,1,2,,19.2931,771,184247,0.971952,220,0,9.28571,,0,0,0,0,0,0,0,0,0,,750,708,,0,0,0,0
1613755147776,6,1010123456031,76,,1,0,6,1,2,,16.1077,761,183384,0.749952,220,0,8.66667,,0.1,4,0,0.1,1,0,0,2.15748,31,,750,699,,0,0,0,1
1613755148026,6,1010123456031,76,,1,0,6,1,2,,17.92,750,183967,0.837664,217,0,9,,0.1,25,0,0.1,7,0,0,6.88334,0,,750,693,,0,0,0,1.16
1613755148276,6,1010123456031,76,,1,0,6,1,2,,13.0013,770,183004,0.599936,219,0,7.33333,,0,0,0,0,0,0,0,0,0,,750,708,,0,0,0,0
1613755148526,6,1010123456031,76,,1,0,6,1,2,,16.1172,691,183675,0.69584,201,0,8.57143,,0,0,0,0,0,0,0,0,0,,750,642,,0,0,0,0
1613755148776,6,1010123456031,76,,1,0,6,1,2,,13.0514,720,183266,0.616835,207,0,6,,0,0,0,0,0,0,0,0,0,,750,669,,0,0,0,0
1613755149026,6,1010123456031,76,,1,0,6,1,2,,16.51,751,184189,0.754892,218,0,9,,7.93333,45,0,0.1,14,35.7143,0,12.8755,31,,750,699,,0,0,0,4.37778
1613755149276,6,1010123456031,76,,1,0,6,1,2,,18.218,757,183456,0.852384,213,0,9.33333,,0,0,0,0,0,0,0,0,0,,750,672,,0,0,0,0
1613755149526,6,1010123456031,76,,1,0,6,1,2,,17.217,728,183388,0.793888,209,0,8.66667,,0,0,0,0,0,0,0,0,0,,750,669,,0,0,0,0
1613755149776,6,1010123456031,76,,1,0,6,1,2,,17.9532,769,183238,0.849831,219,0,9,,0.1,4,0,0.1,1,0,0,25.4306,31,,750,702,,0,0,0,1
1613755150026,6,1010123456031,76,,1,0,6,1,2,,14.9524,756,183514,0.716832,221,0,7.33333,,13.0256,39,0,0.1,12,58.3333,0,13.0861,31,,750,702,,0,0,0,5.94872
1613755150276,6,1010123456031,76,,1,0,6,1,2,,14.4358,716,184644,0.653044,202,0,7.66667,,0,0,0,0,0,0,0,0,0,,750,645,,0,0,0,0
1613755150526,6,1010123456031,76,,1,0,6,1,2,,14.7182,724,184452,0.651566,210,0,7.66667,,0,0,0,0,0,0,0,0,0,,750,678,,0,0,0,0
1613755150777,6,1010123456031,76,,1,0,6,1,2,,17.6894,776,183174,0.852032,222,0,8.83333,,0,3,0,0.1,1,0,0,0,31,,750,711,,0,0,0,0
1613755151026,6,1010123456031,76,,1,0,6,1,2,,6.50616,731,184225,0.318233,213,0,4.16667,,9.48387,31,0,0.1,10,40,0,8.96573,0,,750,684,,0,0,0,5.83871
1613755151276,6,1010123456031,76,,1,0,6,1,2,,19.5927,631,183955,0.866378,182,0,9.83333,,0,0,0,0,0,0,0,0,0,,750,573,,0,0,0,0
1613755151527,6,1010123456031,76,,1,0,6,1,2,,18.8682,713,183512,0.870311,202,0,8.57143,,0,0,0,0,0,0,0,0,0,,750,648,,0,0,0,0
1613755151776,6,1010123456031,76,,1,0,6,1,2,,14.8623,748,183059,0.667116,210,0,8.83333,,0.1,4,0,0.1,1,0,0,4.6717,31,,750,681,,0,0,0,1
1613755152026,6,1010123456031,76,,1,0,6,1,2,,14.2878,747,184551,0.695165,217,0,7.16667,,1.07692,26,0,0.1,8,0,0,10.0881,31,,750,693,,0,0,0,1.42308
1613755152276,6,1010123456031,76,,1,0,6,1,2,,16.716,750,184300,0.742944,213,0,9,,0,0,0,0,0,0,0,0,0,,750,684,,0,0,0,0
1613755152526,6,1010123456031,76,,1,0,6,1,2,,18.3863,743,183359,0.946988,215,0,8.57143,,0,0,0,0,0,0,0,0,0,,750,684,,0,0,0,0
1613755152776,6,1010123456031,76,,1,0,6,1,2,,14.3399,765,184282,0.684384,224,0,8.66667,,0.1,28,0,0.1,8,0,0,7.77895,31,,750,705,,0,0,0,1
1613755153026,6,1010123456031,76,,1,0,6,1,2,,17.3124,717,183660,0.779213,209,0,8.83333,,0.1,4,0,0.1,1,0,0,25.2319,31,,750,681,,0,0,0,1
1613755153276,6,1010123456031,76,,1,0,6,1,2,,19.4016,737,183752,0.98808,210,0,9.4,,0,0,0,0,0,0,0,0,0,,750,672,,0,0,0,0
1613755153526,6,1010123456031,76,,1,0,6,1,2,,16.6688,779,183736,0.810699,225,0,8.71429,,0,0,0,0,0,0,0,0,0,,750,729,,0,0,0,0
1613755153777,6,1010123456031,76,,1,0,6,1,2,,14.467,758,184128,0.657248,217,0,7.83333,,0,0,0,0,0,0,0,0,0,,750,693,,0,0,0,0
1613755154026,6,1010123456031,76,,1,0,6,1,2,,16.879,760,182993,0.79759,221,0,8.83333,,11.1429,28,0,0.1,7,71.4286,0,6.2804,31,,750,711,,0,0,0,8
1613755154276,6,1010123456031,76,,1,0,6,1,2,,15.0756,754,183272,0.733558,216,0,7.83333,,0,0,0,0,0,0,0,0,0,,750,687,,0,0,0,0
1613755154526,6,1010123456031,76,,1,0,6,1,2,,8.99735,754,183660,0.417344,218,0,6.4,,0,0,0,0,0,0,0,0,0,,750,696,,0,0,0,0
1613755154776,6,1010123456031,76,,1,0,6,1,2,,15.2921,760,183530,0.704032,215,0,9,,7.03125,32,0,0.1,9,44.4444,0,11.2646,31,,750,693,,0,0,0,5.21875
1613755155026,6,1010123456031,76,,1,0,6,1,2,,16.3598,767,183607,0.76951,221,0,8.5,,0.1,4,0,0.1,1,0,0,29.4598,31,,750,705,,0,0,0,1
1613755155276,6,1010123456031,76,,1,0,6,1,2,,17.9688,769,183323,0.854688,221,0,9,,0,0,0,0,0,0,0,0,0,,750,711,,0,0,0,0
1613755155527,6,1010123456031,76,,1,0,6,1,2,,16.7931,749,183193,0.865728,220,0,9,,0,0,0,0,0,0,0,0,0,,750,696,,0,0,0,0
1613755155776,6,1010123456031,76,,1,0,6,1,2,,17.7516,761,184090,0.829398,215,0,8.83333,,8.63636,33,0,0.1,9,44.4444,0,8.01153,31,,750,693,,0,0,0,5.36364
1613755156026,6,1010123456031,76,,1,0,6,1,2,,15.8059,752,183966,0.715631,216,0,8.33333,,0,0,0,0,0,0,0,0,0,,750,693,,0,0,0,0
1613755156276,6,1010123456031,76,,1,0,6,1,2,,17.9524,757,184284,0.842056,217,0,9,,0,0,0,0,0,0,0,0,0,,750,699,,0,0,0,0
1613755156526,6,1010123456031,76,,1,0,6,1,2,,15.424,724,183200,0.719775,211,0,8.57143,,0,0,0,0,0,0,0,0,0,,750,669,,0,0,0,0
1613755156776,6,1010123456031,76,,1,0,6,1,2,,18.4777,739,184123,0.834912,211,0,9.66667,,0.1,4,0,0.1,1,0,0,29.9506,31,,750,681,,0,0,0,1
1613755157026,6,1010123456031,76,,1,0,6,1,2,,16.6756,743,184040,0.863454,215,0,7.5,,8,46,0,0.1,13,61.5385,0,6.78798,31,,750,696,,0,0,0,6.47826
1613755157276,6,1010123456031,76,,1,0,6,1,2,,15.5515,816,183734,0.746088,230,0,8.66667,,0,0,0,0,0,0,0,0,0,,750,732,,0,0,0,0
1613755157526,6,1010123456031,76,,1,0,6,1,2,,17.9119,783,183531,0.867213,224,0,9,,0,0,0,0,0,0,0,0,0,,750,714,,0,0,0,0
1613755157776,6,1010123456031,76,,1,0,6,1,2,,16.916,750,183338,0.7632,212,0,8.66667,,0,0,0,0,0,0,0,0,0,,750,681,,0,0,0,0
1613755158026,6,1010123456031,76,,1,0,6,1,2,,16.1701,735,184146,0.758784,214,0,8,,8,54,0,0.13424,15,26.6667,0,12.7713,31,,750,678,,0,0,0,3.66667
1613755158276,6,1010123456031,76,,1,0,6,1,2,,14.661,761,183790,0.659341,218,0,8.4,,0,0,0,0,0,0,0,0,0,,750,696,,0,0,0,0
1613755158526,6,1010123456031,76,,1,0,6,1,2,,17.883,718,184144,0.812787,210,0,9,,0,0,0,0,0,0,0,0,0,,750,660,,0,0,0,0
1613755158776,6,1010123456031,76,,1,0,6,1,2,,16.0629,684,183641,0.698827,193,0,6.75,,0,0,0,0,0,0,0,0,0,,750,630,,0,0,0,0
1613755159026,6,1010123456031,76,,1,0,6,1,2,,16.288,764,184504,0.754368,222,0,9,,11.3846,26,0,0.1,7,71.4286,0,8.20453,31,,750,708,,0,0,0,7.80769
1613755159276,6,1010123456031,76,,1,0,6,1,2,,16.77,761,183778,0.791036,217,0,8.66667,,0,0,0,0,0,0,0,0,0,,750,702,,0,0,0,0
1613755159526,6,1010123456031,76,,1,0,6,1,2,,16.7421,729,184162,0.79136,212,0,8.85714,,0,0,0,0,0,0,0,0,0,,750,669,,0,0,0,0
1613755159776,6,1010123456031,76,,1,0,6,1,2,,17.4874,714,183351,0.77192,206,0,9.33333,,7.24138,29,0,0.1,8,62.5,0,6.20544,31,,750,660,,0,0,0,6.68966
1613755160026,6,1010123456031,76,,1,0,6,1,2,,14.2067,711,184252,0.662683,205,0,7.4,,0.1,7,0,0.1,2,0,0,4.60631,0,,750,648,,0,0,0,1
1613755160276,6,1010123456031,76,,1,0,6,1,2,,18.815,773,184223,0.950137,217,0,9.5,,0,0,0,0,0,0,0,0,0,,750,702,,0,0,0,0
1613755160527,6,1010123456031,76,,1,0,6,1,2,,15.965,771,184491,0.746231,221,0,8.57143,,0,0,0,0,0,0,0,0,0,,750,702,,0,0,0,0
1613755160777,6,1010123456031,76,,1,0,6,1,2,,16.5842,683,183434,0.723808,203,0,8.66667,,0.1,33,0,0.1,9,0,0,3.24813,31,,750,633,,0,0,0,1.12121
1613755161026,6,1010123456031,76,,1,0,6,1,2,,13.8622,646,183691,0.544546,181,0,7.5,,0,0,0,0,0,0,0,0,0,,750,609,,0,0,0,0
1613755161276,6,1010123456031,76,,1,0,6,1,2,,17.8425,781,183684,0.860755,223,0,9,,0,0,0,0,0,0,0,0,0,,750,708,,0,0,0,0
1613755161526,6,1010123456031,76,,1,0,6,1,2,,16.5714,742,183544,0.752192,214,0,9.14286,,0,0,0,0,0,0,0,0,0,,750,690,,0,0,0,0
1613755161776,6,1010123456031,76,,1,0,6,1,2,,16.5007,751,184335,0.846688,217,0,7.5,,0.1,4,0,0.1,1,0,0,2.31195,31,,750,690,,0,0,0,1
1613755162026,6,1010123456031,76,,1,0,6,1,2,,16.5986,720,183628,0.73645,206,0,8.66667,,0.1,31,0,0.1,9,0,0,5.5315,31,,750,672,,0,0,0,1
1613755162276,6,1010123456031,76,,1,0,6,1,2,,15.9178,766,183530,0.850538,219,0,8.66667,,0,0,0,0,0,0,0,0,0,,750,702,,0,0,0,0
1613755162526,6,1010123456031,76,,1,0,6,1,2,,16.156,686,184179,0.698731,200,0,8.14286,,0,0,0,0,0,0,0,0,0,,750,636,,0,0,0,0
1613755162776,6,1010123456031,76,,1,0,6,1,2,,16.5632,680,183343,0.696,195,0,8.8,,8,30,0,0.1,9,44.4444,0,8.52192,31,,750,627,,0,0,0,4.83333
1613755163026,6,1010123456031,76,,1,0,6,1,2,,16.3711,776,184124,0.792257,223,0,8.5,,0.1,4,0,0.1,1,0,0,28.0172,31,,750,714,,0,0,0,1
1613755163276,6,1010123456031,76,,1,0,6,1,2,,14.9778,722,183190,0.65344,210,0,8.16667,,0,0,0,0,0,0,0,0,0,,750,669,,0,0,0,0
1613755163526,6,1010123456031,76,,1,0,6,1,2,,17.9035,725,183123,0.807068,208,0,8.85714,,0,0,0,0,0,0,0,0,0,,750,672,,0,0,0,0
1613755163777,6,1010123456031,76,,1,0,6,1,2,,15.4818,770,183173,0.716398,219,0,8.33333,,0,3,0,0.1,1,0,0,0,31,,750,699,,0,0,0,0
1613755164027,6,1010123456031,76,,1,0,6,1,2,,15.2767,701,183488,0.648032,201,0,8.16667,,8,36,0,0.1,10,40,0,10.2689,31,,750,642,,0,0,0,5
1613755164276,6,1010123456031,76,,1,0,6,1,2,,15.2005,748,183626,0.717333,217,0,7.8,,0,0,0,0,0,0,0,0,0,,750,687,,0,0,0,0
1613755164526,6,1010123456031,76,,1,0,6,1,2,,16.1303,752,184284,0.743004,218,0,8.42857,,0,0,0,0,0,0,0,0,0,,750,699,,0,0,0,0
1613755164776,6,1010123456031,76,,1,0,6,1,2,,16.4736,739,183186,0.764723,214,0,8.33333,,10.32,25,0,0.1,8,50,0,8.89967,31,,750,684,,0,0,0,5.32
1613755165026,6,1010123456031,76,,1,0,6,1,2,,10.9402,702,183256,0.46808,201,0,5.83333,,0,0,0,0,0,0,0,0,0,,750,657,,0,0,0,0
1613755165276,6,1010123456031,76,,1,0,6,1,2,,17.313,770,184218,0.821719,220,0,8.83333,,0,0,0,0,0,0,0,0,0,,750,702,,0,0,0,0
1613755165526,6,1010123456031,76,,1,0,6,1,2,,16.2483,729,183963,0.729952,211,0,8.57143,,0,0,0,0,0,0,0,0,0,,750,678,,0,0,0,0
1613755165776,6,1010123456031,76,,1,0,6,1,2,,16.5714,742,183945,0.75728,213,0,8.66667,,0.1,4,0,0.1,1,0,0,30.406,31,,750,675,,0,0,0,1
1613755166026,6,1010123456031,76,,1,0,6,1,2,,17.4669,724,183465,0.880964,212,0,9.33333,,14.5256,78,0,0.1,24,87.5,0,3.66941,0,,750,687,,0,0,0,8.84615
1613755166276,6,1010123456031,76,,1,0,6,1,2,,14.2466,734,183816,0.647036,211,0,7.83333,,0,0,0,0,0,0,0,0,0,,750,672,,0,0,0,0
1613755166526,6,1010123456031,76,,1,0,6,1,2,,16.5976,738,183874,0.774522,215,0,8.42857,,0,0,0,0,0,0,0,0,0,,750,690,,0,0,0,0
1613755166777,6,1010123456031,76,,1,0,6,1,2,,13.974,732,183522,0.64561,216,0,7.4,,0,3,0,0.1,1,0,0,0,31,,750,672,,0,0,0,0
1613755167027,6,1010123456031,76,,1,0,6,1,2,,17.5412,680,183561,0.740704,195,0,8.83333,,1.10526,38,0,0.1,12,8.33333,0,9.39353,0,,750,645,,0,0,0,2.13158
1613755167276,6,1010123456031,76,,1,0,6,1,2,,13.9445,775,184099,0.64906,218,0,7.33333,,0,0,0,0,0,0,0,0,0,,750,696,,0,0,0,0
1613755167526,6,1010123456031,76,,1,0,6,1,2,,17.3104,712,182901,0.754056,202,0,8.85714,,0,0,0,0,0,0,0,0,0,,750,639,,0,0,0,0
1613755167776,6,1010123456031,76,,1,0,6,1,2,,17.1323,771,184543,0.79955,218,0,8.6,,7.27273,33,0,0.1,9,44.4444,0,7.454,31,,750,696,,0,0,0,5.36364
1613755168026,6,1010123456031,76,,1,0,6,1,2,,16.354,791,184172,0.781408,225,0,8.5,,0,3,0,0.1,1,0,0,0,31,,750,708,,0,0,0,0
1613755168276,6,1010123456031,76,,1,0,6,1,2,,17.5128,784,183444,0.852851,221,0,9.4,,0,0,0,0,0,0,0,0,0,,750,714,,0,0,0,0
1613755168526,6,1010123456031,76,,1,0,6,1,2,,15.2545,778,184206,0.764659,222,0,7.85714,,0,0,0,0,0,0,0,0,0,,750,708,,0,0,0,0
1613755168776,6,1010123456031,76,,1,0,6,1,2,,17.2037,756,184319,0.804128,217,0,8.83333,,8.63636,33,0,0.1,9,44.4444,0,7.93987,31,,750,699,,0,0,0,5.36364
1613755169027,6,1010123456031,76,,1,0,6,1,2,,15.0388,722,183204,0.709728,205,0,7.83333,,0.1,4,0,0.1,1,0,0,3.1107,31,,750,657,,0,0,0,1
1613755169276,6,1010123456031,76,,1,0,6,1,2,,17.7066,794,184521,0.850506,224,0,9,,0,0,0,0,0,0,0,0,0,,750,714,,0,0,0,0
1613755169526,6,1010123456031,76,,1,0,6,1,2,,17.4148,728,184408,0.773719,206,0,8.85714,,0,0,0,0,0,0,0,0,0,,750,657,,0,0,0,0
1613755169776,6,1010123456031,76,,1,0,6,1,2,,16.9759,747,183917,0.784867,213,0,8.66667,,0,0,0,0,0,0,0,0,0,,750,678,,0,0,0,0
1613755170027,6,1010123456031,76,,1,0,6,1,2,,16.093,774,183590,0.831522,225,0,8.33333,,11.4286,14,0,0.1,4,0,0,30.0149,31,,750,726,,0,0,0,1
1613755170277,6,1010123456031,76,,1,0,6,1,2,,16.2188,754,183520,0.734304,215,0,8.83333,,0,0,0,0,0,0,0,0,0,,750,687,,0,0,0,0
1613755170526,6,1010123456031,76,,1,0,6,1,2,,16.4993,737,184223,0.75894,210,0,7.33333,,0,0,0,0,0,0,0,0,0,,750,678,,0,0,0,0
1613755170776,6,1010123456031,76,,1,0,6,1,2,,12.6322,764,184023,0.576129,218,0,8.16667,,0,3,0,0.1,1,0,0,0,31,,750,690,,0,0,0,0
1613755171026,6,1010123456031,76,,1,0,6,1,2,,16.7782,753,183471,0.79094,218,0,8.5,,14.1818,11,0,0.1,3,0,0,29.589,0,,750,696,,0,0,0,1
1613755171277,6,1010123456031,76,,1,0,6,1,2,,18.4095,740,184272,0.863584,211,0,9.5,,0,0,0,0,0,0,0,0,0,,750,678,,0,0,0,0
1613755171526,6,1010123456031,76,,1,0,6,1,2,,17.9769,779,184223,0.862008,222,0,9,,0,0,0,0,0,0,0,0,0,,750,702,,0,0,0,0
1613755171776,6,1010123456031,76,,1,0,6,1,2,,15.4441,725,184338,0.662876,204,0,8.16667,,0,3,0,0,1,100,0,0,0,,750,654,,0,0,0,0
1613755172026,6,1010123456031,76,,1,0,6,1,2,,17.5027,736,183155,0.800864,211,0,8.8,,10.4444,45,0,0.1,15,73.3333,0,5.29303,0,,750,678,,0,0,0,8.11111
1613755172276,6,1010123456031,76,,1,0,6,1,2,,16.8188,734,183464,0.755374,209,0,8.66667,,0,0,0,0,0,0,0,0,0,,750,669,,0,0,0,0
1613755172526,6,1010123456031,76,,1,0,6,1,2,,16.3406,737,183385,0.766779,210,0,8.57143,,0,0,0,0,0,0,0,0,0,,750,666,,0,0,0,0
1613755172776,6,1010123456031,76,,1,0,6,1,2,,15.2167,803,183206,0.724562,226,0,8.4,,7.27273,33,0,0.1,9,44.4444,0,9.08998,31,,750,726,,0,0,0,5.54545
1613755173026,6,1010123456031,76,,1,0,6,1,2,,15.6416,759,184320,0.726137,219,0,8.5,,0,0,0,0,0,0,0,0,0,,750,705,,0,0,0,0
1613755173276,6,1010123456031,76,,1,0,6,1,2,,17.0681,734,183766,0.77494,212,0,8.83333,,0,0,0,0,0,0,0,0,0,,750,678,,0,0,0,0
1613755173526,6,1010123456031,76,,1,0,6,1,2,,9.96676,722,183676,0.445792,209,0,6.28571,,0,0,0,0,0,0,0,0,0,,750,669,,0,0,0,0
1613755173776,6,1010123456031,76,,1,0,6,1,2,,17.3454,776,182932,0.826892,221,0,8.83333,,0,3,0,0.1,1,0,0,0,31,,750,711,,0,0,0,0
1613755174026,6,1010123456031,76,,1,0,6,1,2,,12.6471,697,183663,0.567648,205,0,7.16667,,10.4286,56,0,0.1,16,75,0,4.9601,0,,750,654,,0,0,0,7.75
1613755174276,6,1010123456031,76,,1,0,6,1,2,,17.9641,753,184332,0.818731,211,0,9,,0,0,0,0,0,0,0,0,0,,750,684,,0,0,0,0
1613755174526,6,1010123456031,76,,1,0,6,1,2,,15.2104,751,184163,0.69992,213,0,7.14286,,0,0,0,0,0,0,0,0,0,,750,681,,0,0,0,0
1613755174776,6,1010123456031,76,,1,0,6,1,2,,14.6611,720,184332,0.646008,207,0,8.83333,,6.28302,53,0,0.137992,15,26.6667,0,12.1976,31,,750,663,,0,0,0,3.86792
1613755175027,6,1010123456031,76,,1,0,6,1,2,,16.5305,688,183088,0.708494,201,0,8.66667,,0,0,0,0,0,0,0,0,0,,750,642,,0,0,0,0
1613755175277,6,1010123456031,76,,1,0,6,1,2,,18.4771,744,183528,0.88112,209,0,9.33333,,0,0,0,0,0,0,0,0,0,,750,672,,0,0,0,0
1613755175526,6,1010123456031,76,,1,0,6,1,2,,17.9143,735,183649,0.803984,208,0,9,,0,0,0,0,0,0,0,0,0,,750,657,,0,0,0,0
1613755175776,6,1010123456031,76,,1,0,6,1,2,,16.0168,714,184051,0.707566,203,0,7.66667,,0,2,0,0.1,1,0,0,0,31,,750,651,,0,0,0,0
1613755176026,6,1010123456031,76,,1,0,6,1,2,,18.3473,668,183992,0.851374,191,0,9.66667,,15.3067,75,0,0.1,23,86.9565,0,4.59857,31,,750,609,,0,0,0,8.92
1613755176276,6,1010123456031,76,,1,0,6,1,2,,17.9385,732,184197,0.798944,207,0,9,,0,0,0,0,0,0,0,0,0,,750,672,,0,0,0,0
1613755176526,6,1010123456031,76,,1,0,6,1,2,,16.2073,791,183682,0.778464,225,0,8.42857,,0,0,0,0,0,0,0,0,0,,750,714,,0,0,0,0
1613755176776,6,1010123456031,76,,1,0,6,1,2,,15.0739,731,183045,0.689574,211,0,8.4,,15,4,0,0.1,1,0,0,31.511,31,,750,657,,0,0,0,1
1613755177026,6,1010123456031,76,,1,0,6,1,2,,15.8466,639,184093,0.636627,183,0,8.33333,,5.85366,41,0,0.1,11,63.6364,0,2.51867,31,,750,594,,0,0,0,7.09756
1613755177276,6,1010123456031,76,,1,0,6,1,2,,19.5184,735,183831,0.953216,212,0,9.8,,0,0,0,0,0,0,0,0,0,,750,669,,0,0,0,0
1613755177526,6,1010123456031,76,,1,0,6,1,2,,16.6908,760,183207,0.787084,218,0,8.71429,,0,0,0,0,0,0,0,0,0,,750,702,,0,0,0,0
1613755177777,6,1010123456031,76,,1,0,6,1,2,,17.9519,749,184245,0.812,211,0,9,,0,3,0,0.1,1,0,0,0,31,,750,675,,0,0,0,0
1613755178027,6,1010123456031,76,,1,0,6,1,2,,14.5136,736,183704,0.690432,218,0,7.5,,8.125,24,0,0.1,8,50,0,7.22776,0,,750,702,,0,0,0,5.875
1613755178276,6,1010123456031,76,,1,0,6,1,2,,17.957,767,183673,0.854233,220,0,9,,0,0,0,0,0,0,0,0,0,,750,699,,0,0,0,0
1613755178526,6,1010123456031,76,,1,0,6,1,2,,15.9907,751,183223,0.740192,219,0,8.42857,,0,0,0,0,0,0,0,0,0,,750,699,,0,0,0,0
1613755178776,6,1010123456031,76,,1,0,6,1,2,,16.7033,738,183335,0.748434,209,0,8.6,,0,0,0,0,0,0,0,0,0,,750,669,,0,0,0,0
1613755179027,6,1010123456031,76,,1,0,6,1,2,,16.8266,738,183995,0.836384,217,0,9.2,,14.6782,87,0,0.132672,29,82.7586,0,6.80357,31,,750,687,,0,0,0,8.24138
1613755179276,6,1010123456031,76,,1,0,6,1,2,,12.2696,779,183450,0.59396,219,0,6.33333,,0,0,0,0,0,0,0,0,0,,750,705,,0,0,0,0
1613755179526,6,1010123456031,76,,1,0,6,1,2,,16.7038,763,184397,0.792771,219,0,8.57143,,0,0,0,0,0,0,0,0,0,,750,693,,0,0,0,0
1613755179776,6,1010123456031,76,,1,0,6,1,2,,13.3901,764,184424,0.616992,215,0,7.5,,0,3,0,0.1,1,0,0,0,31,,750,687,,0,0,0,0
1613755180026,6,1010123456031,76,,1,0,6,1,2,,17.8997,718,182893,0.8089,209,0,9,,8.57143,42,0,0.1,12,66.6667,0,4.09025,0,,750,672,,0,0,0,7
1613755180276,6,1010123456031,76,,1,0,6,1,2,,14.2092,741,183370,0.651598,211,0,7.5,,0,0,0,0,0,0,0,0,0,,750,678,,0,0,0,0
1613755180526,6,1010123456031,76,,1,0,6,1,2,,17.2565,764,183095,0.82612,221,0,8.85714,,0,0,0,0,0,0,0,0,0,,750,699,,0,0,0,0
1613755180776,6,1010123456031,76,,1,0,6,1,2,,16.7187,718,183623,0.738892,206,0,8.66667,,0.214286,28,0,0.1,8,12.5,0,9.48282,31,,750,651,,0,0,0,1.96429
1613755181026,6,1010123456031,76,,1,0,6,1,2,,15.7719,732,183975,0.717462,213,0,8.33333,,0,0,0,0,0,0,0,0,0,,750,678,,0,0,0,0
1613755181276,6,1010123456031,76,,1,0,6,1,2,,16.0254,787,184161,0.747277,221,0,8.33333,,0,0,0,0,0,0,0,0,0,,750,711,,0,0,0,0
1613755181527,6,1010123456031,76,,1,0,6,1,2,,17.2517,743,183577,0.779442,211,0,8.85714,,0,0,0,0,0,0,0,0,0,,750,672,,0,0,0,0
1613755181776,6,1010123456031,76,,1,0,6,1,2,,18.133,737,183577,0.868562,210,0,9.16667,,0,3,0,0.1,1,0,0,0,31,,750,666,,0,0,0,0
1613755182026,6,1010123456031,76,,1,0,6,1,2,,14.7799,736,184469,0.676691,214,0,7.33333,,15.359,78,0,0.183647,25,80,0,6.77121,0,,750,693,,0,0,0,8.38461
1613755182276,6,1010123456031,76,,1,0,6,1,2,,17.1858,759,183228,0.81253,218,0,8.66667,,0,0,0,0,0,0,0,0,0,,750,699,,0,0,0,0
1613755182526,6,1010123456031,76,,1,0,6,1,2,,18.5788,774,183028,0.948048,224,0,9.42857,,0,0,0,0,0,0,0,0,0,,750,714,,0,0,0,0
1613755182776,6,1010123456031,76,,1,0,6,1,2,,19.4003,727,183888,0.912544,205,0,9.66667,,0.1,31,0,0.1,9,0,0,2.74642,31,,750,660,,0,0,0,2.35484
1613755183026,6,1010123456031,76,,1,0,6,1,2,,13.8023,789,183855,0.681863,227,0,7.33333,,0,0,0,0,0,0,0,0,0,,750,717,,0,0,0,0
1613755183277,6,1010123456031,76,,1,0,6,1,2,,16.7935,736,184090,0.752096,207,0,8.66667,,0,0,0,0,0,0,0,0,0,,750,672,,0,0,0,0
1613755183526,6,1010123456031,76,,1,0,6,1,2,,15.3198,763,184513,0.714988,218,0,7.57143,,0,0,0,0,0,0,0,0,0,,750,690,,0,0,0,0
1613755183777,6,1010123456031,76,,1,0,6,1,2,,17.1916,788,183566,0.870592,222,0,9.66667,,0.1,4,0,0.1,1,0,0,1.44882,31,,750,714,,0,0,0,1
1613755184027,6,1010123456031,76,,1,0,6,1,2,,13.4146,755,183663,0.646176,219,0,6.66667,,0.1,32,0,0.1,9,0,0,4.98101,0,,750,699,,0,0,0,1.21875
1613755184276,6,1010123456031,76,,1,0,6,1,2,,15.9458,738,184543,0.705767,213,0,8.66667,,0,0,0,0,0,0,0,0,0,,750,690,,0,0,0,0
1613755184526,6,1010123456031,76,,1,0,6,1,2,,17.9713,733,184231,0.830908,214,0,9,,0,0,0,0,0,0,0,0,0,,750,672,,0,0,0,0
1613755184776,6,1010123456031,76,,1,0,6,1,2,,17.1385,751,183488,0.827245,216,0,9,,15,4,0,0.1,1,0,0,23.2926,31,,750,699,,0,0,0,1
1613755185026,6,1010123456031,76,,1,0,6,1,2,,17.9391,739,184290,0.833767,215,0,9,,16.0526,19,0,0.1,5,80,0,16.3029,0,,750,693,,0,0,0,8.57895
1613755185276,6,1010123456031,76,,1,0,6,1,2,,18.7548,734,182949,0.894016,210,0,10.3333,,0,0,0,0,0,0,0,0,0,,750,678,,0,0,0,0
1613755185526,6,1010123456031,76,,1,0,6,1,2,,17.3625,698,184383,0.812305,203,0,8.71429,,0,0,0,0,0,0,0,0,0,,750,657,,0,0,0,0
1613755185776,6,1010123456031,76,,1,0,6,1,2,,14.6671,751,184520,0.655232,216,0,8.4,,15,4,0,0.1,1,0,0,24.983,31,,750,690,,0,0,0,1
1613755186026,6,1010123456031,76,,1,0,6,1,2,,16.6689,761,183368,0.805141,224,0,8.66667,,6,30,0,0.1,9,44.4444,0,11.3017,31,,750,714,,0,0,0,4.6
1613755186276,6,1010123456031,76,,1,0,6,1,2,,17.2167,729,184357,0.79094,212,0,8.66667,,0,0,0,0,0,0,0,0,0,,750,675,,0,0,0,0
1613755186527,6,1010123456031,76,,1,0,6,1,2,,17.1742,752,184524,0.791904,217,0,8.85714,,0,0,0,0,0,0,0,0,0,,750,696,,0,0,0,0
1613755186776,6,1010123456031,76,,1,0,6,1,2,,16.1939,727,184338,0.722506,208,0,8.33333,,0,0,0,0,0,0,0,0,0,,750,669,,0,0,0,0
1613755187026,6,1010123456031,76,,1,0,6,1,2,,16.544,761,183995,0.77192,220,0,8.66667,,7.73333,30,0,0.1,9,44.4444,0,9.94313,31,,750,696,,0,0,0,4.6
1613755187276,6,1010123456031,76,,1,0,6,1,2,,14.4284,761,184102,0.677719,219,0,7.66667,,0,0,0,0,0,0,0,0,0,,750,705,,0,0,0,0
1613755187526,6,1010123456031,76,,1,0,6,1,2,,15.877,740,183737,0.818272,217,0,8.33333,,0,0,0,0,0,0,0,0,0,,750,687,,0,0,0,0
1613755187776,6,1010123456031,76,,1,0,6,1,2,,16.7572,725,184016,0.750651,208,0,8.66667,,6,30,0,0.1,9,44.4444,0,8.39761,31,,750,669,,0,0,0,4.8
1613755188026,6,1010123456031,76,,1,0,6,1,2,,15.8887,701,183301,0.704514,206,0,8.4,,0,0,0,0,0,0,0,0,0,,750,657,,0,0,0,0
1613755188276,6,1010123456031,76,,1,0,6,1,2,,16.8247,736,184467,0.752514,210,0,8.83333,,0,0,0,0,0,0,0,0,0,,750,687,,0,0,0,0
1613755188526,6,1010123456031,76,,1,0,6,1,2,,16.1994,712,183398,0.724768,209,0,7.28571,,0,0,0,0,0,0,0,0,0,,750,654,,0,0,0,0
1613755188776,6,1010123456031,76,,1,0,6,1,2,,14.1997,671,184090,0.585189,190,0,8.5,,0.1,4,0,0.1,1,0,0,29.5268,31,,750,621,,0,0,0,1
1613755189027,6,1010123456031,76,,1,0,6,1,2,,19.0565,708,184338,1.00493,206,0,9.33333,,15.9184,98,0,0.1,30,93.3333,0,3.75606,0,,750,663,,0,0,0,9.35714
1613755189276,6,1010123456031,76,,1,0,6,1,2,,16.8794,771,183210,0.774586,217,0,9,,0,0,0,0,0,0,0,0,0,,750,693,,0,0,0,0
1613755189526,6,1010123456031,76,,1,0,6,1,2,,19.31,671,183206,0.865189,193,0,9.71429,,0,0,0,0,0,0,0,0,0,,750,618,,0,0,0,0
1613755189776,6,1010123456031,76,,1,0,6,1,2,,17.6887,665,184535,0.753414,190,0,9.2,,6.2069,29,0,0.1,9,44.4444,0,9.42036,31,,750,618,,0,0,0,4.72414
1613755190026,6,1010123456031,76,,1,0,6,1,2,,16.5952,751,183185,0.773141,216,0,8.66667,,0,0,0,0,0,0,0,0,0,,750,684,,0,0,0,0
1613755190276,6,1010123456031,76,,1,0,6,1,2,,15.7135,705,183201,0.661012,198,0,8.33333,,0,0,0,0,0,0,0,0,0,,750,636,,0,0,0,0
1613755190526,6,1010123456031,76,,1,0,6,1,2,,16.3413,797,184043,0.78008,224,0,8.57143,,0,0,0,0,0,0,0,0,0,,750,720,,0,0,0,0
1613755190776,6,1010123456031,76,,1,0,6,1,2,,17.7801,805,183516,0.880835,228,0,8.83333,,0,0,0,0,0,0,0,0,0,,750,729,,0,0,0,0
1613755191026,6,1010123456031,76,,1,0,6,1,2,,17.4743,721,183267,0.763759,204,0,9,,1.36364,33,0,0.1,10,20,0,7.91196,31,,750,654,,0,0,0,2.72727
1613755191276,6,1010123456031,76,,1,0,6,1,2,,15.3413,756,183709,0.707309,215,0,8.33333,,0,0,0,0,0,0,0,0,0,,750,687,,0,0,0,0
1613755191526,6,1010123456031,76,,1,0,6,1,2,,12.2863,737,183741,0.525792,207,0,7.33333,,0,0,0,0,0,0,0,0,0,,750,666,,0,0,0,0
1613755191776,6,1010123456031,76,,1,0,6,1,2,,16.6334,731,184164,0.74551,208,0,8.66667,,8.27586,29,0,0.1,9,55.5556,0,8.46844,31,,750,675,,0,0,0,5.96552
1613755192027,6,1010123456031,76,,1,0,6,1,2,,14.064,734,183351,0.6528,214,0,7.33333,,0,3,0,0.1,1,0,0,0,0,,750,678,,0,0,0,0
1613755192277,6,1010123456031,76,,1,0,6,1,2,,17.3499,703,183773,0.751488,200,0,8.83333,,0,0,0,0,0,0,0,0,0,,750,642,,0,0,0,0
1613755192527,6,1010123456031,76,,1,0,6,1,2,,15.7648,778,183024,0.737952,221,0,8.42857,,0,0,0,0,0,0,0,0,0,,750,708,,0,0,0,0
1613755192777,6,1010123456031,76,,1,0,6,1,2,,17.8747,742,184389,0.803904,210,0,9,,7.27273,33,0,0.1,9,44.4444,0,7.82162,31,,750,675,,0,0,0,5.48485
1613755193027,6,1010123456031,76,,1,0,6,1,2,,17.6228,753,184402,0.86352,217,0,9,,0,0,0,0,0,0,0,0,0,,750,693,,0,0,0,0
1613755193276,6,1010123456031,76,,1,0,6,1,2,,15.5323,774,184243,0.718908,220,0,8.4,,0,0,0,0,0,0,0,0,0,,750,696,,0,0,0,0
1613755193526,6,1010123456031,76,,1,0,6,1,2,,15.2493,698,183325,0.646554,196,0,7.85714,,0,0,0,0,0,0,0,0,0,,750,633,,0,0,0,0
1613755193776,6,1010123456031,76,,1,0,6,1,2,,15.7973,745,183491,0.705312,211,0,8.33333,,0,0,0,0,0,0,0,0,0,,750,678,,0,0,0,0
1613755194026,6,1010123456031,76,,1,0,6,1,2,,17.9104,770,183538,0.858924,222,0,9,,0.1,30,0,0.1,9,0,0,3.06175,31,,750,711,,0,0,0,1.33333
1613755194276,6,1010123456031,76,,1,0,6,1,2,,16.1968,752,184045,0.744353,216,0,8.33333,,0,0,0,0,0,0,0,0,0,,750,690,,0,0,0,0
1613755194526,6,1010123456031,76,,1,0,6,1,2,,17.9498,717,184351,0.80604,208,0,9,,0,0,0,0,0,0,0,0,0,,750,666,,0,0,0,0
1613755194776,6,1010123456031,76,,1,0,6,1,2,,17.0638,737,183043,0.798297,207,0,9.2,,0,3,0,0.1,1,0,0,0,31,,750,672,,0,0,0,0
1613755195027,6,1010123456031,76,,1,0,6,1,2,,17.9408,659,184139,0.726853,189,0,9,,4.61538,39,0,0.1,12,75,0,2.26396,0,,750,597,,0,0,0,7.66667
1613755195276,6,1010123456031,76,,1,0,6,1,2,,17.3414,785,183529,0.82249,220,0,8.83333,,0,0,0,0,0,0,0,0,0,,750,714,,0,0,0,0
1613755195526,6,1010123456031,76,,1,0,6,1,2,,12.4792,768,184259,0.606651,220,0,7,,0,0,0,0,0,0,0,0,0,,750,699,,0,0,0,0
1613755195776,6,1010123456031,76,,1,0,6,1,2,,17.9494,771,183277,0.841542,217,0,9,,0.1,32,0,0.1,9,0,0,8.99961,31,,750,699,,0,0,0,1
1613755196026,6,1010123456031,76,,1,0,6,1,2,,19.1733,681,184329,0.863422,198,0,9.83333,,0,0,0,0,0,0,0,0,0,,750,636,,0,0,0,0
1613755196277,6,1010123456031,76,,1,0,6,1,2,,17.319,721,183827,0.783776,209,0,8.83333,,0,0,0,0,0,0,0,0,0,,750,675,,0,0,0,0
1613755196526,6,1010123456031,76,,1,0,6,1,2,,15.9806,723,184166,0.714442,211,0,8.42857,,0,0,0,0,0,0,0,0,0,,750,663,,0,0,0,0
1613755196776,6,1010123456031,76,,1,0,6,1,2,,17.7258,733,184235,0.797952,208,0,8.83333,,15,4,0,0.1,1,0,0,28.0713,31,,750,681,,0,0,0,1
1613755197027,6,1010123456031,76,,1,0,6,1,2,,10.3471,729,183207,0.474932,211,0,5.66667,,15.4205,88,0,0.128669,29,86.2069,0,5.25797,0,,750,678,,0,0,0,8.69318
1613755197277,6,1010123456031,76,,1,0,6,1,2,,17.7251,782,183855,0.865184,221,0,9.33333,,0,0,0,0,0,0,0,0,0,,750,702,,0,0,0,0
1613755197526,6,1010123456031,76,,1,0,6,1,2,,17.9536,775,183588,0.872643,225,0,9,,0,0,0,0,0,0,0,0,0,,750,720,,0,0,0,0
1613755197777,6,1010123456031,76,,1,0,6,1,2,,19.4263,739,183409,0.946816,212,0,9.66667,,3.64706,34,0,0.102784,10,10,0,7.81711,31,,750,678,,0,0,0,2.44118
1613755198026,6,1010123456031,76,,1,0,6,1,2,,14.3059,693,183261,0.636402,203,0,7.83333,,15,12,0,0,3,100,0,3.79188,0,,750,645,,0,0,0,10
1613755198276,6,1010123456031,76,,1,0,6,1,2,,16.2765,727,184304,0.717912,207,0,8.5,,0,0,0,0,0,0,0,0,0,,750,663,,0,0,0,0
1613755198527,6,1010123456031,76,,1,0,6,1,2,,17.8046,696,183938,0.778048,202,0,8.85714,,0,0,0,0,0,0,0,0,0,,750,651,,0,0,0,0
1613755198776,6,1010123456031,76,,1,0,6,1,2,,15.4688,753,184278,0.707341,218,0,8.6,,0.1,33,0,0.1,9,0,0,6.67068,31,,750,696,,0,0,0,1.12121
1613755199026,6,1010123456031,76,,1,0,6,1,2,,18.9883,768,183528,0.934426,220,0,9.83333,,0,0,0,0,0,0,0,0,0,,750,708,,0,0,0,0
1613755199276,6,1010123456031,76,,1,0,6,1,2,,16.8862,756,183357,0.843424,213,0,8.5,,0,0,0,0,0,0,0,0,0,,750,684,,0,0,0,0
1613755199526,6,1010123456031,76,,1,0,6,1,2,,14.7745,705,184176,0.648544,201,0,7.85714,,0,0,0,0,0,0,0,0,0,,750,639,,0,0,0,0
1613755199777,6,1010123456031,76,,1,0,6,1,2,,17.4703,691,183651,0.733984,193,0,8.66667,,9.79592,49,0,0.1,14,57.1429,0,10.7622,31,,750,630,,0,0,0,6.14286
1613755200026,6,1010123456031,76,,1,0,6,1,2,,13.0606,743,183244,0.583357,211,0,7.33333,,0,0,0,0,0,0,0,0,0,,750,672,,0,0,0,0
1613755200276,6,1010123456031,76,,1,0,6,1,2,,17.3482,718,184418,0.767808,206,0,8.83333,,0,0,0,0,0,0,0,0,0,,750,663,,0,0,0,0
1613755200526,6,1010123456031,76,,1,0,6,1,2,,13.6523,742,183282,0.615582,210,0,7.71429,,0,0,0,0,0,0,0,0,0,,750,672,,0,0,0,0
1613755200777,6,1010123456031,76,,1,0,6,1,2,,17.976,750,184167,0.82094,213,0,9,,0,0,0,0,0,0,0,0,0,,750,687,,0,0,0,0
1613755201026,6,1010123456031,76,,1,0,6,1,2,,13.4381,751,183150,0.612112,216,0,6.25,,14.4375,64,0,0.103068,21,61.9048,0,12.5144,31,,750,696,,0,0,0,6.48438
1613755201276,6,1010123456031,76,,1,0,6,1,2,,17.2099,729,182977,0.764337,206,0,8.8,,0,0,0,0,0,0,0,0,0,,750,660,,0,0,0,0
1613755201526,6,1010123456031,76,,1,0,6,1,2,,17.1413,807,183456,0.837024,229,0,9.14286,,0,0,0,0,0,0,0,0,0,,750,732,,0,0,0,0
1613755201777,6,1010123456031,76,,1,0,6,1,2,,18.2295,732,183184,0.860367,210,0,8.83333,,6,30,0,0.1,9,44.4444,0,9.11437,31,,750,675,,0,0,0,4.96667
1613755202026,6,1010123456031,76,,1,0,6,1,2,,14.8119,739,184405,0.697028,217,0,7.83333,,0,0,0,0,0,0,0,0,0,,750,687,,0,0,0,0
1613755202276,6,1010123456031,76,,1,0,6,1,2,,17.3618,760,184096,0.804594,215,0,8.8,,0,0,0,0,0,0,0,0,0,,750,693,,0,0,0,0
1613755202526,6,1010123456031,76,,1,0,6,1,2,,17.3444,726,183241,0.793414,211,0,8.85714,,0,0,0,0,0,0,0,0,0,,750,678,,0,0,0,0
1613755202777,6,1010123456031,76,,1,0,6,1,2,,13.3531,793,183457,0.70816,228,0,7.16667,,0.1,4,0,0.1,1,0,0,29.2925,31,,750,726,,0,0,0,1
1613755203026,6,1010123456031,76,,1,0,6,1,2,,17.6274,730,183984,0.81041,212,0,8.83333,,7.5,28,0,0.1,8,50,0,2.99629,31,,750,672,,0,0,0,5.5
1613755203276,6,1010123456031,76,,1,0,6,1,2,,15.2873,738,183633,0.768064,206,0,8.33333,,0,0,0,0,0,0,0,0,0,,750,666,,0,0,0,0
1613755203526,6,1010123456031,76,,1,0,6,1,2,,18.806,768,183991,0.9232,220,0,9.42857,,0,0,0,0,0,0,0,0,0,,750,705,,0,0,0,0
1613755203776,6,1010123456031,76,,1,0,6,1,2,,14.5172,756,183346,0.686272,218,0,7.33333,,6,30,0,0.1,9,44.4444,0,10.0171,31,,750,699,,0,0,0,4.6
1613755204027,6,1010123456031,76,,1,0,6,1,2,,16.9235,758,184243,0.781856,217,0,8.66667,,0,3,0,0.1,1,0,0,0,31,,750,693,,0,0,0,0
1613755204277,6,1010123456031,76,,1,0,6,1,2,,16.4929,777,184094,0.774976,218,0,8.5,,0,0,0,0,0,0,0,0,0,,750,699,,0,0,0,0
1613755204526,6,1010123456031,76,,1,0,6,1,2,,12.6798,737,183145,0.554056,207,0,7.71429,,0,0,0,0,0,0,0,0,0,,750,651,,0,0,0,0
1613755204776,6,1010123456031,76,,1,0,6,1,2,,16.7146,792,183296,0.802153,223,0,8.6,,0,3,0,0.1,1,0,0,0,31,,750,720,,0,0,0,0
1613755205026,6,1010123456031,76,,1,0,6,1,2,,14.2287,704,183249,0.641253,207,0,7,,15.2727,22,0,0.1,6,66.6667,0,16.502,0,,750,651,,0,0,0,6.59091
1613755205276,6,1010123456031,76,,1,0,6,1,2,,17.9433,793,184095,0.860466,222,0,9,,0,0,0,0,0,0,0,0,0,,750,717,,0,0,0,0
1613755205526,6,1010123456031,76,,1,0,6,1,2,,10.9536,776,184245,0.539695,221,0,6.57143,,0,0,0,0,0,0,0,0,0,,750,708,,0,0,0,0
1613755205776,6,1010123456031,76,,1,0,6,1,2,,17.1849,779,184002,0.815293,220,0,8.83333,,15,4,0,0,1,100,0,5.68263,0,,750,702,,0,0,0,10
1613755206027,6,1010123456031,76,,1,0,6,1,2,,16.4889,718,183224,0.7496,209,0,8.66667,,15.1287,101,0,0.151744,32,84.375,0,6.14667,31,,750,666,,0,0,0,8.48515
1613755206277,6,1010123456031,76,,1,0,6,1,2,,13.6957,782,183855,0.632672,219,0,7.33333,,0,0,0,0,0,0,0,0,0,,750,699,,0,0,0,0
1613755206526,6,1010123456031,76,,1,0,6,1,2,,12.7053,760,184394,0.627534,220,0,6.66667,,0,0,0,0,0,0,0,0,0,,750,708,,0,0,0,0
1613755206776,6,1010123456031,76,,1,0,6,1,2,,15.2967,637,183193,0.595598,182,0,9,,6,30,0,0.1,9,44.4444,0,8.42148,31,,750,576,,0,0,0,4.86667
1613755207027,6,1010123456031,76,,1,0,6,1,2,,14.6753,773,184042,0.717952,222,0,7.16667,,0,0,0,0,0,0,0,0,0,,750,711,,0,0,0,0
1613755207276,6,1010123456031,76,,1,0,6,1,2,,15.4914,757,183899,0.700016,214,0,8.66667,,0,0,0,0,0,0,0,0,0,,750,690,,0,0,0,0
1613755207527,6,1010123456031,76,,1,0,6,1,2,,16.3937,729,183647,0.730336,207,0,8,,0,0,0,0,0,0,0,0,0,,750,654,,0,0,0,0
1613755207777,6,1010123456031,76,,1,0,6,1,2,,13.6391,701,183757,0.560192,201,0,8.16667,,0,3,0,0.1,1,0,0,0,31,,750,642,,0,0,0,0
1613755208026,6,1010123456031,76,,1,0,6,1,2,,15.0067,748,183086,0.702747,217,0,8.16667,,0.1,28,0,0.1,8,0,0,9.31925,31,,750,687,,0,0,0,1.10714
1613755208276,6,1010123456031,76,,1,0,6,1,2,,15.9007,695,184423,0.674345,199,0,8.33333,,0,0,0,0,0,0,0,0,0,,750,648,,0,0,0,0
1613755208526,6,1010123456031,76,,1,0,6,1,2,,14.1569,752,183312,0.662554,220,0,7.57143,,0,0,0,0,0,0,0,0,0,,750,690,,0,0,0,0
1613755208776,6,1010123456031,76,,1,0,6,1,2,,17.9243,753,183778,0.833253,215,0,9,,12,20,0,0.1,5,80,0,8.75546,0,,750,693,,0,0,0,8.2
1613755209026,6,1010123456031,76,,1,0,6,1,2,,16.1859,683,183164,0.692112,198,0,8.5,,0,3,0,0.1,1,0,0,0,0,,750,633,,0,0,0,0
1613755209276,6,1010123456031,76,,1,0,6,1,2,,17.0571,771,183401,0.788768,217,0,8.83333,,0,0,0,0,0,0,0,0,0,,750,696,,0,0,0,0
1613755209526,6,1010123456031,76,,1,0,6,1,2,,16.0804,771,183425,0.867116,223,0,8.57143,,0,0,0,0,0,0,0,0,0,,750,711,,0,0,0,0
1613755209776,6,1010123456031,76,,1,0,6,1,2,,16.6776,735,183691,0.745735,209,0,8.66667,,11.75,16,0,0.1,5,80,0,4.89372,0,,750,669,,0,0,0,7.75
1613755210026,6,1010123456031,76,,1,0,6,1,2,,13.1967,727,183176,0.606104,211,0,7,,0.1,4,0,0.1,1,0,0,5.02064,31,,750,669,,0,0,0,1
1613755210276,6,1010123456031,76,,1,0,6,1,2,,17.6853,769,184014,0.822522,217,0,9,,0,0,0,0,0,0,0,0,0,,750,690,,0,0,0,0
1613755210526,6,1010123456031,76,,1,0,6,1,2,,17.9032,713,183286,0.789462,204,0,9,,0,0,0,0,0,0,0,0,0,,750,657,,0,0,0,0
1613755210777,6,1010123456031,76,,1,0,6,1,2,,16.8914,764,183788,0.79936,222,0,8.66667,,6,30,0,0.1,9,44.4444,0,11.9299,31,,750,705,,0,0,0,4.8
1613755211026,6,1010123456031,76,,1,0,6,1,2,,16.1177,773,183633,0.782715,216,0,7.66667,,0.1,4,0,0.1,1,0,0,31.6556,31,,750,699,,0,0,0,1
1613755211276,6,1010123456031,76,,1,0,6,1,2,,12.7734,706,183640,0.556402,206,0,7.5,,15,4,0,0.1,1,0,0,20.1544,31,,750,660,,0,0,0,1
1613755211526,6,1010123456031,76,,1,0,6,1,2,,17.9084,753,184240,0.832739,215,0,9,,0,0,0,0,0,0,0,0,0,,750,690,,0,0,0,0
1613755211776,6,1010123456031,76,,1,0,6,1,2,,16.1939,722,183405,0.837044,209,0,8.5,,0,0,0,0,0,0,0,0,0,,750,675,,0,0,0,0
1613755212026,6,1010123456031,76,,1,0,6,1,2,,19.5014,728,183929,0.981655,214,0,9.83333,,7.80645,31,0,0.1,10,40,0,6.38496,31,,750,681,,0,0,0,5
1613755212276,6,1010123456031,76,,1,0,6,1,2,,13.5525,753,184052,0.621205,211,0,7.16667,,0,0,0,0,0,0,0,0,0,,750,684,,0,0,0,0
1613755212526,6,1010123456031,76,,1,0,6,1,2,,17.2546,754,184452,0.797044,216,0,8.85714,,0,0,0,0,0,0,0,0,0,,750,681,,0,0,0,0
1613755212776,6,1010123456031,76,,1,0,6,1,2,,16.8168,737,183310,0.759454,210,0,8.5,,0.258065,31,0,0.1,9,0,0,2.8599,31,,750,675,,0,0,0,1.45161
1613755213026,6,1010123456031,76,,1,0,6,1,2,,14.7834,748,184033,0.692819,216,0,7.66667,,0,3,0,0.1,1,0,0,0,31,,750,690,,0,0,0,0
1613755213276,6,1010123456031,76,,1,0,6,1,2,,18.403,722,183563,0.838297,206,0,9.33333,,0,0,0,0,0,0,0,0,0,,750,669,,0,0,0,0
1613755213526,6,1010123456031,76,,1,0,6,1,2,,18.2102,728,184149,0.861792,211,0,9,,0,0,0,0,0,0,0,0,0,,750,678,,0,0,0,0
1613755213776,6,1010123456031,76,,1,0,6,1,2,,18.1485,761,183400,0.862972,220,0,9.5,,8.22581,31,0,0.1,9,44.4444,0,8.77823,31,,750,702,,0,0,0,5.25806
1613755214026,6,1010123456031,76,,1,0,6,1,2,,16.7324,751,183724,0.865125,215,0,8.5,,0,0,0,0,0,0,0,0,0,,750,684,,0,0,0,0
1613755214276,6,1010123456031,76,,1,0,6,1,2,,17.9767,773,183675,0.850859,219,0,9,,0,0,0,0,0,0,0,0,0,,750,702,,0,0,0,0
1613755214527,6,1010123456031,76,,1,0,6,1,2,,18.9481,713,184055,0.904128,206,0,8.42857,,0,0,0,0,0,0,0,0,0,,750,654,,0,0,0,0
1613755214777,6,1010123456031,76,,1,0,6,1,2,,14.5846,715,183013,0.648416,205,0,8.83333,,6.2069,29,0,0.1,9,44.4444,0,8.8622,31,,750,660,,0,0,0,4.72414
1613755215026,6,1010123456031,76,,1,0,6,1,2,,16.4954,763,183992,0.843309,218,0,8,,0,0,0,0,0,0,0,0,0,,750,708,,0,0,0,0
1613755215276,6,1010123456031,76,,1,0,6,1,2,,16.5419,716,183495,0.702651,202,0,9,,0,0,0,0,0,0,0,0,0,,750,651,,0,0,0,0
1613755215526,6,1010123456031,76,,1,0,6,1,2,,16.4576,778,183042,0.774072,221,0,9.14286,,0,0,0,0,0,0,0,0,0,,750,699,,0,0,0,0
1613755215776,6,1010123456031,76,,1,0,6,1,2,,18.6473,774,183675,0.942201,220,0,8.83333,,0.1,27,0,0.1,8,0,0,3.49477,31,,750,699,,0,0,0,1
1613755216026,6,1010123456031,76,,1,0,6,1,2,,17.9443,700,183368,0.767165,198,0,9,,0,3,0,0.1,1,0,0,0,31,,750,639,,0,0,0,0
1613755216276,6,1010123456031,76,,1,0,6,1,2,,7.73718,780,184421,0.38808,223,0,4.66667,,0,0,0,0,0,0,0,0,0,,750,705,,0,0,0,0
1613755216526,6,1010123456031,76,,1,0,6,1,2,,17.4626,748,184591,0.782361,211,0,9,,0,0,0,0,0,0,0,0,0,,750,678,,0,0,0,0
1613755216776,6,1010123456031,76,,1,0,6,1,2,,17.0407,762,183994,0.829655,215,0,8.83333,,0,0,0,0,0,0,0,0,0,,750,696,,0,0,0,0
1613755217026,6,1010123456031,76,,1,0,6,1,2,,16.228,706,183843,0.722153,209,0,8.66667,,14.0702,57,0,0.1,19,84.2105,0,4.71469,31,,750,663,,0,0,0,8.73684
1613755217276,6,1010123456031,76,,1,0,6,1,2,,18.1223,744,183591,0.83743,209,0,9.33333,,0,0,0,0,0,0,0,0,0,,750,669,,0,0,0,0
1613755217526,6,1010123456031,76,,1,0,6,1,2,,16.6381,724,184099,0.770378,210,0,8.57143,,0,0,0,0,0,0,0,0,0,,750,672,,0,0,0,0
1613755217776,6,1010123456031,76,,1,0,6,1,2,,17.6148,810,183437,0.88368,231,0,8.66667,,0.1,29,0,0.1,8,0,0,2.59023,31,,750,738,,0,0,0,1.41379
1613755218026,6,1010123456031,76,,1,0,6,1,2,,10.5077,717,183702,0.469976,210,0,7,,0,0,0,0,0,0,0,0,0,,750,672,,0,0,0,0
1613755218276,6,1010123456031,76,,1,0,6,1,2,,16.283,689,184409,0.699309,198,0,8.5,,0,0,0,0,0,0,0,0,0,,750,636,,0,0,0,0
1613755218526,6,1010123456031,76,,1,0,6,1,2,,16.1751,691,183705,0.77992,201,0,9,,0,0,0,0,0,0,0,0,0,,750,642,,0,0,0,0
1613755218776,6,1010123456031,76,,1,0,6,1,2,,14.8603,730,183427,0.695582,214,0,8,,0,0,0,0,0,0,0,0,0,,750,675,,0,0,0,0
1613755219026,6,1010123456031,76,,1,0,6,1,2,,15.0823,729,184331,0.719871,208,0,8.16667,,0.1,26,0,0.1,8,0,0,2.69948,31,,750,675,,0,0,0,1.5
1613755219276,6,1010123456031,76,,1,0,6,1,2,,17.9776,802,183228,0.889735,229,0,9,,0,0,0,0,0,0,0,0,0,,750,732,,0,0,0,0
1613755219527,6,1010123456031,76,,1,0,6,1,2,,16.8596,769,184058,0.803456,222,0,7.57143,,0,0,0,0,0,0,0,0,0,,750,699,,0,0,0,0
1613755219776,6,1010123456031,76,,1,0,6,1,2,,15.1502,739,184419,0.686104,211,0,8.83333,,7.82609,23,0,0.1,7,57.1429,0,6.66386,31,,750,684,,0,0,0,5.69565
1613755220026,6,1010123456031,76,,1,0,6,1,2,,17.284,750,184213,0.821333,220,0,8.83333,,0.1,7,0,0.1,2,0,0,1.9328,0,,750,696,,0,0,0,2.14286
1613755220277,6,1010123456031,76,,1,0,6,1,2,,17.285,751,184325,0.798688,215,0,8.83333,,0,0,0,0,0,0,0,0,0,,750,693,,0,0,0,0
1613755220526,6,1010123456031,76,,1,0,6,1,2,,17.7143,756,183550,0.849831,219,0,7.85714,,0,0,0,0,0,0,0,0,0,,750,687,,0,0,0,0
1613755220776,6,1010123456031,76,,1,0,6,1,2,,13.446,648,184545,0.582618,186,0,8.33333,,0.1,4,0,0.1,1,0,0,1.98855,31,,750,603,,0,0,0,1
1613755221026,6,1010123456031,76,,1,0,6,1,2,,16.8914,709,183880,0.731213,203,0,8.83333,,0.1,26,0,0.1,8,0,0,10.4791,0,,750,654,,0,0,0,1
1613755221276,6,1010123456031,76,,1,0,6,1,2,,12.9973,739,183595,0.585317,212,0,6.8,,0,0,0,0,0,0,0,0,0,,750,672,,0,0,0,0
1613755221526,6,1010123456031,76,,1,0,6,1,2,,16.8683,676,183828,0.714667,196,0,8.66667,,0,0,0,0,0,0,0,0,0,,750,633,,0,0,0,0
1613755221777,6,1010123456031,76,,1,0,6,1,2,,16.7956,724,184049,0.75024,209,0,8.83333,,0.1,31,0,0.1,9,0,0,6.83798,31,,750,663,,0,0,0,1.58065
1613755222026,6,1010123456031,76,,1,0,6,1,2,,15.8776,735,184264,0.709365,211,0,8.33333,,0,0,0,0,0,0,0,0,0,,750,678,,0,0,0,0
1613755222276,6,1010123456031,76,,1,0,6,1,2,,17.0883,770,183153,0.808418,218,0,8.66667,,0,0,0,0,0,0,0,0,0,,750,699,,0,0,0,0
1613755222527,6,1010123456031,76,,1,0,6,1,2,,14.0521,787,184042,0.679648,229,0,7.42857,,0,0,0,0,0,0,0,0,0,,750,726,,0,0,0,0
1613755222776,6,1010123456031,76,,1,0,6,1,2,,17.9502,723,183979,0.807068,208,0,9,,10.4167,48,0,0.1,14,57.1429,0,10.0804,31,,750,672,,0,0,0,6.25
1613755223027,6,1010123456031,76,,1,0,6,1,2,,14.1227,766,184164,0.667552,220,0,7.66667,,0,0,0,0,0,0,0,0,0,,750,699,,0,0,0,0
1613755223276,6,1010123456031,76,,1,0,6,1,2,,16.6128,674,183165,0.705317,197,0,8.66667,,0,0,0,0,0,0,0,0,0,,750,633,,0,0,0,0
1613755223526,6,1010123456031,76,,1,0,6,1,2,,12.978,728,183461,0.670233,211,0,7.28571,,0,0,0,0,0,0,0,0,0,,750,675,,0,0,0,0
1613755223776,6,1010123456031,76,,1,0,6,1,2,,17.9332,763,183809,0.830329,216,0,9,,7.27273,33,0,0.1,9,44.4444,0,7.84565,31,,750,696,,0,0,0,5.36364
1613755224026,6,1010123456031,76,,1,0,6,1,2,,16.0644,745,183636,0.799486,224,0,7.2,,0,0,0,0,0,0,0,0,0,,750,705,,0,0,0,0
1613755224276,6,1010123456031,76,,1,0,6,1,2,,18.2444,761,184057,0.87849,217,0,9.83333,,0,3,0,0.1,1,0,0,0,31,,750,696,,0,0,0,0
1613755224526,6,1010123456031,76,,1,0,6,1,2,,18.7986,730,184275,0.939631,214,0,8.71429,,0,0,0,0,0,0,0,0,0,,750,675,,0,0,0,0
1613755224777,6,1010123456031,76,,1,0,6,1,2,,13.0299,703,183638,0.580928,196,0,7.83333,,7.27273,33,0,0.1,9,44.4444,0,5.91747,31,,750,642,,0,0,0,5.48485
1613755225026,6,1010123456031,76,,1,0,6,1,2,,17.4191,742,183701,0.815582,217,0,8.83333,,0,3,0,0.1,1,0,0,0,0,,750,690,,0,0,0,0
1613755225276,6,1010123456031,76,,1,0,6,1,2,,18.4088,746,183563,0.958683,215,0,9.66667,,0.1,4,0,0.1,1,0,0,20.7561,31,,750,687,,0,0,0,1
1613755225526,6,1010123456031,76,,1,0,6,1,2,,18.7671,747,183812,0.935871,217,0,9.42857,,0,0,0,0,0,0,0,0,0,,750,699,,0,0,0,0
1613755225776,6,1010123456031,76,,1,0,6,1,2,,15.6876,717,183117,0.697606,205,0,8.16667,,15,4,0,0,1,100,0,3.19433,0,,750,660,,0,0,0,10
1613755226027,6,1010123456031,76,,1,0,6,1,2,,17.213,737,183895,0.772704,213,0,9,,10.5,24,0,0.1,6,66.6667,0,7.73969,31,,750,681,,0,0,0,7.83333
1613755226276,6,1010123456031,76,,1,0,6,1,2,,15.5188,744,184477,0.707309,213,0,8.16667,,2,4,0,0.1,1,0,0,21.3364,31,,750,681,,0,0,0,1
1613755226526,6,1010123456031,76,,1,0,6,1,2,,16.6441,725,183739,0.736064,210,0,9,,0,0,0,0,0,0,0,0,0,,750,675,,0,0,0,0
1613755226776,6,1010123456031,76,,1,0,6,1,2,,17.324,716,183392,0.774265,207,0,8.83333,,8,30,0,0.1,9,55.5556,0,8.29003,31,,750,666,,0,0,0,5.5
1613755227026,6,1010123456031,76,,1,0,6,1,2,,17.268,724,183260,0.762506,205,0,8.83333,,0.1,7,0,0.1,2,0,0,5.49747,0,,750,657,,0,0,0,1
1613755227276,6,1010123456031,76,,1,0,6,1,2,,17.4623,703,183645,0.753221,200,0,8.83333,,0,0,0,0,0,0,0,0,0,,750,636,,0,0,0,0
1613755227526,6,1010123456031,76,,1,0,6,1,2,,17.3391,749,183136,0.821751,213,0,9,,0,0,0,0,0,0,0,0,0,,750,681,,0,0,0,0
1613755227776,6,1010123456031,76,,1,0,6,1,2,,17.9315,701,184273,0.768932,197,0,9,,0,3,0,0.1,1,0,0,0,31,,750,636,,0,0,0,0
1613755228027,6,1010123456031,76,,1,0,6,1,2,,11.9436,744,183436,0.57088,216,0,6.5,,15.3093,97,0,0.136096,32,87.5,0,5.48043,0,,750,681,,0,0,0,8.57732
1613755228277,6,1010123456031,76,,1,0,6,1,2,,17.834,753,183765,0.833984,210,0,9.33333,,0,0,0,0,0,0,0,0,0,,750,678,,0,0,0,0
1613755228526,6,1010123456031,76,,1,0,6,1,2,,17.9479,749,183136,0.829365,214,0,9,,0,0,0,0,0,0,0,0,0,,750,678,,0,0,0,0
1613755228776,6,1010123456031,76,,1,0,6,1,2,,16.8043,695,183260,0.761671,199,0,8.83333,,0,3,0,0.1,1,0,0,0,31,,750,645,,0,0,0,0
1613755229026,6,1010123456031,76,,1,0,6,1,2,,16.0986,700,183608,0.714988,206,0,8.5,,2,30,0,0.1,9,0,0,8.84616,0,,750,663,,0,0,0,2
1613755229276,6,1010123456031,76,,1,0,6,1,2,,16.0267,749,183194,0.810763,213,0,8.5,,0,0,0,0,0,0,0,0,0,,750,678,,0,0,0,0
1613755229526,6,1010123456031,76,,1,0,6,1,2,,16.8324,704,184108,0.732723,202,0,8.71429,,0,0,0,0,0,0,0,0,0,,750,654,,0,0,0,0
1613755229776,6,1010123456031,76,,1,0,6,1,2,,10.4857,733,184378,0.490056,213,0,6,,0,0,0,0,0,0,0,0,0,,750,675,,0,0,0,0
1613755230026,6,1010123456031,76,,1,0,6,1,2,,16.8838,723,183203,0.743454,206,0,8.66667,,0.1,24,0,0.1,7,0,0,14.1142,31,,750,675,,0,0,0,1
1613755230276,6,1010123456031,76,,1,0,6,1,2,,14.8361,781,183411,0.735839,221,0,7.83333,,0,0,0,0,0,0,0,0,0,,750,708,,0,0,0,0
1613755230527,6,1010123456031,76,,1,0,6,1,2,,16.5257,759,183430,0.735808,216,0,8.71429,,0,0,0,0,0,0,0,0,0,,750,693,,0,0,0,0
1613755230776,6,1010123456031,76,,1,0,6,1,2,,17.5882,743,183862,0.806104,210,0,8.66667,,0,0,0,0,0,0,0,0,0,,750,672,,0,0,0,0
1613755231026,6,1010123456031,76,,1,0,6,1,2,,16.6602,721,183201,0.727261,208,0,8.66667,,0.1,26,0,0.1,7,0,0,6.51828,31,,750,666,,0,0,0,1.57692
1613755231276,6,1010123456031,76,,1,0,6,1,2,,17.4062,768,183922,0.839775,222,0,8.83333,,0,0,0,0,0,0,0,0,0,,750,711,,0,0,0,0
1613755231526,6,1010123456031,76,,1,0,6,1,2,,13.6521,753,183476,0.649157,219,0,7.71429,,0,0,0,0,0,0,0,0,0,,750,687,,0,0,0,0
1613755231776,6,1010123456031,76,,1,0,6,1,2,,17.4315,693,183534,0.741076,198,0,9,,6,30,0,0.1,9,44.4444,0,8.96182,31,,750,645,,0,0,0,5.3
1613755232026,6,1010123456031,76,,1,0,6,1,2,,18.3265,784,183275,0.904321,227,0,9.5,,0,0,0,0,0,0,0,0,0,,750,723,,0,0,0,0
1613755232276,6,1010123456031,76,,1,0,6,1,2,,18.2523,745,183179,0.867149,214,0,9,,0,0,0,0,0,0,0,0,0,,750,693,,0,0,0,0
1613755232526,6,1010123456031,76,,1,0,6,1,2,,17.8907,796,183701,0.896996,231,0,8.71429,,0,0,0,0,0,0,0,0,0,,750,729,,0,0,0,0
1613755232777,6,1010123456031,76,,1,0,6,1,2,,16.256,754,184321,0.737888,213,0,8.66667,,0.1,4,0,0.1,1,0,0,30.2891,31,,750,690,,0,0,0,1
1613755233026,6,1010123456031,76,,1,0,6,1,2,,17.0379,766,184494,0.812369,221,0,8.66667,,6.62791,43,0,0.1,12,33.3333,0,11.5974,0,,750,711,,0,0,0,4.34884
1613755233277,6,1010123456031,76,,1,0,6,1,2,,11.3167,761,183082,0.51664,217,0,6.16667,,0,0,0,0,0,0,0,0,0,,750,690,,0,0,0,0
1613755233526,6,1010123456031,76,,1,0,6,1,2,,16.0802,673,183850,0.674699,196,0,8.42857,,0,0,0,0,0,0,0,0,0,,750,609,,0,0,0,0
1613755233776,6,1010123456031,76,,1,0,6,1,2,,19.9588,680,183770,0.91894,186,0,9.83333,,0,0,0,0,0,0,0,0,0,,750,618,,0,0,0,0
1613755234026,6,1010123456031,76,,1,0,6,1,2,,14.1024,742,183047,0.656643,216,0,7.16667,,15.1519,79,0,0.17645,25,80,0,6.34485,31,,750,693,,0,0,0,8.29114
1613755234276,6,1010123456031,76,,1,0,6,1,2,,16.3137,730,184232,0.725269,208,0,8.5,,0,0,0,0,0,0,0,0,0,,750,657,,0,0,0,0
1613755234526,6,1010123456031,76,,1,0,6,1,2,,17.4199,743,184280,0.809478,215,0,8.85714,,0,0,0,0,0,0,0,0,0,,750,690,,0,0,0,0
1613755234777,6,1010123456031,76,,1,0,6,1,2,,16.344,718,183435,0.8072,207,0,8.6,,0,0,0,0,0,0,0,0,0,,750,666,,0,0,0,0
1613755235026,6,1010123456031,76,,1,0,6,1,2,,15.3715,673,184102,0.622908,196,0,8.66667,,5.83333,36,0,0.1,10,50,0,7.10219,31,,750,630,,0,0,0,5.58333
1613755235277,6,1010123456031,76,,1,0,6,1,2,,16.4621,712,183648,0.832544,209,0,8.5,,0,0,0,0,0,0,0,0,0,,750,666,,0,0,0,0
1613755235526,6,1010123456031,76,,1,0,6,1,2,,14.9903,721,183442,0.673574,207,0,7.71429,,0,0,0,0,0,0,0,0,0,,750,660,,0,0,0,0
1613755235776,6,1010123456031,76,,1,0,6,1,2,,17.9679,747,183978,0.82702,213,0,9,,0.1,29,0,0.1,8,0,0,3.91821,31,,750,693,,0,0,0,1.13793
1613755236027,6,1010123456031,76,,1,0,6,1,2,,15.5188,717,182963,0.704544,209,0,7.66667,,0.1,4,0,0.1,1,0,0,28.6875,31,,750,666,,0,0,0,1
1613755236276,6,1010123456031,76,,1,0,6,1,2,,17.9565,758,183162,0.845944,218,0,9,,0,0,0,0,0,0,0,0,0,,750,702,,0,0,0,0
1613755236526,6,1010123456031,76,,1,0,6,1,2,,12.6167,754,184089,0.644434,218,0,6.85714,,0,0,0,0,0,0,0,0,0,,750,690,,0,0,0,0
1613755236777,6,1010123456031,76,,1,0,6,1,2,,17.3241,719,183960,0.762368,204,0,9,,8.63636,33,0,0.1,9,44.4444,0,4.7628,31,,750,657,,0,0,0,5.36364
1613755237026,6,1010123456031,76,,1,0,6,1,2,,14.9149,776,183713,0.730602,224,0,7.66667,,0,3,0,0.1,1,0,0,0,31,,750,717,,0,0,0,0
1613755237276,6,1010123456031,76,,1,0,6,1,2,,17.0445,787,183215,0.823968,226,0,8.66667,,0,0,0,0,0,0,0,0,0,,750,723,,0,0,0,0
1613755237526,6,1010123456031,76,,1,0,6,1,2,,17.3556,734,183609,0.790747,212,0,9.28572,,0,0,0,0,0,0,0,0,0,,750,681,,0,0,0,0
1613755237776,6,1010123456031,76,,1,0,6,1,2,,17.8646,768,184193,0.890699,221,0,8.66667,,15,4,0,0.1,1,0,0,23.1951,31,,750,708,,0,0,0,1
1613755238026,6,1010123456031,76,,1,0,6,1,2,,17.9618,706,184249,0.822618,212,0,9,,12.7255,51,0,0.1,16,75,0,7.28353,0,,750,666,,0,0,0,7.88235
1613755238276,6,1010123456031,76,,1,0,6,1,2,,15.6468,790,183447,0.732498,221,0,8.2,,0,0,0,0,0,0,0,0,0,,750,711,,0,0,0,0
1613755238526,6,1010123456031,76,,1,0,6,1,2,,15.6727,770,183827,0.75245,222,0,8.14286,,0,0,0,0,0,0,0,0,0,,750,714,,0,0,0,0
1613755238776,6,1010123456031,76,,1,0,6,1,2,,14.6415,742,183453,0.687004,213,0,7.5,,0,0,0,0,0,0,0,0,0,,750,684,,0,0,0,0
1613755239026,6,1010123456031,76,,1,0,6,1,2,,16.9811,741,184053,0.787823,217,0,8.83333,,6.81818,33,0,0.1,9,44.4444,0,5.74218,31,,750,690,,0,0,0,5.42424
1613755239276,6,1010123456031,76,,1,0,6,1,2,,16.2872,794,183491,0.791357,227,0,8.33333,,0,0,0,0,0,0,0,0,0,,750,729,,0,0,0,0
1613755239526,6,1010123456031,76,,1,0,6,1,2,,16.7763,769,184225,0.782201,222,0,8.71429,,0,0,0,0,0,0,0,0,0,,750,702,,0,0,0,0
1613755239776,6,1010123456031,76,,1,0,6,1,2,,14.3333,732,183516,0.669044,208,0,6.5,,0,3,0,0.1,1,0,0,0,31,,750,660,,0,0,0,0
1613755240026,6,1010123456031,76,,1,0,6,1,2,,14.452,719,184301,0.643631,213,0,8.5,,0.1,30,0,0.1,8,0,0,2.96789,0,,750,663,,0,0,0,1.13333
1613755240277,6,1010123456031,76,,1,0,6,1,2,,17.3443,787,183458,0.807456,217,0,8.83333,,0,0,0,0,0,0,0,0,0,,750,711,,0,0,0,0
1613755240526,6,1010123456031,76,,1,0,6,1,2,,10.875,744,183012,0.516691,214,0,6.16667,,0,0,0,0,0,0,0,0,0,,750,681,,0,0,0,0
1613755240776,6,1010123456031,76,,1,0,6,1,2,,17.9844,771,184263,0.851534,222,0,9,,0,0,0,0,0,0,0,0,0,,750,711,,0,0,0,0
1613755241026,6,1010123456031,76,,1,0,6,1,2,,14.168,750,183226,0.658988,215,0,7.33333,,7.5,32,0,0.1,9,44.4444,0,6.74392,31,,750,690,,0,0,0,5.5
1613755241276,6,1010123456031,76,,1,0,6,1,2,,17.2608,767,184361,0.816032,219,0,8.83333,,0,0,0,0,0,0,0,0,0,,750,699,,0,0,0,0
1613755241526,6,1010123456031,76,,1,0,6,1,2,,18.1483,708,183402,0.853237,209,0,9.28572,,0,0,0,0,0,0,0,0,0,,750,663,,0,0,0,0
1613755241776,6,1010123456031,76,,1,0,6,1,2,,14.2497,741,183919,0.649414,209,0,7.5,,7.74194,31,0,0.1,9,55.5556,0,8.28748,31,,750,672,,0,0,0,6.22581
1613755242026,6,1010123456031,76,,1,0,6,1,2,,17.9575,777,183182,0.877044,226,0,9,,0,3,0,0.1,1,0,0,0,0,,750,723,,0,0,0,0
1613755242276,6,1010123456031,76,,1,0,6,1,2,,19.6867,731,183738,0.973687,210,0,9.6,,0,0,0,0,0,0,0,0,0,,750,669,,0,0,0,0
1613755242526,6,1010123456031,76,,1,0,6,1,2,,17.2121,726,183200,0.788177,212,0,8.85714,,0,0,0,0,0,0,0,0,0,,750,675,,0,0,0,0
1613755242777,6,1010123456031,76,,1,0,6,1,2,,18.3721,782,183337,0.984576,224,0,9.5,,6,30,0,0.1,9,44.4444,0,11.9345,31,,750,717,,0,0,0,4.6
1613755243027,6,1010123456031,76,,1,0,6,1,2,,17.3342,727,184061,0.782272,210,0,8.83333,,0.1,4,0,0.1,1,0,0,2.74603,31,,750,678,,0,0,0,1
1613755243276,6,1010123456031,76,,1,0,6,1,2,,12.8912,754,184450,0.639293,218,0,5.8,,0,0,0,0,0,0,0,0,0,,750,696,,0,0,0,0
1613755243526,6,1010123456031,76,,1,0,6,1,2,,18.3557,759,184251,0.883759,217,0,9.42857,,0,0,0,0,0,0,0,0,0,,750,696,,0,0,0,0
1613755243776,6,1010123456031,76,,1,0,6,1,2,,17.4356,730,183551,0.781719,209,0,8.6,,0.1,32,0,0.1,9,0,0,9.71017,31,,750,678,,0,0,0,2.25
1613755244026,6,1010123456031,76,,1,0,6,1,2,,16.3613,667,183487,0.678876,196,0,8.33333,,0,0,0,0,0,0,0,0,0,,750,627,,0,0,0,0
1613755244276,6,1010123456031,76,,1,0,6,1,2,,15.0051,784,183276,0.747309,222,0,7.5,,0,0,0,0,0,0,0,0,0,,750,711,,0,0,0,0
1613755244526,6,1010123456031,76,,1,0,6,1,2,,13.8786,667,183113,0.560739,193,0,7.85714,,0,0,0,0,0,0,0,0,0,,750,621,,0,0,0,0
1613755244776,6,1010123456031,76,,1,0,6,1,2,,17.3926,754,184427,0.813269,217,0,8.83333,,0,3,0,0.1,1,0,0,0,31,,750,693,,0,0,0,0
1613755245026,6,1010123456031,76,,1,0,6,1,2,,14.1505,731,183834,0.687454,209,0,7.83333,,15.9375,16,0,0.1,5,80,0,17.4081,0,,750,675,,0,0,0,7.75
1613755245276,6,1010123456031,76,,1,0,6,1,2,,17.9337,724,183788,0.807068,208,0,9,,0,0,0,0,0,0,0,0,0,,750,666,,0,0,0,0
1613755245526,6,1010123456031,76,,1,0,6,1,2,,16.6129,744,183714,0.769382,215,0,8.83333,,0,0,0,0,0,0,0,0,0,,750,693,,0,0,0,0
1613755245777,6,1010123456031,76,,1,0,6,1,2,,17.1383,788,183146,0.82224,225,0,8.66667,,11.25,16,0,0.1,5,80,0,3.07313,0,,750,720,,0,0,0,7.75
1613755246026,6,1010123456031,76,,1,0,6,1,2,,17.9262,732,184216,0.828851,214,0,9,,0,3,0,0.1,1,0,0,0,31,,750,687,,0,0,0,0
1613755246276,6,1010123456031,76,,1,0,6,1,2,,16.3638,778,184112,0.759904,218,0,8.5,,0,0,0,0,0,0,0,0,0,,750,699,,0,0,0,0
1613755246526,6,1010123456031,76,,1,0,6,1,2,,16.8477,768,183205,0.784704,218,0,9.14286,,0,0,0,0,0,0,0,0,0,,750,699,,0,0,0,0
1613755246776,6,1010123456031,76,,1,0,6,1,2,,17.0442,747,184358,0.914144,211,0,8.33333,,9.79592,49,0,0.1,14,57.1429,0,10.3808,31,,750,678,,0,0,0,6.14286
1613755247026,6,1010123456031,76,,1,0,6,1,2,,17.9532,769,183142,0.86098,222,0,9,,0,3,0,0.1,1,0,0,0,31,,750,699,,0,0,0,0
1613755247276,6,1010123456031,76,,1,0,6,1,2,,16.103,709,183817,0.690056,200,0,8.33333,,0,0,0,0,0,0,0,0,0,,750,654,,0,0,0,0
1613755247526,6,1010123456031,76,,1,0,6,1,2,,17.574,723,183009,0.84151,212,0,9.14286,,0,0,0,0,0,0,0,0,0,,750,666,,0,0,0,0
1613755247776,6,1010123456031,76,,1,0,6,1,2,,16.5736,734,183170,0.745542,209,0,8.75,,0,3,0,0,1,100,0,0,0,,750,681,,0,0,0,0
1613755248026,6,1010123456031,76,,1,0,6,1,2,,14.2773,732,183606,0.661237,213,0,7.5,,14.6087,23,0,0.1,7,57.1429,0,16.3742,31,,750,678,,0,0,0,6.21739
1613755248276,6,1010123456031,76,,1,0,6,1,2,,17.2715,722,183684,0.756016,203,0,8.83333,,0,0,0,0,0,0,0,0,0,,750,651,,0,0,0,0
1613755248526,6,1010123456031,76,,1,0,6,1,2,,13.824,784,183930,0.668832,223,0,7.85714,,0,0,0,0,0,0,0,0,0,,750,711,,0,0,0,0
1613755248776,6,1010123456031,76,,1,0,6,1,2,,17.9202,677,184339,0.748659,194,0,9,,0.1,4,0,0.1,1,0,0,0.983347,31,,750,624,,0,0,0,1
1613755249026,6,1010123456031,76,,1,0,6,1,2,,13.27,726,183502,0.626859,209,0,6.33333,,3.76,25,0,0.1,8,0,0,14.3053,0,,750,675,,0,0,0,1.48
1613755249276,6,1010123456031,76,,1,0,6,1,2,,13.1188,783,183061,0.612723,221,0,7.5,,0,0,0,0,0,0,0,0,0,,750,699,,0,0,0,0
1613755249526,6,1010123456031,76,,1,0,6,1,2,,15.8105,744,183388,0.710715,213,0,8.42857,,0,0,0,0,0,0,0,0,0,,750,678,,0,0,0,0
1613755249776,6,1010123456031,76,,1,0,6,1,2,,14.2048,757,183309,0.670137,216,0,7.5,,15,4,0,0,1,100,0,6.58216,0,,750,690,,0,0,0,10
1613755250026,6,1010123456031,76,,1,0,6,1,2,,16.8719,757,184013,0.800482,219,0,8.66667,,11.3684,19,0,0.1,5,60,0,15.4053,0,,750,693,,0,0,0,6.68421
1613755250277,6,1010123456031,76,,1,0,6,1,2,,15.5013,752,184282,0.69696,214,0,8.33333,,0,0,0,0,0,0,0,0,0,,750,684,,0,0,0,0
1613755250526,6,1010123456031,76,,1,0,6,1,2,,17.3093,750,183521,0.787759,211,0,8.85714,,0,0,0,0,0,0,0,0,0,,750,681,,0,0,0,0
1613755250776,6,1010123456031,76,,1,0,6,1,2,,14.1238,751,183756,0.664129,215,0,7.2,,11.25,16,0,0.1,5,80,0,2.6244,0,,750,681,,0,0,0,8
1613755251026,6,1010123456031,76,,1,0,6,1,2,,16.4057,774,183403,0.800353,219,0,8,,0,3,0,0.1,1,0,0,0,31,,750,702,,0,0,0,0
1613755251276,6,1010123456031,76,,1,0,6,1,2,,17.5279,788,183527,0.879679,222,0,9.2,,0,0,0,0,0,0,0,0,0,,750,714,,0,0,0,0
1613755251526,6,1010123456031,76,,1,0,6,1,2,,16.2817,710,184161,0.692145,201,0,8.66667,,0,0,0,0,0,0,0,0,0,,750,642,,0,0,0,0
1613755251777,6,1010123456031,76,,1,0,6,1,2,,14.2686,752,184487,0.67184,217,0,7.16667,,15.2877,73,0,0.197152,23,78.2609,0,7.80893,31,,750,696,,0,0,0,7.78082
1613755252026,6,1010123456031,76,,1,0,6,1,2,,13.7891,735,184439,0.615968,209,0,7.83333,,13.3333,24,0,0.1,7,85.7143,0,1.07201,0,,750,675,,0,0,0,8.5
1613755252276,6,1010123456031,76,,1,0,6,1,2,,17.9282,752,184059,0.817703,211,0,9,,0,0,0,0,0,0,0,0,0,,750,675,,0,0,0,0
1613755252526,6,1010123456031,76,,1,0,6,1,2,,13.0811,752,183277,0.60845,214,0,7.14286,,0,0,0,0,0,0,0,0,0,,750,675,,0,0,0,0
1613755252776,6,1010123456031,76,,1,0,6,1,2,,17.5874,635,184320,0.67955,179,0,8.83333,,0,0,0,0,0,0,0,0,0,,750,567,,0,0,0,0
1613755253026,6,1010123456031,76,,1,0,6,1,2,,9.17219,755,184196,0.44996,219,0,5.5,,5,42,0,0.1,13,30.7692,0,7.29927,31,,750,702,,0,0,0,4.42857
1613755253276,6,1010123456031,76,,1,0,6,1,2,,15.9819,772,183140,0.744386,217,0,8.5,,0,0,0,0,0,0,0,0,0,,750,693,,0,0,0,0
1613755253526,6,1010123456031,76,,1,0,6,1,2,,11.4923,715,183729,0.51698,203,0,7.5,,0,0,0,0,0,0,0,0,0,,750,654,,0,0,0,0
1613755253777,6,1010123456031,76,,1,0,6,1,2,,16.0447,739,183430,0.723936,211,0,8.5,,0.1,4,0,0.1,1,0,0,2.02847,31,,750,672,,0,0,0,1
1613755254026,6,1010123456031,76,,1,0,6,1,2,,17.8546,729,183867,0.8249,211,0,9.33333,,2.5,24,0,0.1,7,0,0,11.9055,31,,750,675,,0,0,0,1
1613755254277,6,1010123456031,76,,1,0,6,1,2,,18.3535,775,184044,0.906912,221,0,9,,0,0,0,0,0,0,0,0,0,,750,705,,0,0,0,0
1613755254526,6,1010123456031,76,,1,0,6,1,2,,17.2426,775,183806,0.824578,221,0,8.83333,,0,0,0,0,0,0,0,0,0,,750,705,,0,0,0,0
1613755254777,6,1010123456031,76,,1,0,6,1,2,,14.3113,771,183687,0.666816,218,0,7.33333,,7.5,32,0,0.1,9,44.4444,0,7.65727,31,,750,699,,0,0,0,5.5
1613755255026,6,1010123456031,76,,1,0,6,1,2,,17.3041,809,183667,0.862297,231,0,8.83333,,0,3,0,0.1,1,0,0,0,31,,750,735,,0,0,0,0
1613755255277,6,1010123456031,76,,1,0,6,1,2,,18,776,183818,0.844096,218,0,9,,0,0,0,0,0,0,0,0,0,,750,705,,0,0,0,0
1613755255526,6,1010123456031,76,,1,0,6,1,2,,18.867,782,183901,1.00058,223,0,9.42857,,0,0,0,0,0,0,0,0,0,,750,708,,0,0,0,0
1613755255776,6,1010123456031,76,,1,0,6,1,2,,15.2857,749,183540,0.683438,214,0,8.16667,,0.1,27,0,0.1,8,0,0,5.02102,31,,750,681,,0,0,0,1.14815
1613755256026,6,1010123456031,76,,1,0,6,1,2,,17.9636,741,184324,0.82702,213,0,9,,0,0,0,0,0,0,0,0,0,,750,681,,0,0,0,0
1613755256276,6,1010123456031,76,,1,0,6,1,2,,18.4786,771,183855,0.929446,221,0,9.33333,,0,0,0,0,0,0,0,0,0,,750,699,,0,0,0,0
1613755256527,6,1010123456031,76,,1,0,6,1,2,,17.9245,755,183259,0.817792,212,0,9,,0,0,0,0,0,0,0,0,0,,750,681,,0,0,0,0
1613755256776,6,1010123456031,76,,1,0,6,1,2,,17.6233,738,183166,0.799936,210,0,9.33333,,0,3,0,0.1,1,0,0,0,31,,750,672,,0,0,0,0
1613755257026,6,1010123456031,76,,1,0,6,1,2,,12.2544,735,184096,0.604787,210,0,6.33333,,15.2121,66,0,0.120064,21,76.1905,0,7.04668,0,,750,684,,0,0,0,7.72727
1613755257276,6,1010123456031,76,,1,0,6,1,2,,17.903,711,183603,0.785574,203,0,9,,0,0,0,0,0,0,0,0,0,,750,636,,0,0,0,0
1613755257526,6,1010123456031,76,,1,0,6,1,2,,16.6322,734,183828,0.840835,205,0,8.5,,0,0,0,0,0,0,0,0,0,,750,672,,0,0,0,0
1613755257777,6,1010123456031,76,,1,0,6,1,2,,17.9645,761,184378,0.830944,215,0,9,,0.1,4,230,0.1,1,0,0,4.24611,31,,750,681,,0,0,0,1
1613755258026,6,1010123456031,76,,1,0,6,1,2,,18.1605,760,183703,0.933398,224,0,9.33333,,2.43333,30,0,0.1,9,0,0,18.4715,0,,750,711,,0,0,0,1.26667
1613755258277,6,1010123456031,76,,1,0,6,1,2,,16.7231,762,184257,0.7888,218,0,8.66667,,0,0,0,0,0,0,0,0,0,,750,702,,0,0,0,0
1613755258526,6,1010123456031,76,,1,0,6,1,2,,15.7293,735,184226,0.727614,215,0,8.14286,,0,0,0,0,0,0,0,0,0,,750,690,,0,0,0,0
1613755258776,6,1010123456031,76,,1,0,6,1,2,,16.9011,718,183466,0.743968,208,0,9,,0,3,0,0.1,1,0,0,0,31,,750,651,,0,0,0,0
1613755259026,6,1010123456031,76,,1,0,6,1,2,,17.9047,724,183336,0.797751,206,0,9,,5.36842,38,0,0.107663,11,9.09091,0,14.8711,0,,750,666,,0,0,0,1.94737
1613755259276,6,1010123456031,76,,1,0,6,1,2,,17.1573,712,183306,0.767968,207,0,8.83333,,0,0,0,0,0,0,0,0,0,,750,660,,0,0,0,0
1613755259526,6,1010123456031,76,,1,0,6,1,2,,17.8568,754,183950,0.838972,217,0,9,,0,0,0,0,0,0,0,0,0,,750,687,,0,0,0,0
1613755259776,6,1010123456031,76,,1,0,6,1,2,,14.0041,724,183817,0.621558,208,0,7.5,,16,4,0,0.1,1,0,0,23.9404,31,,750,672,,0,0,0,1
1613755260026,6,1010123456031,76,,1,0,6,1,2,,15.078,731,184358,0.700145,214,0,7.5,,15.6067,89,0,0.17645,29,82.7586,0,5.80904,0,,750,681,,0,0,0,8.48315
1613755260276,6,1010123456031,76,,1,0,6,1,2,,18.0718,752,183316,0.886554,218,0,9.16667,,0,0,0,0,0,0,0,0,0,,750,705,,0,0,0,0
1613755260526,6,1010123456031,76,,1,0,6,1,2,,17.9612,773,184479,0.873157,225,0,9,,0,0,0,0,0,0,0,0,0,,750,705,,0,0,0,0
1613755260776,6,1010123456031,76,,1,0,6,1,2,,16.7204,626,183280,0.681735,181,0,7.66667,,0.1,31,0,0.1,9,0,0,9.82113,31,,750,591,,0,0,0,1.32258
1613755261027,6,1010123456031,76,,1,0,6,1,2,,15.4395,735,183146,0.693856,217,0,8.83333,,0,0,0,0,0,0,0,0,0,,750,693,,0,0,0,0
1613755261276,6,1010123456031,76,,1,0,6,1,2,,17.4847,619,183333,0.668948,177,0,8.83333,,0,0,0,0,0,0,0,0,0,,750,558,,0,0,0,0
1613755261526,6,1010123456031,76,,1,0,6,1,2,,17.9649,770,183651,0.837655,216,0,9,,0,0,0,0,0,0,0,0,0,,750,699,,0,0,0,0
1613755261776,6,1010123456031,76,,1,0,6,1,2,,17.935,738,183022,0.833767,215,0,9,,11.4706,17,0,0.1,5,80,0,10.6427,0,,750,684,,0,0,0,7.88235
1613755262027,6,1010123456031,76,,1,0,6,1,2,,17.8498,719,183716,0.833632,205,0,9.16667,,0,3,0,0.1,1,0,0,0,31,,750,663,,0,0,0,0
1613755262277,6,1010123456031,76,,1,0,6,1,2,,16.9167,720,184506,0.737824,205,0,8.66667,,0,0,0,0,0,0,0,0,0,,750,651,,0,0,0,0
1613755262526,6,1010123456031,76,,1,0,6,1,2,,16.2672,726,183064,0.716851,206,0,8.42857,,0,0,0,0,0,0,0,0,0,,750,663,,0,0,0,0
1613755262776,6,1010123456031,76,,1,0,6,1,2,,17.25,680,183910,0.723373,195,0,9,,15,4,0,0.1,1,0,0,31.1204,31,,750,627,,0,0,0,1
1613755263026,6,1010123456031,76,,1,0,6,1,2,,15.0714,756,183803,0.725012,220,0,7.66667,,6.92308,26,0,0.1,8,50,0,8.03792,0,,750,702,,0,0,0,5.15385
1613755263277,6,1010123456031,76,,1,0,6,1,2,,17.209,713,183721,0.758304,205,0,8.83333,,0,0,0,0,0,0,0,0,0,,750,663,,0,0,0,0
1613755263526,6,1010123456031,76,,1,0,6,1,2,,17.2843,809,183769,0.862779,230,0,8.71429,,0,0,0,0,0,0,0,0,0,,750,729,,0,0,0,0
1613755263776,6,1010123456031,76,,1,0,6,1,2,,15.8973,711,183251,0.683341,201,0,8.33333,,7.05882,34,0,0.1,9,44.4444,0,7.35077,31,,750,648,,0,0,0,5.23529
1613755264026,6,1010123456031,76,,1,0,6,1,2,,16.9053,697,184023,0.73404,203,0,8.83333,,0,0,0,0,0,0,0,0,0,,750,642,,0,0,0,0
1613755264276,6,1010123456031,76,,1,0,6,1,2,,12.0249,722,183425,0.567582,212,0,6.66667,,0,0,0,0,0,0,0,0,0,,750,669,,0,0,0,0
1613755264526,6,1010123456031,76,,1,0,6,1,2,,17.9677,744,184190,0.815357,210,0,9,,0,0,0,0,0,0,0,0,0,,750,684,,0,0,0,0
1613755264776,6,1010123456031,76,,1,0,6,1,2,,15.548,792,183900,0.736739,223,0,7.83333,,0,3,0,0.1,1,0,0,0,31,,750,720,,0,0,0,0
1613755265027,6,1010123456031,76,,1,0,6,1,2,,14.2054,706,183992,0.6104,205,0,7.5,,15.4531,64,0,0.186848,21,76.1905,0,6.10158,0,,750,660,,0,0,0,8.30208
1613755265276,6,1010123456031,76,,1,0,6,1,2,,16.6455,756,183448,0.777799,217,0,8.8,,0,0,0,0,0,0,0,0,0,,750,693,,0,0,0,0
1613755265526,6,1010123456031,76,,1,0,6,1,2,,18.4641,724,183954,0.889799,211,0,9.33333,,0,0,0,0,0,0,0,0,0,,750,678,,0,0,0,0
1613755265776,6,1010123456031,76,,1,0,6,1,2,,17.8855,777,182978,0.85012,220,0,9.66667,,0,3,0,0.1,1,0,0,0,31,,750,687,,0,0,0,0
1613755266026,6,1010123456031,76,,1,0,6,1,2,,16.2597,747,184041,0.864964,220,0,7.66667,,6.92308,26,0,0.1,8,50,0,2.69529,0,,750,699,,0,0,0,5.65385
1613755266276,6,1010123456031,76,,1,0,6,1,2,,15.0264,758,183051,0.695743,213,0,8,,0,0,0,0,0,0,0,0,0,,750,675,,0,0,0,0
1613755266526,6,1010123456031,76,,1,0,6,1,2,,13.9935,767,183552,0.667341,219,0,7.57143,,0,0,0,0,0,0,0,0,0,,750,693,,0,0,0,0
1613755266777,6,1010123456031,76,,1,0,6,1,2,,17.9649,769,183636,0.838688,217,0,9,,7.27273,33,0,0.1,9,44.4444,0,9.48919,31,,750,696,,0,0,0,5.36364
1613755267026,6,1010123456031,76,,1,0,6,1,2,,16.8336,727,183922,0.757622,209,0,8.66667,,0.1,4,0,0.1,1,0,0,4.73247,31,,750,666,,0,0,0,1
1613755267276,6,1010123456031,76,,1,0,6,1,2,,17.9416,771,184022,0.849831,219,0,9,,0,0,0,0,0,0,0,0,0,,750,702,,0,0,0,0
1613755267527,6,1010123456031,76,,1,0,6,1,2,,17.8692,688,184156,0.77856,202,0,8.71429,,0,0,0,0,0,0,0,0,0,,750,630,,0,0,0,0
1613755267776,6,1010123456031,76,,1,0,6,1,2,,17.2362,724,183849,0.759325,206,0,9,,0,0,0,0,0,0,0,0,0,,750,672,,0,0,0,0
1613755268026,6,1010123456031,76,,1,0,6,1,2,,17.9064,737,183501,0.812787,210,0,9,,6.48649,37,0,0.1,10,40,0,8.58923,31,,750,681,,0,0,0,4.89189
1613755268276,6,1010123456031,76,,1,0,6,1,2,,16.2334,724,183746,0.704707,204,0,8.5,,0,0,0,0,0,0,0,0,0,,750,648,,0,0,0,0
1613755268527,6,1010123456031,76,,1,0,6,1,2,,17.7317,738,184089,0.81312,210,0,7.85714,,0,0,0,0,0,0,0,0,0,,750,669,,0,0,0,0
1613755268776,6,1010123456031,76,,1,0,6,1,2,,12.3228,725,184483,0.571213,211,0,7.66667,,0,3,0,0.1,1,0,0,0,31,,750,666,,0,0,0,0
1613755269027,6,1010123456031,76,,1,0,6,1,2,,17.9552,736,183387,0.822176,213,0,9,,2.22222,27,0,0.1,8,0,0,15.072,0,,750,702,,0,0,0,1.44444
1613755269276,6,1010123456031,76,,1,0,6,1,2,,17.0586,768,179478,0.820755,220,0,9,,0,0,0,0,0,0,0,0,0,,750,699,,0,0,0,0
1613755269526,6,1010123456031,76,,1,0,6,1,2,,18.1561,807,151831,0.9431,234,0,9,,0,0,0,0,0,0,0,0,0,,750,750,,0,0,0,0
1613755269777,6,1010123456031,76,,1,0,6,1,2,,19.4505,819,120009,1.04611,235,0,9.8,,8,30,0,0.1,9,44.4444,0,9.98363,31,,750,750,,0,0,0,4.6
1613755270026,6,1010123456031,76,,1,0,6,1,2,,18.9219,807,89914,1.00222,234,0,9.5,,0,0,0,0,0,0,0,0,0,,750,750,,0,0,0,0
1613755270276,6,1010123456031,76,,1,0,6,1,2,,19.3553,819,57199,1.03888,235,0,9.83333,,0,0,0,0,0,0,0,0,0,,750,750,,0,0,0,0
1613755270526,6,1010123456031,76,,1,0,6,1,2,,14.513,807,35098,0.784386,234,0,7.57143,,0,0,0,0,0,0,0,0,0,,750,750,,0,0,0,0
1613755270776,6,1010123456031,76,,1,0,6,1,2,,18,815,7612,0.909687,234,0,9,,0.1,4,0,0.1,1,0,0,22.6956,31,,750,750,,0,0,0,1
1613755271026,6,1010123456031,76,,1,0,6,1,2,,17.9344,183,0,0.282859,60,0,9,,7.44828,29,0,0.1,9,44.4444,0,12.3901,31,,228,210,,0,0,0,4.72414
1613755271276,6,1010123456031,76,,1,0,6,1,2,,0,0,0,0,0,0,8,,0,0,0,0,0,0,0,0,0,,0,0,,0,0,0,0
1613755271526,6,1010123456031,76,,1,0,6,1,2,,0,0,0,0,0,0,7.4,,0,0,0,0,0,0,0,0,0,,0,0,,0,0,0,0
1613755271776,6,1010123456031,76,,1,0,6,1,2,,0,0,0,0,0,0,7.83333,,0,0,0,0,0,0,0,0,0,,0,0,,0,0,0,0
1613755272026,6,1010123456031,76,,1,0,6,1,2,,0,0,0,0,0,0,8.6,,0,0,0,0,0,0,0,0,0,,0,0,,0,0,0,0
1613755272276,6,1010123456031,76,,1,0,6,1,2,,0,0,0,0,0,0,8.4,,0,0,0,0,0,0,0,0,0,,0,0,,0,0,0,0
1613755272526,6,1010123456031,76,,1,0,6,1,2,,0,0,0,0,0,0,7.5,,0,0,0,0,0,0,0,0,0,,0,0,,0,0,0,0
1613755272776,6,1010123456031,76,,1,0,6,1,2,,0,0,0,0,0,0,9,,0,0,0,0,0,0,0,0,0,,0,0,,0,0,0,0
1613755273026,6,1010123456031,76,,1,0,6,1,2,,0,0,0,0,0,0,7.66667,,0,0,0,0,0,0,0,0,0,,0,0,,0,0,0,0
1613755273276,6,1010123456031,76,,1,0,6,1,2,,0,0,0,0,0,0,7.5,,0,0,0,0,0,0,0,0,0,,0,0,,0,0,0,0
1613755273526,6,1010123456031,76,,1,0,6,1,2,,0,0,0,0,0,0,9.33333,,0,0,0,0,0,0,0,0,0,,0,0,,0,0,0,0
1613755273776,6,1010123456031,76,,1,0,6,1,2,,0,0,0,0,0,0,9,,0,0,0,0,0,0,0,0,0,,0,0,,0,0,0,0
1613755274026,6,1010123456031,76,,1,0,6,1,2,,0,0,0,0,0,0,8.6,,0,0,0,0,0,0,0,0,0,,0,0,,0,0,0,0
1613755274276,6,1010123456031,76,,1,0,6,1,2,,0,0,0,0,0,0,9.33333,,0,0,0,0,0,0,0,0,0,,0,0,,0,0,0,0
1613755274526,6,1010123456031,76,,1,0,6,1,2,,0,0,0,0,0,0,8.28571,,0,0,0,0,0,0,0,0,0,,0,0,,0,0,0,0
1613755274776,6,1010123456031,76,,1,0,6,1,2,,0,0,0,0,0,0,8,,0,0,0,0,0,0,0,0,0,,0,0,,0,0,0,0
1613755275026,6,1010123456031,76,,1,0,6,1,2,,0,0,0,0,0,0,8.25,,0,0,0,0,0,0,0,0,0,,0,0,,0,0,0,0
1613755275276,6,1010123456031,76,,1,0,6,1,2,,0,0,0,0,0,0,9,,15,16,0,0,4,100,0,0.1,0,,0,0,,0,0,0,10
1613755275526,6,1010123456031,76,,1,0,6,1,2,,0,0,0,0,0,0,0.1,,0,0,0,0,0,0,0,0,0,,0,0,,0,0,0,0
1613755275776,6,1010123456031,76,,1,0,6,1,2,,0,0,0,0,0,0,5,,0,0,0,0,0,0,0,0,0,,0,0,,0,0,0,0
1613755276026,6,1010123456031,76,,1,0,6,1,2,,0,0,0,0,0,0,0.1,,0,0,0,0,0,0,0,0,0,,0,0,,0,0,0,0
1613755276276,6,1010123456031,76,,1,0,6,1,2,,0,0,0,0,0,0,0.1,,0,0,0,0,0,0,0,0,0,,0,0,,0,0,0,0
1613755276526,6,1010123456031,76,,1,0,6,1,2,,0,0,0,0,0,0,4,,0,0,0,0,0,0,0,0,0,,0,0,,0,0,0,0
1613755276776,6,1010123456031,76,,1,0,6,1,2,,0,0,0,0,0,0,4.5,,0,0,0,0,0,0,0,0,0,,0,0,,0,0,0,0
1613755277026,6,1010123456031,76,,1,0,6,1,2,,0,0,0,0,0,0,0.1,,0,0,0,0,0,0,0,0,0,,0,0,,0,0,0,0
1613755277276,6,1010123456031,76,,1,0,6,1,2,,0,0,0,0,0,0,9,,0,0,0,0,0,0,0,0,0,,0,0,,0,0,0,0
1613755277526,6,1010123456031,76,,1,0,6,1,2,,0,0,0,0,0,0,8.66667,,0,0,0,0,0,0,0,0,0,,0,0,,0,0,0,0
1613755277776,6,1010123456031,76,,1,0,6,1,2,,0,0,0,0,0,0,6.5,,0,0,0,0,0,0,0,0,0,,0,0,,0,0,0,0
1613755278026,6,1010123456031,76,,1,0,6,1,2,,0,0,0,0,0,0,10,,0,0,0,0,0,0,0,0,0,,0,0,,0,0,0,0
1613755278276,6,1010123456031,76,,1,0,6,1,2,,0,0,0,0,0,0,0.1,,0,0,0,0,0,0,0,0,0,,0,0,,0,0,0,0
1613755278526,6,1010123456031,76,,1,0,6,1,2,,0,0,0,0,0,0,3.66667,,0,0,0,0,0,0,0,0,0,,0,0,,0,0,0,0
1613755278776,6,1010123456031,76,,1,0,6,1,2,,0,0,0,0,0,0,7,,0,0,0,0,0,0,0,0,0,,0,0,,0,0,0,0
1613755279026,6,1010123456031,76,,1,0,6,1,2,,0,0,0,0,0,0,3,,0,0,0,0,0,0,0,0,0,,0,0,,0,0,0,0
1613755279276,6,1010123456031,76,,1,0,6,1,2,,0,0,0,0,0,0,0.1,,0,0,0,0,0,0,0,0,0,,0,0,,0,0,0,0
1613755279526,6,1010123456031,76,,1,0,6,1,2,,0,0,0,0,0,0,7,,0,0,0,0,0,0,0,0,0,,0,0,,0,0,0,0
1613755279776,6,1010123456031,76,,1,0,6,1,2,,0,0,0,0,0,0,6,,0,0,0,0,0,0,0,0,0,,0,0,,0,0,0,0
1613755280026,6,1010123456031,76,,1,0,6,1,2,,0,0,0,0,0,0,2,,0,0,0,0,0,0,0,0,0,,0,0,,0,0,0,0
1613755280276,6,1010123456031,76,,1,0,6,1,2,,0,0,0,0,0,0,13,,0,0,0,0,0,0,0,0,0,,0,0,,0,0,0,0
1613755280526,6,1010123456031,76,,1,0,6,1,2,,0,0,0,0,0,0,7,,0,0,0,0,0,0,0,0,0,,0,0,,0,0,0,0
1613755280776,6,1010123456031,76,,1,0,6,1,2,,0,0,0,0,0,0,10,,0,0,0,0,0,0,0,0,0,,0,0,,0,0,0,0
1613755281026,6,1010123456031,76,,1,0,6,1,2,,0,0,0,0,0,0,9,,0,0,0,0,0,0,0,0,0,,0,0,,0,0,0,0
1613755281276,6,1010123456031,76,,1,0,6,1,2,,0,0,0,0,0,0,4,,0,0,0,0,0,0,0,0,0,,0,0,,0,0,0,0
1613755281526,6,1010123456031,76,,1,0,6,1,2,,0,0,0,0,0,0,3,,0,0,0,0,0,0,0,0,0,,0,0,,0,0,0,0
1613755281776,6,1010123456031,76,,1,0,6,1,2,,0,0,0,0,0,0,10,,0,0,0,0,0,0,0,0,0,,0,0,,0,0,0,0
1613755282026,6,1010123456031,76,,1,0,6,1,2,,0,0,0,0,0,0,3.5,,0,0,0,0,0,0,0,0,0,,0,0,,0,0,0,0
1613755282276,6,1010123456031,76,,1,0,6,1,2,,0,0,0,0,0,0,7,,0,0,0,0,0,0,0,0,0,,0,0,,0,0,0,0
1613755282526,6,1010123456031,76,,1,0,6,1,2,,0,0,0,0,0,0,6.5,,0,0,0,0,0,0,0,0,0,,0,0,,0,0,0,0
1613755282776,6,1010123456031,76,,1,0,6,1,2,,0,0,0,0,0,0,4,,0,0,0,0,0,0,0,0,0,,0,0,,0,0,0,0
1613755283026,6,1010123456031,76,,1,0,6,1,2,,0,0,0,0,0,0,7.66667,,0,0,0,0,0,0,0,0,0,,0,0,,0,0,0,0
1613755283276,6,1010123456031,76,,1,0,6,1,2,,0,0,0,0,0,0,4,,0,0,0,0,0,0,0,0,0,,0,0,,0,0,0,0
1613755283526,6,1010123456031,76,,1,0,6,1,2,,0,0,0,0,0,0,5,,0,0,0,0,0,0,0,0,0,,0,0,,0,0,0,0
1613755283776,6,1010123456031,76,,1,0,6,1,2,,0,0,0,0,0,0,2.5,,0,0,0,0,0,0,0,0,0,,0,0,,0,0,0,0
1613755284026,6,1010123456031,76,,1,0,6,1,2,,0,0,0,0,0,0,8,,0,0,0,0,0,0,0,0,0,,0,0,,0,0,0,0
1613755284276,6,1010123456031,76,,1,0,6,1,2,,0,0,0,0,0,0,6.66667,,0,0,0,0,0,0,0,0,0,,0,0,,0,0,0,0
1613755284526,6,1010123456031,76,,1,0,6,1,2,,0,0,0,0,0,0,0.1,,0,0,0,0,0,0,0,0,0,,0,0,,0,0,0,0
1613755284776,6,1010123456031,76,,1,0,6,1,2,,0,0,0,0,0,0,2.25,,0,0,0,0,0,0,0,0,0,,0,0,,0,0,0,0
1613755285026,6,1010123456031,76,,1,0,6,1,2,,0,0,0,0,0,0,4,,0,0,0,0,0,0,0,0,0,,0,0,,0,0,0,0
1613755285276,6,1010123456031,76,,1,0,6,1,2,,0,0,0,0,0,0,0.1,,0,0,0,0,0,0,0,0,0,,0,0,,0,0,0,0
1613755285526,6,1010123456031,76,,1,0,6,1,2,,0,0,0,0,0,0,1.5,,0,0,0,0,0,0,0,0,0,,0,0,,0,0,0,0
1613755285776,6,1010123456031,76,,1,0,6,1,2,,0,0,0,0,0,0,5,,0,0,0,0,0,0,0,0,0,,0,0,,0,0,0,0
1613755286026,6,1010123456031,76,,1,0,6,1,2,,0,0,0,0,0,0,1.5,,0,0,0,0,0,0,0,0,0,,0,0,,0,0,0,0
1613755286276,6,1010123456031,76,,1,0,6,1,2,,0,0,0,0,0,0,0.1,,0,0,0,0,0,0,0,0,0,,0,0,,0,0,0,0
1613755286526,6,1010123456031,76,,1,0,6,1,2,,0,0,0,0,0,0,7,,0,0,0,0,0,0,0,0,0,,0,0,,0,0,0,0
1613755286776,6,1010123456031,76,,1,0,6,1,2,,0,0,0,0,0,0,2.5,,0,0,0,0,0,0,0,0,0,,0,0,,0,0,0,0
1613755287026,6,1010123456031,76,,1,0,6,1,2,,0,0,0,0,0,0,2,,0,0,0,0,0,0,0,0,0,,0,0,,0,0,0,0
1613755287276,6,1010123456031,76,,1,0,6,1,2,,0,0,0,0,0,0,5,,0,0,0,0,0,0,0,0,0,,0,0,,0,0,0,0
1613755287526,6,1010123456031,76,,1,0,6,1,2,,0,0,0,0,0,0,12,,0,0,0,0,0,0,0,0,0,,0,0,,0,0,0,0
1613755287776,6,1010123456031,76,,1,0,6,1,2,,0,0,0,0,0,0,5,,0,0,0,0,0,0,0,0,0,,0,0,,0,0,0,0
1613755288026,6,1010123456031,76,,1,0,6,1,2,,0,0,0,0,0,0,9,,0,0,0,0,0,0,0,0,0,,0,0,,0,0,0,0
1613755288276,6,1010123456031,76,,1,0,6,1,2,,0,0,0,0,0,0,13,,0,0,0,0,0,0,0,0,0,,0,0,,0,0,0,0
1613755288526,6,1010123456031,76,,1,0,6,1,2,,0,0,0,0,0,0,9.25,,0,0,0,0,0,0,0,0,0,,0,0,,0,0,0,0
1613755288776,6,1010123456031,76,,1,0,6,1,2,,0,0,0,0,0,0,7,,0,0,0,0,0,0,0,0,0,,0,0,,0,0,0,0
1613755289026,6,1010123456031,76,,1,0,6,1,2,,0,0,0,0,0,0,3.33333,,0,0,0,0,0,0,0,0,0,,0,0,,0,0,0,0
1613755289276,6,1010123456031,76,,1,0,6,1,2,,0,0,0,0,0,0,6.5,,0,0,0,0,0,0,0,0,0,,0,0,,0,0,0,0
1613755289526,6,1010123456031,76,,1,0,6,1,2,,0,0,0,0,0,0,9.66667,,0,0,0,0,0,0,0,0,0,,0,0,,0,0,0,0
1613755289776,6,1010123456031,76,,1,0,6,1,2,,0,0,0,0,0,0,6,,0,0,0,0,0,0,0,0,0,,0,0,,0,0,0,0
1613755290026,6,1010123456031,76,,1,0,6,1,2,,0,0,0,0,0,0,13,,0,0,0,0,0,0,0,0,0,,0,0,,0,0,0,0
1613755290276,6,1010123456031,76,,1,0,6,1,2,,0,0,0,0,0,0,8,,0,0,0,0,0,0,0,0,0,,0,0,,0,0,0,0
1613755290526,6,1010123456031,76,,1,0,6,1,2,,0,0,0,0,0,0,11.4,,0,0,0,0,0,0,0,0,0,,0,0,,0,0,0,0
1613755290776,6,1010123456031,76,,1,0,6,1,2,,0,0,0,0,0,0,13,,0,0,0,0,0,0,0,0,0,,0,0,,0,0,0,0
1613755291026,6,1010123456031,76,,1,0,6,1,2,,0,0,0,0,0,0,1,,0,0,0,0,0,0,0,0,0,,0,0,,0,0,0,0
1613755291276,6,1010123456031,76,,1,0,6,1,2,,0,0,0,0,0,0,6,,0,0,0,0,0,0,0,0,0,,0,0,,0,0,0,0
1613755291526,6,1010123456031,76,,1,0,6,1,2,,0,0,0,0,0,0,2.75,,0,0,0,0,0,0,0,0,0,,0,0,,0,0,0,0
1613755291776,6,1010123456031,76,,1,0,6,1,2,,0,0,0,0,0,0,9,,0,0,0,0,0,0,0,0,0,,0,0,,0,0,0,0
1613755292026,6,1010123456031,76,,1,0,6,1,2,,0,0,0,0,0,0,7.66667,,0,0,0,0,0,0,0,0,0,,0,0,,0,0,0,0
1613755292276,6,1010123456031,76,,1,0,6,1,2,,0,0,0,0,0,0,4.2,,0,0,0,0,0,0,0,0,0,,0,0,,0,0,0,0
1613755292526,6,1010123456031,76,,1,0,6,1,2,,0,0,0,0,0,0,4,,0,0,0,0,0,0,0,0,0,,0,0,,0,0,0,0
1613755292776,6,1010123456031,76,,1,0,6,1,2,,0,0,0,0,0,0,6.66667,,0,0,0,0,0,0,0,0,0,,0,0,,0,0,0,0
1613755293026,6,1010123456031,76,,1,0,6,1,2,,0,0,0,0,0,0,6,,0,0,0,0,0,0,0,0,0,,0,0,,0,0,0,0
1613755293276,6,1010123456031,76,,1,0,6,1,2,,0,0,0,0,0,0,6.5,,0,0,0,0,0,0,0,0,0,,0,0,,0,0,0,0
1613755293526,6,1010123456031,76,,1,0,6,1,2,,0,0,0,0,0,0,8,,0,0,0,0,0,0,0,0,0,,0,0,,0,0,0,0
1613755293776,6,1010123456031,76,,1,0,6,1,2,,0,0,0,0,0,0,7.75,,0,0,0,0,0,0,0,0,0,,0,0,,0,0,0,0
1613755294026,6,1010123456031,76,,1,0,6,1,2,,0,0,0,0,0,0,10.5,,0,0,0,0,0,0,0,0,0,,0,0,,0,0,0,0
1613755294276,6,1010123456031,76,,1,0,6,1,2,,0,0,0,0,0,0,12,,0,0,0,0,0,0,0,0,0,,0,0,,0,0,0,0
1613755294526,6,1010123456031,76,,1,0,6,1,2,,0,0,0,0,0,0,2,,0,0,0,0,0,0,0,0,0,,0,0,,0,0,0,0
1613755294776,6,1010123456031,76,,1,0,6,1,2,,0,0,0,0,0,0,7.8,,0,0,0,0,0,0,0,0,0,,0,0,,0,0,0,0
1613755295026,6,1010123456031,76,,1,0,6,1,2,,0,0,0,0,0,0,4,,0,0,0,0,0,0,0,0,0,,0,0,,0,0,0,0
1613755295276,6,1010123456031,76,,1,0,6,1,2,,0,0,0,0,0,0,11,,0,0,0,0,0,0,0,0,0,,0,0,,0,0,0,0
1613755295526,6,1010123456031,76,,1,0,6,1,2,,0,0,0,0,0,0,6.2,,0,0,0,0,0,0,0,0,0,,0,0,,0,0,0,0
1613755295776,6,1010123456031,76,,1,0,6,1,2,,0,0,0,0,0,0,10.5,,0,0,0,0,0,0,0,0,0,,0,0,,0,0,0,0
1613755296026,6,1010123456031,76,,1,0,6,1,2,,0,0,0,0,0,0,5.5,,0,0,0,0,0,0,0,0,0,,0,0,,0,0,0,0
1613755296276,6,1010123456031,76,,1,0,6,1,2,,0,0,0,0,0,0,8,,0,0,0,0,0,0,0,0,0,,0,0,,0,0,0,0
1613755296526,6,1010123456031,76,,1,0,6,1,2,,0,0,0,0,0,0,0.666667,,0,0,0,0,0,0,0,0,0,,0,0,,0,0,0,0
1613755296776,6,1010123456031,76,,1,0,6,1,2,,0,0,0,0,0,0,8.5,,0,0,0,0,0,0,0,0,0,,0,0,,0,0,0,0
1613755297026,6,1010123456031,76,,1,0,6,1,2,,0,0,0,0,0,0,12.5,,0,0,0,0,0,0,0,0,0,,0,0,,0,0,0,0
1613755297276,6,1010123456031,76,,1,0,6,1,2,,0,0,0,0,0,0,13,,0,0,0,0,0,0,0,0,0,,0,0,,0,0,0,0
