Timestamp,num_ues,IMSI,RNTI,,slicing_enabled,slice_id,slice_prb,power_multiplier,scheduling_policy,,dl_mcs,dl_n_samples,dl_buffer [bytes],tx_brate downlink [Mbps],tx_pkts downlink,tx_errors downlink (%),dl_cqi,,ul_mcs,ul_n_samples,ul_buffer [bytes],rx_brate uplink [Mbps],rx_pkts uplink,rx_errors uplink (%),ul_rssi,ul_sinr,phr,,sum_requested_prbs,sum_granted_prbs,,dl_pmi,dl_ri,ul_n,ul_turbo_iters
1612824699021,8,1010123456019,74,,1,2,5,1,1,,4.18182,11,0,0.004672,3,0,8.16667,,11.7619,21,0,0.1,6,0,0,33.8815,31,,5,12,,0,0,0,1
1612824699271,5,1010123456019,74,,1,2,5,1,1,,9,4,0,0.001824,1,0,8,,11,7,0,0.1,2,0,0,33.8691,31,,0,3,,0,0,0,1
1612824699521,4,1010123456019,74,,1,2,5,1,1,,0,0,0,0,0,0,8.2,,0,0,0,0,0,0,0,0,0,,0,0,,0,0,0,0
1612824699771,5,1010123456019,74,,1,2,5,1,1,,0,0,0,0,0,0,7.71429,,0,0,0,0,0,0,0,0,0,,0,0,,0,0,0,0
1612824700021,5,1010123456019,74,,1,2,5,1,1,,0,0,0,0,0,0,5.4,,0,0,0,0,0,0,0,0,0,,0,0,,0,0,0,0
1612824700271,5,1010123456019,74,,1,2,5,1,1,,0,0,0,0,0,0,11.4,,0,15,0,0.1,5,0,0,0,31,,0,0,,0,0,0,0
1612824700521,5,1010123456019,74,,1,2,5,1,1,,0,0,0,0,0,0,5.16667,,0,6,0,0.1,2,0,0,0,31,,0,0,,0,0,0,0
1612824700771,5,1010123456019,74,,1,2,5,1,1,,0,0,0,0,0,0,5,,15,4,0,0.1,1,0,0,31.6929,31,,0,0,,0,0,0,1
1612824701021,6,1010123456019,74,,1,2,5,1,1,,0,0,0,0,0,0,4.8,,0,0,0,0,0,0,0,0,0,,0,0,,0,0,0,0
1612824701271,6,1010123456019,74,,1,2,5,1,1,,0,0,0,0,0,0,5.16667,,0,0,0,0,0,0,0,0,0,,0,0,,0,0,0,0
1612824701521,6,1010123456019,74,,1,2,5,1,1,,0,0,0,0,0,0,6.2,,0,0,0,0,0,0,0,0,0,,0,0,,0,0,0,0
1612824701771,6,1010123456019,74,,1,2,5,1,1,,0,0,0,0,0,0,4.4,,0,0,0,0,0,0,0,0,0,,0,0,,0,0,0,0
1612824702021,6,1010123456019,74,,1,2,5,1,1,,0,0,0,0,0,0,6,,0,0,0,0,0,0,0,0,0,,0,0,,0,0,0,0
1612824702271,6,1010123456019,74,,1,2,5,1,1,,0,0,0,0,0,0,6.25,,0,0,0,0,0,0,0,0,0,,0,0,,0,0,0,0
1612824702521,6,1010123456019,74,,1,2,5,1,1,,0,0,0,0,0,0,10,,0,0,0,0,0,0,0,0,0,,0,0,,0,0,0,0
1612824702771,6,1010123456019,74,,1,2,5,1,1,,0,0,0,0,0,0,3.25,,0,0,0,0,0,0,0,0,0,,0,0,,0,0,0,0
1612824703021,6,1010123456019,74,,1,2,5,1,1,,0,0,0,0,0,0,9.75,,0,0,0,0,0,0,0,0,0,,0,0,,0,0,0,0
1612824703271,6,1010123456019,74,,1,2,5,1,1,,0,0,0,0,0,0,10.4,,0,0,0,0,0,0,0,0,0,,0,0,,0,0,0,0
1612824703521,6,1010123456019,74,,1,2,5,1,1,,0,0,0,0,0,0,5.8,,0,0,0,0,0,0,0,0,0,,0,0,,0,0,0,0
1612824703771,6,1010123456019,74,,1,2,5,1,1,,0,0,0,0,0,0,8.85714,,0,0,0,0,0,0,0,0,0,,0,0,,0,0,0,0
1612824704021,6,1010123456019,74,,1,2,5,1,1,,0,0,0,0,0,0,6.75,,0,0,0,0,0,0,0,0,0,,0,0,,0,0,0,0
1612824704271,6,1010123456019,74,,1,2,5,1,1,,0,0,0,0,0,0,6,,0,0,0,0,0,0,0,0,0,,0,0,,0,0,0,0
1612824704521,6,1010123456019,74,,1,2,5,1,1,,0,0,0,0,0,0,7,,0,0,0,0,0,0,0,0,0,,0,0,,0,0,0,0
1612824704771,6,1010123456019,74,,1,2,5,1,1,,0,0,0,0,0,0,4.8,,0,0,0,0,0,0,0,0,0,,0,0,,0,0,0,0
1612824705021,6,1010123456019,74,,1,2,5,1,1,,0,0,0,0,0,0,6.5,,0,0,0,0,0,0,0,0,0,,0,0,,0,0,0,0
1612824705271,6,1010123456019,74,,1,2,5,1,1,,0,0,0,0,0,0,5,,0,0,0,0,0,0,0,0,0,,0,0,,0,0,0,0
1612824705521,6,1010123456019,74,,1,2,5,1,1,,0,0,0,0,0,0,4.5,,0,0,0,0,0,0,0,0,0,,0,0,,0,0,0,0
1612824705771,6,1010123456019,74,,1,2,5,1,1,,0,0,0,0,0,0,6.5,,0,0,0,0,0,0,0,0,0,,0,0,,0,0,0,0
1612824706021,6,1010123456019,74,,1,2,5,1,1,,0,0,0,0,0,0,8.4,,0,0,0,0,0,0,0,0,0,,0,0,,0,0,0,0
1612824706271,6,1010123456019,74,,1,2,5,1,1,,0,0,0,0,0,0,6.16667,,0,0,0,0,0,0,0,0,0,,0,0,,0,0,0,0
1612824706521,6,1010123456019,74,,1,2,5,1,1,,0,0,0,0,0,0,7,,0,0,0,0,0,0,0,0,0,,0,0,,0,0,0,0
1612824706771,6,1010123456019,74,,1,2,5,1,1,,0,0,0,0,0,0,4.2,,0,0,0,0,0,0,0,0,0,,0,0,,0,0,0,0
1612824707021,6,1010123456019,74,,1,2,5,1,1,,0,0,0,0,0,0,7.83333,,0,0,0,0,0,0,0,0,0,,0,0,,0,0,0,0
1612824707271,6,1010123456019,74,,1,2,5,1,1,,0,0,0,0,0,0,8.25,,0,0,0,0,0,0,0,0,0,,0,0,,0,0,0,0
1612824707521,6,1010123456019,74,,1,2,5,1,1,,0,0,0,0,0,0,4,,0,0,0,0,0,0,0,0,0,,0,0,,0,0,0,0
1612824707771,6,1010123456019,74,,1,2,5,1,1,,0,0,0,0,0,0,9,,0,0,0,0,0,0,0,0,0,,0,0,,0,0,0,0
1612824708021,6,1010123456019,74,,1,2,5,1,1,,0,0,0,0,0,0,5.66667,,0,0,0,0,0,0,0,0,0,,0,0,,0,0,0,0
1612824708271,6,1010123456019,74,,1,2,5,1,1,,0,0,0,0,0,0,7.75,,0,0,0,0,0,0,0,0,0,,0,0,,0,0,0,0
1612824708521,6,1010123456019,74,,1,2,5,1,1,,0,0,0,0,0,0,6.5,,0,0,0,0,0,0,0,0,0,,0,0,,0,0,0,0
1612824708771,6,1010123456019,74,,1,2,5,1,1,,0,0,0,0,0,0,7.4,,0,0,0,0,0,0,0,0,0,,0,0,,0,0,0,0
1612824709021,6,1010123456019,74,,1,2,5,1,1,,0,0,0,0,0,0,5.25,,0,0,0,0,0,0,0,0,0,,0,0,,0,0,0,0
1612824709271,6,1010123456019,74,,1,2,5,1,1,,0,0,0,0,0,0,6.33333,,0,0,0,0,0,0,0,0,0,,0,0,,0,0,0,0
1612824709521,6,1010123456019,74,,1,2,5,1,1,,0,0,0,0,0,0,5.8,,0,0,0,0,0,0,0,0,0,,0,0,,0,0,0,0
1612824709771,6,1010123456019,74,,1,2,5,1,1,,0,0,0,0,0,0,9,,0,0,0,0,0,0,0,0,0,,0,0,,0,0,0,0
1612824710021,6,1010123456019,74,,1,2,5,1,1,,0,0,0,0,0,0,6,,0,0,0,0,0,0,0,0,0,,0,0,,0,0,0,0
1612824710271,6,1010123456019,74,,1,2,5,1,1,,0,0,0,0,0,0,9.75,,0,0,0,0,0,0,0,0,0,,0,0,,0,0,0,0
1612824710521,6,1010123456019,74,,1,2,5,1,1,,0,0,0,0,0,0,5.5,,0,0,0,0,0,0,0,0,0,,0,0,,0,0,0,0
1612824710771,6,1010123456019,74,,1,2,5,1,1,,0,0,0,0,0,0,8.16667,,0,0,0,0,0,0,0,0,0,,0,0,,0,0,0,0
1612824711021,6,1010123456019,74,,1,2,5,1,1,,0,0,0,0,0,0,6,,0,0,0,0,0,0,0,0,0,,0,0,,0,0,0,0
1612824711271,6,1010123456019,74,,1,2,5,1,1,,0,0,0,0,0,0,9,,0,0,0,0,0,0,0,0,0,,0,0,,0,0,0,0
1612824711521,6,1010123456019,74,,1,2,5,1,1,,0,0,0,0,0,0,6,,0,0,0,0,0,0,0,0,0,,0,0,,0,0,0,0
1612824711771,6,1010123456019,74,,1,2,5,1,1,,0,0,0,0,0,0,6,,0,0,0,0,0,0,0,0,0,,0,0,,0,0,0,0
1612824712021,6,1010123456019,74,,1,2,5,1,1,,0,0,0,0,0,0,7.5,,0,0,0,0,0,0,0,0,0,,0,0,,0,0,0,0
1612824712271,6,1010123456019,74,,1,2,5,1,1,,0,0,0,0,0,0,6.25,,0,0,0,0,0,0,0,0,0,,0,0,,0,0,0,0
1612824712521,6,1010123456019,74,,1,2,5,1,1,,0,0,0,0,0,0,4.8,,0,0,0,0,0,0,0,0,0,,0,0,,0,0,0,0
1612824712771,6,1010123456019,74,,1,2,5,1,1,,0,0,0,0,0,0,7.6,,0,0,0,0,0,0,0,0,0,,0,0,,0,0,0,0
1612824713021,6,1010123456019,74,,1,2,5,1,1,,0,0,0,0,0,0,5.6,,0,0,0,0,0,0,0,0,0,,0,0,,0,0,0,0
1612824713271,6,1010123456019,74,,1,2,5,1,1,,0,0,0,0,0,0,6,,0,0,0,0,0,0,0,0,0,,0,0,,0,0,0,0
1612824713521,6,1010123456019,74,,1,2,5,1,1,,0,0,0,0,0,0,5.5,,0,0,0,0,0,0,0,0,0,,0,0,,0,0,0,0
1612824713771,6,1010123456019,74,,1,2,5,1,1,,0,0,0,0,0,0,7.4,,0,0,0,0,0,0,0,0,0,,0,0,,0,0,0,0
1612824714021,6,1010123456019,74,,1,2,5,1,1,,0,0,0,0,0,0,4.75,,0,0,0,0,0,0,0,0,0,,0,0,,0,0,0,0
1612824714271,6,1010123456019,74,,1,2,5,1,1,,0,0,0,0,0,0,7.2,,0,0,0,0,0,0,0,0,0,,0,0,,0,0,0,0
1612824714521,6,1010123456019,74,,1,2,5,1,1,,0,0,0,0,0,0,4.2,,0,0,0,0,0,0,0,0,0,,0,0,,0,0,0,0
1612824714771,6,1010123456019,74,,1,2,5,1,1,,0,0,0,0,0,0,5.8,,0,0,0,0,0,0,0,0,0,,0,0,,0,0,0,0
1612824715021,6,1010123456019,74,,1,2,5,1,1,,0,0,0,0,0,0,8.6,,0,0,0,0,0,0,0,0,0,,0,0,,0,0,0,0
1612824715271,6,1010123456019,74,,1,2,5,1,1,,0,0,0,0,0,0,5.83333,,0,0,0,0,0,0,0,0,0,,0,0,,0,0,0,0
1612824715521,6,1010123456019,74,,1,2,5,1,1,,0,0,0,0,0,0,6,,0,0,0,0,0,0,0,0,0,,0,0,,0,0,0,0
1612824715771,6,1010123456019,74,,1,2,5,1,1,,0,0,0,0,0,0,5.85714,,0,0,0,0,0,0,0,0,0,,0,0,,0,0,0,0
1612824716021,6,1010123456019,74,,1,2,5,1,1,,0,0,0,0,0,0,10.75,,0,0,0,0,0,0,0,0,0,,0,0,,0,0,0,0
1612824716271,6,1010123456019,74,,1,2,5,1,1,,0,0,0,0,0,0,5.4,,0,0,0,0,0,0,0,0,0,,0,0,,0,0,0,0
1612824716521,6,1010123456019,74,,1,2,5,1,1,,0,0,0,0,0,0,5,,0,0,0,0,0,0,0,0,0,,0,0,,0,0,0,0
1612824716771,6,1010123456019,74,,1,2,5,1,1,,0,0,0,0,0,0,6.66667,,0,0,0,0,0,0,0,0,0,,0,0,,0,0,0,0
1612824717021,6,1010123456019,74,,1,2,5,1,1,,0,0,0,0,0,0,6.5,,0,0,0,0,0,0,0,0,0,,0,0,,0,0,0,0
1612824717271,6,1010123456019,74,,1,2,5,1,1,,0,0,0,0,0,0,6.8,,0,0,0,0,0,0,0,0,0,,0,0,,0,0,0,0
1612824717521,6,1010123456019,74,,1,2,5,1,1,,0,0,0,0,0,0,6.2,,0,0,0,0,0,0,0,0,0,,0,0,,0,0,0,0
1612824717771,6,1010123456019,74,,1,2,5,1,1,,0,0,0,0,0,0,8.8,,0,0,0,0,0,0,0,0,0,,0,0,,0,0,0,0
1612824718021,6,1010123456019,74,,1,2,5,1,1,,0,0,0,0,0,0,4.8,,0,0,0,0,0,0,0,0,0,,0,0,,0,0,0,0
1612824718271,6,1010123456019,74,,1,2,5,1,1,,0,0,0,0,0,0,6.8,,0,0,0,0,0,0,0,0,0,,0,0,,0,0,0,0
1612824718521,6,1010123456019,74,,1,2,5,1,1,,0,0,0,0,0,0,6.83333,,0,0,0,0,0,0,0,0,0,,0,0,,0,0,0,0
1612824718771,6,1010123456019,74,,1,2,5,1,1,,0,0,0,0,0,0,6,,0,0,0,0,0,0,0,0,0,,0,0,,0,0,0,0
1612824719021,6,1010123456019,74,,1,2,5,1,1,,0,0,0,0,0,0,7.8,,0,0,0,0,0,0,0,0,0,,0,0,,0,0,0,0
1612824719271,6,1010123456019,74,,1,2,5,1,1,,0,0,0,0,0,0,6.16667,,0,0,0,0,0,0,0,0,0,,0,0,,0,0,0,0
1612824719521,6,1010123456019,74,,1,2,5,1,1,,0,0,0,0,0,0,6.33333,,0,0,0,0,0,0,0,0,0,,0,0,,0,0,0,0
1612824719771,6,1010123456019,74,,1,2,5,1,1,,0,0,0,0,0,0,5.66667,,0,0,0,0,0,0,0,0,0,,0,0,,0,0,0,0
1612824720021,6,1010123456019,74,,1,2,5,1,1,,0,0,0,0,0,0,7.5,,0,0,0,0,0,0,0,0,0,,0,0,,0,0,0,0
1612824720271,6,1010123456019,74,,1,2,5,1,1,,0,0,0,0,0,0,4.5,,0,0,0,0,0,0,0,0,0,,0,0,,0,0,0,0
1612824720521,6,1010123456019,74,,1,2,5,1,1,,0,0,0,0,0,0,7,,0,0,0,0,0,0,0,0,0,,0,0,,0,0,0,0
1612824720771,6,1010123456019,74,,1,2,5,1,1,,0,0,0,0,0,0,6,,0,0,0,0,0,0,0,0,0,,0,0,,0,0,0,0
1612824721021,6,1010123456019,74,,1,2,5,1,1,,0,0,0,0,0,0,4.16667,,0,0,0,0,0,0,0,0,0,,0,0,,0,0,0,0
1612824721271,6,1010123456019,74,,1,2,5,1,1,,0,0,0,0,0,0,4.5,,0,0,0,0,0,0,0,0,0,,0,0,,0,0,0,0
1612824721521,6,1010123456019,74,,1,2,5,1,1,,0,0,0,0,0,0,9.8,,0,0,0,0,0,0,0,0,0,,0,0,,0,0,0,0
1612824721771,6,1010123456019,74,,1,2,5,1,1,,0,0,0,0,0,0,5,,0,0,0,0,0,0,0,0,0,,0,0,,0,0,0,0
1612824722021,6,1010123456019,74,,1,2,5,1,1,,0,0,0,0,0,0,3.4,,0,0,0,0,0,0,0,0,0,,0,0,,0,0,0,0
1612824722271,6,1010123456019,74,,1,2,5,1,1,,0,0,0,0,0,0,4.5,,0,0,0,0,0,0,0,0,0,,0,0,,0,0,0,0
1612824722521,6,1010123456019,74,,1,2,5,1,1,,0,0,0,0,0,0,7.8,,0,0,0,0,0,0,0,0,0,,0,0,,0,0,0,0
1612824722771,6,1010123456019,74,,1,2,5,1,1,,0,0,0,0,0,0,8.16667,,0,0,0,0,0,0,0,0,0,,0,0,,0,0,0,0
1612824723021,6,1010123456019,74,,1,2,5,1,1,,0,0,0,0,0,0,7.4,,0,0,0,0,0,0,0,0,0,,0,0,,0,0,0,0
1612824723271,6,1010123456019,74,,1,2,5,1,1,,0,0,0,0,0,0,7,,0,0,0,0,0,0,0,0,0,,0,0,,0,0,0,0
1612824723521,6,1010123456019,74,,1,2,5,1,1,,0,0,0,0,0,0,3.6,,0,0,0,0,0,0,0,0,0,,0,0,,0,0,0,0
1612824723771,6,1010123456019,74,,1,2,5,1,1,,0,0,0,0,0,0,6.5,,0,0,0,0,0,0,0,0,0,,0,0,,0,0,0,0
1612824724021,6,1010123456019,74,,1,2,5,1,1,,0,0,0,0,0,0,7,,0,0,0,0,0,0,0,0,0,,0,0,,0,0,0,0
1612824724271,6,1010123456019,74,,1,2,5,1,1,,0,0,0,0,0,0,5.25,,0,0,0,0,0,0,0,0,0,,0,0,,0,0,0,0
1612824724521,6,1010123456019,74,,1,2,5,1,1,,0,0,0,0,0,0,7.33333,,0,0,0,0,0,0,0,0,0,,0,0,,0,0,0,0
1612824724771,6,1010123456019,74,,1,2,5,1,1,,0,0,0,0,0,0,7,,0,0,0,0,0,0,0,0,0,,0,0,,0,0,0,0
1612824725021,6,1010123456019,74,,1,2,5,1,1,,0,0,0,0,0,0,5,,0,0,0,0,0,0,0,0,0,,0,0,,0,0,0,0
1612824725271,6,1010123456019,74,,1,2,5,1,1,,0,0,0,0,0,0,7.75,,0,0,0,0,0,0,0,0,0,,0,0,,0,0,0,0
1612824725521,6,1010123456019,74,,1,2,5,1,1,,0,0,0,0,0,0,6.5,,0,0,0,0,0,0,0,0,0,,0,0,,0,0,0,0
1612824725771,6,1010123456019,74,,1,2,5,1,1,,0,0,0,0,0,0,7.75,,0,0,0,0,0,0,0,0,0,,0,0,,0,0,0,0
1612824726021,6,1010123456019,74,,1,2,5,1,1,,0,0,0,0,0,0,8.8,,0,0,0,0,0,0,0,0,0,,0,0,,0,0,0,0
1612824726271,6,1010123456019,74,,1,2,5,1,1,,0,0,0,0,0,0,7.66667,,0,0,0,0,0,0,0,0,0,,0,0,,0,0,0,0
1612824726521,6,1010123456019,74,,1,2,5,1,1,,0,0,0,0,0,0,4,,0,0,0,0,0,0,0,0,0,,0,0,,0,0,0,0
1612824726771,6,1010123456019,74,,1,2,5,1,1,,0,0,0,0,0,0,6.5,,0,0,0,0,0,0,0,0,0,,0,0,,0,0,0,0
1612824727021,6,1010123456019,74,,1,2,5,1,1,,0,0,0,0,0,0,6.66667,,0,0,0,0,0,0,0,0,0,,0,0,,0,0,0,0
1612824727271,6,1010123456019,74,,1,2,5,1,1,,0,0,0,0,0,0,7.2,,0,0,0,0,0,0,0,0,0,,0,0,,0,0,0,0
1612824727521,6,1010123456019,74,,1,2,5,1,1,,0,0,0,0,0,0,7,,0,0,0,0,0,0,0,0,0,,0,0,,0,0,0,0
1612824727771,6,1010123456019,74,,1,2,5,1,1,,0,0,0,0,0,0,5.33333,,0,0,0,0,0,0,0,0,0,,0,0,,0,0,0,0
1612824728021,6,1010123456019,74,,1,2,5,1,1,,0,0,0,0,0,0,5.66667,,0,0,0,0,0,0,0,0,0,,0,0,,0,0,0,0
1612824728271,6,1010123456019,74,,1,2,5,1,1,,0,0,0,0,0,0,7.33333,,0,0,0,0,0,0,0,0,0,,0,0,,0,0,0,0
1612824728521,6,1010123456019,74,,1,2,5,1,1,,0,0,0,0,0,0,6.75,,0,0,0,0,0,0,0,0,0,,0,0,,0,0,0,0
1612824728771,6,1010123456019,74,,1,2,5,1,1,,0,0,0,0,0,0,6.33333,,0,0,0,0,0,0,0,0,0,,0,0,,0,0,0,0
1612824729021,6,1010123456019,74,,1,2,5,1,1,,0,0,0,0,0,0,10,,0,0,0,0,0,0,0,0,0,,0,0,,0,0,0,0
1612824729271,6,1010123456019,74,,1,2,5,1,1,,0,0,0,0,0,0,5.6,,0,0,0,0,0,0,0,0,0,,0,0,,0,0,0,0
1612824729521,6,1010123456019,74,,1,2,5,1,1,,0,0,0,0,0,0,6.8,,0,0,0,0,0,0,0,0,0,,0,0,,0,0,0,0
1612824729771,6,1010123456019,74,,1,2,5,1,1,,0,0,0,0,0,0,7.83333,,0,0,0,0,0,0,0,0,0,,0,0,,0,0,0,0
1612824730021,6,1010123456019,74,,1,2,5,1,1,,0,0,0,0,0,0,6,,0,0,0,0,0,0,0,0,0,,0,0,,0,0,0,0
1612824730271,6,1010123456019,74,,1,2,5,1,1,,0,0,0,0,0,0,4.4,,0,0,0,0,0,0,0,0,0,,0,0,,0,0,0,0
1612824730521,6,1010123456019,74,,1,2,5,1,1,,0,0,0,0,0,0,8,,0,0,0,0,0,0,0,0,0,,0,0,,0,0,0,0
1612824730771,6,1010123456019,74,,1,2,5,1,1,,0,0,0,0,0,0,7.2,,0,0,0,0,0,0,0,0,0,,0,0,,0,0,0,0
1612824731021,6,1010123456019,74,,1,2,5,1,1,,0,0,0,0,0,0,3.66667,,0,0,0,0,0,0,0,0,0,,0,0,,0,0,0,0
1612824731271,6,1010123456019,74,,1,2,5,1,1,,0,0,0,0,0,0,7.6,,0,0,0,0,0,0,0,0,0,,0,0,,0,0,0,0
1612824731521,6,1010123456019,74,,1,2,5,1,1,,0,0,0,0,0,0,6.6,,0,0,0,0,0,0,0,0,0,,0,0,,0,0,0,0
1612824731771,6,1010123456019,74,,1,2,5,1,1,,0,0,0,0,0,0,8,,0,0,0,0,0,0,0,0,0,,0,0,,0,0,0,0
1612824732021,6,1010123456019,74,,1,2,5,1,1,,0,0,0,0,0,0,8.4,,0,0,0,0,0,0,0,0,0,,0,0,,0,0,0,0
1612824732271,6,1010123456019,74,,1,2,5,1,1,,0,0,0,0,0,0,6.75,,0,0,0,0,0,0,0,0,0,,0,0,,0,0,0,0
1612824732521,6,1010123456019,74,,1,2,5,1,1,,0,0,0,0,0,0,6.8,,0,0,0,0,0,0,0,0,0,,0,0,,0,0,0,0
1612824732771,6,1010123456019,74,,1,2,5,1,1,,0,0,0,0,0,0,8.33333,,0,0,0,0,0,0,0,0,0,,0,0,,0,0,0,0
1612824733021,6,1010123456019,74,,1,2,5,1,1,,0,0,0,0,0,0,5.33333,,0,0,0,0,0,0,0,0,0,,0,0,,0,0,0,0
1612824733271,6,1010123456019,74,,1,2,5,1,1,,0,0,0,0,0,0,3.33333,,0,0,0,0,0,0,0,0,0,,0,0,,0,0,0,0
1612824733521,6,1010123456019,74,,1,2,5,1,1,,0,0,0,0,0,0,4,,0,0,0,0,0,0,0,0,0,,0,0,,0,0,0,0
1612824733771,6,1010123456019,74,,1,2,5,1,1,,0,0,0,0,0,0,5.6,,0,0,0,0,0,0,0,0,0,,0,0,,0,0,0,0
1612824734021,6,1010123456019,74,,1,2,5,1,1,,0,0,0,0,0,0,8,,0,0,0,0,0,0,0,0,0,,0,0,,0,0,0,0
1612824734271,6,1010123456019,74,,1,2,5,1,1,,0,0,0,0,0,0,9.25,,0,0,0,0,0,0,0,0,0,,0,0,,0,0,0,0
1612824734521,6,1010123456019,74,,1,2,5,1,1,,0,0,0,0,0,0,6.8,,0,0,0,0,0,0,0,0,0,,0,0,,0,0,0,0
1612824734771,6,1010123456019,74,,1,2,5,1,1,,0,0,0,0,0,0,6.83333,,0,0,0,0,0,0,0,0,0,,0,0,,0,0,0,0
1612824735021,6,1010123456019,74,,1,2,5,1,1,,0,0,0,0,0,0,8,,0,0,0,0,0,0,0,0,0,,0,0,,0,0,0,0
1612824735271,6,1010123456019,74,,1,2,5,1,1,,0,0,0,0,0,0,7.66667,,0,0,0,0,0,0,0,0,0,,0,0,,0,0,0,0
1612824735521,6,1010123456019,74,,1,2,5,1,1,,0,0,0,0,0,0,5.6,,0,0,0,0,0,0,0,0,0,,0,0,,0,0,0,0
1612824735771,6,1010123456019,74,,1,2,5,1,1,,0,0,0,0,0,0,7,,0,0,0,0,0,0,0,0,0,,0,0,,0,0,0,0
1612824736021,6,1010123456019,74,,1,2,5,1,1,,0,0,0,0,0,0,9.33333,,0,0,0,0,0,0,0,0,0,,0,0,,0,0,0,0
1612824736271,6,1010123456019,74,,1,2,5,1,1,,0,0,0,0,0,0,5.66667,,0,0,0,0,0,0,0,0,0,,0,0,,0,0,0,0
1612824736521,6,1010123456019,74,,1,2,5,1,1,,0,0,0,0,0,0,5.83333,,0,0,0,0,0,0,0,0,0,,0,0,,0,0,0,0
1612824736771,6,1010123456019,74,,1,2,5,1,1,,0,0,0,0,0,0,6.5,,0,0,0,0,0,0,0,0,0,,0,0,,0,0,0,0
1612824737021,6,1010123456019,74,,1,2,5,1,1,,0,0,0,0,0,0,10.25,,0,0,0,0,0,0,0,0,0,,0,0,,0,0,0,0
1612824737271,6,1010123456019,74,,1,2,5,1,1,,0,0,0,0,0,0,5,,0,0,0,0,0,0,0,0,0,,0,0,,0,0,0,0
1612824737521,6,1010123456019,74,,1,2,5,1,1,,0,0,0,0,0,0,5.75,,0,0,0,0,0,0,0,0,0,,0,0,,0,0,0,0
1612824737771,6,1010123456019,74,,1,2,5,1,1,,0,0,0,0,0,0,7.66667,,0,0,0,0,0,0,0,0,0,,0,0,,0,0,0,0
1612824738021,6,1010123456019,74,,1,2,5,1,1,,0,0,0,0,0,0,5.66667,,0,0,0,0,0,0,0,0,0,,0,0,,0,0,0,0
1612824738271,6,1010123456019,74,,1,2,5,1,1,,0,0,0,0,0,0,4.66667,,0,0,0,0,0,0,0,0,0,,0,0,,0,0,0,0
1612824738521,6,1010123456019,74,,1,2,5,1,1,,0,0,0,0,0,0,6.16667,,0,0,0,0,0,0,0,0,0,,0,0,,0,0,0,0
1612824738771,6,1010123456019,74,,1,2,5,1,1,,0,0,0,0,0,0,9.33333,,0,0,0,0,0,0,0,0,0,,0,0,,0,0,0,0
1612824739021,6,1010123456019,74,,1,2,5,1,1,,0,0,0,0,0,0,5.6,,0,0,0,0,0,0,0,0,0,,0,0,,0,0,0,0
1612824739271,6,1010123456019,74,,1,2,5,1,1,,0,0,0,0,0,0,9,,0,0,0,0,0,0,0,0,0,,0,0,,0,0,0,0
1612824739521,6,1010123456019,74,,1,2,5,1,1,,0,0,0,0,0,0,6.2,,0,0,0,0,0,0,0,0,0,,0,0,,0,0,0,0
1612824739771,6,1010123456019,74,,1,2,5,1,1,,0,0,0,0,0,0,5,,0,0,0,0,0,0,0,0,0,,0,0,,0,0,0,0
1612824740021,6,1010123456019,74,,1,2,5,1,1,,0,0,0,0,0,0,4.8,,0,0,0,0,0,0,0,0,0,,0,0,,0,0,0,0
1612824740271,6,1010123456019,74,,1,2,5,1,1,,0,0,0,0,0,0,9.83333,,0,0,0,0,0,0,0,0,0,,0,0,,0,0,0,0
1612824740521,6,1010123456019,74,,1,2,5,1,1,,0,0,0,0,0,0,7.4,,0,0,0,0,0,0,0,0,0,,0,0,,0,0,0,0
1612824740771,6,1010123456019,74,,1,2,5,1,1,,0,0,0,0,0,0,7.4,,0,0,0,0,0,0,0,0,0,,0,0,,0,0,0,0
1612824741021,6,1010123456019,74,,1,2,5,1,1,,0,0,0,0,0,0,4,,0,0,0,0,0,0,0,0,0,,0,0,,0,0,0,0
1612824741271,6,1010123456019,74,,1,2,5,1,1,,0,0,0,0,0,0,5.83333,,0,0,0,0,0,0,0,0,0,,0,0,,0,0,0,0
1612824741521,6,1010123456019,74,,1,2,5,1,1,,0,0,0,0,0,0,6.83333,,0,0,0,0,0,0,0,0,0,,0,0,,0,0,0,0
1612824741771,6,1010123456019,74,,1,2,5,1,1,,0,0,0,0,0,0,6.83333,,0,0,0,0,0,0,0,0,0,,0,0,,0,0,0,0
1612824742021,6,1010123456019,74,,1,2,5,1,1,,0,0,0,0,0,0,2.4,,0,0,0,0,0,0,0,0,0,,0,0,,0,0,0,0
1612824742271,6,1010123456019,74,,1,2,5,1,1,,0,0,0,0,0,0,7,,0,0,0,0,0,0,0,0,0,,0,0,,0,0,0,0
1612824742521,6,1010123456019,74,,1,2,5,1,1,,0,0,0,0,0,0,6,,0,0,0,0,0,0,0,0,0,,0,0,,0,0,0,0
1612824742771,6,1010123456019,74,,1,2,5,1,1,,0,0,0,0,0,0,6.33333,,0,0,0,0,0,0,0,0,0,,0,0,,0,0,0,0
1612824743021,6,1010123456019,74,,1,2,5,1,1,,0,0,0,0,0,0,4,,0,0,0,0,0,0,0,0,0,,0,0,,0,0,0,0
1612824743271,6,1010123456019,74,,1,2,5,1,1,,0,0,0,0,0,0,6.2,,0,0,0,0,0,0,0,0,0,,0,0,,0,0,0,0
1612824743521,6,1010123456019,74,,1,2,5,1,1,,0,0,0,0,0,0,5.66667,,0,0,0,0,0,0,0,0,0,,0,0,,0,0,0,0
1612824743771,6,1010123456019,74,,1,2,5,1,1,,0,0,0,0,0,0,5.83333,,0,0,0,0,0,0,0,0,0,,0,0,,0,0,0,0
1612824744021,6,1010123456019,74,,1,2,5,1,1,,0,0,0,0,0,0,7.83333,,0,0,0,0,0,0,0,0,0,,0,0,,0,0,0,0
1612824744271,6,1010123456019,74,,1,2,5,1,1,,0,0,0,0,0,0,8,,0,0,0,0,0,0,0,0,0,,0,0,,0,0,0,0
1612824744521,6,1010123456019,74,,1,2,5,1,1,,0,0,0,0,0,0,4,,0,0,0,0,0,0,0,0,0,,0,0,,0,0,0,0
1612824744771,6,1010123456019,74,,1,2,5,1,1,,0,0,0,0,0,0,5.2,,0,0,0,0,0,0,0,0,0,,0,0,,0,0,0,0
1612824745021,6,1010123456019,74,,1,2,5,1,1,,0,0,0,0,0,0,7,,0,0,0,0,0,0,0,0,0,,0,0,,0,0,0,0
1612824745271,6,1010123456019,74,,1,2,5,1,1,,0,0,0,0,0,0,8,,0,0,0,0,0,0,0,0,0,,0,0,,0,0,0,0
1612824745521,6,1010123456019,74,,1,2,5,1,1,,0,0,0,0,0,0,8.25,,0,0,0,0,0,0,0,0,0,,0,0,,0,0,0,0
1612824745771,6,1010123456019,74,,1,2,5,1,1,,0,0,0,0,0,0,6.71429,,0,0,0,0,0,0,0,0,0,,0,0,,0,0,0,0
1612824746021,6,1010123456019,74,,1,2,5,1,1,,0,0,0,0,0,0,9.5,,0,0,0,0,0,0,0,0,0,,0,0,,0,0,0,0
1612824746271,6,1010123456019,74,,1,2,5,1,1,,0,0,0,0,0,0,5,,0,0,0,0,0,0,0,0,0,,0,0,,0,0,0,0
1612824746521,6,1010123456019,74,,1,2,5,1,1,,0,0,0,0,0,0,6.2,,0,0,0,0,0,0,0,0,0,,0,0,,0,0,0,0
1612824746771,6,1010123456019,74,,1,2,5,1,1,,0,0,0,0,0,0,7.75,,0,0,0,0,0,0,0,0,0,,0,0,,0,0,0,0
1612824747021,6,1010123456019,74,,1,2,5,1,1,,0,0,0,0,0,0,2.5,,0,0,0,0,0,0,0,0,0,,0,0,,0,0,0,0
1612824747271,6,1010123456019,74,,1,2,5,1,1,,9.45669,127,0,0.108256,41,0,8.5,,6.25424,59,0,0.1,17,70.5882,0,9.11014,31,,9,167,,0,0,0,7.25424
1612824747521,6,1010123456019,74,,1,2,5,1,1,,7.22549,306,0,0.142368,89,0,5.33333,,0,0,0,0,0,0,0,0,0,,273,270,,0,0,0,0
1612824747771,6,1010123456019,74,,1,2,5,1,1,,8.67532,231,167,0.106656,59,0,7.33333,,0,0,0,0,0,0,0,0,0,,198,198,,0,0,0,0
1612824748021,6,1010123456019,74,,1,2,5,1,1,,10.3048,210,69,0.138624,67,0,8.4,,0,0,0,0,0,0,0,0,0,,183,183,,0,0,0,0
1612824748271,6,1010123456019,74,,1,2,5,1,1,,11.7541,183,0,0.129248,53,0,7.5,,0.1,21,0,0.1,6,66.6667,0,4.62338,31,,159,159,,0,0,0,7.85714
1612824748521,6,1010123456019,74,,1,2,5,1,1,,12.8125,112,0,0.08576,33,0,8,,0,0,0,0,0,0,0,0,0,,96,96,,0,0,0,0
1612824748771,6,1010123456019,74,,1,2,5,1,1,,13.0952,126,0,0.095616,35,0,8.28571,,0,0,0,0,0,0,0,0,0,,105,105,,0,0,0,0
1612824749021,6,1010123456019,74,,1,2,5,1,1,,10.2472,178,0,0.102496,50,0,7.16667,,0,0,0,0,0,0,0,0,0,,156,156,,0,0,0,0
1612824749271,6,1010123456019,74,,1,2,5,1,1,,11.072,236,19,0.149504,64,0,6.75,,4.64286,42,0,0.1,13,61.5385,0,3.0601,31,,210,210,,0,0,0,7.85714
1612824749521,6,1010123456019,74,,1,2,5,1,1,,12.6204,108,0,0.090912,39,0,8,,0,0,0,0,0,0,0,0,0,,93,93,,0,0,0,0
1612824749771,6,1010123456019,74,,1,2,5,1,1,,12.9643,140,0,0.10688,40,0,8,,0,0,0,0,0,0,0,0,0,,120,120,,0,0,0,0
1612824750021,6,1010123456019,74,,1,2,5,1,1,,7.6456,364,226,0.153856,99,0,4.83333,,0,0,0,0,0,0,0,0,0,,309,309,,0,0,0,0
1612824750271,6,1010123456019,74,,1,2,5,1,1,,8.01902,368,0,0.175008,106,0,5.83333,,8.10256,39,0,0.1,11,72.7273,0,5.87151,31,,312,312,,0,0,0,7.46154
1612824750521,6,1010123456019,74,,1,2,5,1,1,,13.1749,183,0,0.143872,53,0,8,,0,0,0,0,0,0,0,0,0,,156,156,,0,0,0,0
1612824750771,6,1010123456019,74,,1,2,5,1,1,,15.2202,109,0,0.099744,29,0,8.85714,,0,0,0,0,0,0,0,0,0,,93,93,,0,0,0,0
1612824751021,6,1010123456019,74,,1,2,5,1,1,,11.9054,148,0,0.101664,43,0,8.83333,,0,0,0,0,0,0,0,0,0,,123,123,,0,0,0,0
1612824751271,6,1010123456019,74,,1,2,5,1,1,,11.5,166,0,0.112,47,0,8.16667,,15,14,0,0,4,100,0,1.35754,0,,150,150,,0,0,0,10
1612824751521,6,1010123456019,74,,1,2,5,1,1,,11.211,109,0,0.077312,34,0,7.5,,0,0,0,0,0,0,0,0,0,,93,93,,0,0,0,0
1612824751771,6,1010123456019,74,,1,2,5,1,1,,5.91011,267,0,0.1008,76,0,7.16667,,0,0,0,0,0,0,0,0,0,,228,228,,0,0,0,0
1612824752021,6,1010123456019,74,,1,2,5,1,1,,10.1011,178,0,0.096896,48,0,7.5,,0,0,0,0,0,0,0,0,0,,150,150,,0,0,0,0
1612824752271,6,1010123456019,74,,1,2,5,1,1,,13.5227,132,158,0.10432,38,0,8.2,,0.1,26,0,0.1,7,71.4286,0,0.917482,31,,114,114,,0,0,0,7.84615
1612824752521,6,1010123456019,74,,1,2,5,1,1,,12.0272,147,0,0.113536,44,0,7,,0,0,0,0,0,0,0,0,0,,126,126,,0,0,0,0
1612824752771,6,1010123456019,74,,1,2,5,1,1,,14.3333,96,0,0.084448,27,0,8.71429,,0,0,0,0,0,0,0,0,0,,81,81,,0,0,0,0
1612824753021,6,1010123456019,74,,1,2,5,1,1,,12.7035,172,0,0.127616,48,0,8,,0,0,0,0,0,0,0,0,0,,144,144,,0,0,0,0
1612824753271,6,1010123456019,74,,1,2,5,1,1,,14.3506,174,0,0.15008,47,0,9.5,,3.13514,37,0,0.1,10,80,0,6.62298,31,,150,150,,0,0,0,8.62162
1612824753521,6,1010123456019,74,,1,2,5,1,1,,16.3955,134,0,0.153984,41,0,9.83333,,0,0,0,0,0,0,0,0,0,,114,114,,0,0,0,0
1612824753771,6,1010123456019,74,,1,2,5,1,1,,7.13665,161,0,0.08176,46,0,7.57143,,0,0,0,0,0,0,0,0,0,,138,138,,0,0,0,0
1612824754021,6,1010123456019,74,,1,2,5,1,1,,7.94984,319,0,0.142848,88,0,7,,0,0,0,0,0,0,0,0,0,,270,270,,0,0,0,0
1612824754271,6,1010123456019,74,,1,2,5,1,1,,14.1742,155,69,0.138784,44,0,8.66667,,15,13,0,0,4,100,0,0.54719,0,,141,141,,0,0,0,10
1612824754521,6,1010123456019,74,,1,2,5,1,1,,13.0382,157,205,0.125056,46,0,8,,0,0,0,0,0,0,0,0,0,,135,135,,0,0,0,0
1612824754771,6,1010123456019,74,,1,2,5,1,1,,8.70168,238,546,0.126112,65,0,6,,0,0,0,0,0,0,0,0,0,,204,204,,0,0,0,0
1612824755021,6,1010123456019,74,,1,2,5,1,1,,9.78049,205,256,0.109728,62,0,7.33333,,0,0,0,0,0,0,0,0,0,,177,177,,0,0,0,0
1612824755271,6,1010123456019,74,,1,2,5,1,1,,10.6296,270,69,0.170464,80,0,8.33333,,4.10145,69,0,0.1,20,80,0,5.85834,31,,234,234,,0,0,0,8.30435
1612824755521,6,1010123456019,74,,1,2,5,1,1,,5.90476,231,0,0.089632,67,0,6.16667,,0,0,0,0,0,0,0,0,0,,198,198,,0,0,0,0
1612824755771,6,1010123456019,74,,1,2,5,1,1,,10.2327,202,0,0.118976,58,0,7.28571,,0,0,0,0,0,0,0,0,0,,174,174,,0,0,0,0
1612824756021,6,1010123456019,74,,1,2,5,1,1,,12.92,100,0,0.074496,28,0,8,,0,0,0,0,0,0,0,0,0,,84,84,,0,0,0,0
1612824756271,6,1010123456019,74,,1,2,5,1,1,,4.23516,438,0,0.122016,128,0,4.5,,15.4074,81,0,0.1,27,88.8889,0,3.6927,0,,384,384,,0,0,0,8.88889
1612824756521,6,1010123456019,74,,1,2,5,1,1,,8.10638,282,517,0.126016,78,0,6,,0,0,0,0,0,0,0,0,0,,243,243,,0,0,0,0
1612824756771,6,1010123456019,74,,1,2,5,1,1,,11.6,200,158,0.143744,61,0,9.14286,,0.1,15,0,0,4,100,0,0.365731,0,,174,174,,0,0,0,10
1612824757021,6,1010123456019,74,,1,2,5,1,1,,12.3314,175,121,0.127936,48,0,7,,0,0,0,0,0,0,0,0,0,,147,147,,0,0,0,0
1612824757271,6,1010123456019,74,,1,2,5,1,1,,8.32323,198,0,0.098752,58,0,5.8,,0,12,0,0,4,100,0,0,0,,171,171,,0,0,0,0
1612824757521,6,1010123456019,74,,1,2,5,1,1,,12.9378,193,226,0.148736,55,0,8,,0,12,0,0,4,100,0,0,0,,171,171,,0,0,0,0
1612824757771,6,1010123456019,74,,1,2,5,1,1,,12.3012,166,27,0.109824,45,0,7.71429,,0,0,0,0,0,0,0,0,0,,141,141,,0,0,0,0
1612824758021,6,1010123456019,74,,1,2,5,1,1,,3.01181,508,1287,0.118944,143,0,3.6,,0,0,0,0,0,0,0,0,0,,438,438,,0,0,0,0
1612824758271,6,1010123456019,74,,1,2,5,1,1,,6.71951,328,0,0.141824,101,0,7.8,,7.68,25,0,0.1,7,57.1429,0,9.30194,31,,282,282,,0,0,0,6.2
1612824758521,6,1010123456019,74,,1,2,5,1,1,,9.552,125,0,0.08096,36,0,6,,0,0,0,0,0,0,0,0,0,,108,108,,0,0,0,0
1612824758771,6,1010123456019,74,,1,2,5,1,1,,13.0943,106,0,0.085344,31,0,7.14286,,0,0,0,0,0,0,0,0,0,,93,93,,0,0,0,0
1612824759021,6,1010123456019,74,,1,2,5,1,1,,9.78704,216,27,0.1184,56,0,8.16667,,0,0,0,0,0,0,0,0,0,,183,183,,0,0,0,0
1612824759271,6,1010123456019,74,,1,2,5,1,1,,14.1243,169,69,0.158496,52,0,8.66667,,0.1,11,0,0.1,3,0,0,2.26907,31,,150,150,,0,0,0,1.36364
1612824759521,6,1010123456019,74,,1,2,5,1,1,,11.9892,185,0,0.138208,56,0,7.33333,,0,0,0,0,0,0,0,0,0,,159,159,,0,0,0,0
1612824759771,6,1010123456019,74,,1,2,5,1,1,,10.8398,206,141,0.121088,51,0,6.85714,,0,0,0,0,0,0,0,0,0,,174,174,,0,0,0,0
1612824760021,6,1010123456019,74,,1,2,5,1,1,,8.23651,241,48,0.122464,73,0,8,,0,0,0,0,0,0,0,0,0,,207,207,,0,0,0,0
1612824760271,6,1010123456019,74,,1,2,5,1,1,,12.4906,159,158,0.127776,49,0,7.83333,,2.175,40,0,0.1,12,66.6667,0,8.19872,31,,138,138,,0,0,0,7.675
1612824760521,6,1010123456019,74,,1,2,5,1,1,,10.2722,180,192,0.094336,47,0,7.66667,,0,0,0,0,0,0,0,0,0,,153,153,,0,0,0,0
1612824760771,6,1010123456019,74,,1,2,5,1,1,,13.1935,155,192,0.118976,43,0,8,,0,0,0,0,0,0,0,0,0,,132,132,,0,0,0,0
1612824761021,6,1010123456019,74,,1,2,5,1,1,,14.3186,113,0,0.095392,33,0,8.8,,0,0,0,0,0,0,0,0,0,,96,96,,0,0,0,0
1612824761271,6,1010123456019,74,,1,2,5,1,1,,9.42169,166,120,0.1024,46,0,7.4,,2.32,50,0,0.1,15,80,0,5.21582,31,,141,141,,0,0,0,8.38
1612824761521,6,1010123456019,74,,1,2,5,1,1,,12.4832,238,0,0.177984,72,0,8,,0,0,0,0,0,0,0,0,0,,204,204,,0,0,0,0
1612824761771,6,1010123456019,74,,1,2,5,1,1,,12.7867,150,0,0.114496,43,0,8,,0,0,0,0,0,0,0,0,0,,126,126,,0,0,0,0
1612824762021,6,1010123456019,74,,1,2,5,1,1,,11.7287,188,158,0.123296,53,0,6.83333,,0,0,0,0,0,0,0,0,0,,159,159,,0,0,0,0
1612824762271,6,1010123456019,74,,1,2,5,1,1,,12.0588,136,121,0.101632,38,0,8.5,,0.1,16,0,0,4,100,0,0.247684,0,,120,120,,0,0,0,10
1612824762521,6,1010123456019,74,,1,2,5,1,1,,11.3032,188,256,0.123392,54,0,8,,0.1,16,0,0,4,100,0,0.445063,0,,162,162,,0,0,0,10
1612824762771,6,1010123456019,74,,1,2,5,1,1,,6.30522,249,459,0.0992,67,0,6.71429,,0,0,0,0,0,0,0,0,0,,216,216,,0,0,0,0
1612824763021,6,1010123456019,74,,1,2,5,1,1,,9.57143,280,0,0.15104,82,0,6.2,,0,12,0,0,4,100,0,0,0,,243,243,,0,0,0,0
1612824763271,6,1010123456019,74,,1,2,5,1,1,,11.7326,172,0,0.128864,55,0,8.66667,,0.1,16,0,0,4,100,0,0.616531,0,,150,150,,0,0,0,10
1612824763521,6,1010123456019,74,,1,2,5,1,1,,12.9145,117,158,0.088384,33,0,8,,0,0,0,0,0,0,0,0,0,,102,102,,0,0,0,0
1612824763771,6,1010123456019,74,,1,2,5,1,1,,5.19925,266,0,0.088928,78,0,5.71429,,0,0,0,0,0,0,0,0,0,,231,231,,0,0,0,0
1612824764021,6,1010123456019,74,,1,2,5,1,1,,12.3289,149,158,0.096544,39,0,7.66667,,0,0,0,0,0,0,0,0,0,,129,129,,0,0,0,0
1612824764271,6,1010123456019,74,,1,2,5,1,1,,13.5192,104,0,0.093216,33,0,9.16667,,1.9661,59,0,0.1,17,82.3529,0,8.08812,31,,90,90,,0,0,0,9.38983
1612824764521,6,1010123456019,74,,1,2,5,1,1,,13.1701,147,0,0.1192,43,0,8.4,,0,0,0,0,0,0,0,0,0,,126,126,,0,0,0,0
1612824764771,6,1010123456019,74,,1,2,5,1,1,,12.2906,117,0,0.08544,33,0,8.14286,,0,0,0,0,0,0,0,0,0,,99,99,,0,0,0,0
1612824765021,6,1010123456019,74,,1,2,5,1,1,,11.5574,235,366,0.144096,64,0,7.33333,,0,0,0,0,0,0,0,0,0,,201,201,,0,0,0,0
1612824765271,6,1010123456019,74,,1,2,5,1,1,,12.0825,206,0,0.155296,62,0,7.83333,,15,27,0,0,8,100,0,1.04721,0,,177,177,,0,0,0,10
1612824765521,6,1010123456019,74,,1,2,5,1,1,,9.83571,140,158,0.075584,37,0,6.5,,0,0,0,0,0,0,0,0,0,,120,120,,0,0,0,0
1612824765771,6,1010123456019,74,,1,2,5,1,1,,11.0488,123,158,0.085984,39,0,7.28571,,0,0,0,0,0,0,0,0,0,,108,108,,0,0,0,0
1612824766021,6,1010123456019,74,,1,2,5,1,1,,11.314,207,0,0.129056,57,0,7.5,,0,0,0,0,0,0,0,0,0,,180,180,,0,0,0,0
1612824766271,6,1010123456019,74,,1,2,5,1,1,,9.95192,104,343,0.059104,30,0,7.33333,,8.10256,39,0,0.1,11,72.7273,0,3.8553,31,,87,87,,0,0,0,7.53846
1612824766521,6,1010123456019,74,,1,2,5,1,1,,8.33134,335,158,0.174656,97,0,6.33333,,0,0,0,0,0,0,0,0,0,,285,285,,0,0,0,0
1612824766771,6,1010123456019,74,,1,2,5,1,1,,12.8571,91,0,0.069824,26,0,8.14286,,0,0,0,0,0,0,0,0,0,,78,78,,0,0,0,0
1612824767021,6,1010123456019,74,,1,2,5,1,1,,12.6488,168,0,0.116672,45,0,7.83333,,0,0,0,0,0,0,0,0,0,,141,141,,0,0,0,0
1612824767271,6,1010123456019,74,,1,2,5,1,1,,12.5168,149,319,0.10704,41,0,7.66667,,0,12,0,0,4,100,0,0,0,,132,132,,0,0,0,0
1612824767521,6,1010123456019,74,,1,2,5,1,1,,12.7744,164,95,0.127296,49,0,8.5,,0,9,0,0.1,3,66.6667,0,0,31,,144,144,,0,0,0,0
1612824767771,6,1010123456019,74,,1,2,5,1,1,,12.3657,216,0,0.169664,65,0,6.66667,,3.88525,61,0,0.1,17,82.3529,0,6.18121,31,,189,189,,0,0,0,8.65574
1612824768021,6,1010123456019,74,,1,2,5,1,1,,3.00646,619,164,0.12176,173,0,5.5,,0,0,0,0,0,0,0,0,0,,534,534,,0,0,0,0
1612824768271,6,1010123456019,74,,1,2,5,1,1,,9.43014,272,0,0.197184,81,0,7.8,,0.1,16,0,0,4,100,0,0.316003,0,,231,231,,0,0,0,10
1612824768521,6,1010123456019,74,,1,2,5,1,1,,7.8996,249,0,0.121888,74,0,6.66667,,0,9,0,0,3,100,0,0,0,,213,213,,0,0,0,0
1612824768771,6,1010123456019,74,,1,2,5,1,1,,13.7622,164,0,0.13216,44,0,8.83333,,0,3,0,0,1,100,0,0,0,,144,144,,0,0,0,0
1612824769021,6,1010123456019,74,,1,2,5,1,1,,10.5822,213,0,0.129312,61,0,7.33333,,0,0,0,0,0,0,0,0,0,,183,183,,0,0,0,0
1612824769271,6,1010123456019,74,,1,2,5,1,1,,11.88,200,315,0.150112,62,0,7.66667,,0,12,0,0,4,100,0,0,0,,174,174,,0,0,0,0
1612824769521,6,1010123456019,74,,1,2,5,1,1,,7.18478,276,606,0.110112,74,0,5.33333,,0.1,16,0,0,4,100,0,0.588809,0,,237,237,,0,0,0,10
1612824769771,6,1010123456019,74,,1,2,5,1,1,,10.8308,195,158,0.13008,61,0,8,,0,0,0,0,0,0,0,0,0,,168,168,,0,0,0,0
1612824770021,6,1010123456019,74,,1,2,5,1,1,,7.39847,261,0,0.126208,75,0,7.8,,0,0,0,0,0,0,0,0,0,,225,225,,0,0,0,0
1612824770271,6,1010123456019,74,,1,2,5,1,1,,13.5926,162,226,0.1328,46,0,8,,10.4615,13,0,0.1,4,0,0,31.2577,31,,141,141,,0,0,0,1
1612824770521,6,1010123456019,74,,1,2,5,1,1,,6.34152,407,0,0.160864,116,0,5.66667,,0,0,0,0,0,0,0,0,0,,351,351,,0,0,0,0
1612824770771,6,1010123456019,74,,1,2,5,1,1,,12.3602,186,0,0.138336,55,0,7.14286,,0,0,0,0,0,0,0,0,0,,159,159,,0,0,0,0
1612824771021,6,1010123456019,74,,1,2,5,1,1,,9.23106,264,158,0.136064,75,0,6.6,,0,0,0,0,0,0,0,0,0,,225,225,,0,0,0,0
1612824771271,6,1010123456019,74,,1,2,5,1,1,,3.45578,441,0,0.101344,122,0,5.66667,,15,13,0,0,4,100,0,1.11085,0,,381,381,,0,0,0,10
1612824771521,6,1010123456019,74,,1,2,5,1,1,,9.79605,152,69,0.086848,47,0,7.5,,0,0,0,0,0,0,0,0,0,,129,129,,0,0,0,0
1612824771771,6,1010123456019,74,,1,2,5,1,1,,12.4241,158,158,0.115872,45,0,7.66667,,0,0,0,0,0,0,0,0,0,,135,135,,0,0,0,0
1612824772021,6,1010123456019,74,,1,2,5,1,1,,7.43882,237,10,0.09648,65,0,6.16667,,0,0,0,0,0,0,0,0,0,,204,204,,0,0,0,0
1612824772271,6,1010123456019,74,,1,2,5,1,1,,11.4333,150,158,0.107616,47,0,8.66667,,0.1,16,0,0,4,100,0,0.34877,0,,129,129,,0,0,0,10
1612824772521,6,1010123456019,74,,1,2,5,1,1,,9.9162,179,0,0.106144,49,0,7.8,,0,0,0,0,0,0,0,0,0,,153,153,,0,0,0,0
1612824772771,6,1010123456019,74,,1,2,5,1,1,,11.55,140,69,0.092832,42,0,7.57143,,4.78049,41,0,0.1,12,75,0,11.3011,31,,123,123,,0,0,0,7.80488
1612824773021,6,1010123456019,74,,1,2,5,1,1,,12.5963,109,0,0.062176,24,0,7.83333,,0,0,0,0,0,0,0,0,0,,93,93,,0,0,0,0
1612824773271,6,1010123456019,74,,1,2,5,1,1,,13.449,147,226,0.139392,49,0,8.66667,,6.48387,31,0,0.1,10,80,0,5.24028,31,,126,126,,0,0,0,8.54839
1612824773521,6,1010123456019,74,,1,2,5,1,1,,11.4378,185,0,0.121312,52,0,7.5,,0,0,0,0,0,0,0,0,0,,156,156,,0,0,0,0
1612824773771,6,1010123456019,74,,1,2,5,1,1,,13.2606,142,245,0.106176,39,0,8.14286,,0,0,0,0,0,0,0,0,0,,123,123,,0,0,0,0
1612824774021,6,1010123456019,74,,1,2,5,1,1,,13.8421,114,0,0.097728,33,0,8.83333,,0,0,0,0,0,0,0,0,0,,96,96,,0,0,0,0
1612824774271,6,1010123456019,74,,1,2,5,1,1,,13.4663,178,0,0.153248,54,0,8.66667,,0.1,29,0,0,8,100,0,0.759449,0,,156,156,,0,0,0,10
1612824774521,6,1010123456019,74,,1,2,5,1,1,,12.2781,151,0,0.101024,41,0,8,,0,0,0,0,0,0,0,0,0,,129,129,,0,0,0,0
1612824774771,6,1010123456019,74,,1,2,5,1,1,,12.8985,197,0,0.159168,59,0,7.71429,,0,0,0,0,0,0,0,0,0,,171,171,,0,0,0,0
1612824775021,6,1010123456019,74,,1,2,5,1,1,,12.6707,164,0,0.117024,44,0,8.66667,,0,0,0,0,0,0,0,0,0,,138,138,,0,0,0,0
1612824775271,6,1010123456019,74,,1,2,5,1,1,,12.5707,191,0,0.14912,58,0,7.5,,0.1,15,0,0,4,100,0,0.1,0,,168,168,,0,0,0,10
1612824775521,6,1010123456019,74,,1,2,5,1,1,,9.36058,208,69,0.129056,59,0,8,,0,9,0,0,3,100,0,0,0,,180,180,,0,0,0,0
1612824775771,6,1010123456019,74,,1,2,5,1,1,,12.6322,174,226,0.132704,50,0,7.57143,,0,3,0,0,1,100,0,0,0,,150,150,,0,0,0,0
1612824776021,6,1010123456019,74,,1,2,5,1,1,,11.4231,182,0,0.128032,53,0,8,,0,0,0,0,0,0,0,0,0,,156,156,,0,0,0,0
1612824776271,6,1010123456019,74,,1,2,5,1,1,,9.56471,340,0,0.183552,99,0,7,,8.63158,38,0,0.1,11,72.7273,0,2.83004,31,,297,297,,0,0,0,7.84211
1612824776521,6,1010123456019,74,,1,2,5,1,1,,13.8778,180,0,0.15344,51,0,9,,0,0,0,0,0,0,0,0,0,,153,153,,0,0,0,0
1612824776771,6,1010123456019,74,,1,2,5,1,1,,10.8155,168,226,0.102752,47,0,7.6,,0,3,0,0.1,1,0,0,0,31,,144,144,,0,0,0,0
1612824777021,6,1010123456019,74,,1,2,5,1,1,,7.14938,241,0,0.109952,70,0,7,,0,0,0,0,0,0,0,0,0,,207,207,,0,0,0,0
1612824777271,6,1010123456019,74,,1,2,5,1,1,,12.4565,138,256,0.101504,39,0,8,,0.1,16,0,0,4,100,0,0.45173,0,,123,123,,0,0,0,10
1612824777521,6,1010123456019,74,,1,2,5,1,1,,5.44973,378,57,0.117248,104,0,5.8,,0.1,11,0,0.1,3,66.6667,0,0.237238,31,,336,336,,0,0,0,7.81818
1612824777771,6,1010123456019,74,,1,2,5,1,1,,9.79293,198,0,0.123776,61,0,7.5,,0.1,8,0,0.1,2,50,0,1.3706,0,,168,168,,0,0,0,8.5
1612824778021,6,1010123456019,74,,1,2,5,1,1,,5.79599,299,226,0.115008,87,0,6.66667,,0,0,0,0,0,0,0,0,0,,255,255,,0,0,0,0
1612824778271,6,1010123456019,74,,1,2,5,1,1,,13.7167,120,0,0.105472,36,0,8.83333,,0.1,51,0,0.1,14,57.1429,0,2.54313,31,,105,105,,0,0,0,7.72549
1612824778521,6,1010123456019,74,,1,2,5,1,1,,12.8231,130,158,0.101152,38,0,8,,0,0,0,0,0,0,0,0,0,,114,114,,0,0,0,0
1612824778771,6,1010123456019,74,,1,2,5,1,1,,12.2632,247,0,0.17008,68,0,6.57143,,0,0,0,0,0,0,0,0,0,,210,210,,0,0,0,0
1612824779021,6,1010123456019,74,,1,2,5,1,1,,12.7629,194,0,0.148704,56,0,7.6,,0,12,0,0,4,100,0,0,0,,168,168,,0,0,0,0
1612824779271,6,1010123456019,74,,1,2,5,1,1,,10.3361,244,0,0.149952,70,0,7.66667,,8.86275,51,0,0.1,15,80,0,5.81562,31,,210,210,,0,0,0,8.41177
1612824779521,6,1010123456019,74,,1,2,5,1,1,,8.39179,268,0,0.141504,77,0,7.4,,0,0,0,0,0,0,0,0,0,,231,231,,0,0,0,0
1612824779771,6,1010123456019,74,,1,2,5,1,1,,13.7836,171,0,0.153056,50,0,8.71429,,0,0,0,0,0,0,0,0,0,,144,144,,0,0,0,0
1612824780021,6,1010123456019,74,,1,2,5,1,1,,12.2186,183,0,0.129056,52,0,7.6,,0,0,0,0,0,0,0,0,0,,156,156,,0,0,0,0
1612824780271,6,1010123456019,74,,1,2,5,1,1,,9.74453,274,0,0.166656,77,0,7.5,,0.1,78,0,0.1,23,78.2609,0,0.794183,31,,237,237,,0,0,0,8.47436
1612824780521,6,1010123456019,74,,1,2,5,1,1,,13.2973,111,0,0.090304,32,0,8.5,,0,0,0,0,0,0,0,0,0,,96,96,,0,0,0,0
1612824780771,6,1010123456019,74,,1,2,5,1,1,,10.5169,207,0,0.13392,62,0,7.42857,,0,0,0,0,0,0,0,0,0,,180,180,,0,0,0,0
1612824781021,6,1010123456019,74,,1,2,5,1,1,,10.4797,148,0,0.086176,42,0,7.33333,,0,0,0,0,0,0,0,0,0,,126,126,,0,0,0,0
1612824781271,6,1010123456019,74,,1,2,5,1,1,,13.2733,150,0,0.117056,42,0,8,,0.1,42,0,0.1,13,61.5385,0,3.74149,31,,132,132,,0,0,0,7
1612824781521,6,1010123456019,74,,1,2,5,1,1,,7.3321,271,315,0.126336,79,0,5,,0,0,0,0,0,0,0,0,0,,231,231,,0,0,0,0
1612824781771,6,1010123456019,74,,1,2,5,1,1,,6.80968,310,267,0.11216,86,0,6.33333,,0,0,0,0,0,0,0,0,0,,264,264,,0,0,0,0
1612824782021,6,1010123456019,74,,1,2,5,1,1,,13.3231,195,99,0.158592,57,0,8.16667,,0,0,0,0,0,0,0,0,0,,168,168,,0,0,0,0
1612824782271,6,1010123456019,74,,1,2,5,1,1,,11.5288,104,0,0.075072,32,0,7.83333,,8.12195,41,0,0.1,13,69.2308,0,9.38723,31,,93,93,,0,0,0,7.14634
1612824782521,6,1010123456019,74,,1,2,5,1,1,,9.91781,219,0,0.124768,63,0,7.4,,0,0,0,0,0,0,0,0,0,,189,189,,0,0,0,0
1612824782771,6,1010123456019,74,,1,2,5,1,1,,13.4409,127,69,0.101056,36,0,8.28572,,0,0,0,0,0,0,0,0,0,,111,111,,0,0,0,0
1612824783021,6,1010123456019,74,,1,2,5,1,1,,12.8853,157,0,0.122656,46,0,7.66667,,0,12,0,0,4,100,0,0,0,,135,135,,0,0,0,0
1612824783271,6,1010123456019,74,,1,2,5,1,1,,11.2083,192,429,0.124256,52,0,7.16667,,0,9,0,0.1,3,0,0,0,31,,165,165,,0,0,0,0
1612824783521,6,1010123456019,74,,1,2,5,1,1,,9.30952,294,0,0.161664,86,0,7,,0,0,0,0,0,0,0,0,0,,255,255,,0,0,0,0
1612824783771,6,1010123456019,74,,1,2,5,1,1,,12.2025,158,0,0.115968,46,0,7.71429,,0,0,0,0,0,0,0,0,0,,135,135,,0,0,0,0
1612824784021,6,1010123456019,74,,1,2,5,1,1,,12.1647,170,315,0.11984,49,0,7.66667,,0,0,0,0,0,0,0,0,0,,144,144,,0,0,0,0
1612824784271,6,1010123456019,74,,1,2,5,1,1,,13.0592,152,0,0.117184,43,0,8,,16,12,0,0,4,100,0,0.1,0,,135,135,,0,0,0,10
1612824784521,6,1010123456019,74,,1,2,5,1,1,,11.4875,80,0,0.058976,25,0,7.66667,,0,0,0,0,0,0,0,0,0,,69,69,,0,0,0,0
1612824784771,6,1010123456019,74,,1,2,5,1,1,,10.3556,135,0,0.080544,38,0,7.14286,,0,0,0,0,0,0,0,0,0,,117,117,,0,0,0,0
1612824785021,6,1010123456019,74,,1,2,5,1,1,,5.81218,394,0,0.125472,112,0,6,,0,0,0,0,0,0,0,0,0,,339,339,,0,0,0,0
1612824785271,6,1010123456019,74,,1,2,5,1,1,,3.63388,366,158,0.096064,105,0,6.2,,0,12,0,0,4,100,0,0,0,,315,315,,0,0,0,0
1612824785521,6,1010123456019,74,,1,2,5,1,1,,12.7834,157,0,0.121024,47,0,8,,0,0,0,0,0,0,0,0,0,,135,135,,0,0,0,0
1612824785771,6,1010123456019,74,,1,2,5,1,1,,9.94152,171,0,0.097472,48,0,7.14286,,0,0,0,0,0,0,0,0,0,,144,144,,0,0,0,0
1612824786021,6,1010123456019,74,,1,2,5,1,1,,12.9059,202,0,0.15424,57,0,7.66667,,0,0,0,0,0,0,0,0,0,,171,171,,0,0,0,0
1612824786271,6,1010123456019,74,,1,2,5,1,1,,10,178,0,0.108096,54,0,7.6,,0.1,43,0,0.1,14,57.1429,0,1.62817,31,,162,162,,0,0,0,5.93023
1612824786521,6,1010123456019,74,,1,2,5,1,1,,14.0704,199,0,0.174144,58,0,8.5,,0,0,0,0,0,0,0,0,0,,174,174,,0,0,0,0
1612824786771,6,1010123456019,74,,1,2,5,1,1,,10.6529,193,69,0.113312,53,0,7.28571,,0,0,0,0,0,0,0,0,0,,162,162,,0,0,0,0
1612824787021,6,1010123456019,74,,1,2,5,1,1,,9.16938,307,19,0.166688,84,0,6.6,,0,0,0,0,0,0,0,0,0,,264,264,,0,0,0,0
1612824787271,6,1010123456019,74,,1,2,5,1,1,,8.82927,205,0,0.104576,60,0,6,,0.1,14,0,0,4,100,0,0.723706,0,,177,177,,0,0,0,10
1612824787521,6,1010123456019,74,,1,2,5,1,1,,13.6724,116,0,0.095232,34,0,8.66667,,0.1,11,0,0.1,3,66.6667,0,0.147109,31,,99,99,,0,0,0,9.18182
1612824787771,6,1010123456019,74,,1,2,5,1,1,,8.96813,251,0,0.125888,72,0,7.16667,,2.51351,74,0,0.1,21,76.1905,0,5.42253,31,,216,216,,0,0,0,8.55405
1612824788021,6,1010123456019,74,,1,2,5,1,1,,4.38227,361,69,0.098656,102,0,5.33333,,0,0,0,0,0,0,0,0,0,,309,309,,0,0,0,0
1612824788271,6,1010123456019,74,,1,2,5,1,1,,10.5564,257,158,0.164672,76,0,7,,0,5,0,0.1,2,0,0,0,31,,222,222,,0,0,0,0
1612824788521,6,1010123456019,74,,1,2,5,1,1,,12.5255,137,0,0.098848,38,0,7.66667,,0,0,0,0,0,0,0,0,0,,117,117,,0,0,0,0
1612824788771,6,1010123456019,74,,1,2,5,1,1,,11.7883,137,93,0.097504,40,0,7.28571,,0,0,0,0,0,0,0,0,0,,117,117,,0,0,0,0
1612824789021,6,1010123456019,74,,1,2,5,1,1,,14.386,114,69,0.099136,31,0,8.66667,,0,0,0,0,0,0,0,0,0,,99,99,,0,0,0,0
1612824789271,6,1010123456019,74,,1,2,5,1,1,,12.6914,162,69,0.127904,49,0,7.5,,0,6,0,0.1,2,0,0,0,31,,147,147,,0,0,0,0
1612824789521,6,1010123456019,74,,1,2,5,1,1,,12.8316,95,0,0.068992,26,0,8,,0,0,0,0,0,0,0,0,0,,81,81,,0,0,0,0
1612824789771,6,1010123456019,74,,1,2,5,1,1,,3.25293,427,158,0.11904,124,0,5.83333,,0,0,0,0,0,0,0,0,0,,369,369,,0,0,0,0
1612824790021,6,1010123456019,74,,1,2,5,1,1,,13.1339,112,0,0.088064,32,0,8.83333,,0,0,0,0,0,0,0,0,0,,93,93,,0,0,0,0
1612824790271,6,1010123456019,74,,1,2,5,1,1,,12.1189,185,0,0.133408,55,0,7.66667,,8.07692,26,0,0,8,100,0,0.834655,0,,165,165,,0,0,0,10
1612824790521,6,1010123456019,74,,1,2,5,1,1,,10.4145,193,158,0.108064,52,0,7.5,,0,0,0,0,0,0,0,0,0,,162,162,,0,0,0,0
1612824790771,6,1010123456019,74,,1,2,5,1,1,,7.14545,220,1097,0.100224,59,0,7.57143,,0,0,0,0,0,0,0,0,0,,189,189,,0,0,0,0
1612824791021,6,1010123456019,74,,1,2,5,1,1,,6.48066,362,158,0.13776,107,0,5.66667,,0,0,0,0,0,0,0,0,0,,312,312,,0,0,0,0
1612824791271,6,1010123456019,74,,1,2,5,1,1,,4.19118,408,89,0.122496,124,0,5.4,,9.42727,110,0,0.1,35,91.4286,0,2.61338,31,,372,372,,0,0,0,9.34545
1612824791521,6,1010123456019,74,,1,2,5,1,1,,11.6711,76,0,0.053824,23,0,7.83333,,0,0,0,0,0,0,0,0,0,,66,66,,0,0,0,0
1612824791771,6,1010123456019,74,,1,2,5,1,1,,8.40703,199,158,0.10832,57,0,7.83333,,0,0,0,0,0,0,0,0,0,,171,171,,0,0,0,0
1612824792021,6,1010123456019,74,,1,2,5,1,1,,10.5159,252,158,0.146368,69,0,6.6,,0,0,0,0,0,0,0,0,0,,216,216,,0,0,0,0
1612824792271,6,1010123456019,74,,1,2,5,1,1,,12.4685,143,184,0.099744,40,0,8.16667,,0.1,11,0,0.1,3,0,0,10.2173,31,,123,123,,0,0,0,3.90909
1612824792521,6,1010123456019,74,,1,2,5,1,1,,11.5236,191,0,0.135712,53,0,7.66667,,0,0,0,0,0,0,0,0,0,,162,162,,0,0,0,0
1612824792771,6,1010123456019,74,,1,2,5,1,1,,13.3563,174,0,0.141568,53,0,8,,0,0,0,0,0,0,0,0,0,,153,153,,0,0,0,0
1612824793021,6,1010123456019,74,,1,2,5,1,1,,11.9216,153,0,0.108576,45,0,7.33333,,0,0,0,0,0,0,0,0,0,,132,132,,0,0,0,0
1612824793271,6,1010123456019,74,,1,2,5,1,1,,6.97156,211,95,0.089856,54,0,7,,5.81818,33,0,0.1,10,60,0,4.58015,31,,183,183,,0,0,0,6.9697
1612824793521,6,1010123456019,74,,1,2,5,1,1,,9.16889,225,315,0.137248,73,0,8.33333,,0,0,0,0,0,0,0,0,0,,195,195,,0,0,0,0
1612824793771,6,1010123456019,74,,1,2,5,1,1,,10.5309,162,0,0.10688,45,0,6.57143,,0,0,0,0,0,0,0,0,0,,141,141,,0,0,0,0
1612824794021,6,1010123456019,74,,1,2,5,1,1,,10.1754,114,0,0.075232,33,0,8.66667,,0,0,0,0,0,0,0,0,0,,99,99,,0,0,0,0
1612824794271,6,1010123456019,74,,1,2,5,1,1,,11.9048,105,0,0.080416,33,0,7.5,,0.1,34,0,0.1,11,72.7273,0,3.87846,31,,93,93,,0,0,0,7.61765
1612824794521,6,1010123456019,74,,1,2,5,1,1,,8.17029,276,48,0.131264,77,0,6.75,,0,0,0,0,0,0,0,0,0,,240,240,,0,0,0,0
1612824794771,6,1010123456019,74,,1,2,5,1,1,,13.2331,163,783,0.129664,45,0,8.42857,,0,0,0,0,0,0,0,0,0,,138,138,,0,0,0,0
1612824795021,6,1010123456019,74,,1,2,5,1,1,,9.64674,184,457,0.120672,55,0,6.66667,,0,0,0,0,0,0,0,0,0,,159,159,,0,0,0,0
1612824795271,6,1010123456019,74,,1,2,5,1,1,,7.55556,279,0,0.121632,82,0,7.16667,,0,0,0,0,0,0,0,0,0,,240,240,,0,0,0,0
1612824795521,6,1010123456019,74,,1,2,5,1,1,,9.05128,195,893,0.103776,51,0,6.5,,0,0,0,0,0,0,0,0,0,,165,165,,0,0,0,0
1612824795771,6,1010123456019,74,,1,2,5,1,1,,10.251,251,0,0.150976,72,0,8.66667,,0,0,0,0,0,0,0,0,0,,216,216,,0,0,0,0
1612824796021,6,1010123456019,74,,1,2,5,1,1,,11.5068,146,0,0.106496,47,0,7.83333,,0,0,0,0,0,0,0,0,0,,129,129,,0,0,0,0
1612824796271,6,1010123456019,74,,1,2,5,1,1,,12.56,225,0,0.1648,63,0,7.83333,,0.1,20,0,0.1,7,57.1429,0,3.73892,31,,195,195,,0,0,0,6.3
1612824796521,6,1010123456019,74,,1,2,5,1,1,,11.5556,180,0,0.110336,48,0,7.33333,,0,0,0,0,0,0,0,0,0,,153,153,,0,0,0,0
1612824796771,6,1010123456019,74,,1,2,5,1,1,,10.6906,181,158,0.125856,57,0,7,,0,0,0,0,0,0,0,0,0,,156,156,,0,0,0,0
1612824797021,6,1010123456019,74,,1,2,5,1,1,,9.74713,261,0,0.14624,75,0,7.25,,0,0,0,0,0,0,0,0,0,,225,225,,0,0,0,0
1612824797271,6,1010123456019,74,,1,2,5,1,1,,6,360,99,0.128608,102,0,6,,0,12,0,0,4,100,0,0,0,,309,309,,0,0,0,0
1612824797521,6,1010123456019,74,,1,2,5,1,1,,5.80788,203,1459,0.09136,55,0,6.4,,0,0,0,0,0,0,0,0,0,,174,174,,0,0,0,0
1612824797771,6,1010123456019,74,,1,2,5,1,1,,11.0797,276,0,0.17936,83,0,7.57143,,0,0,0,0,0,0,0,0,0,,237,237,,0,0,0,0
1612824798021,6,1010123456019,74,,1,2,5,1,1,,13.0966,145,158,0.111776,41,0,8.6,,0,0,0,0,0,0,0,0,0,,123,123,,0,0,0,0
1612824798271,6,1010123456019,74,,1,2,5,1,1,,12.6758,182,0,0.133152,50,0,7.83333,,5.08163,49,0,0.1,14,85.7143,0,5.63357,31,,156,156,,0,0,0,9.14286
1612824798521,6,1010123456019,74,,1,2,5,1,1,,12.1608,143,0,0.106784,43,0,7.83333,,0,0,0,0,0,0,0,0,0,,123,123,,0,0,0,0
1612824798771,6,1010123456019,74,,1,2,5,1,1,,12.6098,205,158,0.14864,57,0,7.66667,,0,0,0,0,0,0,0,0,0,,171,171,,0,0,0,0
1612824799021,6,1010123456019,74,,1,2,5,1,1,,5.49117,283,1573,0.100096,75,0,5.6,,0,0,0,0,0,0,0,0,0,,243,243,,0,0,0,0
1612824799271,6,1010123456019,74,,1,2,5,1,1,,8.8272,353,158,0.207232,110,0,7.83333,,3.82609,46,0,0.1,15,80,0,2.02652,31,,312,312,,0,0,0,8.13043
1612824799521,6,1010123456019,74,,1,2,5,1,1,,10.5391,243,0,0.139584,67,0,7.2,,0,0,0,0,0,0,0,0,0,,207,207,,0,0,0,0
1612824799771,6,1010123456019,74,,1,2,5,1,1,,6.98233,283,117,0.117888,76,0,6.42857,,0,0,0,0,0,0,0,0,0,,246,246,,0,0,0,0
1612824800021,6,1010123456019,74,,1,2,5,1,1,,13.5915,164,0,0.13632,52,0,8.66667,,0,0,0,0,0,0,0,0,0,,138,138,,0,0,0,0
1612824800271,6,1010123456019,74,,1,2,5,1,1,,7.02058,243,0,0.115648,73,0,6.66667,,0,12,0,0,4,100,0,0,0,,213,213,,0,0,0,0
1612824800521,6,1010123456019,74,,1,2,5,1,1,,12.6042,96,0,0.069152,27,0,8,,0.1,15,0,0,4,100,0,0.510946,0,,81,81,,0,0,0,10
1612824800771,6,1010123456019,74,,1,2,5,1,1,,7.32374,278,0,0.12672,80,0,6.33333,,0,0,0,0,0,0,0,0,0,,240,240,,0,0,0,0
1612824801021,6,1010123456019,74,,1,2,5,1,1,,9.51124,178,69,0.092896,50,0,7,,0,0,0,0,0,0,0,0,0,,153,153,,0,0,0,0
1612824801271,6,1010123456019,74,,1,2,5,1,1,,6.85034,294,752,0.126784,85,0,6.16667,,0.1,16,0,0,4,100,0,0.399651,0,,255,255,,0,0,0,10
1612824801521,6,1010123456019,74,,1,2,5,1,1,,6.64432,343,0,0.139744,99,0,6.5,,0.1,16,0,0,4,100,0,0.447114,0,,294,294,,0,0,0,10
1612824801771,6,1010123456019,74,,1,2,5,1,1,,12.8148,135,0,0.10128,38,0,8,,0,0,0,0,0,0,0,0,0,,114,114,,0,0,0,0
1612824802021,6,1010123456019,74,,1,2,5,1,1,,4.27715,267,158,0.074944,74,0,6.66667,,0,0,0,0,0,0,0,0,0,,228,228,,0,0,0,0
1612824802271,6,1010123456019,74,,1,2,5,1,1,,8.26715,277,0,0.141856,81,0,6,,6.43137,51,0,0.1,15,86.6667,0,2.3121,31,,237,237,,0,0,0,8.76471
1612824802521,6,1010123456019,74,,1,2,5,1,1,,9.0396,303,158,0.162016,84,0,5.8,,0,0,0,0,0,0,0,0,0,,258,258,,0,0,0,0
1612824802771,6,1010123456019,74,,1,2,5,1,1,,11.2222,207,0,0.139232,62,0,7.83333,,0,0,0,0,0,0,0,0,0,,180,180,,0,0,0,0
1612824803021,6,1010123456019,74,,1,2,5,1,1,,13.4304,158,0,0.116448,41,0,8.33333,,0,0,0,0,0,0,0,0,0,,135,135,,0,0,0,0
1612824803271,6,1010123456019,74,,1,2,5,1,1,,11.8953,191,137,0.138944,58,0,7.6,,0.1,13,0,0,4,100,0,0.459193,0,,168,168,,0,0,0,10
1612824803521,6,1010123456019,74,,1,2,5,1,1,,10.3618,199,0,0.123584,58,0,7.33333,,3.86667,15,0,0.1,4,0,0,25.25,31,,171,171,,0,0,0,1.53333
1612824803771,6,1010123456019,74,,1,2,5,1,1,,12.0585,205,0,0.145024,58,0,8.33333,,0,0,0,0,0,0,0,0,0,,180,180,,0,0,0,0
1612824804021,6,1010123456019,74,,1,2,5,1,1,,12.8194,144,158,0.117472,45,0,8,,0,0,0,0,0,0,0,0,0,,126,126,,0,0,0,0
1612824804271,6,1010123456019,74,,1,2,5,1,1,,14.4493,69,135,0.053312,18,0,8.66667,,14,6,0,0.1,2,0,0,20.1485,31,,57,57,,0,0,0,3.33333
1612824804521,6,1010123456019,74,,1,2,5,1,1,,13.026,154,0,0.116768,41,0,8,,0,0,0,0,0,0,0,0,0,,132,132,,0,0,0,0
1612824804771,6,1010123456019,74,,1,2,5,1,1,,12.2967,182,48,0.1336,53,0,7.57143,,0,0,0,0,0,0,0,0,0,,156,156,,0,0,0,0
1612824805021,6,1010123456019,74,,1,2,5,1,1,,7.92655,177,0,0.093088,54,0,7.5,,0,0,0,0,0,0,0,0,0,,153,153,,0,0,0,0
1612824805271,6,1010123456019,74,,1,2,5,1,1,,12.85,120,0,0.090336,34,0,8.83333,,0.1,41,0,0.1,11,54.5455,0,3.53831,31,,102,102,,0,0,0,6.43902
1612824805521,6,1010123456019,74,,1,2,5,1,1,,12.9085,153,158,0.122144,45,0,8,,0,0,0,0,0,0,0,0,0,,135,135,,0,0,0,0
1612824805771,6,1010123456019,74,,1,2,5,1,1,,10.9148,223,69,0.134304,62,0,6.85714,,0,0,0,0,0,0,0,0,0,,189,189,,0,0,0,0
1612824806021,6,1010123456019,74,,1,2,5,1,1,,12.9832,179,0,0.138208,48,0,8.83333,,0,0,0,0,0,0,0,0,0,,153,153,,0,0,0,0
1612824806271,6,1010123456019,74,,1,2,5,1,1,,12.9306,144,0,0.117248,44,0,8,,7.38462,26,0,0.1,7,57.1429,0,6.86509,31,,126,126,,0,0,0,6.53846
1612824806521,6,1010123456019,74,,1,2,5,1,1,,3.88421,380,234,0.096448,105,0,4.2,,0,0,0,0,0,0,0,0,0,,330,330,,0,0,0,0
1612824806771,6,1010123456019,74,,1,2,5,1,1,,5.18705,417,0,0.12976,124,0,7.4,,0,0,0,0,0,0,0,0,0,,357,357,,0,0,0,0
1612824807021,6,1010123456019,74,,1,2,5,1,1,,5.94007,267,158,0.100896,77,0,6.83333,,0,0,0,0,0,0,0,0,0,,228,228,,0,0,0,0
1612824807271,6,1010123456019,74,,1,2,5,1,1,,13.6369,179,0,0.145376,49,0,8.83333,,0,12,0,0,4,100,0,0,0,,156,156,,0,0,0,0
1612824807521,6,1010123456019,74,,1,2,5,1,1,,11.8667,180,56,0.12624,48,0,8.2,,0,9,0,0,3,100,0,0,0,,153,153,,0,0,0,0
1612824807771,6,1010123456019,74,,1,2,5,1,1,,11.4774,155,0,0.112992,49,0,9.5,,0,3,0,0,1,100,0,0,0,,135,135,,0,0,0,0
1612824808021,6,1010123456019,74,,1,2,5,1,1,,13.7982,114,0,0.098176,35,0,8,,0,0,0,0,0,0,0,0,0,,99,99,,0,0,0,0
1612824808271,6,1010123456019,74,,1,2,5,1,1,,12.6319,163,0,0.117312,45,0,8.16667,,3.58621,58,0,0.1,16,68.75,0,2.04735,31,,141,141,,0,0,0,8.18966
1612824808521,6,1010123456019,74,,1,2,5,1,1,,10.6857,140,158,0.091456,43,0,7.33333,,0,0,0,0,0,0,0,0,0,,123,123,,0,0,0,0
1612824808771,6,1010123456019,74,,1,2,5,1,1,,10.9637,248,158,0.14704,68,0,7,,0,0,0,0,0,0,0,0,0,,210,210,,0,0,0,0
1612824809021,6,1010123456019,74,,1,2,5,1,1,,14.8571,133,226,0.135328,40,0,9,,0,0,0,0,0,0,0,0,0,,117,117,,0,0,0,0
1612824809271,6,1010123456019,74,,1,2,5,1,1,,11.5603,232,0,0.165984,69,0,7.5,,0,17,0,0.1,6,66.6667,0,0,31,,204,204,,0,0,0,0
1612824809521,6,1010123456019,74,,1,2,5,1,1,,12.8216,185,0,0.127552,48,0,8,,0,0,0,0,0,0,0,0,0,,156,156,,0,0,0,0
1612824809771,6,1010123456019,74,,1,2,5,1,1,,12.7771,175,158,0.138016,52,0,7.6,,0,0,0,0,0,0,0,0,0,,150,150,,0,0,0,0
1612824810021,6,1010123456019,74,,1,2,5,1,1,,11.7778,144,0,0.091232,41,0,8.4,,0,0,0,0,0,0,0,0,0,,123,123,,0,0,0,0
1612824810271,6,1010123456019,74,,1,2,5,1,1,,12.9856,139,69,0.116384,39,0,7.25,,0,12,0,0,4,100,0,0,0,,120,120,,0,0,0,0
1612824810521,6,1010123456019,74,,1,2,5,1,1,,12.152,171,0,0.11792,46,0,7.66667,,0,12,0,0,4,100,0,0,0,,147,147,,0,0,0,0
1612824810771,6,1010123456019,74,,1,2,5,1,1,,10.9625,160,0,0.1128,52,0,7.14286,,0,12,0,0,4,100,0,0,0,,138,138,,0,0,0,0
1612824811021,6,1010123456019,74,,1,2,5,1,1,,7.87697,317,137,0.1384,86,0,6.33333,,0,0,0,0,0,0,0,0,0,,270,270,,0,0,0,0
1612824811271,6,1010123456019,74,,1,2,5,1,1,,5.0098,306,69,0.111456,91,0,5,,0.1,14,0,0,4,100,0,0.213748,0,,264,264,,0,0,0,10
1612824811521,6,1010123456019,74,,1,2,5,1,1,,10.8197,183,0,0.112576,51,0,7.66667,,0,0,0,0,0,0,0,0,0,,162,162,,0,0,0,0
1612824811771,6,1010123456019,74,,1,2,5,1,1,,14.1143,175,158,0.163808,54,0,8.16667,,0,0,0,0,0,0,0,0,0,,150,150,,0,0,0,0
1612824812021,6,1010123456019,74,,1,2,5,1,1,,10.5568,185,158,0.11264,53,0,8,,0,0,0,0,0,0,0,0,0,,159,159,,0,0,0,0
1612824812271,6,1010123456019,74,,1,2,5,1,1,,9.86997,323,0,0.176864,91,0,6.83333,,0,12,0,0,4,100,0,0,0,,276,276,,0,0,0,0
1612824812521,6,1010123456019,74,,1,2,5,1,1,,11.6831,142,0,0.092992,40,0,7.2,,0,0,0,0,0,0,0,0,0,,123,123,,0,0,0,0
1612824812771,6,1010123456019,74,,1,2,5,1,1,,10.8,190,0,0.119648,53,0,6.14286,,0,12,0,0,4,100,0,0,0,,165,165,,0,0,0,0
1612824813021,6,1010123456019,74,,1,2,5,1,1,,10.7257,175,0,0.110048,52,0,9,,0,0,0,0,0,0,0,0,0,,150,150,,0,0,0,0
1612824813271,6,1010123456019,74,,1,2,5,1,1,,11.65,160,0,0.128864,49,0,7.2,,0.654545,55,0,0.1,15,80,0,6.15862,31,,141,141,,0,0,0,8.27273
1612824813521,6,1010123456019,74,,1,2,5,1,1,,13.0132,151,265,0.111168,40,0,8.5,,0,0,0,0,0,0,0,0,0,,129,129,,0,0,0,0
1612824813771,6,1010123456019,74,,1,2,5,1,1,,12.0388,232,117,0.158336,65,0,8,,0,0,0,0,0,0,0,0,0,,198,198,,0,0,0,0
1612824814021,6,1010123456019,74,,1,2,5,1,1,,12.5924,157,0,0.12448,48,0,8,,0,0,0,0,0,0,0,0,0,,132,132,,0,0,0,0
1612824814271,6,1010123456019,74,,1,2,5,1,1,,13.9244,119,0,0.1056,34,0,9,,9.23077,26,0,0.1,7,57.1429,0,8.75448,31,,102,102,,0,0,0,6.19231
1612824814521,6,1010123456019,74,,1,2,5,1,1,,5.05698,351,52,0.11376,99,0,6.2,,0,0,0,0,0,0,0,0,0,,303,303,,0,0,0,0
1612824814771,6,1010123456019,74,,1,2,5,1,1,,14.2448,143,0,0.132352,43,0,8.71429,,0,0,0,0,0,0,0,0,0,,123,123,,0,0,0,0
1612824815021,6,1010123456019,74,,1,2,5,1,1,,12.8679,106,0,0.079904,30,0,8,,0,0,0,0,0,0,0,0,0,,90,90,,0,0,0,0
1612824815271,6,1010123456019,74,,1,2,5,1,1,,12.0585,205,0,0.138944,58,0,7,,0.1,38,0,0.1,11,72.7273,0,2.80931,31,,174,174,,0,0,0,8.55263
1612824815521,6,1010123456019,74,,1,2,5,1,1,,6.88889,234,81,0.094784,66,0,6.16667,,0,0,0,0,0,0,0,0,0,,201,201,,0,0,0,0
1612824815771,6,1010123456019,74,,1,2,5,1,1,,13.381,168,158,0.142112,50,0,7.83333,,0,0,0,0,0,0,0,0,0,,147,147,,0,0,0,0
1612824816021,6,1010123456019,74,,1,2,5,1,1,,6.81271,299,69,0.122208,84,0,6.4,,0,0,0,0,0,0,0,0,0,,255,255,,0,0,0,0
1612824816271,6,1010123456019,74,,1,2,5,1,1,,10.5233,86,0,0.05952,28,0,7,,0,11,0,0,4,100,0,0,0,,81,81,,0,0,0,0
1612824816521,6,1010123456019,74,,1,2,5,1,1,,11.5573,192,110,0.128032,54,0,6.83333,,0.1,8,0,0.1,2,50,0,1.09883,31,,168,168,,0,0,0,7
1612824816771,6,1010123456019,74,,1,2,5,1,1,,13.3212,137,0,0.10176,37,0,8.71429,,0,0,0,0,0,0,0,0,0,,117,117,,0,0,0,0
1612824817021,6,1010123456019,74,,1,2,5,1,1,,14.7299,137,226,0.136352,42,0,9.66667,,0,0,0,0,0,0,0,0,0,,117,117,,0,0,0,0
1612824817271,6,1010123456019,74,,1,2,5,1,1,,12.4268,157,0,0.112704,44,0,7.6,,10.7857,14,0,0.1,4,0,0,29.8555,31,,135,135,,0,0,0,1
1612824817521,6,1010123456019,74,,1,2,5,1,1,,10.6171,222,0,0.145536,63,0,8.33333,,0,0,0,0,0,0,0,0,0,,189,189,,0,0,0,0
1612824817771,6,1010123456019,74,,1,2,5,1,1,,12.9231,104,0,0.080064,30,0,8,,0,0,0,0,0,0,0,0,0,,90,90,,0,0,0,0
1612824818021,6,1010123456019,74,,1,2,5,1,1,,12.5741,108,158,0.079936,31,0,7.66667,,0,0,0,0,0,0,0,0,0,,93,93,,0,0,0,0
1612824818271,6,1010123456019,74,,1,2,5,1,1,,7.60619,226,677,0.10016,59,0,5.83333,,15,15,0,0,4,100,0,0.65158,0,,195,195,,0,0,0,10
1612824818521,6,1010123456019,74,,1,2,5,1,1,,7.71206,257,158,0.11984,79,0,8.16667,,0,0,0,0,0,0,0,0,0,,222,222,,0,0,0,0
1612824818771,6,1010123456019,74,,1,2,5,1,1,,7.52013,298,0,0.12752,86,0,6,,0,0,0,0,0,0,0,0,0,,255,255,,0,0,0,0
1612824819021,6,1010123456019,74,,1,2,5,1,1,,10.604,202,48,0.12368,58,0,7,,0,0,0,0,0,0,0,0,0,,177,177,,0,0,0,0
1612824819271,6,1010123456019,74,,1,2,5,1,1,,11.381,210,0,0.141984,62,0,7.5,,0.1,11,0,0.1,3,0,0,7.79042,31,,180,180,,0,0,0,2.81818
1612824819521,6,1010123456019,74,,1,2,5,1,1,,8.2551,294,477,0.14848,80,0,6.5,,0,0,0,0,0,0,0,0,0,,252,252,,0,0,0,0
1612824819771,6,1010123456019,74,,1,2,5,1,1,,7.11111,225,0,0.090336,69,0,6.66667,,0,0,0,0,0,0,0,0,0,,192,192,,0,0,0,0
1612824820021,6,1010123456019,74,,1,2,5,1,1,,6.39252,214,219,0.08496,52,0,7.6,,0,0,0,0,0,0,0,0,0,,180,180,,0,0,0,0
1612824820271,6,1010123456019,74,,1,2,5,1,1,,5.23962,313,0,0.08832,90,0,6.83333,,16,13,0,0,4,100,0,0.574173,0,,270,270,,0,0,0,10
1612824820521,6,1010123456019,74,,1,2,5,1,1,,13.1866,134,69,0.123616,45,0,9,,0.1,7,0,0.1,2,0,0,0.911535,31,,114,114,,0,0,0,2.42857
1612824820771,6,1010123456019,74,,1,2,5,1,1,,13.216,213,158,0.172288,62,0,8,,0,0,0,0,0,0,0,0,0,,186,186,,0,0,0,0
1612824821021,6,1010123456019,74,,1,2,5,1,1,,11.8992,238,0,0.166976,68,0,8.83333,,0,0,0,0,0,0,0,0,0,,201,201,,0,0,0,0
1612824821271,6,1010123456019,74,,1,2,5,1,1,,6.67157,204,575,0.089024,54,0,7,,0,12,0,0,4,100,0,0,0,,180,180,,0,0,0,0
1612824821521,6,1010123456019,74,,1,2,5,1,1,,9.58683,167,0,0.095136,53,0,7.66667,,0.1,19,0,0.1,5,40,0,1.11826,31,,144,144,,0,0,0,5.78947
1612824821771,6,1010123456019,74,,1,2,5,1,1,,12.2055,146,0,0.098272,40,0,8.57143,,0,0,0,0,0,0,0,0,0,,129,129,,0,0,0,0
1612824822021,6,1010123456019,74,,1,2,5,1,1,,13.3089,191,0,0.16928,58,0,8,,0,0,0,0,0,0,0,0,0,,162,162,,0,0,0,0
1612824822271,6,1010123456019,74,,1,2,5,1,1,,8.76818,220,158,0.134336,64,0,7.4,,5.73438,64,0,0.1,19,84.2105,0,5.86271,31,,192,192,,0,0,0,8.59375
1612824822521,6,1010123456019,74,,1,2,5,1,1,,14.8824,119,158,0.110656,34,0,9.8,,0,0,0,0,0,0,0,0,0,,102,102,,0,0,0,0
1612824822771,6,1010123456019,74,,1,2,5,1,1,,8.70079,254,89,0.129728,71,0,6.28571,,0,0,0,0,0,0,0,0,0,,216,216,,0,0,0,0
1612824823021,6,1010123456019,74,,1,2,5,1,1,,7.01742,287,158,0.133472,82,0,7.16667,,0,0,0,0,0,0,0,0,0,,243,243,,0,0,0,0
1612824823271,6,1010123456019,74,,1,2,5,1,1,,4.26214,309,0,0.081696,87,0,5.33333,,14.3429,70,0,0.1,20,80,0,6.59765,31,,267,267,,0,0,0,8.07143
1612824823521,6,1010123456019,74,,1,2,5,1,1,,10.8667,150,302,0.091616,43,0,6.6,,0,0,0,0,0,0,0,0,0,,129,129,,0,0,0,0
1612824823771,6,1010123456019,74,,1,2,5,1,1,,12.6414,145,0,0.10624,41,0,7.85714,,0,0,0,0,0,0,0,0,0,,123,123,,0,0,0,0
1612824824021,6,1010123456019,74,,1,2,5,1,1,,12.2971,138,480,0.103776,40,0,7.4,,0.1,4,0,0.1,1,0,0,0.548908,31,,120,120,,0,0,0,2
1612824824271,6,1010123456019,74,,1,2,5,1,1,,10.0348,230,69,0.137504,67,0,8.6,,0,12,0,0,4,100,0,0,0,,198,198,,0,0,0,0
1612824824521,6,1010123456019,74,,1,2,5,1,1,,13.0588,136,382,0.10656,39,0,9,,0.1,7,0,0.1,2,0,0,1.87163,31,,117,117,,0,0,0,2.71429
1612824824771,6,1010123456019,74,,1,2,5,1,1,,9.12121,231,476,0.12336,65,0,6.57143,,0,0,0,0,0,0,0,0,0,,198,198,,0,0,0,0
1612824825021,6,1010123456019,74,,1,2,5,1,1,,11.9006,181,0,0.13408,55,0,6.5,,0,0,0,0,0,0,0,0,0,,159,159,,0,0,0,0
1612824825271,6,1010123456019,74,,1,2,5,1,1,,9.9375,256,158,0.145472,73,0,6.8,,8.83333,24,0,0.1,6,66.6667,0,11.5472,31,,222,222,,0,0,0,7
1612824825521,6,1010123456019,74,,1,2,5,1,1,,12.1854,178,204,0.122464,47,0,7.5,,0,0,0,0,0,0,0,0,0,,150,150,,0,0,0,0
1612824825771,6,1010123456019,74,,1,2,5,1,1,,9.58921,241,0,0.13584,72,0,7,,0,0,0,0,0,0,0,0,0,,207,207,,0,0,0,0
1612824826021,6,1010123456019,74,,1,2,5,1,1,,11.929,183,0,0.122976,51,0,7.66667,,0,0,0,0,0,0,0,0,0,,159,159,,0,0,0,0
1612824826271,6,1010123456019,74,,1,2,5,1,1,,13.1954,174,0,0.14816,53,0,8.33333,,6.92308,26,0,0.1,7,57.1429,0,7.6214,31,,153,153,,0,0,0,6.34615
1612824826521,6,1010123456019,74,,1,2,5,1,1,,10.8865,229,0,0.1448,63,0,8.5,,0,0,0,0,0,0,0,0,0,,195,195,,0,0,0,0
1612824826771,6,1010123456019,74,,1,2,5,1,1,,13.626,238,0,0.205664,65,0,8.33333,,0,0,0,0,0,0,0,0,0,,210,210,,0,0,0,0
1612824827021,6,1010123456019,74,,1,2,5,1,1,,11.8667,135,0,0.10144,41,0,7.5,,0,0,0,0,0,0,0,0,0,,117,117,,0,0,0,0
1612824827271,6,1010123456019,74,,1,2,5,1,1,,6.69,300,0,0.12896,95,0,6.33333,,2.94444,36,0,0.1,12,50,0,11.4791,31,,276,276,,0,0,0,5.25
1612824827521,6,1010123456019,74,,1,2,5,1,1,,3.03274,336,1248,0.081536,92,0,4.33333,,0,0,0,0,0,0,0,0,0,,288,288,,0,0,0,0
1612824827771,6,1010123456019,74,,1,2,5,1,1,,7.62254,355,0,0.153152,108,0,6.14286,,0,0,0,0,0,0,0,0,0,,309,309,,0,0,0,0
1612824828021,6,1010123456019,74,,1,2,5,1,1,,12.6,150,0,0.108832,42,0,7.83333,,0,0,0,0,0,0,0,0,0,,129,129,,0,0,0,0
1612824828271,6,1010123456019,74,,1,2,5,1,1,,10.5801,181,89,0.115328,53,0,7.33333,,0.1,20,0,0.1,6,66.6667,0,6.79118,31,,162,162,,0,0,0,6.8
1612824828521,6,1010123456019,74,,1,2,5,1,1,,13.0062,161,0,0.122688,46,0,8,,0,0,0,0,0,0,0,0,0,,138,138,,0,0,0,0
1612824828771,6,1010123456019,74,,1,2,5,1,1,,12.8774,155,0,0.129792,48,0,8,,0,0,0,0,0,0,0,0,0,,135,135,,0,0,0,0
1612824829021,6,1010123456019,74,,1,2,5,1,1,,15.3662,71,0,0.068608,20,0,8.16667,,0,0,0,0,0,0,0,0,0,,60,60,,0,0,0,0
1612824829271,6,1010123456019,74,,1,2,5,1,1,,5.99739,383,0,0.135424,109,0,6,,15,16,0,0,4,100,0,1.19008,0,,333,333,,0,0,0,10
1612824829521,6,1010123456019,74,,1,2,5,1,1,,12.5234,107,69,0.079936,31,0,8.66667,,0,0,0,0,0,0,0,0,0,,90,90,,0,0,0,0
1612824829771,6,1010123456019,74,,1,2,5,1,1,,13.1233,146,0,0.117216,43,0,7.5,,0,0,0,0,0,0,0,0,0,,126,126,,0,0,0,0
1612824830021,6,1010123456019,74,,1,2,5,1,1,,11.3673,226,0,0.1448,62,0,8,,0,0,0,0,0,0,0,0,0,,192,192,,0,0,0,0
1612824830271,6,1010123456019,74,,1,2,5,1,1,,10.4719,178,0,0.112672,53,0,7.66667,,14.275,40,0,0.1,12,66.6667,0,9.31987,31,,153,153,,0,0,0,7.3
1612824830521,6,1010123456019,74,,1,2,5,1,1,,12.6602,103,0,0.074912,29,0,7.66667,,0,0,0,0,0,0,0,0,0,,87,87,,0,0,0,0
1612824830771,6,1010123456019,74,,1,2,5,1,1,,15.6364,77,226,0.073632,21,0,9.16667,,0,0,0,0,0,0,0,0,0,,66,66,,0,0,0,0
1612824831021,6,1010123456019,74,,1,2,5,1,1,,10.8856,201,0,0.124256,58,0,6.83333,,0,12,0,0,4,100,0,0,0,,171,171,,0,0,0,0
1612824831271,6,1010123456019,74,,1,2,5,1,1,,10.7035,145,0,0.086848,41,0,7.33333,,3.57609,92,0,0.1,27,88.8889,0,2.21437,31,,129,129,,0,0,0,9.02174
1612824831521,6,1010123456019,74,,1,2,5,1,1,,1.77946,331,1386,0.0568,89,0,3.33333,,0,0,0,0,0,0,0,0,0,,285,285,,0,0,0,0
1612824831771,6,1010123456019,74,,1,2,5,1,1,,8.10112,356,53,0.169472,106,0,7.66667,,0,0,0,0,0,0,0,0,0,,306,306,,0,0,0,0
1612824832021,6,1010123456019,74,,1,2,5,1,1,,13.1818,99,40,0.0848,30,0,7.6,,0,0,0,0,0,0,0,0,0,,87,87,,0,0,0,0
1612824832271,6,1010123456019,74,,1,2,5,1,1,,4.96636,327,324,0.092192,88,0,6.5,,0.1,20,0,0.1,6,66.6667,0,6.14598,31,,279,279,,0,0,0,6.8
1612824832521,6,1010123456019,74,,1,2,5,1,1,,13.908,174,382,0.169184,56,0,8.83333,,0,0,0,0,0,0,0,0,0,,150,150,,0,0,0,0
1612824832771,6,1010123456019,74,,1,2,5,1,1,,11.9828,233,0,0.1696,66,0,7.71429,,0,0,0,0,0,0,0,0,0,,201,201,,0,0,0,0
1612824833021,6,1010123456019,74,,1,2,5,1,1,,11.9034,145,69,0.099296,41,0,7.66667,,0,0,0,0,0,0,0,0,0,,123,123,,0,0,0,0
1612824833271,6,1010123456019,74,,1,2,5,1,1,,13.0182,110,0,0.087072,32,0,8,,15,18,0,0.1,5,80,0,6.15262,0,,96,96,,0,0,0,8
1612824833521,6,1010123456019,74,,1,2,5,1,1,,12.6463,82,985,0.065952,25,0,7.66667,,0,0,0,0,0,0,0,0,0,,72,72,,0,0,0,0
1612824833771,6,1010123456019,74,,1,2,5,1,1,,11.3739,230,0,0.147872,66,0,6.33333,,0,0,0,0,0,0,0,0,0,,195,195,,0,0,0,0
1612824834021,6,1010123456019,74,,1,2,5,1,1,,6.50153,327,0,0.11312,90,0,6.16667,,0,0,0,0,0,0,0,0,0,,282,282,,0,0,0,0
1612824834271,6,1010123456019,74,,1,2,5,1,1,,10.1895,190,158,0.138944,58,0,8.33333,,6.85714,35,0,0.1,10,80,0,7.30306,31,,162,162,,0,0,0,8.2
1612824834521,6,1010123456019,74,,1,2,5,1,1,,13.8054,149,69,0.122016,41,0,8.5,,0,0,0,0,0,0,0,0,0,,126,126,,0,0,0,0
1612824834771,6,1010123456019,74,,1,2,5,1,1,,10.2257,288,382,0.166656,83,0,6.83333,,0,12,0,0,4,100,0,0,0,,249,249,,0,0,0,0
1612824835021,6,1010123456019,74,,1,2,5,1,1,,11.9651,172,146,0.127392,46,0,7.16667,,0,0,0,0,0,0,0,0,0,,147,147,,0,0,0,0
1612824835271,6,1010123456019,74,,1,2,5,1,1,,8.26923,234,412,0.122016,71,0,7.6,,0,12,0,0,4,100,0,0,0,,201,201,,0,0,0,0
1612824835521,6,1010123456019,74,,1,2,5,1,1,,12.5596,193,0,0.146912,55,0,8,,0.1,12,0,0,3,100,0,0.828105,0,,165,165,,0,0,0,10
1612824835771,6,1010123456019,74,,1,2,5,1,1,,13.5948,153,628,0.126656,44,0,9.14286,,0.1,4,0,0,1,100,0,0.567522,0,,132,132,,0,0,0,10
1612824836021,6,1010123456019,74,,1,2,5,1,1,,7.80576,278,312,0.136512,79,0,5.66667,,0,0,0,0,0,0,0,0,0,,240,240,,0,0,0,0
1612824836271,6,1010123456019,74,,1,2,5,1,1,,7.26165,279,0,0.12656,80,0,8.16667,,0.1,19,0,0.1,5,80,0,0.834851,31,,246,246,,0,0,0,8.52632
1612824836521,6,1010123456019,74,,1,2,5,1,1,,14.0769,182,158,0.163392,53,0,8.83333,,0,9,0,0,3,100,0,0,0,,156,156,,0,0,0,0
1612824836771,6,1010123456019,74,,1,2,5,1,1,,12.8142,183,265,0.128576,48,0,6.66667,,0,3,0,0,1,100,0,0,0,,159,159,,0,0,0,0
1612824837021,6,1010123456019,74,,1,2,5,1,1,,8.55224,268,654,0.138976,79,0,7.33333,,0,0,0,0,0,0,0,0,0,,228,228,,0,0,0,0
1612824837271,6,1010123456019,74,,1,2,5,1,1,,12.7414,174,0,0.134304,52,0,8,,0.1,45,0,0.1,13,69.2308,0,2.87783,31,,150,150,,0,0,0,7.8
1612824837521,6,1010123456019,74,,1,2,5,1,1,,12.4074,162,0,0.106912,42,0,7.66667,,0,0,0,0,0,0,0,0,0,,138,138,,0,0,0,0
1612824837771,6,1010123456019,74,,1,2,5,1,1,,7.74129,201,863,0.110752,59,0,7.25,,0,0,0,0,0,0,0,0,0,,174,174,,0,0,0,0
1612824838021,6,1010123456019,74,,1,2,5,1,1,,9.62681,276,0,0.182496,81,0,8.5,,0,12,0,0,4,100,0,0,0,,240,240,,0,0,0,0
1612824838271,6,1010123456019,74,,1,2,5,1,1,,4.96084,332,1233,0.113632,91,0,5.2,,0.538462,26,0,0.1,7,42.8571,0,5.60359,31,,285,285,,0,0,0,5.88462
1612824838521,6,1010123456019,74,,1,2,5,1,1,,5.29712,451,345,0.16528,135,0,7.8,,0,0,0,0,0,0,0,0,0,,390,390,,0,0,0,0
1612824838771,6,1010123456019,74,,1,2,5,1,1,,13.8058,103,158,0.0984,31,0,8,,0,0,0,0,0,0,0,0,0,,90,90,,0,0,0,0
1612824839021,6,1010123456019,74,,1,2,5,1,1,,11.17,200,0,0.123168,54,0,6.8,,0,0,0,0,0,0,0,0,0,,168,168,,0,0,0,0
1612824839271,6,1010123456019,74,,1,2,5,1,1,,9.57547,106,0,0.069888,34,0,7.6,,0,11,0,0,4,100,0,0,0,,96,96,,0,0,0,0
1612824839521,6,1010123456019,74,,1,2,5,1,1,,12.8881,134,0,0.09584,36,0,8,,0,0,0,0,0,0,0,0,0,,114,114,,0,0,0,0
1612824839771,6,1010123456019,74,,1,2,5,1,1,,12.9623,106,615,0.080032,30,0,8,,0,0,0,0,0,0,0,0,0,,90,90,,0,0,0,0
1612824840021,6,1010123456019,74,,1,2,5,1,1,,10.3273,165,364,0.09952,42,0,6.16667,,0,0,0,0,0,0,0,0,0,,138,138,,0,0,0,0
1612824840271,6,1010123456019,74,,1,2,5,1,1,,3.55922,515,158,0.122688,156,0,5.6,,0.1,26,0,0.1,7,71.4286,0,0.628255,31,,450,450,,0,0,0,8.07692
1612824840521,6,1010123456019,74,,1,2,5,1,1,,13.3565,115,0,0.0808,27,0,7.6,,0,0,0,0,0,0,0,0,0,,96,96,,0,0,0,0
1612824840771,6,1010123456019,74,,1,2,5,1,1,,12.7385,130,0,0.110272,42,0,7.66667,,0,0,0,0,0,0,0,0,0,,111,111,,0,0,0,0
1612824841021,6,1010123456019,74,,1,2,5,1,1,,14.7308,104,315,0.095104,29,0,9.16667,,0,0,0,0,0,0,0,0,0,,87,87,,0,0,0,0
1612824841271,6,1010123456019,74,,1,2,5,1,1,,6.69721,251,294,0.094912,70,0,6.16667,,7.34884,43,0,0.1,12,75,0,3.17092,31,,216,216,,0,0,0,8.2093
1612824841521,6,1010123456019,74,,1,2,5,1,1,,9.78909,275,158,0.16672,80,0,7.33333,,0,0,0,0,0,0,0,0,0,,234,234,,0,0,0,0
1612824841771,6,1010123456019,74,,1,2,5,1,1,,10.3822,225,40,0.124,58,0,7.42857,,0,0,0,0,0,0,0,0,0,,192,192,,0,0,0,0
1612824842021,6,1010123456019,74,,1,2,5,1,1,,12.7785,158,77,0.127936,51,0,8.33333,,0,0,0,0,0,0,0,0,0,,138,138,,0,0,0,0
1612824842271,6,1010123456019,74,,1,2,5,1,1,,10.7699,226,0,0.140576,67,0,6.5,,7.91304,23,0,0.1,7,57.1429,0,14.3312,31,,198,198,,0,0,0,6.08696
1612824842521,6,1010123456019,74,,1,2,5,1,1,,6.97266,256,742,0.103648,72,0,6.66667,,0,0,0,0,0,0,0,0,0,,219,219,,0,0,0,0
1612824842771,6,1010123456019,74,,1,2,5,1,1,,12.4011,182,0,0.13488,52,0,7.71429,,0,0,0,0,0,0,0,0,0,,159,159,,0,0,0,0
1612824843021,6,1010123456019,74,,1,2,5,1,1,,12.2061,165,0,0.120768,48,0,7.66667,,0,0,0,0,0,0,0,0,0,,141,141,,0,0,0,0
1612824843271,6,1010123456019,74,,1,2,5,1,1,,7.37687,268,0,0.12304,79,0,5,,0,12,0,0,4,100,0,0,0,,234,234,,0,0,0,0
1612824843521,6,1010123456019,74,,1,2,5,1,1,,9.25592,211,0,0.108608,58,0,7.16667,,0,0,0,0,0,0,0,0,0,,183,183,,0,0,0,0
1612824843771,6,1010123456019,74,,1,2,5,1,1,,13.4696,115,0,0.095776,35,0,8.85714,,0,0,0,0,0,0,0,0,0,,96,96,,0,0,0,0
1612824844021,6,1010123456019,74,,1,2,5,1,1,,12.928,125,0,0.088032,33,0,8,,0,0,0,0,0,0,0,0,0,,108,108,,0,0,0,0
1612824844271,6,1010123456019,74,,1,2,5,1,1,,13.1314,175,0,0.135264,50,0,8,,0.1,14,0,0,4,100,0,0.404715,0,,147,147,,0,0,0,10
1612824844521,6,1010123456019,74,,1,2,5,1,1,,8.90769,195,0,0.099872,54,0,6.2,,0,12,0,0,4,100,0,0,0,,168,168,,0,0,0,0
1612824844771,6,1010123456019,74,,1,2,5,1,1,,7.24679,312,67,0.141792,93,0,6.85714,,0,0,0,0,0,0,0,0,0,,270,270,,0,0,0,0
1612824845021,6,1010123456019,74,,1,2,5,1,1,,12.7712,153,158,0.111744,42,0,8,,0,0,0,0,0,0,0,0,0,,129,129,,0,0,0,0
1612824845271,6,1010123456019,74,,1,2,5,1,1,,10.6093,151,315,0.102208,47,0,7.33333,,9.4,25,0,0.1,8,62.5,0,14.6104,31,,135,135,,0,0,0,6.04
1612824845521,6,1010123456019,74,,1,2,5,1,1,,11.9941,169,0,0.117984,48,0,7.8,,0,0,0,0,0,0,0,0,0,,144,144,,0,0,0,0
1612824845771,6,1010123456019,74,,1,2,5,1,1,,9.74866,187,152,0.095264,50,0,6.85714,,0,0,0,0,0,0,0,0,0,,159,159,,0,0,0,0
1612824846021,6,1010123456019,74,,1,2,5,1,1,,11.5506,158,0,0.114688,49,0,7.5,,0,0,0,0,0,0,0,0,0,,138,138,,0,0,0,0
1612824846271,6,1010123456019,74,,1,2,5,1,1,,12.7574,136,197,0.10112,38,0,7.33333,,5.13954,43,0,0.1,12,83.3333,0,7.32608,31,,120,120,,0,0,0,8.60465
1612824846521,6,1010123456019,74,,1,2,5,1,1,,7.77778,243,0,0.105056,71,0,6.4,,7,8,0,0,2,100,0,1.21524,0,,207,207,,0,0,0,10
1612824846771,6,1010123456019,74,,1,2,5,1,1,,10.4237,177,0,0.107616,51,0,7.57143,,0,0,0,0,0,0,0,0,0,,153,153,,0,0,0,0
1612824847021,6,1010123456019,74,,1,2,5,1,1,,11.968,219,0,0.15472,63,0,6.5,,0,0,0,0,0,0,0,0,0,,189,189,,0,0,0,0
1612824847271,6,1010123456019,74,,1,2,5,1,1,,9.62921,178,0,0.102464,51,0,7.83333,,0.1,22,0,0.1,6,66.6667,0,0.513127,31,,153,153,,0,0,0,9.31818
1612824847521,6,1010123456019,74,,1,2,5,1,1,,11.1127,213,74,0.12432,56,0,7.66667,,0,0,0,0,0,0,0,0,0,,186,186,,0,0,0,0
1612824847771,6,1010123456019,74,,1,2,5,1,1,,11.0413,121,0,0.095968,41,0,8,,0,0,0,0,0,0,0,0,0,,105,105,,0,0,0,0
1612824848021,6,1010123456019,74,,1,2,5,1,1,,9.83436,163,143,0.092128,41,0,6.5,,0,0,0,0,0,0,0,0,0,,138,138,,0,0,0,0
1612824848271,6,1010123456019,74,,1,2,5,1,1,,6.84848,297,246,0.1232,91,0,6.66667,,4.35,20,0,0.1,7,57.1429,0,6.76872,31,,261,261,,0,0,0,6.95
1612824848521,6,1010123456019,74,,1,2,5,1,1,,9.48696,230,0,0.113824,62,0,7.33333,,0,0,0,0,0,0,0,0,0,,195,195,,0,0,0,0
1612824848771,6,1010123456019,74,,1,2,5,1,1,,15.4118,136,158,0.147008,43,0,9.71429,,0,0,0,0,0,0,0,0,0,,117,117,,0,0,0,0
1612824849021,6,1010123456019,74,,1,2,5,1,1,,13.9556,90,0,0.074272,25,0,8.66667,,0,0,0,0,0,0,0,0,0,,75,75,,0,0,0,0
1612824849271,6,1010123456019,74,,1,2,5,1,1,,3.89206,315,0,0.082368,89,0,5.66667,,15,16,0,0,4,100,0,0.852702,0,,270,270,,0,0,0,10
1612824849521,6,1010123456019,74,,1,2,5,1,1,,11.5978,92,69,0.062016,25,0,7.5,,0,0,0,0,0,0,0,0,0,,78,78,,0,0,0,0
1612824849771,6,1010123456019,74,,1,2,5,1,1,,12.777,139,0,0.109056,41,0,8,,0,0,0,0,0,0,0,0,0,,117,117,,0,0,0,0
1612824850021,6,1010123456019,74,,1,2,5,1,1,,5.7,220,158,0.088928,63,0,7.33333,,0,0,0,0,0,0,0,0,0,,189,189,,0,0,0,0
1612824850271,6,1010123456019,74,,1,2,5,1,1,,9.2973,222,0,0.119232,66,0,7.16667,,0,20,0,0,8,100,0,0,0,,201,201,,0,0,0,0
1612824850521,6,1010123456019,74,,1,2,5,1,1,,7.39091,220,0,0.11408,64,0,7.33333,,0.1,16,0,0,4,100,0,1.14203,0,,189,189,,0,0,0,10
1612824850771,6,1010123456019,74,,1,2,5,1,1,,12.3333,78,0,0.058208,22,0,7.85714,,0,0,0,0,0,0,0,0,0,,66,66,,0,0,0,0
1612824851021,6,1010123456019,74,,1,2,5,1,1,,5.07181,376,0,0.119488,107,0,6.4,,0.1,16,0,0,4,100,0,1.18599,0,,321,321,,0,0,0,10
1612824851271,6,1010123456019,74,,1,2,5,1,1,,10.5333,120,0,0.071008,34,0,7.66667,,3.74194,31,0,0.1,8,62.5,0,6.81179,31,,108,108,,0,0,0,7.19355
1612824851521,6,1010123456019,74,,1,2,5,1,1,,6.3908,174,402,0.07248,44,0,6.5,,0,0,0,0,0,0,0,0,0,,150,150,,0,0,0,0
1612824851771,6,1010123456019,74,,1,2,5,1,1,,6.33673,392,69,0.154592,117,0,5.66667,,0,0,0,0,0,0,0,0,0,,336,336,,0,0,0,0
1612824852021,6,1010123456019,74,,1,2,5,1,1,,8.69091,220,0,0.116736,60,0,8.83333,,0,0,0,0,0,0,0,0,0,,186,186,,0,0,0,0
1612824852271,6,1010123456019,74,,1,2,5,1,1,,12.6808,141,158,0.119616,46,0,8.8,,0,12,0,0,4,100,0,0,0,,123,123,,0,0,0,0
1612824852521,6,1010123456019,74,,1,2,5,1,1,,13.0822,146,0,0.111328,39,0,7.66667,,0,0,0,0,0,0,0,0,0,,126,126,,0,0,0,0
1612824852771,6,1010123456019,74,,1,2,5,1,1,,12.8311,148,0,0.117344,45,0,8,,0,0,0,0,0,0,0,0,0,,126,126,,0,0,0,0
1612824853021,6,1010123456019,74,,1,2,5,1,1,,8.82879,257,0,0.135104,71,0,7.5,,0,0,0,0,0,0,0,0,0,,219,219,,0,0,0,0
1612824853271,6,1010123456019,74,,1,2,5,1,1,,9.8639,169,0,0.099648,48,0,7.66667,,0.1,20,0,0.1,6,66.6667,0,0.61475,31,,147,147,,0,0,0,7.15
1612824853521,6,1010123456019,74,,1,2,5,1,1,,12.6074,135,226,0.10368,40,0,7.83333,,0,0,0,0,0,0,0,0,0,,114,114,,0,0,0,0
1612824853771,6,1010123456019,74,,1,2,5,1,1,,13.2213,122,155,0.111456,35,0,7.57143,,0,0,0,0,0,0,0,0,0,,105,105,,0,0,0,0
1612824854021,6,1010123456019,74,,1,2,5,1,1,,6.70286,350,158,0.134112,100,0,7.16667,,0,0,0,0,0,0,0,0,0,,303,303,,0,0,0,0
1612824854271,6,1010123456019,74,,1,2,5,1,1,,13.104,125,0,0.101536,37,0,8,,0.1,16,0,0,4,100,0,0.46932,0,,111,111,,0,0,0,10
1612824854521,6,1010123456019,74,,1,2,5,1,1,,12.9608,204,158,0.164736,61,0,8,,0.1,11,0,0.1,3,33.3333,0,10.3234,31,,177,177,,0,0,0,4.63636
1612824854771,6,1010123456019,74,,1,2,5,1,1,,6.80315,254,1133,0.102688,72,0,6,,0,0,0,0,0,0,0,0,0,,231,231,,0,0,0,0
1612824855021,6,1010123456019,74,,1,2,5,1,1,,10.6393,280,48,0.174912,79,0,7,,0,0,0,0,0,0,0,0,0,,243,243,,0,0,0,0
1612824855271,6,1010123456019,74,,1,2,5,1,1,,13.1421,197,0,0.15936,59,0,9,,15,16,0,0,4,100,0,0.333733,0,,171,171,,0,0,0,10
1612824855521,6,1010123456019,74,,1,2,5,1,1,,12.1528,229,273,0.160224,64,0,7.33333,,0,0,0,0,0,0,0,0,0,,195,195,,0,0,0,0
1612824855771,6,1010123456019,74,,1,2,5,1,1,,11.5828,151,89,0.111328,45,0,7.28571,,0,0,0,0,0,0,0,0,0,,132,132,,0,0,0,0
1612824856021,6,1010123456019,74,,1,2,5,1,1,,11.2208,154,40,0.09072,40,0,7.2,,0,0,0,0,0,0,0,0,0,,132,132,,0,0,0,0
1612824856271,6,1010123456019,74,,1,2,5,1,1,,11.1063,207,0,0.144992,64,0,7.5,,0,12,0,0,4,100,0,0,0,,177,177,,0,0,0,0
1612824856521,6,1010123456019,74,,1,2,5,1,1,,10.8927,177,0,0.115456,50,0,7.5,,0.1,7,0,0.1,2,0,0,2.07778,31,,153,153,,0,0,0,2
1612824856771,6,1010123456019,74,,1,2,5,1,1,,11.9897,195,0,0.141088,57,0,7.71429,,0,0,0,0,0,0,0,0,0,,168,168,,0,0,0,0
1612824857021,6,1010123456019,74,,1,2,5,1,1,,10.3361,241,205,0.138016,66,0,7,,0,0,0,0,0,0,0,0,0,,207,207,,0,0,0,0
1612824857271,6,1010123456019,74,,1,2,5,1,1,,13.1214,140,0,0.119456,43,0,9.33333,,4.46154,26,0,0.1,7,71.4286,0,6.26201,31,,120,120,,0,0,0,8.30769
1612824857521,6,1010123456019,74,,1,2,5,1,1,,11.8278,209,158,0.139136,60,0,7.6,,0,0,0,0,0,0,0,0,0,,180,180,,0,0,0,0
1612824857771,6,1010123456019,74,,1,2,5,1,1,,10.4507,304,573,0.16704,81,0,6.42857,,0,0,0,0,0,0,0,0,0,,255,255,,0,0,0,0
1612824858021,6,1010123456019,74,,1,2,5,1,1,,9.53398,206,158,0.123968,64,0,7.16667,,0,0,0,0,0,0,0,0,0,,180,180,,0,0,0,0
1612824858271,6,1010123456019,74,,1,2,5,1,1,,12.6777,121,0,0.090592,35,0,8.5,,12.5,18,0,0.1,5,80,0,0.536632,0,,105,105,,0,0,0,9.66667
1612824858521,6,1010123456019,74,,1,2,5,1,1,,4.80303,330,0,0.102688,94,0,6.83333,,0,0,0,0,0,0,0,0,0,,282,282,,0,0,0,0
1612824858771,6,1010123456019,74,,1,2,5,1,1,,13.9082,98,0,0.084416,28,0,9.14286,,0,0,0,0,0,0,0,0,0,,84,84,,0,0,0,0
1612824859021,6,1010123456019,74,,1,2,5,1,1,,12.6303,165,315,0.122496,47,0,7.2,,0,0,0,0,0,0,0,0,0,,141,141,,0,0,0,0
1612824859271,6,1010123456019,74,,1,2,5,1,1,,11.6111,162,216,0.097248,40,0,7.5,,0.1,11,0,0,4,100,0,0.70072,0,,141,141,,0,0,0,10
1612824859521,6,1010123456019,74,,1,2,5,1,1,,12.1027,146,0,0.116256,47,0,7.33333,,0.1,24,0,0,7,100,0,0.386575,0,,126,126,,0,0,0,10
1612824859771,6,1010123456019,74,,1,2,5,1,1,,10.045,200,158,0.118592,58,0,7.42857,,0.1,4,0,0,1,100,0,0.420992,0,,168,168,,0,0,0,10
1612824860021,6,1010123456019,74,,1,2,5,1,1,,5.78572,364,275,0.10992,97,0,5.33333,,0,0,0,0,0,0,0,0,0,,312,312,,0,0,0,0
1612824860271,6,1010123456019,74,,1,2,5,1,1,,10.6119,201,0,0.143424,64,0,7.16667,,0.1,16,0,0,4,100,0,0.554212,0,,171,171,,0,0,0,10
1612824860521,6,1010123456019,74,,1,2,5,1,1,,12.9403,134,0,0.09568,36,0,8,,0.1,10,0,0.1,3,66.6667,0,0.901113,31,,114,114,,0,0,0,6.8
1612824860771,6,1010123456019,74,,1,2,5,1,1,,8.06608,227,0,0.125344,67,0,7.71429,,3.46392,97,0,0.1,29,82.7586,0,6.49873,31,,195,195,,0,0,0,8.37113
1612824861021,6,1010123456019,74,,1,2,5,1,1,,12.5463,216,0,0.153728,56,0,8.16667,,0,3,0,0.1,1,0,0,0,0,,183,183,,0,0,0,0
1612824861271,6,1010123456019,74,,1,2,5,1,1,,13.1667,156,184,0.137024,50,0,8.4,,0.1,14,0,0,4,100,0,0.455123,0,,135,135,,0,0,0,10
1612824861521,6,1010123456019,74,,1,2,5,1,1,,11.5634,142,0,0.096832,41,0,7.4,,0.782609,23,0,0.1,7,57.1429,0,11.4655,31,,123,123,,0,0,0,6.04348
1612824861771,6,1010123456019,74,,1,2,5,1,1,,10.4456,193,0,0.117792,55,0,6.71429,,0,0,0,0,0,0,0,0,0,,168,168,,0,0,0,0
1612824862021,6,1010123456019,74,,1,2,5,1,1,,10.6044,182,0,0.10896,53,0,8,,0,0,0,0,0,0,0,0,0,,156,156,,0,0,0,0
1612824862271,6,1010123456019,74,,1,2,5,1,1,,11.2769,195,0,0.119168,48,0,7.4,,0,12,0,0,4,100,0,0,0,,165,165,,0,0,0,0
1612824862521,6,1010123456019,74,,1,2,5,1,1,,11.1965,173,158,0.124512,56,0,7.66667,,0,0,0,0,0,0,0,0,0,,150,150,,0,0,0,0
1612824862771,6,1010123456019,74,,1,2,5,1,1,,10.6378,196,0,0.115296,54,0,7.4,,0,0,0,0,0,0,0,0,0,,171,171,,0,0,0,0
1612824863021,6,1010123456019,74,,1,2,5,1,1,,14.4583,144,518,0.129792,42,0,9.33333,,0,0,0,0,0,0,0,0,0,,120,120,,0,0,0,0
1612824863271,6,1010123456019,74,,1,2,5,1,1,,7.13249,317,158,0.145312,91,0,6.4,,8.63158,38,0,0.1,11,72.7273,0,2.81194,31,,273,273,,0,0,0,7.89474
1612824863521,6,1010123456019,74,,1,2,5,1,1,,13.5324,139,158,0.122304,42,0,9,,0,0,0,0,0,0,0,0,0,,120,120,,0,0,0,0
1612824863771,6,1010123456019,74,,1,2,5,1,1,,12.2773,119,0,0.080128,30,0,8.57143,,0,0,0,0,0,0,0,0,0,,102,102,,0,0,0,0
1612824864021,6,1010123456019,74,,1,2,5,1,1,,11.8217,157,0,0.118208,49,0,7,,0,0,0,0,0,0,0,0,0,,135,135,,0,0,0,0
1612824864271,6,1010123456019,74,,1,2,5,1,1,,12.6599,147,294,0.101152,39,0,7.33333,,0.1,25,0,0.1,7,71.4286,0,1.02661,31,,123,123,,0,0,0,8.2
1612824864521,6,1010123456019,74,,1,2,5,1,1,,10.4565,184,0,0.112384,49,0,6.66667,,0,0,0,0,0,0,0,0,0,,156,156,,0,0,0,0
1612824864771,6,1010123456019,74,,1,2,5,1,1,,13.0625,96,226,0.084896,32,0,8.57143,,0,0,0,0,0,0,0,0,0,,84,84,,0,0,0,0
1612824865021,6,1010123456019,74,,1,2,5,1,1,,10.9944,179,48,0.107392,49,0,7.2,,0,0,0,0,0,0,0,0,0,,153,153,,0,0,0,0
1612824865271,6,1010123456019,74,,1,2,5,1,1,,11.6552,116,0,0.090976,37,0,7.83333,,0,12,0,0,4,100,0,0,0,,102,102,,0,0,0,0
1612824865521,6,1010123456019,74,,1,2,5,1,1,,13.1765,136,124,0.104256,38,0,8,,0.1,7,0,0.1,2,0,0,1.59992,31,,117,117,,0,0,0,2.42857
1612824865771,6,1010123456019,74,,1,2,5,1,1,,11.1659,205,0,0.125216,55,0,7.14286,,0,0,0,0,0,0,0,0,0,,174,174,,0,0,0,0
1612824866021,6,1010123456019,74,,1,2,5,1,1,,8.95876,194,437,0.104768,57,0,6.8,,0,0,0,0,0,0,0,0,0,,165,165,,0,0,0,0
1612824866271,6,1010123456019,74,,1,2,5,1,1,,10.7455,224,158,0.141472,65,0,7.16667,,0.1,19,0,0.1,6,66.6667,0,0.927869,31,,198,198,,0,0,0,6.84211
1612824866521,6,1010123456019,74,,1,2,5,1,1,,6.30153,262,408,0.104064,69,0,6.2,,0,0,0,0,0,0,0,0,0,,222,222,,0,0,0,0
1612824866771,6,1010123456019,74,,1,2,5,1,1,,8.70432,301,0,0.16224,93,0,7.28571,,0,0,0,0,0,0,0,0,0,,255,255,,0,0,0,0
1612824867021,6,1010123456019,74,,1,2,5,1,1,,11.5,158,145,0.102112,43,0,7.66667,,0,0,0,0,0,0,0,0,0,,135,135,,0,0,0,0
1612824867271,6,1010123456019,74,,1,2,5,1,1,,8.3641,195,158,0.108672,59,0,7,,3.60494,81,0,0.1,22,72.7273,0,5.03488,31,,171,171,,0,0,0,8.32099
1612824867521,6,1010123456019,74,,1,2,5,1,1,,15.0989,182,158,0.182688,53,0,9.33333,,0,0,0,0,0,0,0,0,0,,159,159,,0,0,0,0
1612824867771,6,1010123456019,74,,1,2,5,1,1,,6.9115,339,974,0.129536,90,0,5.4,,0,0,0,0,0,0,0,0,0,,291,291,,0,0,0,0
1612824868021,6,1010123456019,74,,1,2,5,1,1,,6.75494,506,0,0.203744,153,0,5.6,,0,0,0,0,0,0,0,0,0,,438,438,,0,0,0,0
1612824868271,6,1010123456019,74,,1,2,5,1,1,,13.3065,124,0,0.105888,35,0,8.83333,,6.26087,23,0,0.1,7,57.1429,0,9.91711,31,,105,105,,0,0,0,6.21739
1612824868521,6,1010123456019,74,,1,2,5,1,1,,9.59813,214,0,0.114048,61,0,7.83333,,0,0,0,0,0,0,0,0,0,,186,186,,0,0,0,0
1612824868771,6,1010123456019,74,,1,2,5,1,1,,13,114,0,0.09584,34,0,8,,0,0,0,0,0,0,0,0,0,,99,99,,0,0,0,0
1612824869021,6,1010123456019,74,,1,2,5,1,1,,11.0769,91,19,0.047936,18,0,7.4,,0,0,0,0,0,0,0,0,0,,78,78,,0,0,0,0
1612824869271,6,1010123456019,74,,1,2,5,1,1,,7.21912,251,0,0.12144,81,0,6.83333,,0.1,10,0,0.1,3,0,0,9.64305,31,,219,219,,0,0,0,1.9
1612824869521,6,1010123456019,74,,1,2,5,1,1,,12.9675,154,273,0.115264,43,0,8,,0,0,0,0,0,0,0,0,0,,132,132,,0,0,0,0
1612824869771,6,1010123456019,74,,1,2,5,1,1,,6.9306,317,479,0.131808,88,0,6.42857,,0,0,0,0,0,0,0,0,0,,273,273,,0,0,0,0
1612824870021,6,1010123456019,74,,1,2,5,1,1,,13.2233,215,0,0.160864,58,0,10.3333,,0,0,0,0,0,0,0,0,0,,183,183,,0,0,0,0
1612824870271,6,1010123456019,74,,1,2,5,1,1,,12.0397,151,0,0.111936,45,0,7.4,,8.65217,23,0,0.1,6,66.6667,0,9.97615,31,,129,129,,0,0,0,7.26087
1612824870521,6,1010123456019,74,,1,2,5,1,1,,5.2563,238,0,0.084992,70,0,7.33333,,0,3,0,0.1,1,0,0,0,31,,204,204,,0,0,0,0
1612824870771,6,1010123456019,74,,1,2,5,1,1,,11.8981,157,0,0.117024,47,0,8.66667,,0,0,0,0,0,0,0,0,0,,135,135,,0,0,0,0
1612824871021,6,1010123456019,74,,1,2,5,1,1,,6.99631,271,676,0.099072,71,0,5.83333,,0,0,0,0,0,0,0,0,0,,228,228,,0,0,0,0
1612824871271,6,1010123456019,74,,1,2,5,1,1,,12.3642,173,450,0.124256,51,0,8,,0.1,20,0,0.1,6,66.6667,0,7.0109,31,,144,144,,0,0,0,7
1612824871521,6,1010123456019,74,,1,2,5,1,1,,7.32653,196,586,0.093984,55,0,6.16667,,0,0,0,0,0,0,0,0,0,,174,174,,0,0,0,0
1612824871771,6,1010123456019,74,,1,2,5,1,1,,8.13023,215,0,0.091392,59,0,7,,0,0,0,0,0,0,0,0,0,,180,180,,0,0,0,0
1612824872021,6,1010123456019,74,,1,2,5,1,1,,12.2111,180,137,0.128288,53,0,8.33333,,0,0,0,0,0,0,0,0,0,,156,156,,0,0,0,0
1612824872271,6,1010123456019,74,,1,2,5,1,1,,11.9176,170,0,0.134752,55,0,7.66667,,0,12,0,0,4,100,0,0,0,,150,150,,0,0,0,0
1612824872521,6,1010123456019,74,,1,2,5,1,1,,10.0933,193,0,0.113632,56,0,7,,0,0,0,0,0,0,0,0,0,,168,168,,0,0,0,0
1612824872771,6,1010123456019,74,,1,2,5,1,1,,11.8264,144,158,0.101472,42,0,7.42857,,0,0,0,0,0,0,0,0,0,,126,126,,0,0,0,0
1612824873021,6,1010123456019,74,,1,2,5,1,1,,12.7654,162,0,0.122816,46,0,8.2,,0,0,0,0,0,0,0,0,0,,138,138,,0,0,0,0
1612824873271,6,1010123456019,74,,1,2,5,1,1,,5.52542,236,382,0.079808,67,0,7.5,,5.81818,33,0,0.1,10,80,0,4.44026,31,,204,204,,0,0,0,8.27273
1612824873521,6,1010123456019,74,,1,2,5,1,1,,13.3957,187,0,0.158816,55,0,8.66667,,0,0,0,0,0,0,0,0,0,,162,162,,0,0,0,0
1612824873771,6,1010123456019,74,,1,2,5,1,1,,12.9145,117,69,0.080512,30,0,7.66667,,0,0,0,0,0,0,0,0,0,,99,99,,0,0,0,0
1612824874021,6,1010123456019,74,,1,2,5,1,1,,12.7727,198,14,0.141408,53,0,9.16667,,0,0,0,0,0,0,0,0,0,,168,168,,0,0,0,0
1612824874271,6,1010123456019,74,,1,2,5,1,1,,10.1231,195,152,0.127104,60,0,5.8,,4.19231,52,0,0.1,14,50,0,9.36567,31,,168,168,,0,0,0,6.26923
1612824874521,6,1010123456019,74,,1,2,5,1,1,,6.19935,306,562,0.113952,85,0,5.83333,,0,0,0,0,0,0,0,0,0,,261,261,,0,0,0,0
1612824874771,6,1010123456019,74,,1,2,5,1,1,,10.1981,207,434,0.12272,62,0,7.16667,,0,0,0,0,0,0,0,0,0,,177,177,,0,0,0,0
1612824875021,6,1010123456019,74,,1,2,5,1,1,,7.31003,329,0,0.12192,87,0,5.66667,,0,0,0,0,0,0,0,0,0,,276,276,,0,0,0,0
1612824875271,6,1010123456019,74,,1,2,5,1,1,,5.40139,431,617,0.157152,126,0,5.8,,4.91525,59,0,0.1,17,70.5882,0,7.36348,31,,375,375,,0,0,0,7.45763
1612824875521,6,1010123456019,74,,1,2,5,1,1,,6.84586,266,0,0.10176,79,0,7.33333,,0,0,0,0,0,0,0,0,0,,228,228,,0,0,0,0
1612824875771,6,1010123456019,74,,1,2,5,1,1,,12.0342,117,69,0.086048,35,0,7.85714,,0,6,0,0.1,2,50,0,0,31,,102,102,,0,0,0,0
1612824876021,6,1010123456019,74,,1,2,5,1,1,,11.9862,145,0,0.096064,39,0,7.83333,,0,0,0,0,0,0,0,0,0,,120,120,,0,0,0,0
1612824876271,6,1010123456019,74,,1,2,5,1,1,,12.4268,157,0,0.117408,46,0,7.66667,,0,12,0,0,4,100,0,0,0,,132,132,,0,0,0,0
1612824876521,6,1010123456019,74,,1,2,5,1,1,,12.3649,148,0,0.096256,39,0,7.66667,,0.1,16,0,0,4,100,0,0.162443,0,,129,129,,0,0,0,10
1612824876771,6,1010123456019,74,,1,2,5,1,1,,13.0511,137,0,0.122272,44,0,8.33333,,0,0,0,0,0,0,0,0,0,,120,120,,0,0,0,0
1612824877021,6,1010123456019,74,,1,2,5,1,1,,12.376,125,0,0.090528,36,0,7.16667,,0,0,0,0,0,0,0,0,0,,108,108,,0,0,0,0
1612824877271,6,1010123456019,74,,1,2,5,1,1,,8.54264,258,0,0.133664,73,0,6.83333,,1.02128,47,0,0.1,15,53.3333,0,7.60145,31,,222,222,,0,0,0,5.59575
1612824877521,6,1010123456019,74,,1,2,5,1,1,,10.1192,151,0,0.093536,44,0,7.83333,,0,0,0,0,0,0,0,0,0,,129,129,,0,0,0,0
1612824877771,6,1010123456019,74,,1,2,5,1,1,,12.6439,132,0,0.101344,37,0,9,,0,0,0,0,0,0,0,0,0,,117,117,,0,0,0,0
1612824878021,6,1010123456019,74,,1,2,5,1,1,,5.69453,311,0,0.125216,88,0,6.83333,,0,0,0,0,0,0,0,0,0,,267,267,,0,0,0,0
1612824878271,6,1010123456019,74,,1,2,5,1,1,,12.9065,107,158,0.092192,34,0,8.33333,,0.1,14,0,0,4,100,0,0.397319,0,,93,93,,0,0,0,10
1612824878521,6,1010123456019,74,,1,2,5,1,1,,9.31683,202,27,0.09344,53,0,7,,0.1,7,0,0.1,2,0,0,15.1603,31,,174,174,,0,0,0,2.71429
1612824878771,6,1010123456019,74,,1,2,5,1,1,,9.56627,166,0,0.107936,53,0,6.85714,,0,0,0,0,0,0,0,0,0,,144,144,,0,0,0,0
1612824879021,6,1010123456019,74,,1,2,5,1,1,,13.2887,97,315,0.077728,27,0,9.16667,,0,0,0,0,0,0,0,0,0,,84,84,,0,0,0,0
1612824879271,6,1010123456019,74,,1,2,5,1,1,,12.4275,131,0,0.09248,37,0,7.83333,,12,20,0,0.1,5,80,0,7.11614,0,,114,114,,0,0,0,8.2
1612824879521,6,1010123456019,74,,1,2,5,1,1,,13.4206,126,0,0.111392,38,0,9.16667,,0,0,0,0,0,0,0,0,0,,108,108,,0,0,0,0
1612824879771,6,1010123456019,74,,1,2,5,1,1,,9.33778,225,0,0.118912,61,0,6.71429,,0,0,0,0,0,0,0,0,0,,189,189,,0,0,0,0
1612824880021,6,1010123456019,74,,1,2,5,1,1,,13.0247,162,0,0.125216,46,0,8.2,,0,0,0,0,0,0,0,0,0,,135,135,,0,0,0,0
1612824880271,6,1010123456019,74,,1,2,5,1,1,,13.9074,162,69,0.135712,46,0,8.8,,15,16,0,0,4,100,0,0.1,0,,138,138,,0,0,0,10
1612824880521,6,1010123456019,74,,1,2,5,1,1,,12.2365,148,158,0.111968,44,0,7.66667,,0,0,0,0,0,0,0,0,0,,129,129,,0,0,0,0
1612824880771,6,1010123456019,74,,1,2,5,1,1,,10.9734,301,563,0.179168,82,0,6.28571,,0,0,0,0,0,0,0,0,0,,255,255,,0,0,0,0
1612824881021,6,1010123456019,74,,1,2,5,1,1,,8.21019,314,16,0.156704,91,0,7.33333,,0,0,0,0,0,0,0,0,0,,273,273,,0,0,0,0
1612824881271,6,1010123456019,74,,1,2,5,1,1,,12.5091,110,0,0.089312,34,0,8,,13.7143,7,0,0.1,2,0,0,32.128,31,,93,93,,0,0,0,1
1612824881521,6,1010123456019,74,,1,2,5,1,1,,13.638,163,0,0.137824,47,0,8.66667,,0,0,0,0,0,0,0,0,0,,141,141,,0,0,0,0
1612824881771,6,1010123456019,74,,1,2,5,1,1,,11.1441,236,53,0.135136,61,0,6.42857,,0,0,0,0,0,0,0,0,0,,198,198,,0,0,0,0
1612824882021,6,1010123456019,74,,1,2,5,1,1,,7.5,260,0,0.1304,79,0,8.66667,,0,0,0,0,0,0,0,0,0,,222,222,,0,0,0,0
1612824882271,6,1010123456019,74,,1,2,5,1,1,,14.3529,68,158,0.063072,20,0,10.2,,15,16,0,0,4,100,0,0.1,0,,60,60,,0,0,0,10
1612824882521,6,1010123456019,74,,1,2,5,1,1,,12.1304,138,0,0.090944,38,0,8.16667,,0,0,0,0,0,0,0,0,0,,120,120,,0,0,0,0
1612824882771,6,1010123456019,74,,1,2,5,1,1,,10.1154,208,0,0.129408,59,0,7.71429,,0,0,0,0,0,0,0,0,0,,177,177,,0,0,0,0
1612824883021,6,1010123456019,74,,1,2,5,1,1,,13.4194,155,48,0.116896,42,0,8,,0,0,0,0,0,0,0,0,0,,129,129,,0,0,0,0
1612824883271,6,1010123456019,74,,1,2,5,1,1,,10.5976,169,69,0.107552,49,0,8.66667,,15,13,0,0,4,100,0,2.02329,0,,147,147,,0,0,0,10
1612824883521,6,1010123456019,74,,1,2,5,1,1,,12.9139,151,497,0.115104,43,0,8,,0,0,0,0,0,0,0,0,0,,126,126,,0,0,0,0
1612824883771,6,1010123456019,74,,1,2,5,1,1,,12.3905,169,0,0.129312,51,0,8.57143,,0,0,0,0,0,0,0,0,0,,147,147,,0,0,0,0
1612824884021,6,1010123456019,74,,1,2,5,1,1,,13.5644,202,0,0.158976,55,0,8.5,,0,0,0,0,0,0,0,0,0,,171,171,,0,0,0,0
1612824884271,6,1010123456019,74,,1,2,5,1,1,,12.8246,114,0,0.077472,29,0,8,,2.97436,39,0,0.1,10,80,0,6.22567,31,,96,96,,0,0,0,8.48718
1612824884521,6,1010123456019,74,,1,2,5,1,1,,12.4054,148,0,0.112128,44,0,7.66667,,0,0,0,0,0,0,0,0,0,,126,126,,0,0,0,0
1612824884771,6,1010123456019,74,,1,2,5,1,1,,13.1757,148,0,0.124064,44,0,8.57143,,0,0,0,0,0,0,0,0,0,,129,129,,0,0,0,0
1612824885021,6,1010123456019,74,,1,2,5,1,1,,11.4167,180,0,0.128288,54,0,7.5,,0,0,0,0,0,0,0,0,0,,156,156,,0,0,0,0
1612824885271,6,1010123456019,74,,1,2,5,1,1,,10.8863,211,0,0.139008,58,0,8,,4.68817,93,0,0.1,28,85.7143,0,4.172,31,,180,180,,0,0,0,8.68817
1612824885521,6,1010123456019,74,,1,2,5,1,1,,11.9085,164,294,0.112448,45,0,8,,0,0,0,0,0,0,0,0,0,,138,138,,0,0,0,0
1612824885771,6,1010123456019,74,,1,2,5,1,1,,8.7971,207,273,0.105024,60,0,6.33333,,0,0,0,0,0,0,0,0,0,,177,177,,0,0,0,0
1612824886021,6,1010123456019,74,,1,2,5,1,1,,9.35849,212,0,0.143488,63,0,10,,0,3,0,0,1,100,0,0,0,,183,183,,0,0,0,0
1612824886271,6,1010123456019,74,,1,2,5,1,1,,12.8592,71,0,0.053504,20,0,8,,0.1,22,0,0,7,100,0,0.409568,0,,60,60,,0,0,0,10
1612824886521,6,1010123456019,74,,1,2,5,1,1,,12.7196,189,69,0.13584,52,0,7.83333,,1.38462,26,0,0.1,8,75,0,5.91768,31,,162,162,,0,0,0,8.26923
1612824886771,6,1010123456019,74,,1,2,5,1,1,,10.086,186,0,0.11584,56,0,7.57143,,1.89474,19,0,0.1,6,66.6667,0,1.97561,0,,162,162,,0,0,0,6.84211
1612824887021,6,1010123456019,74,,1,2,5,1,1,,5.98576,281,259,0.10064,73,0,5.66667,,0,0,0,0,0,0,0,0,0,,240,240,,0,0,0,0
1612824887271,6,1010123456019,74,,1,2,5,1,1,,6.62706,303,116,0.10752,90,0,6.33333,,0,12,0,0,4,100,0,0,0,,261,261,,0,0,0,0
1612824887521,6,1010123456019,74,,1,2,5,1,1,,7.91765,255,98,0.13152,69,0,6.33333,,0,12,0,0,4,100,0,0,0,,222,222,,0,0,0,0
1612824887771,6,1010123456019,74,,1,2,5,1,1,,9.60096,208,0,0.118848,68,0,7,,0,0,0,0,0,0,0,0,0,,180,180,,0,0,0,0
1612824888021,6,1010123456019,74,,1,2,5,1,1,,12.0878,148,158,0.107232,43,0,8.33333,,0,0,0,0,0,0,0,0,0,,129,129,,0,0,0,0
1612824888271,6,1010123456019,74,,1,2,5,1,1,,10.5635,181,544,0.118592,48,0,7.16667,,8,41,0,0.1,12,75,0,2.22933,31,,165,165,,0,0,0,8.02439
1612824888521,6,1010123456019,74,,1,2,5,1,1,,8.85526,228,0,0.118848,71,0,7.5,,0,0,0,0,0,0,0,0,0,,195,195,,0,0,0,0
1612824888771,6,1010123456019,74,,1,2,5,1,1,,3.71733,329,1740,0.07936,89,0,5.83333,,0,0,0,0,0,0,0,0,0,,282,282,,0,0,0,0
1612824889021,6,1010123456019,74,,1,2,5,1,1,,9.63924,316,189,0.170528,97,0,6.66667,,0,0,0,0,0,0,0,0,0,,276,276,,0,0,0,0
1612824889271,6,1010123456019,74,,1,2,5,1,1,,4.62295,427,1233,0.132832,123,0,4,,0.1,18,0,0.1,6,66.6667,0,5.82965,31,,375,375,,0,0,0,7.33333
1612824889521,6,1010123456019,74,,1,2,5,1,1,,10.1093,302,0,0.177056,87,0,7.33333,,0,0,0,0,0,0,0,0,0,,261,261,,0,0,0,0
1612824889771,6,1010123456019,74,,1,2,5,1,1,,12.4062,96,294,0.067296,27,0,7.71429,,0,0,0,0,0,0,0,0,0,,84,84,,0,0,0,0
1612824890021,6,1010123456019,74,,1,2,5,1,1,,8.43114,167,0,0.09968,50,0,8.16667,,0,0,0,0,0,0,0,0,0,,147,147,,0,0,0,0
1612824890271,6,1010123456019,74,,1,2,5,1,1,,10.4632,95,158,0.059584,28,0,8.5,,0,6,0,0.1,2,0,0,0,31,,78,78,,0,0,0,0
1612824890521,6,1010123456019,74,,1,2,5,1,1,,6.36857,350,158,0.154144,100,0,8,,0,0,0,0,0,0,0,0,0,,300,300,,0,0,0,0
1612824890771,6,1010123456019,74,,1,2,5,1,1,,12.7767,197,347,0.158272,55,0,7.5,,0,0,0,0,0,0,0,0,0,,174,174,,0,0,0,0
1612824891021,6,1010123456019,74,,1,2,5,1,1,,11.9203,138,0,0.097253,42,0,8,,0,0,0,0,0,0,0,0,0,,117,117,,0,0,0,0
1612824891271,6,1010123456019,74,,1,2,5,1,1,,13.7584,149,158,0.121792,40,0,8.33333,,15,16,0,0,4,100,0,1.14159,0,,129,129,,0,0,0,10
1612824891521,6,1010123456019,74,,1,2,5,1,1,,13.1942,139,0,0.112288,41,0,8.8,,0,0,0,0,0,0,0,0,0,,120,120,,0,0,0,0
1612824891771,6,1010123456019,74,,1,2,5,1,1,,12.9926,135,0,0.111936,41,0,8.42857,,0,0,0,0,0,0,0,0,0,,117,117,,0,0,0,0
1612824892021,6,1010123456019,74,,1,2,5,1,1,,13.8051,118,0,0.095488,32,0,8.33333,,0.1,16,0,0,4,100,0,0.658317,0,,102,102,,0,0,0,10
1612824892271,6,1010123456019,74,,1,2,5,1,1,,13.6139,101,0,0.07984,29,0,8.8,,0.1,16,0,0,4,100,0,0.81224,0,,87,87,,0,0,0,10
1612824892521,6,1010123456019,74,,1,2,5,1,1,,12.252,127,0,0.092032,33,0,7.66667,,1.6,30,0,0.1,8,75,0,4.26525,31,,108,108,,0,0,0,8.5
1612824892771,6,1010123456019,74,,1,2,5,1,1,,11.6667,120,158,0.089248,39,0,8.57143,,6.66055,109,0,0.1,30,83.3333,0,8.14891,31,,102,102,,0,0,0,8.76147
1612824893021,6,1010123456019,74,,1,2,5,1,1,,6.50568,352,0,0.139072,97,0,5.6,,6.24,100,0,0.1,30,83.3333,0,10.372,31,,303,303,,0,0,0,8.2
1612824893271,6,1010123456019,74,,1,2,5,1,1,,13.1913,115,0,0.100864,37,0,8.5,,7.87368,95,0,0.1,27,85.1852,0,7.08099,31,,99,99,,0,0,0,9
1612824893521,6,1010123456019,74,,1,2,5,1,1,,12.6485,202,158,0.143648,56,0,7.83333,,0,0,0,0,0,0,0,0,0,,174,174,,0,0,0,0
1612824893771,6,1010123456019,74,,1,2,5,1,1,,13.7772,193,226,0.167744,56,0,7.71429,,0,0,0,0,0,0,0,0,0,,168,168,,0,0,0,0
1612824894021,6,1010123456019,74,,1,2,5,1,1,,8.08896,326,88,0.165056,88,0,6.83333,,0,0,0,0,0,0,0,0,0,,285,285,,0,0,0,0
1612824894271,6,1010123456019,74,,1,2,5,1,1,,6.42,250,315,0.09312,78,0,7.33333,,0.1,22,0,0.1,6,66.6667,0,1.1092,31,,216,216,,0,0,0,7.81818
1612824894521,6,1010123456019,74,,1,2,5,1,1,,7.33962,212,665,0.094112,57,0,6.6,,0,0,0,0,0,0,0,0,0,,180,180,,0,0,0,0
1612824894771,6,1010123456019,74,,1,2,5,1,1,,11.1875,128,0,0.087904,41,0,7.71429,,0,0,0,0,0,0,0,0,0,,111,111,,0,0,0,0
1612824895021,6,1010123456019,74,,1,2,5,1,1,,12.6348,178,158,0.132256,50,0,7.83333,,0,0,0,0,0,0,0,0,0,,153,153,,0,0,0,0
1612824895271,6,1010123456019,74,,1,2,5,1,1,,12.4146,164,158,0.117504,46,0,7.83333,,15.033,91,0,0.1,29,86.2069,0,7.23233,31,,138,138,,0,0,0,8.67033
1612824895521,6,1010123456019,74,,1,2,5,1,1,,12.8483,145,69,0.106912,41,0,8,,0,0,0,0,0,0,0,0,0,,123,123,,0,0,0,0
1612824895771,6,1010123456019,74,,1,2,5,1,1,,11.3349,218,273,0.136768,60,0,7.5,,0,0,0,0,0,0,0,0,0,,186,186,,0,0,0,0
1612824896021,6,1010123456019,74,,1,2,5,1,1,,11.5058,172,361,0.123584,52,0,7.66667,,0,0,0,0,0,0,0,0,0,,147,147,,0,0,0,0
1612824896271,6,1010123456019,74,,1,2,5,1,1,,13.3882,170,0,0.134176,48,0,8.2,,0.1,16,0,0,4,100,0,0.1,0,,144,144,,0,0,0,10
1612824896521,6,1010123456019,74,,1,2,5,1,1,,9.4026,231,0,0.134912,67,0,6.83333,,0.1,16,0,0,4,100,0,1.05175,0,,201,201,,0,0,0,10
1612824896771,6,1010123456019,74,,1,2,5,1,1,,13.0671,149,0,0.115328,42,0,8.14286,,0,0,0,0,0,0,0,0,0,,129,129,,0,0,0,0
1612824897021,6,1010123456019,74,,1,2,5,1,1,,11.1709,117,482,0.080928,31,0,6.83333,,0,0,0,0,0,0,0,0,0,,102,102,,0,0,0,0
1612824897271,6,1010123456019,74,,1,2,5,1,1,,6.89645,338,0,0.137728,101,0,7,,0.1,26,0,0,8,100,0,0.465639,0,,294,294,,0,0,0,10
1612824897521,6,1010123456019,74,,1,2,5,1,1,,7.31061,264,0,0.106272,75,0,6.75,,0,0,0,0,0,0,0,0,0,,225,225,,0,0,0,0
1612824897771,6,1010123456019,74,,1,2,5,1,1,,12.7192,146,0,0.113216,43,0,7.85714,,0,0,0,0,0,0,0,0,0,,126,126,,0,0,0,0
1612824898021,6,1010123456019,74,,1,2,5,1,1,,10.8226,124,0,0.07536,34,0,8.16667,,0,0,0,0,0,0,0,0,0,,108,108,,0,0,0,0
1612824898271,6,1010123456019,74,,1,2,5,1,1,,11.3833,120,0,0.069664,31,0,7.66667,,7.83333,96,0,0.1,28,78.5714,0,5.21481,31,,99,99,,0,0,0,8.19792
1612824898521,6,1010123456019,74,,1,2,5,1,1,,13.4286,119,0,0.105952,38,0,8,,0,0,0,0,0,0,0,0,0,,102,102,,0,0,0,0
1612824898771,6,1010123456019,74,,1,2,5,1,1,,12.1849,238,158,0.159904,62,0,8,,0,0,0,0,0,0,0,0,0,,204,204,,0,0,0,0
1612824899021,6,1010123456019,74,,1,2,5,1,1,,13.0414,169,0,0.141664,50,0,8.5,,0,0,0,0,0,0,0,0,0,,144,144,,0,0,0,0
1612824899271,6,1010123456019,74,,1,2,5,1,1,,11.8837,86,0,0.06512,29,0,7.16667,,8.4898,49,0,0.1,14,85.7143,0,6.99835,0,,75,75,,0,0,0,8.61224
1612824899521,6,1010123456019,74,,1,2,5,1,1,,13.6605,162,0,0.147648,48,0,8.83333,,0,0,0,0,0,0,0,0,0,,144,144,,0,0,0,0
1612824899771,6,1010123456019,74,,1,2,5,1,1,,13.83,100,5,0.074368,25,0,9,,0,0,0,0,0,0,0,0,0,,84,84,,0,0,0,0
1612824900021,6,1010123456019,74,,1,2,5,1,1,,5.31818,396,0,0.151584,115,0,6.2,,0,0,0,0,0,0,0,0,0,,336,336,,0,0,0,0
1612824900271,6,1010123456019,74,,1,2,5,1,1,,10.6687,163,0,0.101504,47,0,7.4,,0.1,14,0,0,4,100,0,0.617351,0,,141,141,,0,0,0,10
1612824900521,6,1010123456019,74,,1,2,5,1,1,,7.20299,335,69,0.128512,90,0,6.66667,,0,12,0,0,4,100,0,0,0,,288,288,,0,0,0,0
1612824900771,6,1010123456019,74,,1,2,5,1,1,,9.76,200,315,0.121536,61,0,7,,0,0,0,0,0,0,0,0,0,,171,171,,0,0,0,0
1612824901021,6,1010123456019,74,,1,2,5,1,1,,11.7226,155,0,0.103488,44,0,7.4,,0,0,0,0,0,0,0,0,0,,132,132,,0,0,0,0
1612824901271,6,1010123456019,74,,1,2,5,1,1,,12.6806,144,273,0.10416,40,0,7.83333,,0.1,16,0,0,4,100,0,0.477287,0,,126,126,,0,0,0,10
1612824901521,6,1010123456019,74,,1,2,5,1,1,,7.72727,231,0,0.132224,70,0,7.5,,0,0,0,0,0,0,0,0,0,,198,198,,0,0,0,0
1612824901771,6,1010123456019,74,,1,2,5,1,1,,9.72973,185,311,0.096384,47,0,6.16667,,0.1,19,0,0.1,5,60,0,0.877092,31,,159,159,,0,0,0,7.26316
1612824902021,6,1010123456019,74,,1,2,5,1,1,,3.44495,654,226,0.155968,191,0,4.8,,0,0,0,0,0,0,0,0,0,,558,558,,0,0,0,0
1612824902271,6,1010123456019,74,,1,2,5,1,1,,7.2381,273,1057,0.12352,78,0,5,,0.1,26,0,0,8,100,0,0.284348,0,,237,237,,0,0,0,10
1612824902521,6,1010123456019,74,,1,2,5,1,1,,12.493,215,0,0.151456,61,0,8.66667,,0,0,0,0,0,0,0,0,0,,183,183,,0,0,0,0
1612824902771,6,1010123456019,74,,1,2,5,1,1,,13.1242,153,0,0.122208,45,0,8.83333,,0,0,0,0,0,0,0,0,0,,129,129,,0,0,0,0
1612824903021,6,1010123456019,74,,1,2,5,1,1,,13.4068,118,0,0.095584,34,0,8.33333,,0,0,0,0,0,0,0,0,0,,102,102,,0,0,0,0
1612824903271,6,1010123456019,74,,1,2,5,1,1,,11.696,125,0,0.085856,35,0,8.16667,,0.1,14,0,0,4,100,0,0.26887,0,,108,108,,0,0,0,10
1612824903521,6,1010123456019,74,,1,2,5,1,1,,14.1183,93,0,0.089408,28,0,8.5,,4.36364,11,0,0.1,3,66.6667,0,8.5829,31,,81,81,,0,0,0,7.54545
1612824903771,6,1010123456019,74,,1,2,5,1,1,,6.77551,294,142,0.110368,80,0,6.28571,,2.05714,70,0,0.1,20,80,0,4.02311,31,,255,255,,0,0,0,8.41429
1612824904021,6,1010123456019,74,,1,2,5,1,1,,12.9493,217,0,0.18736,68,0,9,,0,12,0,0,4,100,0,0,0,,189,189,,0,0,0,0
1612824904271,6,1010123456019,74,,1,2,5,1,1,,4.27195,467,158,0.128096,136,0,3.6,,4.28571,14,0,0.1,4,0,0,16.8882,31,,408,408,,0,0,0,2.71429
1612824904521,6,1010123456019,74,,1,2,5,1,1,,5.55063,316,220,0.10048,88,0,5.4,,0,0,0,0,0,0,0,0,0,,276,276,,0,0,0,0
1612824904771,6,1010123456019,74,,1,2,5,1,1,,6.58741,286,0,0.118304,84,0,6.2,,0,0,0,0,0,0,0,0,0,,240,240,,0,0,0,0
1612824905021,6,1010123456019,74,,1,2,5,1,1,,9.89011,182,143,0.1024,46,0,6.33333,,0,0,0,0,0,0,0,0,0,,153,153,,0,0,0,0
1612824905271,6,1010123456019,74,,1,2,5,1,1,,3.24253,301,0,0.077504,92,0,8.66667,,12.2308,26,0,0,8,100,0,3.64645,0,,261,261,,0,0,0,10
1612824905521,6,1010123456019,74,,1,2,5,1,1,,8.87121,132,40,0.06528,36,0,6.5,,0,0,0,0,0,0,0,0,0,,114,114,,0,0,0,0
1612824905771,6,1010123456019,74,,1,2,5,1,1,,12.7843,153,158,0.11264,43,0,8,,0,0,0,0,0,0,0,0,0,,129,129,,0,0,0,0
1612824906021,6,1010123456019,74,,1,2,5,1,1,,9.96377,276,0,0.16464,81,0,7.25,,0,0,0,0,0,0,0,0,0,,240,240,,0,0,0,0
1612824906271,6,1010123456019,74,,1,2,5,1,1,,10.4503,151,226,0.093696,45,0,7.33333,,0.1,45,0,0.1,14,50,0,3.01035,31,,135,135,,0,0,0,6.35556
1612824906521,6,1010123456019,74,,1,2,5,1,1,,11.7744,164,0,0.11744,48,0,7.33333,,0,0,0,0,0,0,0,0,0,,141,141,,0,0,0,0
1612824906771,6,1010123456019,74,,1,2,5,1,1,,10.5913,115,67,0.069984,31,0,7.14286,,0,0,0,0,0,0,0,0,0,,102,102,,0,0,0,0
1612824907021,6,1010123456019,74,,1,2,5,1,1,,7.01572,318,0,0.143072,92,0,6.16667,,0,0,0,0,0,0,0,0,0,,267,267,,0,0,0,0
1612824907271,6,1010123456019,74,,1,2,5,1,1,,10.3961,154,315,0.101184,44,0,7.66667,,5.37363,91,0,0.1,25,84,0,8.6551,31,,132,132,,0,0,0,8.64835
1612824907521,6,1010123456019,74,,1,2,5,1,1,,6.07268,399,0,0.150784,114,0,4.66667,,5.55556,99,0,0.1,30,86.6667,0,9.21145,31,,342,342,,0,0,0,8.54545
1612824907771,6,1010123456019,74,,1,2,5,1,1,,13.9191,136,0,0.106144,37,0,8.66667,,4.16438,73,0,0.1,22,77.2727,0,6.30988,31,,117,117,,0,0,0,7.9726
1612824908021,6,1010123456019,74,,1,2,5,1,1,,13.0462,195,0,0.158528,56,0,8,,0,0,0,0,0,0,0,0,0,,168,168,,0,0,0,0
1612824908271,6,1010123456019,74,,1,2,5,1,1,,12.6232,138,0,0.100832,39,0,7.83333,,4.21154,104,0,0.1,31,90.3226,0,3.93207,31,,117,117,,0,0,0,9.04808
1612824908521,6,1010123456019,74,,1,2,5,1,1,,6.42581,310,0,0.122304,88,0,7,,0,0,0,0,0,0,0,0,0,,267,267,,0,0,0,0
1612824908771,6,1010123456019,74,,1,2,5,1,1,,7.21739,276,1355,0.125696,82,0,6,,0,0,0,0,0,0,0,0,0,,240,240,,0,0,0,0
1612824909021,6,1010123456019,74,,1,2,5,1,1,,8.42958,284,0,0.138016,83,0,7,,0,0,0,0,0,0,0,0,0,,246,246,,0,0,0,0
1612824909271,6,1010123456019,74,,1,2,5,1,1,,8.35885,209,0,0.1088,59,0,7.66667,,0,12,0,0,4,100,0,0,0,,183,183,,0,0,0,0
1612824909521,6,1010123456019,74,,1,2,5,1,1,,9.0996,251,0,0.136064,74,0,7,,0,9,0,0,3,100,0,0,0,,216,216,,0,0,0,0
1612824909771,6,1010123456019,74,,1,2,5,1,1,,12.407,172,0,0.119712,47,0,7.85714,,0,3,0,0,1,100,0,0,0,,144,144,,0,0,0,0
1612824910021,6,1010123456019,74,,1,2,5,1,1,,6.57005,207,67,0.090912,61,0,6.83333,,0,0,0,0,0,0,0,0,0,,183,183,,0,0,0,0
1612824910271,6,1010123456019,74,,1,2,5,1,1,,8.48113,212,0,0.108864,59,0,7.5,,14.6974,76,0,0.134752,25,80,0,6.11529,31,,183,183,,0,0,0,8.24342
1612824910521,6,1010123456019,74,,1,2,5,1,1,,12.1705,264,315,0.186624,76,0,9,,0,0,0,0,0,0,0,0,0,,225,225,,0,0,0,0
1612824910771,6,1010123456019,74,,1,2,5,1,1,,10.9398,166,614,0.108608,46,0,6.66667,,0,0,0,0,0,0,0,0,0,,141,141,,0,0,0,0
1612824911021,6,1010123456019,74,,1,2,5,1,1,,11.1804,194,0,0.137536,58,0,9.16667,,0,0,0,0,0,0,0,0,0,,168,168,,0,0,0,0
1612824911271,6,1010123456019,74,,1,2,5,1,1,,12.4455,202,0,0.148896,59,0,7.16667,,8.8,20,0,0.1,6,66.6667,0,7.98196,31,,177,177,,0,0,0,7.75
1612824911521,6,1010123456019,74,,1,2,5,1,1,,10.6165,133,0,0.086336,39,0,7.5,,0,0,0,0,0,0,0,0,0,,117,117,,0,0,0,0
1612824911771,6,1010123456019,74,,1,2,5,1,1,,12.7202,168,224,0.12784,48,0,8.57143,,0,0,0,0,0,0,0,0,0,,147,147,,0,0,0,0
1612824912021,6,1010123456019,74,,1,2,5,1,1,,12.8649,222,0,0.169504,63,0,7.83333,,0,0,0,0,0,0,0,0,0,,192,192,,0,0,0,0
1612824912271,6,1010123456019,74,,1,2,5,1,1,,11.987,154,0,0.106112,43,0,7.33333,,0.1,28,0,0.1,8,75,0,1.03087,31,,138,138,,0,0,0,8.14286
1612824912521,6,1010123456019,74,,1,2,5,1,1,,12.2903,155,0,0.122912,49,0,9,,0,0,0,0,0,0,0,0,0,,132,132,,0,0,0,0
1612824912771,6,1010123456019,74,,1,2,5,1,1,,10.1255,239,0,0.12976,66,0,7,,0,0,0,0,0,0,0,0,0,,207,207,,0,0,0,0
1612824913021,6,1010123456019,74,,1,2,5,1,1,,13.6752,157,369,0.127136,45,0,9.16667,,0,0,0,0,0,0,0,0,0,,135,135,,0,0,0,0
1612824913271,6,1010123456019,74,,1,2,5,1,1,,10.5652,184,89,0.1232,55,0,8.16667,,0.1,16,0,0,4,100,0,0.1,0,,159,159,,0,0,0,10
1612824913521,6,1010123456019,74,,1,2,5,1,1,,12.3865,163,0,0.116736,43,0,8.5,,0.1,16,0,0,4,100,0,0.14323,0,,138,138,,0,0,0,10
1612824913771,6,1010123456019,74,,1,2,5,1,1,,12.2754,138,158,0.106464,41,0,7.16667,,0,0,0,0,0,0,0,0,0,,120,120,,0,0,0,0
1612824914021,6,1010123456019,74,,1,2,5,1,1,,9.58635,249,0,0.135392,72,0,8.16667,,0,0,0,0,0,0,0,0,0,,213,213,,0,0,0,0
1612824914271,6,1010123456019,74,,1,2,5,1,1,,16.1368,117,0,0.1272,35,0,10.25,,0.1,16,0,0,4,100,0,0.106114,0,,99,99,,0,0,0,10
1612824914521,6,1010123456019,74,,1,2,5,1,1,,8.24324,222,0,0.114432,61,0,6.8,,0.1,10,0,0.1,3,66.6667,0,0.474374,31,,189,189,,0,0,0,7.6
1612824914771,6,1010123456019,74,,1,2,5,1,1,,9.06452,155,0,0.087008,46,0,6.85714,,1.89474,38,0,0.1,12,75,0,4.54409,0,,132,132,,0,0,0,7.68421
1612824915021,6,1010123456019,74,,1,2,5,1,1,,12.3271,107,137,0.079808,29,0,8.66667,,0,0,0,0,0,0,0,0,0,,93,93,,0,0,0,0
1612824915271,6,1010123456019,74,,1,2,5,1,1,,6.36755,302,0,0.128416,91,0,5.2,,7.97368,38,0,0.1,11,72.7273,0,3.41001,31,,267,267,,0,0,0,7.5
1612824915521,6,1010123456019,74,,1,2,5,1,1,,10.6509,212,99,0.12336,60,0,7,,0,0,0,0,0,0,0,0,0,,183,183,,0,0,0,0
1612824915771,6,1010123456019,74,,1,2,5,1,1,,7.38605,215,0,0.099488,63,0,6.85714,,0,0,0,0,0,0,0,0,0,,186,186,,0,0,0,0
1612824916021,6,1010123456019,74,,1,2,5,1,1,,11.9607,178,48,0.1176,48,0,7.16667,,0,0,0,0,0,0,0,0,0,,153,153,,0,0,0,0
1612824916271,6,1010123456019,74,,1,2,5,1,1,,13.6533,150,158,0.138336,47,0,8.83333,,5.04348,23,0,0.1,7,57.1429,0,9.94377,31,,132,132,,0,0,0,7
1612824916521,6,1010123456019,74,,1,2,5,1,1,,12.0085,117,0,0.084992,34,0,8.5,,0,0,0,0,0,0,0,0,0,,102,102,,0,0,0,0
1612824916771,6,1010123456019,74,,1,2,5,1,1,,13.169,142,69,0.106368,39,0,8,,0,0,0,0,0,0,0,0,0,,120,120,,0,0,0,0
1612824917021,6,1010123456019,74,,1,2,5,1,1,,11.6619,210,327,0.146784,53,0,7,,0,0,0,0,0,0,0,0,0,,180,180,,0,0,0,0
1612824917271,6,1010123456019,74,,1,2,5,1,1,,4.35036,274,0,0.087744,86,0,7.4,,11.25,16,0,0.1,5,80,0,8.72004,0,,234,234,,0,0,0,7.75
1612824917521,6,1010123456019,74,,1,2,5,1,1,,13.0272,147,0,0.111328,41,0,8,,0,0,0,0,0,0,0,0,0,,129,129,,0,0,0,0
1612824917771,6,1010123456019,74,,1,2,5,1,1,,9.82906,234,0,0.129824,67,0,7.14286,,0,0,0,0,0,0,0,0,0,,201,201,,0,0,0,0
1612824918021,6,1010123456019,74,,1,2,5,1,1,,14.0186,161,0,0.142784,46,0,9.33333,,0,0,0,0,0,0,0,0,0,,138,138,,0,0,0,0
1612824918271,6,1010123456019,74,,1,2,5,1,1,,12.1694,183,315,0.133248,54,0,7.83333,,11.5882,51,0,0.1,14,71.4286,0,7.88136,31,,159,159,,0,0,0,8.09804
1612824918521,6,1010123456019,74,,1,2,5,1,1,,13.0824,170,294,0.133376,49,0,8,,0,0,0,0,0,0,0,0,0,,150,150,,0,0,0,0
1612824918771,6,1010123456019,74,,1,2,5,1,1,,12.5449,156,0,0.116384,44,0,8.71429,,0,0,0,0,0,0,0,0,0,,132,132,,0,0,0,0
1612824919021,6,1010123456019,74,,1,2,5,1,1,,10.3151,146,0,0.091872,43,0,7.5,,0,0,0,0,0,0,0,0,0,,123,123,,0,0,0,0
1612824919271,6,1010123456019,74,,1,2,5,1,1,,14.7259,135,0,0.121888,36,0,10,,6.54839,62,0,0.1,18,77.7778,0,4.94133,31,,114,114,,0,0,0,8.69355
1612824919521,6,1010123456019,74,,1,2,5,1,1,,6.97458,236,0,0.104928,68,0,6.5,,9.5,26,0,0.1,8,62.5,0,5.82009,31,,204,204,,0,0,0,8.03846
1612824919771,6,1010123456019,74,,1,2,5,1,1,,5.74899,247,2135,0.09184,65,0,7.33333,,0,0,0,0,0,0,0,0,0,,213,213,,0,0,0,0
1612824920021,6,1010123456019,74,,1,2,5,1,1,,14.1152,217,0,0.188256,69,0,9.83333,,0,0,0,0,0,0,0,0,0,,186,186,,0,0,0,0
1612824920271,6,1010123456019,74,,1,2,5,1,1,,11.7551,98,0,0.067008,26,0,7.5,,0,12,0,0,4,100,0,0,0,,84,84,,0,0,0,0
1612824920521,6,1010123456019,74,,1,2,5,1,1,,13.8324,173,0,0.150688,51,0,9,,0.1,7,0,0.1,2,0,0,1.68251,31,,150,150,,0,0,0,3.14286
1612824920771,6,1010123456019,74,,1,2,5,1,1,,2.81373,408,296,0.094912,111,0,3.85714,,0,0,0,0,0,0,0,0,0,,351,351,,0,0,0,0
1612824921021,6,1010123456019,74,,1,2,5,1,1,,5.81439,264,158,0.091392,83,0,6.66667,,0,0,0,0,0,0,0,0,0,,225,225,,0,0,0,0
1612824921271,6,1010123456019,74,,1,2,5,1,1,,13.4488,127,0,0.090912,34,0,8.83333,,0.1,16,0,0,4,100,0,0.293761,0,,108,108,,0,0,0,10
1612824921521,6,1010123456019,74,,1,2,5,1,1,,8.98566,279,69,0.146336,81,0,6.16667,,0,12,0,0,4,100,0,0,0,,246,246,,0,0,0,0
1612824921771,6,1010123456019,74,,1,2,5,1,1,,13.0426,141,163,0.099456,37,0,8.16667,,0,0,0,0,0,0,0,0,0,,120,120,,0,0,0,0
1612824922021,6,1010123456019,74,,1,2,5,1,1,,12.5561,187,0,0.151552,57,0,7.6,,0,0,0,0,0,0,0,0,0,,159,159,,0,0,0,0
1612824922271,6,1010123456019,74,,1,2,5,1,1,,11.6455,189,448,0.133024,55,0,7.4,,0,12,0,0,4,100,0,0,0,,165,165,,0,0,0,0
1612824922521,6,1010123456019,74,,1,2,5,1,1,,9.05957,235,0,0.121536,66,0,6.83333,,0.1,11,0,0,3,100,0,0.1,0,,201,201,,0,0,0,10
1612824922771,6,1010123456019,74,,1,2,5,1,1,,9.54645,183,226,0.101408,55,0,7.5,,0,3,0,0,1,100,0,0,0,,159,159,,0,0,0,0
1612824923021,6,1010123456019,74,,1,2,5,1,1,,14.1273,165,158,0.15344,48,0,9.83333,,0,0,0,0,0,0,0,0,0,,141,141,,0,0,0,0
1612824923271,6,1010123456019,74,,1,2,5,1,1,,10.5652,184,0,0.107808,52,0,6.66667,,0.1,20,0,0.1,6,66.6667,0,1.31194,31,,156,156,,0,0,0,6.6
1612824923521,6,1010123456019,74,,1,2,5,1,1,,6.95897,195,0,0.079616,53,0,6.66667,,0,0,0,0,0,0,0,0,0,,165,165,,0,0,0,0
1612824923771,6,1010123456019,74,,1,2,5,1,1,,12.095,200,0,0.142464,59,0,7.71429,,0,0,0,0,0,0,0,0,0,,171,171,,0,0,0,0
1612824924021,6,1010123456019,74,,1,2,5,1,1,,10.8939,179,0,0.113088,51,0,8.33333,,0,0,0,0,0,0,0,0,0,,153,153,,0,0,0,0
1612824924271,6,1010123456019,74,,1,2,5,1,1,,11.1894,227,0,0.139328,62,0,7.16667,,0,0,0,0,0,0,0,0,0,,198,198,,0,0,0,0
1612824924521,6,1010123456019,74,,1,2,5,1,1,,10.6846,149,397,0.10176,45,0,7.5,,5.14286,7,0,0.1,2,0,0,30.292,31,,132,132,,0,0,0,1
1612824924771,6,1010123456019,74,,1,2,5,1,1,,11.4611,180,158,0.118624,52,0,7.57143,,0,0,0,0,0,0,0,0,0,,153,153,,0,0,0,0
1612824925021,6,1010123456019,74,,1,2,5,1,1,,12.1543,162,163,0.119168,48,0,8,,0,0,0,0,0,0,0,0,0,,141,141,,0,0,0,0
1612824925271,6,1010123456019,74,,1,2,5,1,1,,11.9068,118,0,0.088928,36,0,7.5,,15,16,0,0,4,100,0,1.08235,0,,105,105,,0,0,0,10
1612824925521,6,1010123456019,74,,1,2,5,1,1,,9.92778,180,0,0.097088,51,0,7.33333,,0,0,0,0,0,0,0,0,0,,153,153,,0,0,0,0
1612824925771,6,1010123456019,74,,1,2,5,1,1,,5.0453,287,78,0.091008,77,0,7,,0,0,0,0,0,0,0,0,0,,246,246,,0,0,0,0
1612824926021,6,1010123456019,74,,1,2,5,1,1,,12.084,131,152,0.10144,40,0,6.66667,,0,0,0,0,0,0,0,0,0,,111,111,,0,0,0,0
1612824926271,6,1010123456019,74,,1,2,5,1,1,,7.55372,242,0,0.104544,69,0,7.16667,,0.1,10,0,0.1,3,0,0,1.81853,31,,207,207,,0,0,0,1.2
1612824926521,6,1010123456019,74,,1,2,5,1,1,,7.29745,353,0,0.17424,101,0,6.5,,0,0,0,0,0,0,0,0,0,,300,300,,0,0,0,0
1612824926771,6,1010123456019,74,,1,2,5,1,1,,13.6953,128,471,0.111104,37,0,8.66667,,0,0,0,0,0,0,0,0,0,,108,108,,0,0,0,0
1612824927021,6,1010123456019,74,,1,2,5,1,1,,12.9038,156,0,0.117088,44,0,8,,0,0,0,0,0,0,0,0,0,,132,132,,0,0,0,0
1612824927271,6,1010123456019,74,,1,2,5,1,1,,4.38853,314,0,0.09312,93,0,7.2,,4.61905,84,0,0.1,27,88.8889,0,3.34466,31,,282,282,,0,0,0,9.14286
1612824927521,6,1010123456019,74,,1,2,5,1,1,,12.9708,137,69,0.09584,36,0,8,,0,0,0,0,0,0,0,0,0,,117,117,,0,0,0,0
1612824927771,6,1010123456019,74,,1,2,5,1,1,,11.9946,184,0,0.132928,54,0,8.28571,,0,0,0,0,0,0,0,0,0,,153,153,,0,0,0,0
1612824928021,6,1010123456019,74,,1,2,5,1,1,,12.8503,187,158,0.139712,53,0,8.4,,0,0,0,0,0,0,0,0,0,,162,162,,0,0,0,0
1612824928271,6,1010123456019,74,,1,2,5,1,1,,7.10188,373,0,0.169536,106,0,6,,3.10714,28,0,0.1,9,66.6667,0,7.78914,31,,324,324,,0,0,0,7.10714
1612824928521,6,1010123456019,74,,1,2,5,1,1,,8.14634,328,0,0.144256,92,0,6.5,,0,0,0,0,0,0,0,0,0,,279,279,,0,0,0,0
1612824928771,6,1010123456019,74,,1,2,5,1,1,,10.8735,166,0,0.114784,51,0,8.14286,,0,0,0,0,0,0,0,0,0,,144,144,,0,0,0,0
1612824929021,6,1010123456019,74,,1,2,5,1,1,,13.0191,157,0,0.122464,45,0,7.66667,,0,0,0,0,0,0,0,0,0,,135,135,,0,0,0,0
1612824929271,6,1010123456019,74,,1,2,5,1,1,,12.1502,213,226,0.149376,61,0,7.66667,,15,16,0,0,4,100,0,1.38237,0,,186,186,,0,0,0,10
1612824929521,6,1010123456019,74,,1,2,5,1,1,,13.2465,142,221,0.107488,39,0,9,,0,0,0,0,0,0,0,0,0,,126,126,,0,0,0,0
1612824929771,6,1010123456019,74,,1,2,5,1,1,,5.13289,301,0,0.116032,90,0,7.14286,,0,0,0,0,0,0,0,0,0,,258,258,,0,0,0,0
1612824930021,6,1010123456019,74,,1,2,5,1,1,,6.99265,272,0,0.115456,77,0,5.5,,0,0,0,0,0,0,0,0,0,,231,231,,0,0,0,0
1612824930271,6,1010123456019,74,,1,2,5,1,1,,8.15217,276,315,0.124032,78,0,6.8,,0.1,36,0,0.1,10,60,0,3.08567,31,,240,240,,0,0,0,7.25
1612824930521,6,1010123456019,74,,1,2,5,1,1,,10.5298,285,0,0.178944,84,0,7.33333,,0,0,0,0,0,0,0,0,0,,246,246,,0,0,0,0
1612824930771,6,1010123456019,74,,1,2,5,1,1,,10.748,123,315,0.080928,36,0,8.85714,,0,0,0,0,0,0,0,0,0,,108,108,,0,0,0,0
1612824931021,6,1010123456019,74,,1,2,5,1,1,,12.6667,180,0,0.132736,51,0,7.66667,,0,0,0,0,0,0,0,0,0,,153,153,,0,0,0,0
1612824931271,6,1010123456019,74,,1,2,5,1,1,,12.9815,108,226,0.080128,30,0,7.6,,0,6,0,0.1,2,0,0,0,31,,93,93,,0,0,0,0
1612824931521,6,1010123456019,74,,1,2,5,1,1,,11.1095,137,0,0.086464,38,0,7.5,,0,0,0,0,0,0,0,0,0,,117,117,,0,0,0,0
1612824931771,6,1010123456019,74,,1,2,5,1,1,,5.09119,329,382,0.12816,95,0,6.57143,,0,0,0,0,0,0,0,0,0,,282,282,,0,0,0,0
1612824932021,6,1010123456019,74,,1,2,5,1,1,,8.72378,286,0,0.165088,82,0,5.6,,0,0,0,0,0,0,0,0,0,,246,246,,0,0,0,0
1612824932271,6,1010123456019,74,,1,2,5,1,1,,13.6204,108,158,0.092544,32,0,9,,0,11,0,0,4,100,0,0,0,,99,99,,0,0,0,0
1612824932521,6,1010123456019,74,,1,2,5,1,1,,11.7641,195,0,0.133632,57,0,7.5,,0,0,0,0,0,0,0,0,0,,165,165,,0,0,0,0
1612824932771,6,1010123456019,74,,1,2,5,1,1,,9.14847,229,158,0.1344,64,0,7.71429,,0,0,0,0,0,0,0,0,0,,195,195,,0,0,0,0
1612824933021,6,1010123456019,74,,1,2,5,1,1,,13.8409,176,0,0.153376,51,0,8.66667,,0,0,0,0,0,0,0,0,0,,150,150,,0,0,0,0
1612824933271,6,1010123456019,74,,1,2,5,1,1,,12.7387,111,0,0.08512,33,0,7.83333,,0.1,16,0,0,4,100,0,0.566109,0,,99,99,,0,0,0,10
1612824933521,6,1010123456019,74,,1,2,5,1,1,,13.6857,140,158,0.116608,40,0,8.66667,,0.1,19,0,0.1,5,80,0,4.70011,0,,120,120,,0,0,0,8.57895
1612824933771,6,1010123456019,74,,1,2,5,1,1,,9.88652,282,0,0.16256,81,0,7.66667,,0,0,0,0,0,0,0,0,0,,243,243,,0,0,0,0
1612824934021,6,1010123456019,74,,1,2,5,1,1,,12.0703,185,0,0.122784,51,0,7.66667,,0,0,0,0,0,0,0,0,0,,159,159,,0,0,0,0
1612824934271,6,1010123456019,74,,1,2,5,1,1,,8.3377,305,0,0.147456,89,0,6.16667,,15,13,0,0,4,100,0,0.960577,0,,261,261,,0,0,0,10
1612824934521,6,1010123456019,74,,1,2,5,1,1,,11.0593,135,0,0.086112,38,0,8,,0,0,0,0,0,0,0,0,0,,114,114,,0,0,0,0
1612824934771,6,1010123456019,74,,1,2,5,1,1,,13.6738,141,0,0.11616,40,0,8.66667,,0,0,0,0,0,0,0,0,0,,120,120,,0,0,0,0
1612824935021,6,1010123456019,74,,1,2,5,1,1,,11.68,175,201,0.107232,42,0,7.33333,,0,0,0,0,0,0,0,0,0,,147,147,,0,0,0,0
1612824935271,6,1010123456019,74,,1,2,5,1,1,,10.5491,173,1070,0.122976,51,0,7.5,,0.1,16,0,0,4,100,0,0.492424,0,,150,150,,0,0,0,10
1612824935521,6,1010123456019,74,,1,2,5,1,1,,11.0215,186,0,0.12848,56,0,8.5,,0.1,11,0,0.1,3,66.6667,0,1.05194,31,,159,159,,0,0,0,7.81818
1612824935771,6,1010123456019,74,,1,2,5,1,1,,12.8217,157,226,0.119936,46,0,8,,0.1,8,0,0.1,2,50,0,1.7672,0,,135,135,,0,0,0,7.5
1612824936021,6,1010123456019,74,,1,2,5,1,1,,13.928,125,0,0.113408,38,0,8.66667,,0,0,0,0,0,0,0,0,0,,108,108,,0,0,0,0
1612824936271,6,1010123456019,74,,1,2,5,1,1,,12.8318,107,158,0.092096,32,0,8.66667,,0.1,16,0,0,4,100,0,0.636147,0,,96,96,,0,0,0,10
1612824936521,6,1010123456019,74,,1,2,5,1,1,,8.27132,258,0,0.131104,74,0,7,,1.84615,39,0,0.1,12,66.6667,0,4.65253,31,,222,222,,0,0,0,6.74359
1612824936771,6,1010123456019,74,,1,2,5,1,1,,13.2065,155,0,0.11248,41,0,8.14286,,0,0,0,0,0,0,0,0,0,,135,135,,0,0,0,0
1612824937021,6,1010123456019,74,,1,2,5,1,1,,14.8511,94,0,0.100256,31,0,9.6,,0,0,0,0,0,0,0,0,0,,81,81,,0,0,0,0
1612824937271,6,1010123456019,74,,1,2,5,1,1,,11.4796,196,0,0.131776,55,0,7.33333,,0.1,13,0,0,4,100,0,0.1,0,,171,171,,0,0,0,10
1612824937521,6,1010123456019,74,,1,2,5,1,1,,10.1159,233,331,0.132416,62,0,7.5,,4.65753,73,0,0.10688,20,60,0,6.64218,31,,201,201,,0,0,0,7.35616
1612824937771,6,1010123456019,74,,1,2,5,1,1,,14.3864,176,158,0.16752,58,0,9.57143,,0,0,0,0,0,0,0,0,0,,153,153,,0,0,0,0
1612824938021,6,1010123456019,74,,1,2,5,1,1,,13.1295,139,0,0.111136,41,0,8.66667,,0,0,0,0,0,0,0,0,0,,123,123,,0,0,0,0
1612824938271,6,1010123456019,74,,1,2,5,1,1,,5.6575,400,0,0.136128,118,0,5,,10.9,20,0,0.1,6,66.6667,0,10.3695,31,,354,354,,0,0,0,7.3
1612824938521,6,1010123456019,74,,1,2,5,1,1,,11.5706,163,0,0.107264,46,0,7.5,,0,0,0,0,0,0,0,0,0,,138,138,,0,0,0,0
1612824938771,6,1010123456019,74,,1,2,5,1,1,,9.38012,171,0,0.092416,49,0,7.42857,,0,0,0,0,0,0,0,0,0,,147,147,,0,0,0,0
1612824939021,6,1010123456019,74,,1,2,5,1,1,,10.2275,189,158,0.102848,52,0,7.66667,,0,0,0,0,0,0,0,0,0,,162,162,,0,0,0,0
1612824939271,6,1010123456019,74,,1,2,5,1,1,,12.615,226,69,0.170368,66,0,7.5,,0.1,18,0,0.1,6,66.6667,0,5.54681,31,,201,201,,0,0,0,7.66667
1612824939521,6,1010123456019,74,,1,2,5,1,1,,4.83291,395,209,0.125536,112,0,6.2,,0,0,0,0,0,0,0,0,0,,342,342,,0,0,0,0
1612824939771,6,1010123456019,74,,1,2,5,1,1,,12.9182,110,0,0.09584,36,0,8.42857,,0,0,0,0,0,0,0,0,0,,93,93,,0,0,0,0
1612824940021,6,1010123456019,74,,1,2,5,1,1,,12.8571,105,0,0.080448,30,0,8,,0,0,0,0,0,0,0,0,0,,90,90,,0,0,0,0
1612824940271,6,1010123456019,74,,1,2,5,1,1,,12.0155,129,0,0.090944,38,0,7.66667,,13.7143,7,0,0.1,2,0,0,29.7088,31,,114,114,,0,0,0,1
1612824940521,6,1010123456019,74,,1,2,5,1,1,,12.7935,155,0,0.111872,42,0,8,,0,0,0,0,0,0,0,0,0,,132,132,,0,0,0,0
1612824940771,6,1010123456019,74,,1,2,5,1,1,,13.3008,123,158,0.105728,37,0,8.57143,,0,0,0,0,0,0,0,0,0,,105,105,,0,0,0,0
1612824941021,6,1010123456019,74,,1,2,5,1,1,,10.332,250,0,0.141728,64,0,6.2,,0,0,0,0,0,0,0,0,0,,213,213,,0,0,0,0
1612824941271,6,1010123456019,74,,1,2,5,1,1,,12.5254,118,0,0.099712,40,0,8,,14.1316,38,0,0.1,11,81.8182,0,9.8148,31,,108,108,,0,0,0,8.3421
1612824941521,6,1010123456019,74,,1,2,5,1,1,,12.9379,177,0,0.143392,50,0,8.16667,,4.36364,11,0,0.1,3,33.3333,0,10.3474,0,,150,150,,0,0,0,4.27273
1612824941771,6,1010123456019,74,,1,2,5,1,1,,13.931,87,137,0.076928,26,0,9,,0,0,0,0,0,0,0,0,0,,75,75,,0,0,0,0
1612824942021,6,1010123456019,74,,1,2,5,1,1,,11.3163,215,0,0.151808,63,0,7.66667,,0,0,0,0,0,0,0,0,0,,186,186,,0,0,0,0
1612824942271,6,1010123456019,74,,1,2,5,1,1,,8.9246,252,158,0.138112,72,0,6.66667,,0.1,36,0,0.1,10,80,0,0.912494,0,,225,225,,0,0,0,8.83333
1612824942521,6,1010123456019,74,,1,2,5,1,1,,7.84564,149,0,0.07328,43,0,7,,0,0,0,0,0,0,0,0,0,,129,129,,0,0,0,0
1612824942771,6,1010123456019,74,,1,2,5,1,1,,9.57868,197,0,0.111936,58,0,6.85714,,0,0,0,0,0,0,0,0,0,,168,168,,0,0,0,0
1612824943021,6,1010123456019,74,,1,2,5,1,1,,6.53147,286,315,0.118368,83,0,5.66667,,0,0,0,0,0,0,0,0,0,,246,246,,0,0,0,0
1612824943271,6,1010123456019,74,,1,2,5,1,1,,9.82329,249,518,0.157504,71,0,6.83333,,0.1,15,0,0,4,100,0,0.733457,0,,216,216,,0,0,0,10
1612824943521,6,1010123456019,74,,1,2,5,1,1,,11.0337,208,69,0.13808,60,0,8.33333,,0,0,0,0,0,0,0,0,0,,180,180,,0,0,0,0
1612824943771,6,1010123456019,74,,1,2,5,1,1,,10.1388,245,0,0.145792,71,0,7.16667,,0,0,0,0,0,0,0,0,0,,210,210,,0,0,0,0
1612824944021,6,1010123456019,74,,1,2,5,1,1,,12.0288,208,0,0.144032,60,0,6.16667,,0,0,0,0,0,0,0,0,0,,180,180,,0,0,0,0
1612824944271,6,1010123456019,74,,1,2,5,1,1,,6.27719,285,471,0.106944,83,0,6.5,,0.1,24,0,0,8,100,0,0.649957,0,,249,249,,0,0,0,10
1612824944521,6,1010123456019,74,,1,2,5,1,1,,14.1838,185,0,0.163744,52,0,9.5,,0,0,0,0,0,0,0,0,0,,156,156,,0,0,0,0
1612824944771,6,1010123456019,74,,1,2,5,1,1,,5.62544,283,397,0.091872,75,0,5.57143,,0,0,0,0,0,0,0,0,0,,249,249,,0,0,0,0
1612824945021,6,1010123456019,74,,1,2,5,1,1,,13,176,158,0.136832,53,0,8.33333,,0,0,0,0,0,0,0,0,0,,144,144,,0,0,0,0
1612824945271,6,1010123456019,74,,1,2,5,1,1,,10.7279,136,250,0.084224,39,0,8,,10.2,25,0,0.1,7,71.4286,0,8.74756,31,,117,117,,0,0,0,7.48
1612824945521,6,1010123456019,74,,1,2,5,1,1,,14.1192,151,69,0.133984,44,0,9.83333,,0,0,0,0,0,0,0,0,0,,132,132,,0,0,0,0
1612824945771,6,1010123456019,74,,1,2,5,1,1,,11.9627,134,256,0.096384,40,0,7.66667,,0,0,0,0,0,0,0,0,0,,114,114,,0,0,0,0
1612824946021,6,1010123456019,74,,1,2,5,1,1,,11.5972,283,0,0.187968,82,0,7.4,,0,0,0,0,0,0,0,0,0,,243,243,,0,0,0,0
1612824946271,6,1010123456019,74,,1,2,5,1,1,,5.24437,311,158,0.102272,89,0,7,,15,14,0,0,4,100,0,1.30978,0,,267,267,,0,0,0,10
1612824946521,6,1010123456019,74,,1,2,5,1,1,,13.473,148,0,0.121568,42,0,8.16667,,0,0,0,0,0,0,0,0,0,,126,126,,0,0,0,0
1612824946771,6,1010123456019,74,,1,2,5,1,1,,13.2291,179,103,0.13344,49,0,8,,0,0,0,0,0,0,0,0,0,,159,159,,0,0,0,0
1612824947021,6,1010123456019,74,,1,2,5,1,1,,14.2966,145,539,0.136448,44,0,9.33333,,0,0,0,0,0,0,0,0,0,,123,123,,0,0,0,0
1612824947271,6,1010123456019,74,,1,2,5,1,1,,11.6532,124,397,0.085696,35,0,7.16667,,0.1,15,0,0,4,100,0,0.709339,0,,108,108,,0,0,0,10
1612824947521,6,1010123456019,74,,1,2,5,1,1,,7.50298,336,158,0.16368,99,0,7.8,,0,12,0,0,4,100,0,0,0,,291,291,,0,0,0,0
1612824947771,6,1010123456019,74,,1,2,5,1,1,,15.2339,124,99,0.120864,34,0,8.85714,,0,0,0,0,0,0,0,0,0,,105,105,,0,0,0,0
1612824948021,6,1010123456019,74,,1,2,5,1,1,,11.0845,213,69,0.131584,59,0,8,,0,0,0,0,0,0,0,0,0,,180,180,,0,0,0,0
1612824948271,6,1010123456019,74,,1,2,5,1,1,,4.30193,414,0,0.148864,122,0,7.25,,9.23077,26,0,0.1,7,57.1429,0,8.04972,31,,363,363,,0,0,0,6.65385
1612824948521,6,1010123456019,74,,1,2,5,1,1,,5.86997,323,18,0.10256,88,0,5.66667,,0.1,12,0,0,3,100,0,0.502755,0,,279,279,,0,0,0,10
1612824948771,6,1010123456019,74,,1,2,5,1,1,,5.25,216,371,0.083616,60,0,7.42857,,0.1,4,0,0,1,100,0,0.1,0,,189,189,,0,0,0,10
1612824949021,6,1010123456019,74,,1,2,5,1,1,,8.90176,285,127,0.131744,86,0,5.75,,0,0,0,0,0,0,0,0,0,,243,243,,0,0,0,0
1612824949271,6,1010123456019,74,,1,2,5,1,1,,5.05118,254,652,0.095392,77,0,6.8,,0.1,14,0,0,4,100,0,0.510913,0,,225,225,,0,0,0,10
1612824949521,6,1010123456019,74,,1,2,5,1,1,,13.7557,176,0,0.144128,50,0,8.5,,0,0,0,0,0,0,0,0,0,,150,150,,0,0,0,0
1612824949771,6,1010123456019,74,,1,2,5,1,1,,10.7841,176,158,0.110752,50,0,7,,0,0,0,0,0,0,0,0,0,,153,153,,0,0,0,0
1612824950021,6,1010123456019,74,,1,2,5,1,1,,8.4841,283,0,0.148704,82,0,7.5,,0,0,0,0,0,0,0,0,0,,243,243,,0,0,0,0
1612824950271,6,1010123456019,74,,1,2,5,1,1,,7.55957,277,0,0.137504,85,0,6.66667,,14.0449,89,0,0.10064,29,82.7586,0,5.49628,31,,255,255,,0,0,0,8.25843
1612824950521,6,1010123456019,74,,1,2,5,1,1,,12.6818,176,0,0.127456,49,0,8.5,,0,0,0,0,0,0,0,0,0,,153,153,,0,0,0,0
1612824950771,6,1010123456019,74,,1,2,5,1,1,,6.00826,242,0,0.095232,71,0,6.57143,,0,0,0,0,0,0,0,0,0,,207,207,,0,0,0,0
1612824951021,6,1010123456019,74,,1,2,5,1,1,,12.6167,120,137,0.085408,33,0,7.83333,,0,0,0,0,0,0,0,0,0,,105,105,,0,0,0,0
1612824951271,6,1010123456019,74,,1,2,5,1,1,,7.41667,312,0,0.15392,93,0,7,,15.3684,95,0,0.1,31,90.3226,0,3.2632,31,,279,279,,0,0,0,9.14737
1612824951521,6,1010123456019,74,,1,2,5,1,1,,12.6503,183,0,0.143584,54,0,8,,0,0,0,0,0,0,0,0,0,,156,156,,0,0,0,0
1612824951771,6,1010123456019,74,,1,2,5,1,1,,10.8273,110,69,0.069824,31,0,8.14286,,0,0,0,0,0,0,0,0,0,,96,96,,0,0,0,0
1612824952021,6,1010123456019,74,,1,2,5,1,1,,12.4324,185,0,0.138688,54,0,7.75,,0,0,0,0,0,0,0,0,0,,159,159,,0,0,0,0
1612824952271,6,1010123456019,74,,1,2,5,1,1,,7.95865,266,0,0.136288,78,0,6.33333,,0.1,13,0,0,4,100,0,0.117536,0,,234,234,,0,0,0,10
1612824952521,6,1010123456019,74,,1,2,5,1,1,,12.3526,156,369,0.10176,41,0,7.66667,,0,0,0,0,0,0,0,0,0,,132,132,,0,0,0,0
1612824952771,6,1010123456019,74,,1,2,5,1,1,,9.63598,239,0,0.14016,72,0,6.85714,,0,0,0,0,0,0,0,0,0,,207,207,,0,0,0,0
1612824953021,6,1010123456019,74,,1,2,5,1,1,,12.186,86,0,0.053696,22,0,7.33333,,0,0,0,0,0,0,0,0,0,,72,72,,0,0,0,0
1612824953271,6,1010123456019,74,,1,2,5,1,1,,8.08411,321,462,0.158048,87,0,6.16667,,8.65217,23,0,0.1,6,66.6667,0,10.2487,31,,279,279,,0,0,0,7.26087
1612824953521,6,1010123456019,74,,1,2,5,1,1,,12.5054,184,69,0.14384,58,0,8,,0,0,0,0,0,0,0,0,0,,159,159,,0,0,0,0
1612824953771,6,1010123456019,74,,1,2,5,1,1,,9.81143,175,324,0.110336,50,0,7.28571,,0,0,0,0,0,0,0,0,0,,150,150,,0,0,0,0
1612824954021,6,1010123456019,74,,1,2,5,1,1,,9.38424,203,0,0.11632,61,0,7.33333,,0,0,0,0,0,0,0,0,0,,174,174,,0,0,0,0
1612824954271,6,1010123456019,74,,1,2,5,1,1,,12.9588,194,0,0.154304,57,0,8,,9.26316,38,0,0.1,11,72.7273,0,5.77752,31,,177,177,,0,0,0,7.63158
1612824954521,6,1010123456019,74,,1,2,5,1,1,,11.3566,143,0,0.10144,43,0,8.33333,,0,0,0,0,0,0,0,0,0,,123,123,,0,0,0,0
1612824954771,6,1010123456019,74,,1,2,5,1,1,,7.72078,308,0,0.137056,87,0,6.33333,,0,0,0,0,0,0,0,0,0,,267,267,,0,0,0,0
1612824955021,6,1010123456019,74,,1,2,5,1,1,,10.6633,196,127,0.104608,53,0,7,,0,0,0,0,0,0,0,0,0,,168,168,,0,0,0,0
1612824955271,6,1010123456019,74,,1,2,5,1,1,,11.2857,154,450,0.1216,49,0,7.5,,8.10256,39,0,0.1,11,72.7273,0,3.72693,31,,132,132,,0,0,0,7.64103
1612824955521,6,1010123456019,74,,1,2,5,1,1,,11.7457,173,158,0.11472,49,0,7.33333,,0,0,0,0,0,0,0,0,0,,150,150,,0,0,0,0
1612824955771,6,1010123456019,74,,1,2,5,1,1,,12.8311,225,0,0.163296,61,0,7.85714,,0,0,0,0,0,0,0,0,0,,192,192,,0,0,0,0
1612824956021,6,1010123456019,74,,1,2,5,1,1,,7.99163,239,254,0.116096,68,0,6.83333,,0,0,0,0,0,0,0,0,0,,207,207,,0,0,0,0
1612824956271,6,1010123456019,74,,1,2,5,1,1,,12.4145,193,48,0.152832,61,0,8,,0.1,16,0,0,4,100,0,0.456476,0,,171,171,,0,0,0,10
1612824956521,6,1010123456019,74,,1,2,5,1,1,,12.734,94,0,0.073952,28,0,8,,1.95918,49,0,0.1,13,76.9231,0,2.76558,31,,81,81,,0,0,0,8.71429
1612824956771,6,1010123456019,74,,1,2,5,1,1,,15.76,125,0,0.124928,34,0,9.6,,4.95349,43,0,0.1,12,75,0,11.2953,31,,105,105,,0,0,0,7.90698
1612824957021,6,1010123456019,74,,1,2,5,1,1,,12.4757,103,0,0.0712,29,0,8.6,,0,0,0,0,0,0,0,0,0,,90,90,,0,0,0,0
1612824957271,6,1010123456019,74,,1,2,5,1,1,,14.1415,106,0,0.100608,32,0,8.2,,15,13,0,0,4,100,0,2.58039,0,,90,90,,0,0,0,10
1612824957521,6,1010123456019,74,,1,2,5,1,1,,9.51867,241,69,0.128,67,0,7.5,,0,0,0,0,0,0,0,0,0,,207,207,,0,0,0,0
1612824957771,6,1010123456019,74,,1,2,5,1,1,,9.80841,214,0,0.1368,62,0,8.57143,,0,0,0,0,0,0,0,0,0,,186,186,,0,0,0,0
1612824958021,6,1010123456019,74,,1,2,5,1,1,,11.8855,166,0,0.111936,47,0,7.5,,0,0,0,0,0,0,0,0,0,,141,141,,0,0,0,0
1612824958271,6,1010123456019,74,,1,2,5,1,1,,6.84503,342,293,0.138752,98,0,6.33333,,0.1,31,0,0,8,100,0,0.838217,0,,297,297,,0,0,0,10
1612824958521,6,1010123456019,74,,1,2,5,1,1,,6.21429,280,827,0.118464,75,0,5,,0,0,0,0,0,0,0,0,0,,240,240,,0,0,0,0
1612824958771,6,1010123456019,74,,1,2,5,1,1,,6.42169,332,14,0.126592,101,0,6.14286,,0,0,0,0,0,0,0,0,0,,288,288,,0,0,0,0
1612824959021,6,1010123456019,74,,1,2,5,1,1,,7.07246,276,151,0.12128,78,0,5.33333,,0,0,0,0,0,0,0,0,0,,231,231,,0,0,0,0
1612824959271,6,1010123456019,74,,1,2,5,1,1,,10.0037,274,0,0.158784,77,0,7.5,,0,12,0,0,4,100,0,0,0,,237,237,,0,0,0,0
1612824959521,6,1010123456019,74,,1,2,5,1,1,,9.57619,210,0,0.119616,58,0,8,,0,9,0,0,3,100,0,0,0,,180,180,,0,0,0,0
1612824959771,6,1010123456019,74,,1,2,5,1,1,,12.3575,207,29,0.152192,60,0,8.33333,,0,3,0,0,1,100,0,0,0,,177,177,,0,0,0,0
1612824960021,6,1010123456019,74,,1,2,5,1,1,,7.55678,273,8,0.135936,81,0,6.16667,,0,0,0,0,0,0,0,0,0,,243,243,,0,0,0,0
1612824960271,6,1010123456019,74,,1,2,5,1,1,,10.7638,254,158,0.1616,76,0,9.16667,,0.1,25,0,0.1,7,71.4286,0,1.11423,31,,219,219,,0,0,0,7.84
1612824960521,6,1010123456019,74,,1,2,5,1,1,,13.7553,188,315,0.158112,51,0,8.33333,,0,0,0,0,0,0,0,0,0,,159,159,,0,0,0,0
1612824960771,6,1010123456019,74,,1,2,5,1,1,,14.1643,140,0,0.13232,44,0,9.28571,,0,0,0,0,0,0,0,0,0,,123,123,,0,0,0,0
1612824961021,6,1010123456019,74,,1,2,5,1,1,,4.23346,257,319,0.057056,68,0,4.66667,,0,0,0,0,0,0,0,0,0,,222,222,,0,0,0,0
1612824961271,6,1010123456019,74,,1,2,5,1,1,,5.26557,305,375,0.132384,90,0,6.8,,14.7204,93,0,0.1,28,85.7143,0,5.25914,31,,276,276,,0,0,0,8.45161
1612824961521,6,1010123456019,74,,1,2,5,1,1,,5.87921,356,48,0.117056,106,0,6,,0,0,0,0,0,0,0,0,0,,303,303,,0,0,0,0
1612824961771,6,1010123456019,74,,1,2,5,1,1,,10.3672,128,158,0.08128,36,0,7.14286,,0,0,0,0,0,0,0,0,0,,111,111,,0,0,0,0
1612824962021,6,1010123456019,74,,1,2,5,1,1,,13.6899,129,158,0.115904,41,0,9,,0,0,0,0,0,0,0,0,0,,111,111,,0,0,0,0
1612824962271,6,1010123456019,74,,1,2,5,1,1,,12.7687,147,0,0.106432,40,0,8,,0.1,15,0,0,4,100,0,0.314024,0,,126,126,,0,0,0,10
1612824962521,6,1010123456019,74,,1,2,5,1,1,,12.6911,123,0,0.09952,37,0,8,,4.46809,47,0,0.1,13,76.9231,0,8.71757,31,,108,108,,0,0,0,8.21277
1612824962771,6,1010123456019,74,,1,2,5,1,1,,11.3515,165,0,0.113728,50,0,7.42857,,5.65385,104,0,0.1,30,80,0,7.41555,31,,147,147,,0,0,0,8.375
1612824963021,6,1010123456019,74,,1,2,5,1,1,,14.6532,124,0,0.110304,33,0,8.66667,,4.41509,106,0,0.1,30,83.3333,0,7.2627,31,,105,105,,0,0,0,8.58491
1612824963271,6,1010123456019,74,,1,2,5,1,1,,12.6857,140,79,0.101152,38,0,7.6,,1.6875,32,0,0.1,9,77.7778,0,0.909806,31,,120,120,,0,0,0,9.03125
1612824963521,6,1010123456019,74,,1,2,5,1,1,,6.27208,283,564,0.106464,79,0,7,,1.6,30,0,0.1,8,75,0,4.9391,31,,246,246,,0,0,0,8.3
1612824963771,6,1010123456019,74,,1,2,5,1,1,,9.60101,198,739,0.128928,59,0,6.83333,,3.2,15,0,0.1,4,50,0,2.11483,0,,171,171,,0,0,0,6.33333
1612824964021,6,1010123456019,74,,1,2,5,1,1,,7.86142,267,158,0.135616,81,0,8,,0,0,0,0,0,0,0,0,0,,231,231,,0,0,0,0
1612824964271,6,1010123456019,74,,1,2,5,1,1,,10.1896,211,8,0.123936,58,0,7.33333,,0,0,0,0,0,0,0,0,0,,186,186,,0,0,0,0
1612824964521,6,1010123456019,74,,1,2,5,1,1,,10.9336,211,0,0.140064,64,0,7.66667,,0.1,15,0,0,4,100,0,0.37232,0,,180,180,,0,0,0,10
1612824964771,6,1010123456019,74,,1,2,5,1,1,,12.677,161,0,0.122432,46,0,8.14286,,0,0,0,0,0,0,0,0,0,,138,138,,0,0,0,0
1612824965021,6,1010123456019,74,,1,2,5,1,1,,8.11111,270,0,0.130784,74,0,6.83333,,0,0,0,0,0,0,0,0,0,,234,234,,0,0,0,0
1612824965271,6,1010123456019,74,,1,2,5,1,1,,11.1969,193,0,0.127072,55,0,7.33333,,0.1,32,0,0.1,9,66.6667,0,1.31474,31,,162,162,,0,0,0,7.5
1612824965521,6,1010123456019,74,,1,2,5,1,1,,12.9267,191,132,0.139232,51,0,8.2,,0,0,0,0,0,0,0,0,0,,162,162,,0,0,0,0
1612824965771,6,1010123456019,74,,1,2,5,1,1,,6.07383,298,13,0.110112,87,0,5.71429,,0,0,0,0,0,0,0,0,0,,258,258,,0,0,0,0
1612824966021,6,1010123456019,74,,1,2,5,1,1,,11.8957,115,0,0.08864,38,0,8.66667,,0,0,0,0,0,0,0,0,0,,99,99,,0,0,0,0
1612824966271,6,1010123456019,74,,1,2,5,1,1,,12.186,129,79,0.085504,33,0,7.5,,0.1,16,0,0,4,100,0,0.1,0,,111,111,,0,0,0,10
1612824966521,6,1010123456019,74,,1,2,5,1,1,,12.5862,145,0,0.12224,46,0,9.4,,0,0,0,0,0,0,0,0,0,,126,126,,0,0,0,0
1612824966771,6,1010123456019,74,,1,2,5,1,1,,12.9182,110,0,0.080192,30,0,8,,0,12,0,0,4,100,0,0,0,,96,96,,0,0,0,0
1612824967021,6,1010123456019,74,,1,2,5,1,1,,14.3923,181,0,0.158432,51,0,10,,0,0,0,0,0,0,0,0,0,,153,153,,0,0,0,0
1612824967271,6,1010123456019,74,,1,2,5,1,1,,13.1803,122,114,0.098944,36,0,8,,0.1,16,0,0,4,100,0,0.446777,0,,111,111,,0,0,0,10
1612824967521,6,1010123456019,74,,1,2,5,1,1,,8.10135,296,315,0.145024,86,0,6.66667,,4.04651,43,0,0.1,13,76.9231,0,8.86083,31,,252,252,,0,0,0,7.7907
1612824967771,6,1010123456019,74,,1,2,5,1,1,,13.4826,172,0,0.13744,46,0,8.33333,,0,0,0,0,0,0,0,0,0,,147,147,,0,0,0,0
1612824968021,6,1010123456019,74,,1,2,5,1,1,,3.53358,268,1346,0.07248,79,0,5.16667,,0,0,0,0,0,0,0,0,0,,231,231,,0,0,0,0
1612824968271,6,1010123456019,74,,1,2,5,1,1,,9.03984,251,0,0.162368,74,0,6.83333,,0,11,0,0.1,4,50,0,0,31,,219,219,,0,0,0,0
1612824968521,6,1010123456019,74,,1,2,5,1,1,,11.8954,153,0,0.109568,46,0,7.4,,0,0,0,0,0,0,0,0,0,,135,135,,0,0,0,0
1612824968771,6,1010123456019,74,,1,2,5,1,1,,12.5149,134,69,0.08544,33,0,7.42857,,15,4,0,0.1,1,0,0,29.3353,31,,114,114,,0,0,0,1
1612824969021,6,1010123456019,74,,1,2,5,1,1,,9.79268,246,0,0.152643,77,0,7,,0,0,0,0,0,0,0,0,0,,216,216,,0,0,0,0
1612824969271,6,1010123456019,74,,1,2,5,1,1,,13.0406,197,0,0.159936,57,0,9.2,,15,13,0,0,4,100,0,0.157557,0,,171,171,,0,0,0,10
1612824969521,6,1010123456019,74,,1,2,5,1,1,,13.8173,104,213,0.079392,27,0,7.5,,0,0,0,0,0,0,0,0,0,,90,90,,0,0,0,0
1612824969771,6,1010123456019,74,,1,2,5,1,1,,9.28758,306,0,0.178624,90,0,6.42857,,0,0,0,0,0,0,0,0,0,,261,261,,0,0,0,0
1612824970021,6,1010123456019,74,,1,2,5,1,1,,12.7742,124,158,0.090624,34,0,8,,0,0,0,0,0,0,0,0,0,,108,108,,0,0,0,0
1612824970271,6,1010123456019,74,,1,2,5,1,1,,12.2353,102,380,0.079904,31,0,7.83333,,13.2188,64,0,0.1,21,80.9524,0,4.75076,31,,90,90,,0,0,0,8.23438
1612824970521,6,1010123456019,74,,1,2,5,1,1,,4.81333,375,0,0.124768,107,0,5.5,,0,0,0,0,0,0,0,0,0,,318,318,,0,0,0,0
1612824970771,6,1010123456019,74,,1,2,5,1,1,,8.58687,259,158,0.125856,75,0,6.85714,,0,0,0,0,0,0,0,0,0,,225,225,,0,0,0,0
1612824971021,6,1010123456019,74,,1,2,5,1,1,,15.1455,110,0,0.105184,30,0,9.16667,,0,0,0,0,0,0,0,0,0,,96,96,,0,0,0,0
1612824971271,6,1010123456019,74,,1,2,5,1,1,,11.2651,166,0,0.116032,50,0,6.83333,,0.1,12,0,0,4,100,0,0.52322,0,,147,147,,0,0,0,10
1612824971521,6,1010123456019,74,,1,2,5,1,1,,14.1696,112,0,0.091648,30,0,8.8,,0.1,10,0,0.1,3,33.3333,0,1.76413,31,,93,93,,0,0,0,5.2
1612824971771,6,1010123456019,74,,1,2,5,1,1,,12.0904,188,0,0.12784,52,0,7.42857,,0.1,4,0,0.1,1,0,0,1.50663,31,,159,159,,0,0,0,3
1612824972021,6,1010123456019,74,,1,2,5,1,1,,5.4,235,294,0.079456,67,0,3.75,,0.1,4,0,0,1,100,0,0.480861,0,,210,210,,0,0,0,10
1612824972271,6,1010123456019,74,,1,2,5,1,1,,8.19016,305,0,0.148177,91,0,8.66667,,0.1,20,0,0.1,6,50,0,5.70255,31,,261,261,,0,0,0,5.45
1612824972521,6,1010123456019,74,,1,2,5,1,1,,9.41885,191,621,0.113344,56,0,6.16667,,0,0,0,0,0,0,0,0,0,,165,165,,0,0,0,0
1612824972771,6,1010123456019,74,,1,2,5,1,1,,12.4789,142,0,0.095936,38,0,7.71429,,0,0,0,0,0,0,0,0,0,,123,123,,0,0,0,0
1612824973021,6,1010123456019,74,,1,2,5,1,1,,6.82724,301,69,0.129824,87,0,6.66667,,0,0,0,0,0,0,0,0,0,,255,255,,0,0,0,0
1612824973271,6,1010123456019,74,,1,2,5,1,1,,12.8971,136,205,0.103424,39,0,7.8,,0.1,56,0,0.1,16,81.25,0,2.43878,31,,120,120,,0,0,0,8.07143
1612824973521,6,1010123456019,74,,1,2,5,1,1,,6.1,260,0,0.110752,77,0,7,,0,0,0,0,0,0,0,0,0,,228,228,,0,0,0,0
1612824973771,6,1010123456019,74,,1,2,5,1,1,,5.15464,485,161,0.150688,136,0,5.28571,,0,0,0,0,0,0,0,0,0,,420,420,,0,0,0,0
1612824974021,6,1010123456019,74,,1,2,5,1,1,,7.37229,231,407,0.105568,67,0,7.33333,,0,0,0,0,0,0,0,0,0,,201,201,,0,0,0,0
1612824974271,6,1010123456019,74,,1,2,5,1,1,,9.42813,327,0,0.196096,96,0,7.5,,14.6374,91,0,0.1,28,85.7143,0,4.18646,31,,288,288,,0,0,0,8.81319
1612824974521,6,1010123456019,74,,1,2,5,1,1,,10.1323,189,0,0.117184,58,0,7,,0,0,0,0,0,0,0,0,0,,162,162,,0,0,0,0
1612824974771,6,1010123456019,74,,1,2,5,1,1,,13.6071,168,0,0.145344,49,0,8.42857,,0,0,0,0,0,0,0,0,0,,144,144,,0,0,0,0
1612824975021,6,1010123456019,74,,1,2,5,1,1,,13.375,192,77,0.153472,53,0,9.2,,0,0,0,0,0,0,0,0,0,,162,162,,0,0,0,0
1612824975271,6,1010123456019,74,,1,2,5,1,1,,12.2446,139,0,0.101024,40,0,7.8,,6.64286,56,0,0.1,18,77.7778,0,5.79385,31,,117,117,,0,0,0,7.89286
1612824975521,6,1010123456019,74,,1,2,5,1,1,,8.08209,134,745,0.065056,31,0,6.5,,0,0,0,0,0,0,0,0,0,,117,117,,0,0,0,0
1612824975771,6,1010123456019,74,,1,2,5,1,1,,12.2937,160,0,0.12768,53,0,8.28572,,0,0,0,0,0,0,0,0,0,,135,135,,0,0,0,0
1612824976021,6,1010123456019,74,,1,2,5,1,1,,13.896,125,0,0.1056,36,0,8.5,,0,0,0,0,0,0,0,0,0,,108,108,,0,0,0,0
1612824976271,6,1010123456019,74,,1,2,5,1,1,,9.51984,252,0,0.135488,71,0,7,,7.60465,43,0,0.1,13,76.9231,0,9.62802,31,,219,219,,0,0,0,7.90698
1612824976521,6,1010123456019,74,,1,2,5,1,1,,6.26809,235,0,0.084832,69,0,6.83333,,0,0,0,0,0,0,0,0,0,,201,201,,0,0,0,0
1612824976771,6,1010123456019,74,,1,2,5,1,1,,8.68212,151,0,0.076992,43,0,6.33333,,0,0,0,0,0,0,0,0,0,,129,129,,0,0,0,0
1612824977021,6,1010123456019,74,,1,2,5,1,1,,12.725,160,99,0.116864,44,0,7.6,,0,0,0,0,0,0,0,0,0,,135,135,,0,0,0,0
1612824977271,6,1010123456019,74,,1,2,5,1,1,,10.9667,180,0,0.113632,53,0,7.5,,15,14,0,0,4,100,0,1.37767,0,,156,156,,0,0,0,10
1612824977521,6,1010123456019,74,,1,2,5,1,1,,8.1401,207,0,0.11376,60,0,7.2,,0,0,0,0,0,0,0,0,0,,186,186,,0,0,0,0
1612824977771,6,1010123456019,74,,1,2,5,1,1,,7.45815,227,81,0.12448,60,0,8.71429,,0,11,0,0,4,100,0,0,0,,198,198,,0,0,0,0
1612824978021,6,1010123456019,74,,1,2,5,1,1,,15.2288,118,0,0.120928,41,0,8.33333,,0,0,0,0,0,0,0,0,0,,99,99,,0,0,0,0
1612824978271,6,1010123456019,74,,1,2,5,1,1,,12.8841,138,226,0.106464,40,0,8.66667,,0,12,0,0,4,100,0,0,0,,123,123,,0,0,0,0
1612824978521,6,1010123456019,74,,1,2,5,1,1,,13.1419,148,0,0.116608,42,0,8,,0,9,0,0,3,100,0,0,0,,123,123,,0,0,0,0
1612824978771,6,1010123456019,74,,1,2,5,1,1,,13.2671,161,0,0.132704,44,0,7.83333,,0,3,0,0,1,100,0,0,0,,144,144,,0,0,0,0
1612824979021,6,1010123456019,74,,1,2,5,1,1,,12.2887,142,0,0.11216,41,0,8.5,,0,0,0,0,0,0,0,0,0,,120,120,,0,0,0,0
1612824979271,6,1010123456019,74,,1,2,5,1,1,,11.689,164,0,0.109376,47,0,8.83333,,0.1,29,0,0.1,9,55.5556,0,5.59093,31,,141,141,,0,0,0,5.17241
1612824979521,6,1010123456019,74,,1,2,5,1,1,,13.4688,128,0,0.100544,35,0,8,,0,0,0,0,0,0,0,0,0,,105,105,,0,0,0,0
1612824979771,6,1010123456019,74,,1,2,5,1,1,,8.70136,221,287,0.120608,65,0,6.16667,,0,0,0,0,0,0,0,0,0,,195,195,,0,0,0,0
1612824980021,6,1010123456019,74,,1,2,5,1,1,,12.4749,219,226,0.160384,62,0,8,,0,0,0,0,0,0,0,0,0,,189,189,,0,0,0,0
1612824980271,6,1010123456019,74,,1,2,5,1,1,,13.193,114,158,0.09984,37,0,9.33333,,0.1,22,0,0.1,6,66.6667,0,4.43982,31,,102,102,,0,0,0,7.81818
1612824980521,6,1010123456019,74,,1,2,5,1,1,,9.09328,268,0,0.151168,77,0,7.16667,,0.1,19,0,0.1,5,80,0,0.175693,31,,231,231,,0,0,0,10
1612824980771,6,1010123456019,74,,1,2,5,1,1,,6.41281,281,330,0.100064,76,0,6.42857,,0,0,0,0,0,0,0,0,0,,243,243,,0,0,0,0
1612824981021,6,1010123456019,74,,1,2,5,1,1,,13.5833,120,69,0.106624,38,0,7.5,,0,0,0,0,0,0,0,0,0,,102,102,,0,0,0,0
1612824981271,6,1010123456019,74,,1,2,5,1,1,,11.5319,188,0,0.128288,55,0,7.66667,,0.1,39,0,0.1,11,72.7273,0,4.14295,31,,162,162,,0,0,0,8.23077
1612824981521,6,1010123456019,74,,1,2,5,1,1,,13.0769,156,0,0.12192,44,0,8.5,,0,0,0,0,0,0,0,0,0,,132,132,,0,0,0,0
1612824981771,6,1010123456019,74,,1,2,5,1,1,,10.0533,244,0,0.134848,67,0,8,,0,0,0,0,0,0,0,0,0,,207,207,,0,0,0,0
1612824982021,6,1010123456019,74,,1,2,5,1,1,,11.2946,112,241,0.080032,33,0,7.66667,,0,0,0,0,0,0,0,0,0,,99,99,,0,0,0,0
1612824982271,6,1010123456019,74,,1,2,5,1,1,,7.33136,338,213,0.143648,98,0,6.33333,,9.85714,7,0,0.1,2,0,0,26.5077,31,,300,300,,0,0,0,1
1612824982521,6,1010123456019,74,,1,2,5,1,1,,12.8073,109,158,0.090464,34,0,8.8,,0,0,0,0,0,0,0,0,0,,93,93,,0,0,0,0
1612824982771,6,1010123456019,74,,1,2,5,1,1,,13.7124,153,0,0.124768,42,0,9.42857,,0,0,0,0,0,0,0,0,0,,129,129,,0,0,0,0
1612824983021,6,1010123456019,74,,1,2,5,1,1,,13.7226,137,447,0.118912,40,0,7.33333,,0,0,0,0,0,0,0,0,0,,120,120,,0,0,0,0
1612824983271,6,1010123456019,74,,1,2,5,1,1,,10.5989,177,0,0.112416,50,0,8.66667,,13.2857,7,0,0.1,2,0,0,32.4005,31,,150,150,,0,0,0,1
1612824983521,6,1010123456019,74,,1,2,5,1,1,,5.14879,289,932,0.115456,78,0,7.4,,0,0,0,0,0,0,0,0,0,,255,255,,0,0,0,0
1612824983771,6,1010123456019,74,,1,2,5,1,1,,5.45378,357,158,0.12208,108,0,7.66667,,0,0,0,0,0,0,0,0,0,,306,306,,0,0,0,0
1612824984021,6,1010123456019,74,,1,2,5,1,1,,13.1983,116,0,0.073472,28,0,8,,0,0,0,0,0,0,0,0,0,,99,99,,0,0,0,0
1612824984271,6,1010123456019,74,,1,2,5,1,1,,7.15947,301,0,0.167776,92,0,5.8,,14.1333,15,0,0.1,4,25,0,25.2992,31,,261,261,,0,0,0,3.4
1612824984521,6,1010123456019,74,,1,2,5,1,1,,11.298,151,0,0.102144,44,0,7.5,,0,0,0,0,0,0,0,0,0,,126,126,,0,0,0,0
1612824984771,6,1010123456019,74,,1,2,5,1,1,,5.5124,242,0,0.084288,67,0,6.83333,,0,0,0,0,0,0,0,0,0,,207,207,,0,0,0,0
1612824985021,6,1010123456019,74,,1,2,5,1,1,,10.8342,193,0,0.126976,55,0,7,,0,0,0,0,0,0,0,0,0,,165,165,,0,0,0,0
1612824985271,6,1010123456019,74,,1,2,5,1,1,,5.55932,236,158,0.09152,71,0,8,,7.84615,39,0,0.1,12,83.3333,0,9.33978,31,,207,207,,0,0,0,8.15385
1612824985521,6,1010123456019,74,,1,2,5,1,1,,11.5297,185,0,0.110368,49,0,7.33333,,0,0,0,0,0,0,0,0,0,,156,156,,0,0,0,0
1612824985771,6,1010123456019,74,,1,2,5,1,1,,11.9327,223,0,0.1528,63,0,7.42857,,0,0,0,0,0,0,0,0,0,,189,189,,0,0,0,0
1612824986021,6,1010123456019,74,,1,2,5,1,1,,8.90662,257,69,0.125568,73,0,6.66667,,0,0,0,0,0,0,0,0,0,,219,219,,0,0,0,0
1612824986271,6,1010123456019,74,,1,2,5,1,1,,13.7376,141,158,0.126784,44,0,8.66667,,6,36,0,0.1,10,80,0,4.30425,31,,123,123,,0,0,0,8.25
1612824986521,6,1010123456019,74,,1,2,5,1,1,,12.8,135,0,0.101184,38,0,7.16667,,0,0,0,0,0,0,0,0,0,,114,114,,0,0,0,0
1612824986771,6,1010123456019,74,,1,2,5,1,1,,6.56884,276,294,0.103744,78,0,6,,0,0,0,0,0,0,0,0,0,,237,237,,0,0,0,0
1612824987021,6,1010123456019,74,,1,2,5,1,1,,13.0575,226,0,0.162656,59,0,8.16667,,0,0,0,0,0,0,0,0,0,,195,195,,0,0,0,0
1612824987271,6,1010123456019,74,,1,2,5,1,1,,12.8188,149,158,0.132352,49,0,8.16667,,0.1,16,0,0,4,100,0,0.261917,0,,126,126,,0,0,0,10
1612824987521,6,1010123456019,74,,1,2,5,1,1,,13.0769,182,158,0.14944,54,0,8.83333,,0.1,13,0,0,4,100,0,0.1,0,,162,162,,0,0,0,10
1612824987771,6,1010123456019,74,,1,2,5,1,1,,12.8404,213,0,0.164224,61,0,7.71429,,0,0,0,0,0,0,0,0,0,,183,183,,0,0,0,0
1612824988021,6,1010123456019,74,,1,2,5,1,1,,10.8959,221,158,0.135296,63,0,7,,0,0,0,0,0,0,0,0,0,,189,189,,0,0,0,0
1612824988271,6,1010123456019,74,,1,2,5,1,1,,13,181,0,0.135424,50,0,8,,4.61972,71,0,0.1,21,80.9524,0,2.28724,31,,153,153,,0,0,0,8.70423
1612824988521,6,1010123456019,74,,1,2,5,1,1,,8.95221,272,256,0.138112,78,0,7.16667,,0,0,0,0,0,0,0,0,0,,234,234,,0,0,0,0
1612824988771,6,1010123456019,74,,1,2,5,1,1,,9.43698,238,0,0.129056,68,0,7.14286,,0,0,0,0,0,0,0,0,0,,204,204,,0,0,0,0
1612824989021,6,1010123456019,74,,1,2,5,1,1,,5.00254,393,0,0.120864,113,0,5.6,,0,0,0,0,0,0,0,0,0,,336,336,,0,0,0,0
1612824989271,6,1010123456019,74,,1,2,5,1,1,,11.6811,185,158,0.11808,51,0,7.6,,5.34091,44,0,0.1,13,76.9231,0,8.9613,31,,159,159,,0,0,0,8.22727
1612824989521,6,1010123456019,74,,1,2,5,1,1,,10.5962,260,154,0.155072,73,0,8.16667,,0,0,0,0,0,0,0,0,0,,228,228,,0,0,0,0
1612824989771,6,1010123456019,74,,1,2,5,1,1,,12.2526,190,0,0.139776,57,0,7.66667,,0,0,0,0,0,0,0,0,0,,162,162,,0,0,0,0
1612824990021,6,1010123456019,74,,1,2,5,1,1,,13.1447,152,607,0.117056,43,0,8,,0,0,0,0,0,0,0,0,0,,129,129,,0,0,0,0
1612824990271,6,1010123456019,74,,1,2,5,1,1,,12.4087,208,0,0.159616,62,0,8.16667,,0,11,0,0,4,100,0,0,0,,186,186,,0,0,0,0
1612824990521,6,1010123456019,74,,1,2,5,1,1,,12.125,160,205,0.112192,46,0,7.33333,,0,0,0,0,0,0,0,0,0,,141,141,,0,0,0,0
1612824990771,6,1010123456019,74,,1,2,5,1,1,,3.09426,488,1455,0.097504,134,0,4.25,,0,0,0,0,0,0,0,0,0,,417,417,,0,0,0,0
1612824991021,6,1010123456019,74,,1,2,5,1,1,,10.4242,297,0,0.173024,89,0,7.16667,,0,0,0,0,0,0,0,0,0,,255,255,,0,0,0,0
1612824991271,6,1010123456019,74,,1,2,5,1,1,,12.3821,123,47,0.096,36,0,7.5,,3.57692,26,0,0.1,8,50,0,6.99736,31,,105,105,,0,0,0,7.38462
1612824991521,6,1010123456019,74,,1,2,5,1,1,,11.3333,237,0,0.157792,70,0,8,,0,0,0,0,0,0,0,0,0,,204,204,,0,0,0,0
1612824991771,6,1010123456019,74,,1,2,5,1,1,,12.0492,122,607,0.088608,36,0,8.71429,,0,0,0,0,0,0,0,0,0,,105,105,,0,0,0,0
1612824992021,6,1010123456019,74,,1,2,5,1,1,,12.9421,190,1132,0.1576,54,0,6.33333,,0,0,0,0,0,0,0,0,0,,162,162,,0,0,0,0
1612824992271,6,1010123456019,74,,1,2,5,1,1,,4.85992,514,0,0.164096,149,0,5.33333,,8.38636,44,0,0.1,13,76.9231,0,10.9898,31,,450,450,,0,0,0,7.75
1612824992521,6,1010123456019,74,,1,2,5,1,1,,10.4394,198,0,0.120416,57,0,7.5,,0,0,0,0,0,0,0,0,0,,174,174,,0,0,0,0
1612824992771,6,1010123456019,74,,1,2,5,1,1,,12.8295,176,153,0.138272,52,0,7,,0,0,0,0,0,0,0,0,0,,153,153,,0,0,0,0
1612824993021,6,1010123456019,74,,1,2,5,1,1,,4.85841,452,0,0.137888,130,0,6,,0,0,0,0,0,0,0,0,0,,387,387,,0,0,0,0
1612824993271,6,1010123456019,74,,1,2,5,1,1,,2.27918,437,977,0.06864,118,0,2.75,,0,12,0,0,4,100,0,0,0,,381,381,,0,0,0,0
1612824993521,6,1010123456019,74,,1,2,5,1,1,,9.69863,365,167,0.21264,110,0,7,,0,0,0,0,0,0,0,0,0,,318,318,,0,0,0,0
1612824993771,6,1010123456019,74,,1,2,5,1,1,,9.03861,259,0,0.136448,79,0,6.85714,,0,0,0,0,0,0,0,0,0,,225,225,,0,0,0,0
1612824994021,6,1010123456019,74,,1,2,5,1,1,,6.68579,366,584,0.14496,98,0,5.5,,0,0,0,0,0,0,0,0,0,,315,315,,0,0,0,0
1612824994271,6,1010123456019,74,,1,2,5,1,1,,9.11413,184,332,0.108416,58,0,7.5,,0.1,16,0,0,4,100,0,0.548867,0,,165,165,,0,0,0,10
1612824994521,6,1010123456019,74,,1,2,5,1,1,,9.8239,159,0,0.09344,48,0,6,,0,12,0,0,4,100,0,0,0,,138,138,,0,0,0,0
1612824994771,6,1010123456019,74,,1,2,5,1,1,,12.6605,162,0,0.125152,47,0,7.85714,,0,0,0,0,0,0,0,0,0,,138,138,,0,0,0,0
1612824995021,6,1010123456019,74,,1,2,5,1,1,,13.5291,189,0,0.153888,54,0,8.66667,,0,0,0,0,0,0,0,0,0,,162,162,,0,0,0,0
1612824995271,6,1010123456019,74,,1,2,5,1,1,,12.3524,105,10,0.068864,25,0,8,,10.381,21,0,0.1,6,66.6667,0,12.2181,31,,87,87,,0,0,0,7
1612824995521,6,1010123456019,74,,1,2,5,1,1,,2.59569,371,1489,0.075808,103,0,4.8,,0,12,0,0,4,100,0,0,0,,321,321,,0,0,0,0
1612824995771,6,1010123456019,74,,1,2,5,1,1,,2.37695,512,1554,0.117472,149,0,5.4,,0,0,0,0,0,0,0,0,0,,441,441,,0,0,0,0
1612824996021,6,1010123456019,74,,1,2,5,1,1,,11.7577,260,6,0.155936,74,0,7.66667,,0,0,0,0,0,0,0,0,0,,222,222,,0,0,0,0
1612824996271,6,1010123456019,74,,1,2,5,1,1,,12.5818,165,196,0.13984,52,0,7.83333,,0.1,16,0,0,4,100,0,0.665122,0,,144,144,,0,0,0,10
1612824996521,6,1010123456019,74,,1,2,5,1,1,,5.74026,231,69,0.089952,68,0,6.66667,,0.1,7,0,0.1,2,0,0,14.6876,31,,201,201,,0,0,0,2.14286
1612824996771,6,1010123456019,74,,1,2,5,1,1,,10.854,137,158,0.086304,39,0,7.28571,,0,0,0,0,0,0,0,0,0,,114,114,,0,0,0,0
1612824997021,6,1010123456019,74,,1,2,5,1,1,,12.7744,195,0,0.145376,53,0,8.5,,0,0,0,0,0,0,0,0,0,,165,165,,0,0,0,0
1612824997271,6,1010123456019,74,,1,2,5,1,1,,9.56209,153,146,0.095296,44,0,6.83333,,15,11,0,0,4,100,0,7.87628,0,,138,138,,0,0,0,10
1612824997521,6,1010123456019,74,,1,2,5,1,1,,9.76894,264,234,0.15392,79,0,7.83333,,0,0,0,0,0,0,0,0,0,,231,231,,0,0,0,0
1612824997771,6,1010123456019,74,,1,2,5,1,1,,8.40816,196,491,0.101376,52,0,6.28571,,0,0,0,0,0,0,0,0,0,,168,168,,0,0,0,0
1612824998021,6,1010123456019,74,,1,2,5,1,1,,14.44,175,158,0.16832,56,0,9.16667,,0,0,0,0,0,0,0,0,0,,150,150,,0,0,0,0
1612824998271,6,1010123456019,74,,1,2,5,1,1,,7.71901,363,0,0.154976,105,0,5.83333,,6.77143,35,0,0.1,10,80,0,3.08404,31,,315,315,,0,0,0,8.2
1612824998521,6,1010123456019,74,,1,2,5,1,1,,4.84752,282,1101,0.091456,80,0,7,,0,0,0,0,0,0,0,0,0,,243,243,,0,0,0,0
1612824998771,6,1010123456019,74,,1,2,5,1,1,,6.93448,290,1289,0.117856,76,0,5.42857,,0,0,0,0,0,0,0,0,0,,249,249,,0,0,0,0
1612824999021,6,1010123456019,74,,1,2,5,1,1,,10.2338,325,226,0.191392,99,0,7.16667,,0,0,0,0,0,0,0,0,0,,279,279,,0,0,0,0
1612824999271,6,1010123456019,74,,1,2,5,1,1,,12.0581,155,0,0.117856,44,0,7.5,,0.1,26,0,0.1,8,50,0,4.18681,31,,132,132,,0,0,0,6.30769
1612824999521,6,1010123456019,74,,1,2,5,1,1,,5.09568,324,0,0.108256,95,0,5.83333,,0,0,0,0,0,0,0,0,0,,279,279,,0,0,0,0
1612824999771,6,1010123456019,74,,1,2,5,1,1,,12.7955,132,382,0.101216,38,0,8,,0,0,0,0,0,0,0,0,0,,117,117,,0,0,0,0
1612825000021,6,1010123456019,74,,1,2,5,1,1,,14.1667,138,0,0.121632,39,0,9.66667,,0,0,0,0,0,0,0,0,0,,114,114,,0,0,0,0
1612825000271,6,1010123456019,74,,1,2,5,1,1,,13.6667,105,0,0.094944,31,0,8,,13.2857,7,0,0.1,2,0,0,31.8281,31,,93,93,,0,0,0,1
1612825000521,6,1010123456019,74,,1,2,5,1,1,,9.32847,274,69,0.14608,77,0,6.5,,0,0,0,0,0,0,0,0,0,,234,234,,0,0,0,0
1612825000771,6,1010123456019,74,,1,2,5,1,1,,12.8896,154,158,0.1088,40,0,7.85714,,0,0,0,0,0,0,0,0,0,,135,135,,0,0,0,0
1612825001021,6,1010123456019,74,,1,2,5,1,1,,12.7419,155,69,0.12784,48,0,8,,0,0,0,0,0,0,0,0,0,,135,135,,0,0,0,0
1612825001271,6,1010123456019,74,,1,2,5,1,1,,13.2727,165,69,0.132128,48,0,7.5,,0,12,0,0,4,100,0,0,0,,144,144,,0,0,0,0
1612825001521,6,1010123456019,74,,1,2,5,1,1,,13.0261,153,177,0.119648,43,0,8.66667,,0,0,0,0,0,0,0,0,0,,129,129,,0,0,0,0
1612825001771,6,1010123456019,74,,1,2,5,1,1,,11.7614,176,0,0.122784,52,0,7.66667,,0,0,0,0,0,0,0,0,0,,150,150,,0,0,0,0
1612825002021,6,1010123456019,74,,1,2,5,1,1,,11.9133,150,0,0.0912,37,0,7.33333,,0,0,0,0,0,0,0,0,0,,129,129,,0,0,0,0
1612825002271,6,1010123456019,74,,1,2,5,1,1,,11.4591,220,0,0.163648,66,0,7.83333,,1.66667,54,0,0.1,16,87.5,0,4.03324,31,,189,189,,0,0,0,9.05556
1612825002521,6,1010123456019,74,,1,2,5,1,1,,13.2105,133,0,0.112544,38,0,9.33333,,0,0,0,0,0,0,0,0,0,,114,114,,0,0,0,0
1612825002771,6,1010123456019,74,,1,2,5,1,1,,7.45417,240,0,0.109888,70,0,6.83333,,0,0,0,0,0,0,0,0,0,,204,204,,0,0,0,0
1612825003021,6,1010123456019,74,,1,2,5,1,1,,10.7232,112,0,0.072704,32,0,7.83333,,0,0,0,0,0,0,0,0,0,,96,96,,0,0,0,0
1612825003271,6,1010123456019,74,,1,2,5,1,1,,10.6241,141,158,0.093728,41,0,8.16667,,15,16,0,0,4,100,0,0.1,0,,120,120,,0,0,0,10
1612825003521,6,1010123456019,74,,1,2,5,1,1,,8.99065,214,158,0.11344,61,0,5.33333,,0,0,0,0,0,0,0,0,0,,183,183,,0,0,0,0
1612825003771,6,1010123456019,74,,1,2,5,1,1,,10.5417,192,0,0.118208,55,0,8.5,,0,0,0,0,0,0,0,0,0,,165,165,,0,0,0,0
1612825004021,6,1010123456019,74,,1,2,5,1,1,,10.8942,274,250,0.17216,75,0,6.66667,,0,0,0,0,0,0,0,0,0,,240,240,,0,0,0,0
1612825004271,6,1010123456019,74,,1,2,5,1,1,,12.3973,224,0,0.180608,69,0,9,,0.1,76,0,0.1,22,63.6364,0,3.09111,31,,198,198,,0,0,0,7.63158
1612825004521,6,1010123456019,74,,1,2,5,1,1,,10.8467,137,137,0.085472,39,0,7.5,,0,0,0,0,0,0,0,0,0,,117,117,,0,0,0,0
1612825004771,6,1010123456019,74,,1,2,5,1,1,,7.82222,270,392,0.128128,77,0,6.28571,,0,0,0,0,0,0,0,0,0,,234,234,,0,0,0,0
1612825005021,6,1010123456019,74,,1,2,5,1,1,,13.6294,170,0,0.146368,51,0,9.16667,,0,0,0,0,0,0,0,0,0,,144,144,,0,0,0,0
1612825005271,6,1010123456019,74,,1,2,5,1,1,,12.8761,113,213,0.093792,34,0,8.5,,0,12,0,0,4,100,0,0,0,,102,102,,0,0,0,0
1612825005521,6,1010123456019,74,,1,2,5,1,1,,12.8985,197,0,0.155104,58,0,7.33333,,6,44,0,0.1,13,76.9231,0,12.5824,31,,174,174,,0,0,0,7.54545
1612825005771,6,1010123456019,74,,1,2,5,1,1,,14.8828,145,0,0.142016,43,0,9.14286,,6.23077,104,0,0.1,30,83.3333,0,9.11727,31,,129,129,,0,0,0,8.52885
1612825006021,6,1010123456019,74,,1,2,5,1,1,,12.3742,163,0,0.118201,47,0,8,,6.66055,109,0,0.1,30,83.3333,0,8.27913,31,,141,141,,0,0,0,8.76147
1612825006271,6,1010123456019,74,,1,2,5,1,1,,7.76071,280,0,0.118912,81,0,6.83333,,10.713,115,0,0.1,35,80,0,3.08479,31,,246,246,,0,0,0,8.65217
1612825006521,6,1010123456019,74,,1,2,5,1,1,,5.86452,155,462,0.062368,39,0,6.83333,,0,0,0,0,0,0,0,0,0,,138,138,,0,0,0,0
1612825006771,6,1010123456019,74,,1,2,5,1,1,,7.84916,358,0,0.156128,108,0,6.71429,,0,0,0,0,0,0,0,0,0,,306,306,,0,0,0,0
1612825007021,6,1010123456019,74,,1,2,5,1,1,,12.9875,160,0,0.127424,48,0,7.66667,,0,0,0,0,0,0,0,0,0,,138,138,,0,0,0,0
1612825007271,6,1010123456019,74,,1,2,5,1,1,,7.10753,279,0,0.12192,83,0,6.16667,,0.1,14,0,0,4,100,0,1.00112,0,,249,249,,0,0,0,10
1612825007521,6,1010123456019,74,,1,2,5,1,1,,7.50151,331,0,0.127648,91,0,6,,0.1,7,0,0.1,2,0,0,15.0274,31,,285,285,,0,0,0,3.85714
1612825007771,6,1010123456019,74,,1,2,5,1,1,,13.432,125,67,0.101344,35,0,8.28571,,0,0,0,0,0,0,0,0,0,,108,108,,0,0,0,0
1612825008021,6,1010123456019,74,,1,2,5,1,1,,12.8243,148,0,0.117472,44,0,8,,0,0,0,0,0,0,0,0,0,,123,123,,0,0,0,0
1612825008271,6,1010123456019,74,,1,2,5,1,1,,12.4495,198,0,0.147456,58,0,7.66667,,11.619,42,0,0.1,13,69.2308,0,8.23862,31,,171,171,,0,0,0,7.42857
1612825008521,6,1010123456019,74,,1,2,5,1,1,,5.87042,355,575,0.126464,98,0,5.33333,,0,0,0,0,0,0,0,0,0,,309,309,,0,0,0,0
1612825008771,6,1010123456019,74,,1,2,5,1,1,,8.16993,306,0,0.157088,93,0,6.71429,,0,0,0,0,0,0,0,0,0,,261,261,,0,0,0,0
1612825009021,6,1010123456019,74,,1,2,5,1,1,,13.1458,144,0,0.10896,39,0,8,,0,0,0,0,0,0,0,0,0,,126,126,,0,0,0,0
1612825009271,6,1010123456019,74,,1,2,5,1,1,,9.96847,222,0,0.157504,68,0,7.4,,0.1,30,0,0.1,10,80,0,3.90368,31,,195,195,,0,0,0,8.03333
1612825009521,6,1010123456019,74,,1,2,5,1,1,,5.4362,337,10,0.103424,93,0,5,,0,0,0,0,0,0,0,0,0,,291,291,,0,0,0,0
1612825009771,6,1010123456019,74,,1,2,5,1,1,,5.42085,259,315,0.090912,77,0,6.85714,,0,0,0,0,0,0,0,0,0,,219,219,,0,0,0,0
1612825010021,6,1010123456019,74,,1,2,5,1,1,,10.7463,201,471,0.123552,58,0,8.5,,0,0,0,0,0,0,0,0,0,,177,177,,0,0,0,0
1612825010271,6,1010123456019,74,,1,2,5,1,1,,13.3791,153,315,0.132544,45,0,8,,0.1,32,0,0.1,9,66.6667,0,0.97416,31,,135,135,,0,0,0,7.375
1612825010521,6,1010123456019,74,,1,2,5,1,1,,13.8062,160,0,0.142784,46,0,8.66667,,0,0,0,0,0,0,0,0,0,,138,138,,0,0,0,0
1612825010771,6,1010123456019,74,,1,2,5,1,1,,11.3772,114,158,0.075616,33,0,7.57143,,0,0,0,0,0,0,0,0,0,,99,99,,0,0,0,0
1612825011021,6,1010123456019,74,,1,2,5,1,1,,12.3889,162,0,0.117568,47,0,7.66667,,0,0,0,0,0,0,0,0,0,,141,141,,0,0,0,0
1612825011271,6,1010123456019,74,,1,2,5,1,1,,13.4255,141,794,0.110144,39,0,9,,0.1,22,0,0.1,6,66.6667,0,4.09126,31,,123,123,,0,0,0,7.68182
1612825011521,6,1010123456019,74,,1,2,5,1,1,,12.6548,197,762,0.1552,57,0,6.83333,,0,0,0,0,0,0,0,0,0,,168,168,,0,0,0,0
1612825011771,6,1010123456019,74,,1,2,5,1,1,,15.3252,123,158,0.125952,36,0,8.85714,,0,0,0,0,0,0,0,0,0,,105,105,,0,0,0,0
1612825012021,6,1010123456019,74,,1,2,5,1,1,,7.28428,299,0,0.131904,84,0,6.33333,,0,0,0,0,0,0,0,0,0,,258,258,,0,0,0,0
1612825012271,6,1010123456019,74,,1,2,5,1,1,,7.17222,180,0,0.077728,53,0,7.16667,,15,14,0,0,4,100,0,1.75615,0,,153,153,,0,0,0,10
1612825012521,6,1010123456019,74,,1,2,5,1,1,,7.85714,266,80,0.105856,70,0,6.66667,,0,0,0,0,0,0,0,0,0,,228,228,,0,0,0,0
1612825012771,6,1010123456019,74,,1,2,5,1,1,,11.8367,196,539,0.149504,61,0,7.71429,,0,3,0,0.1,1,0,0,0,31,,168,168,,0,0,0,0
1612825013021,6,1010123456019,74,,1,2,5,1,1,,13.6175,183,158,0.158592,54,0,8.5,,0,0,0,0,0,0,0,0,0,,159,159,,0,0,0,0
1612825013271,6,1010123456019,74,,1,2,5,1,1,,12.1337,172,0,0.112384,46,0,7.33333,,0,12,0,0,4,100,0,0,0,,150,150,,0,0,0,0
1612825013521,6,1010123456019,74,,1,2,5,1,1,,13.6705,173,158,0.149024,51,0,9,,0.1,16,0,0.1,5,60,0,1.05903,31,,147,147,,0,0,0,6.75
1612825013771,6,1010123456019,74,,1,2,5,1,1,,12.0248,202,0,0.132128,54,0,7.42857,,0,0,0,0,0,0,0,0,0,,171,171,,0,0,0,0
1612825014021,6,1010123456019,74,,1,2,5,1,1,,12.365,137,0,0.113472,45,0,8.16667,,0,0,0,0,0,0,0,0,0,,120,120,,0,0,0,0
1612825014271,6,1010123456019,74,,1,2,5,1,1,,11.5108,186,0,0.123136,53,0,7.5,,0.1,35,0,0.1,10,60,0,0.474297,31,,159,159,,0,0,0,7.94286
1612825014521,6,1010123456019,74,,1,2,5,1,1,,12.8942,104,0,0.078496,29,0,8.16667,,0,0,0,0,0,0,0,0,0,,90,90,,0,0,0,0
1612825014771,6,1010123456019,74,,1,2,5,1,1,,12.8855,131,315,0.09248,35,0,8,,0,0,0,0,0,0,0,0,0,,108,108,,0,0,0,0
1612825015021,6,1010123456019,74,,1,2,5,1,1,,12.3519,108,99,0.0848,32,0,8,,0,0,0,0,0,0,0,0,0,,93,93,,0,0,0,0
1612825015271,6,1010123456019,74,,1,2,5,1,1,,8.58651,341,0,0.17168,96,0,6.83333,,0.1,30,0,0,8,100,0,0.182588,0,,288,288,,0,0,0,10
1612825015521,6,1010123456019,74,,1,2,5,1,1,,6.24272,206,0,0.08608,60,0,6.83333,,0,0,0,0,0,0,0,0,0,,177,177,,0,0,0,0
1612825015771,6,1010123456019,74,,1,2,5,1,1,,10.8994,159,226,0.10688,45,0,6.14286,,0,0,0,0,0,0,0,0,0,,138,138,,0,0,0,0
1612825016021,6,1010123456019,74,,1,2,5,1,1,,8.28782,271,0,0.13552,75,0,7,,0,0,0,0,0,0,0,0,0,,231,231,,0,0,0,0
1612825016271,6,1010123456019,74,,1,2,5,1,1,,9.17582,182,107,0.10736,48,0,7.5,,2.94949,99,0,0.1,29,82.7586,0,4.33342,31,,159,159,,0,0,0,8.61616
1612825016521,6,1010123456019,74,,1,2,5,1,1,,8.66957,230,0,0.115232,71,0,7.4,,0,0,0,0,0,0,0,0,0,,195,195,,0,0,0,0
1612825016771,6,1010123456019,74,,1,2,5,1,1,,6.23881,201,69,0.083072,58,0,7.85714,,0,0,0,0,0,0,0,0,0,,174,174,,0,0,0,0
1612825017021,6,1010123456019,74,,1,2,5,1,1,,12.0584,137,315,0.095712,35,0,7.5,,0,0,0,0,0,0,0,0,0,,114,114,,0,0,0,0
1612825017271,6,1010123456019,74,,1,2,5,1,1,,10.4722,180,0,0.109312,55,0,7.66667,,4.82,50,0,0.1,14,85.7143,0,4.47864,31,,156,156,,0,0,0,8.98
1612825017521,6,1010123456019,74,,1,2,5,1,1,,13.1124,178,0,0.140768,52,0,8,,0,0,0,0,0,0,0,0,0,,153,153,,0,0,0,0
1612825017771,6,1010123456019,74,,1,2,5,1,1,,7.72277,303,158,0.139136,86,0,6.42857,,0,0,0,0,0,0,0,0,0,,261,261,,0,0,0,0
1612825018021,6,1010123456019,74,,1,2,5,1,1,,8.40678,236,184,0.109856,65,0,6.5,,0,0,0,0,0,0,0,0,0,,207,207,,0,0,0,0
1612825018271,6,1010123456019,74,,1,2,5,1,1,,13.3936,188,0,0.161824,57,0,9,,4.16,50,0,0.1,14,64.2857,0,2.51686,31,,162,162,,0,0,0,7.68
1612825018521,6,1010123456019,74,,1,2,5,1,1,,4.29195,435,1001,0.125664,119,0,5.5,,0,0,0,0,0,0,0,0,0,,372,372,,0,0,0,0
1612825018771,6,1010123456019,74,,1,2,5,1,1,,11.8374,203,205,0.13728,63,0,8.14286,,0,0,0,0,0,0,0,0,0,,174,174,,0,0,0,0
1612825019021,6,1010123456019,74,,1,2,5,1,1,,13.8679,106,0,0.09568,33,0,8,,0,0,0,0,0,0,0,0,0,,90,90,,0,0,0,0
1612825019271,6,1010123456019,74,,1,2,5,1,1,,7.59326,386,181,0.169376,105,0,5.5,,3.10448,67,0,0.1,21,80.9524,0,2.16877,31,,339,339,,0,0,0,8.68657
1612825019521,6,1010123456019,74,,1,2,5,1,1,,11.7544,171,0,0.12736,56,0,8.16667,,0,0,0,0,0,0,0,0,0,,153,153,,0,0,0,0
1612825019771,6,1010123456019,74,,1,2,5,1,1,,12.9661,118,69,0.09264,35,0,8.57143,,0,0,0,0,0,0,0,0,0,,99,99,,0,0,0,0
1612825020021,6,1010123456019,74,,1,2,5,1,1,,14.7934,121,0,0.120544,36,0,9,,0,0,0,0,0,0,0,0,0,,105,105,,0,0,0,0
1612825020271,6,1010123456019,74,,1,2,5,1,1,,12.9159,107,0,0.079936,30,0,8,,0.1,16,0,0,4,100,0,0.711439,0,,90,90,,0,0,0,10
1612825020521,6,1010123456019,74,,1,2,5,1,1,,9.79235,183,674,0.095392,50,0,7.2,,0.1,10,0,0.1,3,66.6667,0,0.382461,31,,159,159,,0,0,0,8.8
1612825020771,6,1010123456019,74,,1,2,5,1,1,,10.9397,199,0,0.123296,53,0,7.28571,,4.96,100,0,0.1,30,83.3333,0,8.95613,31,,165,165,,0,0,0,8.24
1612825021021,6,1010123456019,74,,1,2,5,1,1,,13.8281,128,0,0.112992,41,0,8.8,,4.06452,31,0,0.1,10,70,0,6.13771,31,,108,108,,0,0,0,7.22581
1612825021271,6,1010123456019,74,,1,2,5,1,1,,13.5913,208,0,0.165472,58,0,9.5,,14.5161,62,0,0.1,19,84.2105,0,6.8271,31,,174,174,,0,0,0,8.25806
1612825021521,6,1010123456019,74,,1,2,5,1,1,,12.9434,159,241,0.123616,45,0,7.5,,0,0,0,0,0,0,0,0,0,,138,138,,0,0,0,0
1612825021771,6,1010123456019,74,,1,2,5,1,1,,10.7068,191,0,0.12544,55,0,6.42857,,0,0,0,0,0,0,0,0,0,,165,165,,0,0,0,0
1612825022021,6,1010123456019,74,,1,2,5,1,1,,11.1812,149,0,0.098976,43,0,8,,0,0,0,0,0,0,0,0,0,,126,126,,0,0,0,0
1612825022271,6,1010123456019,74,,1,2,5,1,1,,13.4167,108,0,0.089984,32,0,9.16667,,0.1,16,0,0,4,100,0,0.74499,0,,96,96,,0,0,0,10
1612825022521,6,1010123456019,74,,1,2,5,1,1,,13.3762,101,0,0.07936,28,0,8.83333,,0.1,16,0,0,4,100,0,0.545928,0,,84,84,,0,0,0,10
1612825022771,6,1010123456019,74,,1,2,5,1,1,,12.6692,133,0,0.104704,39,0,8,,0,0,0,0,0,0,0,0,0,,120,120,,0,0,0,0
1612825023021,6,1010123456019,74,,1,2,5,1,1,,12.3356,146,0,0.103008,41,0,7.5,,0,0,0,0,0,0,0,0,0,,126,126,,0,0,0,0
1612825023271,6,1010123456019,74,,1,2,5,1,1,,8.14453,256,158,0.133088,75,0,6.83333,,6.49254,67,0,0.1,19,84.2105,0,5.16384,31,,228,228,,0,0,0,8.79105
1612825023521,6,1010123456019,74,,1,2,5,1,1,,11.3824,136,0,0.095072,40,0,7.83333,,0,0,0,0,0,0,0,0,0,,114,114,,0,0,0,0
1612825023771,6,1010123456019,74,,1,2,5,1,1,,8.81553,206,0,0.103072,58,0,7.71429,,0,0,0,0,0,0,0,0,0,,174,174,,0,0,0,0
1612825024021,6,1010123456019,74,,1,2,5,1,1,,9.45378,238,518,0.140896,67,0,7,,0,0,0,0,0,0,0,0,0,,204,204,,0,0,0,0
1612825024271,6,1010123456019,74,,1,2,5,1,1,,8.56522,276,544,0.148128,77,0,5.4,,9,20,0,0,6,100,0,1.12988,0,,243,243,,0,0,0,10
1612825024521,6,1010123456019,74,,1,2,5,1,1,,9.72455,167,992,0.095104,50,0,8.83333,,0.1,8,0,0,2,100,0,0.654952,0,,147,147,,0,0,0,10
1612825024771,6,1010123456019,74,,1,2,5,1,1,,9.40845,213,69,0.12976,63,0,6.57143,,0,0,0,0,0,0,0,0,0,,189,189,,0,0,0,0
1612825025021,6,1010123456019,74,,1,2,5,1,1,,9.63594,217,0,0.115968,59,0,7,,0,0,0,0,0,0,0,0,0,,189,189,,0,0,0,0
1612825025271,6,1010123456019,74,,1,2,5,1,1,,10.5178,197,0,0.13856,64,0,9,,0.1,16,0,0,4,100,0,0.722055,0,,171,171,,0,0,0,10
1612825025521,6,1010123456019,74,,1,2,5,1,1,,15.49,100,0,0.100256,29,0,8.83333,,0,0,0,0,0,0,0,0,0,,87,87,,0,0,0,0
1612825025771,6,1010123456019,74,,1,2,5,1,1,,12.3333,99,224,0.07488,29,0,7.71429,,0,12,0,0,4,100,0,0,0,,90,90,,0,0,0,0
1612825026021,6,1010123456019,74,,1,2,5,1,1,,13.3373,169,69,0.137728,49,0,9.4,,0,0,0,0,0,0,0,0,0,,147,147,,0,0,0,0
1612825026271,6,1010123456019,74,,1,2,5,1,1,,10.5762,151,0,0.085856,41,0,7,,7.97368,38,0,0.1,11,72.7273,0,3.53068,31,,129,129,,0,0,0,7.65789
1612825026521,6,1010123456019,74,,1,2,5,1,1,,10.5849,159,0,0.096896,46,0,7.2,,0,0,0,0,0,0,0,0,0,,135,135,,0,0,0,0
1612825026771,6,1010123456019,74,,1,2,5,1,1,,15.3116,138,0,0.136544,41,0,9.57143,,0,0,0,0,0,0,0,0,0,,120,120,,0,0,0,0
1612825027021,6,1010123456019,74,,1,2,5,1,1,,5.32588,313,863,0.108896,85,0,5.4,,0,0,0,0,0,0,0,0,0,,270,270,,0,0,0,0
1612825027271,6,1010123456019,74,,1,2,5,1,1,,8.63878,263,158,0.149824,82,0,8.8,,8.98649,74,0,0.1,22,72.7273,0,7.89016,31,,228,228,,0,0,0,7.25676
1612825027521,6,1010123456019,74,,1,2,5,1,1,,13.0063,159,0,0.121728,44,0,8,,0,0,0,0,0,0,0,0,0,,138,138,,0,0,0,0
1612825027771,6,1010123456019,74,,1,2,5,1,1,,12.6435,115,158,0.08496,33,0,7.85714,,0,0,0,0,0,0,0,0,0,,99,99,,0,0,0,0
1612825028021,6,1010123456019,74,,1,2,5,1,1,,13.0901,111,69,0.090528,33,0,8.66667,,0,0,0,0,0,0,0,0,0,,96,96,,0,0,0,0
1612825028271,6,1010123456019,74,,1,2,5,1,1,,13.4861,144,163,0.1184,42,0,8.8,,16,15,0,0,4,100,0,1.33742,0,,132,132,,0,0,0,10
1612825028521,6,1010123456019,74,,1,2,5,1,1,,11.7186,199,107,0.135296,57,0,7,,0,12,0,0,4,100,0,0,0,,171,171,,0,0,0,0
1612825028771,6,1010123456019,74,,1,2,5,1,1,,11.2573,206,0,0.135808,58,0,7.57143,,0,0,0,0,0,0,0,0,0,,171,171,,0,0,0,0
1612825029021,6,1010123456019,74,,1,2,5,1,1,,10.974,192,0,0.112544,52,0,7,,0,0,0,0,0,0,0,0,0,,165,165,,0,0,0,0
1612825029271,6,1010123456019,74,,1,2,5,1,1,,11.8547,172,390,0.127936,53,0,8,,0.1,18,0,0.1,5,20,0,1.37838,31,,147,147,,0,0,0,4.27778
1612825029521,6,1010123456019,74,,1,2,5,1,1,,13.8667,135,0,0.116512,39,0,8.66667,,0,0,0,0,0,0,0,0,0,,114,114,,0,0,0,0
1612825029771,6,1010123456019,74,,1,2,5,1,1,,13.5479,146,0,0.116768,41,0,8.33333,,0,0,0,0,0,0,0,0,0,,123,123,,0,0,0,0
1612825030021,6,1010123456019,74,,1,2,5,1,1,,13.0761,184,152,0.153024,52,0,7.33333,,0,0,0,0,0,0,0,0,0,,162,162,,0,0,0,0
1612825030271,6,1010123456019,74,,1,2,5,1,1,,6.07447,376,0,0.130304,110,0,6.6,,4.45033,151,0,0.1,45,91.1111,0,1.50521,31,,324,324,,0,0,0,9.3245
1612825030521,6,1010123456019,74,,1,2,5,1,1,,5.19088,351,0,0.123392,100,0,5.8,,0,0,0,0,0,0,0,0,0,,303,303,,0,0,0,0
1612825030771,6,1010123456019,74,,1,2,5,1,1,,8.34201,269,0,0.135936,74,0,7,,0,0,0,0,0,0,0,0,0,,231,231,,0,0,0,0
1612825031021,6,1010123456019,74,,1,2,5,1,1,,3.37736,318,0,0.08224,90,0,5.33333,,0,0,0,0,0,0,0,0,0,,273,273,,0,0,0,0
1612825031271,6,1010123456019,74,,1,2,5,1,1,,11.9236,157,99,0.112928,49,0,7.5,,0,12,0,0,4,100,0,0,0,,135,135,,0,0,0,0
1612825031521,6,1010123456019,74,,1,2,5,1,1,,12.8033,122,0,0.085792,33,0,8,,0,0,0,0,0,0,0,0,0,,108,108,,0,0,0,0
1612825031771,6,1010123456019,74,,1,2,5,1,1,,10.893,187,0,0.129696,56,0,8.85714,,0,0,0,0,0,0,0,0,0,,156,156,,0,0,0,0
1612825032021,6,1010123456019,74,,1,2,5,1,1,,11.1197,234,457,0.151072,65,0,7,,0,0,0,0,0,0,0,0,0,,201,201,,0,0,0,0
1612825032271,6,1010123456019,74,,1,2,5,1,1,,12.185,200,0,0.147392,59,0,7.66667,,0.1,14,0,0,4,100,0,0.101269,0,,171,171,,0,0,0,10
1612825032521,6,1010123456019,74,,1,2,5,1,1,,10.3198,197,226,0.118496,56,0,5.25,,0,12,0,0,4,100,0,0,0,,171,171,,0,0,0,0
1612825032771,6,1010123456019,74,,1,2,5,1,1,,10.0173,231,158,0.145056,67,0,7.28571,,0,0,0,0,0,0,0,0,0,,198,198,,0,0,0,0
1612825033021,6,1010123456019,74,,1,2,5,1,1,,12.7065,184,158,0.133216,51,0,7.66667,,0,0,0,0,0,0,0,0,0,,159,159,,0,0,0,0
1612825033271,6,1010123456019,74,,1,2,5,1,1,,7.15088,285,0,0.124384,83,0,6.16667,,14.4935,77,0,0.1,24,83.3333,0,5.95275,31,,246,246,,0,0,0,8.24675
1612825033521,6,1010123456019,74,,1,2,5,1,1,,7.04918,305,0,0.11904,83,0,6.33333,,0.1,16,0,0,4,100,0,0.765511,0,,258,258,,0,0,0,10
1612825033771,6,1010123456019,74,,1,2,5,1,1,,4.84615,325,0,0.105504,89,0,6,,0,0,0,0,0,0,0,0,0,,279,279,,0,0,0,0
1612825034021,6,1010123456019,74,,1,2,5,1,1,,12.7165,194,0,0.146784,63,0,7,,0,0,0,0,0,0,0,0,0,,165,165,,0,0,0,0
1612825034271,6,1010123456019,74,,1,2,5,1,1,,6.54054,370,0,0.150016,107,0,6.5,,2.73529,68,0,0.1,19,78.9474,0,5.0872,31,,321,321,,0,0,0,8.72059
1612825034521,6,1010123456019,74,,1,2,5,1,1,,12.4,145,0,0.106976,41,0,8.5,,5.94595,111,0,0.1,30,83.3333,0,7.38458,31,,123,123,,0,0,0,8.78378
1612825034771,6,1010123456019,74,,1,2,5,1,1,,13.3396,106,226,0.07952,29,0,8,,0.1,11,0,0.1,3,33.3333,0,2.6475,31,,90,90,,0,0,0,4.81818
1612825035021,6,1010123456019,74,,1,2,5,1,1,,12,158,158,0.112096,45,0,7.5,,0,0,0,0,0,0,0,0,0,,138,138,,0,0,0,0
1612825035271,6,1010123456019,74,,1,2,5,1,1,,14.4348,138,158,0.134368,42,0,9.2,,0.1,16,0,0,4,100,0,0.233078,0,,120,120,,0,0,0,10
1612825035521,6,1010123456019,74,,1,2,5,1,1,,12.1985,136,0,0.088384,35,0,7.66667,,0,0,0,0,0,0,0,0,0,,114,114,,0,0,0,0
1612825035771,6,1010123456019,74,,1,2,5,1,1,,12.8763,194,0,0.145984,55,0,8,,0,0,0,0,0,0,0,0,0,,168,168,,0,0,0,0
1612825036021,6,1010123456019,74,,1,2,5,1,1,,10.5294,136,143,0.090752,37,0,6.2,,0,0,0,0,0,0,0,0,0,,111,111,,0,0,0,0
1612825036271,6,1010123456019,74,,1,2,5,1,1,,9.39493,276,0,0.156736,82,0,7.33333,,0.1,16,0,0,4,100,0,0.334446,0,,234,234,,0,0,0,10
1612825036521,6,1010123456019,74,,1,2,5,1,1,,4.88572,315,0,0.10736,90,0,8,,0,9,0,0,3,100,0,0,0,,273,273,,0,0,0,0
1612825036771,6,1010123456019,74,,1,2,5,1,1,,13.466,191,0,0.154016,54,0,8.66667,,0,3,0,0,1,100,0,0,0,,162,162,,0,0,0,0
1612825037021,6,1010123456019,74,,1,2,5,1,1,,12.6884,138,0,0.100896,39,0,9,,0,0,0,0,0,0,0,0,0,,117,117,,0,0,0,0
1612825037271,6,1010123456019,74,,1,2,5,1,1,,13,69,0,0.053312,20,0,7.66667,,2.57143,35,0,0.1,11,81.8182,0,7.24322,31,,60,60,,0,0,0,7.94286
1612825037521,6,1010123456019,74,,1,2,5,1,1,,10.5154,130,0,0.075968,37,0,7.5,,6.9505,101,0,0.1,30,83.3333,0,11.8382,31,,114,114,,0,0,0,8.21782
1612825037771,6,1010123456019,74,,1,2,5,1,1,,11.7152,158,0,0.112064,46,0,8.42857,,4.1875,96,0,0.1,29,89.6552,0,6.44847,31,,138,138,,0,0,0,8.875
1612825038021,6,1010123456019,74,,1,2,5,1,1,,11.4199,181,167,0.117856,49,0,6.5,,0.1,16,0,0.1,5,40,0,6.84083,31,,156,156,,0,0,0,5.8125
1612825038271,6,1010123456019,74,,1,2,5,1,1,,11.8681,182,0,0.133984,55,0,8.83333,,10.6923,39,0,0.1,11,72.7273,0,5.27586,31,,159,159,,0,0,0,8.15385
1612825038521,6,1010123456019,74,,1,2,5,1,1,,13.2125,80,0,0.063648,23,0,8.66667,,0,0,0,0,0,0,0,0,0,,69,69,,0,0,0,0
1612825038771,6,1010123456019,74,,1,2,5,1,1,,12.3902,164,0,0.127456,49,0,7.85714,,0,0,0,0,0,0,0,0,0,,141,141,,0,0,0,0
1612825039021,6,1010123456019,74,,1,2,5,1,1,,11.9586,169,0,0.117536,47,0,8.33333,,0,0,0,0,0,0,0,0,0,,147,147,,0,0,0,0
1612825039271,6,1010123456019,74,,1,2,5,1,1,,13.2697,89,0,0.079392,29,0,8,,0.1,27,0,0.1,7,57.1429,0,1.65943,31,,81,81,,0,0,0,6.2963
1612825039521,6,1010123456019,74,,1,2,5,1,1,,12.7349,166,0,0.127712,48,0,8,,0,0,0,0,0,0,0,0,0,,144,144,,0,0,0,0
1612825039771,6,1010123456019,74,,1,2,5,1,1,,9.44762,210,0,0.119232,60,0,6.85714,,0,0,0,0,0,0,0,0,0,,180,180,,0,0,0,0
1612825040021,6,1010123456019,74,,1,2,5,1,1,,12.4621,132,0,0.100992,38,0,8.5,,0,0,0,0,0,0,0,0,0,,114,114,,0,0,0,0
1612825040271,6,1010123456019,74,,1,2,5,1,1,,11.8045,220,200,0.136608,58,0,7.16667,,0.1,15,0,0.1,4,25,0,7.52148,31,,189,189,,0,0,0,3.93333
1612825040521,6,1010123456019,74,,1,2,5,1,1,,11.9799,249,0,0.189312,76,0,8.33333,,0,0,0,0,0,0,0,0,0,,216,216,,0,0,0,0
1612825040771,6,1010123456019,74,,1,2,5,1,1,,9.41841,239,135,0.134944,70,0,7.28571,,0,0,0,0,0,0,0,0,0,,213,213,,0,0,0,0
1612825041021,6,1010123456019,74,,1,2,5,1,1,,12.381,126,85,0.093952,36,0,7.66667,,0,0,0,0,0,0,0,0,0,,108,108,,0,0,0,0
1612825041271,6,1010123456019,74,,1,2,5,1,1,,13.44,150,0,0.133888,44,0,7.6,,15,13,0,0,4,100,0,2.0542,0,,126,126,,0,0,0,10
1612825041521,6,1010123456019,74,,1,2,5,1,1,,4.56667,390,0,0.109888,110,0,5.16667,,0,0,0,0,0,0,0,0,0,,336,336,,0,0,0,0
1612825041771,6,1010123456019,74,,1,2,5,1,1,,6.80822,292,0,0.136832,85,0,8.16667,,0,0,0,0,0,0,0,0,0,,249,249,,0,0,0,0
1612825042021,6,1010123456019,74,,1,2,5,1,1,,14.1917,120,158,0.100096,32,0,9.5,,0,0,0,0,0,0,0,0,0,,102,102,,0,0,0,0
1612825042271,6,1010123456019,74,,1,2,5,1,1,,13.1774,186,0,0.153856,56,0,8,,4.2963,27,0,0.1,7,57.1429,0,6.59564,31,,162,162,,0,0,0,6.92593
1612825042521,6,1010123456019,74,,1,2,5,1,1,,13.6154,130,0,0.111328,38,0,9,,0,0,0,0,0,0,0,0,0,,114,114,,0,0,0,0
1612825042771,6,1010123456019,74,,1,2,5,1,1,,9.51406,249,359,0.133248,70,0,7.5,,0,0,0,0,0,0,0,0,0,,216,216,,0,0,0,0
1612825043021,6,1010123456019,74,,1,2,5,1,1,,7.83708,178,0,0.084384,50,0,6.66667,,0,0,0,0,0,0,0,0,0,,150,150,,0,0,0,0
1612825043271,6,1010123456019,74,,1,2,5,1,1,,9.89404,151,0,0.091936,45,0,8,,15,13,0,0,4,100,0,2.0265,0,,129,129,,0,0,0,10
1612825043521,6,1010123456019,74,,1,2,5,1,1,,12.3434,166,145,0.111744,46,0,7.66667,,0,0,0,0,0,0,0,0,0,,144,144,,0,0,0,0
1612825043771,6,1010123456019,74,,1,2,5,1,1,,4.81944,288,163,0.080576,76,0,6,,0,0,0,0,0,0,0,0,0,,246,246,,0,0,0,0
1612825044021,6,1010123456019,74,,1,2,5,1,1,,11.7173,191,226,0.134592,61,0,7.66667,,0,0,0,0,0,0,0,0,0,,162,162,,0,0,0,0
1612825044271,6,1010123456019,74,,1,2,5,1,1,,5.49202,376,0,0.140928,115,0,5.16667,,14.6374,91,0,0.1,27,88.8889,0,3.92047,31,,345,345,,0,0,0,9.01099
1612825044521,6,1010123456019,74,,1,2,5,1,1,,13.0314,159,0,0.116224,43,0,8,,0,0,0,0,0,0,0,0,0,,135,135,,0,0,0,0
1612825044771,6,1010123456019,74,,1,2,5,1,1,,13.3803,142,0,0.11088,38,0,9,,0,0,0,0,0,0,0,0,0,,120,120,,0,0,0,0
1612825045021,6,1010123456019,74,,1,2,5,1,1,,13.065,200,0,0.169664,62,0,9.2,,0,0,0,0,0,0,0,0,0,,174,174,,0,0,0,0
1612825045271,6,1010123456019,74,,1,2,5,1,1,,15.9647,85,137,0.089312,24,0,8.83333,,1.73333,30,0,0.1,8,50,0,8.91138,31,,78,78,,0,0,0,6.4
1612825045521,6,1010123456019,74,,1,2,5,1,1,,9.55758,165,69,0.0928,48,0,7,,0,0,0,0,0,0,0,0,0,,141,141,,0,0,0,0
1612825045771,6,1010123456019,74,,1,2,5,1,1,,7.35784,204,704,0.094592,52,0,6.83333,,0,0,0,0,0,0,0,0,0,,177,177,,0,0,0,0
1612825046021,6,1010123456019,74,,1,2,5,1,1,,8.49115,226,0,0.133398,70,0,8.66667,,0,0,0,0,0,0,0,0,0,,189,189,,0,0,0,0
1612825046271,6,1010123456019,74,,1,2,5,1,1,,14.6066,61,0,0.058752,19,0,9.5,,13.9091,11,0,0.1,3,0,0,27.2985,31,,54,54,,0,0,0,1
1612825046521,6,1010123456019,74,,1,2,5,1,1,,5.53106,322,50,0.10736,91,0,5.83333,,0,0,0,0,0,0,0,0,0,,279,279,,0,0,0,0
1612825046771,6,1010123456019,74,,1,2,5,1,1,,10.9581,191,315,0.113152,52,0,8.28571,,0,0,0,0,0,0,0,0,0,,162,162,,0,0,0,0
1612825047021,6,1010123456019,74,,1,2,5,1,1,,12.8778,180,0,0.149056,56,0,8,,0,0,0,0,0,0,0,0,0,,156,156,,0,0,0,0
1612825047271,6,1010123456019,74,,1,2,5,1,1,,11.8935,169,0,0.112256,47,0,7.5,,3.125,72,0,0.1,21,85.7143,0,1.95368,31,,147,147,,0,0,0,9.18056
1612825047521,6,1010123456019,74,,1,2,5,1,1,,10.5,164,0,0.102432,48,0,7.33333,,0.1,4,0,0.1,1,0,0,0.386954,31,,138,138,,0,0,0,4
1612825047771,6,1010123456019,74,,1,2,5,1,1,,13.7311,119,0,0.100512,34,0,8.57143,,0,0,0,0,0,0,0,0,0,,102,102,,0,0,0,0
1612825048021,6,1010123456019,74,,1,2,5,1,1,,11.8295,129,0,0.08784,35,0,9,,0,0,0,0,0,0,0,0,0,,111,111,,0,0,0,0
1612825048271,6,1010123456019,74,,1,2,5,1,1,,9.23721,215,0,0.132768,65,0,7.66667,,14.7011,87,0,0.1,28,85.7143,0,5.62579,31,,189,189,,0,0,0,8.34483
1612825048521,6,1010123456019,74,,1,2,5,1,1,,5.29893,281,1314,0.09824,74,0,6.6,,0,0,0,0,0,0,0,0,0,,246,246,,0,0,0,0
1612825048771,6,1010123456019,74,,1,2,5,1,1,,5.74049,447,158,0.165824,132,0,8.4,,0,0,0,0,0,0,0,0,0,,381,381,,0,0,0,0
1612825049021,6,1010123456019,74,,1,2,5,1,1,,10.6103,136,69,0.084,39,0,7.33333,,0,0,0,0,0,0,0,0,0,,117,117,,0,0,0,0
1612825049271,6,1010123456019,74,,1,2,5,1,1,,11.1957,184,137,0.114816,50,0,7.4,,0,12,0,0,4,100,0,0,0,,156,156,,0,0,0,0
1612825049521,6,1010123456019,74,,1,2,5,1,1,,13.0571,140,0,0.122304,45,0,8,,0,9,0,0,3,100,0,0,0,,123,123,,0,0,0,0
1612825049771,6,1010123456019,74,,1,2,5,1,1,,11.8205,195,0,0.12608,52,0,7.57143,,0,3,0,0,1,100,0,0,0,,165,165,,0,0,0,0
1612825050021,6,1010123456019,74,,1,2,5,1,1,,13.7813,160,0,0.145216,49,0,8.83333,,0,0,0,0,0,0,0,0,0,,138,138,,0,0,0,0
1612825050271,6,1010123456019,74,,1,2,5,1,1,,12.1582,158,0,0.11216,46,0,7.6,,7.44444,54,0,0.1,16,75,0,6.17738,31,,141,141,,0,0,0,8.18519
1612825050521,6,1010123456019,74,,1,2,5,1,1,,12.4732,224,0,0.15984,62,0,7.66667,,0,0,0,0,0,0,0,0,0,,192,192,,0,0,0,0
1612825050771,6,1010123456019,74,,1,2,5,1,1,,12.5751,233,0,0.170688,66,0,7.66667,,0,0,0,0,0,0,0,0,0,,198,198,,0,0,0,0
1612825051021,6,1010123456019,74,,1,2,5,1,1,,12.1218,156,158,0.116128,46,0,8.5,,0,0,0,0,0,0,0,0,0,,135,135,,0,0,0,0
1612825051271,6,1010123456019,74,,1,2,5,1,1,,8.21154,260,69,0.109952,73,0,6.6,,8.83333,24,0,0.1,6,66.6667,0,11.1661,31,,234,234,,0,0,0,7
1612825051521,6,1010123456019,74,,1,2,5,1,1,,13.1694,124,205,0.101536,37,0,8,,0,0,0,0,0,0,0,0,0,,105,105,,0,0,0,0
1612825051771,6,1010123456019,74,,1,2,5,1,1,,13.1799,139,0,0.09792,36,0,7.85714,,0,0,0,0,0,0,0,0,0,,120,120,,0,0,0,0
1612825052021,6,1010123456019,74,,1,2,5,1,1,,12.8218,202,0,0.160032,60,0,8,,0,0,0,0,0,0,0,0,0,,174,174,,0,0,0,0
1612825052271,6,1010123456019,74,,1,2,5,1,1,,11.2174,115,778,0.085856,35,0,7,,2.63636,44,0,0.1,13,69.2308,0,7.74261,31,,102,102,,0,0,0,7.68182
1612825052521,6,1010123456019,74,,1,2,5,1,1,,10.4434,221,95,0.14016,62,0,7.5,,0,0,0,0,0,0,0,0,0,,189,189,,0,0,0,0
1612825052771,6,1010123456019,74,,1,2,5,1,1,,12.7783,212,72,0.158208,60,0,7.66667,,0,0,0,0,0,0,0,0,0,,183,183,,0,0,0,0
1612825053021,6,1010123456019,74,,1,2,5,1,1,,13.5227,132,0,0.100832,36,0,8.2,,0,0,0,0,0,0,0,0,0,,111,111,,0,0,0,0
1612825053271,6,1010123456019,74,,1,2,5,1,1,,12.2988,164,0,0.128064,51,0,7.5,,15,16,0,0,4,100,0,1.54124,0,,141,141,,0,0,0,10
1612825053521,6,1010123456019,74,,1,2,5,1,1,,11.3489,235,224,0.145024,66,0,7.33333,,0,0,0,0,0,0,0,0,0,,207,207,,0,0,0,0
1612825053771,6,1010123456019,74,,1,2,5,1,1,,10.57,200,0,0.129664,60,0,7.28571,,0,0,0,0,0,0,0,0,0,,171,171,,0,0,0,0
1612825054021,6,1010123456019,74,,1,2,5,1,1,,11.8423,222,0,0.149696,64,0,7.33333,,0,0,0,0,0,0,0,0,0,,192,192,,0,0,0,0
1612825054271,6,1010123456019,74,,1,2,5,1,1,,14.7846,130,0,0.121024,38,0,9.5,,8.33333,42,0,0.1,12,66.6667,0,4.95362,31,,117,117,,0,0,0,7.57143
1612825054521,6,1010123456019,74,,1,2,5,1,1,,9.95812,191,0,0.138592,56,0,8.6,,0,0,0,0,0,0,0,0,0,,165,165,,0,0,0,0
1612825054771,6,1010123456019,74,,1,2,5,1,1,,8.77917,240,0,0.119744,67,0,7.28571,,0,0,0,0,0,0,0,0,0,,204,204,,0,0,0,0
1612825055021,6,1010123456019,74,,1,2,5,1,1,,12.1986,146,0,0.111648,42,0,8.33333,,0,0,0,0,0,0,0,0,0,,123,123,,0,0,0,0
1612825055271,6,1010123456019,74,,1,2,5,1,1,,12.9097,144,0,0.111712,42,0,8,,5.86047,43,0,0.1,11,81.8182,0,3.73601,31,,126,126,,0,0,0,8.88372
1612825055521,6,1010123456019,74,,1,2,5,1,1,,14.4863,146,0,0.120896,40,0,10.2,,0,0,0,0,0,0,0,0,0,,126,126,,0,0,0,0
1612825055771,6,1010123456019,74,,1,2,5,1,1,,13.5655,145,262,0.11216,38,0,7.57143,,0,0,0,0,0,0,0,0,0,,126,126,,0,0,0,0
1612825056021,6,1010123456019,74,,1,2,5,1,1,,6.45659,311,315,0.141888,94,0,6.8,,0,0,0,0,0,0,0,0,0,,264,264,,0,0,0,0
1612825056271,6,1010123456019,74,,1,2,5,1,1,,12.6265,166,0,0.12192,47,0,8,,0.1,13,0,0,4,100,0,0.1,0,,147,147,,0,0,0,10
1612825056521,6,1010123456019,74,,1,2,5,1,1,,8.93694,222,0,0.129408,66,0,6.4,,0,0,0,0,0,0,0,0,0,,192,192,,0,0,0,0
1612825056771,6,1010123456019,74,,1,2,5,1,1,,11.9209,139,246,0.096,39,0,7.33333,,0,0,0,0,0,0,0,0,0,,120,120,,0,0,0,0
1612825057021,6,1010123456019,74,,1,2,5,1,1,,5.98966,290,0,0.096352,78,0,6.6,,0,0,0,0,0,0,0,0,0,,249,249,,0,0,0,0
1612825057271,6,1010123456019,74,,1,2,5,1,1,,6.12465,353,996,0.124224,100,0,5.83333,,0,12,0,0,4,100,0,0,0,,303,303,,0,0,0,0
1612825057521,6,1010123456019,74,,1,2,5,1,1,,7.40863,394,0,0.191904,120,0,6.33333,,0,0,0,0,0,0,0,0,0,,339,339,,0,0,0,0
1612825057771,6,1010123456019,74,,1,2,5,1,1,,11.304,125,0,0.076768,33,0,7,,0,0,0,0,0,0,0,0,0,,105,105,,0,0,0,0
1612825058021,6,1010123456019,74,,1,2,5,1,1,,12.5896,134,0,0.102656,40,0,8,,0,0,0,0,0,0,0,0,0,,117,117,,0,0,0,0
1612825058271,6,1010123456019,74,,1,2,5,1,1,,10.9816,163,315,0.104352,48,0,7.16667,,0.1,24,0,0,6,100,0,0.20005,0,,141,141,,0,0,0,10
1612825058521,6,1010123456019,74,,1,2,5,1,1,,11.1774,124,0,0.085824,36,0,7.16667,,0.1,8,0,0,2,100,0,0.153257,0,,108,108,,0,0,0,10
1612825058771,6,1010123456019,74,,1,2,5,1,1,,3.81231,325,0,0.077088,92,0,7.66667,,0.1,14,0,0,4,100,0,0.606163,0,,285,285,,0,0,0,10
1612825059021,6,1010123456019,74,,1,2,5,1,1,,9.90476,189,0,0.117984,55,0,8.66667,,0,0,0,0,0,0,0,0,0,,159,159,,0,0,0,0
1612825059271,6,1010123456019,74,,1,2,5,1,1,,14.0325,154,0,0.137056,45,0,9.5,,0.1,223,0,0.1,67,94.0299,0,1.50043,31,,135,135,,0,0,0,9.5426
1612825059521,6,1010123456019,74,,1,2,5,1,1,,8.29075,227,0,0.103936,63,0,6.33333,,0,0,0,0,0,0,0,0,0,,195,195,,0,0,0,0
1612825059771,6,1010123456019,74,,1,2,5,1,1,,10.1727,220,0,0.1312,65,0,7.71429,,0,0,0,0,0,0,0,0,0,,189,189,,0,0,0,0
1612825060021,6,1010123456019,74,,1,2,5,1,1,,13.7871,155,0,0.131808,43,0,8.66667,,0,0,0,0,0,0,0,0,0,,135,135,,0,0,0,0
1612825060271,6,1010123456019,74,,1,2,5,1,1,,12.8298,94,0,0.079616,30,0,7.66667,,0.1,13,0,0,4,100,0,0.547663,0,,84,84,,0,0,0,10
1612825060521,6,1010123456019,74,,1,2,5,1,1,,13.4228,149,0,0.114784,39,0,8.66667,,0.1,16,0,0,4,100,0,0.137887,0,,126,126,,0,0,0,10
1612825060771,6,1010123456019,74,,1,2,5,1,1,,12.4214,159,0,0.13296,48,0,9.16667,,0,0,0,0,0,0,0,0,0,,141,141,,0,0,0,0
1612825061021,6,1010123456019,74,,1,2,5,1,1,,11.3384,198,0,0.134361,57,0,7.5,,4.34783,92,0,0.1,25,80,0,7.01651,31,,165,165,,0,0,0,8.5
1612825061271,6,1010123456019,74,,1,2,5,1,1,,4.86913,405,671,0.131552,109,0,4.33333,,6.375,56,0,0.1,17,88.2353,0,8.90193,0,,351,351,,0,0,0,8.875
1612825061521,6,1010123456019,74,,1,2,5,1,1,,11.695,200,0,0.15312,65,0,8.66667,,0,0,0,0,0,0,0,0,0,,171,171,,0,0,0,0
1612825061771,6,1010123456019,74,,1,2,5,1,1,,11.7864,103,0,0.072672,30,0,7.14286,,0,0,0,0,0,0,0,0,0,,93,93,,0,0,0,0
1612825062021,6,1010123456019,74,,1,2,5,1,1,,10.5083,120,0,0.072096,32,0,8.66667,,0,0,0,0,0,0,0,0,0,,102,102,,0,0,0,0
1612825062271,6,1010123456019,74,,1,2,5,1,1,,12.0357,196,0,0.149696,63,0,7.8,,14.4,20,0,0.1,6,66.6667,0,19.4144,31,,180,180,,0,0,0,6.85
1612825062521,6,1010123456019,74,,1,2,5,1,1,,12.344,125,158,0.09552,36,0,8.16667,,0,0,0,0,0,0,0,0,0,,108,108,,0,0,0,0
1612825062771,6,1010123456019,74,,1,2,5,1,1,,13.3546,141,67,0.111264,39,0,8.83333,,0,0,0,0,0,0,0,0,0,,126,126,,0,0,0,0
1612825063021,6,1010123456019,74,,1,2,5,1,1,,10.4333,210,0,0.116192,56,0,6.83333,,0,0,0,0,0,0,0,0,0,,177,177,,0,0,0,0
1612825063271,6,1010123456019,74,,1,2,5,1,1,,12.3909,110,224,0.092512,37,0,8,,15,13,0,0,4,100,0,1.39723,0,,96,96,,0,0,0,10
1612825063521,6,1010123456019,74,,1,2,5,1,1,,7.01838,272,315,0.115712,77,0,6.33333,,0,0,0,0,0,0,0,0,0,,228,228,,0,0,0,0
1612825063771,6,1010123456019,74,,1,2,5,1,1,,7.98966,290,0,0.142048,83,0,6.85714,,0,0,0,0,0,0,0,0,0,,249,249,,0,0,0,0
1612825064021,6,1010123456019,74,,1,2,5,1,1,,12.6569,102,205,0.072224,28,0,8,,0,0,0,0,0,0,0,0,0,,90,90,,0,0,0,0
1612825064271,6,1010123456019,74,,1,2,5,1,1,,13.1812,149,163,0.11568,42,0,8,,0,12,0,0,4,100,0,0,0,,129,129,,0,0,0,0
1612825064521,6,1010123456019,74,,1,2,5,1,1,,13.0054,185,0,0.152896,56,0,8,,0.1,12,0,0,3,100,0,0.510601,0,,159,159,,0,0,0,10
1612825064771,6,1010123456019,74,,1,2,5,1,1,,7.4943,263,0,0.126176,75,0,8,,0.1,4,0,0,1,100,0,1.12143,0,,225,225,,0,0,0,10
1612825065021,6,1010123456019,74,,1,2,5,1,1,,12.2409,137,0,0.09152,37,0,7.66667,,0,0,0,0,0,0,0,0,0,,117,117,,0,0,0,0
1612825065271,6,1010123456019,74,,1,2,5,1,1,,9.36,225,158,0.124928,66,0,7.25,,0.1,29,0,0.1,8,62.5,0,4.21769,31,,192,192,,0,0,0,6.58621
1612825065521,6,1010123456019,74,,1,2,5,1,1,,11.4722,180,623,0.111104,46,0,7.16667,,0,0,0,0,0,0,0,0,0,,156,156,,0,0,0,0
1612825065771,6,1010123456019,74,,1,2,5,1,1,,9.51531,196,0,0.114848,61,0,7.28571,,0,0,0,0,0,0,0,0,0,,165,165,,0,0,0,0
1612825066021,6,1010123456019,74,,1,2,5,1,1,,11.951,143,37,0.100032,41,0,7.66667,,0,0,0,0,0,0,0,0,0,,123,123,,0,0,0,0
1612825066271,6,1010123456019,74,,1,2,5,1,1,,8.30667,225,69,0.110624,63,0,6.4,,0.1,27,0,0,8,100,0,0.361645,0,,192,192,,0,0,0,10
1612825066521,6,1010123456019,74,,1,2,5,1,1,,11.2264,159,0,0.102528,45,0,7.83333,,0,0,0,0,0,0,0,0,0,,138,138,,0,0,0,0
1612825066771,6,1010123456019,74,,1,2,5,1,1,,12.9527,169,0,0.128032,47,0,7.71429,,0,0,0,0,0,0,0,0,0,,147,147,,0,0,0,0
1612825067021,6,1010123456019,74,,1,2,5,1,1,,11.694,134,69,0.0983775,41,0,7.8,,0,0,0,0,0,0,0,0,0,,117,117,,0,0,0,0
1612825067271,6,1010123456019,74,,1,2,5,1,1,,11.3742,163,0,0.109376,47,0,7.5,,0.1,27,0,0.1,7,71.4286,0,4.38364,31,,135,135,,0,0,0,7.66667
1612825067521,6,1010123456019,74,,1,2,5,1,1,,12.057,158,1002,0.104384,42,0,7.33333,,0.1,12,0,0,3,100,0,0.326096,0,,135,135,,0,0,0,10
1612825067771,6,1010123456019,74,,1,2,5,1,1,,9.55678,273,0,0.1544,80,0,6.71429,,0.1,4,0,0,1,100,0,0.1,0,,231,231,,0,0,0,10
1612825068021,6,1010123456019,74,,1,2,5,1,1,,14.018,111,0,0.094848,31,0,9.33333,,0,0,0,0,0,0,0,0,0,,93,93,,0,0,0,0
1612825068271,6,1010123456019,74,,1,2,5,1,1,,13.1825,137,0,0.1112,41,0,7.66667,,0,12,0,0,4,100,0,0,0,,123,123,,0,0,0,0
1612825068521,6,1010123456019,74,,1,2,5,1,1,,8.05102,294,0,0.142464,85,0,6.33333,,0.1,12,0,0,3,100,0,0.1,0,,255,255,,0,0,0,10
1612825068771,6,1010123456019,74,,1,2,5,1,1,,12.9265,204,0,0.15424,57,0,7.85714,,0.1,4,0,0,1,100,0,0.667427,0,,177,177,,0,0,0,10
1612825069021,6,1010123456019,74,,1,2,5,1,1,,9.65975,241,0,0.135776,70,0,7,,0,0,0,0,0,0,0,0,0,,204,204,,0,0,0,0
1612825069271,6,1010123456019,74,,1,2,5,1,1,,9.72512,211,137,0.118336,58,0,7,,9.55556,18,0,0.1,6,66.6667,0,12.0836,31,,189,189,,0,0,0,7
1612825069521,6,1010123456019,74,,1,2,5,1,1,,10.1274,259,205,0.146688,75,0,7,,0,0,0,0,0,0,0,0,0,,219,219,,0,0,0,0
1612825069771,6,1010123456019,74,,1,2,5,1,1,,12.395,119,852,0.095808,37,0,7.71429,,0,0,0,0,0,0,0,0,0,,105,105,,0,0,0,0
1612825070021,6,1010123456019,74,,1,2,5,1,1,,11.2157,204,0,0.139264,59,0,7,,0,0,0,0,0,0,0,0,0,,174,174,,0,0,0,0
1612825070271,6,1010123456019,74,,1,2,5,1,1,,10.8727,220,288,0.144192,58,0,6.5,,0.1,13,0,0.1,4,0,0,15.3616,31,,192,192,,0,0,0,1.92308
1612825070521,6,1010123456019,74,,1,2,5,1,1,,5.93778,225,698,0.07504,63,0,7.2,,0,0,0,0,0,0,0,0,0,,195,195,,0,0,0,0
1612825070771,6,1010123456019,74,,1,2,5,1,1,,8.96356,247,0,0.124576,77,0,6.85714,,0,0,0,0,0,0,0,0,0,,213,213,,0,0,0,0
1612825071021,6,1010123456019,74,,1,2,5,1,1,,12.9896,192,0,0.155008,57,0,8,,0,0,0,0,0,0,0,0,0,,165,165,,0,0,0,0
1612825071271,6,1010123456019,74,,1,2,5,1,1,,11.8916,249,330,0.162144,69,0,7.2,,0,9,0,0,4,100,0,0,0,,216,216,,0,0,0,0
1612825071521,6,1010123456019,74,,1,2,5,1,1,,6.60807,347,114,0.147488,97,0,6,,0,12,0,0,4,100,0,0,0,,300,300,,0,0,0,0
1612825071771,6,1010123456019,74,,1,2,5,1,1,,6.52431,288,48,0.117184,85,0,8.33333,,0,0,0,0,0,0,0,0,0,,246,246,,0,0,0,0
1612825072021,6,1010123456019,74,,1,2,5,1,1,,12.3017,179,67,0.138912,54,0,7.83333,,0,0,0,0,0,0,0,0,0,,156,156,,0,0,0,0
1612825072271,6,1010123456019,74,,1,2,5,1,1,,7.57692,286,0,0.136672,82,0,7.33333,,12.35,20,0,0.1,6,66.6667,0,18.4467,31,,243,243,,0,0,0,6.4
1612825072521,6,1010123456019,74,,1,2,5,1,1,,12.0978,184,69,0.123008,51,0,7.66667,,0,0,0,0,0,0,0,0,0,,156,156,,0,0,0,0
1612825072771,6,1010123456019,74,,1,2,5,1,1,,10.984,188,114,0.118016,52,0,8,,0,0,0,0,0,0,0,0,0,,165,165,,0,0,0,0
1612825073021,6,1010123456019,74,,1,2,5,1,1,,11.523,174,0,0.123072,52,0,6.33333,,0,0,0,0,0,0,0,0,0,,144,144,,0,0,0,0
1612825073271,6,1010123456019,74,,1,2,5,1,1,,10.5053,188,0,0.117952,54,0,7.6,,0,12,0,0,4,100,0,0,0,,162,162,,0,0,0,0
1612825073521,6,1010123456019,74,,1,2,5,1,1,,12.0072,139,0,0.096352,39,0,7.66667,,0,0,0,0,0,0,0,0,0,,117,117,,0,0,0,0
1612825073771,6,1010123456019,74,,1,2,5,1,1,,11.8548,186,0,0.117536,50,0,7.5,,0,0,0,0,0,0,0,0,0,,162,162,,0,0,0,0
1612825074021,6,1010123456019,74,,1,2,5,1,1,,13.5817,153,158,0.130752,44,0,8.83333,,0,0,0,0,0,0,0,0,0,,129,129,,0,0,0,0
1612825074271,6,1010123456019,74,,1,2,5,1,1,,9.70565,248,158,0.147104,74,0,6.83333,,6.75758,33,0,0.1,10,50,0,16.5928,31,,213,213,,0,0,0,5.54545
1612825074521,6,1010123456019,74,,1,2,5,1,1,,4.45366,410,252,0.127264,116,0,6.2,,0,0,0,0,0,0,0,0,0,,354,354,,0,0,0,0
1612825074771,6,1010123456019,74,,1,2,5,1,1,,9.86266,233,0,0.127008,63,0,7,,0,0,0,0,0,0,0,0,0,,201,201,,0,0,0,0
1612825075021,6,1010123456019,74,,1,2,5,1,1,,12.7537,134,0,0.102112,41,0,8.5,,0,0,0,0,0,0,0,0,0,,114,114,,0,0,0,0
1612825075271,6,1010123456019,74,,1,2,5,1,1,,11.0103,194,158,0.11632,52,0,7.4,,15,14,0,0,4,100,0,1.29641,0,,165,165,,0,0,0,10
1612825075521,6,1010123456019,74,,1,2,5,1,1,,3.34663,401,0,0.10832,121,0,6.4,,0,0,0,0,0,0,0,0,0,,345,345,,0,0,0,0
1612825075771,6,1010123456019,74,,1,2,5,1,1,,12.3509,171,0,0.122752,48,0,7.42857,,0,0,0,0,0,0,0,0,0,,144,144,,0,0,0,0
1612825076021,6,1010123456019,74,,1,2,5,1,1,,10.385,213,0,0.124064,59,0,7.8,,0.1,14,0,0,4,100,0,0.364335,0,,183,183,,0,0,0,10
1612825076271,6,1010123456019,74,,1,2,5,1,1,,14.4779,136,67,0.136896,41,0,9,,0.1,16,0,0,4,100,0,0.177106,0,,120,120,,0,0,0,10
1612825076521,6,1010123456019,74,,1,2,5,1,1,,13.8309,136,0,0.116096,38,0,9,,0,0,0,0,0,0,0,0,0,,117,117,,0,0,0,0
1612825076771,6,1010123456019,74,,1,2,5,1,1,,12.1754,114,0,0.081664,33,0,7.14286,,0.1,16,0,0,4,100,0,0.215761,0,,99,99,,0,0,0,10
1612825077021,6,1010123456019,74,,1,2,5,1,1,,4.033,303,0,0.085888,86,0,8.4,,0,0,0,0,0,0,0,0,0,,258,258,,0,0,0,0
1612825077271,6,1010123456019,74,,1,2,5,1,1,,11.9932,146,0,0.101344,42,0,7.83333,,0.1,10,0,0.1,3,0,0,10.4688,31,,126,126,,0,0,0,1.7
1612825077521,6,1010123456019,74,,1,2,5,1,1,,12.0145,138,0,0.090944,37,0,7.66667,,0,0,0,0,0,0,0,0,0,,117,117,,0,0,0,0
1612825077771,6,1010123456019,74,,1,2,5,1,1,,7.3777,278,0,0.126008,79,0,6.71429,,0,0,0,0,0,0,0,0,0,,243,243,,0,0,0,0
1612825078021,6,1010123456019,74,,1,2,5,1,1,,11.5922,179,294,0.129856,50,0,7,,0,0,0,0,0,0,0,0,0,,150,150,,0,0,0,0
1612825078271,6,1010123456019,74,,1,2,5,1,1,,8.57447,235,382,0.123968,71,0,8.16667,,1.80556,72,0,0.1,21,80.9524,0,5.69717,31,,201,201,,0,0,0,8.375
1612825078521,6,1010123456019,74,,1,2,5,1,1,,13.391,133,0,0.113408,40,0,8.83333,,0,0,0,0,0,0,0,0,0,,114,114,,0,0,0,0
1612825078771,6,1010123456019,74,,1,2,5,1,1,,11.3615,130,0,0.085472,37,0,8.14286,,0,3,0,0.1,1,0,0,0,31,,111,111,,0,0,0,0
1612825079021,6,1010123456019,74,,1,2,5,1,1,,11.7735,181,0,0.117888,48,0,7.5,,0,0,0,0,0,0,0,0,0,,150,150,,0,0,0,0
1612825079271,6,1010123456019,74,,1,2,5,1,1,,7.86667,240,0,0.1072,67,0,6.83333,,6.77143,35,0,0.1,10,80,0,3.56985,31,,204,204,,0,0,0,8.42857
1612825079521,6,1010123456019,74,,1,2,5,1,1,,4.53097,339,485,0.109696,99,0,6,,0,24,0,0,8,100,0,0,0,,294,294,,0,0,0,0
1612825079771,6,1010123456019,74,,1,2,5,1,1,,7.25382,327,612,0.1464,91,0,6.28571,,0,0,0,0,0,0,0,0,0,,285,285,,0,0,0,0
1612825080021,6,1010123456019,74,,1,2,5,1,1,,14.0273,183,0,0.151712,54,0,8.83333,,0.1,14,0,0,4,100,0,0.104114,0,,153,153,,0,0,0,10
1612825080271,6,1010123456019,74,,1,2,5,1,1,,8.47273,275,0,0.126586,77,0,6.5,,2.48276,58,0,0.1,17,76.4706,0,2.98131,31,,240,240,,0,0,0,7.94828
1612825080521,6,1010123456019,74,,1,2,5,1,1,,13.6471,102,0,0.089888,30,0,8.83333,,0,0,0,0,0,0,0,0,0,,90,90,,0,0,0,0
1612825080771,6,1010123456019,74,,1,2,5,1,1,,11.3554,166,0,0.120576,50,0,8.5,,0,12,0,0,4,100,0,0,0,,141,141,,0,0,0,0
1612825081021,6,1010123456019,74,,1,2,5,1,1,,13.7573,103,0,0.0872,30,0,8.83333,,0,0,0,0,0,0,0,0,0,,87,87,,0,0,0,0
1612825081271,6,1010123456019,74,,1,2,5,1,1,,10.5761,184,0,0.113312,54,0,7,,6.86956,46,0,0.1,13,76.9231,0,3.00929,31,,162,162,,0,0,0,8
1612825081521,6,1010123456019,74,,1,2,5,1,1,,5.34675,323,1107,0.111648,88,0,5.16667,,0,15,0,0.1,5,80,0,0,31,,276,276,,0,0,0,0
1612825081771,6,1010123456019,74,,1,2,5,1,1,,10.9386,228,0,0.148512,69,0,7.42857,,0,0,0,0,0,0,0,0,0,,198,198,,0,0,0,0
1612825082021,6,1010123456019,74,,1,2,5,1,1,,10.9177,243,0,0.152864,69,0,7.5,,0,0,0,0,0,0,0,0,0,,210,210,,0,0,0,0
1612825082271,6,1010123456019,74,,1,2,5,1,1,,13.3226,93,315,0.0856,29,0,8.66667,,0.1,23,0,0.1,7,42.8571,0,0.820641,31,,81,81,,0,0,0,5.69565
1612825082521,6,1010123456019,74,,1,2,5,1,1,,12.4362,188,427,0.128608,50,0,8.4,,0,0,0,0,0,0,0,0,0,,165,165,,0,0,0,0
1612825082771,6,1010123456019,74,,1,2,5,1,1,,8.88461,234,0,0.144256,71,0,7.5,,0,0,0,0,0,0,0,0,0,,198,198,,0,0,0,0
1612825083021,6,1010123456019,74,,1,2,5,1,1,,11.4295,156,0,0.107168,45,0,7,,0.1,16,0,0,4,100,0,0.476001,0,,135,135,,0,0,0,10
1612825083271,6,1010123456019,74,,1,2,5,1,1,,12.7356,174,39,0.122272,46,0,7.83333,,0.1,26,0,0.1,7,14.2857,0,9.34024,31,,150,150,,0,0,0,2.84615
1612825083521,6,1010123456019,74,,1,2,5,1,1,,8.89247,186,0,0.097024,52,0,6.6,,0,0,0,0,0,0,0,0,0,,159,159,,0,0,0,0
1612825083771,6,1010123456019,74,,1,2,5,1,1,,11.7407,189,93,0.121568,55,0,8,,0,0,0,0,0,0,0,0,0,,165,165,,0,0,0,0
1612825084021,6,1010123456019,74,,1,2,5,1,1,,7.32095,296,0,0.145184,89,0,7.5,,0,0,0,0,0,0,0,0,0,,252,252,,0,0,0,0
1612825084271,6,1010123456019,74,,1,2,5,1,1,,13.7353,102,158,0.089856,30,0,8.8,,15,16,0,0,4,100,0,1.05027,0,,90,90,,0,0,0,10
1612825084521,6,1010123456019,74,,1,2,5,1,1,,9.80159,252,0,0.139808,70,0,7.83333,,0,0,0,0,0,0,0,0,0,,216,216,,0,0,0,0
1612825084771,6,1010123456019,74,,1,2,5,1,1,,12.007,142,197,0.101728,42,0,6.83333,,0,0,0,0,0,0,0,0,0,,126,126,,0,0,0,0
1612825085021,6,1010123456019,74,,1,2,5,1,1,,9.95197,229,0,0.11728,62,0,6.5,,0,0,0,0,0,0,0,0,0,,198,198,,0,0,0,0
1612825085271,6,1010123456019,74,,1,2,5,1,1,,8.33745,243,0,0.14288,74,0,8,,4.64474,76,0,0.1,23,86.9565,0,3.10993,31,,210,210,,0,0,0,8.85526
1612825085521,6,1010123456019,74,,1,2,5,1,1,,13.3211,109,0,0.095712,33,0,8.66667,,0,0,0,0,0,0,0,0,0,,93,93,,0,0,0,0
1612825085771,6,1010123456019,74,,1,2,5,1,1,,7.30909,275,515,0.121216,72,0,6.28571,,0,0,0,0,0,0,0,0,0,,240,240,,0,0,0,0
1612825086021,6,1010123456019,74,,1,2,5,1,1,,11.1317,243,0,0.153856,76,0,6.83333,,0,0,0,0,0,0,0,0,0,,207,207,,0,0,0,0
1612825086271,6,1010123456019,74,,1,2,5,1,1,,6.11467,375,0,0.151424,110,0,6.25,,5.94286,35,0,0.1,10,60,0,8.12521,31,,327,327,,0,0,0,7.14286
1612825086521,6,1010123456019,74,,1,2,5,1,1,,11.2771,166,0,0.106656,45,0,7.8,,0,0,0,0,0,0,0,0,0,,144,144,,0,0,0,0
1612825086771,6,1010123456019,74,,1,2,5,1,1,,7.73818,275,382,0.136256,81,0,5.71429,,0,0,0,0,0,0,0,0,0,,237,237,,0,0,0,0
1612825087021,6,1010123456019,74,,1,2,5,1,1,,12.7716,197,0,0.153824,57,0,7.66667,,0,0,0,0,0,0,0,0,0,,168,168,,0,0,0,0
1612825087271,6,1010123456019,74,,1,2,5,1,1,,12.2917,96,158,0.069312,28,0,8,,0.1,16,0,0,4,100,0,0.461982,0,,84,84,,0,0,0,10
1612825087521,6,1010123456019,74,,1,2,5,1,1,,12.3621,174,0,0.117408,46,0,7.83333,,0.1,17,0,0.1,5,60,0,1.6172,31,,150,150,,0,0,0,7.11765
1612825087771,6,1010123456019,74,,1,2,5,1,1,,6.57143,287,32,0.116544,82,0,6,,0,0,0,0,0,0,0,0,0,,240,240,,0,0,0,0
1612825088021,6,1010123456019,74,,1,2,5,1,1,,11.0183,164,158,0.107776,47,0,8.33333,,0,0,0,0,0,0,0,0,0,,141,141,,0,0,0,0
1612825088271,6,1010123456019,74,,1,2,5,1,1,,5.25122,410,547,0.128928,115,0,5.8,,0.1,43,0,0.1,12,66.6667,0,2.84405,31,,354,354,,0,0,0,7.95349
1612825088521,6,1010123456019,74,,1,2,5,1,1,,13.7394,142,158,0.128352,44,0,9.6,,0,0,0,0,0,0,0,0,0,,117,117,,0,0,0,0
1612825088771,6,1010123456019,74,,1,2,5,1,1,,11.027,222,82,0.149184,62,0,8.66667,,0,0,0,0,0,0,0,0,0,,195,195,,0,0,0,0
1612825089021,6,1010123456019,74,,1,2,5,1,1,,10.5595,168,0,0.097856,47,0,8,,0,0,0,0,0,0,0,0,0,,144,144,,0,0,0,0
1612825089271,6,1010123456019,74,,1,2,5,1,1,,13.0481,187,135,0.154368,57,0,8,,0,12,0,0,4,100,0,0,0,,165,165,,0,0,0,0
1612825089521,6,1010123456019,74,,1,2,5,1,1,,5.4519,343,721,0.124896,93,0,5.5,,0,0,0,0,0,0,0,0,0,,294,294,,0,0,0,0
1612825089771,6,1010123456019,74,,1,2,5,1,1,,11.1006,159,164,0.10144,50,0,7.57143,,0,0,0,0,0,0,0,0,0,,138,138,,0,0,0,0
1612825090021,6,1010123456019,74,,1,2,5,1,1,,11.4877,203,0,0.150016,62,0,8.4,,0,0,0,0,0,0,0,0,0,,177,177,,0,0,0,0
1612825090271,6,1010123456019,74,,1,2,5,1,1,,11.5469,192,0,0.13376,56,0,7.5,,9.1,20,0,0.1,6,66.6667,0,11.7731,31,,168,168,,0,0,0,6.85
1612825090521,6,1010123456019,74,,1,2,5,1,1,,8.53953,215,562,0.11536,58,0,6.6,,0,0,0,0,0,0,0,0,0,,189,189,,0,0,0,0
1612825090771,6,1010123456019,74,,1,2,5,1,1,,11.1776,152,158,0.11072,48,0,8.83333,,0,0,0,0,0,0,0,0,0,,129,129,,0,0,0,0
1612825091021,6,1010123456019,74,,1,2,5,1,1,,12.1971,137,0,0.095776,37,0,7.5,,0,0,0,0,0,0,0,0,0,,117,117,,0,0,0,0
1612825091271,6,1010123456019,74,,1,2,5,1,1,,11.351,208,0,0.144544,64,0,7.16667,,0.1,42,0,0.1,12,66.6667,0,1.00978,31,,189,189,,0,0,0,7.42857
1612825091521,6,1010123456019,74,,1,2,5,1,1,,10.5989,182,97,0.110688,49,0,6.83333,,0,0,0,0,0,0,0,0,0,,168,168,,0,0,0,0
1612825091771,6,1010123456019,74,,1,2,5,1,1,,10.3846,169,333,0.099296,50,0,7.28571,,0,0,0,0,0,0,0,0,0,,141,141,,0,0,0,0
1612825092021,6,1010123456019,74,,1,2,5,1,1,,10.7432,183,158,0.112704,53,0,7.5,,0,0,0,0,0,0,0,0,0,,159,159,,0,0,0,0
1612825092271,6,1010123456019,74,,1,2,5,1,1,,11.9577,142,294,0.092352,38,0,7.6,,0.1,15,0,0,4,100,0,0.683138,0,,123,123,,0,0,0,10
1612825092521,6,1010123456019,74,,1,2,5,1,1,,11.2115,104,69,0.08128,34,0,8,,2.08696,46,0,0.1,13,92.3077,0,6.68792,31,,90,90,,0,0,0,9.54348
1612825092771,6,1010123456019,74,,1,2,5,1,1,,9.78488,172,0,0.097504,50,0,6.85714,,7.31429,105,0,0.1,30,86.6667,0,9.07509,31,,147,147,,0,0,0,8.88572
1612825093021,6,1010123456019,74,,1,2,5,1,1,,12.9222,90,234,0.064,24,0,7.5,,5.43396,53,0,0.1,16,75,0,7.76195,31,,75,75,,0,0,0,7.81132
1612825093271,6,1010123456019,74,,1,2,5,1,1,,11.7941,204,0,0.144512,60,0,7.5,,0,11,0,0,4,100,0,0,0,,177,177,,0,0,0,0
1612825093521,6,1010123456019,74,,1,2,5,1,1,,7.55245,143,204,0.061024,39,0,6.33333,,0,0,0,0,0,0,0,0,0,,126,126,,0,0,0,0
1612825093771,6,1010123456019,74,,1,2,5,1,1,,6.52869,244,1639,0.100384,66,0,6.14286,,0,0,0,0,0,0,0,0,0,,219,219,,0,0,0,0
1612825094021,6,1010123456019,74,,1,2,5,1,1,,10.9283,279,266,0.17632,82,0,6.83333,,0,0,0,0,0,0,0,0,0,,243,243,,0,0,0,0
1612825094271,6,1010123456019,74,,1,2,5,1,1,,3,544,0,0.100064,152,0,5.4,,0.1,16,0,0,4,100,0,0.287803,0,,465,465,,0,0,0,10
1612825094521,6,1010123456019,74,,1,2,5,1,1,,12.4792,144,69,0.116864,48,0,7.66667,,0.1,16,0,0,4,100,0,0.94402,0,,123,123,,0,0,0,10
1612825094771,6,1010123456019,74,,1,2,5,1,1,,12.9554,112,0,0.09072,33,0,9,,0,0,0,0,0,0,0,0,0,,96,96,,0,0,0,0
1612825095021,6,1010123456019,74,,1,2,5,1,1,,6.05672,335,0,0.105632,88,0,5.83333,,0,0,0,0,0,0,0,0,0,,285,285,,0,0,0,0
1612825095271,6,1010123456019,74,,1,2,5,1,1,,8.16216,296,0,0.159232,93,0,6.33333,,0.1,22,0,0.1,6,66.6667,0,5.34108,31,,258,258,,0,0,0,7.68182
1612825095521,6,1010123456019,74,,1,2,5,1,1,,9.98419,253,0,0.160576,72,0,7.83333,,0,0,0,0,0,0,0,0,0,,216,216,,0,0,0,0
1612825095771,6,1010123456019,74,,1,2,5,1,1,,12.7196,214,0,0.185312,62,0,8.66667,,0,0,0,0,0,0,0,0,0,,186,186,,0,0,0,0
1612825096021,6,1010123456019,74,,1,2,5,1,1,,5.16176,204,158,0.06864,59,0,6.66667,,0,0,0,0,0,0,0,0,0,,177,177,,0,0,0,0
1612825096271,6,1010123456019,74,,1,2,5,1,1,,12.9032,124,0,0.083808,31,0,8,,2.10909,55,0,0.1,16,81.25,0,4.54356,31,,108,108,,0,0,0,8.25455
1612825096521,6,1010123456019,74,,1,2,5,1,1,,12.731,145,0,0.11296,43,0,8,,0,0,0,0,0,0,0,0,0,,120,120,,0,0,0,0
1612825096772,6,1010123456019,74,,1,2,5,1,1,,13.9587,121,226,0.110406,36,0,9.14286,,0,0,0,0,0,0,0,0,0,,108,108,,0,0,0,0
1612825097021,6,1010123456019,74,,1,2,5,1,1,,9.78064,155,184,0.113639,46,0,8.33333,,0,0,0,0,0,0,0,0,0,,135,135,,0,0,0,0
1612825097271,6,1010123456019,74,,1,2,5,1,1,,11.8802,167,39,0.12144,50,0,7.66667,,0,12,0,0,4,100,0,0,0,,150,150,,0,0,0,0
1612825097521,6,1010123456019,74,,1,2,5,1,1,,10.6649,188,0,0.112576,51,0,7.83333,,0.1,7,0,0.1,2,0,0,1.06791,31,,156,156,,0,0,0,3
1612825097771,6,1010123456019,74,,1,2,5,1,1,,13.2273,88,48,0.07536,26,0,8.85714,,0,0,0,0,0,0,0,0,0,,75,75,,0,0,0,0
1612825098021,6,1010123456019,74,,1,2,5,1,1,,9.36744,215,315,0.112896,60,0,6.83333,,0,0,0,0,0,0,0,0,0,,183,183,,0,0,0,0
1612825098271,6,1010123456019,74,,1,2,5,1,1,,12.8814,118,0,0.095968,36,0,8,,0.1,20,0,0.1,6,33.3333,0,0.93149,31,,102,102,,0,0,0,6.05
1612825098521,6,1010123456019,74,,1,2,5,1,1,,11.3575,207,315,0.13792,58,0,7.5,,0,0,0,0,0,0,0,0,0,,177,177,,0,0,0,0
1612825098771,6,1010123456019,74,,1,2,5,1,1,,11.9731,223,0,0.145984,60,0,7.5,,0,0,0,0,0,0,0,0,0,,186,186,,0,0,0,0
1612825099021,6,1010123456019,74,,1,2,5,1,1,,5.61918,365,158,0.14512,109,0,6.8,,0,0,0,0,0,0,0,0,0,,318,318,,0,0,0,0
1612825099271,6,1010123456019,74,,1,2,5,1,1,,8.80263,152,0,0.076128,42,0,6.33333,,14.6966,89,0,0.1,28,85.7143,0,5.21542,31,,126,126,,0,0,0,8.48315
1612825099521,6,1010123456019,74,,1,2,5,1,1,,13.8462,156,158,0.137568,45,0,9.33333,,0,0,0,0,0,0,0,0,0,,135,135,,0,0,0,0
1612825099771,6,1010123456019,74,,1,2,5,1,1,,7.49187,246,0,0.109664,68,0,7,,0,0,0,0,0,0,0,0,0,,210,210,,0,0,0,0
1612825100021,6,1010123456019,74,,1,2,5,1,1,,5.83258,221,0,0.084448,65,0,6.66667,,0,0,0,0,0,0,0,0,0,,189,189,,0,0,0,0
1612825100271,6,1010123456019,74,,1,2,5,1,1,,13.1538,169,10,0.126912,45,0,7.66667,,0.1,28,0,0,8,100,0,0.660125,0,,150,150,,0,0,0,10
1612825100521,6,1010123456019,74,,1,2,5,1,1,,9.05294,170,0,0.093024,52,0,7.16667,,0,0,0,0,0,0,0,0,0,,147,147,,0,0,0,0
1612825100771,6,1010123456019,74,,1,2,5,1,1,,14.3626,171,69,0.150048,45,0,8.83333,,0,0,0,0,0,0,0,0,0,,147,147,,0,0,0,0
1612825101021,6,1010123456019,74,,1,2,5,1,1,,12.1951,123,0,0.103808,41,0,8.5,,0,0,0,0,0,0,0,0,0,,105,105,,0,0,0,0
1612825101271,6,1010123456019,74,,1,2,5,1,1,,6.64671,167,0,0.071072,47,0,7.33333,,0.1,32,0,0.1,9,66.6667,0,0.386883,31,,147,147,,0,0,0,7.28125
1612825101521,6,1010123456019,74,,1,2,5,1,1,,12.934,106,205,0.084544,32,0,8,,0,0,0,0,0,0,0,0,0,,93,93,,0,0,0,0
1612825101771,6,1010123456019,74,,1,2,5,1,1,,13.6429,168,103,0.139456,48,0,8.28571,,0,0,0,0,0,0,0,0,0,,147,147,,0,0,0,0
1612825102021,6,1010123456019,74,,1,2,5,1,1,,13.1399,193,0,0.142048,52,0,8,,0,0,0,0,0,0,0,0,0,,159,159,,0,0,0,0
1612825102271,6,1010123456019,74,,1,2,5,1,1,,12.6991,113,0,0.083456,32,0,7.83333,,0.1,98,0,0.1,30,86.6667,0,2.40397,31,,99,99,,0,0,0,9.08163
1612825102521,6,1010123456019,74,,1,2,5,1,1,,12.562,121,0,0.093088,36,0,9.16667,,0,0,0,0,0,0,0,0,0,,105,105,,0,0,0,0
1612825102771,6,1010123456019,74,,1,2,5,1,1,,12.1395,129,157,0.090304,36,0,8.5,,0,0,0,0,0,0,0,0,0,,108,108,,0,0,0,0
1612825103021,6,1010123456019,74,,1,2,5,1,1,,13.2696,115,0,0.105664,36,0,8.4,,0,0,0,0,0,0,0,0,0,,102,102,,0,0,0,0
1612825103271,6,1010123456019,74,,1,2,5,1,1,,11.3829,175,0,0.115072,50,0,7,,3.3913,46,0,0.1,14,64.2857,0,3.16688,31,,153,153,,0,0,0,6.95652
1612825103521,6,1010123456019,74,,1,2,5,1,1,,13.7823,124,0,0.09792,34,0,9,,0,0,0,0,0,0,0,0,0,,105,105,,0,0,0,0
1612825103771,6,1010123456019,74,,1,2,5,1,1,,9.33333,255,43,0.145952,72,0,8.33333,,0,0,0,0,0,0,0,0,0,,219,219,,0,0,0,0
1612825104021,6,1010123456019,74,,1,2,5,1,1,,12.5813,203,114,0.156032,60,0,7.66667,,0,0,0,0,0,0,0,0,0,,180,180,,0,0,0,0
1612825104271,6,1010123456019,74,,1,2,5,1,1,,11.4957,230,0,0.157824,67,0,7.5,,10.1316,38,0,0.1,11,72.7273,0,5.95323,31,,198,198,,0,0,0,8.1579
1612825104521,6,1010123456019,74,,1,2,5,1,1,,7.12105,190,0,0.087968,55,0,7.33333,,0,0,0,0,0,0,0,0,0,,165,165,,0,0,0,0
1612825104771,6,1010123456019,74,,1,2,5,1,1,,10.5809,136,0,0.08672,40,0,7.16667,,0,0,0,0,0,0,0,0,0,,114,114,,0,0,0,0
1612825105021,6,1010123456019,74,,1,2,5,1,1,,11.3922,232,0,0.149472,64,0,7.33333,,0,0,0,0,0,0,0,0,0,,201,201,,0,0,0,0
1612825105271,6,1010123456019,74,,1,2,5,1,1,,12.8229,175,455,0.135488,52,0,7.83333,,0.1,15,0,0,4,100,0,0.35166,0,,150,150,,0,0,0,10
1612825105521,6,1010123456019,74,,1,2,5,1,1,,12.439,123,0,0.092864,36,0,7.66667,,0,0,0,0,0,0,0,0,0,,105,105,,0,0,0,0
1612825105771,6,1010123456019,74,,1,2,5,1,1,,6.40467,257,499,0.098528,68,0,5.8,,0,0,0,0,0,0,0,0,0,,219,219,,0,0,0,0
1612825106021,6,1010123456019,74,,1,2,5,1,1,,5.33611,360,0,0.12608,107,0,6.5,,0,0,0,0,0,0,0,0,0,,306,306,,0,0,0,0
1612825106271,6,1010123456019,74,,1,2,5,1,1,,9.67485,163,278,0.09312,48,0,7.6,,0.1,15,0,0,4,100,0,0.234629,0,,144,144,,0,0,0,10
1612825106521,6,1010123456019,74,,1,2,5,1,1,,12.3475,118,205,0.081504,32,0,8,,0,12,0,0,4,100,0,0,0,,102,102,,0,0,0,0
1612825106771,6,1010123456019,74,,1,2,5,1,1,,6.77606,259,749,0.116672,73,0,5.83333,,0,0,0,0,0,0,0,0,0,,228,228,,0,0,0,0
1612825107021,6,1010123456019,74,,1,2,5,1,1,,12.0365,219,0,0.151488,67,0,8,,0,0,0,0,0,0,0,0,0,,186,186,,0,0,0,0
1612825107271,6,1010123456019,74,,1,2,5,1,1,,13.0095,211,158,0.15312,57,0,7.66667,,0.1,28,0,0,8,100,0,0.365868,0,,183,183,,0,0,0,10
1612825107521,6,1010123456019,74,,1,2,5,1,1,,11.3234,235,0,0.16064,71,0,8,,0,0,0,0,0,0,0,0,0,,204,204,,0,0,0,0
1612825107771,6,1010123456019,74,,1,2,5,1,1,,15.2613,111,0,0.111072,31,0,9,,0,12,0,0,4,100,0,0,0,,96,96,,0,0,0,0
1612825108021,6,1010123456019,74,,1,2,5,1,1,,10.6158,177,158,0.112544,52,0,6.5,,0,0,0,0,0,0,0,0,0,,150,150,,0,0,0,0
1612825108271,6,1010123456019,74,,1,2,5,1,1,,9.34061,229,0,0.109088,61,0,6.83333,,0,0,0,0,0,0,0,0,0,,201,201,,0,0,0,0
1612825108521,6,1010123456019,74,,1,2,5,1,1,,7.51613,217,158,0.110112,66,0,6.33333,,0,12,0,0,4,100,0,0,0,,180,180,,0,0,0,0
1612825108771,6,1010123456019,74,,1,2,5,1,1,,11.6688,154,0,0.108512,40,0,9,,0,0,0,0,0,0,0,0,0,,135,135,,0,0,0,0
1612825109021,6,1010123456019,74,,1,2,5,1,1,,10.7338,139,0,0.08608,41,0,7,,0,0,0,0,0,0,0,0,0,,120,120,,0,0,0,0
1612825109271,6,1010123456019,74,,1,2,5,1,1,,12.8545,165,0,0.132832,49,0,7.6,,0.1,19,0,0.1,6,33.3333,0,8.05582,31,,135,135,,0,0,0,5.26316
1612825109521,6,1010123456019,74,,1,2,5,1,1,,13.0542,166,158,0.133184,49,0,8,,0,0,0,0,0,0,0,0,0,,147,147,,0,0,0,0
1612825109771,6,1010123456019,74,,1,2,5,1,1,,5.81769,373,0,0.124352,103,0,5.57143,,0,0,0,0,0,0,0,0,0,,321,321,,0,0,0,0
1612825110021,6,1010123456019,74,,1,2,5,1,1,,7.70877,285,0,0.14159,82,0,6.16667,,0,0,0,0,0,0,0,0,0,,243,243,,0,0,0,0
1612825110271,6,1010123456019,74,,1,2,5,1,1,,10.6258,155,0,0.095232,44,0,7.6,,14.5,10,0,0.1,3,0,0,33.3028,31,,132,132,,0,0,0,1
1612825110521,6,1010123456019,74,,1,2,5,1,1,,8.09767,215,725,0.106688,56,0,6.16667,,0,0,0,0,0,0,0,0,0,,186,186,,0,0,0,0
1612825110771,6,1010123456019,74,,1,2,5,1,1,,5.55164,426,97,0.161824,130,0,5.71429,,0,0,0,0,0,0,0,0,0,,369,369,,0,0,0,0
1612825111021,6,1010123456019,74,,1,2,5,1,1,,5.52158,278,1071,0.087936,75,0,6.33333,,0,0,0,0,0,0,0,0,0,,240,240,,0,0,0,0
1612825111271,6,1010123456019,74,,1,2,5,1,1,,11.1019,206,137,0.1416,63,0,7.5,,8.30233,43,0,0.1,12,83.3333,0,8.96236,31,,177,177,,0,0,0,8.53488
1612825111521,6,1010123456019,74,,1,2,5,1,1,,11.7816,174,0,0.12208,47,0,7.4,,0,0,0,0,0,0,0,0,0,,150,150,,0,0,0,0
1612825111771,6,1010123456019,74,,1,2,5,1,1,,14.6875,80,158,0.072,25,0,9.42857,,0,0,0,0,0,0,0,0,0,,69,69,,0,0,0,0
1612825112021,6,1010123456019,74,,1,2,5,1,1,,6.01453,413,0,0.1488,118,0,4.5,,0,0,0,0,0,0,0,0,0,,354,354,,0,0,0,0
1612825112271,6,1010123456019,74,,1,2,5,1,1,,11.1939,165,0,0.104032,47,0,7.5,,0.1,16,0,0,4,100,0,0.645919,0,,141,141,,0,0,0,10
1612825112521,6,1010123456019,74,,1,2,5,1,1,,14.0556,90,69,0.083168,28,0,8,,0.1,12,0,0,4,100,0,0.424608,0,,78,78,,0,0,0,10
1612825112771,6,1010123456019,74,,1,2,5,1,1,,8.16105,267,0,0.138656,77,0,5.28571,,0,0,0,0,0,0,0,0,0,,231,231,,0,0,0,0
1612825113021,6,1010123456019,74,,1,2,5,1,1,,10.7109,256,53,0.163136,72,0,8,,0.1,4,0,0.1,1,0,0,1.40579,31,,222,222,,0,0,0,3
1612825113271,6,1010123456019,74,,1,2,5,1,1,,10.1737,167,315,0.10768,51,0,7.5,,8.4,25,0,0.1,7,57.1429,0,3.88548,31,,144,144,,0,0,0,6.84
1612825113521,6,1010123456019,74,,1,2,5,1,1,,14.2329,146,0,0.132256,42,0,8.83333,,0,0,0,0,0,0,0,0,0,,126,126,,0,0,0,0
1612825113771,6,1010123456019,74,,1,2,5,1,1,,10.1516,310,0,0.177472,87,0,7.14286,,0,0,0,0,0,0,0,0,0,,267,267,,0,0,0,0
1612825114021,6,1010123456019,74,,1,2,5,1,1,,13.624,125,0,0.10112,34,0,8.83333,,0,0,0,0,0,0,0,0,0,,108,108,,0,0,0,0
1612825114271,6,1010123456019,74,,1,2,5,1,1,,12.0915,142,0,0.101056,41,0,7.66667,,3.82979,47,0,0.1,15,80,0,3.10822,31,,123,123,,0,0,0,8.46809
1612825114521,6,1010123456019,74,,1,2,5,1,1,,9.61852,270,168,0.159904,77,0,7,,0,0,0,0,0,0,0,0,0,,234,234,,0,0,0,0
1612825114771,6,1010123456019,74,,1,2,5,1,1,,5.41119,411,379,0.14016,118,0,4.66667,,0,0,0,0,0,0,0,0,0,,354,354,,0,0,0,0
1612825115021,6,1010123456019,74,,1,2,5,1,1,,6.90417,240,0,0.112544,72,0,9.66667,,0,0,0,0,0,0,0,0,0,,207,207,,0,0,0,0
1612825115271,6,1010123456019,74,,1,2,5,1,1,,11.9655,145,158,0.104128,39,0,8.2,,0.1,21,0,0.1,6,66.6667,0,5.14362,31,,123,123,,0,0,0,8.04762
1612825115521,6,1010123456019,74,,1,2,5,1,1,,13.2727,154,0,0.133184,46,0,9.4,,0,0,0,0,0,0,0,0,0,,132,132,,0,0,0,0
1612825115771,6,1010123456019,74,,1,2,5,1,1,,10.78,200,497,0.118112,55,0,7.5,,0,0,0,0,0,0,0,0,0,,168,168,,0,0,0,0
1612825116021,6,1010123456019,74,,1,2,5,1,1,,13.321,162,471,0.139232,49,0,8.83333,,0,0,0,0,0,0,0,0,0,,141,141,,0,0,0,0
1612825116271,6,1010123456019,74,,1,2,5,1,1,,12.6422,109,0,0.079712,31,0,7.83333,,13.7143,7,0,0.1,2,0,0,31.7614,31,,99,99,,0,0,0,1
1612825116521,6,1010123456019,74,,1,2,5,1,1,,10.4308,130,203,0.075552,36,0,7.4,,0,0,0,0,0,0,0,0,0,,111,111,,0,0,0,0
1612825116771,6,1010123456019,74,,1,2,5,1,1,,10.2874,167,0,0.102688,46,0,7.33333,,0,0,0,0,0,0,0,0,0,,144,144,,0,0,0,0
1612825117021,6,1010123456019,74,,1,2,5,1,1,,12.4413,213,103,0.16176,65,0,7.4,,0,0,0,0,0,0,0,0,0,,189,189,,0,0,0,0
1612825117271,6,1010123456019,74,,1,2,5,1,1,,10.5242,227,158,0.132576,63,0,6.5,,15,13,0,0,4,100,0,0.971773,0,,195,195,,0,0,0,10
1612825117521,6,1010123456019,74,,1,2,5,1,1,,11.4912,228,158,0.16544,70,0,8.6,,0,0,0,0,0,0,0,0,0,,195,195,,0,0,0,0
1612825117771,6,1010123456019,74,,1,2,5,1,1,,9.65363,179,0,0.107488,51,0,7,,0,0,0,0,0,0,0,0,0,,159,159,,0,0,0,0
1612825118021,6,1010123456019,74,,1,2,5,1,1,,13.9155,142,27,0.108608,37,0,9.16667,,0,0,0,0,0,0,0,0,0,,117,117,,0,0,0,0
1612825118271,6,1010123456019,74,,1,2,5,1,1,,7.73864,176,484,0.090144,52,0,6.8,,8.2,40,0,0.1,12,75,0,1.98121,31,,150,150,,0,0,0,8.2
1612825118521,6,1010123456019,74,,1,2,5,1,1,,6.23005,426,0,0.161856,123,0,6.66667,,0,0,0,0,0,0,0,0,0,,366,366,,0,0,0,0
1612825118771,6,1010123456019,74,,1,2,5,1,1,,13.1818,132,1777,0.116512,38,0,7.57143,,0,0,0,0,0,0,0,0,0,,117,117,,0,0,0,0
1612825119021,6,1010123456019,74,,1,2,5,1,1,,13.5455,187,0,0.1536,54,0,8.33333,,0,0,0,0,0,0,0,0,0,,162,162,,0,0,0,0
1612825119271,6,1010123456019,74,,1,2,5,1,1,,12.4918,183,0,0.137952,53,0,9.2,,0.1,126,0,0.1,37,89.1892,0,2.2617,31,,153,153,,0,0,0,8.92064
1612825119521,6,1010123456019,74,,1,2,5,1,1,,12.7229,166,0,0.117088,44,0,8,,0,0,0,0,0,0,0,0,0,,144,144,,0,0,0,0
1612825119771,6,1010123456019,74,,1,2,5,1,1,,6.79355,310,0,0.148,93,0,6.85714,,0,0,0,0,0,0,0,0,0,,267,267,,0,0,0,0
1612825120021,6,1010123456019,74,,1,2,5,1,1,,11.7778,126,158,0.085376,36,0,7.83333,,0,0,0,0,0,0,0,0,0,,108,108,,0,0,0,0
1612825120271,6,1010123456019,74,,1,2,5,1,1,,6.74007,277,69,0.11584,78,0,6.4,,10.6087,23,0,0.1,6,66.6667,0,9.53918,31,,237,237,,0,0,0,7.26087
1612825120521,6,1010123456019,74,,1,2,5,1,1,,12.0075,134,158,0.096064,40,0,7.66667,,0,0,0,0,0,0,0,0,0,,117,117,,0,0,0,0
1612825120771,6,1010123456019,74,,1,2,5,1,1,,14.1212,165,0,0.147232,46,0,9.28571,,0,0,0,0,0,0,0,0,0,,144,144,,0,0,0,0
1612825121021,6,1010123456019,74,,1,2,5,1,1,,8.02092,239,158,0.118304,69,0,6.33333,,0,0,0,0,0,0,0,0,0,,204,204,,0,0,0,0
1612825121271,6,1010123456019,74,,1,2,5,1,1,,12.612,183,0,0.135424,52,0,7.83333,,0,18,0,0.1,6,66.6667,0,0,31,,159,159,,0,0,0,0
1612825121521,6,1010123456019,74,,1,2,5,1,1,,12.4191,136,84,0.106592,40,0,8.16667,,0,0,0,0,0,0,0,0,0,,120,120,,0,0,0,0
1612825121771,6,1010123456019,74,,1,2,5,1,1,,11.0658,243,361,0.15136,67,0,7.5,,0.1,4,0,0.1,1,0,0,0.766649,31,,204,204,,0,0,0,4
1612825122021,6,1010123456019,74,,1,2,5,1,1,,12.6602,206,234,0.159264,61,0,8.66667,,0,0,0,0,0,0,0,0,0,,177,177,,0,0,0,0
1612825122271,6,1010123456019,74,,1,2,5,1,1,,13.0819,171,471,0.133024,49,0,8,,0.1,16,0,0,4,100,0,0.515433,0,,144,144,,0,0,0,10
1612825122521,6,1010123456019,74,,1,2,5,1,1,,13.905,179,48,0.152768,50,0,8.66667,,0.1,16,0,0,4,100,0,0.787098,0,,159,159,,0,0,0,10
1612825122771,6,1010123456019,74,,1,2,5,1,1,,12.152,171,137,0.127936,51,0,7.57143,,0,0,0,0,0,0,0,0,0,,150,150,,0,0,0,0
1612825123021,6,1010123456019,74,,1,2,5,1,1,,14.3121,157,48,0.137376,43,0,8.83333,,0,0,0,0,0,0,0,0,0,,132,132,,0,0,0,0
1612825123271,6,1010123456019,74,,1,2,5,1,1,,7.33088,272,653,0.131168,81,0,6,,0.947368,19,0,0.1,6,66.6667,0,11.1932,0,,237,237,,0,0,0,6.68421
1612825123521,6,1010123456019,74,,1,2,5,1,1,,12.457,221,0,0.160896,63,0,7.5,,0,0,0,0,0,0,0,0,0,,189,189,,0,0,0,0
1612825123771,6,1010123456019,74,,1,2,5,1,1,,11.6807,119,294,0.077856,33,0,7.5,,0,0,0,0,0,0,0,0,0,,102,102,,0,0,0,0
1612825124021,6,1010123456019,74,,1,2,5,1,1,,11.6139,158,0,0.1088,45,0,8.66667,,0,0,0,0,0,0,0,0,0,,132,132,,0,0,0,0
1612825124271,6,1010123456019,74,,1,2,5,1,1,,12.2419,215,0,0.159648,59,0,7.66667,,8.86957,23,0,0.1,7,57.1429,0,8.34862,31,,186,186,,0,0,0,6.08696
1612825124521,6,1010123456019,74,,1,2,5,1,1,,7.43882,237,0,0.120384,71,0,7.5,,0,0,0,0,0,0,0,0,0,,204,204,,0,0,0,0
1612825124771,6,1010123456019,74,,1,2,5,1,1,,11.642,176,363,0.117216,48,0,7,,0,0,0,0,0,0,0,0,0,,153,153,,0,0,0,0
1612825125021,6,1010123456019,74,,1,2,5,1,1,,7.51542,227,0,0.100096,66,0,5.16667,,0,0,0,0,0,0,0,0,0,,195,195,,0,0,0,0
1612825125271,6,1010123456019,74,,1,2,5,1,1,,11.6316,133,497,0.080672,36,0,7.33333,,0,12,0,0,4,100,0,0,0,,117,117,,0,0,0,0
1612825125521,6,1010123456019,74,,1,2,5,1,1,,12.953,149,0,0.122112,45,0,8,,0.1,16,0,0,4,100,0,0.516989,0,,126,126,,0,0,0,10
1612825125771,6,1010123456019,74,,1,2,5,1,1,,12.4466,206,44,0.132608,53,0,7,,0,0,0,0,0,0,0,0,0,,180,180,,0,0,0,0
1612825126021,6,1010123456019,74,,1,2,5,1,1,,7.32075,212,0,0.105888,64,0,7.16667,,0,0,0,0,0,0,0,0,0,,177,177,,0,0,0,0
1612825126271,6,1010123456019,74,,1,2,5,1,1,,5.64352,216,804,0.091648,60,0,8,,0.1,16,0,0,4,100,0,0.840002,0,,189,189,,0,0,0,10
1612825126521,6,1010123456019,74,,1,2,5,1,1,,9.15548,283,0,0.140096,80,0,7,,0.1,12,0,0,3,100,0,0.858014,0,,243,243,,0,0,0,10
1612825126771,6,1010123456019,74,,1,2,5,1,1,,6.55708,219,0,0.108608,70,0,7.71429,,0.1,4,0,0,1,100,0,0.1,0,,189,189,,0,0,0,10
1612825127021,6,1010123456019,74,,1,2,5,1,1,,6.8,260,968,0.107712,68,0,5.83333,,0,0,0,0,0,0,0,0,0,,222,222,,0,0,0,0
1612825127271,6,1010123456019,74,,1,2,5,1,1,,12.6353,170,0,0.135232,54,0,9,,8.65217,23,0,0.1,6,66.6667,0,10.0633,31,,144,144,,0,0,0,7.26087
1612825127521,6,1010123456019,74,,1,2,5,1,1,,12.9928,138,222,0.10288,35,0,8.5,,0,0,0,0,0,0,0,0,0,,120,120,,0,0,0,0
1612825127771,6,1010123456019,74,,1,2,5,1,1,,10.9145,152,158,0.095776,45,0,7.16667,,0,0,0,0,0,0,0,0,0,,126,126,,0,0,0,0
1612825128021,6,1010123456019,74,,1,2,5,1,1,,7.56195,226,0,0.110048,67,0,6.66667,,0,0,0,0,0,0,0,0,0,,195,195,,0,0,0,0
1612825128271,6,1010123456019,74,,1,2,5,1,1,,11.6985,136,763,0.088928,38,0,7.6,,10.5556,36,0,0.1,10,80,0,8.07709,31,,117,117,,0,0,0,8
1612825128521,6,1010123456019,74,,1,2,5,1,1,,9.92308,260,0,0.153696,76,0,7.2,,0,0,0,0,0,0,0,0,0,,225,225,,0,0,0,0
1612825128771,6,1010123456019,74,,1,2,5,1,1,,9.99614,259,0,0.132032,68,0,6.71429,,0,0,0,0,0,0,0,0,0,,219,219,,0,0,0,0
1612825129021,6,1010123456019,74,,1,2,5,1,1,,13.3932,206,0,0.17328,62,0,8.66667,,0,0,0,0,0,0,0,0,0,,177,177,,0,0,0,0
1612825129271,6,1010123456019,74,,1,2,5,1,1,,12.6575,146,0,0.11168,42,0,8,,0.1,16,0,0,4,100,0,0.261744,0,,126,126,,0,0,0,10
1612825129521,6,1010123456019,74,,1,2,5,1,1,,3.6314,293,321,0.07568,81,0,5.66667,,0,9,0,0,3,100,0,0,0,,255,255,,0,0,0,0
1612825129771,6,1010123456019,74,,1,2,5,1,1,,10.6543,243,241,0.152032,74,0,8.5,,0,3,0,0,1,100,0,0,0,,207,207,,0,0,0,0
1612825130021,6,1010123456019,74,,1,2,5,1,1,,11.8735,166,447,0.121664,42,0,6.83333,,0,0,0,0,0,0,0,0,0,,141,141,,0,0,0,0
1612825130271,6,1010123456019,74,,1,2,5,1,1,,9.66393,244,390,0.140896,74,0,7.83333,,2.60185,108,0,0.1,32,87.5,0,4.50905,31,,207,207,,0,0,0,8.75
1612825130521,6,1010123456019,74,,1,2,5,1,1,,7.4386,342,226,0.1536,98,0,5.83333,,0,0,0,0,0,0,0,0,0,,294,294,,0,0,0,0
1612825130771,6,1010123456019,74,,1,2,5,1,1,,10.651,192,0,0.110592,52,0,8.42857,,0,0,0,0,0,0,0,0,0,,168,168,,0,0,0,0
1612825131021,6,1010123456019,74,,1,2,5,1,1,,13.7537,134,323,0.121632,41,0,7.66667,,0,0,0,0,0,0,0,0,0,,111,111,,0,0,0,0
1612825131271,6,1010123456019,74,,1,2,5,1,1,,12.7381,168,129,0.115488,45,0,7.5,,0.1,16,0,0,4,100,0,0.1,0,,147,147,,0,0,0,10
1612825131521,6,1010123456019,74,,1,2,5,1,1,,8.86667,210,795,0.126848,62,0,6.83333,,6.40909,44,0,0.1,12,83.3333,0,7.63234,31,,183,183,,0,0,0,8.77273
1612825131771,6,1010123456019,74,,1,2,5,1,1,,10.5388,206,0,0.12416,58,0,8.57143,,5.71569,102,0,0.1,30,86.6667,0,8.95884,31,,174,174,,0,0,0,8.67647
1612825132021,6,1010123456019,74,,1,2,5,1,1,,11.7945,146,0,0.105792,44,0,7.83333,,5.32,100,0,0.1,30,83.3333,0,9.04793,31,,126,126,,0,0,0,8.24
1612825132271,6,1010123456019,74,,1,2,5,1,1,,9.4502,251,0,0.138016,70,0,6.8,,6.11429,70,0,0.1,20,85,0,6.46506,31,,219,219,,0,0,0,8.51429
1612825132521,6,1010123456019,74,,1,2,5,1,1,,11.0878,148,158,0.101888,43,0,7.5,,0,0,0,0,0,0,0,0,0,,126,126,,0,0,0,0
1612825132771,6,1010123456019,74,,1,2,5,1,1,,6.29574,399,137,0.154144,110,0,6.2,,0,0,0,0,0,0,0,0,0,,345,345,,0,0,0,0
1612825133021,6,1010123456019,74,,1,2,5,1,1,,10.9198,187,0,0.11792,58,0,9,,0,0,0,0,0,0,0,0,0,,156,156,,0,0,0,0
1612825133271,6,1010123456019,74,,1,2,5,1,1,,13.8657,134,0,0.12656,41,0,9.83333,,0.1,44,0,0.1,12,66.6667,0,2.83352,31,,120,120,,0,0,0,7.22727
1612825133521,6,1010123456019,74,,1,2,5,1,1,,12.6627,166,158,0.128096,48,0,7.66667,,0,0,0,0,0,0,0,0,0,,141,141,,0,0,0,0
1612825133771,6,1010123456019,74,,1,2,5,1,1,,10.9167,120,0,0.075424,35,0,7.5,,0,0,0,0,0,0,0,0,0,,105,105,,0,0,0,0
1612825134021,6,1010123456019,74,,1,2,5,1,1,,11.7289,166,137,0.106688,45,0,7.83333,,0,0,0,0,0,0,0,0,0,,141,141,,0,0,0,0
1612825134271,6,1010123456019,74,,1,2,5,1,1,,13.2239,201,0,0.155968,57,0,8.66667,,0.1,34,0,0.1,10,60,0,0.691735,31,,171,171,,0,0,0,7.23529
1612825134521,6,1010123456019,74,,1,2,5,1,1,,6.24207,347,0,0.137952,101,0,5.4,,0,0,0,0,0,0,0,0,0,,300,300,,0,0,0,0
1612825134771,6,1010123456019,74,,1,2,5,1,1,,10.435,177,0,0.1128,52,0,7.85714,,0,0,0,0,0,0,0,0,0,,153,153,,0,0,0,0
1612825135021,6,1010123456019,74,,1,2,5,1,1,,6.31236,445,376,0.151552,119,0,4.6,,0,0,0,0,0,0,0,0,0,,378,378,,0,0,0,0
1612825135271,6,1010123456019,74,,1,2,5,1,1,,7.01984,252,382,0.116192,81,0,6.66667,,0,24,0,0,8,100,0,0,0,,225,225,,0,0,0,0
1612825135521,6,1010123456019,74,,1,2,5,1,1,,8.13978,186,0,0.106795,54,0,7.83333,,0,0,0,0,0,0,0,0,0,,162,162,,0,0,0,0
1612825135771,6,1010123456019,74,,1,2,5,1,1,,10.2358,212,871,0.133216,61,0,7,,0,0,0,0,0,0,0,0,0,,183,183,,0,0,0,0
1612825136021,6,1010123456019,74,,1,2,5,1,1,,9.15809,272,471,0.159712,80,0,9,,0,0,0,0,0,0,0,0,0,,237,237,,0,0,0,0
1612825136271,6,1010123456019,74,,1,2,5,1,1,,10.5833,252,0,0.161157,73,0,6.8,,7.10227,88,0,0.1,25,88,0,7.17134,31,,219,219,,0,0,0,8.95455
1612825136521,6,1010123456019,74,,1,2,5,1,1,,8.15596,218,414,0.104224,54,0,6.66667,,0,0,0,0,0,0,0,0,0,,186,186,,0,0,0,0
1612825136771,6,1010123456019,74,,1,2,5,1,1,,7.02932,307,199,0.136832,88,0,6.71429,,0,0,0,0,0,0,0,0,0,,264,264,,0,0,0,0
1612825137021,6,1010123456019,74,,1,2,5,1,1,,10.4221,244,0,0.156416,79,0,7.8,,0,0,0,0,0,0,0,0,0,,213,213,,0,0,0,0
1612825137271,6,1010123456019,74,,1,2,5,1,1,,12.9895,190,541,0.139776,52,0,7.6,,14,12,0,0.1,3,0,0,29.6831,31,,168,168,,0,0,0,1
1612825137521,6,1010123456019,74,,1,2,5,1,1,,13.0353,85,0,0.078368,28,0,8.33333,,0,0,0,0,0,0,0,0,0,,72,72,,0,0,0,0
1612825137771,6,1010123456019,74,,1,2,5,1,1,,4.59012,405,475,0.12976,111,0,6,,0,0,0,0,0,0,0,0,0,,351,351,,0,0,0,0
1612825138021,6,1010123456019,74,,1,2,5,1,1,,11.9528,106,653,0.069312,34,0,7.5,,0,0,0,0,0,0,0,0,0,,90,90,,0,0,0,0
1612825138271,6,1010123456019,74,,1,2,5,1,1,,12.4568,162,0,0.127584,49,0,7.33333,,15,13,0,0,4,100,0,0.974729,0,,144,144,,0,0,0,10
1612825138521,6,1010123456019,74,,1,2,5,1,1,,10.2581,186,0,0.110016,53,0,7.5,,0,0,0,0,0,0,0,0,0,,162,162,,0,0,0,0
1612825138771,6,1010123456019,74,,1,2,5,1,1,,11.9333,150,0,0.102112,43,0,7.66667,,0,0,0,0,0,0,0,0,0,,123,123,,0,0,0,0
1612825139021,6,1010123456019,74,,1,2,5,1,1,,13.0769,130,158,0.101024,37,0,9.33333,,0,0,0,0,0,0,0,0,0,,111,111,,0,0,0,0
1612825139271,6,1010123456019,74,,1,2,5,1,1,,13.5109,229,130,0.17536,61,0,8,,7.52381,42,0,0.1,12,75,0,3.60392,31,,195,195,,0,0,0,7.7381
1612825139521,6,1010123456019,74,,1,2,5,1,1,,9.01382,217,0,0.114688,63,0,6.5,,0,0,0,0,0,0,0,0,0,,186,186,,0,0,0,0
1612825139771,6,1010123456019,74,,1,2,5,1,1,,12.8883,179,429,0.134137,49,0,8.57143,,0,0,0,0,0,0,0,0,0,,153,153,,0,0,0,0
1612825140021,6,1010123456019,74,,1,2,5,1,1,,5.88983,354,667,0.137984,101,0,4.5,,0,0,0,0,0,0,0,0,0,,300,300,,0,0,0,0
1612825140271,6,1010123456019,74,,1,2,5,1,1,,9.35926,270,0,0.158368,81,0,8,,6.43284,67,0,0.1,19,84.2105,0,1.45722,31,,234,234,,0,0,0,9.16418
1612825140521,6,1010123456019,74,,1,2,5,1,1,,11.6851,181,158,0.121056,50,0,7.5,,0,0,0,0,0,0,0,0,0,,153,153,,0,0,0,0
1612825140771,6,1010123456019,74,,1,2,5,1,1,,4.0201,398,0,0.128096,116,0,6.66667,,0,0,0,0,0,0,0,0,0,,348,348,,0,0,0,0
1612825141021,6,1010123456019,74,,1,2,5,1,1,,8.29936,157,1541,0.080896,38,0,6.66667,,0,0,0,0,0,0,0,0,0,,135,135,,0,0,0,0
1612825141271,6,1010123456019,74,,1,2,5,1,1,,7.44318,264,158,0.126176,81,0,8.8,,0.1,14,0,0,4,100,0,0.149972,0,,228,228,,0,0,0,10
1612825141521,6,1010123456019,74,,1,2,5,1,1,,12.7925,159,294,0.122208,46,0,8,,0,0,0,0,0,0,0,0,0,,138,138,,0,0,0,0
1612825141771,6,1010123456019,74,,1,2,5,1,1,,11.3226,155,0,0.1072,44,0,8.85714,,0.1,16,0,0.1,5,60,0,1.36353,31,,132,132,,0,0,0,6.4375
1612825142021,6,1010123456019,74,,1,2,5,1,1,,13.4172,151,0,0.116704,41,0,8,,0,0,0,0,0,0,0,0,0,,129,129,,0,0,0,0
1612825142271,6,1010123456019,74,,1,2,5,1,1,,3.76159,151,0,0.061952,48,0,8.16667,,0.1,22,0,0.1,6,66.6667,0,2.77291,31,,135,135,,0,0,0,7.72727
1612825142521,6,1010123456019,74,,1,2,5,1,1,,9.32941,170,0,0.08688,47,0,7.83333,,0,0,0,0,0,0,0,0,0,,147,147,,0,0,0,0
1612825142771,6,1010123456019,74,,1,2,5,1,1,,7.68718,195,158,0.10304,56,0,7.85714,,0,0,0,0,0,0,0,0,0,,171,171,,0,0,0,0
1612825143021,6,1010123456019,74,,1,2,5,1,1,,12.875,144,137,0.112064,43,0,8,,0,0,0,0,0,0,0,0,0,,126,126,,0,0,0,0
1612825143271,6,1010123456019,74,,1,2,5,1,1,,14.0593,135,0,0.116864,36,0,9,,15,16,0,0,4,100,0,1.00461,0,,114,114,,0,0,0,10
1612825143521,6,1010123456019,74,,1,2,5,1,1,,13.1688,154,158,0.133088,48,0,8.33333,,0,0,0,0,0,0,0,0,0,,132,132,,0,0,0,0
1612825143771,6,1010123456019,74,,1,2,5,1,1,,13.6289,194,158,0.159424,55,0,8.16667,,0,0,0,0,0,0,0,0,0,,168,168,,0,0,0,0
1612825144021,6,1010123456019,74,,1,2,5,1,1,,11.3795,195,0,0.139296,57,0,8.33333,,0,0,0,0,0,0,0,0,0,,168,168,,0,0,0,0
1612825144271,6,1010123456019,74,,1,2,5,1,1,,11.034,206,0,0.133792,58,0,7.83333,,0,0,0,0,0,0,0,0,0,,174,174,,0,0,0,0
1612825144521,6,1010123456019,74,,1,2,5,1,1,,12.6277,94,0,0.074496,28,0,8.83333,,0.1,15,0,0,4,100,0,0.685901,0,,84,84,,0,0,0,10
1612825144771,6,1010123456019,74,,1,2,5,1,1,,10.8276,145,0,0.084192,39,0,7.57143,,0,0,0,0,0,0,0,0,0,,126,126,,0,0,0,0
1612825145021,6,1010123456019,74,,1,2,5,1,1,,9.82258,248,297,0.147584,68,0,6,,0,0,0,0,0,0,0,0,0,,213,213,,0,0,0,0
1612825145271,6,1010123456019,74,,1,2,5,1,1,,7.37578,322,0,0.14944,99,0,8,,0,12,0,0,4,100,0,0,0,,279,279,,0,0,0,0
1612825145521,6,1010123456019,74,,1,2,5,1,1,,13.2316,177,0,0.13712,47,0,8.83333,,3.6,10,0,0.1,3,66.6667,0,10.4921,31,,150,150,,0,0,0,6.4
1612825145771,6,1010123456019,74,,1,2,5,1,1,,12.4806,129,0,0.101152,39,0,8.14286,,3.61616,99,0,0.1,30,83.3333,0,6.53501,31,,108,108,,0,0,0,8.34343
1612825146021,6,1010123456019,74,,1,2,5,1,1,,11.6972,109,0,0.075136,31,0,7.5,,1.38462,13,0,0.1,4,50,0,1.79484,31,,93,93,,0,0,0,5.69231
1612825146271,6,1010123456019,74,,1,2,5,1,1,,11.5873,126,0,0.073472,32,0,7.5,,10.7222,36,0,0.1,10,80,0,7.41703,31,,111,111,,0,0,0,8
1612825146521,6,1010123456019,74,,1,2,5,1,1,,12.6832,161,0,0.133141,50,0,8,,0,0,0,0,0,0,0,0,0,,138,138,,0,0,0,0
1612825146771,6,1010123456019,74,,1,2,5,1,1,,8.91064,235,0,0.1288,65,0,8,,0,0,0,0,0,0,0,0,0,,201,201,,0,0,0,0
1612825147021,6,1010123456019,74,,1,2,5,1,1,,12.525,120,158,0.099296,38,0,7.6,,0,0,0,0,0,0,0,0,0,,105,105,,0,0,0,0
1612825147271,6,1010123456019,74,,1,2,5,1,1,,10.7115,253,0,0.161376,73,0,6.8,,8.63158,38,0,0.1,11,72.7273,0,2.48921,31,,219,219,,0,0,0,7.94737
1612825147521,6,1010123456019,74,,1,2,5,1,1,,14.7471,170,0,0.148128,44,0,10.3333,,0,0,0,0,0,0,0,0,0,,144,144,,0,0,0,0
1612825147771,6,1010123456019,74,,1,2,5,1,1,,11.6357,129,0,0.100864,41,0,8.14286,,0,0,0,0,0,0,0,0,0,,111,111,,0,0,0,0
1612825148021,6,1010123456019,74,,1,2,5,1,1,,6.66346,208,0,0.093568,56,0,7.5,,0,0,0,0,0,0,0,0,0,,177,177,,0,0,0,0
1612825148271,6,1010123456019,74,,1,2,5,1,1,,11.1402,164,196,0.117856,52,0,8.5,,4.54054,37,0,0.1,10,80,0,4.89057,31,,150,150,,0,0,0,8.37838
1612825148521,6,1010123456019,74,,1,2,5,1,1,,5.09495,337,0,0.104,97,0,5,,0,0,0,0,0,0,0,0,0,,288,288,,0,0,0,0
1612825148771,6,1010123456019,74,,1,2,5,1,1,,5.88966,290,2313,0.106528,79,0,7.16667,,0,0,0,0,0,0,0,0,0,,246,246,,0,0,0,0
1612825149021,6,1010123456019,74,,1,2,5,1,1,,11.539,269,88,0.186016,73,0,6.83333,,0,0,0,0,0,0,0,0,0,,234,234,,0,0,0,0
1612825149271,6,1010123456019,74,,1,2,5,1,1,,5.35979,378,0,0.125312,114,0,6,,0.1,20,0,0.1,6,66.6667,0,6.93943,31,,321,321,,0,0,0,6.6
1612825149521,6,1010123456019,74,,1,2,5,1,1,,14.1784,185,0,0.163232,52,0,8.66667,,0,0,0,0,0,0,0,0,0,,159,159,,0,0,0,0
1612825149771,6,1010123456019,74,,1,2,5,1,1,,13.4372,183,0,0.153504,54,0,8.57143,,0,0,0,0,0,0,0,0,0,,156,156,,0,0,0,0
1612825150021,6,1010123456019,74,,1,2,5,1,1,,6.88106,227,0,0.099392,65,0,7.5,,0,0,0,0,0,0,0,0,0,,195,195,,0,0,0,0
1612825150271,6,1010123456019,74,,1,2,5,1,1,,6.00662,302,158,0.122336,88,0,5.5,,11.9333,30,0,0.1,8,75,0,11.331,31,,270,270,,0,0,0,8.2
1612825150521,6,1010123456019,74,,1,2,5,1,1,,10.4444,126,158,0.085536,37,0,8,,0,0,0,0,0,0,0,0,0,,105,105,,0,0,0,0
1612825150771,6,1010123456019,74,,1,2,5,1,1,,7,340,0,0.138688,95,0,6.57143,,0,0,0,0,0,0,0,0,0,,291,291,,0,0,0,0
1612825151021,6,1010123456019,74,,1,2,5,1,1,,12.9685,127,0,0.100928,37,0,8.16667,,0,0,0,0,0,0,0,0,0,,111,111,,0,0,0,0
1612825151271,6,1010123456019,74,,1,2,5,1,1,,6.8408,201,137,0.093376,60,0,6.66667,,14.8132,91,0,0.1,28,85.7143,0,4.06142,31,,180,180,,0,0,0,8.81319
1612825151521,6,1010123456019,74,,1,2,5,1,1,,9.61039,308,0,0.165184,86,0,6,,0,0,0,0,0,0,0,0,0,,264,264,,0,0,0,0
1612825151771,6,1010123456019,74,,1,2,5,1,1,,5.68382,136,0,0.0584,43,0,6.83333,,0,0,0,0,0,0,0,0,0,,117,117,,0,0,0,0
1612825152021,6,1010123456019,74,,1,2,5,1,1,,13.4444,108,0,0.0848,30,0,8.8,,0,0,0,0,0,0,0,0,0,,90,90,,0,0,0,0
1612825152271,6,1010123456019,74,,1,2,5,1,1,,11.7771,157,0,0.111968,46,0,7.83333,,2.03509,57,0,0.1,17,82.3529,0,4.7192,31,,138,138,,0,0,0,8.38597
1612825152521,6,1010123456019,74,,1,2,5,1,1,,6.53754,333,0,0.140896,90,0,7.16667,,0,0,0,0,0,0,0,0,0,,285,285,,0,0,0,0
1612825152772,6,1010123456019,74,,1,2,5,1,1,,12.8235,153,0,0.124558,47,0,7.57143,,0,0,0,0,0,0,0,0,0,,132,132,,0,0,0,0
1612825153021,6,1010123456019,74,,1,2,5,1,1,,9.74775,222,158,0.129767,62,0,7.83333,,0,0,0,0,0,0,0,0,0,,192,192,,0,0,0,0
1612825153271,6,1010123456019,74,,1,2,5,1,1,,8.55152,330,23,0.165696,91,0,6.8,,2.5814,43,0,0.1,12,75,0,5.55581,31,,285,285,,0,0,0,8.16279
1612825153521,6,1010123456019,74,,1,2,5,1,1,,6.56949,295,40,0.116064,86,0,7.33333,,0,0,0,0,0,0,0,0,0,,246,246,,0,0,0,0
1612825153771,6,1010123456019,74,,1,2,5,1,1,,12.7095,179,0,0.13216,53,0,8.5,,0,0,0,0,0,0,0,0,0,,153,153,,0,0,0,0
1612825154021,6,1010123456019,74,,1,2,5,1,1,,11.5775,142,360,0.104,41,0,6.66667,,0,0,0,0,0,0,0,0,0,,126,126,,0,0,0,0
1612825154271,6,1010123456019,74,,1,2,5,1,1,,11.9844,192,0,0.130784,54,0,8,,0,12,0,0,4,100,0,0,0,,165,165,,0,0,0,0
1612825154521,6,1010123456019,74,,1,2,5,1,1,,13.4438,178,0,0.142976,50,0,7.8,,0,0,0,0,0,0,0,0,0,,147,147,,0,0,0,0
1612825154771,6,1010123456019,74,,1,2,5,1,1,,13.0738,149,315,0.122752,46,0,8.14286,,0,0,0,0,0,0,0,0,0,,129,129,,0,0,0,0
1612825155021,6,1010123456019,74,,1,2,5,1,1,,13.3907,151,135,0.117719,42,0,8,,0,0,0,0,0,0,0,0,0,,132,132,,0,0,0,0
1612825155271,6,1010123456019,74,,1,2,5,1,1,,12.7688,173,213,0.130304,49,0,8,,15,14,0,0,4,100,0,2.50275,0,,147,147,,0,0,0,10
1612825155521,6,1010123456019,74,,1,2,5,1,1,,11.2908,196,116,0.129536,55,0,7.66667,,0,0,0,0,0,0,0,0,0,,168,168,,0,0,0,0
1612825155771,6,1010123456019,74,,1,2,5,1,1,,10.1699,153,0,0.093632,45,0,8.14286,,0,0,0,0,0,0,0,0,0,,126,126,,0,0,0,0
1612825156021,6,1010123456019,74,,1,2,5,1,1,,8.05143,175,0,0.097632,51,0,8,,0,0,0,0,0,0,0,0,0,,153,153,,0,0,0,0
1612825156271,6,1010123456019,74,,1,2,5,1,1,,13.2446,184,0,0.148672,53,0,8,,0.1,16,0,0,4,100,0,0.1,0,,159,159,,0,0,0,10
1612825156521,6,1010123456019,74,,1,2,5,1,1,,12.7852,149,0,0.116032,43,0,8,,0,8,0,0,3,100,0,0,0,,132,132,,0,0,0,0
1612825156771,6,1010123456019,74,,1,2,5,1,1,,10.8649,185,0,0.114432,54,0,7.66667,,0,3,0,0,1,100,0,0,0,,159,159,,0,0,0,0
1612825157021,6,1010123456019,74,,1,2,5,1,1,,12.7852,149,0,0.111552,42,0,9,,0,3,0,0.1,1,0,0,0,31,,126,126,,0,0,0,0
1612825157271,6,1010123456019,74,,1,2,5,1,1,,11.6776,183,0,0.12752,52,0,7.66667,,0.1,14,0,0,4,100,0,0.324451,0,,162,162,,0,0,0,10
1612825157521,6,1010123456019,74,,1,2,5,1,1,,11.2157,153,0,0.105184,45,0,7,,0.1,10,0,0.1,3,66.6667,0,0.181054,31,,132,132,,0,0,0,8
1612825157771,6,1010123456019,74,,1,2,5,1,1,,9.11429,210,0,0.110336,61,0,8.33333,,6,104,0,0.1,30,83.3333,0,9.87583,31,,180,180,,0,0,0,8.35577
1612825158021,6,1010123456019,74,,1,2,5,1,1,,11.7066,167,69,0.112192,47,0,7.33333,,1.8,10,0,0.1,3,33.3333,0,2.24522,31,,144,144,,0,0,0,4
1612825158271,6,1010123456019,74,,1,2,5,1,1,,14.1646,158,69,0.135136,44,0,8.66667,,0.1,16,0,0,4,100,0,0.403667,0,,135,135,,0,0,0,10
1612825158521,6,1010123456019,74,,1,2,5,1,1,,11.989,181,0,0.12496,52,0,7.66667,,0.1,7,0,0.1,2,0,0,1.18011,31,,156,156,,0,0,0,4.85714
1612825158771,6,1010123456019,74,,1,2,5,1,1,,8.41577,279,37,0.146496,79,0,5.57143,,0,0,0,0,0,0,0,0,0,,240,240,,0,0,0,0
1612825159021,6,1010123456019,74,,1,2,5,1,1,,5.43818,461,67,0.162912,132,0,6.2,,0,0,0,0,0,0,0,0,0,,396,396,,0,0,0,0
1612825159271,6,1010123456019,74,,1,2,5,1,1,,10.7752,129,590,0.0956787,32,0,7.5,,0.1,19,0,0.1,6,66.6667,0,0.37909,31,,111,111,,0,0,0,7.21053
1612825159521,6,1010123456019,74,,1,2,5,1,1,,7.06295,413,261,0.176928,118,0,5.66667,,0,0,0,0,0,0,0,0,0,,351,351,,0,0,0,0
1612825159771,6,1010123456019,74,,1,2,5,1,1,,4.2961,385,0,0.114848,115,0,7.66667,,0,0,0,0,0,0,0,0,0,,327,327,,0,0,0,0
1612825160021,6,1010123456019,74,,1,2,5,1,1,,12.5698,172,0,0.127936,50,0,7,,0,0,0,0,0,0,0,0,0,,150,150,,0,0,0,0
1612825160271,6,1010123456019,74,,1,2,5,1,1,,12.6752,157,294,0.11168,43,0,7.83333,,0.1,13,0,0,4,100,0,0.508591,0,,135,135,,0,0,0,10
1612825160521,6,1010123456019,74,,1,2,5,1,1,,12.3224,152,85,0.105728,40,0,8.5,,0,0,0,0,0,0,0,0,0,,129,129,,0,0,0,0
1612825160771,6,1010123456019,74,,1,2,5,1,1,,10.879,124,0,0.087232,40,0,6.42857,,0,0,0,0,0,0,0,0,0,,105,105,,0,0,0,0
1612825161021,6,1010123456019,74,,1,2,5,1,1,,12.7685,108,0,0.08016,30,0,8,,0.1,4,0,0.1,1,0,0,24.5324,31,,90,90,,0,0,0,1
1612825161271,6,1010123456019,74,,1,2,5,1,1,,10.2164,134,0,0.086112,40,0,6.16667,,16,16,0,0,4,100,0,1.32228,0,,120,120,,0,0,0,10
1612825161521,6,1010123456019,74,,1,2,5,1,1,,12.5694,209,0,0.15808,61,0,7.83333,,0.1,16,0,0,4,100,0,0.9627,0,,186,186,,0,0,0,10
1612825161771,6,1010123456019,74,,1,2,5,1,1,,12.4479,192,0,0.140416,56,0,7.4,,0,3,0,0.1,1,0,0,0,31,,165,165,,0,0,0,0
1612825162021,6,1010123456019,74,,1,2,5,1,1,,10.914,186,394,0.114208,52,0,6,,0,0,0,0,0,0,0,0,0,,159,159,,0,0,0,0
1612825162271,6,1010123456019,74,,1,2,5,1,1,,7.88739,222,158,0.108256,64,0,8.33333,,0,12,0,0,4,100,0,0,0,,189,189,,0,0,0,0
1612825162521,6,1010123456019,74,,1,2,5,1,1,,11.0246,285,0,0.194016,82,0,8.16667,,0,0,0,0,0,0,0,0,0,,246,246,,0,0,0,0
1612825162771,6,1010123456019,74,,1,2,5,1,1,,13.541,122,0,0.100416,35,0,8.57143,,0,0,0,0,0,0,0,0,0,,105,105,,0,0,0,0
1612825163021,6,1010123456019,74,,1,2,5,1,1,,8.75958,287,0,0.136224,82,0,4.5,,0,0,0,0,0,0,0,0,0,,246,246,,0,0,0,0
1612825163271,6,1010123456019,74,,1,2,5,1,1,,6.56047,339,0,0.141184,98,0,7.25,,0.1,16,0,0,4,100,0,0.753991,0,,297,297,,0,0,0,10
1612825163521,6,1010123456019,74,,1,2,5,1,1,,12.973,74,291,0.0557751,21,0,7.5,,0.1,8,0,0.1,2,0,0,17.9213,31,,66,66,,0,0,0,2
1612825163771,6,1010123456019,74,,1,2,5,1,1,,10.0394,254,0,0.145312,72,0,7.42857,,0,0,0,0,0,0,0,0,0,,213,213,,0,0,0,0
1612825164021,6,1010123456019,74,,1,2,5,1,1,,13.172,186,0,0.149056,53,0,7.8,,0,0,0,0,0,0,0,0,0,,162,162,,0,0,0,0
1612825164271,6,1010123456019,74,,1,2,5,1,1,,10,204,0,0.128768,62,0,7.5,,14.6875,16,0,0.1,5,20,0,25.1478,31,,183,183,,0,0,0,2.875
1612825164521,6,1010123456019,74,,1,2,5,1,1,,8.19388,294,0,0.135968,78,0,7,,0,0,0,0,0,0,0,0,0,,252,252,,0,0,0,0
1612825164771,6,1010123456019,74,,1,2,5,1,1,,5.20921,239,0,0.091648,75,0,5.85714,,0,0,0,0,0,0,0,0,0,,207,207,,0,0,0,0
1612825165021,6,1010123456019,74,,1,2,5,1,1,,8.64398,191,158,0.102848,55,0,8,,0,0,0,0,0,0,0,0,0,,165,165,,0,0,0,0
1612825165271,6,1010123456019,74,,1,2,5,1,1,,12.9274,124,0,0.096384,36,0,7.8,,15,16,0,0,4,100,0,0.342192,0,,108,108,,0,0,0,10
1612825165521,6,1010123456019,74,,1,2,5,1,1,,12.1366,227,539,0.159488,64,0,7.2,,0,0,0,0,0,0,0,0,0,,195,195,,0,0,0,0
1612825165771,6,1010123456019,74,,1,2,5,1,1,,9.18504,254,336,0.143648,71,0,6.14286,,0,0,0,0,0,0,0,0,0,,225,225,,0,0,0,0
1612825166021,6,1010123456019,74,,1,2,5,1,1,,10.1093,247,0,0.162592,73,0,8.5,,0,0,0,0,0,0,0,0,0,,210,210,,0,0,0,0
1612825166271,6,1010123456019,74,,1,2,5,1,1,,5.35443,316,523,0.109728,89,0,5.83333,,0.1,19,0,0.1,6,66.6667,0,7.34818,31,,276,276,,0,0,0,7
1612825166521,6,1010123456019,74,,1,2,5,1,1,,6.54546,330,158,0.137024,96,0,8,,0,0,0,0,0,0,0,0,0,,276,276,,0,0,0,0
1612825166771,6,1010123456019,74,,1,2,5,1,1,,13.0577,104,226,0.077088,27,0,7.57143,,0,0,0,0,0,0,0,0,0,,87,87,,0,0,0,0
1612825167021,6,1010123456019,74,,1,2,5,1,1,,11.6223,188,0,0.136128,57,0,8.16667,,0,0,0,0,0,0,0,0,0,,162,162,,0,0,0,0
1612825167271,6,1010123456019,74,,1,2,5,1,1,,12.3643,140,0,0.101312,40,0,7.83333,,0,12,0,0,4,100,0,0,0,,120,120,,0,0,0,0
1612825167521,6,1010123456019,74,,1,2,5,1,1,,9.21469,177,578,0.103488,47,0,7.5,,0,0,0,0,0,0,0,0,0,,156,156,,0,0,0,0
1612825167771,6,1010123456019,74,,1,2,5,1,1,,11.1726,168,158,0.116384,53,0,8,,0,0,0,0,0,0,0,0,0,,144,144,,0,0,0,0
1612825168021,6,1010123456019,74,,1,2,5,1,1,,8.69388,245,0,0.130528,69,0,7.66667,,0,0,0,0,0,0,0,0,0,,213,213,,0,0,0,0
1612825168271,6,1010123456019,74,,1,2,5,1,1,,12.1231,130,163,0.089504,36,0,8.16667,,7.7561,41,0,0.1,12,75,0,2.50169,31,,114,114,,0,0,0,7.80488
1612825168521,6,1010123456019,74,,1,2,5,1,1,,14.6419,148,0,0.14912,46,0,9.33333,,0,0,0,0,0,0,0,0,0,,132,132,,0,0,0,0
1612825168771,6,1010123456019,74,,1,2,5,1,1,,11.8777,139,203,0.096256,40,0,7.71429,,0,0,0,0,0,0,0,0,0,,123,123,,0,0,0,0
1612825169021,6,1010123456019,74,,1,2,5,1,1,,12.7682,151,0,0.122368,46,0,8,,0,0,0,0,0,0,0,0,0,,129,129,,0,0,0,0
1612825169271,6,1010123456019,74,,1,2,5,1,1,,11.25,200,0,0.125408,55,0,7.4,,1.26316,19,0,0.1,6,66.6667,0,10.8125,31,,171,171,,0,0,0,6.68421
1612825169521,6,1010123456019,74,,1,2,5,1,1,,12.7642,123,0,0.099552,36,0,9,,0,0,0,0,0,0,0,0,0,,108,108,,0,0,0,0
1612825169771,6,1010123456019,74,,1,2,5,1,1,,12.6892,148,158,0.111488,42,0,8.5,,0,0,0,0,0,0,0,0,0,,126,126,,0,0,0,0
1612825170021,6,1010123456019,74,,1,2,5,1,1,,13.4605,76,0,0.06864,23,0,7.5,,0,0,0,0,0,0,0,0,0,,63,63,,0,0,0,0
1612825170271,6,1010123456019,74,,1,2,5,1,1,,8.0029,345,340,0.161376,96,0,6,,15,13,0,0,4,100,0,0.760725,0,,300,300,,0,0,0,10
1612825170521,6,1010123456019,74,,1,2,5,1,1,,9.12775,227,158,0.12976,66,0,6,,0.1,16,0,0,4,100,0,0.1,0,,198,198,,0,0,0,10
1612825170771,6,1010123456019,74,,1,2,5,1,1,,11.8352,176,0,0.130912,55,0,7.85714,,0,0,0,0,0,0,0,0,0,,153,153,,0,0,0,0
1612825171021,6,1010123456019,74,,1,2,5,1,1,,12.1497,147,0,0.096192,40,0,7.33333,,0,0,0,0,0,0,0,0,0,,126,126,,0,0,0,0
1612825171271,6,1010123456019,74,,1,2,5,1,1,,9.69742,271,93,0.144,76,0,7.6,,0,18,0,0.1,6,66.6667,0,0,31,,237,237,,0,0,0,0
1612825171521,6,1010123456019,74,,1,2,5,1,1,,13,109,0,0.09792,36,0,7.83333,,0,0,0,0,0,0,0,0,0,,93,93,,0,0,0,0
1612825171771,6,1010123456019,74,,1,2,5,1,1,,11.1116,242,0,0.155712,69,0,7,,0,0,0,0,0,0,0,0,0,,207,207,,0,0,0,0
1612825172021,6,1010123456019,74,,1,2,5,1,1,,9.93927,247,40,0.155968,70,0,7.16667,,0,0,0,0,0,0,0,0,0,,216,216,,0,0,0,0
1612825172271,6,1010123456019,74,,1,2,5,1,1,,11.7926,188,158,0.134144,56,0,7.83333,,5.4,50,0,0.1,14,85.7143,0,5.65255,31,,165,165,,0,0,0,9.04
1612825172521,6,1010123456019,74,,1,2,5,1,1,,12.2646,189,69,0.123744,50,0,8.33333,,0,0,0,0,0,0,0,0,0,,159,159,,0,0,0,0
1612825172771,6,1010123456019,74,,1,2,5,1,1,,12.8986,138,69,0.105888,40,0,7,,0,0,0,0,0,0,0,0,0,,120,120,,0,0,0,0
1612825173021,6,1010123456019,74,,1,2,5,1,1,,12.0794,189,158,0.13872,56,0,7,,0,0,0,0,0,0,0,0,0,,159,159,,0,0,0,0
1612825173271,6,1010123456019,74,,1,2,5,1,1,,11.9245,159,0,0.111648,45,0,7.16667,,0,12,0,0,4,100,0,0,0,,135,135,,0,0,0,0
1612825173521,6,1010123456019,74,,1,2,5,1,1,,11.7475,202,390,0.139776,55,0,8.6,,0,12,0,0,4,100,0,0,0,,174,174,,0,0,0,0
1612825173771,6,1010123456019,74,,1,2,5,1,1,,10.4744,234,0,0.143584,68,0,7,,0,0,0,0,0,0,0,0,0,,198,198,,0,0,0,0
1612825174021,6,1010123456019,74,,1,2,5,1,1,,3.95169,414,381,0.104768,112,0,6.2,,0,0,0,0,0,0,0,0,0,,357,357,,0,0,0,0
1612825174271,6,1010123456019,74,,1,2,5,1,1,,10.6511,235,63,0.158592,71,0,7.66667,,0.1,27,0,0,8,100,0,0.294461,0,,204,204,,0,0,0,10
1612825174521,6,1010123456019,74,,1,2,5,1,1,,9.79752,242,0,0.143712,71,0,6.6,,0,0,0,0,0,0,0,0,0,,204,204,,0,0,0,0
1612825174771,6,1010123456019,74,,1,2,5,1,1,,13.0366,164,0,0.133088,49,0,8.66667,,0,0,0,0,0,0,0,0,0,,141,141,,0,0,0,0
1612825175021,6,1010123456019,74,,1,2,5,1,1,,12.4259,108,137,0.0725141,29,0,7.66667,,0,0,0,0,0,0,0,0,0,,96,96,,0,0,0,0
1612825175271,6,1010123456019,74,,1,2,5,1,1,,10.3575,179,0,0.11504,54,0,7.2,,2.46809,47,0,0.1,13,61.5385,0,7.98845,31,,153,153,,0,0,0,6.85106
1612825175521,6,1010123456019,74,,1,2,5,1,1,,8.03883,309,432,0.130304,81,0,6.5,,0,0,0,0,0,0,0,0,0,,267,267,,0,0,0,0
1612825175771,6,1010123456019,74,,1,2,5,1,1,,5.91821,379,0,0.152576,116,0,4.57143,,0,0,0,0,0,0,0,0,0,,327,327,,0,0,0,0
1612825176021,6,1010123456019,74,,1,2,5,1,1,,11.3981,206,0,0.134208,59,0,8,,0,0,0,0,0,0,0,0,0,,177,177,,0,0,0,0
1612825176271,6,1010123456019,74,,1,2,5,1,1,,13.8667,150,0,0.121824,41,0,8.5,,9.54545,22,0,0.1,6,83.3333,0,6.52774,0,,129,129,,0,0,0,8.36364
1612825176521,6,1010123456019,74,,1,2,5,1,1,,11.7019,161,0,0.122528,49,0,7.66667,,0,0,0,0,0,0,0,0,0,,141,141,,0,0,0,0
1612825176771,6,1010123456019,74,,1,2,5,1,1,,11.3886,175,0,0.118208,50,0,7.5,,0,0,0,0,0,0,0,0,0,,150,150,,0,0,0,0
1612825177021,6,1010123456019,74,,1,2,5,1,1,,13.0597,134,0,0.10596,38,0,8.33333,,0,0,0,0,0,0,0,0,0,,114,114,,0,0,0,0
1612825177271,6,1010123456019,74,,1,2,5,1,1,,12.7,180,158,0.132928,50,0,7.66667,,0,12,0,0,4,100,0,0,0,,156,156,,0,0,0,0
1612825177521,6,1010123456019,74,,1,2,5,1,1,,12.8235,136,0,0.109536,41,0,8,,0,0,0,0,0,0,0,0,0,,120,120,,0,0,0,0
1612825177771,6,1010123456019,74,,1,2,5,1,1,,12.0735,136,0,0.092992,38,0,7.57143,,0,0,0,0,0,0,0,0,0,,117,117,,0,0,0,0
1612825178021,6,1010123456019,74,,1,2,5,1,1,,13.0698,172,137,0.138528,51,0,8,,0,0,0,0,0,0,0,0,0,,153,153,,0,0,0,0
1612825178271,6,1010123456019,74,,1,2,5,1,1,,10.6981,106,158,0.070304,32,0,7.5,,15,16,0,0,4,100,0,0.1,0,,90,90,,0,0,0,10
1612825178521,6,1010123456019,74,,1,2,5,1,1,,11.9394,165,200,0.112352,46,0,8.4,,0,0,0,0,0,0,0,0,0,,141,141,,0,0,0,0
1612825178771,6,1010123456019,74,,1,2,5,1,1,,6.98188,276,628,0.127104,79,0,6.71429,,0,0,0,0,0,0,0,0,0,,234,234,,0,0,0,0
1612825179021,6,1010123456019,74,,1,2,5,1,1,,8.33065,248,0,0.136418,71,0,7.16667,,0,0,0,0,0,0,0,0,0,,213,213,,0,0,0,0
1612825179271,6,1010123456019,74,,1,2,5,1,1,,6.78175,252,0,0.103136,71,0,6.16667,,7.41176,34,0,0.1,9,55.5556,0,8.98853,31,,216,216,,0,0,0,6.29412
1612825179521,6,1010123456019,74,,1,2,5,1,1,,13.0569,123,197,0.097472,34,0,8.33333,,0,0,0,0,0,0,0,0,0,,105,105,,0,0,0,0
1612825179771,6,1010123456019,74,,1,2,5,1,1,,11.3194,144,0,0.101568,44,0,8.5,,0,0,0,0,0,0,0,0,0,,126,126,,0,0,0,0
1612825180021,6,1010123456019,74,,1,2,5,1,1,,12.7167,180,0,0.138048,51,0,7.83333,,0,0,0,0,0,0,0,0,0,,153,153,,0,0,0,0
1612825180271,6,1010123456019,74,,1,2,5,1,1,,12.9182,159,77,0.110112,41,0,8,,15,16,0,0,4,100,0,0.680065,0,,135,135,,0,0,0,10
1612825180521,6,1010123456019,74,,1,2,5,1,1,,12.7877,146,135,0.113408,43,0,8,,0,0,0,0,0,0,0,0,0,,123,123,,0,0,0,0
1612825180771,6,1010123456019,74,,1,2,5,1,1,,13.4824,170,135,0.137952,49,0,8,,0,0,0,0,0,0,0,0,0,,147,147,,0,0,0,0
1612825181021,6,1010123456019,74,,1,2,5,1,1,,10.6359,184,0,0.11888,53,0,8,,0,0,0,0,0,0,0,0,0,,153,153,,0,0,0,0
1612825181271,6,1010123456019,74,,1,2,5,1,1,,12.8323,167,0,0.122144,46,0,8.66667,,13.7143,7,0,0.1,2,0,0,31.2526,31,,141,141,,0,0,0,1
1612825181521,6,1010123456019,74,,1,2,5,1,1,,8.66363,220,0,0.130432,64,0,7.5,,0,12,0,0,4,100,0,0,0,,189,189,,0,0,0,0
1612825181771,6,1010123456019,74,,1,2,5,1,1,,9.60606,198,0,0.108224,57,0,6.85714,,0,0,0,0,0,0,0,0,0,,171,171,,0,0,0,0
1612825182021,6,1010123456019,74,,1,2,5,1,1,,11.9667,210,67,0.149728,61,0,8,,0,0,0,0,0,0,0,0,0,,186,186,,0,0,0,0
1612825182271,6,1010123456019,74,,1,2,5,1,1,,13.7944,107,0,0.08496,29,0,9.16667,,0,12,0,0,4,100,0,0,0,,90,90,,0,0,0,0
1612825182521,6,1010123456019,74,,1,2,5,1,1,,10.5534,262,1073,0.165568,75,0,7,,2.57143,7,0,0.1,2,0,0,28.2211,31,,222,222,,0,0,0,1
1612825182771,6,1010123456019,74,,1,2,5,1,1,,12.4756,246,0,0.170144,67,0,7.66667,,0,0,0,0,0,0,0,0,0,,210,210,,0,0,0,0
1612825183021,6,1010123456019,74,,1,2,5,1,1,,8.54229,201,135,0.104128,60,0,6.8,,0,0,0,0,0,0,0,0,0,,174,174,,0,0,0,0
1612825183271,6,1010123456019,74,,1,2,5,1,1,,10.6564,227,0,0.140032,65,0,7.33333,,9.87805,41,0,0.1,11,72.7273,0,6.15811,31,,195,195,,0,0,0,7.58537
1612825183521,6,1010123456019,74,,1,2,5,1,1,,12.7727,132,158,0.10128,38,0,8,,0,0,0,0,0,0,0,0,0,,114,114,,0,0,0,0
1612825183771,6,1010123456019,74,,1,2,5,1,1,,5.85139,323,0,0.112768,92,0,6,,0,0,0,0,0,0,0,0,0,,276,276,,0,0,0,0
1612825184021,6,1010123456019,74,,1,2,5,1,1,,11.201,199,0,0.1336,58,0,7.66667,,0,0,0,0,0,0,0,0,0,,168,168,,0,0,0,0
1612825184271,6,1010123456019,74,,1,2,5,1,1,,12.0879,91,0,0.064448,26,0,7.66667,,5.04348,23,0,0.1,6,66.6667,0,5.98403,31,,78,78,,0,0,0,8.17391
1612825184521,6,1010123456019,74,,1,2,5,1,1,,4.325,240,1338,0.065184,61,0,5.66667,,0,0,0,0,0,0,0,0,0,,204,204,,0,0,0,0
1612825184771,6,1010123456019,74,,1,2,5,1,1,,11,285,618,0.17539,87,0,8.4,,0,0,0,0,0,0,0,0,0,,246,246,,0,0,0,0
1612825185021,6,1010123456019,74,,1,2,5,1,1,,14.3824,102,0,0.09584,31,0,8,,0,0,0,0,0,0,0,0,0,,87,87,,0,0,0,0
1612825185271,6,1010123456019,74,,1,2,5,1,1,,14.4667,150,46,0.12336,39,0,9.33333,,0,11,0,0,4,100,0,0,0,,135,135,,0,0,0,0
1612825185521,6,1010123456019,74,,1,2,5,1,1,,12.2105,171,69,0.13392,52,0,8.66667,,0,0,0,0,0,0,0,0,0,,144,144,,0,0,0,0
1612825185771,6,1010123456019,74,,1,2,5,1,1,,11.5374,214,200,0.152128,63,0,7.28571,,0,0,0,0,0,0,0,0,0,,189,189,,0,0,0,0
1612825186021,6,1010123456019,74,,1,2,5,1,1,,7.7,300,67,0.131072,84,0,6.16667,,0,0,0,0,0,0,0,0,0,,255,255,,0,0,0,0
1612825186271,6,1010123456019,74,,1,2,5,1,1,,13.0457,175,0,0.13664,50,0,8,,11.25,16,0,0.1,5,80,0,7.48108,0,,150,150,,0,0,0,7.75
1612825186521,6,1010123456019,74,,1,2,5,1,1,,12.4313,211,0,0.169792,62,0,8.5,,0,0,0,0,0,0,0,0,0,,183,183,,0,0,0,0
1612825186771,6,1010123456019,74,,1,2,5,1,1,,9.75587,213,0,0.117024,60,0,7.71429,,0,0,0,0,0,0,0,0,0,,180,180,,0,0,0,0
1612825187021,6,1010123456019,74,,1,2,5,1,1,,11.9097,155,0,0.106528,43,0,7.83333,,0,0,0,0,0,0,0,0,0,,132,132,,0,0,0,0
1612825187271,6,1010123456019,74,,1,2,5,1,1,,12.6312,160,0,0.127328,48,0,9,,6.42857,28,0,0,8,100,0,0.539152,0,,138,138,,0,0,0,10
1612825187521,6,1010123456019,74,,1,2,5,1,1,,12.6836,177,458,0.130272,49,0,8.16667,,0,0,0,0,0,0,0,0,0,,153,153,,0,0,0,0
1612825187771,6,1010123456019,74,,1,2,5,1,1,,12.3083,133,46,0.0939438,38,0,7.2,,0,0,0,0,0,0,0,0,0,,117,117,,0,0,0,0
1612825188021,6,1010123456019,74,,1,2,5,1,1,,4.47157,299,516,0.09424,83,0,4.16667,,0,0,0,0,0,0,0,0,0,,255,255,,0,0,0,0
1612825188271,6,1010123456019,74,,1,2,5,1,1,,8.36364,209,158,0.1072,66,0,8.83333,,6.59574,94,0,0.1,26,96.1538,0,3.38924,31,,186,186,,0,0,0,9.61702
1612825188521,6,1010123456019,74,,1,2,5,1,1,,11.1006,169,0,0.111968,48,0,9.66667,,7.73333,75,0,0.1,22,90.9091,0,7.73984,31,,147,147,,0,0,0,9.28
1612825188771,6,1010123456019,74,,1,2,5,1,1,,11.4646,127,327,0.090688,38,0,8.14286,,0,0,0,0,0,0,0,0,0,,111,111,,0,0,0,0
1612825189021,6,1010123456019,74,,1,2,5,1,1,,6.53333,315,0,0.136544,89,0,6.16667,,0,0,0,0,0,0,0,0,0,,270,270,,0,0,0,0
1612825189271,6,1010123456019,74,,1,2,5,1,1,,13.0632,95,522,0.07488,28,0,8.2,,15,16,0,0,4,100,0,1.27976,0,,81,81,,0,0,0,10
1612825189521,6,1010123456019,74,,1,2,5,1,1,,8.82927,246,182,0.132448,68,0,7.4,,0,0,0,0,0,0,0,0,0,,213,213,,0,0,0,0
1612825189771,6,1010123456019,74,,1,2,5,1,1,,13.1064,141,0,0.108448,39,0,8.42857,,0,0,0,0,0,0,0,0,0,,117,117,,0,0,0,0
1612825190021,6,1010123456019,74,,1,2,5,1,1,,3.02339,342,1901,0.082176,101,0,4.8,,0,0,0,0,0,0,0,0,0,,300,300,,0,0,0,0
1612825190271,6,1010123456019,74,,1,2,5,1,1,,14.8588,177,0,0.170249,51,0,8.5,,4.27536,69,0,0.1,21,76.1905,0,6.72397,31,,153,153,,0,0,0,7.63768
1612825190521,6,1010123456019,74,,1,2,5,1,1,,8.28727,275,0,0.144128,80,0,6.16667,,0,0,0,0,0,0,0,0,0,,237,237,,0,0,0,0
1612825190771,6,1010123456019,74,,1,2,5,1,1,,8.54064,283,0,0.14144,77,0,6.57143,,0,0,0,0,0,0,0,0,0,,240,240,,0,0,0,0
1612825191021,6,1010123456019,74,,1,2,5,1,1,,6.59355,310,480,0.117472,85,0,5.2,,0,0,0,0,0,0,0,0,0,,270,270,,0,0,0,0
1612825191271,6,1010123456019,74,,1,2,5,1,1,,11.3164,177,0,0.128192,57,0,8.5,,7.13043,46,0,0.1,13,69.2308,0,6.74336,31,,147,147,,0,0,0,7.52174
1612825191521,6,1010123456019,74,,1,2,5,1,1,,12.9405,185,0,0.138304,52,0,8.33333,,0,0,0,0,0,0,0,0,0,,159,159,,0,0,0,0
1612825191771,6,1010123456019,74,,1,2,5,1,1,,15.3793,145,0,0.136832,38,0,9.66667,,0,0,0,0,0,0,0,0,0,,123,123,,0,0,0,0
1612825192021,6,1010123456019,74,,1,2,5,1,1,,12.4832,149,0,0.121478,46,0,8,,0,0,0,0,0,0,0,0,0,,129,129,,0,0,0,0
1612825192271,6,1010123456019,74,,1,2,5,1,1,,13.5946,148,69,0.12302,43,0,8.83333,,15,16,0,0,4,100,0,1.80071,0,,129,129,,0,0,0,10
1612825192521,6,1010123456019,74,,1,2,5,1,1,,8.12811,281,38,0.121472,74,0,6.33333,,0,0,0,0,0,0,0,0,0,,243,243,,0,0,0,0
1612825192771,6,1010123456019,74,,1,2,5,1,1,,13.4721,161,135,0.150624,52,0,8.71429,,0,0,0,0,0,0,0,0,0,,141,141,,0,0,0,0
1612825193021,6,1010123456019,74,,1,2,5,1,1,,11.0057,177,158,0.122752,52,0,6.83333,,0.1,4,0,0.1,1,0,0,0.754577,31,,150,150,,0,0,0,6
1612825193271,6,1010123456019,74,,1,2,5,1,1,,14.5278,108,0,0.097248,31,0,9.83333,,0.1,16,0,0,4,100,0,0.224613,0,,90,90,,0,0,0,10
1612825193521,6,1010123456019,74,,1,2,5,1,1,,7.28102,274,315,0.114848,77,0,6.66667,,0.1,16,0,0,4,100,0,0.402175,0,,234,234,,0,0,0,10
1612825193771,6,1010123456019,74,,1,2,5,1,1,,9.6019,211,23,0.1096,56,0,8,,0,0,0,0,0,0,0,0,0,,183,183,,0,0,0,0
1612825194021,6,1010123456019,74,,1,2,5,1,1,,12.9449,127,0,0.100608,40,0,8,,0,0,0,0,0,0,0,0,0,,108,108,,0,0,0,0
1612825194271,6,1010123456019,74,,1,2,5,1,1,,7.90052,191,0,0.103488,58,0,6.83333,,4.69767,86,0,0.1,25,92,0,3.47481,31,,168,168,,0,0,0,9.44186
1612825194521,6,1010123456019,74,,1,2,5,1,1,,5.78603,229,0,0.07936,65,0,6.16667,,0,0,0,0,0,0,0,0,0,,195,195,,0,0,0,0
1612825194771,6,1010123456019,74,,1,2,5,1,1,,12.1463,164,67,0.117216,47,0,6.57143,,0.1,13,0,0,4,100,0,0.724437,0,,144,144,,0,0,0,10
1612825195021,6,1010123456019,74,,1,2,5,1,1,,13.5983,117,0,0.087872,32,0,9.66667,,0,0,0,0,0,0,0,0,0,,96,96,,0,0,0,0
1612825195271,6,1010123456019,74,,1,2,5,1,1,,13.3205,156,0,0.14032,47,0,8,,1.625,32,0,0.1,9,66.6667,0,3.47575,31,,144,144,,0,0,0,7.75
1612825195521,6,1010123456019,74,,1,2,5,1,1,,7.92222,180,630,0.086208,48,0,6.83333,,8.21053,19,0,0.1,5,60,0,1.49364,0,,150,150,,0,0,0,6.84211
1612825195771,6,1010123456019,74,,1,2,5,1,1,,10.6784,199,0,0.119424,59,0,9.16667,,0,0,0,0,0,0,0,0,0,,171,171,,0,0,0,0
1612825196021,6,1010123456019,74,,1,2,5,1,1,,9.92,175,0,0.108192,53,0,6.5,,0,0,0,0,0,0,0,0,0,,153,153,,0,0,0,0
1612825196271,6,1010123456019,74,,1,2,5,1,1,,8.42391,276,0,0.139232,77,0,6.83333,,0.1,31,0,0.1,8,62.5,0,7.61445,31,,243,243,,0,0,0,7.06452
1612825196521,6,1010123456019,74,,1,2,5,1,1,,8.07097,310,0,0.144992,88,0,6,,0,0,0,0,0,0,0,0,0,,267,267,,0,0,0,0
1612825196771,6,1010123456019,74,,1,2,5,1,1,,11.8435,115,628,0.0865863,35,0,7.71429,,0,0,0,0,0,0,0,0,0,,93,93,,0,0,0,0
1612825197021,6,1010123456019,74,,1,2,5,1,1,,13.062,129,0,0.090336,33,0,8,,0,0,0,0,0,0,0,0,0,,111,111,,0,0,0,0
1612825197271,6,1010123456019,74,,1,2,5,1,1,,6.77011,261,0,0.116064,78,0,7,,0.1,19,0,0.1,6,66.6667,0,1.06061,31,,222,222,,0,0,0,7.36842
1612825197521,6,1010123456019,74,,1,2,5,1,1,,9.40476,252,0,0.13552,72,0,6.83333,,0,0,0,0,0,0,0,0,0,,216,216,,0,0,0,0
1612825197771,6,1010123456019,74,,1,2,5,1,1,,12.9381,113,0,0.085344,32,0,8,,0,0,0,0,0,0,0,0,0,,96,96,,0,0,0,0
1612825198021,6,1010123456019,74,,1,2,5,1,1,,7.26246,301,0,0.129088,84,0,7.2,,0,0,0,0,0,0,0,0,0,,258,258,,0,0,0,0
1612825198271,6,1010123456019,74,,1,2,5,1,1,,11.8902,164,471,0.117472,49,0,7.66667,,7.57895,57,0,0.1,16,87.5,0,8.26929,31,,141,141,,0,0,0,8.94737
1612825198521,6,1010123456019,74,,1,2,5,1,1,,11.6713,216,581,0.144289,59,0,7.66667,,0,0,0,0,0,0,0,0,0,,186,186,,0,0,0,0
1612825198771,6,1010123456019,74,,1,2,5,1,1,,7.79239,289,158,0.147808,86,0,6.85714,,0.1,17,0,0.1,5,80,0,1.41348,31,,252,252,,0,0,0,8.76471
1612825199021,6,1010123456019,74,,1,2,5,1,1,,11.8954,153,87,0.107855,44,0,7.83333,,0,0,0,0,0,0,0,0,0,,135,135,,0,0,0,0
1612825199271,6,1010123456019,74,,1,2,5,1,1,,12.4211,133,0,0.101056,38,0,7.83333,,0.1,66,0,0.1,19,84.2105,0,0.891388,31,,111,111,,0,0,0,9.09091
1612825199521,6,1010123456019,74,,1,2,5,1,1,,13.6099,182,67,0.148032,51,0,8.66667,,0,0,0,0,0,0,0,0,0,,156,156,,0,0,0,0
1612825199771,6,1010123456019,74,,1,2,5,1,1,,6.21654,254,1253,0.10032,73,0,5.71429,,0,0,0,0,0,0,0,0,0,,216,216,,0,0,0,0
1612825200021,6,1010123456019,74,,1,2,5,1,1,,13.7267,172,0,0.152704,49,0,8.66667,,0,0,0,0,0,0,0,0,0,,147,147,,0,0,0,0
1612825200271,6,1010123456019,74,,1,2,5,1,1,,12.0843,178,158,0.125376,51,0,7.66667,,0.1,10,0,0.1,3,0,0,11.2392,31,,156,156,,0,0,0,2.2
1612825200521,6,1010123456019,74,,1,2,5,1,1,,11.3217,143,158,0.0976386,41,0,7.5,,0,0,0,0,0,0,0,0,0,,123,123,,0,0,0,0
1612825200771,6,1010123456019,74,,1,2,5,1,1,,8.51154,260,841,0.120256,71,0,7.4,,0,0,0,0,0,0,0,0,0,,225,225,,0,0,0,0
1612825201021,6,1010123456019,74,,1,2,5,1,1,,10.0209,335,0,0.191616,95,0,6.8,,0,0,0,0,0,0,0,0,0,,288,288,,0,0,0,0
1612825201271,6,1010123456019,74,,1,2,5,1,1,,12.9091,132,0,0.109856,43,0,8,,15,16,0,0,4,100,0,1.17798,0,,114,114,,0,0,0,10
1612825201521,6,1010123456019,74,,1,2,5,1,1,,5.28829,222,226,0.068512,61,0,6.5,,0,0,0,0,0,0,0,0,0,,192,192,,0,0,0,0
1612825201771,6,1010123456019,74,,1,2,5,1,1,,12.2887,142,450,0.104064,40,0,8.33333,,0,0,0,0,0,0,0,0,0,,120,120,,0,0,0,0
1612825202021,6,1010123456019,74,,1,2,5,1,1,,8.77876,339,0,0.196352,99,0,7.33333,,0,0,0,0,0,0,0,0,0,,294,294,,0,0,0,0
1612825202271,6,1010123456019,74,,1,2,5,1,1,,12.9427,157,67,0.122336,45,0,8.33333,,7.80952,42,0,0.1,12,75,0,3.1917,31,,138,138,,0,0,0,7.85714
1612825202521,6,1010123456019,74,,1,2,5,1,1,,11.5353,170,0,0.122848,48,0,7.83333,,0,0,0,0,0,0,0,0,0,,141,141,,0,0,0,0
1612825202771,6,1010123456019,74,,1,2,5,1,1,,12.4105,190,0,0.139008,50,0,8.14286,,0.1,20,0,0.1,5,80,0,0.537941,31,,159,159,,0,0,0,9
1612825203021,6,1010123456019,74,,1,2,5,1,1,,6.88696,230,347,0.0941044,67,0,6.33333,,0,0,0,0,0,0,0,0,0,,201,201,,0,0,0,0
1612825203271,6,1010123456019,74,,1,2,5,1,1,,7.34884,258,144,0.131245,74,0,6,,4.275,80,0,0.1,23,82.6087,0,8.59856,31,,228,228,,0,0,0,8.3125
1612825203521,6,1010123456019,74,,1,2,5,1,1,,7.93168,322,0,0.16368,95,0,6.8,,0,0,0,0,0,0,0,0,0,,273,273,,0,0,0,0
1612825203771,6,1010123456019,74,,1,2,5,1,1,,6.94792,288,0,0.127232,83,0,6.57143,,0,0,0,0,0,0,0,0,0,,249,249,,0,0,0,0
1612825204021,6,1010123456019,74,,1,2,5,1,1,,5.54521,365,0,0.114016,102,0,5.8,,0,0,0,0,0,0,0,0,0,,312,312,,0,0,0,0
1612825204271,6,1010123456019,74,,1,2,5,1,1,,8.7343,207,1045,0.098112,56,0,6.33333,,13.2857,7,0,0.1,2,0,0,33.0813,31,,180,180,,0,0,0,1
1612825204521,6,1010123456019,74,,1,2,5,1,1,,12.3148,162,0,0.128032,50,0,7.66667,,0,0,0,0,0,0,0,0,0,,138,138,,0,0,0,0
1612825204771,6,1010123456019,74,,1,2,5,1,1,,7.17647,238,158,0.114656,68,0,7.71429,,0,0,0,0,0,0,0,0,0,,207,207,,0,0,0,0
1612825205021,6,1010123456019,74,,1,2,5,1,1,,11.2727,220,84,0.150651,63,0,7,,0,0,0,0,0,0,0,0,0,,189,189,,0,0,0,0
1612825205271,6,1010123456019,74,,1,2,5,1,1,,9.95337,193,138,0.113536,51,0,6.83333,,15,14,0,0,4,100,0,1.80321,0,,165,165,,0,0,0,10
1612825205521,6,1010123456019,74,,1,2,5,1,1,,6.18388,397,0,0.151328,118,0,5.66667,,0,0,0,0,0,0,0,0,0,,336,336,,0,0,0,0
1612825205771,6,1010123456019,74,,1,2,5,1,1,,13.2543,173,254,0.138313,50,0,8,,0,0,0,0,0,0,0,0,0,,153,153,,0,0,0,0
1612825206021,6,1010123456019,74,,1,2,5,1,1,,7.01825,274,436,0.11584,71,0,6.6,,0,0,0,0,0,0,0,0,0,,234,234,,0,0,0,0
1612825206271,6,1010123456019,74,,1,2,5,1,1,,5.34591,318,143,0.113216,98,0,6.16667,,12.9905,105,0,0.1,32,87.5,0,3.51433,31,,276,276,,0,0,0,9.05714
1612825206521,6,1010123456019,74,,1,2,5,1,1,,7.10833,360,0,0.149568,104,0,5.66667,,0,0,0,0,0,0,0,0,0,,312,312,,0,0,0,0
1612825206771,6,1010123456019,74,,1,2,5,1,1,,9.45455,275,0,0.152064,79,0,7.5,,0.1,13,0,0,4,100,0,0.176854,0,,237,237,,0,0,0,10
1612825207021,6,1010123456019,74,,1,2,5,1,1,,13.8738,103,0,0.095072,31,0,9.2,,0,0,0,0,0,0,0,0,0,,87,87,,0,0,0,0
1612825207271,6,1010123456019,74,,1,2,5,1,1,,13.75,136,0,0.117044,39,0,7.66667,,7.52381,42,0,0.1,12,66.6667,0,3.73656,31,,117,117,,0,0,0,7.33333
1612825207521,6,1010123456019,74,,1,2,5,1,1,,9.23649,148,554,0.0779438,41,0,6.83333,,0,0,0,0,0,0,0,0,0,,126,126,,0,0,0,0
1612825207771,6,1010123456019,74,,1,2,5,1,1,,5.82864,426,0,0.161542,121,0,5.57143,,0,0,0,0,0,0,0,0,0,,366,366,,0,0,0,0
1612825208021,6,1010123456019,74,,1,2,5,1,1,,12.0935,214,45,0.158624,60,0,7.4,,0,0,0,0,0,0,0,0,0,,186,186,,0,0,0,0
1612825208271,6,1010123456019,74,,1,2,5,1,1,,10.6653,248,0,0.156768,74,0,6.4,,1.58182,55,0,0.1,15,80,0,3.89,31,,210,210,,0,0,0,8.27273
1612825208521,6,1010123456019,74,,1,2,5,1,1,,8.61798,178,0,0.086656,48,0,7.5,,0,0,0,0,0,0,0,0,0,,156,156,,0,0,0,0
1612825208771,6,1010123456019,74,,1,2,5,1,1,,12.8151,119,0,0.091008,36,0,8.57143,,0,0,0,0,0,0,0,0,0,,99,99,,0,0,0,0
1612825209021,6,1010123456019,74,,1,2,5,1,1,,13.1337,187,158,0.153504,54,0,8.83333,,0,0,0,0,0,0,0,0,0,,159,159,,0,0,0,0
1612825209271,6,1010123456019,74,,1,2,5,1,1,,11.568,206,0,0.133952,58,0,7.16667,,8.10256,39,0,0.1,11,72.7273,0,3.52911,31,,174,174,,0,0,0,7.61538
1612825209521,6,1010123456019,74,,1,2,5,1,1,,11.8523,88,636,0.063648,26,0,7.83333,,0,0,0,0,0,0,0,0,0,,78,78,,0,0,0,0
1612825209771,6,1010123456019,74,,1,2,5,1,1,,7.9322,236,0,0.120096,68,0,7.85714,,0,0,0,0,0,0,0,0,0,,204,204,,0,0,0,0
1612825210021,6,1010123456019,74,,1,2,5,1,1,,9.70395,304,0,0.162827,87,0,5.6,,0,0,0,0,0,0,0,0,0,,261,261,,0,0,0,0
1612825210271,6,1010123456019,74,,1,2,5,1,1,,9.49123,228,197,0.129824,64,0,7.33333,,0.1,26,0,0.1,8,75,0,1.54592,31,,198,198,,0,0,0,7.53846
1612825210521,6,1010123456019,74,,1,2,5,1,1,,3.07006,314,1038,0.077664,85,0,5.5,,0,0,0,0,0,0,0,0,0,,273,273,,0,0,0,0
1612825210771,6,1010123456019,74,,1,2,5,1,1,,9.77344,256,46,0.1456,78,0,7.57143,,0,0,0,0,0,0,0,0,0,,219,219,,0,0,0,0
1612825211021,6,1010123456019,74,,1,2,5,1,1,,12.8333,120,0,0.09568,36,0,8,,0,0,0,0,0,0,0,0,0,,99,99,,0,0,0,0
1612825211271,6,1010123456019,74,,1,2,5,1,1,,10.3369,187,203,0.10288,53,0,6.5,,0.1,16,0,0,4,100,0,0.295085,0,,168,168,,0,0,0,10
1612825211521,6,1010123456019,74,,1,2,5,1,1,,11.7784,185,0,0.138688,54,0,7.16667,,6,47,0,0.1,13,76.9231,0,9.28172,31,,153,153,,0,0,0,8.2766
1612825211771,6,1010123456019,74,,1,2,5,1,1,,12.4052,153,0,0.107008,42,0,8.5,,5.53846,78,0,0.1,23,78.2609,0,7.35925,31,,135,135,,0,0,0,8.16667
1612825212021,6,1010123456019,74,,1,2,5,1,1,,8.94834,271,0,0.145984,77,0,6.5,,0,0,0,0,0,0,0,0,0,,228,228,,0,0,0,0
1612825212271,6,1010123456019,74,,1,2,5,1,1,,9.79085,153,435,0.097248,41,0,7.33333,,10.7857,14,0,0.1,4,0,0,29.3844,31,,138,138,,0,0,0,1
1612825212521,6,1010123456019,74,,1,2,5,1,1,,11.1421,197,0,0.133216,61,0,7.6,,0,0,0,0,0,0,0,0,0,,174,174,,0,0,0,0
1612825212771,6,1010123456019,74,,1,2,5,1,1,,12.391,156,0,0.122304,46,0,8,,0,0,0,0,0,0,0,0,0,,132,132,,0,0,0,0
1612825213021,6,1010123456019,74,,1,2,5,1,1,,7.17949,273,51,0.123502,71,0,6.6,,0,0,0,0,0,0,0,0,0,,237,237,,0,0,0,0
1612825213271,6,1010123456019,74,,1,2,5,1,1,,7.61753,251,158,0.113152,77,0,8,,6.5,48,0,0.1,15,80,0,4.54307,31,,213,213,,0,0,0,8.4375
1612825213521,6,1010123456019,74,,1,2,5,1,1,,12.4128,172,0,0.133152,51,0,8.66667,,0,0,0,0,0,0,0,0,0,,147,147,,0,0,0,0
1612825213771,6,1010123456019,74,,1,2,5,1,1,,7.85169,236,697,0.117312,64,0,7.71429,,0,0,0,0,0,0,0,0,0,,204,204,,0,0,0,0
1612825214021,6,1010123456019,74,,1,2,5,1,1,,13.2888,187,0,0.14672,57,0,9.16667,,0,0,0,0,0,0,0,0,0,,162,162,,0,0,0,0
1612825214271,6,1010123456019,74,,1,2,5,1,1,,14.8647,133,0,0.127488,36,0,8.83333,,0.1,15,0,0,4,100,0,0.452015,0,,117,117,,0,0,0,10
1612825214521,6,1010123456019,74,,1,2,5,1,1,,12.4248,153,0,0.10832,43,0,7.83333,,0,6,0,0.1,2,0,0,0,31,,132,132,,0,0,0,0
1612825214771,6,1010123456019,74,,1,2,5,1,1,,13.2047,171,0,0.145504,53,0,8,,0,0,0,0,0,0,0,0,0,,150,150,,0,0,0,0
1612825215021,6,1010123456019,74,,1,2,5,1,1,,11.7397,146,315,0.107168,44,0,7.83333,,0,0,0,0,0,0,0,0,0,,126,126,,0,0,0,0
1612825215271,6,1010123456019,74,,1,2,5,1,1,,12.3498,203,0,0.139791,55,0,7.66667,,15,16,0,0,4,100,0,2.79068,0,,171,171,,0,0,0,10
1612825215521,6,1010123456019,74,,1,2,5,1,1,,10.3936,249,0,0.150848,73,0,7,,0,0,0,0,0,0,0,0,0,,213,213,,0,0,0,0
1612825215771,6,1010123456019,74,,1,2,5,1,1,,13.2994,157,158,0.122112,44,0,8.42857,,0,0,0,0,0,0,0,0,0,,135,135,,0,0,0,0
1612825216021,6,1010123456019,74,,1,2,5,1,1,,12.6202,129,158,0.0964819,35,0,8.16667,,0,0,0,0,0,0,0,0,0,,111,111,,0,0,0,0
1612825216271,6,1010123456019,74,,1,2,5,1,1,,12.3905,105,0,0.074464,30,0,8.5,,3.95455,22,0,0.1,7,57.1429,0,7.76781,31,,87,87,,0,0,0,6.5
1612825216521,6,1010123456019,74,,1,2,5,1,1,,14.0625,64,0,0.0635823,21,0,8.8,,0,0,0,0,0,0,0,0,0,,57,57,,0,0,0,0
1612825216771,6,1010123456019,74,,1,2,5,1,1,,0,0,0,0,0,0,5.66667,,0,0,0,0,0,0,0,0,0,,0,0,,0,0,0,0
1612825217021,6,1010123456019,74,,1,2,5,1,1,,0,0,0,0,0,0,6.16667,,0,0,0,0,0,0,0,0,0,,0,0,,0,0,0,0
1612825217271,6,1010123456019,74,,1,2,5,1,1,,0,0,0,0,0,0,9.6,,0,0,0,0,0,0,0,0,0,,0,0,,0,0,0,0
1612825217521,6,1010123456019,74,,1,2,5,1,1,,0,0,0,0,0,0,6.5,,0,0,0,0,0,0,0,0,0,,0,0,,0,0,0,0
1612825217771,6,1010123456019,74,,1,2,5,1,1,,0,0,0,0,0,0,5,,0,0,0,0,0,0,0,0,0,,0,0,,0,0,0,0
1612825218021,6,1010123456019,74,,1,2,5,1,1,,0,0,0,0,0,0,5.4,,0,0,0,0,0,0,0,0,0,,0,0,,0,0,0,0
1612825218271,6,1010123456019,74,,1,2,5,1,1,,0,0,0,0,0,0,5.8,,0,0,0,0,0,0,0,0,0,,0,0,,0,0,0,0
1612825218521,6,1010123456019,74,,1,2,5,1,1,,0,0,0,0,0,0,6,,0,0,0,0,0,0,0,0,0,,0,0,,0,0,0,0
1612825218771,6,1010123456019,74,,1,2,5,1,1,,0,0,0,0,0,0,8,,0,0,0,0,0,0,0,0,0,,0,0,,0,0,0,0
1612825219021,6,1010123456019,74,,1,2,5,1,1,,0,0,0,0,0,0,7.2,,0,0,0,0,0,0,0,0,0,,0,0,,0,0,0,0
1612825219271,6,1010123456019,74,,1,2,5,1,1,,0,0,0,0,0,0,2.5,,0,0,0,0,0,0,0,0,0,,0,0,,0,0,0,0
1612825219521,6,1010123456019,74,,1,2,5,1,1,,0,0,0,0,0,0,6.8,,0,0,0,0,0,0,0,0,0,,0,0,,0,0,0,0
1612825219771,6,1010123456019,74,,1,2,5,1,1,,0,0,0,0,0,0,4.66667,,0,0,0,0,0,0,0,0,0,,0,0,,0,0,0,0
1612825220021,6,1010123456019,74,,1,2,5,1,1,,0,0,0,0,0,0,4.33333,,0,0,0,0,0,0,0,0,0,,0,0,,0,0,0,0
1612825220271,6,1010123456019,74,,1,2,5,1,1,,0,0,0,0,0,0,5.4,,0,0,0,0,0,0,0,0,0,,0,0,,0,0,0,0
1612825220521,6,1010123456019,74,,1,2,5,1,1,,0,0,0,0,0,0,8,,0,0,0,0,0,0,0,0,0,,0,0,,0,0,0,0
1612825220771,6,1010123456019,74,,1,2,5,1,1,,0,0,0,0,0,0,6.85714,,0,0,0,0,0,0,0,0,0,,0,0,,0,0,0,0
1612825221021,6,1010123456019,74,,1,2,5,1,1,,0,0,0,0,0,0,3.66667,,0,0,0,0,0,0,0,0,0,,0,0,,0,0,0,0
1612825221271,6,1010123456019,74,,1,2,5,1,1,,0,0,0,0,0,0,6,,0,0,0,0,0,0,0,0,0,,0,0,,0,0,0,0
1612825221521,6,1010123456019,74,,1,2,5,1,1,,0,0,0,0,0,0,4,,0,0,0,0,0,0,0,0,0,,0,0,,0,0,0,0
1612825221771,6,1010123456019,74,,1,2,5,1,1,,0,0,0,0,0,0,5,,0,0,0,0,0,0,0,0,0,,0,0,,0,0,0,0
1612825222021,6,1010123456019,74,,1,2,5,1,1,,0,0,0,0,0,0,5.33333,,0,0,0,0,0,0,0,0,0,,0,0,,0,0,0,0
1612825222271,6,1010123456019,74,,1,2,5,1,1,,0,0,0,0,0,0,3,,0,0,0,0,0,0,0,0,0,,0,0,,0,0,0,0
1612825222521,6,1010123456019,74,,1,2,5,1,1,,0,0,0,0,0,0,0.1,,0,0,0,0,0,0,0,0,0,,0,0,,0,0,0,0
1612825222771,6,1010123456019,74,,1,2,5,1,1,,0,0,0,0,0,0,0.1,,0,0,0,0,0,0,0,0,0,,0,0,,0,0,0,0
1612825223021,6,1010123456019,74,,1,2,5,1,1,,0,0,0,0,0,0,0.1,,0,0,0,0,0,0,0,0,0,,0,0,,0,0,0,0
1612825223271,6,1010123456019,74,,1,2,5,1,1,,0,0,0,0,0,0,0.1,,0,0,0,0,0,0,0,0,0,,0,0,,0,0,0,0
1612825223521,6,1010123456019,74,,1,2,5,1,1,,0,0,0,0,0,0,0.1,,0,0,0,0,0,0,0,0,0,,0,0,,0,0,0,0
1612825223771,6,1010123456019,74,,1,2,5,1,1,,0,0,0,0,0,0,0.1,,0,0,0,0,0,0,0,0,0,,0,0,,0,0,0,0
1612825224021,6,1010123456019,74,,1,2,5,1,1,,0,0,0,0,0,0,0.1,,0,0,0,0,0,0,0,0,0,,0,0,,0,0,0,0
1612825224271,6,1010123456019,74,,1,2,5,1,1,,0,0,0,0,0,0,0.1,,0,0,0,0,0,0,0,0,0,,0,0,,0,0,0,0
1612825224521,6,1010123456019,74,,1,2,5,1,1,,0,0,0,0,0,0,0.1,,0,0,0,0,0,0,0,0,0,,0,0,,0,0,0,0
1612825224771,6,1010123456019,74,,1,2,5,1,1,,0,0,0,0,0,0,0.1,,0,0,0,0,0,0,0,0,0,,0,0,,0,0,0,0
1612825225021,6,1010123456019,74,,1,2,5,1,1,,0,0,0,0,0,0,0.1,,0,0,0,0,0,0,0,0,0,,0,0,,0,0,0,0
1612825225271,6,1010123456019,74,,1,2,5,1,1,,0,0,0,0,0,0,0.1,,0,0,0,0,0,0,0,0,0,,0,0,,0,0,0,0
1612825225521,6,1010123456019,74,,1,2,5,1,1,,0,0,0,0,0,0,0.1,,0,0,0,0,0,0,0,0,0,,0,0,,0,0,0,0
1612825225771,6,1010123456019,74,,1,2,5,1,1,,0,0,0,0,0,0,0.1,,0,0,0,0,0,0,0,0,0,,0,0,,0,0,0,0
1612825226068,5,1010123456019,74,,1,2,5,1,1,,0,0,0,0,0,0,0.1,,0,0,0,0,0,0,0,0,0,,0,0,,0,0,0,0
