time,cc,pci,earfcn,rsrp,pl,cfo,dl_mcs,dl_snr,dl_turbo,dl_brate,dl_bler,ul_ta,ul_mcs,ul_buff,ul_brate,ul_bler,rf_o,rf_u,rf_l,is_attached
0,0,0,4294967295,0.0,0.0,0.0,0.0,0.0,0.0,0.0,0.0,0.0,0.0,0.0,0.0,0.0,0.0,0.0,0.0,0.0
249,0,0,3400,0.0,0.0,0.0,0.0,0.0,0.0,0.0,0.0,0.0,0.0,0.0,0.0,0.0,0.0,0.0,0.0,0.0
498,0,0,3400,0.0,0.0,0.0,0.0,0.0,0.0,0.0,0.0,0.0,0.0,0.0,0.0,0.0,0.0,0.0,0.0,0.0
747,0,1,3400,-56,56,316,0.41,15,0.10,585,0,0.0,0.0,0.0,0.0,0.0,0.0,0.0,0.0,0.0
996,0,1,3400,-56,56,321,4.2,17,0.40,2336.000000,0,0.0,0.0,33,224,0,0.0,0.0,0.0,1.0
1245,0,1,3400,-56,56,319,6.4,17,0.50,448,0,1.0,0.34,0.0,17056.000000,0,0.0,0.0,0.0,1.0
1494,0,1,3400,-56,56,316,0.0,17,0.50,0.0,0.0,2.1,12,0.0,2464.000000,0,0.0,0.0,0.0,1.0
1743,0,1,3400,-56,56,324,5.5,17,0.50,11488.000000,0,2.1,12,36,93856.000000,0,0.0,0.0,0.0,1.0
1992,0,1,3400,-56,56,316,7.0,17,0.50,2176.000000,0,2.1,12,0.0,37856.000000,0,0.0,0.0,0.0,1.0
2241,0,1,3400,-56,56,318,5.0,16,0.50,0.0,0.0,2.1,12,0.0,0.0,0.0,0.0,0.0,0.0,1.0
2490,0,1,3400,-56,56,322,5.0,16,0.50,0.0,0.0,2.1,12,0.0,0.0,0.0,0.0,0.0,0.0,1.0
2739,0,1,3400,-56,56,326,5.0,16,0.50,0.0,0.0,2.1,12,0.0,0.0,0.0,0.0,0.0,0.0,1.0
2988,0,1,3400,-56,56,313,5.0,17,0.50,0.0,0.0,2.1,12,0.0,0.0,0.0,0.0,0.0,0.0,1.0
3237,0,1,3400,-56,56,317,5.0,17,0.50,0.0,0.0,2.1,12,0.0,0.0,0.0,0.0,0.0,0.0,1.0
3486,0,1,3400,-56,56,320,5.0,17,0.50,0.0,0.0,2.1,12,0.0,0.0,0.0,0.0,0.0,0.0,1.0
3735,0,1,3400,-56,56,316,5.0,16,0.50,0.0,0.0,2.1,12,0.0,0.0,0.0,0.0,0.0,0.0,1.0
3984,0,1,3400,-56,56,322,5.0,17,0.50,0.0,0.0,2.1,12,0.0,0.0,0.0,0.0,0.0,0.0,1.0
4233,0,1,3400,-56,56,324,5.0,17,0.50,0.0,0.0,2.1,12,0.0,0.0,0.0,0.0,0.0,0.0,1.0
4482,0,1,3400,-56,56,319,5.0,17,0.50,0.0,0.0,2.1,12,0.0,0.0,0.0,0.0,0.0,0.0,1.0
4731,0,1,3400,-56,56,324,5.0,16,0.50,0.0,0.0,2.1,12,0.0,0.0,0.0,0.0,0.0,0.0,1.0
4980,0,1,3400,-56,56,323,5.0,16,0.50,0.0,0.0,2.1,12,0.0,0.0,0.0,0.0,0.0,0.0,1.0
5229,0,1,3400,-55,55,323,5.0,15,0.50,0.0,0.0,2.1,12,0.0,0.0,0.0,0.0,0.0,0.0,1.0
5478,0,1,3400,-55,55,321,5.0,16,0.50,0.0,0.0,2.1,12,0.0,0.0,0.0,0.0,0.0,0.0,1.0
5727,0,1,3400,-55,55,323,5.0,16,0.50,0.0,0.0,2.1,12,0.0,0.0,0.0,0.0,0.0,0.0,1.0
5976,0,1,3400,-55,55,312,5.0,15,0.50,0.0,0.0,2.1,12,0.0,0.0,0.0,0.0,0.0,0.0,1.0
6225,0,1,3400,-56,56,310,5.0,16,0.50,0.0,0.0,2.1,12,0.0,0.0,0.0,0.0,0.0,0.0,1.0
6474,0,1,3400,-55,55,317,5.0,15,0.50,0.0,0.0,2.1,12,0.0,0.0,0.0,0.0,0.0,0.0,1.0
6723,0,1,3400,-56,56,317,5.0,16,0.50,0.0,0.0,2.1,12,0.0,0.0,0.0,0.0,0.0,0.0,1.0
6972,0,1,3400,-56,56,315,5.0,15,0.50,0.0,0.0,2.1,12,0.0,0.0,0.0,0.0,0.0,0.0,1.0
7221,0,1,3400,-55,55,317,5.0,15,0.50,0.0,0.0,2.1,12,0.0,0.0,0.0,0.0,0.0,0.0,1.0
7470,0,1,3400,-55,55,322,5.0,16,0.50,0.0,0.0,2.1,12,0.0,0.0,0.0,0.0,0.0,0.0,1.0
7719,0,1,3400,-55,55,322,5.0,15,0.50,0.0,0.0,2.1,12,0.0,0.0,0.0,0.0,0.0,0.0,1.0
7968,0,1,3400,-55,55,325,5.0,16,0.50,0.0,0.0,2.1,12,0.0,0.0,0.0,0.0,0.0,0.0,1.0
8217,0,1,3400,-55,55,324,5.0,15,0.50,0.0,0.0,2.1,12,0.0,0.0,0.0,0.0,0.0,0.0,1.0
8466,0,1,3400,-56,56,319,5.0,15,0.50,0.0,0.0,2.1,12,0.0,0.0,0.0,0.0,0.0,0.0,1.0
8715,0,1,3400,-55,55,322,5.0,15,0.50,0.0,0.0,2.1,12,0.0,0.0,0.0,0.0,0.0,0.0,1.0
8964,0,1,3400,-55,55,314,5.0,16,0.50,0.0,0.0,2.1,11,0.0,0.0,0.0,0.0,1.0,2.0,1.0
9213,0,1,3400,-55,55,316,5.0,16,0.50,0.0,0.0,2.1,12,0.0,0.0,0.0,0.0,0.0,0.0,1.0
9462,0,1,3400,-55,55,321,5.0,15,0.50,0.0,0.0,2.1,12,0.0,0.0,0.0,0.0,0.0,0.0,1.0
9711,0,1,3400,-55,55,320,5.0,15,0.50,0.0,0.0,2.1,12,0.0,0.0,0.0,0.0,0.0,0.0,1.0
9960,0,1,3400,-55,55,320,5.0,15,0.50,0.0,0.0,2.1,11,0.0,0.0,0.0,0.0,0.0,0.0,1.0
10209,0,1,3400,-56,56,317,5.0,16,0.50,0.0,0.0,2.1,12,0.0,0.0,0.0,0.0,0.0,0.0,1.0
10458,0,1,3400,-55,55,314,5.0,16,0.50,0.0,0.0,2.1,12,0.0,0.0,0.0,0.0,0.0,0.0,1.0
10707,0,1,3400,-55,55,317,5.0,15,0.50,0.0,0.0,2.1,12,0.0,0.0,0.0,0.0,0.0,0.0,1.0
10956,0,1,3400,-55,55,323,5.0,15,0.50,0.0,0.0,2.1,12,0.0,0.0,0.0,0.0,0.0,0.0,1.0
11205,0,1,3400,-55,55,321,5.0,15,0.50,0.0,0.0,2.1,12,0.0,0.0,0.0,0.0,0.0,0.0,1.0
11454,0,1,3400,-55,55,324,5.0,15,0.50,0.0,0.0,2.1,12,0.0,0.0,0.0,0.0,0.0,0.0,1.0
11703,0,1,3400,-55,55,315,5.0,15,0.50,0.0,0.0,2.1,12,0.0,0.0,0.0,0.0,0.0,0.0,1.0
11952,0,1,3400,-55,55,317,5.0,16,0.50,0.0,0.0,2.1,12,0.0,0.0,0.0,0.0,0.0,0.0,1.0
12201,0,1,3400,-55,55,320,5.0,16,0.50,0.0,0.0,2.1,12,0.0,0.0,0.0,0.0,0.0,0.0,1.0
12450,0,1,3400,-55,55,321,5.0,15,0.50,0.0,0.0,2.1,12,0.0,0.0,0.0,0.0,0.0,0.0,1.0
12699,0,1,3400,-56,56,313,5.0,15,0.50,0.0,0.0,2.1,12,0.0,0.0,0.0,0.0,0.0,0.0,1.0
12948,0,1,3400,-55,55,321,5.0,16,0.50,0.0,0.0,2.1,12,0.0,0.0,0.0,0.0,0.0,0.0,1.0
13197,0,1,3400,-55,55,317,5.0,16,0.50,0.0,0.0,2.1,12,0.0,0.0,0.0,0.0,0.0,0.0,1.0
13446,0,1,3400,-55,55,323,5.0,16,0.50,0.0,0.0,2.1,12,0.0,0.0,0.0,0.0,0.0,0.0,1.0
13695,0,1,3400,-56,56,323,5.0,15,0.50,0.0,0.0,2.1,12,0.0,0.0,0.0,0.0,0.0,0.0,1.0
13944,0,1,3400,-56,56,318,5.0,15,0.50,0.0,0.0,2.1,12,0.0,0.0,0.0,0.0,0.0,0.0,1.0
14193,0,1,3400,-56,56,326,5.0,15,0.50,0.0,0.0,2.1,12,0.0,0.0,0.0,0.0,0.0,0.0,1.0
14442,0,1,3400,-55,55,322,5.0,15,0.50,0.0,0.0,2.1,11,0.0,0.0,0.0,0.0,0.0,0.0,1.0
14691,0,1,3400,-55,55,320,5.0,15,0.50,0.0,0.0,2.1,12,0.0,0.0,0.0,0.0,0.0,0.0,1.0
14940,0,1,3400,-55,55,318,5.0,16,0.50,0.0,0.0,2.1,12,0.0,0.0,0.0,0.0,0.0,0.0,1.0
15189,0,1,3400,-55,55,319,5.0,15,0.50,0.0,0.0,2.1,12,0.0,0.0,0.0,0.0,0.0,0.0,1.0
15438,0,1,3400,-55,55,320,5.0,15,0.50,0.0,0.0,2.1,12,0.0,0.0,0.0,0.0,0.0,0.0,1.0
15687,0,1,3400,-55,55,322,5.0,15,0.50,0.0,0.0,2.1,12,0.0,0.0,0.0,0.0,0.0,0.0,1.0
15936,0,1,3400,-55,55,319,5.0,15,0.50,0.0,0.0,2.1,12,0.0,0.0,0.0,0.0,0.0,0.0,1.0
16185,0,1,3400,-56,56,313,5.0,15,0.50,0.0,0.0,2.1,12,0.0,0.0,0.0,0.0,0.0,0.0,1.0
16434,0,1,3400,-56,56,312,5.0,15,0.50,0.0,0.0,2.1,12,0.0,0.0,0.0,0.0,0.0,0.0,1.0
16683,0,1,3400,-55,55,320,5.0,15,0.50,0.0,0.0,2.1,12,0.0,0.0,0.0,0.0,0.0,0.0,1.0
16932,0,1,3400,-55,55,319,5.0,15,0.50,0.0,0.0,2.1,12,0.0,0.0,0.0,0.0,0.0,0.0,1.0
17181,0,1,3400,-55,55,322,5.0,16,0.50,0.0,0.0,2.1,12,0.0,0.0,0.0,0.0,0.0,0.0,1.0
17430,0,1,3400,-55,55,319,5.0,15,0.50,0.0,0.0,2.1,12,0.0,0.0,0.0,0.0,0.0,0.0,1.0
17679,0,1,3400,-55,55,322,5.0,16,0.50,0.0,0.0,2.1,12,0.0,0.0,0.0,0.0,0.0,0.0,1.0
17928,0,1,3400,-56,56,321,5.0,15,0.50,0.0,0.0,2.1,12,0.0,0.0,0.0,0.0,0.0,0.0,1.0
18177,0,1,3400,-56,56,320,5.0,15,0.50,0.0,0.0,2.1,12,0.0,0.0,0.0,0.0,0.0,0.0,1.0
18426,0,1,3400,-55,55,325,5.0,15,0.50,0.0,0.0,2.1,12,0.0,0.0,0.0,0.0,0.0,0.0,1.0
18675,0,1,3400,-55,55,325,5.0,16,0.50,0.0,0.0,2.1,12,0.0,0.0,0.0,0.0,0.0,0.0,1.0
18924,0,1,3400,-56,56,324,5.0,15,0.50,0.0,0.0,2.1,11,0.0,0.0,0.0,0.0,0.0,0.0,1.0
19173,0,1,3400,-55,55,316,5.0,16,0.50,0.0,0.0,2.1,12,0.0,0.0,0.0,0.0,0.0,0.0,1.0
19422,0,1,3400,-55,55,319,5.0,16,0.50,0.0,0.0,2.1,12,0.0,0.0,0.0,0.0,0.0,0.0,1.0
19671,0,1,3400,-55,55,319,5.0,16,0.50,0.0,0.0,2.1,12,0.0,0.0,0.0,0.0,0.0,0.0,1.0
19920,0,1,3400,-55,55,324,5.0,16,0.50,0.0,0.0,2.1,12,0.0,0.0,0.0,0.0,0.0,0.0,1.0
20169,0,1,3400,-56,56,324,5.0,15,0.50,0.0,0.0,2.1,12,0.0,0.0,0.0,0.0,0.0,0.0,1.0
20418,0,1,3400,-55,55,322,5.0,15,0.50,0.0,0.0,2.1,12,0.0,0.0,0.0,0.0,0.0,0.0,1.0
20667,0,1,3400,-55,55,319,5.0,16,0.50,0.0,0.0,2.1,12,0.0,0.0,0.0,0.0,0.0,0.0,1.0
20916,0,1,3400,-55,55,317,5.0,15,0.50,0.0,0.0,2.1,12,0.0,0.0,0.0,0.0,0.0,0.0,1.0
21165,0,1,3400,-55,55,323,5.0,15,0.50,0.0,0.0,2.1,12,0.0,0.0,0.0,0.0,0.0,0.0,1.0
21414,0,1,3400,-56,56,324,5.0,15,0.50,0.0,0.0,2.1,12,0.0,0.0,0.0,0.0,0.0,0.0,1.0
21663,0,1,3400,-55,55,322,5.0,15,0.50,0.0,0.0,2.1,12,0.0,0.0,0.0,0.0,0.0,0.0,1.0
21912,0,1,3400,-55,55,321,5.0,16,0.50,0.0,0.0,2.1,12,0.0,0.0,0.0,0.0,0.0,0.0,1.0
22161,0,1,3400,-55,55,320,5.0,14,0.50,0.0,0.0,2.1,12,0.0,0.0,0.0,0.0,0.0,0.0,1.0
22410,0,1,3400,-55,55,318,5.0,15,0.50,0.0,0.0,2.1,12,0.0,0.0,0.0,0.0,0.0,0.0,1.0
22659,0,1,3400,-56,56,321,5.0,16,0.50,0.0,0.0,2.1,12,0.0,0.0,0.0,0.0,0.0,0.0,1.0
22908,0,1,3400,-55,55,319,5.0,16,0.50,0.0,0.0,2.1,12,0.0,0.0,0.0,0.0,0.0,0.0,1.0
23157,0,1,3400,-56,56,324,5.0,15,0.50,0.0,0.0,2.1,12,0.0,0.0,0.0,0.0,0.0,0.0,1.0
23406,0,1,3400,-56,56,318,5.0,16,0.50,0.0,0.0,2.1,12,0.0,0.0,0.0,0.0,0.0,0.0,1.0
23655,0,1,3400,-55,55,324,5.0,16,0.50,0.0,0.0,2.1,12,0.0,0.0,0.0,0.0,0.0,0.0,1.0
23904,0,1,3400,-56,56,324,5.0,15,0.50,0.0,0.0,2.1,12,0.0,0.0,0.0,0.0,0.0,0.0,1.0
24153,0,1,3400,-56,56,327,5.0,16,0.50,0.0,0.0,2.1,12,0.0,0.0,0.0,0.0,0.0,0.0,1.0
24402,0,1,3400,-56,56,318,5.0,15,0.50,0.0,0.0,2.1,12,0.0,0.0,0.0,0.0,0.0,0.0,1.0
24651,0,1,3400,-56,56,322,5.0,15,0.50,0.0,0.0,2.1,12,0.0,0.0,0.0,0.0,0.0,0.0,1.0
24900,0,1,3400,-55,55,323,5.0,15,0.50,0.0,0.0,2.1,12,0.0,0.0,0.0,0.0,0.0,0.0,1.0
25149,0,1,3400,-55,55,329,5.0,15,0.50,0.0,0.0,2.1,12,0.0,0.0,0.0,0.0,0.0,0.0,1.0
25398,0,1,3400,-55,55,324,5.0,15,0.50,0.0,0.0,2.1,12,0.0,0.0,0.0,0.0,0.0,0.0,1.0
25647,0,1,3400,-56,56,322,5.0,15,0.50,0.0,0.0,2.1,12,0.0,0.0,0.0,0.0,0.0,0.0,1.0
25896,0,1,3400,-55,55,324,5.0,15,0.50,0.0,0.0,2.1,12,0.0,0.0,0.0,0.0,0.0,0.0,1.0
26145,0,1,3400,-55,55,326,5.0,15,0.50,0.0,0.0,2.1,12,0.0,0.0,0.0,0.0,0.0,0.0,1.0
26394,0,1,3400,-56,56,322,5.0,16,0.50,0.0,0.0,2.1,12,0.0,0.0,0.0,0.0,0.0,0.0,1.0
26643,0,1,3400,-55,55,320,5.0,14,0.50,0.0,0.0,2.1,12,0.0,0.0,0.0,0.0,0.0,0.0,1.0
26892,0,1,3400,-55,55,325,5.0,15,0.50,0.0,0.0,2.1,12,0.0,0.0,0.0,0.0,0.0,0.0,1.0
27141,0,1,3400,-56,56,328,5.0,15,0.50,0.0,0.0,2.1,12,0.0,0.0,0.0,0.0,0.0,0.0,1.0
27390,0,1,3400,-55,55,325,5.0,16,0.50,0.0,0.0,2.1,12,0.0,0.0,0.0,0.0,0.0,0.0,1.0
27639,0,1,3400,-56,56,321,5.0,15,0.50,0.0,0.0,2.1,12,0.0,0.0,0.0,0.0,0.0,0.0,1.0
27888,0,1,3400,-55,55,324,5.0,16,0.50,0.0,0.0,2.1,12,0.0,0.0,0.0,0.0,0.0,0.0,1.0
28137,0,1,3400,-55,55,329,5.0,16,0.50,0.0,0.0,2.1,12,0.0,0.0,0.0,0.0,0.0,0.0,1.0
28386,0,1,3400,-55,55,328,5.0,15,0.50,0.0,0.0,2.1,11,0.0,0.0,0.0,0.0,0.0,0.0,1.0
28635,0,1,3400,-55,55,324,5.0,16,0.50,0.0,0.0,2.1,12,0.0,0.0,0.0,0.0,0.0,0.0,1.0
28884,0,1,3400,-56,56,321,5.0,15,0.50,0.0,0.0,2.1,12,0.0,0.0,0.0,0.0,0.0,0.0,1.0
29133,0,1,3400,-55,55,326,5.0,15,0.50,0.0,0.0,2.1,12,0.0,0.0,0.0,0.0,0.0,0.0,1.0
29382,0,1,3400,-55,55,321,5.0,15,0.50,0.0,0.0,2.1,12,0.0,0.0,0.0,0.0,0.0,0.0,1.0
29631,0,1,3400,-55,55,321,5.0,16,0.50,0.0,0.0,2.1,12,0.0,0.0,0.0,0.0,0.0,0.0,1.0
29880,0,1,3400,-55,55,321,5.0,16,0.50,0.0,0.0,2.1,12,0.0,0.0,0.0,0.0,0.0,0.0,1.0
30129,0,1,3400,-55,55,326,5.0,16,0.50,0.0,0.0,2.1,12,0.0,0.0,0.0,0.0,0.0,0.0,1.0
30378,0,1,3400,-55,55,318,5.0,15,0.50,0.0,0.0,2.1,12,0.0,0.0,0.0,0.0,0.0,0.0,1.0
30627,0,1,3400,-55,55,311,5.0,16,0.50,0.0,0.0,2.1,12,0.0,0.0,0.0,0.0,0.0,0.0,1.0
30876,0,1,3400,-55,55,319,5.0,15,0.50,0.0,0.0,2.1,12,0.0,0.0,0.0,0.0,0.0,0.0,1.0
31125,0,1,3400,-55,55,319,5.0,16,0.50,0.0,0.0,2.1,13,0.0,17056.000000,0,0.0,0.0,0.0,1.0
31374,0,1,3400,-55,55,319,5.0,15,0.50,0.0,0.0,2.1,15,0.0,0.0,0.0,0.0,0.0,0.0,1.0
31623,0,1,3400,-55,55,319,5.0,15,0.50,0.0,0.0,2.1,15,0.0,0.0,0.0,0.0,0.0,0.0,1.0
31872,0,1,3400,-56,56,324,5.0,15,0.50,0.0,0.0,2.1,15,0.0,0.0,0.0,0.0,0.0,0.0,1.0
32121,0,1,3400,-56,56,323,5.0,16,0.50,0.0,0.0,2.1,15,0.0,0.0,0.0,0.0,0.0,0.0,1.0
32370,0,1,3400,-56,56,314,5.0,15,0.50,0.0,0.0,2.1,15,0.0,0.0,0.0,0.0,0.0,0.0,1.0
32619,0,1,3400,-56,56,320,5.0,16,0.50,0.0,0.0,2.1,15,0.0,0.0,0.0,0.0,0.0,0.0,1.0
32868,0,1,3400,-56,56,317,5.0,16,0.50,0.0,0.0,2.1,15,0.0,0.0,0.0,0.0,0.0,0.0,1.0
33117,0,1,3400,-56,56,319,5.0,15,0.50,0.0,0.0,2.1,15,0.0,0.0,0.0,0.0,0.0,0.0,1.0
33366,0,1,3400,-55,55,321,5.0,15,0.50,0.0,0.0,2.1,15,0.0,0.0,0.0,0.0,0.0,0.0,1.0
33615,0,1,3400,-56,56,320,5.0,16,0.50,0.0,0.0,2.1,15,0.0,0.0,0.0,0.0,0.0,0.0,1.0
33864,0,1,3400,-55,55,322,5.0,15,0.50,0.0,0.0,2.1,15,0.0,0.0,0.0,0.0,0.0,0.0,1.0
34113,0,1,3400,-56,56,326,5.0,16,0.50,0.0,0.0,2.1,15,0.0,0.0,0.0,0.0,0.0,0.0,1.0
34362,0,1,3400,-55,55,324,5.0,15,0.50,0.0,0.0,2.1,15,0.0,0.0,0.0,0.0,0.0,0.0,1.0
34611,0,1,3400,-56,56,324,5.0,16,0.50,0.0,0.0,2.1,15,0.0,0.0,0.0,0.0,0.0,0.0,1.0
34860,0,1,3400,-55,55,323,5.0,15,0.50,0.0,0.0,2.1,15,0.0,0.0,0.0,0.0,0.0,0.0,1.0
35109,0,1,3400,-56,56,322,5.0,15,0.50,0.0,0.0,2.1,15,0.0,0.0,0.0,0.0,0.0,0.0,1.0
35358,0,1,3400,-55,55,325,5.0,15,0.50,0.0,0.0,2.1,15,0.0,0.0,0.0,0.0,0.0,0.0,1.0
35607,0,1,3400,-55,55,323,5.0,16,0.50,0.0,0.0,2.1,15,0.0,0.0,0.0,0.0,0.0,0.0,1.0
35856,0,1,3400,-55,55,322,5.0,15,0.50,0.0,0.0,2.1,15,0.0,0.0,0.0,0.0,0.0,0.0,1.0
36105,0,1,3400,-55,55,327,5.0,15,0.50,0.0,0.0,2.1,15,0.0,0.0,0.0,0.0,0.0,0.0,1.0
36354,0,1,3400,-55,55,320,5.0,15,0.50,0.0,0.0,2.1,15,0.0,0.0,0.0,0.0,0.0,0.0,1.0
36603,0,1,3400,-55,55,318,5.0,15,0.50,0.0,0.0,2.1,15,0.0,0.0,0.0,0.0,0.0,0.0,1.0
36852,0,1,3400,-56,56,326,5.0,15,0.50,0.0,0.0,2.1,15,0.0,0.0,0.0,0.0,0.0,0.0,1.0
37101,0,1,3400,-56,56,328,5.0,16,0.50,0.0,0.0,2.1,15,0.0,0.0,0.0,0.0,0.0,0.0,1.0
37350,0,1,3400,-56,56,326,5.0,15,0.50,0.0,0.0,2.1,15,0.0,0.0,0.0,0.0,0.0,0.0,1.0
37599,0,1,3400,-55,55,321,5.0,15,0.50,0.0,0.0,2.1,15,0.0,0.0,0.0,0.0,0.0,0.0,1.0
37848,0,1,3400,-55,55,322,5.0,15,0.50,0.0,0.0,2.1,15,0.0,0.0,0.0,0.0,0.0,0.0,1.0
38097,0,1,3400,-56,56,325,5.0,15,0.50,0.0,0.0,2.1,15,0.0,0.0,0.0,0.0,0.0,0.0,1.0
38346,0,1,3400,-56,56,326,5.0,15,0.50,0.0,0.0,2.1,15,0.0,0.0,0.0,0.0,0.0,0.0,1.0
38595,0,1,3400,-56,56,326,5.0,15,0.50,0.0,0.0,2.1,15,0.0,0.0,0.0,0.0,0.0,0.0,1.0
38844,0,1,3400,-55,55,321,5.0,15,0.50,0.0,0.0,2.1,15,0.0,0.0,0.0,0.0,0.0,0.0,1.0
39093,0,1,3400,-56,56,326,5.0,15,0.50,0.0,0.0,2.1,15,0.0,0.0,0.0,0.0,0.0,0.0,1.0
39342,0,1,3400,-55,55,324,5.0,15,0.50,0.0,0.0,2.1,15,0.0,0.0,0.0,0.0,0.0,0.0,1.0
39591,0,1,3400,-56,56,319,5.0,16,0.50,0.0,0.0,2.1,15,0.0,0.0,0.0,0.0,0.0,0.0,1.0
39840,0,1,3400,-55,55,326,5.0,16,0.50,0.0,0.0,2.1,15,0.0,0.0,0.0,0.0,0.0,0.0,1.0
40089,0,1,3400,-55,55,325,5.0,15,0.50,0.0,0.0,2.1,15,0.0,0.0,0.0,0.0,0.0,0.0,1.0
40338,0,1,3400,-56,56,325,5.0,15,0.50,0.0,0.0,2.1,15,0.0,0.0,0.0,0.0,0.0,0.0,1.0
40587,0,1,3400,-56,56,325,5.0,15,0.50,0.0,0.0,2.1,15,0.0,0.0,0.0,0.0,0.0,0.0,1.0
40836,0,1,3400,-56,56,324,5.0,15,0.50,0.0,0.0,2.1,15,0.0,0.0,0.0,0.0,0.0,0.0,1.0
41085,0,1,3400,-55,55,328,5.0,15,0.50,0.0,0.0,2.1,15,0.0,0.0,0.0,0.0,0.0,0.0,1.0
41334,0,1,3400,-56,56,327,5.0,15,0.50,0.0,0.0,2.1,15,0.0,0.0,0.0,0.0,0.0,0.0,1.0
41583,0,1,3400,-55,55,322,5.0,16,0.50,0.0,0.0,2.1,15,0.0,0.0,0.0,0.0,0.0,0.0,1.0
41832,0,1,3400,-55,55,328,5.0,15,0.50,0.0,0.0,2.1,15,0.0,0.0,0.0,0.0,0.0,0.0,1.0
42081,0,1,3400,-55,55,331,5.0,15,0.50,0.0,0.0,2.1,15,0.0,0.0,0.0,0.0,0.0,0.0,1.0
42330,0,1,3400,-55,55,327,5.0,16,0.50,0.0,0.0,2.1,15,0.0,0.0,0.0,0.0,0.0,0.0,1.0
42579,0,1,3400,-56,56,325,5.0,16,0.50,0.0,0.0,2.1,15,0.0,0.0,0.0,0.0,0.0,0.0,1.0
42828,0,1,3400,-55,55,327,5.0,16,0.50,0.0,0.0,2.1,15,0.0,0.0,0.0,0.0,0.0,0.0,1.0
43077,0,1,3400,-55,55,322,5.0,15,0.50,0.0,0.0,2.1,15,0.0,0.0,0.0,0.0,0.0,0.0,1.0
43326,0,1,3400,-55,55,327,5.0,16,0.50,0.0,0.0,2.1,15,0.0,0.0,0.0,0.0,0.0,0.0,1.0
43575,0,1,3400,-55,55,322,5.0,16,0.50,0.0,0.0,2.1,15,0.0,0.0,0.0,0.0,0.0,0.0,1.0
43824,0,1,3400,-55,55,321,5.0,16,0.50,0.0,0.0,2.1,15,0.0,0.0,0.0,0.0,0.0,0.0,1.0
44073,0,1,3400,-55,55,325,5.0,15,0.50,0.0,0.0,2.1,15,0.0,0.0,0.0,0.0,0.0,0.0,1.0
44322,0,1,3400,-55,55,327,5.0,15,0.50,0.0,0.0,2.1,15,0.0,0.0,0.0,0.0,0.0,0.0,1.0
44571,0,1,3400,-56,56,326,5.0,15,0.50,0.0,0.0,2.1,15,0.0,0.0,0.0,0.0,0.0,0.0,1.0
44820,0,1,3400,-55,55,324,5.0,15,0.50,0.0,0.0,2.1,15,0.0,0.0,0.0,0.0,0.0,0.0,1.0
45069,0,1,3400,-55,55,323,5.0,15,0.50,0.0,0.0,2.1,15,0.0,0.0,0.0,0.0,0.0,0.0,1.0
45318,0,1,3400,-56,56,325,5.0,16,0.50,0.0,0.0,2.1,15,0.0,0.0,0.0,0.0,0.0,0.0,1.0
45567,0,1,3400,-55,55,329,5.0,17,0.50,0.0,0.0,2.1,15,0.0,0.0,0.0,0.0,0.0,0.0,1.0
45816,0,1,3400,-55,55,328,5.0,16,0.50,0.0,0.0,2.1,15,0.0,0.0,0.0,0.0,0.0,0.0,1.0
46065,0,1,3400,-55,55,327,5.0,15,0.50,0.0,0.0,2.1,15,0.0,0.0,0.0,0.0,0.0,0.0,1.0
46314,0,1,3400,-55,55,325,5.0,15,0.50,0.0,0.0,2.1,15,0.0,0.0,0.0,0.0,0.0,0.0,1.0
46563,0,1,3400,-55,55,324,5.0,16,0.50,0.0,0.0,2.1,15,0.0,0.0,0.0,0.0,0.0,0.0,1.0
46812,0,1,3400,-56,56,323,5.0,16,0.50,0.0,0.0,2.1,15,0.0,0.0,0.0,0.0,0.0,0.0,1.0
47061,0,1,3400,-55,55,325,5.0,16,0.50,0.0,0.0,2.1,15,0.0,0.0,0.0,0.0,0.0,0.0,1.0
47310,0,1,3400,-55,55,326,5.0,15,0.50,0.0,0.0,2.1,15,0.0,0.0,0.0,0.0,0.0,0.0,1.0
47559,0,1,3400,-55,55,326,5.0,16,0.50,0.0,0.0,2.1,15,0.0,0.0,0.0,0.0,0.0,0.0,1.0
47808,0,1,3400,-56,56,330,5.0,16,0.50,0.0,0.0,2.1,15,0.0,0.0,0.0,0.0,0.0,0.0,1.0
48057,0,1,3400,-56,56,323,5.0,16,0.50,0.0,0.0,2.1,15,0.0,0.0,0.0,0.0,0.0,0.0,1.0
48306,0,1,3400,-55,55,316,5.0,16,0.50,0.0,0.0,2.1,15,0.0,0.0,0.0,0.0,0.0,0.0,1.0
48555,0,1,3400,-55,55,321,5.0,15,0.50,0.0,0.0,2.1,15,0.0,0.0,0.0,0.0,0.0,0.0,1.0
48804,0,1,3400,-56,56,332,5.0,16,0.50,0.0,0.0,2.1,15,0.0,0.0,0.0,0.0,0.0,0.0,1.0
49053,0,1,3400,-56,56,325,5.0,15,0.50,0.0,0.0,2.1,15,0.0,0.0,0.0,0.0,0.0,0.0,1.0
49302,0,1,3400,-55,55,322,5.0,15,0.50,0.0,0.0,2.1,15,0.0,0.0,0.0,0.0,0.0,0.0,1.0
49551,0,1,3400,-55,55,328,5.0,16,0.50,0.0,0.0,2.1,15,0.0,0.0,0.0,0.0,0.0,0.0,1.0
49800,0,1,3400,-56,56,331,5.0,15,0.50,0.0,0.0,2.1,15,0.0,0.0,0.0,0.0,0.0,0.0,1.0
50049,0,1,3400,-55,55,328,5.0,16,0.50,0.0,0.0,2.1,15,0.0,0.0,0.0,0.0,0.0,0.0,1.0
50298,0,1,3400,-55,55,327,7.8,15,0.51,50304.000000,4,2.1,12,0.0,47648.000000,30,0.0,0.0,0.0,1.0
50547,0,1,3400,-56,56,323,12,15,0.81,93568.000000,5,2.1,10,0.0,11040.000000,0,0.0,0.0,0.0,1.0
50796,0,1,3400,-55,55,325,13,15,0.54,77216.000000,3,2.1,12,0.0,0.0,0.0,0.0,0.0,0.0,1.0
51045,0,1,3400,-55,55,325,11,15,0.88,61792.000000,15,2.1,12,0.0,0.0,0.0,0.0,0.0,0.0,1.0
51294,0,1,3400,-55,55,326,9.9,15,0.65,35040.000000,6,2.1,12,0.0,0.0,80,0.0,0.0,0.0,1.0
51543,0,1,3400,-55,55,326,12,15,0.64,54112.000000,8,2.1,14,0.0,0.0,0.0,0.0,0.0,0.0,1.0
51792,0,1,3400,-55,55,326,9.5,15,0.60,51136.000000,4,2.1,14,0.0,0.0,0.0,0.0,0.0,0.0,1.0
52041,0,1,3400,-55,55,320,9.4,15,0.54,66560.000000,0,2.1,14,0.0,0.0,0.0,0.0,0.0,0.0,1.0
52290,0,1,3400,-56,56,324,12,15,0.74,51168.000000,5,2.1,9.4,0.0,68960.000000,36,0.0,0.0,0.0,1.0
52539,0,1,3400,-56,56,328,12,15,0.78,37440.000000,0,2.1,0.0,0.0,0.0,0.0,0.0,0.0,0.0,1.0
52788,0,1,3400,-55,55,329,10,16,0.58,42464.000000,9,2.1,0.0,0.0,0.0,0.0,0.0,0.0,0.0,1.0
53037,0,1,3400,-55,55,327,10,15,0.80,70336.000000,6,2.1,0.0,0.0,0.0,0.0,0.0,0.0,0.0,1.0
53286,0,1,3400,-55,55,326,12,15,0.75,76800.000000,3,2.1,2.4,0.0,27296.000000,24,0.0,0.0,0.0,1.0
53535,0,1,3400,-55,55,325,13,15,0.64,45216.000000,6,2.1,6.5,0.0,0.0,0.0,0.0,0.0,0.0,1.0
53784,0,1,3400,-55,55,321,11,15,0.50,53312.000000,0,2.1,6.5,0.0,0.0,0.0,0.0,0.0,0.0,1.0
54033,0,1,3400,-55,55,328,10,15,0.60,67648.000000,6,2.1,6.5,0.0,0.0,0.0,0.0,0.0,0.0,1.0
54282,0,1,3400,-55,55,323,9.7,15,0.50,26816.000000,0,2.1,4.0,0.0,51648.000000,0,0.0,0.0,0.0,1.0
54531,0,1,3400,-55,55,320,12,14,1.0,48960.000000,8,2.1,0.0,0.0,0.0,0.0,0.0,0.0,0.0,1.0
54780,0,1,3400,-55,55,321,10,14,0.50,53696.000000,0,2.1,0.0,0.0,0.0,0.0,0.0,0.0,0.0,1.0
55029,0,1,3400,-56,56,323,10,13,0.57,83840.000000,2,2.1,0.0,0.0,0.0,0.0,0.0,0.0,0.0,1.0
55278,0,1,3400,-55,55,325,10,15,0.97,29120.000000,8,2.1,0.0,0.0,16800.000000,0,0.0,0.0,0.0,1.0
55527,0,1,3400,-55,55,329,12,16,0.80,51296.000000,5,2.1,0.0,0.0,0.0,0.0,0.0,0.0,0.0,1.0
55776,0,1,3400,-55,55,328,12,15,0.91,36800.000000,12,2.1,0.0,0.0,0.0,0.0,0.0,0.0,0.0,1.0
56025,0,1,3400,-55,55,325,11,15,0.50,50304.000000,0,2.1,0.0,0.0,0.0,0.0,0.0,0.0,0.0,1.0
56274,0,1,3400,-56,56,325,8.1,16,0.56,51040.000000,0,2.1,1.00,0.0,74080.000000,57,0.0,0.0,0.0,1.0
56523,0,1,3400,-55,55,325,11,15,0.74,73504.000000,8,2.1,0.0,0.0,0.0,0.0,0.0,0.0,0.0,1.0
56772,0,1,3400,-55,55,327,9.5,14,0.62,78752.000000,2,2.1,0.0,0.0,0.0,0.0,0.0,0.0,0.0,1.0
57021,0,1,3400,-56,56,328,8.5,15,0.60,41728.000000,12,2.1,0.0,0.0,0.0,0.0,0.0,0.0,0.0,1.0
57270,0,1,3400,-56,56,326,8.6,15,0.57,30080.000000,6,2.1,2.4,0.0,114464.000000,23,0.0,0.0,0.0,1.0
57519,0,1,3400,-55,55,333,12,15,0.50,64192.000000,0,2.1,6.5,0.0,0.0,0.0,0.0,0.0,0.0,1.0
57768,0,1,3400,-55,55,332,11,15,0.60,74848.000000,0,2.1,6.5,0.0,0.0,0.0,0.0,0.0,0.0,1.0
58017,0,1,3400,-55,55,320,11,15,0.67,61632.000000,4,2.1,6.5,0.0,0.0,0.0,0.0,0.0,0.0,1.0
58266,0,1,3400,-56,56,315,11,15,0.57,45888.000000,5,2.1,6.5,0.0,8160.000000,17,0.0,0.0,0.0,1.0
58515,0,1,3400,-56,56,315,9.7,15,0.50,58912.000000,0,2.1,6.5,0.0,0.0,0.0,0.0,0.0,0.0,1.0
58764,0,1,3400,-55,55,327,9.6,14,0.50,26752.000000,0,2.1,6.5,0.0,0.0,0.0,0.0,0.0,0.0,1.0
59013,0,1,3400,-56,56,324,9.8,15,0.79,61344.000000,9,2.1,6.5,0.0,0.0,0.0,0.0,0.0,0.0,1.0
59262,0,1,3400,-55,55,319,9.8,14,0.85,62080.000000,5,2.1,6.5,186,0.0,0.0,0.0,0.0,0.0,1.0
59511,0,1,3400,-55,55,315,11,15,0.74,45408.000000,5,2.1,0.52,0.0,8160.000000,0,0.0,0.0,0.0,1.0
59760,0,1,3400,-55,55,321,9.7,15,1.0,37440.000000,0,2.1,0.0,0.0,0.0,0.0,0.0,0.0,0.0,1.0
60009,0,1,3400,-55,55,327,10,15,0.57,45856.000000,5,2.1,0.0,0.0,0.0,0.0,0.0,0.0,0.0,1.0
60258,0,1,3400,-55,55,327,9.6,16,0.50,64000.000000,0,2.1,0.0,0.0,8064.000000,0,0.0,0.0,0.0,1.0
60507,0,1,3400,-55,55,327,9.0,16,0.75,46464.000000,4,2.1,0.0,0.0,0.0,0.0,0.0,0.0,0.0,1.0
60756,0,1,3400,-55,55,331,10,15,0.63,56768.000000,4,2.1,0.064,0.0,0.0,0.0,0.0,0.0,0.0,1.0
61005,0,1,3400,-55,55,325,11,15,1.1,90720.000000,5,2.1,0.0,0.0,0.0,0.0,0.0,0.0,0.0,1.0
61254,0,1,3400,-55,55,329,9.3,15,0.89,59648.000000,11,2.1,0.0,0.0,8160.000000,17,0.0,0.0,0.0,1.0
61503,0,1,3400,-55,55,333,12,15,0.61,80256.000000,3,2.1,0.064,0.0,0.0,0.0,0.0,0.0,0.0,1.0
61752,0,1,3400,-56,56,321,11,15,0.78,59776.000000,4,2.1,0.0,0.0,0.0,0.0,0.0,0.0,0.0,1.0
62001,0,1,3400,-55,55,319,13,15,0.64,36352.000000,18,2.1,0.0,0.0,0.0,0.0,0.0,0.0,0.0,1.0
62250,0,1,3400,-55,55,332,12,14,0.52,83232.000000,0,2.1,0.0,0.0,12256.000000,0,0.0,0.0,0.0,1.0
62499,0,1,3400,-55,55,338,11,15,0.59,75936.000000,0,2.1,0.0,0.0,0.0,0.0,0.0,0.0,0.0,1.0
62748,0,1,3400,-55,55,333,12,16,1.0,39776.000000,21,2.1,0.0,0.0,0.0,0.0,0.0,0.0,0.0,1.0
62997,0,1,3400,-55,55,332,7.4,15,0.50,39200.000000,0,2.1,0.0,0.0,0.0,0.0,0.0,0.0,0.0,1.0
63246,0,1,3400,-55,55,326,13,15,0.74,37376.000000,12,2.1,0.0,0.0,8160.000000,0,0.0,0.0,0.0,1.0
63495,0,1,3400,-55,55,326,9.9,15,0.90,65920.000000,4,2.1,0.0,0.0,0.0,0.0,0.0,0.0,0.0,1.0
63744,0,1,3400,-55,55,331,10,15,0.65,72704.000000,4,2.1,0.0,0.0,0.0,0.0,0.0,0.0,0.0,1.0
63993,0,1,3400,-55,55,327,12,15,0.60,50336.000000,5,2.1,0.0,0.0,0.0,0.0,0.0,0.0,0.0,1.0
64242,0,1,3400,-56,56,326,11,15,0.50,53792.000000,0,2.1,0.0,0.0,8160.000000,0,0.0,0.0,0.0,1.0
64491,0,1,3400,-55,55,329,9.1,14,0.68,65152.000000,6,2.1,0.0,0.0,0.0,0.0,0.0,0.0,0.0,1.0
64740,0,1,3400,-55,55,329,11,16,1.2,24032.000000,23,2.1,0.0,0.0,0.0,0.0,0.0,0.0,0.0,1.0
64989,0,1,3400,-56,56,329,12,14,1.6,55104.000000,12,2.1,0.0,0.0,0.0,0.0,0.0,0.0,0.0,1.0
65238,0,1,3400,-55,55,334,12,15,0.91,71456.000000,9,2.1,0.0,0.0,8160.000000,0,0.0,0.0,0.0,1.0
65487,0,1,3400,-56,56,330,7.2,15,0.50,28256.000000,0,2.1,0.0,0.0,0.0,0.0,0.0,0.0,0.0,1.0
65736,0,1,3400,-55,55,323,11,15,0.95,43552.000000,5,2.1,0.0,0.0,0.0,0.0,0.0,0.0,0.0,1.0
65985,0,1,3400,-56,56,323,11,15,0.64,64640.000000,0,2.1,0.064,0.0,0.0,0.0,0.0,0.0,0.0,1.0
66234,0,1,3400,-55,55,327,11,15,0.50,58400.000000,0,2.1,1.1,0.0,24384.000000,32,0.0,0.0,0.0,1.0
66483,0,1,3400,-56,56,321,11,14,0.83,51712.000000,11,2.1,0.0,0.0,0.0,0.0,0.0,0.0,0.0,1.0
66732,0,1,3400,-56,56,331,9.3,15,0.63,67040.000000,3,2.1,0.0,0.0,0.0,0.0,0.0,0.0,0.0,1.0
66981,0,1,3400,-56,56,340,12,16,0.55,58816.000000,0,2.1,0.0,0.0,0.0,0.0,0.0,0.0,0.0,1.0
67230,0,1,3400,-55,55,328,12,15,0.73,29312.000000,8,2.1,0.0,0.0,12384.000000,25,0.0,0.0,0.0,1.0
67479,0,1,3400,-56,56,320,12,16,0.50,64128.000000,0,2.1,0.0,0.0,0.0,0.0,0.0,0.0,0.0,1.0
67728,0,1,3400,-55,55,324,9.3,15,0.56,45888.000000,4,2.1,0.0,0.0,0.0,0.0,0.0,0.0,0.0,1.0
67977,0,1,3400,-55,55,325,10,14,0.85,38528.000000,11,2.1,0.0,0.0,0.0,0.0,0.0,0.0,0.0,1.0
68226,0,1,3400,-55,55,335,10,14,0.51,37536.000000,0,2.1,0.064,0.0,8160.000000,0,0.0,0.0,0.0,1.0
68475,0,1,3400,-55,55,335,10.0,14,0.78,57728.000000,7,2.1,0.0,0.0,0.0,0.0,0.0,0.0,0.0,1.0
68724,0,1,3400,-55,55,331,11,14,0.70,70112.000000,6,2.1,0.0,0.0,0.0,0.0,0.0,0.0,0.0,1.0
68973,0,1,3400,-56,56,327,13,15,0.50,15936.000000,0,2.1,0.0,0.0,0.0,0.0,0.0,0.0,0.0,1.0
69222,0,1,3400,-56,56,322,12,15,0.83,74112.000000,6,2.1,0.064,0.0,8160.000000,17,0.0,0.0,0.0,1.0
69471,0,1,3400,-56,56,322,13,14,0.50,34976.000000,0,2.1,0.0,0.0,0.0,0.0,0.0,0.0,0.0,1.0
69720,0,1,3400,-55,55,329,12,15,0.50,50400.000000,0,2.1,0.064,0.0,0.0,0.0,0.0,0.0,0.0,1.0
69969,0,1,3400,-55,55,326,10,15,0.51,72480.000000,3,2.1,0.0,0.0,0.0,0.0,0.0,0.0,0.0,1.0
70218,0,1,3400,-55,55,322,10,15,1.0,51392.000000,4,2.1,0.0,0.0,6880.000000,40,0.0,0.0,0.0,1.0
70467,0,1,3400,-55,55,331,10,15,0.55,67328.000000,3,2.1,0.0,0.0,0.0,0.0,0.0,0.0,0.0,1.0
70716,0,1,3400,-55,55,331,12,15,0.96,63968.000000,13,2.1,0.0,0.0,0.0,0.0,0.0,0.0,0.0,1.0
70965,0,1,3400,-55,55,324,10,15,0.64,57184.000000,13,2.1,0.0,0.0,0.0,0.0,0.0,0.0,0.0,1.0
71214,0,1,3400,-55,55,324,12,14,1.0,29792.000000,19,2.1,0.0,0.0,12384.000000,0,0.0,0.0,0.0,1.0
71463,0,1,3400,-56,56,320,10,15,1.0,51200.000000,10,2.1,0.0,0.0,0.0,0.0,0.0,0.0,0.0,1.0
71712,0,1,3400,-55,55,325,12,15,0.67,80512.000000,10,2.1,0.0,0.0,0.0,0.0,0.0,0.0,0.0,1.0
71961,0,1,3400,-55,55,331,12,15,0.57,64768.000000,0,2.1,0.0,0.0,0.0,0.0,0.0,0.0,0.0,1.0
72210,0,1,3400,-55,55,333,11,14,1.6,30368.000000,8,2.1,0.0,0.0,0.0,0.0,0.0,0.0,0.0,1.0
72460,0,1,3400,-56,56,329,11,15,0.53,58528.000000,6,2.1,0.0,0.0,8160.000000,29,0.0,0.0,0.0,1.0
72709,0,1,3400,-55,55,327,11,15,0.55,35168.000000,5,2.1,0.0,0.0,0.0,0.0,0.0,0.0,0.0,1.0
72958,0,1,3400,-55,55,330,10,14,0.58,85760.000000,0,2.1,0.0,0.0,0.0,0.0,0.0,0.0,0.0,1.0
73207,0,1,3400,-56,56,327,12,15,0.77,55744.000000,11,2.1,0.0,0.0,8160.000000,0,0.0,0.0,0.0,1.0
73456,0,1,3400,-55,55,324,9.3,15,0.86,23776.000000,20,2.1,0.0,0.0,0.0,0.0,0.0,0.0,0.0,1.0
73705,0,1,3400,-56,56,334,10,15,0.55,74880.000000,6,2.1,0.0,0.0,0.0,0.0,0.0,0.0,0.0,1.0
73954,0,1,3400,-55,55,332,10,14,0.68,54944.000000,11,2.1,0.0,0.0,0.0,0.0,0.0,0.0,0.0,1.0
74203,0,1,3400,-56,56,327,12,15,0.63,56288.000000,4,2.1,1.5,0.0,9184.000000,57,0.0,0.0,0.0,1.0
74452,0,1,3400,-56,56,324,11,15,0.68,35744.000000,15,2.1,0.0,0.0,0.0,0.0,0.0,0.0,0.0,1.0
74701,0,1,3400,-56,56,322,11,14,0.50,80352.000000,0,2.1,0.0,0.0,0.0,0.0,0.0,0.0,0.0,1.0
74950,0,1,3400,-55,55,325,10.0,15,0.77,51040.000000,4,2.1,0.0,0.0,0.0,0.0,0.0,0.0,0.0,1.0
75199,0,1,3400,-55,55,332,9.5,15,0.50,37568.000000,0,2.1,1.5,0.0,9184.000000,57,0.0,0.0,0.0,1.0
75448,0,1,3400,-55,55,327,9.8,14,0.50,45824.000000,0,2.1,0.0,0.0,0.0,0.0,0.0,0.0,0.0,1.0
75697,0,1,3400,-55,55,322,11,16,0.85,45472.000000,6,2.1,0.0,0.0,0.0,0.0,0.0,0.0,0.0,1.0
75946,0,1,3400,-55,55,330,10,15,0.51,69696.000000,0,2.1,0.0,0.0,0.0,0.0,0.0,0.0,0.0,1.0
76195,0,1,3400,-55,55,331,12,15,0.73,86784.000000,3,2.1,2.4,0.0,38656.000000,26,0.0,0.0,0.0,1.0
76444,0,1,3400,-56,56,331,12,16,0.50,38976.000000,0,2.1,6.5,0.0,0.0,0.0,0.0,0.0,0.0,1.0
76693,0,1,3400,-55,55,335,12,15,1.4,35072.000000,6,2.1,6.5,0.0,0.0,0.0,0.0,0.0,0.0,1.0
76942,0,1,3400,-55,55,327,9.8,15,0.73,77920.000000,7,2.1,6.8,0.0,14496.000000,0,0.0,0.0,0.0,1.0
77191,0,1,3400,-55,55,320,10,15,0.57,61952.000000,3,2.1,7.3,0.0,8160.000000,29,0.0,0.0,0.0,1.0
77440,0,1,3400,-55,55,321,13,15,0.75,40160.000000,6,2.1,0.0,0.0,0.0,0.0,0.0,0.0,0.0,1.0
77689,0,1,3400,-55,55,332,9.1,15,0.50,32224.000000,0,2.1,0.0,0.0,0.0,0.0,0.0,0.0,0.0,1.0
77938,0,1,3400,-56,56,333,9.0,14,0.62,80960.000000,5,2.1,0.0,0.0,0.0,0.0,0.0,0.0,0.0,1.0
78187,0,1,3400,-55,55,328,10,16,0.50,70688.000000,0,2.1,0.0,0.0,24256.000000,9,0.0,0.0,0.0,1.0
78436,0,1,3400,-55,55,330,9.3,15,0.67,73536.000000,8,2.1,0.0,0.0,0.0,0.0,0.0,0.0,0.0,1.0
78685,0,1,3400,-56,56,327,11,16,0.74,53504.000000,8,2.1,0.0,0.0,0.0,0.0,0.0,0.0,0.0,1.0
78934,0,1,3400,-55,55,329,11,15,1.0,48064.000000,0,2.1,0.0,0.0,0.0,0.0,0.0,0.0,0.0,1.0
79183,0,1,3400,-55,55,332,8.5,16,0.50,53568.000000,0,2.1,4.2,0.0,0.0,80,0.0,0.0,0.0,1.0
79432,0,1,3400,-55,55,335,12,15,0.71,67392.000000,4,2.1,7.5,0.0,0.0,0.0,0.0,0.0,0.0,1.0
79681,0,1,3400,-55,55,333,12,15,0.50,69408.000000,0,2.1,7.5,0.0,0.0,0.0,0.0,0.0,0.0,1.0
79930,0,1,3400,-55,55,335,12,15,0.50,79168.000000,0,2.1,7.5,0.0,0.0,0.0,0.0,0.0,0.0,1.0
80179,0,1,3400,-55,55,330,7.8,15,0.56,29216.000000,18,2.1,7.9,0.0,6432.000000,50,0.0,0.0,0.0,1.0
80428,0,1,3400,-55,55,325,12,16,0.50,61696.000000,0,2.1,14,0.0,0.0,0.0,0.0,0.0,0.0,1.0
80677,0,1,3400,-55,55,329,9.9,15,0.71,54080.000000,13,2.1,14,0.0,0.0,0.0,0.0,0.0,0.0,1.0
80926,0,1,3400,-55,55,332,9.4,14,0.78,43136.000000,15,2.1,14,0.0,0.0,0.0,0.0,0.0,0.0,1.0
81175,0,1,3400,-55,55,329,9.6,14,1.0,65024.000000,14,2.1,12,0.0,0.0,80,0.0,0.0,0.0,1.0
81424,0,1,3400,-56,56,326,10,15,0.50,53472.000000,0,2.1,7.5,0.0,0.0,0.0,0.0,0.0,0.0,1.0
81673,0,1,3400,-55,55,329,9.5,14,0.66,83072.000000,6,2.1,7.5,0.0,0.0,0.0,0.0,0.0,0.0,1.0
81922,0,1,3400,-55,55,337,11,15,0.51,80128.000000,0,2.1,7.5,0.0,0.0,0.0,0.0,0.0,0.0,1.0
82171,0,1,3400,-55,55,335,12,15,0.72,46048.000000,10,2.1,10,0.0,151584.000000,66,0.0,0.0,0.0,1.0
82420,0,1,3400,-56,56,329,11,15,0.50,53408.000000,0,2.1,16,0.0,0.0,0.0,0.0,0.0,0.0,1.0
82669,0,1,3400,-55,55,326,11,14,0.53,58464.000000,7,2.1,16,0.0,0.0,0.0,0.0,0.0,0.0,1.0
82918,0,1,3400,-55,55,322,10,15,0.94,54944.000000,4,2.1,16,0.0,0.0,0.0,0.0,0.0,0.0,1.0
83167,0,1,3400,-56,56,322,11,14,0.54,46880.000000,5,2.1,14,0.0,93248.000000,33,0.0,0.0,0.0,1.0
83416,0,1,3400,-55,55,324,12,15,1.1,50528.000000,16,2.1,4.0,0.0,0.0,100.000000,0.0,0.0,0.0,1.0
83665,0,1,3400,-55,55,316,11,15,1.1,37504.000000,11,2.1,4.0,0.0,0.0,0.0,0.0,0.0,0.0,1.0
83914,0,1,3400,-55,55,320,8.7,14,0.50,43200.000000,0,2.1,4.0,0.0,0.0,0.0,0.0,0.0,0.0,1.0
84163,0,1,3400,-56,56,322,12,16,0.71,64000.000000,7,2.1,3.7,0.0,8160.000000,0,0.0,0.0,0.0,1.0
84412,0,1,3400,-55,55,327,10,15,0.53,39520.000000,6,2.1,0.0,0.0,0.0,0.0,0.0,0.0,0.0,1.0
84661,0,1,3400,-55,55,332,12,15,0.71,88352.000000,5,2.1,0.064,0.0,0.0,0.0,0.0,0.0,0.0,1.0
84910,0,1,3400,-56,56,326,9.7,15,0.67,53568.000000,4,2.1,0.0,0.0,0.0,0.0,0.0,0.0,0.0,1.0
85159,0,1,3400,-55,55,328,12,15,0.53,49888.000000,5,2.1,0.0,0.0,15872.000000,20,0.0,0.0,0.0,1.0
85408,0,1,3400,-56,56,328,12,14,0.61,29664.000000,19,2.1,0.0,0.0,0.0,0.0,0.0,0.0,0.0,1.0
85657,0,1,3400,-55,55,332,10,15,0.50,53504.000000,0,2.1,0.0,0.0,0.0,0.0,0.0,0.0,0.0,1.0
85906,0,1,3400,-55,55,330,10,15,0.92,45312.000000,5,2.1,0.0,0.0,0.0,0.0,0.0,0.0,0.0,1.0
86155,0,1,3400,-56,56,331,11,15,0.65,66560.000000,3,2.1,3.1,0.0,0.0,80,0.0,0.0,0.0,1.0
86404,0,1,3400,-56,56,329,12,15,0.84,55808.000000,4,2.1,7.5,0.0,0.0,0.0,0.0,0.0,0.0,1.0
86653,0,1,3400,-56,56,324,11,15,0.56,45792.000000,5,2.1,7.5,0.0,0.0,0.0,0.0,0.0,0.0,1.0
86902,0,1,3400,-55,55,326,9.4,14,0.55,53888.000000,0,2.1,7.5,0.0,0.0,0.0,0.0,0.0,0.0,1.0
87151,0,1,3400,-55,55,330,9.4,15,0.68,78304.000000,3,2.1,5.9,0.0,12192.000000,0,0.0,0.0,0.0,1.0
87400,0,1,3400,-56,56,329,12,16,0.50,74784.000000,0,2.1,0.0,0.0,0.0,0.0,0.0,0.0,0.0,1.0
87649,0,1,3400,-55,55,339,12,15,0.54,69920.000000,0,2.1,0.0,0.0,0.0,0.0,0.0,0.0,0.0,1.0
87898,0,1,3400,-56,56,328,12,16,0.50,42752.000000,0,2.1,0.0,0.0,0.0,0.0,0.0,0.0,0.0,1.0
88147,0,1,3400,-55,55,321,11,15,0.98,80736.000000,10,2.1,3.0,0.0,0.0,80,0.0,0.0,0.0,1.0
88396,0,1,3400,-55,55,326,8.5,15,0.70,94816.000000,5,2.1,7.5,0.0,0.0,0.0,0.0,0.0,0.0,1.0
88645,0,1,3400,-55,55,332,10,15,0.54,71840.000000,6,2.1,7.5,0.0,0.0,0.0,0.0,0.0,0.0,1.0
88894,0,1,3400,-55,55,333,10,14,0.95,34912.000000,7,2.1,7.5,0.0,0.0,0.0,0.0,0.0,0.0,1.0
89143,0,1,3400,-55,55,324,11,15,0.74,34848.000000,7,2.1,4.8,0.0,8064.000000,0,0.0,0.0,0.0,1.0
89392,0,1,3400,-55,55,323,11,15,0.88,47552.000000,8,2.1,0.0,0.0,0.0,0.0,0.0,0.0,0.0,1.0
89641,0,1,3400,-55,55,329,12,15,0.80,69984.000000,6,2.1,0.0,0.0,0.0,0.0,0.0,0.0,0.0,1.0
89890,0,1,3400,-55,55,336,11,15,0.88,53568.000000,8,2.1,0.0,0.0,0.0,0.0,0.0,0.0,0.0,1.0
90139,0,1,3400,-55,55,328,11,15,0.50,64064.000000,0,2.1,0.0,0.0,8160.000000,17,0.0,0.0,0.0,1.0
90388,0,1,3400,-55,55,325,10,14,1.3,40864.000000,9,2.1,0.0,0.0,0.0,0.0,0.0,0.0,0.0,1.0
90637,0,1,3400,-55,55,328,9.3,16,0.53,42816.000000,0,2.1,0.064,0.0,0.0,0.0,0.0,0.0,0.0,1.0
90886,0,1,3400,-55,55,330,11,14,0.64,70432.000000,6,2.1,0.0,0.0,0.0,0.0,0.0,0.0,0.0,1.0
91135,0,1,3400,-55,55,338,10,15,0.95,45824.000000,11,2.1,0.82,0.0,11232.000000,36,0.0,0.0,0.0,1.0
91384,0,1,3400,-55,55,336,12,15,1.0,67392.000000,9,2.1,0.0,0.0,0.0,0.0,0.0,0.0,0.0,1.0
91633,0,1,3400,-56,56,328,11,15,0.56,49920.000000,8,2.1,0.0,0.0,0.0,0.0,0.0,0.0,0.0,1.0
91882,0,1,3400,-55,55,326,11,15,0.51,26880.000000,0,2.1,0.0,0.0,0.0,0.0,0.0,0.0,0.0,1.0
92131,0,1,3400,-55,55,327,11,16,1.0,35168.000000,6,2.1,0.0,0.0,8160.000000,0,0.0,0.0,0.0,1.0
92380,0,1,3400,-55,55,327,12,16,1.5,52832.000000,8,2.1,0.0,0.0,0.0,0.0,0.0,0.0,0.0,1.0
92629,0,1,3400,-56,56,324,14,15,0.67,23424.000000,11,2.1,0.0,0.0,0.0,0.0,0.0,0.0,0.0,1.0
92878,0,1,3400,-55,55,324,8.7,16,0.50,27200.000000,0,2.1,0.0,0.0,0.0,0.0,0.0,0.0,0.0,1.0
93127,0,1,3400,-56,56,330,11,16,0.50,47968.000000,0,2.1,0.0,0.0,8064.000000,0,0.0,0.0,0.0,1.0
93376,0,1,3400,-55,55,327,10,16,0.65,44928.000000,5,2.1,0.0,0.0,0.0,0.0,0.0,0.0,0.0,1.0
93625,0,1,3400,-55,55,326,12,14,0.72,82464.000000,8,2.1,0.0,0.0,0.0,0.0,0.0,0.0,0.0,1.0
93874,0,1,3400,-55,55,332,11,14,0.92,65824.000000,3,2.1,0.0,0.0,0.0,0.0,0.0,0.0,0.0,1.0
94123,0,1,3400,-56,56,333,11,15,0.58,41312.000000,12,2.1,1.4,0.0,8416.000000,57,0.0,0.0,0.0,1.0
94372,0,1,3400,-55,55,331,12,15,0.87,48128.000000,9,2.1,0.0,0.0,0.0,0.0,0.0,0.0,0.0,1.0
94621,0,1,3400,-55,55,328,11,15,0.86,61920.000000,4,2.1,0.0,0.0,0.0,0.0,0.0,0.0,0.0,1.0
94870,0,1,3400,-56,56,328,9.9,15,0.50,53056.000000,0,2.1,0.0,0.0,0.0,0.0,0.0,0.0,0.0,1.0
95119,0,1,3400,-55,55,327,11,15,0.50,48224.000000,0,2.1,0.0,0.0,8064.000000,0,0.0,0.0,0.0,1.0
95368,0,1,3400,-56,56,327,12,16,0.77,53120.000000,9,2.1,0.0,0.0,0.0,0.0,0.0,0.0,0.0,1.0
95617,0,1,3400,-56,56,325,9.6,16,0.64,80352.000000,5,2.1,0.0,0.0,0.0,0.0,0.0,0.0,0.0,1.0
95866,0,1,3400,-56,56,327,10,15,0.53,96672.000000,0,2.1,0.0,0.0,0.0,0.0,0.0,0.0,0.0,1.0
96115,0,1,3400,-56,56,328,11,16,0.51,54656.000000,4,2.1,3.0,0.0,0.0,80,0.0,0.0,0.0,1.0
96365,0,1,3400,-55,55,331,11,15,0.50,53440.000000,0,2.1,7.5,0.0,0.0,0.0,0.0,0.0,0.0,1.0
96614,0,1,3400,-56,56,335,11,15,0.72,102432.000000,7,2.1,7.5,0.0,0.0,0.0,0.0,0.0,0.0,1.0
96863,0,1,3400,-55,55,337,11,15,0.57,74144.000000,0,2.1,7.5,0.0,0.0,0.0,0.0,0.0,0.0,1.0
97112,0,1,3400,-55,55,329,12,15,0.75,67104.000000,3,2.1,4.8,0.0,47808.000000,31,0.0,0.0,0.0,1.0
97361,0,1,3400,-55,55,324,10,15,0.93,48320.000000,8,2.1,0.0,0.0,0.0,0.0,0.0,0.0,0.0,1.0
97610,0,1,3400,-55,55,318,11,15,0.82,77568.000000,8,2.1,0.0,0.0,0.0,0.0,0.0,0.0,0.0,1.0
97859,0,1,3400,-55,55,320,9.6,15,0.52,74944.000000,0,2.1,0.0,0.0,0.0,0.0,0.0,0.0,0.0,1.0
98108,0,1,3400,-55,55,336,12,15,0.91,42688.000000,11,2.1,0.0,0.0,8160.000000,0,0.0,0.0,0.0,1.0
98357,0,1,3400,-55,55,337,11,15,0.60,56128.000000,8,2.1,0.0,0.0,0.0,0.0,0.0,0.0,0.0,1.0
98606,0,1,3400,-56,56,331,12,16,0.97,61728.000000,11,2.1,0.0,0.0,0.0,0.0,0.0,0.0,0.0,1.0
98855,0,1,3400,-56,56,321,11,16,0.66,80352.000000,0,2.1,0.0,0.0,0.0,0.0,0.0,0.0,0.0,1.0
99104,0,1,3400,-56,56,326,9.7,14,0.55,65056.000000,6,2.1,0.0,0.0,8160.000000,0,0.0,0.0,0.0,1.0
99353,0,1,3400,-55,55,324,12,15,0.58,58400.000000,8,2.1,0.0,0.0,0.0,0.0,0.0,0.0,0.0,1.0
99602,0,1,3400,-55,55,319,13,15,0.95,61792.000000,11,2.1,0.0,0.0,0.0,0.0,0.0,0.0,0.0,1.0
99851,0,1,3400,-56,56,325,11,15,0.51,48128.000000,0,2.1,0.0,0.0,0.0,0.0,0.0,0.0,0.0,1.0
100100,0,1,3400,-56,56,335,12,15,0.96,26688.000000,14,2.1,3.2,0.0,19296.000000,25,0.0,0.0,0.0,1.0
100349,0,1,3400,-55,55,330,10.0,15,0.60,60256.000000,12,2.1,7.0,0.0,0.0,0.0,0.0,0.0,0.0,1.0
100598,0,1,3400,-55,55,328,10,14,0.52,75264.000000,0,2.1,7.0,0.0,0.0,0.0,0.0,0.0,0.0,1.0
100847,0,1,3400,-56,56,330,11,15,0.59,74848.000000,6,2.1,7.0,0.0,0.0,0.0,0.0,0.0,0.0,1.0
101096,0,1,3400,-56,56,328,11,15,0.78,64576.000000,7,2.1,7.2,0.0,0.0,80,0.0,0.0,0.0,1.0
101345,0,1,3400,-55,55,325,9.2,15,0.50,51360.000000,0,2.1,7.5,0.0,0.0,0.0,0.0,0.0,0.0,1.0
101594,0,1,3400,-56,56,325,11,15,0.57,67168.000000,7,2.1,7.5,0.0,0.0,0.0,0.0,0.0,0.0,1.0
101843,0,1,3400,-55,55,331,12,15,0.71,59712.000000,7,2.1,7.5,0.0,0.0,0.0,0.0,0.0,0.0,1.0
102092,0,1,3400,-55,55,328,10,14,0.89,35104.000000,15,2.1,9.2,0.0,177408.000000,67,0.0,0.0,0.0,1.0
102341,0,1,3400,-56,56,329,12,15,0.59,40256.000000,6,2.1,16,0.0,0.0,100.000000,0.0,0.0,0.0,1.0
102590,0,1,3400,-55,55,329,12,16,0.82,29728.000000,8,2.1,16,0.0,0.0,0.0,0.0,0.0,0.0,1.0
102839,0,1,3400,-56,56,329,11,15,0.70,35008.000000,6,2.1,16,0.0,0.0,0.0,0.0,0.0,0.0,1.0
103088,0,1,3400,-56,56,331,12,14,0.76,54688.000000,8,2.1,14,0.0,115008.000000,65,0.0,0.0,0.0,1.0
103337,0,1,3400,-55,55,332,13,15,1.00,46656.000000,18,2.1,16,0.0,0.0,0.0,0.0,0.0,0.0,1.0
103586,0,1,3400,-55,55,333,13,15,0.60,58880.000000,8,2.1,16,0.0,0.0,0.0,0.0,0.0,0.0,1.0
103835,0,1,3400,-55,55,323,11,15,0.66,64448.000000,7,2.1,16,0.0,0.0,0.0,0.0,0.0,0.0,1.0
104084,0,1,3400,-56,56,325,12,16,0.56,39776.000000,6,2.1,7.4,0.0,8064.000000,0,0.0,0.0,0.0,1.0
104333,0,1,3400,-55,55,335,11,16,0.56,72800.000000,0,2.1,0.064,0.0,0.0,0.0,0.0,0.0,0.0,1.0
104582,0,1,3400,-55,55,327,10,15,0.65,59264.000000,6,2.1,0.0,0.0,0.0,0.0,0.0,0.0,0.0,1.0
104831,0,1,3400,-56,56,326,10,15,0.59,74720.000000,0,2.1,0.0,0.0,0.0,0.0,0.0,0.0,0.0,1.0
105080,0,1,3400,-56,56,336,10,16,0.50,71584.000000,0,2.1,0.0,0.0,8160.000000,0,0.0,0.0,0.0,1.0
105329,0,1,3400,-55,55,335,11,15,0.58,47200.000000,5,2.1,0.0,0.0,0.0,0.0,0.0,0.0,0.0,1.0
105578,0,1,3400,-55,55,333,11,14,0.85,72320.000000,13,2.1,0.0,0.0,0.0,0.0,0.0,0.0,0.0,1.0
105827,0,1,3400,-56,56,333,8.6,15,0.58,36992.000000,11,2.1,0.0,0.0,0.0,0.0,0.0,0.0,0.0,1.0
106076,0,1,3400,-56,56,329,12,15,0.64,49088.000000,0,2.1,0.0,0.0,8064.000000,0,0.0,0.0,0.0,1.0
106325,0,1,3400,-56,56,332,13,16,0.58,21312.000000,0,2.1,0.0,0.0,0.0,0.0,0.0,0.0,0.0,1.0
106574,0,1,3400,-55,55,330,9.2,14,0.74,85728.000000,9,2.1,0.0,0.0,0.0,0.0,0.0,0.0,0.0,1.0
106823,0,1,3400,-56,56,324,10,16,0.75,38464.000000,0,2.1,0.0,0.0,0.0,0.0,0.0,0.0,0.0,1.0
107072,0,1,3400,-55,55,328,13,15,0.82,37376.000000,12,2.1,0.82,0.0,5696.000000,57,0.0,0.0,0.0,1.0
107321,0,1,3400,-55,55,335,9.8,15,0.50,49056.000000,0,2.1,0.0,0.0,0.0,0.0,0.0,0.0,0.0,1.0
107570,0,1,3400,-55,55,333,12,15,0.50,42880.000000,0,2.1,0.0,0.0,0.0,0.0,0.0,0.0,0.0,1.0
107819,0,1,3400,-55,55,327,9.3,15,0.61,45856.000000,4,2.1,0.064,0.0,0.0,0.0,0.0,0.0,0.0,1.0
108068,0,1,3400,-56,56,324,11,16,0.61,58624.000000,0,2.1,0.0,0.0,12256.000000,0,0.0,0.0,0.0,1.0
108317,0,1,3400,-56,56,325,12,15,0.61,71648.000000,4,2.1,0.0,0.0,0.0,0.0,0.0,0.0,0.0,1.0
108566,0,1,3400,-55,55,327,10,14,0.96,60544.000000,12,2.1,0.0,0.0,0.0,0.0,0.0,0.0,0.0,1.0
108815,0,1,3400,-56,56,331,12,16,0.54,74496.000000,0,2.1,0.0,0.0,0.0,0.0,0.0,0.0,0.0,1.0
109064,0,1,3400,-55,55,335,12,16,0.70,75168.000000,6,2.1,0.0,0.0,46816.000000,10,0.0,0.0,0.0,1.0
109313,0,1,3400,-55,55,332,11,15,0.60,45792.000000,5,2.1,0.0,0.0,0.0,0.0,0.0,0.0,0.0,1.0
109562,0,1,3400,-55,55,329,11,16,0.54,29152.000000,8,2.1,0.0,0.0,0.0,0.0,0.0,0.0,0.0,1.0
109811,0,1,3400,-56,56,335,11,15,1.0,54496.000000,14,2.1,0.0,0.0,0.0,0.0,0.0,0.0,0.0,1.0
110060,0,1,3400,-55,55,326,13,15,0.68,76480.000000,3,2.1,0.26,0.0,6624.000000,42,0.0,0.0,0.0,1.0
110309,0,1,3400,-55,55,330,10,15,0.50,80480.000000,0,2.1,0.84,0.0,8000.000000,43,0.0,0.0,0.0,1.0
110558,0,1,3400,-55,55,332,13,15,0.50,62176.000000,0,2.1,0.0,0.0,0.0,0.0,0.0,0.0,0.0,1.0
110807,0,1,3400,-55,55,330,12,16,0.70,85248.000000,3,2.1,0.0,0.0,0.0,0.0,0.0,0.0,0.0,1.0
111056,0,1,3400,-56,56,327,10,16,0.89,40352.000000,6,2.1,0.82,0.0,11232.000000,46,0.0,0.0,0.0,1.0
111305,0,1,3400,-55,55,335,12,15,0.76,48704.000000,9,2.1,0.064,0.0,0.0,0.0,0.0,0.0,0.0,1.0
111554,0,1,3400,-55,55,344,12,15,0.89,70016.000000,17,2.1,0.0,0.0,0.0,0.0,0.0,0.0,0.0,1.0
111803,0,1,3400,-55,55,335,10,14,0.74,41088.000000,13,2.1,0.0,0.0,0.0,0.0,0.0,0.0,0.0,1.0
112052,0,1,3400,-55,55,327,13,15,0.71,49824.000000,5,2.1,0.064,0.0,8160.000000,29,0.0,0.0,0.0,1.0
112301,0,1,3400,-55,55,330,11,15,0.54,59424.000000,0,2.1,0.0,0.0,0.0,0.0,0.0,0.0,0.0,1.0
112550,0,1,3400,-56,56,332,11,15,0.51,85312.000000,0,2.1,0.0,0.0,0.0,0.0,0.0,0.0,0.0,1.0
112799,0,1,3400,-55,55,333,12,16,0.50,53440.000000,0,2.1,0.0,0.0,0.0,0.0,0.0,0.0,0.0,1.0
113048,0,1,3400,-55,55,331,8.3,14,0.53,31040.000000,0,2.1,0.0,0.0,28864.000000,24,0.0,0.0,0.0,1.0
113297,0,1,3400,-55,55,325,9.1,15,0.52,45888.000000,0,2.1,0.0,0.0,0.0,0.0,0.0,0.0,0.0,1.0
113546,0,1,3400,-55,55,324,13,15,0.53,65632.000000,0,2.1,0.0,0.0,0.0,0.0,0.0,0.0,0.0,1.0
113795,0,1,3400,-56,56,332,14,15,0.61,28992.000000,8,2.1,0.0,0.0,0.0,0.0,0.0,0.0,0.0,1.0
114044,0,1,3400,-55,55,333,10,15,1.1,53760.000000,15,2.1,4.3,0.0,38368.000000,37,0.0,0.0,0.0,1.0
114293,0,1,3400,-55,55,333,9.4,15,0.67,63424.000000,6,2.1,8.0,0.0,0.0,0.0,0.0,0.0,0.0,1.0
114542,0,1,3400,-55,55,331,11,16,0.58,21312.000000,0,2.1,8.0,0.0,0.0,0.0,0.0,0.0,0.0,1.0
114791,0,1,3400,-55,55,332,11,14,0.77,57312.000000,10,2.1,8.0,0.0,0.0,0.0,0.0,0.0,0.0,1.0
115040,0,1,3400,-55,55,332,12,15,0.85,74464.000000,6,2.1,7.8,0.0,0.0,80,0.0,0.0,0.0,1.0
115289,0,1,3400,-55,55,328,11,15,0.72,74816.000000,6,2.1,7.5,0.0,0.0,0.0,0.0,0.0,0.0,1.0
115538,0,1,3400,-56,56,329,12,15,1.1,53312.000000,5,2.1,7.5,0.0,0.0,0.0,0.0,0.0,0.0,1.0
115787,0,1,3400,-55,55,329,11,15,0.71,73248.000000,8,2.1,7.5,0.0,0.0,0.0,0.0,0.0,0.0,1.0
116036,0,1,3400,-56,56,325,13,15,0.54,56352.000000,5,2.1,7.0,0.0,81024.000000,0,0.0,0.0,0.0,1.0
116285,0,1,3400,-55,55,338,12,14,0.50,64160.000000,0,2.1,7.5,0.0,0.0,0.0,0.0,0.0,0.0,1.0
116534,0,1,3400,-55,55,337,11,15,0.53,51136.000000,4,2.1,7.5,0.0,0.0,0.0,0.0,0.0,0.0,1.0
116783,0,1,3400,-56,56,327,11,15,0.58,54144.000000,8,2.1,7.5,0.0,0.0,0.0,0.0,0.0,0.0,1.0
117032,0,1,3400,-55,55,329,10,15,0.71,37696.000000,19,2.1,7.5,186,0.0,0.0,0.0,0.0,0.0,1.0
117281,0,1,3400,-55,55,324,11,15,0.86,51296.000000,8,2.1,7.5,0.0,0.0,80,0.0,0.0,0.0,1.0
117530,0,1,3400,-55,55,328,13,15,0.50,44800.000000,0,2.1,7.5,0.0,0.0,0.0,0.0,0.0,0.0,1.0
117779,0,1,3400,-56,56,334,10,15,0.60,85152.000000,5,2.1,7.5,0.0,0.0,0.0,0.0,0.0,0.0,1.0
118028,0,1,3400,-56,56,336,9.8,15,0.52,26688.000000,0,2.1,5.1,0.0,12128.000000,14,0.0,0.0,0.0,1.0
118277,0,1,3400,-56,56,336,11,15,0.50,61760.000000,0,2.1,0.0,0.0,0.0,0.0,0.0,0.0,0.0,1.0
118526,0,1,3400,-55,55,333,9.7,15,0.86,29248.000000,7,2.1,0.0,0.0,0.0,0.0,0.0,0.0,0.0,1.0
118775,0,1,3400,-55,55,330,13,15,0.50,53216.000000,0,2.1,0.0,0.0,0.0,0.0,0.0,0.0,0.0,1.0
119024,0,1,3400,-55,55,334,12,15,0.54,56608.000000,0,2.1,2.0,0.0,9824.000000,57,0.0,0.0,0.0,1.0
119273,0,1,3400,-56,56,333,12,15,0.60,38752.000000,11,2.1,0.0,0.0,0.0,0.0,0.0,0.0,0.0,1.0
119522,0,1,3400,-56,56,335,9.1,15,0.54,50336.000000,6,2.1,0.0,0.0,0.0,0.0,0.0,0.0,0.0,1.0
119771,0,1,3400,-56,56,330,10,15,0.74,69728.000000,6,2.1,0.0,0.0,0.0,0.0,0.0,0.0,0.0,1.0
120020,0,1,3400,-55,55,332,10,15,0.93,40416.000000,6,2.1,3.0,0.0,0.0,80,0.0,0.0,0.0,1.0
120269,0,1,3400,-55,55,336,11,15,0.78,74720.000000,6,2.1,7.5,0.0,0.0,0.0,0.0,0.0,0.0,1.0
120518,0,1,3400,-55,55,335,12,15,0.74,42624.000000,0,2.1,7.5,0.0,0.0,0.0,0.0,0.0,0.0,1.0
120767,0,1,3400,-56,56,334,13,15,0.58,63712.000000,4,2.1,7.5,0.0,0.0,0.0,0.0,0.0,0.0,1.0
121016,0,1,3400,-55,55,335,10,15,0.59,67232.000000,3,2.1,4.5,0.0,12384.000000,0,0.0,0.0,0.0,1.0
121265,0,1,3400,-55,55,333,12,15,0.52,32128.000000,0,2.1,0.0,0.0,0.0,0.0,0.0,0.0,0.0,1.0
121514,0,1,3400,-55,55,333,10,15,0.98,89888.000000,11,2.1,0.0,0.0,0.0,0.0,0.0,0.0,0.0,1.0
121763,0,1,3400,-55,55,337,11,15,0.74,43008.000000,18,2.1,0.0,0.0,0.0,0.0,0.0,0.0,0.0,1.0
122012,0,1,3400,-56,56,330,12,14,1.6,44864.000000,5,2.1,0.0,0.0,8160.000000,0,0.0,0.0,0.0,1.0
122261,0,1,3400,-55,55,319,9.8,15,1.0,77792.000000,8,2.1,0.0,0.0,0.0,0.0,0.0,0.0,0.0,1.0
122510,0,1,3400,-55,55,328,11,16,0.50,35040.000000,0,2.1,0.0,0.0,0.0,0.0,0.0,0.0,0.0,1.0
122759,0,1,3400,-56,56,332,12,15,0.79,47744.000000,9,2.1,0.0,0.0,0.0,0.0,0.0,0.0,0.0,1.0
123008,0,1,3400,-56,56,333,13,16,0.50,48000.000000,0,2.1,0.0,0.0,12256.000000,0,0.0,0.0,0.0,1.0
123257,0,1,3400,-55,55,327,8.9,15,0.50,59488.000000,0,2.1,0.0,0.0,0.0,0.0,0.0,0.0,0.0,1.0
123506,0,1,3400,-56,56,332,12,16,0.66,88000.000000,3,2.1,0.0,0.0,0.0,0.0,0.0,0.0,0.0,1.0
123755,0,1,3400,-55,55,333,13,15,0.61,61792.000000,4,2.1,0.0,0.0,0.0,0.0,0.0,0.0,0.0,1.0
124004,0,1,3400,-56,56,335,12,15,0.88,34336.000000,0,2.1,0.21,0.0,6624.000000,36,0.0,0.0,0.0,1.0
124253,0,1,3400,-56,56,333,12,15,0.50,53152.000000,0,2.1,0.88,0.0,8000.000000,43,0.0,0.0,0.0,1.0
124502,0,1,3400,-55,55,331,13,15,0.61,69696.000000,7,2.1,0.0,0.0,0.0,0.0,0.0,0.0,0.0,1.0
124751,0,1,3400,-56,56,323,13,15,0.55,52448.000000,5,2.1,0.064,0.0,0.0,0.0,0.0,0.0,0.0,1.0
125000,0,1,3400,-55,55,323,11,15,0.78,41696.000000,18,2.1,0.0,0.0,12384.000000,0,0.0,0.0,0.0,1.0
125249,0,1,3400,-56,56,326,11,15,0.61,50560.000000,4,2.1,0.0,0.0,0.0,0.0,0.0,0.0,0.0,1.0
125498,0,1,3400,-55,55,334,12,15,1.1,54176.000000,8,2.1,0.0,0.0,0.0,0.0,0.0,0.0,0.0,1.0
125747,0,1,3400,-55,55,335,11,15,1.00,77696.000000,8,2.1,0.0,0.0,0.0,0.0,0.0,0.0,0.0,1.0
125996,0,1,3400,-55,55,334,9.4,15,0.87,57344.000000,11,2.1,3.0,0.0,0.0,80,0.0,0.0,0.0,1.0
126245,0,1,3400,-55,55,333,12,15,0.81,91136.000000,12,2.1,7.5,0.0,0.0,0.0,0.0,0.0,0.0,1.0
126494,0,1,3400,-55,55,333,12,15,0.63,35136.000000,6,2.1,7.5,0.0,0.0,0.0,0.0,0.0,0.0,1.0
126743,0,1,3400,-55,55,331,12,15,0.52,64096.000000,0,2.1,7.5,0.0,0.0,0.0,0.0,0.0,0.0,1.0
126992,0,1,3400,-56,56,335,12,16,0.50,48224.000000,0,2.1,4.8,0.0,17920.000000,14,0.0,0.0,0.0,1.0
127241,0,1,3400,-55,55,334,8.7,15,1.1,51264.000000,7,2.1,0.0,0.0,0.0,0.0,0.0,0.0,0.0,1.0
127490,0,1,3400,-56,56,329,13,15,0.59,78528.000000,9,2.1,0.0,0.0,0.0,0.0,0.0,0.0,0.0,1.0
127739,0,1,3400,-55,55,328,12,16,0.57,61440.000000,4,2.1,0.0,0.0,0.0,0.0,0.0,0.0,0.0,1.0
127988,0,1,3400,-55,55,338,12,16,0.68,55776.000000,4,2.1,0.0,0.0,12384.000000,0,0.0,0.0,0.0,1.0
128237,0,1,3400,-55,55,340,12,15,0.86,51104.000000,0,2.1,0.0,0.0,0.0,0.0,0.0,0.0,0.0,1.0
128486,0,1,3400,-55,55,330,13,15,0.80,57696.000000,4,2.1,0.0,0.0,0.0,0.0,0.0,0.0,0.0,1.0
128735,0,1,3400,-56,56,331,8.4,14,0.61,71424.000000,7,2.1,0.0,0.0,0.0,0.0,0.0,0.0,0.0,1.0
128984,0,1,3400,-56,56,335,11,14,1.0,47232.000000,10,2.1,0.0,0.0,8064.000000,0,0.0,0.0,0.0,1.0
129233,0,1,3400,-55,55,332,12,15,0.93,66848.000000,4,2.1,0.0,0.0,0.0,0.0,0.0,0.0,0.0,1.0
129482,0,1,3400,-55,55,332,12,16,0.52,58944.000000,0,2.1,0.0,0.0,0.0,0.0,0.0,0.0,0.0,1.0
129731,0,1,3400,-55,55,336,9.9,15,0.84,96480.000000,5,2.1,0.0,0.0,0.0,0.0,0.0,0.0,0.0,1.0
129980,0,1,3400,-56,56,334,11,14,0.70,51136.000000,9,2.1,1.5,0.0,9184.000000,60,0.0,0.0,0.0,1.0
130229,0,1,3400,-56,56,330,13,15,0.94,79296.000000,3,2.1,0.0,0.0,0.0,0.0,0.0,0.0,0.0,1.0
130478,0,1,3400,-55,55,328,12,15,0.61,66464.000000,4,2.1,0.0,0.0,0.0,0.0,0.0,0.0,0.0,1.0
130727,0,1,3400,-55,55,333,12,15,0.55,42912.000000,0,2.1,0.0,0.0,0.0,0.0,0.0,0.0,0.0,1.0
130976,0,1,3400,-55,55,336,11,15,0.71,67264.000000,3,2.1,0.0,0.0,16384.000000,11,0.0,0.0,0.0,1.0
131225,0,1,3400,-55,55,336,9.4,16,0.92,49152.000000,8,2.1,0.0,0.0,0.0,0.0,0.0,0.0,0.0,1.0
131474,0,1,3400,-55,55,336,13,15,1.1,42336.000000,12,2.1,0.0,0.0,0.0,0.0,0.0,0.0,0.0,1.0
131723,0,1,3400,-56,56,334,10,14,1.0,64352.000000,6,2.1,0.0,0.0,0.0,0.0,0.0,0.0,0.0,1.0
131972,0,1,3400,-55,55,334,12,15,1.1,44992.000000,5,2.1,0.82,0.0,11232.000000,36,0.0,0.0,0.0,1.0
132221,0,1,3400,-55,55,330,13,15,1.8,33152.000000,25,2.1,0.0,0.0,0.0,0.0,0.0,0.0,0.0,1.0
132470,0,1,3400,-55,55,331,12,16,0.96,72416.000000,3,2.1,0.0,0.0,0.0,0.0,0.0,0.0,0.0,1.0
132719,0,1,3400,-55,55,342,11,15,1.6,36864.000000,12,2.1,0.0,0.0,0.0,0.0,0.0,0.0,0.0,1.0
132968,0,1,3400,-55,55,338,11,15,1.3,16704.000000,25,2.1,0.0,0.0,8160.000000,0,0.0,0.0,0.0,1.0
133217,0,1,3400,-56,56,336,8.9,15,0.50,49824.000000,0,2.1,0.0,0.0,0.0,0.0,0.0,0.0,0.0,1.0
133466,0,1,3400,-55,55,339,12,15,0.68,36480.000000,15,2.1,0.0,0.0,0.0,0.0,0.0,0.0,0.0,1.0
133715,0,1,3400,-56,56,336,9.7,15,0.54,51456.000000,4,2.1,0.0,0.0,0.0,0.0,0.0,0.0,0.0,1.0
133964,0,1,3400,-56,56,330,11,14,0.77,59360.000000,7,2.1,3.2,0.0,192320.000000,64,0.0,0.0,0.0,1.0
134213,0,1,3400,-56,56,335,12,15,0.96,58240.000000,4,2.1,16,0.0,0.0,0.0,0.0,0.0,0.0,1.0
134462,0,1,3400,-56,56,341,13,15,0.71,80768.000000,3,2.1,16,0.0,0.0,0.0,0.0,0.0,0.0,1.0
134711,0,1,3400,-56,56,336,11,15,0.65,82176.000000,3,2.1,16,0.0,0.0,0.0,0.0,0.0,0.0,1.0
134960,0,1,3400,-56,56,334,12,15,0.50,26688.000000,0,2.1,9.9,0.0,8160.000000,17,0.0,0.0,0.0,1.0
135209,0,1,3400,-56,56,336,12,14,0.65,40480.000000,5,2.1,0.0,0.0,0.0,0.0,0.0,0.0,0.0,1.0
135458,0,1,3400,-55,55,334,12,15,0.60,51296.000000,0,2.1,0.0,0.0,0.0,0.0,0.0,0.0,0.0,1.0
135707,0,1,3400,-56,56,340,11,15,0.56,54752.000000,7,2.1,0.0,0.0,0.0,0.0,0.0,0.0,0.0,1.0
135956,0,1,3400,-56,56,335,13,16,0.50,37440.000000,0,2.1,0.0,0.0,13344.000000,20,0.0,0.0,0.0,1.0
136205,0,1,3400,-55,55,331,12,15,0.89,48128.000000,10,2.1,0.0,0.0,0.0,0.0,0.0,0.0,0.0,1.0
136454,0,1,3400,-55,55,334,11,16,0.50,50432.000000,0,2.1,0.0,0.0,0.0,0.0,0.0,0.0,0.0,1.0
136703,0,1,3400,-55,55,337,10,15,0.57,66336.000000,5,2.1,0.0,0.0,0.0,0.0,0.0,0.0,0.0,1.0
136952,0,1,3400,-56,56,336,14,15,1.1,50944.000000,14,2.1,7.9,0.0,158560.000000,65,0.0,0.0,0.0,1.0
137201,0,1,3400,-55,55,335,12,15,0.51,64192.000000,0,2.1,16,0.0,0.0,0.0,0.0,0.0,0.0,1.0
137450,0,1,3400,-56,56,337,11,15,0.54,96544.000000,0,2.1,16,0.0,0.0,0.0,0.0,0.0,0.0,1.0
137699,0,1,3400,-56,56,335,12,16,0.77,35552.000000,7,2.1,16,0.0,0.0,0.0,0.0,0.0,0.0,1.0
137948,0,1,3400,-56,56,327,12,15,0.64,103616.000000,11,2.1,14,0.0,9792.000000,50,0.0,0.0,0.0,1.0
138197,0,1,3400,-55,55,330,11,15,0.50,72096.000000,0,2.1,0.0,0.0,0.0,0.0,0.0,0.0,0.0,1.0
138446,0,1,3400,-55,55,338,12,15,0.70,45088.000000,14,2.1,0.0,0.0,0.0,0.0,0.0,0.0,0.0,1.0
138695,0,1,3400,-55,55,338,12,16,0.50,58688.000000,0,2.1,0.0,0.0,0.0,0.0,0.0,0.0,0.0,1.0
138944,0,1,3400,-55,55,335,13,16,0.50,32000.000000,0,2.1,5.2,0.0,60224.000000,58,0.0,0.0,0.0,1.0
139193,0,1,3400,-55,55,334,9.1,16,0.54,59392.000000,0,2.1,16,0.0,0.0,0.0,0.0,0.0,0.0,1.0
139442,0,1,3400,-55,55,338,8.7,15,0.51,41408.000000,4,2.1,16,0.0,0.0,0.0,0.0,0.0,0.0,1.0
139691,0,1,3400,-56,56,337,12,15,0.68,70560.000000,6,2.1,16,0.0,0.0,0.0,0.0,0.0,0.0,1.0
139940,0,1,3400,-56,56,334,12,15,0.86,29088.000000,8,2.1,13,0.0,11232.000000,36,0.0,0.0,0.0,1.0
140189,0,1,3400,-56,56,336,9.8,15,0.50,47936.000000,0,2.1,0.0,0.0,0.0,0.0,0.0,0.0,0.0,1.0
140438,0,1,3400,-56,56,334,12,15,0.89,58496.000000,8,2.1,0.0,0.0,0.0,0.0,0.0,0.0,0.0,1.0
140687,0,1,3400,-56,56,340,11,15,0.50,42752.000000,0,2.1,0.0,0.0,0.0,0.0,0.0,0.0,0.0,1.0
140936,0,1,3400,-56,56,341,12,15,0.90,53376.000000,9,2.1,0.0,0.0,8160.000000,0,0.0,0.0,0.0,1.0
141185,0,1,3400,-55,55,340,12,16,0.72,61408.000000,11,2.1,0.0,0.0,0.0,0.0,0.0,0.0,0.0,1.0
141434,0,1,3400,-55,55,334,12,14,1.0,39552.000000,20,2.1,0.0,0.0,0.0,0.0,0.0,0.0,0.0,1.0
141683,0,1,3400,-55,55,332,11,15,0.68,48768.000000,4,2.1,0.0,0.0,0.0,0.0,0.0,0.0,0.0,1.0
141932,0,1,3400,-55,55,342,11,15,0.96,51136.000000,4,2.1,0.064,0.0,64544.000000,0,0.0,0.0,0.0,1.0
142181,0,1,3400,-55,55,338,12,15,1.1,53440.000000,8,2.1,8.0,0.0,2592.000000,80,0.0,0.0,0.0,1.0
142430,0,1,3400,-56,56,335,13,15,0.84,67680.000000,7,2.1,8.0,0.0,0.0,0.0,0.0,0.0,0.0,1.0
142679,0,1,3400,-56,56,332,9.2,16,0.50,59936.000000,0,2.1,8.0,0.0,0.0,0.0,0.0,0.0,0.0,1.0
142928,0,1,3400,-55,55,331,13,15,0.50,53184.000000,0,2.1,6.0,0.0,11232.000000,36,0.0,0.0,0.0,1.0
143177,0,1,3400,-56,56,330,12,15,0.50,47936.000000,0,2.1,0.0,0.0,0.0,0.0,0.0,0.0,0.0,1.0
143426,0,1,3400,-55,55,335,13,15,0.51,58432.000000,0,2.1,0.0,0.0,0.0,0.0,0.0,0.0,0.0,1.0
143675,0,1,3400,-56,56,337,11,15,0.56,37568.000000,11,2.1,0.0,0.0,0.0,0.0,0.0,0.0,0.0,1.0
143924,0,1,3400,-56,56,335,12,15,0.50,58432.000000,0,2.1,7.9,0.0,164096.000000,66,0.0,0.0,0.0,1.0
144173,0,1,3400,-55,55,330,12,16,0.51,42848.000000,0,2.1,16,0.0,0.0,0.0,0.0,0.0,0.0,1.0
144422,0,1,3400,-56,56,334,13,16,0.60,82400.000000,3,2.1,16,0.0,0.0,0.0,0.0,0.0,0.0,1.0
144671,0,1,3400,-56,56,334,12,15,0.53,69696.000000,0,2.1,16,0.0,0.0,0.0,0.0,0.0,0.0,1.0
144920,0,1,3400,-56,56,329,11,16,0.50,64000.000000,0,2.1,10,0.0,8160.000000,17,0.0,0.0,0.0,1.0
145169,0,1,3400,-56,56,337,8.8,15,0.77,57408.000000,3,2.1,0.0,0.0,0.0,0.0,0.0,0.0,0.0,1.0
145418,0,1,3400,-55,55,339,10,15,1.1,47872.000000,8,2.1,0.0,0.0,0.0,0.0,0.0,0.0,0.0,1.0
145667,0,1,3400,-55,55,335,10,14,0.74,89984.000000,7,2.1,0.0,0.0,0.0,0.0,0.0,0.0,0.0,1.0
145916,0,1,3400,-55,55,335,10.0,16,0.86,43328.000000,11,2.1,0.0,0.0,20896.000000,18,0.0,0.0,0.0,1.0
146165,0,1,3400,-55,55,334,11,16,1.4,39968.000000,5,2.1,0.0,0.0,0.0,0.0,0.0,0.0,0.0,1.0
146414,0,1,3400,-55,55,335,7.6,16,0.50,24736.000000,0,2.1,0.0,0.0,0.0,0.0,0.0,0.0,0.0,1.0
146663,0,1,3400,-56,56,335,11,15,0.53,90688.000000,0,2.1,0.0,0.0,0.0,0.0,0.0,0.0,0.0,1.0
146912,0,1,3400,-55,55,329,11,15,0.94,71616.000000,9,2.1,0.70,0.0,28672.000000,36,0.0,0.0,0.0,1.0
147161,0,1,3400,-56,56,329,9.8,15,0.63,59552.000000,4,2.1,0.064,0.0,0.0,0.0,0.0,0.0,0.0,1.0
147410,0,1,3400,-55,55,335,9.0,15,0.89,27904.000000,9,2.1,0.0,0.0,0.0,0.0,0.0,0.0,0.0,1.0
147659,0,1,3400,-55,55,336,9.2,15,0.59,87360.000000,4,2.1,0.0,0.0,0.0,0.0,0.0,0.0,0.0,1.0
147908,0,1,3400,-56,56,342,9.9,15,0.61,56480.000000,4,2.1,0.0,0.0,8160.000000,29,0.0,0.0,0.0,1.0
148157,0,1,3400,-55,55,342,11,16,0.53,56736.000000,4,2.1,0.0,0.0,0.0,0.0,0.0,0.0,0.0,1.0
148406,0,1,3400,-56,56,339,12,15,0.50,37568.000000,0,2.1,0.0,0.0,0.0,0.0,0.0,0.0,0.0,1.0
148655,0,1,3400,-55,55,337,13,15,0.51,39776.000000,6,2.1,0.0,0.0,0.0,0.0,0.0,0.0,0.0,1.0
148904,0,1,3400,-55,55,334,8.4,16,0.50,48992.000000,0,2.1,1.6,0.0,8864.000000,53,0.0,0.0,0.0,1.0
149153,0,1,3400,-55,55,331,11,15,0.81,50432.000000,4,2.1,0.0,0.0,0.0,0.0,0.0,0.0,0.0,1.0
149402,0,1,3400,-55,55,326,13,16,1.4,60640.000000,4,2.1,0.0,0.0,0.0,0.0,0.0,0.0,0.0,1.0
149651,0,1,3400,-56,56,326,12,16,1.2,24224.000000,10,2.1,0.0,0.0,0.0,0.0,0.0,0.0,0.0,1.0
149900,0,1,3400,-55,55,336,10,15,0.64,42944.000000,15,2.1,0.0,0.0,8160.000000,0,0.0,0.0,0.0,1.0
150149,0,1,3400,-55,55,342,13,16,0.75,103680.000000,5,2.1,0.0,0.0,0.0,0.0,0.0,0.0,0.0,1.0
150398,0,1,3400,-56,56,336,10,15,0.81,74336.000000,10,2.1,0.0,0.0,0.0,0.0,0.0,0.0,0.0,1.0
150647,0,1,3400,-55,55,331,12,15,1.3,37376.000000,6,2.1,0.0,0.0,0.0,0.0,0.0,0.0,0.0,1.0
150896,0,1,3400,-55,55,336,12,16,0.56,58496.000000,4,2.1,0.13,0.0,8160.000000,38,0.0,0.0,0.0,1.0
151145,0,1,3400,-56,56,340,13,16,0.50,47936.000000,0,2.1,0.0,0.0,0.0,0.0,0.0,0.0,0.0,1.0
151394,0,1,3400,-56,56,336,11,15,0.74,77664.000000,8,2.1,0.0,0.0,0.0,0.0,0.0,0.0,0.0,1.0
151643,0,1,3400,-56,56,335,12,16,0.50,34976.000000,0,2.1,0.0,0.0,0.0,0.0,0.0,0.0,0.0,1.0
151892,0,1,3400,-55,55,338,13,15,0.61,95488.000000,0,2.1,0.0,0.0,12256.000000,0,0.0,0.0,0.0,1.0
152141,0,1,3400,-55,55,337,12,15,1.3,56992.000000,19,2.1,0.0,0.0,0.0,0.0,0.0,0.0,0.0,1.0
152390,0,1,3400,-56,56,335,13,16,0.50,69184.000000,0,2.1,0.064,0.0,0.0,0.0,0.0,0.0,0.0,1.0
152639,0,1,3400,-56,56,331,10,14,0.64,46560.000000,4,2.1,0.0,0.0,0.0,0.0,0.0,0.0,0.0,1.0
152888,0,1,3400,-56,56,333,11,15,0.81,39712.000000,5,2.1,0.81,0.0,11232.000000,36,0.0,0.0,0.0,1.0
153137,0,1,3400,-55,55,335,9.9,14,0.55,104800.000000,2,2.1,0.0,0.0,0.0,0.0,0.0,0.0,0.0,1.0
153386,0,1,3400,-55,55,337,12,16,0.54,32384.000000,8,2.1,0.0,0.0,0.0,0.0,0.0,0.0,0.0,1.0
153635,0,1,3400,-55,55,341,11,16,0.50,35008.000000,0,2.1,0.0,0.0,0.0,0.0,0.0,0.0,0.0,1.0
153884,0,1,3400,-55,55,345,9.1,16,1.1,44672.000000,5,2.1,0.0,0.0,12384.000000,0,0.0,0.0,0.0,1.0
154133,0,1,3400,-56,56,340,13,15,0.53,74720.000000,0,2.1,0.064,0.0,0.0,0.0,0.0,0.0,0.0,1.0
154382,0,1,3400,-56,56,335,11,15,0.56,48000.000000,0,2.1,0.0,0.0,0.0,0.0,0.0,0.0,0.0,1.0
154631,0,1,3400,-56,56,340,11,15,1.4,45408.000000,14,2.1,0.0,0.0,0.0,0.0,0.0,0.0,0.0,1.0
154880,0,1,3400,-56,56,338,13,16,0.50,21248.000000,0,2.1,0.0,0.0,8160.000000,0,0.0,0.0,0.0,1.0
155129,0,1,3400,-55,55,336,11,16,0.61,56224.000000,0,2.1,0.0,0.0,0.0,0.0,0.0,0.0,0.0,1.0
155378,0,1,3400,-56,56,334,13,15,0.77,15296.000000,14,2.1,0.0,0.0,0.0,0.0,0.0,0.0,0.0,1.0
155627,0,1,3400,-55,55,333,13,15,1.2,96960.000000,10,2.1,0.0,0.0,0.0,0.0,0.0,0.0,0.0,1.0
155876,0,1,3400,-55,55,332,13,15,0.51,58752.000000,0,2.1,0.0,0.0,8160.000000,0,0.0,0.0,0.0,1.0
156125,0,1,3400,-55,55,330,13,15,0.57,52992.000000,9,2.1,0.0,0.0,0.0,0.0,0.0,0.0,0.0,1.0
156374,0,1,3400,-55,55,328,11,15,0.50,74720.000000,0,2.1,0.0,0.0,0.0,0.0,0.0,0.0,0.0,1.0
156623,0,1,3400,-55,55,337,11,15,0.64,57760.000000,3,2.1,0.0,0.0,0.0,0.0,0.0,0.0,0.0,1.0
156872,0,1,3400,-55,55,341,12,16,0.85,65376.000000,7,2.1,0.0,0.0,58208.000000,0,0.0,0.0,0.0,1.0
157121,0,1,3400,-55,55,337,11,16,0.61,37568.000000,11,2.1,0.0,0.0,0.0,0.0,0.0,0.0,0.0,1.0
157370,0,1,3400,-55,55,332,13,15,0.50,10752.000000,0,2.1,0.0,0.0,0.0,0.0,0.0,0.0,0.0,1.0
157619,0,1,3400,-56,56,334,13,15,0.50,26944.000000,0,2.1,0.0,0.0,0.0,0.0,0.0,0.0,0.0,1.0
157868,0,1,3400,-55,55,337,12,15,0.56,50976.000000,0,2.1,0.0,0.0,8160.000000,17,0.0,0.0,0.0,1.0
158117,0,1,3400,-55,55,334,13,15,1.1,53312.000000,17,2.1,0.0,0.0,0.0,0.0,0.0,0.0,0.0,1.0
158366,0,1,3400,-55,55,335,12,15,0.53,58112.000000,4,2.1,0.0,0.0,0.0,0.0,0.0,0.0,0.0,1.0
158615,0,1,3400,-56,56,341,11,14,1.1,59264.000000,18,2.1,0.0,0.0,0.0,0.0,0.0,0.0,0.0,1.0
158864,0,1,3400,-56,56,337,12,14,0.78,54144.000000,4,2.1,0.0,0.0,12384.000000,0,0.0,0.0,0.0,1.0
159113,0,1,3400,-56,56,335,8.7,15,0.53,53600.000000,0,2.1,0.0,0.0,0.0,0.0,0.0,0.0,0.0,1.0
159362,0,1,3400,-55,55,325,12,15,1.4,68160.000000,13,2.1,0.0,0.0,0.0,0.0,0.0,0.0,0.0,1.0
159611,0,1,3400,-56,56,330,12,14,0.61,54496.000000,8,2.1,0.0,0.0,0.0,0.0,0.0,0.0,0.0,1.0
159860,0,1,3400,-55,55,339,12,16,0.70,44896.000000,5,2.1,0.0,0.0,2624.000000,20,0.0,0.0,0.0,1.0
160109,0,1,3400,-56,56,345,11,15,0.50,37504.000000,0,2.1,0.0,0.0,5536.000000,0,0.0,0.0,0.0,1.0
160358,0,1,3400,-56,56,340,12,15,0.54,59296.000000,4,2.1,0.0,0.0,0.0,0.0,0.0,0.0,0.0,1.0
160607,0,1,3400,-56,56,333,11,15,0.75,64992.000000,14,2.1,0.0,0.0,0.0,0.0,0.0,0.0,0.0,1.0
160856,0,1,3400,-55,55,339,11,15,1.1,48640.000000,5,2.1,0.0,0.0,8000.000000,0,0.0,0.0,0.0,1.0
161105,0,1,3400,-55,55,339,12,16,0.58,75488.000000,3,2.1,0.0,0.0,0.0,0.0,0.0,0.0,0.0,1.0
161354,0,1,3400,-56,56,344,11,15,0.55,45184.000000,0,2.1,0.0,0.0,0.0,0.0,0.0,0.0,0.0,1.0
161603,0,1,3400,-55,55,340,12,15,0.50,32256.000000,0,2.1,0.0,0.0,0.0,0.0,0.0,0.0,0.0,1.0
161852,0,1,3400,-56,56,336,12,16,0.86,28960.000000,10,2.1,2.6,0.0,57824.000000,60,0.0,0.0,0.0,1.0
162101,0,1,3400,-55,55,332,11,15,0.70,36160.000000,9,2.1,16,0.0,0.0,0.0,0.0,0.0,0.0,1.0
162350,0,1,3400,-56,56,331,13,15,1.0,31872.000000,14,2.1,16,0.0,0.0,0.0,0.0,0.0,0.0,1.0
162599,0,1,3400,-56,56,334,13,15,1.1,72416.000000,21,2.1,16,0.0,0.0,0.0,0.0,0.0,0.0,1.0
162848,0,1,3400,-55,55,339,13,15,0.89,73088.000000,13,2.1,15,0.0,68896.000000,53,0.0,0.0,0.0,1.0
163097,0,1,3400,-56,56,338,11,16,0.97,49216.000000,5,2.1,16,0.0,0.0,0.0,0.0,0.0,0.0,1.0
163346,0,1,3400,-55,55,338,12,16,1.6,33696.000000,18,2.1,16,0.0,0.0,0.0,0.0,0.0,0.0,1.0
163595,0,1,3400,-56,56,341,12,16,1.4,40928.000000,26,2.1,16,0.0,0.0,0.0,0.0,0.0,0.0,1.0
163844,0,1,3400,-56,56,339,12,15,0.50,36608.000000,0,2.1,9.9,0.0,12384.000000,0,0.0,0.0,0.0,1.0
164093,0,1,3400,-55,55,332,10,15,0.51,91168.000000,0,2.1,0.0,0.0,0.0,0.0,0.0,0.0,0.0,1.0
164342,0,1,3400,-56,56,332,14,15,1.4,42304.000000,12,2.1,0.0,0.0,0.0,0.0,0.0,0.0,0.0,1.0
164591,0,1,3400,-55,55,333,12,15,1.1,46176.000000,0,2.1,0.0,0.0,0.0,0.0,0.0,0.0,0.0,1.0
164840,0,1,3400,-55,55,336,13,15,0.72,42176.000000,6,2.1,0.0,0.0,8000.000000,22,0.0,0.0,0.0,1.0
165089,0,1,3400,-55,55,334,11,16,0.50,48192.000000,0,2.1,0.0,0.0,0.0,0.0,0.0,0.0,0.0,1.0
165338,0,1,3400,-55,55,337,12,15,0.63,75456.000000,8,2.1,0.0,0.0,0.0,0.0,0.0,0.0,0.0,1.0
165587,0,1,3400,-56,56,337,13,15,0.63,56224.000000,12,2.1,0.0,0.0,0.0,0.0,0.0,0.0,0.0,1.0
165836,0,1,3400,-55,55,334,13,14,0.66,64352.000000,4,2.1,5.7,0.0,112320.000000,67,0.0,0.0,0.0,1.0
166085,0,1,3400,-55,55,332,12,15,0.61,44960.000000,5,2.1,16,0.0,0.0,0.0,0.0,0.0,0.0,1.0
166334,0,1,3400,-56,56,333,10,15,0.50,32128.000000,0,2.1,16,0.0,0.0,0.0,0.0,0.0,0.0,1.0
166583,0,1,3400,-55,55,339,12,15,0.82,69440.000000,6,2.1,16,0.0,0.0,0.0,0.0,0.0,0.0,1.0
166832,0,1,3400,-55,55,343,10,16,0.50,48192.000000,0,2.1,15,0.0,10784.000000,0,0.0,0.0,0.0,1.0
167081,0,1,3400,-55,55,340,11,15,0.78,40416.000000,5,2.1,14,0.0,0.0,0.0,0.0,0.0,0.0,1.0
167330,0,1,3400,-55,55,331,9.5,15,0.84,43232.000000,9,2.1,14,0.0,0.0,0.0,0.0,0.0,0.0,1.0
167579,0,1,3400,-55,55,335,12,16,0.50,64064.000000,0,2.1,14,0.0,0.0,0.0,0.0,0.0,0.0,1.0
167828,0,1,3400,-55,55,337,11,16,0.67,61760.000000,4,2.1,14,0.0,0.0,80,0.0,0.0,0.0,1.0
168077,0,1,3400,-56,56,337,9.0,15,0.57,51104.000000,4,2.1,16,0.0,0.0,0.0,0.0,0.0,0.0,1.0
168326,0,1,3400,-56,56,333,12,15,0.61,47936.000000,9,2.1,16,0.0,0.0,0.0,0.0,0.0,0.0,1.0
168575,0,1,3400,-56,56,327,10,15,0.53,77024.000000,3,2.1,16,0.0,0.0,0.0,0.0,0.0,0.0,1.0
168824,0,1,3400,-55,55,331,12,15,1.0,50400.000000,12,2.1,14,0.0,9184.000000,53,0.0,0.0,0.0,1.0
169073,0,1,3400,-56,56,341,11,16,0.50,29600.000000,0,2.1,0.0,0.0,1568.000000,0,0.0,0.0,0.0,1.0
169322,0,1,3400,-56,56,346,12,15,0.78,81728.000000,9,2.1,0.0,0.0,0.0,0.0,0.0,0.0,0.0,1.0
169571,0,1,3400,-56,56,334,8.6,14,0.66,52864.000000,3,2.1,0.0,0.0,0.0,0.0,0.0,0.0,0.0,1.0
169820,0,1,3400,-55,55,337,13,16,0.84,69824.000000,7,2.1,3.0,0.0,0.0,80,0.0,0.0,0.0,1.0
170069,0,1,3400,-55,55,338,12,15,1.6,40288.000000,17,2.1,7.5,0.0,0.0,0.0,0.0,0.0,0.0,1.0
170318,0,1,3400,-55,55,337,12,15,1.2,77312.000000,9,2.1,7.5,0.0,0.0,0.0,0.0,0.0,0.0,1.0
170567,0,1,3400,-55,55,340,12,16,0.50,53344.000000,0,2.1,7.5,0.0,0.0,0.0,0.0,0.0,0.0,1.0
170816,0,1,3400,-55,55,332,11,14,0.66,74080.000000,6,2.1,5.5,0.0,152672.000000,37,0.0,0.0,0.0,1.0
171065,0,1,3400,-55,55,328,12,15,1.1,52992.000000,8,2.1,0.0,0.0,0.0,0.0,0.0,0.0,0.0,1.0
171314,0,1,3400,-55,55,335,13,15,0.60,76992.000000,6,2.1,0.0,0.0,0.0,0.0,0.0,0.0,0.0,1.0
171563,0,1,3400,-55,55,337,10,15,0.50,23712.000000,0,2.1,0.0,0.0,0.0,0.0,0.0,0.0,0.0,1.0
171812,0,1,3400,-56,56,341,13,16,0.50,53120.000000,0,2.1,0.0,0.0,8064.000000,0,0.0,0.0,0.0,1.0
172061,0,1,3400,-56,56,338,11,15,0.50,80256.000000,0,2.1,0.0,0.0,0.0,0.0,0.0,0.0,0.0,1.0
172310,0,1,3400,-56,56,342,12,15,0.57,60928.000000,4,2.1,0.0,0.0,0.0,0.0,0.0,0.0,0.0,1.0
172559,0,1,3400,-56,56,338,12,14,1.3,47744.000000,14,2.1,0.0,0.0,0.0,0.0,0.0,0.0,0.0,1.0
172808,0,1,3400,-55,55,340,13,15,1.4,63584.000000,7,2.1,1.5,0.0,9184.000000,57,0.0,0.0,0.0,1.0
173057,0,1,3400,-56,56,333,12,15,0.81,34464.000000,7,2.1,0.0,0.0,0.0,0.0,0.0,0.0,0.0,1.0
173306,0,1,3400,-55,55,335,11,15,0.71,58112.000000,8,2.1,0.0,0.0,0.0,0.0,0.0,0.0,0.0,1.0
173555,0,1,3400,-56,56,341,13,15,1.9,21248.000000,20,2.1,0.0,0.0,0.0,0.0,0.0,0.0,0.0,1.0
173804,0,1,3400,-56,56,340,13,15,0.87,33152.000000,20,2.1,0.0,0.0,8160.000000,0,0.0,0.0,0.0,1.0
174053,0,1,3400,-55,55,340,12,16,0.51,60480.000000,4,2.1,0.0,0.0,0.0,0.0,0.0,0.0,0.0,1.0
174302,0,1,3400,-55,55,340,11,15,0.53,61600.000000,4,2.1,0.0,0.0,0.0,0.0,0.0,0.0,0.0,1.0
174551,0,1,3400,-56,56,341,13,15,1.1,27200.000000,17,2.1,0.0,0.0,0.0,0.0,0.0,0.0,0.0,1.0
174800,0,1,3400,-55,55,334,13,15,1.3,75360.000000,19,2.1,0.0,0.0,8160.000000,0,0.0,0.0,0.0,1.0
175049,0,1,3400,-56,56,333,11,16,0.98,59168.000000,7,2.1,0.0,0.0,0.0,0.0,0.0,0.0,0.0,1.0
175298,0,1,3400,-56,56,342,12,16,0.54,39520.000000,6,2.1,0.0,0.0,0.0,0.0,0.0,0.0,0.0,1.0
175547,0,1,3400,-56,56,334,11,15,1.0,29184.000000,20,2.1,0.0,0.0,0.0,0.0,0.0,0.0,0.0,1.0
175796,0,1,3400,-55,55,330,11,16,0.55,64128.000000,0,2.1,0.0,0.0,8064.000000,0,0.0,0.0,0.0,1.0
176045,0,1,3400,-55,55,331,13,15,0.85,56864.000000,12,2.1,0.0,0.0,0.0,0.0,0.0,0.0,0.0,1.0
176294,0,1,3400,-56,56,340,11,15,0.79,88736.000000,12,2.1,0.0,0.0,0.0,0.0,0.0,0.0,0.0,1.0
176543,0,1,3400,-56,56,343,12,15,1.0,37312.000000,7,2.1,0.0,0.0,0.0,0.0,0.0,0.0,0.0,1.0
176792,0,1,3400,-56,56,337,10,14,0.70,98368.000000,2,2.1,0.0,0.0,8160.000000,0,0.0,0.0,0.0,1.0
177041,0,1,3400,-55,55,334,11,15,0.50,61152.000000,0,2.1,0.0,0.0,0.0,0.0,0.0,0.0,0.0,1.0
177290,0,1,3400,-56,56,339,13,15,1.1,80512.000000,9,2.1,0.0,0.0,0.0,0.0,0.0,0.0,0.0,1.0
177539,0,1,3400,-56,56,343,13,16,0.78,50272.000000,10,2.1,0.0,0.0,0.0,0.0,0.0,0.0,0.0,1.0
177788,0,1,3400,-56,56,341,12,15,0.50,48480.000000,0,2.1,1.1,0.0,20384.000000,35,0.0,0.0,0.0,1.0
178037,0,1,3400,-56,56,336,13,15,0.96,65632.000000,7,2.1,0.0,0.0,0.0,0.0,0.0,0.0,0.0,1.0
178286,0,1,3400,-56,56,331,13,16,0.83,37952.000000,12,2.1,0.0,0.0,0.0,0.0,0.0,0.0,0.0,1.0
178535,0,1,3400,-56,56,335,12,15,0.59,32064.000000,0,2.1,0.0,0.0,0.0,0.0,0.0,0.0,0.0,1.0
178784,0,1,3400,-55,55,349,13,16,0.64,50240.000000,5,2.1,0.0,0.0,8064.000000,0,0.0,0.0,0.0,1.0
179033,0,1,3400,-56,56,346,12,16,0.60,60960.000000,4,2.1,0.0,0.0,0.0,0.0,0.0,0.0,0.0,1.0
179282,0,1,3400,-56,56,337,13,15,0.50,37440.000000,0,2.1,0.0,0.0,0.0,0.0,0.0,0.0,0.0,1.0
179531,0,1,3400,-55,55,336,12,15,0.68,23872.000000,9,2.1,0.0,0.0,0.0,0.0,0.0,0.0,0.0,1.0
179780,0,1,3400,-55,55,335,12,15,0.67,55840.000000,4,2.1,3.0,0.0,0.0,80,0.0,0.0,0.0,1.0
180029,0,1,3400,-55,55,336,12,15,0.50,42528.000000,0,2.1,7.5,0.0,0.0,0.0,0.0,0.0,0.0,1.0
180278,0,1,3400,-55,55,336,13,15,0.50,42688.000000,0,2.1,7.5,0.0,0.0,0.0,0.0,0.0,0.0,1.0
180527,0,1,3400,-55,55,338,11,15,0.88,58208.000000,7,2.1,7.5,0.0,0.0,0.0,0.0,0.0,0.0,1.0
180776,0,1,3400,-55,55,333,11,15,1.2,38848.000000,10,2.1,5.9,0.0,8160.000000,29,0.0,0.0,0.0,1.0
181025,0,1,3400,-56,56,332,12,15,0.51,72000.000000,3,2.1,0.0,0.0,0.0,0.0,0.0,0.0,0.0,1.0
181274,0,1,3400,-55,55,335,13,15,0.61,44800.000000,6,2.1,0.0,0.0,0.0,0.0,0.0,0.0,0.0,1.0
181523,0,1,3400,-55,55,335,13,15,0.62,26752.000000,15,2.1,0.0,0.0,0.0,0.0,0.0,0.0,0.0,1.0
181772,0,1,3400,-55,55,337,13,16,0.70,67488.000000,4,2.1,0.0,0.0,12384.000000,14,0.0,0.0,0.0,1.0
182021,0,1,3400,-55,55,336,12,15,0.50,26688.000000,0,2.1,0.0,0.0,0.0,0.0,0.0,0.0,0.0,1.0
182270,0,1,3400,-55,55,334,12,16,0.70,63520.000000,8,2.1,0.0,0.0,0.0,0.0,0.0,0.0,0.0,1.0
182519,0,1,3400,-55,55,336,12,14,0.99,78336.000000,13,2.1,0.0,0.0,0.0,0.0,0.0,0.0,0.0,1.0
182768,0,1,3400,-56,56,334,13,16,0.89,50112.000000,18,2.1,5.0,0.0,65760.000000,52,0.0,0.0,0.0,1.0
183017,0,1,3400,-56,56,332,12,15,0.52,64192.000000,0,2.1,16,0.0,0.0,0.0,0.0,0.0,0.0,1.0
183266,0,1,3400,-55,55,334,12,15,0.79,108512.000000,10,2.1,16,0.0,0.0,0.0,0.0,0.0,0.0,1.0
183515,0,1,3400,-55,55,338,12,15,0.50,41632.000000,0,2.1,16,0.0,0.0,0.0,0.0,0.0,0.0,1.0
183764,0,1,3400,-55,55,335,12,15,0.71,40736.000000,6,2.1,10,0.0,8160.000000,17,0.0,0.0,0.0,1.0
184013,0,1,3400,-55,55,328,11,15,0.50,31936.000000,0,2.1,0.0,0.0,0.0,0.0,0.0,0.0,0.0,1.0
184262,0,1,3400,-55,55,328,12,15,0.65,59296.000000,7,2.1,0.0,0.0,0.0,0.0,0.0,0.0,0.0,1.0
184511,0,1,3400,-55,55,330,11,15,0.84,77184.000000,3,2.1,0.0,0.0,0.0,0.0,0.0,0.0,0.0,1.0
184760,0,1,3400,-56,56,330,12,16,0.66,72576.000000,3,2.1,5.4,0.0,114304.000000,70,0.0,0.0,0.0,1.0
185009,0,1,3400,-55,55,339,12,16,0.60,55968.000000,0,2.1,16,0.0,0.0,0.0,0.0,0.0,0.0,1.0
185258,0,1,3400,-55,55,337,13,15,0.50,58432.000000,0,2.1,16,0.0,0.0,0.0,0.0,0.0,0.0,1.0
185507,0,1,3400,-56,56,332,13,16,0.52,79808.000000,0,2.1,16,0.0,0.0,0.0,0.0,0.0,0.0,1.0
185756,0,1,3400,-56,56,331,12,15,0.64,51072.000000,5,2.1,9.9,0.0,8064.000000,0,0.0,0.0,0.0,1.0
186005,0,1,3400,-55,55,339,12,15,0.59,57920.000000,8,2.1,0.0,0.0,0.0,0.0,0.0,0.0,0.0,1.0
186254,0,1,3400,-56,56,341,13,15,1.1,58592.000000,8,2.1,0.0,0.0,0.0,0.0,0.0,0.0,0.0,1.0
186503,0,1,3400,-56,56,342,13,16,1.2,44960.000000,6,2.1,0.0,0.0,0.0,0.0,0.0,0.0,0.0,1.0
186752,0,1,3400,-55,55,341,11,15,1.0,75232.000000,6,2.1,0.0,0.0,8160.000000,29,0.0,0.0,0.0,1.0
187001,0,1,3400,-55,55,337,10,16,0.51,75456.000000,0,2.1,0.0,0.0,0.0,0.0,0.0,0.0,0.0,1.0
187250,0,1,3400,-55,55,345,12,15,0.91,41312.000000,23,2.1,0.0,0.0,0.0,0.0,0.0,0.0,0.0,1.0
187499,0,1,3400,-55,55,337,12,15,0.50,37376.000000,0,2.1,0.0,0.0,0.0,0.0,0.0,0.0,0.0,1.0
187748,0,1,3400,-55,55,338,12,16,0.60,79936.000000,3,2.1,0.0,0.0,51648.000000,0,0.0,0.0,0.0,1.0
187997,0,1,3400,-56,56,341,13,16,0.50,23648.000000,0,2.1,0.0,0.0,0.0,0.0,0.0,0.0,0.0,1.0
188246,0,1,3400,-55,55,343,11,16,0.61,18976.000000,11,2.1,0.0,0.0,0.0,0.0,0.0,0.0,0.0,1.0
188495,0,1,3400,-55,55,345,13,15,0.56,50208.000000,0,2.1,0.0,0.0,0.0,0.0,0.0,0.0,0.0,1.0
188744,0,1,3400,-55,55,339,13,16,0.68,72608.000000,10,2.1,0.0,0.0,12384.000000,0,0.0,0.0,0.0,1.0
188993,0,1,3400,-56,56,340,12,16,1.1,29024.000000,8,2.1,0.0,0.0,0.0,0.0,0.0,0.0,0.0,1.0
189242,0,1,3400,-55,55,342,13,16,0.86,63872.000000,8,2.1,0.0,0.0,0.0,0.0,0.0,0.0,0.0,1.0
189491,0,1,3400,-55,55,339,13,15,0.74,71840.000000,7,2.1,0.0,0.0,0.0,0.0,0.0,0.0,0.0,1.0
189740,0,1,3400,-56,56,340,9.2,15,0.51,54112.000000,4,2.1,0.0,0.0,12384.000000,0,0.0,0.0,0.0,1.0
189989,0,1,3400,-56,56,338,11,15,0.75,81120.000000,5,2.1,0.0,0.0,0.0,0.0,0.0,0.0,0.0,1.0
190238,0,1,3400,-55,55,336,12,15,0.58,55744.000000,4,2.1,0.0,0.0,0.0,0.0,0.0,0.0,0.0,1.0
190487,0,1,3400,-55,55,337,13,16,0.50,48064.000000,0,2.1,0.0,0.0,0.0,0.0,0.0,0.0,0.0,1.0
190736,0,1,3400,-56,56,336,12,15,0.50,40864.000000,0,2.1,0.0,0.0,12384.000000,0,0.0,0.0,0.0,1.0
190985,0,1,3400,-56,56,342,13,16,0.82,50336.000000,5,2.1,0.0,0.0,0.0,0.0,0.0,0.0,0.0,1.0
191234,0,1,3400,-55,55,340,12,16,0.57,77600.000000,6,2.1,0.0,0.0,0.0,0.0,0.0,0.0,0.0,1.0
191483,0,1,3400,-55,55,337,13,16,0.59,66976.000000,4,2.1,0.0,0.0,0.0,0.0,0.0,0.0,0.0,1.0
191732,0,1,3400,-56,56,341,12,15,0.86,41984.000000,22,2.1,2.5,0.0,41760.000000,18,0.0,0.0,0.0,1.0
191981,0,1,3400,-55,55,340,12,15,0.59,67136.000000,10,2.1,6.5,0.0,0.0,0.0,0.0,0.0,0.0,1.0
192230,0,1,3400,-56,56,344,12,16,0.50,68960.000000,0,2.1,6.5,0.0,0.0,0.0,0.0,0.0,0.0,1.0
192479,0,1,3400,-55,55,342,12,16,0.65,59648.000000,0,2.1,6.5,0.0,0.0,0.0,0.0,0.0,0.0,1.0
192728,0,1,3400,-56,56,337,13,15,0.89,34048.000000,20,2.1,6.9,0.0,109728.000000,60,0.0,0.0,0.0,1.0
192977,0,1,3400,-56,56,346,13,15,0.50,37184.000000,0,2.1,8.0,0.0,0.0,0.0,0.0,0.0,0.0,1.0
193226,0,1,3400,-55,55,346,10,15,0.98,45504.000000,4,2.1,8.0,0.0,0.0,0.0,0.0,0.0,0.0,1.0
193475,0,1,3400,-56,56,342,13,16,0.50,32128.000000,0,2.1,8.0,0.0,0.0,0.0,0.0,0.0,0.0,1.0
193724,0,1,3400,-56,56,342,11,17,0.50,48224.000000,0,2.1,5.3,0.0,8160.000000,44,0.0,0.0,0.0,1.0
193973,0,1,3400,-55,55,338,13,17,0.50,42496.000000,0,2.1,0.0,0.0,0.0,0.0,0.0,0.0,0.0,1.0
194222,0,1,3400,-55,55,339,11,14,0.85,59744.000000,18,2.1,0.0,0.0,0.0,0.0,0.0,0.0,0.0,1.0
194471,0,1,3400,-56,56,338,12,15,0.60,91008.000000,0,2.1,0.0,0.0,0.0,0.0,0.0,0.0,0.0,1.0
194720,0,1,3400,-55,55,341,12,15,1.0,74880.000000,11,2.1,0.0,0.0,8064.000000,0,0.0,0.0,0.0,1.0
194969,0,1,3400,-56,56,343,12,16,0.58,23584.000000,10,2.1,0.0,0.0,0.0,0.0,0.0,0.0,0.0,1.0
195218,0,1,3400,-56,56,337,13,16,0.55,53536.000000,0,2.1,0.0,0.0,0.0,0.0,0.0,0.0,0.0,1.0
195467,0,1,3400,-56,56,334,12,16,0.53,95968.000000,0,2.1,0.0,0.0,0.0,0.0,0.0,0.0,0.0,1.0
195716,0,1,3400,-56,56,335,13,16,0.50,58400.000000,0,2.1,2.0,0.0,60864.000000,70,0.0,0.0,0.0,1.0
195965,0,1,3400,-56,56,343,13,15,1.5,57792.000000,15,2.1,16,0.0,0.0,0.0,0.0,0.0,0.0,1.0
196214,0,1,3400,-55,55,342,12,15,1.0,42144.000000,10,2.1,16,0.0,0.0,0.0,0.0,0.0,0.0,1.0
196463,0,1,3400,-55,55,335,12,15,0.52,74912.000000,0,2.1,16,0.0,0.0,0.0,0.0,0.0,0.0,1.0
196712,0,1,3400,-56,56,330,12,15,0.82,45728.000000,15,2.1,13,0.0,8160.000000,29,0.0,0.0,0.0,1.0
196961,0,1,3400,-55,55,333,9.8,17,0.50,59296.000000,0,2.1,0.0,0.0,0.0,0.0,0.0,0.0,0.0,1.0
197210,0,1,3400,-55,55,334,11,15,0.50,39776.000000,0,2.1,0.0,0.0,0.0,0.0,0.0,0.0,0.0,1.0
197459,0,1,3400,-56,56,340,11,15,0.74,76096.000000,5,2.1,0.064,0.0,0.0,0.0,0.0,0.0,0.0,1.0
197708,0,1,3400,-56,56,339,11,15,1.3,38528.000000,21,2.1,0.0,0.0,8160.000000,17,0.0,0.0,0.0,1.0
197957,0,1,3400,-55,55,340,12,15,0.88,49312.000000,13,2.1,0.0,0.0,0.0,0.0,0.0,0.0,0.0,1.0
198206,0,1,3400,-55,55,334,13,16,0.91,29664.000000,8,2.1,0.0,0.0,0.0,0.0,0.0,0.0,0.0,1.0
198455,0,1,3400,-56,56,330,9.9,15,0.74,48416.000000,15,2.1,0.0,0.0,0.0,0.0,0.0,0.0,0.0,1.0
198704,0,1,3400,-56,56,334,12,15,0.50,37632.000000,0,2.1,0.0,0.0,8160.000000,17,0.0,0.0,0.0,1.0
198953,0,1,3400,-55,55,338,13,15,0.59,90560.000000,0,2.1,0.0,0.0,0.0,0.0,0.0,0.0,0.0,1.0
199202,0,1,3400,-56,56,336,10,15,0.53,78720.000000,2,2.1,0.0,0.0,0.0,0.0,0.0,0.0,0.0,1.0
199451,0,1,3400,-56,56,341,11,15,0.51,57920.000000,4,2.1,0.0,0.0,0.0,0.0,0.0,0.0,0.0,1.0
199700,0,1,3400,-55,55,345,13,15,1.0,49312.000000,10,2.1,5.1,0.0,26400.000000,47,0.0,0.0,0.0,1.0
199949,0,1,3400,-55,55,339,10,15,0.91,58688.000000,4,2.1,16,0.0,0.0,0.0,0.0,0.0,0.0,1.0
200198,0,1,3400,-56,56,339,11,15,0.81,56736.000000,11,2.1,16,0.0,0.0,0.0,0.0,0.0,0.0,1.0
200447,0,1,3400,-55,55,337,10,16,0.90,63648.000000,6,2.1,16,0.0,0.0,0.0,0.0,0.0,0.0,1.0
200696,0,1,3400,-55,55,338,13,14,0.50,37248.000000,0,2.1,9.9,0.0,8160.000000,0,0.0,0.0,0.0,1.0
200945,0,1,3400,-56,56,340,10.0,15,0.53,50592.000000,4,2.1,0.0,0.0,0.0,0.0,0.0,0.0,0.0,1.0
201194,0,1,3400,-56,56,336,13,16,0.54,50112.000000,5,2.1,0.0,0.0,0.0,0.0,0.0,0.0,0.0,1.0
201443,0,1,3400,-55,55,338,11,16,0.50,69376.000000,0,2.1,0.0,0.0,0.0,0.0,0.0,0.0,0.0,1.0
201692,0,1,3400,-56,56,338,11,16,0.58,45280.000000,5,2.1,0.0,0.0,20384.000000,17,0.0,0.0,0.0,1.0
201941,0,1,3400,-56,56,339,12,15,0.86,55552.000000,4,2.1,0.0,0.0,0.0,0.0,0.0,0.0,0.0,1.0
202190,0,1,3400,-55,55,337,10,15,0.59,82528.000000,3,2.1,0.0,0.0,0.0,0.0,0.0,0.0,0.0,1.0
202439,0,1,3400,-55,55,337,8.4,16,0.78,67008.000000,4,2.1,0.0,0.0,0.0,0.0,0.0,0.0,0.0,1.0
202688,0,1,3400,-56,56,343,9.3,16,0.68,67872.000000,3,2.1,5.2,0.0,113216.000000,47,0.0,0.0,0.0,1.0
202937,0,1,3400,-55,55,344,11,15,1.3,23776.000000,23,2.1,16,0.0,0.0,0.0,0.0,0.0,0.0,1.0
203186,0,1,3400,-56,56,332,13,16,0.50,31872.000000,0,2.1,16,0.0,0.0,0.0,0.0,0.0,0.0,1.0
203435,0,1,3400,-55,55,333,12,15,0.51,55744.000000,4,2.1,16,0.0,0.0,0.0,0.0,0.0,0.0,1.0
203684,0,1,3400,-56,56,341,11,16,0.93,36064.000000,11,2.1,7.4,0.0,46112.000000,0,0.0,0.0,0.0,1.0
203933,0,1,3400,-56,56,347,12,14,0.50,37440.000000,0,2.1,0.0,0.0,0.0,0.0,0.0,0.0,0.0,1.0
204182,0,1,3400,-56,56,344,13,15,0.51,43008.000000,6,2.1,0.0,0.0,0.0,0.0,0.0,0.0,0.0,1.0
204431,0,1,3400,-55,55,338,12,15,0.51,53728.000000,0,2.1,0.0,0.0,0.0,0.0,0.0,0.0,0.0,1.0
204680,0,1,3400,-56,56,337,11,16,1.0,46272.000000,4,2.1,1.5,0.0,9184.000000,57,0.0,0.0,0.0,1.0
204929,0,1,3400,-56,56,345,12,15,0.95,42528.000000,11,2.1,0.0,0.0,0.0,0.0,0.0,0.0,0.0,1.0
205178,0,1,3400,-55,55,343,13,16,0.88,47936.000000,10,2.1,0.0,0.0,0.0,0.0,0.0,0.0,0.0,1.0
205427,0,1,3400,-55,55,338,12,15,0.72,50592.000000,5,2.1,0.0,0.0,0.0,0.0,0.0,0.0,0.0,1.0
205676,0,1,3400,-56,56,341,11,16,0.98,45216.000000,5,2.1,2.0,0.0,9792.000000,50,0.0,0.0,0.0,1.0
205925,0,1,3400,-56,56,331,13,15,1.3,40096.000000,17,2.1,0.0,0.0,0.0,0.0,0.0,0.0,0.0,1.0
206174,0,1,3400,-56,56,338,12,15,0.51,66176.000000,4,2.1,0.0,0.0,0.0,0.0,0.0,0.0,0.0,1.0
206423,0,1,3400,-55,55,340,11,15,0.66,90336.000000,10,2.1,0.0,0.0,0.0,0.0,0.0,0.0,0.0,1.0
206672,0,1,3400,-56,56,343,13,15,1.0,64640.000000,8,2.1,0.82,0.0,9120.000000,36,0.0,0.0,0.0,1.0
206921,0,1,3400,-56,56,344,13,15,0.99,55552.000000,4,2.1,0.0,0.0,0.0,0.0,0.0,0.0,0.0,1.0
207170,0,1,3400,-56,56,342,13,16,0.50,37696.000000,0,2.1,0.0,0.0,0.0,0.0,0.0,0.0,0.0,1.0
207419,0,1,3400,-56,56,339,13,15,0.82,26688.000000,17,2.1,0.064,0.0,0.0,0.0,0.0,0.0,0.0,1.0
207668,0,1,3400,-55,55,345,9.0,16,0.50,32384.000000,0,2.1,0.0,0.0,8160.000000,0,0.0,0.0,0.0,1.0
207917,0,1,3400,-55,55,350,12,15,1.0,58816.000000,17,2.1,0.0,0.0,0.0,0.0,0.0,0.0,0.0,1.0
208166,0,1,3400,-55,55,343,12,16,0.78,66912.000000,4,2.1,0.0,0.0,0.0,0.0,0.0,0.0,0.0,1.0
208415,0,1,3400,-55,55,338,13,15,1.1,47168.000000,14,2.1,0.0,0.0,0.0,0.0,0.0,0.0,0.0,1.0
208664,0,1,3400,-56,56,339,13,15,1.1,27264.000000,9,2.1,0.0,0.0,0.0,0.0,0.0,0.0,0.0,1.0
208913,0,1,3400,-56,56,340,12,15,0.68,42496.000000,5,2.1,0.0,0.0,8160.000000,17,0.0,0.0,0.0,1.0
209162,0,1,3400,-55,55,338,11,15,0.78,88480.000000,5,2.1,0.0,0.0,0.0,0.0,0.0,0.0,0.0,1.0
209411,0,1,3400,-55,55,336,12,16,1.1,42816.000000,10,2.1,0.0,0.0,0.0,0.0,0.0,0.0,0.0,1.0
209660,0,1,3400,-56,56,340,12,16,0.50,32064.000000,0,2.1,0.0,0.0,8160.000000,0,0.0,0.0,0.0,1.0
209909,0,1,3400,-55,55,341,12,16,0.71,41856.000000,11,2.1,0.0,0.0,0.0,0.0,0.0,0.0,0.0,1.0
210158,0,1,3400,-55,55,345,12,17,0.52,42176.000000,0,2.1,0.0,0.0,0.0,0.0,0.0,0.0,0.0,1.0
210407,0,1,3400,-55,55,341,12,16,0.96,64128.000000,7,2.1,0.0,0.0,0.0,0.0,0.0,0.0,0.0,1.0
210656,0,1,3400,-56,56,344,12,15,0.62,61696.000000,10,2.1,2.6,0.0,75360.000000,59,0.0,0.0,0.0,1.0
210905,0,1,3400,-55,55,343,10,16,0.78,44352.000000,15,2.1,16,0.0,0.0,0.0,0.0,0.0,0.0,1.0
211154,0,1,3400,-55,55,341,12,15,0.68,61152.000000,4,2.1,16,0.0,0.0,0.0,0.0,0.0,0.0,1.0
211403,0,1,3400,-56,56,335,12,15,0.69,73152.000000,9,2.1,16,0.0,0.0,0.0,0.0,0.0,0.0,1.0
211652,0,1,3400,-56,56,343,11,15,0.54,77472.000000,0,2.1,15,0.0,175360.000000,64,0.0,0.0,0.0,1.0
211901,0,1,3400,-56,56,340,13,16,0.94,86784.000000,9,2.1,16,0.0,0.0,0.0,0.0,0.0,0.0,1.0
212150,0,1,3400,-55,55,342,12,15,0.52,53376.000000,0,2.1,16,0.0,0.0,0.0,0.0,0.0,0.0,1.0
212399,0,1,3400,-55,55,349,12,15,0.65,78048.000000,3,2.1,16,0.0,0.0,0.0,0.0,0.0,0.0,1.0
212648,0,1,3400,-55,55,340,11,17,0.50,69600.000000,0,2.1,12,0.0,8544.000000,57,0.0,0.0,0.0,1.0
212897,0,1,3400,-56,56,342,12,15,0.61,66656.000000,10,2.1,0.0,0.0,0.0,0.0,0.0,0.0,0.0,1.0
213146,0,1,3400,-56,56,339,13,15,1.0,53152.000000,9,2.1,0.064,0.0,0.0,0.0,0.0,1.0,2.0,1.0
213395,0,1,3400,-55,55,337,12,16,0.54,64320.000000,4,2.1,0.0,0.0,0.0,0.0,0.0,0.0,0.0,1.0
213644,0,1,3400,-56,56,334,11,15,0.65,58240.000000,4,2.1,5.2,0.0,23488.000000,0,0.0,0.0,0.0,1.0
213893,0,1,3400,-55,55,342,12,15,0.56,52800.000000,9,2.1,14,0.0,0.0,0.0,0.0,0.0,0.0,1.0
214142,0,1,3400,-56,56,341,11,15,0.87,78400.000000,8,2.1,14,0.0,0.0,0.0,0.0,0.0,0.0,1.0
214391,0,1,3400,-55,55,338,11,15,0.59,64928.000000,6,2.1,14,0.0,0.0,0.0,0.0,0.0,0.0,1.0
214640,0,1,3400,-56,56,341,13,16,0.50,69312.000000,0,2.1,14,0.0,0.0,80,0.0,0.0,0.0,1.0
214889,0,1,3400,-56,56,342,10,15,0.51,59040.000000,0,2.1,13,0.0,0.0,0.0,0.0,0.0,0.0,1.0
215138,0,1,3400,-55,55,341,13,15,0.54,62240.000000,4,2.1,14,0.0,0.0,0.0,0.0,0.0,0.0,1.0
215387,0,1,3400,-55,55,347,13,15,0.91,47936.000000,10,2.1,14,0.0,0.0,0.0,0.0,0.0,0.0,1.0
215636,0,1,3400,-55,55,341,11,15,0.54,47840.000000,0,2.1,14,0.0,57824.000000,60,0.0,0.0,0.0,1.0
215885,0,1,3400,-56,56,328,13,15,0.63,72256.000000,3,2.1,16,0.0,0.0,0.0,0.0,0.0,0.0,1.0
216134,0,1,3400,-56,56,330,12,16,0.50,48064.000000,0,2.1,16,0.0,0.0,0.0,0.0,0.0,0.0,1.0
216383,0,1,3400,-55,55,339,12,15,0.71,57216.000000,4,2.1,16,0.0,0.0,0.0,0.0,0.0,0.0,1.0
216632,0,1,3400,-56,56,345,12,15,0.81,87104.000000,6,2.1,12,0.0,8160.000000,0,0.0,0.0,0.0,1.0
216881,0,1,3400,-56,56,344,9.9,15,0.50,43200.000000,0,2.1,0.0,0.0,0.0,0.0,0.0,0.0,0.0,1.0
217130,0,1,3400,-55,55,337,12,16,0.63,81280.000000,6,2.1,0.0,0.0,0.0,0.0,0.0,0.0,0.0,1.0
217379,0,1,3400,-55,55,336,13,16,0.57,73824.000000,7,2.1,0.0,0.0,0.0,0.0,0.0,0.0,0.0,1.0
217628,0,1,3400,-56,56,335,13,15,0.67,69376.000000,12,2.1,0.0,0.0,8160.000000,0,0.0,0.0,0.0,1.0
217877,0,1,3400,-56,56,341,11,15,0.74,45280.000000,5,2.1,0.0,0.0,0.0,0.0,0.0,0.0,0.0,1.0
218126,0,1,3400,-56,56,340,9.7,15,0.55,75232.000000,0,2.1,0.0,0.0,0.0,0.0,0.0,0.0,0.0,1.0
218375,0,1,3400,-56,56,337,12,16,0.50,58688.000000,0,2.1,0.0,0.0,0.0,0.0,0.0,0.0,0.0,1.0
218624,0,1,3400,-56,56,336,13,16,0.72,37248.000000,12,2.1,0.0,0.0,8160.000000,29,0.0,0.0,0.0,1.0
218873,0,1,3400,-55,55,335,12,15,0.50,53344.000000,0,2.1,0.0,0.0,0.0,0.0,0.0,0.0,0.0,1.0
219122,0,1,3400,-55,55,338,11,16,0.50,45504.000000,0,2.1,0.0,0.0,0.0,0.0,0.0,0.0,0.0,1.0
219371,0,1,3400,-56,56,341,13,15,0.88,26560.000000,17,2.1,0.0,0.0,0.0,0.0,0.0,0.0,0.0,1.0
219620,0,1,3400,-56,56,344,10,15,0.56,70720.000000,2,2.1,0.0,0.0,8160.000000,0,0.0,0.0,0.0,1.0
219869,0,1,3400,-56,56,338,12,16,0.68,34432.000000,7,2.1,0.0,0.0,0.0,0.0,0.0,0.0,0.0,1.0
220118,0,1,3400,-55,55,341,13,15,1.1,44256.000000,23,2.1,0.0,0.0,0.0,0.0,0.0,0.0,0.0,1.0
220367,0,1,3400,-55,55,341,13,16,1.2,42592.000000,11,2.1,0.0,0.0,0.0,0.0,0.0,0.0,0.0,1.0
220616,0,1,3400,-55,55,341,13,16,0.67,52480.000000,5,2.1,0.0,0.0,6848.000000,44,0.0,0.0,0.0,1.0
220865,0,1,3400,-56,56,333,12,16,0.71,37312.000000,12,2.1,0.0,0.0,0.0,0.0,0.0,0.0,0.0,1.0
221114,0,1,3400,-56,56,333,13,15,0.89,44960.000000,6,2.1,0.0,0.0,0.0,0.0,0.0,0.0,0.0,1.0
221363,0,1,3400,-55,55,346,13,15,0.61,48192.000000,5,2.1,0.0,0.0,0.0,0.0,0.0,0.0,0.0,1.0
221612,0,1,3400,-55,55,341,12,16,0.74,55104.000000,12,2.1,7.1,0.0,9568.000000,0,0.0,0.0,0.0,1.0
221861,0,1,3400,-55,55,344,13,16,0.56,41952.000000,11,2.1,14,0.0,0.0,0.0,0.0,0.0,0.0,1.0
222110,0,1,3400,-55,55,330,13,16,0.60,24224.000000,10,2.1,13,0.0,0.0,0.0,0.0,0.0,0.0,1.0
222359,0,1,3400,-55,55,331,13,15,0.58,48288.000000,10,2.1,14,0.0,0.0,0.0,0.0,0.0,0.0,1.0
222608,0,1,3400,-56,56,330,13,16,0.60,58656.000000,0,2.1,9.9,0.0,9184.000000,57,0.0,0.0,0.0,1.0
222857,0,1,3400,-56,56,338,12,15,1.3,53184.000000,16,2.1,0.0,0.0,0.0,0.0,0.0,0.0,0.0,1.0
223106,0,1,3400,-55,55,341,13,16,1.1,48192.000000,5,2.1,0.0,0.0,0.0,0.0,0.0,0.0,0.0,1.0
223355,0,1,3400,-55,55,342,13,15,0.86,50784.000000,5,2.1,0.0,0.0,0.0,0.0,0.0,0.0,0.0,1.0
223604,0,1,3400,-56,56,339,13,15,1.1,53760.000000,13,2.1,0.0,0.0,8160.000000,17,0.0,0.0,0.0,1.0
223853,0,1,3400,-56,56,341,12,16,1.0,66560.000000,7,2.1,0.0,0.0,0.0,0.0,0.0,0.0,0.0,1.0
224102,0,1,3400,-56,56,336,13,16,0.71,29536.000000,8,2.1,0.0,0.0,0.0,0.0,0.0,0.0,0.0,1.0
224351,0,1,3400,-55,55,340,13,15,0.72,58304.000000,8,2.1,0.0,0.0,0.0,0.0,0.0,0.0,0.0,1.0
224600,0,1,3400,-55,55,341,12,15,1.3,66080.000000,16,2.1,0.0,0.0,39712.000000,16,0.0,0.0,0.0,1.0
224849,0,1,3400,-56,56,337,11,15,0.84,60320.000000,6,2.1,0.0,0.0,0.0,0.0,0.0,0.0,0.0,1.0
225098,0,1,3400,-55,55,340,12,16,0.50,47904.000000,0,2.1,0.0,0.0,0.0,0.0,0.0,0.0,0.0,1.0
225347,0,1,3400,-55,55,341,13,15,0.92,45088.000000,15,2.1,0.0,0.0,0.0,0.0,0.0,0.0,0.0,1.0
225596,0,1,3400,-56,56,338,11,15,0.50,79936.000000,0,2.1,0.0,20,0.0,80,0.0,0.0,0.0,1.0
225845,0,1,3400,-56,56,338,11,17,0.50,89952.000000,0,2.1,0.0,0.0,6432.000000,20,0.0,0.0,0.0,1.0
226094,0,1,3400,-55,55,342,13,16,0.51,60000.000000,0,2.1,0.0,0.0,5536.000000,0,0.0,0.0,0.0,1.0
226343,0,1,3400,-55,55,340,13,15,1.2,35104.000000,7,2.1,0.0,0.0,0.0,0.0,0.0,0.0,0.0,1.0
226592,0,1,3400,-56,56,343,12,16,0.88,72192.000000,7,2.1,0.0,0.0,8160.000000,17,0.0,0.0,0.0,1.0
226841,0,1,3400,-56,56,344,11,16,0.64,71808.000000,6,2.1,0.0,0.0,0.0,0.0,0.0,0.0,0.0,1.0
227090,0,1,3400,-55,55,347,13,15,0.50,58176.000000,0,2.1,0.0,0.0,0.0,0.0,0.0,0.0,0.0,1.0
227339,0,1,3400,-56,56,341,12,15,0.94,71424.000000,4,2.1,0.0,0.0,0.0,0.0,0.0,0.0,0.0,1.0
227588,0,1,3400,-56,56,339,13,15,0.74,68512.000000,7,2.1,0.0,0.0,12128.000000,0,0.0,0.0,0.0,1.0
227837,0,1,3400,-55,55,345,13,16,0.56,61280.000000,12,2.1,0.0,0.0,0.0,0.0,0.0,0.0,0.0,1.0
228086,0,1,3400,-56,56,341,11,16,1.1,37376.000000,0,2.1,0.0,0.0,0.0,0.0,0.0,0.0,0.0,1.0
228335,0,1,3400,-55,55,339,12,15,0.83,77504.000000,12,2.1,0.0,0.0,0.0,0.0,0.0,0.0,0.0,1.0
228584,0,1,3400,-55,55,338,10,15,0.68,98848.000000,2,2.1,4.2,0.0,0.0,80,0.0,0.0,0.0,1.0
228833,0,1,3400,-55,55,342,11,16,1.0,72448.000000,5,2.1,7.5,0.0,0.0,0.0,0.0,0.0,0.0,1.0
229082,0,1,3400,-56,56,341,12,16,0.52,58592.000000,0,2.1,7.5,0.0,0.0,0.0,0.0,0.0,0.0,1.0
229331,0,1,3400,-56,56,345,12,15,0.63,80128.000000,6,2.1,7.5,0.0,0.0,0.0,0.0,0.0,0.0,1.0
229580,0,1,3400,-56,56,338,11,16,0.79,40864.000000,16,2.1,4.8,0.0,12384.000000,0,0.0,0.0,0.0,1.0
229829,0,1,3400,-56,56,340,12,16,0.50,58656.000000,0,2.1,0.0,0.0,0.0,0.0,0.0,0.0,0.0,1.0
230078,0,1,3400,-55,55,339,9.7,15,0.54,38880.000000,10,2.1,0.0,0.0,0.0,0.0,0.0,0.0,0.0,1.0
230327,0,1,3400,-56,56,339,10,15,0.57,37632.000000,0,2.1,0.0,0.0,0.0,0.0,0.0,0.0,0.0,1.0
230576,0,1,3400,-55,55,343,11,15,0.69,67232.000000,9,2.1,0.0,0.0,12384.000000,25,0.0,0.0,0.0,1.0
230825,0,1,3400,-56,56,340,12,15,0.53,39360.000000,10,2.1,0.0,0.0,0.0,0.0,0.0,0.0,0.0,1.0
231074,0,1,3400,-55,55,336,12,15,1.0,50656.000000,12,2.1,0.0,0.0,0.0,0.0,0.0,0.0,0.0,1.0
231323,0,1,3400,-56,56,341,13,15,0.68,47936.000000,10,2.1,0.0,0.0,0.0,0.0,0.0,0.0,0.0,1.0
231572,0,1,3400,-55,55,345,13,15,0.53,69184.000000,0,2.1,0.82,0.0,11232.000000,36,0.0,0.0,0.0,1.0
231821,0,1,3400,-55,55,343,12,15,0.95,43584.000000,10,2.1,0.0,0.0,0.0,0.0,0.0,0.0,0.0,1.0
232070,0,1,3400,-55,55,345,13,16,0.78,45088.000000,6,2.1,0.0,0.0,0.0,0.0,0.0,0.0,0.0,1.0
232319,0,1,3400,-56,56,343,13,16,0.62,61664.000000,4,2.1,0.0,0.0,0.0,0.0,0.0,0.0,0.0,1.0
232568,0,1,3400,-56,56,346,13,16,0.65,72416.000000,4,2.1,0.0,0.0,8160.000000,17,0.0,0.0,0.0,1.0
232817,0,1,3400,-56,56,346,13,16,0.50,5312.000000,0,2.1,0.0,0.0,0.0,0.0,0.0,0.0,0.0,1.0
233066,0,1,3400,-55,55,335,11,15,0.80,39616.000000,6,2.1,0.0,0.0,0.0,0.0,0.0,0.0,0.0,1.0
233315,0,1,3400,-55,55,328,11,16,0.54,73120.000000,3,2.1,0.0,0.0,0.0,0.0,0.0,0.0,0.0,1.0
233564,0,1,3400,-56,56,338,12,16,0.50,116384.000000,0,2.1,0.0,0.0,8160.000000,0,0.0,0.0,0.0,1.0
233813,0,1,3400,-56,56,340,11,15,0.81,45856.000000,9,2.1,0.0,0.0,0.0,0.0,0.0,0.0,0.0,1.0
234062,0,1,3400,-55,55,336,12,16,0.52,82048.000000,3,2.1,0.0,0.0,0.0,0.0,0.0,0.0,0.0,1.0
234311,0,1,3400,-55,55,337,10,15,0.74,66656.000000,9,2.1,0.0,0.0,0.0,0.0,0.0,0.0,0.0,1.0
234560,0,1,3400,-56,56,344,14,16,0.53,81664.000000,3,2.1,5.2,0.0,170752.000000,67,0.0,0.0,0.0,1.0
234809,0,1,3400,-56,56,332,11,16,0.89,58400.000000,7,2.1,16,0.0,0.0,0.0,0.0,0.0,0.0,1.0
235058,0,1,3400,-55,55,343,13,16,0.96,61504.000000,8,2.1,16,0.0,0.0,0.0,0.0,0.0,0.0,1.0
235307,0,1,3400,-55,55,344,12,15,0.54,77472.000000,3,2.1,16,0.0,0.0,0.0,0.0,0.0,0.0,1.0
235556,0,1,3400,-56,56,339,12,15,0.63,75104.000000,3,2.1,16,0.0,175360.000000,66,0.0,0.0,0.0,1.0
235805,0,1,3400,-55,55,339,12,15,0.73,45856.000000,14,2.1,16,0.0,0.0,0.0,0.0,0.0,0.0,1.0
236054,0,1,3400,-56,56,341,13,15,0.95,50784.000000,21,2.1,16,0.0,0.0,0.0,0.0,0.0,0.0,1.0
236303,0,1,3400,-56,56,337,11,16,0.50,79840.000000,0,2.1,16,0.0,0.0,0.0,0.0,0.0,0.0,1.0
236552,0,1,3400,-56,56,338,13,14,0.60,56064.000000,11,2.1,15,0.0,84160.000000,48,0.0,0.0,0.0,1.0
236801,0,1,3400,-56,56,342,12,15,0.87,75424.000000,6,2.1,16,0.0,0.0,0.0,0.0,0.0,0.0,1.0
237050,0,1,3400,-56,56,342,11,15,0.84,42688.000000,0,2.1,16,0.0,0.0,0.0,0.0,0.0,0.0,1.0
237299,0,1,3400,-55,55,335,12,15,1.1,37568.000000,12,2.1,16,0.0,0.0,0.0,0.0,0.0,0.0,1.0
237548,0,1,3400,-56,56,334,13,16,0.56,58272.000000,0,2.1,13,0.0,117280.000000,35,0.0,0.0,0.0,1.0
237797,0,1,3400,-56,56,341,14,16,0.50,68960.000000,0,2.1,4.0,0.0,0.0,0.0,0.0,0.0,0.0,1.0
238046,0,1,3400,-56,56,340,11,14,0.65,42944.000000,15,2.1,4.0,0.0,0.0,0.0,0.0,0.0,0.0,1.0
238295,0,1,3400,-56,56,341,12,16,0.50,37248.000000,0,2.1,4.0,0.0,0.0,0.0,0.0,0.0,0.0,1.0
238544,0,1,3400,-55,55,340,13,15,0.99,52736.000000,9,2.1,2.5,0.0,8160.000000,0,0.0,0.0,0.0,1.0
238793,0,1,3400,-56,56,337,12,15,0.57,73696.000000,7,2.1,0.0,0.0,0.0,0.0,0.0,0.0,0.0,1.0
239042,0,1,3400,-56,56,334,13,15,0.68,44960.000000,6,2.1,0.0,0.0,0.0,0.0,0.0,0.0,0.0,1.0
239291,0,1,3400,-56,56,338,12,15,0.98,71360.000000,9,2.1,0.0,0.0,0.0,0.0,0.0,0.0,0.0,1.0
239540,0,1,3400,-56,56,343,12,16,0.50,37632.000000,0,2.1,0.0,0.0,8160.000000,29,0.0,0.0,0.0,1.0
239789,0,1,3400,-56,56,341,12,15,0.67,69376.000000,3,2.1,0.0,0.0,0.0,0.0,0.0,0.0,0.0,1.0
240038,0,1,3400,-56,56,342,11,15,0.98,68704.000000,7,2.1,0.0,0.0,0.0,0.0,0.0,0.0,0.0,1.0
240287,0,1,3400,-56,56,341,12,15,0.63,47968.000000,0,2.1,0.0,0.0,0.0,0.0,0.0,0.0,0.0,1.0
240536,0,1,3400,-56,56,336,13,16,0.51,41920.000000,0,2.1,0.0,0.0,12384.000000,0,0.0,0.0,0.0,1.0
240785,0,1,3400,-56,56,336,9.0,15,0.60,45984.000000,4,2.1,0.0,0.0,0.0,0.0,0.0,0.0,0.0,1.0
241034,0,1,3400,-55,55,340,12,15,0.53,58944.000000,0,2.1,0.0,0.0,0.0,0.0,0.0,0.0,0.0,1.0
241283,0,1,3400,-55,55,344,13,16,1.0,48832.000000,10,2.1,0.0,0.0,0.0,0.0,0.0,0.0,0.0,1.0
241532,0,1,3400,-56,56,340,12,15,0.57,50336.000000,5,2.1,1.5,0.0,9184.000000,57,0.0,0.0,0.0,1.0
241781,0,1,3400,-55,55,340,12,15,1.00,61408.000000,0,2.1,0.0,0.0,0.0,0.0,0.0,0.0,0.0,1.0
242030,0,1,3400,-55,55,344,12,15,0.58,72288.000000,6,2.1,0.0,0.0,0.0,0.0,0.0,0.0,0.0,1.0
242279,0,1,3400,-56,56,345,13,15,0.83,45216.000000,11,2.1,0.0,0.0,0.0,0.0,0.0,0.0,0.0,1.0
242528,0,1,3400,-56,56,340,12,15,0.96,64096.000000,4,2.1,7.3,0.0,8928.000000,0,0.0,0.0,0.0,1.0
242777,0,1,3400,-56,56,338,12,16,1.1,77984.000000,6,2.1,14,0.0,0.0,0.0,0.0,0.0,0.0,1.0
243026,0,1,3400,-55,55,344,12,15,0.62,63648.000000,5,2.1,14,0.0,0.0,0.0,0.0,0.0,0.0,1.0
243275,0,1,3400,-55,55,342,12,15,0.77,34688.000000,7,2.1,14,0.0,0.0,0.0,0.0,0.0,0.0,1.0
243524,0,1,3400,-55,55,340,11,16,0.60,74400.000000,11,2.1,14,0.0,0.0,80,0.0,0.0,0.0,1.0
243773,0,1,3400,-56,56,337,11,16,0.54,31904.000000,0,2.1,15,0.0,0.0,0.0,0.0,0.0,0.0,1.0
244022,0,1,3400,-56,56,335,11,15,0.61,77664.000000,3,2.1,15,0.0,0.0,0.0,0.0,0.0,0.0,1.0
244271,0,1,3400,-55,55,341,12,15,0.51,42752.000000,0,2.1,15,0.0,0.0,0.0,0.0,0.0,0.0,1.0
244520,0,1,3400,-56,56,342,13,15,0.53,50272.000000,5,2.1,6.9,0.0,8160.000000,0,0.0,0.0,0.0,1.0
244769,0,1,3400,-56,56,335,12,16,0.65,54720.000000,8,2.1,0.064,0.0,0.0,0.0,0.0,0.0,0.0,1.0
245018,0,1,3400,-56,56,336,13,16,0.72,32000.000000,8,2.1,0.0,0.0,0.0,0.0,0.0,0.0,0.0,1.0
245267,0,1,3400,-56,56,340,13,17,0.50,21504.000000,0,2.1,0.0,0.0,0.0,0.0,0.0,0.0,0.0,1.0
245516,0,1,3400,-56,56,338,11,15,1.4,24256.000000,29,2.1,0.0,186,0.0,0.0,0.0,0.0,0.0,1.0
245765,0,1,3400,-56,56,337,11,15,0.51,43168.000000,5,2.1,0.0,0.0,8160.000000,29,0.0,0.0,0.0,1.0
246014,0,1,3400,-55,55,336,13,16,0.50,78016.000000,0,2.1,0.0,0.0,0.0,0.0,0.0,0.0,0.0,1.0
246263,0,1,3400,-56,56,340,11,15,0.56,39776.000000,5,2.1,0.0,0.0,0.0,0.0,0.0,0.0,0.0,1.0
246512,0,1,3400,-56,56,337,9.2,16,0.60,34464.000000,19,2.1,0.0,0.0,12384.000000,0,0.0,0.0,0.0,1.0
246761,0,1,3400,-56,56,338,13,16,0.53,47936.000000,0,2.1,0.0,0.0,0.0,0.0,0.0,0.0,0.0,1.0
247010,0,1,3400,-55,55,341,12,15,0.98,68640.000000,6,2.1,0.0,0.0,0.0,0.0,0.0,0.0,0.0,1.0
247259,0,1,3400,-55,55,343,11,15,1.3,35776.000000,6,2.1,0.0,0.0,0.0,0.0,0.0,0.0,0.0,1.0
247508,0,1,3400,-56,56,340,13,16,0.86,63616.000000,8,2.1,1.5,0.0,9184.000000,57,0.0,0.0,0.0,1.0
247757,0,1,3400,-56,56,339,13,16,0.51,55552.000000,5,2.1,0.0,0.0,0.0,0.0,0.0,0.0,0.0,1.0
248006,0,1,3400,-56,56,341,9.3,15,0.66,67264.000000,3,2.1,0.0,0.0,0.0,0.0,0.0,0.0,0.0,1.0
248255,0,1,3400,-56,56,343,12,15,1.2,67872.000000,13,2.1,0.0,0.0,0.0,0.0,0.0,0.0,0.0,1.0
248504,0,1,3400,-55,55,341,8.3,15,0.50,47008.000000,0,2.1,0.0,0.0,16384.000000,11,0.0,0.0,0.0,1.0
248753,0,1,3400,-55,55,341,11,15,0.86,54144.000000,8,2.1,0.0,0.0,0.0,0.0,0.0,0.0,0.0,1.0
249002,0,1,3400,-55,55,336,10,16,0.71,69888.000000,0,2.1,0.0,0.0,0.0,0.0,0.0,0.0,0.0,1.0
249251,0,1,3400,-55,55,335,10,14,0.58,91968.000000,4,2.1,0.0,0.0,0.0,0.0,0.0,0.0,0.0,1.0
249500,0,1,3400,-55,55,334,12,15,0.51,67808.000000,0,2.1,0.0,0.0,8160.000000,0,0.0,0.0,0.0,1.0
249749,0,1,3400,-56,56,337,13,15,0.52,50464.000000,5,2.1,0.0,0.0,0.0,0.0,0.0,0.0,0.0,1.0
249998,0,1,3400,-55,55,343,10,14,0.93,76160.000000,5,2.1,0.064,0.0,0.0,0.0,0.0,0.0,0.0,1.0
250247,0,1,3400,-55,55,344,9.8,14,0.50,69248.000000,0,2.1,0.0,0.0,0.0,0.0,0.0,0.0,0.0,1.0
250496,0,1,3400,-55,55,345,12,16,1.0,50592.000000,5,2.1,0.0,0.0,8160.000000,0,0.0,0.0,0.0,1.0
250745,0,1,3400,-55,55,342,12,16,0.50,55584.000000,0,2.1,0.0,0.0,0.0,0.0,0.0,0.0,0.0,1.0
250994,0,1,3400,-55,55,340,10,16,0.54,36256.000000,0,2.1,0.0,0.0,0.0,0.0,0.0,0.0,0.0,1.0
251243,0,1,3400,-56,56,342,11,15,0.70,68480.000000,13,2.1,0.0,0.0,0.0,0.0,0.0,0.0,0.0,1.0
251492,0,1,3400,-55,55,346,13,15,0.67,50528.000000,5,2.1,0.0,0.0,46816.000000,5,0.0,0.0,0.0,1.0
251741,0,1,3400,-56,56,343,12,15,0.52,42624.000000,0,2.1,0.0,0.0,0.0,0.0,0.0,0.0,0.0,1.0
251990,0,1,3400,-55,55,335,11,15,0.71,47968.000000,0,2.1,0.0,0.0,0.0,0.0,0.0,0.0,0.0,1.0
252239,0,1,3400,-56,56,336,12,16,0.90,74208.000000,11,2.1,0.0,0.0,0.0,0.0,0.0,0.0,0.0,1.0
252488,0,1,3400,-56,56,336,12,16,0.52,58688.000000,0,2.1,2.4,0.0,114464.000000,19,0.0,0.0,0.0,1.0
252737,0,1,3400,-56,56,339,12,16,0.51,85280.000000,0,2.1,6.5,0.0,0.0,0.0,0.0,0.0,0.0,1.0
252986,0,1,3400,-55,55,344,12,15,0.53,20864.000000,20,2.1,6.5,0.0,0.0,0.0,0.0,0.0,0.0,1.0
253235,0,1,3400,-56,56,338,12,15,0.82,63584.000000,7,2.1,6.5,0.0,0.0,0.0,0.0,0.0,0.0,1.0
253484,0,1,3400,-55,55,344,13,15,1.1,42752.000000,0,2.1,4.4,0.0,8160.000000,17,0.0,0.0,0.0,1.0
253733,0,1,3400,-55,55,345,12,15,0.50,37600.000000,0,2.1,0.0,0.0,0.0,0.0,0.0,0.0,0.0,1.0
253982,0,1,3400,-55,55,342,13,16,1.0,35680.000000,12,2.1,0.0,0.0,0.0,0.0,0.0,0.0,0.0,1.0
254231,0,1,3400,-56,56,337,13,15,0.54,57248.000000,5,2.1,0.0,0.0,0.0,0.0,0.0,0.0,0.0,1.0
254480,0,1,3400,-56,56,341,10,16,0.75,73408.000000,3,2.1,0.0,0.0,8160.000000,0,0.0,0.0,0.0,1.0
254729,0,1,3400,-55,55,341,11,15,0.63,45120.000000,0,2.1,0.0,0.0,0.0,0.0,0.0,0.0,0.0,1.0
254978,0,1,3400,-56,56,341,11,16,0.50,42560.000000,0,2.1,0.0,0.0,0.0,0.0,0.0,0.0,0.0,1.0
255227,0,1,3400,-56,56,343,13,15,1.1,23584.000000,25,2.1,0.0,0.0,0.0,0.0,0.0,0.0,0.0,1.0
255476,0,1,3400,-56,56,340,12,16,0.55,50464.000000,5,2.1,1.5,0.0,9184.000000,57,0.0,0.0,0.0,1.0
255725,0,1,3400,-56,56,338,11,14,0.61,61920.000000,4,2.1,0.0,0.0,0.0,0.0,0.0,0.0,0.0,1.0
255974,0,1,3400,-56,56,337,12,15,0.88,23712.000000,8,2.1,0.0,0.0,0.0,0.0,0.0,0.0,0.0,1.0
256223,0,1,3400,-55,55,348,10,15,0.96,65376.000000,6,2.1,0.0,0.0,0.0,0.0,0.0,0.0,0.0,1.0
256472,0,1,3400,-55,55,348,11,15,0.95,42176.000000,10,2.1,0.0,0.0,12128.000000,14,0.0,0.0,0.0,1.0
256721,0,1,3400,-55,55,342,8.7,14,0.71,59392.000000,13,2.1,0.0,0.0,0.0,0.0,0.0,0.0,0.0,1.0
256970,0,1,3400,-55,55,346,13,14,0.91,61728.000000,12,2.1,0.0,0.0,0.0,0.0,0.0,0.0,0.0,1.0
257219,0,1,3400,-56,56,343,13,15,0.75,34976.000000,7,2.1,0.0,0.0,0.0,0.0,0.0,0.0,0.0,1.0
257468,0,1,3400,-55,55,341,13,15,0.61,56352.000000,5,2.1,0.0,0.0,8160.000000,0,0.0,0.0,0.0,1.0
257717,0,1,3400,-56,56,342,13,15,0.61,88064.000000,3,2.1,0.0,0.0,0.0,0.0,0.0,0.0,0.0,1.0
257966,0,1,3400,-55,55,349,12,15,0.70,34464.000000,6,2.1,0.0,0.0,0.0,0.0,0.0,0.0,0.0,1.0
258215,0,1,3400,-55,55,346,13,15,0.98,34336.000000,19,2.1,0.0,0.0,0.0,0.0,0.0,0.0,0.0,1.0
258464,0,1,3400,-55,55,340,11,15,0.56,58464.000000,0,2.1,3.9,0.0,15360.000000,31,0.0,0.0,0.0,1.0
258713,0,1,3400,-56,56,351,8.0,15,0.52,41984.000000,3,2.1,0.0,0.0,0.0,0.0,0.0,0.0,0.0,1.0
258962,0,1,3400,-55,55,353,11,15,0.81,18272.000000,30,2.1,0.0,0.0,0.0,0.0,0.0,0.0,0.0,1.0
259211,0,1,3400,-56,56,346,12,16,0.52,37280.000000,0,2.1,0.0,0.0,0.0,0.0,0.0,0.0,0.0,1.0
259460,0,1,3400,-55,55,338,11,15,0.78,45664.000000,13,2.1,0.0,0.0,8160.000000,0,0.0,0.0,0.0,1.0
259709,0,1,3400,-56,56,335,12,15,0.56,63744.000000,8,2.1,0.0,0.0,0.0,0.0,0.0,0.0,0.0,1.0
259958,0,1,3400,-55,55,344,13,15,0.56,80448.000000,6,2.1,0.0,0.0,0.0,0.0,0.0,0.0,0.0,1.0
260207,0,1,3400,-56,56,337,11,15,0.98,46624.000000,12,2.1,0.0,0.0,0.0,0.0,0.0,0.0,0.0,1.0
260456,0,1,3400,-56,56,342,13,16,0.60,42624.000000,0,2.1,0.0,0.0,8160.000000,0,0.0,0.0,0.0,1.0
260705,0,1,3400,-56,56,340,9.9,14,0.50,74464.000000,0,2.1,0.0,0.0,0.0,0.0,0.0,0.0,0.0,1.0
260954,0,1,3400,-56,56,337,13,16,0.57,72256.000000,4,2.1,0.0,0.0,0.0,0.0,0.0,0.0,0.0,1.0
261203,0,1,3400,-56,56,333,12,15,0.55,64672.000000,7,2.1,0.0,0.0,0.0,0.0,0.0,0.0,0.0,1.0
261452,0,1,3400,-55,55,340,11,15,0.50,69600.000000,0,2.1,5.2,0.0,60224.000000,57,0.0,0.0,0.0,1.0
261701,0,1,3400,-56,56,347,11,15,0.70,42688.000000,11,2.1,16,0.0,0.0,0.0,0.0,0.0,0.0,1.0
261950,0,1,3400,-56,56,346,12,15,0.51,47392.000000,0,2.1,16,0.0,0.0,0.0,0.0,0.0,0.0,1.0
262199,0,1,3400,-56,56,339,9.8,15,0.50,42400.000000,0,2.1,16,0.0,0.0,0.0,0.0,0.0,0.0,1.0
262448,0,1,3400,-55,55,344,11,16,0.66,39584.000000,6,2.1,16,186,0.0,0.0,0.0,0.0,0.0,1.0
262697,0,1,3400,-55,55,344,9.8,15,0.50,48416.000000,0,2.1,5.0,0.0,10656.000000,35,0.0,0.0,0.0,1.0
262946,0,1,3400,-55,55,345,11,16,0.61,82752.000000,3,2.1,0.0,0.0,0.0,0.0,0.0,0.0,0.0,1.0
263195,0,1,3400,-55,55,342,12,15,0.50,48000.000000,0,2.1,0.0,0.0,0.0,0.0,0.0,0.0,0.0,1.0
263444,0,1,3400,-56,56,340,13,15,0.57,50144.000000,5,2.1,0.0,0.0,12384.000000,0,0.0,0.0,0.0,1.0
263693,0,1,3400,-55,55,337,12,16,0.63,44928.000000,6,2.1,0.0,0.0,0.0,0.0,0.0,0.0,0.0,1.0
263942,0,1,3400,-56,56,342,12,16,1.4,29600.000000,20,2.1,0.0,0.0,0.0,0.0,0.0,0.0,0.0,1.0
264191,0,1,3400,-56,56,339,13,16,0.50,32992.000000,0,2.1,0.0,0.0,0.0,0.0,0.0,0.0,0.0,1.0
264440,0,1,3400,-56,56,343,11,15,0.51,39776.000000,0,2.1,2.8,0.0,6400.000000,50,0.0,0.0,0.0,1.0
264689,0,1,3400,-56,56,343,11,15,0.57,51328.000000,4,2.1,14,0.0,0.0,0.0,0.0,0.0,0.0,1.0
264938,0,1,3400,-56,56,347,12,14,0.82,61344.000000,4,2.1,14,0.0,0.0,0.0,0.0,0.0,0.0,1.0
265187,0,1,3400,-56,56,348,10,14,0.82,59872.000000,5,2.1,14,0.0,0.0,0.0,0.0,0.0,0.0,1.0
265436,0,1,3400,-55,55,345,11,16,0.50,80864.000000,0,2.1,12,0.0,55648.000000,47,0.0,0.0,0.0,1.0
265685,0,1,3400,-56,56,345,10,16,0.50,69760.000000,0,2.1,9.0,0.0,0.0,0.0,0.0,0.0,0.0,1.0
265934,0,1,3400,-56,56,343,12,15,0.81,40672.000000,6,2.1,9.0,0.0,0.0,0.0,0.0,0.0,0.0,1.0
266183,0,1,3400,-56,56,347,12,16,1.2,55840.000000,9,2.1,9.0,0.0,0.0,0.0,0.0,0.0,0.0,1.0
266432,0,1,3400,-56,56,347,12,15,1.3,39648.000000,11,2.1,5.5,0.0,8160.000000,0,0.0,0.0,0.0,1.0
266681,0,1,3400,-55,55,347,9.8,15,0.72,32000.000000,13,2.1,0.0,0.0,0.0,0.0,0.0,0.0,0.0,1.0
266930,0,1,3400,-56,56,341,11,15,1.0,72096.000000,9,2.1,0.0,0.0,0.0,0.0,0.0,0.0,0.0,1.0
267179,0,1,3400,-56,56,337,11,15,0.55,69312.000000,0,2.1,0.0,0.0,0.0,0.0,0.0,0.0,0.0,1.0
267428,0,1,3400,-56,56,336,12,16,0.72,67136.000000,3,2.1,0.0,0.0,8160.000000,0,0.0,0.0,0.0,1.0
267677,0,1,3400,-56,56,342,12,16,0.50,64000.000000,0,2.1,0.0,0.0,0.0,0.0,0.0,0.0,0.0,1.0
267926,0,1,3400,-56,56,343,12,15,1.2,47552.000000,14,2.1,0.0,0.0,0.0,0.0,0.0,0.0,0.0,1.0
268175,0,1,3400,-56,56,342,13,15,1.2,24224.000000,10,2.1,0.0,0.0,0.0,0.0,0.0,0.0,0.0,1.0
268424,0,1,3400,-56,56,343,12,15,1.0,71008.000000,6,2.1,0.81,0.0,10464.000000,36,0.0,0.0,0.0,1.0
268673,0,1,3400,-56,56,341,13,15,0.51,106176.000000,0,2.1,0.0,0.0,0.0,0.0,0.0,0.0,0.0,1.0
268922,0,1,3400,-55,55,338,12,16,0.85,48096.000000,9,2.1,0.0,0.0,0.0,0.0,0.0,0.0,0.0,1.0
269171,0,1,3400,-56,56,339,13,15,0.68,56032.000000,5,2.1,0.0,0.0,0.0,0.0,0.0,0.0,0.0,1.0
269420,0,1,3400,-55,55,338,12,14,0.51,69568.000000,0,2.1,7.8,0.0,175360.000000,64,0.0,0.0,0.0,1.0
269669,0,1,3400,-56,56,337,11,15,0.56,56160.000000,4,2.1,16,0.0,0.0,0.0,0.0,0.0,0.0,1.0
269918,0,1,3400,-55,55,345,10,15,0.53,72064.000000,3,2.1,16,0.0,0.0,0.0,0.0,0.0,0.0,1.0
270167,0,1,3400,-56,56,346,11,15,0.54,46048.000000,5,2.1,16,0.0,0.0,0.0,0.0,0.0,0.0,1.0
270416,0,1,3400,-55,55,349,11,15,0.96,70176.000000,5,2.1,7.5,0.0,17792.000000,0,0.0,0.0,0.0,1.0
270665,0,1,3400,-56,56,342,12,16,0.60,47904.000000,0,2.1,0.0,0.0,0.0,0.0,0.0,0.0,0.0,1.0
270914,0,1,3400,-56,56,342,12,15,0.52,74784.000000,0,2.1,0.0,0.0,0.0,0.0,0.0,0.0,0.0,1.0
271163,0,1,3400,-56,56,335,11,15,1.0,58944.000000,12,2.1,0.0,0.0,0.0,0.0,0.0,0.0,0.0,1.0
271412,0,1,3400,-56,56,334,12,16,0.65,61120.000000,4,2.1,0.0,0.0,8160.000000,17,0.0,0.0,0.0,1.0
271661,0,1,3400,-56,56,335,9.4,15,0.73,55744.000000,0,2.1,0.0,0.0,0.0,0.0,0.0,0.0,0.0,1.0
271910,0,1,3400,-56,56,335,13,15,0.76,55968.000000,5,2.1,0.0,0.0,0.0,0.0,0.0,0.0,0.0,1.0
272159,0,1,3400,-55,55,340,8.7,14,0.50,68160.000000,0,2.1,0.0,0.0,0.0,0.0,0.0,0.0,0.0,1.0
272408,0,1,3400,-56,56,343,12,15,0.62,84672.000000,3,2.1,0.0,0.0,8160.000000,0,0.0,0.0,0.0,1.0
272657,0,1,3400,-56,56,348,12,15,0.50,37248.000000,0,2.1,0.0,0.0,0.0,0.0,0.0,0.0,0.0,1.0
272906,0,1,3400,-55,55,343,12,15,0.61,58432.000000,8,2.1,0.0,0.0,0.0,0.0,0.0,0.0,0.0,1.0
273155,0,1,3400,-56,56,336,12,15,0.71,39744.000000,6,2.1,0.0,0.0,0.0,0.0,0.0,0.0,0.0,1.0
273404,0,1,3400,-56,56,343,12,15,0.50,71776.000000,0,2.1,0.0,0.0,12384.000000,0,0.0,0.0,0.0,1.0
273653,0,1,3400,-56,56,349,13,16,0.59,84512.000000,6,2.1,0.0,0.0,0.0,0.0,0.0,0.0,0.0,1.0
273902,0,1,3400,-56,56,349,8.8,15,0.50,53760.000000,0,2.1,0.0,0.0,0.0,0.0,0.0,0.0,0.0,1.0
274151,0,1,3400,-55,55,346,9.7,15,0.75,72384.000000,6,2.1,0.0,0.0,0.0,0.0,0.0,0.0,0.0,1.0
274400,0,1,3400,-55,55,341,9.2,15,0.61,91744.000000,3,2.1,0.0,0.0,8064.000000,0,0.0,0.0,0.0,1.0
274649,0,1,3400,-56,56,339,13,16,0.52,48032.000000,0,2.1,0.0,0.0,0.0,0.0,0.0,0.0,0.0,1.0
274898,0,1,3400,-56,56,344,12,15,0.96,67232.000000,10,2.1,0.0,0.0,0.0,0.0,0.0,0.0,0.0,1.0
275147,0,1,3400,-56,56,336,13,15,0.61,63936.000000,7,2.1,0.0,0.0,0.0,0.0,0.0,0.0,0.0,1.0
275396,0,1,3400,-56,56,344,12,15,0.76,61280.000000,13,2.1,0.0,0.0,12384.000000,0,0.0,0.0,0.0,1.0
275645,0,1,3400,-56,56,349,12,15,0.58,61856.000000,4,2.1,0.064,0.0,0.0,0.0,0.0,0.0,0.0,1.0
275894,0,1,3400,-56,56,353,12,16,0.70,46432.000000,4,2.1,0.0,0.0,0.0,0.0,0.0,0.0,0.0,1.0
276143,0,1,3400,-55,55,347,9.8,14,1.4,39328.000000,23,2.1,0.0,0.0,0.0,0.0,0.0,0.0,0.0,1.0
276392,0,1,3400,-55,55,340,12,15,0.96,62432.000000,4,2.1,0.0,0.0,12384.000000,0,0.0,0.0,0.0,1.0
276641,0,1,3400,-55,55,342,11,15,0.84,55040.000000,4,2.1,0.0,0.0,0.0,0.0,0.0,0.0,0.0,1.0
276890,0,1,3400,-56,56,347,12,16,0.51,37376.000000,0,2.1,0.0,0.0,0.0,0.0,0.0,0.0,0.0,1.0
277139,0,1,3400,-55,55,343,12,15,0.61,21248.000000,0,2.1,0.0,0.0,0.0,0.0,0.0,0.0,0.0,1.0
277388,0,1,3400,-56,56,344,11,14,0.65,73088.000000,9,2.1,0.0,0.0,8160.000000,0,0.0,0.0,0.0,1.0
277637,0,1,3400,-55,55,349,11,16,0.50,42880.000000,0,2.1,0.0,0.0,0.0,0.0,0.0,0.0,0.0,1.0
277886,0,1,3400,-56,56,347,13,15,1.2,46720.000000,7,2.1,0.0,0.0,0.0,0.0,0.0,0.0,0.0,1.0
278135,0,1,3400,-56,56,337,13,15,0.50,55584.000000,0,2.1,0.0,0.0,0.0,0.0,0.0,0.0,0.0,1.0
278384,0,1,3400,-56,56,343,11,15,0.51,56736.000000,4,2.1,0.064,0.0,8160.000000,0,0.0,0.0,0.0,1.0
278633,0,1,3400,-56,56,345,11,14,0.84,60256.000000,13,2.1,0.0,0.0,0.0,0.0,0.0,0.0,0.0,1.0
278882,0,1,3400,-56,56,342,11,16,0.55,32576.000000,0,2.1,0.0,0.0,0.0,0.0,0.0,0.0,0.0,1.0
279131,0,1,3400,-56,56,334,13,15,0.70,78272.000000,6,2.1,0.0,0.0,0.0,0.0,0.0,0.0,0.0,1.0
279380,0,1,3400,-56,56,337,9.1,15,0.50,42656.000000,0,2.1,0.0,0.0,13248.000000,9,0.0,0.0,0.0,1.0
279629,0,1,3400,-56,56,336,13,16,1.0,45216.000000,6,2.1,0.0,0.0,0.0,0.0,0.0,0.0,0.0,1.0
279878,0,1,3400,-56,56,339,13,15,0.65,44960.000000,6,2.1,0.0,0.0,0.0,0.0,0.0,0.0,0.0,1.0
280127,0,1,3400,-56,56,339,9.7,16,0.52,42624.000000,0,2.1,0.0,0.0,0.0,0.0,0.0,0.0,0.0,1.0
280376,0,1,3400,-55,55,342,11,16,0.68,51264.000000,4,2.1,0.0,0.0,12384.000000,0,0.0,0.0,0.0,1.0
280625,0,1,3400,-55,55,342,12,16,0.58,87712.000000,3,2.1,0.0,0.0,0.0,0.0,0.0,0.0,0.0,1.0
280874,0,1,3400,-55,55,341,12,15,0.59,62304.000000,3,2.1,0.0,0.0,0.0,0.0,0.0,0.0,0.0,1.0
281123,0,1,3400,-55,55,339,11,14,0.73,86848.000000,8,2.1,0.0,0.0,0.0,0.0,0.0,0.0,0.0,1.0
281372,0,1,3400,-56,56,342,12,16,0.87,72288.000000,3,2.1,5.5,0.0,18624.000000,47,0.0,0.0,0.0,1.0
281621,0,1,3400,-56,56,345,13,15,0.91,34752.000000,7,2.1,0.0,0.0,4000.000000,50,0.0,0.0,0.0,1.0
281870,0,1,3400,-56,56,349,9.5,15,0.66,77216.000000,3,2.1,0.0,0.0,0.0,0.0,0.0,0.0,0.0,1.0
282119,0,1,3400,-55,55,348,11,15,0.50,42624.000000,0,2.1,0.0,0.0,0.0,0.0,0.0,0.0,0.0,1.0
282368,0,1,3400,-56,56,344,12,15,0.63,91296.000000,3,2.1,2.4,0.0,114464.000000,23,0.0,0.0,0.0,1.0
282617,0,1,3400,-56,56,349,12,16,0.67,47296.000000,5,2.1,6.5,0.0,0.0,0.0,0.0,0.0,0.0,1.0
282866,0,1,3400,-55,55,349,13,15,0.99,47744.000000,14,2.1,6.5,0.0,0.0,0.0,0.0,0.0,0.0,1.0
283115,0,1,3400,-56,56,340,12,15,0.77,65664.000000,7,2.1,6.5,0.0,0.0,0.0,0.0,0.0,0.0,1.0
283364,0,1,3400,-55,55,338,12,16,0.60,59264.000000,4,2.1,4.1,0.0,12256.000000,0,0.0,0.0,0.0,1.0
283613,0,1,3400,-56,56,337,11,15,0.50,66240.000000,0,2.1,0.0,0.0,0.0,0.0,0.0,0.0,0.0,1.0
283862,0,1,3400,-56,56,340,12,15,1.0,63968.000000,13,2.1,0.0,0.0,0.0,0.0,0.0,0.0,0.0,1.0
284111,0,1,3400,-56,56,346,11,15,0.85,40160.000000,6,2.1,0.0,0.0,0.0,0.0,0.0,0.0,0.0,1.0
284360,0,1,3400,-56,56,344,10,15,0.50,10688.000000,0,2.1,2.1,0.0,24032.000000,36,0.0,0.0,0.0,1.0
284609,0,1,3400,-56,56,346,11,16,0.50,64192.000000,0,2.1,0.0,0.0,0.0,0.0,0.0,0.0,0.0,1.0
284858,0,1,3400,-56,56,345,6.6,16,0.50,11136.000000,0,2.1,0.0,0.0,0.0,0.0,0.0,0.0,0.0,1.0
285107,0,1,3400,-55,55,341,10,15,0.67,83328.000000,2,2.1,0.0,0.0,0.0,0.0,0.0,0.0,0.0,1.0
285356,0,1,3400,-55,55,339,12,15,0.73,79296.000000,10,2.1,0.0,0.0,8064.000000,0,0.0,0.0,0.0,1.0
285605,0,1,3400,-55,55,340,10.0,15,0.52,53472.000000,0,2.1,0.0,0.0,0.0,0.0,0.0,0.0,0.0,1.0
285854,0,1,3400,-55,55,345,13,16,0.56,42624.000000,0,2.1,0.0,0.0,0.0,0.0,0.0,0.0,0.0,1.0
286103,0,1,3400,-56,56,344,13,15,0.64,41984.000000,11,2.1,0.0,0.0,0.0,0.0,0.0,0.0,0.0,1.0
286352,0,1,3400,-56,56,343,12,15,0.78,55776.000000,4,2.1,0.0,0.0,12384.000000,0,0.0,0.0,0.0,1.0
286601,0,1,3400,-56,56,341,9.0,15,0.52,21632.000000,0,2.1,0.0,0.0,0.0,0.0,0.0,0.0,0.0,1.0
286850,0,1,3400,-56,56,345,10.0,15,0.50,74752.000000,0,2.1,0.0,0.0,0.0,0.0,0.0,0.0,0.0,1.0
287099,0,1,3400,-55,55,344,12,15,0.62,51584.000000,4,2.1,0.0,0.0,0.0,0.0,0.0,0.0,0.0,1.0
287348,0,1,3400,-56,56,343,12,16,0.83,75008.000000,6,2.1,0.0,0.0,8160.000000,0,0.0,0.0,0.0,1.0
287597,0,1,3400,-56,56,346,13,15,0.70,45088.000000,6,2.1,0.0,0.0,0.0,0.0,0.0,0.0,0.0,1.0
287846,0,1,3400,-55,55,344,13,16,0.61,65728.000000,4,2.1,0.0,0.0,0.0,0.0,0.0,0.0,0.0,1.0
288095,0,1,3400,-55,55,342,11,14,0.90,62432.000000,13,2.1,0.0,0.0,0.0,0.0,0.0,0.0,0.0,1.0
288344,0,1,3400,-56,56,341,11,15,0.85,42528.000000,11,2.1,0.82,0.0,7200.000000,36,0.0,0.0,0.0,1.0
288593,0,1,3400,-55,55,339,11,14,0.72,49024.000000,12,2.1,0.0,0.0,0.0,0.0,0.0,0.0,0.0,1.0
288842,0,1,3400,-56,56,339,12,15,0.54,56192.000000,4,2.1,0.0,0.0,0.0,0.0,0.0,0.0,0.0,1.0
289091,0,1,3400,-56,56,336,11,15,1.3,27328.000000,25,2.1,0.0,0.0,0.0,0.0,0.0,0.0,0.0,1.0
289340,0,1,3400,-55,55,341,9.3,15,0.50,73952.000000,0,2.1,4.7,0.0,74432.000000,50,0.0,0.0,0.0,1.0
289589,0,1,3400,-55,55,350,12,15,0.85,40096.000000,16,2.1,16,0.0,0.0,0.0,0.0,0.0,0.0,1.0
289838,0,1,3400,-55,55,347,12,14,0.71,42144.000000,11,2.1,16,0.0,0.0,0.0,0.0,0.0,0.0,1.0
290087,0,1,3400,-56,56,341,11,14,0.81,40576.000000,15,2.1,16,0.0,0.0,0.0,0.0,0.0,0.0,1.0
290336,0,1,3400,-55,55,349,10.0,14,0.87,72064.000000,11,2.1,11,0.0,8160.000000,38,0.0,0.0,0.0,1.0
290585,0,1,3400,-55,55,350,12,15,0.56,82176.000000,9,2.1,0.0,0.0,0.0,0.0,0.0,0.0,0.0,1.0
290834,0,1,3400,-56,56,349,12,15,0.50,42752.000000,0,2.1,0.0,0.0,0.0,0.0,0.0,0.0,0.0,1.0
291083,0,1,3400,-56,56,351,12,15,1.1,54016.000000,8,2.1,0.0,0.0,0.0,0.0,0.0,0.0,0.0,1.0
291332,0,1,3400,-56,56,351,12,15,0.51,48064.000000,0,2.1,0.0,0.0,16384.000000,11,0.0,0.0,0.0,1.0
291581,0,1,3400,-56,56,343,11,15,0.58,67200.000000,4,2.1,0.0,0.0,0.0,0.0,0.0,0.0,0.0,1.0
291830,0,1,3400,-56,56,338,9.4,14,0.52,29984.000000,7,2.1,0.0,0.0,0.0,0.0,0.0,0.0,0.0,1.0
292079,0,1,3400,-56,56,344,11,15,0.58,58272.000000,11,2.1,0.0,0.0,0.0,0.0,0.0,0.0,0.0,1.0
292328,0,1,3400,-56,56,343,11,15,0.91,48192.000000,9,2.1,0.0,0.0,8160.000000,0,0.0,0.0,0.0,1.0
292577,0,1,3400,-56,56,346,9.0,16,0.50,48064.000000,0,2.1,0.0,0.0,0.0,0.0,0.0,0.0,0.0,1.0
292826,0,1,3400,-56,56,355,11,15,0.71,40736.000000,5,2.1,0.0,0.0,0.0,0.0,0.0,0.0,0.0,1.0
293075,0,1,3400,-56,56,355,12,15,0.58,53696.000000,8,2.1,0.0,0.0,0.0,0.0,0.0,0.0,0.0,1.0
293324,0,1,3400,-55,55,346,10,16,0.53,71968.000000,3,2.1,0.0,0.0,12384.000000,0,0.0,0.0,0.0,1.0
293573,0,1,3400,-55,55,341,12,16,0.63,79136.000000,6,2.1,0.0,0.0,0.0,0.0,0.0,0.0,0.0,1.0
293822,0,1,3400,-56,56,340,12,15,0.75,51648.000000,12,2.1,0.064,0.0,0.0,0.0,0.0,0.0,0.0,1.0
294071,0,1,3400,-56,56,343,12,16,0.60,66976.000000,7,2.1,0.0,0.0,0.0,0.0,0.0,0.0,0.0,1.0
294320,0,1,3400,-56,56,340,11,15,0.55,93696.000000,2,2.1,0.0,0.0,8160.000000,0,0.0,0.0,0.0,1.0
294569,0,1,3400,-56,56,343,12,16,0.67,45600.000000,5,2.1,0.0,0.0,0.0,0.0,0.0,0.0,0.0,1.0
294818,0,1,3400,-56,56,346,12,15,0.52,77888.000000,3,2.1,0.0,0.0,0.0,0.0,0.0,0.0,0.0,1.0
295067,0,1,3400,-56,56,341,12,15,0.53,75968.000000,3,2.1,0.0,0.0,0.0,0.0,0.0,0.0,0.0,1.0
295316,0,1,3400,-56,56,335,11,15,0.50,55232.000000,0,2.1,0.0,0.0,12256.000000,0,0.0,0.0,0.0,1.0
295565,0,1,3400,-56,56,341,11,16,1.3,62624.000000,10,2.1,0.0,0.0,0.0,0.0,0.0,0.0,0.0,1.0
295814,0,1,3400,-56,56,346,11,15,0.96,34336.000000,17,2.1,0.064,0.0,0.0,0.0,0.0,0.0,0.0,1.0
296063,0,1,3400,-56,56,344,10,15,0.65,58016.000000,8,2.1,0.0,0.0,0.0,0.0,0.0,0.0,0.0,1.0
296312,0,1,3400,-56,56,347,11,15,0.55,56544.000000,4,2.1,0.83,0.0,11232.000000,46,0.0,0.0,0.0,1.0
296561,0,1,3400,-56,56,344,11,16,0.87,29728.000000,7,2.1,0.0,0.0,0.0,0.0,0.0,0.0,0.0,1.0
296810,0,1,3400,-56,56,343,12,15,0.81,51008.000000,5,2.1,0.0,0.0,0.0,0.0,0.0,0.0,0.0,1.0
297059,0,1,3400,-56,56,338,10,16,0.56,71904.000000,0,2.1,0.0,0.0,0.0,0.0,0.0,0.0,0.0,1.0
297308,0,1,3400,-56,56,338,9.8,15,0.53,40544.000000,0,2.1,1.4,0.0,107456.000000,20,0.0,0.0,0.0,1.0
297557,0,1,3400,-55,55,347,13,15,0.68,55424.000000,5,2.1,0.0,0.0,0.0,0.0,0.0,0.0,0.0,1.0
297806,0,1,3400,-55,55,351,12,15,1.4,48704.000000,23,2.1,0.0,0.0,0.0,0.0,0.0,0.0,0.0,1.0
298055,0,1,3400,-56,56,346,11,15,0.67,98592.000000,6,2.1,0.0,0.0,0.0,0.0,0.0,0.0,0.0,1.0
298304,0,1,3400,-56,56,345,12,15,0.86,34976.000000,17,2.1,4.7,0.0,75552.000000,48,0.0,0.0,0.0,1.0
298553,0,1,3400,-56,56,337,13,14,1.00,36736.000000,12,2.1,16,0.0,0.0,0.0,0.0,0.0,0.0,1.0
298802,0,1,3400,-55,55,339,10,15,0.51,48320.000000,0,2.1,16,0.0,0.0,0.0,0.0,0.0,0.0,1.0
299051,0,1,3400,-56,56,347,13,16,0.53,92544.000000,0,2.1,16,0.0,0.0,0.0,0.0,0.0,0.0,1.0
299300,0,1,3400,-56,56,349,12,16,0.66,51008.000000,4,2.1,7.7,0.0,12384.000000,14,0.0,0.0,0.0,1.0
299549,0,1,3400,-55,55,342,13,15,0.72,80320.000000,6,2.1,0.0,0.0,0.0,0.0,0.0,0.0,0.0,1.0
299798,0,1,3400,-56,56,344,12,14,1.2,40576.000000,18,2.1,0.0,0.0,0.0,0.0,0.0,0.0,0.0,1.0
300047,0,1,3400,-55,55,350,12,16,0.86,62816.000000,4,2.1,0.0,0.0,0.0,0.0,0.0,0.0,0.0,1.0
300296,0,1,3400,-56,56,344,11,15,0.60,91776.000000,7,2.1,0.0,0.0,8064.000000,0,0.0,0.0,0.0,1.0
300545,0,1,3400,-56,56,341,11,16,0.50,58816.000000,0,2.1,0.0,0.0,0.0,0.0,0.0,0.0,0.0,1.0
300794,0,1,3400,-56,56,341,12,16,0.54,45792.000000,5,2.1,0.0,0.0,0.0,0.0,0.0,0.0,0.0,1.0
301043,0,1,3400,-56,56,340,11,14,0.58,47584.000000,9,2.1,0.0,0.0,0.0,0.0,0.0,0.0,0.0,1.0
301292,0,1,3400,-56,56,344,11,16,0.53,74432.000000,3,2.1,2.1,0.0,24032.000000,36,0.0,0.0,0.0,1.0
301541,0,1,3400,-55,55,346,11,16,0.50,47936.000000,0,2.1,0.064,0.0,0.0,0.0,0.0,0.0,0.0,1.0
301790,0,1,3400,-56,56,344,11,16,0.54,55968.000000,0,2.1,0.0,0.0,0.0,0.0,0.0,0.0,0.0,1.0
302039,0,1,3400,-55,55,344,13,16,0.71,48192.000000,5,2.1,0.0,0.0,0.0,0.0,0.0,0.0,0.0,1.0
302288,0,1,3400,-55,55,344,12,15,0.80,72288.000000,7,2.1,0.82,0.0,9120.000000,36,0.0,0.0,0.0,1.0
302537,0,1,3400,-56,56,348,13,15,1.2,23584.000000,18,2.1,0.0,0.0,0.0,0.0,0.0,0.0,0.0,1.0
302786,0,1,3400,-56,56,345,11,15,0.61,49216.000000,9,2.1,0.0,0.0,0.0,0.0,0.0,0.0,0.0,1.0
303035,0,1,3400,-56,56,347,11,15,0.84,80736.000000,5,2.1,0.0,0.0,0.0,0.0,0.0,0.0,0.0,1.0
303284,0,1,3400,-56,56,344,12,16,0.54,74784.000000,6,2.1,0.0,0.0,20384.000000,17,0.0,0.0,0.0,1.0
303533,0,1,3400,-56,56,348,12,15,0.77,77184.000000,8,2.1,0.0,0.0,0.0,0.0,0.0,0.0,0.0,1.0
303782,0,1,3400,-56,56,350,9.8,15,0.59,58752.000000,3,2.1,0.0,0.0,0.0,0.0,0.0,0.0,0.0,1.0
304031,0,1,3400,-56,56,348,13,15,0.70,30368.000000,8,2.1,0.0,0.0,0.0,0.0,0.0,0.0,0.0,1.0
304280,0,1,3400,-56,56,342,14,15,0.53,42464.000000,0,2.1,4.9,0.0,23680.000000,40,0.0,0.0,0.0,1.0
304529,0,1,3400,-55,55,338,9.1,15,0.55,70304.000000,3,2.1,14,0.0,0.0,0.0,0.0,1.0,2.0,1.0
304778,0,1,3400,-56,56,346,10,16,0.57,48768.000000,8,2.1,14,0.0,0.0,0.0,0.0,0.0,0.0,1.0
305027,0,1,3400,-56,56,347,11,15,0.71,45216.000000,0,2.1,14,0.0,0.0,0.0,0.0,0.0,0.0,1.0
305276,0,1,3400,-56,56,348,14,15,0.63,55328.000000,5,2.1,15,0.0,175360.000000,66,0.0,0.0,0.0,1.0
305525,0,1,3400,-56,56,342,9.6,15,0.65,58624.000000,7,2.1,16,0.0,0.0,0.0,0.0,0.0,0.0,1.0
305774,0,1,3400,-56,56,344,8.3,15,0.54,35104.000000,6,2.1,16,0.0,0.0,0.0,0.0,0.0,0.0,1.0
306023,0,1,3400,-56,56,340,11,15,0.57,58432.000000,4,2.1,16,0.0,0.0,0.0,0.0,0.0,0.0,1.0
306272,0,1,3400,-56,56,340,12,15,0.54,70496.000000,3,2.1,10.0,0.0,8160.000000,0,0.0,0.0,0.0,1.0
306521,0,1,3400,-56,56,345,13,15,0.91,62304.000000,4,2.1,0.0,0.0,0.0,0.0,0.0,0.0,0.0,1.0
306770,0,1,3400,-56,56,346,12,15,0.78,36800.000000,3,2.1,0.0,0.0,0.0,0.0,0.0,0.0,0.0,1.0
307019,0,1,3400,-56,56,338,11,15,0.73,67200.000000,3,2.1,0.0,0.0,0.0,0.0,0.0,0.0,0.0,1.0
307268,0,1,3400,-55,55,346,12,15,0.57,65088.000000,4,2.1,0.0,20,0.0,80,0.0,0.0,0.0,1.0
307517,0,1,3400,-56,56,354,12,14,0.53,61632.000000,0,2.1,0.0,0.0,6432.000000,20,0.0,0.0,0.0,1.0
307766,0,1,3400,-55,55,353,12,14,0.98,34720.000000,16,2.1,0.0,0.0,0.0,0.0,0.0,0.0,0.0,1.0
308015,0,1,3400,-56,56,345,12,15,0.55,57024.000000,0,2.1,0.0,0.0,0.0,0.0,0.0,0.0,0.0,1.0
308264,0,1,3400,-55,55,342,13,16,0.50,21376.000000,0,2.1,0.82,0.0,10464.000000,36,0.0,0.0,0.0,1.0
308513,0,1,3400,-56,56,341,11,15,0.61,56384.000000,4,2.1,0.0,0.0,0.0,0.0,0.0,0.0,0.0,1.0
308762,0,1,3400,-55,55,343,13,16,0.50,74688.000000,0,2.1,0.0,0.0,0.0,0.0,0.0,0.0,0.0,1.0
309011,0,1,3400,-56,56,343,12,15,0.75,47328.000000,10,2.1,0.0,0.0,0.0,0.0,0.0,0.0,0.0,1.0
309260,0,1,3400,-56,56,343,9.7,15,0.96,32064.000000,0,2.1,0.0,0.0,8160.000000,17,0.0,0.0,0.0,1.0
309509,0,1,3400,-56,56,337,10,15,0.75,56672.000000,3,2.1,0.064,0.0,0.0,0.0,0.0,0.0,0.0,1.0
309758,0,1,3400,-56,56,342,11,15,0.95,77792.000000,9,2.1,0.0,0.0,0.0,0.0,0.0,0.0,0.0,1.0
310007,0,1,3400,-56,56,346,12,15,0.53,69696.000000,0,2.1,0.0,0.0,0.0,0.0,0.0,0.0,0.0,1.0
310256,0,1,3400,-56,56,354,13,16,0.50,47872.000000,0,2.1,3.3,0.0,114464.000000,29,0.0,0.0,0.0,1.0
310505,0,1,3400,-56,56,351,12,15,0.97,59872.000000,13,2.1,6.5,0.0,0.0,0.0,0.0,0.0,0.0,1.0
310754,0,1,3400,-56,56,346,11,15,0.65,59200.000000,0,2.1,6.5,0.0,0.0,0.0,0.0,0.0,0.0,1.0
311003,0,1,3400,-56,56,334,10,14,1.1,49440.000000,15,2.1,6.5,0.0,0.0,0.0,0.0,0.0,0.0,1.0
311252,0,1,3400,-55,55,336,7.0,15,0.50,29408.000000,0,2.1,4.2,0.0,8064.000000,0,0.0,0.0,0.0,1.0
311501,0,1,3400,-56,56,337,12,15,0.67,47936.000000,5,2.1,0.0,0.0,0.0,0.0,0.0,0.0,0.0,1.0
311750,0,1,3400,-55,55,346,9.9,15,0.50,49024.000000,0,2.1,0.13,0.0,0.0,0.0,0.0,0.0,0.0,1.0
311999,0,1,3400,-56,56,345,12,15,0.58,24288.000000,9,2.1,0.0,0.0,0.0,0.0,0.0,0.0,0.0,1.0
312248,0,1,3400,-55,55,349,11,15,0.54,56160.000000,4,2.1,0.0,0.0,8160.000000,17,0.0,0.0,0.0,1.0
312497,0,1,3400,-55,55,350,11,15,0.50,64544.000000,0,2.1,0.064,0.0,0.0,0.0,0.0,0.0,0.0,1.0
312746,0,1,3400,-56,56,348,11,15,0.69,45920.000000,12,2.1,0.0,0.0,0.0,0.0,0.0,0.0,0.0,1.0
312995,0,1,3400,-56,56,341,9.8,15,0.58,37664.000000,0,2.1,0.0,0.0,0.0,0.0,0.0,0.0,0.0,1.0
313244,0,1,3400,-56,56,343,11,15,0.55,69824.000000,2,2.1,0.0,0.0,8160.000000,0,0.0,0.0,0.0,1.0
313493,0,1,3400,-56,56,347,11,15,0.52,66656.000000,0,2.1,0.0,0.0,0.0,0.0,0.0,0.0,0.0,1.0
313742,0,1,3400,-56,56,344,11,15,0.57,53376.000000,0,2.1,0.0,0.0,0.0,0.0,0.0,0.0,0.0,1.0
313991,0,1,3400,-56,56,342,13,15,0.61,45600.000000,15,2.1,0.0,0.0,0.0,0.0,0.0,0.0,0.0,1.0
314240,0,1,3400,-55,55,344,10,15,0.72,88480.000000,5,2.1,2.3,0.0,38368.000000,26,0.0,0.0,0.0,1.0
314489,0,1,3400,-56,56,340,11,15,0.99,56256.000000,13,2.1,6.5,0.0,0.0,0.0,0.0,0.0,0.0,1.0
314738,0,1,3400,-56,56,339,12,15,0.57,64096.000000,4,2.1,6.5,0.0,0.0,0.0,0.0,0.0,0.0,1.0
314987,0,1,3400,-56,56,344,12,15,0.92,58880.000000,4,2.1,6.5,0.0,0.0,0.0,0.0,0.0,0.0,1.0
315236,0,1,3400,-56,56,343,12,15,0.95,37568.000000,10,2.1,5.3,0.0,8160.000000,17,0.0,0.0,0.0,1.0
315485,0,1,3400,-56,56,345,13,15,0.81,35040.000000,7,2.1,0.0,0.0,0.0,0.0,0.0,0.0,0.0,1.0
315734,0,1,3400,-56,56,346,12,15,0.56,42688.000000,0,2.1,0.0,0.0,0.0,0.0,0.0,0.0,0.0,1.0
315983,0,1,3400,-56,56,339,12,15,0.50,37440.000000,0,2.1,0.0,0.0,0.0,0.0,0.0,0.0,0.0,1.0
316232,0,1,3400,-56,56,341,12,15,0.55,42688.000000,0,2.1,0.82,0.0,11232.000000,36,0.0,0.0,0.0,1.0
316481,0,1,3400,-56,56,343,12,15,0.54,51680.000000,5,2.1,0.0,0.0,0.0,0.0,0.0,0.0,0.0,1.0
316730,0,1,3400,-56,56,350,12,15,0.67,59904.000000,15,2.1,0.0,0.0,0.0,0.0,0.0,0.0,0.0,1.0
316979,0,1,3400,-55,55,348,11,15,0.50,42560.000000,0,2.1,0.0,0.0,0.0,0.0,0.0,0.0,0.0,1.0
317228,0,1,3400,-56,56,343,11,15,0.54,63360.000000,7,2.1,0.064,0.0,12384.000000,0,0.0,0.0,0.0,1.0
317477,0,1,3400,-55,55,342,12,15,0.61,127616.000000,4,2.1,0.0,0.0,0.0,0.0,0.0,0.0,0.0,1.0
317726,0,1,3400,-56,56,345,10,15,0.75,64512.000000,9,2.1,0.064,0.0,0.0,0.0,0.0,0.0,0.0,1.0
317975,0,1,3400,-56,56,346,13,15,0.50,42688.000000,0,2.1,0.0,0.0,0.0,0.0,0.0,0.0,0.0,1.0
318224,0,1,3400,-56,56,345,9.3,15,0.61,58432.000000,6,2.1,0.056,0.0,34912.000000,25,0.0,0.0,0.0,1.0
318473,0,1,3400,-55,55,342,12,15,0.88,48960.000000,9,2.1,0.0,0.0,0.0,0.0,0.0,0.0,0.0,1.0
318722,0,1,3400,-56,56,346,12,15,1.2,18464.000000,27,2.1,0.0,0.0,0.0,0.0,0.0,0.0,0.0,1.0
318971,0,1,3400,-55,55,348,9.8,15,0.51,43840.000000,4,2.1,0.0,0.0,0.0,0.0,0.0,0.0,0.0,1.0
319220,0,1,3400,-56,56,351,10.0,14,1.0,46144.000000,19,2.1,0.13,0.0,8160.000000,0,0.0,1.0,18,1.0
319469,0,1,3400,-55,55,341,12,15,0.53,64064.000000,0,2.1,0.0,0.0,0.0,0.0,0.0,0.0,0.0,1.0
319718,0,1,3400,-55,55,343,11,14,0.53,81248.000000,5,2.1,0.0,0.0,0.0,0.0,0.0,0.0,0.0,1.0
319967,0,1,3400,-55,55,341,10,15,0.50,69696.000000,0,2.1,0.0,0.0,0.0,0.0,0.0,0.0,0.0,1.0
320216,0,1,3400,-56,56,345,12,15,0.89,89472.000000,8,2.1,0.0,0.0,8160.000000,0,0.0,0.0,0.0,1.0
320465,0,1,3400,-56,56,347,13,15,0.67,50784.000000,10,2.1,0.0,0.0,0.0,0.0,0.0,0.0,0.0,1.0
320714,0,1,3400,-55,55,349,12,15,0.62,39072.000000,0,2.1,0.0,0.0,0.0,0.0,0.0,0.0,0.0,1.0
320963,0,1,3400,-56,56,347,11,16,0.50,48928.000000,0,2.1,0.0,0.0,0.0,0.0,0.0,0.0,0.0,1.0
321212,0,1,3400,-56,56,344,13,16,1.1,55584.000000,5,2.1,5.0,0.0,8928.000000,0,0.0,0.0,0.0,1.0
321461,0,1,3400,-56,56,337,12,14,1.2,84864.000000,6,2.1,14,0.0,0.0,0.0,0.0,0.0,0.0,1.0
321710,0,1,3400,-56,56,341,13,15,0.84,58048.000000,8,2.1,14,0.0,0.0,0.0,0.0,0.0,0.0,1.0
321959,0,1,3400,-56,56,340,12,16,0.50,31936.000000,0,2.1,14,0.0,0.0,0.0,0.0,0.0,0.0,1.0
322208,0,1,3400,-55,55,339,7.5,15,0.72,43584.000000,4,2.1,9.0,0.0,8000.000000,12,0.0,0.0,0.0,1.0
322457,0,1,3400,-55,55,341,8.7,16,0.50,38208.000000,0,2.1,0.0,0.0,0.0,0.0,0.0,0.0,0.0,1.0
322706,0,1,3400,-56,56,341,12,15,0.51,56160.000000,0,2.1,0.0,0.0,0.0,0.0,0.0,0.0,0.0,1.0
322955,0,1,3400,-55,55,344,12,15,0.78,44896.000000,21,2.1,0.0,0.0,0.0,0.0,0.0,0.0,0.0,1.0
323204,0,1,3400,-56,56,340,11,15,1.0,45056.000000,14,2.1,0.0,0.0,12256.000000,0,0.0,0.0,0.0,1.0
323453,0,1,3400,-56,56,335,14,15,0.67,42560.000000,0,2.1,0.0,0.0,0.0,0.0,0.0,0.0,0.0,1.0
323702,0,1,3400,-56,56,343,11,15,0.58,32000.000000,0,2.1,0.0,0.0,0.0,0.0,0.0,0.0,0.0,1.0
323951,0,1,3400,-56,56,344,8.9,15,0.51,81152.000000,2,2.1,0.0,0.0,0.0,0.0,0.0,0.0,0.0,1.0
324200,0,1,3400,-55,55,340,13,15,0.65,45152.000000,10,2.1,2.1,0.0,24032.000000,36,0.0,0.0,0.0,1.0
324449,0,1,3400,-56,56,336,12,15,0.70,69152.000000,3,2.1,0.0,0.0,0.0,0.0,0.0,0.0,0.0,1.0
324698,0,1,3400,-56,56,339,12,15,0.77,55776.000000,4,2.1,0.0,0.0,0.0,0.0,0.0,0.0,0.0,1.0
324947,0,1,3400,-56,56,345,12,15,1.1,40448.000000,6,2.1,0.0,0.0,0.0,0.0,0.0,0.0,0.0,1.0
325196,0,1,3400,-56,56,347,11,16,0.67,62176.000000,4,2.1,3.0,0.0,0.0,80,0.0,0.0,0.0,1.0
325445,0,1,3400,-56,56,345,10,15,0.71,77344.000000,6,2.1,7.5,0.0,0.0,0.0,0.0,0.0,0.0,1.0
325694,0,1,3400,-56,56,346,11,15,0.55,44512.000000,0,2.1,7.5,0.0,0.0,0.0,0.0,0.0,0.0,1.0
325943,0,1,3400,-56,56,347,11,15,0.63,66784.000000,10,2.1,7.5,0.0,0.0,0.0,0.0,0.0,0.0,1.0
326192,0,1,3400,-56,56,346,12,15,0.64,52832.000000,8,2.1,6.6,0.0,114464.000000,35,0.0,0.0,0.0,1.0
326441,0,1,3400,-56,56,345,11,15,0.67,75584.000000,5,2.1,0.0,0.0,0.0,0.0,0.0,0.0,0.0,1.0
326690,0,1,3400,-56,56,348,9.0,15,0.51,40480.000000,5,2.1,0.0,0.0,0.0,0.0,0.0,0.0,0.0,1.0
326939,0,1,3400,-56,56,347,11,15,0.96,71776.000000,9,2.1,0.0,0.0,0.0,0.0,0.0,0.0,0.0,1.0
327188,0,1,3400,-56,56,348,12,15,0.67,45024.000000,5,2.1,0.0,0.0,8160.000000,0,0.0,0.0,0.0,1.0
327437,0,1,3400,-56,56,348,8.5,15,0.51,79008.000000,0,2.1,0.0,0.0,0.0,0.0,0.0,0.0,0.0,1.0
327686,0,1,3400,-55,55,344,10,16,0.55,75904.000000,0,2.1,0.064,0.0,0.0,0.0,0.0,1.0,1.0,1.0
327935,0,1,3400,-55,55,347,11,15,0.61,34336.000000,12,2.1,0.0,0.0,0.0,0.0,0.0,0.0,0.0,1.0
328184,0,1,3400,-56,56,346,12,16,0.65,81088.000000,3,2.1,0.0,0.0,8160.000000,17,0.0,0.0,0.0,1.0
328433,0,1,3400,-56,56,345,12,16,0.99,56128.000000,12,2.1,0.0,0.0,0.0,0.0,0.0,0.0,0.0,1.0
328682,0,1,3400,-55,55,345,8.9,14,0.54,76832.000000,5,2.1,0.0,0.0,0.0,0.0,0.0,0.0,0.0,1.0
328931,0,1,3400,-56,56,346,10,15,0.88,75744.000000,10,2.1,0.0,0.0,0.0,0.0,0.0,0.0,0.0,1.0
329180,0,1,3400,-56,56,342,10.0,14,0.59,128448.000000,2,2.1,7.2,0.0,8384.000000,44,0.0,0.0,0.0,1.0
329429,0,1,3400,-56,56,344,9.9,15,0.55,54656.000000,0,2.1,14,0.0,0.0,0.0,0.0,0.0,0.0,1.0
329678,0,1,3400,-55,55,344,12,16,0.53,44896.000000,11,2.1,14,0.0,0.0,0.0,0.0,0.0,0.0,1.0
329927,0,1,3400,-56,56,348,13,15,0.72,55712.000000,9,2.1,14,0.0,0.0,0.0,0.0,1.0,39,1.0
330176,0,1,3400,-55,55,347,10,15,0.57,56448.000000,4,2.1,8.8,0.0,15712.000000,0,0.0,0.0,0.0,1.0
330425,0,1,3400,-55,55,346,11,15,0.70,45792.000000,5,2.1,0.0,0.0,0.0,0.0,0.0,0.0,0.0,1.0
330674,0,1,3400,-55,55,345,11,15,0.51,56608.000000,4,2.1,0.0,0.0,0.0,0.0,0.0,0.0,0.0,1.0
330923,0,1,3400,-56,56,345,12,15,0.50,59040.000000,0,2.1,0.0,0.0,0.0,0.0,0.0,0.0,0.0,1.0
331172,0,1,3400,-56,56,346,12,16,0.63,45408.000000,15,2.1,0.0,0.0,8160.000000,0,0.0,0.0,0.0,1.0
331421,0,1,3400,-56,56,342,13,15,1.2,48704.000000,10,2.1,0.0,0.0,0.0,0.0,0.0,0.0,0.0,1.0
331670,0,1,3400,-56,56,340,11,15,0.50,61664.000000,0,2.1,0.0,0.0,0.0,0.0,0.0,0.0,0.0,1.0
331919,0,1,3400,-56,56,347,12,15,0.91,41984.000000,10,2.1,0.0,0.0,0.0,0.0,0.0,0.0,0.0,1.0
332168,0,1,3400,-55,55,347,9.6,15,1.0,50880.000000,11,2.1,0.032,0.0,4384.000000,0,0.0,0.0,0.0,1.0
332417,0,1,3400,-56,56,352,13,15,0.88,49536.000000,5,2.1,16,0.0,170976.000000,71,0.0,0.0,0.0,1.0
332666,0,1,3400,-56,56,346,12,15,0.91,66560.000000,4,2.1,16,0.0,0.0,0.0,0.0,1.0,1.0,1.0
332915,0,1,3400,-56,56,342,12,16,0.53,44512.000000,9,2.1,16,0.0,0.0,0.0,0.0,0.0,0.0,1.0
333164,0,1,3400,-56,56,343,10,15,0.55,75904.000000,2,2.1,10.0,0.0,16384.000000,11,0.0,0.0,0.0,1.0
333413,0,1,3400,-56,56,351,9.3,15,0.80,23872.000000,21,2.1,0.0,0.0,0.0,0.0,0.0,0.0,0.0,1.0
333662,0,1,3400,-55,55,348,11,15,0.64,36864.000000,6,2.1,0.064,0.0,0.0,0.0,0.0,0.0,0.0,1.0
333911,0,1,3400,-56,56,345,11,15,0.93,29216.000000,7,2.1,0.0,0.0,0.0,0.0,0.0,0.0,0.0,1.0
334160,0,1,3400,-56,56,341,11,15,0.71,72768.000000,8,2.1,0.064,0.0,41472.000000,16,0.0,0.0,0.0,1.0
334409,0,1,3400,-56,56,344,11,15,0.60,64256.000000,0,2.1,0.0,0.0,0.0,0.0,0.0,0.0,0.0,1.0
334658,0,1,3400,-56,56,342,10,15,0.67,45920.000000,4,2.1,0.19,0.0,0.0,0.0,0.0,0.0,0.0,1.0
334907,0,1,3400,-55,55,346,8.3,15,0.88,48928.000000,2,2.1,0.0,0.0,0.0,0.0,0.0,0.0,0.0,1.0
335156,0,1,3400,-55,55,350,12,15,0.76,39776.000000,17,2.1,0.82,0.0,11232.000000,36,0.0,0.0,0.0,1.0
335405,0,1,3400,-56,56,348,10,15,0.50,53920.000000,0,2.1,0.0,0.0,0.0,0.0,0.0,0.0,0.0,1.0
335654,0,1,3400,-56,56,351,11,15,0.95,70176.000000,6,2.1,0.13,0.0,0.0,0.0,0.0,0.0,0.0,1.0
335903,0,1,3400,-56,56,344,11,15,0.60,53440.000000,5,2.1,0.0,0.0,0.0,0.0,0.0,0.0,0.0,1.0
336152,0,1,3400,-56,56,344,11,14,1.3,88512.000000,2,2.1,0.064,0.0,8160.000000,0,0.0,0.0,0.0,1.0
336401,0,1,3400,-56,56,349,8.7,14,0.50,13088.000000,0,2.1,0.0,0.0,0.0,0.0,0.0,0.0,0.0,1.0
336650,0,1,3400,-55,55,345,11,16,0.50,31904.000000,0,2.1,0.0,0.0,0.0,0.0,0.0,0.0,0.0,1.0
336899,0,1,3400,-56,56,341,12,15,0.85,42560.000000,11,2.1,0.064,0.0,0.0,0.0,0.0,0.0,0.0,1.0
337148,0,1,3400,-56,56,346,11,14,1.2,40192.000000,5,2.1,2.4,0.0,34688.000000,20,0.0,0.0,0.0,1.0
337397,0,1,3400,-56,56,347,13,16,0.61,50272.000000,5,2.1,6.5,0.0,0.0,0.0,0.0,0.0,0.0,1.0
337646,0,1,3400,-56,56,344,12,15,0.84,61152.000000,4,2.1,6.5,0.0,0.0,0.0,0.0,0.0,0.0,1.0
337895,0,1,3400,-56,56,338,13,16,0.50,32128.000000,0,2.1,6.5,0.0,0.0,0.0,0.0,0.0,0.0,1.0
338144,0,1,3400,-56,56,343,14,15,0.51,26336.000000,0,2.1,9.7,0.0,52896.000000,70,0.0,0.0,0.0,1.0
338393,0,1,3400,-55,55,345,9.0,15,0.78,53088.000000,10,2.1,16,0.0,0.0,0.0,0.0,0.0,0.0,1.0
338642,0,1,3400,-55,55,344,13,15,0.58,47936.000000,0,2.1,16,0.0,0.0,0.0,0.0,0.0,0.0,1.0
338891,0,1,3400,-56,56,346,9.5,16,0.94,40416.000000,5,2.1,16,0.0,0.0,0.0,0.0,0.0,0.0,1.0
339140,0,1,3400,-56,56,349,9.6,16,0.54,64608.000000,0,2.1,10.0,0.0,12384.000000,0,0.0,0.0,0.0,1.0
339389,0,1,3400,-56,56,347,12,15,0.70,81888.000000,3,2.1,0.0,0.0,0.0,0.0,0.0,0.0,0.0,1.0
339638,0,1,3400,-56,56,345,13,15,0.51,24736.000000,9,2.1,0.0,0.0,0.0,0.0,0.0,0.0,0.0,1.0
339887,0,1,3400,-56,56,343,12,14,0.50,32000.000000,0,2.1,0.0,0.0,0.0,0.0,0.0,0.0,0.0,1.0
340136,0,1,3400,-56,56,342,11,15,0.50,56416.000000,0,2.1,0.0,0.0,12384.000000,0,0.0,0.0,0.0,1.0
340385,0,1,3400,-55,55,344,12,15,0.51,58688.000000,0,2.1,0.0,0.0,0.0,0.0,0.0,0.0,0.0,1.0
340634,0,1,3400,-56,56,339,13,15,0.79,58688.000000,8,2.1,0.0,0.0,0.0,0.0,0.0,0.0,0.0,1.0
340883,0,1,3400,-56,56,348,9.5,14,0.51,75776.000000,3,2.1,0.0,0.0,0.0,0.0,0.0,0.0,0.0,1.0
341132,0,1,3400,-56,56,343,12,15,0.51,74144.000000,3,2.1,1.2,0.0,17280.000000,25,0.0,0.0,0.0,1.0
341381,0,1,3400,-56,56,342,12,15,1.1,91648.000000,11,2.1,8.0,0.0,0.0,0.0,0.0,0.0,0.0,1.0
341630,0,1,3400,-55,55,348,7.9,15,0.59,31040.000000,10,2.1,8.0,0.0,0.0,0.0,0.0,0.0,0.0,1.0
341879,0,1,3400,-56,56,346,12,16,0.50,65376.000000,0,2.1,8.0,0.0,0.0,0.0,0.0,0.0,0.0,1.0
342128,0,1,3400,-55,55,345,9.7,15,0.66,32736.000000,6,2.1,6.5,0.0,21344.000000,0,0.0,0.0,0.0,1.0
342377,0,1,3400,-56,56,344,9.7,15,0.50,37760.000000,0,2.1,0.0,0.0,0.0,0.0,0.0,0.0,0.0,1.0
342626,0,1,3400,-55,55,342,8.5,16,0.50,26720.000000,0,2.1,0.0,0.0,0.0,0.0,0.0,0.0,0.0,1.0
342875,0,1,3400,-56,56,349,12,15,0.50,69376.000000,0,2.1,0.0,0.0,0.0,0.0,0.0,0.0,0.0,1.0
343124,0,1,3400,-56,56,352,12,15,0.95,68384.000000,9,2.1,0.0,0.0,8000.000000,12,0.0,0.0,0.0,1.0
343373,0,1,3400,-55,55,340,10,15,0.57,26720.000000,0,2.1,0.0,0.0,0.0,0.0,0.0,0.0,0.0,1.0
343622,0,1,3400,-55,55,343,10,14,0.71,61024.000000,7,2.1,0.0,0.0,0.0,0.0,0.0,0.0,0.0,1.0
343871,0,1,3400,-56,56,350,9.9,15,1.2,51520.000000,11,2.1,0.0,0.0,0.0,0.0,0.0,0.0,0.0,1.0
344120,0,1,3400,-56,56,344,10,15,0.57,61728.000000,3,2.1,0.0,0.0,8160.000000,0,0.0,0.0,0.0,1.0
344369,0,1,3400,-56,56,344,11,15,0.70,60416.000000,4,2.1,0.0,0.0,0.0,0.0,0.0,0.0,0.0,1.0
344618,0,1,3400,-55,55,344,12,15,0.50,72544.000000,0,2.1,0.0,0.0,0.0,0.0,0.0,0.0,0.0,1.0
344867,0,1,3400,-56,56,340,11,16,0.64,63232.000000,3,2.1,0.0,0.0,0.0,0.0,0.0,0.0,0.0,1.0
345116,0,1,3400,-55,55,347,11,16,0.52,87552.000000,3,2.1,3.5,0.0,22912.000000,0,0.0,0.0,0.0,1.0
345365,0,1,3400,-56,56,345,12,15,0.70,69472.000000,3,2.1,7.0,0.0,0.0,0.0,0.0,0.0,0.0,1.0
345614,0,1,3400,-55,55,349,12,15,0.75,61504.000000,0,2.1,7.0,0.0,0.0,0.0,0.0,0.0,0.0,1.0
345863,0,1,3400,-55,55,349,11,15,0.50,58656.000000,0,2.1,7.0,0.0,0.0,0.0,0.0,0.0,0.0,1.0
346112,0,1,3400,-55,55,346,11,15,0.54,50784.000000,0,2.1,9.4,0.0,23488.000000,0,0.0,0.0,0.0,1.0
346361,0,1,3400,-55,55,349,12,15,0.50,74560.000000,0,2.1,13,0.0,0.0,0.0,0.0,0.0,0.0,1.0
346610,0,1,3400,-56,56,349,11,15,0.54,50592.000000,4,2.1,14,0.0,0.0,0.0,0.0,0.0,0.0,1.0
346859,0,1,3400,-56,56,348,12,16,0.71,88384.000000,3,2.1,13,0.0,0.0,0.0,0.0,0.0,0.0,1.0
347108,0,1,3400,-55,55,346,11,14,1.2,78720.000000,8,2.1,13,0.0,23904.000000,36,0.0,0.0,0.0,1.0
347357,0,1,3400,-56,56,347,12,16,0.50,48000.000000,0,2.1,0.0,0.0,0.0,0.0,0.0,0.0,0.0,1.0
347606,0,1,3400,-56,56,349,13,15,0.83,63424.000000,8,2.1,0.0,0.0,0.0,0.0,0.0,0.0,0.0,1.0
347855,0,1,3400,-56,56,348,13,15,0.63,44960.000000,11,2.1,0.0,0.0,0.0,0.0,0.0,0.0,0.0,1.0
348104,0,1,3400,-56,56,343,8.2,15,1.0,49344.000000,10,2.1,5.2,0.0,158560.000000,62,0.0,0.0,0.0,1.0
348353,0,1,3400,-55,55,338,12,15,0.53,71296.000000,0,2.1,16,0.0,0.0,0.0,0.0,0.0,0.0,1.0
348602,0,1,3400,-56,56,338,11,15,0.86,69216.000000,12,2.1,16,0.0,0.0,0.0,0.0,0.0,0.0,1.0
348851,0,1,3400,-56,56,343,10,14,0.57,67488.000000,3,2.1,16,0.0,0.0,0.0,0.0,0.0,0.0,1.0
349100,0,1,3400,-56,56,344,9.5,14,0.53,72320.000000,3,2.1,10,0.0,16608.000000,44,0.0,1.0,3.0,1.0
349349,0,1,3400,-55,55,340,9.8,14,0.79,75936.000000,10,2.1,0.0,0.0,0.0,0.0,0.0,0.0,0.0,1.0
349598,0,1,3400,-56,56,341,12,14,1.0,42752.000000,13,2.1,0.0,0.0,0.0,0.0,0.0,0.0,0.0,1.0
349847,0,1,3400,-56,56,344,9.9,14,0.82,86368.000000,1,2.1,0.19,0.0,0.0,0.0,0.0,1.0,0.0,1.0
350096,0,1,3400,-56,56,344,11,16,0.63,54016.000000,0,2.1,1.5,0.0,9184.000000,57,0.0,0.0,0.0,1.0
350345,0,1,3400,-56,56,342,12,15,0.50,64000.000000,0,2.1,0.0,0.0,0.0,0.0,0.0,0.0,0.0,1.0
350594,0,1,3400,-55,55,346,11,15,0.63,29088.000000,8,2.1,0.0,0.0,0.0,0.0,0.0,0.0,0.0,1.0
350843,0,1,3400,-56,56,353,9.5,14,0.79,92640.000000,4,2.1,0.0,0.0,0.0,0.0,0.0,0.0,0.0,1.0
351092,0,1,3400,-56,56,348,12,15,1.7,42368.000000,11,2.1,5.2,0.0,86016.000000,33,0.0,0.0,0.0,1.0
351341,0,1,3400,-56,56,354,12,15,0.51,45568.000000,5,2.1,14,0.0,0.0,0.0,0.0,0.0,0.0,1.0
351590,0,1,3400,-55,55,353,10,15,0.63,95872.000000,0,2.1,14,0.0,0.0,0.0,0.0,0.0,0.0,1.0
351839,0,1,3400,-56,56,346,11,15,0.50,74848.000000,0,2.1,14,0.0,0.0,0.0,0.0,0.0,0.0,1.0
352088,0,1,3400,-55,55,341,11,14,0.68,64064.000000,6,2.1,15,80,3616.000000,33,0.0,0.0,0.0,1.0
352337,0,1,3400,-55,55,344,10,15,0.72,64608.000000,7,2.1,14,0.0,8768.000000,0,0.0,0.0,0.0,1.0
352586,0,1,3400,-55,55,347,10,15,0.56,45728.000000,5,2.1,0.0,0.0,0.0,0.0,0.0,0.0,0.0,1.0
352835,0,1,3400,-56,56,351,9.1,15,0.91,72704.000000,3,2.1,0.0,0.0,0.0,0.0,0.0,0.0,0.0,1.0
353084,0,1,3400,-56,56,348,8.9,15,0.51,29792.000000,6,2.1,0.84,0.0,103392.000000,39,0.0,0.0,0.0,1.0
353333,0,1,3400,-56,56,346,13,15,0.93,43456.000000,11,2.1,0.0,0.0,0.0,0.0,0.0,0.0,0.0,1.0
353582,0,1,3400,-56,56,337,12,15,0.56,55680.000000,4,2.1,0.0,0.0,0.0,0.0,0.0,0.0,0.0,1.0
353831,0,1,3400,-56,56,338,12,15,0.54,59200.000000,0,2.1,0.0,0.0,0.0,0.0,0.0,0.0,0.0,1.0
354080,0,1,3400,-56,56,345,13,16,0.75,36736.000000,12,2.1,0.0,0.0,8160.000000,0,0.0,0.0,0.0,1.0
354329,0,1,3400,-56,56,347,10,15,0.53,38144.000000,10,2.1,0.0,0.0,0.0,0.0,0.0,0.0,0.0,1.0
354578,0,1,3400,-56,56,347,8.8,15,0.51,51360.000000,4,2.1,0.0,0.0,0.0,0.0,0.0,0.0,0.0,1.0
354827,0,1,3400,-55,55,346,12,15,0.50,42752.000000,0,2.1,0.0,0.0,0.0,0.0,0.0,0.0,0.0,1.0
355076,0,1,3400,-56,56,350,13,15,0.50,26240.000000,0,2.1,0.0,0.0,8160.000000,38,0.0,0.0,0.0,1.0
355325,0,1,3400,-56,56,350,11,14,0.77,53696.000000,7,2.1,0.0,0.0,0.0,0.0,0.0,0.0,0.0,1.0
355574,0,1,3400,-55,55,344,13,15,0.95,42624.000000,10,2.1,0.0,0.0,0.0,0.0,0.0,0.0,0.0,1.0
355823,0,1,3400,-55,55,347,10,15,0.70,54080.000000,8,2.1,0.0,0.0,0.0,0.0,0.0,0.0,0.0,1.0
356072,0,1,3400,-56,56,344,12,15,0.53,29696.000000,7,2.1,0.0,186,0.0,0.0,0.0,0.0,0.0,1.0
356321,0,1,3400,-56,56,345,13,15,0.70,38208.000000,18,2.1,0.0,0.0,8160.000000,0,0.0,0.0,0.0,1.0
356570,0,1,3400,-55,55,351,9.3,15,0.73,26560.000000,15,2.1,0.0,0.0,0.0,0.0,0.0,0.0,0.0,1.0
356819,0,1,3400,-55,55,350,11,14,1.5,55616.000000,21,2.1,0.0,0.0,0.0,0.0,0.0,0.0,0.0,1.0
357068,0,1,3400,-56,56,347,11,15,1.4,51584.000000,12,2.1,0.0,0.0,8160.000000,29,0.0,0.0,0.0,1.0
357317,0,1,3400,-55,55,340,11,15,0.64,32032.000000,3,2.1,0.0,0.0,0.0,0.0,0.0,0.0,0.0,1.0
357566,0,1,3400,-55,55,345,9.2,15,0.57,60064.000000,6,2.1,0.0,0.0,0.0,0.0,0.0,0.0,0.0,1.0
357815,0,1,3400,-56,56,339,10,14,1.2,36864.000000,11,2.1,0.0,0.0,0.0,0.0,0.0,0.0,0.0,1.0
358064,0,1,3400,-56,56,342,9.8,16,0.50,37312.000000,0,2.1,0.0,0.0,8160.000000,0,0.0,0.0,0.0,1.0
358313,0,1,3400,-55,55,346,10,14,0.53,62720.000000,3,2.1,0.0,0.0,0.0,0.0,0.0,0.0,0.0,1.0
358562,0,1,3400,-55,55,345,8.7,15,0.51,62592.000000,6,2.1,0.0,0.0,0.0,0.0,0.0,0.0,0.0,1.0
358811,0,1,3400,-56,56,344,11,14,0.84,92160.000000,6,2.1,0.0,0.0,0.0,0.0,0.0,0.0,0.0,1.0
359060,0,1,3400,-56,56,341,10,15,0.51,55904.000000,4,2.1,0.88,0.0,11232.000000,36,0.0,0.0,0.0,1.0
359309,0,1,3400,-55,55,341,11,15,0.90,56608.000000,3,2.1,0.0,0.0,0.0,0.0,0.0,0.0,0.0,1.0
359558,0,1,3400,-56,56,342,11,15,0.85,39680.000000,22,2.1,0.0,0.0,0.0,0.0,0.0,0.0,0.0,1.0
359807,0,1,3400,-56,56,346,13,15,0.66,65024.000000,10,2.1,0.0,0.0,0.0,0.0,0.0,0.0,0.0,1.0
360056,0,1,3400,-56,56,345,11,14,0.94,58144.000000,20,2.1,0.0,0.0,8160.000000,0,0.0,0.0,0.0,1.0
360305,0,1,3400,-56,56,346,11,14,0.65,59616.000000,3,2.1,0.0,0.0,0.0,0.0,0.0,0.0,0.0,1.0
360554,0,1,3400,-56,56,347,12,15,0.50,26880.000000,8,2.1,0.0,0.0,0.0,0.0,0.0,0.0,0.0,1.0
360803,0,1,3400,-56,56,349,10,15,0.98,64736.000000,10,2.1,0.0,0.0,0.0,0.0,0.0,0.0,0.0,1.0
361052,0,1,3400,-55,55,344,11,16,0.50,60736.000000,0,2.1,5.7,0.0,154656.000000,59,0.0,0.0,0.0,1.0
361301,0,1,3400,-56,56,346,11,15,1.0,63200.000000,12,2.1,16,0.0,0.0,0.0,0.0,0.0,0.0,1.0
361550,0,1,3400,-55,55,348,10,15,0.67,47584.000000,12,2.1,16,0.0,0.0,0.0,0.0,0.0,0.0,1.0
361799,0,1,3400,-55,55,348,13,15,1.1,39648.000000,12,2.1,16,0.0,0.0,0.0,0.0,0.0,0.0,1.0
362048,0,1,3400,-56,56,346,12,14,0.50,86368.000000,0,2.1,7.4,0.0,13248.000000,17,0.0,0.0,0.0,1.0
362297,0,1,3400,-56,56,353,9.4,15,0.52,40608.000000,4,2.1,0.0,0.0,0.0,0.0,0.0,0.0,0.0,1.0
362546,0,1,3400,-55,55,342,12,16,0.64,65824.000000,4,2.1,0.0,0.0,0.0,0.0,0.0,0.0,0.0,1.0
362795,0,1,3400,-56,56,345,11,15,0.53,35040.000000,6,2.1,0.0,0.0,0.0,0.0,0.0,0.0,0.0,1.0
363044,0,1,3400,-56,56,346,10,14,0.78,42432.000000,10,2.1,2.1,0.0,24032.000000,36,0.0,0.0,0.0,1.0
363293,0,1,3400,-56,56,347,11,15,0.50,42752.000000,0,2.1,0.0,0.0,0.0,0.0,0.0,0.0,0.0,1.0
363542,0,1,3400,-56,56,351,13,15,1.2,34336.000000,7,2.1,0.0,0.0,0.0,0.0,0.0,0.0,0.0,1.0
363791,0,1,3400,-55,55,347,12,15,0.63,53504.000000,0,2.1,0.0,0.0,0.0,0.0,0.0,0.0,0.0,1.0
364040,0,1,3400,-55,55,345,10,15,0.61,69024.000000,6,2.1,0.0,0.0,8160.000000,0,0.0,0.0,0.0,1.0
364289,0,1,3400,-56,56,350,9.9,15,0.70,56576.000000,4,2.1,0.0,0.0,0.0,0.0,0.0,0.0,0.0,1.0
364538,0,1,3400,-56,56,345,11,14,0.51,44896.000000,0,2.1,0.0,0.0,0.0,0.0,0.0,0.0,0.0,1.0
364787,0,1,3400,-55,55,347,11,16,0.57,58848.000000,0,2.1,0.0,0.0,0.0,0.0,0.0,0.0,0.0,1.0
365036,0,1,3400,-56,56,346,12,15,0.92,73888.000000,12,2.1,0.0,0.0,12256.000000,0,0.0,0.0,0.0,1.0
365285,0,1,3400,-56,56,343,10,15,0.60,53536.000000,8,2.1,0.0,0.0,0.0,0.0,0.0,0.0,0.0,1.0
365534,0,1,3400,-55,55,346,11,15,0.81,53856.000000,14,2.1,0.0,0.0,0.0,0.0,0.0,0.0,0.0,1.0
365783,0,1,3400,-56,56,341,11,14,0.68,42048.000000,11,2.1,0.064,0.0,0.0,0.0,0.0,0.0,0.0,1.0
366032,0,1,3400,-56,56,342,11,15,1.6,27456.000000,12,2.1,0.0,0.0,52576.000000,12,0.0,0.0,0.0,1.0
366281,0,1,3400,-56,56,351,12,15,0.98,52672.000000,8,2.1,0.0,0.0,0.0,0.0,0.0,0.0,0.0,1.0
366530,0,1,3400,-56,56,351,12,14,0.84,53920.000000,12,2.1,0.0,0.0,0.0,0.0,0.0,0.0,0.0,1.0
366779,0,1,3400,-56,56,349,9.6,15,0.53,40352.000000,0,2.1,0.0,0.0,0.0,0.0,0.0,0.0,0.0,1.0
367028,0,1,3400,-56,56,347,13,16,0.50,42688.000000,0,2.1,0.0,0.0,8160.000000,0,0.0,0.0,0.0,1.0
367277,0,1,3400,-56,56,346,12,15,0.89,67776.000000,10,2.1,0.0,0.0,0.0,0.0,0.0,0.0,0.0,1.0
367526,0,1,3400,-56,56,347,12,14,0.67,39712.000000,6,2.1,0.0,0.0,0.0,0.0,0.0,0.0,0.0,1.0
367775,0,1,3400,-56,56,346,10,15,0.53,60064.000000,2,2.1,0.0,0.0,0.0,0.0,0.0,0.0,0.0,1.0
368024,0,1,3400,-56,56,350,11,15,0.64,59104.000000,7,2.1,0.064,0.0,8160.000000,29,0.0,0.0,0.0,1.0
368273,0,1,3400,-56,56,351,13,15,0.50,32000.000000,0,2.1,0.0,0.0,0.0,0.0,0.0,0.0,0.0,1.0
368522,0,1,3400,-56,56,349,11,15,0.63,42720.000000,0,2.1,0.0,0.0,0.0,0.0,0.0,0.0,0.0,1.0
368771,0,1,3400,-56,56,338,9.4,15,0.53,58880.000000,0,2.1,0.0,0.0,0.0,0.0,0.0,0.0,0.0,1.0
369020,0,1,3400,-56,56,345,12,15,0.95,62112.000000,3,2.1,0.064,0.0,25376.000000,20,0.0,0.0,0.0,1.0
369269,0,1,3400,-56,56,354,10,15,0.58,46112.000000,0,2.1,0.0,0.0,0.0,0.0,0.0,0.0,0.0,1.0
369518,0,1,3400,-56,56,349,11,15,0.79,87584.000000,8,2.1,0.0,0.0,0.0,0.0,0.0,0.0,0.0,1.0
369767,0,1,3400,-55,55,342,11,15,0.58,59712.000000,7,2.1,0.0,0.0,0.0,0.0,0.0,0.0,0.0,1.0
370016,0,1,3400,-56,56,342,12,16,0.51,58752.000000,0,2.1,0.0,0.0,8000.000000,12,0.0,0.0,0.0,1.0
370265,0,1,3400,-56,56,340,11,15,1.1,35040.000000,6,2.1,0.0,0.0,0.0,0.0,0.0,0.0,0.0,1.0
370514,0,1,3400,-56,56,343,11,15,0.57,85696.000000,0,2.1,0.0,0.0,0.0,0.0,0.0,0.0,0.0,1.0
370763,0,1,3400,-56,56,345,9.9,15,0.92,38976.000000,14,2.1,0.0,0.0,0.0,0.0,0.0,0.0,0.0,1.0
371012,0,1,3400,-56,56,348,10,15,1.1,42016.000000,24,2.1,0.84,0.0,23488.000000,0,0.0,0.0,0.0,1.0
371261,0,1,3400,-56,56,346,8.1,15,0.52,21504.000000,0,2.1,14,0.0,0.0,0.0,0.0,0.0,0.0,1.0
371510,0,1,3400,-56,56,348,11,14,0.68,45216.000000,5,2.1,14,0.0,0.0,0.0,0.0,0.0,0.0,1.0
371759,0,1,3400,-56,56,346,11,16,0.50,48064.000000,0,2.1,14,0.0,0.0,0.0,0.0,0.0,0.0,1.0
372008,0,1,3400,-56,56,347,13,15,0.82,61088.000000,12,2.1,14,0.0,0.0,80,0.0,0.0,0.0,1.0
372257,0,1,3400,-55,55,345,11,14,0.74,50880.000000,4,2.1,14,0.0,0.0,0.0,0.0,0.0,0.0,1.0
372506,0,1,3400,-56,56,350,11,14,0.88,67584.000000,9,2.1,14,0.0,0.0,0.0,0.0,0.0,0.0,1.0
372755,0,1,3400,-55,55,350,12,15,1.2,34560.000000,7,2.1,14,0.0,0.0,0.0,0.0,0.0,0.0,1.0
373004,0,1,3400,-56,56,354,9.8,15,0.53,93888.000000,0,2.1,8.4,0.0,8160.000000,0,0.0,0.0,0.0,1.0
373253,0,1,3400,-56,56,350,11,16,0.59,40512.000000,0,2.1,0.0,0.0,0.0,0.0,0.0,0.0,0.0,1.0
373502,0,1,3400,-56,56,345,13,15,0.50,37408.000000,0,2.1,0.0,0.0,0.0,0.0,0.0,0.0,0.0,1.0
373751,0,1,3400,-55,55,339,12,14,1.1,30816.000000,10,2.1,0.0,0.0,0.0,0.0,0.0,0.0,0.0,1.0
374000,0,1,3400,-55,55,342,13,16,0.56,51232.000000,5,2.1,2.0,0.0,11968.000000,40,0.0,0.0,0.0,1.0
374249,0,1,3400,-56,56,347,13,15,0.50,21376.000000,0,2.1,5.7,0.0,16000.000000,53,0.0,0.0,0.0,1.0
374498,0,1,3400,-56,56,354,11,14,0.67,33120.000000,11,2.1,0.0,0.0,0.0,0.0,0.0,0.0,0.0,1.0
374747,0,1,3400,-55,55,348,12,15,0.88,40192.000000,6,2.1,0.0,0.0,0.0,0.0,0.0,0.0,0.0,1.0
374996,0,1,3400,-56,56,341,9.4,15,0.50,36768.000000,0,2.1,0.58,0.0,42752.000000,17,0.0,0.0,0.0,1.0
375245,0,1,3400,-56,56,347,13,16,0.54,53056.000000,0,2.1,16,0.0,88512.000000,77,0.0,0.0,0.0,1.0
375494,0,1,3400,-56,56,347,11,14,0.92,36928.000000,10,2.1,16,0.0,0.0,0.0,0.0,0.0,0.0,1.0
375743,0,1,3400,-55,55,349,11,14,0.51,58976.000000,0,2.1,16,0.0,0.0,0.0,0.0,0.0,0.0,1.0
375992,0,1,3400,-56,56,353,11,15,0.59,39168.000000,16,2.1,12,0.0,8160.000000,29,0.0,0.0,0.0,1.0
376241,0,1,3400,-55,55,347,11,15,0.63,65600.000000,10,2.1,0.0,0.0,0.0,0.0,0.0,0.0,0.0,1.0
376490,0,1,3400,-55,55,344,12,15,0.57,29312.000000,7,2.1,0.0,0.0,0.0,0.0,0.0,0.0,0.0,1.0
376739,0,1,3400,-55,55,341,11,15,0.68,64896.000000,6,2.1,0.0,0.0,0.0,0.0,0.0,0.0,0.0,1.0
376988,0,1,3400,-56,56,344,13,14,0.70,29120.000000,8,2.1,0.0,0.0,12256.000000,0,0.0,0.0,0.0,1.0
377237,0,1,3400,-56,56,346,8.4,15,0.56,38144.000000,10,2.1,0.0,0.0,0.0,0.0,0.0,0.0,0.0,1.0
377486,0,1,3400,-55,55,346,11,15,0.59,37248.000000,0,2.1,0.0,0.0,0.0,0.0,0.0,0.0,0.0,1.0
377735,0,1,3400,-55,55,344,11,15,0.51,48192.000000,0,2.1,0.0,0.0,0.0,0.0,0.0,0.0,0.0,1.0
377985,0,1,3400,-55,55,345,15,14,0.69,26208.000000,20,2.1,2.1,0.0,24032.000000,36,0.0,0.0,0.0,1.0
378234,0,1,3400,-56,56,343,12,15,1.4,42496.000000,5,2.1,0.0,0.0,0.0,0.0,0.0,0.0,0.0,1.0
378483,0,1,3400,-55,55,350,10,15,0.69,29984.000000,6,2.1,0.0,0.0,0.0,0.0,0.0,0.0,0.0,1.0
378732,0,1,3400,-56,56,353,11,15,0.57,50656.000000,4,2.1,0.0,0.0,0.0,0.0,0.0,0.0,0.0,1.0
378981,0,1,3400,-56,56,344,10,15,1.3,63456.000000,10,2.1,0.0,0.0,8160.000000,0,0.0,0.0,0.0,1.0
379230,0,1,3400,-56,56,346,12,16,0.66,72288.000000,0,2.1,0.0,0.0,0.0,0.0,0.0,0.0,0.0,1.0
379479,0,1,3400,-56,56,352,11,15,0.61,53440.000000,4,2.1,0.0,0.0,0.0,0.0,0.0,0.0,0.0,1.0
379728,0,1,3400,-56,56,345,11,15,0.64,47616.000000,9,2.1,0.0,0.0,0.0,0.0,0.0,0.0,0.0,1.0
379977,0,1,3400,-56,56,348,8.4,14,0.64,54688.000000,6,2.1,0.064,0.0,14976.000000,0,0.0,0.0,0.0,1.0
380226,0,1,3400,-56,56,351,6.4,15,0.70,56896.000000,4,2.1,0.0,0.0,0.0,0.0,0.0,0.0,0.0,1.0
380475,0,1,3400,-56,56,348,12,16,0.50,53472.000000,0,2.1,0.0,0.0,0.0,0.0,0.0,0.0,0.0,1.0
380724,0,1,3400,-56,56,346,12,15,0.65,58208.000000,8,2.1,0.0,0.0,0.0,0.0,0.0,0.0,0.0,1.0
380973,0,1,3400,-56,56,348,11,15,0.50,43040.000000,0,2.1,1.7,0.0,0.0,80,0.0,0.0,0.0,1.0
381222,0,1,3400,-56,56,352,10,15,0.71,80096.000000,6,2.1,7.5,0.0,0.0,0.0,0.0,0.0,0.0,1.0
381471,0,1,3400,-56,56,345,11,15,0.72,58048.000000,7,2.1,7.5,0.0,0.0,0.0,0.0,0.0,0.0,1.0
381720,0,1,3400,-55,55,347,8.5,15,0.61,49280.000000,6,2.1,7.5,0.0,0.0,0.0,0.0,0.0,0.0,1.0
381969,0,1,3400,-56,56,345,11,15,0.86,48160.000000,8,2.1,7.5,0.0,157792.000000,43,0.0,0.0,0.0,1.0
382218,0,1,3400,-55,55,348,9.9,15,1.1,29728.000000,11,2.1,8.0,0.0,0.0,0.0,0.0,0.0,0.0,1.0
382467,0,1,3400,-56,56,344,11,15,0.92,55456.000000,12,2.1,8.0,0.0,0.0,0.0,0.0,0.0,0.0,1.0
382716,0,1,3400,-56,56,348,12,15,0.63,35040.000000,7,2.1,8.0,0.0,0.0,0.0,0.0,0.0,0.0,1.0
382965,0,1,3400,-56,56,345,9.8,15,0.51,69408.000000,0,2.1,3.6,0.0,55648.000000,0,0.0,0.0,0.0,1.0
383214,0,1,3400,-56,56,343,12,16,0.52,48320.000000,0,2.1,0.0,0.0,0.0,0.0,0.0,0.0,0.0,1.0
383463,0,1,3400,-56,56,347,11,15,0.56,77376.000000,3,2.1,0.0,0.0,0.0,0.0,0.0,0.0,0.0,1.0
383712,0,1,3400,-55,55,347,10,15,0.62,56896.000000,4,2.1,0.0,0.0,0.0,0.0,0.0,0.0,0.0,1.0
383961,0,1,3400,-56,56,350,11,15,0.50,36544.000000,0,2.1,4.1,0.0,0.0,80,0.0,0.0,0.0,1.0
384210,0,1,3400,-56,56,348,9.7,15,0.95,60800.000000,6,2.1,7.5,0.0,0.0,0.0,0.0,0.0,0.0,1.0
384459,0,1,3400,-56,56,343,9.9,14,0.61,77280.000000,5,2.1,7.5,0.0,0.0,0.0,0.0,0.0,0.0,1.0
384708,0,1,3400,-56,56,342,11,15,0.57,62880.000000,7,2.1,7.5,0.0,0.0,0.0,0.0,0.0,0.0,1.0
384957,0,1,3400,-56,56,342,9.0,15,0.63,36288.000000,5,2.1,5.7,0.0,11232.000000,36,0.0,0.0,0.0,1.0
385206,0,1,3400,-56,56,345,11,15,0.79,88576.000000,3,2.1,0.0,0.0,0.0,0.0,0.0,0.0,0.0,1.0
385455,0,1,3400,-56,56,346,9.6,14,0.58,43424.000000,9,2.1,0.0,0.0,0.0,0.0,0.0,0.0,0.0,1.0
385704,0,1,3400,-55,55,345,9.0,15,0.64,105312.000000,2,2.1,0.0,0.0,0.0,0.0,0.0,0.0,0.0,1.0
385953,0,1,3400,-56,56,348,9.5,14,0.67,82720.000000,4,2.1,0.0,0.0,8160.000000,17,0.0,0.0,0.0,1.0
386202,0,1,3400,-56,56,349,9.7,15,1.2,57888.000000,15,2.1,0.0,0.0,0.0,0.0,0.0,0.0,0.0,1.0
386451,0,1,3400,-56,56,346,12,14,1.1,64160.000000,4,2.1,0.0,0.0,0.0,0.0,0.0,0.0,0.0,1.0
386700,0,1,3400,-56,56,350,9.9,15,0.68,80960.000000,8,2.1,0.0,0.0,0.0,0.0,0.0,0.0,0.0,1.0
386949,0,1,3400,-56,56,348,8.4,15,0.67,57600.000000,8,2.1,5.3,0.0,175360.000000,61,0.0,0.0,0.0,1.0
387198,0,1,3400,-55,55,344,10,14,0.86,53376.000000,8,2.1,16,0.0,0.0,0.0,0.0,0.0,0.0,1.0
387447,0,1,3400,-56,56,341,10,14,0.69,38752.000000,10,2.1,16,0.0,0.0,0.0,0.0,0.0,0.0,1.0
387696,0,1,3400,-55,55,345,12,14,0.61,43936.000000,0,2.1,16,0.0,0.0,0.0,0.0,0.0,0.0,1.0
387945,0,1,3400,-56,56,351,10.0,15,0.55,76992.000000,0,2.1,16,0.0,155776.000000,62,0.0,0.0,0.0,1.0
388194,0,1,3400,-56,56,355,9.5,16,0.58,56736.000000,4,2.1,16,0.0,0.0,0.0,0.0,0.0,0.0,1.0
388443,0,1,3400,-55,55,349,12,14,0.63,63392.000000,7,2.1,16,0.0,0.0,0.0,0.0,0.0,0.0,1.0
388692,0,1,3400,-56,56,343,9.2,14,1.0,43616.000000,9,2.1,16,0.0,0.0,0.0,0.0,0.0,0.0,1.0
388941,0,1,3400,-56,56,339,10,15,0.88,88544.000000,7,2.1,7.4,0.0,16384.000000,11,0.0,0.0,0.0,1.0
389190,0,1,3400,-56,56,345,11,15,0.51,53984.000000,0,2.1,0.0,0.0,0.0,0.0,0.0,0.0,0.0,1.0
389439,0,1,3400,-56,56,351,10,15,0.54,71424.000000,6,2.1,0.0,0.0,0.0,0.0,0.0,0.0,0.0,1.0
389688,0,1,3400,-55,55,350,9.6,13,0.56,63296.000000,6,2.1,0.0,0.0,0.0,0.0,0.0,0.0,0.0,1.0
389937,0,1,3400,-56,56,345,9.6,15,0.52,58752.000000,0,2.1,0.82,0.0,10464.000000,36,0.0,0.0,0.0,1.0
390186,0,1,3400,-55,55,348,11,14,0.71,50752.000000,8,2.1,0.0,0.0,0.0,0.0,0.0,0.0,0.0,1.0
390435,0,1,3400,-56,56,348,10,14,0.77,43360.000000,5,2.1,0.0,0.0,0.0,0.0,0.0,0.0,0.0,1.0
390684,0,1,3400,-55,55,347,10.0,14,0.70,109248.000000,7,2.1,0.0,0.0,0.0,0.0,0.0,0.0,0.0,1.0
390933,0,1,3400,-56,56,351,10,15,0.75,79136.000000,3,2.1,0.0,0.0,8160.000000,0,0.0,0.0,0.0,1.0
391182,0,1,3400,-56,56,347,11,14,0.65,76992.000000,3,2.1,0.0,0.0,0.0,0.0,0.0,0.0,0.0,1.0
391431,0,1,3400,-56,56,343,11,14,0.68,52384.000000,7,2.1,0.0,0.0,0.0,0.0,0.0,0.0,0.0,1.0
391680,0,1,3400,-56,56,350,11,15,0.57,30240.000000,7,2.1,0.0,0.0,0.0,0.0,0.0,0.0,0.0,1.0
391929,0,1,3400,-56,56,347,8.2,14,0.51,59328.000000,0,2.1,0.0,0.0,8160.000000,0,0.0,0.0,0.0,1.0
392178,0,1,3400,-56,56,352,8.4,16,0.50,38592.000000,0,2.1,0.0,0.0,0.0,0.0,0.0,0.0,0.0,1.0
392427,0,1,3400,-55,55,349,11,14,0.82,47744.000000,4,2.1,0.0,0.0,0.0,0.0,0.0,0.0,0.0,1.0
392676,0,1,3400,-56,56,355,9.9,15,0.55,40608.000000,6,2.1,0.0,0.0,0.0,0.0,0.0,0.0,0.0,1.0
392925,0,1,3400,-56,56,351,11,15,0.80,43520.000000,13,2.1,0.0,0.0,8160.000000,0,0.0,0.0,0.0,1.0
393174,0,1,3400,-56,56,344,11,15,0.51,35168.000000,6,2.1,0.0,0.0,0.0,0.0,0.0,0.0,0.0,1.0
393423,0,1,3400,-56,56,347,9.2,14,0.81,54400.000000,13,2.1,0.0,0.0,0.0,0.0,0.0,0.0,0.0,1.0
393672,0,1,3400,-56,56,351,12,16,0.58,69728.000000,0,2.1,0.0,0.0,0.0,0.0,0.0,0.0,0.0,1.0
393921,0,1,3400,-56,56,350,12,15,0.50,53248.000000,0,2.1,5.5,0.0,57536.000000,67,0.0,0.0,0.0,1.0
394170,0,1,3400,-56,56,352,11,15,0.79,58048.000000,8,2.1,16,0.0,0.0,0.0,0.0,0.0,0.0,1.0
394419,0,1,3400,-56,56,351,11,16,0.77,39904.000000,6,2.1,16,0.0,0.0,0.0,0.0,0.0,0.0,1.0
394668,0,1,3400,-56,56,348,11,15,0.63,40544.000000,5,2.1,16,0.0,0.0,0.0,0.0,0.0,0.0,1.0
394917,0,1,3400,-56,56,342,9.7,15,0.80,65408.000000,6,2.1,15,0.0,2624.000000,20,0.0,0.0,0.0,1.0
395166,0,1,3400,-56,56,344,11,15,0.58,61472.000000,4,2.1,0.0,0.0,5536.000000,0,0.0,0.0,0.0,1.0
395415,0,1,3400,-56,56,342,9.6,15,0.50,53888.000000,0,2.1,0.0,0.0,0.0,0.0,0.0,0.0,0.0,1.0
395664,0,1,3400,-56,56,352,11,14,0.51,62080.000000,0,2.1,0.0,0.0,0.0,0.0,0.0,0.0,0.0,1.0
395913,0,1,3400,-55,55,352,11,15,0.69,51424.000000,8,2.1,0.0,0.0,12384.000000,0,0.0,0.0,0.0,1.0
396162,0,1,3400,-56,56,348,9.8,14,0.79,46528.000000,8,2.1,0.0,0.0,0.0,0.0,0.0,0.0,0.0,1.0
396411,0,1,3400,-55,55,350,11,15,0.51,56768.000000,4,2.1,0.0,0.0,0.0,0.0,0.0,0.0,0.0,1.0
396660,0,1,3400,-55,55,345,11,15,0.50,42848.000000,0,2.1,0.0,0.0,0.0,0.0,0.0,0.0,0.0,1.0
396909,0,1,3400,-56,56,345,11,15,0.72,62784.000000,7,2.1,5.3,0.0,56128.000000,65,0.0,0.0,0.0,1.0
397158,0,1,3400,-56,56,349,11,14,0.50,68576.000000,0,2.1,16,0.0,0.0,0.0,0.0,0.0,0.0,1.0
397407,0,1,3400,-56,56,353,9.0,15,0.82,61024.000000,9,2.1,16,0.0,0.0,0.0,0.0,0.0,0.0,1.0
397656,0,1,3400,-55,55,351,10,14,0.78,80480.000000,10,2.1,16,0.0,0.0,0.0,0.0,0.0,0.0,1.0
397905,0,1,3400,-56,56,348,11,15,0.76,77440.000000,3,2.1,7.4,0.0,8160.000000,0,0.0,0.0,0.0,1.0
398154,0,1,3400,-55,55,350,8.6,14,0.57,32192.000000,11,2.1,0.0,0.0,0.0,0.0,0.0,0.0,0.0,1.0
398403,0,1,3400,-56,56,353,11,15,1.2,31424.000000,13,2.1,0.0,0.0,0.0,0.0,0.0,0.0,0.0,1.0
398652,0,1,3400,-56,56,350,11,14,0.82,56256.000000,8,2.1,0.0,0.0,0.0,0.0,0.0,0.0,0.0,1.0
398901,0,1,3400,-56,56,345,11,14,0.59,67424.000000,3,2.1,0.0,0.0,7904.000000,22,0.0,0.0,0.0,1.0
399150,0,1,3400,-56,56,344,11,16,0.52,42816.000000,0,2.1,0.0,0.0,0.0,0.0,0.0,0.0,0.0,1.0
399399,0,1,3400,-56,56,352,12,15,0.50,61920.000000,0,2.1,0.0,0.0,0.0,0.0,0.0,0.0,0.0,1.0
399648,0,1,3400,-55,55,355,13,15,1.2,40416.000000,12,2.1,0.0,0.0,0.0,0.0,0.0,0.0,0.0,1.0
399897,0,1,3400,-56,56,351,12,15,0.50,48128.000000,0,2.1,0.0,0.0,16384.000000,11,0.0,0.0,0.0,1.0
400146,0,1,3400,-55,55,349,11,15,0.51,67488.000000,3,2.1,0.0,0.0,0.0,0.0,0.0,0.0,0.0,1.0
400395,0,1,3400,-56,56,349,11,15,0.58,64288.000000,0,2.1,0.0,0.0,0.0,0.0,0.0,0.0,0.0,1.0
400644,0,1,3400,-56,56,344,9.4,14,0.54,62208.000000,6,2.1,0.0,0.0,0.0,0.0,0.0,0.0,0.0,1.0
400893,0,1,3400,-56,56,344,12,15,0.56,50656.000000,0,2.1,5.5,0.0,118592.000000,64,0.0,0.0,0.0,1.0
401142,0,1,3400,-56,56,348,10,15,0.50,61888.000000,0,2.1,16,0.0,0.0,0.0,0.0,0.0,0.0,1.0
401391,0,1,3400,-56,56,348,12,15,0.68,56640.000000,4,2.1,16,0.0,0.0,0.0,0.0,0.0,0.0,1.0
401640,0,1,3400,-56,56,351,9.1,14,0.56,73664.000000,7,2.1,16,0.0,0.0,0.0,0.0,0.0,0.0,1.0
401889,0,1,3400,-56,56,349,9.9,15,0.50,69952.000000,0,2.1,10.0,0.0,15616.000000,25,0.0,0.0,0.0,1.0
402138,0,1,3400,-55,55,354,13,15,0.58,56320.000000,4,2.1,0.0,0.0,0.0,0.0,0.0,0.0,0.0,1.0
402387,0,1,3400,-55,55,348,9.3,15,0.50,47136.000000,0,2.1,0.0,0.0,0.0,0.0,0.0,0.0,0.0,1.0
402636,0,1,3400,-55,55,348,13,15,0.60,55968.000000,5,2.1,0.0,0.0,0.0,0.0,0.0,0.0,0.0,1.0
402885,0,1,3400,-56,56,350,11,16,1.0,24416.000000,20,2.1,0.0,186,0.0,0.0,0.0,0.0,0.0,1.0
403134,0,1,3400,-55,55,347,9.7,14,0.82,59168.000000,6,2.1,0.0,0.0,8160.000000,29,0.0,0.0,0.0,1.0
403383,0,1,3400,-56,56,338,14,14,1.1,46400.000000,5,2.1,0.0,0.0,0.0,0.0,0.0,0.0,0.0,1.0
403632,0,1,3400,-56,56,348,11,15,0.50,48416.000000,0,2.1,0.0,0.0,0.0,0.0,0.0,0.0,0.0,1.0
403881,0,1,3400,-56,56,351,8.5,15,0.50,42784.000000,0,2.1,0.0,0.0,16384.000000,11,0.0,0.0,0.0,1.0
404130,0,1,3400,-56,56,351,12,15,0.60,65984.000000,16,2.1,0.0,0.0,0.0,0.0,0.0,0.0,0.0,1.0
404379,0,1,3400,-56,56,352,11,15,0.53,39680.000000,0,2.1,0.0,0.0,0.0,0.0,0.0,0.0,0.0,1.0
404628,0,1,3400,-55,55,354,11,15,0.50,59648.000000,0,2.1,0.0,0.0,0.0,0.0,0.0,0.0,0.0,1.0
404877,0,1,3400,-56,56,348,9.9,15,0.89,40352.000000,6,2.1,0.0,0.0,8064.000000,0,0.0,0.0,0.0,1.0
405126,0,1,3400,-56,56,353,11,14,0.84,37472.000000,10,2.1,0.0,0.0,0.0,0.0,0.0,0.0,0.0,1.0
405375,0,1,3400,-55,55,346,11,14,0.79,50944.000000,5,2.1,0.0,0.0,0.0,0.0,0.0,0.0,0.0,1.0
405624,0,1,3400,-55,55,347,12,15,0.61,56096.000000,4,2.1,0.0,0.0,0.0,0.0,0.0,0.0,0.0,1.0
405873,0,1,3400,-56,56,339,11,15,0.64,42656.000000,0,2.1,5.7,0.0,131264.000000,67,0.0,0.0,0.0,1.0
406122,0,1,3400,-56,56,343,9.3,15,0.55,53248.000000,8,2.1,16,0.0,0.0,0.0,0.0,0.0,0.0,1.0
406371,0,1,3400,-56,56,350,10,15,0.53,42880.000000,0,2.1,16,0.0,0.0,0.0,0.0,0.0,0.0,1.0
406620,0,1,3400,-56,56,357,9.6,15,0.54,44896.000000,0,2.1,16,0.0,0.0,0.0,0.0,0.0,0.0,1.0
406869,0,1,3400,-56,56,349,8.9,14,0.61,59808.000000,6,2.1,13,0.0,12384.000000,17,0.0,0.0,0.0,1.0
407118,0,1,3400,-55,55,348,9.5,15,0.83,47712.000000,15,2.1,0.0,0.0,0.0,0.0,0.0,0.0,0.0,1.0
407367,0,1,3400,-56,56,343,10,16,0.81,35040.000000,6,2.1,0.0,0.0,0.0,0.0,0.0,0.0,0.0,1.0
407616,0,1,3400,-56,56,345,9.4,14,0.80,73696.000000,5,2.1,0.0,0.0,0.0,0.0,0.0,0.0,0.0,1.0
407865,0,1,3400,-56,56,347,9.1,14,0.56,65056.000000,6,2.1,0.0,0.0,8160.000000,0,0.0,0.0,0.0,1.0
408114,0,1,3400,-55,55,344,11,15,0.53,48096.000000,0,2.1,0.0,0.0,0.0,0.0,0.0,0.0,0.0,1.0
408363,0,1,3400,-56,56,347,12,15,0.72,45984.000000,9,2.1,0.0,0.0,0.0,0.0,0.0,0.0,0.0,1.0
408612,0,1,3400,-56,56,353,9.0,14,0.50,70528.000000,0,2.1,0.0,0.0,0.0,0.0,0.0,0.0,0.0,1.0
408861,0,1,3400,-56,56,347,9.4,15,0.51,84128.000000,2,2.1,0.0,0.0,16384.000000,11,0.0,0.0,0.0,1.0
409110,0,1,3400,-56,56,341,9.7,15,0.55,56352.000000,0,2.1,0.0,0.0,0.0,0.0,0.0,0.0,0.0,1.0
409359,0,1,3400,-56,56,345,8.8,15,0.50,59136.000000,0,2.1,0.0,0.0,0.0,0.0,0.0,0.0,0.0,1.0
409608,0,1,3400,-55,55,346,11,15,1.2,35008.000000,16,2.1,0.0,0.0,0.0,0.0,0.0,0.0,0.0,1.0
409857,0,1,3400,-55,55,341,11,14,0.85,59616.000000,19,2.1,0.0,0.0,8160.000000,17,0.0,0.0,0.0,1.0
410106,0,1,3400,-56,56,343,12,15,0.77,27072.000000,14,2.1,0.0,0.0,0.0,0.0,0.0,0.0,0.0,1.0
410355,0,1,3400,-55,55,346,11,15,0.52,124576.000000,2,2.1,0.0,0.0,0.0,0.0,0.0,0.0,0.0,1.0
410604,0,1,3400,-56,56,351,9.8,14,0.68,56800.000000,10,2.1,0.0,0.0,0.0,0.0,0.0,0.0,0.0,1.0
410853,0,1,3400,-55,55,350,10,15,0.85,71232.000000,3,2.1,0.0,0.0,8192.000000,12,0.0,0.0,0.0,1.0
411102,0,1,3400,-56,56,350,11,14,0.55,71648.000000,0,2.1,0.0,0.0,0.0,0.0,0.0,0.0,0.0,1.0
411351,0,1,3400,-55,55,352,9.2,14,0.53,81280.000000,5,2.1,0.0,0.0,0.0,0.0,0.0,0.0,0.0,1.0
411600,0,1,3400,-56,56,347,9.4,14,0.57,70336.000000,5,2.1,0.0,0.0,0.0,0.0,0.0,0.0,0.0,1.0
411849,0,1,3400,-56,56,354,11,15,0.77,47680.000000,8,2.1,1.5,0.0,9184.000000,57,0.0,0.0,0.0,1.0
412098,0,1,3400,-55,55,354,10,15,0.79,47392.000000,4,2.1,0.0,0.0,0.0,0.0,0.0,0.0,0.0,1.0
412347,0,1,3400,-55,55,349,12,14,0.57,63840.000000,8,2.1,0.0,0.0,0.0,0.0,0.0,0.0,0.0,1.0
412596,0,1,3400,-56,56,346,12,15,0.88,39808.000000,5,2.1,0.0,0.0,0.0,0.0,0.0,0.0,0.0,1.0
412845,0,1,3400,-56,56,350,12,16,0.85,48448.000000,0,2.1,0.0,0.0,12256.000000,0,0.0,0.0,0.0,1.0
413094,0,1,3400,-56,56,350,12,15,0.67,35008.000000,7,2.1,0.0,0.0,0.0,0.0,0.0,0.0,0.0,1.0
413343,0,1,3400,-55,55,350,11,14,0.86,26496.000000,8,2.1,0.0,0.0,0.0,0.0,0.0,0.0,0.0,1.0
413592,0,1,3400,-55,55,354,12,14,0.64,56416.000000,11,2.1,0.13,0.0,0.0,0.0,0.0,0.0,0.0,1.0
413841,0,1,3400,-56,56,354,8.1,16,0.50,53760.000000,0,2.1,0.0,0.0,8160.000000,29,0.0,0.0,0.0,1.0
414090,0,1,3400,-55,55,355,11,15,0.50,32000.000000,0,2.1,0.0,0.0,0.0,0.0,0.0,0.0,0.0,1.0
414339,0,1,3400,-56,56,347,11,15,0.67,72224.000000,9,2.1,0.0,0.0,0.0,0.0,0.0,0.0,0.0,1.0
414588,0,1,3400,-56,56,347,10,14,0.51,32032.000000,0,2.1,0.0,0.0,0.0,0.0,0.0,0.0,0.0,1.0
414837,0,1,3400,-56,56,346,8.7,14,0.57,88192.000000,0,2.1,0.0,0.0,43296.000000,39,0.0,0.0,0.0,1.0
415086,0,1,3400,-55,55,350,11,14,0.79,56384.000000,17,2.1,0.0,0.0,0.0,0.0,0.0,0.0,0.0,1.0
415335,0,1,3400,-56,56,349,9.2,14,0.67,74112.000000,9,2.1,0.0,0.0,0.0,0.0,0.0,0.0,0.0,1.0
415584,0,1,3400,-56,56,347,10,14,0.60,53792.000000,8,2.1,0.0,0.0,0.0,0.0,0.0,0.0,0.0,1.0
415833,0,1,3400,-56,56,351,10,15,0.60,72416.000000,3,2.1,0.0,0.0,51648.000000,6,0.0,0.0,0.0,1.0
416082,0,1,3400,-56,56,351,10,15,1.1,32992.000000,11,2.1,0.0,0.0,0.0,0.0,0.0,0.0,0.0,1.0
416331,0,1,3400,-55,55,354,8.9,15,0.57,50624.000000,4,2.1,0.0,0.0,0.0,0.0,0.0,0.0,0.0,1.0
416580,0,1,3400,-55,55,357,9.8,14,1.2,7712.000000,20,2.1,0.0,0.0,0.0,0.0,0.0,0.0,0.0,1.0
416829,0,1,3400,-55,55,350,12,15,0.67,50784.000000,5,2.1,1.5,0.0,9184.000000,57,0.0,0.0,0.0,1.0
417078,0,1,3400,-56,56,344,12,15,0.56,74720.000000,0,2.1,0.0,0.0,0.0,0.0,0.0,0.0,0.0,1.0
417327,0,1,3400,-55,55,336,11,15,0.57,42976.000000,0,2.1,0.0,0.0,0.0,0.0,0.0,0.0,0.0,1.0
417576,0,1,3400,-56,56,337,11,15,0.63,72384.000000,3,2.1,0.0,0.0,0.0,0.0,0.0,0.0,0.0,1.0
417825,0,1,3400,-56,56,339,9.0,15,0.58,62176.000000,3,2.1,0.0,0.0,24512.000000,15,0.0,0.0,0.0,1.0
418074,0,1,3400,-56,56,345,11,15,0.56,56576.000000,4,2.1,0.0,0.0,0.0,0.0,0.0,0.0,0.0,1.0
418323,0,1,3400,-56,56,351,12,15,0.60,23648.000000,9,2.1,0.0,0.0,0.0,0.0,0.0,0.0,0.0,1.0
418572,0,1,3400,-55,55,353,8.7,14,0.51,53600.000000,3,2.1,0.0,0.0,0.0,0.0,0.0,0.0,0.0,1.0
418821,0,1,3400,-55,55,351,9.8,14,0.61,36096.000000,0,2.1,0.064,0.0,8160.000000,29,0.0,0.0,0.0,1.0
419070,0,1,3400,-55,55,351,9.9,15,0.76,35264.000000,6,2.1,0.0,0.0,0.0,0.0,0.0,0.0,0.0,1.0
419319,0,1,3400,-56,56,349,12,15,0.55,53376.000000,0,2.1,0.0,0.0,0.0,0.0,0.0,0.0,0.0,1.0
419568,0,1,3400,-56,56,346,11,16,0.52,94464.000000,0,2.1,0.0,0.0,0.0,0.0,0.0,0.0,0.0,1.0
419817,0,1,3400,-56,56,351,10,14,0.93,47648.000000,15,2.1,1.5,0.0,9184.000000,57,0.0,0.0,0.0,1.0
420066,0,1,3400,-56,56,352,11,15,1.2,44000.000000,5,2.1,0.0,0.0,0.0,0.0,0.0,0.0,0.0,1.0
420315,0,1,3400,-56,56,356,9.8,14,1.2,60096.000000,12,2.1,0.0,0.0,0.0,0.0,0.0,0.0,0.0,1.0
420564,0,1,3400,-56,56,347,11,15,0.57,46624.000000,4,2.1,0.0,0.0,0.0,0.0,0.0,0.0,0.0,1.0
420813,0,1,3400,-56,56,349,12,15,0.65,53440.000000,8,2.1,0.0,0.0,8064.000000,0,0.0,0.0,0.0,1.0
421062,0,1,3400,-56,56,354,12,15,0.70,40096.000000,11,2.1,0.0,0.0,0.0,0.0,0.0,0.0,0.0,1.0
421311,0,1,3400,-56,56,355,9.5,14,0.81,57184.000000,13,2.1,0.0,0.0,0.0,0.0,0.0,0.0,0.0,1.0
421560,0,1,3400,-55,55,343,11,14,0.82,43072.000000,4,2.1,0.0,0.0,0.0,0.0,0.0,0.0,0.0,1.0
421809,0,1,3400,-56,56,345,10,14,0.50,32320.000000,0,2.1,0.82,0.0,11232.000000,36,0.0,0.0,0.0,1.0
422058,0,1,3400,-56,56,348,9.5,15,0.50,80576.000000,0,2.1,0.0,0.0,0.0,0.0,0.0,0.0,0.0,1.0
422307,0,1,3400,-55,55,354,9.0,15,0.54,66688.000000,3,2.1,0.0,0.0,0.0,0.0,0.0,0.0,0.0,1.0
422556,0,1,3400,-56,56,352,12,14,1.2,64576.000000,6,2.1,0.0,0.0,0.0,0.0,0.0,0.0,0.0,1.0
422805,0,1,3400,-56,56,347,9.9,14,0.64,34912.000000,7,2.1,2.8,0.0,6400.000000,50,0.0,0.0,0.0,1.0
423054,0,1,3400,-56,56,343,12,15,0.50,45792.000000,0,2.1,8.0,0.0,0.0,0.0,0.0,0.0,0.0,1.0
423303,0,1,3400,-56,56,347,9.8,15,0.67,78176.000000,8,2.1,8.0,0.0,0.0,0.0,0.0,0.0,0.0,1.0
423552,0,1,3400,-56,56,348,11,14,0.73,57664.000000,4,2.1,8.0,0.0,0.0,0.0,0.0,0.0,0.0,1.0
423801,0,1,3400,-56,56,352,8.3,14,0.67,56992.000000,3,2.1,6.4,0.0,8160.000000,0,0.0,0.0,0.0,1.0
424050,0,1,3400,-55,55,353,9.4,14,0.77,53856.000000,0,2.1,0.0,0.0,0.0,0.0,0.0,0.0,0.0,1.0
424299,0,1,3400,-56,56,345,9.0,14,0.52,51424.000000,4,2.1,0.0,0.0,0.0,0.0,0.0,0.0,0.0,1.0
424548,0,1,3400,-56,56,343,12,15,0.67,61600.000000,4,2.1,0.0,0.0,0.0,0.0,0.0,0.0,0.0,1.0
424797,0,1,3400,-56,56,351,12,15,0.89,45920.000000,14,2.1,0.82,0.0,11232.000000,36,0.0,0.0,0.0,1.0
425046,0,1,3400,-56,56,349,11,14,1.0,52000.000000,14,2.1,0.0,0.0,0.0,0.0,0.0,0.0,0.0,1.0
425295,0,1,3400,-55,55,350,11,15,0.62,43744.000000,17,2.1,0.0,0.0,0.0,0.0,0.0,0.0,0.0,1.0
425544,0,1,3400,-56,56,353,11,15,0.86,83104.000000,8,2.1,0.0,0.0,0.0,0.0,0.0,0.0,0.0,1.0
425793,0,1,3400,-56,56,349,9.4,14,0.60,76064.000000,5,2.1,0.0,0.0,12512.000000,0,0.0,0.0,0.0,1.0
426042,0,1,3400,-56,56,344,8.0,14,0.71,55584.000000,3,2.1,0.0,0.0,0.0,0.0,0.0,0.0,0.0,1.0
426291,0,1,3400,-56,56,347,8.3,14,0.51,29920.000000,6,2.1,0.0,0.0,0.0,0.0,0.0,0.0,0.0,1.0
426540,0,1,3400,-56,56,345,10,14,0.68,29728.000000,7,2.1,0.0,0.0,0.0,0.0,0.0,0.0,0.0,1.0
426789,0,1,3400,-56,56,343,9.5,15,0.53,57024.000000,3,2.1,4.2,0.0,0.0,80,0.0,0.0,0.0,1.0
427038,0,1,3400,-56,56,349,7.8,14,0.89,24480.000000,7,2.1,7.5,0.0,0.0,0.0,0.0,0.0,0.0,1.0
427287,0,1,3400,-56,56,347,11,15,0.60,37568.000000,0,2.1,7.5,0.0,0.0,0.0,0.0,0.0,0.0,1.0
427536,0,1,3400,-55,55,353,8.5,14,0.92,55904.000000,16,2.1,7.5,0.0,0.0,0.0,0.0,0.0,0.0,1.0
427785,0,1,3400,-56,56,346,11,14,0.56,53120.000000,0,2.1,11,0.0,163584.000000,68,0.0,0.0,0.0,1.0
428034,0,1,3400,-56,56,342,11,15,0.99,52928.000000,9,2.1,16,0.0,0.0,0.0,0.0,0.0,0.0,1.0
428283,0,1,3400,-56,56,351,11,16,0.61,55936.000000,4,2.1,16,0.0,0.0,0.0,0.0,0.0,0.0,1.0
428532,0,1,3400,-56,56,355,10,14,0.75,59264.000000,7,2.1,16,0.0,0.0,0.0,0.0,0.0,0.0,1.0
428781,0,1,3400,-56,56,354,11,15,0.55,42912.000000,0,2.1,11,0.0,108928.000000,36,0.0,0.0,0.0,1.0
429030,0,1,3400,-56,56,346,9.0,14,1.2,41632.000000,12,2.1,0.0,0.0,0.0,0.0,0.0,0.0,0.0,1.0
429279,0,1,3400,-56,56,345,9.3,14,0.67,58912.000000,0,2.1,0.0,0.0,0.0,0.0,0.0,0.0,0.0,1.0
429528,0,1,3400,-56,56,354,7.5,14,0.57,30496.000000,16,2.1,0.0,0.0,0.0,0.0,0.0,0.0,0.0,1.0
429777,0,1,3400,-56,56,354,12,14,0.81,72288.000000,6,2.1,0.0,0.0,8160.000000,17,0.0,0.0,0.0,1.0
430026,0,1,3400,-56,56,349,8.6,15,0.51,61472.000000,0,2.1,0.0,0.0,0.0,0.0,0.0,0.0,0.0,1.0
430275,0,1,3400,-56,56,344,11,15,0.57,49024.000000,8,2.1,0.0,0.0,0.0,0.0,0.0,0.0,0.0,1.0
430524,0,1,3400,-56,56,338,10.0,14,0.85,29888.000000,7,2.1,0.0,0.0,0.0,0.0,0.0,0.0,0.0,1.0
430773,0,1,3400,-56,56,342,10,14,1.1,59904.000000,6,2.1,0.83,0.0,103424.000000,26,0.0,0.0,0.0,1.0
431022,0,1,3400,-55,55,352,11,14,1.0,34400.000000,7,2.1,8.0,0.0,0.0,100.000000,0.0,0.0,0.0,1.0
431271,0,1,3400,-56,56,352,11,15,0.53,64896.000000,6,2.1,8.0,0.0,0.0,0.0,0.0,0.0,0.0,1.0
431520,0,1,3400,-56,56,349,11,14,0.77,45856.000000,5,2.1,8.0,0.0,0.0,0.0,0.0,0.0,0.0,1.0
431769,0,1,3400,-55,55,348,13,15,0.63,34976.000000,7,2.1,5.1,0.0,8160.000000,0,0.0,0.0,0.0,1.0
432018,0,1,3400,-56,56,345,9.8,15,0.84,66656.000000,3,2.1,0.0,0.0,0.0,0.0,0.0,0.0,0.0,1.0
432267,0,1,3400,-56,56,345,9.9,14,0.55,48576.000000,0,2.1,0.0,0.0,0.0,0.0,0.0,0.0,0.0,1.0
432516,0,1,3400,-55,55,355,9.4,15,0.58,55968.000000,4,2.1,0.0,0.0,0.0,0.0,0.0,0.0,0.0,1.0
432765,0,1,3400,-56,56,355,12,15,1.5,42944.000000,10,2.1,0.0,0.0,8160.000000,0,0.0,0.0,0.0,1.0
433014,0,1,3400,-56,56,352,11,15,0.50,21376.000000,0,2.1,0.0,0.0,0.0,0.0,0.0,0.0,0.0,1.0
433263,0,1,3400,-56,56,347,12,15,0.85,42496.000000,6,2.1,0.0,0.0,0.0,0.0,0.0,0.0,0.0,1.0
433512,0,1,3400,-56,56,348,9.7,14,0.64,60000.000000,4,2.1,0.0,0.0,0.0,0.0,0.0,0.0,0.0,1.0
433761,0,1,3400,-56,56,347,8.9,15,1.1,25184.000000,18,2.1,0.0,0.0,0.0,0.0,0.0,0.0,0.0,1.0
434010,0,1,3400,-56,56,346,9.1,14,0.51,40064.000000,5,2.1,0.0,0.0,8160.000000,29,0.0,0.0,0.0,1.0
434259,0,1,3400,-56,56,353,11,14,0.84,68000.000000,9,2.1,0.0,0.0,0.0,0.0,0.0,0.0,0.0,1.0
434508,0,1,3400,-55,55,352,11,15,0.79,40256.000000,6,2.1,0.0,0.0,0.0,0.0,0.0,0.0,0.0,1.0
434757,0,1,3400,-56,56,346,12,14,1.5,61664.000000,11,2.1,0.0,0.0,22976.000000,36,0.0,0.0,0.0,1.0
435006,0,1,3400,-56,56,346,11,15,0.53,59904.000000,7,2.1,0.0,0.0,0.0,0.0,0.0,0.0,0.0,1.0
435255,0,1,3400,-56,56,353,10,15,0.50,49856.000000,0,2.1,0.0,0.0,0.0,0.0,0.0,0.0,0.0,1.0
435504,0,1,3400,-56,56,354,8.4,14,0.50,56320.000000,0,2.1,0.0,0.0,0.0,0.0,0.0,0.0,0.0,1.0
435753,0,1,3400,-56,56,351,9.3,13,0.61,75392.000000,5,2.1,0.0,0.0,12384.000000,25,0.0,0.0,0.0,1.0
436002,0,1,3400,-56,56,349,8.6,14,0.53,51488.000000,4,2.1,0.0,0.0,0.0,0.0,0.0,0.0,0.0,1.0
436251,0,1,3400,-56,56,349,9.7,15,0.52,60992.000000,0,2.1,0.0,0.0,0.0,0.0,0.0,0.0,0.0,1.0
436500,0,1,3400,-56,56,351,10,15,0.64,55136.000000,11,2.1,0.0,0.0,0.0,0.0,0.0,0.0,0.0,1.0
436749,0,1,3400,-56,56,349,10.0,14,0.91,80512.000000,7,2.1,0.0,0.0,2624.000000,20,0.0,0.0,0.0,1.0
436998,0,1,3400,-56,56,351,11,16,0.57,98752.000000,2,2.1,0.0,0.0,5536.000000,0,0.0,0.0,0.0,1.0
437247,0,1,3400,-55,55,351,13,15,0.85,55680.000000,4,2.1,0.0,0.0,0.0,0.0,0.0,0.0,0.0,1.0
437496,0,1,3400,-56,56,342,10,15,0.63,64672.000000,6,2.1,0.0,0.0,0.0,0.0,0.0,0.0,0.0,1.0
437745,0,1,3400,-56,56,352,11,15,0.91,35296.000000,17,2.1,0.0,0.0,18336.000000,0,0.0,0.0,0.0,1.0
437994,0,1,3400,-56,56,355,11,15,0.64,51040.000000,4,2.1,0.0,0.0,0.0,0.0,0.0,0.0,0.0,1.0
438243,0,1,3400,-55,55,348,10,14,1.1,61184.000000,15,2.1,0.0,0.0,0.0,0.0,0.0,0.0,0.0,1.0
438492,0,1,3400,-56,56,353,11,15,0.59,53664.000000,0,2.1,0.0,0.0,0.0,0.0,0.0,0.0,0.0,1.0
438741,0,1,3400,-55,55,352,8.6,14,0.71,43680.000000,8,2.1,0.82,0.0,11232.000000,36,0.0,0.0,0.0,1.0
438990,0,1,3400,-56,56,353,9.0,14,0.60,94528.000000,4,2.1,0.0,0.0,0.0,0.0,0.0,0.0,0.0,1.0
439239,0,1,3400,-56,56,355,11,15,0.85,53472.000000,8,2.1,0.0,0.0,0.0,0.0,0.0,0.0,0.0,1.0
439488,0,1,3400,-56,56,357,9.7,14,0.61,42720.000000,8,2.1,0.0,0.0,0.0,0.0,0.0,0.0,0.0,1.0
439737,0,1,3400,-56,56,356,8.7,14,0.83,29600.000000,6,2.1,0.0,186,0.0,0.0,0.0,0.0,0.0,1.0
439986,0,1,3400,-55,55,354,9.9,15,0.68,29728.000000,7,2.1,0.0,0.0,8160.000000,17,0.0,0.0,0.0,1.0
440235,0,1,3400,-56,56,349,11,16,0.53,37664.000000,11,2.1,0.0,0.0,0.0,0.0,0.0,0.0,0.0,1.0
440484,0,1,3400,-56,56,349,8.6,15,0.88,57792.000000,4,2.1,0.0,0.0,0.0,0.0,0.0,0.0,0.0,1.0
440733,0,1,3400,-56,56,356,11,14,0.86,64128.000000,6,2.1,2.4,0.0,35392.000000,26,0.0,0.0,0.0,1.0
440982,0,1,3400,-56,56,355,9.7,15,0.63,58944.000000,0,2.1,6.5,0.0,0.0,0.0,0.0,0.0,0.0,1.0
441231,0,1,3400,-56,56,353,9.1,14,0.50,51200.000000,0,2.1,6.5,0.0,0.0,0.0,0.0,0.0,0.0,1.0
441480,0,1,3400,-56,56,349,11,15,1.1,59040.000000,7,2.1,6.5,0.0,0.0,0.0,0.0,0.0,0.0,1.0
441729,0,1,3400,-56,56,353,9.5,15,0.50,53632.000000,0,2.1,4.0,0.0,12384.000000,25,0.0,0.0,0.0,1.0
441978,0,1,3400,-56,56,353,9.1,14,0.75,49632.000000,6,2.1,0.0,0.0,0.0,0.0,0.0,0.0,0.0,1.0
442227,0,1,3400,-56,56,351,8.7,14,0.71,38240.000000,10,2.1,0.0,0.0,0.0,0.0,0.0,0.0,0.0,1.0
442476,0,1,3400,-56,56,349,10,15,0.60,75008.000000,5,2.1,0.0,0.0,0.0,0.0,0.0,0.0,0.0,1.0
442725,0,1,3400,-55,55,350,9.3,15,0.51,51264.000000,4,2.1,0.0,0.0,8064.000000,0,0.0,0.0,0.0,1.0
442974,0,1,3400,-56,56,352,11,14,0.50,66400.000000,0,2.1,0.0,0.0,0.0,0.0,0.0,0.0,0.0,1.0
443223,0,1,3400,-56,56,355,10,15,0.63,89920.000000,5,2.1,0.0,0.0,0.0,0.0,0.0,0.0,0.0,1.0
443472,0,1,3400,-55,55,354,9.5,15,0.50,64608.000000,0,2.1,0.0,0.0,0.0,0.0,0.0,0.0,0.0,1.0
443721,0,1,3400,-56,56,348,11,15,0.61,37440.000000,11,2.1,0.0,0.0,5536.000000,20,0.0,0.0,0.0,1.0
443970,0,1,3400,-56,56,348,9.4,15,0.63,45760.000000,5,2.1,0.0,0.0,6848.000000,0,0.0,0.0,0.0,1.0
444219,0,1,3400,-56,56,350,11,15,0.79,45920.000000,4,2.1,0.0,0.0,0.0,0.0,0.0,0.0,0.0,1.0
444468,0,1,3400,-56,56,347,11,14,1.0,56672.000000,10,2.1,0.0,0.0,0.0,0.0,0.0,0.0,0.0,1.0
444717,0,1,3400,-56,56,344,10,15,0.71,51488.000000,11,2.1,0.0,0.0,12384.000000,0,0.0,0.0,0.0,1.0
444966,0,1,3400,-56,56,352,7.7,14,0.88,46400.000000,12,2.1,0.0,0.0,0.0,0.0,0.0,0.0,0.0,1.0
445215,0,1,3400,-56,56,356,10,14,0.54,53824.000000,4,2.1,0.0,0.0,0.0,0.0,0.0,0.0,0.0,1.0
445464,0,1,3400,-56,56,348,7.9,14,0.51,68128.000000,0,2.1,0.0,0.0,0.0,0.0,0.0,0.0,0.0,1.0
445713,0,1,3400,-55,55,347,11,15,0.55,77312.000000,3,2.1,0.0,0.0,8160.000000,0,0.0,0.0,0.0,1.0
445962,0,1,3400,-56,56,350,11,14,0.51,67104.000000,0,2.1,0.0,0.0,0.0,0.0,0.0,0.0,0.0,1.0
446211,0,1,3400,-56,56,352,11,15,1.3,39168.000000,15,2.1,0.0,0.0,0.0,0.0,0.0,0.0,0.0,1.0
446460,0,1,3400,-56,56,347,9.9,14,0.95,58752.000000,9,2.1,0.0,0.0,0.0,0.0,0.0,0.0,0.0,1.0
446709,0,1,3400,-56,56,349,11,14,0.88,59168.000000,7,2.1,0.82,0.0,7584.000000,36,0.0,0.0,0.0,1.0
446958,0,1,3400,-56,56,351,9.2,15,0.50,43072.000000,0,2.1,0.0,0.0,0.0,0.0,0.0,0.0,0.0,1.0
447207,0,1,3400,-56,56,351,11,14,0.81,59424.000000,11,2.1,0.0,0.0,0.0,0.0,0.0,0.0,0.0,1.0
447456,0,1,3400,-56,56,352,9.5,15,1.2,42112.000000,17,2.1,0.0,0.0,0.0,0.0,0.0,0.0,0.0,1.0
447705,0,1,3400,-56,56,349,8.6,15,1.1,33120.000000,6,2.1,1.5,0.0,9184.000000,57,0.0,0.0,0.0,1.0
447954,0,1,3400,-55,55,352,8.8,14,0.50,34688.000000,0,2.1,0.0,0.0,0.0,0.0,0.0,0.0,0.0,1.0
448203,0,1,3400,-56,56,351,9.3,15,0.54,68032.000000,5,2.1,0.0,0.0,0.0,0.0,0.0,0.0,0.0,1.0
448452,0,1,3400,-56,56,350,12,15,0.70,59776.000000,7,2.1,0.0,0.0,0.0,0.0,0.0,0.0,0.0,1.0
448701,0,1,3400,-56,56,347,9.2,14,0.81,67744.000000,3,2.1,0.0,0.0,8160.000000,17,0.0,0.0,0.0,1.0
448950,0,1,3400,-56,56,349,9.6,15,0.65,35136.000000,5,2.1,0.0,0.0,0.0,0.0,0.0,0.0,0.0,1.0
449199,0,1,3400,-56,56,347,9.9,14,0.77,48864.000000,8,2.1,0.0,0.0,0.0,0.0,0.0,0.0,0.0,1.0
449448,0,1,3400,-56,56,351,9.4,16,0.58,53600.000000,0,2.1,0.0,0.0,0.0,0.0,0.0,0.0,0.0,1.0
449697,0,1,3400,-56,56,355,11,14,0.51,40640.000000,5,2.1,2.6,0.0,57824.000000,53,0.0,0.0,0.0,1.0
449946,0,1,3400,-56,56,351,8.8,15,0.66,49760.000000,7,2.1,8.0,0.0,0.0,0.0,0.0,0.0,0.0,1.0
450195,0,1,3400,-56,56,349,9.4,15,0.50,79968.000000,0,2.1,8.0,0.0,0.0,0.0,0.0,0.0,0.0,1.0
450444,0,1,3400,-56,56,352,8.3,14,0.50,43072.000000,0,2.1,8.0,0.0,0.0,0.0,0.0,0.0,0.0,1.0
450693,0,1,3400,-56,56,353,8.0,15,0.50,46624.000000,0,2.1,10,0.0,56864.000000,62,0.0,0.0,0.0,1.0
450942,0,1,3400,-56,56,345,8.8,14,0.64,62720.000000,3,2.1,14,0.0,0.0,0.0,0.0,0.0,0.0,1.0
451191,0,1,3400,-55,55,349,8.5,14,0.50,43200.000000,0,2.1,14,0.0,0.0,0.0,0.0,0.0,0.0,1.0
451440,0,1,3400,-56,56,355,11,14,0.72,66752.000000,3,2.1,14,0.0,0.0,0.0,0.0,0.0,0.0,1.0
451689,0,1,3400,-55,55,356,8.4,14,0.53,62912.000000,3,2.1,8.7,0.0,8160.000000,0,0.0,0.0,0.0,1.0
451938,0,1,3400,-56,56,357,7.9,14,0.51,64544.000000,0,2.1,0.0,0.0,0.0,0.0,0.0,0.0,0.0,1.0
452187,0,1,3400,-56,56,353,11,16,0.74,56800.000000,4,2.1,0.0,0.0,0.0,0.0,0.0,0.0,0.0,1.0
452436,0,1,3400,-56,56,349,9.7,14,0.72,40576.000000,5,2.1,0.0,0.0,0.0,0.0,0.0,0.0,0.0,1.0
452685,0,1,3400,-55,55,345,12,15,0.51,56384.000000,4,2.1,2.3,0.0,5952.000000,44,0.0,0.0,0.0,1.0
452934,0,1,3400,-56,56,348,9.6,14,0.92,72288.000000,3,2.1,12,0.0,0.0,0.0,0.0,0.0,0.0,1.0
453183,0,1,3400,-56,56,351,8.4,15,0.64,50336.000000,8,2.1,12,0.0,0.0,0.0,0.0,0.0,0.0,1.0
453432,0,1,3400,-55,55,348,9.7,15,0.53,45632.000000,10,2.1,12,0.0,0.0,0.0,0.0,0.0,0.0,1.0
453681,0,1,3400,-55,55,353,8.5,14,0.67,83104.000000,7,2.1,12,0.0,13280.000000,53,0.0,0.0,0.0,1.0
453930,0,1,3400,-55,55,350,9.7,14,0.53,78656.000000,5,2.1,0.0,0.0,0.0,0.0,0.0,0.0,0.0,1.0
454179,0,1,3400,-55,55,347,8.6,15,0.55,53344.000000,3,2.1,0.0,0.0,0.0,0.0,0.0,0.0,0.0,1.0
454428,0,1,3400,-55,55,346,13,15,0.54,65824.000000,10,2.1,0.0,0.0,0.0,0.0,0.0,0.0,0.0,1.0
454677,0,1,3400,-56,56,342,12,15,0.57,32032.000000,0,2.1,1.5,0.0,9184.000000,57,0.0,0.0,0.0,1.0
454926,0,1,3400,-55,55,341,8.9,14,0.86,49664.000000,13,2.1,0.0,0.0,0.0,0.0,0.0,0.0,0.0,1.0
455175,0,1,3400,-56,56,352,10,14,0.51,29952.000000,6,2.1,0.0,0.0,0.0,0.0,0.0,0.0,0.0,1.0
455424,0,1,3400,-56,56,347,8.7,14,0.50,40672.000000,0,2.1,0.0,0.0,0.0,0.0,0.0,0.0,0.0,1.0
455673,0,1,3400,-56,56,345,9.6,16,0.50,32096.000000,0,2.1,0.0,0.0,17920.000000,0,0.0,0.0,0.0,1.0
455922,0,1,3400,-56,56,352,11,15,0.91,35040.000000,6,2.1,0.0,0.0,0.0,0.0,0.0,0.0,0.0,1.0
456171,0,1,3400,-56,56,353,9.7,14,0.58,61824.000000,11,2.1,0.0,0.0,0.0,0.0,0.0,0.0,0.0,1.0
456420,0,1,3400,-55,55,353,10,15,0.60,84800.000000,7,2.1,0.0,0.0,0.0,0.0,0.0,0.0,0.0,1.0
456669,0,1,3400,-55,55,352,10.0,14,0.56,75968.000000,5,2.1,0.0,0.0,8160.000000,29,0.0,0.0,0.0,1.0
456918,0,1,3400,-55,55,347,7.9,14,0.56,69824.000000,3,2.1,0.0,0.0,0.0,0.0,0.0,0.0,0.0,1.0
457167,0,1,3400,-56,56,348,8.4,14,0.57,29632.000000,20,2.1,0.0,0.0,0.0,0.0,0.0,0.0,0.0,1.0
457416,0,1,3400,-56,56,351,7.9,15,0.50,37536.000000,0,2.1,0.0,0.0,0.0,0.0,0.0,0.0,0.0,1.0
457665,0,1,3400,-56,56,352,8.6,14,0.51,69920.000000,0,2.1,0.0,0.0,8160.000000,0,0.0,0.0,0.0,1.0
457914,0,1,3400,-56,56,349,8.9,14,0.65,59488.000000,6,2.1,0.0,0.0,0.0,0.0,0.0,0.0,0.0,1.0
458163,0,1,3400,-55,55,350,8.6,15,0.51,45824.000000,4,2.1,0.0,0.0,0.0,0.0,0.0,0.0,0.0,1.0
458412,0,1,3400,-56,56,356,11,15,0.64,80384.000000,6,2.1,0.0,0.0,0.0,0.0,0.0,0.0,0.0,1.0
458661,0,1,3400,-56,56,359,8.1,14,0.51,43008.000000,4,2.1,0.0,0.0,5536.000000,0,0.0,0.0,0.0,1.0
458910,0,1,3400,-56,56,356,8.1,15,0.50,35520.000000,0,2.1,0.0,0.0,6848.000000,0,0.0,0.0,0.0,1.0
459159,0,1,3400,-56,56,348,11,15,0.56,45952.000000,5,2.1,0.0,0.0,0.0,0.0,0.0,0.0,0.0,1.0
459408,0,1,3400,-56,56,350,9.3,14,0.73,52640.000000,10,2.1,0.0,0.0,0.0,0.0,0.0,0.0,0.0,1.0
459657,0,1,3400,-56,56,350,11,14,0.80,31840.000000,11,2.1,2.9,0.0,0.0,80,0.0,0.0,0.0,1.0
459906,0,1,3400,-56,56,350,9.5,14,1.2,30560.000000,15,2.1,7.5,0.0,0.0,0.0,0.0,0.0,0.0,1.0
460155,0,1,3400,-56,56,359,8.8,14,0.99,35296.000000,14,2.1,7.5,0.0,0.0,0.0,0.0,0.0,0.0,1.0
460404,0,1,3400,-56,56,352,10,13,0.77,46080.000000,4,2.1,7.5,0.0,0.0,0.0,0.0,0.0,0.0,1.0
460653,0,1,3400,-55,55,344,8.9,15,0.93,43840.000000,8,2.1,4.8,0.0,12384.000000,0,0.0,0.0,0.0,1.0
460902,0,1,3400,-56,56,353,11,14,0.64,35424.000000,6,2.1,0.0,0.0,0.0,0.0,0.0,0.0,0.0,1.0
461151,0,1,3400,-56,56,351,10,15,0.54,65408.000000,6,2.1,0.0,0.0,0.0,0.0,0.0,0.0,0.0,1.0
461400,0,1,3400,-56,56,353,8.3,14,0.51,66848.000000,0,2.1,0.0,0.0,0.0,0.0,0.0,0.0,0.0,1.0
461649,0,1,3400,-56,56,357,12,14,0.66,50624.000000,4,2.1,0.0,0.0,16384.000000,11,0.0,0.0,0.0,1.0
461898,0,1,3400,-56,56,356,8.3,15,0.50,42912.000000,0,2.1,0.0,0.0,0.0,0.0,0.0,0.0,0.0,1.0
462147,0,1,3400,-56,56,354,9.7,15,1.2,64896.000000,6,2.1,0.0,0.0,0.0,0.0,0.0,0.0,0.0,1.0
462396,0,1,3400,-55,55,356,12,15,0.56,97792.000000,2,2.1,0.0,0.0,0.0,0.0,0.0,0.0,0.0,1.0
462645,0,1,3400,-56,56,348,12,15,0.61,75040.000000,6,2.1,4.2,0.0,16000.000000,47,0.0,0.0,0.0,1.0
462894,0,1,3400,-56,56,354,9.4,14,0.52,75904.000000,3,2.1,1.5,0.0,12000.000000,42,0.0,0.0,0.0,1.0
463143,0,1,3400,-56,56,348,10,14,0.79,101120.000000,8,2.1,0.0,0.0,0.0,0.0,0.0,0.0,0.0,1.0
463392,0,1,3400,-56,56,348,10,14,0.65,43328.000000,0,2.1,0.0,0.0,0.0,0.0,0.0,0.0,0.0,1.0
463641,0,1,3400,-56,56,355,9.6,15,0.66,56352.000000,3,2.1,0.19,0.0,38624.000000,19,0.0,0.0,0.0,1.0
463890,0,1,3400,-55,55,355,8.2,14,0.54,37536.000000,0,2.1,0.0,0.0,0.0,0.0,0.0,0.0,0.0,1.0
464139,0,1,3400,-56,56,348,10.0,13,0.88,44320.000000,13,2.1,0.0,0.0,0.0,0.0,0.0,0.0,0.0,1.0
464388,0,1,3400,-56,56,350,10,15,0.66,53952.000000,0,2.1,0.0,0.0,0.0,0.0,0.0,0.0,0.0,1.0
464637,0,1,3400,-56,56,350,8.3,15,0.50,37728.000000,0,2.1,0.040,0.0,15712.000000,0,0.0,0.0,0.0,1.0
464886,0,1,3400,-55,55,349,8.2,13,0.51,19168.000000,8,2.1,0.0,0.0,0.0,0.0,0.0,0.0,0.0,1.0
465135,0,1,3400,-56,56,353,9.9,14,0.60,76352.000000,6,2.1,0.0,0.0,0.0,0.0,0.0,0.0,0.0,1.0
465384,0,1,3400,-55,55,355,8.9,14,0.67,54240.000000,7,2.1,0.0,0.0,0.0,0.0,0.0,0.0,0.0,1.0
465633,0,1,3400,-56,56,350,8.8,15,0.74,48256.000000,4,2.1,0.0,0.0,8160.000000,17,0.0,0.0,0.0,1.0
465882,0,1,3400,-56,56,358,9.8,15,0.82,52832.000000,7,2.1,0.0,0.0,0.0,0.0,0.0,0.0,0.0,1.0
466131,0,1,3400,-56,56,351,9.7,15,0.56,54304.000000,7,2.1,0.0,0.0,0.0,0.0,0.0,0.0,0.0,1.0
466380,0,1,3400,-55,55,356,10,14,0.50,69920.000000,0,2.1,0.0,0.0,0.0,0.0,0.0,0.0,0.0,1.0
466629,0,1,3400,-56,56,355,8.7,14,0.61,64352.000000,8,2.1,0.0,0.0,8160.000000,0,0.0,0.0,0.0,1.0
466878,0,1,3400,-56,56,353,7.9,13,0.72,55424.000000,11,2.1,0.0,0.0,0.0,0.0,0.0,0.0,0.0,1.0
467127,0,1,3400,-56,56,349,8.2,13,0.85,60256.000000,12,2.1,0.0,0.0,0.0,0.0,0.0,0.0,0.0,1.0
467376,0,1,3400,-56,56,349,7.8,14,0.51,53856.000000,0,2.1,0.0,0.0,0.0,0.0,0.0,0.0,0.0,1.0
467625,0,1,3400,-56,56,348,10,14,0.85,67136.000000,3,2.1,0.82,0.0,10336.000000,36,0.0,0.0,0.0,1.0
467874,0,1,3400,-56,56,352,8.1,15,0.50,53664.000000,0,2.1,0.0,0.0,0.0,0.0,0.0,0.0,0.0,1.0
468123,0,1,3400,-56,56,350,11,15,0.50,66048.000000,0,2.1,0.0,0.0,0.0,0.0,0.0,0.0,0.0,1.0
468372,0,1,3400,-55,55,355,10,15,0.55,78560.000000,0,2.1,0.0,0.0,0.0,0.0,0.0,0.0,0.0,1.0
468621,0,1,3400,-55,55,355,9.7,14,0.64,61920.000000,3,2.1,0.0,0.0,8160.000000,29,0.0,0.0,0.0,1.0
468870,0,1,3400,-56,56,350,12,15,0.89,34272.000000,7,2.1,0.0,0.0,0.0,0.0,0.0,0.0,0.0,1.0
469119,0,1,3400,-56,56,356,9.1,15,0.50,32000.000000,0,2.1,0.0,0.0,0.0,0.0,0.0,0.0,0.0,1.0
469368,0,1,3400,-56,56,356,9.7,14,1.3,61984.000000,9,2.1,0.0,0.0,0.0,0.0,0.0,0.0,0.0,1.0
469617,0,1,3400,-56,56,352,9.6,14,0.53,62048.000000,3,2.1,0.0,0.0,8160.000000,17,0.0,0.0,0.0,1.0
469866,0,1,3400,-56,56,347,8.4,15,0.50,43168.000000,0,2.1,0.0,0.0,0.0,0.0,0.0,0.0,0.0,1.0
470115,0,1,3400,-56,56,351,8.2,15,0.96,53920.000000,7,2.1,0.0,0.0,0.0,0.0,0.0,0.0,0.0,1.0
470364,0,1,3400,-56,56,352,8.6,14,0.76,68096.000000,3,2.1,0.0,0.0,0.0,0.0,0.0,0.0,0.0,1.0
470613,0,1,3400,-56,56,352,10,14,1.1,48288.000000,8,2.1,4.6,0.0,63040.000000,70,0.0,0.0,0.0,1.0
470862,0,1,3400,-56,56,353,8.1,14,0.52,32256.000000,0,2.1,16,0.0,0.0,0.0,0.0,0.0,0.0,1.0
471111,0,1,3400,-56,56,357,8.6,14,0.60,43136.000000,0,2.1,16,0.0,0.0,0.0,0.0,0.0,0.0,1.0
471360,0,1,3400,-56,56,356,10,14,0.50,42912.000000,0,2.1,16,0.0,0.0,0.0,0.0,0.0,0.0,1.0
471609,0,1,3400,-55,55,350,11,16,0.79,29792.000000,7,2.1,10.0,0.0,49856.000000,18,0.0,0.0,0.0,1.0
471858,0,1,3400,-56,56,348,9.3,15,0.65,40224.000000,5,2.1,0.0,0.0,0.0,0.0,0.0,0.0,0.0,1.0
472107,0,1,3400,-55,55,351,8.2,14,1.3,66368.000000,10,2.1,0.0,0.0,0.0,0.0,0.0,0.0,0.0,1.0
472356,0,1,3400,-56,56,355,9.0,14,0.57,23776.000000,8,2.1,0.0,0.0,0.0,0.0,0.0,0.0,0.0,1.0
472605,0,1,3400,-55,55,350,9.6,15,0.68,82240.000000,4,2.1,2.0,0.0,9824.000000,57,0.0,0.0,0.0,1.0
472854,0,1,3400,-55,55,347,8.1,13,0.71,79936.000000,6,2.1,0.0,0.0,0.0,0.0,0.0,0.0,0.0,1.0
473103,0,1,3400,-56,56,347,8.4,14,0.82,62912.000000,8,2.1,0.0,0.0,0.0,0.0,0.0,0.0,0.0,1.0
473352,0,1,3400,-55,55,345,7.7,15,0.50,59616.000000,0,2.1,0.0,0.0,0.0,0.0,0.0,0.0,0.0,1.0
473601,0,1,3400,-55,55,352,8.6,15,0.53,21504.000000,0,2.1,1.7,0.0,0.0,80,0.0,0.0,0.0,1.0
473850,0,1,3400,-55,55,358,8.9,14,0.59,59872.000000,10,2.1,7.5,0.0,0.0,0.0,0.0,0.0,0.0,1.0
474099,0,1,3400,-56,56,354,11,15,0.50,76960.000000,0,2.1,7.5,0.0,0.0,0.0,0.0,0.0,0.0,1.0
474348,0,1,3400,-56,56,356,9.6,14,0.55,37760.000000,0,2.1,7.5,0.0,0.0,0.0,0.0,0.0,0.0,1.0
474597,0,1,3400,-55,55,353,10,14,0.94,51232.000000,4,2.1,11,0.0,10784.000000,0,0.0,0.0,0.0,1.0
474846,0,1,3400,-56,56,344,11,14,1.2,47360.000000,8,2.1,14,0.0,0.0,0.0,0.0,0.0,0.0,1.0
475095,0,1,3400,-56,56,349,9.2,14,0.61,63072.000000,3,2.1,14,0.0,0.0,0.0,0.0,0.0,0.0,1.0
475344,0,1,3400,-56,56,352,8.9,14,0.52,56736.000000,0,2.1,14,0.0,0.0,0.0,0.0,0.0,0.0,1.0
475593,0,1,3400,-56,56,346,8.7,14,0.75,56640.000000,6,2.1,11,0.0,23648.000000,36,0.0,0.0,0.0,1.0
475842,0,1,3400,-56,56,349,9.5,15,0.57,30592.000000,17,2.1,0.0,0.0,0.0,0.0,0.0,0.0,0.0,1.0
476091,0,1,3400,-56,56,355,10,15,0.52,61984.000000,3,2.1,0.0,0.0,0.0,0.0,0.0,0.0,0.0,1.0
476340,0,1,3400,-56,56,356,10.0,14,1.1,78080.000000,7,2.1,0.0,0.0,0.0,0.0,0.0,0.0,0.0,1.0
476589,0,1,3400,-56,56,354,8.1,14,0.53,47424.000000,4,2.1,5.5,0.0,163584.000000,68,0.0,0.0,0.0,1.0
476838,0,1,3400,-55,55,353,8.0,15,0.50,54368.000000,0,2.1,16,0.0,0.0,0.0,0.0,0.0,0.0,1.0
477087,0,1,3400,-56,56,354,10,15,0.84,29952.000000,6,2.1,16,0.0,0.0,0.0,0.0,0.0,0.0,1.0
477336,0,1,3400,-56,56,351,8.6,14,0.81,53440.000000,13,2.1,16,0.0,0.0,0.0,0.0,0.0,0.0,1.0
477585,0,1,3400,-55,55,350,8.9,15,0.54,57056.000000,3,2.1,12,0.0,8160.000000,0,0.0,0.0,0.0,1.0
477834,0,1,3400,-56,56,351,8.1,14,0.52,46848.000000,4,2.1,0.0,0.0,0.0,0.0,0.0,0.0,0.0,1.0
478083,0,1,3400,-56,56,355,10,14,0.56,61024.000000,6,2.1,0.0,0.0,0.0,0.0,0.0,0.0,0.0,1.0
478332,0,1,3400,-56,56,351,7.9,14,0.60,44096.000000,0,2.1,0.0,0.0,0.0,0.0,0.0,0.0,0.0,1.0
478581,0,1,3400,-56,56,356,12,14,0.85,40288.000000,6,2.1,0.0,0.0,8160.000000,17,0.0,0.0,0.0,1.0
478830,0,1,3400,-56,56,356,7.4,14,0.92,73056.000000,6,2.1,0.0,0.0,0.0,0.0,0.0,0.0,0.0,1.0
479079,0,1,3400,-55,55,353,8.5,14,0.71,51232.000000,7,2.1,0.0,0.0,0.0,0.0,0.0,0.0,0.0,1.0
479328,0,1,3400,-56,56,353,9.3,14,0.84,65376.000000,9,2.1,0.0,0.0,0.0,0.0,0.0,0.0,0.0,1.0
479577,0,1,3400,-56,56,354,9.9,14,0.74,56064.000000,18,2.1,0.82,0.0,4384.000000,55,0.0,0.0,0.0,1.0
479826,0,1,3400,-56,56,349,10,15,0.52,84640.000000,0,2.1,0.0,0.0,6848.000000,0,0.0,0.0,0.0,1.0
480075,0,1,3400,-56,56,350,8.7,15,0.51,57344.000000,0,2.1,0.0,0.0,0.0,0.0,0.0,0.0,0.0,1.0
480324,0,1,3400,-56,56,355,8.6,14,0.60,53664.000000,0,2.1,0.0,0.0,0.0,0.0,0.0,0.0,0.0,1.0
480573,0,1,3400,-56,56,349,8.7,14,0.94,84160.000000,4,2.1,0.0,0.0,6848.000000,40,0.0,0.0,0.0,1.0
480822,0,1,3400,-56,56,351,9.5,14,0.72,33088.000000,11,2.1,0.0,0.0,13536.000000,17,0.0,0.0,0.0,1.0
481071,0,1,3400,-55,55,354,11,15,0.50,50144.000000,0,2.1,0.0,0.0,0.0,0.0,0.0,0.0,0.0,1.0
481320,0,1,3400,-56,56,352,8.7,14,0.57,35232.000000,5,2.1,0.0,0.0,0.0,0.0,0.0,0.0,0.0,1.0
481569,0,1,3400,-55,55,351,8.6,15,0.50,26976.000000,0,2.1,2.2,0.0,11232.000000,42,0.0,0.0,0.0,1.0
481818,0,1,3400,-56,56,348,8.4,14,0.51,74528.000000,0,2.1,6.0,0.0,0.0,0.0,0.0,0.0,0.0,1.0
482067,0,1,3400,-56,56,351,9.3,14,0.56,24384.000000,8,2.1,6.0,0.0,0.0,0.0,0.0,0.0,0.0,1.0
482316,0,1,3400,-56,56,348,8.0,15,0.53,51328.000000,3,2.1,6.0,0.0,0.0,0.0,0.0,0.0,0.0,1.0
482565,0,1,3400,-56,56,344,9.4,15,0.50,32448.000000,0,2.1,4.6,0.0,8064.000000,0,0.0,0.0,0.0,1.0
482814,0,1,3400,-56,56,354,10.0,15,0.59,104800.000000,2,2.1,0.0,0.0,0.0,0.0,0.0,0.0,0.0,1.0
483063,0,1,3400,-56,56,348,9.0,14,0.69,69824.000000,14,2.1,0.0,0.0,0.0,0.0,0.0,0.0,0.0,1.0
483312,0,1,3400,-56,56,347,9.4,15,0.50,77760.000000,0,2.1,0.0,0.0,0.0,0.0,0.0,0.0,0.0,1.0
483561,0,1,3400,-56,56,351,10,14,0.88,67776.000000,9,2.1,0.0,0.0,8064.000000,0,0.0,0.0,0.0,1.0
483810,0,1,3400,-56,56,358,11,14,0.50,26880.000000,0,2.1,0.0,0.0,0.0,0.0,0.0,0.0,0.0,1.0
484059,0,1,3400,-56,56,358,8.9,14,0.50,34272.000000,0,2.1,0.0,0.0,0.0,0.0,0.0,0.0,0.0,1.0
484308,0,1,3400,-56,56,349,11,14,0.82,61216.000000,10,2.1,0.0,0.0,0.0,0.0,0.0,0.0,0.0,1.0
484557,0,1,3400,-56,56,345,9.5,14,0.54,51520.000000,4,2.1,0.0,0.0,12256.000000,0,0.0,0.0,0.0,1.0
484806,0,1,3400,-56,56,357,7.6,13,0.65,43872.000000,4,2.1,0.0,0.0,0.0,0.0,0.0,0.0,0.0,1.0
485055,0,1,3400,-56,56,350,9.2,14,0.63,56512.000000,3,2.1,0.0,0.0,0.0,0.0,0.0,0.0,0.0,1.0
485304,0,1,3400,-56,56,350,8.6,14,0.50,37728.000000,0,2.1,0.0,0.0,0.0,0.0,0.0,0.0,0.0,1.0
485553,0,1,3400,-56,56,353,7.1,14,0.51,35552.000000,5,2.1,0.0,0.0,16384.000000,11,0.0,0.0,0.0,1.0
485802,0,1,3400,-56,56,356,8.9,14,0.58,26880.000000,6,2.1,0.0,0.0,0.0,0.0,0.0,0.0,0.0,1.0
486051,0,1,3400,-56,56,354,12,15,1.3,32704.000000,7,2.1,0.0,0.0,0.0,0.0,0.0,0.0,0.0,1.0
486300,0,1,3400,-56,56,354,8.6,14,0.73,35040.000000,10,2.1,0.0,0.0,0.0,0.0,0.0,0.0,0.0,1.0
486549,0,1,3400,-56,56,359,8.1,14,0.78,65600.000000,5,2.1,1.5,0.0,9184.000000,57,0.0,0.0,0.0,1.0
486798,0,1,3400,-56,56,356,10,14,0.60,67424.000000,8,2.1,0.0,0.0,0.0,0.0,0.0,0.0,0.0,1.0
487047,0,1,3400,-56,56,349,8.7,14,1.00,49888.000000,12,2.1,0.0,0.0,0.0,0.0,0.0,0.0,0.0,1.0
487296,0,1,3400,-56,56,349,10,13,0.56,59264.000000,9,2.1,0.0,0.0,0.0,0.0,0.0,0.0,0.0,1.0
487545,0,1,3400,-56,56,347,9.9,15,0.68,37792.000000,14,2.1,0.0,0.0,1312.000000,40,0.0,0.0,0.0,1.0
487794,0,1,3400,-56,56,344,9.4,13,0.79,53888.000000,7,2.1,0.0,0.0,6848.000000,0,0.0,0.0,0.0,1.0
488043,0,1,3400,-55,55,345,9.0,15,0.63,54496.000000,6,2.1,0.0,0.0,0.0,0.0,0.0,0.0,0.0,1.0
488292,0,1,3400,-56,56,348,8.0,14,0.68,44640.000000,8,2.1,0.0,0.0,0.0,0.0,0.0,0.0,0.0,1.0
488541,0,1,3400,-56,56,357,10,15,0.50,42880.000000,0,2.1,0.0,0.0,12384.000000,0,0.0,0.0,0.0,1.0
488790,0,1,3400,-56,56,358,8.9,14,0.51,43008.000000,0,2.1,0.0,0.0,0.0,0.0,0.0,0.0,0.0,1.0
489039,0,1,3400,-55,55,359,8.6,15,0.54,69984.000000,0,2.1,0.0,0.0,0.0,0.0,0.0,0.0,0.0,1.0
489288,0,1,3400,-56,56,359,9.2,14,0.52,51296.000000,4,2.1,0.0,0.0,0.0,0.0,0.0,0.0,0.0,1.0
489537,0,1,3400,-56,56,349,8.8,15,0.50,54272.000000,0,2.1,0.0,0.0,12384.000000,0,0.0,0.0,0.0,1.0
489786,0,1,3400,-56,56,346,9.3,14,0.84,54976.000000,13,2.1,0.0,0.0,0.0,0.0,0.0,0.0,0.0,1.0
490035,0,1,3400,-55,55,346,8.8,15,0.51,75232.000000,0,2.1,0.0,0.0,0.0,0.0,0.0,0.0,0.0,1.0
490284,0,1,3400,-55,55,345,9.1,14,0.51,48512.000000,0,2.1,0.0,0.0,0.0,0.0,0.0,0.0,0.0,1.0
490533,0,1,3400,-56,56,349,12,14,0.56,62752.000000,4,2.1,7.8,0.0,114304.000000,67,0.0,0.0,0.0,1.0
490782,0,1,3400,-56,56,358,8.4,14,0.51,56768.000000,3,2.1,16,0.0,0.0,0.0,0.0,0.0,0.0,1.0
491031,0,1,3400,-56,56,352,7.9,14,0.55,46752.000000,11,2.1,16,0.0,0.0,0.0,0.0,0.0,0.0,1.0
491280,0,1,3400,-56,56,355,12,15,1.1,88832.000000,11,2.1,16,0.0,0.0,0.0,0.0,0.0,0.0,1.0
491529,0,1,3400,-56,56,356,13,14,0.69,36992.000000,0,2.1,10,0.0,15072.000000,0,0.0,0.0,0.0,1.0
491778,0,1,3400,-56,56,355,8.0,14,0.50,51424.000000,0,2.1,0.0,0.0,0.0,0.0,0.0,0.0,0.0,1.0
492027,0,1,3400,-56,56,349,9.1,13,0.56,68736.000000,8,2.1,0.0,0.0,0.0,0.0,0.0,0.0,0.0,1.0
492276,0,1,3400,-56,56,349,9.1,14,0.51,43808.000000,4,2.1,0.0,0.0,0.0,0.0,0.0,0.0,0.0,1.0
492525,0,1,3400,-56,56,353,9.1,14,0.83,76032.000000,10,2.1,4.4,40,0.0,80,0.0,0.0,0.0,1.0
492774,0,1,3400,-56,56,355,9.2,15,0.50,79296.000000,0,2.1,7.0,0.0,7104.000000,0,0.0,0.0,0.0,1.0
493023,0,1,3400,-56,56,357,9.2,14,0.60,58432.000000,3,2.1,0.0,0.0,0.0,0.0,0.0,0.0,0.0,1.0
493272,0,1,3400,-56,56,355,8.5,15,0.61,21472.000000,14,2.1,0.0,0.0,0.0,0.0,0.0,0.0,0.0,1.0
493521,0,1,3400,-55,55,350,8.9,14,0.73,66400.000000,6,2.1,4.8,0.0,70016.000000,57,0.0,0.0,0.0,1.0
493770,0,1,3400,-56,56,342,7.0,14,0.54,42400.000000,0,2.1,16,0.0,0.0,0.0,0.0,0.0,0.0,1.0
494019,0,1,3400,-55,55,350,8.4,14,0.52,73248.000000,3,2.1,16,0.0,0.0,0.0,0.0,0.0,0.0,1.0
494268,0,1,3400,-56,56,352,9.5,14,0.52,58944.000000,0,2.1,16,0.0,0.0,0.0,0.0,0.0,0.0,1.0
494517,0,1,3400,-56,56,355,8.7,15,0.52,21664.000000,0,2.1,12,0.0,8160.000000,0,0.0,0.0,0.0,1.0
494766,0,1,3400,-56,56,346,9.0,15,0.60,92800.000000,4,2.1,0.0,0.0,0.0,0.0,0.0,0.0,0.0,1.0
495015,0,1,3400,-56,56,352,12,15,1.0,37792.000000,12,2.1,0.0,0.0,0.0,0.0,0.0,0.0,0.0,1.0
495264,0,1,3400,-55,55,358,9.6,14,0.84,40832.000000,5,2.1,0.0,0.0,0.0,0.0,0.0,0.0,0.0,1.0
495513,0,1,3400,-56,56,360,9.9,14,0.54,59808.000000,7,2.1,0.0,0.0,8160.000000,0,0.0,0.0,0.0,1.0
495762,0,1,3400,-56,56,358,8.8,15,0.56,39008.000000,5,2.1,0.0,0.0,0.0,0.0,0.0,0.0,0.0,1.0
496011,0,1,3400,-56,56,350,8.3,14,0.59,106016.000000,2,2.1,0.0,0.0,0.0,0.0,0.0,0.0,0.0,1.0
496260,0,1,3400,-55,55,349,10,15,0.59,88960.000000,0,2.1,0.0,0.0,0.0,0.0,0.0,0.0,0.0,1.0
496509,0,1,3400,-56,56,355,8.7,14,0.56,40544.000000,5,2.1,0.0,0.0,46816.000000,0,0.0,0.0,0.0,1.0
496758,0,1,3400,-56,56,359,7.5,14,0.52,67616.000000,3,2.1,0.0,0.0,0.0,0.0,0.0,0.0,0.0,1.0
497007,0,1,3400,-56,56,353,12,15,0.52,51552.000000,4,2.1,0.0,0.0,0.0,0.0,0.0,0.0,0.0,1.0
497256,0,1,3400,-56,56,353,8.2,14,0.50,64480.000000,0,2.1,0.0,0.0,0.0,0.0,0.0,0.0,0.0,1.0
497505,0,1,3400,-56,56,353,8.1,14,0.55,56416.000000,6,2.1,1.6,0.0,8864.000000,53,0.0,0.0,0.0,1.0
497754,0,1,3400,-56,56,349,9.1,14,0.63,83520.000000,5,2.1,0.0,0.0,0.0,0.0,0.0,0.0,0.0,1.0
498003,0,1,3400,-56,56,339,9.3,14,0.50,35200.000000,0,2.1,0.0,0.0,0.0,0.0,0.0,0.0,0.0,1.0
498252,0,1,3400,-56,56,346,8.7,15,0.51,42816.000000,0,2.1,0.0,0.0,0.0,0.0,0.0,0.0,0.0,1.0
498501,0,1,3400,-56,56,348,8.1,14,0.89,68352.000000,7,2.1,1.5,0.0,9184.000000,57,0.0,0.0,0.0,1.0
498750,0,1,3400,-56,56,350,11,15,0.53,58848.000000,0,2.1,0.0,0.0,0.0,0.0,0.0,0.0,0.0,1.0
498999,0,1,3400,-55,55,352,9.4,13,0.78,74720.000000,12,2.1,0.0,0.0,0.0,0.0,0.0,0.0,0.0,1.0
499248,0,1,3400,-56,56,355,9.9,14,0.58,87104.000000,4,2.1,0.0,0.0,0.0,0.0,0.0,0.0,0.0,1.0
499497,0,1,3400,-56,56,349,12,14,0.54,35584.000000,6,2.1,0.82,0.0,7200.000000,36,0.0,0.0,0.0,1.0
499746,0,1,3400,-55,55,352,8.0,15,0.51,75872.000000,0,2.1,0.0,0.0,0.0,0.0,0.0,0.0,0.0,1.0
499995,0,1,3400,-55,55,358,9.8,14,0.58,56224.000000,7,2.1,0.0,0.0,0.0,0.0,0.0,0.0,0.0,1.0
500244,0,1,3400,-55,55,363,8.0,14,1.1,34208.000000,21,2.1,0.0,0.0,0.0,0.0,0.0,0.0,0.0,1.0
500493,0,1,3400,-56,56,350,8.9,15,0.62,67552.000000,3,2.1,0.0,0.0,8160.000000,38,0.0,0.0,0.0,1.0
500742,0,1,3400,-56,56,354,8.9,14,0.83,61920.000000,6,2.1,0.0,0.0,0.0,0.0,0.0,0.0,0.0,1.0
500991,0,1,3400,-56,56,353,6.1,13,0.64,75136.000000,4,2.1,0.0,0.0,0.0,0.0,0.0,0.0,0.0,1.0
501240,0,1,3400,-55,55,351,9.6,14,0.90,70048.000000,15,2.1,0.0,0.0,0.0,0.0,0.0,0.0,0.0,1.0
501489,0,1,3400,-55,55,353,11,15,0.73,36672.000000,14,2.1,0.0,0.0,8160.000000,0,0.0,0.0,0.0,1.0
501738,0,1,3400,-56,56,360,9.8,14,0.91,43552.000000,8,2.1,0.0,0.0,0.0,0.0,0.0,0.0,0.0,1.0
501987,0,1,3400,-56,56,352,8.9,15,0.50,38112.000000,0,2.1,0.0,0.0,0.0,0.0,0.0,0.0,0.0,1.0
502236,0,1,3400,-55,55,354,9.2,15,0.66,81696.000000,5,2.1,0.0,0.0,0.0,0.0,0.0,0.0,0.0,1.0
502485,0,1,3400,-56,56,349,7.7,14,1.2,43712.000000,7,2.1,0.0,0.0,8160.000000,29,0.0,0.0,0.0,1.0
502734,0,1,3400,-56,56,348,9.1,15,0.52,69568.000000,0,2.1,0.0,0.0,0.0,0.0,0.0,0.0,0.0,1.0
502983,0,1,3400,-56,56,353,8.6,14,0.58,60480.000000,11,2.1,0.0,0.0,0.0,0.0,0.0,0.0,0.0,1.0
503232,0,1,3400,-56,56,350,9.1,13,0.85,44064.000000,8,2.1,0.0,0.0,0.0,0.0,0.0,0.0,0.0,1.0
503481,0,1,3400,-56,56,352,8.7,14,0.55,69536.000000,3,2.1,0.82,0.0,10336.000000,36,0.0,0.0,0.0,1.0
503730,0,1,3400,-56,56,360,8.3,14,0.62,46816.000000,10,2.1,0.0,0.0,0.0,0.0,0.0,0.0,0.0,1.0
503979,0,1,3400,-56,56,359,10,15,0.79,66464.000000,3,2.1,0.0,0.0,0.0,0.0,0.0,0.0,0.0,1.0
504228,0,1,3400,-56,56,353,8.3,15,0.53,40576.000000,4,2.1,0.0,0.0,0.0,0.0,0.0,0.0,0.0,1.0
504477,0,1,3400,-56,56,351,8.4,15,0.89,35296.000000,5,2.1,0.0,0.0,8000.000000,0,0.0,0.0,0.0,1.0
504726,0,1,3400,-56,56,348,8.7,15,0.69,37440.000000,0,2.1,0.0,0.0,0.0,0.0,0.0,0.0,0.0,1.0
504975,0,1,3400,-56,56,353,8.7,14,0.81,35456.000000,15,2.1,0.0,0.0,0.0,0.0,0.0,0.0,0.0,1.0
505224,0,1,3400,-56,56,357,9.3,13,0.56,64896.000000,8,2.1,0.0,0.0,0.0,0.0,0.0,0.0,0.0,1.0
505473,0,1,3400,-56,56,357,8.9,14,0.90,53664.000000,0,2.1,0.0,0.0,9952.000000,31,0.0,0.0,0.0,1.0
505722,0,1,3400,-56,56,356,12,15,0.88,45056.000000,14,2.1,0.0,0.0,0.0,0.0,0.0,0.0,0.0,1.0
505971,0,1,3400,-56,56,348,10,14,0.65,64544.000000,11,2.1,0.0,0.0,0.0,0.0,0.0,0.0,0.0,1.0
506220,0,1,3400,-56,56,351,8.9,14,0.59,45184.000000,4,2.1,0.0,0.0,0.0,0.0,0.0,0.0,0.0,1.0
506469,0,1,3400,-56,56,349,11,14,0.52,51872.000000,4,2.1,0.0,0.0,8160.000000,44,0.0,0.0,0.0,1.0
506718,0,1,3400,-55,55,346,10,14,0.61,40864.000000,5,2.1,13,0.0,1792.000000,33,0.0,0.0,0.0,1.0
506967,0,1,3400,-56,56,352,10.0,13,0.85,70976.000000,5,2.1,15,0.0,0.0,0.0,0.0,0.0,0.0,1.0
507216,0,1,3400,-56,56,352,9.8,14,0.74,38976.000000,9,2.1,15,0.0,0.0,0.0,0.0,0.0,0.0,1.0
507465,0,1,3400,-56,56,351,9.4,14,0.53,65152.000000,6,2.1,12,0.0,23904.000000,46,0.0,0.0,0.0,1.0
507714,0,1,3400,-56,56,355,9.1,14,0.65,72736.000000,3,2.1,0.0,0.0,0.0,0.0,0.0,0.0,0.0,1.0
507963,0,1,3400,-55,55,357,7.7,15,0.61,40928.000000,4,2.1,0.0,0.0,0.0,0.0,0.0,0.0,0.0,1.0
508212,0,1,3400,-56,56,358,9.1,14,0.82,29952.000000,6,2.1,0.0,0.0,0.0,0.0,0.0,0.0,0.0,1.0
508461,0,1,3400,-56,56,352,8.8,15,0.52,65408.000000,0,2.1,0.0,0.0,12384.000000,0,0.0,0.0,0.0,1.0
508710,0,1,3400,-56,56,349,8.5,15,0.50,37856.000000,0,2.1,0.0,0.0,0.0,0.0,0.0,0.0,0.0,1.0
508959,0,1,3400,-56,56,357,7.5,14,0.59,81120.000000,4,2.1,0.0,0.0,0.0,0.0,0.0,0.0,0.0,1.0
509208,0,1,3400,-56,56,359,9.5,14,0.56,67968.000000,3,2.1,0.0,0.0,0.0,0.0,0.0,0.0,0.0,1.0
509457,0,1,3400,-56,56,358,11,13,1.1,57152.000000,10,2.1,5.2,0.0,280672.000000,55,0.0,0.0,0.0,1.0
509706,0,1,3400,-56,56,344,16,14,0.50,21408.000000,0,2.1,16,0.0,0.0,0.0,0.0,0.0,0.0,1.0
509955,0,1,3400,-55,55,341,8.4,14,0.66,81728.000000,2,2.1,16,0.0,0.0,0.0,0.0,0.0,0.0,1.0
510204,0,1,3400,-56,56,348,8.5,15,0.50,32256.000000,0,2.1,16,0.0,0.0,0.0,0.0,0.0,0.0,1.0
510453,0,1,3400,-56,56,352,8.8,14,0.56,67904.000000,3,2.1,10.0,0.0,31872.000000,12,0.0,0.0,0.0,1.0
510702,0,1,3400,-56,56,352,8.6,14,0.50,53760.000000,0,2.1,0.0,0.0,0.0,0.0,0.0,0.0,0.0,1.0
510951,0,1,3400,-56,56,346,8.8,14,0.86,59104.000000,9,2.1,0.0,0.0,0.0,0.0,0.0,0.0,0.0,1.0
511200,0,1,3400,-55,55,351,9.5,14,0.79,67232.000000,9,2.1,0.0,0.0,0.0,0.0,0.0,0.0,0.0,1.0
511449,0,1,3400,-56,56,352,9.0,13,0.53,68096.000000,0,2.1,0.0,0.0,8064.000000,0,0.0,0.0,0.0,1.0
511698,0,1,3400,-56,56,357,9.9,14,0.57,66464.000000,5,2.1,0.0,0.0,0.0,0.0,0.0,0.0,0.0,1.0
511947,0,1,3400,-56,56,352,8.5,14,0.62,61184.000000,3,2.1,0.0,0.0,0.0,0.0,0.0,0.0,0.0,1.0
512196,0,1,3400,-56,56,351,8.3,14,0.64,76544.000000,2,2.1,0.0,0.0,0.0,0.0,0.0,0.0,0.0,1.0
512445,0,1,3400,-56,56,355,8.7,14,0.74,30944.000000,14,2.1,5.3,0.0,181408.000000,61,0.0,0.0,0.0,1.0
512694,0,1,3400,-55,55,354,10.0,15,0.81,40768.000000,5,2.1,16,0.0,0.0,0.0,0.0,0.0,0.0,1.0
512943,0,1,3400,-56,56,349,8.6,14,0.69,59744.000000,6,2.1,16,0.0,0.0,0.0,0.0,0.0,0.0,1.0
513192,0,1,3400,-56,56,356,8.4,15,0.54,27168.000000,0,2.1,16,0.0,0.0,0.0,0.0,0.0,0.0,1.0
513441,0,1,3400,-56,56,357,8.7,14,0.72,58592.000000,14,2.1,10.0,0.0,8160.000000,17,0.0,0.0,0.0,1.0
513690,0,1,3400,-56,56,357,8.1,14,0.55,61472.000000,6,2.1,0.0,0.0,0.0,0.0,0.0,0.0,0.0,1.0
513939,0,1,3400,-56,56,354,9.0,14,0.70,43616.000000,8,2.1,0.0,0.0,0.0,0.0,0.0,0.0,0.0,1.0
514188,0,1,3400,-56,56,351,11,13,0.51,40384.000000,6,2.1,0.0,0.0,0.0,0.0,0.0,0.0,0.0,1.0
514437,0,1,3400,-56,56,348,9.7,15,0.50,59040.000000,0,2.1,0.0,0.0,8160.000000,0,0.0,0.0,0.0,1.0
514686,0,1,3400,-56,56,354,11,15,0.56,110176.000000,0,2.1,0.0,0.0,0.0,0.0,0.0,0.0,0.0,1.0
514935,0,1,3400,-56,56,354,8.4,14,0.84,56640.000000,4,2.1,0.0,0.0,0.0,0.0,0.0,0.0,0.0,1.0
515184,0,1,3400,-56,56,359,9.1,13,0.53,46208.000000,4,2.1,0.0,0.0,0.0,0.0,0.0,0.0,0.0,1.0
515433,0,1,3400,-55,55,346,9.2,14,0.70,49504.000000,7,2.1,0.0,0.0,8160.000000,0,0.0,0.0,0.0,1.0
515682,0,1,3400,-56,56,347,8.8,15,0.51,19712.000000,8,2.1,0.0,0.0,0.0,0.0,0.0,0.0,0.0,1.0
515931,0,1,3400,-56,56,349,8.9,14,0.58,55456.000000,6,2.1,0.0,0.0,0.0,0.0,0.0,0.0,0.0,1.0
516180,0,1,3400,-56,56,353,9.0,13,0.89,83552.000000,16,2.1,0.0,0.0,0.0,0.0,0.0,0.0,0.0,1.0
516429,0,1,3400,-56,56,356,9.1,15,0.99,54208.000000,0,2.1,5.2,0.0,236416.000000,59,0.0,0.0,0.0,1.0
516678,0,1,3400,-55,55,357,7.1,15,0.51,30112.000000,6,2.1,16,0.0,0.0,0.0,0.0,0.0,0.0,1.0
516927,0,1,3400,-56,56,356,10.0,14,0.82,29792.000000,6,2.1,16,0.0,0.0,0.0,0.0,0.0,0.0,1.0
517176,0,1,3400,-56,56,358,8.8,15,0.61,44352.000000,8,2.1,16,0.0,0.0,0.0,0.0,0.0,0.0,1.0
517425,0,1,3400,-56,56,352,9.4,14,0.73,40928.000000,5,2.1,12,0.0,21120.000000,21,0.0,0.0,0.0,1.0
517674,0,1,3400,-56,56,350,8.0,14,0.50,50944.000000,0,2.1,0.0,0.0,0.0,0.0,0.0,0.0,0.0,1.0
517923,0,1,3400,-55,55,354,12,15,0.50,29792.000000,0,2.1,0.0,0.0,0.0,0.0,0.0,0.0,0.0,1.0
518172,0,1,3400,-56,56,356,13,14,0.50,0.0,0.0,2.1,0.0,0.0,0.0,0.0,0.0,0.0,0.0,1.0
518421,0,1,3400,-56,56,355,13,15,0.50,0.0,0.0,2.1,0.0,0.0,0.0,0.0,0.0,0.0,0.0,1.0
518670,0,1,3400,-56,56,351,13,15,0.50,0.0,0.0,2.1,0.0,0.0,0.0,0.0,0.0,0.0,0.0,1.0
518919,0,1,3400,-56,56,350,13,15,0.50,0.0,0.0,2.1,1.7,0.0,1824.000000,60,0.0,0.0,0.0,1.0
519168,0,1,3400,-56,56,356,13,15,0.50,0.0,0.0,2.1,4.5,0.0,0.0,0.0,0.0,0.0,0.0,1.0
519417,0,1,3400,-56,56,360,13,16,0.50,0.0,0.0,2.1,4.5,0.0,0.0,0.0,0.0,0.0,0.0,1.0
519666,0,1,3400,-56,56,359,13,15,0.50,0.0,0.0,2.1,4.5,0.0,0.0,0.0,0.0,0.0,0.0,1.0
519915,0,1,3400,-56,56,358,13,15,0.50,0.0,0.0,2.1,4.5,0.0,0.0,0.0,0.0,0.0,0.0,1.0
520164,0,1,3400,-56,56,356,13,15,0.50,0.0,0.0,2.1,4.5,0.0,0.0,0.0,0.0,0.0,0.0,1.0
520413,0,1,3400,-56,56,345,13,16,0.50,0.0,0.0,2.1,4.5,0.0,0.0,0.0,0.0,0.0,0.0,1.0
520662,0,1,3400,-56,56,351,13,15,0.50,0.0,0.0,2.1,4.5,0.0,0.0,0.0,0.0,0.0,0.0,1.0
520911,0,1,3400,-56,56,351,13,