time,cc,pci,earfcn,rsrp,pl,cfo,dl_mcs,dl_snr,dl_turbo,dl_brate,dl_bler,ul_ta,ul_mcs,ul_buff,ul_brate,ul_bler,rf_o,rf_u,rf_l,is_attached
0,0,0,4294967295,0.0,0.0,0.0,0.0,0.0,0.0,0.0,0.0,0.0,0.0,0.0,0.0,0.0,0.0,0.0,0.0,0.0
249,0,0,3400,0.0,0.0,0.0,0.0,0.0,0.0,0.0,0.0,0.0,0.0,0.0,0.0,0.0,0.0,0.0,0.0,0.0
498,0,0,3400,0.0,0.0,0.0,0.0,0.0,0.0,0.0,0.0,0.0,0.0,0.0,0.0,0.0,0.0,0.0,0.0,0.0
747,0,1,3400,-62,62,-185,0.53,10,0.13,581,0,0.0,0.0,0.0,0.0,0.0,0.0,0.0,0.0,0.0
996,0,1,3400,-62,62,-170,2.1,11,0.32,1312.000000,0,0.0,0.0,0.0,224,0,0.0,1.0,6.0,0.0
1245,0,1,3400,-62,62,-169,3.2,11,0.48,1056.000000,0,0.0,0.0,33,448,0,0.0,0.0,0.0,1.0
1494,0,1,3400,-62,62,-169,2.0,11,0.50,0.0,0.0,1.0,0.24,0.0,0.0,0,0.0,0.0,0.0,1.0
1743,0,1,3400,-62,62,-167,0.74,11,0.50,4256.000000,0,1.0,9.7,0.0,74080.000000,19,0.0,0.0,0.0,1.0
1992,0,1,3400,-62,62,-171,1.8,11,0.50,5650.793457,0,2.1,11,0.0,58603.175781,7,0.0,0.0,0.0,1.0
2241,0,1,3400,-62,62,-169,4.4,11,0.50,1824.000000,0,2.1,12,0.0,18080.000000,0,0.0,0.0,0.0,1.0
2490,0,1,3400,-62,62,-170,5.0,11,0.50,0.0,0.0,2.1,12,0.0,0.0,0.0,0.0,0.0,0.0,1.0
2739,0,1,3400,-62,62,-167,5.0,11,0.50,0.0,0.0,2.1,12,0.0,0.0,0.0,0.0,0.0,0.0,1.0
2988,0,1,3400,-62,62,-168,5.0,11,0.50,0.0,0.0,2.1,12,0.0,0.0,0.0,0.0,0.0,0.0,1.0
3237,0,1,3400,-62,62,-167,5.0,11,0.50,0.0,0.0,2.1,12,0.0,0.0,0.0,0.0,0.0,0.0,1.0
3486,0,1,3400,-62,62,-169,5.0,11,0.50,0.0,0.0,2.1,12,0.0,0.0,0.0,0.0,0.0,0.0,1.0
3735,0,1,3400,-62,62,-174,5.0,11,0.50,0.0,0.0,2.1,12,0.0,0.0,0.0,0.0,0.0,0.0,1.0
3984,0,1,3400,-62,62,-176,5.0,11,0.50,0.0,0.0,2.1,12,0.0,0.0,0.0,0.0,0.0,0.0,1.0
4233,0,1,3400,-62,62,-176,5.0,11,0.50,0.0,0.0,2.1,12,0.0,0.0,0.0,0.0,0.0,0.0,1.0
4482,0,1,3400,-62,62,-174,5.0,11,0.50,0.0,0.0,2.1,12,0.0,0.0,0.0,0.0,0.0,0.0,1.0
4731,0,1,3400,-62,62,-166,5.0,11,0.50,0.0,0.0,2.1,12,0.0,0.0,0.0,0.0,0.0,0.0,1.0
4980,0,1,3400,-62,62,-164,5.0,11,0.50,0.0,0.0,2.1,12,0.0,0.0,0.0,0.0,0.0,0.0,1.0
5229,0,1,3400,-62,62,-170,5.0,11,0.50,0.0,0.0,2.1,12,0.0,0.0,0.0,0.0,0.0,0.0,1.0
5478,0,1,3400,-62,62,-166,5.0,11,0.50,0.0,0.0,2.1,12,0.0,0.0,0.0,0.0,0.0,0.0,1.0
5727,0,1,3400,-62,62,-166,5.0,11,0.50,0.0,0.0,2.1,12,0.0,0.0,0.0,0.0,0.0,0.0,1.0
5976,0,1,3400,-62,62,-166,5.0,11,0.50,0.0,0.0,2.1,11,0.0,0.0,0.0,0.0,0.0,0.0,1.0
6225,0,1,3400,-62,62,-170,5.0,11,0.50,0.0,0.0,2.1,12,0.0,0.0,0.0,0.0,0.0,0.0,1.0
6474,0,1,3400,-62,62,-169,5.0,11,0.50,0.0,0.0,2.1,12,0.0,0.0,0.0,0.0,0.0,0.0,1.0
6723,0,1,3400,-62,62,-168,5.0,11,0.50,0.0,0.0,2.1,12,0.0,0.0,0.0,0.0,0.0,0.0,1.0
6972,0,1,3400,-62,62,-167,5.0,11,0.50,0.0,0.0,2.1,12,0.0,0.0,0.0,0.0,0.0,0.0,1.0
7221,0,1,3400,-62,62,-171,5.0,11,0.50,0.0,0.0,2.1,12,0.0,0.0,0.0,0.0,0.0,0.0,1.0
7470,0,1,3400,-62,62,-167,5.0,11,0.50,0.0,0.0,2.1,12,0.0,0.0,0.0,0.0,0.0,0.0,1.0
7719,0,1,3400,-62,62,-164,5.0,11,0.50,0.0,0.0,2.1,12,0.0,0.0,0.0,0.0,0.0,0.0,1.0
7968,0,1,3400,-62,62,-167,5.0,11,0.50,0.0,0.0,2.1,12,0.0,0.0,0.0,0.0,0.0,0.0,1.0
8217,0,1,3400,-62,62,-167,5.0,11,0.50,0.0,0.0,2.1,11,0.0,0.0,0.0,0.0,0.0,0.0,1.0
8466,0,1,3400,-62,62,-166,5.0,11,0.50,0.0,0.0,2.1,12,0.0,0.0,0.0,0.0,0.0,0.0,1.0
8715,0,1,3400,-62,62,-168,5.0,11,0.50,0.0,0.0,2.1,12,0.0,0.0,0.0,0.0,0.0,0.0,1.0
8964,0,1,3400,-62,62,-169,5.0,11,0.50,0.0,0.0,2.1,12,0.0,0.0,0.0,0.0,0.0,0.0,1.0
9213,0,1,3400,-62,62,-168,5.0,11,0.50,0.0,0.0,2.1,12,0.0,0.0,0.0,0.0,0.0,0.0,1.0
9462,0,1,3400,-62,62,-168,5.0,11,0.50,0.0,0.0,2.1,12,0.0,0.0,0.0,0.0,0.0,0.0,1.0
9711,0,1,3400,-62,62,-168,5.0,11,0.50,0.0,0.0,2.1,12,0.0,0.0,0.0,0.0,0.0,0.0,1.0
9960,0,1,3400,-62,62,-169,5.0,11,0.50,0.0,0.0,2.1,12,0.0,0.0,0.0,0.0,0.0,0.0,1.0
10209,0,1,3400,-62,62,-170,5.0,11,0.50,0.0,0.0,2.1,12,0.0,0.0,0.0,0.0,0.0,0.0,1.0
10458,0,1,3400,-62,62,-171,5.0,11,0.50,0.0,0.0,2.1,11,0.0,0.0,0.0,0.0,1.0,0.0,1.0
10707,0,1,3400,-62,62,-170,5.0,11,0.50,0.0,0.0,2.1,12,0.0,0.0,0.0,0.0,0.0,0.0,1.0
10956,0,1,3400,-62,62,-173,5.0,11,0.50,0.0,0.0,2.1,11,0.0,0.0,0.0,0.0,1.0,4.0,1.0
11205,0,1,3400,-62,62,-167,5.0,11,0.50,0.0,0.0,2.1,12,0.0,0.0,0.0,0.0,0.0,0.0,1.0
11454,0,1,3400,-62,62,-169,5.0,11,0.50,0.0,0.0,2.1,12,0.0,0.0,0.0,0.0,0.0,0.0,1.0
11703,0,1,3400,-62,62,-166,5.0,11,0.50,0.0,0.0,2.1,12,0.0,0.0,0.0,0.0,0.0,0.0,1.0
11952,0,1,3400,-62,62,-168,5.0,11,0.50,0.0,0.0,2.1,12,0.0,0.0,0.0,0.0,0.0,0.0,1.0
12201,0,1,3400,-62,62,-168,5.0,11,0.50,0.0,0.0,2.1,12,0.0,0.0,0.0,0.0,0.0,0.0,1.0
12450,0,1,3400,-62,62,-171,5.0,11,0.50,0.0,0.0,2.1,12,0.0,0.0,0.0,0.0,0.0,0.0,1.0
12699,0,1,3400,-62,62,-170,5.0,11,0.50,0.0,0.0,2.1,12,0.0,0.0,0.0,0.0,0.0,0.0,1.0
12948,0,1,3400,-62,62,-169,5.0,11,0.50,0.0,0.0,2.1,12,0.0,0.0,0.0,0.0,0.0,0.0,1.0
13197,0,1,3400,-62,62,-169,5.0,11,0.50,0.0,0.0,2.1,12,0.0,0.0,0.0,0.0,0.0,0.0,1.0
13446,0,1,3400,-62,62,-170,5.0,11,0.50,0.0,0.0,2.1,11,0.0,0.0,0.0,0.0,1.0,1.0,1.0
13695,0,1,3400,-62,62,-166,5.0,11,0.50,0.0,0.0,2.1,12,0.0,0.0,0.0,0.0,0.0,0.0,1.0
13944,0,1,3400,-62,62,-168,5.0,11,0.50,0.0,0.0,2.1,11,0.0,0.0,0.0,0.0,0.0,0.0,1.0
14193,0,1,3400,-62,62,-173,5.0,11,0.50,0.0,0.0,2.1,12,0.0,0.0,0.0,0.0,0.0,0.0,1.0
14442,0,1,3400,-62,62,-170,5.0,11,0.50,0.0,0.0,2.1,11,0.0,0.0,0.0,0.0,0.0,0.0,1.0
14691,0,1,3400,-62,62,-169,5.0,11,0.50,0.0,0.0,2.1,12,0.0,0.0,0.0,0.0,0.0,0.0,1.0
14940,0,1,3400,-62,62,-171,5.0,11,0.50,0.0,0.0,2.1,12,0.0,0.0,0.0,0.0,0.0,0.0,1.0
15189,0,1,3400,-62,62,-170,5.0,11,0.50,0.0,0.0,2.1,12,0.0,0.0,0.0,0.0,0.0,0.0,1.0
15438,0,1,3400,-62,62,-166,5.0,11,0.50,0.0,0.0,2.1,12,0.0,0.0,0.0,0.0,0.0,0.0,1.0
15687,0,1,3400,-62,62,-170,5.0,11,0.50,0.0,0.0,2.1,12,0.0,0.0,0.0,0.0,0.0,0.0,1.0
15936,0,1,3400,-62,62,-167,5.0,11,0.50,0.0,0.0,2.1,12,0.0,0.0,0.0,0.0,0.0,0.0,1.0
16185,0,1,3400,-62,62,-164,5.0,11,0.50,0.0,0.0,2.1,12,0.0,0.0,0.0,0.0,0.0,0.0,1.0
16434,0,1,3400,-62,62,-168,5.0,11,0.50,0.0,0.0,2.1,12,0.0,0.0,0.0,0.0,0.0,0.0,1.0
16683,0,1,3400,-62,62,-169,5.0,11,0.50,0.0,0.0,2.1,11,0.0,0.0,0.0,0.0,0.0,0.0,1.0
16932,0,1,3400,-62,62,-171,5.0,11,0.50,0.0,0.0,2.1,12,0.0,0.0,0.0,0.0,0.0,0.0,1.0
17181,0,1,3400,-62,62,-168,5.0,11,0.50,0.0,0.0,2.1,12,0.0,0.0,0.0,0.0,0.0,0.0,1.0
17430,0,1,3400,-62,62,-165,5.0,11,0.50,0.0,0.0,2.1,12,0.0,0.0,0.0,0.0,0.0,0.0,1.0
17679,0,1,3400,-62,62,-170,5.0,11,0.50,0.0,0.0,2.1,12,0.0,0.0,0.0,0.0,0.0,0.0,1.0
17928,0,1,3400,-62,62,-170,5.0,11,0.50,0.0,0.0,2.1,12,0.0,0.0,0.0,0.0,0.0,0.0,1.0
18177,0,1,3400,-62,62,-171,5.0,11,0.50,0.0,0.0,2.1,12,0.0,0.0,0.0,0.0,0.0,0.0,1.0
18426,0,1,3400,-62,62,-166,5.0,11,0.50,0.0,0.0,2.1,12,0.0,0.0,0.0,0.0,0.0,0.0,1.0
18675,0,1,3400,-62,62,-168,5.0,11,0.50,0.0,0.0,2.1,12,0.0,0.0,0.0,0.0,0.0,0.0,1.0
18924,0,1,3400,-62,62,-173,5.0,11,0.50,0.0,0.0,2.1,12,0.0,0.0,0.0,0.0,0.0,0.0,1.0
19173,0,1,3400,-62,62,-170,5.0,11,0.50,0.0,0.0,2.1,12,0.0,0.0,0.0,0.0,0.0,0.0,1.0
19422,0,1,3400,-62,62,-166,5.0,11,0.50,0.0,0.0,2.1,12,0.0,0.0,0.0,0.0,0.0,0.0,1.0
19671,0,1,3400,-62,62,-163,5.0,11,0.50,0.0,0.0,2.1,11,0.0,0.0,0.0,0.0,0.0,0.0,1.0
19920,0,1,3400,-62,62,-171,5.0,11,0.50,0.0,0.0,2.1,12,0.0,0.0,0.0,0.0,0.0,0.0,1.0
20169,0,1,3400,-62,62,-168,5.0,11,0.50,0.0,0.0,2.1,12,0.0,0.0,0.0,0.0,0.0,0.0,1.0
20418,0,1,3400,-62,62,-167,5.0,11,0.50,0.0,0.0,2.1,11,0.0,0.0,0.0,0.0,0.0,0.0,1.0
20667,0,1,3400,-62,62,-168,5.0,11,0.50,0.0,0.0,2.1,12,0.0,0.0,0.0,0.0,0.0,0.0,1.0
20916,0,1,3400,-62,62,-172,5.0,11,0.50,0.0,0.0,2.1,12,0.0,0.0,0.0,0.0,0.0,0.0,1.0
21165,0,1,3400,-62,62,-168,5.0,11,0.50,0.0,0.0,2.1,12,0.0,0.0,0.0,0.0,0.0,0.0,1.0
21414,0,1,3400,-62,62,-167,5.0,11,0.50,0.0,0.0,2.1,11,0.0,0.0,0.0,0.0,0.0,0.0,1.0
21663,0,1,3400,-62,62,-174,5.0,11,0.50,0.0,0.0,2.1,12,0.0,0.0,0.0,0.0,0.0,0.0,1.0
21912,0,1,3400,-62,62,-172,5.0,11,0.50,0.0,0.0,2.1,12,0.0,0.0,0.0,0.0,0.0,0.0,1.0
22161,0,1,3400,-62,62,-169,5.0,10,0.50,0.0,0.0,2.1,12,0.0,0.0,0.0,0.0,0.0,0.0,1.0
22410,0,1,3400,-62,62,-168,5.0,11,0.50,0.0,0.0,2.1,12,0.0,0.0,0.0,0.0,0.0,0.0,1.0
22659,0,1,3400,-62,62,-168,5.0,11,0.50,0.0,0.0,2.1,12,0.0,0.0,0.0,0.0,0.0,0.0,1.0
22908,0,1,3400,-62,62,-168,5.0,11,0.50,0.0,0.0,2.1,12,0.0,0.0,0.0,0.0,0.0,0.0,1.0
23157,0,1,3400,-62,62,-170,5.0,11,0.50,0.0,0.0,2.1,12,0.0,0.0,0.0,0.0,0.0,0.0,1.0
23406,0,1,3400,-62,62,-171,5.0,11,0.50,0.0,0.0,2.1,11,0.0,0.0,0.0,0.0,0.0,0.0,1.0
23655,0,1,3400,-62,62,-170,5.0,11,0.50,0.0,0.0,2.1,12,0.0,0.0,0.0,0.0,0.0,0.0,1.0
23904,0,1,3400,-62,62,-168,5.0,11,0.50,0.0,0.0,2.1,12,0.0,0.0,0.0,0.0,0.0,0.0,1.0
24153,0,1,3400,-62,62,-162,5.0,11,0.50,0.0,0.0,2.1,12,0.0,0.0,0.0,0.0,0.0,0.0,1.0
24402,0,1,3400,-62,62,-170,5.0,11,0.50,0.0,0.0,2.1,12,0.0,0.0,0.0,0.0,0.0,0.0,1.0
24651,0,1,3400,-62,62,-170,5.0,11,0.50,0.0,0.0,2.1,12,0.0,0.0,0.0,0.0,0.0,0.0,1.0
24900,0,1,3400,-62,62,-171,5.0,11,0.50,0.0,0.0,2.1,12,0.0,0.0,0.0,0.0,0.0,0.0,1.0
25149,0,1,3400,-62,62,-170,5.0,11,0.50,0.0,0.0,2.1,12,0.0,0.0,0.0,0.0,0.0,0.0,1.0
25398,0,1,3400,-62,62,-167,5.0,11,0.50,0.0,0.0,2.1,12,0.0,0.0,0.0,0.0,0.0,0.0,1.0
25647,0,1,3400,-62,62,-166,5.0,11,0.50,0.0,0.0,2.1,12,0.0,0.0,0.0,0.0,0.0,0.0,1.0
25896,0,1,3400,-62,62,-168,5.0,11,0.50,0.0,0.0,2.1,12,0.0,0.0,0.0,0.0,0.0,0.0,1.0
26145,0,1,3400,-62,62,-162,5.0,11,0.50,0.0,0.0,2.1,12,0.0,0.0,0.0,0.0,0.0,0.0,1.0
26394,0,1,3400,-62,62,-167,5.0,11,0.50,0.0,0.0,2.1,12,0.0,0.0,0.0,0.0,0.0,0.0,1.0
26643,0,1,3400,-62,62,-171,5.0,11,0.50,0.0,0.0,2.1,12,0.0,0.0,0.0,0.0,0.0,0.0,1.0
26892,0,1,3400,-62,62,-167,5.0,11,0.50,0.0,0.0,2.1,12,0.0,0.0,0.0,0.0,0.0,0.0,1.0
27141,0,1,3400,-62,62,-167,5.0,11,0.50,0.0,0.0,2.1,12,0.0,0.0,0.0,0.0,0.0,0.0,1.0
27390,0,1,3400,-62,62,-171,5.0,11,0.50,0.0,0.0,2.1,12,0.0,0.0,0.0,0.0,0.0,0.0,1.0
27639,0,1,3400,-62,62,-170,5.0,11,0.50,0.0,0.0,2.1,12,0.0,0.0,0.0,0.0,0.0,0.0,1.0
27888,0,1,3400,-62,62,-172,5.0,11,0.50,0.0,0.0,2.1,12,0.0,0.0,0.0,0.0,0.0,0.0,1.0
28137,0,1,3400,-62,62,-170,5.0,11,0.50,0.0,0.0,2.1,12,0.0,0.0,0.0,0.0,0.0,0.0,1.0
28386,0,1,3400,-62,62,-169,5.0,11,0.50,0.0,0.0,2.1,12,0.0,0.0,0.0,0.0,0.0,0.0,1.0
28635,0,1,3400,-62,62,-169,5.0,11,0.50,0.0,0.0,2.1,11,0.0,0.0,0.0,0.0,0.0,0.0,1.0
28884,0,1,3400,-62,62,-169,5.0,11,0.50,0.0,0.0,2.1,12,0.0,0.0,0.0,0.0,0.0,0.0,1.0
29133,0,1,3400,-62,62,-170,5.0,11,0.50,0.0,0.0,2.1,11,0.0,0.0,0.0,0.0,0.0,0.0,1.0
29382,0,1,3400,-62,62,-173,5.0,11,0.50,0.0,0.0,2.1,12,0.0,0.0,0.0,0.0,0.0,0.0,1.0
29631,0,1,3400,-62,62,-170,5.0,11,0.50,0.0,0.0,2.1,12,0.0,0.0,0.0,0.0,0.0,0.0,1.0
29880,0,1,3400,-62,62,-169,5.0,11,0.50,0.0,0.0,2.1,11,0.0,0.0,0.0,0.0,0.0,0.0,1.0
30129,0,1,3400,-62,62,-172,5.0,11,0.50,0.0,0.0,2.1,12,0.0,0.0,0.0,0.0,0.0,0.0,1.0
30378,0,1,3400,-62,62,-171,5.0,11,0.50,0.0,0.0,2.1,12,0.0,0.0,0.0,0.0,0.0,0.0,1.0
30627,0,1,3400,-62,62,-170,5.0,11,0.50,0.0,0.0,2.1,12,0.0,0.0,0.0,0.0,0.0,0.0,1.0
30876,0,1,3400,-62,62,-170,5.0,11,0.50,0.0,0.0,2.1,12,0.0,0.0,0.0,0.0,0.0,0.0,1.0
31125,0,1,3400,-62,62,-167,5.0,11,0.50,0.0,0.0,2.1,12,0.0,0.0,0.0,0.0,0.0,0.0,1.0
31374,0,1,3400,-62,62,-168,5.0,11,0.50,0.0,0.0,2.1,12,0.0,0.0,0.0,0.0,0.0,0.0,1.0
31623,0,1,3400,-62,62,-164,5.0,11,0.50,0.0,0.0,2.1,12,0.0,0.0,0.0,0.0,0.0,0.0,1.0
31872,0,1,3400,-62,62,-176,5.0,11,0.50,0.0,0.0,2.1,12,0.0,0.0,0.0,0.0,0.0,0.0,1.0
32121,0,1,3400,-62,62,-175,5.0,11,0.50,0.0,0.0,2.1,11,0.0,0.0,0.0,0.0,0.0,0.0,1.0
32370,0,1,3400,-62,62,-164,5.0,11,0.50,0.0,0.0,2.1,12,0.0,0.0,0.0,0.0,0.0,0.0,1.0
32619,0,1,3400,-62,62,-167,5.0,11,0.50,0.0,0.0,2.1,12,0.0,0.0,0.0,0.0,0.0,0.0,1.0
32868,0,1,3400,-62,62,-172,5.0,11,0.50,0.0,0.0,2.1,12,0.0,0.0,0.0,0.0,0.0,0.0,1.0
33117,0,1,3400,-62,62,-166,5.0,11,0.50,0.0,0.0,2.1,12,0.0,0.0,0.0,0.0,0.0,0.0,1.0
33366,0,1,3400,-62,62,-169,5.0,11,0.50,0.0,0.0,2.1,12,0.0,0.0,0.0,0.0,0.0,0.0,1.0
33615,0,1,3400,-62,62,-170,5.0,11,0.50,0.0,0.0,2.1,12,0.0,0.0,0.0,0.0,0.0,0.0,1.0
33864,0,1,3400,-62,62,-169,5.0,11,0.50,0.0,0.0,2.1,12,0.0,0.0,0.0,0.0,0.0,0.0,1.0
34113,0,1,3400,-62,62,-168,5.0,11,0.50,0.0,0.0,2.1,12,0.0,0.0,0.0,0.0,0.0,0.0,1.0
34362,0,1,3400,-62,62,-170,5.0,11,0.50,0.0,0.0,2.1,12,0.0,0.0,0.0,0.0,0.0,0.0,1.0
34611,0,1,3400,-62,62,-170,5.0,11,0.50,0.0,0.0,2.1,12,0.0,0.0,0.0,0.0,0.0,0.0,1.0
34860,0,1,3400,-62,62,-167,5.0,11,0.50,0.0,0.0,2.1,12,0.0,0.0,0.0,0.0,0.0,0.0,1.0
35109,0,1,3400,-62,62,-166,5.0,11,0.50,0.0,0.0,2.1,12,0.0,0.0,0.0,0.0,0.0,0.0,1.0
35358,0,1,3400,-62,62,-169,5.0,11,0.50,0.0,0.0,2.1,12,0.0,0.0,0.0,0.0,0.0,0.0,1.0
35607,0,1,3400,-62,62,-164,5.0,11,0.50,0.0,0.0,2.1,12,0.0,0.0,0.0,0.0,0.0,0.0,1.0
35856,0,1,3400,-62,62,-163,5.0,11,0.50,0.0,0.0,2.1,12,0.0,0.0,0.0,0.0,0.0,0.0,1.0
36105,0,1,3400,-62,62,-166,5.0,11,0.50,0.0,0.0,2.1,12,0.0,0.0,0.0,0.0,0.0,0.0,1.0
36354,0,1,3400,-62,62,-167,5.0,11,0.50,0.0,0.0,2.1,11,0.0,0.0,0.0,0.0,0.0,0.0,1.0
36603,0,1,3400,-62,62,-170,5.0,11,0.50,0.0,0.0,2.1,12,0.0,0.0,0.0,0.0,0.0,0.0,1.0
36852,0,1,3400,-62,62,-173,5.0,11,0.50,0.0,0.0,2.1,12,0.0,0.0,0.0,0.0,0.0,0.0,1.0
37101,0,1,3400,-62,62,-171,5.0,11,0.50,0.0,0.0,2.1,11,0.0,0.0,0.0,0.0,0.0,0.0,1.0
37350,0,1,3400,-62,62,-169,5.0,11,0.50,0.0,0.0,2.1,12,0.0,0.0,0.0,0.0,0.0,0.0,1.0
37599,0,1,3400,-62,62,-167,5.0,11,0.50,0.0,0.0,2.1,12,0.0,0.0,0.0,0.0,0.0,0.0,1.0
37848,0,1,3400,-62,62,-169,5.0,11,0.50,0.0,0.0,2.1,12,0.0,0.0,0.0,0.0,0.0,0.0,1.0
38097,0,1,3400,-62,62,-171,5.0,11,0.50,0.0,0.0,2.1,12,0.0,0.0,0.0,0.0,0.0,0.0,1.0
38346,0,1,3400,-62,62,-166,5.0,11,0.50,0.0,0.0,2.1,12,0.0,0.0,0.0,0.0,0.0,0.0,1.0
38595,0,1,3400,-62,62,-167,5.0,11,0.50,0.0,0.0,2.1,12,0.0,0.0,0.0,0.0,0.0,0.0,1.0
38844,0,1,3400,-62,62,-166,5.0,11,0.50,0.0,0.0,2.1,12,0.0,0.0,0.0,0.0,0.0,0.0,1.0
39093,0,1,3400,-62,62,-172,5.0,10,0.50,0.0,0.0,2.1,12,0.0,0.0,0.0,0.0,0.0,0.0,1.0
39342,0,1,3400,-62,62,-171,5.0,11,0.50,0.0,0.0,2.1,12,0.0,0.0,0.0,0.0,0.0,0.0,1.0
39591,0,1,3400,-62,62,-170,5.0,11,0.50,0.0,0.0,2.1,12,0.0,0.0,0.0,0.0,0.0,0.0,1.0
39840,0,1,3400,-62,62,-171,5.0,11,0.50,0.0,0.0,2.1,12,0.0,0.0,0.0,0.0,0.0,0.0,1.0
40089,0,1,3400,-62,62,-175,5.0,11,0.50,0.0,0.0,2.1,12,0.0,0.0,0.0,0.0,0.0,0.0,1.0
40338,0,1,3400,-62,62,-169,5.0,11,0.50,0.0,0.0,2.1,12,0.0,0.0,0.0,0.0,0.0,0.0,1.0
40587,0,1,3400,-62,62,-169,5.0,11,0.50,0.0,0.0,2.1,12,0.0,0.0,0.0,0.0,0.0,0.0,1.0
40836,0,1,3400,-62,62,-169,5.0,11,0.50,0.0,0.0,2.1,12,0.0,0.0,0.0,0.0,0.0,0.0,1.0
41085,0,1,3400,-62,62,-169,5.0,11,0.50,0.0,0.0,2.1,12,0.0,0.0,0.0,0.0,0.0,0.0,1.0
41334,0,1,3400,-62,62,-170,5.0,11,0.50,0.0,0.0,2.1,12,0.0,0.0,0.0,0.0,0.0,0.0,1.0
41583,0,1,3400,-62,62,-167,5.0,11,0.50,0.0,0.0,2.1,12,0.0,0.0,0.0,0.0,0.0,0.0,1.0
41832,0,1,3400,-62,62,-170,5.0,11,0.50,0.0,0.0,2.1,12,0.0,0.0,0.0,0.0,0.0,0.0,1.0
42081,0,1,3400,-62,62,-168,5.0,11,0.50,0.0,0.0,2.1,11,0.0,0.0,0.0,0.0,0.0,0.0,1.0
42330,0,1,3400,-62,62,-163,5.0,11,0.50,0.0,0.0,2.1,12,0.0,0.0,0.0,0.0,0.0,0.0,1.0
42579,0,1,3400,-62,62,-167,5.0,11,0.50,0.0,0.0,2.1,12,0.0,0.0,0.0,0.0,0.0,0.0,1.0
42828,0,1,3400,-62,62,-167,5.0,11,0.50,0.0,0.0,2.1,11,0.0,0.0,0.0,0.0,0.0,0.0,1.0
43077,0,1,3400,-62,62,-171,5.0,11,0.50,0.0,0.0,2.1,12,0.0,0.0,0.0,0.0,0.0,0.0,1.0
43326,0,1,3400,-62,62,-166,5.0,11,0.50,0.0,0.0,2.1,12,0.0,0.0,0.0,0.0,0.0,0.0,1.0
43575,0,1,3400,-62,62,-167,5.0,11,0.50,0.0,0.0,2.1,12,0.0,0.0,0.0,0.0,0.0,0.0,1.0
43824,0,1,3400,-62,62,-172,5.0,11,0.50,0.0,0.0,2.1,12,0.0,0.0,0.0,0.0,0.0,0.0,1.0
44073,0,1,3400,-62,62,-170,5.0,11,0.50,0.0,0.0,2.1,12,0.0,0.0,0.0,0.0,0.0,0.0,1.0
44322,0,1,3400,-62,62,-171,5.0,11,0.50,0.0,0.0,2.1,12,0.0,0.0,0.0,0.0,0.0,0.0,1.0
44571,0,1,3400,-62,62,-172,5.0,11,0.50,0.0,0.0,2.1,12,0.0,0.0,0.0,0.0,0.0,0.0,1.0
44820,0,1,3400,-62,62,-171,5.0,11,0.50,0.0,0.0,2.1,12,0.0,0.0,0.0,0.0,0.0,0.0,1.0
45069,0,1,3400,-62,62,-166,5.0,11,0.50,0.0,0.0,2.1,12,0.0,0.0,0.0,0.0,0.0,0.0,1.0
45318,0,1,3400,-62,62,-168,5.0,11,0.50,0.0,0.0,2.1,12,0.0,0.0,0.0,0.0,0.0,0.0,1.0
45567,0,1,3400,-62,62,-170,5.0,11,0.50,0.0,0.0,2.1,12,0.0,0.0,0.0,0.0,0.0,0.0,1.0
45816,0,1,3400,-62,62,-169,5.0,11,0.50,0.0,0.0,2.1,12,0.0,0.0,0.0,0.0,0.0,0.0,1.0
46065,0,1,3400,-62,62,-164,5.0,11,0.50,0.0,0.0,2.1,11,0.0,0.0,0.0,0.0,0.0,0.0,1.0
46314,0,1,3400,-62,62,-165,5.0,11,0.50,0.0,0.0,2.1,12,0.0,0.0,0.0,0.0,0.0,0.0,1.0
46563,0,1,3400,-62,62,-169,5.0,11,0.50,0.0,0.0,2.1,12,0.0,0.0,0.0,0.0,0.0,0.0,1.0
46812,0,1,3400,-62,62,-171,5.0,11,0.50,0.0,0.0,2.1,12,0.0,0.0,0.0,0.0,0.0,0.0,1.0
47061,0,1,3400,-62,62,-169,5.0,11,0.50,0.0,0.0,2.1,12,0.0,0.0,0.0,0.0,0.0,0.0,1.0
47310,0,1,3400,-62,62,-168,5.0,11,0.50,0.0,0.0,2.1,12,0.0,0.0,0.0,0.0,0.0,0.0,1.0
47559,0,1,3400,-62,62,-174,5.0,11,0.50,0.0,0.0,2.1,12,0.0,0.0,0.0,0.0,0.0,0.0,1.0
47808,0,1,3400,-62,62,-170,5.0,11,0.50,0.0,0.0,2.1,12,0.0,0.0,0.0,0.0,0.0,0.0,1.0
48057,0,1,3400,-62,62,-169,5.0,11,0.50,0.0,0.0,2.1,12,0.0,0.0,0.0,0.0,0.0,0.0,1.0
48306,0,1,3400,-62,62,-170,5.0,11,0.50,0.0,0.0,2.1,12,0.0,0.0,0.0,0.0,0.0,0.0,1.0
48555,0,1,3400,-62,62,-171,5.0,11,0.50,0.0,0.0,2.1,12,0.0,0.0,0.0,0.0,0.0,0.0,1.0
48804,0,1,3400,-62,62,-172,5.0,11,0.50,0.0,0.0,2.1,12,0.0,0.0,0.0,0.0,0.0,0.0,1.0
49053,0,1,3400,-62,62,-170,5.0,11,0.50,0.0,0.0,2.1,12,0.0,0.0,0.0,0.0,0.0,0.0,1.0
49302,0,1,3400,-62,62,-167,5.0,11,0.50,0.0,0.0,2.1,12,0.0,0.0,0.0,0.0,0.0,0.0,1.0
49551,0,1,3400,-62,62,-169,4.5,11,0.49,93184.000000,0,2.1,11,1109.000000,0.0,0.0,0.0,0.0,0.0,1.0
49800,0,1,3400,-62,62,-173,7.9,11,0.52,128637.453125,0,2.1,14,583,0.0,80,0.0,1.0,1.0,1.0
50049,0,1,3400,-62,62,-166,4.3,11,0.50,156302.781250,0,2.1,6.7,0.0,14884.461914,57,0.0,0.0,0.0,1.0
50298,0,1,3400,-62,62,-165,7.0,11,0.57,84768.000000,0,2.1,0.0,0.0,0.0,80,0.0,0.0,0.0,1.0
50547,0,1,3400,-62,62,-168,8.6,11,0.50,145536.000000,0,2.1,7.0,0.0,24992.000000,50,0.0,0.0,0.0,1.0
50796,0,1,3400,-62,62,-167,8.7,11,0.50,129696.000000,0,2.1,15,0.0,0.0,0.0,0.0,0.0,0.0,1.0
51045,0,1,3400,-62,62,-165,10,11,0.55,106677.289062,0,2.1,12,0.0,5513.944336,0,0.0,0.0,0.0,1.0
51294,0,1,3400,-62,62,-171,17,11,0.84,77024.000000,0,2.1,13,0.0,34112.000000,44,0.0,0.0,0.0,1.0
51543,0,1,3400,-62,62,-163,14,11,0.59,114167.328125,0,2.1,15,0.0,94342.632812,65,0.0,0.0,0.0,1.0
51792,0,1,3400,-62,62,-167,18,11,0.96,141376.000000,0,2.1,13,0.0,5536.000000,50,0.0,0.0,0.0,1.0
52041,0,1,3400,-62,62,-167,8.5,11,0.51,96382.468750,0,2.1,16,0.0,0.0,100.000000,0.0,0.0,0.0,1.0
52290,0,1,3400,-62,62,-162,8.7,11,0.51,101152.000000,0,2.1,11,0.0,5536.000000,0,0.0,0.0,0.0,1.0
52539,0,1,3400,-62,62,-163,9.6,11,0.63,170103.578125,0,2.1,15,0.0,5513.944336,57,0.0,0.0,0.0,1.0
52788,0,1,3400,-62,62,-170,6.2,11,0.50,152224.000000,0,2.1,1.5,0.0,1312.000000,73,0.0,0.0,0.0,1.0
53037,0,1,3400,-62,62,-173,5.9,11,0.50,167330.671875,0,2.1,1.1,0.0,5513.944336,57,0.0,0.0,0.0,1.0
53286,0,1,3400,-62,62,-168,6.8,11,0.50,108032.000000,0,2.1,11,0.0,39136.000000,0,0.0,0.0,0.0,1.0
53535,0,1,3400,-62,62,-171,4.9,11,0.50,112318.726562,0,2.1,15,0.0,0.0,80,0.0,0.0,0.0,1.0
53784,0,1,3400,-62,62,-173,3.9,11,0.50,108480.000000,0,2.1,14,0.0,5536.000000,0,0.0,0.0,0.0,1.0
54033,0,1,3400,-62,62,-170,10,11,0.50,91219.125000,0,2.1,15,0.0,16988.046875,0,0.0,0.0,0.0,1.0
54282,0,1,3400,-62,62,-170,5.1,11,0.50,97816.734375,0,2.1,15,0.0,0.0,0.0,0.0,0.0,0.0,1.0
54531,0,1,3400,-62,62,-169,7.2,11,0.52,113216.000000,0,2.1,15,0.0,20160.000000,20,0.0,0.0,0.0,1.0
54780,0,1,3400,-62,62,-167,11,11,0.69,103488.000000,0,2.1,8.0,0.0,131008.000000,71,0.0,0.0,0.0,1.0
55029,0,1,3400,-62,62,-169,21,11,1.1,103040.000000,0,2.1,8.0,0.0,0.0,0.0,0.0,0.0,0.0,1.0
55278,0,1,3400,-62,62,-173,18,11,1.1,99633.468750,0,2.1,8.0,0.0,0.0,0.0,0.0,0.0,0.0,1.0
55527,0,1,3400,-62,62,-173,21,11,1.0,98080.000000,0,2.1,8.0,20,0.0,80,0.0,0.0,0.0,1.0
55776,0,1,3400,-62,62,-170,5.6,11,0.50,170071.718750,0,2.1,8.0,20,0.0,0.0,0.0,0.0,0.0,1.0
56025,0,1,3400,-62,62,-164,8.5,11,0.50,178624.000000,0,2.1,1.7,0.0,5536.000000,57,0.0,0.0,0.0,1.0
56274,0,1,3400,-62,62,-167,15,11,0.79,82804.781250,0,2.1,0.064,0.0,0.0,0.0,0.0,0.0,0.0,1.0
56523,0,1,3400,-62,62,-170,20,11,0.98,112892.429688,0,2.1,6.5,186,16988.046875,0,0.0,0.0,0.0,1.0
56772,0,1,3400,-62,62,-169,11,11,0.69,144672.000000,0,2.1,2.9,0.0,18368.000000,57,0.0,0.0,0.0,1.0
57021,0,1,3400,-62,62,-171,20,11,1.0,129152.000000,0,2.1,0.0,0.0,0.0,80,0.0,0.0,0.0,1.0
57270,0,1,3400,-62,62,-170,11,11,0.62,126023.906250,0,2.1,0.0,0.0,0.0,0.0,0.0,0.0,0.0,1.0
57519,0,1,3400,-62,62,-167,18,11,1.0,100768.000000,5,2.1,0.0,20,0.0,50,0.0,0.0,0.0,1.0
57768,0,1,3400,-62,62,-170,6.9,11,0.60,153466.140625,0,2.1,2.7,0.0,12621.513672,38,0.0,0.0,0.0,1.0
58017,0,1,3400,-62,62,-173,19,11,1.1,114816.000000,0,2.1,6.5,0.0,34112.000000,0,0.0,0.0,0.0,1.0
58266,0,1,3400,-62,62,-171,16,11,0.87,114135.460938,0,2.1,10,0.0,16988.046875,0,0.0,0.0,0.0,1.0
58515,0,1,3400,-62,62,-170,9.9,11,0.59,47808.000000,0,2.1,10,186,17056.000000,0,0.0,0.0,0.0,1.0
58764,0,1,3400,-62,62,-168,15,11,0.81,124444.445312,0,2.1,5.1,0.0,31396.826172,63,0.0,0.0,0.0,1.0
59013,0,1,3400,-62,62,-168,13,11,0.70,110425.703125,0,2.1,0.0,0.0,0.0,0.0,0.0,0.0,0.0,1.0
59262,0,1,3400,-62,62,-169,12,11,0.67,134624.000000,0,2.1,0.0,0.0,0.0,80,0.0,0.0,0.0,1.0
59511,0,1,3400,-62,62,-166,8.9,11,0.61,136031.875000,0,2.1,0.25,0.0,3091.633545,56,0.0,0.0,0.0,1.0
59760,0,1,3400,-62,62,-170,17,11,1.0,104640.000000,0,2.1,6.0,0.0,3616.000000,75,0.0,0.0,0.0,1.0
60009,0,1,3400,-62,62,-174,19,11,1.1,128988.046875,0,2.1,6.0,0.0,0.0,0.0,0.0,0.0,0.0,1.0
60258,0,1,3400,-62,62,-168,21,11,1.1,118725.101562,0,2.1,6.0,0.0,0.0,0.0,0.0,0.0,0.0,1.0
60507,0,1,3400,-62,62,-168,19,11,0.95,140352.000000,0,2.1,6.3,0.0,23488.000000,0,0.0,0.0,0.0,1.0
60756,0,1,3400,-62,62,-166,13,11,0.84,103744.000000,0,2.1,14,0.0,0.0,0.0,0.0,0.0,0.0,1.0
61005,0,1,3400,-62,62,-165,8.0,11,0.52,96701.195312,0,2.1,14,0.0,16988.046875,57,0.0,0.0,0.0,1.0
61254,0,1,3400,-62,62,-169,9.2,11,0.57,73632.000000,0,2.1,9.7,0.0,5536.000000,0,0.0,0.0,0.0,1.0
61503,0,1,3400,-62,62,-174,5.5,11,0.50,130039.843750,0,2.1,11,0.0,16988.046875,57,0.0,0.0,0.0,1.0
61752,0,1,3400,-62,62,-170,5.7,11,0.50,176864.000000,0,2.1,13,0.0,5536.000000,0,0.0,0.0,0.0,1.0
62001,0,1,3400,-62,62,-167,9.1,11,0.57,117322.710938,0,2.1,12,0.0,16988.046875,0,0.0,0.0,0.0,1.0
62250,0,1,3400,-62,62,-172,13,11,0.55,128576.000000,0,2.1,15,0.0,17056.000000,0,0.0,0.0,0.0,1.0
62499,0,1,3400,-62,62,-170,4.9,11,0.50,140015.937500,0,2.1,13,20,0.0,80,0.0,0.0,0.0,1.0
62748,0,1,3400,-62,62,-171,11,11,0.65,128256.000000,0,2.1,6.9,0.0,5536.000000,40,0.0,0.0,0.0,1.0
62997,0,1,3400,-62,62,-166,8.4,11,0.61,103936.257812,0,2.1,10,0.0,54151.394531,35,0.0,0.0,0.0,1.0
63246,0,1,3400,-62,62,-168,18,11,0.89,115424.000000,0,2.1,15,0.0,51168.000000,0,0.0,0.0,0.0,1.0
63495,0,1,3400,-62,62,-170,17,11,0.96,91410.359375,0,2.1,15,0.0,40382.468750,0,0.0,0.0,0.0,1.0
63744,0,1,3400,-62,62,-171,7.5,11,0.56,98336.000000,0,2.1,13,0.0,0.0,0.0,0.0,0.0,0.0,1.0
63993,0,1,3400,-62,62,-174,15,11,0.77,177338.640625,0,2.1,14,0.0,0.0,0.0,0.0,0.0,0.0,1.0
64242,0,1,3400,-62,62,-171,20,11,1.1,114464.000000,0,2.1,14,0.0,0.0,0.0,0.0,0.0,0.0,1.0
64491,0,1,3400,-62,62,-169,16,11,0.89,125163.343750,0,2.1,13,0.0,21354.582031,42,0.0,0.0,0.0,1.0
64740,0,1,3400,-62,62,-173,21,11,0.98,93088.000000,0,2.1,2.0,0.0,21440.000000,50,0.0,0.0,0.0,1.0
64989,0,1,3400,-62,62,-174,21,11,1.1,118374.500000,0,2.1,6.3,0.0,20462.152344,44,0.0,0.0,0.0,1.0
65238,0,1,3400,-62,62,-168,8.7,11,0.53,119872.000000,0,2.1,7.5,0.0,17056.000000,0,0.0,0.0,0.0,1.0
65487,0,1,3400,-62,62,-162,13,11,0.79,135232.000000,0,2.1,8.8,0.0,226432.000000,60,0.0,0.0,0.0,1.0
65736,0,1,3400,-62,62,-167,11,11,0.65,143298.812500,0,2.1,15,0.0,5513.944336,0,0.0,0.0,0.0,1.0
65985,0,1,3400,-62,62,-168,12,11,0.59,64896.000000,0,2.1,7.5,0.0,0.0,80,0.0,0.0,0.0,1.0
66234,0,1,3400,-62,62,-168,5.4,11,0.50,102215.140625,0,2.1,15,0.0,33976.093750,0,0.0,0.0,0.0,1.0
66483,0,1,3400,-62,62,-171,5.2,11,0.50,93248.000000,0,2.1,15,0.0,85280.000000,0,0.0,0.0,0.0,1.0
66732,0,1,3400,-62,62,-167,10,11,0.67,99282.867188,0,2.1,15,0.0,23394.421875,0,0.0,0.0,0.0,1.0
66981,0,1,3400,-62,62,-168,8.0,11,0.50,119776.000000,0,2.1,13,0.0,22592.000000,44,0.0,0.0,0.0,1.0
67230,0,1,3400,-62,62,-176,11,11,0.65,108047.812500,0,2.1,9.9,0.0,16988.046875,67,0.0,0.0,0.0,1.0
67479,0,1,3400,-62,62,-170,5.3,11,0.50,116640.000000,0,2.1,8.7,0.0,10784.000000,0,0.0,0.0,0.0,1.0
67728,0,1,3400,-62,62,-168,7.8,11,0.50,163601.593750,0,2.1,15,0.0,0.0,80,0.0,0.0,0.0,1.0
67977,0,1,3400,-62,62,-174,5.1,11,0.50,96800.000000,0,2.1,9.5,0.0,0.0,80,0.0,0.0,0.0,1.0
68226,0,1,3400,-62,62,-172,5.2,11,0.50,85322.710938,0,2.1,2.6,0.0,5513.944336,57,0.0,0.0,0.0,1.0
68475,0,1,3400,-62,62,-169,11,11,0.65,144096.000000,0,2.1,7.4,0.0,5536.000000,25,0.0,0.0,0.0,1.0
68724,0,1,3400,-62,62,-166,8.3,11,0.51,77450.195312,0,2.1,4.1,0.0,6820.717285,71,0.0,0.0,0.0,1.0
68973,0,1,3400,-62,62,-167,9.7,11,0.50,150912.000000,0,2.1,3.6,0.0,22592.000000,20,0.0,0.0,0.0,1.0
69222,0,1,3400,-62,62,-164,10,11,0.67,71298.804688,0,2.1,7.5,0.0,0.0,0.0,0.0,0.0,0.0,1.0
69471,0,1,3400,-62,62,-166,8.1,11,0.50,99744.000000,0,2.1,8.0,0.0,25440.000000,50,0.0,0.0,0.0,1.0
69720,0,1,3400,-62,62,-164,5.7,11,0.50,140844.625000,0,2.1,6.0,0.0,0.0,0.0,0.0,0.0,0.0,1.0
69969,0,1,3400,-62,62,-170,8.8,11,0.54,138368.000000,0,2.1,6.0,0.0,0.0,0.0,0.0,0.0,0.0,1.0
70218,0,1,3400,-62,62,-171,14,11,0.72,154816.000000,0,2.1,7.2,0.0,17056.000000,0,0.0,0.0,0.0,1.0
70467,0,1,3400,-62,62,-170,6.8,11,0.55,152956.171875,0,2.1,8.4,0.0,22501.992188,56,0.0,0.0,0.0,1.0
70716,0,1,3400,-62,62,-169,9.5,11,0.55,160544.000000,0,2.1,15,0.0,1312.000000,80,0.0,0.0,0.0,1.0
70965,0,1,3400,-62,62,-170,18,11,0.92,114645.421875,0,2.1,15,0.0,0.0,0.0,0.0,0.0,0.0,1.0
71214,0,1,3400,-62,62,-166,17,11,0.90,135008.000000,0,2.1,8.8,0.0,0.0,80,0.0,0.0,0.0,1.0
71463,0,1,3400,-62,62,-167,9.2,11,0.59,136701.187500,0,2.1,5.1,0.0,5513.944336,57,0.0,0.0,0.0,1.0
71712,0,1,3400,-62,62,-168,16,11,0.90,142304.000000,0,2.1,7.5,0.0,0.0,0.0,0.0,0.0,0.0,1.0
71961,0,1,3400,-62,62,-173,15,11,0.90,125673.304688,0,2.1,7.5,0.0,0.0,0.0,0.0,0.0,0.0,1.0
72210,0,1,3400,-62,62,-171,5.0,11,0.54,120352.000000,0,2.1,7.5,0.0,0.0,0.0,0.0,0.0,0.0,1.0
72459,0,1,3400,-62,62,-173,15,11,0.89,140525.890625,0,2.1,7.5,20,0.0,67,0.0,0.0,0.0,1.0
72708,0,1,3400,-62,62,-166,18,11,0.95,129504.000000,0,2.1,6.4,0.0,4384.000000,57,0.0,0.0,0.0,1.0
72957,0,1,3400,-62,62,-166,12,11,0.83,133227.093750,0,2.1,9.4,0.0,4270.916504,62,0.0,0.0,0.0,1.0
73206,0,1,3400,-62,62,-169,17,11,0.93,158944.000000,0,2.1,0.38,0.0,1792.000000,33,0.0,0.0,0.0,1.0
73455,0,1,3400,-62,62,-167,13,11,0.77,135968.125000,0,2.1,0.0,20,0.0,80,0.0,0.0,0.0,1.0
73704,0,1,3400,-62,62,-169,8.1,11,0.50,96544.000000,0,2.1,0.0,20,0.0,0.0,0.0,0.0,0.0,1.0
73953,0,1,3400,-62,62,-171,6.6,11,0.50,102788.843750,0,2.1,5.2,0.0,9083.665039,55,0.0,0.0,0.0,1.0
74202,0,1,3400,-62,62,-169,3.9,11,0.50,120480.000000,0,2.1,15,0.0,704,67,0.0,0.0,0.0,1.0
74451,0,1,3400,-62,62,-167,11,11,0.64,95458.164062,0,2.1,15,0.0,16988.046875,56,0.0,0.0,0.0,1.0
74700,0,1,3400,-62,62,-167,17,11,0.91,99776.000000,0,2.1,6.6,0.0,17408.000000,43,0.0,0.0,0.0,1.0
74949,0,1,3400,-62,62,-172,6.9,11,0.53,104191.234375,0,2.1,3.2,0.0,0.0,80,0.0,0.0,0.0,1.0
75198,0,1,3400,-62,62,-168,7.0,11,0.50,123392.000000,0,2.1,0.064,0.0,0.0,0.0,0.0,0.0,0.0,1.0
75447,0,1,3400,-62,62,-172,7.4,11,0.50,59888.445312,0,2.1,0.24,0.0,11920.318359,0,0.0,0.0,0.0,1.0
75696,0,1,3400,-62,62,-174,13,11,0.50,127648.000000,0,2.1,4.9,0.0,8000.000000,65,0.0,0.0,0.0,1.0
75945,0,1,3400,-62,62,-175,12,11,0.73,114677.289062,0,2.1,0.0,0.0,0.0,80,0.0,0.0,0.0,1.0
76194,0,1,3400,-62,62,-172,7.9,11,0.57,129280.000000,0,2.1,0.0,0.0,5536.000000,0,0.0,0.0,0.0,1.0
76443,0,1,3400,-62,62,-168,17,11,0.83,104736.000000,0,2.1,0.58,40,0.0,67,0.0,0.0,0.0,1.0
76692,0,1,3400,-62,62,-160,6.4,11,0.63,153561.750000,0,2.1,8.0,40,0.0,100.000000,0.0,0.0,0.0,1.0
76941,0,1,3400,-62,62,-167,16,11,0.81,99488.000000,0,2.1,0.38,0.0,5536.000000,57,0.0,0.0,0.0,1.0
77190,0,1,3400,-62,62,-171,13,11,0.75,157641.437500,0,2.1,0.0,0.0,0.0,0.0,0.0,0.0,0.0,1.0
77439,0,1,3400,-62,62,-166,5.3,11,0.50,132960.000000,0,2.1,7.5,0.0,15584.000000,36,0.0,0.0,0.0,1.0
77688,0,1,3400,-62,62,-163,8.6,11,0.50,132525.890625,0,2.1,12,0.0,0.0,0.0,0.0,0.0,0.0,1.0
77937,0,1,3400,-62,62,-174,15,11,0.76,122016.000000,0,2.1,12,0.0,0.0,0.0,0.0,0.0,0.0,1.0
78186,0,1,3400,-62,62,-171,18,11,0.96,141545.812500,0,2.1,12,0.0,0.0,0.0,0.0,0.0,0.0,1.0
78435,0,1,3400,-62,62,-170,9.6,11,0.51,145504.000000,0,2.1,13,0.0,0.0,67,0.0,0.0,0.0,1.0
78684,0,1,3400,-62,62,-171,12,11,0.60,162804.781250,0,2.1,14,0.0,0.0,100.000000,0.0,0.0,0.0,1.0
78933,0,1,3400,-62,62,-168,12,11,0.62,144992.000000,0,2.1,14,0.0,0.0,0.0,0.0,0.0,0.0,1.0
79182,0,1,3400,-62,62,-165,15,11,0.75,116239.046875,0,2.1,14,0.0,0.0,0.0,0.0,0.0,0.0,1.0
79431,0,1,3400,-62,62,-168,17,11,0.96,113504.000000,0,2.1,12,0.0,44032.000000,29,0.0,0.0,0.0,1.0
79680,0,1,3400,-62,62,-168,5.3,11,0.50,109513.945312,0,2.1,6.6,0.0,17848.605469,63,0.0,0.0,0.0,1.0
79929,0,1,3400,-62,62,-166,4.4,11,0.50,124928.000000,0,2.1,4.0,0.0,0.0,0.0,0.0,0.0,0.0,1.0
80178,0,1,3400,-62,62,-169,6.5,11,0.50,123250.992188,0,2.1,7.8,0.0,0.0,80,0.0,0.0,0.0,1.0
80427,0,1,3400,-62,62,-170,14,11,0.67,101056.000000,0,2.1,11,20,0.0,80,0.0,0.0,0.0,1.0
80676,0,1,3400,-62,62,-165,5.4,10,0.50,140000.000000,0,2.1,7.5,20,0.0,0.0,0.0,0.0,0.0,1.0
80925,0,1,3400,-62,62,-163,5.3,11,0.50,50932.269531,0,2.1,6.7,0.0,8191.234863,59,0.0,0.0,0.0,1.0
81174,0,1,3400,-62,62,-169,8.0,11,0.57,202656.000000,0,2.1,0.0,0.0,1792.000000,0,0.0,0.0,0.0,1.0
81423,0,1,3400,-62,62,-168,10,11,0.73,158278.890625,0,2.1,3.2,0.0,25338.644531,50,0.0,0.0,0.0,1.0
81672,0,1,3400,-62,62,-172,9.6,11,0.65,160576.000000,0,2.1,6.0,0.0,0.0,0.0,0.0,0.0,0.0,1.0
81921,0,1,3400,-62,62,-173,12,11,0.68,129721.117188,0,2.1,6.0,0.0,0.0,0.0,0.0,0.0,0.0,1.0
82170,0,1,3400,-62,62,-172,9.9,11,0.67,169792.000000,0,2.1,3.9,0.0,3488.000000,50,0.0,0.0,0.0,1.0
82419,0,1,3400,-62,62,-166,16,11,0.94,116015.937500,0,2.1,8.7,0.0,23394.421875,50,0.0,0.0,0.0,1.0
82668,0,1,3400,-62,62,-166,16,11,0.84,155232.000000,0,2.1,14,0.0,0.0,0.0,0.0,0.0,0.0,1.0
82917,0,1,3400,-62,62,-169,13,11,0.68,108812.750000,0,2.1,14,0.0,16988.046875,0,0.0,0.0,0.0,1.0
83166,0,1,3400,-62,62,-170,6.9,11,0.50,127776.000000,0,2.1,14,0.0,0.0,80,0.0,0.0,0.0,1.0
83415,0,1,3400,-62,62,-170,7.3,11,0.50,92940.242188,0,2.1,4.9,0.0,20462.152344,45,0.0,0.0,0.0,1.0
83664,0,1,3400,-62,62,-171,9.6,11,0.62,114272.000000,0,2.1,6.7,0.0,6976.000000,50,0.0,0.0,0.0,1.0
83913,0,1,3400,-62,62,-169,20,11,1.0,124812.750000,0,2.1,6.0,0.0,0.0,0.0,0.0,0.0,0.0,1.0
84162,0,1,3400,-62,62,-168,15,11,0.80,105184.000000,0,2.1,9.8,0.0,34112.000000,0,0.0,0.0,0.0,1.0
84411,0,1,3400,-62,62,-168,21,11,1.1,159426.296875,0,2.1,12,0.0,7840.637207,53,0.0,0.0,0.0,1.0
84660,0,1,3400,-62,62,-168,11,11,0.71,80608.000000,0,2.1,6.0,0.0,12128.000000,20,0.0,0.0,0.0,1.0
84909,0,1,3400,-62,62,-167,5.5,11,0.50,120860.554688,0,2.1,7.4,0.0,33976.093750,0,0.0,0.0,0.0,1.0
85158,0,1,3400,-62,62,-170,7.6,11,0.57,110144.000000,0,2.1,7.5,0.0,68224.000000,0,0.0,0.0,0.0,1.0
85407,0,1,3400,-62,62,-172,13,11,0.71,138772.906250,0,2.1,9.2,0.0,33976.093750,50,0.0,0.0,0.0,1.0
85656,0,1,3400,-62,62,-169,9.4,11,0.50,121600.000000,0,2.1,11,0.0,5536.000000,0,0.0,0.0,0.0,1.0
85905,0,1,3400,-62,62,-168,8.1,11,0.50,153625.500000,0,2.1,7.5,0.0,0.0,80,0.0,0.0,0.0,1.0
86154,0,1,3400,-62,62,-168,12,11,0.60,125280.000000,0,2.1,1.3,0.0,0.0,80,0.0,0.0,0.0,1.0
86403,0,1,3400,-62,62,-166,11,11,0.66,107744.000000,0,2.1,0.0,0.0,0.0,80,0.0,0.0,0.0,1.0
86652,0,1,3400,-62,62,-166,17,11,1.0,103553.781250,0,2.1,0.0,0.0,0.0,75,0.0,0.0,0.0,1.0
86901,0,1,3400,-62,62,-167,6.3,11,0.55,97056.000000,0,2.1,0.0,0.0,0.0,100.000000,0.0,0.0,0.0,1.0
87150,0,1,3400,-62,62,-168,6.1,11,0.55,58709.164062,0,2.1,0.0,0.0,3474.103516,0,0.0,0.0,0.0,1.0
87399,0,1,3400,-62,62,-167,11,11,0.69,133824.000000,0,2.1,1.4,0.0,4384.000000,62,0.0,0.0,0.0,1.0
87648,0,1,3400,-62,62,-170,5.2,11,0.50,84175.296875,0,2.1,0.62,0.0,6820.717285,50,0.0,0.0,0.0,1.0
87897,0,1,3400,-62,62,-172,13,11,0.79,128224.000000,0,2.1,0.064,0.0,0.0,80,0.0,0.0,0.0,1.0
88146,0,1,3400,-62,62,-171,13,11,0.80,105529.882812,0,2.1,0.0,0.0,3474.103516,0,0.0,0.0,0.0,1.0
88395,0,1,3400,-62,62,-172,4.0,11,0.50,146336.000000,0,2.1,0.54,0.0,0.0,67,0.0,0.0,0.0,1.0
88644,0,1,3400,-62,62,-168,7.3,11,0.50,123474.101562,0,2.1,8.3,0.0,22501.992188,33,0.0,0.0,0.0,1.0
88893,0,1,3400,-62,62,-164,16,11,0.85,136096.000000,0,2.1,15,0.0,0.0,80,0.0,0.0,0.0,1.0
89142,0,1,3400,-62,62,-169,8.5,11,0.53,157003.984375,0,2.1,15,0.0,0.0,0.0,0.0,0.0,0.0,1.0
89391,0,1,3400,-62,62,-174,4.0,11,0.50,160032.000000,0,2.1,14,186,224,0,0.0,0.0,0.0,1.0
89640,0,1,3400,-62,62,-176,6.1,11,0.50,103203.187500,0,2.1,7.8,0.0,32509.960938,0,0.0,0.0,0.0,1.0
89889,0,1,3400,-62,62,-173,5.6,11,0.50,119488.000000,0,2.1,14,0.0,0.0,80,0.0,0.0,0.0,1.0
90138,0,1,3400,-62,62,-170,5.2,11,0.50,131665.343750,0,2.1,9.6,0.0,0.0,80,0.0,0.0,0.0,1.0
90387,0,1,3400,-62,62,-170,8.0,11,0.50,92192.000000,0,2.1,5.1,0.0,5536.000000,40,0.0,0.0,0.0,1.0
90636,0,1,3400,-62,62,-173,18,11,0.95,149768.921875,0,2.1,7.5,0.0,0.0,86,0.0,0.0,0.0,1.0
90885,0,1,3400,-62,62,-169,18,11,0.94,99552.000000,0,2.1,15,0.0,17056.000000,0,0.0,0.0,0.0,1.0
91134,0,1,3400,-62,62,-166,3.8,11,0.50,113728.000000,0,2.1,15,0.0,0.0,80,0.0,0.0,0.0,1.0
91383,0,1,3400,-62,62,-162,5.0,11,0.51,99059.757812,0,2.1,13,0.0,43856.574219,0,0.0,0.0,0.0,1.0
91632,0,1,3400,-62,62,-168,11,11,0.57,125952.000000,0,2.1,14,0.0,17056.000000,0,0.0,0.0,0.0,1.0
91881,0,1,3400,-62,62,-172,12,11,0.61,83601.593750,0,2.1,15,0.0,0.0,0.0,0.0,0.0,0.0,1.0
92130,0,1,3400,-62,62,-171,15,11,0.77,89152.000000,0,2.1,15,0.0,0.0,0.0,0.0,0.0,0.0,1.0
92379,0,1,3400,-62,62,-169,21,11,0.99,97498.007812,0,2.1,15,0.0,0.0,67,0.0,0.0,0.0,1.0
92628,0,1,3400,-62,62,-164,4.6,11,0.56,135904.000000,0,2.1,15,0.0,0.0,100.000000,0.0,0.0,0.0,1.0
92877,0,1,3400,-62,62,-171,5.1,10,0.50,130199.203125,0,2.1,15,0.0,0.0,0.0,0.0,0.0,0.0,1.0
93126,0,1,3400,-62,62,-170,6.8,11,0.50,110720.000000,0,2.1,15,0.0,0.0,0.0,0.0,0.0,0.0,1.0
93375,0,1,3400,-62,62,-164,16,11,0.98,131187.250000,0,2.1,14,0.0,9657.370117,57,0.0,0.0,0.0,1.0
93624,0,1,3400,-62,62,-167,11,11,0.68,102816.000000,0,2.1,0.0,0.0,0.0,80,0.0,0.0,0.0,1.0
93873,0,1,3400,-62,62,-165,21,11,1.3,61577.687500,0,2.1,0.0,0.0,0.0,0.0,0.0,0.0,0.0,1.0
94122,0,1,3400,-62,62,-169,6.5,11,0.54,96032.000000,0,2.1,0.0,0.0,0.0,0.0,0.0,0.0,0.0,1.0
94371,0,1,3400,-62,62,-168,11,11,0.62,151107.562500,0,2.1,0.0,20,0.0,80,0.0,0.0,0.0,1.0
94620,0,1,3400,-62,62,-168,6.1,11,0.52,108160.000000,0,2.1,0.0,20,0.0,0.0,0.0,0.0,0.0,1.0
94869,0,1,3400,-62,62,-168,15,11,0.87,142788.843750,0,2.1,0.064,0.0,0.0,80,0.0,0.0,0.0,1.0
95118,0,1,3400,-62,62,-167,7.4,11,0.50,141984.000000,0,2.1,0.0,0.0,0.0,80,0.0,0.0,0.0,1.0
95367,0,1,3400,-62,62,-167,5.2,11,0.50,117376.000000,0,2.1,0.24,0.0,5536.000000,25,0.0,0.0,0.0,1.0
95616,0,1,3400,-62,62,-169,7.3,11,0.50,111235.062500,0,2.1,13,0.0,40382.468750,20,0.0,0.0,0.0,1.0
95865,0,1,3400,-62,62,-171,4.3,11,0.50,127744.000000,0,2.1,14,0.0,0.0,80,0.0,0.0,0.0,1.0
96114,0,1,3400,-62,62,-171,5.3,11,0.50,108525.898438,0,2.1,15,0.0,0.0,0.0,0.0,0.0,0.0,1.0
96363,0,1,3400,-62,62,-170,5.6,11,0.50,103040.000000,0,2.1,14,0.0,5536.000000,0,0.0,0.0,0.0,1.0
96612,0,1,3400,-62,62,-169,5.7,11,0.50,79585.656250,0,2.1,0.0,0.0,6820.717285,57,0.0,0.0,0.0,1.0
96861,0,1,3400,-62,62,-161,10.0,11,0.64,114272.000000,0,2.1,7.3,0.0,34112.000000,0,0.0,0.0,0.0,1.0
97110,0,1,3400,-62,62,-165,18,11,1.0,160478.093750,0,2.1,10,0.0,5513.944336,50,0.0,0.0,0.0,1.0
97359,0,1,3400,-62,62,-173,20,11,0.84,82784.000000,0,2.1,8.0,0.0,11328.000000,62,0.0,0.0,0.0,1.0
97608,0,1,3400,-62,62,-176,7.8,11,0.52,126884.460938,0,2.1,10,0.0,31617.529297,25,0.0,0.0,0.0,1.0
97857,0,1,3400,-62,62,-173,5.7,11,0.50,108896.000000,0,2.1,15,0.0,17056.000000,0,0.0,0.0,0.0,1.0
98106,0,1,3400,-62,62,-169,9.1,11,0.60,146964.140625,0,2.1,15,0.0,16988.046875,0,0.0,0.0,0.0,1.0
98355,0,1,3400,-62,62,-164,6.7,11,0.51,135712.000000,0,2.1,14,0.0,38496.000000,36,0.0,0.0,0.0,1.0
98604,0,1,3400,-62,62,-166,9.4,11,0.58,137529.875000,0,2.1,6.0,0.0,3984.063721,75,0.0,0.0,0.0,1.0
98853,0,1,3400,-62,62,-167,5.7,11,0.50,133984.000000,0,2.1,2.2,0.0,5536.000000,57,0.0,0.0,0.0,1.0
99102,0,1,3400,-62,62,-168,12,11,0.64,129848.609375,0,2.1,0.0,0.0,5513.944336,0,0.0,0.0,0.0,1.0
99351,0,1,3400,-62,62,-169,13,11,0.68,135968.000000,0,2.1,5.0,0.0,5536.000000,56,0.0,0.0,0.0,1.0
99600,0,1,3400,-62,62,-174,7.3,11,0.50,130454.179688,0,2.1,0.58,0.0,829,75,0.0,0.0,0.0,1.0
99849,0,1,3400,-62,62,-171,11,11,0.58,111808.000000,0,2.1,0.064,0.0,0.0,0.0,0.0,0.0,0.0,1.0
100098,0,1,3400,-62,62,-171,8.8,11,0.57,151490.046875,0,2.1,0.064,0.0,5513.944336,0,0.0,0.0,0.0,1.0
100347,0,1,3400,-62,62,-167,7.6,11,0.50,107552.000000,0,2.1,0.82,0.0,1120.000000,25,0.0,0.0,0.0,1.0
100596,0,1,3400,-62,62,-167,13,11,0.53,155552.000000,0,2.1,4.6,0.0,28416.000000,38,0.0,0.0,0.0,1.0
100845,0,1,3400,-62,62,-170,8.5,11,0.50,106996.015625,0,2.1,4.0,0.0,0.0,80,0.0,0.0,0.0,1.0
101094,0,1,3400,-62,62,-173,7.5,11,0.50,153816.734375,0,2.1,0.0,0.0,0.0,80,0.0,0.0,0.0,1.0
101343,0,1,3400,-62,62,-175,16,11,0.81,121376.000000,0,2.1,0.0,20,0.0,67,0.0,0.0,0.0,1.0
101592,0,1,3400,-62,62,-171,20,11,1.1,165568.000000,0,2.1,0.0,20,0.0,100.000000,0.0,0.0,0.0,1.0
101841,0,1,3400,-62,62,-166,12,11,0.66,135043.828125,0,2.1,0.79,0.0,6406.374512,64,0.0,0.0,0.0,1.0
102090,0,1,3400,-62,62,-167,6.6,11,0.50,145536.000000,0,2.1,5.4,0.0,2496.000000,59,0.0,0.0,0.0,1.0
102339,0,1,3400,-62,62,-171,7.6,11,0.54,110087.648438,0,2.1,3.3,0.0,16988.046875,33,0.0,0.0,0.0,1.0
102588,0,1,3400,-62,62,-169,7.3,11,0.50,124544.000000,0,2.1,6.6,0.0,29920.000000,68,0.0,0.0,0.0,1.0
102837,0,1,3400,-62,62,-170,13,11,0.56,87426.296875,0,2.1,0.50,0.0,0.0,0.0,0.0,0.0,0.0,1.0
103086,0,1,3400,-62,62,-168,12,11,0.78,124704.000000,0,2.1,1.8,0.0,0.0,80,0.0,0.0,0.0,1.0
103335,0,1,3400,-62,62,-170,6.6,11,0.50,101960.156250,0,2.1,7.7,0.0,6183.267090,20,0.0,0.0,0.0,1.0
103584,0,1,3400,-62,62,-172,8.3,11,0.59,110240.000000,0,2.1,16,0.0,332736.000000,55,0.0,0.0,0.0,1.0
103833,0,1,3400,-62,62,-170,5.0,11,0.50,127968.125000,0,2.1,16,0.0,16988.046875,0,0.0,0.0,0.0,1.0
104082,0,1,3400,-62,62,-168,6.7,11,0.50,118272.000000,0,2.1,15,0.0,0.0,80,0.0,0.0,0.0,1.0
104331,0,1,3400,-62,62,-169,6.1,11,0.50,95490.039062,0,2.1,13,0.0,10422.310547,36,0.0,0.0,0.0,1.0
104580,0,1,3400,-62,62,-169,4.9,11,0.50,103296.000000,0,2.1,0.0,0.0,5536.000000,0,0.0,0.0,0.0,1.0
104829,0,1,3400,-62,62,-167,6.4,11,0.50,183713.140625,0,2.1,3.5,0.0,16988.046875,0,0.0,0.0,0.0,1.0
105078,0,1,3400,-62,62,-167,6.4,11,0.50,151328.000000,0,2.1,7.5,0.0,0.0,80,0.0,0.0,0.0,1.0
105327,0,1,3400,-62,62,-172,9.3,11,0.59,130071.710938,0,2.1,7.5,20,0.0,80,0.0,0.0,0.0,1.0
105576,0,1,3400,-62,62,-171,11,10,0.61,144960.000000,0,2.1,7.5,20,0.0,0.0,0.0,0.0,0.0,1.0
105825,0,1,3400,-62,62,-168,18,11,0.98,104191.234375,0,2.1,7.3,0.0,8892.430664,55,0.0,0.0,0.0,1.0
106074,0,1,3400,-62,62,-169,7.0,11,0.50,173664.000000,0,2.1,9.6,0.0,3392.000000,67,0.0,0.0,0.0,1.0
106323,0,1,3400,-62,62,-171,8.6,11,0.62,107569.718750,0,2.1,10,0.0,222980.078125,66,0.0,0.0,0.0,1.0
106572,0,1,3400,-62,62,-170,9.3,11,0.65,48896.000000,0,2.1,16,0.0,0.0,0.0,0.0,0.0,0.0,1.0
106821,0,1,3400,-62,62,-169,6.3,11,0.50,95264.000000,0,2.1,16,0.0,0.0,0.0,0.0,0.0,0.0,1.0
107070,0,1,3400,-62,62,-167,9.1,11,0.62,167872.515625,0,2.1,16,0.0,0.0,0.0,0.0,0.0,0.0,1.0
107319,0,1,3400,-62,62,-168,8.8,11,0.53,102784.000000,0,2.1,10,0.0,22592.000000,46,0.0,0.0,0.0,1.0
107568,0,1,3400,-62,62,-170,2.5,11,0.50,114613.546875,0,2.1,0.90,0.0,12079.681641,67,0.0,0.0,0.0,1.0
107817,0,1,3400,-62,62,-168,6.2,11,0.50,109664.000000,0,2.1,0.0,0.0,5536.000000,57,0.0,0.0,0.0,1.0
108066,0,1,3400,-62,62,-171,7.0,11,0.50,134215.140625,0,2.1,0.064,0.0,0.0,0.0,0.0,0.0,0.0,1.0
108315,0,1,3400,-62,62,-170,9.8,11,0.62,140960.000000,0,2.1,2.1,0.0,24032.000000,36,0.0,0.0,0.0,1.0
108564,0,1,3400,-62,62,-168,5.3,11,0.50,110342.632812,0,2.1,0.0,0.0,0.0,0.0,0.0,0.0,0.0,1.0
108813,0,1,3400,-62,62,-172,6.8,11,0.54,122688.000000,0,2.1,0.0,0.0,0.0,0.0,0.0,0.0,0.0,1.0
109062,0,1,3400,-62,62,-170,7.2,11,0.50,107123.507812,0,2.1,0.064,0.0,0.0,0,0.0,0.0,0.0,1.0
109311,0,1,3400,-62,62,-170,4.4,11,0.50,106784.000000,0,2.1,0.24,0.0,11968.000000,50,0.0,0.0,0.0,1.0
109560,0,1,3400,-62,62,-168,5.3,11,0.53,164589.640625,0,2.1,13,0.0,3601.593506,57,0.0,0.0,0.0,1.0
109809,0,1,3400,-62,62,-169,7.6,11,0.53,123104.000000,0,2.1,8.9,0.0,0.0,80,0.0,0.0,0.0,1.0
110058,0,1,3400,-62,62,-168,7.7,11,0.50,112669.320312,0,2.1,7.5,0.0,0.0,0.0,0.0,0.0,0.0,1.0
110307,0,1,3400,-62,62,-172,9.5,11,0.61,116224.000000,0,2.1,7.7,0.0,22592.000000,0,0.0,0.0,0.0,1.0
110556,0,1,3400,-62,62,-167,6.1,11,0.50,123792.828125,0,2.1,14,0.0,6406.374512,0,0.0,0.0,0.0,1.0
110805,0,1,3400,-62,62,-169,4.8,11,0.50,88288.000000,0,2.1,14,0.0,0.0,0.0,0.0,0.0,0.0,1.0
111054,0,1,3400,-62,62,-170,7.3,11,0.50,158788.843750,0,2.1,14,0.0,0.0,0.0,0.0,0.0,0.0,1.0
111303,0,1,3400,-62,62,-166,12,11,0.63,121536.000000,0,2.1,14,0.0,23488.000000,0,0.0,0.0,0.0,1.0
111552,0,1,3400,-62,62,-172,9.2,11,0.56,186624.000000,0,2.1,14,0.0,17056.000000,0,0.0,0.0,0.0,1.0
111801,0,1,3400,-62,62,-165,11,11,0.53,133003.984375,0,2.1,14,0.0,0.0,0.0,0.0,0.0,0.0,1.0
112050,0,1,3400,-62,62,-168,12,11,0.64,125800.796875,0,2.1,14,0.0,0.0,0.0,0.0,0.0,0.0,1.0
112299,0,1,3400,-62,62,-172,6.7,11,0.54,113152.000000,0,2.1,14,0.0,0.0,80,0.0,0.0,0.0,1.0
112548,0,1,3400,-62,62,-171,5.7,11,0.50,138688.000000,0,2.1,13,0.0,5536.000000,0,0.0,0.0,0.0,1.0
112797,0,1,3400,-62,62,-171,13,11,0.82,88860.554688,0,2.1,6.0,0.0,0.0,0.0,0.0,0.0,0.0,1.0
113046,0,1,3400,-62,62,-167,6.8,11,0.50,140800.000000,0,2.1,6.0,0.0,0.0,0.0,0.0,0.0,0.0,1.0
113295,0,1,3400,-62,62,-165,13,11,0.61,116812.750000,0,2.1,6.4,0.0,23394.421875,0,0.0,0.0,0.0,1.0
113544,0,1,3400,-62,62,-168,19,11,0.91,119648.000000,0,2.1,14,0.0,34112.000000,0,0.0,0.0,0.0,1.0
113793,0,1,3400,-62,62,-172,8.6,11,0.61,112446.218750,0,2.1,14,0.0,0.0,0.0,0.0,0.0,0.0,1.0
114042,0,1,3400,-62,62,-171,19,11,0.96,129664.000000,0,2.1,14,0.0,0.0,0.0,0.0,0.0,0.0,1.0
114291,0,1,3400,-62,62,-169,9.6,11,0.59,157067.734375,0,2.1,14,186,0.0,0.0,0.0,0.0,0.0,1.0
114540,0,1,3400,-62,62,-168,11,11,0.69,157440.000000,0,2.1,14,0.0,0.0,80,0.0,0.0,0.0,1.0
114789,0,1,3400,-62,62,-168,13,11,0.73,100972.109375,0,2.1,14,0.0,16988.046875,0,0.0,0.0,0.0,1.0
115038,0,1,3400,-62,62,-171,16,11,0.89,130944.000000,0,2.1,14,0.0,17056.000000,0,0.0,0.0,0.0,1.0
115287,0,1,3400,-62,62,-173,16,11,0.92,98964.140625,0,2.1,12,14,0.0,80,0.0,0.0,0.0,1.0
115536,0,1,3400,-62,62,-174,7.9,11,0.55,139648.000000,0,2.1,7.5,0.0,0.0,80,0.0,0.0,0.0,1.0
115785,0,1,3400,-62,62,-167,8.5,11,0.50,91505.976562,0,2.1,7.5,0.0,0.0,0.0,0.0,0.0,0.0,1.0
116034,0,1,3400,-62,62,-168,8.8,11,0.50,166272.000000,0,2.1,7.5,0.0,0.0,80,0.0,0.0,0.0,1.0
116283,0,1,3400,-62,62,-170,8.7,11,0.50,143840.640625,0,2.1,9.2,0.0,5513.944336,57,0.0,0.0,0.0,1.0
116532,0,1,3400,-62,62,-173,4.7,11,0.50,81440.000000,0,2.1,14,0.0,0.0,75,0.0,0.0,0.0,1.0
116781,0,1,3400,-62,62,-174,5.5,11,0.50,129434.265625,0,2.1,1.6,0.0,0.0,81,0.0,0.0,0.0,1.0
117030,0,1,3400,-62,62,-172,18,11,1.1,119616.000000,0,2.1,0.0,0.0,0.0,80,0.0,0.0,0.0,1.0
117279,0,1,3400,-62,62,-171,16,11,0.97,90932.273438,0,2.1,0.0,100,0.0,50,0.0,0.0,0.0,1.0
117528,0,1,3400,-62,62,-173,6.5,11,0.54,135648.000000,0,2.1,16,0.0,112896.000000,72,0.0,0.0,0.0,1.0
117777,0,1,3400,-62,62,-175,7.4,11,0.50,113440.000000,0,2.1,16,0.0,0.0,0.0,0.0,0.0,0.0,1.0
118026,0,1,3400,-62,62,-171,8.7,11,0.50,132812.750000,0,2.1,9.5,0.0,20462.152344,44,0.0,0.0,0.0,1.0
118275,0,1,3400,-62,62,-169,10,11,0.61,119904.000000,0,2.1,15,0.0,0.0,80,0.0,0.0,0.0,1.0
118524,0,1,3400,-62,62,-173,4.3,11,0.50,73051.789062,0,2.1,14,0.0,39490.039062,30,0.0,0.0,0.0,1.0
118773,0,1,3400,-62,62,-170,5.3,11,0.50,137824.000000,0,2.1,7.9,0.0,5536.000000,33,0.0,0.0,0.0,1.0
119022,0,1,3400,-62,62,-170,5.8,11,0.50,114103.585938,0,2.1,7.5,0.0,0.0,0.0,0.0,0.0,0.0,1.0
119271,0,1,3400,-62,62,-168,5.8,11,0.50,136992.000000,0,2.1,14,0.0,34112.000000,29,0.0,0.0,0.0,1.0
119520,0,1,3400,-62,62,-166,9.9,11,0.61,118661.351562,0,2.1,12,0.0,0.0,86,0.0,0.0,0.0,1.0
119769,0,1,3400,-62,62,-167,21,10,0.97,139808.000000,0,2.1,6.4,0.0,5536.000000,0,0.0,0.0,0.0,1.0
120018,0,1,3400,-62,62,-163,12,11,0.71,86725.101562,0,2.1,5.0,0.0,16988.046875,0,0.0,0.0,0.0,1.0
120267,0,1,3400,-62,62,-166,9.4,11,0.50,86368.000000,0,2.1,8.0,0.0,0.0,67,0.0,0.0,0.0,1.0
120516,0,1,3400,-62,62,-166,12,11,0.61,91378.484375,0,2.1,14,0.0,5513.944336,50,0.0,0.0,0.0,1.0
120765,0,1,3400,-62,62,-170,6.0,11,0.54,111392.000000,0,2.1,15,0.0,17056.000000,57,0.0,0.0,0.0,1.0
121014,0,1,3400,-62,62,-169,11,11,0.53,129498.007812,0,2.1,7.6,0.0,5513.944336,57,0.0,0.0,0.0,1.0
121263,0,1,3400,-62,62,-167,11,11,0.68,127360.000000,0,2.1,14,0.0,57600.000000,0,0.0,0.0,0.0,1.0
121512,0,1,3400,-62,62,-170,6.0,11,0.53,146007.968750,0,2.1,14,0.0,0.0,0.0,0.0,0.0,0.0,1.0
121761,0,1,3400,-62,62,-174,12,11,0.65,150272.000000,0,2.1,14,0.0,34112.000000,0,0.0,0.0,0.0,1.0
122010,0,1,3400,-62,62,-170,13,11,0.71,84717.132812,0,2.1,13,0.0,0.0,67,0.0,0.0,0.0,1.0
122259,0,1,3400,-62,62,-171,12,11,0.63,88480.000000,0,2.1,6.9,0.0,26976.000000,38,0.0,0.0,0.0,1.0
122508,0,1,3400,-62,62,-171,11,11,0.69,72509.960938,0,2.1,0.84,0.0,21354.582031,50,0.0,0.0,0.0,1.0
122757,0,1,3400,-62,62,-172,6.6,11,0.50,142432.000000,0,2.1,10.0,0.0,0.0,80,0.0,0.0,0.0,1.0
123006,0,1,3400,-62,62,-168,11,11,0.54,139569.718750,0,2.1,7.5,0.0,0.0,0,0.0,0.0,0.0,1.0
123255,0,1,3400,-62,62,-172,10,11,0.60,205376.000000,0,2.1,7.5,0.0,20544.000000,0,0.0,0.0,0.0,1.0
123504,0,1,3400,-62,62,-168,4.6,11,0.50,97216.000000,0,2.1,10,0.0,23488.000000,0,0.0,0.0,0.0,1.0
123753,0,1,3400,-62,62,-170,17,11,0.99,88191.234375,0,2.1,14,0.0,0.0,0.0,0.0,0.0,0.0,1.0
124002,0,1,3400,-62,62,-169,11,11,0.67,105120.000000,0,2.1,14,0.0,0.0,0.0,0.0,0.0,0.0,1.0
124251,0,1,3400,-62,62,-173,6.4,11,0.50,152095.625000,0,2.1,14,0.0,16988.046875,0,0.0,0.0,0.0,1.0
124500,0,1,3400,-62,62,-168,6.6,11,0.50,174048.000000,0,2.1,14,0.0,6432.000000,67,0.0,0.0,0.0,1.0
124749,0,1,3400,-62,62,-167,12,11,0.72,97561.750000,0,2.1,12,0.0,5513.944336,0,0.0,0.0,0.0,1.0
124998,0,1,3400,-62,62,-170,17,11,0.83,121312.000000,0,2.1,6.0,0.0,0.0,0.0,0.0,0.0,0.0,1.0
125247,0,1,3400,-62,62,-168,13,11,0.71,137370.515625,0,2.1,6.5,0.0,16988.046875,25,0.0,0.0,0.0,1.0
125496,0,1,3400,-62,62,-167,7.6,11,0.52,79968.000000,0,2.1,6.7,0.0,6976.000000,56,0.0,0.0,0.0,1.0
125745,0,1,3400,-62,62,-166,13,11,0.50,100908.367188,0,2.1,6.0,0.0,0.0,0.0,0.0,0.0,0.0,1.0
125994,0,1,3400,-62,62,-171,8.6,11,0.50,101952.000000,0,2.1,6.0,0.0,0.0,0.0,0.0,0.0,0.0,1.0
126243,0,1,3400,-62,62,-170,7.4,11,0.50,83856.570312,0,2.1,7.4,0.0,11920.318359,36,0.0,0.0,0.0,1.0
126492,0,1,3400,-62,62,-169,6.3,11,0.50,147680.000000,0,2.1,12,0.0,20480.000000,0,0.0,0.0,0.0,1.0
126741,0,1,3400,-62,62,-164,6.7,11,0.51,122836.656250,0,2.1,16,0.0,0.0,0.0,0.0,0.0,0.0,1.0
126990,0,1,3400,-62,62,-173,12,11,0.65,120064.000000,0,2.1,16,0.0,0.0,0.0,0.0,0.0,0.0,1.0
127239,0,1,3400,-62,62,-170,8.3,11,0.66,131474.109375,0,2.1,15,0.0,0.0,67,0.0,0.0,0.0,1.0
127488,0,1,3400,-62,62,-165,13,11,0.73,163424.000000,0,2.1,15,0.0,0.0,100.000000,0.0,0.0,0.0,1.0
127737,0,1,3400,-62,62,-167,11,11,0.78,115824.703125,0,2.1,9.1,0.0,5513.944336,0,0.0,0.0,0.0,1.0
127986,0,1,3400,-62,62,-167,4.5,11,0.50,138048.000000,0,2.1,7.5,0.0,0.0,0.0,0.0,0.0,0.0,1.0
128235,0,1,3400,-62,62,-173,6.9,11,0.57,139360.000000,0,2.1,7.8,0.0,17888.000000,46,0.0,0.0,0.0,1.0
128484,0,1,3400,-62,62,-174,18,11,1.0,120796.812500,0,2.1,0.0,0.0,351,80,0.0,0.0,0.0,1.0
128733,0,1,3400,-62,62,-166,11,11,0.50,166464.000000,0,2.1,0.064,0.0,0.0,0.0,0.0,0.0,0.0,1.0
128982,0,1,3400,-62,62,-170,18,11,1.0,214470.125000,0,2.1,3.8,0.0,22501.992188,0,0.0,0.0,0.0,1.0
129231,0,1,3400,-62,62,-165,4.3,11,0.50,109920.000000,0,2.1,8.0,0.0,0.0,67,0.0,0.0,0.0,1.0
129480,0,1,3400,-62,62,-165,5.6,11,0.50,129944.226562,0,2.1,13,0.0,5513.944336,67,0.0,0.0,0.0,1.0
129729,0,1,3400,-62,62,-166,13,11,0.75,95648.000000,0,2.1,6.4,0.0,3488.000000,57,0.0,0.0,0.0,1.0
129978,0,1,3400,-62,62,-173,15,11,0.97,122996.015625,0,2.1,0.0,0.0,0.0,0.0,0.0,0.0,0.0,1.0
130227,0,1,3400,-62,62,-170,5.5,11,0.50,117376.000000,0,2.1,2.4,20,0.0,80,0.0,0.0,0.0,1.0
130476,0,1,3400,-62,62,-172,5.5,11,0.50,128669.320312,0,2.1,0.0,20,0.0,0.0,0.0,0.0,0.0,1.0
130725,0,1,3400,-62,62,-174,7.8,11,0.50,136512.000000,0,2.1,5.7,0.0,6176.000000,59,0.0,0.0,0.0,1.0
130974,0,1,3400,-62,62,-170,13,11,0.57,110055.773438,0,2.1,9.2,0.0,4270.916504,62,0.0,0.0,0.0,1.0
131223,0,1,3400,-62,62,-167,11,11,0.61,64608.000000,0,2.1,11,0.0,8416.000000,66,0.0,0.0,0.0,1.0
131472,0,1,3400,-62,62,-169,8.7,11,0.50,119330.679688,0,2.1,6.5,0.0,351,57,0.0,0.0,0.0,1.0
131721,0,1,3400,-62,62,-168,7.6,11,0.50,112224.000000,0,2.1,11,0.0,5536.000000,57,0.0,0.0,0.0,1.0
131970,0,1,3400,-62,62,-169,8.3,11,0.50,107760.953125,0,2.1,9.1,0.0,33976.093750,0,0.0,0.0,0.0,1.0
132219,0,1,3400,-62,62,-169,8.1,11,0.56,143872.000000,0,2.1,14,0.0,42752.000000,56,0.0,0.0,0.0,1.0
132468,0,1,3400,-62,62,-168,8.5,11,0.58,137912.343750,0,2.1,0.10,0.0,49370.519531,69,0.0,0.0,0.0,1.0
132717,0,1,3400,-62,62,-165,5.8,11,0.50,47584.000000,0,2.1,0.0,0.0,5536.000000,0,0.0,0.0,0.0,1.0
132966,0,1,3400,-62,62,-167,8.1,11,0.55,98784.000000,0,2.1,3.8,0.0,17056.000000,0,0.0,0.0,0.0,1.0
133215,0,1,3400,-62,62,-169,13,11,0.59,116015.937500,0,2.1,5.8,20,0.0,89,0.0,0.0,0.0,1.0
133464,0,1,3400,-62,62,-168,13,11,0.60,83584.000000,0,2.1,0.064,0.0,0.0,80,0.0,0.0,0.0,1.0
133713,0,1,3400,-62,62,-166,8.8,11,0.66,84589.640625,0,2.1,0.0,0.0,0.0,0.0,0.0,0.0,0.0,1.0
133962,0,1,3400,-62,62,-171,9.5,11,0.50,123360.000000,0,2.1,0.0,0.0,0.0,0.0,0.0,0.0,0.0,1.0
134211,0,1,3400,-62,62,-172,13,11,0.74,110565.734375,0,2.1,2.9,0.0,174310.750000,62,0.0,0.0,0.0,1.0
134460,0,1,3400,-62,62,-167,18,11,0.95,93152.000000,0,2.1,16,0.0,61056.000000,50,0.0,0.0,0.0,1.0
134709,0,1,3400,-62,62,-166,5.4,11,0.60,131729.078125,0,2.1,16,0.0,0.0,0.0,0.0,0.0,0.0,1.0
134958,0,1,3400,-62,62,-164,12,11,0.62,177344.000000,0,2.1,16,0.0,0.0,0.0,0.0,0.0,0.0,1.0
135207,0,1,3400,-62,62,-167,8.6,11,0.50,108111.554688,0,2.1,15,0.0,166884.468750,65,0.0,0.0,0.0,1.0
135456,0,1,3400,-62,62,-173,8.4,11,0.60,110848.000000,0,2.1,16,0.0,0.0,0.0,0.0,0.0,0.0,1.0
135705,0,1,3400,-62,62,-167,6.8,11,0.58,69450.195312,0,2.1,16,0.0,0.0,0.0,0.0,0.0,0.0,1.0
135954,0,1,3400,-62,62,-170,12,11,0.63,151552.000000,0,2.1,16,0.0,0.0,0.0,0.0,0.0,0.0,1.0
136203,0,1,3400,-62,62,-174,7.7,11,0.50,107219.125000,0,2.1,14,0.0,9880.478516,42,0.0,0.0,0.0,1.0
136452,0,1,3400,-62,62,-170,9.0,11,0.61,121600.000000,0,2.1,6.2,0.0,4000.000000,75,0.0,0.0,0.0,1.0
136701,0,1,3400,-62,62,-163,6.2,11,0.50,148685.265625,0,2.1,7.5,0.0,0.0,100.000000,0.0,0.0,0.0,1.0
136950,0,1,3400,-62,62,-169,5.2,11,0.51,176896.000000,0,2.1,7.5,0.0,0.0,0.0,0.0,0.0,0.0,1.0
137199,0,1,3400,-62,62,-168,7.5,11,0.67,137664.000000,0,2.1,6.6,0.0,5696.000000,45,0.0,0.0,0.0,1.0
137448,0,1,3400,-62,62,-166,12,11,0.65,122199.203125,0,2.1,3.2,0.0,5513.944336,75,0.0,0.0,0.0,1.0
137697,0,1,3400,-62,62,-168,8.9,11,0.52,117280.000000,0,2.1,7.5,0.0,0.0,0.0,0.0,0.0,0.0,1.0
137946,0,1,3400,-62,62,-171,10,11,0.57,173577.687500,0,2.1,7.5,0.0,0.0,0.0,0.0,0.0,0.0,1.0
138195,0,1,3400,-62,62,-167,6.3,11,0.50,122080.000000,0,2.1,7.0,0.0,5536.000000,54,0.0,0.0,0.0,1.0
138444,0,1,3400,-62,62,-172,9.0,11,0.50,120733.070312,0,2.1,6.0,0.0,17816.732422,70,0.0,0.0,0.0,1.0
138693,0,1,3400,-62,62,-169,8.3,11,0.50,170816.000000,0,2.1,8.6,0.0,0.0,80,0.0,0.0,0.0,1.0
138942,0,1,3400,-62,62,-170,7.4,11,0.50,126916.335938,0,2.1,15,0.0,0.0,0.0,0.0,0.0,0.0,1.0
139191,0,1,3400,-62,62,-165,9.1,11,0.50,161760.000000,0,2.1,9.2,0.0,26976.000000,36,0.0,0.0,0.0,1.0
139440,0,1,3400,-62,62,-169,9.0,11,0.56,128286.851562,0,2.1,6.0,0.0,6565.736816,0,0.0,0.0,0.0,1.0
139689,0,1,3400,-62,62,-166,12,11,0.65,97952.000000,0,2.1,6.0,0.0,0.0,0.0,0.0,0.0,0.0,1.0
139938,0,1,3400,-62,62,-170,18,11,1.00,125737.054688,0,2.1,7.0,0.0,16988.046875,57,0.0,0.0,0.0,1.0
140187,0,1,3400,-62,62,-174,17,11,0.92,152608.000000,0,2.1,3.0,0.0,29568.000000,31,0.0,0.0,0.0,1.0
140436,0,1,3400,-62,62,-168,12,11,0.50,154262.953125,0,2.1,0.0,0.0,0.0,0.0,0.0,0.0,0.0,1.0
140685,0,1,3400,-62,62,-167,8.6,11,0.60,112384.000000,0,2.1,0.0,0.0,0.0,0.0,0.0,0.0,0.0,1.0
140934,0,1,3400,-62,62,-176,9.9,11,0.67,100175.296875,0,2.1,0.0,0.0,0.0,0.0,0.0,0.0,0.0,1.0
141183,0,1,3400,-62,62,-172,6.3,11,0.52,147104.000000,0,2.1,0.0,20,0.0,80,0.0,0.0,0.0,1.0
141432,0,1,3400,-62,62,-166,13,11,0.66,74613.546875,0,2.1,0.0,20,0.0,0.0,0.0,0.0,0.0,1.0
141681,0,1,3400,-62,62,-166,5.1,11,0.50,105472.000000,0,2.1,0.0,0.0,0.0,80,0.0,0.0,0.0,1.0
141930,0,1,3400,-62,62,-168,7.7,11,0.50,74517.929688,0,2.1,0.0,0.0,0.0,0.0,0.0,0.0,0.0,1.0
142179,0,1,3400,-62,62,-166,7.7,11,0.59,115104.000000,0,2.1,2.8,0.0,11968.000000,40,0.0,0.0,0.0,1.0
142428,0,1,3400,-62,62,-170,8.2,11,0.50,98880.000000,0,2.1,14,0.0,23616.000000,59,0.0,0.0,0.0,1.0
142677,0,1,3400,-62,62,-171,11,11,0.76,81625.500000,0,2.1,0.0,0.0,7968.127441,50,0.0,0.0,0.0,1.0
142926,0,1,3400,-62,62,-171,12,11,0.74,131378.484375,0,2.1,0.0,0.0,0.0,0.0,0.0,0.0,0.0,1.0
143175,0,1,3400,-62,62,-169,7.4,11,0.54,101536.000000,0,2.1,7.1,0.0,22592.000000,44,0.0,0.0,0.0,1.0
143424,0,1,3400,-62,62,-172,4.8,11,0.50,90231.078125,0,2.1,11,0.0,0.0,80,0.0,0.0,0.0,1.0
143673,0,1,3400,-62,62,-176,7.3,11,0.51,144224.000000,0,2.1,7.5,0.0,0.0,0.0,0.0,0.0,0.0,1.0
143922,0,1,3400,-62,62,-169,8.1,11,0.58,156864.000000,0,2.1,7.5,0.0,0.0,80,0.0,0.0,0.0,1.0
144171,0,1,3400,-62,62,-168,20,11,1.2,118374.500000,0,2.1,7.5,0.0,9179.283203,0,0.0,0.0,0.0,1.0
144420,0,1,3400,-62,62,-167,18,11,0.93,131392.000000,0,2.1,11,0.0,8096.000000,89,0.0,0.0,0.0,1.0
144669,0,1,3400,-62,62,-168,7.1,11,0.50,114677.289062,0,2.1,10,0.0,0.0,0.0,0.0,0.0,0.0,1.0
144918,0,1,3400,-62,62,-165,7.7,11,0.51,135264.000000,0,2.1,8.7,0.0,0.0,80,0.0,0.0,0.0,1.0
145167,0,1,3400,-62,62,-170,7.6,11,0.55,122326.695312,0,2.1,5.1,0.0,9880.478516,53,0.0,0.0,0.0,1.0
145416,0,1,3400,-62,62,-165,12,11,0.70,129344.000000,0,2.1,0.0,0.0,6976.000000,33,0.0,0.0,0.0,1.0
145665,0,1,3400,-62,62,-163,5.5,11,0.50,111681.273438,0,2.1,7.1,0.0,3474.103516,57,0.0,0.0,0.0,1.0
145914,0,1,3400,-62,62,-169,11,11,0.50,85888.000000,0,2.1,7.5,0.0,0.0,80,0.0,0.0,0.0,1.0
146163,0,1,3400,-62,62,-170,6.4,11,0.50,106581.671875,0,2.1,7.5,0.0,3474.103516,40,0.0,0.0,0.0,1.0
146412,0,1,3400,-62,62,-171,12,11,0.59,111232.000000,0,2.1,4.3,0.0,0.0,86,0.0,0.0,0.0,1.0
146661,0,1,3400,-62,62,-170,6.8,11,0.50,134438.250000,0,2.1,0.0,0.0,0.0,0.0,0.0,0.0,0.0,1.0
146910,0,1,3400,-62,62,-171,14,11,0.72,140000.000000,0,2.1,0.0,0.0,5536.000000,0,0.0,0.0,0.0,1.0
147159,0,1,3400,-62,62,-172,7.5,11,0.56,115346.617188,0,2.1,0.54,0.0,0.0,67,0.0,0.0,0.0,1.0
147408,0,1,3400,-62,62,-164,1.2,11,0.50,108832.000000,0,2.1,6.7,0.0,5536.000000,50,0.0,0.0,0.0,1.0
147657,0,1,3400,-62,62,-167,19,11,1.1,128860.554688,0,2.1,2.3,0.0,5513.944336,57,0.0,0.0,0.0,1.0
147906,0,1,3400,-62,62,-165,18,11,0.93,83392.000000,0,2.1,7.5,0.0,0.0,0.0,0.0,0.0,0.0,1.0
148155,0,1,3400,-62,62,-171,8.3,11,0.60,102400.000000,0,2.1,8.8,0.0,23488.000000,40,0.0,0.0,0.0,1.0
148404,0,1,3400,-62,62,-171,7.9,11,0.50,129689.242188,0,2.1,12,0.0,6406.374512,0,0.0,0.0,0.0,1.0
148653,0,1,3400,-62,62,-169,8.3,11,0.50,70336.000000,0,2.1,12,0.0,17056.000000,0,0.0,0.0,0.0,1.0
148902,0,1,3400,-62,62,-168,20,11,0.94,118374.500000,0,2.1,14,0.0,16988.046875,0,0.0,0.0,0.0,1.0
149151,0,1,3400,-62,62,-169,17,11,0.81,152800.000000,0,2.1,14,0.0,23488.000000,0,0.0,0.0,0.0,1.0
149400,0,1,3400,-62,62,-168,10,11,0.50,112223.109375,0,2.1,14,0.0,14438.247070,57,0.0,0.0,0.0,1.0
149649,0,1,3400,-62,62,-171,17,11,0.85,119296.000000,0,2.1,14,0.0,0.0,0.0,0.0,0.0,0.0,1.0
149898,0,1,3400,-62,62,-169,21,11,1.1,92366.531250,0,2.1,14,0.0,0.0,0.0,0.0,0.0,0.0,1.0
150147,0,1,3400,-62,62,-161,21,11,1.1,82432.000000,0,2.1,8.5,0.0,5536.000000,57,0.0,0.0,0.0,1.0
150396,0,1,3400,-62,62,-161,12,11,0.74,130039.843750,0,2.1,7.5,0.0,0.0,0.0,0.0,0.0,0.0,1.0
150645,0,1,3400,-62,62,-164,14,11,0.85,99424.000000,4,2.1,13,0.0,22592.000000,0,0.0,0.0,0.0,1.0
150894,0,1,3400,-62,62,-170,7.6,11,0.50,158151.390625,0,2.1,15,0.0,0.0,0.0,0.0,0.0,0.0,1.0
151143,0,1,3400,-62,62,-170,14,11,0.74,69280.000000,0,2.1,11,0.0,5536.000000,65,0.0,0.0,0.0,1.0
151392,0,1,3400,-62,62,-172,21,11,1.2,71840.640625,0,2.1,0.36,0.0,829,88,0.0,0.0,0.0,1.0
151641,0,1,3400,-62,62,-173,11,11,0.75,60032.000000,0,2.1,4.7,0.0,17056.000000,0,0.0,0.0,0.0,1.0
151890,0,1,3400,-62,62,-172,5.8,11,0.50,108366.531250,0,2.1,8.9,0.0,0.0,80,0.0,0.0,0.0,1.0
152139,0,1,3400,-62,62,-167,17,11,0.99,102080.000000,0,2.1,14,0.0,39648.000000,14,0.0,0.0,0.0,1.0
152388,0,1,3400,-62,62,-165,7.5,11,0.54,126693.226562,0,2.1,14,0.0,6406.374512,50,0.0,0.0,0.0,1.0
152637,0,1,3400,-62,62,-167,9.2,11,0.54,89056.000000,0,2.1,14,0.0,22592.000000,20,0.0,0.0,0.0,1.0
152886,0,1,3400,-62,62,-165,8.7,11,0.50,91328.000000,0,2.1,15,0.0,0.0,0.0,0.0,0.0,0.0,1.0
153135,0,1,3400,-62,62,-167,6.6,11,0.50,90262.945312,0,2.1,15,0.0,0.0,50,0.0,0.0,0.0,1.0
153384,0,1,3400,-62,62,-166,5.5,11,0.50,86368.000000,0,2.1,1.8,0.0,24032.000000,40,0.0,0.0,0.0,1.0
153633,0,1,3400,-62,62,-162,6.9,11,0.55,73689.242188,0,2.1,3.5,0.0,39490.039062,0,0.0,0.0,0.0,1.0
153882,0,1,3400,-62,62,-167,15,11,1.0,146080.000000,0,2.1,13,0.0,0.0,80,0.0,0.0,0.0,1.0
154131,0,1,3400,-62,62,-174,7.5,11,0.50,119904.382812,0,2.1,14,0.0,13705.179688,0,0.0,0.0,0.0,1.0
154380,0,1,3400,-62,62,-174,8.6,11,0.50,109408.000000,0,2.1,8.0,0.0,224,89,0.0,0.0,0.0,1.0
154629,0,1,3400,-62,62,-170,9.6,11,0.61,122294.820312,0,2.1,8.0,0.0,0.0,0.0,0.0,0.0,0.0,1.0
154878,0,1,3400,-62,62,-172,6.1,11,0.51,125120.000000,0,2.1,8.0,0.0,0.0,0.0,0.0,0.0,0.0,1.0
155127,0,1,3400,-62,62,-169,13,11,0.68,131537.843750,0,2.1,7.5,20,0.0,67,0.0,0.0,0.0,1.0
155376,0,1,3400,-62,62,-170,6.8,11,0.54,102432.000000,0,2.1,1.0,20,0.0,100.000000,0.0,0.0,0.0,1.0
155625,0,1,3400,-62,62,-163,13,11,0.72,108430.281250,0,2.1,5.9,0.0,7043.824707,59,0.0,0.0,0.0,1.0
155874,0,1,3400,-62,62,-172,8.6,11,0.51,106784.000000,0,2.1,12,0.0,4480.000000,64,0.0,0.0,0.0,1.0
156123,0,1,3400,-62,62,-171,5.5,11,0.50,133195.218750,0,2.1,3.6,0.0,1593.625488,38,0.0,0.0,0.0,1.0
156372,0,1,3400,-62,62,-164,4.6,11,0.50,121824.000000,0,2.1,7.5,0.0,5536.000000,50,0.0,0.0,0.0,1.0
156621,0,1,3400,-62,62,-164,6.5,11,0.50,166661.359375,0,2.1,13,0.0,0.0,80,0.0,0.0,0.0,1.0
156870,0,1,3400,-62,62,-169,10,11,0.50,107680.000000,0,2.1,15,0.0,0.0,0.0,0.0,0.0,0.0,1.0
157119,0,1,3400,-62,62,-170,5.6,11,0.50,163392.000000,0,2.1,15,20,0.0,67,0.0,0.0,0.0,1.0
157368,0,1,3400,-62,62,-169,5.3,11,0.50,184191.234375,0,2.1,7.5,20,0.0,100.000000,0.0,0.0,0.0,1.0
157617,0,1,3400,-62,62,-173,7.1,11,0.57,159904.000000,0,2.1,7.5,0.0,0.0,80,0.0,0.0,0.0,1.0
157866,0,1,3400,-62,62,-172,7.2,11,0.50,128924.304688,0,2.1,7.5,0.0,0.0,80,0.0,0.0,0.0,1.0
158115,0,1,3400,-62,62,-172,5.5,11,0.50,114912.000000,0,2.1,8.4,0.0,151392.000000,52,0.0,0.0,0.0,1.0
158364,0,1,3400,-62,62,-171,9.2,11,0.52,114964.140625,0,2.1,15,0.0,5513.944336,33,0.0,0.0,0.0,1.0
158613,0,1,3400,-62,62,-169,13,11,0.50,130624.000000,0,2.1,8.0,0.0,0.0,0.0,0.0,0.0,0.0,1.0
158862,0,1,3400,-62,62,-176,19,11,0.94,145498.015625,0,2.1,7.9,0.0,0.0,80,0.0,0.0,0.0,1.0
159111,0,1,3400,-62,62,-173,13,11,0.75,140416.000000,0,2.1,7.5,20,0.0,80,0.0,0.0,0.0,1.0
159360,0,1,3400,-62,62,-171,4.6,11,0.50,134406.375000,0,2.1,4.6,0.0,9083.665039,48,0.0,0.0,0.0,1.0
159609,0,1,3400,-62,62,-173,6.0,11,0.50,114176.000000,0,2.1,0.0,0.0,0.0,0.0,0.0,0.0,0.0,1.0
159858,0,1,3400,-62,62,-168,9.9,11,0.61,181482.078125,0,2.1,0.0,0.0,0.0,0.0,0.0,0.0,0.0,1.0
160107,0,1,3400,-62,62,-167,11,11,0.71,145088.000000,0,2.1,0.0,186,3488.000000,0,0.0,0.0,0.0,1.0
160356,0,1,3400,-62,62,-164,12,11,0.70,100207.171875,0,2.1,12,0.0,40382.468750,0,0.0,0.0,0.0,1.0
160605,0,1,3400,-62,62,-166,13,11,0.69,80704.000000,0,2.1,14,0.0,0.0,80,0.0,0.0,0.0,1.0
160854,0,1,3400,-62,62,-166,9.2,11,0.66,84876.492188,0,2.1,14,0.0,0.0,0.0,0.0,0.0,0.0,1.0
161103,0,1,3400,-62,62,-168,8.2,11,0.55,121568.000000,0,2.1,12,20,0.0,80,0.0,0.0,0.0,1.0
161352,0,1,3400,-62,62,-170,9.0,11,0.60,120605.578125,0,2.1,4.6,0.0,8191.234863,44,0.0,0.0,0.0,1.0
161601,0,1,3400,-62,62,-170,5.3,11,0.50,114080.000000,0,2.1,0.0,0.0,5536.000000,0,0.0,0.0,0.0,1.0
161850,0,1,3400,-62,62,-169,9.8,11,0.64,125832.671875,0,2.1,7.3,0.0,50454.183594,0,0.0,0.0,0.0,1.0
162099,0,1,3400,-62,62,-169,9.7,11,0.66,108832.000000,0,2.1,6.5,20,0.0,80,0.0,0.0,0.0,1.0
162348,0,1,3400,-62,62,-173,4.6,11,0.55,132207.171875,0,2.1,4.7,0.0,7298.804688,58,0.0,0.0,0.0,1.0
162597,0,1,3400,-62,62,-171,10,11,0.61,114944.000000,0,2.1,9.1,0.0,4288.000000,62,0.0,0.0,0.0,1.0
162846,0,1,3400,-62,62,-169,5.7,11,0.51,127520.000000,0,2.1,5.9,0.0,2688.000000,61,0.0,0.0,0.0,1.0
163095,0,1,3400,-62,62,-171,13,11,0.71,142470.125000,0,2.1,1.2,0.0,3474.103516,61,0.0,0.0,0.0,1.0
163344,0,1,3400,-62,62,-168,7.8,11,0.54,158048.000000,0,2.1,0.36,0.0,832,88,0.0,0.0,0.0,1.0
163593,0,1,3400,-62,62,-167,10,11,0.62,85418.328125,0,2.1,0.0,0.0,0.0,0.0,0.0,0.0,0.0,1.0
163842,0,1,3400,-62,62,-170,21,11,1.0,124320.000000,0,2.1,0.0,0.0,5536.000000,0,0.0,0.0,0.0,1.0
164091,0,1,3400,-62,62,-170,7.3,11,0.50,115282.867188,0,2.1,1.7,0.0,0.0,80,0.0,0.0,0.0,1.0
164340,0,1,3400,-62,62,-166,8.4,11,0.50,103744.000000,0,2.1,7.5,0.0,0.0,80,0.0,0.0,0.0,1.0
164589,0,1,3400,-62,62,-170,6.2,11,0.50,116780.875000,0,2.1,7.5,0.0,0.0,0.0,0.0,0.0,0.0,1.0
164838,0,1,3400,-62,62,-171,17,11,0.90,149280.000000,0,2.1,0.12,0.0,5536.000000,0,0.0,0.0,0.0,1.0
165087,0,1,3400,-62,62,-170,11,11,0.69,127458.164062,0,2.1,2.9,0.0,0.0,80,0.0,0.0,0.0,1.0
165336,0,1,3400,-62,62,-168,7.4,11,0.57,142048.000000,0,2.1,7.5,0.0,0.0,80,0.0,0.0,0.0,1.0
165585,0,1,3400,-62,62,-167,13,11,0.72,108494.023438,0,2.1,7.5,0.0,0.0,0.0,0.0,0.0,0.0,1.0
165834,0,1,3400,-62,62,-171,5.9,11,0.51,97152.000000,0,2.1,7.5,0.0,0.0,80,0.0,0.0,0.0,1.0
166083,0,1,3400,-62,62,-170,19,11,0.98,119458.164062,0,2.1,3.9,0.0,3474.103516,40,0.0,0.0,0.0,1.0
166332,0,1,3400,-62,62,-171,20,11,1.0,87872.000000,0,2.1,7.5,0.0,0.0,100.000000,0.0,0.0,0.0,1.0
166581,0,1,3400,-62,62,-172,17,11,0.93,124589.640625,0,2.1,7.5,0.0,0.0,0.0,0.0,0.0,0.0,1.0
166830,0,1,3400,-62,62,-167,17,11,0.90,90048.000000,0,2.1,7.5,0.0,0.0,0.0,0.0,0.0,0.0,1.0
167079,0,1,3400,-62,62,-165,7.4,11,0.54,105912.351562,0,2.1,8.8,0.0,132398.406250,50,0.0,0.0,0.0,1.0
167328,0,1,3400,-62,62,-169,13,11,0.64,102496.000000,0,2.1,16,0.0,0.0,0.0,0.0,0.0,0.0,1.0
167577,0,1,3400,-62,62,-168,6.7,11,0.54,106039.843750,0,2.1,16,0.0,0.0,0.0,0.0,0.0,0.0,1.0
167826,0,1,3400,-62,62,-166,12,11,0.68,108000.000000,0,2.1,16,0.0,0.0,0.0,0.0,0.0,0.0,1.0
168075,0,1,3400,-62,62,-166,12,11,0.67,117056.000000,0,2.1,14,20,0.0,80,0.0,0.0,0.0,1.0
168324,0,1,3400,-62,62,-167,5.9,11,0.57,146358.562500,0,2.1,6.8,0.0,7107.569824,50,0.0,0.0,0.0,1.0
168573,0,1,3400,-62,62,-175,5.5,11,0.51,110336.000000,0,2.1,9.1,0.0,5536.000000,0,0.0,0.0,0.0,1.0
168822,0,1,3400,-62,62,-174,12,11,0.63,143075.703125,0,2.1,9.0,0.0,16478.087891,50,0.0,0.0,0.0,1.0
169071,0,1,3400,-62,62,-169,6.7,11,0.52,112640.000000,0,2.1,13,0.0,29024.000000,50,0.0,0.0,0.0,1.0
169320,0,1,3400,-62,62,-174,6.5,11,0.53,128414.343750,0,2.1,4.5,0.0,23808.765625,53,0.0,0.0,0.0,1.0
169569,0,1,3400,-62,62,-172,13,11,0.61,165728.000000,0,2.1,7.5,0.0,17056.000000,57,0.0,0.0,0.0,1.0
169818,0,1,3400,-62,62,-164,8.3,11,0.59,139665.343750,0,2.1,2.5,0.0,0.0,80,0.0,0.0,0.0,1.0
170067,0,1,3400,-62,62,-165,7.8,11,0.62,188256.000000,0,2.1,3.3,0.0,48416.000000,40,0.0,0.0,0.0,1.0
170316,0,1,3400,-62,62,-170,7.2,11,0.57,113306.773438,0,2.1,0.0,0.0,5513.944336,0,0.0,0.0,0.0,1.0
170565,0,1,3400,-62,62,-165,5.5,11,0.50,112832.000000,0,2.1,7.1,0.0,0.0,80,0.0,0.0,0.0,1.0
170814,0,1,3400,-62,62,-173,9.5,11,0.67,105625.500000,0,2.1,7.5,0.0,0.0,0.0,0.0,0.0,0.0,1.0
171063,0,1,3400,-62,62,-173,21,11,0.98,72384.000000,0,2.1,7.2,0.0,5536.000000,25,0.0,0.0,0.0,1.0
171312,0,1,3400,-62,62,-170,16,11,0.91,104191.234375,2,2.1,12,0.0,10007.967773,69,0.0,0.0,0.0,1.0
171561,0,1,3400,-62,62,-165,12,11,0.63,118144.000000,0,2.1,6.0,0.0,0.0,80,0.0,0.0,0.0,1.0
171810,0,1,3400,-62,62,-171,14,11,0.60,128509.960938,0,2.1,8.6,0.0,20462.152344,0,0.0,0.0,0.0,1.0
172059,0,1,3400,-62,62,-170,14,11,0.66,145664.000000,0,2.1,13,56,0.0,71,0.0,0.0,0.0,1.0
172308,0,1,3400,-62,62,-168,13,11,0.68,133450.203125,0,2.1,6.0,0.0,4366.533691,75,0.0,0.0,0.0,1.0
172557,0,1,3400,-62,62,-167,9.3,11,0.61,85920.000000,0,2.1,6.0,0.0,0.0,0.0,0.0,0.0,0.0,1.0
172806,0,1,3400,-62,62,-168,18,11,0.98,97498.007812,0,2.1,9.8,0.0,37450.199219,36,0.0,0.0,0.0,1.0
173055,0,1,3400,-62,62,-168,9.9,11,0.67,127136.000000,0,2.1,13,56,0.0,50,0.0,0.0,0.0,1.0
173304,0,1,3400,-62,62,-168,14,11,0.81,113152.000000,0,2.1,5.7,0.0,70016.000000,27,0.0,0.0,0.0,1.0
173553,0,1,3400,-62,62,-170,20,11,1.2,77322.710938,0,2.1,12,0.0,16988.046875,67,0.0,0.0,0.0,1.0
173802,0,1,3400,-62,62,-170,21,11,1.1,92736.000000,0,2.1,14,0.0,3488.000000,50,0.0,0.0,0.0,1.0
174051,0,1,3400,-62,62,-170,5.7,11,0.57,102183.265625,0,2.1,14,0.0,74294.820312,28,0.0,0.0,0.0,1.0
174300,0,1,3400,-62,62,-167,5.8,11,0.50,154496.000000,0,2.1,0.0,0.0,0.0,100.000000,0.0,0.0,0.0,1.0
174549,0,1,3400,-62,62,-162,4.8,11,0.57,130039.843750,0,2.1,0.0,0.0,0.0,0.0,0.0,0.0,0.0,1.0
174798,0,1,3400,-62,62,-173,7.4,11,0.63,103200.000000,0,2.1,0.0,0.0,0.0,0.0,0.0,0.0,0.0,1.0
175047,0,1,3400,-62,62,-173,11,11,0.62,122709.164062,0,2.1,0.0,20,0.0,67,0.0,0.0,0.0,1.0
175296,0,1,3400,-62,62,-169,4.4,11,0.50,90944.000000,0,2.1,0.90,0.0,5536.000000,69,0.0,0.0,0.0,1.0
175545,0,1,3400,-62,62,-170,12,11,0.66,138581.671875,0,2.1,4.0,0.0,5513.944336,33,0.0,0.0,0.0,1.0
175794,0,1,3400,-62,62,-173,8.3,11,0.50,108288.000000,0,2.1,2.6,0.0,34112.000000,0,0.0,0.0,0.0,1.0
176043,0,1,3400,-62,62,-171,7.7,11,0.50,143776.890625,0,2.1,8.7,0.0,39490.039062,46,0.0,0.0,0.0,1.0
176292,0,1,3400,-62,62,-167,13,11,0.50,123520.000000,0,2.1,7.5,0.0,5536.000000,67,0.0,0.0,0.0,1.0
176541,0,1,3400,-62,62,-169,15,11,0.62,120382.468750,0,2.1,15,0.0,16988.046875,57,0.0,0.0,0.0,1.0
176790,0,1,3400,-62,62,-169,11,11,0.71,111392.000000,0,2.1,15,0.0,0.0,0,0.0,0.0,0.0,1.0
177039,0,1,3400,-62,62,-172,11,11,0.56,127649.406250,0,2.1,14,0.0,38342.628906,38,0.0,0.0,0.0,1.0
177288,0,1,3400,-62,62,-168,10.0,11,0.63,169056.000000,0,2.1,6.0,0.0,12128.000000,20,0.0,0.0,0.0,1.0
177537,0,1,3400,-62,62,-164,12,11,0.79,81593.625000,0,2.1,6.0,0.0,0.0,0.0,0.0,0.0,0.0,1.0
177786,0,1,3400,-62,62,-168,21,11,1.0,82432.000000,0,2.1,6.0,0.0,0.0,0.0,0.0,0.0,0.0,1.0
178035,0,1,3400,-62,62,-172,21,11,1.1,71840.640625,0,2.1,6.5,0.0,0.0,67,0.0,0.0,0.0,1.0
178284,0,1,3400,-62,62,-172,19,10,0.97,124672.000000,0,2.1,14,0.0,0.0,83,0.0,0.0,0.0,1.0
178533,0,1,3400,-62,62,-170,15,11,0.78,112352.000000,0,2.1,15,0.0,0.0,100.000000,0.0,0.0,0.0,1.0
178782,0,1,3400,-62,62,-172,6.5,11,0.50,105243.031250,0,2.1,13,0.0,20462.152344,0,0.0,0.0,0.0,1.0
179031,0,1,3400,-62,62,-173,5.1,11,0.50,112736.000000,0,2.1,15,0.0,23488.000000,0,0.0,0.0,0.0,1.0
179280,0,1,3400,-62,62,-171,10,11,0.67,122741.039062,0,2.1,14,0.0,16988.046875,0,0.0,0.0,0.0,1.0
179529,0,1,3400,-62,62,-170,19,11,0.95,109664.000000,0,2.1,15,0.0,17056.000000,0,0.0,0.0,0.0,1.0
179778,0,1,3400,-62,62,-165,19,11,1.1,98422.312500,0,2.1,15,0.0,0.0,0.0,0.0,0.0,0.0,1.0
180027,0,1,3400,-62,62,-160,16,11,0.86,101696.000000,0,2.1,14,0.0,3104.000000,73,0.0,0.0,0.0,1.0
180276,0,1,3400,-62,62,-161,5.9,11,0.50,110087.648438,0,2.1,0.84,0.0,28812.748047,46,0.0,0.0,0.0,1.0
180525,0,1,3400,-62,62,-166,10,11,0.50,93664.000000,0,2.1,7.5,0.0,0.0,0.0,0.0,0.0,0.0,1.0
180774,0,1,3400,-62,62,-172,15,11,0.68,105721.117188,0,2.1,7.5,0.0,33976.093750,0,0.0,0.0,0.0,1.0
181023,0,1,3400,-62,62,-168,11,11,0.50,69920.000000,0,2.1,9.8,0.0,5536.000000,56,0.0,0.0,0.0,1.0
181272,0,1,3400,-62,62,-170,5.7,11,0.50,99824.703125,0,2.1,5.0,0.0,23936.255859,50,0.0,0.0,0.0,1.0
181521,0,1,3400,-62,62,-172,8.4,11,0.50,130976.000000,0,2.1,6.4,0.0,5536.000000,0,0.0,0.0,0.0,1.0
181770,0,1,3400,-62,62,-165,9.3,11,0.50,128382.468750,0,2.1,6.2,0.0,33976.093750,0,0.0,0.0,0.0,1.0
182019,0,1,3400,-62,62,-168,8.6,11,0.55,116064.000000,0,2.1,2.9,0.0,22592.000000,45,0.0,0.0,0.0,1.0
182268,0,1,3400,-62,62,-175,5.3,11,0.51,130741.039062,0,2.1,2.9,0.0,13864.541992,50,0.0,0.0,0.0,1.0
182517,0,1,3400,-62,62,-168,10,11,0.61,144224.000000,0,2.1,4.7,0.0,17056.000000,0,0.0,0.0,0.0,1.0
182766,0,1,3400,-62,62,-167,8.2,11,0.50,159075.703125,0,2.1,7.5,0.0,0.0,0.0,0.0,0.0,0.0,1.0
183015,0,1,3400,-62,62,-169,8.6,11,0.50,163008.000000,0,2.1,7.7,0.0,2976.000000,56,0.0,0.0,0.0,1.0
183264,0,1,3400,-62,62,-168,8.7,11,0.57,96800.000000,0,2.1,6.5,0.0,6336.000000,73,0.0,0.0,0.0,1.0
183513,0,1,3400,-62,62,-168,11,11,0.63,123059.757812,0,2.1,1.2,0.0,5513.944336,57,0.0,0.0,0.0,1.0
183762,0,1,3400,-62,62,-171,9.6,11,0.69,134144.000000,0,2.1,2.9,0.0,34112.000000,0,0.0,0.0,0.0,1.0
184011,0,1,3400,-62,62,-169,13,11,0.85,141482.078125,0,2.1,10,0.0,4302.789062,64,0.0,0.0,0.0,1.0
184260,0,1,3400,-62,62,-160,6.2,11,0.50,89184.000000,0,2.1,0.0,0.0,0.0,87,0.0,0.0,0.0,1.0
184509,0,1,3400,-62,62,-166,4.8,11,0.50,82294.820312,0,2.1,0.0,0.0,0.0,82,0.0,0.0,0.0,1.0
184758,0,1,3400,-62,62,-169,5.4,11,0.50,137344.000000,0,2.1,0.0,0.0,3488.000000,0,0.0,0.0,0.0,1.0
185007,0,1,3400,-62,62,-171,6.1,11,0.50,119235.062500,0,2.1,8.3,0.0,16988.046875,57,0.0,0.0,0.0,1.0
185256,0,1,3400,-62,62,-174,9.0,11,0.59,118629.484375,0,2.1,15,0.0,0.0,80,0.0,0.0,0.0,1.0
185505,0,1,3400,-62,62,-172,18,11,0.89,109609.562500,0,2.1,15,0.0,16988.046875,0,0.0,0.0,0.0,1.0
185754,0,1,3400,-62,62,-163,9.0,11,0.65,120512.000000,0,2.1,15,0.0,34112.000000,0,0.0,0.0,0.0,1.0
186003,0,1,3400,-62,62,-170,15,11,0.84,163729.078125,0,2.1,15,0.0,16988.046875,40,0.0,0.0,0.0,1.0
186252,0,1,3400,-62,62,-173,12,11,0.66,97632.000000,0,2.1,11,0.0,0.0,86,0.0,0.0,0.0,1.0
186501,0,1,3400,-62,62,-173,15,11,0.85,101928.289062,0,2.1,7.5,0.0,0.0,0.0,0.0,0.0,0.0,1.0
186750,0,1,3400,-62,62,-170,11,11,0.57,128320.000000,0,2.1,7.5,0.0,5536.000000,57,0.0,0.0,0.0,1.0
186999,0,1,3400,-62,62,-163,6.2,11,0.58,125035.859375,0,2.1,8.9,0.0,23394.421875,0,0.0,0.0,0.0,1.0
187248,0,1,3400,-62,62,-169,6.4,11,0.52,161920.000000,0,2.1,14,0.0,0.0,0.0,0.0,0.0,0.0,1.0
187497,0,1,3400,-62,62,-169,7.9,11,0.50,104350.593750,0,2.1,14,0.0,16988.046875,0,0.0,0.0,0.0,1.0
187746,0,1,3400,-62,62,-172,8.6,11,0.50,130656.000000,0,2.1,14,0.0,17056.000000,57,0.0,0.0,0.0,1.0
187995,0,1,3400,-62,62,-169,14,11,0.78,131840.000000,0,2.1,11,0.0,218560.000000,61,0.0,0.0,0.0,1.0
188244,0,1,3400,-62,62,-167,18,11,0.96,63298.804688,0,2.1,11,0.0,0.0,80,0.0,0.0,0.0,1.0
188493,0,1,3400,-62,62,-169,3.8,11,0.50,120480.000000,0,2.1,8.0,0.0,0.0,0.0,0.0,0.0,0.0,1.0
188742,0,1,3400,-62,62,-171,5.1,11,0.50,136031.875000,0,2.1,1.6,0.0,5513.944336,50,0.0,0.0,0.0,1.0
188991,0,1,3400,-62,62,-170,8.6,11,0.50,91264.000000,0,2.1,14,0.0,40544.000000,40,0.0,0.0,0.0,1.0
189240,0,1,3400,-62,62,-170,11,11,0.58,112701.195312,0,2.1,14,0.0,0.0,0.0,0.0,0.0,0.0,1.0
189489,0,1,3400,-62,62,-169,13,11,0.68,126784.000000,0,2.1,14,0.0,0.0,0.0,0.0,0.0,0.0,1.0
189738,0,1,3400,-62,62,-170,21,11,1.1,87235.062500,0,2.1,14,0.0,0.0,0.0,0.0,0.0,0.0,1.0
189987,0,1,3400,-62,62,-168,5.9,11,0.58,134848.000000,0,2.1,14,0.0,0.0,80,0.0,0.0,0.0,1.0
190236,0,1,3400,-62,62,-168,11,11,0.74,131665.343750,0,2.1,11,0.0,3474.103516,0,0.0,0.0,0.0,1.0
190485,0,1,3400,-62,62,-168,21,11,1.1,113344.000000,0,2.1,11,0.0,17056.000000,0,0.0,0.0,0.0,1.0
190734,0,1,3400,-62,62,-168,17,11,0.92,102916.335938,0,2.1,15,0.0,0.0,0.0,0.0,0.0,0.0,1.0
190983,0,1,3400,-62,62,-168,4.6,11,0.50,136288.000000,0,2.1,15,0.0,17056.000000,0,0.0,0.0,0.0,1.0
191232,0,1,3400,-62,62,-170,7.5,11,0.53,141227.093750,0,2.1,14,0.0,6406.374512,0,0.0,0.0,0.0,1.0
191481,0,1,3400,-62,62,-169,15,11,0.89,137760.000000,0,2.1,14,0.0,0.0,80,0.0,0.0,0.0,1.0
191730,0,1,3400,-62,62,-170,7.9,11,0.64,105211.156250,0,2.1,15,0.0,0.0,0.0,0.0,0.0,0.0,1.0
191979,0,1,3400,-62,62,-165,6.0,11,0.64,107264.000000,0,2.1,13,0.0,11072.000000,42,0.0,0.0,0.0,1.0
192228,0,1,3400,-62,62,-167,9.3,11,0.61,62980.078125,0,2.1,8.1,0.0,13641.434570,73,0.0,0.0,0.0,1.0
192477,0,1,3400,-62,62,-168,10.0,11,0.56,120192.000000,0,2.1,22,0.0,0.0,0.0,0.0,0.0,0.0,1.0
192726,0,1,3400,-62,62,-172,10,11,0.54,168701.187500,0,2.1,16,0.0,5513.944336,0,0.0,0.0,0.0,1.0
192975,0,1,3400,-62,62,-172,12,11,0.73,120192.000000,0,2.1,6.8,0.0,17056.000000,0,0.0,0.0,0.0,1.0
193224,0,1,3400,-62,62,-167,15,11,0.88,111680.000000,0,2.1,13,0.0,1312.000000,76,0.0,0.0,0.0,1.0
193473,0,1,3400,-62,62,-162,20,11,1.2,98422.312500,0,2.1,7.5,0.0,0.0,100.000000,0.0,0.0,0.0,1.0
193722,0,1,3400,-62,62,-166,6.8,11,0.50,137024.000000,0,2.1,0.060,0.0,0.0,80,0.0,0.0,0.0,1.0
193971,0,1,3400,-62,62,-171,6.8,11,0.51,89625.500000,0,2.1,2.9,0.0,231043.828125,59,0.0,0.0,0.0,1.0
194220,0,1,3400,-62,62,-169,9.4,11,0.64,100448.000000,0,2.1,16,0.0,0.0,0.0,0.0,0.0,0.0,1.0
194469,0,1,3400,-62,62,-168,21,11,1.0,66709.164062,0,2.1,9.7,0.0,5513.944336,0,0.0,0.0,0.0,1.0
194718,0,1,3400,-62,62,-171,11,11,0.71,98048.000000,0,2.1,8.0,0.0,0.0,0.0,0.0,0.0,0.0,1.0
194967,0,1,3400,-62,62,-173,7.9,11,0.59,135521.906250,0,2.1,8.5,0.0,23936.255859,36,0.0,0.0,0.0,1.0
195216,0,1,3400,-62,62,-171,5.1,11,0.50,116192.000000,0,2.1,0.0,0.0,3488.000000,0,0.0,0.0,0.0,1.0
195465,0,1,3400,-62,62,-172,14,11,0.84,134119.515625,0,2.1,3.5,0.0,16988.046875,0,0.0,0.0,0.0,1.0
195714,0,1,3400,-62,62,-160,7.0,11,0.53,170528.000000,0,2.1,7.5,0.0,0.0,0.0,0.0,0.0,0.0,1.0
195963,0,1,3400,-62,62,-159,12,11,0.59,176063.750000,0,2.1,9.2,0.0,0.0,80,0.0,0.0,0.0,1.0
196212,0,1,3400,-62,62,-169,6.1,11,0.50,113024.000000,0,2.1,12,0.0,0.0,80,0.0,0.0,0.0,1.0
196461,0,1,3400,-62,62,-171,11,11,0.81,97179.281250,0,2.1,4.0,0.0,3474.103516,0,0.0,0.0,0.0,1.0
196710,0,1,3400,-62,62,-175,21,11,1.1,78400.000000,0,2.1,3.8,0.0,17056.000000,0,0.0,0.0,0.0,1.0
196959,0,1,3400,-62,62,-169,6.3,11,0.53,125120.000000,0,2.1,7.7,0.0,17056.000000,0,0.0,0.0,0.0,1.0
197208,0,1,3400,-62,62,-169,8.0,11,0.50,113019.921875,0,2.1,19,0.0,1306.772949,79,0.0,0.0,0.0,1.0
197457,0,1,3400,-62,62,-166,8.7,11,0.50,107282.867188,0,2.1,18,0.0,0.0,80,0.0,0.0,0.0,1.0
197706,0,1,3400,-62,62,-163,11,11,0.50,151968.000000,0,2.1,14,0.0,0.0,0.0,0.0,0.0,0.0,1.0
197955,0,1,3400,-62,62,-167,12,11,0.50,122816.000000,0,2.1,13,20,0.0,67,0.0,0.0,0.0,1.0
198204,0,1,3400,-62,62,-169,6.3,11,0.50,143904.375000,0,2.1,2.6,0.0,5258.964355,66,0.0,0.0,0.0,1.0
198453,0,1,3400,-62,62,-173,4.8,11,0.50,128640.000000,0,2.1,8.3,0.0,3392.000000,67,0.0,0.0,0.0,1.0
198702,0,1,3400,-62,62,-172,3.6,11,0.50,135745.015625,0,2.1,7.7,0.0,3378.486084,59,0.0,0.0,0.0,1.0
198951,0,1,3400,-62,62,-164,8.0,11,0.55,74144.000000,0,2.1,7.5,20,0.0,67,0.0,0.0,0.0,1.0
199200,0,1,3400,-62,62,-168,6.8,11,0.54,152733.062500,0,2.1,5.1,0.0,7298.804688,62,0.0,0.0,0.0,1.0
199449,0,1,3400,-62,62,-174,5.4,11,0.51,107680.000000,0,2.1,12,0.0,4288.000000,62,0.0,0.0,0.0,1.0
199698,0,1,3400,-62,62,-168,17,11,0.81,126470.117188,0,2.1,10.0,0.0,4079.681396,62,0.0,0.0,0.0,1.0
199947,0,1,3400,-62,62,-163,10,11,0.71,67872.000000,0,2.1,11,0.0,9440.000000,58,0.0,0.0,0.0,1.0
200196,0,1,3400,-62,62,-171,11,11,0.66,80414.343750,0,2.1,0.0,0.0,5513.944336,75,0.0,0.0,0.0,1.0
200445,0,1,3400,-62,62,-168,8.6,11,0.50,101952.000000,0,2.1,0.0,0.0,0.0,0.0,0.0,0.0,0.0,1.0
200694,0,1,3400,-62,62,-170,8.0,11,0.54,142374.500000,0,2.1,0.0,0.0,0.0,80,0.0,0.0,0.0,1.0
200943,0,1,3400,-62,62,-175,12,11,0.62,148576.000000,0,2.1,0.0,20,0.0,67,0.0,0.0,0.0,1.0
201192,0,1,3400,-62,62,-172,13,11,0.76,73179.281250,0,2.1,0.0,20,0.0,100.000000,0.0,0.0,0.0,1.0
201441,0,1,3400,-62,62,-167,6.7,11,0.50,163616.000000,0,2.1,0.91,0.0,8224.000000,47,0.0,0.0,0.0,1.0
201690,0,1,3400,-62,62,-166,3.9,11,0.50,90804.781250,0,2.1,4.1,0.0,16988.046875,57,0.0,0.0,0.0,1.0
201939,0,1,3400,-62,62,-166,8.1,11,0.50,132928.000000,0,2.1,13,0.0,9920.000000,42,0.0,0.0,0.0,1.0
202188,0,1,3400,-62,62,-163,6.7,11,0.50,128605.578125,0,2.1,0.0,0.0,6948.207031,33,0.0,0.0,0.0,1.0
202437,0,1,3400,-62,62,-167,8.1,11,0.62,103808.000000,0,2.1,0.0,0.0,0.0,0.0,0.0,0.0,0.0,1.0
202686,0,1,3400,-62,62,-172,7.9,11,0.54,130464.000000,0,2.1,0.0,0.0,5536.000000,0,0.0,0.0,0.0,1.0
202935,0,1,3400,-62,62,-175,10,11,0.62,94980.078125,0,2.1,4.7,0.0,16988.046875,40,0.0,0.0,0.0,1.0
203184,0,1,3400,-62,62,-173,12,11,0.78,138400.000000,0,2.1,15,0.0,0.0,100.000000,0.0,0.0,0.0,1.0
203433,0,1,3400,-62,62,-171,14,11,0.81,113657.367188,0,2.1,15,0.0,0.0,0.0,0.0,0.0,0.0,1.0
203682,0,1,3400,-62,62,-171,5.3,11,0.50,97888.000000,0,2.1,15,0.0,0.0,0.0,0.0,0.0,0.0,1.0
203931,0,1,3400,-62,62,-171,5.5,11,0.50,146486.062500,0,2.1,13,0.0,3474.103516,56,0.0,0.0,0.0,1.0
204180,0,1,3400,-62,62,-167,8.5,11,0.50,150912.000000,0,2.1,0.43,0.0,10336.000000,45,0.0,0.0,0.0,1.0
204429,0,1,3400,-62,62,-172,7.4,11,0.50,134406.375000,0,2.1,2.3,0.0,16988.046875,0,0.0,0.0,0.0,1.0
204678,0,1,3400,-62,62,-169,7.1,11,0.50,139584.000000,0,2.1,9.0,0.0,17056.000000,50,0.0,0.0,0.0,1.0
204927,0,1,3400,-62,62,-171,19,11,1.0,90231.078125,0,2.1,17,0.0,40382.468750,0,0.0,0.0,0.0,1.0
205176,0,1,3400,-62,62,-174,5.5,11,0.50,78368.000000,0,2.1,14,0.0,0.0,80,0.0,0.0,0.0,1.0
205425,0,1,3400,-62,62,-171,11,11,0.66,106007.968750,0,2.1,13,0.0,3474.103516,57,0.0,0.0,0.0,1.0
205674,0,1,3400,-62,62,-169,18,11,0.88,89888.000000,0,2.1,15,0.0,0.0,0.0,0.0,0.0,0.0,1.0
205923,0,1,3400,-62,62,-172,18,11,0.91,181928.281250,0,2.1,14,0.0,5513.944336,25,0.0,0.0,0.0,1.0
206172,0,1,3400,-62,62,-169,17,11,0.89,140960.000000,0,2.1,0.58,0.0,11104.000000,29,0.0,0.0,0.0,1.0
206421,0,1,3400,-62,62,-165,18,11,0.86,73402.390625,0,2.1,3.5,0.0,0.0,80,0.0,0.0,0.0,1.0
206670,0,1,3400,-62,62,-170,6.8,11,0.50,130336.000000,0,2.1,8.9,0.0,22592.000000,0,0.0,0.0,0.0,1.0
206919,0,1,3400,-62,62,-170,8.3,11,0.50,98071.710938,0,2.1,15,0.0,16988.046875,67,0.0,0.0,0.0,1.0
207168,0,1,3400,-62,62,-168,6.8,11,0.54,80992.000000,0,2.1,15,0.0,0.0,0.0,0.0,0.0,0.0,1.0
207417,0,1,3400,-62,62,-169,8.0,11,0.50,59729.082031,0,2.1,11,0.0,0.0,80,0.0,0.0,0.0,1.0
207666,0,1,3400,-62,62,-170,4.3,11,0.50,110816.000000,0,2.1,7.5,0.0,5536.000000,0,0.0,0.0,0.0,1.0
207915,0,1,3400,-62,62,-164,7.4,11,0.52,158023.906250,0,2.1,9.4,0.0,264350.593750,52,0.0,0.0,0.0,1.0
208164,0,1,3400,-62,62,-168,16,11,0.86,110336.000000,0,2.1,16,0.0,0.0,0.0,0.0,0.0,0.0,1.0
208413,0,1,3400,-62,62,-172,8.9,11,0.63,113120.000000,0,2.1,9.7,0.0,0.0,80,0.0,0.0,0.0,1.0
208662,0,1,3400,-62,62,-170,7.5,11,0.50,89689.242188,0,2.1,3.9,0.0,3474.103516,0,0.0,0.0,0.0,1.0
208911,0,1,3400,-62,62,-171,3.3,11,0.50,131712.000000,0,2.1,7.7,0.0,39648.000000,36,0.0,0.0,0.0,1.0
209160,0,1,3400,-62,62,-170,4.8,11,0.52,112924.304688,0,2.1,7.5,0.0,16988.046875,0,0.0,0.0,0.0,1.0
209409,0,1,3400,-62,62,-166,6.9,11,0.52,152640.000000,0,2.1,7.5,0.0,0.0,0.0,0.0,0.0,0.0,1.0
209658,0,1,3400,-62,62,-168,7.9,11,0.50,110278.882812,0,2.1,7.5,0.0,16988.046875,0,0.0,0.0,0.0,1.0
209907,0,1,3400,-62,62,-172,5.6,11,0.50,137216.000000,0,2.1,7.7,0.0,17056.000000,0,0.0,0.0,0.0,1.0
210156,0,1,3400,-62,62,-170,6.3,11,0.53,124015.937500,0,2.1,14,0.0,40382.468750,33,0.0,0.0,0.0,1.0
210405,0,1,3400,-62,62,-167,14,11,0.73,127200.000000,0,2.1,13,0.0,0.0,83,0.0,0.0,0.0,1.0
210654,0,1,3400,-62,62,-167,13,11,0.61,138199.203125,0,2.1,5.1,0.0,20462.152344,0,0.0,0.0,0.0,1.0
210903,0,1,3400,-62,62,-165,6.2,11,0.53,127744.000000,0,2.1,9.2,0.0,17056.000000,57,0.0,0.0,0.0,1.0
211152,0,1,3400,-62,62,-168,14,11,0.77,100557.765625,0,2.1,15,0.0,0.0,0.0,0.0,0.0,0.0,1.0
211401,0,1,3400,-62,62,-173,5.7,11,0.50,130272.000000,0,2.1,9.1,0.0,5536.000000,0,0.0,0.0,0.0,1.0
211650,0,1,3400,-62,62,-172,6.5,11,0.50,107824.703125,0,2.1,13,0.0,16988.046875,0,0.0,0.0,0.0,1.0
211899,0,1,3400,-62,62,-171,5.1,11,0.50,129600.000000,0,2.1,15,0.0,0.0,80,0.0,0.0,0.0,1.0
212148,0,1,3400,-62,62,-167,3.3,11,0.50,118151.390625,0,2.1,15,0.0,0.0,0.0,0.0,0.0,0.0,1.0
212397,0,1,3400,-62,62,-166,5.4,11,0.50,186464.000000,0,2.1,10,0.0,0.0,80,0.0,0.0,0.0,1.0
212646,0,1,3400,-62,62,-168,14,11,0.82,135776.890625,0,2.1,6.1,0.0,5513.944336,0,0.0,0.0,0.0,1.0
212895,0,1,3400,-62,62,-168,11,11,0.60,112064.000000,0,2.1,0.73,0.0,17056.000000,0,0.0,0.0,0.0,1.0
213144,0,1,3400,-62,62,-166,8.0,11,0.59,144576.000000,0,2.1,15,0.0,1312.000000,76,0.0,0.0,0.0,1.0
213393,0,1,3400,-62,62,-173,7.5,11,0.50,114294.820312,0,2.1,22,0.0,0.0,100.000000,0.0,0.0,0.0,1.0
213642,0,1,3400,-62,62,-171,8.0,11,0.50,114240.000000,0,2.1,12,0.0,3488.000000,0,0.0,0.0,0.0,1.0
213891,0,1,3400,-62,62,-168,6.1,11,0.54,192637.453125,0,2.1,10.0,0.0,26868.525391,53,0.0,0.0,0.0,1.0
214140,0,1,3400,-62,62,-165,5.5,11,0.50,85696.000000,0,2.1,12,0.0,17056.000000,0,0.0,0.0,0.0,1.0
214389,0,1,3400,-62,62,-163,14,11,0.75,148111.546875,0,2.1,15,0.0,0.0,0.0,0.0,0.0,0.0,1.0
214638,0,1,3400,-62,62,-170,7.9,11,0.56,128160.000000,0,2.1,15,0.0,0.0,80,0.0,0.0,0.0,1.0
214887,0,1,3400,-62,62,-168,13,11,0.70,134725.093750,0,2.1,15,0.0,23394.421875,0,0.0,0.0,0.0,1.0
215136,0,1,3400,-62,62,-165,8.5,11,0.50,117696.000000,0,2.1,14,0.0,0.0,0.0,0.0,0.0,0.0,1.0
215385,0,1,3400,-62,62,-171,5.5,11,0.50,122613.546875,0,2.1,14,0.0,0.0,0.0,0.0,0.0,0.0,1.0
215634,0,1,3400,-62,62,-177,7.7,11,0.55,132864.000000,0,2.1,15,0.0,0.0,80,0.0,0.0,0.0,1.0
215883,0,1,3400,-62,62,-171,9.4,11,0.64,144127.484375,0,2.1,14,20,0.0,67,0.0,0.0,0.0,1.0
216132,0,1,3400,-62,62,-163,12,11,0.75,117792.000000,0,2.1,7.5,20,0.0,100.000000,0.0,0.0,0.0,1.0
216381,0,1,3400,-62,62,-165,16,11,0.77,122103.585938,0,2.1,7.5,0.0,0.0,80,0.0,0.0,0.0,1.0
216630,0,1,3400,-62,62,-171,21,11,1.1,78592.000000,0,2.1,7.5,0.0,0.0,0.0,0.0,0.0,0.0,1.0
216879,0,1,3400,-62,62,-168,4.8,11,0.50,80478.085938,0,2.1,5.3,0.0,3091.633545,73,0.0,0.0,0.0,1.0
217128,0,1,3400,-62,62,-171,12,11,0.69,147616.000000,0,2.1,11,0.0,23392.000000,50,0.0,0.0,0.0,1.0
217377,0,1,3400,-62,62,-171,17,11,0.88,100384.000000,0,2.1,7.5,0.0,0.0,0.0,0.0,0.0,0.0,1.0
217626,0,1,3400,-62,62,-172,11,11,0.59,113466.132812,0,2.1,7.5,0.0,0.0,0,0.0,0.0,0.0,1.0
217875,0,1,3400,-62,62,-172,8.8,11,0.50,119904.000000,0,2.1,7.0,20,17056.000000,67,0.0,0.0,0.0,1.0
218124,0,1,3400,-62,62,-168,9.2,11,0.52,113816.734375,0,2.1,5.2,0.0,7107.569824,62,0.0,0.0,0.0,1.0
218373,0,1,3400,-62,62,-169,5.1,11,0.50,114624.000000,0,2.1,5.4,0.0,3584.000000,67,0.0,0.0,0.0,1.0
218622,0,1,3400,-62,62,-166,4.9,11,0.50,114932.273438,0,2.1,6.8,0.0,18581.673828,0,0.0,0.0,0.0,1.0
218871,0,1,3400,-62,62,-167,15,11,0.78,135584.000000,0,2.1,10,0.0,0.0,80,0.0,0.0,0.0,1.0
219120,0,1,3400,-62,62,-167,12,11,0.75,101258.960938,0,2.1,10,0.0,0.0,0.0,0.0,0.0,0.0,1.0
219369,0,1,3400,-62,62,-172,13,11,0.65,111968.000000,0,2.1,7.6,0.0,0.0,80,0.0,0.0,0.0,1.0
219618,0,1,3400,-62,62,-170,11,11,0.62,111362.546875,0,2.1,7.6,0.0,0.0,0.0,0.0,0.0,0.0,1.0
219867,0,1,3400,-62,62,-171,11,11,0.57,151264.000000,0,2.1,7.4,0.0,50176.000000,44,0.0,0.0,0.0,1.0
220116,0,1,3400,-62,62,-166,8.7,11,0.50,128637.453125,0,2.1,11,0.0,267633.468750,65,0.0,0.0,0.0,1.0
220365,0,1,3400,-62,62,-170,9.7,11,0.53,130816.000000,0,2.1,8.0,0.0,0.0,0.0,0.0,0.0,0.0,1.0
220614,0,1,3400,-62,62,-170,13,11,0.73,116239.046875,0,2.1,8.0,0.0,0.0,80,0.0,0.0,0.0,1.0
220863,0,1,3400,-62,62,-170,14,11,0.77,100960.000000,0,2.1,7.6,0.0,5024.000000,0,0.0,0.0,0.0,1.0
221112,0,1,3400,-62,62,-170,9.2,11,0.64,104159.359375,0,2.1,2.7,0.0,63107.570312,68,0.0,0.0,0.0,1.0
221361,0,1,3400,-62,62,-171,21,11,1.0,108544.000000,0,2.1,0.0,0.0,3488.000000,0,0.0,0.0,0.0,1.0
221610,0,1,3400,-62,62,-171,13,11,0.64,129274.898438,0,2.1,0.24,0.0,0.0,0,0.0,0.0,0.0,1.0
221859,0,1,3400,-62,62,-170,6.3,11,0.50,161504.000000,0,2.1,8.0,0.0,46976.000000,30,0.0,0.0,0.0,1.0
222108,0,1,3400,-62,62,-174,5.8,11,0.50,89657.367188,0,2.1,12,0.0,0.0,0.0,0.0,0.0,0.0,1.0
222357,0,1,3400,-62,62,-170,11,11,0.68,98496.000000,0,2.1,12,0.0,0.0,0.0,0.0,0.0,0.0,1.0
222606,0,1,3400,-62,62,-172,7.4,11,0.50,153243.031250,0,2.1,12,0.0,0.0,0.0,0.0,0.0,0.0,1.0
222855,0,1,3400,-62,62,-170,5.7,11,0.51,75808.000000,0,2.1,12,0.0,0.0,67,0.0,0.0,0.0,1.0
223104,0,1,3400,-62,62,-168,8.0,11,0.55,94432.000000,0,2.1,13,0.0,5536.000000,50,0.0,0.0,0.0,1.0
223353,0,1,3400,-62,62,-171,10,11,0.68,127840.640625,0,2.1,7.5,0.0,0.0,0.0,0.0,0.0,0.0,1.0
223602,0,1,3400,-62,62,-166,4.4,11,0.50,132480.000000,0,2.1,9.8,0.0,16544.000000,0,0.0,0.0,0.0,1.0
223851,0,1,3400,-62,62,-165,7.4,11,0.50,153498.015625,0,2.1,14,0.0,16988.046875,25,0.0,0.0,0.0,1.0
224100,0,1,3400,-62,62,-168,4.7,11,0.50,125536.000000,0,2.1,7.9,0.0,19840.000000,57,0.0,0.0,0.0,1.0
224349,0,1,3400,-62,62,-171,6.0,11,0.50,139410.359375,0,2.1,0.0,0.0,0.0,0.0,0.0,0.0,0.0,1.0
224598,0,1,3400,-62,62,-170,11,11,0.65,97568.000000,0,2.1,0.0,0.0,5536.000000,0,0.0,0.0,0.0,1.0
224847,0,1,3400,-62,62,-171,7.7,11,0.56,155123.500000,0,2.1,7.1,0.0,16988.046875,57,0.0,0.0,0.0,1.0
225096,0,1,3400,-62,62,-165,14,11,0.85,116768.000000,0,2.1,11,0.0,5536.000000,0,0.0,0.0,0.0,1.0
225345,0,1,3400,-62,62,-162,15,11,0.84,79171.312500,0,2.1,7.5,0.0,0.0,0.0,0.0,0.0,0.0,1.0
225594,0,1,3400,-62,62,-170,9.6,11,0.70,129024.000000,0,2.1,11,0.0,17056.000000,0,0.0,0.0,0.0,1.0
225843,0,1,3400,-62,62,-168,8.7,11,0.55,121306.773438,0,2.1,15,0.0,50964.144531,0,0.0,0.0,0.0,1.0
226092,0,1,3400,-62,62,-171,16,11,0.89,138080.000000,0,2.1,14,0.0,23488.000000,25,0.0,0.0,0.0,1.0
226341,0,1,3400,-62,62,-170,12,11,0.63,106007.968750,0,2.1,15,0.0,33976.093750,0,0.0,0.0,0.0,1.0
226590,0,1,3400,-62,62,-168,13,11,0.68,129280.000000,0,2.1,15,0.0,17056.000000,57,0.0,0.0,0.0,1.0
226839,0,1,3400,-62,62,-171,14,11,0.73,105880.476562,0,2.1,11,0.0,5513.944336,25,0.0,0.0,0.0,1.0
227088,0,1,3400,-62,62,-167,21,11,1.0,77280.000000,0,2.1,14,0.0,23488.000000,50,0.0,0.0,0.0,1.0
227337,0,1,3400,-62,62,-167,9.7,11,0.61,115442.234375,0,2.1,14,0.0,0.0,0.0,0.0,0.0,0.0,1.0
227586,0,1,3400,-62,62,-166,8.3,11,0.50,89120.000000,0,2.1,7.3,0.0,0.0,67,0.0,0.0,0.0,1.0
227835,0,1,3400,-62,62,-167,8.0,11,0.50,97792.000000,0,2.1,11,0.0,12256.000000,45,0.0,0.0,0.0,1.0
228084,0,1,3400,-62,62,-170,5.9,11,0.50,106326.695312,0,2.1,17,0.0,0.0,88,0.0,0.0,0.0,1.0
228333,0,1,3400,-62,62,-170,5.2,11,0.50,186720.000000,0,2.1,3.1,0.0,11072.000000,44,0.0,0.0,0.0,1.0
228582,0,1,3400,-62,62,-171,6.2,11,0.50,121051.789062,0,2.1,11,0.0,5513.944336,67,0.0,0.0,0.0,1.0
228831,0,1,3400,-62,62,-171,5.2,11,0.50,126848.000000,0,2.1,15,0.0,23488.000000,0,0.0,0.0,0.0,1.0
229080,0,1,3400,-62,62,-170,6.2,11,0.50,78087.648438,0,2.1,13,0.0,3474.103516,57,0.0,0.0,0.0,1.0
229329,0,1,3400,-62,62,-171,4.5,11,0.50,122176.000000,0,2.1,13,0.0,51168.000000,0,0.0,0.0,0.0,1.0
229578,0,1,3400,-62,62,-170,7.5,11,0.50,126087.648438,0,2.1,15,0.0,50964.144531,33,0.0,0.0,0.0,1.0
229827,0,1,3400,-62,62,-170,6.8,11,0.50,125760.000000,0,2.1,7.7,0.0,3488.000000,57,0.0,0.0,0.0,1.0
230076,0,1,3400,-62,62,-167,10.0,11,0.64,171697.218750,0,2.1,11,0.0,181322.703125,68,0.0,0.0,0.0,1.0
230325,0,1,3400,-62,62,-170,3.7,11,0.52,169536.000000,0,2.1,4.0,0.0,5536.000000,67,0.0,0.0,0.0,1.0
230574,0,1,3400,-62,62,-168,8.9,11,0.71,124270.914062,0.9,2.1,6.0,0.0,33976.093750,40,0.0,0.0,0.0,1.0
230823,0,1,3400,-62,62,-172,8.4,11,0.63,99872.000000,0,2.1,0.24,0.0,11072.000000,50,0.0,0.0,0.0,1.0
231072,0,1,3400,-62,62,-172,15,11,0.85,182342.625000,0,2.1,5.8,0.0,50422.312500,29,0.0,0.0,0.0,1.0
231321,0,1,3400,-62,62,-170,16,11,0.95,77568.000000,0,2.1,7.5,0.0,34112.000000,0,0.0,0.0,0.0,1.0
231570,0,1,3400,-62,62,-168,18,11,0.96,119617.531250,0,2.1,10,0.0,16988.046875,50,0.0,0.0,0.0,1.0
231819,0,1,3400,-62,62,-168,10,11,0.57,113504.000000,0,2.1,9.7,0.0,5536.000000,67,0.0,0.0,0.0,1.0
232068,0,1,3400,-62,62,-170,21,11,1.2,119139.445312,0,2.1,13,0.0,16988.046875,50,0.0,0.0,0.0,1.0
232317,0,1,3400,-62,62,-172,14,11,0.74,159392.000000,0,2.1,15,0.0,0.0,80,0.0,0.0,0.0,1.0
232566,0,1,3400,-62,62,-167,4.7,11,0.50,111872.507812,0,2.1,12,0.0,0.0,67,0.0,0.0,0.0,1.0
232815,0,1,3400,-62,62,-166,6.7,11,0.50,147104.000000,0,2.1,8.8,0.0,20544.000000,50,0.0,0.0,0.0,1.0
233064,0,1,3400,-62,62,-163,14,11,0.76,78528.000000,0,2.1,12,0.0,12864.000000,0,0.0,0.0,0.0,1.0
233313,0,1,3400,-62,62,-167,10,11,0.56,80159.359375,0,2.1,12,0.0,0.0,80,0.0,0.0,0.0,1.0
233562,0,1,3400,-62,62,-168,5.4,11,0.55,128864.000000,0,2.1,9.7,0.0,0.0,80,0.0,0.0,0.0,1.0
233811,0,1,3400,-62,62,-176,17,11,0.86,158597.609375,0,2.1,6.0,20,0.0,75,0.0,0.0,0.0,1.0
234060,0,1,3400,-62,62,-170,10,11,0.64,102432.000000,0,2.1,4.4,0.0,0.0,82,0.0,0.0,0.0,1.0
234309,0,1,3400,-62,62,-170,16,11,0.88,126470.117188,0,2.1,0.064,0.0,5513.944336,33,0.0,0.0,0.0,1.0
234558,0,1,3400,-62,62,-167,7.5,11,0.50,120192.000000,0,2.1,6.2,0.0,0.0,80,0.0,0.0,0.0,1.0
234807,0,1,3400,-62,62,-168,6.5,11,0.50,177784.859375,0,2.1,7.0,0.0,9880.478516,42,0.0,0.0,0.0,1.0
235056,0,1,3400,-62,62,-167,9.2,11,0.63,92704.000000,0,2.1,6.0,0.0,6592.000000,33,0.0,0.0,0.0,1.0
235305,0,1,3400,-62,62,-165,8.2,11,0.50,112350.593750,0,2.1,2.2,0.0,5513.944336,0,0.0,0.0,0.0,1.0
235554,0,1,3400,-62,62,-164,6.7,11,0.50,155776.000000,0,2.1,0.0,0.0,0.0,0.0,0.0,0.0,0.0,1.0
235803,0,1,3400,-62,62,-166,8.6,11,0.50,141577.687500,0,2.1,1.7,0.0,0.0,80,0.0,0.0,0.0,1.0
236052,0,1,3400,-62,62,-172,8.8,11,0.50,135072.000000,0,2.1,7.5,0.0,3488.000000,0,0.0,0.0,0.0,1.0
236301,0,1,3400,-62,62,-167,14,11,0.90,105880.476562,0,2.1,8.6,0.0,0.0,80,0.0,0.0,0.0,1.0
236550,0,1,3400,-62,62,-168,20,11,1.0,98240.000000,0,2.1,11,0.0,5536.000000,57,0.0,0.0,0.0,1.0
236799,0,1,3400,-62,62,-172,21,11,1.1,108192.000000,0,2.1,7.5,0.0,0.0,80,0.0,0.0,0.0,1.0
237048,0,1,3400,-62,62,-175,19,11,1.0,108685.257812,0,2.1,7.5,0.0,0.0,0.0,0.0,0.0,0.0,1.0
237297,0,1,3400,-62,62,-170,12,11,0.64,118528.000000,0,2.1,7.5,0.0,5536.000000,0,0.0,0.0,0.0,1.0
237546,0,1,3400,-62,62,-169,6.6,11,0.53,140111.546875,0,2.1,7.5,0.0,0.0,0.0,0.0,0.0,0.0,1.0
237795,0,1,3400,-62,62,-167,6.8,11,0.60,145824.000000,0,2.1,9.2,0.0,0.0,80,0.0,0.0,0.0,1.0
238044,0,1,3400,-62,62,-171,21,11,1.1,71840.640625,0,2.1,15,0.0,0.0,80,0.0,0.0,0.0,1.0
238293,0,1,3400,-62,62,-172,16,10,0.82,115584.000000,0,2.1,15,0.0,34112.000000,0,0.0,0.0,0.0,1.0
238542,0,1,3400,-62,62,-170,8.6,11,0.50,111872.507812,0,2.1,15,0.0,16988.046875,0,0.0,0.0,0.0,1.0
238791,0,1,3400,-62,62,-166,16,11,0.71,88896.000000,0,2.1,15,0.0,17056.000000,57,0.0,0.0,0.0,1.0
239040,0,1,3400,-62,62,-169,5.4,11,0.51,166565.734375,0,2.1,11,0.0,5513.944336,57,0.0,0.0,0.0,1.0
239289,0,1,3400,-62,62,-169,5.1,11,0.50,148544.000000,0,2.1,7.5,0.0,0.0,0.0,0.0,0.0,0.0,1.0
239538,0,1,3400,-62,62,-170,5.2,11,0.50,165673.312500,0,2.1,7.3,0.0,0.0,0,0.0,0.0,0.0,1.0
239787,0,1,3400,-62,62,-167,4.1,11,0.50,121728.000000,0,2.1,5.0,0.0,11072.000000,44,0.0,0.0,0.0,1.0
240036,0,1,3400,-62,62,-168,4.8,11,0.50,133035.859375,0,2.1,3.9,0.0,12334.661133,64,0.0,0.0,0.0,1.0
240285,0,1,3400,-62,62,-173,20,11,1.1,100096.000000,0,2.1,12,0.0,17056.000000,0,0.0,0.0,0.0,1.0
240534,0,1,3400,-62,62,-168,21,11,1.1,102629.484375,0,2.1,15,0.0,0.0,0.0,0.0,0.0,0.0,1.0
240783,0,1,3400,-62,62,-170,21,11,1.4,82432.000000,0,2.1,14,0.0,21440.000000,42,0.0,0.0,0.0,1.0
241032,0,1,3400,-62,62,-167,9.8,11,0.68,180525.890625,0,2.1,3.4,0.0,12079.681641,20,0.0,0.0,0.0,1.0
241281,0,1,3400,-62,62,-166,3.9,11,0.50,140896.000000,0,2.1,0.0,0.0,0.0,0.0,0.0,0.0,0.0,1.0
241530,0,1,3400,-62,62,-170,5.6,11,0.50,93450.195312,0,2.1,10,0.0,16988.046875,57,0.0,0.0,0.0,1.0
241779,0,1,3400,-62,62,-174,5.1,11,0.50,85472.000000,0,2.1,11,80,3488.000000,40,0.0,0.0,0.0,1.0
242028,0,1,3400,-62,62,-172,12,11,0.75,91072.000000,0,2.1,11,0.0,3616.000000,71,0.0,0.0,0.0,1.0
242277,0,1,3400,-62,62,-166,9.6,11,0.71,129179.281250,0,2.1,7.5,0.0,0.0,80,0.0,0.0,0.0,1.0
242526,0,1,3400,-62,62,-166,11,11,0.63,95744.000000,0,2.1,13,0.0,39648.000000,36,0.0,0.0,0.0,1.0
242775,0,1,3400,-62,62,-169,13,11,0.74,137115.531250,0,2.1,14,0.0,38342.628906,36,0.0,0.0,0.0,1.0
243024,0,1,3400,-62,62,-170,9.0,11,0.67,106560.000000,0,2.1,7.5,0.0,21056.000000,60,0.0,0.0,0.0,1.0
243273,0,1,3400,-62,62,-165,7.0,11,0.56,134884.468750,0,2.1,6.7,0.0,11027.888672,50,0.0,0.0,0.0,1.0
243522,0,1,3400,-62,62,-169,6.2,11,0.57,115232.000000,0,2.1,3.8,0.0,0.0,80,0.0,0.0,0.0,1.0
243771,0,1,3400,-62,62,-174,5.4,11,0.50,144414.343750,0,2.1,8.0,0.0,21354.582031,42,0.0,0.0,0.0,1.0
244020,0,1,3400,-62,62,-170,10,11,0.65,141952.000000,0,2.1,6.0,0.0,4000.000000,75,0.0,0.0,0.0,1.0
244269,0,1,3400,-62,62,-171,9.2,11,0.57,91410.359375,0,2.1,6.2,0.0,16988.046875,0,0.0,0.0,0.0,1.0
244518,0,1,3400,-62,62,-170,7.6,11,0.50,108768.000000,0,2.1,7.5,0.0,34112.000000,0,0.0,0.0,0.0,1.0
244767,0,1,3400,-62,62,-167,9.2,11,0.52,95840.640625,0,2.1,8.7,0.0,23394.421875,0,0.0,0.0,0.0,1.0
245016,0,1,3400,-62,62,-167,19,11,1.1,161568.000000,0,2.1,14,0.0,0.0,75,0.0,0.0,0.0,1.0
245265,0,1,3400,-62,62,-171,11,11,0.72,152733.062500,0,2.1,9.1,0.0,5513.944336,62,0.0,0.0,0.0,1.0
245514,0,1,3400,-62,62,-175,13,11,0.70,138368.000000,0,2.1,7.5,0.0,0.0,80,0.0,0.0,0.0,1.0
245763,0,1,3400,-62,62,-174,7.7,11,0.56,139633.468750,0,2.1,7.5,20,0.0,80,0.0,0.0,0.0,1.0
246012,0,1,3400,-62,62,-171,4.0,11,0.53,139680.000000,0,2.1,7.5,20,0.0,0.0,0.0,0.0,0.0,1.0
246261,0,1,3400,-62,62,-167,5.1,11,0.50,149992.031250,0,2.1,3.3,0.0,24286.853516,31,0.0,0.0,0.0,1.0
246510,0,1,3400,-62,62,-165,17,11,0.86,94688.000000,0,2.1,7.5,0.0,0.0,0.0,0.0,0.0,0.0,1.0
246759,0,1,3400,-62,62,-163,12,11,0.72,128159.359375,0,2.1,7.8,0.0,19952.191406,42,0.0,0.0,0.0,1.0
247008,0,1,3400,-62,62,-166,15,11,0.71,99648.000000,0,2.1,3.2,0.0,23776.000000,0,0.0,0.0,0.0,1.0
247257,0,1,3400,-62,62,-172,6.5,11,0.50,119649.406250,0,2.1,7.5,0.0,0.0,0.0,0.0,0.0,0.0,1.0
247506,0,1,3400,-62,62,-168,6.8,11,0.50,104000.000000,0,2.1,15,0.0,17056.000000,0,0.0,0.0,0.0,1.0
247755,0,1,3400,-62,62,-167,8.6,11,0.59,183616.000000,0,2.1,14,0.0,11968.000000,50,0.0,0.0,0.0,1.0
248004,0,1,3400,-62,62,-170,6.8,11,0.50,123920.320312,0,2.1,6.5,0.0,3601.593506,0,0.0,0.0,0.0,1.0
248253,0,1,3400,-62,62,-167,9.5,11,0.58,122368.000000,0,2.1,6.5,0.0,0.0,0.0,0.0,0.0,0.0,1.0
248502,0,1,3400,-62,62,-167,4.6,11,0.54,139155.375000,0,2.1,8.0,0.0,3091.633545,33,0.0,0.0,0.0,1.0
248751,0,1,3400,-62,62,-170,12,11,0.72,154816.000000,0,2.1,11,0.0,0.0,67,0.0,0.0,0.0,1.0
249000,0,1,3400,-62,62,-172,12,11,0.75,91091.632812,0,2.1,12,0.0,0.0,100.000000,0.0,0.0,0.0,1.0
249249,0,1,3400,-62,62,-173,6.7,11,0.58,166528.000000,0,2.1,12,0.0,0.0,0.0,0.0,0.0,0.0,1.0
249498,0,1,3400,-62,62,-170,13,11,0.73,131665.343750,0,2.1,12,0.0,0.0,0.0,0.0,0.0,0.0,1.0
249747,0,1,3400,-62,62,-174,13,11,0.67,127136.000000,0,2.1,13,0.0,34112.000000,17,0.0,0.0,0.0,1.0
249996,0,1,3400,-62,62,-168,10,11,0.59,119521.914062,0,2.1,4.5,0.0,8733.067383,65,0.0,0.0,0.0,1.0
250245,0,1,3400,-62,62,-165,8.8,11,0.58,116608.000000,0,2.1,0.36,0.0,5536.000000,0,0.0,0.0,0.0,1.0
250494,0,1,3400,-62,62,-172,15,11,0.75,84462.148438,0,2.1,0.0,0.0,0.0,0.0,0.0,0.0,0.0,1.0
250743,0,1,3400,-62,62,-172,18,11,0.92,114592.000000,0,2.1,4.1,0.0,23488.000000,56,0.0,0.0,0.0,1.0
250992,0,1,3400,-62,62,-169,21,11,1.1,118023.906250,0,2.1,0.0,0.0,8127.490234,60,0.0,0.0,0.0,1.0
251241,0,1,3400,-62,62,-170,20,11,1.1,93856.000000,0,2.1,1.1,0.0,0.0,80,0.0,0.0,0.0,1.0
251490,0,1,3400,-62,62,-166,17,10,0.92,119362.546875,0,2.1,7.5,0.0,0.0,0.0,0.0,0.0,0.0,1.0
251739,0,1,3400,-62,62,-170,14,11,0.85,144064.000000,0,2.1,9.2,0.0,0.0,80,0.0,0.0,0.0,1.0
251988,0,1,3400,-62,62,-170,21,11,1.0,134310.750000,0,2.1,15,0.0,0.0,0.0,0.0,0.0,0.0,1.0
252237,0,1,3400,-62,62,-168,20,11,0.98,131008.000000,0,2.1,15,0.0,0.0,0.0,0.0,0.0,0.0,1.0
252486,0,1,3400,-62,62,-171,6.3,11,0.57,103360.000000,0,2.1,15,0.0,0.0,0,0.0,0.0,0.0,1.0
252735,0,1,3400,-62,62,-168,8.6,11,0.59,70884.460938,0,2.1,7.5,0.0,3474.103516,67,0.0,0.0,0.0,1.0
252984,0,1,3400,-62,62,-172,9.3,11,0.60,160864.000000,0,2.1,3.1,0.0,0.0,80,0.0,0.0,0.0,1.0
253233,0,1,3400,-62,62,-172,10.0,11,0.57,154326.687500,0,2.1,0.0,0.0,0.0,0.0,0.0,0.0,0.0,1.0
253482,0,1,3400,-62,62,-172,6.2,11,0.50,67520.000000,0,2.1,0.0,0.0,0.0,0.0,0.0,0.0,0.0,1.0
253731,0,1,3400,-62,62,-174,4.6,11,0.50,143490.046875,0,2.1,0.064,20,0.0,80,0.0,0.0,0.0,1.0
253980,0,1,3400,-62,62,-173,7.0,11,0.50,141536.000000,0,2.1,0.0,20,0.0,0.0,0.0,0.0,0.0,1.0
254229,0,1,3400,-62,62,-169,12,11,0.60,112318.726562,0,2.1,5.9,0.0,8701.195312,55,0.0,0.0,0.0,1.0
254478,0,1,3400,-62,62,-172,9.8,11,0.56,138112.000000,0,2.1,3.2,0.0,704,0,0.0,0.0,0.0,1.0
254727,0,1,3400,-62,62,-171,6.5,11,0.64,77227.093750,0,2.1,11,0.0,33976.093750,0,0.0,0.0,0.0,1.0
254976,0,1,3400,-62,62,-164,6.0,11,0.52,151328.000000,0,2.1,14,0.0,6432.000000,0,0.0,0.0,0.0,1.0
255225,0,1,3400,-62,62,-165,16,11,0.92,130868.523438,0,2.1,14,0.0,0.0,0.0,0.0,0.0,0.0,1.0
255474,0,1,3400,-62,62,-171,18,11,0.96,115200.000000,0,2.1,14,0.0,17056.000000,0,0.0,0.0,0.0,1.0
255723,0,1,3400,-62,62,-173,8.5,11,0.60,109768.921875,0,2.1,15,0.0,0.0,80,0.0,0.0,0.0,1.0
255972,0,1,3400,-62,62,-171,4.3,11,0.50,169600.000000,0,2.1,8.2,0.0,0.0,80,0.0,0.0,0.0,1.0
256221,0,1,3400,-62,62,-173,10,11,0.50,99729.085938,0,2.1,7.5,0.0,0.0,0.0,0.0,0.0,0.0,1.0
256470,0,1,3400,-62,62,-172,6.7,11,0.50,143616.000000,0,2.1,0.060,0.0,3488.000000,0,0.0,0.0,0.0,1.0
256719,0,1,3400,-62,62,-168,9.6,11,0.56,111011.953125,0,2.1,6.5,80,20589.640625,0,0.0,0.0,0.0,1.0
256968,0,1,3400,-62,62,-171,7.7,11,0.57,132544.000000,0,2.1,8.0,0.0,8768.000000,20,0.0,0.0,0.0,1.0
257217,0,1,3400,-62,62,-170,9.4,11,0.50,109832.671875,0,2.1,1.7,0.0,0.0,80,0.0,0.0,0.0,1.0
257466,0,1,3400,-62,62,-162,7.6,11,0.50,159360.000000,0,2.1,0.0,0.0,0.0,0.0,0.0,0.0,0.0,1.0
257715,0,1,3400,-62,62,-161,4.8,11,0.50,136320.000000,0,2.1,0.0,186,5536.000000,0,0.0,0.0,0.0,1.0
257964,0,1,3400,-62,62,-168,4.6,11,0.50,157864.546875,0,2.1,2.1,0.0,23936.255859,36,0.0,0.0,0.0,1.0
258213,0,1,3400,-62,62,-172,9.1,11,0.63,93728.000000,0,2.1,0.0,0.0,5536.000000,57,0.0,0.0,0.0,1.0
258462,0,1,3400,-62,62,-172,14,11,0.77,111107.570312,0,2.1,7.4,0.0,16988.046875,0,0.0,0.0,0.0,1.0
258711,0,1,3400,-62,62,-172,8.6,11,0.50,69792.000000,0,2.1,7.7,0.0,34112.000000,17,0.0,0.0,0.0,1.0
258960,0,1,3400,-62,62,-170,13,11,0.50,93864.539062,0,2.1,1.3,0.0,16828.685547,38,0.0,0.0,0.0,1.0
259209,0,1,3400,-62,62,-169,8.6,11,0.50,130176.000000,0,2.1,0.0,0.0,0.0,0.0,0.0,0.0,0.0,1.0
259458,0,1,3400,-62,62,-169,6.2,11,0.50,149705.171875,0,2.1,6.2,0.0,0.0,80,0.0,0.0,0.0,1.0
259707,0,1,3400,-62,62,-170,10,11,0.62,118976.000000,0,2.1,7.4,0.0,5536.000000,40,0.0,0.0,0.0,1.0
259956,0,1,3400,-62,62,-168,6.9,11,0.64,119840.640625,0,2.1,7.3,0.0,22501.992188,33,0.0,0.0,0.0,1.0
260205,0,1,3400,-62,62,-167,16,11,0.81,155424.000000,0,2.1,14,0.0,0.0,0.0,0.0,0.0,0.0,1.0
260454,0,1,3400,-62,62,-166,14,11,0.86,113051.789062,0,2.1,14,0.0,0.0,80,0.0,0.0,0.0,1.0
260703,0,1,3400,-62,62,-169,21,11,1.1,87808.000000,0,2.1,14,0.0,333248.000000,50,0.0,0.0,0.0,1.0
260952,0,1,3400,-62,62,-171,16,11,0.85,177848.609375,0,2.1,10,0.0,0.0,80,0.0,0.0,0.0,1.0
261201,0,1,3400,-62,62,-170,6.3,11,0.55,95200.000000,0,2.1,1.7,0.0,5536.000000,57,0.0,0.0,0.0,1.0
261450,0,1,3400,-62,62,-170,15,11,0.82,170454.187500,0,2.1,1.4,0.0,0.0,80,0.0,0.0,0.0,1.0
261699,0,1,3400,-62,62,-170,9.6,11,0.60,131136.000000,0,2.1,6.9,0.0,12512.000000,36,0.0,0.0,0.0,1.0
261948,0,1,3400,-62,62,-172,13,11,0.71,149163.343750,0,2.1,6.0,0.0,0.0,0.0,0.0,0.0,0.0,1.0
262197,0,1,3400,-62,62,-169,14,11,0.65,172224.000000,0,2.1,0.29,0.0,5536.000000,0,0.0,0.0,0.0,1.0
262446,0,1,3400,-62,62,-169,7.9,11,0.50,133195.218750,0,2.1,0.0,0.0,0.0,0.0,0.0,0.0,0.0,1.0
262695,0,1,3400,-62,62,-170,12,11,0.66,81312.000000,0,2.1,2.2,0.0,21440.000000,42,0.0,0.0,0.0,1.0
262944,0,1,3400,-62,62,-169,7.8,11,0.50,135043.828125,0,2.1,4.4,0.0,12079.681641,20,0.0,0.0,0.0,1.0
263193,0,1,3400,-62,62,-167,8.6,11,0.54,97600.000000,0,2.1,7.1,0.0,0.0,80,0.0,0.0,0.0,1.0
263442,0,1,3400,-62,62,-166,15,11,0.78,73760.000000,0,2.1,7.5,0.0,0.0,0.0,0.0,0.0,0.0,1.0
263691,0,1,3400,-62,62,-167,16,11,0.86,115059.757812,0,2.1,6.7,0.0,7840.637207,42,0.0,0.0,0.0,1.0
263940,0,1,3400,-62,62,-170,5.1,11,0.55,110880.000000,0,2.1,6.0,0.0,6592.000000,33,0.0,0.0,0.0,1.0
264189,0,1,3400,-62,62,-165,9.8,11,0.65,113752.984375,0,2.1,6.0,0.0,0.0,0.0,0.0,0.0,0.0,1.0
264438,0,1,3400,-62,62,-170,21,11,1.1,108736.000000,0,2.1,6.0,0.0,0.0,0.0,0.0,0.0,0.0,1.0
264687,0,1,3400,-62,62,-172,18,11,0.92,98836.656250,0,2.1,6.1,0.0,41816.734375,31,0.0,0.0,0.0,1.0
264936,0,1,3400,-62,62,-169,21,11,0.97,98240.000000,0,2.1,6.0,0.0,6592.000000,0,0.0,0.0,0.0,1.0
265185,0,1,3400,-62,62,-167,20,11,1.0,113338.648438,0,2.1,6.5,0.0,16988.046875,0,0.0,0.0,0.0,1.0
265434,0,1,3400,-62,62,-164,21,11,1.1,128800.000000,0,2.1,7.4,0.0,17056.000000,0,0.0,0.0,0.0,1.0
265683,0,1,3400,-62,62,-174,13,11,0.79,124908.367188,0,2.1,7.5,0.0,0.0,80,0.0,0.0,0.0,1.0
265932,0,1,3400,-62,62,-173,19,11,0.95,104160.000000,0,2.1,7.5,0.0,0.0,0.0,0.0,0.0,0.0,1.0
266181,0,1,3400,-62,62,-174,20,11,1.0,145498.015625,0,2.1,7.5,0.0,0.0,0.0,0.0,0.0,0.0,1.0
266430,0,1,3400,-62,62,-169,5.8,11,0.52,119424.000000,0,2.1,7.5,0.0,0.0,0.0,0.0,0.0,0.0,1.0
266679,0,1,3400,-62,62,-168,6.4,11,0.50,150151.390625,0,2.1,7.5,20,0.0,80,0.0,0.0,0.0,1.0
266928,0,1,3400,-62,62,-169,12,11,0.71,118336.000000,0,2.1,6.2,0.0,6432.000000,50,0.0,0.0,0.0,1.0
267177,0,1,3400,-62,62,-172,5.3,11,0.50,143904.375000,0,2.1,9.5,0.0,4270.916504,58,0.0,0.0,0.0,1.0
267426,0,1,3400,-62,62,-172,9.3,11,0.63,128864.000000,0,2.1,6.7,0.0,17056.000000,57,0.0,0.0,0.0,1.0
267675,0,1,3400,-62,62,-170,7.9,11,0.54,69408.000000,0,2.1,7.5,20,1312.000000,33,0.0,0.0,0.0,1.0
267924,0,1,3400,-62,62,-167,11,11,0.50,108398.406250,0,2.1,6.8,0.0,6374.501953,53,0.0,0.0,0.0,1.0
268173,0,1,3400,-62,62,-165,14,11,0.79,120672.000000,0,2.1,7.5,0.0,0.0,0.0,0.0,0.0,0.0,1.0
268422,0,1,3400,-62,62,-168,21,11,1.0,71840.640625,0,2.1,7.5,0.0,0.0,0,0.0,0.0,0.0,1.0
268671,0,1,3400,-62,62,-164,16,11,0.84,172384.000000,0,2.1,9.9,0.0,9024.000000,62,0.0,0.0,0.0,1.0
268920,0,1,3400,-62,62,-166,5.8,11,0.51,89880.476562,0,2.1,8.3,0.0,22501.992188,0,0.0,0.0,0.0,1.0
269169,0,1,3400,-62,62,-172,19,11,0.90,140960.000000,0,2.1,15,0.0,0.0,80,0.0,0.0,0.0,1.0
269418,0,1,3400,-62,62,-173,13,11,0.74,130964.140625,0,2.1,11,0.0,3474.103516,0,0.0,0.0,0.0,1.0
269667,0,1,3400,-62,62,-170,6.7,11,0.50,112416.000000,0,2.1,7.9,0.0,17056.000000,0,0.0,0.0,0.0,1.0
269916,0,1,3400,-62,62,-169,17,11,0.84,135713.140625,0,2.1,7.1,0.0,19792.828125,68,0.0,0.0,0.0,1.0
270165,0,1,3400,-62,62,-174,10,11,0.73,95968.000000,0,2.1,10,0.0,0.0,0.0,0.0,0.0,0.0,1.0
270414,0,1,3400,-62,62,-172,8.3,11,0.57,107282.867188,0,2.1,7.0,0.0,0.0,80,0.0,0.0,0.0,1.0
270663,0,1,3400,-62,62,-164,12,11,0.60,128288.000000,0,2.1,6.3,0.0,9920.000000,42,0.0,0.0,0.0,1.0
270912,0,1,3400,-62,62,-171,13,11,0.71,160159.359375,0,2.1,6.0,0.0,6565.736816,33,0.0,0.0,0.0,1.0
271161,0,1,3400,-62,62,-168,7.7,11,0.50,105216.000000,0,2.1,5.1,0.0,5536.000000,0,0.0,0.0,0.0,1.0
271410,0,1,3400,-62,62,-168,9.1,11,0.54,154390.437500,0,2.1,0.0,0.0,0.0,0.0,0.0,0.0,0.0,1.0
271659,0,1,3400,-62,62,-169,7.2,11,0.64,117056.000000,0,2.1,0.63,0.0,17056.000000,0,0.0,0.0,0.0,1.0
271908,0,1,3400,-62,62,-170,16,11,0.80,91984.062500,0,2.1,9.6,0.0,13577.689453,71,0.0,0.0,0.0,1.0
272157,0,1,3400,-62,62,-172,6.9,11,0.50,118112.000000,0,2.1,9.1,0.0,0.0,80,0.0,0.0,0.0,1.0
272406,0,1,3400,-62,62,-173,7.0,11,0.50,121784.859375,0,2.1,4.8,0.0,5513.944336,0,0.0,0.0,0.0,1.0
272655,0,1,3400,-62,62,-170,11,11,0.65,94496.000000,0,2.1,1.9,0.0,18112.000000,60,0.0,0.0,0.0,1.0
272904,0,1,3400,-62,62,-169,7.1,11,0.50,136000.000000,0,2.1,0.0,0.0,5258.964355,67,0.0,0.0,0.0,1.0
273153,0,1,3400,-62,62,-173,15,11,0.86,89440.000000,0,2.1,0.0,0.0,0.0,0.0,0.0,0.0,0.0,1.0
273402,0,1,3400,-62,62,-173,19,11,0.88,114358.562500,0,2.1,0.0,0.0,5513.944336,0,0.0,0.0,0.0,1.0
273651,0,1,3400,-62,62,-168,8.6,11,0.56,103808.000000,0,2.1,0.49,0.0,17056.000000,0,0.0,0.0,0.0,1.0
273900,0,1,3400,-62,62,-169,7.8,11,0.50,97792.000000,0,2.1,3.2,0.0,34976.000000,59,0.0,0.0,0.0,1.0
274149,0,1,3400,-62,62,-170,9.5,11,0.50,166247.015625,0,2.1,7.5,0.0,0.0,0.0,0.0,0.0,0.0,1.0
274398,0,1,3400,-62,62,-175,5.7,11,0.50,95648.000000,0,2.1,7.5,0.0,0.0,0.0,0.0,0.0,0.0,1.0
274647,0,1,3400,-62,62,-169,5.3,11,0.50,121434.265625,0,2.1,8.0,0.0,37992.031250,0,0.0,0.0,0.0,1.0
274896,0,1,3400,-62,62,-168,4.9,11,0.50,113440.000000,0,2.1,9.5,0.0,5888.000000,57,0.0,0.0,0.0,1.0
275145,0,1,3400,-62,62,-169,2.8,11,0.54,116239.046875,0,2.1,8.5,0.0,5513.944336,0,0.0,0.0,0.0,1.0
275394,0,1,3400,-62,62,-171,12,11,0.72,146624.000000,0,2.1,7.5,0.0,17056.000000,0,0.0,0.0,0.0,1.0
275643,0,1,3400,-62,62,-167,8.5,11,0.50,117768.921875,0,2.1,8.0,0.0,16988.046875,0,0.0,0.0,0.0,1.0
275892,0,1,3400,-62,62,-163,6.3,11,0.50,174016.000000,0,2.1,1.6,0.0,6848.000000,60,0.0,0.0,0.0,1.0
276141,0,1,3400,-62,62,-165,7.5,11,0.56,116557.765625,0,2.1,0.0,0.0,0.0,0.0,0.0,0.0,0.0,1.0
276390,0,1,3400,-62,62,-166,16,11,0.94,141664.000000,3,2.1,0.0,0.0,0.0,0.0,0.0,0.0,0.0,1.0
276639,0,1,3400,-62,62,-171,15,11,0.83,159521.906250,0,2.1,1.7,0.0,0.0,80,0.0,0.0,0.0,1.0
276888,0,1,3400,-62,62,-173,5.9,11,0.57,120704.000000,0,2.1,5.5,0.0,5536.000000,57,0.0,0.0,0.0,1.0
277137,0,1,3400,-62,62,-168,12,11,0.62,75059.757812,0,2.1,4.7,0.0,16988.046875,0,0.0,0.0,0.0,1.0
277386,0,1,3400,-62,62,-168,18,11,1.0,125472.000000,0,2.1,4.9,0.0,3488.000000,57,0.0,0.0,0.0,1.0
277635,0,1,3400,-62,62,-169,7.5,11,0.56,101067.726562,0,2.1,5.3,0.0,40382.468750,0,0.0,0.0,0.0,1.0
277884,0,1,3400,-62,62,-172,6.1,11,0.57,120800.000000,0,2.1,14,0.0,0.0,0.0,0.0,0.0,0.0,1.0
278133,0,1,3400,-62,62,-169,7.6,11,0.52,112191.234375,0,2.1,14,0.0,16988.046875,0,0.0,0.0,0.0,1.0
278382,0,1,3400,-62,62,-171,8.5,11,0.58,70496.000000,0,2.1,14,0.0,0.0,0.0,0.0,0.0,0.0,1.0
278631,0,1,3400,-62,62,-171,10,11,0.57,112733.070312,0,2.1,14,186,16988.046875,0,0.0,0.0,0.0,1.0
278880,0,1,3400,-62,62,-168,7.6,11,0.50,115360.000000,0,2.1,15,0.0,35424.000000,58,0.0,0.0,0.0,1.0
279129,0,1,3400,-62,62,-171,4.0,11,0.50,120736.000000,0,2.1,13,0.0,3488.000000,71,0.0,0.0,0.0,1.0
279378,0,1,3400,-62,62,-172,7.3,11,0.50,154581.671875,0,2.1,13,0.0,33976.093750,0,0.0,0.0,0.0,1.0
279627,0,1,3400,-62,62,-169,13,11,0.70,130048.000000,0,2.1,15,0.0,52288.000000,0,0.0,0.0,0.0,1.0
279876,0,1,3400,-62,62,-170,11,11,0.68,106772.906250,0,2.1,5.8,0.0,8733.067383,67,0.0,0.0,0.0,1.0
280125,0,1,3400,-62,62,-168,6.8,11,0.51,121536.000000,0,2.1,6.3,0.0,5536.000000,57,0.0,0.0,0.0,1.0
280374,0,1,3400,-62,62,-170,3.2,11,0.50,133992.031250,0,2.1,7.5,0.0,0.0,0.0,0.0,0.0,0.0,1.0
280623,0,1,3400,-62,62,-169,10,11,0.59,118688.000000,0,2.1,7.5,0.0,0.0,67,0.0,0.0,0.0,1.0
280872,0,1,3400,-62,62,-168,8.1,11,0.55,128478.085938,0,2.1,5.1,0.0,5513.944336,67,0.0,0.0,0.0,1.0
281121,0,1,3400,-62,62,-170,8.7,11,0.53,99680.000000,0,2.1,13,0.0,56704.000000,0,0.0,0.0,0.0,1.0
281370,0,1,3400,-62,62,-173,6.3,11,0.50,129816.734375,0,2.1,15,0.0,33976.093750,0,0.0,0.0,0.0,1.0
281619,0,1,3400,-62,62,-166,5.0,11,0.50,160128.000000,0,2.1,15,0.0,23488.000000,0,0.0,0.0,0.0,1.0
281868,0,1,3400,-62,62,-165,10,11,0.68,121274.898438,0,2.1,14,0.0,16988.046875,0,0.0,0.0,0.0,1.0
282117,0,1,3400,-62,62,-164,6.5,11,0.50,111680.000000,0,2.1,14,0.0,17056.000000,57,0.0,0.0,0.0,1.0
282366,0,1,3400,-62,62,-166,16,11,0.80,135904.375000,0,2.1,8.8,0.0,0.0,80,0.0,0.0,0.0,1.0
282615,0,1,3400,-62,62,-171,8.6,11,0.67,94464.000000,0,2.1,7.7,0.0,28128.000000,33,0.0,0.0,0.0,1.0
282864,0,1,3400,-62,62,-167,9.7,11,0.71,135521.906250,0,2.1,7.0,0.0,16286.852539,44,0.0,0.0,0.0,1.0
283113,0,1,3400,-62,62,-165,4.2,11,0.50,139232.000000,0,2.1,7.3,0.0,17056.000000,0,0.0,0.0,0.0,1.0
283362,0,1,3400,-62,62,-169,10,11,0.67,125792.000000,0,2.1,7.5,0.0,0.0,0.0,0.0,0.0,0.0,1.0
283611,0,1,3400,-62,62,-172,11,11,0.77,92685.257812,0,2.1,7.7,0.0,23394.421875,0,0.0,0.0,0.0,1.0
283860,0,1,3400,-62,62,-166,12,11,0.67,147872.000000,0,2.1,13,0.0,0.0,80,0.0,0.0,0.0,1.0
284109,0,1,3400,-62,62,-168,14,11,0.71,78980.078125,0,2.1,8.7,0.0,0.0,80,0.0,0.0,0.0,1.0
284358,0,1,3400,-62,62,-174,6.0,11,0.50,143424.000000,0,2.1,6.3,0.0,11072.000000,44,0.0,0.0,0.0,1.0
284607,0,1,3400,-62,62,-170,5.7,11,0.50,107792.828125,0,2.1,7.2,0.0,4366.533691,50,0.0,0.0,0.0,1.0
284856,0,1,3400,-62,62,-165,14,11,0.67,122048.000000,0,2.1,12,0.0,237568.000000,64,0.0,0.0,0.0,1.0
285105,0,1,3400,-62,62,-162,12,11,0.79,146454.187500,0,2.1,10,0.0,0.0,80,0.0,0.0,0.0,1.0
285354,0,1,3400,-62,62,-169,8.6,11,0.50,96384.000000,0,2.1,7.5,0.0,0.0,0.0,0.0,0.0,0.0,1.0
285603,0,1,3400,-62,62,-174,8.6,11,0.58,63776.890625,0,2.1,5.8,20,0.0,80,0.0,0.0,0.0,1.0
285852,0,1,3400,-62,62,-173,20,11,1.0,156128.000000,0,2.1,5.2,0.0,8032.000000,58,0.0,0.0,0.0,1.0
286101,0,1,3400,-62,62,-172,6.6,11,0.51,94565.734375,0,2.1,7.4,0.0,3569.721191,68,0.0,0.0,0.0,1.0
286350,0,1,3400,-62,62,-172,5.2,11,0.50,98048.000000,0,2.1,4.0,0.0,25280.000000,52,0.0,0.0,0.0,1.0
286599,0,1,3400,-62,62,-166,9.6,11,0.63,120031.875000,0,2.1,5.4,0.0,7840.637207,50,0.0,0.0,0.0,1.0
286848,0,1,3400,-62,62,-164,12,11,0.72,109792.000000,0,2.1,0.0,0.0,9824.000000,64,0.0,0.0,0.0,1.0
287097,0,1,3400,-62,62,-162,5.3,11,0.50,92972.109375,0,2.1,7.1,0.0,0.0,80,0.0,0.0,0.0,1.0
287346,0,1,3400,-62,62,-167,7.7,11,0.50,168960.000000,0,2.1,2.5,0.0,0.0,73,0.0,0.0,0.0,1.0
287595,0,1,3400,-62,62,-174,8.7,11,0.50,123680.000000,0,2.1,6.8,0.0,39648.000000,14,0.0,0.0,0.0,1.0
287844,0,1,3400,-62,62,-170,12,11,0.61,105561.750000,0,2.1,7.4,0.0,2581.673340,75,0.0,0.0,0.0,1.0
288093,0,1,3400,-62,62,-168,7.3,11,0.50,136480.000000,0,2.1,12,0.0,34112.000000,0,0.0,0.0,0.0,1.0
288342,0,1,3400,-62,62,-169,12,11,0.70,94884.460938,0,2.1,13,0.0,33976.093750,44,0.0,0.0,0.0,1.0
288591,0,1,3400,-62,62,-172,20,11,0.99,140320.000000,0,2.1,12,20,0.0,80,0.0,0.0,0.0,1.0
288840,0,1,3400,-62,62,-162,15,11,0.65,149163.343750,0,2.1,6.0,20,0.0,0.0,0.0,0.0,0.0,1.0
289089,0,1,3400,-62,62,-169,15,11,0.89,135328.000000,0,2.1,6.7,0.0,9120.000000,55,0.0,0.0,0.0,1.0
289338,0,1,3400,-62,62,-173,7.4,11,0.50,181545.812500,0,2.1,8.4,0.0,3569.721191,67,0.0,0.0,0.0,1.0
289587,0,1,3400,-62,62,-171,5.1,11,0.50,153696.000000,0,2.1,4.6,0.0,4896.000000,64,0.0,0.0,0.0,1.0
289836,0,1,3400,-62,62,-170,7.0,11,0.57,131219.125000,0,2.1,0.0,0.0,0.0,80,0.0,0.0,0.0,1.0
290085,0,1,3400,-62,62,-164,11,11,0.69,140672.000000,0,2.1,0.0,0.0,0.0,80,0.0,0.0,0.0,1.0
290334,0,1,3400,-62,62,-169,13,11,0.72,132334.656250,0,2.1,0.0,0.0,5513.944336,0,0.0,0.0,0.0,1.0
290583,0,1,3400,-62,62,-170,7.2,11,0.58,113440.000000,0,2.1,2.9,0.0,23488.000000,0,0.0,0.0,0.0,1.0
290832,0,1,3400,-62,62,-170,9.9,11,0.61,125386.453125,0,2.1,13,0.0,0.0,80,0.0,0.0,0.0,1.0
291081,0,1,3400,-62,62,-168,6.8,11,0.50,162528.000000,0,2.1,14,0.0,0.0,0.0,0.0,0.0,0.0,1.0
291330,0,1,3400,-62,62,-166,8.7,11,0.58,143936.250000,0,2.1,11,0.0,0.0,80,0.0,0.0,0.0,1.0
291579,0,1,3400,-62,62,-170,13,11,0.77,122368.000000,0,2.1,7.5,20,0.0,67,0.0,0.0,0.0,1.0
291828,0,1,3400,-62,62,-171,21,11,1.1,154645.421875,0,2.1,7.5,20,0.0,100.000000,0.0,0.0,0.0,1.0
292077,0,1,3400,-62,62,-168,16,11,0.90,101120.000000,0,2.1,6.0,0.0,8928.000000,59,0.0,0.0,0.0,1.0
292326,0,1,3400,-62,62,-165,5.9,11,0.59,136988.046875,0,2.1,0.0,0.0,892,0,0.0,0.0,0.0,1.0
292575,0,1,3400,-62,62,-172,5.5,11,0.52,155200.000000,0,2.1,3.4,0.0,17056.000000,40,0.0,0.0,0.0,1.0
292824,0,1,3400,-62,62,-168,16,11,1.0,98804.781250,4,2.1,13,0.0,0.0,86,0.0,0.0,0.0,1.0
293073,0,1,3400,-62,62,-168,17,11,0.92,142432.000000,0,2.1,7.5,0.0,5536.000000,0,0.0,0.0,0.0,1.0
293322,0,1,3400,-62,62,-172,18,11,0.90,100416.000000,0,2.1,7.5,0.0,0.0,0.0,0.0,0.0,0.0,1.0
293571,0,1,3400,-62,62,-174,16,11,0.84,137306.765625,0,2.1,7.4,0.0,5513.944336,50,0.0,0.0,0.0,1.0
293820,0,1,3400,-62,62,-174,17,11,0.92,141440.000000,3,2.1,13,0.0,27104.000000,0,0.0,0.0,0.0,1.0
294069,0,1,3400,-62,62,-167,19,11,1.0,124270.914062,0,2.1,14,0.0,0.0,0.0,0.0,0.0,0.0,1.0
294318,0,1,3400,-62,62,-161,10,11,0.67,143264.000000,0,2.1,9.7,0.0,0.0,80,0.0,0.0,0.0,1.0
294567,0,1,3400,-62,62,-171,8.0,11,0.57,105434.265625,0,2.1,7.8,0.0,5513.944336,57,0.0,0.0,0.0,1.0
294816,0,1,3400,-62,62,-168,20,11,1.1,120320.000000,0,2.1,14,0.0,0.0,0.0,0.0,0.0,0.0,1.0
295065,0,1,3400,-62,62,-170,20,11,1.1,165322.703125,0,2.1,8.6,0.0,5513.944336,57,0.0,0.0,0.0,1.0
295314,0,1,3400,-62,62,-168,16,11,0.84,137312.000000,0,2.1,7.4,0.0,0.0,80,0.0,0.0,0.0,1.0
295563,0,1,3400,-62,62,-169,10,11,0.64,150597.609375,0,2.1,3.6,0.0,236589.640625,50,0.0,0.0,0.0,1.0
295812,0,1,3400,-62,62,-170,6.8,11,0.50,100736.000000,0,2.1,16,0.0,0.0,0.0,0.0,0.0,0.0,1.0
296061,0,1,3400,-62,62,-169,5.8,11,0.50,95107.570312,0,2.1,14,0.0,33976.093750,0,0.0,0.0,0.0,1.0
296310,0,1,3400,-62,62,-170,5.5,11,0.58,121824.000000,0,2.1,12,0.0,0.0,0.0,0.0,0.0,0.0,1.0
296559,0,1,3400,-62,62,-171,6.7,11,0.50,179760.953125,0,2.1,12,0.0,0.0,80,0.0,0.0,0.0,1.0
296808,0,1,3400,-62,62,-169,8.4,11,0.56,73632.000000,0,2.1,8.7,0.0,3488.000000,0,0.0,0.0,0.0,1.0
297057,0,1,3400,-62,62,-164,6.9,11,0.50,104031.875000,0,2.1,15,0.0,16988.046875,67,0.0,0.0,0.0,1.0
297306,0,1,3400,-62,62,-167,7.8,11,0.53,106176.000000,0,2.1,7.5,0.0,5536.000000,0,0.0,0.0,0.0,1.0
297555,0,1,3400,-62,62,-170,8.9,11,0.50,124812.750000,0,2.1,8.0,0.0,16478.087891,54,0.0,0.0,0.0,1.0
297804,0,1,3400,-62,62,-172,13,11,0.89,146048.000000,0,2.1,0.36,0.0,832,88,0.0,0.0,0.0,1.0
298053,0,1,3400,-62,62,-164,5.3,11,0.50,104414.343750,0,2.1,7.1,0.0,0.0,80,0.0,0.0,0.0,1.0
298302,0,1,3400,-62,62,-163,3.6,11,0.50,84544.000000,0,2.1,7.5,0.0,0.0,0.0,0.0,0.0,0.0,1.0
298551,0,1,3400,-62,62,-171,7.7,11,0.50,135488.000000,0,2.1,7.4,0.0,3488.000000,25,0.0,0.0,0.0,1.0
298800,0,1,3400,-62,62,-173,8.2,11,0.58,106231.078125,0,2.1,5.8,0.0,8350.597656,58,0.0,0.0,0.0,1.0
299049,0,1,3400,-62,62,-174,11,11,0.67,167296.000000,0,2.1,6.0,0.0,0.0,0.0,0.0,0.0,0.0,1.0
299298,0,1,3400,-62,62,-174,10,11,0.65,114007.968750,0,2.1,6.0,0.0,0.0,0.0,0.0,0.0,0.0,1.0
299547,0,1,3400,-62,62,-164,20,11,1.0,141280.000000,0,2.1,7.5,0.0,23488.000000,40,0.0,0.0,0.0,1.0
299796,0,1,3400,-62,62,-167,12,11,0.72,145274.906250,0,2.1,13,0.0,6820.717285,71,0.0,0.0,0.0,1.0
300045,0,1,3400,-62,62,-167,8.7,11,0.60,127232.000000,0,2.1,9.7,0.0,0.0,80,0.0,0.0,0.0,1.0
300294,0,1,3400,-62,62,-168,21,11,1.0,103745.023438,0,2.1,7.5,0.0,0.0,0.0,0.0,0.0,0.0,1.0
300543,0,1,3400,-62,62,-168,15,11,0.92,156416.000000,0,2.1,3.4,20,0.0,75,0.0,0.0,0.0,1.0
300792,0,1,3400,-62,62,-172,8.5,11,0.60,147856.578125,0,2.1,0.72,0.0,6406.374512,57,0.0,0.0,0.0,1.0
301041,0,1,3400,-62,62,-168,17,11,0.83,84128.000000,0,2.1,11,0.0,4480.000000,62,0.0,0.0,0.0,1.0
301290,0,1,3400,-62,62,-169,13,11,0.64,105657.367188,0,2.1,11,0.0,4270.916504,62,0.0,0.0,0.0,1.0
301539,0,1,3400,-62,62,-166,5.7,11,0.50,129632.000000,0,2.1,9.0,0.0,19360.000000,60,0.0,0.0,0.0,1.0
301788,0,1,3400,-62,62,-166,7.8,11,0.67,110820.718750,0,2.1,10,0.0,0.0,0.0,0.0,0.0,0.0,1.0
302037,0,1,3400,-62,62,-171,19,11,1.0,141632.000000,0,2.1,5.8,0.0,0.0,80,0.0,0.0,0.0,1.0
302286,0,1,3400,-62,62,-172,13,11,0.81,129944.226562,0,2.1,3.0,0.0,0.0,80,0.0,0.0,0.0,1.0
302535,0,1,3400,-62,62,-165,8.4,11,0.63,123552.000000,0,2.1,3.2,0.0,12384.000000,67,0.0,0.0,0.0,1.0
302784,0,1,3400,-62,62,-171,5.2,11,0.50,109184.000000,0,2.1,0.0,0.0,0.0,86,0.0,0.0,0.0,1.0
303033,0,1,3400,-62,62,-171,4.6,11,0.50,147952.187500,0,2.1,0.0,0.0,5513.944336,0,0.0,0.0,0.0,1.0
303282,0,1,3400,-62,62,-169,3.7,11,0.50,123968.000000,0,2.1,2.8,0.0,5536.000000,50,0.0,0.0,0.0,1.0
303531,0,1,3400,-62,62,-173,8.6,11,0.53,105752.984375,0,2.1,15,0.0,50964.144531,0,0.0,0.0,0.0,1.0
303780,0,1,3400,-62,62,-172,13,11,0.50,160128.000000,0,2.1,13,0.0,6432.000000,70,0.0,0.0,0.0,1.0
304029,0,1,3400,-62,62,-168,18,11,0.97,111745.023438,0,2.1,7.5,0.0,0.0,100.000000,0.0,0.0,0.0,1.0
304278,0,1,3400,-62,62,-168,8.1,11,0.59,117664.000000,0,2.1,2.5,0.0,5536.000000,0,0.0,0.0,0.0,1.0
304527,0,1,3400,-62,62,-172,5.1,11,0.50,70597.609375,0,2.1,3.1,0.0,33976.093750,17,0.0,0.0,0.0,1.0
304776,0,1,3400,-62,62,-168,5.6,11,0.50,111200.000000,0,2.1,12,0.0,12864.000000,43,0.0,0.0,0.0,1.0
305025,0,1,3400,-62,62,-169,7.7,11,0.50,117577.687500,0,2.1,12,0.0,0.0,0.0,0.0,0.0,0.0,1.0
305274,0,1,3400,-62,62,-171,4.8,11,0.50,97120.000000,0,2.1,12,0.0,0.0,0.0,0.0,0.0,0.0,1.0
305523,0,1,3400,-62,62,-164,8.9,11,0.50,214533.859375,0,2.1,12,0.0,0.0,80,0.0,0.0,0.0,1.0
305772,0,1,3400,-62,62,-167,6.3,11,0.50,156352.000000,0,2.1,10,0.0,0.0,80,0.0,0.0,0.0,1.0
306021,0,1,3400,-62,62,-171,5.5,11,0.50,126151.390625,0,2.1,6.0,0.0,0.0,0.0,0.0,0.0,0.0,1.0
306270,0,1,3400,-62,62,-170,7.1,11,0.58,118080.000000,0,2.1,6.0,0.0,0.0,0,0.0,0.0,0.0,1.0
306519,0,1,3400,-62,62,-170,9.3,11,0.72,133258.968750,0,2.1,6.5,0.0,5513.944336,50,0.0,0.0,0.0,1.0
306768,0,1,3400,-62,62,-168,7.6,11,0.53,114848.000000,0,2.1,8.5,0.0,36896.000000,52,0.0,0.0,0.0,1.0
307017,0,1,3400,-62,62,-173,6.9,11,0.50,133163.343750,0,2.1,0.0,0.0,3474.103516,0,0.0,0.0,0.0,1.0
307266,0,1,3400,-62,62,-172,8.7,11,0.65,180416.000000,0,2.1,1.4,0.0,17056.000000,0,0.0,0.0,0.0,1.0
307515,0,1,3400,-62,62,-168,17,11,0.95,109354.578125,0,2.1,7.8,0.0,23936.255859,36,0.0,0.0,0.0,1.0
307764,0,1,3400,-62,62,-172,12,11,0.61,128448.000000,0,2.1,0.0,0.0,0.0,80,0.0,0.0,0.0,1.0
308013,0,1,3400,-62,62,-173,17,11,0.93,67091.632812,0,2.1,0.0,0.0,0.0,0.0,0.0,0.0,0.0,1.0
308262,0,1,3400,-62,62,-166,18,11,0.86,131488.000000,0,2.1,1.4,0.0,20544.000000,0,0.0,0.0,0.0,1.0
308511,0,1,3400,-62,62,-165,12,11,0.75,134087.656250,0,2.1,7.8,0.0,81402.390625,0,0.0,0.0,0.0,1.0
308760,0,1,3400,-62,62,-167,7.3,11,0.50,116640.000000,0,2.1,14,0.0,230656.000000,61,0.0,0.0,0.0,1.0
309009,0,1,3400,-62,62,-165,15,11,0.76,133088.000000,0,2.1,8.0,0.0,0.0,0.0,0.0,0.0,0.0,1.0
309258,0,1,3400,-62,62,-162,21,11,1.1,112892.429688,0,2.1,11,0.0,16988.046875,0,0.0,0.0,0.0,1.0
309507,0,1,3400,-62,62,-171,21,11,1.1,97888.000000,0,2.1,15,0.0,34656.000000,0,0.0,0.0,0.0,1.0
309756,0,1,3400,-62,62,-170,12,11,0.72,120414.343750,0,2.1,9.6,0.0,14756.971680,64,0.0,0.0,0.0,1.0
310005,0,1,3400,-62,62,-168,5.2,11,0.50,156736.000000,0,2.1,6.0,0.0,0.0,0.0,0.0,0.0,0.0,1.0
310254,0,1,3400,-62,62,-170,6.8,11,0.50,154103.578125,0,2.1,8.6,0.0,0.0,80,0.0,0.0,0.0,1.0
310503,0,1,3400,-62,62,-172,7.6,11,0.53,122560.000000,0,2.1,13,20,0.0,67,0.0,0.0,0.0,1.0
310752,0,1,3400,-62,62,-169,6.6,11,0.51,162039.843750,0,2.1,6.0,20,0.0,100.000000,0.0,0.0,0.0,1.0
311001,0,1,3400,-62,62,-166,10,11,0.61,94336.000000,0,2.1,7.0,0.0,8224.000000,54,0.0,0.0,0.0,1.0
311250,0,1,3400,-62,62,-167,14,11,0.77,98103.585938,0,2.1,10,0.0,3378.486084,67,0.0,0.0,0.0,1.0
311499,0,1,3400,-62,62,-167,12,11,0.81,104864.000000,0,2.1,11,0.0,241792.000000,64,0.0,0.0,0.0,1.0
311748,0,1,3400,-62,62,-175,13,11,0.76,142119.515625,0,2.1,16,0.0,0.0,0.0,0.0,0.0,0.0,1.0
311997,0,1,3400,-62,62,-172,13,11,0.67,153984.000000,0,2.1,16,0.0,0.0,0.0,0.0,0.0,0.0,1.0
312246,0,1,3400,-62,62,-169,14,11,0.69,85960.156250,0,2.1,16,0.0,0.0,0.0,0.0,0.0,0.0,1.0
312495,0,1,3400,-62,62,-167,18,11,0.88,103168.000000,0,2.1,14,0.0,7872.000000,42,0.0,0.0,0.0,1.0
312744,0,1,3400,-62,62,-165,18,11,0.82,109609.562500,0,2.1,3.4,0.0,12079.681641,20,0.0,0.0,0.0,1.0
312993,0,1,3400,-62,62,-169,8.2,11,0.54,161888.000000,0,2.1,3.5,0.0,17056.000000,0,0.0,0.0,0.0,1.0
313242,0,1,3400,-62,62,-167,15,10,0.80,124960.000000,0,2.1,7.5,0.0,0.0,0.0,0.0,0.0,0.0,1.0
313491,0,1,3400,-62,62,-171,10,11,0.62,126501.992188,0,2.1,8.1,0.0,0.0,67,0.0,0.0,0.0,1.0
313740,0,1,3400,-62,62,-175,12,11,0.71,81728.000000,0,2.1,15,0.0,0.0,100.000000,0.0,0.0,0.0,1.0
313989,0,1,3400,-62,62,-169,18,11,1.00,93609.562500,0,2.1,15,0.0,0.0,0.0,0.0,0.0,0.0,1.0
314238,0,1,3400,-62,62,-173,12,11,0.66,159424.000000,0,2.1,8.9,0.0,5536.000000,57,0.0,0.0,0.0,1.0
314487,0,1,3400,-62,62,-173,15,11,0.78,132143.421875,0,2.1,8.0,0.0,16988.046875,25,0.0,0.0,0.0,1.0
314736,0,1,3400,-62,62,-167,11,11,0.70,137984.000000,0,2.1,8.6,0.0,29440.000000,30,0.0,0.0,0.0,1.0
314985,0,1,3400,-62,62,-170,17,11,0.90,140462.156250,0,2.1,14,0.0,0.0,80,0.0,0.0,0.0,1.0
315234,0,1,3400,-62,62,-164,19,11,1.1,115296.000000,0,2.1,14,0.0,0.0,0.0,0.0,0.0,0.0,1.0
315483,0,1,3400,-62,62,-163,19,11,0.98,130868.523438,0,2.1,14,0.0,19123.505859,41,0.0,0.0,0.0,1.0
315732,0,1,3400,-62,62,-169,6.5,11,0.50,106656.000000,0,2.1,12,0.0,25056.000000,54,0.0,0.0,0.0,1.0
315981,0,1,3400,-62,62,-170,7.7,11,0.50,103043.828125,0,2.1,7.5,0.0,0.0,80,0.0,0.0,0.0,1.0
316230,0,1,3400,-62,62,-167,2.2,11,0.50,97664.000000,0,2.1,7.3,0.0,0.0,0,0.0,0.0,0.0,1.0
316479,0,1,3400,-62,62,-165,7.9,11,0.58,99569.718750,0,2.1,5.8,0.0,22501.992188,33,0.0,0.0,0.0,1.0
316728,0,1,3400,-62,62,-162,20,11,1.0,150880.000000,0,2.1,13,0.0,0.0,86,0.0,0.0,0.0,1.0
316977,0,1,3400,-62,62,-164,14,11,0.83,104764.937500,0,2.1,8.7,0.0,22501.992188,0,0.0,0.0,0.0,1.0
317226,0,1,3400,-62,62,-171,12,11,0.66,96320.000000,0,2.1,15,0.0,34112.000000,0,0.0,0.0,0.0,1.0
317475,0,1,3400,-62,62,-169,6.8,11,0.54,141792.000000,0,2.1,15,0.0,34112.000000,44,0.0,0.0,0.0,1.0
317724,0,1,3400,-62,62,-169,6.1,11,0.56,104446.218750,0,2.1,8.5,0.0,5513.944336,57,0.0,0.0,0.0,1.0
317973,0,1,3400,-62,62,-172,11,11,0.61,100812.750000,0,2.1,5.9,0.0,50964.144531,0,0.0,0.0,0.0,1.0
318222,0,1,3400,-62,62,-175,9.5,11,0.55,106816.000000,0,2.1,7.5,0.0,51168.000000,0,0.0,0.0,0.0,1.0
318471,0,1,3400,-62,62,-173,15,11,0.89,92736.000000,0,2.1,8.0,0.0,38496.000000,36,0.0,0.0,0.0,1.0
318720,0,1,3400,-62,62,-168,16,11,0.91,94055.773438,0,2.1,4.4,0.0,9498.007812,64,0.0,0.0,0.0,1.0
318969,0,1,3400,-62,62,-164,10,11,0.72,126816.000000,0,2.1,0.0,0.0,0.0,0.0,0.0,0.0,0.0,1.0
319218,0,1,3400,-62,62,-159,12,11,0.60,163442.234375,0,2.1,0.0,0.0,0.0,0.0,0.0,0.0,0.0,1.0
319467,0,1,3400,-62,62,-169,16,11,0.68,126752.000000,0,2.1,7.1,0.0,17056.000000,40,0.0,0.0,0.0,1.0
319716,0,1,3400,-62,62,-173,5.9,11,0.60,134023.906250,0.9,2.1,6.8,0.0,18422.310547,68,0.0,0.0,0.0,1.0
319965,0,1,3400,-62,62,-170,14,11,0.84,159456.000000,0,2.1,0.0,0.0,5536.000000,67,0.0,0.0,0.0,1.0
320214,0,1,3400,-62,62,-167,14,11,0.82,118597.609375,0,2.1,1.4,0.0,22501.992188,0,0.0,0.0,0.0,1.0
320463,0,1,3400,-62,62,-168,9.4,11,0.63,99488.000000,0,2.1,8.2,0.0,17056.000000,54,0.0,0.0,0.0,1.0
320712,0,1,3400,-62,62,-168,12,11,0.71,156494.031250,0,2.1,0.43,0.0,829,88,0.0,0.0,0.0,1.0
320961,0,1,3400,-62,62,-168,9.5,11,0.56,115456.000000,0,2.1,2.4,0.0,17056.000000,0,0.0,0.0,0.0,1.0
321210,0,1,3400,-62,62,-167,8.5,11,0.50,96191.234375,0,2.1,11,0.0,22501.992188,44,0.0,0.0,0.0,1.0
321459,0,1,3400,-62,62,-171,10,11,0.58,148736.000000,0,2.1,14,0.0,21440.000000,42,0.0,0.0,0.0,1.0
321708,0,1,3400,-62,62,-168,15,11,0.73,67346.617188,0,2.1,7.1,0.0,23553.785156,0,0.0,0.0,0.0,1.0
321957,0,1,3400,-62,62,-166,7.6,11,0.50,94304.000000,0,2.1,7.5,0.0,17056.000000,0,0.0,0.0,0.0,1.0
322206,0,1,3400,-62,62,-170,11,11,0.59,133705.171875,0,2.1,7.5,0.0,0.0,0.0,0.0,0.0,0.0,1.0
322455,0,1,3400,-62,62,-173,10,11,0.56,112032.000000,0,2.1,8.0,0.0,34112.000000,0,0.0,0.0,0.0,1.0
322704,0,1,3400,-62,62,-171,6.0,11,0.50,162336.000000,0,2.1,1.3,0.0,6848.000000,67,0.0,0.0,0.0,1.0
322953,0,1,3400,-62,62,-169,5.3,11,0.50,129338.648438,0,2.1,0.0,0.0,0.0,0.0,0.0,0.0,0.0,1.0
323202,0,1,3400,-62,62,-166,5.2,11,0.50,147040.000000,0,2.1,8.9,0.0,17056.000000,57,0.0,0.0,0.0,1.0
323451,0,1,3400,-62,62,-171,7.3,11,0.50,83282.867188,0,2.1,13,20,0.0,80,0.0,0.0,0.0,1.0
323700,0,1,3400,-62,62,-170,9.7,11,0.56,107904.000000,0,2.1,7.5,20,0.0,0.0,0.0,0.0,0.0,1.0
323949,0,1,3400,-62,62,-174,8.3,11,0.50,93513.945312,0,2.1,7.2,0.0,6151.394531,59,0.0,0.0,0.0,1.0
324198,0,1,3400,-62,62,-171,15,11,0.63,86496.000000,0,2.1,12,0.0,4480.000000,62,0.0,0.0,0.0,1.0
324447,0,1,3400,-62,62,-171,7.6,11,0.58,110278.882812,0,2.1,1.2,0.0,7936.254883,43,0.0,0.0,0.0,1.0
324696,0,1,3400,-62,62,-172,13,11,0.68,134976.000000,0,2.1,0.67,0.0,1312.000000,79,0.0,0.0,0.0,1.0
324945,0,1,3400,-62,62,-171,13,11,0.74,93545.820312,0,2.1,0.0,0.0,0.0,0.0,0.0,0.0,0.0,1.0
325194,0,1,3400,-62,62,-164,13,11,0.62,83424.000000,0,2.1,0.0,0.0,0.0,0.0,0.0,0.0,0.0,1.0
325443,0,1,3400,-62,62,-169,18,11,0.95,140462.156250,0,2.1,0.0,20,0.0,80,0.0,0.0,0.0,1.0
325692,0,1,3400,-62,62,-169,7.9,11,0.50,168768.000000,0,2.1,0.0,0.0,0.0,75,0.0,0.0,0.0,1.0
325941,0,1,3400,-62,62,-167,8.6,11,0.61,92780.875000,0,2.1,1.2,0.0,5513.944336,69,0.0,0.0,0.0,1.0
326190,0,1,3400,-62,62,-171,5.8,11,0.55,133984.000000,0,2.1,0.0,0.0,0.0,80,0.0,0.0,0.0,1.0
326439,0,1,3400,-62,62,-169,19,11,0.97,100525.898438,0,2.1,0.19,0.0,5513.944336,25,0.0,0.0,0.0,1.0
326688,0,1,3400,-62,62,-167,18,11,0.90,140864.000000,0,2.1,8.6,0.0,24768.000000,69,0.0,0.0,0.0,1.0
326937,0,1,3400,-62,62,-168,6.0,11,0.54,112478.085938,0,2.1,9.0,0.0,16988.046875,67,0.0,0.0,0.0,1.0
327186,0,1,3400,-62,62,-164,7.5,11,0.50,93632.000000,0,2.1,6.3,0.0,5536.000000,57,0.0,0.0,0.0,1.0
327435,0,1,3400,-62,62,-164,8.3,11,0.51,135362.546875,0,2.1,1.7,0.0,28908.367188,0,0.0,0.0,0.0,1.0
327684,0,1,3400,-62,62,-167,12,11,0.67,96384.000000,0,2.1,14,0.0,0.0,0.0,0.0,0.0,0.0,1.0
327933,0,1,3400,-62,62,-170,8.8,11,0.50,93322.710938,0,2.1,14,0.0,0.0,80,0.0,0.0,0.0,1.0
328182,0,1,3400,-62,62,-175,7.4,10,0.58,139904.000000,0,2.1,15,0.0,0.0,0.0,0.0,0.0,0.0,1.0
328431,0,1,3400,-62,62,-173,10.0,11,0.62,110656.000000,0,2.1,12,0.0,12384.000000,0,0.0,0.0,0.0,1.0
328680,0,1,3400,-62,62,-170,6.9,11,0.58,138390.437500,0,2.1,6.9,0.0,0.0,80,0.0,0.0,0.0,1.0
328929,0,1,3400,-62,62,-163,8.5,11,0.60,134368.000000,0,2.1,15,0.0,0.0,80,0.0,0.0,0.0,1.0
329178,0,1,3400,-62,62,-170,9.7,11,0.59,79968.125000,0,2.1,15,0.0,16988.046875,0,0.0,0.0,0.0,1.0
329427,0,1,3400,-62,62,-170,8.4,11,0.53,124000.000000,0,2.1,15,0.0,51168.000000,12,0.0,0.0,0.0,1.0
329676,0,1,3400,-62,62,-170,15,11,0.84,106645.421875,0,2.1,6.3,0.0,16446.214844,47,0.0,0.0,0.0,1.0
329925,0,1,3400,-62,62,-171,6.8,11,0.50,135744.000000,0,2.1,0.0,0.0,0.0,0.0,0.0,0.0,0.0,1.0
330174,0,1,3400,-62,62,-170,4.3,11,0.50,125673.304688,0,2.1,0.0,0.0,0.0,0.0,0.0,0.0,0.0,1.0
330423,0,1,3400,-62,62,-168,5.7,11,0.54,137536.000000,0,2.1,1.1,0.0,18368.000000,45,0.0,0.0,0.0,1.0
330672,0,1,3400,-62,62,-171,6.7,11,0.50,142247.015625,0,2.1,0.0,0.0,5513.944336,0,0.0,0.0,0.0,1.0
330921,0,1,3400,-62,62,-172,17,11,0.90,126016.000000,0,2.1,0.0,0.0,5536.000000,0,0.0,0.0,0.0,1.0
331170,0,1,3400,-62,62,-170,21,11,0.97,118374.500000,0,2.1,0.0,0.0,0.0,0.0,0.0,0.0,0.0,1.0
331419,0,1,3400,-62,62,-169,16,11,0.92,143616.000000,0,2.1,0.0,20,0.0,67,0.0,0.0,0.0,1.0
331668,0,1,3400,-62,62,-167,15,11,0.77,121657.367188,0,2.1,5.2,0.0,7107.569824,62,0.0,0.0,0.0,1.0
331917,0,1,3400,-62,62,-169,8.8,11,0.62,111328.000000,0,2.1,5.3,0.0,4480.000000,62,0.0,0.0,0.0,1.0
332166,0,1,3400,-62,62,-165,13,11,0.85,139442.234375,0,2.1,11,0.0,2486.055664,69,0.0,0.0,0.0,1.0
332415,0,1,3400,-62,62,-165,20,11,1.0,95424.000000,0,2.1,8.4,0.0,9760.000000,67,0.0,0.0,0.0,1.0
332664,0,1,3400,-62,62,-167,5.4,11,0.50,92736.000000,0,2.1,10,0.0,19840.000000,60,0.0,0.0,0.0,1.0
332913,0,1,3400,-62,62,-175,7.6,11,0.50,108398.406250,0,2.1,6.0,0.0,22501.992188,44,0.0,0.0,0.0,1.0
333162,0,1,3400,-62,62,-172,7.6,11,0.58,115040.000000,0,2.1,7.5,0.0,0.0,0.0,0.0,0.0,0.0,1.0
333411,0,1,3400,-62,62,-173,20,11,1.0,134533.859375,0,2.1,3.0,0.0,20462.152344,46,0.0,0.0,0.0,1.0
333660,0,1,3400,-62,62,-171,9.6,11,0.68,175617.531250,0,2.1,4.8,0.0,8127.490234,71,0.0,0.0,0.0,1.0
333909,0,1,3400,-62,62,-172,5.3,11,0.50,124864.000000,0,2.1,2.8,0.0,5536.000000,33,0.0,0.0,0.0,1.0
334158,0,1,3400,-62,62,-168,5.5,11,0.50,134784.000000,0,2.1,5.0,0.0,34112.000000,0,0.0,0.0,0.0,1.0
334407,0,1,3400,-62,62,-162,4.8,11,0.50,145338.640625,0,2.1,7.7,0.0,16988.046875,0,0.0,0.0,0.0,1.0
334656,0,1,3400,-62,62,-169,7.0,11,0.50,144224.000000,0,2.1,14,0.0,23488.000000,0,0.0,0.0,0.0,1.0
334905,0,1,3400,-62,62,-169,6.5,11,0.50,104159.359375,0,2.1,14,0.0,0.0,80,0.0,0.0,0.0,1.0
335154,0,1,3400,-62,62,-163,7.4,11,0.50,117024.000000,0,2.1,13,0.0,0.0,0.0,0.0,0.0,0.0,1.0
335403,0,1,3400,-62,62,-168,5.7,11,0.50,139697.218750,0,2.1,11,0.0,12462.151367,36,0.0,0.0,0.0,1.0
335652,0,1,3400,-62,62,-167,14,11,0.80,157792.000000,0,2.1,0.0,0.0,0.0,0.0,0.0,0.0,0.0,1.0
335901,0,1,3400,-62,62,-165,9.7,11,0.50,108079.679688,0,2.1,0.0,0.0,0.0,0.0,0.0,0.0,0.0,1.0
336150,0,1,3400,-62,62,-167,5.0,11,0.50,87200.000000,0,2.1,0.0,0.0,0.0,0.0,0.0,0.0,0.0,1.0
336399,0,1,3400,-62,62,-169,12,11,0.65,109290.835938,0,2.1,2.8,0.0,28908.367188,33,0.0,0.0,0.0,1.0
336648,0,1,3400,-62,62,-169,11,11,0.73,141280.000000,0,2.1,7.6,0.0,17248.000000,71,0.0,0.0,0.0,1.0
336897,0,1,3400,-62,62,-167,7.2,11,0.62,101163.343750,0,2.1,9.8,0.0,3474.103516,57,0.0,0.0,0.0,1.0
337146,0,1,3400,-62,62,-164,15,11,1.1,106976.000000,2,2.1,11,0.0,0.0,0.0,0.0,0.0,0.0,1.0
337395,0,1,3400,-62,62,-169,6.7,11,0.52,122208.000000,0,2.1,11,0.0,216128.000000,62,0.0,0.0,0.0,1.0
337644,0,1,3400,-62,62,-173,16,11,0.84,147569.718750,0,2.1,9.7,0.0,5513.944336,33,0.0,0.0,0.0,1.0
337893,0,1,3400,-62,62,-173,19,11,0.96,87840.640625,0,2.1,15,0.0,50964.144531,0,0.0,0.0,0.0,1.0
338142,0,1,3400,-62,62,-164,6.2,11,0.57,160800.000000,0,2.1,15,0.0,0.0,67,0.0,0.0,0.0,1.0
338391,0,1,3400,-62,62,-167,14,11,0.72,125888.000000,0,2.1,10,0.0,46080.000000,0,0.0,0.0,0.0,1.0
338640,0,1,3400,-62,62,-172,12,11,0.87,57944.222656,0,2.1,13,0.0,20462.152344,44,0.0,0.0,0.0,1.0
338889,0,1,3400,-62,62,-170,6.6,11,0.50,79776.000000,0,2.1,15,0.0,51168.000000,36,0.0,0.0,0.0,1.0
339138,0,1,3400,-62,62,-172,5.3,11,0.50,113625.500000,0,2.1,15,0.0,0.0,0.0,0.0,0.0,0.0,1.0
339387,0,1,3400,-62,62,-170,9.3,11,0.61,115808.000000,0,2.1,15,0.0,276128.000000,52,0.0,0.0,0.0,1.0
339636,0,1,3400,-62,62,-161,3.1,11,0.54,137051.796875,0,2.1,16,0.0,33976.093750,0,0.0,0.0,0.0,1.0
339885,0,1,3400,-62,62,-163,4.7,11,0.50,97824.000000,0,2.1,16,0.0,17056.000000,0,0.0,0.0,0.0,1.0
340134,0,1,3400,-62,62,-167,7.3,11,0.50,119936.257812,0,2.1,15,0.0,16988.046875,0,0.0,0.0,0.0,1.0
340383,0,1,3400,-62,62,-169,4.3,11,0.50,139232.000000,0,2.1,15,0.0,34112.000000,44,0.0,0.0,0.0,1.0
340632,0,1,3400,-62,62,-170,6.8,11,0.50,65434.261719,0,2.1,13,0.0,0.0,80,0.0,0.0,0.0,1.0
340881,0,1,3400,-62,62,-172,8.1,11,0.56,134304.000000,0,2.1,7.5,0.0,0.0,80,0.0,0.0,0.0,1.0
341130,0,1,3400,-62,62,-167,16,11,0.81,127490.039062,0,2.1,11,0.0,22501.992188,0,0.0,0.0,0.0,1.0
341379,0,1,3400,-62,62,-174,21,11,1.1,82784.000000,0,2.1,15,0.0,23488.000000,0,0.0,0.0,0.0,1.0
341628,0,1,3400,-62,62,-170,19,11,0.90,140589.640625,0,2.1,13,0.0,16988.046875,64,0.0,0.0,0.0,1.0
341877,0,1,3400,-62,62,-167,10,11,0.60,154880.000000,0,2.1,3.9,0.0,3488.000000,33,0.0,0.0,0.0,1.0
342126,0,1,3400,-62,62,-168,13,11,0.72,158756.968750,0,2.1,11,0.0,22501.992188,57,0.0,0.0,0.0,1.0
342375,0,1,3400,-62,62,-168,13,11,0.67,110880.000000,0,2.1,15,20,0.0,67,0.0,0.0,0.0,1.0
342624,0,1,3400,-62,62,-174,14,11,0.77,136541.828125,0,2.1,3.1,0.0,0.0,82,0.0,0.0,0.0,1.0
342873,0,1,3400,-62,62,-177,6.3,11,0.55,103840.000000,0,2.1,4.7,0.0,20544.000000,20,0.0,0.0,0.0,1.0
343122,0,1,3400,-62,62,-165,15,11,0.83,127744.000000,0,2.1,7.5,0.0,17056.000000,0,0.0,0.0,0.0,1.0
343371,0,1,3400,-62,62,-164,5.5,11,0.50,121944.226562,0,2.1,7.5,186,0.0,0.0,0.0,0.0,0.0,1.0
343620,0,1,3400,-62,62,-171,9.1,11,0.60,142528.000000,0,2.1,7.0,0.0,25440.000000,50,0.0,0.0,0.0,1.0
343869,0,1,3400,-62,62,-172,11,11,0.74,125641.437500,0,2.1,7.2,0.0,33976.093750,0,0.0,0.0,0.0,1.0
344118,0,1,3400,-62,62,-169,8.2,11,0.62,156064.000000,0,2.1,8.7,0.0,0.0,80,0.0,0.0,0.0,1.0
344367,0,1,3400,-62,62,-172,5.2,11,0.50,83187.250000,0,2.1,5.8,0.0,0.0,75,0.0,0.0,0.0,1.0
344616,0,1,3400,-62,62,-172,9.3,11,0.62,86528.000000,0,2.1,0.0,0.0,0.0,100.000000,0.0,0.0,0.0,1.0
344865,0,1,3400,-62,62,-169,12,11,0.73,96254.976562,0,2.1,0.0,0.0,5513.944336,0,0.0,0.0,0.0,1.0
345114,0,1,3400,-62,62,-171,8.6,11,0.54,87424.000000,0,2.1,0.0,0.0,0.0,0.0,0.0,0.0,0.0,1.0
345363,0,1,3400,-62,62,-164,13,11,0.69,127585.656250,0,2.1,1.1,0.0,16988.046875,55,0.0,0.0,0.0,1.0
345612,0,1,3400,-62,62,-167,2.3,11,0.50,157664.000000,0,2.1,5.0,0.0,12448.000000,70,0.0,0.0,0.0,1.0
345861,0,1,3400,-62,62,-167,9.1,11,0.58,99920.320312,0,2.1,0.50,0.0,0.0,0.0,0.0,0.0,0.0,1.0
346110,0,1,3400,-62,62,-173,9.8,11,0.57,140416.000000,0,2.1,1.9,0.0,22592.000000,0,0.0,0.0,0.0,1.0
346359,0,1,3400,-62,62,-172,16,11,0.84,161498.015625,0,2.1,8.5,0.0,50964.144531,17,0.0,0.0,0.0,1.0
346608,0,1,3400,-62,62,-170,8.5,11,0.50,107520.000000,0,2.1,1.8,0.0,8768.000000,57,0.0,0.0,0.0,1.0
346857,0,1,3400,-62,62,-166,12,11,0.62,85641.437500,0,2.1,1.1,0.0,16988.046875,0,0.0,0.0,0.0,1.0
347106,0,1,3400,-62,62,-167,10,11,0.57,95392.000000,0,2.1,7.5,0.0,17056.000000,57,0.0,0.0,0.0,1.0
347355,0,1,3400,-62,62,-166,11,11,0.53,124334.664062,0,2.1,7.5,20,0.0,67,0.0,0.0,0.0,1.0
347604,0,1,3400,-62,62,-169,21,11,1.00,61824.000000,0,2.1,0.72,0.0,0.0,86,0.0,0.0,0.0,1.0
347853,0,1,3400,-62,62,-169,9.1,11,0.71,118208.000000,0,2.1,0.0,0.0,5536.000000,0,0.0,0.0,0.0,1.0
348102,0,1,3400,-62,62,-170,5.6,11,0.50,107091.632812,0,2.1,12,0.0,20462.152344,44,0.0,0.0,0.0,1.0
348351,0,1,3400,-62,62,-168,6.8,11,0.50,136608.000000,0,2.1,15,0.0,0.0,80,0.0,0.0,0.0,1.0
348600,0,1,3400,-62,62,-166,8.7,11,0.50,113529.882812,0,2.1,15,0.0,0.0,0.0,0.0,0.0,0.0,1.0
348849,0,1,3400,-62,62,-172,13,11,0.62,120960.000000,0,2.1,1.9,0.0,0.0,80,0.0,0.0,0.0,1.0
349098,0,1,3400,-62,62,-170,13,11,0.62,108398.406250,0,2.1,0.064,0.0,0.0,80,0.0,0.0,0.0,1.0
349347,0,1,3400,-62,62,-168,13,11,0.53,80192.000000,0,2.1,0.0,20,0.0,67,0.0,0.0,0.0,1.0
349596,0,1,3400,-62,62,-169,8.7,11,0.53,115824.703125,0,2.1,0.0,20,0.0,100.000000,0.0,0.0,0.0,1.0
349845,0,1,3400,-62,62,-166,7.2,11,0.59,159488.000000,0,2.1,3.6,0.0,7328.000000,50,0.0,0.0,0.0,1.0
350094,0,1,3400,-62,62,-172,5.6,11,0.50,118852.585938,0,2.1,7.5,0.0,0.0,0.0,0.0,0.0,0.0,1.0
350343,0,1,3400,-62,62,-169,7.1,11,0.50,99936.000000,0,2.1,8.6,0.0,289664.000000,56,0.0,0.0,0.0,1.0
350592,0,1,3400,-62,62,-164,15,11,0.83,108653.382812,0,2.1,16,0.0,0.0,0.0,0.0,0.0,0.0,1.0
350841,0,1,3400,-62,62,-168,7.6,11,0.60,129792.000000,0,2.1,8.4,0.0,5536.000000,57,0.0,0.0,0.0,1.0
351090,0,1,3400,-62,62,-170,6.2,11,0.53,107027.890625,0,2.1,14,0.0,16988.046875,0,0.0,0.0,0.0,1.0
351339,0,1,3400,-62,62,-170,21,11,1.0,139104.000000,0,2.1,16,80,20672.000000,25,0.0,0.0,0.0,1.0
351588,0,1,3400,-62,62,-171,14,11,0.80,131282.875000,0,2.1,12,0.0,6693.227051,59,0.0,0.0,0.0,1.0
351837,0,1,3400,-62,62,-165,7.7,11,0.51,154624.000000,0,2.1,15,0.0,19264.000000,59,0.0,0.0,0.0,1.0
352086,0,1,3400,-62,62,-168,13,11,0.70,164972.109375,0,2.1,12,0.0,16095.617188,62,0.0,0.0,0.0,1.0
352335,0,1,3400,-62,62,-164,5.9,11,0.50,114976.000000,0,2.1,2.0,0.0,14080.000000,47,0.0,0.0,0.0,1.0
352584,0,1,3400,-62,62,-169,6.7,11,0.57,141960.156250,0,2.1,11,0.0,170294.828125,71,0.0,0.0,0.0,1.0
352833,0,1,3400,-62,62,-164,8.0,11,0.50,106304.000000,0,2.1,4.0,0.0,22592.000000,44,0.0,0.0,0.0,1.0
353082,0,1,3400,-62,62,-164,8.5,11,0.57,103392.000000,0,2.1,0.060,0.0,5536.000000,0,0.0,0.0,0.0,1.0
353331,0,1,3400,-62,62,-168,11,11,0.62,138804.781250,0,2.1,5.8,0.0,16988.046875,57,0.0,0.0,0.0,1.0
353580,0,1,3400,-62,62,-167,16,11,0.83,98048.000000,0,2.1,15,0.0,0.0,0.0,0.0,0.0,0.0,1.0
353829,0,1,3400,-62,62,-161,20,11,1.1,144382.468750,0,2.1,13,0.0,5513.944336,0,0.0,0.0,0.0,1.0
354078,0,1,3400,-62,62,-167,21,11,1.0,134304.000000,0,2.1,7.5,0.0,0.0,0.0,0.0,0.0,0.0,1.0
354327,0,1,3400,-62,62,-171,21,11,1.0,118023.906250,0,2.1,12,20,16988.046875,60,0.0,0.0,0.0,1.0
354576,0,1,3400,-62,62,-172,21,11,1.1,128800.000000,0,2.1,7.5,0.0,0.0,86,0.0,0.0,0.0,1.0
354825,0,1,3400,-62,62,-168,14,11,0.77,128446.218750,0,2.1,7.5,0.0,0.0,0.0,0.0,0.0,0.0,1.0
355074,0,1,3400,-62,62,-168,9.3,11,0.56,146080.000000,0,2.1,4.9,0.0,5536.000000,0,0.0,0.0,0.0,1.0
355323,0,1,3400,-62,62,-171,12,11,0.62,129561.750000,0,2.1,8.2,0.0,16988.046875,57,0.0,0.0,0.0,1.0
355572,0,1,3400,-62,62,-174,13,11,0.57,119264.000000,0,2.1,15,0.0,0.0,0.0,0.0,0.0,0.0,1.0
355821,0,1,3400,-62,62,-172,15,11,0.61,148749.000000,0,2.1,13,0.0,5513.944336,0,0.0,0.0,0.0,1.0
356070,0,1,3400,-62,62,-171,2.3,11,0.50,151648.000000,0,2.1,13,0.0,17056.000000,57,0.0,0.0,0.0,1.0
356319,0,1,3400,-62,62,-171,5.1,11,0.50,118406.375000,0,2.1,15,0.0,5513.944336,0,0.0,0.0,0.0,1.0
356568,0,1,3400,-62,62,-165,5.5,11,0.50,117824.000000,0,2.1,8.7,0.0,18368.000000,67,0.0,0.0,0.0,1.0
356817,0,1,3400,-62,62,-168,7.3,11,0.54,124143.429688,0,2.1,8.7,0.0,22501.992188,44,0.0,0.0,0.0,1.0
357066,0,1,3400,-62,62,-167,8.5,11,0.50,126592.000000,0,2.1,14,0.0,17056.000000,0,0.0,0.0,0.0,1.0
357315,0,1,3400,-62,62,-171,12,11,0.63,113466.132812,0,2.1,14,0.0,23394.421875,56,0.0,0.0,0.0,1.0
357564,0,1,3400,-62,62,-163,6.6,11,0.54,139936.000000,0,2.1,4.8,0.0,30752.000000,62,0.0,0.0,0.0,1.0
357813,0,1,3400,-62,62,-169,5.1,11,0.50,134565.734375,0,2.1,11,0.0,16988.046875,57,0.0,0.0,0.0,1.0
358062,0,1,3400,-62,62,-170,11,11,0.72,115840.000000,0,2.1,15,0.0,0.0,0.0,0.0,0.0,0.0,1.0
358311,0,1,3400,-62,62,-172,14,11,0.84,96032.000000,0,2.1,13,20,0.0,80,0.0,0.0,0.0,1.0
358560,0,1,3400,-62,62,-170,9.1,11,0.56,135585.656250,0,2.1,4.5,0.0,7298.804688,58,0.0,0.0,0.0,1.0
358809,0,1,3400,-62,62,-176,12,11,0.80,146144.000000,0,2.1,8.6,0.0,4288.000000,62,0.0,0.0,0.0,1.0
359058,0,1,3400,-62,62,-170,11,11,0.69,96414.343750,0,2.1,9.3,0.0,4270.916504,61,0.0,0.0,0.0,1.0
359307,0,1,3400,-62,62,-166,5.9,11,0.50,115648.000000,0,2.1,14,0.0,3584.000000,68,0.0,0.0,0.0,1.0
359556,0,1,3400,-62,62,-164,4.9,11,0.50,107378.484375,0,2.1,18,0.0,7713.147461,70,0.0,0.0,0.0,1.0
359805,0,1,3400,-62,62,-168,12,11,0.50,95936.000000,0,2.1,23,0.0,0.0,0.0,0.0,0.0,0.0,1.0
360054,0,1,3400,-62,62,-168,8.5,11,0.59,72223.109375,0,2.1,23,0.0,0.0,0.0,0.0,0.0,0.0,1.0
360303,0,1,3400,-62,62,-167,8.3,11,0.59,81728.000000,0,2.1,14,0.0,26976.000000,47,0.0,0.0,0.0,1.0
360552,0,1,3400,-62,62,-171,9.2,11,0.55,154996.015625,0,2.1,3.6,0.0,6406.374512,75,0.0,0.0,0.0,1.0
360801,0,1,3400,-62,62,-166,8.3,11,0.60,124352.000000,0,2.1,0.50,0.0,0.0,100.000000,0.0,0.0,0.0,1.0
361050,0,1,3400,-62,62,-163,13,11,0.83,114358.562500,0,2.1,0.50,0.0,0.0,0.0,0.0,0.0,0.0,1.0
361299,0,1,3400,-62,62,-167,13,11,0.67,138432.000000,0,2.1,0.47,20,0.0,67,0.0,0.0,0.0,1.0
361548,0,1,3400,-62,62,-169,13,11,0.69,96764.937500,0,2.1,3.0,0.0,6215.139648,50,0.0,0.0,0.0,1.0
361797,0,1,3400,-62,62,-167,12,11,0.68,88896.000000,0,2.1,4.6,0.0,5536.000000,62,0.0,0.0,0.0,1.0
362046,0,1,3400,-62,62,-170,9.1,11,0.60,141960.156250,0,2.1,3.0,0.0,0.0,0.0,0.0,0.0,0.0,1.0
362295,0,1,3400,-62,62,-174,9.1,11,0.62,138400.000000,0,2.1,4.3,0.0,25312.000000,36,0.0,0.0,0.0,1.0
362544,0,1,3400,-62,62,-170,3.4,11,0.50,159426.296875,0,2.1,0.0,0.0,4366.533691,0,0.0,0.0,0.0,1.0
362793,0,1,3400,-62,62,-169,9.9,11,0.65,139072.000000,0,2.1,0.0,0.0,5536.000000,0,0.0,0.0,0.0,1.0
363042,0,1,3400,-62,62,-166,6.0,11,0.50,80288.000000,0,2.1,7.4,0.0,17056.000000,0,0.0,0.0,0.0,1.0
363291,0,1,3400,-62,62,-168,8.1,11,0.50,77067.726562,0,2.1,7.7,0.0,40382.468750,36,0.0,0.0,0.0,1.0
363540,0,1,3400,-62,62,-168,12,11,0.65,132768.000000,0,2.1,14,0.0,0.0,80,0.0,0.0,0.0,1.0
363789,0,1,3400,-62,62,-168,11,11,0.66,113147.414062,0,2.1,13,0.0,33976.093750,0,0.0,0.0,0.0,1.0
364038,0,1,3400,-62,62,-173,13,11,0.75,95360.000000,0,2.1,14,0.0,17056.000000,0,0.0,0.0,0.0,1.0
364287,0,1,3400,-62,62,-174,13,11,0.65,133003.984375,0,2.1,14,186,16988.046875,0,0.0,0.0,0.0,1.0
364536,0,1,3400,-62,62,-167,9.2,11,0.56,97056.000000,0,2.1,8.6,0.0,42880.000000,52,0.0,0.0,0.0,1.0
364785,0,1,3400,-62,62,-163,8.1,11,0.50,132143.421875,0,2.1,2.7,0.0,22501.992188,20,0.0,0.0,0.0,1.0
365034,0,1,3400,-62,62,-167,8.1,11,0.51,135744.000000,0,2.1,7.5,0.0,17056.000000,0,0.0,0.0,0.0,1.0
365283,0,1,3400,-62,62,-168,19,11,0.98,71840.640625,0,2.1,7.2,0.0,61290.835938,44,0.0,0.0,0.0,1.0
365532,0,1,3400,-62,62,-166,17,11,0.92,94432.000000,0,2.1,10,0.0,176512.000000,68,0.0,0.0,0.0,1.0
365781,0,1,3400,-62,62,-166,21,11,1.1,134119.515625,0,2.1,10,0.0,0.0,80,0.0,0.0,0.0,1.0
366030,0,1,3400,-62,62,-165,21,11,1.1,139456.000000,0,2.1,8.0,0.0,0.0,0.0,0.0,0.0,0.0,1.0
366279,0,1,3400,-62,62,-168,12,11,0.51,101768.921875,0,2.1,11,0.0,45896.414062,0,0.0,0.0,0.0,1.0
366528,0,1,3400,-62,62,-172,7.4,11,0.54,128224.000000,0,2.1,14,0.0,0.0,75,0.0,0.0,0.0,1.0
366777,0,1,3400,-62,62,-171,9.3,11,0.60,103298.804688,0,2.1,14,0.0,5513.944336,33,0.0,0.0,0.0,1.0
367026,0,1,3400,-62,62,-170,5.9,11,0.50,110624.000000,0,2.1,10,0.0,17056.000000,0,0.0,0.0,0.0,1.0
367275,0,1,3400,-62,62,-168,6.9,11,0.50,118693.226562,0,2.1,13,0.0,20462.152344,45,0.0,0.0,0.0,1.0
367524,0,1,3400,-62,62,-171,4.1,11,0.50,114240.000000,0,2.1,5.7,0.0,12512.000000,50,0.0,0.0,0.0,1.0
367773,0,1,3400,-62,62,-173,4.2,11,0.50,123552.000000,0,2.1,0.36,0.0,0.0,80,0.0,0.0,0.0,1.0
368022,0,1,3400,-62,62,-169,7.7,11,0.50,108430.281250,0,2.1,0.24,0.0,5513.944336,0,0.0,0.0,0.0,1.0
368271,0,1,3400,-62,62,-163,12,11,0.68,116576.000000,0,2.1,7.5,0.0,17056.000000,67,0.0,0.0,0.0,1.0
368520,0,1,3400,-62,62,-167,15,11,0.87,107314.742188,0,2.1,7.5,0.0,0.0,0.0,0.0,0.0,0.0,1.0
368769,0,1,3400,-62,62,-169,15,11,0.79,102464.000000,0,2.1,4.0,0.0,0.0,80,0.0,0.0,0.0,1.0
369018,0,1,3400,-62,62,-168,18,11,0.99,151043.828125,0,2.1,0.0,0.0,0.0,0.0,0.0,0.0,0.0,1.0
369267,0,1,3400,-62,62,-163,10,11,0.60,102944.000000,0,2.1,0.65,0.0,14080.000000,64,0.0,0.0,0.0,1.0
369516,0,1,3400,-62,62,-171,5.4,11,0.50,120605.578125,0,2.1,5.6,0.0,22501.992188,20,0.0,0.0,0.0,1.0
369765,0,1,3400,-62,62,-167,7.6,11,0.51,125088.000000,0,2.1,12,0.0,17056.000000,57,0.0,0.0,0.0,1.0
370014,0,1,3400,-62,62,-168,9.1,11,0.50,154996.015625,0,2.1,15,0.0,0.0,0.0,0.0,0.0,0.0,1.0
370263,0,1,3400,-62,62,-169,14,11,0.72,137632.000000,0,2.1,13,0.0,4384.000000,55,0.0,0.0,0.0,1.0
370512,0,1,3400,-62,62,-165,11,11,0.72,141003.984375,0,2.1,0.0,0.0,8127.490234,70,0.0,0.0,0.0,1.0
370761,0,1,3400,-62,62,-162,17,11,0.99,125472.000000,0,2.1,1.1,0.0,22592.000000,0,0.0,0.0,0.0,1.0
371010,0,1,3400,-62,62,-164,20,11,1.0,108462.148438,0,2.1,7.5,0.0,0.0,80,0.0,0.0,0.0,1.0
371259,0,1,3400,-62,62,-169,12,11,0.84,127232.000000,0,2.1,7.5,20,0.0,50,0.0,0.0,0.0,1.0
371508,0,1,3400,-62,62,-170,7.6,11,0.52,154071.718750,0,2.1,5.4,0.0,0.0,88,0.0,0.0,0.0,1.0
371757,0,1,3400,-62,62,-169,11,11,0.64,69952.000000,0,2.1,0.0,0.0,5536.000000,0,0.0,0.0,0.0,1.0
372006,0,1,3400,-62,62,-170,7.9,11,0.60,136640.000000,0,2.1,5.0,0.0,17056.000000,57,0.0,0.0,0.0,1.0
372255,0,1,3400,-62,62,-172,10,11,0.61,142055.781250,0,2.1,6.8,0.0,6820.717285,45,0.0,0.0,0.0,1.0
372504,0,1,3400,-62,62,-173,7.5,11,0.59,152736.000000,1,2.1,5.6,0.0,5536.000000,70,0.0,0.0,0.0,1.0
372753,0,1,3400,-62,62,-172,17,11,0.89,177402.390625,0,2.1,6.4,0.0,0.0,80,0.0,0.0,0.0,1.0
373002,0,1,3400,-62,62,-166,5.2,11,0.50,98560.000000,0,2.1,0.0,0.0,0.0,0.0,0.0,0.0,0.0,1.0
373251,0,1,3400,-62,62,-170,6.4,11,0.50,151553.781250,0,2.1,0.0,20,5513.944336,57,0.0,0.0,0.0,1.0
373500,0,1,3400,-62,62,-171,6.8,11,0.50,139264.000000,0,2.1,0.0,20,0.0,0.0,0.0,0.0,0.0,1.0
373749,0,1,3400,-62,62,-165,9.2,11,0.53,130709.164062,0,2.1,0.91,0.0,6151.394531,47,0.0,0.0,0.0,1.0
373998,0,1,3400,-62,62,-167,13,11,0.73,121952.000000,0,2.1,0.0,0.0,0.0,0.0,0.0,0.0,0.0,1.0
374247,0,1,3400,-62,62,-170,11,11,0.61,128223.109375,0,2.1,2.8,0.0,11920.318359,40,0.0,0.0,0.0,1.0
374496,0,1,3400,-62,62,-168,13,11,0.52,107296.000000,0,2.1,9.7,0.0,15680.000000,61,0.0,0.0,0.0,1.0
374745,0,1,3400,-62,62,-172,13,11,0.50,95617.531250,0,2.1,1.1,0.0,5513.944336,57,0.0,0.0,0.0,1.0
374994,0,1,3400,-62,62,-175,13,11,0.50,122560.000000,0,2.1,7.5,0.0,0.0,0.0,0.0,0.0,0.0,1.0
375243,0,1,3400,-62,62,-173,13,11,0.50,106231.078125,0,2.1,5.8,20,0.0,80,0.0,0.0,0.0,1.0
375492,0,1,3400,-62,62,-166,3.5,11,0.50,167552.000000,0,2.1,0.0,20,0.0,0.0,0.0,0.0,0.0,1.0
375741,0,1,3400,-62,62,-167,16,11,0.87,124908.367188,0,2.1,2.3,0.0,20462.152344,44,0.0,0.0,0.0,1.0
375990,0,1,3400,-62,62,-169,7.8,11,0.54,146272.000000,0,2.1,7.5,0.0,0.0,80,0.0,0.0,0.0,1.0
376239,0,1,3400,-62,62,-168,4.9,11,0.50,112860.554688,0,2.1,3.9,0.0,3474.103516,57,0.0,0.0,0.0,1.0
376488,0,1,3400,-62,62,-171,5.6,11,0.50,121024.000000,0,2.1,7.5,0.0,0.0,0.0,0.0,0.0,0.0,1.0
376737,0,1,3400,-62,62,-173,18,11,1.1,101290.835938,0,2.1,8.6,0.0,5513.944336,67,0.0,0.0,0.0,1.0
376986,0,1,3400,-62,62,-172,13,11,0.81,94880.000000,0,2.1,15,0.0,0.0,0.0,0.0,0.0,0.0,1.0
377235,0,1,3400,-62,62,-166,21,11,1.1,149163.343750,0,2.1,14,0.0,351,25,0.0,0.0,0.0,1.0
377484,0,1,3400,-62,62,-168,17,11,0.97,99584.000000,0,2.1,6.0,0.0,6976.000000,50,0.0,0.0,0.0,1.0
377733,0,1,3400,-62,62,-169,5.2,11,0.52,151235.062500,0,2.1,5.9,0.0,0.0,80,0.0,0.0,0.0,1.0
377982,0,1,3400,-62,62,-168,16,11,0.87,83456.000000,0,2.1,0.0,0.0,5536.000000,0,0.0,0.0,0.0,1.0
378231,0,1,3400,-62,62,-171,6.5,11,0.59,77131.476562,0,2.1,0.48,0.0,0.0,67,0.0,0.0,0.0,1.0
378480,0,1,3400,-62,62,-169,8.6,11,0.50,122080.000000,0,2.1,7.5,0.0,0.0,86,0.0,0.0,0.0,1.0
378729,0,1,3400,-62,62,-173,11,11,0.50,88672.000000,0,2.1,7.5,0.0,0.0,0.0,0.0,0.0,0.0,1.0
378978,0,1,3400,-62,62,-173,7.9,11,0.57,141482.078125,0,2.1,1.3,0.0,0.0,80,0.0,0.0,0.0,1.0
379227,0,1,3400,-62,62,-173,13,11,0.74,106816.000000,0,2.1,4.9,0.0,22592.000000,55,0.0,0.0,0.0,1.0
379476,0,1,3400,-62,62,-168,12,11,0.64,127171.312500,0,2.1,12,0.0,1179.282837,75,0.0,0.0,0.0,1.0
379725,0,1,3400,-62,62,-168,6.3,11,0.53,134880.000000,0,2.1,1.6,0.0,5536.000000,57,0.0,0.0,0.0,1.0
379974,0,1,3400,-62,62,-167,13,11,0.76,81402.390625,0,2.1,7.4,0.0,16988.046875,0,0.0,0.0,0.0,1.0
380223,0,1,3400,-62,62,-167,11,11,0.70,122944.000000,0,2.1,7.9,0.0,34112.000000,0,0.0,0.0,0.0,1.0
380472,0,1,3400,-62,62,-170,10,11,0.65,99059.757812,0,2.1,15,0.0,40382.468750,0,0.0,0.0,0.0,1.0
380721,0,1,3400,-62,62,-171,8.0,11,0.50,114336.000000,0,2.1,15,0.0,34112.000000,0,0.0,0.0,0.0,1.0
380970,0,1,3400,-62,62,-169,7.4,11,0.50,151713.140625,0,2.1,15,0.0,16988.046875,0,0.0,0.0,0.0,1.0
381219,0,1,3400,-62,62,-166,14,11,0.81,138976.000000,0,2.1,14,0.0,11968.000000,53,0.0,0.0,0.0,1.0
381468,0,1,3400,-62,62,-166,14,11,0.78,114039.843750,0,2.1,13,0.0,24191.234375,0,0.0,0.0,0.0,1.0
381717,0,1,3400,-62,62,-167,19,11,0.95,104512.000000,0,2.1,14,0.0,0.0,0.0,0.0,0.0,0.0,1.0
381966,0,1,3400,-62,62,-167,8.2,11,0.50,117290.835938,0,2.1,14,0.0,16988.046875,0,0.0,0.0,0.0,1.0
382215,0,1,3400,-62,62,-167,13,11,0.68,89856.000000,0,2.1,14,56,0.0,71,0.0,0.0,0.0,1.0
382464,0,1,3400,-62,62,-170,6.2,11,0.50,117832.671875,0,2.1,3.2,0.0,12717.131836,60,0.0,0.0,0.0,1.0
382713,0,1,3400,-62,62,-177,7.5,11,0.50,150688.000000,0,2.1,0.0,0.0,5536.000000,57,0.0,0.0,0.0,1.0
382962,0,1,3400,-62,62,-168,5.8,11,0.50,139888.453125,0,2.1,0.24,0.0,3474.103516,0,0.0,0.0,0.0,1.0
383211,0,1,3400,-62,62,-162,6.0,11,0.51,126336.000000,0,2.1,9.2,0.0,306848.000000,58,0.0,0.0,0.0,1.0
383460,0,1,3400,-62,62,-164,10,11,0.64,128192.000000,0,2.1,16,0.0,17056.000000,57,0.0,0.0,0.0,1.0
383709,0,1,3400,-62,62,-171,5.7,11,0.50,106039.843750,0,2.1,15,0.0,0.0,0.0,0.0,0.0,0.0,1.0
383958,0,1,3400,-62,62,-164,4.7,11,0.50,145152.000000,0,2.1,10,0.0,5536.000000,50,0.0,0.0,0.0,1.0
384207,0,1,3400,-62,62,-170,6.6,11,0.50,127171.312500,0,2.1,15,0.0,50964.144531,40,0.0,0.0,0.0,1.0
384456,0,1,3400,-62,62,-169,8.7,11,0.62,134272.000000,0,2.1,14,0.0,22592.000000,38,0.0,0.0,0.0,1.0
384705,0,1,3400,-62,62,-169,4.7,11,0.50,101641.437500,0,2.1,15,0.0,0.0,100.000000,0.0,0.0,0.0,1.0
384954,0,1,3400,-62,62,-166,4.6,11,0.50,132192.000000,0,2.1,15,0.0,17056.000000,0,0.0,0.0,0.0,1.0
385203,0,1,3400,-62,62,-172,7.5,11,0.50,134215.140625,0,2.1,11,0.0,9498.007812,55,0.0,0.0,0.0,1.0
385452,0,1,3400,-62,62,-168,12,11,0.63,112192.000000,0,2.1,11,0.0,2464.000000,83,0.0,0.0,0.0,1.0
385701,0,1,3400,-62,62,-170,21,11,1.2,118023.906250,0,2.1,8.4,0.0,0.0,80,0.0,0.0,0.0,1.0
385950,0,1,3400,-62,62,-171,21,11,1.0,97888.000000,0,2.1,6.0,0.0,0.0,0.0,0.0,0.0,0.0,1.0
386199,0,1,3400,-62,62,-171,14,11,0.71,121019.921875,0,2.1,8.4,20,5513.944336,67,0.0,0.0,0.0,1.0
386448,0,1,3400,-62,62,-171,15,11,0.82,137312.000000,0,2.1,5.8,0.0,4384.000000,59,0.0,0.0,0.0,1.0
386697,0,1,3400,-62,62,-170,9.9,11,0.59,116398.406250,0,2.1,11,0.0,5354.581543,59,0.0,0.0,0.0,1.0
386946,0,1,3400,-62,62,-165,8.7,11,0.58,121632.000000,0,2.1,10.0,0.0,3584.000000,67,0.0,0.0,0.0,1.0
387195,0,1,3400,-62,62,-165,15,11,0.88,130103.585938,0,2.1,9.6,0.0,9721.115234,67,0.0,0.0,0.0,1.0
387444,0,1,3400,-62,62,-169,7.0,11,0.50,156128.000000,0,2.1,0.62,0.0,6848.000000,55,0.0,0.0,0.0,1.0
387693,0,1,3400,-62,62,-168,9.3,11,0.50,106613.546875,0,2.1,4.7,0.0,33976.093750,0,0.0,0.0,0.0,1.0
387942,0,1,3400,-62,62,-167,16,11,0.85,142688.000000,0,2.1,7.5,0.0,17056.000000,0,0.0,0.0,0.0,1.0
388191,0,1,3400,-62,62,-166,11,11,0.65,136672.000000,0,2.1,11,20,0.0,71,0.0,0.0,0.0,1.0
388440,0,1,3400,-62,62,-172,12,11,0.60,90677.289062,0,2.1,8.7,0.0,14597.609375,59,0.0,0.0,0.0,1.0
388689,0,1,3400,-62,62,-171,17,11,1.1,121600.000000,0,2.1,9.9,0.0,4288.000000,62,0.0,0.0,0.0,1.0
388938,0,1,3400,-62,62,-167,11,11,0.73,106454.179688,0,2.1,8.5,0.0,3569.721191,65,0.0,0.0,0.0,1.0
389187,0,1,3400,-62,62,-168,13,11,0.79,100544.000000,0,2.1,8.0,0.0,9344.000000,65,0.0,0.0,0.0,1.0
389436,0,1,3400,-62,62,-169,9.9,11,0.72,133418.328125,1,2.1,0.0,0.0,0.0,80,0.0,0.0,0.0,1.0
389685,0,1,3400,-62,62,-166,17,11,0.95,132384.000000,0,2.1,0.0,0.0,0.0,80,0.0,0.0,0.0,1.0
389934,0,1,3400,-62,62,-165,13,11,0.67,138390.437500,0,2.1,0.0,0.0,0.0,0.0,0.0,0.0,0.0,1.0
390183,0,1,3400,-62,62,-168,12,11,0.69,90016.000000,0,2.1,0.73,0.0,22592.000000,0,0.0,0.0,0.0,1.0
390432,0,1,3400,-62,62,-170,13,11,0.71,147346.609375,0,2.1,9.6,0.0,9880.478516,62,0.0,0.0,0.0,1.0
390681,0,1,3400,-62,62,-168,8.1,11,0.58,144096.000000,0,2.1,9.4,0.0,34112.000000,0,0.0,0.0,0.0,1.0
390930,0,1,3400,-62,62,-174,12,11,0.78,103968.125000,0,2.1,15,0.0,0.0,80,0.0,0.0,0.0,1.0
391179,0,1,3400,-62,62,-172,18,11,0.97,120736.000000,0,2.1,15,20,0.0,67,0.0,0.0,0.0,1.0
391428,0,1,3400,-62,62,-166,5.6,11,0.50,130517.929688,0,2.1,7.0,0.0,23203.187500,25,0.0,0.0,0.0,1.0
391677,0,1,3400,-62,62,-170,8.6,11,0.50,147008.000000,0,2.1,11,0.0,0.0,80,0.0,0.0,0.0,1.0
391926,0,1,3400,-62,62,-169,9.0,11,0.50,114996.015625,0,2.1,9.4,0.0,39490.039062,0,0.0,0.0,0.0,1.0
392175,0,1,3400,-62,62,-173,6.6,11,0.60,98880.000000,0,2.1,10,0.0,3488.000000,68,0.0,0.0,0.0,1.0
392424,0,1,3400,-62,62,-169,18,11,0.98,142820.718750,0,2.1,1.2,0.0,17816.732422,70,0.0,0.0,0.0,1.0
392673,0,1,3400,-62,62,-167,5.5,11,0.50,118944.000000,0,2.1,7.5,0.0,51168.000000,0,0.0,0.0,0.0,1.0
392922,0,1,3400,-62,62,-162,8.8,11,0.59,99984.062500,0,2.1,7.5,0.0,0.0,80,0.0,0.0,0.0,1.0
393171,0,1,3400,-62,62,-165,20,11,1.0,108192.000000,0,2.1,5.6,0.0,26976.000000,36,0.0,0.0,0.0,1.0
393420,0,1,3400,-62,62,-169,13,11,0.76,88704.000000,0,2.1,6.0,0.0,4000.000000,75,0.0,0.0,0.0,1.0
393669,0,1,3400,-62,62,-167,4.7,11,0.50,91282.867188,0,2.1,11,0.0,22501.992188,44,0.0,0.0,0.0,1.0
393918,0,1,3400,-62,62,-168,8.5,11,0.50,99328.000000,0,2.1,14,0.0,54656.000000,0,0.0,0.0,0.0,1.0
394167,0,1,3400,-62,62,-165,17,11,0.97,76430.281250,0,2.1,15,0.0,16988.046875,0,0.0,0.0,0.0,1.0
394416,0,1,3400,-62,62,-167,20,11,1.3,108736.000000,0,2.1,14,0.0,23488.000000,0,0.0,0.0,0.0,1.0
394665,0,1,3400,-62,62,-163,9.2,11,0.62,90231.078125,0,2.1,14,0.0,0.0,0.0,0.0,0.0,0.0,1.0
394914,0,1,3400,-62,62,-166,6.2,11,0.55,139616.000000,0,2.1,14,0.0,17056.000000,57,0.0,0.0,0.0,1.0
395163,0,1,3400,-62,62,-169,11,11,0.50,124079.679688,0,2.1,8.2,0.0,31490.039062,10,0.0,0.0,0.0,1.0
395412,0,1,3400,-62,62,-166,17,11,0.84,104736.000000,0,2.1,9.2,0.0,21440.000000,0,0.0,0.0,0.0,1.0
395661,0,1,3400,-62,62,-170,15,11,0.72,105784.859375,0,2.1,14,0.0,0.0,0.0,0.0,0.0,0.0,1.0
395910,0,1,3400,-62,62,-169,13,11,0.66,79328.000000,0,2.1,13,0.0,0.0,0.0,0.0,0.0,0.0,1.0
396159,0,1,3400,-62,62,-172,15,11,0.80,130932.273438,0,2.1,14,0.0,16988.046875,56,0.0,0.0,0.0,1.0
396408,0,1,3400,-62,62,-173,5.6,11,0.50,142368.000000,0,2.1,1.0,0.0,13696.000000,65,0.0,0.0,0.0,1.0
396657,0,1,3400,-62,62,-169,5.6,11,0.50,142151.390625,0,2.1,7.1,0.0,16988.046875,0,0.0,0.0,0.0,1.0
396906,0,1,3400,-62,62,-167,8.6,11,0.50,182592.000000,0,2.1,7.5,0.0,0.0,0,0.0,0.0,0.0,1.0
397155,0,1,3400,-62,62,-166,4.5,11,0.50,119139.445312,0,2.1,8.7,0.0,40382.468750,0,0.0,0.0,0.0,1.0
397404,0,1,3400,-62,62,-163,6.0,11,0.50,57472.000000,0,2.1,14,0.0,17056.000000,0,0.0,0.0,0.0,1.0
397653,0,1,3400,-62,62,-169,11,11,0.50,134720.000000,0,2.1,14,0.0,0.0,0.0,0.0,0.0,0.0,1.0
397902,0,1,3400,-62,62,-166,13,11,0.50,122741.039062,0,2.1,14,0.0,33976.093750,0,0.0,0.0,0.0,1.0
398151,0,1,3400,-62,62,-166,6.7,11,0.50,108768.000000,0,2.1,13,0.0,41088.000000,31,0.0,0.0,0.0,1.0
398400,0,1,3400,-62,62,-171,5.3,11,0.50,146996.015625,0,2.1,0.0,0.0,0.0,0.0,0.0,0.0,0.0,1.0
398649,0,1,3400,-62,62,-173,8.6,11,0.50,103008.000000,0,2.1,0.0,0.0,5536.000000,0,0.0,0.0,0.0,1.0
398898,0,1,3400,-62,62,-168,8.4,11,0.58,80956.171875,0,2.1,7.4,0.0,16988.046875,0,0.0,0.0,0.0,1.0
399147,0,1,3400,-62,62,-168,8.1,11,0.62,120224.000000,0,2.1,7.5,0.0,0.0,67,0.0,0.0,0.0,1.0
399396,0,1,3400,-62,62,-173,17,11,0.88,88223.109375,0,2.1,6.7,0.0,3474.103516,67,0.0,0.0,0.0,1.0
399645,0,1,3400,-62,62,-171,17,11,0.84,140640.000000,0,2.1,5.9,0.0,17056.000000,0,0.0,0.0,0.0,1.0
399894,0,1,3400,-62,62,-164,7.7,11,0.59,142597.609375,0,2.1,8.9,0.0,0.0,80,0.0,0.0,0.0,1.0
400143,0,1,3400,-62,62,-169,13,11,0.66,121024.000000,0,2.1,8.9,0.0,92320.000000,63,0.0,0.0,0.0,1.0
400392,0,1,3400,-62,62,-168,17,11,1.0,98709.164062,0,2.1,0.0,0.0,0.0,0.0,0.0,0.0,0.0,1.0
400641,0,1,3400,-62,62,-164,20,11,1.0,113696.000000,0,2.1,0.0,0.0,0.0,80,0.0,0.0,0.0,1.0
400890,0,1,3400,-62,62,-164,12,11,0.68,123760.953125,0,2.1,0.0,0.0,0.0,0.0,0.0,0.0,0.0,1.0
401139,0,1,3400,-62,62,-172,16,11,0.88,87904.000000,0,2.1,0.19,0.0,5536.000000,25,0.0,0.0,0.0,1.0
401388,0,1,3400,-62,62,-173,5.7,11,0.50,134247.015625,0,2.1,2.6,0.0,17434.263672,61,0.0,0.0,0.0,1.0
401637,0,1,3400,-62,62,-172,5.4,11,0.50,79712.000000,0,2.1,0.0,0.0,0.0,0.0,0.0,0.0,0.0,1.0
401886,0,1,3400,-62,62,-159,8.7,11,0.56,160127.484375,0,2.1,0.0,0.0,0.0,80,0.0,0.0,0.0,1.0
402135,0,1,3400,-62,62,-164,5.2,11,0.50,122784.000000,0,2.1,2.8,0.0,228608.000000,62,0.0,0.0,0.0,1.0
402384,0,1,3400,-62,62,-165,4.7,11,0.50,69290.835938,0,2.1,16,0.0,60812.750000,0,0.0,0.0,0.0,1.0
402633,0,1,3400,-62,62,-169,13,11,0.94,92160.000000,0,2.1,12,0.0,5536.000000,57,0.0,0.0,0.0,1.0
402882,0,1,3400,-62,62,-171,13,11,0.67,128733.070312,0,2.1,0.24,0.0,0.0,0,0.0,0.0,0.0,1.0
403131,0,1,3400,-62,62,-169,7.2,11,0.50,142080.000000,0,2.1,7.6,0.0,34112.000000,0,0.0,0.0,0.0,1.0
403380,0,1,3400,-62,62,-168,16,11,0.87,110656.000000,0,2.1,14,0.0,6432.000000,0,0.0,0.0,0.0,1.0
403629,0,1,3400,-62,62,-172,4.7,11,0.50,101577.687500,0,2.1,14,0.0,0.0,0.0,0.0,0.0,0.0,1.0
403878,0,1,3400,-62,62,-167,4.9,11,0.50,90944.000000,0,2.1,12,0.0,5536.000000,57,0.0,0.0,0.0,1.0
404127,0,1,3400,-62,62,-167,4.6,11,0.50,95107.570312,0,2.1,4.6,0.0,6406.374512,55,0.0,0.0,0.0,1.0
404376,0,1,3400,-62,62,-172,5.6,11,0.50,128992.000000,0,2.1,0.0,0.0,0.0,0.0,0.0,0.0,0.0,1.0
404625,0,1,3400,-62,62,-171,7.2,11,0.56,112127.492188,0,2.1,0.0,0.0,5513.944336,0,0.0,0.0,0.0,1.0
404874,0,1,3400,-62,62,-167,17,11,0.95,127648.000000,0,2.1,0.0,0.0,0.0,0.0,0.0,0.0,0.0,1.0
405123,0,1,3400,-62,62,-161,7.7,11,0.53,167713.140625,0,2.1,2.1,0.0,23936.255859,36,0.0,0.0,0.0,1.0
405372,0,1,3400,-62,62,-167,12,11,0.71,153984.000000,0,2.1,0.0,0.0,0.0,0.0,0.0,0.0,0.0,1.0
405621,0,1,3400,-62,62,-165,19,11,0.90,108462.148438,0,2.1,0.064,0.0,0.0,80,0.0,0.0,0.0,1.0
405870,0,1,3400,-62,62,-166,21,11,1.1,82432.000000,0,2.1,0.0,0.0,3488.000000,0,0.0,0.0,0.0,1.0
406119,0,1,3400,-62,62,-166,7.4,11,0.52,140685.265625,0,2.1,4.1,0.0,23394.421875,56,0.0,0.0,0.0,1.0
406368,0,1,3400,-62,62,-169,9.6,10,0.69,126432.000000,0,2.1,6.2,0.0,13696.000000,69,0.0,0.0,0.0,1.0
406617,0,1,3400,-62,62,-175,6.1,11,0.50,120031.875000,0,2.1,6.2,0.0,16478.087891,0,0.0,0.0,0.0,1.0
406866,0,1,3400,-62,62,-171,12,11,0.73,108512.000000,0,2.1,7.5,0.0,5536.000000,62,0.0,0.0,0.0,1.0
407115,0,1,3400,-62,62,-174,18,11,0.93,119139.445312,0,2.1,7.9,0.0,22501.992188,40,0.0,0.0,0.0,1.0
407364,0,1,3400,-62,62,-172,11,11,0.78,99808.000000,0,2.1,1.3,0.0,6848.000000,73,0.0,0.0,0.0,1.0
407613,0,1,3400,-62,62,-169,5.9,11,0.50,80828.687500,0,2.1,0.0,0.0,0.0,0.0,0.0,0.0,0.0,1.0
407862,0,1,3400,-62,62,-170,5.4,11,0.50,136480.000000,0,2.1,0.0,0.0,0.0,80,0.0,0.0,0.0,1.0
408111,0,1,3400,-62,62,-168,2.4,11,0.50,159872.515625,0,2.1,0.0,20,0.0,80,0.0,0.0,0.0,1.0
408360,0,1,3400,-62,62,-167,11,11,0.61,136000.000000,2,2.1,0.22,0.0,5536.000000,40,0.0,0.0,0.0,1.0
408609,0,1,3400,-62,62,-171,6.1,11,0.53,181504.000000,0,2.1,9.0,0.0,4480.000000,62,0.0,0.0,0.0,1.0
408858,0,1,3400,-62,62,-168,7.5,11,0.55,116844.625000,0,2.1,11,0.0,4462.151367,62,0.0,0.0,0.0,1.0
409107,0,1,3400,-62,62,-168,4.7,11,0.50,110304.000000,0,2.1,7.2,0.0,4512.000000,62,0.0,0.0,0.0,1.0
409356,0,1,3400,-62,62,-172,5.5,11,0.50,117386.453125,0,2.1,0.0,0.0,0.0,0.0,0.0,0.0,0.0,1.0
409605,0,1,3400,-62,62,-168,4.9,11,0.50,127808.000000,0,2.1,0.0,0.0,5536.000000,57,0.0,0.0,0.0,1.0
409854,0,1,3400,-62,62,-168,4.4,11,0.50,104000.000000,0,2.1,0.0,0.0,0.0,0.0,0.0,0.0,0.0,1.0
410103,0,1,3400,-62,62,-172,5.8,11,0.50,100608.000000,0,2.1,5.5,0.0,57632.000000,27,0.0,0.0,0.0,1.0
410352,0,1,3400,-62,62,-175,4.9,11,0.50,134151.390625,0,2.1,0.0,0.0,5513.944336,0,0.0,0.0,0.0,1.0
410601,0,1,3400,-62,62,-169,5.3,11,0.50,138624.000000,0,2.1,7.1,0.0,0.0,80,0.0,0.0,0.0,1.0
410850,0,1,3400,-62,62,-167,10,11,0.50,120605.578125,0,2.1,7.5,0.0,0.0,80,0.0,0.0,0.0,1.0
411099,0,1,3400,-62,62,-167,19,11,0.89,129632.000000,0,2.1,3.4,0.0,11968.000000,53,0.0,0.0,0.0,1.0
411348,0,1,3400,-62,62,-167,9.9,11,0.67,121243.031250,0,2.1,1.1,0.0,11952.191406,50,0.0,0.0,0.0,1.0
411597,0,1,3400,-62,62,-170,19,11,1.2,82784.000000,6,2.1,0.064,0.0,0.0,0.0,0.0,0.0,0.0,1.0
411846,0,1,3400,-62,62,-168,21,11,1.2,129402.390625,0,2.1,0.0,0.0,0.0,0,0.0,0.0,0.0,1.0
412095,0,1,3400,-62,62,-174,13,11,0.80,124192.000000,0,2.1,2.1,0.0,24928.000000,38,0.0,0.0,0.0,1.0
412344,0,1,3400,-62,62,-172,20,11,1.2,114007.968750,0,2.1,0.0,0.0,6948.207031,33,0.0,0.0,0.0,1.0
412593,0,1,3400,-62,62,-168,13,11,0.79,112192.000000,0,2.1,4.7,0.0,17056.000000,0,0.0,0.0,0.0,1.0
412842,0,1,3400,-62,62,-170,4.2,11,0.50,82549.804688,0,2.1,12,0.0,20462.152344,40,0.0,0.0,0.0,1.0
413091,0,1,3400,-62,62,-168,5.5,11,0.50,161952.000000,0,2.1,14,20,0.0,86,0.0,0.0,0.0,1.0
413340,0,1,3400,-62,62,-171,9.1,11,0.68,99123.507812,0,2.1,1.9,0.0,829,50,0.0,0.0,0.0,1.0
413589,0,1,3400,-62,62,-169,16,11,0.81,89472.000000,0,2.1,7.4,0.0,20544.000000,0,0.0,0.0,0.0,1.0
413838,0,1,3400,-62,62,-163,14,11,0.62,123665.335938,0,2.1,9.0,0.0,0.0,80,0.0,0.0,0.0,1.0
414087,0,1,3400,-62,62,-169,14,11,0.77,152864.000000,0,2.1,8.7,20,0.0,80,0.0,0.0,0.0,1.0
414336,0,1,3400,-62,62,-164,4.1,11,0.52,139872.000000,0,2.1,5.1,0.0,7328.000000,58,0.0,0.0,0.0,1.0
414585,0,1,3400,-62,62,-168,6.7,11,0.50,142597.609375,0,2.1,12,0.0,4079.681396,62,0.0,0.0,0.0,1.0
414834,0,1,3400,-62,62,-170,9.0,11,0.50,159616.000000,0,2.1,0.55,0.0,2688.000000,40,0.0,0.0,0.0,1.0
415083,0,1,3400,-62,62,-163,7.1,11,0.50,101003.984375,0,2.1,0.67,0.0,22501.992188,0,0.0,0.0,0.0,1.0
415332,0,1,3400,-62,62,-162,18,11,0.96,116000.000000,0,2.1,13,0.0,6432.000000,70,0.0,0.0,0.0,1.0
415581,0,1,3400,-62,62,-170,8.8,11,0.60,142374.500000,0,2.1,4.1,0.0,5513.944336,62,0.0,0.0,0.0,1.0
415830,0,1,3400,-62,62,-171,10,11,0.61,172896.000000,0,2.1,6.2,0.0,34112.000000,0,0.0,0.0,0.0,1.0
416079,0,1,3400,-62,62,-171,8.5,11,0.51,116207.171875,0,2.1,8.2,0.0,50964.144531,41,0.0,0.0,0.0,1.0
416328,0,1,3400,-62,62,-168,11,11,0.73,99360.000000,0,2.1,0.36,0.0,832,88,0.0,0.0,0.0,1.0
416577,0,1,3400,-62,62,-168,14,11,0.71,137529.875000,0,2.1,5.9,0.0,16988.046875,0,0.0,0.0,0.0,1.0
416826,0,1,3400,-62,62,-163,13,11,0.68,106240.000000,0,2.1,7.5,0.0,17056.000000,67,0.0,0.0,0.0,1.0
417075,0,1,3400,-62,62,-168,14,11,0.73,155155.375000,0,2.1,1.4,0.0,3474.103516,25,0.0,0.0,0.0,1.0
417324,0,1,3400,-62,62,-168,9.7,11,0.52,87392.000000,0,2.1,14,0.0,40544.000000,0,0.0,0.0,0.0,1.0
417573,0,1,3400,-62,62,-173,16,11,0.80,64127.488281,0,2.1,13,0.0,5513.944336,67,0.0,0.0,0.0,1.0
417822,0,1,3400,-62,62,-173,5.4,11,0.50,115840.000000,0,2.1,7.5,0.0,3488.000000,57,0.0,0.0,0.0,1.0
418071,0,1,3400,-62,62,-170,8.4,11,0.54,164908.359375,0,2.1,8.0,40,0.0,50,0.0,0.0,0.0,1.0
418320,0,1,3400,-62,62,-164,11,11,0.57,112896.000000,0,2.1,16,40,0.0,100.000000,0.0,0.0,0.0,1.0
418569,0,1,3400,-62,62,-167,9.4,11,0.54,157737.046875,0,2.1,11,0.0,10199.203125,54,0.0,0.0,0.0,1.0
418818,0,1,3400,-62,62,-170,18,11,0.89,136192.000000,0,2.1,12,0.0,6272.000000,67,0.0,0.0,0.0,1.0
419067,0,1,3400,-62,62,-177,5.1,11,0.50,126151.390625,0,2.1,9.1,0.0,12812.749023,60,0.0,0.0,0.0,1.0
419316,0,1,3400,-62,62,-172,14,11,0.81,76288.000000,0,2.1,0.0,0.0,1568.000000,50,0.0,0.0,0.0,1.0
419565,0,1,3400,-62,62,-177,12,11,0.69,144892.437500,0,2.1,0.0,0.0,0.0,0.0,0.0,0.0,0.0,1.0
419814,0,1,3400,-62,62,-172,5.5,11,0.50,121248.000000,0,2.1,0.0,0.0,3488.000000,0,0.0,0.0,0.0,1.0
420063,0,1,3400,-62,62,-168,6.5,10,0.50,161312.000000,0,2.1,0.0,186,0.0,0.0,0.0,0.0,0.0,1.0
420312,0,1,3400,-62,62,-168,8.7,11,0.50,139442.234375,0,2.1,12,0.0,40382.468750,0,0.0,0.0,0.0,1.0
420561,0,1,3400,-62,62,-173,13,11,0.70,111168.000000,0,2.1,14,0.0,0.0,80,0.0,0.0,0.0,1.0
420810,0,1,3400,-62,62,-172,5.8,11,0.51,176637.453125,0,2.1,11,0.0,5513.944336,0,0.0,0.0,0.0,1.0
421059,0,1,3400,-62,62,-164,5.4,11,0.50,71712.000000,0,2.1,11,20,34112.000000,57,0.0,0.0,0.0,1.0
421308,0,1,3400,-62,62,-168,7.4,11,0.53,128318.726562,0,2.1,7.5,20,0.0,0.0,0.0,0.0,0.0,1.0
421557,0,1,3400,-62,62,-168,18,11,0.92,89280.000000,0,2.1,4.0,0.0,8032.000000,59,0.0,0.0,0.0,1.0
421806,0,1,3400,-62,62,-168,4.0,11,0.50,149195.218750,0,2.1,12,0.0,4462.151367,62,0.0,0.0,0.0,1.0
422055,0,1,3400,-62,62,-171,15,11,0.78,121152.000000,0,2.1,9.8,0.0,8608.000000,66,0.0,0.0,0.0,1.0
422304,0,1,3400,-62,62,-169,19,11,0.91,129752.984375,0,2.1,0.22,0.0,21322.708984,54,0.0,0.0,0.0,1.0
422553,0,1,3400,-62,62,-170,9.3,11,0.55,109696.000000,0,2.1,0.0,0.0,0.0,0.0,0.0,0.0,0.0,1.0
422802,0,1,3400,-62,62,-169,6.4,11,0.57,148653.390625,0,2.1,0.24,0.0,3474.103516,50,0.0,0.0,0.0,1.0
423051,0,1,3400,-62,62,-163,6.5,11,0.55,166464.000000,0,2.1,7.8,0.0,59936.000000,29,0.0,0.0,0.0,1.0
423300,0,1,3400,-62,62,-167,13,11,0.86,150438.250000,0,2.1,0.0,0.0,4366.533691,0,0.0,0.0,0.0,1.0
423549,0,1,3400,-62,62,-166,9.7,11,0.51,133920.000000,0,2.1,0.0,0.0,0.0,80,0.0,0.0,0.0,1.0
423798,0,1,3400,-62,62,-166,5.8,11,0.50,144414.343750,0,2.1,6.2,0.0,22501.992188,0,0.0,0.0,0.0,1.0
424047,0,1,3400,-62,62,-171,5.4,11,0.50,135840.000000,0,2.1,9.2,0.0,17056.000000,57,0.0,0.0,0.0,1.0
424296,0,1,3400,-62,62,-172,12,11,0.70,154645.421875,0,2.1,12,0.0,3474.103516,0,0.0,0.0,0.0,1.0
424545,0,1,3400,-62,62,-172,17,11,0.92,135936.000000,0,2.1,11,0.0,0.0,80,0.0,0.0,0.0,1.0
424794,0,1,3400,-62,62,-166,8.2,11,0.51,106528.000000,0,2.1,15,0.0,0.0,0.0,0.0,0.0,0.0,1.0
425043,0,1,3400,-62,62,-163,13,11,0.55,111681.273438,0,2.1,10,0.0,231043.828125,62,0.0,0.0,0.0,1.0
425292,0,1,3400,-62,62,-161,11,11,0.55,151552.000000,0,2.1,16,0.0,0.0,0.0,0.0,0.0,0.0,1.0
425541,0,1,3400,-62,62,-169,19,11,0.96,123569.718750,0,2.1,16,0.0,0.0,0.0,0.0,0.0,0.0,1.0
425790,0,1,3400,-62,62,-169,13,11,0.67,106272.000000,0,2.1,16,0.0,0.0,0.0,0.0,0.0,0.0,1.0
426039,0,1,3400,-62,62,-172,5.7,11,0.50,122390.437500,0,2.1,14,0.0,25689.242188,55,0.0,0.0,0.0,1.0
426288,0,1,3400,-62,62,-170,7.1,11,0.55,67936.000000,0,2.1,3.2,0.0,22592.000000,0,0.0,0.0,0.0,1.0
426537,0,1,3400,-62,62,-170,6.3,11,0.50,129880.476562,0,2.1,7.5,0.0,16988.046875,0,0.0,0.0,0.0,1.0
426786,0,1,3400,-62,62,-171,8.2,11,0.56,124256.000000,0,2.1,7.5,0.0,34112.000000,0,0.0,0.0,0.0,1.0
427035,0,1,3400,-62,62,-170,4.5,11,0.50,132111.546875,0,2.1,8.0,0.0,16988.046875,40,0.0,0.0,0.0,1.0
427284,0,1,3400,-62,62,-172,7.0,11,0.61,104928.000000,0,2.1,15,0.0,0.0,100.000000,0.0,0.0,0.0,1.0
427533,0,1,3400,-62,62,-167,12,11,0.71,130231.078125,0,2.1,9.1,0.0,5513.944336,0,0.0,0.0,0.0,1.0
427782,0,1,3400,-62,62,-167,7.4,11,0.51,107520.000000,0,2.1,14,0.0,34112.000000,0,0.0,0.0,0.0,1.0
428031,0,1,3400,-62,62,-173,9.5,11,0.50,120605.578125,0,2.1,14,0.0,22501.992188,36,0.0,0.0,0.0,1.0
428280,0,1,3400,-62,62,-168,6.0,11,0.50,135712.000000,0,2.1,0.0,0.0,6976.000000,0,0.0,0.0,0.0,1.0
428529,0,1,3400,-62,62,-168,8.3,11,0.57,109195.218750,0,2.1,0.0,0.0,0.0,80,0.0,0.0,0.0,1.0
428778,0,1,3400,-62,62,-167,5.7,11,0.50,88576.000000,0,2.1,0.0,0.0,0.0,0.0,0.0,0.0,0.0,1.0
429027,0,1,3400,-62,62,-175,6.3,11,0.50,114103.585938,0,2.1,1.5,0.0,60908.367188,65,0.0,0.0,0.0,1.0
429276,0,1,3400,-62,62,-169,11,11,0.60,74880.000000,0,2.1,0.0,0.0,5536.000000,88,0.0,0.0,0.0,1.0
429525,0,1,3400,-62,62,-167,5.3,11,0.51,153402.390625,0,2.1,0.0,0.0,0.0,0.0,0.0,0.0,0.0,1.0
429774,0,1,3400,-62,62,-165,8.2,11,0.50,147840.000000,0,2.1,0.0,0.0,0.0,0.0,0.0,0.0,0.0,1.0
430023,0,1,3400,-62,62,-168,8.6,11,0.50,165609.562500,0,2.1,0.0,20,0.0,75,0.0,0.0,0.0,1.0
430272,0,1,3400,-62,62,-169,7.9,11,0.51,94368.000000,0,2.1,1.3,0.0,6432.000000,68,0.0,0.0,0.0,1.0
430521,0,1,3400,-62,62,-169,9.6,11,0.51,112704.000000,0,2.1,11,0.0,3584.000000,65,0.0,0.0,0.0,1.0
430770,0,1,3400,-62,62,-165,9.8,11,0.62,107920.320312,0,2.1,12,0.0,4462.151367,62,0.0,0.0,0.0,1.0
431019,0,1,3400,-62,62,-162,20,11,1.0,161504.000000,0,2.1,8.5,0.0,9568.000000,66,0.0,0.0,0.0,1.0
431268,0,1,3400,-62,62,-169,5.5,11,0.54,139346.609375,0,2.1,1.7,0.0,18741.035156,43,0.0,0.0,0.0,1.0
431517,0,1,3400,-62,62,-165,12,11,0.68,110112.000000,0,2.1,5.8,0.0,17056.000000,57,0.0,0.0,0.0,1.0
431766,0,1,3400,-62,62,-168,9.7,11,0.59,151745.015625,0,2.1,15,0.0,16988.046875,0,0.0,0.0,0.0,1.0
432015,0,1,3400,-62,62,-171,6.9,11,0.55,129440.000000,0,2.1,14,0.0,3488.000000,50,0.0,0.0,0.0,1.0
432264,0,1,3400,-62,62,-170,10,11,0.65,107697.210938,0,2.1,6.5,0.0,14884.461914,33,0.0,0.0,0.0,1.0
432513,0,1,3400,-62,62,-166,4.9,11,0.50,136416.000000,0,2.1,10,0.0,17056.000000,0,0.0,0.0,0.0,1.0
432762,0,1,3400,-62,62,-170,7.4,11,0.50,138231.078125,0,2.1,13,0.0,22501.992188,40,0.0,0.0,0.0,1.0
433011,0,1,3400,-62,62,-165,5.4,11,0.50,101984.000000,0,2.1,15,0.0,51168.000000,36,0.0,0.0,0.0,1.0
433260,0,1,3400,-62,62,-171,7.4,11,0.50,140079.687500,0,2.1,14,0.0,6406.374512,0,0.0,0.0,0.0,1.0
433509,0,1,3400,-62,62,-174,18,11,0.83,110336.000000,0,2.1,13,0.0,0.0,0.0,0.0,0.0,0.0,1.0
433758,0,1,3400,-62,62,-169,11,11,0.75,144254.984375,0,2.1,15,0.0,0.0,80,0.0,0.0,0.0,1.0
434007,0,1,3400,-62,62,-164,7.1,11,0.50,123264.000000,0,2.1,15,0.0,51168.000000,12,0.0,0.0,0.0,1.0
434256,0,1,3400,-62,62,-167,3.6,11,0.50,132749.000000,0,2.1,15,0.0,33976.093750,43,0.0,0.0,0.0,1.0
434505,0,1,3400,-62,62,-167,12,11,0.65,131936.000000,0,2.1,15,0.0,17056.000000,0,0.0,0.0,0.0,1.0
434754,0,1,3400,-62,62,-167,5.2,11,0.50,112350.593750,0,2.1,15,0.0,16988.046875,0,0.0,0.0,0.0,1.0
435003,0,1,3400,-62,62,-168,13,11,0.50,95168.000000,0,2.1,15,0.0,17056.000000,25,0.0,0.0,0.0,1.0
435252,0,1,3400,-62,62,-170,8.3,11,0.60,151648.000000,0,2.1,14,0.0,23488.000000,0,0.0,0.0,0.0,1.0
435501,0,1,3400,-62,62,-165,11,11,0.61,133450.203125,0,2.1,14,0.0,0.0,80,0.0,0.0,0.0,1.0
435750,0,1,3400,-62,62,-162,6.0,11,0.53,138336.000000,0,2.1,13,0.0,0.0,0.0,0.0,0.0,0.0,1.0
435999,0,1,3400,-62,62,-171,6.8,11,0.50,139378.484375,0,2.1,8.1,0.0,5513.944336,67,0.0,0.0,0.0,1.0
436248,0,1,3400,-62,62,-170,7.2,11,0.57,128064.000000,0,2.1,7.5,0.0,0.0,0.0,0.0,0.0,0.0,1.0
436497,0,1,3400,-62,62,-170,5.3,11,0.50,96669.320312,0,2.1,7.5,0.0,5513.944336,0,0.0,0.0,0.0,1.0
436746,0,1,3400,-62,62,-173,4.8,11,0.50,152768.000000,0,2.1,13,0.0,0.0,80,0.0,0.0,0.0,1.0
436995,0,1,3400,-62,62,-168,12,11,0.77,146613.546875,0,2.1,15,20,0.0,67,0.0,0.0,0.0,1.0
437244,0,1,3400,-62,62,-172,12,11,0.71,178112.000000,0,2.1,7.5,20,0.0,100.000000,0.0,0.0,0.0,1.0
437493,0,1,3400,-62,62,-168,10.0,11,0.68,98613.546875,0,2.1,5.8,0.0,10868.526367,54,0.0,0.0,0.0,1.0
437742,0,1,3400,-62,62,-169,10,11,0.54,141184.000000,0,2.1,0.0,0.0,3488.000000,0,0.0,0.0,0.0,1.0
437991,0,1,3400,-62,62,-166,3.6,11,0.50,137306.765625,0,2.1,5.3,20,16988.046875,67,0.0,0.0,0.0,1.0
438240,0,1,3400,-62,62,-167,5.4,11,0.50,159328.000000,0,2.1,7.5,0.0,0.0,80,0.0,0.0,0.0,1.0
438489,0,1,3400,-62,62,-168,14,11,0.71,97115.539062,0,2.1,7.5,0.0,0.0,80,0.0,0.0,0.0,1.0
438738,0,1,3400,-62,62,-167,14,11,0.82,134720.000000,0,2.1,7.5,0.0,0.0,0.0,0.0,0.0,0.0,1.0
438987,0,1,3400,-62,62,-167,14,11,0.77,48191.234375,0,2.1,6.6,0.0,10422.310547,36,0.0,0.0,0.0,1.0
439236,0,1,3400,-62,62,-165,12,11,0.68,126112.000000,0,2.1,0.0,0.0,0.0,80,0.0,0.0,0.0,1.0
439485,0,1,3400,-62,62,-163,19,11,0.95,105280.000000,0,2.1,0.0,0.0,3488.000000,57,0.0,0.0,0.0,1.0
439734,0,1,3400,-62,62,-166,12,11,0.58,100844.625000,0,2.1,5.0,0.0,33976.093750,0,0.0,0.0,0.0,1.0
439983,0,1,3400,-62,62,-164,4.0,11,0.50,133824.000000,0,2.1,9.2,0.0,0.0,80,0.0,0.0,0.0,1.0
440232,0,1,3400,-62,62,-165,4.1,11,0.50,162199.203125,0,2.1,15,0.0,0.0,0.0,0.0,0.0,0.0,1.0
440481,0,1,3400,-62,62,-166,16,11,0.77,129888.000000,0,2.1,12,0.0,0.0,80,0.0,0.0,0.0,1.0
440730,0,1,3400,-62,62,-167,19,11,1.0,113625.500000,0,2.1,3.9,0.0,3474.103516,0,0.0,0.0,0.0,1.0
440979,0,1,3400,-62,62,-169,18,11,1.1,141664.000000,3,2.1,9.2,0.0,17056.000000,67,0.0,0.0,0.0,1.0
441228,0,1,3400,-62,62,-170,13,11,0.66,105752.984375,0,2.1,13,0.0,0.0,80,0.0,0.0,0.0,1.0
441477,0,1,3400,-62,62,-172,12,11,0.72,150432.000000,0,2.1,7.5,0.0,3488.000000,0,0.0,0.0,0.0,1.0
441726,0,1,3400,-62,62,-172,7.6,11,0.57,125768.921875,0,2.1,7.7,0.0,0.0,0,0.0,0.0,0.0,1.0
441975,0,1,3400,-62,62,-172,8.5,11,0.61,115104.000000,0,2.1,12,0.0,5536.000000,73,0.0,0.0,0.0,1.0
442224,0,1,3400,-62,62,-170,8.7,11,0.50,115442.234375,0,2.1,1.9,0.0,0.0,80,0.0,0.0,0.0,1.0
442473,0,1,3400,-62,62,-167,9.9,11,0.68,117184.000000,0,2.1,0.0,0.0,5536.000000,0,0.0,0.0,0.0,1.0
442722,0,1,3400,-62,62,-170,12,11,0.75,118406.375000,0,2.1,5.0,0.0,16988.046875,0,0.0,0.0,0.0,1.0
442971,0,1,3400,-62,62,-167,16,11,0.80,88736.000000,0,2.1,7.9,0.0,18368.000000,42,0.0,0.0,0.0,1.0
443220,0,1,3400,-62,62,-166,8.9,11,0.53,92175.296875,0,2.1,3.5,0.0,892,75,0.0,0.0,0.0,1.0
443469,0,1,3400,-62,62,-169,4.9,11,0.50,59552.000000,0,2.1,0.73,0.0,0.0,80,0.0,0.0,0.0,1.0
443718,0,1,3400,-62,62,-170,6.1,11,0.50,107155.375000,0,2.1,0.0,0.0,0.0,0.0,0.0,0.0,0.0,1.0
443967,0,1,3400,-62,62,-173,8.6,11,0.50,118336.000000,0,2.1,0.24,0.0,3488.000000,25,0.0,0.0,0.0,1.0
444216,0,1,3400,-62,62,-166,11,11,0.50,123027.890625,0,2.1,0.58,0.0,6948.207031,43,0.0,0.0,0.0,1.0
444465,0,1,3400,-62,62,-163,11,11,0.53,130880.000000,0,2.1,0.0,0.0,0.0,0.0,0.0,0.0,0.0,1.0
444714,0,1,3400,-62,62,-169,9.9,11,0.56,159648.000000,0,2.1,0.0,0.0,0.0,0.0,0.0,0.0,0.0,1.0
444963,0,1,3400,-62,62,-167,13,11,0.61,127713.148438,0,2.1,0.46,0.0,3091.633545,25,0.0,0.0,0.0,1.0
445212,0,1,3400,-62,62,-172,16,11,0.77,153120.000000,0,2.1,4.7,0.0,28928.000000,62,0.0,0.0,0.0,1.0
445461,0,1,3400,-62,62,-171,21,11,1.1,72191.234375,0,2.1,7.5,0.0,0.0,0.0,0.0,0.0,0.0,1.0
445710,0,1,3400,-62,62,-166,8.2,11,0.58,80000.000000,0,2.1,8.9,0.0,3488.000000,50,0.0,0.0,0.0,1.0
445959,0,1,3400,-62,62,-168,8.0,11,0.54,142756.968750,0,2.1,15,0.0,5513.944336,57,0.0,0.0,0.0,1.0
446208,0,1,3400,-62,62,-165,7.8,11,0.57,163360.000000,0,2.1,13,0.0,27104.000000,0,0.0,0.0,0.0,1.0
446457,0,1,3400,-62,62,-169,16,11,0.80,146294.828125,0,2.1,14,0.0,0.0,0.0,0.0,0.0,0.0,1.0
446706,0,1,3400,-62,62,-164,19,11,1.1,73184.000000,7,2.1,14,0.0,17056.000000,57,0.0,0.0,0.0,1.0
446955,0,1,3400,-62,62,-170,21,11,1.1,82103.585938,0,2.1,13,0.0,11920.318359,40,0.0,0.0,0.0,1.0
447204,0,1,3400,-62,62,-170,13,11,0.81,69824.000000,0,2.1,12,0.0,49728.000000,50,0.0,0.0,0.0,1.0
447453,0,1,3400,-62,62,-162,8.6,11,0.53,132015.937500,0,2.1,7.5,0.0,33976.093750,0,0.0,0.0,0.0,1.0
447702,0,1,3400,-62,62,-167,9.6,11,0.50,131552.000000,0,2.1,7.5,0.0,17056.000000,0,0.0,0.0,0.0,1.0
447951,0,1,3400,-62,62,-171,13,11,0.50,103617.531250,0,2.1,7.9,0.0,7968.127441,42,0.0,0.0,0.0,1.0
448200,0,1,3400,-62,62,-167,16,11,0.76,142944.000000,0,2.1,0.0,0.0,6976.000000,0,0.0,0.0,0.0,1.0
448449,0,1,3400,-62,62,-166,20,11,1.0,155760.953125,0,2.1,1.1,0.0,16988.046875,0,0.0,0.0,0.0,1.0
448698,0,1,3400,-62,62,-170,21,11,1.1,113344.000000,0,2.1,9.9,0.0,0.0,80,0.0,0.0,0.0,1.0
448947,0,1,3400,-62,62,-171,11,11,0.77,90454.179688,0,2.1,6.6,0.0,12207.170898,36,0.0,0.0,0.0,1.0
449196,0,1,3400,-62,62,-168,11,11,0.65,102400.000000,0,2.1,0.0,0.0,4384.000000,50,0.0,0.0,0.0,1.0
449445,0,1,3400,-62,62,-169,11,11,0.61,123168.000000,0,2.1,0.064,0.0,0.0,0.0,0.0,0.0,0.0,1.0
449694,0,1,3400,-62,62,-165,8.2,11,0.50,124717.132812,0,2.1,0.0,0.0,0.0,80,0.0,0.0,0.0,1.0
449943,0,1,3400,-62,62,-165,7.5,11,0.50,146368.000000,0,2.1,2.8,0.0,263936.000000,56,0.0,0.0,0.0,1.0
450192,0,1,3400,-62,62,-170,7.3,11,0.50,106231.078125,0,2.1,16,0.0,0.0,0.0,0.0,0.0,0.0,1.0
450441,0,1,3400,-62,62,-178,12,11,0.53,170464.000000,0,2.1,16,0.0,0.0,0.0,0.0,0.0,0.0,1.0
450690,0,1,3400,-62,62,-175,6.2,11,0.55,174183.265625,0,2.1,14,0.0,22501.992188,40,0.0,0.0,0.0,1.0
450939,0,1,3400,-62,62,-168,6.6,11,0.57,119840.000000,0,2.1,15,0.0,40544.000000,0,0.0,0.0,0.0,1.0
451188,0,1,3400,-62,62,-165,18,11,0.90,113370.515625,0,2.1,14,0.0,0.0,0.0,0.0,0.0,0.0,1.0
451437,0,1,3400,-62,62,-164,21,11,1.1,92736.000000,0,2.1,14,0.0,0.0,80,0.0,0.0,0.0,1.0
451686,0,1,3400,-62,62,-170,11,11,0.64,114071.710938,0,2.1,14,0.0,0.0,0.0,0.0,0.0,0.0,1.0
451935,0,1,3400,-62,62,-175,9.0,11,0.50,122240.000000,0,2.1,12,0.0,9920.000000,42,0.0,0.0,0.0,1.0
452184,0,1,3400,-62,62,-169,7.0,11,0.74,68334.664062,2,2.1,4.4,0.0,9498.007812,50,0.0,0.0,0.0,1.0
452433,0,1,3400,-62,62,-170,5.1,11,0.50,174528.000000,0,2.1,4.3,0.0,3104.000000,33,0.0,0.0,0.0,1.0
452682,0,1,3400,-62,62,-174,6.5,11,0.50,68462.148438,0,2.1,4.6,0.0,0.0,0,0.0,0.0,0.0,1.0
452931,0,1,3400,-62,62,-171,10,11,0.68,92960.000000,0,2.1,7.3,0.0,11968.000000,57,0.0,0.0,0.0,1.0
453180,0,1,3400,-62,62,-165,12,11,0.70,110916.335938,0,2.1,6.6,0.0,6948.207031,50,0.0,0.0,0.0,1.0
453429,0,1,3400,-62,62,-169,5.5,11,0.50,130784.000000,0,2.1,6.1,0.0,0.0,0.0,0.0,0.0,0.0,1.0
453678,0,1,3400,-62,62,-168,5.5,11,0.50,153657.375000,0,2.1,6.0,0.0,0.0,0.0,0.0,0.0,0.0,1.0
453927,0,1,3400,-62,62,-168,5.5,11,0.50,127456.000000,0,2.1,6.3,0.0,0.0,80,0.0,0.0,0.0,1.0
454176,0,1,3400,-62,62,-163,7.4,11,0.50,170390.437500,0,2.1,7.5,0.0,0.0,0.0,0.0,0.0,0.0,1.0
454425,0,1,3400,-62,62,-166,9.4,11,0.57,126528.000000,0,2.1,7.5,0.0,0.0,0.0,0.0,0.0,0.0,1.0
454674,0,1,3400,-62,62,-166,9.8,11,0.50,118119.523438,0,2.1,0.060,0.0,5513.944336,0,0.0,0.0,0.0,1.0
454923,0,1,3400,-62,62,-168,14,11,0.77,118912.000000,0,2.1,6.4,0.0,126432.000000,58,0.0,0.0,0.0,1.0
455172,0,1,3400,-62,62,-170,6.9,11,0.55,132557.765625,0,2.1,16,0.0,0.0,0.0,0.0,0.0,0.0,1.0
455421,0,1,3400,-62,62,-167,6.3,11,0.50,154880.000000,0,2.1,16,0.0,17056.000000,57,0.0,0.0,0.0,1.0
455670,0,1,3400,-62,62,-169,8.8,11,0.50,108000.000000,0,2.1,16,0.0,0.0,0.0,0.0,0.0,0.0,1.0
455919,0,1,3400,-62,62,-170,4.8,11,0.53,138581.671875,0,2.1,13,0.0,9880.478516,42,0.0,0.0,0.0,1.0
456168,0,1,3400,-62,62,-173,14,11,0.81,120384.000000,0,2.1,0.0,0.0,6976.000000,33,0.0,0.0,0.0,1.0
456417,0,1,3400,-62,62,-166,19,11,1.7,119043.828125,4,2.1,0.0,0.0,0.0,0.0,0.0,0.0,0.0,1.0
456666,0,1,3400,-62,62,-165,12,11,0.91,96864.000000,0,2.1,0.0,0.0,0.0,0.0,0.0,0.0,0.0,1.0
456915,0,1,3400,-62,62,-165,12,11,0.78,106772.906250,0,2.1,0.0,20,0.0,80,0.0,0.0,0.0,1.0
457164,0,1,3400,-62,62,-171,18,11,0.97,130624.000000,0,2.1,0.0,20,0.0,0.0,0.0,0.0,0.0,1.0
457413,0,1,3400,-62,62,-173,11,11,0.76,130549.804688,0,2.1,5.4,0.0,8191.234863,59,0.0,0.0,0.0,1.0
457662,0,1,3400,-62,62,-168,12,11,0.69,117952.000000,0,2.1,9.4,0.0,4480.000000,62,0.0,0.0,0.0,1.0
457911,0,1,3400,-62,62,-169,14,11,0.81,120478.085938,0,2.1,11,0.0,8573.705078,66,0.0,0.0,0.0,1.0
458160,0,1,3400,-62,62,-170,12,11,0.66,128128.000000,0,2.1,0.0,0.0,5760.000000,50,0.0,0.0,0.0,1.0
458409,0,1,3400,-62,62,-172,8.1,11,0.56,97370.515625,0,2.1,0.0,0.0,0.0,0.0,0.0,0.0,0.0,1.0
458658,0,1,3400,-62,62,-169,12,11,0.70,110432.000000,0,2.1,0.0,0.0,0.0,0.0,0.0,0.0,0.0,1.0
458907,0,1,3400,-62,62,-167,6.3,11,0.50,107665.335938,0,2.1,0.0,20,0.0,80,0.0,0.0,0.0,1.0
459156,0,1,3400,-62,62,-169,8.2,11,0.50,130368.000000,0,2.1,0.0,0.0,0.0,80,0.0,0.0,0.0,1.0
459405,0,1,3400,-62,62,-171,8.7,11,0.55,140430.281250,0,2.1,0.0,0.0,0.0,0.0,0.0,0.0,0.0,1.0
459654,0,1,3400,-62,62,-165,9.8,11,0.61,169280.000000,0,2.1,0.0,0.0,0.0,80,0.0,0.0,0.0,1.0
459903,0,1,3400,-62,62,-169,11,11,0.54,143904.000000,0,2.1,0.19,0.0,5536.000000,0,0.0,0.0,0.0,1.0
460152,0,1,3400,-62,62,-173,14,11,0.79,82103.585938,0,2.1,16,0.0,21960.160156,62,0.0,0.0,0.0,1.0
460401,0,1,3400,-62,62,-163,12,11,0.73,198183.265625,0,2.1,5.9,0.0,37960.160156,0,0.0,0.0,0.0,1.0
460650,0,1,3400,-62,62,-164,13,11,0.76,97696.000000,0,2.1,7.5,0.0,17056.000000,57,0.0,0.0,0.0,1.0
460899,0,1,3400,-62,62,-157,12,11,0.79,124128.000000,0,2.1,6.8,0.0,22592.000000,17,0.0,0.0,0.0,1.0
461148,0,1,3400,-62,62,-168,21,10,1.1,107760.953125,0,2.1,15,0.0,0.0,100.000000,0.0,0.0,0.0,1.0
461397,0,1,3400,-62,62,-170,21,11,1.1,108192.000000,0,2.1,15,0.0,0.0,0.0,0.0,0.0,0.0,1.0
461646,0,1,3400,-62,62,-171,14,11,0.78,106358.562500,0,2.1,15,0.0,0.0,0.0,0.0,0.0,0.0,1.0
461895,0,1,3400,-62,62,-168,6.3,11,0.50,63104.000000,0,2.1,14,0.0,9888.000000,0,0.0,0.0,0.0,1.0
462144,0,1,3400,-62,62,-168,4.1,11,0.50,97243.031250,0,2.1,12,0.0,0.0,80,0.0,0.0,0.0,1.0
462393,0,1,3400,-62,62,-173,10,11,0.56,135424.000000,0,2.1,16,0.0,0.0,0.0,0.0,0.0,0.0,1.0
462642,0,1,3400,-62,62,-165,15,11,0.69,151394.421875,0,2.1,9.5,0.0,22501.992188,0,0.0,0.0,0.0,1.0
462891,0,1,3400,-62,62,-166,5.7,11,0.56,146336.000000,0,2.1,16,186,0.0,0.0,0.0,0.0,0.0,1.0
463140,0,1,3400,-62,62,-165,5.4,11,0.50,106709.164062,0,2.1,14,0.0,40382.468750,0,0.0,0.0,0.0,1.0
463389,0,1,3400,-62,62,-170,12,11,0.77,180576.000000,0,2.1,14,0.0,17056.000000,57,0.0,0.0,0.0,1.0
463638,0,1,3400,-62,62,-168,19,11,1.0,108430.281250,0,2.1,14,0.0,0.0,0.0,0.0,0.0,0.0,1.0
463887,0,1,3400,-62,62,-169,14,11,0.77,135648.000000,0,2.1,12,0.0,5536.000000,55,0.0,0.0,0.0,1.0
464136,0,1,3400,-62,62,-167,6.4,11,0.50,153498.015625,0,2.1,15,0.0,1306.772949,80,0.0,0.0,0.0,1.0
464385,0,1,3400,-62,62,-165,13,11,0.75,54304.000000,0,2.1,15,0.0,0.0,0.0,0.0,0.0,0.0,1.0
464634,0,1,3400,-62,62,-169,10,11,0.68,132366.531250,0,2.1,15,0.0,0.0,0.0,0.0,0.0,0.0,1.0
464883,0,1,3400,-62,62,-172,6.1,11,0.50,150592.000000,0,2.1,15,118,0.0,50,0.0,0.0,0.0,1.0
465132,0,1,3400,-62,62,-167,8.9,11,0.50,139187.250000,0,2.1,12,0.0,14247.011719,57,0.0,0.0,0.0,1.0
465381,0,1,3400,-62,62,-170,8.1,11,0.50,120960.000000,0,2.1,9.5,0.0,8768.000000,70,0.0,0.0,0.0,1.0
465630,0,1,3400,-62,62,-174,7.9,11,0.50,109440.000000,0,2.1,3.7,0.0,0.0,80,0.0,0.0,0.0,1.0
465879,0,1,3400,-62,62,-173,8.8,11,0.54,96988.046875,0,2.1,0.0,20,0.0,75,0.0,0.0,0.0,1.0
466128,0,1,3400,-62,62,-167,9.3,11,0.71,114432.000000,0,2.1,5.1,0.0,8224.000000,61,0.0,0.0,0.0,1.0
466377,0,1,3400,-62,62,-169,21,11,1.2,114358.562500,0,2.1,9.6,0.0,4270.916504,62,0.0,0.0,0.0,1.0
466626,0,1,3400,-62,62,-171,5.6,11,0.50,178688.000000,0,2.1,7.5,0.0,19552.000000,40,0.0,0.0,0.0,1.0
466875,0,1,3400,-62,62,-166,6.0,11,0.50,175426.296875,0,2.1,13,20,0.0,89,0.0,0.0,0.0,1.0
467124,0,1,3400,-62,62,-163,5.2,11,0.50,120864.000000,0,2.1,7.5,20,0.0,0.0,0.0,0.0,0.0,1.0
467373,0,1,3400,-62,62,-171,6.4,11,0.58,103713.148438,0,2.1,3.8,0.0,6215.139648,0,0.0,0.0,0.0,1.0
467622,0,1,3400,-62,62,-171,8.6,11,0.57,114144.000000,0,2.1,8.0,0.0,34112.000000,0,0.0,0.0,0.0,1.0
467871,0,1,3400,-62,62,-165,12,11,0.56,108302.789062,0,2.1,10,0.0,42581.671875,44,0.0,0.0,0.0,1.0
468120,0,1,3400,-62,62,-169,8.8,11,0.55,113408.000000,0,2.1,16,0.0,149568.000000,72,0.0,0.0,0.0,1.0
468369,0,1,3400,-62,62,-171,6.5,11,0.50,123601.593750,0,2.1,16,0.0,0.0,0.0,0.0,0.0,0.0,1.0
468618,0,1,3400,-62,62,-167,9.0,11,0.63,104608.000000,0,2.1,16,0.0,0.0,0,0.0,0.0,0.0,1.0
468867,0,1,3400,-62,62,-162,20,11,1.0,139601.593750,0,2.1,8.0,20,0.0,83,0.0,0.0,0.0,1.0
469116,0,1,3400,-62,62,-168,17,11,0.88,86880.000000,0,2.1,5.1,0.0,8032.000000,50,0.0,0.0,0.0,1.0
469365,0,1,3400,-62,62,-169,7.2,11,0.50,150916.328125,0,2.1,0.0,0.0,3474.103516,57,0.0,0.0,0.0,1.0
469614,0,1,3400,-62,62,-170,9.5,11,0.66,113472.000000,0,2.1,7.6,0.0,5536.000000,67,0.0,0.0,0.0,1.0
469863,0,1,3400,-62,62,-165,18,11,0.93,108384.000000,4,2.1,11,0.0,5536.000000,40,0.0,0.0,0.0,1.0
470112,0,1,3400,-62,62,-170,15,11,0.90,120286.851562,0,2.1,7.5,0.0,0.0,100.000000,0.0,0.0,0.0,1.0
470361,0,1,3400,-62,62,-170,13,11,0.69,118629.484375,0,2.1,7.5,0.0,0.0,0.0,0.0,0.0,0.0,1.0
470610,0,1,3400,-62,62,-171,7.5,11,0.58,106048.000000,0,2.1,8.9,0.0,20544.000000,0,0.0,0.0,0.0,1.0
470859,0,1,3400,-62,62,-168,19,11,1.0,77568.000000,0,2.1,15,0.0,23488.000000,50,0.0,0.0,0.0,1.0
471108,0,1,3400,-62,62,-170,14,11,0.89,147219.125000,0,2.1,14,0.0,0.0,0.0,0.0,0.0,0.0,1.0
471357,0,1,3400,-62,62,-169,20,11,1.1,114048.000000,0,2.1,14,0.0,0.0,0.0,0.0,0.0,0.0,1.0
471606,0,1,3400,-62,62,-172,11,11,0.57,130836.656250,0,2.1,14,0.0,16988.046875,0,0.0,0.0,0.0,1.0
471855,0,1,3400,-62,62,-174,13,11,0.65,112032.000000,0,2.1,14,0.0,208704.000000,61,0.0,0.0,0.0,1.0
472104,0,1,3400,-62,62,-167,6.3,11,0.57,137147.406250,0,2.1,11,0.0,0.0,83,0.0,0.0,0.0,1.0
472353,0,1,3400,-62,62,-165,13,11,0.75,131808.000000,0,2.1,8.0,0.0,0.0,0.0,0.0,0.0,0.0,1.0
472602,0,1,3400,-62,62,-165,20,11,1.0,98103.585938,0,2.1,5.3,0.0,0.0,80,0.0,0.0,0.0,1.0
472851,0,1,3400,-62,62,-162,5.0,11,0.50,177120.000000,0,2.1,1.5,0.0,11968.000000,40,0.0,0.0,0.0,1.0
473100,0,1,3400,-62,62,-168,7.4,11,0.50,166055.781250,0,2.1,1.3,0.0,6820.717285,56,0.0,0.0,0.0,1.0
473349,0,1,3400,-62,62,-169,8.7,11,0.50,113088.000000,0,2.1,0.0,0.0,0.0,0.0,0.0,0.0,0.0,1.0
473598,0,1,3400,-62,62,-170,6.4,11,0.50,114167.328125,0,2.1,0.0,0.0,0.0,80,0.0,0.0,0.0,1.0
473847,0,1,3400,-62,62,-163,8.6,11,0.67,137088.000000,0,2.1,2.8,0.0,29024.000000,33,0.0,0.0,0.0,1.0
474096,0,1,3400,-62,62,-169,19,11,1.1,98964.140625,0,2.1,4.3,0.0,6820.717285,68,0.0,0.0,0.0,1.0
474345,0,1,3400,-62,62,-170,8.9,11,0.75,126336.000000,0.8,2.1,0.064,0.0,0.0,0.0,0.0,0.0,0.0,1.0
474594,0,1,3400,-62,62,-164,3.9,11,0.50,181992.031250,0,2.1,0.0,0.0,0.0,0.0,0.0,0.0,0.0,1.0
474843,0,1,3400,-62,62,-167,13,11,0.71,124896.000000,0,2.1,0.0,20,0.0,80,0.0,0.0,0.0,1.0
475092,0,1,3400,-62,62,-169,12,11,0.69,119011.953125,0,2.1,0.0,20,0.0,0.0,0.0,0.0,0.0,1.0
475341,0,1,3400,-62,62,-164,11,11,0.68,141248.000000,0,2.1,0.064,0.0,5536.000000,57,0.0,0.0,0.0,1.0
475590,0,1,3400,-62,62,-163,13,11,0.66,140079.687500,0,2.1,0.0,0.0,0.0,0.0,0.0,0.0,0.0,1.0
475839,0,1,3400,-62,62,-164,8.7,11,0.60,78944.000000,0,2.1,0.73,0.0,17056.000000,0,0.0,0.0,0.0,1.0
476088,0,1,3400,-62,62,-171,9.3,11,0.53,111648.000000,0,2.1,14,0.0,23488.000000,0,0.0,0.0,0.0,1.0
476337,0,1,3400,-62,62,-171,9.8,11,0.58,139729.078125,0,2.1,14,0.0,0.0,0.0,0.0,0.0,0.0,1.0
476586,0,1,3400,-62,62,-171,4.9,11,0.50,144672.000000,0,2.1,14,0.0,0.0,0.0,0.0,0.0,0.0,1.0
476835,0,1,3400,-62,62,-169,12,11,0.68,123282.867188,0,2.1,12,20,0.0,80,0.0,0.0,0.0,1.0
477084,0,1,3400,-62,62,-170,13,11,0.68,121088.000000,0,2.1,6.2,0.0,6432.000000,45,0.0,0.0,0.0,1.0
477333,0,1,3400,-62,62,-167,18,11,0.92,114868.523438,0,2.1,11,0.0,4079.681396,62,0.0,0.0,0.0,1.0
477582,0,1,3400,-62,62,-167,7.6,11,0.50,149696.000000,0,2.1,11,0.0,4288.000000,62,0.0,0.0,0.0,1.0
477831,0,1,3400,-62,62,-165,8.7,11,0.50,106900.398438,0,2.1,9.4,0.0,14693.227539,58,0.0,0.0,0.0,1.0
478080,0,1,3400,-62,62,-168,6.7,11,0.50,127712.000000,0,2.1,0.0,0.0,0.0,0.0,0.0,0.0,0.0,1.0
478329,0,1,3400,-62,62,-169,13,11,0.50,95553.781250,0,2.1,0.0,0.0,0.0,0.0,0.0,0.0,0.0,1.0
478578,0,1,3400,-62,62,-169,6.9,11,0.53,113248.000000,0,2.1,1.4,0.0,17056.000000,0,0.0,0.0,0.0,1.0
478827,0,1,3400,-62,62,-169,14,11,0.80,123760.953125,0,2.1,7.8,0.0,67952.187500,0,0.0,0.0,0.0,1.0
479076,0,1,3400,-62,62,-172,8.9,11,0.50,102112.000000,0,2.1,14,0.0,6432.000000,0,0.0,0.0,0.0,1.0
479325,0,1,3400,-62,62,-165,5.9,11,0.50,102055.773438,0,2.1,14,0.0,16988.046875,0,0.0,0.0,0.0,1.0
479574,0,1,3400,-62,62,-167,7.1,11,0.57,122144.000000,0,2.1,14,0.0,0.0,0.0,0.0,0.0,0.0,1.0
479823,0,1,3400,-62,62,-166,17,11,0.89,137152.000000,0,2.1,14,0.0,23776.000000,45,0.0,0.0,0.0,1.0
480072,0,1,3400,-62,62,-167,5.5,11,0.51,86406.375000,0,2.1,21,0.0,0.0,0.0,0.0,0.0,0.0,1.0
480321,0,1,3400,-62,62,-162,7.7,11,0.50,110880.000000,0,2.1,7.2,0.0,5536.000000,0,0.0,0.0,0.0,1.0
480570,0,1,3400,-62,62,-167,6.8,11,0.50,111681.273438,0,2.1,6.7,0.0,0.0,0,0.0,0.0,0.0,1.0
480819,0,1,3400,-62,62,-175,7.6,11,0.61,135168.000000,0,2.1,14,0.0,17056.000000,67,0.0,0.0,0.0,1.0
481068,0,1,3400,-62,62,-172,8.4,11,0.62,121721.117188,0,2.1,14,0.0,0.0,0.0,0.0,0.0,0.0,1.0
481317,0,1,3400,-62,62,-173,13,11,0.77,120032.000000,0,2.1,14,0.0,0.0,0.0,0.0,0.0,0.0,1.0
481566,0,1,3400,-62,62,-169,5.5,11,0.50,142661.359375,0,2.1,9.0,0.0,0.0,80,0.0,0.0,0.0,1.0
481815,0,1,3400,-62,62,-166,8.6,11,0.50,124704.000000,0,2.1,5.1,0.0,5536.000000,62,0.0,0.0,0.0,1.0
482064,0,1,3400,-62,62,-168,10,11,0.50,113306.773438,0,2.1,9.5,0.0,4462.151367,62,0.0,0.0,0.0,1.0
482313,0,1,3400,-62,62,-171,5.7,11,0.50,110912.000000,0,2.1,8.8,0.0,5376.000000,60,0.0,0.0,0.0,1.0
482562,0,1,3400,-62,62,-168,15,11,0.92,142533.859375,0,2.1,0.24,0.0,0.0,0,0.0,0.0,0.0,1.0
482811,0,1,3400,-62,62,-168,13,11,0.70,143872.000000,0,2.1,7.5,0.0,51168.000000,0,0.0,0.0,0.0,1.0
483060,0,1,3400,-62,62,-170,20,11,1.0,79745.023438,0,2.1,12,0.0,23394.421875,0,0.0,0.0,0.0,1.0
483309,0,1,3400,-62,62,-170,9.3,11,0.50,168448.000000,0,2.1,8.8,0.0,5536.000000,57,0.0,0.0,0.0,1.0
483558,0,1,3400,-62,62,-169,10,11,0.50,189768.921875,0,2.1,12,0.0,16988.046875,0,0.0,0.0,0.0,1.0
483807,0,1,3400,-62,62,-163,5.4,11,0.50,98880.000000,0,2.1,14,0.0,23488.000000,0,0.0,0.0,0.0,1.0
484056,0,1,3400,-62,62,-165,11,11,0.64,133290.843750,0,2.1,14,0.0,0.0,0.0,0.0,0.0,0.0,1.0
484305,0,1,3400,-62,62,-171,5.6,11,0.52,118784.000000,0,2.1,14,0.0,0.0,0.0,0.0,0.0,0.0,1.0
484554,0,1,3400,-62,62,-166,13,11,0.80,118533.867188,0,2.1,14,0.0,0.0,0.0,0.0,0.0,0.0,1.0
484803,0,1,3400,-62,62,-163,12,11,0.70,116960.000000,0,2.1,12,0.0,10464.000000,50,0.0,0.0,0.0,1.0
485052,0,1,3400,-62,62,-167,5.8,11,0.50,68111.554688,0,2.1,0.84,0.0,20462.152344,0,0.0,0.0,0.0,1.0
485301,0,1,3400,-62,62,-164,5.1,11,0.50,84704.000000,0,2.1,7.5,0.0,17056.000000,0,0.0,0.0,0.0,1.0
485550,0,1,3400,-62,62,-167,7.0,11,0.50,165248.000000,0,2.1,7.5,0.0,0.0,80,0.0,0.0,0.0,1.0
485799,0,1,3400,-62,62,-167,12,11,0.68,100972.109375,0,2.1,7.5,20,0.0,50,0.0,0.0,0.0,1.0
486048,0,1,3400,-62,62,-166,13,11,0.73,121792.000000,0,2.1,7.5,20,0.0,100.000000,0.0,0.0,0.0,1.0
486297,0,1,3400,-62,62,-167,8.8,11,0.51,143745.015625,0,2.1,8.0,0.0,8000.000000,54,0.0,0.0,0.0,1.0
486546,0,1,3400,-62,62,-164,5.2,11,0.50,153120.000000,0,2.1,8.6,0.0,19552.000000,53,0.0,0.0,0.0,1.0
486795,0,1,3400,-62,62,-162,4.6,11,0.50,138167.328125,0,2.1,7.5,0.0,33976.093750,0,0.0,0.0,0.0,1.0
487044,0,1,3400,-62,62,-168,7.8,11,0.50,137312.000000,0,2.1,6.0,0.0,6432.000000,0,0.0,0.0,0.0,1.0
487293,0,1,3400,-62,62,-170,8.8,11,0.61,167139.437500,0,2.1,7.2,0.0,0.0,80,0.0,0.0,0.0,1.0
487542,0,1,3400,-62,62,-167,19,11,1.1,109056.000000,0,2.1,7.5,0.0,0.0,0.0,0.0,0.0,0.0,1.0
487791,0,1,3400,-62,62,-166,7.6,11,0.50,99059.757812,0,2.1,7.7,0.0,18103.585938,0,0.0,0.0,0.0,1.0
488040,0,1,3400,-62,62,-170,13,11,0.59,133600.000000,0,2.1,13,0.0,224640.000000,62,0.0,0.0,0.0,1.0
488289,0,1,3400,-62,62,-170,13,11,0.56,144828.687500,0,2.1,6.8,0.0,0.0,80,0.0,0.0,0.0,1.0
488538,0,1,3400,-62,62,-168,13,11,0.63,97728.000000,0,2.1,0.0,0.0,3488.000000,0,0.0,0.0,0.0,1.0
488787,0,1,3400,-62,62,-166,7.6,11,0.54,83633.468750,0,2.1,0.73,0.0,16988.046875,0,0.0,0.0,0.0,1.0
489036,0,1,3400,-62,62,-171,7.4,11,0.52,123616.000000,0,2.1,14,0.0,6432.000000,0,0.0,0.0,0.0,1.0
489285,0,1,3400,-62,62,-167,13,11,0.56,114848.000000,0,2.1,14,0.0,0.0,0.0,0.0,0.0,0.0,1.0
489534,0,1,3400,-62,62,-161,13,11,0.50,81944.226562,0,2.1,8.5,0.0,5513.944336,57,0.0,0.0,0.0,1.0
489783,0,1,3400,-62,62,-168,9.6,11,0.61,113440.000000,0,2.1,6.6,0.0,64672.000000,0,0.0,0.0,0.0,1.0
490032,0,1,3400,-62,62,-169,12,11,0.69,96286.851562,0,2.1,11,0.0,236621.515625,60,0.0,0.0,0.0,1.0
490281,0,1,3400,-62,62,-170,8.5,11,0.59,135456.000000,0,2.1,16,0.0,0.0,100.000000,0.0,0.0,0.0,1.0
490530,0,1,3400,-62,62,-171,13,11,0.67,110884.460938,0,2.1,16,0.0,0.0,0.0,0.0,0.0,0.0,1.0
490779,0,1,3400,-62,62,-170,18,11,0.96,124320.000000,0,2.1,14,20,0.0,80,0.0,0.0,0.0,1.0
491028,0,1,3400,-62,62,-168,9.7,11,0.55,111585.656250,0,2.1,8.0,20,0.0,0.0,0.0,0.0,0.0,1.0
491277,0,1,3400,-62,62,-175,7.1,11,0.50,153376.000000,0,2.1,5.4,0.0,23296.000000,0,0.0,0.0,0.0,1.0
491526,0,1,3400,-62,62,-171,8.2,11,0.50,143745.015625,0,2.1,10,0.0,0.0,80,0.0,0.0,0.0,1.0
491775,0,1,3400,-62,62,-168,18,11,0.96,129952.000000,0,2.1,10,182,0.0,50,0.0,0.0,0.0,1.0
492024,0,1,3400,-62,62,-171,14,11,0.91,101800.796875,0,2.1,3.2,0.0,5513.944336,62,0.0,0.0,0.0,1.0
492273,0,1,3400,-62,62,-167,20,10,1.0,134304.000000,0,2.1,6.3,0.0,8384.000000,62,0.0,0.0,0.0,1.0
492522,0,1,3400,-62,62,-168,20,11,1.2,146358.562500,0,2.1,7.5,0.0,0.0,0.0,0.0,0.0,0.0,1.0
492771,0,1,3400,-62,62,-168,20,11,1.0,108544.000000,0,2.1,7.2,0.0,5536.000000,0,0.0,0.0,0.0,1.0
493020,0,1,3400,-62,62,-166,17,11,0.92,119266.929688,0,2.1,5.1,0.0,24478.087891,59,0.0,0.0,0.0,1.0
493269,0,1,3400,-62,62,-165,12,11,0.69,122752.000000,0,2.1,4.0,0.0,3488.000000,0,0.0,0.0,0.0,1.0
493518,0,1,3400,-62,62,-169,13,11,0.70,151490.046875,0,2.1,2.6,0.0,16988.046875,0,0.0,0.0,0.0,1.0
493767,0,1,3400,-62,62,-173,12,11,0.66,133504.000000,0,2.1,7.0,0.0,11072.000000,57,0.0,0.0,0.0,1.0
494016,0,1,3400,-62,62,-170,9.9,11,0.61,101067.726562,0,2.1,4.4,0.0,16988.046875,0,0.0,0.0,0.0,1.0
494265,0,1,3400,-62,62,-172,13,11,0.64,86400.000000,0,2.1,7.5,0.0,17056.000000,57,0.0,0.0,0.0,1.0
494514,0,1,3400,-62,62,-170,12,11,0.50,122390.437500,0,2.1,1.3,0.0,5513.944336,57,0.0,0.0,0.0,1.0
494763,0,1,3400,-62,62,-169,13,11,0.50,118656.000000,0,2.1,4.9,0.0,27488.000000,53,0.0,0.0,0.0,1.0
495012,0,1,3400,-62,62,-170,5.8,11,0.50,107984.062500,0,2.1,8.3,0.0,22501.992188,44,0.0,0.0,0.0,1.0
495261,0,1,3400,-62,62,-167,5.6,11,0.50,85792.000000,0,2.1,7.5,0.0,17056.000000,0,0.0,0.0,0.0,1.0
495510,0,1,3400,-62,62,-170,9.9,11,0.64,83424.000000,0,2.1,10,0.0,0.0,80,0.0,0.0,0.0,1.0
495759,0,1,3400,-62,62,-166,5.3,11,0.50,132876.500000,0,2.1,13,0.0,5513.944336,54,0.0,0.0,0.0,1.0
496008,0,1,3400,-62,62,-163,5.9,11,0.50,132320.000000,0,2.1,0.36,0.0,6560.000000,70,0.0,0.0,0.0,1.0
496257,0,1,3400,-62,62,-170,8.5,11,0.50,104095.617188,0,2.1,1.0,0.0,5513.944336,67,0.0,0.0,0.0,1.0
496506,0,1,3400,-62,62,-165,12,11,0.66,105856.000000,0,2.1,1.4,0.0,17056.000000,0,0.0,0.0,0.0,1.0
496755,0,1,3400,-62,62,-166,14,11,0.65,103617.531250,0,2.1,7.7,0.0,50964.144531,0,0.0,0.0,0.0,1.0
497004,0,1,3400,-62,62,-171,4.8,11,0.50,141056.000000,0,2.1,14,0.0,23488.000000,0,0.0,0.0,0.0,1.0
497253,0,1,3400,-62,62,-166,8.0,11,0.50,134310.750000,0,2.1,14,0.0,0.0,80,0.0,0.0,0.0,1.0
497502,0,1,3400,-62,62,-167,12,11,0.62,96288.000000,0,2.1,10,0.0,20544.000000,0,0.0,0.0,0.0,1.0
497751,0,1,3400,-62,62,-165,21,11,1.0,103745.023438,0,2.1,15,0.0,18103.585938,0,0.0,0.0,0.0,1.0
498000,0,1,3400,-62,62,-165,10,11,0.67,100544.000000,0,2.1,6.8,0.0,6976.000000,64,0.0,0.0,0.0,1.0
498249,0,1,3400,-62,62,-173,6.7,11,0.50,153179.281250,0,2.1,6.0,0.0,0.0,0.0,0.0,0.0,0.0,1.0
498498,0,1,3400,-62,62,-169,13,11,0.58,90592.000000,0,2.1,6.0,0.0,0.0,0.0,0.0,0.0,0.0,1.0
498747,0,1,3400,-62,62,-158,7.4,11,0.53,129370.515625,0,2.1,6.0,186,0.0,0.0,0.0,0.0,0.0,1.0
498996,0,1,3400,-62,62,-164,17,11,0.83,95360.000000,0,2.1,7.4,0.0,5536.000000,71,0.0,0.0,0.0,1.0
499245,0,1,3400,-62,62,-175,6.0,11,0.50,150820.718750,0,2.1,7.5,0.0,0.0,83,0.0,0.0,0.0,1.0
499494,0,1,3400,-62,62,-172,8.9,11,0.78,146496.000000,0,2.1,7.5,0.0,0.0,80,0.0,0.0,0.0,1.0
499743,0,1,3400,-62,62,-168,5.6,11,0.50,135266.937500,0,2.1,3.9,0.0,34422.312500,0,0.0,0.0,0.0,1.0
499992,0,1,3400,-62,62,-162,6.8,11,0.50,128672.000000,0,2.1,14,0.0,0.0,80,0.0,0.0,0.0,1.0
500241,0,1,3400,-62,62,-168,9.4,11,0.50,117440.000000,0,2.1,11,0.0,3488.000000,57,0.0,0.0,0.0,1.0
500490,0,1,3400,-62,62,-166,6.4,11,0.50,151490.046875,0,2.1,6.6,0.0,5513.944336,57,0.0,0.0,0.0,1.0
500739,0,1,3400,-62,62,-170,8.7,11,0.50,123968.000000,0,2.1,7.5,0.0,5536.000000,50,0.0,0.0,0.0,1.0
500988,0,1,3400,-62,62,-166,11,11,0.50,109386.453125,0,2.1,4.3,0.0,12079.681641,69,0.0,0.0,0.0,1.0
501237,0,1,3400,-62,62,-164,11,11,0.67,99424.000000,0,2.1,5.2,0.0,0.0,80,0.0,0.0,0.0,1.0
501486,0,1,3400,-62,62,-167,12,11,0.92,134980.078125,0,2.1,0.0,0.0,0.0,0.0,0.0,0.0,0.0,1.0
501735,0,1,3400,-62,62,-171,7.5,11,0.50,184768.000000,0,2.1,0.0,20,0.0,80,0.0,0.0,0.0,1.0
501984,0,1,3400,-62,62,-171,14,11,0.73,116557.765625,0,2.1,0.0,0.0,0.0,80,0.0,0.0,0.0,1.0
502233,0,1,3400,-62,62,-169,12,11,0.83,81312.000000,0,2.1,0.0,0.0,0.0,80,0.0,0.0,0.0,1.0
502482,0,1,3400,-62,62,-167,7.2,11,0.59,105625.500000,0,2.1,0.0,0.0,0.0,0.0,0.0,0.0,0.0,1.0
502731,0,1,3400,-62,62,-163,20,11,0.99,182144.000000,0,2.1,0.0,20,0.0,71,0.0,0.0,0.0,1.0
502980,0,1,3400,-62,62,-163,6.1,11,0.55,149227.093750,0,2.1,0.0,20,0.0,100.000000,0.0,0.0,0.0,1.0
503229,0,1,3400,-62,62,-164,6.6,11,0.55,105248.000000,0,2.1,0.0,0.0,7328.000000,36,0.0,0.0,0.0,1.0
503478,0,1,3400,-62,62,-171,8.7,11,0.54,157832.671875,0,2.1,0.0,0.0,0.0,0.0,0.0,0.0,0.0,1.0
503727,0,1,3400,-62,62,-165,14,11,0.71,99552.000000,0,2.1,4.6,0.0,17056.000000,57,0.0,0.0,0.0,1.0
503976,0,1,3400,-62,62,-161,7.9,11,0.64,122262.945312,0,2.1,11,0.0,5513.944336,57,0.0,0.0,0.0,1.0
504225,0,1,3400,-62,62,-166,19,11,1.0,156480.000000,0,2.1,7.5,0.0,3488.000000,0,0.0,0.0,0.0,1.0
504474,0,1,3400,-62,62,-169,16,11,1.0,133856.000000,0,2.1,15,0.0,17056.000000,0,0.0,0.0,0.0,1.0
504723,0,1,3400,-62,62,-170,16,11,0.89,93386.453125,0,2.1,15,0.0,33976.093750,20,0.0,0.0,0.0,1.0
504972,0,1,3400,-62,62,-169,14,11,0.87,112128.000000,0,2.1,13,0.0,5536.000000,67,0.0,0.0,0.0,1.0
505221,0,1,3400,-62,62,-174,14,11,0.83,129912.351562,0,2.1,10,0.0,37450.199219,14,0.0,0.0,0.0,1.0
505470,0,1,3400,-62,62,-167,9.2,11,0.67,112800.000000,0,2.1,12,0.0,3488.000000,50,0.0,0.0,0.0,1.0
505719,0,1,3400,-62,62,-171,7.6,11,0.56,138486.062500,0,2.1,14,0.0,69258.960938,31,0.0,0.0,0.0,1.0
505968,0,1,3400,-62,62,-168,10.0,11,0.62,127520.000000,0,2.1,0.0,0.0,0.0,100.000000,0.0,0.0,0.0,1.0
506217,0,1,3400,-62,62,-167,15,11,0.93,148685.265625,0,2.1,0.0,0.0,0.0,0.0,0.0,0.0,0.0,1.0
506466,0,1,3400,-62,62,-164,13,11,0.81,127232.000000,0,2.1,0.0,0.0,5536.000000,0,0.0,0.0,0.0,1.0
506715,0,1,3400,-62,62,-168,11,11,0.71,140653.390625,0,2.1,5.8,0.0,21354.582031,53,0.0,0.0,0.0,1.0
506964,0,1,3400,-62,62,-168,18,11,1.1,89824.000000,0,2.1,7.1,0.0,38112.000000,38,0.0,0.0,0.0,1.0
507213,0,1,3400,-62,62,-164,7.5,11,0.56,148844.625000,0,2.1,7.5,0.0,33976.093750,0,0.0,0.0,0.0,1.0
507462,0,1,3400,-62,62,-166,13,11,0.65,154528.000000,0,2.1,7.5,0.0,34112.000000,0,0.0,0.0,0.0,1.0
507711,0,1,3400,-62,62,-166,8.9,11,0.56,91729.085938,0,2.1,9.2,0.0,0.0,80,0.0,0.0,0.0,1.0
507960,0,1,3400,-62,62,-170,16,11,0.76,141664.000000,0,2.1,12,0.0,0.0,80,0.0,0.0,0.0,1.0
508209,0,1,3400,-62,62,-170,14,11,0.92,44015.937500,0,2.1,7.5,0.0,5513.944336,0,0.0,0.0,0.0,1.0
508458,0,1,3400,-62,62,-165,18,11,0.97,163360.000000,0,2.1,7.5,0.0,0.0,80,0.0,0.0,0.0,1.0
508707,0,1,3400,-62,62,-168,20,11,1.0,150980.078125,0,2.1,7.6,0.0,9147.410156,63,0.0,0.0,0.0,1.0
508956,0,1,3400,-62,62,-171,19,11,0.97,156032.000000,0,2.1,0.0,0.0,0.0,0.0,0.0,0.0,0.0,1.0
509205,0,1,3400,-62,62,-167,21,11,0.98,87235.062500,0,2.1,0.0,0.0,3474.103516,0,0.0,0.0,0.0,1.0
509454,0,1,3400,-62,62,-172,19,11,0.94,88704.000000,0,2.1,5.0,0.0,0.0,80,0.0,0.0,0.0,1.0
509703,0,1,3400,-62,62,-173,21,11,1.2,128988.046875,4,2.1,7.5,20,0.0,80,0.0,0.0,0.0,1.0
509952,0,1,3400,-62,62,-166,14,11,0.76,125056.000000,0,2.1,7.6,20,0.0,0.0,0.0,0.0,0.0,1.0
510201,0,1,3400,-62,62,-166,21,11,0.88,67328.000000,0,2.1,6.2,0.0,9120.000000,59,0.0,0.0,0.0,1.0
510450,0,1,3400,-62,62,-170,12,11,0.72,133832.671875,0,2.1,11,0.0,4780.876465,60,0.0,0.0,0.0,1.0
510699,0,1,3400,-62,62,-172,20,11,0.93,130656.000000,0,2.1,13,0.0,124960.000000,66,0.0,0.0,0.0,1.0
510948,0,1,3400,-62,62,-174,9.0,11,0.70,150055.781250,0,2.1,15,0.0,5513.944336,57,0.0,0.0,0.0,1.0
511197,0,1,3400,-62,62,-172,10,11,0.58,111104.000000,0,2.1,11,0.0,0.0,80,0.0,0.0,0.0,1.0
511446,0,1,3400,-62,62,-171,9.5,11,0.60,132366.531250,0,2.1,7.5,0.0,0.0,0,0.0,0.0,0.0,1.0
511695,0,1,3400,-62,62,-174,12,11,0.69,84640.000000,0,2.1,7.9,0.0,5536.000000,33,0.0,0.0,0.0,1.0
511944,0,1,3400,-62,62,-169,6.9,11,0.50,109163.343750,0,2.1,4.7,0.0,23936.255859,50,0.0,0.0,0.0,1.0
512193,0,1,3400,-62,62,-160,8.5,11,0.51,128736.000000,2,2.1,0.0,0.0,0.0,0.0,0.0,0.0,0.0,1.0
512442,0,1,3400,-62,62,-164,6.2,11,0.50,114868.523438,0,2.1,0.24,0.0,5513.944336,50,0.0,0.0,0.0,1.0
512691,0,1,3400,-62,62,-166,6.8,11,0.50,121536.000000,0,2.1,12,0.0,290048.000000,57,0.0,0.0,0.0,1.0
512940,0,1,3400,-62,62,-165,13,11,0.50,121625.500000,0,2.1,13,0.0,22501.992188,20,0.0,0.0,0.0,1.0
513189,0,1,3400,-62,62,-168,7.0,11,0.50,138528.000000,0,2.1,16,0.0,0.0,0.0,0.0,0.0,0.0,1.0
513438,0,1,3400,-62,62,-171,5.7,11,0.50,142119.515625,0,2.1,16,0.0,16988.046875,0,0.0,0.0,0.0,1.0
513687,0,1,3400,-62,62,-165,17,11,0.94,124640.000000,0,2.1,16,0.0,0.0,80,0.0,0.0,0.0,1.0
513936,0,1,3400,-62,62,-160,17,11,1.1,83984.062500,0,2.1,14,0.0,5513.944336,57,0.0,0.0,0.0,1.0
514185,0,1,3400,-62,62,-164,6.0,11,0.51,127456.000000,0,2.1,16,0.0,0.0,0.0,0.0,0.0,0.0,1.0
514434,0,1,3400,-62,62,-169,11,11,0.67,153306.765625,0,2.1,16,0.0,0.0,0.0,0.0,0.0,0.0,1.0
514683,0,1,3400,-62,62,-170,20,11,1.0,124320.000000,0,2.1,8.0,0.0,4384.000000,60,0.0,0.0,0.0,1.0
514932,0,1,3400,-62,62,-168,14,11,0.75,123219.125000,0,2.1,9.4,0.0,3378.486084,67,0.0,0.0,0.0,1.0
515181,0,1,3400,-62,62,-164,9.4,11,0.55,104896.000000,0,2.1,12,0.0,4992.000000,59,0.0,0.0,0.0,1.0
515430,0,1,3400,-62,62,-165,8.9,11,0.55,181888.000000,0,2.1,9.0,0.0,2688.000000,69,0.0,0.0,0.0,1.0
515679,0,1,3400,-62,62,-170,8.1,11,0.50,91027.890625,0,2.1,13,0.0,4079.681396,61,0.0,0.0,0.0,1.0
515928,0,1,3400,-62,62,-163,7.0,11,0.50,141600.000000,0,2.1,0.0,0.0,6976.000000,60,0.0,0.0,0.0,1.0
516177,0,1,3400,-62,62,-165,4.7,11,0.50,153115.531250,0,2.1,0.0,0.0,5513.944336,0,0.0,0.0,0.0,1.0
516426,0,1,3400,-62,62,-168,12,11,0.50,149952.000000,0,2.1,5.0,0.0,17056.000000,0,0.0,0.0,0.0,1.0
516675,0,1,3400,-62,62,-169,8.7,11,0.50,78661.351562,0,2.1,7.0,20,0.0,75,0.0,0.0,0.0,1.0
516924,0,1,3400,-62,62,-170,5.4,11,0.50,85440.000000,0,2.1,0.0,20,0.0,100.000000,0.0,0.0,0.0,1.0
517173,0,1,3400,-62,62,-171,5.5,11,0.50,90231.078125,0,2.1,1.9,0.0,6406.374512,64,0.0,0.0,0.0,1.0
517422,0,1,3400,-62,62,-170,4.5,11,0.50,0.0,0.0,2.1,12,0.0,3392.000000,67,0.0,0.0,0.0,1.0
517671,0,1,3400,-62,62,-166,4.5,11,0.50,0.0,0.0,2.1,11,0.0,5163.346680,59,0.0,0.0,0.0,1.0
517920,0,1,3400,-62,62,-169,4.5,11,0.50,0.0,0.0,2.1,8.8,0.0,4288.000000,62,0.0,0.0,0.0,1.0
518169,0,1,3400,-62,62,-171,4.5,11,0.50,0.0,0.0,2.1,10.0,0.0,3569.721191,67,0.0,0.0,0.0,1.0
518418,0,1,3400,-62,62,-171,4.5,11,0.50,0.0,0.0,2.1,9.0,0.0,4480.000000,62,0.0,0.0,0.0,1.0
518667,0,1,3400,-62,62,-166,4.5,11,0.50,0.0,0.0,2.1,8.7,0.0,5163.346680,59,0.0,0.0,0.0,1.0
518916,0,1,3400,-62,62,-164,4.5,11,0.50,0.0,0.0,2.1,9.5,0.0,3584.000000,67,0.0,0.0,0.0,1.0
519165,0,1,3400,-62,62,-170,4.5,11,0.50,0.0,0.0,2.1,10,0.0,2677.290771,69,0.0,0.0,0.0,1.0
519414,0,1,3400,-62,62,-169,4.5,11,0.50,0.0,0.0,2.1,9.1,0.0,4480.000000,62,0.0,0.0,0.0,1.0
519663,0,1,3400,-62,62,-174,4.5,11,0.50,0.0,0.0,2.1,3.0,0.0,1593.625488,25,0.0,0.0,0.0,1.0
519912,0,1,3400,-62,62,-168,4.5,11,0.50,0.0,0.0,2.1,3.0,0.0,0.0,0.0,0.0,0.0,0.0,1.0
520161,0,1,3400,-62,62,-163,4.5,11,0.50,0.0,0.0,2.1,3.0,0.0,0.0,0.0,0.0,0.0,0.0,1.0
520410,0,1,3400,-62,62,-164,4.5,11,0.50,0.0,0.0,2.1,3.0,0.0,0.0,0.0,0.0,0.0,0.0,1.0
520659,0,1,3400,-62,62,-163,4.5,11,0.50,0.0,0.0,2.1,3.0,0.0,0.0,0.0,0.0,0.0,0.0,1.0
520908,0,1,3400,-62,62,-165,4.5,11,0.50,0.0,0.0,2.1,3.0,0.0,0.0,0.0,0.0,0.0,0.0,1.0
521157,0,1,3400,-62,62,-170,4.5,11,0.50,0.0,0.0,2.1,3.0,0.0,0.0,0.0,0.0,0.0,0.0,1.0
521406,0,1,3400,-62,62,-169,4.5,11,0.50,0.0,0.0,2.1,3.0,0.0,0.0,0.0,0.0,0.0,0.0,1.0
521655,0,1,3400,-62,62,-166,4.5,11,0.50,0.0,0.0,2.1,3.0,0.0,0.0,0.0,0.0,0.0,0.0,1.0
521904,0,1,3400,-62,62,-169,4.5,11,0.50,0.0,0.0,2.1,3.0,0.0,0.0,0.0,0.0,0.0,0.0,1.0
522153,0,1,3400,-62,62,-163,4.5,11,0.50,0.0,0.0,2.1,3.0,0.0,0.0,0.0,0.0,0.0,