Timestamp,num_ues,IMSI,RNTI,,slicing_enabled,slice_id,slice_prb,power_multiplier,scheduling_policy,,dl_mcs,dl_n_samples,dl_buffer [bytes],tx_brate downlink [Mbps],tx_pkts downlink,tx_errors downlink (%),dl_cqi,,ul_mcs,ul_n_samples,ul_buffer [bytes],rx_brate uplink [Mbps],rx_pkts uplink,rx_errors uplink (%),ul_rssi,ul_sinr,phr,,sum_requested_prbs,sum_granted_prbs,,dl_pmi,dl_ri,ul_n,ul_turbo_iters
1613791227666,4,1010123456018,76,,1,1,39,1,2,,0,18,0,0.00764659,6,0,6,,12.2857,42,0,0.114088,12,0,0,34.0288,31,,6,30,,0,0,0,1
1613791227916,4,1010123456018,76,,1,1,39,1,2,,0,3,0,0.00183133,1,0,6.6,,12,7,0,0.1,2,0,0,35.0849,31,,0,3,,0,0,0,1
1613791228166,4,1010123456018,76,,1,1,39,1,2,,0,0,0,0,0,0,6.83333,,0,0,0,0,0,0,0,0,0,,0,0,,0,0,0,0
1613791228416,4,1010123456018,76,,1,1,39,1,2,,0,0,0,0,0,0,7,,0,0,0,0,0,0,0,0,0,,0,0,,0,0,0,0
1613791228666,4,1010123456018,76,,1,1,39,1,2,,0,0,0,0,0,0,6.83333,,0,0,0,0,0,0,0,0,0,,0,0,,0,0,0,0
1613791228939,6,1010123456018,76,,1,1,39,1,2,,0,0,0,0,0,0,6.66667,,0,0,0,0,0,0,0,0,0,,0,0,,0,0,0,0
1613791229167,7,1010123456018,76,,1,1,39,1,2,,0,0,0,0,0,0,7.83333,,0,0,0,0,0,0,0,0,0,,0,0,,0,0,0,0
1613791229416,7,1010123456018,76,,1,1,39,1,2,,0,0,0,0,0,0,7,,15,4,0,0.1,1,0,0,21.9984,31,,0,0,,0,0,0,1
1613791229666,7,1010123456018,76,,1,1,39,1,2,,0,0,0,0,0,0,8.4,,15.3333,12,0,0.1,3,0,0,31.0317,31,,0,0,,0,0,0,1
1613791229919,6,1010123456018,76,,1,1,39,1,2,,0,0,0,0,0,0,7.2,,0,0,0,0,0,0,0,0,0,,0,0,,0,0,0,0
1613791230166,6,1010123456018,76,,1,1,39,1,2,,0,0,0,0,0,0,7.5,,15,12,0,0.1,3,0,0,31.1785,31,,0,0,,0,0,0,1
1613791230419,6,1010123456018,76,,1,1,39,1,2,,0,0,0,0,0,0,8.5,,15,4,0,0.1,1,0,0,31.5514,31,,0,0,,0,0,0,1
1613791230666,6,1010123456018,76,,1,1,39,1,2,,0,0,0,0,0,0,8,,0,0,0,0,0,0,0,0,0,,0,0,,0,0,0,0
1613791230916,6,1010123456018,76,,1,1,39,1,2,,0,0,0,0,0,0,6.85714,,0,0,0,0,0,0,0,0,0,,0,0,,0,0,0,0
1613791231166,6,1010123456018,76,,1,1,39,1,2,,0,0,0,0,0,0,6.8,,0,0,0,0,0,0,0,0,0,,0,0,,0,0,0,0
1613791231416,6,1010123456018,76,,1,1,39,1,2,,0,0,0,0,0,0,9.75,,0,0,0,0,0,0,0,0,0,,0,0,,0,0,0,0
1613791231666,6,1010123456018,76,,1,1,39,1,2,,0,0,0,0,0,0,7.75,,0,0,0,0,0,0,0,0,0,,0,0,,0,0,0,0
1613791231916,6,1010123456018,76,,1,1,39,1,2,,0,0,0,0,0,0,7,,0,0,0,0,0,0,0,0,0,,0,0,,0,0,0,0
1613791232166,6,1010123456018,76,,1,1,39,1,2,,0,0,0,0,0,0,7.25,,0,0,0,0,0,0,0,0,0,,0,0,,0,0,0,0
1613791232416,6,1010123456018,76,,1,1,39,1,2,,0,0,0,0,0,0,8.6,,0,0,0,0,0,0,0,0,0,,0,0,,0,0,0,0
1613791232666,6,1010123456018,76,,1,1,39,1,2,,0,0,0,0,0,0,6.75,,0,0,0,0,0,0,0,0,0,,0,0,,0,0,0,0
1613791232916,6,1010123456018,76,,1,1,39,1,2,,0,0,0,0,0,0,8.71429,,0,0,0,0,0,0,0,0,0,,0,0,,0,0,0,0
1613791233166,6,1010123456018,76,,1,1,39,1,2,,0,0,0,0,0,0,7.8,,0,0,0,0,0,0,0,0,0,,0,0,,0,0,0,0
1613791233416,6,1010123456018,76,,1,1,39,1,2,,0,0,0,0,0,0,7.5,,0,0,0,0,0,0,0,0,0,,0,0,,0,0,0,0
1613791233666,6,1010123456018,76,,1,1,39,1,2,,0,0,0,0,0,0,5.6,,0,0,0,0,0,0,0,0,0,,0,0,,0,0,0,0
1613791233916,6,1010123456018,76,,1,1,39,1,2,,0,0,0,0,0,0,7.33333,,0,0,0,0,0,0,0,0,0,,0,0,,0,0,0,0
1613791234166,6,1010123456018,76,,1,1,39,1,2,,0,0,0,0,0,0,7.5,,0,0,0,0,0,0,0,0,0,,0,0,,0,0,0,0
1613791234416,6,1010123456018,76,,1,1,39,1,2,,0,0,0,0,0,0,6.5,,0,0,0,0,0,0,0,0,0,,0,0,,0,0,0,0
1613791234666,6,1010123456018,76,,1,1,39,1,2,,0,0,0,0,0,0,9.2,,0,0,0,0,0,0,0,0,0,,0,0,,0,0,0,0
1613791234916,6,1010123456018,76,,1,1,39,1,2,,0,0,0,0,0,0,6,,0,0,0,0,0,0,0,0,0,,0,0,,0,0,0,0
1613791235166,6,1010123456018,76,,1,1,39,1,2,,0,0,0,0,0,0,7.5,,0,0,0,0,0,0,0,0,0,,0,0,,0,0,0,0
1613791235419,6,1010123456018,76,,1,1,39,1,2,,0,0,0,0,0,0,7.8,,0,0,0,0,0,0,0,0,0,,0,0,,0,0,0,0
1613791235666,6,1010123456018,76,,1,1,39,1,2,,0,0,0,0,0,0,6.25,,0,0,0,0,0,0,0,0,0,,0,0,,0,0,0,0
1613791235916,6,1010123456018,76,,1,1,39,1,2,,0,0,0,0,0,0,10.7143,,0,0,0,0,0,0,0,0,0,,0,0,,0,0,0,0
1613791236166,6,1010123456018,76,,1,1,39,1,2,,0,0,0,0,0,0,8.75,,0,0,0,0,0,0,0,0,0,,0,0,,0,0,0,0
1613791236416,6,1010123456018,76,,1,1,39,1,2,,0,0,0,0,0,0,8.2,,0,0,0,0,0,0,0,0,0,,0,0,,0,0,0,0
1613791236666,6,1010123456018,76,,1,1,39,1,2,,0,0,0,0,0,0,8.33333,,0,0,0,0,0,0,0,0,0,,0,0,,0,0,0,0
1613791236916,6,1010123456018,76,,1,1,39,1,2,,0,0,0,0,0,0,10.1429,,0,0,0,0,0,0,0,0,0,,0,0,,0,0,0,0
1613791237166,6,1010123456018,76,,1,1,39,1,2,,0,0,0,0,0,0,8.5,,0,0,0,0,0,0,0,0,0,,0,0,,0,0,0,0
1613791237416,6,1010123456018,76,,1,1,39,1,2,,0,0,0,0,0,0,7.25,,0,0,0,0,0,0,0,0,0,,0,0,,0,0,0,0
1613791237666,6,1010123456018,76,,1,1,39,1,2,,0,0,0,0,0,0,6,,0,0,0,0,0,0,0,0,0,,0,0,,0,0,0,0
1613791237916,6,1010123456018,76,,1,1,39,1,2,,0,0,0,0,0,0,8,,0,0,0,0,0,0,0,0,0,,0,0,,0,0,0,0
1613791238166,6,1010123456018,76,,1,1,39,1,2,,0,0,0,0,0,0,8.2,,0,0,0,0,0,0,0,0,0,,0,0,,0,0,0,0
1613791238416,6,1010123456018,76,,1,1,39,1,2,,0,0,0,0,0,0,9.33333,,0,0,0,0,0,0,0,0,0,,0,0,,0,0,0,0
1613791238666,6,1010123456018,76,,1,1,39,1,2,,0,0,0,0,0,0,6.6,,0,0,0,0,0,0,0,0,0,,0,0,,0,0,0,0
1613791238916,6,1010123456018,76,,1,1,39,1,2,,0,0,0,0,0,0,8.16667,,0,0,0,0,0,0,0,0,0,,0,0,,0,0,0,0
1613791239166,6,1010123456018,76,,1,1,39,1,2,,0,0,0,0,0,0,7.33333,,0,0,0,0,0,0,0,0,0,,0,0,,0,0,0,0
1613791239416,6,1010123456018,76,,1,1,39,1,2,,0,0,0,0,0,0,7,,0,0,0,0,0,0,0,0,0,,0,0,,0,0,0,0
1613791239666,6,1010123456018,76,,1,1,39,1,2,,0,0,0,0,0,0,9,,0,0,0,0,0,0,0,0,0,,0,0,,0,0,0,0
1613791239916,6,1010123456018,76,,1,1,39,1,2,,0,0,0,0,0,0,4.66667,,0,0,0,0,0,0,0,0,0,,0,0,,0,0,0,0
1613791240166,6,1010123456018,76,,1,1,39,1,2,,0,0,0,0,0,0,9.5,,0,0,0,0,0,0,0,0,0,,0,0,,0,0,0,0
1613791240416,6,1010123456018,76,,1,1,39,1,2,,0,0,0,0,0,0,7,,0,0,0,0,0,0,0,0,0,,0,0,,0,0,0,0
1613791240666,6,1010123456018,76,,1,1,39,1,2,,0,0,0,0,0,0,7.33333,,0,0,0,0,0,0,0,0,0,,0,0,,0,0,0,0
1613791240916,6,1010123456018,76,,1,1,39,1,2,,0,0,0,0,0,0,7.28571,,0,0,0,0,0,0,0,0,0,,0,0,,0,0,0,0
1613791241166,6,1010123456018,76,,1,1,39,1,2,,0,0,0,0,0,0,6.33333,,0,0,0,0,0,0,0,0,0,,0,0,,0,0,0,0
1613791241416,6,1010123456018,76,,1,1,39,1,2,,0,0,0,0,0,0,6.8,,0,0,0,0,0,0,0,0,0,,0,0,,0,0,0,0
1613791241666,6,1010123456018,76,,1,1,39,1,2,,0,0,0,0,0,0,8.6,,0,0,0,0,0,0,0,0,0,,0,0,,0,0,0,0
1613791241917,6,1010123456018,76,,1,1,39,1,2,,0,0,0,0,0,0,7.2,,0,0,0,0,0,0,0,0,0,,0,0,,0,0,0,0
1613791242166,6,1010123456018,76,,1,1,39,1,2,,0,0,0,0,0,0,7.5,,0,0,0,0,0,0,0,0,0,,0,0,,0,0,0,0
1613791242416,6,1010123456018,76,,1,1,39,1,2,,0,0,0,0,0,0,8,,0,0,0,0,0,0,0,0,0,,0,0,,0,0,0,0
1613791242666,6,1010123456018,76,,1,1,39,1,2,,0,0,0,0,0,0,6.2,,0,0,0,0,0,0,0,0,0,,0,0,,0,0,0,0
1613791242916,6,1010123456018,76,,1,1,39,1,2,,0,0,0,0,0,0,7.33333,,0,0,0,0,0,0,0,0,0,,0,0,,0,0,0,0
1613791243166,6,1010123456018,76,,1,1,39,1,2,,0,0,0,0,0,0,6.33333,,0,0,0,0,0,0,0,0,0,,0,0,,0,0,0,0
1613791243416,6,1010123456018,76,,1,1,39,1,2,,0,0,0,0,0,0,8.8,,0,0,0,0,0,0,0,0,0,,0,0,,0,0,0,0
1613791243666,6,1010123456018,76,,1,1,39,1,2,,0,0,0,0,0,0,8.66667,,0,0,0,0,0,0,0,0,0,,0,0,,0,0,0,0
1613791243916,6,1010123456018,76,,1,1,39,1,2,,0,0,0,0,0,0,9.33333,,0,0,0,0,0,0,0,0,0,,0,0,,0,0,0,0
1613791244166,6,1010123456018,76,,1,1,39,1,2,,0,0,0,0,0,0,7.6,,0,0,0,0,0,0,0,0,0,,0,0,,0,0,0,0
1613791244416,6,1010123456018,76,,1,1,39,1,2,,0,0,0,0,0,0,7.5,,0,0,0,0,0,0,0,0,0,,0,0,,0,0,0,0
1613791244666,6,1010123456018,76,,1,1,39,1,2,,0,0,0,0,0,0,6.83333,,0,0,0,0,0,0,0,0,0,,0,0,,0,0,0,0
1613791244916,6,1010123456018,76,,1,1,39,1,2,,0,0,0,0,0,0,6.16667,,0,0,0,0,0,0,0,0,0,,0,0,,0,0,0,0
1613791245166,6,1010123456018,76,,1,1,39,1,2,,0,0,0,0,0,0,7.75,,0,0,0,0,0,0,0,0,0,,0,0,,0,0,0,0
1613791245416,6,1010123456018,76,,1,1,39,1,2,,0,0,0,0,0,0,8.8,,0,0,0,0,0,0,0,0,0,,0,0,,0,0,0,0
1613791245666,6,1010123456018,76,,1,1,39,1,2,,0,0,0,0,0,0,8.33333,,0,0,0,0,0,0,0,0,0,,0,0,,0,0,0,0
1613791245916,6,1010123456018,76,,1,1,39,1,2,,0,0,0,0,0,0,7.75,,0,0,0,0,0,0,0,0,0,,0,0,,0,0,0,0
1613791246166,6,1010123456018,76,,1,1,39,1,2,,0,0,0,0,0,0,8,,0,0,0,0,0,0,0,0,0,,0,0,,0,0,0,0
1613791246416,6,1010123456018,76,,1,1,39,1,2,,0,0,0,0,0,0,8,,0,0,0,0,0,0,0,0,0,,0,0,,0,0,0,0
1613791246666,6,1010123456018,76,,1,1,39,1,2,,0,0,0,0,0,0,7.16667,,0,0,0,0,0,0,0,0,0,,0,0,,0,0,0,0
1613791246916,6,1010123456018,76,,1,1,39,1,2,,0,0,0,0,0,0,7,,0,0,0,0,0,0,0,0,0,,0,0,,0,0,0,0
1613791247166,6,1010123456018,76,,1,1,39,1,2,,0,0,0,0,0,0,8.83333,,0,0,0,0,0,0,0,0,0,,0,0,,0,0,0,0
1613791247416,6,1010123456018,76,,1,1,39,1,2,,0,0,0,0,0,0,6.4,,0,0,0,0,0,0,0,0,0,,0,0,,0,0,0,0
1613791247666,6,1010123456018,76,,1,1,39,1,2,,0,0,0,0,0,0,7.66667,,0,0,0,0,0,0,0,0,0,,0,0,,0,0,0,0
1613791247917,6,1010123456018,76,,1,1,39,1,2,,0,0,0,0,0,0,8.66667,,0,0,0,0,0,0,0,0,0,,0,0,,0,0,0,0
1613791248166,6,1010123456018,76,,1,1,39,1,2,,0,0,0,0,0,0,8.5,,0,0,0,0,0,0,0,0,0,,0,0,,0,0,0,0
1613791248416,6,1010123456018,76,,1,1,39,1,2,,0,0,0,0,0,0,8.83333,,0,0,0,0,0,0,0,0,0,,0,0,,0,0,0,0
1613791248666,6,1010123456018,76,,1,1,39,1,2,,0,0,0,0,0,0,11,,0,0,0,0,0,0,0,0,0,,0,0,,0,0,0,0
1613791248916,6,1010123456018,76,,1,1,39,1,2,,0,0,0,0,0,0,6.83333,,0,0,0,0,0,0,0,0,0,,0,0,,0,0,0,0
1613791249167,6,1010123456018,76,,1,1,39,1,2,,0,0,0,0,0,0,10,,0,0,0,0,0,0,0,0,0,,0,0,,0,0,0,0
1613791249416,6,1010123456018,76,,1,1,39,1,2,,0,0,0,0,0,0,7.33333,,0,0,0,0,0,0,0,0,0,,0,0,,0,0,0,0
1613791249666,6,1010123456018,76,,1,1,39,1,2,,0,0,0,0,0,0,9.4,,0,0,0,0,0,0,0,0,0,,0,0,,0,0,0,0
1613791249916,6,1010123456018,76,,1,1,39,1,2,,0,0,0,0,0,0,10.5,,0,0,0,0,0,0,0,0,0,,0,0,,0,0,0,0
1613791250166,6,1010123456018,76,,1,1,39,1,2,,0,0,0,0,0,0,8,,0,0,0,0,0,0,0,0,0,,0,0,,0,0,0,0
1613791250416,6,1010123456018,76,,1,1,39,1,2,,0,0,0,0,0,0,7.5,,15,4,0,0.1,1,0,0,27.3054,31,,0,0,,0,0,0,1
1613791250666,6,1010123456018,76,,1,1,39,1,2,,0,0,0,0,0,0,7.8,,0,0,0,0,0,0,0,0,0,,0,0,,0,0,0,0
1613791250916,6,1010123456018,76,,1,1,39,1,2,,0,0,0,0,0,0,7,,0,0,0,0,0,0,0,0,0,,0,0,,0,0,0,0
1613791251166,6,1010123456018,76,,1,1,39,1,2,,0,0,0,0,0,0,10.25,,0,0,0,0,0,0,0,0,0,,0,0,,0,0,0,0
1613791251416,6,1010123456018,76,,1,1,39,1,2,,0,0,0,0,0,0,8,,0,0,0,0,0,0,0,0,0,,0,0,,0,0,0,0
1613791251666,6,1010123456018,76,,1,1,39,1,2,,0,0,0,0,0,0,7.8,,0,0,0,0,0,0,0,0,0,,0,0,,0,0,0,0
1613791251916,6,1010123456018,76,,1,1,39,1,2,,0,0,0,0,0,0,8.33333,,0,0,0,0,0,0,0,0,0,,0,0,,0,0,0,0
1613791252166,6,1010123456018,76,,1,1,39,1,2,,0,0,0,0,0,0,11,,0,0,0,0,0,0,0,0,0,,0,0,,0,0,0,0
1613791252416,6,1010123456018,76,,1,1,39,1,2,,0,0,0,0,0,0,9.25,,0,0,0,0,0,0,0,0,0,,0,0,,0,0,0,0
1613791252666,6,1010123456018,76,,1,1,39,1,2,,0,0,0,0,0,0,7.66667,,0,0,0,0,0,0,0,0,0,,0,0,,0,0,0,0
1613791252916,6,1010123456018,76,,1,1,39,1,2,,0,0,0,0,0,0,9.33333,,0,0,0,0,0,0,0,0,0,,0,0,,0,0,0,0
1613791253166,6,1010123456018,76,,1,1,39,1,2,,0,0,0,0,0,0,6.5,,0,0,0,0,0,0,0,0,0,,0,0,,0,0,0,0
1613791253417,6,1010123456018,76,,1,1,39,1,2,,0,0,0,0,0,0,8,,0,0,0,0,0,0,0,0,0,,0,0,,0,0,0,0
1613791253666,6,1010123456018,76,,1,1,39,1,2,,0,0,0,0,0,0,10,,0,0,0,0,0,0,0,0,0,,0,0,,0,0,0,0
1613791253916,6,1010123456018,76,,1,1,39,1,2,,0,0,0,0,0,0,8.33333,,0,0,0,0,0,0,0,0,0,,0,0,,0,0,0,0
1613791254166,6,1010123456018,76,,1,1,39,1,2,,0,0,0,0,0,0,7.8,,0,0,0,0,0,0,0,0,0,,0,0,,0,0,0,0
1613791254417,6,1010123456018,76,,1,1,39,1,2,,0,0,0,0,0,0,7.6,,0,0,0,0,0,0,0,0,0,,0,0,,0,0,0,0
1613791254666,6,1010123456018,76,,1,1,39,1,2,,0,0,0,0,0,0,7,,0,0,0,0,0,0,0,0,0,,0,0,,0,0,0,0
1613791254916,6,1010123456018,76,,1,1,39,1,2,,0,0,0,0,0,0,8.33333,,0,0,0,0,0,0,0,0,0,,0,0,,0,0,0,0
1613791255166,6,1010123456018,76,,1,1,39,1,2,,0,0,0,0,0,0,8.5,,0,0,0,0,0,0,0,0,0,,0,0,,0,0,0,0
1613791255416,6,1010123456018,76,,1,1,39,1,2,,0,0,0,0,0,0,10.5,,0,0,0,0,0,0,0,0,0,,0,0,,0,0,0,0
1613791255666,6,1010123456018,76,,1,1,39,1,2,,0,0,0,0,0,0,7,,0,0,0,0,0,0,0,0,0,,0,0,,0,0,0,0
1613791255916,6,1010123456018,76,,1,1,39,1,2,,0,0,0,0,0,0,6.75,,0,0,0,0,0,0,0,0,0,,0,0,,0,0,0,0
1613791256166,6,1010123456018,76,,1,1,39,1,2,,0,0,0,0,0,0,6,,15,4,0,0.1,1,0,0,32.5174,31,,0,0,,0,0,0,1
1613791256416,6,1010123456018,76,,1,1,39,1,2,,0,0,0,0,0,0,9,,0,0,0,0,0,0,0,0,0,,0,0,,0,0,0,0
1613791256666,6,1010123456018,76,,1,1,39,1,2,,0,0,0,0,0,0,7.25,,0,0,0,0,0,0,0,0,0,,0,0,,0,0,0,0
1613791256916,6,1010123456018,76,,1,1,39,1,2,,0,0,0,0,0,0,8.33333,,0,0,0,0,0,0,0,0,0,,0,0,,0,0,0,0
1613791257166,6,1010123456018,76,,1,1,39,1,2,,0,0,0,0,0,0,10.3333,,0,0,0,0,0,0,0,0,0,,0,0,,0,0,0,0
1613791257416,6,1010123456018,76,,1,1,39,1,2,,0,0,0,0,0,0,9,,0,0,0,0,0,0,0,0,0,,0,0,,0,0,0,0
1613791257666,6,1010123456018,76,,1,1,39,1,2,,0,0,0,0,0,0,9.8,,0,0,0,0,0,0,0,0,0,,0,0,,0,0,0,0
1613791257916,6,1010123456018,76,,1,1,39,1,2,,0,0,0,0,0,0,7.71429,,0,0,0,0,0,0,0,0,0,,0,0,,0,0,0,0
1613791258166,6,1010123456018,76,,1,1,39,1,2,,0,0,0,0,0,0,7.8,,0,0,0,0,0,0,0,0,0,,0,0,,0,0,0,0
1613791258416,6,1010123456018,76,,1,1,39,1,2,,0,0,0,0,0,0,10.4,,0,0,0,0,0,0,0,0,0,,0,0,,0,0,0,0
1613791258666,6,1010123456018,76,,1,1,39,1,2,,0,0,0,0,0,0,8.33333,,0,0,0,0,0,0,0,0,0,,0,0,,0,0,0,0
1613791258916,6,1010123456018,76,,1,1,39,1,2,,0,0,0,0,0,0,6.57143,,0,0,0,0,0,0,0,0,0,,0,0,,0,0,0,0
1613791259166,6,1010123456018,76,,1,1,39,1,2,,0,0,0,0,0,0,7.2,,0,0,0,0,0,0,0,0,0,,0,0,,0,0,0,0
1613791259416,6,1010123456018,76,,1,1,39,1,2,,0,0,0,0,0,0,8.4,,0,0,0,0,0,0,0,0,0,,0,0,,0,0,0,0
1613791259666,6,1010123456018,76,,1,1,39,1,2,,0,0,0,0,0,0,7.33333,,0,0,0,0,0,0,0,0,0,,0,0,,0,0,0,0
1613791259916,6,1010123456018,76,,1,1,39,1,2,,0,0,0,0,0,0,7.71429,,0,0,0,0,0,0,0,0,0,,0,0,,0,0,0,0
1613791260166,6,1010123456018,76,,1,1,39,1,2,,0,0,0,0,0,0,7.25,,0,0,0,0,0,0,0,0,0,,0,0,,0,0,0,0
1613791260416,6,1010123456018,76,,1,1,39,1,2,,0,0,0,0,0,0,8,,0,0,0,0,0,0,0,0,0,,0,0,,0,0,0,0
1613791260666,6,1010123456018,76,,1,1,39,1,2,,0,0,0,0,0,0,8.66667,,0,0,0,0,0,0,0,0,0,,0,0,,0,0,0,0
1613791260916,6,1010123456018,76,,1,1,39,1,2,,0,0,0,0,0,0,8.83333,,0,0,0,0,0,0,0,0,0,,0,0,,0,0,0,0
1613791261166,6,1010123456018,76,,1,1,39,1,2,,0,0,0,0,0,0,11,,0,0,0,0,0,0,0,0,0,,0,0,,0,0,0,0
1613791261416,6,1010123456018,76,,1,1,39,1,2,,0,0,0,0,0,0,9.2,,0,0,0,0,0,0,0,0,0,,0,0,,0,0,0,0
1613791261666,6,1010123456018,76,,1,1,39,1,2,,0,0,0,0,0,0,7.4,,0,0,0,0,0,0,0,0,0,,0,0,,0,0,0,0
1613791261916,6,1010123456018,76,,1,1,39,1,2,,0,0,0,0,0,0,6.83333,,0,0,0,0,0,0,0,0,0,,0,0,,0,0,0,0
1613791262166,6,1010123456018,76,,1,1,39,1,2,,0,0,0,0,0,0,7.4,,0,0,0,0,0,0,0,0,0,,0,0,,0,0,0,0
1613791262416,6,1010123456018,76,,1,1,39,1,2,,0,0,0,0,0,0,9,,0,0,0,0,0,0,0,0,0,,0,0,,0,0,0,0
1613791262666,6,1010123456018,76,,1,1,39,1,2,,0,0,0,0,0,0,8,,0,0,0,0,0,0,0,0,0,,0,0,,0,0,0,0
1613791262916,6,1010123456018,76,,1,1,39,1,2,,0,0,0,0,0,0,9.2,,0,0,0,0,0,0,0,0,0,,0,0,,0,0,0,0
1613791263166,6,1010123456018,76,,1,1,39,1,2,,0,0,0,0,0,0,7.6,,0,0,0,0,0,0,0,0,0,,0,0,,0,0,0,0
1613791263416,6,1010123456018,76,,1,1,39,1,2,,0,0,0,0,0,0,7.16667,,0,0,0,0,0,0,0,0,0,,0,0,,0,0,0,0
1613791263666,6,1010123456018,76,,1,1,39,1,2,,0,0,0,0,0,0,4.66667,,0,0,0,0,0,0,0,0,0,,0,0,,0,0,0,0
1613791263916,6,1010123456018,76,,1,1,39,1,2,,0,0,0,0,0,0,10,,0,0,0,0,0,0,0,0,0,,0,0,,0,0,0,0
1613791264166,6,1010123456018,76,,1,1,39,1,2,,0,0,0,0,0,0,8.75,,0,0,0,0,0,0,0,0,0,,0,0,,0,0,0,0
1613791264416,6,1010123456018,76,,1,1,39,1,2,,0,0,0,0,0,0,7,,0,0,0,0,0,0,0,0,0,,0,0,,0,0,0,0
1613791264666,6,1010123456018,76,,1,1,39,1,2,,0,0,0,0,0,0,7.5,,0,0,0,0,0,0,0,0,0,,0,0,,0,0,0,0
1613791264916,6,1010123456018,76,,1,1,39,1,2,,0,0,0,0,0,0,8.25,,0,0,0,0,0,0,0,0,0,,0,0,,0,0,0,0
1613791265166,6,1010123456018,76,,1,1,39,1,2,,0,0,0,0,0,0,8.66667,,0,0,0,0,0,0,0,0,0,,0,0,,0,0,0,0
1613791265416,6,1010123456018,76,,1,1,39,1,2,,0,0,0,0,0,0,8.16667,,0,0,0,0,0,0,0,0,0,,0,0,,0,0,0,0
1613791265666,6,1010123456018,76,,1,1,39,1,2,,0,0,0,0,0,0,6.33333,,0,0,0,0,0,0,0,0,0,,0,0,,0,0,0,0
1613791265916,6,1010123456018,76,,1,1,39,1,2,,0,0,0,0,0,0,6.33333,,0,0,0,0,0,0,0,0,0,,0,0,,0,0,0,0
1613791266166,6,1010123456018,76,,1,1,39,1,2,,0,0,0,0,0,0,8.33333,,0,0,0,0,0,0,0,0,0,,0,0,,0,0,0,0
1613791266416,6,1010123456018,76,,1,1,39,1,2,,0,0,0,0,0,0,9,,0,0,0,0,0,0,0,0,0,,0,0,,0,0,0,0
1613791266666,6,1010123456018,76,,1,1,39,1,2,,0,0,0,0,0,0,6,,0,0,0,0,0,0,0,0,0,,0,0,,0,0,0,0
1613791266916,6,1010123456018,76,,1,1,39,1,2,,0,0,0,0,0,0,6.16667,,0,0,0,0,0,0,0,0,0,,0,0,,0,0,0,0
1613791267166,6,1010123456018,76,,1,1,39,1,2,,0,0,0,0,0,0,9.2,,0,0,0,0,0,0,0,0,0,,0,0,,0,0,0,0
1613791267416,6,1010123456018,76,,1,1,39,1,2,,0,0,0,0,0,0,7.75,,0,0,0,0,0,0,0,0,0,,0,0,,0,0,0,0
1613791267666,6,1010123456018,76,,1,1,39,1,2,,0,0,0,0,0,0,7.8,,0,0,0,0,0,0,0,0,0,,0,0,,0,0,0,0
1613791267916,6,1010123456018,76,,1,1,39,1,2,,0,0,0,0,0,0,6.83333,,0,0,0,0,0,0,0,0,0,,0,0,,0,0,0,0
1613791268166,6,1010123456018,76,,1,1,39,1,2,,0,0,0,0,0,0,5.8,,0,0,0,0,0,0,0,0,0,,0,0,,0,0,0,0
1613791268416,6,1010123456018,76,,1,1,39,1,2,,0,0,0,0,0,0,7.8,,0,0,0,0,0,0,0,0,0,,0,0,,0,0,0,0
1613791268666,6,1010123456018,76,,1,1,39,1,2,,0,0,0,0,0,0,8.2,,0,0,0,0,0,0,0,0,0,,0,0,,0,0,0,0
1613791268916,6,1010123456018,76,,1,1,39,1,2,,0,0,0,0,0,0,8.5,,0,0,0,0,0,0,0,0,0,,0,0,,0,0,0,0
1613791269167,6,1010123456018,76,,1,1,39,1,2,,0,0,0,0,0,0,6.66667,,0,0,0,0,0,0,0,0,0,,0,0,,0,0,0,0
1613791269416,6,1010123456018,76,,1,1,39,1,2,,0,0,0,0,0,0,7.25,,0,0,0,0,0,0,0,0,0,,0,0,,0,0,0,0
1613791269666,6,1010123456018,76,,1,1,39,1,2,,0,0,0,0,0,0,7,,0,0,0,0,0,0,0,0,0,,0,0,,0,0,0,0
1613791269916,6,1010123456018,76,,1,1,39,1,2,,0,0,0,0,0,0,5,,0,0,0,0,0,0,0,0,0,,0,0,,0,0,0,0
1613791270166,6,1010123456018,76,,1,1,39,1,2,,0,0,0,0,0,0,8.5,,0,0,0,0,0,0,0,0,0,,0,0,,0,0,0,0
1613791270416,6,1010123456018,76,,1,1,39,1,2,,0,0,0,0,0,0,8,,0,0,0,0,0,0,0,0,0,,0,0,,0,0,0,0
1613791270666,6,1010123456018,76,,1,1,39,1,2,,0,0,0,0,0,0,8.2,,0,0,0,0,0,0,0,0,0,,0,0,,0,0,0,0
1613791270916,6,1010123456018,76,,1,1,39,1,2,,0,0,0,0,0,0,9.28571,,0,0,0,0,0,0,0,0,0,,0,0,,0,0,0,0
1613791271166,6,1010123456018,76,,1,1,39,1,2,,0,0,0,0,0,0,7,,0,0,0,0,0,0,0,0,0,,0,0,,0,0,0,0
1613791271416,6,1010123456018,76,,1,1,39,1,2,,0,0,0,0,0,0,6.8,,0,0,0,0,0,0,0,0,0,,0,0,,0,0,0,0
1613791271666,6,1010123456018,76,,1,1,39,1,2,,0,0,0,0,0,0,7.4,,0,0,0,0,0,0,0,0,0,,0,0,,0,0,0,0
1613791271916,6,1010123456018,76,,1,1,39,1,2,,0,0,0,0,0,0,8.33333,,0,0,0,0,0,0,0,0,0,,0,0,,0,0,0,0
1613791272166,6,1010123456018,76,,1,1,39,1,2,,0,0,0,0,0,0,6.5,,0,0,0,0,0,0,0,0,0,,0,0,,0,0,0,0
1613791272416,6,1010123456018,76,,1,1,39,1,2,,0,0,0,0,0,0,5.33333,,0,0,0,0,0,0,0,0,0,,0,0,,0,0,0,0
1613791272666,6,1010123456018,76,,1,1,39,1,2,,0,0,0,0,0,0,11.3333,,0,0,0,0,0,0,0,0,0,,0,0,,0,0,0,0
1613791272916,6,1010123456018,76,,1,1,39,1,2,,0,0,0,0,0,0,7.16667,,0,0,0,0,0,0,0,0,0,,0,0,,0,0,0,0
1613791273166,6,1010123456018,76,,1,1,39,1,2,,0,0,0,0,0,0,7,,0,0,0,0,0,0,0,0,0,,0,0,,0,0,0,0
1613791273416,6,1010123456018,76,,1,1,39,1,2,,0,0,0,0,0,0,7.25,,0,0,0,0,0,0,0,0,0,,0,0,,0,0,0,0
1613791273666,6,1010123456018,76,,1,1,39,1,2,,0,0,0,0,0,0,7.66667,,0,0,0,0,0,0,0,0,0,,0,0,,0,0,0,0
1613791273916,6,1010123456018,76,,1,1,39,1,2,,0,0,0,0,0,0,7,,0,0,0,0,0,0,0,0,0,,0,0,,0,0,0,0
1613791274166,6,1010123456018,76,,1,1,39,1,2,,0,0,0,0,0,0,9,,0,0,0,0,0,0,0,0,0,,0,0,,0,0,0,0
1613791274416,6,1010123456018,76,,1,1,39,1,2,,0,0,0,0,0,0,8.4,,0,0,0,0,0,0,0,0,0,,0,0,,0,0,0,0
1613791274666,6,1010123456018,76,,1,1,39,1,2,,0,0,0,0,0,0,7.33333,,0,0,0,0,0,0,0,0,0,,0,0,,0,0,0,0
1613791274916,6,1010123456018,76,,1,1,39,1,2,,9,7,0,0.0113735,2,0,7.6,,0,0,0,0,0,0,0,0,0,,0,18,,0,0,0,0
1613791275166,6,1010123456018,76,,1,1,39,1,2,,11.2745,51,0,0.0845301,15,0,8,,11.0714,42,0,0.1,12,91.6667,0,3.80207,31,,0,126,,0,0,0,9.35714
1613791275417,6,1010123456018,76,,1,1,39,1,2,,9.17241,58,0,0.093312,16,0,6.6,,0.1,75,0,0.1,22,95.4545,0,0.576991,0,,0,171,,0,0,0,9.62667
1613791275666,6,1010123456018,76,,1,1,39,1,2,,9.11628,129,0,0.0835663,38,0,7.4,,0,0,0,0,0,0,0,0,0,,105,138,,0,0,0,0
1613791275916,6,1010123456018,76,,1,1,39,1,2,,12.0108,93,0,0.0688193,24,0,10.3333,,0,0,0,0,0,0,0,0,0,,82,84,,0,0,0,0
1613791276166,6,1010123456018,76,,1,1,39,1,2,,11.3636,55,0,0.0408675,17,0,8.33333,,0.1,14,0,0.1,4,25,0,1.18201,31,,48,48,,0,0,0,3.57143
1613791276416,6,1010123456018,76,,1,1,39,1,2,,12.2203,59,0,0.0395823,18,0,8.33333,,0,0,0,0,0,0,0,0,0,,51,51,,0,0,0,0
1613791276666,6,1010123456018,76,,1,1,39,1,2,,13.3867,75,0,0.0683373,22,0,8.33333,,0,0,0,0,0,0,0,0,0,,63,63,,0,0,0,0
1613791276916,6,1010123456018,76,,1,1,39,1,2,,5.72477,218,0,0.0684016,60,0,6,,0,0,0,0,0,0,0,0,0,,192,192,,0,0,0,0
1613791277166,6,1010123456018,76,,1,1,39,1,2,,7.28966,145,0,0.0715502,45,0,6.6,,0.1,33,0,0.1,9,55.5556,0,0.831605,31,,132,141,,0,0,0,6.84848
1613791277416,6,1010123456018,76,,1,1,39,1,2,,4.7459,122,0,0.0399357,35,0,6,,0,0,0,0,0,0,0,0,0,,113,120,,0,0,0,0
1613791277666,6,1010123456018,76,,1,1,39,1,2,,10.2073,82,0,0.0536546,23,0,9,,0,0,0,0,0,0,0,0,0,,70,72,,0,0,0,0
1613791277916,6,1010123456018,76,,1,1,39,1,2,,10.7652,132,0,0.0787149,37,0,7.85714,,0,0,0,0,0,0,0,0,0,,114,114,,0,0,0,0
1613791278166,6,1010123456018,76,,1,1,39,1,2,,12.1081,74,0,0.0559357,23,0,7.33333,,0,12,0,0,4,100,0,0,0,,66,66,,0,0,0,0
1613791278416,6,1010123456018,76,,1,1,39,1,2,,9.27007,137,0,0.0706185,39,0,8.16667,,5.80328,61,0,0.1,17,82.3529,0,8.33676,31,,117,117,,0,0,0,8.37705
1613791278666,6,1010123456018,76,,1,1,39,1,2,,7.84677,124,0,0.0515341,31,0,8.33333,,6,110,0,0.1,30,80,0,7.88004,31,,105,105,,0,0,0,8.52727
1613791278916,6,1010123456018,76,,1,1,39,1,2,,9.46428,112,0,0.05751,33,0,7.28571,,0.1,4,0,0.1,1,0,0,2.38989,0,,96,96,,0,0,0,1
1613791279166,6,1010123456018,76,,1,1,39,1,2,,9.12,75,0,0.0435663,25,0,8.4,,3.46154,13,0,0.1,4,0,0,13.2574,31,,66,66,,0,0,0,1
1613791279416,6,1010123456018,76,,1,1,39,1,2,,10,83,0,0.043502,23,0,8,,0,0,0,0,0,0,0,0,0,,75,75,,0,0,0,0
1613791279666,6,1010123456018,76,,1,1,39,1,2,,6.57143,182,0,0.0829558,53,0,7.16667,,0,0,0,0,0,0,0,0,0,,163,171,,0,0,0,0
1613791279916,6,1010123456018,76,,1,1,39,1,2,,5.49162,179,0,0.0512771,44,0,6.85714,,0,0,0,0,0,0,0,0,0,,161,165,,0,0,0,0
1613791280166,6,1010123456018,76,,1,1,39,1,2,,8.6,45,0,0.0326426,21,0,8,,6.77143,35,0,0.1,10,80,0,6.92105,31,,39,39,,0,0,0,8.2
1613791280416,6,1010123456018,76,,1,1,39,1,2,,13.8367,49,0,0.0423454,14,0,8.66667,,0,0,0,0,0,0,0,0,0,,42,42,,0,0,0,0
1613791280666,6,1010123456018,76,,1,1,39,1,2,,11.5044,113,0,0.0753092,32,0,7.83333,,0,0,0,0,0,0,0,0,0,,96,96,,0,0,0,0
1613791280916,6,1010123456018,76,,1,1,39,1,2,,3.60924,238,0,0.0431807,60,0,5.16667,,0,0,0,0,0,0,0,0,0,,204,204,,0,0,0,0
1613791281166,6,1010123456018,76,,1,1,39,1,2,,4.47917,240,0,0.0806747,75,0,6.33333,,0.1,18,0,0.1,5,20,0,8.80511,31,,223,243,,0,0,0,4.94444
1613791281416,6,1010123456018,76,,1,1,39,1,2,,9.81944,144,20,0.0809639,41,0,7.6,,15,14,0,0,4,100,0,2.51058,0,,123,123,,0,0,0,10
1613791281666,6,1010123456018,76,,1,1,39,1,2,,5.44199,181,0,0.0622008,53,0,7.2,,0,0,0,0,0,0,0,0,0,,153,153,,0,0,0,0
1613791281916,6,1010123456018,76,,1,1,39,1,2,,8.9703,101,0,0.0491888,29,0,6.85714,,0,0,0,0,0,0,0,0,0,,87,87,,0,0,0,0
1613791282166,6,1010123456018,76,,1,1,39,1,2,,5.56875,160,0,0.0614297,46,0,7.16667,,6.58065,31,0,0.1,9,55.5556,0,9.28988,31,,145,147,,0,0,0,6.35484
1613791282416,6,1010123456018,76,,1,1,39,1,2,,5.49315,146,89,0.0507309,41,0,6.66667,,0,0,0,0,0,0,0,0,0,,126,126,,0,0,0,0
1613791282666,6,1010123456018,76,,1,1,39,1,2,,11.6204,108,0,0.0697189,30,0,7.75,,0,0,0,0,0,0,0,0,0,,93,93,,0,0,0,0
1613791282916,6,1010123456018,76,,1,1,39,1,2,,6.16912,136,0,0.0610442,41,0,9,,0,0,0,0,0,0,0,0,0,,117,117,,0,0,0,0
1613791283166,6,1010123456018,76,,1,1,39,1,2,,8.60465,129,0,0.0598233,33,0,7.4,,6.375,32,0,0.1,10,70,0,8.31948,31,,111,111,,0,0,0,7.09375
1613791283416,6,1010123456018,76,,1,1,39,1,2,,2.41615,161,0,0.0369478,50,0,8.16667,,0,0,0,0,0,0,0,0,0,,138,138,,0,0,0,0
1613791283666,6,1010123456018,76,,1,1,39,1,2,,10.2267,75,0,0.0483534,22,0,7.83333,,0,0,0,0,0,0,0,0,0,,68,72,,0,0,0,0
1613791283916,6,1010123456018,76,,1,1,39,1,2,,11.1176,102,0,0.0696546,30,0,8,,0,0,0,0,0,0,0,0,0,,90,90,,0,0,0,0
1613791284166,6,1010123456018,76,,1,1,39,1,2,,10.439,82,0,0.0484498,23,0,9,,0.1,28,0,0.1,8,75,0,0.814317,31,,72,72,,0,0,0,8.85714
1613791284416,6,1010123456018,76,,1,1,39,1,2,,10.5895,95,0,0.0576707,26,0,8,,0,0,0,0,0,0,0,0,0,,81,81,,0,0,0,0
1613791284666,6,1010123456018,76,,1,1,39,1,2,,9.13699,73,0,0.0392932,23,0,6.75,,0,0,0,0,0,0,0,0,0,,66,66,,0,0,0,0
1613791284916,6,1010123456018,76,,1,1,39,1,2,,5.23129,147,0,0.0511486,42,0,7.57143,,0,0,0,0,0,0,0,0,0,,127,129,,0,0,0,0
1613791285166,6,1010123456018,76,,1,1,39,1,2,,11.0625,80,0,0.0538153,24,0,7,,7,24,0,0.1,7,57.1429,0,7.96955,31,,72,72,,0,0,0,6.375
1613791285416,6,1010123456018,76,,1,1,39,1,2,,10.5195,77,0,0.0482892,22,0,8.16667,,0,0,0,0,0,0,0,0,0,,66,66,,0,0,0,0
1613791285666,6,1010123456018,76,,1,1,39,1,2,,7.96347,219,81,0.109044,54,0,6.16667,,0,0,0,0,0,0,0,0,0,,190,198,,0,0,0,0
1613791285916,6,1010123456018,76,,1,1,39,1,2,,8.96947,131,0,0.0708755,45,0,7.57143,,0,0,0,0,0,0,0,0,0,,111,111,,0,0,0,0
1613791286166,6,1010123456018,76,,1,1,39,1,2,,10.6488,168,0,0.102522,48,0,7.83333,,0.1,16,0,0.1,4,25,0,1.96699,31,,149,150,,0,0,0,4.5
1613791286416,6,1010123456018,76,,1,1,39,1,2,,9.55046,109,52,0.0543936,29,0,6.83333,,0,0,0,0,0,0,0,0,0,,93,93,,0,0,0,0
1613791286667,6,1010123456018,76,,1,1,39,1,2,,9.86441,59,0,0.037728,19,0,7.66667,,0,0,0,0,0,0,0,0,0,,51,51,,0,0,0,0
1613791286916,6,1010123456018,76,,1,1,39,1,2,,5.49057,212,0,0.0787791,57,0,8.28571,,0,0,0,0,0,0,0,0,0,,183,189,,0,0,0,0
1613791287166,6,1010123456018,76,,1,1,39,1,2,,10.6154,117,0,0.0806104,38,0,7.83333,,0.1,26,0,0.1,7,57.1429,0,9.02667,31,,111,111,,0,0,0,6.65385
1613791287416,6,1010123456018,76,,1,1,39,1,2,,10.4492,118,108,0.0638072,30,0,8.5,,0,0,0,0,0,0,0,0,0,,102,102,,0,0,0,0
1613791287666,6,1010123456018,76,,1,1,39,1,2,,11.8372,43,0,0.0329317,15,0,9.5,,0,0,0,0,0,0,0,0,0,,36,36,,0,0,0,0
1613791287916,6,1010123456018,76,,1,1,39,1,2,,9.39,100,0,0.0593735,30,0,7.5,,0,0,0,0,0,0,0,0,0,,88,90,,0,0,0,0
1613791288166,6,1010123456018,76,,1,1,39,1,2,,9,72,0,0.0377831,21,0,6.83333,,5.6,25,0,0.1,8,50,0,6.23699,0,,63,63,,0,0,0,5.44
1613791288416,6,1010123456018,76,,1,1,39,1,2,,9.38854,157,0,0.0817028,45,0,6.8,,0,0,0,0,0,0,0,0,0,,138,138,,0,0,0,0
1613791288666,6,1010123456018,76,,1,1,39,1,2,,5.20176,228,0,0.0751486,65,0,7.5,,0,0,0,0,0,0,0,0,0,,195,195,,0,0,0,0
1613791288916,6,1010123456018,76,,1,1,39,1,2,,9.3913,92,0,0.048996,26,0,6.66667,,0,0,0,0,0,0,0,0,0,,78,78,,0,0,0,0
1613791289166,6,1010123456018,76,,1,1,39,1,2,,2.22022,277,0,0.0457831,78,0,5.83333,,13.0455,22,0,0.1,6,66.6667,0,11.799,31,,248,252,,0,0,0,7.13636
1613791289416,6,1010123456018,76,,1,1,39,1,2,,11.7333,90,0,0.0697189,29,0,8.5,,0,0,0,0,0,0,0,0,0,,79,81,,0,0,0,0
1613791289666,6,1010123456018,76,,1,1,39,1,2,,7.35714,168,0,0.0663133,44,0,7.8,,0,0,0,0,0,0,0,0,0,,147,153,,0,0,0,0
1613791289916,6,1010123456018,76,,1,1,39,1,2,,7.0974,154,0,0.0770442,48,0,6.28571,,0,0,0,0,0,0,0,0,0,,132,132,,0,0,0,0
1613791290166,6,1010123456018,76,,1,1,39,1,2,,11.8421,57,0,0.0371084,15,0,8,,4,16,0,0,4,100,0,0.722228,0,,51,51,,0,0,0,10
1613791290416,6,1010123456018,76,,1,1,39,1,2,,8.58333,36,0,0.0216546,11,0,8,,0,0,0,0,0,0,0,0,0,,30,30,,0,0,0,0
1613791290666,6,1010123456018,76,,1,1,39,1,2,,12.2613,111,0,0.0801285,31,0,7.8,,0,0,0,0,0,0,0,0,0,,93,93,,0,0,0,0
1613791290916,6,1010123456018,76,,1,1,39,1,2,,10.96,100,0,0.0588273,27,0,9.28571,,0,0,0,0,0,0,0,0,0,,84,84,,0,0,0,0
1613791291166,6,1010123456018,76,,1,1,39,1,2,,11.2927,82,0,0.0640964,25,0,8.2,,6.26087,23,0,0.1,7,57.1429,0,9.50413,31,,73,75,,0,0,0,5.82609
1613791291416,6,1010123456018,76,,1,1,39,1,2,,12.9655,58,0,0.0474217,16,0,9.2,,0,0,0,0,0,0,0,0,0,,48,48,,0,0,0,0
1613791291666,6,1010123456018,76,,1,1,39,1,2,,10.1273,110,0,0.0698474,32,0,8.83333,,0,0,0,0,0,0,0,0,0,,98,102,,0,0,0,0
1613791291916,6,1010123456018,76,,1,1,39,1,2,,10.4941,85,0,0.053494,24,0,8,,0,0,0,0,0,0,0,0,0,,73,75,,0,0,0,0
1613791292166,6,1010123456018,76,,1,1,39,1,2,,9.69892,93,0,0.0487068,26,0,8.4,,6.26087,23,0,0.1,7,57.1429,0,11.7921,31,,78,78,,0,0,0,6.08696
1613791292416,6,1010123456018,76,,1,1,39,1,2,,4.95652,115,0,0.0395823,33,0,7.4,,0,0,0,0,0,0,0,0,0,,101,105,,0,0,0,0
1613791292666,6,1010123456018,76,,1,1,39,1,2,,5.2994,167,0,0.0570924,48,0,6,,0,0,0,0,0,0,0,0,0,,146,150,,0,0,0,0
1613791292916,6,1010123456018,76,,1,1,39,1,2,,3.09605,177,0,0.0418313,51,0,5.8,,0,0,0,0,0,0,0,0,0,,156,162,,0,0,0,0
1613791293166,6,1010123456018,76,,1,1,39,1,2,,11.025,80,0,0.0590843,23,0,8.66667,,11.1429,7,0,0.1,2,0,0,28.3128,31,,70,72,,0,0,0,1
1613791293416,6,1010123456018,76,,1,1,39,1,2,,13.1842,76,0,0.063743,22,0,8.8,,0,0,0,0,0,0,0,0,0,,66,66,,0,0,0,0
1613791293666,6,1010123456018,76,,1,1,39,1,2,,8.81982,111,0,0.054747,32,0,7.16667,,0,0,0,0,0,0,0,0,0,,102,102,,0,0,0,0
1613791293917,6,1010123456018,76,,1,1,39,1,2,,11.6618,68,0,0.04784,20,0,7.66667,,0,0,0,0,0,0,0,0,0,,63,63,,0,0,0,0
1613791294166,6,1010123456018,76,,1,1,39,1,2,,14.2333,60,0,0.0579598,18,0,9.83333,,15,13,0,0,4,100,0,1.28569,0,,54,54,,0,0,0,10
1613791294416,6,1010123456018,76,,1,1,39,1,2,,4.63571,140,0,0.0404819,40,0,6.2,,0,0,0,0,0,0,0,0,0,,122,126,,0,0,0,0
1613791294666,6,1010123456018,76,,1,1,39,1,2,,4.04673,214,372,0.0539438,53,0,5.5,,0,0,0,0,0,0,0,0,0,,185,186,,0,0,0,0
1613791294916,6,1010123456018,76,,1,1,39,1,2,,11.1538,91,0,0.0783614,34,0,8.85714,,0,0,0,0,0,0,0,0,0,,85,99,,0,0,0,0
1613791295166,6,1010123456018,76,,1,1,39,1,2,,10.359,117,0,0.070008,30,0,8.83333,,0.1,17,0,0.1,6,0,0,15.0044,31,,100,102,,0,0,0,1.23529
1613791295416,6,1010123456018,76,,1,1,39,1,2,,11.1831,71,0,0.0478072,20,0,8.33333,,0,0,0,0,0,0,0,0,0,,60,60,,0,0,0,0
1613791295666,6,1010123456018,76,,1,1,39,1,2,,6.7963,216,0,0.0941687,64,0,8.83333,,0,0,0,0,0,0,0,0,0,,190,198,,0,0,0,0
1613791295916,6,1010123456018,76,,1,1,39,1,2,,10.7753,89,0,0.0538474,24,0,7.71429,,0,0,0,0,0,0,0,0,0,,75,75,,0,0,0,0
1613791296166,6,1010123456018,76,,1,1,39,1,2,,8.0463,108,0,0.0496386,30,0,7.16667,,9.11539,26,0,0.1,7,57.1429,0,7.46652,31,,93,93,,0,0,0,6.69231
1613791296416,6,1010123456018,76,,1,1,39,1,2,,10.6699,103,0,0.0698153,32,0,7.66667,,0,0,0,0,0,0,0,0,0,,88,90,,0,0,0,0
1613791296666,6,1010123456018,76,,1,1,39,1,2,,10.3091,110,0,0.0695582,32,0,7.8,,0,0,0,0,0,0,0,0,0,,96,96,,0,0,0,0
1613791296917,6,1010123456018,76,,1,1,39,1,2,,12.5632,87,0,0.06848,25,0,9.85714,,0,0,0,0,0,0,0,0,0,,75,75,,0,0,0,0
1613791297166,6,1010123456018,76,,1,1,39,1,2,,14.8868,53,0,0.0523052,12,0,8.83333,,12.3871,31,0,0.1,9,66.6667,0,12.9588,31,,47,51,,0,0,0,6.80645
1613791297416,6,1010123456018,76,,1,1,39,1,2,,9.63461,52,0,0.0325141,18,0,7.33333,,0,0,0,0,0,0,0,0,0,,45,45,,0,0,0,0
1613791297666,6,1010123456018,76,,1,1,39,1,2,,12.271,107,0,0.0848193,31,0,8.16667,,0,0,0,0,0,0,0,0,0,,94,96,,0,0,0,0
1613791297916,6,1010123456018,76,,1,1,39,1,2,,6.13008,123,0,0.0501205,35,0,6.71429,,0,0,0,0,0,0,0,0,0,,107,111,,0,0,0,0
1613791298166,6,1010123456018,76,,1,1,39,1,2,,10.7238,105,0,0.0640321,29,0,8.83333,,0.1,10,0,0.1,3,0,0,18.6413,31,,87,87,,0,0,0,1
1613791298416,6,1010123456018,76,,1,1,39,1,2,,5.80447,179,0,0.046008,44,0,6.16667,,0,0,0,0,0,0,0,0,0,,154,156,,0,0,0,0
1613791298666,6,1010123456018,76,,1,1,39,1,2,,12.7846,65,0,0.0690442,26,0,10.4,,0,0,0,0,0,0,0,0,0,,57,57,,0,0,0,0
1613791298916,6,1010123456018,76,,1,1,39,1,2,,15.0411,73,0,0.0734779,21,0,10.2857,,0,0,0,0,0,0,0,0,0,,63,63,,0,0,0,0
1613791299166,6,1010123456018,76,,1,1,39,1,2,,3.25651,269,0,0.0606265,78,0,6.5,,10.1538,26,0,0.1,8,62.5,0,9.50564,31,,234,234,,0,0,0,6.69231
1613791299416,6,1010123456018,76,,1,1,39,1,2,,11.5972,72,0,0.0425703,17,0,8.5,,15,16,0,0,4,100,0,1.7634,0,,60,60,,0,0,0,10
1613791299666,6,1010123456018,76,,1,1,39,1,2,,6.27815,151,123,0.0657349,40,0,8,,0,0,0,0,0,0,0,0,0,,129,129,,0,0,0,0
1613791299916,6,1010123456018,76,,1,1,39,1,2,,4.72558,215,0,0.0640643,67,0,6.6,,0,0,0,0,0,0,0,0,0,,189,189,,0,0,0,0
1613791300166,6,1010123456018,76,,1,1,39,1,2,,9.65714,70,0,0.0379438,20,0,7,,0.1,26,0,0.1,8,50,0,5.60829,31,,60,60,,0,0,0,5.57692
1613791300416,6,1010123456018,76,,1,1,39,1,2,,8.94495,109,0,0.0543614,31,0,5.83333,,0,0,0,0,0,0,0,0,0,,93,93,,0,0,0,0
1613791300666,6,1010123456018,76,,1,1,39,1,2,,6.52778,144,0,0.0504096,38,0,7.5,,0,0,0,0,0,0,0,0,0,,123,123,,0,0,0,0
1613791300916,6,1010123456018,76,,1,1,39,1,2,,9.91736,121,0,0.0806104,37,0,7.71429,,0,0,0,0,0,0,0,0,0,,103,105,,0,0,0,0
1613791301166,6,1010123456018,76,,1,1,39,1,2,,4.73485,264,0,0.0861365,78,0,6.33333,,8.75676,37,0,0.1,11,72.7273,0,5.49641,31,,254,276,,0,0,0,7.56757
1613791301416,6,1010123456018,76,,1,1,39,1,2,,9.07018,57,0,0.0277269,16,0,7,,0,0,0,0,0,0,0,0,0,,48,48,,0,0,0,0
1613791301666,6,1010123456018,76,,1,1,39,1,2,,5.48649,222,0,0.0734779,60,0,7,,0,0,0,0,0,0,0,0,0,,190,192,,0,0,0,0
1613791301916,6,1010123456018,76,,1,1,39,1,2,,9.33083,133,0,0.0760161,41,0,7.28571,,0,0,0,0,0,0,0,0,0,,114,114,,0,0,0,0
1613791302166,6,1010123456018,76,,1,1,39,1,2,,9.43363,113,0,0.065253,34,0,8.8,,7.38462,26,0,0.1,7,57.1429,0,6.01862,31,,102,102,,0,0,0,6.69231
1613791302416,6,1010123456018,76,,1,1,39,1,2,,11.8056,36,0,0.026506,10,0,8.66667,,0,0,0,0,0,0,0,0,0,,30,30,,0,0,0,0
1613791302666,6,1010123456018,76,,1,1,39,1,2,,10.488,125,158,0.0751165,35,0,8.16667,,0,0,0,0,0,0,0,0,0,,105,105,,0,0,0,0
1613791302916,6,1010123456018,76,,1,1,39,1,2,,14.7101,69,0,0.0682088,20,0,9.71429,,0,0,0,0,0,0,0,0,0,,60,60,,0,0,0,0
1613791303166,6,1010123456018,76,,1,1,39,1,2,,11.1607,112,0,0.0747952,32,0,7.83333,,10.0667,15,0,0.1,4,0,0,30.1512,31,,97,99,,0,0,0,1
1613791303416,6,1010123456018,76,,1,1,39,1,2,,9.25781,128,0,0.0656386,37,0,8.16667,,0,0,0,0,0,0,0,0,0,,111,111,,0,0,0,0
1613791303666,6,1010123456018,76,,1,1,39,1,2,,4.64773,176,0,0.0568675,50,0,6.6,,0,0,0,0,0,0,0,0,0,,151,153,,0,0,0,0
1613791303916,6,1010123456018,76,,1,1,39,1,2,,11,119,0,0.0753092,35,0,8,,0,0,0,0,0,0,0,0,0,,108,108,,0,0,0,0
1613791304166,6,1010123456018,76,,1,1,39,1,2,,5.15578,199,20,0.0620723,54,0,8.33333,,15.814,86,0,0.160257,29,82.7586,0,5.1997,31,,171,171,,0,0,0,8.43023
1613791304416,6,1010123456018,76,,1,1,39,1,2,,8.7957,93,0,0.0498956,29,0,6.8,,0,0,0,0,0,0,0,0,0,,78,78,,0,0,0,0
1613791304666,6,1010123456018,76,,1,1,39,1,2,,9.98582,141,158,0.0784578,38,0,7,,0,0,0,0,0,0,0,0,0,,121,123,,0,0,0,0
1613791304916,6,1010123456018,76,,1,1,39,1,2,,6.62963,108,0,0.0477108,33,0,6.57143,,0,0,0,0,0,0,0,0,0,,94,96,,0,0,0,0
1613791305166,6,1010123456018,76,,1,1,39,1,2,,7.17365,167,125,0.0715823,41,0,5.6,,0.1,22,0,0.1,7,85.7143,0,0.528995,31,,152,156,,0,0,0,9.04545
1613791305416,6,1010123456018,76,,1,1,39,1,2,,5.34239,184,0,0.057992,58,0,8.2,,4.61538,26,0,0.1,7,71.4286,0,8.43731,31,,159,159,,0,0,0,7.92308
1613791305666,6,1010123456018,76,,1,1,39,1,2,,10.4,80,0,0.053751,26,0,7.83333,,6.66055,109,0,0.1,30,83.3333,0,8.44332,31,,69,69,,0,0,0,8.76147
1613791305916,6,1010123456018,76,,1,1,39,1,2,,5.44512,164,0,0.0618795,47,0,6.83333,,4.46512,43,0,0.1,11,72.7273,0,6.61395,31,,167,192,,0,0,0,7.69767
1613791306166,6,1010123456018,76,,1,1,39,1,2,,6.44578,249,0,0.0949398,69,0,7.16667,,16,13,0,0,4,100,0,1.8979,0,,216,216,,0,0,0,10
1613791306416,6,1010123456018,76,,1,1,39,1,2,,10.8364,110,46,0.0591165,27,0,8.2,,0.1,7,0,0.1,2,0,0,2.82073,31,,97,99,,0,0,0,1.42857
1613791306666,6,1010123456018,76,,1,1,39,1,2,,6.13426,216,0,0.104996,69,0,6.66667,,0,0,0,0,0,0,0,0,0,,190,192,,0,0,0,0
1613791306916,6,1010123456018,76,,1,1,39,1,2,,4.55238,210,0,0.0581526,61,0,5.57143,,0,0,0,0,0,0,0,0,0,,183,183,,0,0,0,0
1613791307166,6,1010123456018,76,,1,1,39,1,2,,4.28689,244,0,0.0749237,72,0,5.4,,0.1,82,0,0.1,23,65.2174,0,2.44967,31,,252,288,,0,0,0,7.46341
1613791307416,6,1010123456018,76,,1,1,39,1,2,,9.6036,111,0,0.0541687,28,0,7.16667,,0,0,0,0,0,0,0,0,0,,99,99,,0,0,0,0
1613791307666,6,1010123456018,76,,1,1,39,1,2,,4.66667,153,0,0.0515663,48,0,7,,0,0,0,0,0,0,0,0,0,,145,153,,0,0,0,0
1613791307917,6,1010123456018,76,,1,1,39,1,2,,4.36816,201,0,0.067904,58,0,6.71429,,0,0,0,0,0,0,0,0,0,,209,246,,0,0,0,0
1613791308166,6,1010123456018,76,,1,1,39,1,2,,9.70513,78,0,0.0433735,23,0,8.5,,5.53846,26,0,0.1,8,62.5,0,5.94101,31,,72,72,,0,0,0,6.46154
1613791308416,6,1010123456018,76,,1,1,39,1,2,,13.4103,78,0,0.0638715,22,0,9.16667,,0,0,0,0,0,0,0,0,0,,66,66,,0,0,0,0
1613791308666,6,1010123456018,76,,1,1,39,1,2,,4.06557,122,0,0.0350522,35,0,6.5,,0,0,0,0,0,0,0,0,0,,105,105,,0,0,0,0
1613791308916,6,1010123456018,76,,1,1,39,1,2,,8.95968,124,0,0.0657992,37,0,6.33333,,0,0,0,0,0,0,0,0,0,,113,117,,0,0,0,0
1613791309166,6,1010123456018,76,,1,1,39,1,2,,11.0619,97,0,0.0695582,28,0,8,,6.78261,23,0,0.1,7,57.1429,0,7.99035,31,,85,87,,0,0,0,6.34783
1613791309416,6,1010123456018,76,,1,1,39,1,2,,4.98611,144,0,0.0507952,41,0,7.5,,0,0,0,0,0,0,0,0,0,,128,129,,0,0,0,0
1613791309666,6,1010123456018,76,,1,1,39,1,2,,11.496,125,52,0.080739,34,0,9,,0,0,0,0,0,0,0,0,0,,108,108,,0,0,0,0
1613791309916,6,1010123456018,76,,1,1,39,1,2,,9.14851,101,0,0.0594699,31,0,8.85714,,0,0,0,0,0,0,0,0,0,,87,87,,0,0,0,0
1613791310166,6,1010123456018,76,,1,1,39,1,2,,11.9041,73,0,0.0530442,21,0,8.16667,,0.1,11,0,0.1,3,0,0,2.09035,31,,63,63,,0,0,0,3.27273
1613791310416,6,1010123456018,76,,1,1,39,1,2,,10.5625,48,0,0.0270843,13,0,7.83333,,0,0,0,0,0,0,0,0,0,,39,39,,0,0,0,0
1613791310666,6,1010123456018,76,,1,1,39,1,2,,3.8587,184,262,0.0498956,45,0,6,,0,0,0,0,0,0,0,0,0,,168,186,,0,0,0,0
1613791310916,6,1010123456018,76,,1,1,39,1,2,,8.96644,149,0,0.079004,50,0,7.42857,,0,0,0,0,0,0,0,0,0,,126,126,,0,0,0,0
1613791311166,6,1010123456018,76,,1,1,39,1,2,,12.9605,76,0,0.0586988,21,0,8.66667,,8.57143,42,0,0.1,12,66.6667,0,7.82717,31,,67,69,,0,0,0,7
1613791311416,6,1010123456018,76,,1,1,39,1,2,,11.6892,74,0,0.0479357,20,0,7.83333,,0,0,0,0,0,0,0,0,0,,63,63,,0,0,0,0
1613791311666,6,1010123456018,76,,1,1,39,1,2,,8.68132,91,0,0.0642249,28,0,6.83333,,0,0,0,0,0,0,0,0,0,,84,93,,0,0,0,0
1613791311916,6,1010123456018,76,,1,1,39,1,2,,9.96899,129,0,0.0702972,34,0,7.42857,,0,0,0,0,0,0,0,0,0,,112,114,,0,0,0,0
1613791312166,6,1010123456018,76,,1,1,39,1,2,,10.4583,96,0,0.0645783,31,0,8.16667,,13.2857,7,0,0.1,2,0,0,33.0173,31,,85,87,,0,0,0,1
1613791312416,6,1010123456018,76,,1,1,39,1,2,,11.4706,136,0,0.0912129,39,0,8.8,,0,0,0,0,0,0,0,0,0,,120,120,,0,0,0,0
1613791312666,6,1010123456018,76,,1,1,39,1,2,,9.50505,99,0,0.0542008,28,0,9,,0,0,0,0,0,0,0,0,0,,84,84,,0,0,0,0
1613791312916,6,1010123456018,76,,1,1,39,1,2,,3.65398,289,145,0.0622651,74,0,5.28571,,0,0,0,0,0,0,0,0,0,,253,261,,0,0,0,0
1613791313166,6,1010123456018,76,,1,1,39,1,2,,11.3974,151,0,0.115598,52,0,9.33333,,0,11,0,0,4,100,0,0,0,,133,135,,0,0,0,0
1613791313416,6,1010123456018,76,,1,1,39,1,2,,3.97211,251,74,0.0702329,64,0,5.5,,0,0,0,0,0,0,0,0,0,,221,225,,0,0,0,0
1613791313666,6,1010123456018,76,,1,1,39,1,2,,7.92258,155,0,0.0768514,52,0,8,,0,0,0,0,0,0,0,0,0,,132,132,,0,0,0,0
1613791313916,6,1010123456018,76,,1,1,39,1,2,,12.4524,42,0,0.0294618,11,0,9.42857,,0,0,0,0,0,0,0,0,0,,36,36,,0,0,0,0
1613791314166,6,1010123456018,76,,1,1,39,1,2,,9.18478,92,0,0.0512771,27,0,8.6,,0.1,29,0,0.1,8,50,0,1.44082,31,,78,78,,0,0,0,6.03448
1613791314416,6,1010123456018,76,,1,1,39,1,2,,3.94286,245,0,0.0588916,67,0,6,,0,0,0,0,0,0,0,0,0,,214,222,,0,0,0,0
1613791314666,6,1010123456018,76,,1,1,39,1,2,,6.2028,143,0,0.0613976,44,0,7.83333,,0,0,0,0,0,0,0,0,0,,124,126,,0,0,0,0
1613791314917,6,1010123456018,76,,1,1,39,1,2,,10.5032,155,0,0.093728,43,0,8.33333,,0,0,0,0,0,0,0,0,0,,133,135,,0,0,0,0
1613791315166,6,1010123456018,76,,1,1,39,1,2,,11.78,50,0,0.0398715,16,0,8.33333,,0.1,32,0,0.1,9,55.5556,0,1.11209,31,,45,45,,0,0,0,6.34375
1613791315416,6,1010123456018,76,,1,1,39,1,2,,10.0217,92,0,0.0539116,27,0,7.8,,0,0,0,0,0,0,0,0,0,,81,81,,0,0,0,0
1613791315666,6,1010123456018,76,,1,1,39,1,2,,10.5093,108,0,0.0646426,31,0,7.33333,,0,0,0,0,0,0,0,0,0,,93,93,,0,0,0,0
1613791315916,6,1010123456018,76,,1,1,39,1,2,,10,95,0,0.0541687,27,0,7.66667,,0,0,0,0,0,0,0,0,0,,81,81,,0,0,0,0
1613791316166,6,1010123456018,76,,1,1,39,1,2,,10.3908,87,0,0.0542008,26,0,7.66667,,0.1,21,0,0.1,7,71.4286,0,0.1,31,,78,78,,0,0,0,9.90476
1613791316417,6,1010123456018,76,,1,1,39,1,2,,10.1827,104,0,0.060192,30,0,6.66667,,0,0,0,0,0,0,0,0,0,,93,93,,0,0,0,0
1613791316667,6,1010123456018,76,,1,1,39,1,2,,8.27119,118,0,0.05952,31,0,8,,0,0,0,0,0,0,0,0,0,,104,108,,0,0,0,0
1613791316916,6,1010123456018,76,,1,1,39,1,2,,10.4667,45,0,0.0324498,16,0,7,,0,0,0,0,0,0,0,0,0,,39,39,,0,0,0,0
1613791317166,6,1010123456018,76,,1,1,39,1,2,,8.54839,124,0,0.0603695,36,0,6.66667,,3.08861,79,0,0.1,25,72,0,6.70408,31,,108,108,,0,0,0,7.73418
1613791317416,6,1010123456018,76,,1,1,39,1,2,,11.7692,52,0,0.0375261,15,0,7.66667,,0,0,0,0,0,0,0,0,0,,45,45,,0,0,0,0
1613791317666,6,1010123456018,76,,1,1,39,1,2,,11.6667,24,0,0.0160643,7,0,7.8,,0,0,0,0,0,0,0,0,0,,21,21,,0,0,0,0
1613791317916,6,1010123456018,76,,1,1,39,1,2,,8.83721,129,0,0.0653815,37,0,7.33333,,0,0,0,0,0,0,0,0,0,,111,111,,0,0,0,0
1613791318166,6,1010123456018,76,,1,1,39,1,2,,8.79775,89,0,0.0434699,25,0,6.66667,,6.26087,23,0,0.1,7,57.1429,0,9.65314,31,,78,78,,0,0,0,5.82609
1613791318416,6,1010123456018,76,,1,1,39,1,2,,5.69231,143,0,0.0508594,41,0,7.33333,,0,0,0,0,0,0,0,0,0,,123,123,,0,0,0,0
1613791318666,6,1010123456018,76,,1,1,39,1,2,,6.80769,182,0,0.0826345,52,0,6.5,,0,0,0,0,0,0,0,0,0,,167,177,,0,0,0,0
1613791318916,6,1010123456018,76,,1,1,39,1,2,,9.69369,111,105,0.0596305,31,0,7.42857,,0,0,0,0,0,0,0,0,0,,97,99,,0,0,0,0
1613791319166,6,1010123456018,76,,1,1,39,1,2,,9.60684,117,0,0.0633253,33,0,7,,0.1,28,0,0.1,8,62.5,0,0.910699,31,,102,102,,0,0,0,6.96429
1613791319416,6,1010123456018,76,,1,1,39,1,2,,11.3068,88,69,0.0606265,27,0,7.66667,,0,0,0,0,0,0,0,0,0,,78,78,,0,0,0,0
1613791319666,6,1010123456018,76,,1,1,39,1,2,,9.7907,86,0,0.0488032,25,0,6.5,,0,0,0,0,0,0,0,0,0,,72,72,,0,0,0,0
1613791319916,6,1010123456018,76,,1,1,39,1,2,,8.81818,88,0,0.0435341,25,0,7,,0,0,0,0,0,0,0,0,0,,75,75,,0,0,0,0
1613791320166,6,1010123456018,76,,1,1,39,1,2,,6.66912,136,0,0.0520482,36,0,6.66667,,15.1163,86,0,0.117044,28,85.7143,0,5.26853,31,,120,126,,0,0,0,8.74419
1613791320416,6,1010123456018,76,,1,1,39,1,2,,6.86875,160,0,0.0805783,49,0,8.33333,,0,0,0,0,0,0,0,0,0,,139,141,,0,0,0,0
1613791320666,6,1010123456018,76,,1,1,39,1,2,,10.1824,159,0,0.0858795,42,0,8,,0,0,0,0,0,0,0,0,0,,135,135,,0,0,0,0
1613791320916,6,1010123456018,76,,1,1,39,1,2,,9.95055,182,0,0.10249,52,0,7.85714,,0,0,0,0,0,0,0,0,0,,153,153,,0,0,0,0
1613791321166,6,1010123456018,76,,1,1,39,1,2,,8.44546,110,0,0.0545863,31,0,8.83333,,13.6327,49,0,0.1,16,75,0,9.03576,31,,99,99,,0,0,0,7.06122
1613791321416,6,1010123456018,76,,1,1,39,1,2,,13.5213,94,0,0.0798072,28,0,8.33333,,0,0,0,0,0,0,0,0,0,,82,84,,0,0,0,0
1613791321666,6,1010123456018,76,,1,1,39,1,2,,11.0167,120,0,0.081253,36,0,7.75,,0,0,0,0,0,0,0,0,0,,102,102,,0,0,0,0
1613791321916,6,1010123456018,76,,1,1,39,1,2,,10.4851,101,158,0.064,29,0,6.5,,0,0,0,0,0,0,0,0,0,,87,87,,0,0,0,0
1613791322166,6,1010123456018,76,,1,1,39,1,2,,5.15517,232,0,0.0843052,67,0,8.33333,,4.875,40,0,0.1,12,50,0,6.60775,31,,217,237,,0,0,0,5.775
1613791322416,6,1010123456018,76,,1,1,39,1,2,,8.38168,131,224,0.0598876,31,0,6.4,,0,0,0,0,0,0,0,0,0,,116,120,,0,0,0,0
1613791322666,6,1010123456018,76,,1,1,39,1,2,,8.46207,145,0,0.0722892,46,0,10,,0,0,0,0,0,0,0,0,0,,125,129,,0,0,0,0
1613791322916,6,1010123456018,76,,1,1,39,1,2,,9.78813,118,0,0.0754378,36,0,7.5,,0,0,0,0,0,0,0,0,0,,102,102,,0,0,0,0
1613791323166,6,1010123456018,76,,1,1,39,1,2,,11.427,89,158,0.058988,25,0,7.2,,0.1,19,0,0.1,6,33.3333,0,1.36219,31,,75,75,,0,0,0,5.10526
1613791323416,6,1010123456018,76,,1,1,39,1,2,,7.97516,161,0,0.0714859,46,0,6,,0,0,0,0,0,0,0,0,0,,141,141,,0,0,0,0
1613791323666,6,1010123456018,76,,1,1,39,1,2,,6.27041,196,0,0.0781044,56,0,7.16667,,0,0,0,0,0,0,0,0,0,,168,168,,0,0,0,0
1613791323916,6,1010123456018,76,,1,1,39,1,2,,5.15426,188,0,0.05751,53,0,6.85714,,0,0,0,0,0,0,0,0,0,,163,165,,0,0,0,0
1613791324166,6,1010123456018,76,,1,1,39,1,2,,7.22816,206,0,0.104578,61,0,6.16667,,13.6087,92,0,0.1,29,82.7586,0,4.39234,31,,200,213,,0,0,0,8.40217
1613791324416,6,1010123456018,76,,1,1,39,1,2,,9.21053,95,0,0.0487711,27,0,6.83333,,0,0,0,0,0,0,0,0,0,,81,81,,0,0,0,0
1613791324666,6,1010123456018,76,,1,1,39,1,2,,9.04132,121,0,0.0604016,35,0,6.75,,0,0,0,0,0,0,0,0,0,,105,105,,0,0,0,0
1613791324916,6,1010123456018,76,,1,1,39,1,2,,11.2838,74,0,0.048257,21,0,8.14286,,0,0,0,0,0,0,0,0,0,,63,63,,0,0,0,0
1613791325166,6,1010123456018,76,,1,1,39,1,2,,6.25,116,231,0.0396787,26,0,5.83333,,0,12,0,0,4,100,0,0,0,,102,102,,0,0,0,0
1613791325416,6,1010123456018,76,,1,1,39,1,2,,6.08589,163,0,0.077012,55,0,7.4,,0,12,0,0,4,100,0,0,0,,175,201,,0,0,0,0
1613791325666,6,1010123456018,76,,1,1,39,1,2,,10.4058,138,0,0.0813815,39,0,6.8,,0,0,0,0,0,0,0,0,0,,118,120,,0,0,0,0
1613791325916,6,1010123456018,76,,1,1,39,1,2,,10.0276,145,0,0.0864257,43,0,8.14286,,0,0,0,0,0,0,0,0,0,,129,129,,0,0,0,0
1613791326166,6,1010123456018,76,,1,1,39,1,2,,10.1149,87,0,0.0535261,26,0,7.8,,1.69231,52,0,0.1,17,47.0588,0,9.33937,31,,78,78,,0,0,0,5.38462
1613791326416,6,1010123456018,76,,1,1,39,1,2,,11.5753,73,0,0.0458474,20,0,7.83333,,0,0,0,0,0,0,0,0,0,,66,66,,0,0,0,0
1613791326666,6,1010123456018,76,,1,1,39,1,2,,10.7752,129,0,0.0832771,38,0,8,,0,0,0,0,0,0,0,0,0,,112,114,,0,0,0,0
1613791326916,6,1010123456018,76,,1,1,39,1,2,,10.0377,106,0,0.0592129,30,0,8.33333,,0,0,0,0,0,0,0,0,0,,93,93,,0,0,0,0
1613791327166,6,1010123456018,76,,1,1,39,1,2,,6.14,100,0,0.0392932,29,0,7.33333,,14.6559,93,0,0.1,28,85.7143,0,4.42932,31,,87,87,,0,0,0,8.74194
1613791327417,6,1010123456018,76,,1,1,39,1,2,,9.03125,64,0,0.032256,18,0,6.66667,,0,0,0,0,0,0,0,0,0,,54,54,,0,0,0,0
1613791327666,6,1010123456018,76,,1,1,39,1,2,,14.234,47,0,0.041992,13,0,9.83333,,0,0,0,0,0,0,0,0,0,,39,39,,0,0,0,0
1613791327916,6,1010123456018,76,,1,1,39,1,2,,10.6404,89,0,0.054008,26,0,7,,0,0,0,0,0,0,0,0,0,,78,78,,0,0,0,0
1613791328166,6,1010123456018,76,,1,1,39,1,2,,7.93103,87,0,0.0385221,25,0,8.4,,10.6667,39,0,0.1,11,72.7273,0,9.52088,31,,75,75,,0,0,0,7.46154
1613791328416,6,1010123456018,76,,1,1,39,1,2,,6.58763,194,0,0.0831807,55,0,6.5,,0,0,0,0,0,0,0,0,0,,185,210,,0,0,0,0
1613791328666,6,1010123456018,76,,1,1,39,1,2,,12.4944,89,0,0.0691727,26,0,7.66667,,0,0,0,0,0,0,0,0,0,,78,78,,0,0,0,0
1613791328916,6,1010123456018,76,,1,1,39,1,2,,2.92913,254,0,0.055004,72,0,5.66667,,0,0,0,0,0,0,0,0,0,,216,216,,0,0,0,0
1613791329166,6,1010123456018,76,,1,1,39,1,2,,3.34317,271,0,0.0707149,77,0,8.33333,,14.4783,23,0,0.1,6,66.6667,0,12.4754,31,,242,246,,0,0,0,6.86957
1613791329416,6,1010123456018,76,,1,1,39,1,2,,8.77778,126,0,0.0660562,38,0,6.4,,0,0,0,0,0,0,0,0,0,,108,108,,0,0,0,0
1613791329666,6,1010123456018,76,,1,1,39,1,2,,10.3776,98,20,0.0539116,26,0,7.5,,0,0,0,0,0,0,0,0,0,,84,84,,0,0,0,0
1613791329916,6,1010123456018,76,,1,1,39,1,2,,12.4414,111,0,0.0864578,31,0,9.83333,,0,0,0,0,0,0,0,0,0,,94,96,,0,0,0,0
1613791330166,6,1010123456018,76,,1,1,39,1,2,,9.58586,99,0,0.0628755,31,0,7,,12.8636,22,0,0.1,7,57.1429,0,13.8068,31,,88,90,,0,0,0,6.31818
1613791330416,6,1010123456018,76,,1,1,39,1,2,,9.50435,115,0,0.0603052,26,0,9.25,,0,0,0,0,0,0,0,0,0,,100,102,,0,0,0,0
1613791330666,6,1010123456018,76,,1,1,39,1,2,,10.3793,87,0,0.063261,32,0,9.33333,,0,0,0,0,0,0,0,0,0,,75,75,,0,0,0,0
1613791330916,6,1010123456018,76,,1,1,39,1,2,,8.79259,135,0,0.0601125,33,0,7,,0,0,0,0,0,0,0,0,0,,121,123,,0,0,0,0
1613791331166,6,1010123456018,76,,1,1,39,1,2,,9.07317,41,0,0.0328996,18,0,8.33333,,0.1,31,0,0.1,10,60,0,5.26823,31,,36,36,,0,0,0,7.25806
1613791331416,6,1010123456018,76,,1,1,39,1,2,,8.80556,72,49,0.0217831,13,0,7.75,,0,0,0,0,0,0,0,0,0,,61,63,,0,0,0,0
1613791331666,6,1010123456018,76,,1,1,39,1,2,,12.7387,111,0,0.107052,39,0,8.5,,0,0,0,0,0,0,0,0,0,,97,99,,0,0,0,0
1613791331916,6,1010123456018,76,,1,1,39,1,2,,9.96364,55,0,0.0321606,16,0,7.66667,,0,0,0,0,0,0,0,0,0,,48,48,,0,0,0,0
1613791332166,6,1010123456018,76,,1,1,39,1,2,,11.6477,88,0,0.0586345,25,0,8.8,,0,6,0,0.1,2,0,0,0,31,,75,75,,0,0,0,0
1613791332416,6,1010123456018,76,,1,1,39,1,2,,13.0204,49,0,0.0378474,14,0,7.6,,0,0,0,0,0,0,0,0,0,,42,42,,0,0,0,0
1613791332666,6,1010123456018,76,,1,1,39,1,2,,4.36806,144,0,0.0407711,41,0,6.2,,0,0,0,0,0,0,0,0,0,,123,123,,0,0,0,0
1613791332916,6,1010123456018,76,,1,1,39,1,2,,9.66337,101,0,0.0488675,26,0,6.66667,,0,0,0,0,0,0,0,0,0,,87,87,,0,0,0,0
1613791333166,6,1010123456018,76,,1,1,39,1,2,,7.97758,223,0,0.101237,64,0,5.66667,,15.1111,72,0,0.211213,22,72.7273,0,8.22863,31,,193,195,,0,0,0,7.375
1613791333416,6,1010123456018,76,,1,1,39,1,2,,5.02256,133,0,0.0440161,41,0,4.83333,,0,0,0,0,0,0,0,0,0,,115,117,,0,0,0,0
1613791333666,6,1010123456018,76,,1,1,39,1,2,,10.0662,136,0,0.0759197,39,0,7,,0,0,0,0,0,0,0,0,0,,117,117,,0,0,0,0
1613791333916,6,1010123456018,76,,1,1,39,1,2,,9.97576,165,0,0.0863293,44,0,7.6,,0,0,0,0,0,0,0,0,0,,145,147,,0,0,0,0
1613791334166,6,1010123456018,76,,1,1,39,1,2,,10.0612,98,0,0.0647068,31,0,7.33333,,0.1,15,0,0,4,100,0,0.595727,0,,85,87,,0,0,0,10
1613791334416,6,1010123456018,76,,1,1,39,1,2,,11.1579,57,0,0.0388434,15,0,6.8,,6.6,40,0,0.1,12,83.3333,0,10.052,31,,48,48,,0,0,0,8.2
1613791334666,6,1010123456018,76,,1,1,39,1,2,,9.22115,104,0,0.0580562,31,0,8,,3.34884,43,0,0.1,13,69.2308,0,7.66167,31,,88,90,,0,0,0,6.65116
1613791334916,6,1010123456018,76,,1,1,39,1,2,,11.2872,94,0,0.0590201,25,0,7.28571,,0,0,0,0,0,0,0,0,0,,82,84,,0,0,0,0
1613791335166,6,1010123456018,76,,1,1,39,1,2,,9.99435,177,0,0.102008,51,0,8,,0.1,32,0,0.1,10,60,0,0.423711,31,,159,159,,0,0,0,7.5
1613791335416,6,1010123456018,76,,1,1,39,1,2,,4.9359,156,0,0.0571245,47,0,6.33333,,0,0,0,0,0,0,0,0,0,,132,132,,0,0,0,0
1613791335666,6,1010123456018,76,,1,1,39,1,2,,10.0688,160,0,0.0888353,44,0,7,,0,0,0,0,0,0,0,0,0,,142,144,,0,0,0,0
1613791335916,6,1010123456018,76,,1,1,39,1,2,,2.51497,334,0,0.0656707,96,0,7.14286,,0,0,0,0,0,0,0,0,0,,293,309,,0,0,0,0
1613791336166,6,1010123456018,76,,1,1,39,1,2,,9.7284,81,0,0.0535582,24,0,7,,0,12,0,0,4,100,0,0,0,,73,75,,0,0,0,0
1613791336416,6,1010123456018,76,,1,1,39,1,2,,7.61062,113,217,0.0552289,25,0,7.5,,4.5,32,0,0.1,10,70,0,8.62967,31,,99,99,,0,0,0,7
1613791336666,6,1010123456018,76,,1,1,39,1,2,,7.2069,232,0,0.0935261,70,0,7,,0,0,0,0,0,0,0,0,0,,198,198,,0,0,0,0
1613791336916,6,1010123456018,76,,1,1,39,1,2,,3.16049,162,0,0.036241,46,0,7.4,,0,0,0,0,0,0,0,0,0,,138,138,,0,0,0,0
1613791337166,6,1010123456018,76,,1,1,39,1,2,,3.84018,219,69,0.0637108,65,0,5.83333,,3.21053,76,0,0.1,22,72.7273,0,7.07643,31,,206,222,,0,0,0,7.76316
1613791337417,6,1010123456018,76,,1,1,39,1,2,,4.45327,214,158,0.073472,62,0,5.6,,0,0,0,0,0,0,0,0,0,,236,270,,0,0,0,0
1613791337666,6,1010123456018,76,,1,1,39,1,2,,5.1746,252,0,0.074249,68,0,7.33333,,0,0,0,0,0,0,0,0,0,,217,225,,0,0,0,0
1613791337916,6,1010123456018,76,,1,1,39,1,2,,11.7215,79,0,0.0537831,24,0,7.5,,0,0,0,0,0,0,0,0,0,,69,69,,0,0,0,0
1613791338166,6,1010123456018,76,,1,1,39,1,2,,12.2162,37,0,0.0324498,13,0,7,,0.1,9,0,0.1,3,0,0,3.11778,31,,33,33,,0,0,0,1.44444
1613791338416,6,1010123456018,76,,1,1,39,1,2,,10.7213,122,0,0.0773655,33,0,8,,0,0,0,0,0,0,0,0,0,,106,108,,0,0,0,0
1613791338666,6,1010123456018,76,,1,1,39,1,2,,8.63291,79,0,0.0412209,25,0,6,,0,0,0,0,0,0,0,0,0,,69,69,,0,0,0,0
1613791338916,6,1010123456018,76,,1,1,39,1,2,,14.5962,52,0,0.0474217,15,0,9,,0,0,0,0,0,0,0,0,0,,45,45,,0,0,0,0
1613791339166,6,1010123456018,76,,1,1,39,1,2,,9.83333,120,0,0.0753092,34,0,8.16667,,0.1,15,0,0,4,100,0,0.811339,0,,103,105,,0,0,0,10
1613791339416,6,1010123456018,76,,1,1,39,1,2,,10.5692,65,0,0.0378795,18,0,8,,0.1,7,0,0.1,2,0,0,1.8289,31,,54,54,,0,0,0,2.14286
1613791339666,6,1010123456018,76,,1,1,39,1,2,,9.68605,86,0,0.0484819,25,0,6.8,,0,0,0,0,0,0,0,0,0,,75,75,,0,0,0,0
1613791339917,6,1010123456018,76,,1,1,39,1,2,,11.2202,109,0,0.064352,29,0,7.57143,,0,0,0,0,0,0,0,0,0,,96,96,,0,0,0,0
1613791340166,6,1010123456018,76,,1,1,39,1,2,,8.94886,176,0,0.0977992,53,0,6.4,,6.75,44,0,0.1,15,80,0,6.58081,31,,152,156,,0,0,0,8.36364
1613791340416,6,1010123456018,76,,1,1,39,1,2,,9.84034,119,0,0.0596627,31,0,6.75,,0,0,0,0,0,0,0,0,0,,102,102,,0,0,0,0
1613791340666,6,1010123456018,76,,1,1,39,1,2,,6.2337,184,0,0.0775582,56,0,6.33333,,0,0,0,0,0,0,0,0,0,,172,189,,0,0,0,0
1613791340916,6,1010123456018,76,,1,1,39,1,2,,5.7402,204,0,0.0682731,56,0,8,,0,0,0,0,0,0,0,0,0,,174,174,,0,0,0,0
1613791341166,6,1010123456018,76,,1,1,39,1,2,,9.8,110,156,0.0649639,32,0,7.2,,14,6,0,0.1,2,0,0,27.4044,31,,100,102,,0,0,0,1
1613791341416,6,1010123456018,76,,1,1,39,1,2,,9.79487,78,0,0.0486747,25,0,7.66667,,0,0,0,0,0,0,0,0,0,,66,66,,0,0,0,0
1613791341666,6,1010123456018,76,,1,1,39,1,2,,3.51471,204,0,0.0535904,60,0,5.8,,0,0,0,0,0,0,0,0,0,,183,189,,0,0,0,0
1613791341916,6,1010123456018,76,,1,1,39,1,2,,9.26957,115,0,0.0600482,33,0,7.28571,,0,0,0,0,0,0,0,0,0,,99,99,,0,0,0,0
1613791342166,6,1010123456018,76,,1,1,39,1,2,,9.55319,94,0,0.0489317,27,0,8.83333,,13.5,8,0,0.1,2,0,0,32.9016,31,,84,84,,0,0,0,1
1613791342416,6,1010123456018,76,,1,1,39,1,2,,6.48734,158,71,0.0665703,38,0,6.2,,0,0,0,0,0,0,0,0,0,,135,135,,0,0,0,0
1613791342666,6,1010123456018,76,,1,1,39,1,2,,7.89032,155,0,0.076498,50,0,8,,0,0,0,0,0,0,0,0,0,,140,147,,0,0,0,0
1613791342916,6,1010123456018,76,,1,1,39,1,2,,11.6232,69,0,0.0534618,23,0,9.16667,,0,0,0,0,0,0,0,0,0,,60,60,,0,0,0,0
1613791343166,6,1010123456018,76,,1,1,39,1,2,,11.746,63,0,0.0479679,18,0,8.66667,,13.5,8,0,0.1,2,0,0,32.1358,31,,55,57,,0,0,0,1
1613791343416,6,1010123456018,76,,1,1,39,1,2,,3.35484,217,0,0.0486426,62,0,5.5,,0,0,0,0,0,0,0,0,0,,186,186,,0,0,0,0
1613791343666,6,1010123456018,76,,1,1,39,1,2,,3.90476,105,0,0.0296225,30,0,8.5,,0,0,0,0,0,0,0,0,0,,94,96,,0,0,0,0
1613791343916,6,1010123456018,76,,1,1,39,1,2,,6.76271,177,0,0.0725141,51,0,6,,0,0,0,0,0,0,0,0,0,,155,159,,0,0,0,0
1613791344166,6,1010123456018,76,,1,1,39,1,2,,3.83051,177,0,0.0522088,52,0,8,,15,13,0,0,4,100,0,1.12515,0,,156,156,,0,0,0,10
1613791344417,6,1010123456018,76,,1,1,39,1,2,,9.92079,101,156,0.053792,26,0,7.33333,,0,0,0,0,0,0,0,0,0,,88,90,,0,0,0,0
1613791344666,6,1010123456018,76,,1,1,39,1,2,,4.57143,210,0,0.063743,61,0,6.66667,,0,0,0,0,0,0,0,0,0,,185,186,,0,0,0,0
1613791344916,6,1010123456018,76,,1,1,39,1,2,,5.67391,184,60,0.061751,48,0,6.5,,0,0,0,0,0,0,0,0,0,,157,159,,0,0,0,0
1613791345166,6,1010123456018,76,,1,1,39,1,2,,8.86667,120,0,0.0710361,41,0,5.66667,,15.4133,75,0,0.161028,25,80,0,5.97681,31,,109,111,,0,0,0,8.2
1613791345416,6,1010123456018,76,,1,1,39,1,2,,12.3614,83,0,0.0642249,24,0,9,,0,0,0,0,0,0,0,0,0,,73,75,,0,0,0,0
1613791345666,6,1010123456018,76,,1,1,39,1,2,,10.4,100,20,0.0525944,25,0,6.8,,0,0,0,0,0,0,0,0,0,,84,84,,0,0,0,0
1613791345916,6,1010123456018,76,,1,1,39,1,2,,10.3551,107,0,0.0709076,34,0,7.33333,,0,0,0,0,0,0,0,0,0,,93,93,,0,0,0,0
1613791346167,6,1010123456018,76,,1,1,39,1,2,,9.91139,79,0,0.05328,23,0,8,,0.1,13,0,0,4,100,0,0.611771,0,,70,72,,0,0,0,10
1613791346416,6,1010123456018,76,,1,1,39,1,2,,3.18092,304,0,0.0763695,83,0,7.8,,0.1,7,0,0.1,2,0,0,1.9599,31,,300,351,,0,0,0,1.57143
1613791346666,6,1010123456018,76,,1,1,39,1,2,,4.74771,218,172,0.0710361,59,0,6.16667,,0,0,0,0,0,0,0,0,0,,189,189,,0,0,0,0
1613791346916,6,1010123456018,76,,1,1,39,1,2,,1.71429,252,0,0.0427309,79,0,4.83333,,0,0,0,0,0,0,0,0,0,,216,222,,0,0,0,0
1613791347167,6,1010123456018,76,,1,1,39,1,2,,7.41714,175,0,0.076608,47,0,7.6,,0.1,10,0,0.1,3,0,0,10.5567,31,,159,171,,0,0,0,1
1613791347416,6,1010123456018,76,,1,1,39,1,2,,9.94355,124,0,0.0758876,39,0,8.5,,0,0,0,0,0,0,0,0,0,,108,108,,0,0,0,0
1613791347666,6,1010123456018,76,,1,1,39,1,2,,4.31613,155,98,0.04,36,0,7,,0,0,0,0,0,0,0,0,0,,133,135,,0,0,0,0
1613791347916,6,1010123456018,76,,1,1,39,1,2,,9.7931,87,0,0.0516627,31,0,8.85714,,0,0,0,0,0,0,0,0,0,,75,75,,0,0,0,0
1613791348166,6,1010123456018,76,,1,1,39,1,2,,6.14458,166,0,0.0642892,46,0,6,,0,10,0,0,4,100,0,0,0,,143,147,,0,0,0,0
1613791348416,6,1010123456018,76,,1,1,39,1,2,,9.49515,103,0,0.0593735,32,0,6.8,,5.46341,41,0,0.1,12,66.6667,0,6.01005,31,,87,87,,0,0,0,7.21951
1613791348667,6,1010123456018,76,,1,1,39,1,2,,11.1791,134,0,0.0904,39,0,9.66667,,0,0,0,0,0,0,0,0,0,,117,117,,0,0,0,0
1613791348916,6,1010123456018,76,,1,1,39,1,2,,8.95327,107,0,0.0541044,30,0,8.42857,,0,0,0,0,0,0,0,0,0,,90,90,,0,0,0,0
1613791349166,6,1010123456018,76,,1,1,39,1,2,,11.2785,79,0,0.0534297,22,0,8.83333,,7.38462,26,0,0.1,7,57.1429,0,7.70412,31,,67,69,,0,0,0,6.53846
1613791349416,6,1010123456018,76,,1,1,39,1,2,,11.2535,71,0,0.0483213,21,0,8.66667,,0,0,0,0,0,0,0,0,0,,63,63,,0,0,0,0
1613791349667,6,1010123456018,76,,1,1,39,1,2,,9.11966,117,0,0.054144,31,0,6.8,,0,0,0,0,0,0,0,0,0,,102,102,,0,0,0,0
1613791349916,6,1010123456018,76,,1,1,39,1,2,,9.68382,136,0,0.075759,39,0,6.83333,,0,0,0,0,0,0,0,0,0,,117,117,,0,0,0,0
1613791350167,6,1010123456018,76,,1,1,39,1,2,,8.80519,77,0,0.043392,25,0,6.83333,,5.72727,44,0,0.1,12,75,0,3.47114,31,,66,66,,0,0,0,7.72727
1613791350416,6,1010123456018,76,,1,1,39,1,2,,11.4205,88,0,0.0640321,26,0,8.4,,0,0,0,0,0,0,0,0,0,,79,81,,0,0,0,0
1613791350666,6,1010123456018,76,,1,1,39,1,2,,10.1863,102,278,0.0485783,25,0,7,,0,0,0,0,0,0,0,0,0,,88,90,,0,0,0,0
1613791350916,6,1010123456018,76,,1,1,39,1,2,,9.49635,137,0,0.0919197,43,0,7.14286,,0,0,0,0,0,0,0,0,0,,120,126,,0,0,0,0
1613791351166,6,1010123456018,76,,1,1,39,1,2,,8.94611,167,89,0.0823775,48,0,6.66667,,0.1,22,0,0.1,6,50,0,1.25842,31,,147,147,,0,0,0,6.18182
1613791351416,6,1010123456018,76,,1,1,39,1,2,,6.2,225,104,0.0845622,58,0,5.16667,,0,0,0,0,0,0,0,0,0,,199,201,,0,0,0,0
1613791351666,6,1010123456018,76,,1,1,39,1,2,,5.00654,153,252,0.0456867,44,0,6.33333,,0,0,0,0,0,0,0,0,0,,138,138,,0,0,0,0
1613791351916,6,1010123456018,76,,1,1,39,1,2,,3.20398,201,0,0.0535904,66,0,9.83333,,0,0,0,0,0,0,0,0,0,,184,198,,0,0,0,0
1613791352166,6,1010123456018,76,,1,1,39,1,2,,10.0721,111,0,0.0647068,32,0,7.83333,,7.38462,26,0,0.1,8,50,0,11.7884,31,,96,96,,0,0,0,5.30769
1613791352416,6,1010123456018,76,,1,1,39,1,2,,9.50388,129,0,0.0706827,37,0,8.66667,,0,0,0,0,0,0,0,0,0,,111,111,,0,0,0,0
1613791352666,6,1010123456018,76,,1,1,39,1,2,,6.68966,203,0,0.0835341,59,0,7.16667,,0,0,0,0,0,0,0,0,0,,179,183,,0,0,0,0
1613791352916,6,1010123456018,76,,1,1,39,1,2,,9.4086,93,0,0.0489639,26,0,7.57143,,0,0,0,0,0,0,0,0,0,,78,78,,0,0,0,0
1613791353167,6,1010123456018,76,,1,1,39,1,2,,6.87097,124,255,0.049248,28,0,4.75,,8.86957,23,0,0.1,7,57.1429,0,11.7371,31,,110,114,,0,0,0,5.69565
1613791353416,6,1010123456018,76,,1,1,39,1,2,,5.05314,207,0,0.0740884,67,0,6.8,,0,0,0,0,0,0,0,0,0,,184,192,,0,0,0,0
1613791353666,6,1010123456018,76,,1,1,39,1,2,,6.29596,223,0,0.0950361,64,0,7.83333,,0,0,0,0,0,0,0,0,0,,199,201,,0,0,0,0
1613791353916,6,1010123456018,76,,1,1,39,1,2,,13,56,89,0.0423454,15,0,7.42857,,0,0,0,0,0,0,0,0,0,,48,48,,0,0,0,0
1613791354167,6,1010123456018,76,,1,1,39,1,2,,8.51546,97,0,0.047936,28,0,7.5,,0.1,20,0,0.1,5,20,0,2.11699,31,,84,84,,0,0,0,4
1613791354416,6,1010123456018,76,,1,1,39,1,2,,10.2202,109,0,0.0657992,32,0,7.16667,,0,0,0,0,0,0,0,0,0,,94,96,,0,0,0,0
1613791354666,6,1010123456018,76,,1,1,39,1,2,,10.4366,142,0,0.0808996,38,0,8.2,,0,0,0,0,0,0,0,0,0,,123,123,,0,0,0,0
1613791354916,6,1010123456018,76,,1,1,39,1,2,,10.2828,145,0,0.0965462,41,0,7.83333,,0,0,0,0,0,0,0,0,0,,126,126,,0,0,0,0
1613791355166,6,1010123456018,76,,1,1,39,1,2,,8.9127,126,0,0.0648353,37,0,7,,13,23,0,0.1,6,66.6667,0,10.6839,31,,109,111,,0,0,0,7.26087
1613791355416,6,1010123456018,76,,1,1,39,1,2,,9.41791,134,0,0.0701687,39,0,7,,0,0,0,0,0,0,0,0,0,,117,117,,0,0,0,0
1613791355666,6,1010123456018,76,,1,1,39,1,2,,9.02479,121,0,0.06551,37,0,7.83333,,0,0,0,0,0,0,0,0,0,,102,102,,0,0,0,0
1613791355916,6,1010123456018,76,,1,1,39,1,2,,11.6984,63,0,0.037494,15,0,8,,0,0,0,0,0,0,0,0,0,,54,54,,0,0,0,0
1613791356166,6,1010123456018,76,,1,1,39,1,2,,6.67692,195,0,0.0833735,58,0,6.5,,6.95652,23,0,0.1,7,57.1429,0,9.35347,31,,166,168,,0,0,0,5.69565
1613791356416,6,1010123456018,76,,1,1,39,1,2,,9.73438,128,0,0.0756305,36,0,8,,0,0,0,0,0,0,0,0,0,,112,117,,0,0,0,0
1613791356666,6,1010123456018,76,,1,1,39,1,2,,9.67949,78,0,0.0432771,23,0,8,,0,0,0,0,0,0,0,0,0,,69,69,,0,0,0,0
1613791356916,6,1010123456018,76,,1,1,39,1,2,,8.58571,140,0,0.0653815,38,0,7.42857,,0,0,0,0,0,0,0,0,0,,125,129,,0,0,0,0
1613791357166,6,1010123456018,76,,1,1,39,1,2,,9.66667,27,105,0.0216546,11,0,7.33333,,0.1,37,0,0.1,11,63.6364,0,1.14281,31,,27,27,,0,0,0,6.91892
1613791357416,6,1010123456018,76,,1,1,39,1,2,,8.92208,154,158,0.0709719,41,0,6.6,,0,0,0,0,0,0,0,0,0,,129,129,,0,0,0,0
1613791357666,6,1010123456018,76,,1,1,39,1,2,,9.28689,122,0,0.0709398,38,0,7.6,,0,0,0,0,0,0,0,0,0,,108,108,,0,0,0,0
1613791357916,6,1010123456018,76,,1,1,39,1,2,,4.17925,106,0,0.0289478,30,0,7.28571,,0,0,0,0,0,0,0,0,0,,92,96,,0,0,0,0
1613791358166,6,1010123456018,76,,1,1,39,1,2,,12.0429,70,0,0.0429558,17,0,8,,7.27273,33,0,0.1,9,55.5556,0,7.22029,31,,60,60,,0,0,0,6.69697
1613791358416,6,1010123456018,76,,1,1,39,1,2,,4.1125,80,53,0.024,18,0,8.33333,,0,0,0,0,0,0,0,0,0,,69,69,,0,0,0,0
1613791358666,6,1010123456018,76,,1,1,39,1,2,,5.12329,219,0,0.0693333,66,0,6.16667,,0,0,0,0,0,0,0,0,0,,190,192,,0,0,0,0
1613791358916,6,1010123456018,76,,1,1,39,1,2,,8.76724,116,0,0.0592771,38,0,6.33333,,0,0,0,0,0,0,0,0,0,,105,105,,0,0,0,0
1613791359167,6,1010123456018,76,,1,1,39,1,2,,11.5,108,0,0.074016,30,0,7.25,,0.1,20,0,0.1,6,66.6667,0,0.996028,31,,90,90,,0,0,0,6.6
1613791359416,6,1010123456018,76,,1,1,39,1,2,,4.05882,221,0,0.0687229,63,0,6.83333,,0,0,0,0,0,0,0,0,0,,224,252,,0,0,0,0
1613791359666,6,1010123456018,76,,1,1,39,1,2,,1.85573,506,0,0.102972,144,0,4.66667,,0,0,0,0,0,0,0,0,0,,546,633,,0,0,0,0
1613791359916,6,1010123456018,76,,1,1,39,1,2,,8.93,100,0,0.0504418,29,0,6.71429,,0,0,0,0,0,0,0,0,0,,84,84,,0,0,0,0
1613791360166,6,1010123456018,76,,1,1,39,1,2,,9.47619,63,0,0.027245,15,0,7,,0.1,16,0,0,4,100,0,0.497074,0,,54,54,,0,0,0,10
1613791360416,6,1010123456018,76,,1,1,39,1,2,,9.47619,105,0,0.0702008,33,0,6.66667,,0.1,7,0,0.1,2,0,0,1.52784,31,,99,105,,0,0,0,1.57143
1613791360666,6,1010123456018,76,,1,1,39,1,2,,8.54955,111,0,0.0550361,32,0,6,,0,0,0,0,0,0,0,0,0,,96,96,,0,0,0,0
1613791360916,6,1010123456018,76,,1,1,39,1,2,,12.2034,59,0,0.0427309,17,0,7.85714,,0,0,0,0,0,0,0,0,0,,51,51,,0,0,0,0
1613791361166,6,1010123456018,76,,1,1,39,1,2,,8.7551,98,0,0.049253,29,0,6.8,,9.59524,42,0,0.1,12,66.6667,0,8.11118,31,,87,87,,0,0,0,6.88095
1613791361416,6,1010123456018,76,,1,1,39,1,2,,9.20755,106,0,0.0490924,28,0,7,,0,0,0,0,0,0,0,0,0,,93,93,,0,0,0,0
1613791361667,6,1010123456018,76,,1,1,39,1,2,,10.3163,98,69,0.053952,28,0,6.5,,0,0,0,0,0,0,0,0,0,,87,87,,0,0,0,0
1613791361916,6,1010123456018,76,,1,1,39,1,2,,11.023,87,0,0.0645141,28,0,7.33333,,0,0,0,0,0,0,0,0,0,,75,75,,0,0,0,0
1613791362166,6,1010123456018,76,,1,1,39,1,2,,8.15517,174,0,0.0772691,48,0,6.83333,,0.1,17,0,0.1,5,20,0,1.68589,31,,150,150,,0,0,0,3.52941
1613791362417,6,1010123456018,76,,1,1,39,1,2,,9.92727,110,0,0.070048,35,0,8.2,,0,0,0,0,0,0,0,0,0,,99,99,,0,0,0,0
1613791362666,6,1010123456018,76,,1,1,39,1,2,,10.2743,113,0,0.0648675,30,0,9,,0,0,0,0,0,0,0,0,0,,100,102,,0,0,0,0
1613791362916,6,1010123456018,76,,1,1,39,1,2,,9.63758,149,0,0.0814779,42,0,7.75,,0,0,0,0,0,0,0,0,0,,127,129,,0,0,0,0
1613791363166,6,1010123456018,76,,1,1,39,1,2,,10.3395,162,0,0.102651,50,0,7.33333,,0.1,25,0,0.1,8,75,0,0.657704,31,,142,144,,0,0,0,7.64
1613791363416,6,1010123456018,76,,1,1,39,1,2,,4.16667,258,67,0.0651888,66,0,4.6,,0,0,0,0,0,0,0,0,0,,222,222,,0,0,0,0
1613791363666,6,1010123456018,76,,1,1,39,1,2,,7.30833,120,158,0.0546506,42,0,9.66667,,0,0,0,0,0,0,0,0,0,,102,102,,0,0,0,0
1613791363916,6,1010123456018,76,,1,1,39,1,2,,9.3299,97,0,0.0540723,28,0,7.42857,,0,0,0,0,0,0,0,0,0,,86,90,,0,0,0,0
1613791364166,6,1010123456018,76,,1,1,39,1,2,,8.68182,110,0,0.054747,32,0,6.4,,0.1,16,0,0.1,5,20,0,1.95982,31,,96,96,,0,0,0,4.5625
1613791364416,6,1010123456018,76,,1,1,39,1,2,,10.7714,105,20,0.0593735,28,0,7.83333,,0,0,0,0,0,0,0,0,0,,90,90,,0,0,0,0
1613791364666,6,1010123456018,76,,1,1,39,1,2,,8.8,35,0,0.0217831,12,0,8.16667,,0,0,0,0,0,0,0,0,0,,30,30,,0,0,0,0
1613791364916,6,1010123456018,76,,1,1,39,1,2,,12.6311,103,0,0.0769157,28,0,8.28571,,0,0,0,0,0,0,0,0,0,,87,87,,0,0,0,0
1613791365166,6,1010123456018,76,,1,1,39,1,2,,8.48837,43,0,0.0241285,14,0,7.66667,,0.1,13,0,0.1,4,0,0,9.67291,31,,39,39,,0,0,0,1.69231
1613791365416,6,1010123456018,76,,1,1,39,1,2,,5.00476,210,0,0.0831486,58,0,6.83333,,0,0,0,0,0,0,0,0,0,,219,243,,0,0,0,0
1613791365666,6,1010123456018,76,,1,1,39,1,2,,11.5897,39,0,0.0320643,14,0,8.5,,0,0,0,0,0,0,0,0,0,,33,33,,0,0,0,0
1613791365916,6,1010123456018,76,,1,1,39,1,2,,5.35928,167,0,0.0568032,48,0,7.85714,,0,0,0,0,0,0,0,0,0,,144,144,,0,0,0,0
1613791366166,6,1010123456018,76,,1,1,39,1,2,,10.0274,73,0,0.0484819,23,0,7.6,,0.1,10,0,0.1,3,0,0,12.3271,31,,69,69,,0,0,0,1.3
1613791366416,6,1010123456018,76,,1,1,39,1,2,,5.80632,253,0,0.0798072,69,0,7.33333,,0,0,0,0,0,0,0,0,0,,221,231,,0,0,0,0
1613791366666,6,1010123456018,76,,1,1,39,1,2,,5.54545,176,0,0.072257,51,0,7.33333,,0,0,0,0,0,0,0,0,0,,151,153,,0,0,0,0
1613791366916,6,1010123456018,76,,1,1,39,1,2,,11,75,0,0.0517912,21,0,8.14286,,0,0,0,0,0,0,0,0,0,,63,63,,0,0,0,0
1613791367166,6,1010123456018,76,,1,1,39,1,2,,12.4902,51,0,0.0444659,17,0,8.33333,,0.1,30,0,0.1,9,55.5556,0,0.772654,31,,45,45,,0,0,0,6.73333
1613791367416,6,1010123456018,76,,1,1,39,1,2,,11.3364,110,0,0.0747952,31,0,6.66667,,0,0,0,0,0,0,0,0,0,,94,96,,0,0,0,0
1613791367666,6,1010123456018,76,,1,1,39,1,2,,10.21,100,0,0.0592771,28,0,8.4,,0,0,0,0,0,0,0,0,0,,84,84,,0,0,0,0
1613791367916,6,1010123456018,76,,1,1,39,1,2,,10.3814,97,0,0.0593092,28,0,7,,0,0,0,0,0,0,0,0,0,,85,87,,0,0,0,0
1613791368166,6,1010123456018,76,,1,1,39,1,2,,9.59829,117,0,0.0647068,33,0,7.66667,,4.125,32,0,0.1,10,70,0,2.8624,31,,99,99,,0,0,0,7.84375
1613791368416,6,1010123456018,76,,1,1,39,1,2,,9.82105,95,0,0.0538153,26,0,8,,0,0,0,0,0,0,0,0,0,,81,81,,0,0,0,0
1613791368666,6,1010123456018,76,,1,1,39,1,2,,13.1667,66,0,0.0535904,20,0,8.4,,0,0,0,0,0,0,0,0,0,,57,57,,0,0,0,0
1613791368916,6,1010123456018,76,,1,1,39,1,2,,10.4405,84,0,0.0432129,20,0,8.42857,,0,0,0,0,0,0,0,0,0,,72,72,,0,0,0,0
1613791369166,6,1010123456018,76,,1,1,39,1,2,,4.69343,137,0,0.0405141,40,0,6.2,,8.65217,23,0,0.1,6,66.6667,0,10.5849,31,,117,117,,0,0,0,7.26087
1613791369416,6,1010123456018,76,,1,1,39,1,2,,9.1,90,88,0.0590201,20,0,7.2,,0,0,0,0,0,0,0,0,0,,79,81,,0,0,0,0
1613791369666,6,1010123456018,76,,1,1,39,1,2,,5.15772,298,0,0.117815,93,0,8,,0,0,0,0,0,0,0,0,0,,269,294,,0,0,0,0
1613791369916,6,1010123456018,76,,1,1,39,1,2,,3.40678,177,0,0.0469719,51,0,6,,0,0,0,0,0,0,0,0,0,,153,153,,0,0,0,0
1613791370166,6,1010123456018,76,,1,1,39,1,2,,11.4595,111,0,0.0692691,29,0,7.83333,,10.3158,19,0,0.1,6,66.6667,0,11.6868,31,,99,99,,0,0,0,6.68421
1613791370416,6,1010123456018,76,,1,1,39,1,2,,10.6818,88,0,0.0590843,28,0,10,,0,0,0,0,0,0,0,0,0,,75,75,,0,0,0,0
1613791370667,6,1010123456018,76,,1,1,39,1,2,,10.4959,121,0,0.072448,33,0,6.75,,0,0,0,0,0,0,0,0,0,,106,108,,0,0,0,0
1613791370917,6,1010123456018,76,,1,1,39,1,2,,10.8837,86,0,0.061504,27,0,7.71429,,0,0,0,0,0,0,0,0,0,,75,75,,0,0,0,0
1613791371166,6,1010123456018,76,,1,1,39,1,2,,11.4568,81,0,0.0590201,24,0,8.25,,3.31765,85,0,0.1,25,76,0,6.24128,31,,73,75,,0,0,0,8.05882
1613791371416,6,1010123456018,76,,1,1,39,1,2,,10.2969,64,0,0.032257,16,0,7.4,,7.15385,26,0,0.1,7,71.4286,0,11.5353,31,,54,54,,0,0,0,7.57692
1613791371667,6,1010123456018,76,,1,1,39,1,2,,9.725,80,0,0.044928,20,0,7.8,,0,0,0,0,0,0,0,0,0,,71,75,,0,0,0,0
1613791371916,6,1010123456018,76,,1,1,39,1,2,,10.2077,130,0,0.0843695,42,0,7.33333,,0,0,0,0,0,0,0,0,0,,111,111,,0,0,0,0
1613791372167,6,1010123456018,76,,1,1,39,1,2,,5.8114,228,0,0.089696,67,0,6.2,,13.7143,7,0,0.1,2,0,0,31.5958,31,,220,243,,0,0,0,1
1613791372416,6,1010123456018,76,,1,1,39,1,2,,10.0408,49,0,0.027245,14,0,7.66667,,0,0,0,0,0,0,0,0,0,,42,42,,0,0,0,0
1613791372666,6,1010123456018,76,,1,1,39,1,2,,9.05208,192,20,0.0978635,53,0,6,,0,0,0,0,0,0,0,0,0,,167,171,,0,0,0,0
1613791372916,6,1010123456018,76,,1,1,39,1,2,,8.13953,129,0,0.0601767,37,0,7.57143,,0,0,0,0,0,0,0,0,0,,111,111,,0,0,0,0
1613791373166,6,1010123456018,76,,1,1,39,1,2,,10.7143,70,0,0.0432129,20,0,10.2,,13.7143,7,0,0.1,2,0,0,28.2192,31,,66,66,,0,0,0,1
1613791373416,6,1010123456018,76,,1,1,39,1,2,,10.6075,107,0,0.069494,31,0,8.5,,0,0,0,0,0,0,0,0,0,,90,90,,0,0,0,0
1613791373666,6,1010123456018,76,,1,1,39,1,2,,11.6667,39,0,0.0215904,10,0,8.2,,0,0,0,0,0,0,0,0,0,,33,33,,0,0,0,0
1613791373916,6,1010123456018,76,,1,1,39,1,2,,9.48718,117,0,0.0700402,35,0,7.33333,,0,0,0,0,0,0,0,0,0,,103,105,,0,0,0,0
1613791374166,6,1010123456018,76,,1,1,39,1,2,,17.2955,44,0,0.0417028,10,0,9.5,,15,12,0,0,4,100,0,2.45748,0,,36,36,,0,0,0,10
1613791374416,6,1010123456018,76,,1,1,39,1,2,,6.38542,192,158,0.083502,57,0,8.4,,0,0,0,0,0,0,0,0,0,,166,168,,0,0,0,0
1613791374667,6,1010123456018,76,,1,1,39,1,2,,8.7561,41,0,0.016256,9,0,6.5,,0,0,0,0,0,0,0,0,0,,36,36,,0,0,0,0
1613791374916,6,1010123456018,76,,1,1,39,1,2,,2.37884,293,18,0.0567068,86,0,5.5,,0,0,0,0,0,0,0,0,0,,258,258,,0,0,0,0
1613791375166,6,1010123456018,76,,1,1,39,1,2,,10.0312,128,0,0.0756305,38,0,7,,11.1667,18,0,0.1,6,66.6667,0,14.0515,31,,108,108,,0,0,0,6.5
1613791375416,6,1010123456018,76,,1,1,39,1,2,,6.877,187,0,0.108466,53,0,7.6,,0,0,0,0,0,0,0,0,0,,184,216,,0,0,0,0
1613791375666,6,1010123456018,76,,1,1,39,1,2,,9.35514,107,0,0.0540723,27,0,7.83333,,0,0,0,0,0,0,0,0,0,,93,93,,0,0,0,0
1613791375916,6,1010123456018,76,,1,1,39,1,2,,11.0732,82,0,0.0581847,27,0,8,,0,0,0,0,0,0,0,0,0,,72,72,,0,0,0,0
1613791376166,6,1010123456018,76,,1,1,39,1,2,,14.3492,63,0,0.0639357,21,0,10,,8.25,24,0,0.1,7,57.1429,0,8.52035,31,,60,60,,0,0,0,7
1613791376416,6,1010123456018,76,,1,1,39,1,2,,10.7368,57,0,0.0376225,17,0,10,,0,0,0,0,0,0,0,0,0,,51,51,,0,0,0,0
1613791376667,6,1010123456018,76,,1,1,39,1,2,,13.9412,85,89,0.074048,24,0,8,,0,0,0,0,0,0,0,0,0,,75,75,,0,0,0,0
1613791376916,6,1010123456018,76,,1,1,39,1,2,,9.69748,119,0,0.0703614,35,0,7.28571,,0,0,0,0,0,0,0,0,0,,103,105,,0,0,0,0
1613791377166,6,1010123456018,76,,1,1,39,1,2,,9.95722,187,0,0.108594,53,0,7.16667,,5.41935,31,0,0.1,10,50,0,3.48369,31,,163,165,,0,0,0,5.16129
1613791377416,6,1010123456018,76,,1,1,39,1,2,,3.14894,329,116,0.0662169,86,0,6.16667,,0,0,0,0,0,0,0,0,0,,283,285,,0,0,0,0
1613791377666,6,1010123456018,76,,1,1,39,1,2,,1.37176,347,0,0.0495743,107,0,6.16667,,0,0,0,0,0,0,0,0,0,,297,297,,0,0,0,0
1613791377916,6,1010123456018,76,,1,1,39,1,2,,6.7395,119,0,0.0553253,34,0,7.33333,,0,0,0,0,0,0,0,0,0,,106,111,,0,0,0,0
1613791378166,6,1010123456018,76,,1,1,39,1,2,,10.0078,128,0,0.0702651,35,0,8,,13.6364,22,0,0.1,6,66.6667,0,10.6181,31,,111,111,,0,0,0,7.13636
1613791378416,6,1010123456018,76,,1,1,39,1,2,,9.352,125,0,0.0702972,37,0,7,,0,0,0,0,0,0,0,0,0,,105,105,,0,0,0,0
1613791378667,6,1010123456018,76,,1,1,39,1,2,,11.2329,73,0,0.048224,21,0,7.83333,,0,0,0,0,0,0,0,0,0,,66,66,,0,0,0,0
1613791378917,6,1010123456018,76,,1,1,39,1,2,,5.05941,101,0,0.032032,25,0,7.5,,0,0,0,0,0,0,0,0,0,,87,87,,0,0,0,0
1613791379167,6,1010123456018,76,,1,1,39,1,2,,9.02778,108,0,0.056288,35,0,7.8,,0.842105,19,0,0.1,6,50,0,6.48745,31,,93,93,,0,0,0,6.68421
1613791379416,6,1010123456018,76,,1,1,39,1,2,,10.3524,105,123,0.0690763,26,0,7.83333,,0,0,0,0,0,0,0,0,0,,93,93,,0,0,0,0
1613791379667,6,1010123456018,76,,1,1,39,1,2,,6.29245,106,0,0.045088,35,0,8,,0,0,0,0,0,0,0,0,0,,90,90,,0,0,0,0
1613791379916,6,1010123456018,76,,1,1,39,1,2,,10.4935,77,0,0.0460402,21,0,7.28571,,0,0,0,0,0,0,0,0,0,,67,69,,0,0,0,0
1613791380166,6,1010123456018,76,,1,1,39,1,2,,10.625,32,0,0.0236466,10,0,7.8,,7.38462,26,0,0.1,7,57.1429,0,6.2895,31,,28,30,,0,0,0,6.69231
1613791380416,6,1010123456018,76,,1,1,39,1,2,,16.4286,49,0,0.0523695,14,0,8.75,,0,0,0,0,0,0,0,0,0,,42,42,,0,0,0,0
1613791380667,6,1010123456018,76,,1,1,39,1,2,,7.38793,116,0,0.059616,31,0,8.33333,,0,0,0,0,0,0,0,0,0,,102,108,,0,0,0,0
1613791380916,6,1010123456018,76,,1,1,39,1,2,,5.0283,212,0,0.0840161,63,0,6.6,,0,0,0,0,0,0,0,0,0,,220,261,,0,0,0,0
1613791381166,6,1010123456018,76,,1,1,39,1,2,,9.50758,132,0,0.0702651,38,0,6.66667,,0.1,14,0,0.1,4,25,0,1.64527,31,,114,114,,0,0,0,4.92857
1613791381417,6,1010123456018,76,,1,1,39,1,2,,11.2526,95,89,0.058624,26,0,7.83333,,0,0,0,0,0,0,0,0,0,,81,81,,0,0,0,0
1613791381666,6,1010123456018,76,,1,1,39,1,2,,9.432,125,0,0.0699759,36,0,6.4,,0,0,0,0,0,0,0,0,0,,105,105,,0,0,0,0
1613791381916,6,1010123456018,76,,1,1,39,1,2,,11.2667,105,0,0.064739,28,0,7.57143,,0,0,0,0,0,0,0,0,0,,90,90,,0,0,0,0
1613791382166,6,1010123456018,76,,1,1,39,1,2,,9.2381,105,0,0.059502,32,0,7.83333,,0.1,21,0,0.1,6,33.3333,0,5.47274,31,,90,90,,0,0,0,6
1613791382416,6,1010123456018,76,,1,1,39,1,2,,9.95455,44,0,0.0267631,13,0,7.83333,,0,0,0,0,0,0,0,0,0,,39,39,,0,0,0,0
1613791382666,6,1010123456018,76,,1,1,39,1,2,,13.8947,19,0,0.015743,5,0,9.33333,,0,0,0,0,0,0,0,0,0,,15,15,,0,0,0,0
1613791382916,6,1010123456018,76,,1,1,39,1,2,,12.4127,63,89,0.0424096,16,0,7.83333,,0,0,0,0,0,0,0,0,0,,51,51,,0,0,0,0
1613791383166,6,1010123456018,76,,1,1,39,1,2,,8.70175,114,0,0.05449,31,0,7.5,,7.73077,26,0,0.1,8,50,0,5.7588,31,,99,99,,0,0,0,5.57692
1613791383416,6,1010123456018,76,,1,1,39,1,2,,9.65487,113,0,0.0697831,35,0,7.16667,,0,0,0,0,0,0,0,0,0,,97,99,,0,0,0,0
1613791383666,6,1010123456018,76,,1,1,39,1,2,,11.1538,117,158,0.0648675,31,0,8.33333,,0,0,0,0,0,0,0,0,0,,99,99,,0,0,0,0
1613791383916,6,1010123456018,76,,1,1,39,1,2,,9.35593,118,0,0.0754378,36,0,6.57143,,0,0,0,0,0,0,0,0,0,,106,108,,0,0,0,0
1613791384166,6,1010123456018,76,,1,1,39,1,2,,10.0991,111,0,0.0649317,31,0,6.66667,,8.30556,36,0,0.1,11,72.7273,0,3.17989,31,,94,96,,0,0,0,7.61111
1613791384416,6,1010123456018,76,,1,1,39,1,2,,10.4554,101,0,0.0555181,27,0,7.83333,,0,0,0,0,0,0,0,0,0,,87,87,,0,0,0,0
1613791384666,6,1010123456018,76,,1,1,39,1,2,,11.6,90,0,0.0675341,28,0,7.8,,0,0,0,0,0,0,0,0,0,,78,78,,0,0,0,0
1613791384916,6,1010123456018,76,,1,1,39,1,2,,4.79111,225,0,0.0639679,64,0,6.85714,,0,0,0,0,0,0,0,0,0,,193,195,,0,0,0,0
1613791385166,6,1010123456018,76,,1,1,39,1,2,,9.75862,58,0,0.0326426,17,0,7.4,,7.11111,27,0,0.1,7,57.1429,0,7.60369,31,,51,51,,0,0,0,6.33333
1613791385416,6,1010123456018,76,,1,1,39,1,2,,9.52336,107,0,0.0546506,30,0,6.66667,,0,0,0,0,0,0,0,0,0,,90,90,,0,0,0,0
1613791385666,6,1010123456018,76,,1,1,39,1,2,,4.53061,245,0,0.0795823,70,0,5.5,,0,0,0,0,0,0,0,0,0,,238,261,,0,0,0,0
1613791385916,6,1010123456018,76,,1,1,39,1,2,,9.46875,128,158,0.0710361,37,0,8.28571,,0,0,0,0,0,0,0,0,0,,111,111,,0,0,0,0
1613791386166,6,1010123456018,76,,1,1,39,1,2,,11.8,80,69,0.0478715,20,0,10.1667,,9.28,25,0,0.1,7,57.1429,0,10.5527,31,,72,72,,0,0,0,6.4
1613791386416,6,1010123456018,76,,1,1,39,1,2,,10,108,0,0.0700723,34,0,7,,0,0,0,0,0,0,0,0,0,,93,93,,0,0,0,0
1613791386666,6,1010123456018,76,,1,1,39,1,2,,10.3472,72,0,0.042988,21,0,8.66667,,0,0,0,0,0,0,0,0,0,,63,63,,0,0,0,0
1613791386916,6,1010123456018,76,,1,1,39,1,2,,3.85593,118,0,0.0298153,34,0,7.66667,,0,0,0,0,0,0,0,0,0,,105,105,,0,0,0,0
1613791387166,6,1010123456018,76,,1,1,39,1,2,,9.92473,93,0,0.0538795,27,0,6.66667,,6.92308,26,0,0.1,7,57.1429,0,7.37591,31,,82,84,,0,0,0,6.5
1613791387416,6,1010123456018,76,,1,1,39,1,2,,4.93913,115,0,0.0344418,32,0,7.5,,0,0,0,0,0,0,0,0,0,,96,96,,0,0,0,0
1613791387666,6,1010123456018,76,,1,1,39,1,2,,10.3333,150,0,0.0859759,39,0,9.16667,,0,0,0,0,0,0,0,0,0,,129,129,,0,0,0,0
1613791387916,6,1010123456018,76,,1,1,39,1,2,,8.94595,111,0,0.0651566,36,0,6.83333,,0,0,0,0,0,0,0,0,0,,96,96,,0,0,0,0
1613791388166,6,1010123456018,76,,1,1,39,1,2,,12.2609,115,0,0.085494,34,0,8.83333,,0.1,23,0,0.1,6,33.3333,0,6.68731,31,,102,102,,0,0,0,5
1613791388416,6,1010123456018,76,,1,1,39,1,2,,5.32653,98,0,0.033992,28,0,6.33333,,0,0,0,0,0,0,0,0,0,,84,84,,0,0,0,0
1613791388666,6,1010123456018,76,,1,1,39,1,2,,10.8961,77,0,0.0484819,22,0,8.33333,,0,0,0,0,0,0,0,0,0,,66,66,,0,0,0,0
1613791388917,6,1010123456018,76,,1,1,39,1,2,,8.61682,107,105,0.049088,29,0,6.83333,,0,0,0,0,0,0,0,0,0,,90,90,,0,0,0,0
1613791389166,6,1010123456018,76,,1,1,39,1,2,,10.3864,132,0,0.0798072,39,0,7.83333,,14.1818,11,0,0.1,3,33.3333,0,21.8643,31,,117,117,,0,0,0,4.63636
1613791389416,6,1010123456018,76,,1,1,39,1,2,,11.6104,77,0,0.0592771,24,0,9,,0,0,0,0,0,0,0,0,0,,69,69,,0,0,0,0
1613791389666,6,1010123456018,76,,1,1,39,1,2,,9.28571,70,0,0.0430201,20,0,6.6,,0,0,0,0,0,0,0,0,0,,61,63,,0,0,0,0
1613791389916,6,1010123456018,76,,1,1,39,1,2,,11.4,65,0,0.0427631,19,0,8.85714,,0,0,0,0,0,0,0,0,0,,57,57,,0,0,0,0
1613791390166,6,1010123456018,76,,1,1,39,1,2,,5.38308,201,0,0.0680803,60,0,6.16667,,15,16,0,0,4,100,0,0.998157,0,,183,183,,0,0,0,10
1613791390416,6,1010123456018,76,,1,1,39,1,2,,13.0833,60,0,0.047743,17,0,9.8,,0,0,0,0,0,0,0,0,0,,51,51,,0,0,0,0
1613791390666,6,1010123456018,76,,1,1,39,1,2,,7.51667,180,0,0.0875502,52,0,7.83333,,0,0,0,0,0,0,0,0,0,,157,159,,0,0,0,0
1613791390916,6,1010123456018,76,,1,1,39,1,2,,10.0935,107,0,0.0645462,30,0,7.57143,,0,0,512,0,0,0,0,0,0,,90,90,,0,0,0,0
1613791391166,6,1010123456018,76,,1,1,39,1,2,,3.43731,327,0,0.0783614,95,0,7.8,,0.1,10,0,0.1,3,0,0,0.879751,31,,293,303,,0,0,0,3.2
1613791391416,6,1010123456018,76,,1,1,39,1,2,,11.7838,37,0,0.0265382,11,0,7.66667,,0,0,0,0,0,0,0,0,0,,33,33,,0,0,0,0
1613791391666,6,1010123456018,76,,1,1,39,1,2,,10.9342,76,0,0.0482249,22,0,7.16667,,0,0,0,0,0,0,0,0,0,,66,66,,0,0,0,0
1613791391916,6,1010123456018,76,,1,1,39,1,2,,11.2,100,0,0.0695904,29,0,7.71429,,0,0,0,0,0,0,0,0,0,,89,93,,0,0,0,0
1613791392166,6,1010123456018,76,,1,1,39,1,2,,9.96774,93,0,0.053751,28,0,7.83333,,2.15584,77,0,0.105124,23,60.8696,0,4.66782,31,,87,87,,0,0,0,6.79221
1613791392416,6,1010123456018,76,,1,1,39,1,2,,7.61039,77,0,0.0382972,23,0,6.5,,0,0,0,0,0,0,0,0,0,,66,66,,0,0,0,0
1613791392666,6,1010123456018,76,,1,1,39,1,2,,9.77692,130,0,0.07049,37,0,6.75,,0,0,0,0,0,0,0,0,0,,115,117,,0,0,0,0
1613791392916,6,1010123456018,76,,1,1,39,1,2,,8.98039,102,0,0.0491566,29,0,6.5,,0,0,0,0,0,0,0,0,0,,87,87,,0,0,0,0
1613791393166,6,1010123456018,76,,1,1,39,1,2,,10.3636,110,0,0.0617189,29,0,8.33333,,0.1,21,0,0.1,6,33.3333,0,1.25563,31,,93,93,,0,0,0,4.38095
1613791393416,6,1010123456018,76,,1,1,39,1,2,,9,120,0,0.0577992,34,0,6.33333,,0,0,0,0,0,0,0,0,0,,105,105,,0,0,0,0
1613791393666,6,1010123456018,76,,1,1,39,1,2,,10.1982,111,0,0.0594699,31,0,7,,0,0,0,0,0,0,0,0,0,,96,96,,0,0,0,0
1613791393916,6,1010123456018,76,,1,1,39,1,2,,11.9268,82,0,0.0693976,28,0,7.66667,,0,0,0,0,0,0,0,0,0,,72,72,,0,0,0,0
1613791394166,6,1010123456018,76,,1,1,39,1,2,,9.09375,96,0,0.0488675,28,0,5.8,,9.36,50,0,0.1,14,78.5714,0,8.82021,31,,84,84,,0,0,0,8.2
1613791394416,6,1010123456018,76,,1,1,39,1,2,,4.73394,218,30,0.0577992,56,0,6.33333,,0,0,0,0,0,0,0,0,0,,204,222,,0,0,0,0
1613791394666,6,1010123456018,76,,1,1,39,1,2,,11.3333,84,0,0.0742811,30,0,8,,0,0,0,0,0,0,0,0,0,,72,72,,0,0,0,0
1613791394916,6,1010123456018,76,,1,1,39,1,2,,9.98113,106,0,0.0595341,30,0,7,,0,0,0,0,0,0,0,0,0,,90,90,,0,0,0,0
1613791395166,6,1010123456018,76,,1,1,39,1,2,,9.31288,163,0,0.0865863,46,0,8,,5.05263,19,0,0.1,5,20,0,14.2442,31,,142,144,,0,0,0,2.89474
1613791395416,6,1010123456018,76,,1,1,39,1,2,,10.9722,72,0,0.0428273,20,0,9.16667,,0,0,0,0,0,0,0,0,0,,63,63,,0,0,0,0
1613791395666,6,1010123456018,76,,1,1,39,1,2,,10.9792,144,0,0.0966104,42,0,7.5,,0,0,0,0,0,0,0,0,0,,123,123,,0,0,0,0
1613791395916,6,1010123456018,76,,1,1,39,1,2,,3,385,195,0.0819277,102,0,5,,0,0,0,0,0,0,0,0,0,,344,357,,0,0,0,0
1613791396166,6,1010123456018,76,,1,1,39,1,2,,1.85948,306,0,0.0495743,95,0,7.5,,9.11539,26,0,0.1,7,57.1429,0,7.51425,31,,282,282,,0,0,0,6.53846
1613791396416,6,1010123456018,76,,1,1,39,1,2,,11.6412,131,0,0.0897028,36,0,8.5,,0,0,0,0,0,0,0,0,0,,117,117,,0,0,0,0
1613791396666,6,1010123456018,76,,1,1,39,1,2,,12.6296,54,0,0.053751,19,0,8.83333,,0,0,0,0,0,0,0,0,0,,49,51,,0,0,0,0
1613791396916,6,1010123456018,76,,1,1,39,1,2,,10.8841,69,0,0.0431486,20,0,9.14286,,0,0,0,0,0,0,0,0,0,,60,60,,0,0,0,0
1613791397166,6,1010123456018,76,,1,1,39,1,2,,10.7658,111,0,0.0697831,31,0,8.5,,0.1,20,0,0.1,6,66.6667,0,0.771629,31,,93,93,,0,0,0,7
1613791397416,6,1010123456018,76,,1,1,39,1,2,,10.1826,115,0,0.0665703,30,0,7.83333,,0,0,0,0,0,0,0,0,0,,99,99,,0,0,0,0
1613791397666,6,1010123456018,76,,1,1,39,1,2,,5.42424,165,0,0.0598554,47,0,7.66667,,0,0,0,0,0,0,0,0,0,,141,141,,0,0,0,0
1613791397916,6,1010123456018,76,,1,1,39,1,2,,9.07812,128,0,0.076241,39,0,6.83333,,0,0,0,0,0,0,0,0,0,,110,114,,0,0,0,0
1613791398166,6,1010123456018,76,,1,1,39,1,2,,10.35,100,0,0.0544578,28,0,7.2,,13.6364,22,0,0.1,6,66.6667,0,12.4032,31,,90,90,,0,0,0,7.13636
1613791398417,6,1010123456018,76,,1,1,39,1,2,,2.05828,326,0,0.05152,93,0,6,,0,0,0,0,0,0,0,0,0,,282,282,,0,0,0,0
1613791398666,6,1010123456018,76,,1,1,39,1,2,,9.52055,73,0,0.0435984,24,0,6.8,,0,0,0,0,0,0,0,0,0,,63,63,,0,0,0,0
1613791398916,6,1010123456018,76,,1,1,39,1,2,,10.4571,35,0,0.0215904,10,0,7.42857,,0,0,0,0,0,0,0,0,0,,30,30,,0,0,0,0
1613791399167,6,1010123456018,76,,1,1,39,1,2,,3.91358,243,95,0.078848,63,0,5.33333,,9.66667,12,0,0.1,3,0,0,32.664,31,,240,270,,0,0,0,1
1613791399416,6,1010123456018,76,,1,1,39,1,2,,6.5122,123,0,0.0475823,41,0,7.6,,0,0,0,0,0,0,0,0,0,,105,105,,0,0,0,0
1613791399666,6,1010123456018,76,,1,1,39,1,2,,10.7634,93,0,0.0622329,29,0,9.4,,0,0,0,0,0,0,0,0,0,,81,81,,0,0,0,0
1613791399916,6,1010123456018,76,,1,1,39,1,2,,12.4831,89,0,0.0689799,26,0,7.42857,,0,0,0,0,0,0,0,0,0,,78,78,,0,0,0,0
1613791400166,6,1010123456018,76,,1,1,39,1,2,,13.6905,84,0,0.0791325,25,0,10,,9,21,0,0.1,7,57.1429,0,4.38406,31,,76,78,,0,0,0,6.14286
1613791400416,6,1010123456018,76,,1,1,39,1,2,,5.225,160,0,0.0514378,45,0,7,,0,0,0,0,0,0,0,0,0,,144,144,,0,0,0,0
1613791400666,6,1010123456018,76,,1,1,39,1,2,,3.17442,172,0,0.0473253,51,0,4.5,,0,0,0,0,0,0,0,0,0,,150,156,,0,0,0,0
1613791400916,6,1010123456018,76,,1,1,39,1,2,,10.8214,84,0,0.0481285,20,0,8.85714,,0,0,0,0,0,0,0,0,0,,72,72,,0,0,0,0
1613791401166,6,1010123456018,76,,1,1,39,1,2,,3.87624,202,0,0.0633574,62,0,7.16667,,1.38298,94,0,0.1,27,74.0741,0,3.64431,31,,175,177,,0,0,0,8.25532
1613791401417,6,1010123456018,76,,1,1,39,1,2,,11.4848,132,0,0.095904,38,0,9.2,,0,0,0,0,0,0,0,0,0,,115,117,,0,0,0,0
1613791401666,6,1010123456018,76,,1,1,39,1,2,,13.6129,62,0,0.0529799,18,0,10,,0,0,0,0,0,0,0,0,0,,54,54,,0,0,0,0
1613791401916,6,1010123456018,76,,1,1,39,1,2,,6.30052,193,0,0.0729317,47,0,7.2,,0,0,0,0,0,0,0,0,0,,174,180,,0,0,0,0
1613791402166,6,1010123456018,76,,1,1,39,1,2,,9.37725,167,0,0.0915984,54,0,6.6,,6.97872,47,0,0.1,14,85.7143,0,2.56627,31,,147,147,,0,0,0,8.74468
1613791402416,6,1010123456018,76,,1,1,39,1,2,,12.7765,85,0,0.0691727,25,0,9.2,,0,0,0,0,0,0,0,0,0,,75,75,,0,0,0,0
1613791402666,6,1010123456018,76,,1,1,39,1,2,,9.66906,139,0,0.0864578,43,0,7.33333,,0,0,0,0,0,0,0,0,0,,121,123,,0,0,0,0
1613791402916,6,1010123456018,76,,1,1,39,1,2,,12.3878,49,0,0.0372691,14,0,8.5,,0,0,0,0,0,0,0,0,0,,42,42,,0,0,0,0
1613791403166,6,1010123456018,76,,1,1,39,1,2,,8.48872,133,0,0.0661205,40,0,6.83333,,4.12698,63,0,0.1,20,80,0,5.05826,31,,123,123,,0,0,0,8.31746
1613791403417,6,1010123456018,76,,1,1,39,1,2,,11.3837,86,52,0.054016,24,0,6.5,,0,0,0,0,0,0,0,0,0,,78,78,,0,0,0,0
1613791403666,6,1010123456018,76,,1,1,39,1,2,,10.5143,70,0,0.0433092,21,0,7.4,,0,0,0,0,0,0,0,0,0,,57,57,,0,0,0,0
1613791403916,6,1010123456018,76,,1,1,39,1,2,,10.2151,93,0,0.0542008,27,0,7.85714,,0,0,0,0,0,0,0,0,0,,84,84,,0,0,0,0
1613791404166,6,1010123456018,76,,1,1,39,1,2,,11.1358,81,0,0.0586667,25,0,6.8,,9.88235,136,0,0.1,43,88.3721,0,2.2402,31,,78,78,,0,0,0,9
1613791404416,6,1010123456018,76,,1,1,39,1,2,,10.3562,73,0,0.0395181,19,0,8.5,,0,0,0,0,0,0,0,0,0,,63,63,,0,0,0,0
1613791404666,6,1010123456018,76,,1,1,39,1,2,,4.21094,128,0,0.0385221,39,0,6.33333,,0,0,0,0,0,0,0,0,0,,111,111,,0,0,0,0
1613791404917,6,1010123456018,76,,1,1,39,1,2,,11.1176,85,87,0.058528,25,0,9.85714,,0,0,0,0,0,0,0,0,0,,78,78,,0,0,0,0
1613791405166,6,1010123456018,76,,1,1,39,1,2,,11.4237,59,0,0.0373655,16,0,7.33333,,8.09302,43,0,0.1,12,66.6667,0,9.14912,31,,51,51,,0,0,0,6.93023
1613791405416,6,1010123456018,76,,1,1,39,1,2,,10.1765,68,0,0.0430522,20,0,8.16667,,0,0,0,0,0,0,0,0,0,,54,54,,0,0,0,0
1613791405667,6,1010123456018,76,,1,1,39,1,2,,9.85294,102,0,0.059328,29,0,7.6,,0,0,0,0,0,0,0,0,0,,88,90,,0,0,0,0
1613791405917,6,1010123456018,76,,1,1,39,1,2,,10.0698,86,0,0.043296,23,0,7.5,,0,0,0,0,0,0,0,0,0,,73,75,,0,0,0,0
1613791406166,6,1010123456018,76,,1,1,39,1,2,,4.60088,228,0,0.0748916,66,0,6.16667,,9.11539,26,0,0.1,7,57.1429,0,6.58074,31,,195,195,,0,0,0,6.69231
1613791406417,6,1010123456018,76,,1,1,39,1,2,,3.73799,229,0,0.053696,65,0,5.66667,,0,0,0,0,0,0,0,0,0,,195,195,,0,0,0,0
1613791406666,6,1010123456018,76,,1,1,39,1,2,,13.7971,69,0,0.0579277,19,0,10.6,,0,0,0,0,0,0,0,0,0,,57,57,,0,0,0,0
1613791406916,6,1010123456018,76,,1,1,39,1,2,,12.623,61,0,0.0424418,16,0,9.14286,,0,0,0,0,0,0,0,0,0,,52,54,,0,0,0,0
1613791407166,6,1010123456018,76,,1,1,39,1,2,,8.87324,71,0,0.0431807,22,0,7.33333,,7.08889,45,0,0.1,13,69.2308,0,4.51129,31,,63,63,,0,0,0,7.48889
1613791407416,6,1010123456018,76,,1,1,39,1,2,,11.0685,73,105,0.0478394,20,0,7.66667,,0,0,0,0,0,0,0,0,0,,63,63,,0,0,0,0
1613791407666,6,1010123456018,76,,1,1,39,1,2,,9.99265,136,0,0.0754378,39,0,11.3333,,0,0,0,0,0,0,0,0,0,,117,117,,0,0,0,0
1613791407916,6,1010123456018,76,,1,1,39,1,2,,6.58919,185,0,0.0826345,53,0,7.57143,,0,0,0,0,0,0,0,0,0,,159,159,,0,0,0,0
1613791408166,6,1010123456018,76,,1,1,39,1,2,,11.0505,99,0,0.0698153,30,0,7.83333,,15,15,0,0,4,100,0,3.06198,0,,87,87,,0,0,0,10
1613791408416,6,1010123456018,76,,1,1,39,1,2,,12.4861,144,0,0.111711,38,0,9.66667,,0,0,0,0,0,0,0,0,0,,125,129,,0,0,0,0
1613791408666,6,1010123456018,76,,1,1,39,1,2,,7.27586,116,0,0.0551968,36,0,6.6,,0,0,0,0,0,0,0,0,0,,106,108,,0,0,0,0
1613791408916,6,1010123456018,76,,1,1,39,1,2,,11.1733,75,0,0.0533012,22,0,7.85714,,0,0,0,0,0,0,0,0,0,,66,66,,0,0,0,0
1613791409167,6,1010123456018,76,,1,1,39,1,2,,10.8462,39,0,0.0272,12,0,6.5,,0.1,15,0,0.1,4,25,0,2.07984,31,,36,36,,0,0,0,4.66667
1613791409417,6,1010123456018,76,,1,1,39,1,2,,12.6829,82,0,0.0641928,23,0,9.33333,,0,0,0,0,0,0,0,0,0,,69,69,,0,0,0,0
1613791409666,6,1010123456018,76,,1,1,39,1,2,,11.7527,93,0,0.0692048,27,0,7.83333,,0,0,0,0,0,0,0,0,0,,81,81,,0,0,0,0
1613791409917,6,1010123456018,76,,1,1,39,1,2,,10.4785,163,0,0.087616,43,0,8,,0,0,0,0,0,0,0,0,0,,138,138,,0,0,0,0
1613791410166,6,1010123456018,76,,1,1,39,1,2,,13.3382,68,0,0.056996,20,0,7.5,,7.14634,41,0,0.1,12,66.6667,0,3.4601,31,,57,57,,0,0,0,6.80488
1613791410417,6,1010123456018,76,,1,1,39,1,2,,9.75701,107,0,0.064384,32,0,7.25,,0,0,0,0,0,0,0,0,0,,90,90,,0,0,0,0
1613791410666,6,1010123456018,76,,1,1,39,1,2,,10.7475,99,0,0.0586988,27,0,10.4,,0,0,0,0,0,0,0,0,0,,84,84,,0,0,0,0
1613791410916,6,1010123456018,76,,1,1,39,1,2,,10.0777,103,0,0.0593735,27,0,8.14286,,0,0,0,0,0,0,0,0,0,,90,90,,0,0,0,0
1613791411167,6,1010123456018,76,,1,1,39,1,2,,9.34266,143,20,0.07584,43,0,6.66667,,0.1,19,0,0.1,6,16.6667,0,6.22286,31,,123,123,,0,0,0,3.84211
1613791411417,6,1010123456018,76,,1,1,39,1,2,,9.20408,98,0,0.054048,30,0,8,,0,0,0,0,0,0,0,0,0,,84,84,,0,0,0,0
1613791411666,6,1010123456018,76,,1,1,39,1,2,,9.23077,78,0,0.0433414,22,0,7.16667,,0,0,0,0,0,0,0,0,0,,68,72,,0,0,0,0
1613791411917,6,1010123456018,76,,1,1,39,1,2,,9.77348,181,0,0.09728,49,0,7.83333,,0,0,0,0,0,0,0,0,0,,157,159,,0,0,0,0
1613791412167,6,1010123456018,76,,1,1,39,1,2,,2.82716,243,0,0.079712,73,0,5.6,,6.4,30,0,0.1,8,50,0,9.24967,31,,245,282,,0,0,0,5.8
1613791412416,6,1010123456018,76,,1,1,39,1,2,,5.26923,130,0,0.0455582,37,0,6.66667,,0,0,0,0,0,0,0,0,0,,112,114,,0,0,0,0
1613791412666,6,1010123456018,76,,1,1,39,1,2,,8.97872,94,0,0.0486747,27,0,7.5,,0,0,0,0,0,0,0,0,0,,81,81,,0,0,0,0
1613791412917,6,1010123456018,76,,1,1,39,1,2,,11.1868,91,0,0.058144,23,0,8,,0,0,0,0,0,0,0,0,0,,78,78,,0,0,0,0
1613791413167,6,1010123456018,76,,1,1,39,1,2,,10.3587,92,0,0.059264,30,0,6.83333,,8.86957,23,0,0.1,7,57.1429,0,10.1828,31,,84,84,,0,0,0,5.69565
1613791413416,6,1010123456018,76,,1,1,39,1,2,,17.5,16,0,0.0209799,5,0,8.5,,0,0,0,0,0,0,0,0,0,,15,15,,0,0,0,0
1613791413666,6,1010123456018,76,,1,1,39,1,2,,6.01418,141,0,0.0504418,39,0,7.33333,,0,0,0,0,0,0,0,0,0,,123,123,,0,0,0,0
1613791413916,6,1010123456018,76,,1,1,39,1,2,,8.33333,81,0,0.0488675,26,0,7.5,,0,0,0,0,0,0,0,0,0,,72,72,,0,0,0,0
1613791414166,6,1010123456018,76,,1,1,39,1,2,,11.9286,98,0,0.0699759,28,0,8.6,,0.1,73,0,0.1,22,59.0909,0,2.97001,31,,85,87,,0,0,0,6.49315
1613791414416,6,1010123456018,76,,1,1,39,1,2,,9.0463,108,0,0.05449,31,0,6.83333,,0,0,0,0,0,0,0,0,0,,96,96,,0,0,0,0
1613791414667,6,1010123456018,76,,1,1,39,1,2,,10.5593,118,0,0.07008,34,0,8,,0,0,0,0,0,0,0,0,0,,102,102,,0,0,0,0
1613791414916,6,1010123456018,76,,1,1,39,1,2,,11.3505,97,0,0.0641285,28,0,7.83333,,0,0,0,0,0,0,0,0,0,,84,84,,0,0,0,0
1613791415166,6,1010123456018,76,,1,1,39,1,2,,6.78659,164,0,0.0768835,48,0,8,,14.9091,99,0,0.116787,32,87.5,0,4.97979,31,,165,186,,0,0,0,8.63636
1613791415416,6,1010123456018,76,,1,1,39,1,2,,8.78571,126,0,0.0710683,38,0,8.66667,,0,0,0,0,0,0,0,0,0,,111,111,,0,0,0,0
1613791415666,6,1010123456018,76,,1,1,39,1,2,,10.8652,89,0,0.0589558,26,0,7,,0,0,0,0,0,0,0,0,0,,78,78,,0,0,0,0
1613791415917,6,1010123456018,76,,1,1,39,1,2,,3.52695,167,0,0.0464,48,0,9,,0,0,0,0,0,0,0,0,0,,144,144,,0,0,0,0
1613791416166,6,1010123456018,76,,1,1,39,1,2,,5.50314,159,0,0.0570924,48,0,5.33333,,15.1111,72,0,0.1,23,86.9565,0,4.57169,31,,148,156,,0,0,0,8.625
1613791416417,6,1010123456018,76,,1,1,39,1,2,,5.92377,223,0,0.072832,59,0,7,,0,0,0,0,0,0,0,0,0,,192,192,,0,0,0,0
1613791416666,6,1010123456018,76,,1,1,39,1,2,,9.38849,139,0,0.0813815,44,0,7.66667,,0,0,0,0,0,0,0,0,0,,121,123,,0,0,0,0
1613791416917,6,1010123456018,76,,1,1,39,1,2,,10.6762,105,0,0.070112,31,0,7,,0,0,0,0,0,0,0,0,0,,90,90,,0,0,0,0
1613791417167,6,1010123456018,76,,1,1,39,1,2,,8.88095,84,0,0.038208,21,0,6.16667,,0.482759,87,0,0.1,26,73.0769,0,4.78902,31,,73,75,,0,0,0,7.68966
1613791417416,6,1010123456018,76,,1,1,39,1,2,,12.072,125,0,0.101687,39,0,9,,0,0,0,0,0,0,0,0,0,,109,111,,0,0,0,0
1613791417666,6,1010123456018,76,,1,1,39,1,2,,4.66412,131,206,0.0408996,30,0,6.83333,,0,0,0,0,0,0,0,0,0,,118,126,,0,0,0,0
1613791417916,6,1010123456018,76,,1,1,39,1,2,,8.4697,132,0,0.070008,46,0,6.42857,,0,0,0,0,0,0,0,0,0,,115,117,,0,0,0,0
1613791418167,6,1010123456018,76,,1,1,39,1,2,,3.5051,196,0,0.047392,56,0,6,,0.1,16,0,0,4,100,0,0.179006,0,,173,177,,0,0,0,10
1613791418416,6,1010123456018,76,,1,1,39,1,2,,9.01333,75,0,0.0379759,21,0,7,,0.1,7,0,0.1,2,50,0,1.47701,31,,63,63,,0,0,0,6.14286
1613791418667,6,1010123456018,76,,1,1,39,1,2,,10.1528,72,0,0.042848,21,0,7.66667,,0.1,4,0,0.1,1,0,0,1.99953,0,,66,66,,0,0,0,5
1613791418917,6,1010123456018,76,,1,1,39,1,2,,13.2308,39,0,0.03152,11,0,10.1429,,0,0,0,0,0,0,0,0,0,,33,33,,0,0,0,0
1613791419167,6,1010123456018,76,,1,1,39,1,2,,3.57488,207,60,0.048192,51,0,9.6,,4,36,0,0.1,10,80,0,6.67943,31,,178,180,,0,0,0,8
1613791419416,6,1010123456018,76,,1,1,39,1,2,,6.0125,160,0,0.061012,52,0,9.66667,,0,0,0,0,0,0,0,0,0,,138,138,,0,0,0,0
1613791419666,6,1010123456018,76,,1,1,39,1,2,,10,103,0,0.0646426,32,0,9,,0,0,0,0,0,0,0,0,0,,90,90,,0,0,0,0
1613791419917,6,1010123456018,76,,1,1,39,1,2,,3.99381,323,0,0.106464,89,0,7.33333,,0,0,0,0,0,0,0,0,0,,342,396,,0,0,0,0
1613791420166,6,1010123456018,76,,1,1,39,1,2,,3.88043,184,0,0.0689478,58,0,4.8,,15.3684,76,0,0.121992,25,84,0,5.38065,0,,206,219,,0,0,0,8.3421
1613791420417,6,1010123456018,76,,1,1,39,1,2,,8.47059,102,0,0.054176,29,0,8.16667,,0,0,0,0,0,0,0,0,0,,87,87,,0,0,0,0
1613791420666,6,1010123456018,76,,1,1,39,1,2,,9.36129,155,0,0.0762088,43,0,7,,0,0,0,0,0,0,0,0,0,,135,135,,0,0,0,0
1613791420916,6,1010123456018,76,,1,1,39,1,2,,9.03068,163,0,0.0875823,49,0,7,,0,0,0,0,0,0,0,0,0,,144,144,,0,0,0,0
1613791421166,6,1010123456018,76,,1,1,39,1,2,,10.597,67,89,0.0428273,20,0,8,,0.1,33,0,0.1,10,60,0,0.947866,31,,63,63,,0,0,0,6.87879
1613791421416,6,1010123456018,76,,1,1,39,1,2,,9.88608,79,89,0.0431807,22,0,9.4,,0,0,0,0,0,0,0,0,0,,66,66,,0,0,0,0
1613791421667,6,1010123456018,76,,1,1,39,1,2,,9.55147,136,0,0.0752,36,0,6.66667,,0,0,0,0,0,0,0,0,0,,119,123,,0,0,0,0
1613791421916,6,1010123456018,76,,1,1,39,1,2,,9.97638,127,0,0.0704257,38,0,7.5,,0,0,0,0,0,0,0,0,0,,108,108,,0,0,0,0
1613791422166,6,1010123456018,76,,1,1,39,1,2,,12.0676,74,0,0.0588916,23,0,9.33333,,9.02041,49,0,0.1,14,78.5714,0,6.90007,31,,63,63,,0,0,0,8.14286
1613791422417,6,1010123456018,76,,1,1,39,1,2,,10.2,90,0,0.053824,26,0,7.16667,,0,0,0,0,0,0,0,0,0,,78,78,,0,0,0,0
1613791422667,6,1010123456018,76,,1,1,39,1,2,,4.24224,161,112,0.03968,38,0,6.33333,,0,0,0,0,0,0,0,0,0,,138,138,,0,0,0,0
1613791422917,6,1010123456018,76,,1,1,39,1,2,,9.03106,161,0,0.087776,52,0,7.5,,0,0,0,0,0,0,0,0,0,,141,147,,0,0,0,0
1613791423166,6,1010123456018,76,,1,1,39,1,2,,9.38235,68,0,0.0433092,23,0,6.66667,,0.1,15,0,0,4,100,0,0.62681,0,,63,63,,0,0,0,10
1613791423416,6,1010123456018,76,,1,1,39,1,2,,9.03419,117,0,0.0595984,33,0,7,,6.61538,39,0,0.1,12,83.3333,0,11.1386,31,,100,102,,0,0,0,8.15385
1613791423666,6,1010123456018,76,,1,1,39,1,2,,6.34507,142,0,0.0489639,39,0,5.25,,3.69231,39,0,0.1,12,66.6667,0,8.48947,31,,129,129,,0,0,0,6.53846
1613791423916,6,1010123456018,76,,1,1,39,1,2,,7.90566,106,0,0.0463293,29,0,6.57143,,0,0,0,0,0,0,0,0,0,,92,96,,0,0,0,0
1613791424166,6,1010123456018,76,,1,1,39,1,2,,10.4085,71,0,0.0485141,24,0,7.66667,,8.58,50,0,0.1,14,71.4286,0,4.82364,31,,63,63,,0,0,0,7.98
1613791424416,6,1010123456018,76,,1,1,39,1,2,,8.76995,213,0,0.101462,60,0,6.66667,,0,0,0,0,0,0,0,0,0,,183,183,,0,0,0,0
1613791424667,6,1010123456018,76,,1,1,39,1,2,,8.57692,156,0,0.07904,46,0,6.5,,0,0,0,0,0,0,0,0,0,,135,135,,0,0,0,0
1613791424916,6,1010123456018,76,,1,1,39,1,2,,10.3367,98,0,0.0595663,28,0,7.5,,0,0,0,0,0,0,0,0,0,,88,90,,0,0,0,0
1613791425167,6,1010123456018,76,,1,1,39,1,2,,8.72115,104,0,0.05424,30,0,7.16667,,13.24,25,0,0.1,8,50,0,14.5971,31,,91,93,,0,0,0,5.68
1613791425417,6,1010123456018,76,,1,1,39,1,2,,15.1148,61,158,0.05744,17,0,10.1667,,0,0,0,0,0,0,0,0,0,,51,51,,0,0,0,0
1613791425666,6,1010123456018,76,,1,1,39,1,2,,3.44884,303,0,0.0768835,86,0,5.33333,,0,0,0,0,0,0,0,0,0,,290,321,,0,0,0,0
1613791425916,6,1010123456018,76,,1,1,39,1,2,,10.1391,115,0,0.0653815,33,0,7.28571,,0,0,0,0,0,0,0,0,0,,99,99,,0,0,0,0
1613791426167,6,1010123456018,76,,1,1,39,1,2,,9.72059,68,0,0.037728,20,0,6.66667,,8.86957,23,0,0.1,7,57.1429,0,10.6472,31,,60,60,,0,0,0,5.82609
1613791426417,6,1010123456018,76,,1,1,39,1,2,,9.11719,128,0,0.065248,37,0,7.5,,0,0,0,0,0,0,0,0,0,,111,111,,0,0,0,0
1613791426667,6,1010123456018,76,,1,1,39,1,2,,9.98958,96,0,0.053696,27,0,7.6,,0,0,0,0,0,0,0,0,0,,81,81,,0,0,0,0
1613791426916,6,1010123456018,76,,1,1,39,1,2,,12.6462,65,0,0.0479357,18,0,8.16667,,0,0,0,0,0,0,0,0,0,,54,54,,0,0,0,0
1613791427166,6,1010123456018,76,,1,1,39,1,2,,14.6667,63,0,0.0629719,19,0,11,,0.1,22,0,0.1,6,66.6667,0,1.33017,31,,57,57,,0,0,0,7.81818
1613791427416,6,1010123456018,76,,1,1,39,1,2,,9.57391,115,0,0.0643213,32,0,8.2,,0,0,0,0,0,0,0,0,0,,96,96,,0,0,0,0
1613791427666,6,1010123456018,76,,1,1,39,1,2,,9.98319,119,0,0.0642249,31,0,8,,0,0,0,0,0,0,0,0,0,,102,102,,0,0,0,0
1613791427916,6,1010123456018,76,,1,1,39,1,2,,10.782,133,0,0.0858474,38,0,7.28571,,0,0,0,0,0,0,0,0,0,,116,120,,0,0,0,0
1613791428166,6,1010123456018,76,,1,1,39,1,2,,10,76,0,0.0488032,25,0,6.5,,0.1,26,0,0.1,8,25,0,10.3677,31,,66,66,,0,0,0,3.19231
1613791428416,6,1010123456018,76,,1,1,39,1,2,,5.53271,107,0,0.044498,31,0,8.75,,0,0,0,0,0,0,0,0,0,,97,99,,0,0,0,0
1613791428667,6,1010123456018,76,,1,1,39,1,2,,12.4677,62,0,0.047776,18,0,8.6,,0,0,0,0,0,0,0,0,0,,54,54,,0,0,0,0
1613791428916,6,1010123456018,76,,1,1,39,1,2,,5.04082,147,0,0.0457189,42,0,7,,0,0,0,0,0,0,0,0,0,,126,126,,0,0,0,0
1613791429166,6,1010123456018,76,,1,1,39,1,2,,14.6429,42,0,0.0419598,12,0,8.66667,,9.11539,26,0,0.1,7,57.1429,0,7.71477,31,,36,36,,0,0,0,6.53846
1613791429417,6,1010123456018,76,,1,1,39,1,2,,9.25,64,0,0.032352,18,0,6.75,,0,0,0,0,0,0,0,0,0,,54,54,,0,0,0,0
1613791429666,6,1010123456018,76,,1,1,39,1,2,,5.85052,194,0,0.0628434,53,0,6.33333,,0,0,0,0,0,0,0,0,0,,168,168,,0,0,0,0
1613791429916,6,1010123456018,76,,1,1,39,1,2,,8.0101,99,0,0.0494779,31,0,6.14286,,0,0,0,0,0,0,0,0,0,,84,84,,0,0,0,0
1613791430166,6,1010123456018,76,,1,1,39,1,2,,10.0118,85,0,0.0432129,21,0,7.66667,,9.3,10,0,0.1,3,0,0,29.2149,31,,72,72,,0,0,0,1
1613791430417,6,1010123456018,76,,1,1,39,1,2,,9.5375,80,0,0.048224,25,0,7,,0,0,0,0,0,0,0,0,0,,66,66,,0,0,0,0
1613791430667,6,1010123456018,76,,1,1,39,1,2,,12.5238,105,0,0.07424,27,0,10,,0,0,0,0,0,0,0,0,0,,90,90,,0,0,0,0
1613791430916,6,1010123456018,76,,1,1,39,1,2,,10.8261,69,0,0.0431807,22,0,6.83333,,0,0,0,0,0,0,0,0,0,,60,60,,0,0,0,0
1613791431167,6,1010123456018,76,,1,1,39,1,2,,8.74713,87,0,0.048672,26,0,6.8,,0,10,0,0,4,100,0,0,0,,75,75,,0,0,0,0
1613791431416,6,1010123456018,76,,1,1,39,1,2,,10.4762,126,0,0.0740562,30,0,7.33333,,0,0,0,0,0,0,0,0,0,,112,117,,0,0,0,0
1613791431666,6,1010123456018,76,,1,1,39,1,2,,9.53211,109,0,0.0658956,36,0,6.66667,,0,0,0,0,0,0,0,0,0,,99,99,,0,0,0,0
1613791431917,6,1010123456018,76,,1,1,39,1,2,,6.40513,195,0,0.078816,53,0,7.5,,0,0,0,0,0,0,0,0,0,,167,171,,0,0,0,0
1613791432166,6,1010123456018,76,,1,1,39,1,2,,9.56205,137,0,0.0747631,42,0,7,,6.26471,34,0,0.1,10,80,0,3.58373,31,,120,120,,0,0,0,8.38235
1613791432417,6,1010123456018,76,,1,1,39,1,2,,10.6701,97,0,0.064672,31,0,7.5,,0,0,0,0,0,0,0,0,0,,84,84,,0,0,0,0
1613791432666,6,1010123456018,76,,1,1,39,1,2,,8.51064,47,0,0.0178635,10,0,8,,0,0,0,0,0,0,0,0,0,,39,39,,0,0,0,0
1613791432916,6,1010123456018,76,,1,1,39,1,2,,1.4313,262,0,0.0389398,78,0,5.2,,0,0,0,0,0,0,0,0,0,,225,225,,0,0,0,0
1613791433166,6,1010123456018,76,,1,1,39,1,2,,11.4177,79,0,0.0488353,21,0,8.33333,,3.62791,43,0,0.1,13,69.2308,0,3.6758,31,,69,69,,0,0,0,7.39535
1613791433416,6,1010123456018,76,,1,1,39,1,2,,11.2393,117,0,0.0852369,36,0,8.4,,0,3,0,0.1,1,0,0,0,0,,102,102,,0,0,0,0
1613791433667,6,1010123456018,76,,1,1,39,1,2,,10.4783,92,0,0.05392,27,0,7.66667,,0,0,0,0,0,0,0,0,0,,81,81,,0,0,0,0
1613791433917,6,1010123456018,76,,1,1,39,1,2,,9.64286,56,0,0.03216,16,0,8.5,,0,0,0,0,0,0,0,0,0,,48,48,,0,0,0,0
1613791434166,6,1010123456018,76,,1,1,39,1,2,,10.5333,45,0,0.026988,13,0,7,,13,23,0,0.1,6,66.6667,0,10.9806,31,,39,39,,0,0,0,7.26087
1613791434416,6,1010123456018,76,,1,1,39,1,2,,5.10234,342,0,0.108369,98,0,6.83333,,0,3,0,0.1,1,0,0,0,31,,295,297,,0,0,0,0
1613791434666,6,1010123456018,76,,1,1,39,1,2,,6.32692,156,0,0.0713896,45,0,7.16667,,0,0,0,0,0,0,0,0,0,,144,156,,0,0,0,0
1613791434916,6,1010123456018,76,,1,1,39,1,2,,14.4474,38,0,0.036755,11,0,7.16667,,0,0,0,0,0,0,0,0,0,,33,33,,0,0,0,0
1613791435166,6,1010123456018,76,,1,1,39,1,2,,9.11321,53,0,0.0216225,11,0,7.66667,,13.7143,7,0,0.1,2,0,0,29.3995,31,,45,45,,0,0,0,1
1613791435416,6,1010123456018,76,,1,1,39,1,2,,10.4583,120,0,0.0758554,39,0,7,,0,0,0,0,0,0,0,0,0,,105,105,,0,0,0,0
1613791435666,6,1010123456018,76,,1,1,39,1,2,,10.375,88,0,0.054008,25,0,6.8,,0,0,0,0,0,0,0,0,0,,76,78,,0,0,0,0
1613791435917,6,1010123456018,76,,1,1,39,1,2,,10.025,80,142,0.04832,22,0,6.85714,,0,0,0,0,0,0,0,0,0,,73,75,,0,0,0,0
1613791436166,6,1010123456018,76,,1,1,39,1,2,,5.66129,186,0,0.05751,54,0,8.5,,15.1579,19,0,0.1,6,66.6667,0,11.6489,31,,174,174,,0,0,0,6.68421
1613791436416,6,1010123456018,76,,1,1,39,1,2,,12.2083,72,0,0.0689478,24,0,7.16667,,0,0,0,0,0,0,0,0,0,,63,63,,0,0,0,0
1613791436666,6,1010123456018,76,,1,1,39,1,2,,10.1895,95,0,0.0590843,28,0,8,,0,0,0,0,0,0,0,0,0,,84,84,,0,0,0,0
1613791436916,6,1010123456018,76,,1,1,39,1,2,,10.6023,171,0,0.102297,49,0,7.66667,,0,0,0,0,0,0,0,0,0,,147,147,,0,0,0,0
1613791437166,6,1010123456018,76,,1,1,39,1,2,,9.56296,135,0,0.0755984,39,0,6.2,,6.26087,23,0,0.1,7,57.1429,0,9.78056,31,,118,120,,0,0,0,5.69565
1613791437416,6,1010123456018,76,,1,1,39,1,2,,8.64567,127,0,0.0615261,33,0,8.16667,,0,0,0,0,0,0,0,0,0,,112,114,,0,0,0,0
1613791437667,6,1010123456018,76,,1,1,39,1,2,,11.9352,108,0,0.07776,32,0,9,,0,0,0,0,0,0,0,0,0,,93,93,,0,0,0,0
1613791437917,6,1010123456018,76,,1,1,39,1,2,,10.6838,117,0,0.069888,32,0,8.16667,,0,0,0,0,0,0,0,0,0,,103,105,,0,0,0,0
1613791438166,6,1010123456018,76,,1,1,39,1,2,,10.232,125,99,0.0915341,41,0,8.5,,7.5,26,0,0.1,8,50,0,7.3075,31,,114,114,,0,0,0,6.34615
1613791438417,6,1010123456018,76,,1,1,39,1,2,,10.2435,115,0,0.069216,32,0,7.33333,,0,0,0,0,0,0,0,0,0,,97,99,,0,0,0,0
1613791438666,6,1010123456018,76,,1,1,39,1,2,,10.9884,86,0,0.0494779,24,0,8,,0,0,0,0,0,0,0,0,0,,72,72,,0,0,0,0
1613791438916,6,1010123456018,76,,1,1,39,1,2,,11.5728,103,0,0.079743,31,0,7.42857,,0,0,0,0,0,0,0,0,0,,91,93,,0,0,0,0
1613791439166,6,1010123456018,76,,1,1,39,1,2,,4.92118,203,0,0.0637108,59,0,7,,12.6667,36,0,0.1,10,60,0,13.3443,31,,177,177,,0,0,0,6.47222
1613791439416,6,1010123456018,76,,1,1,39,1,2,,9.71523,151,0,0.0818956,44,0,6.16667,,0,0,0,0,0,0,0,0,0,,132,132,,0,0,0,0
1613791439666,6,1010123456018,76,,1,1,39,1,2,,9.6044,91,0,0.0485462,26,0,7.16667,,0,0,0,0,0,0,0,0,0,,78,78,,0,0,0,0
1613791439916,6,1010123456018,76,,1,1,39,1,2,,8.73262,187,0,0.0934618,54,0,6.85714,,0,0,0,0,0,0,0,0,0,,162,162,,0,0,0,0
1613791440166,6,1010123456018,76,,1,1,39,1,2,,6.832,125,0,0.0520482,34,0,6.66667,,15,15,0,0,4,100,0,2.37765,0,,112,114,,0,0,0,10
1613791440416,6,1010123456018,76,,1,1,39,1,2,,9.8,125,0,0.0699116,35,0,8.16667,,0,0,0,0,0,0,0,0,0,,109,111,,0,0,0,0
1613791440666,6,1010123456018,76,,1,1,39,1,2,,8.58915,129,105,0.0643855,40,0,6.5,,0,0,0,0,0,0,0,0,0,,114,114,,0,0,0,0
1613791440917,6,1010123456018,76,,1,1,39,1,2,,4.84884,172,0,0.056928,49,0,6.33333,,0,0,0,0,0,0,0,0,0,,150,159,,0,0,0,0
1613791441166,6,1010123456018,76,,1,1,39,1,2,,9.93976,83,0,0.0484177,24,0,9.83333,,5,12,0,0.1,4,0,0,14.1222,31,,75,75,,0,0,0,1
1613791441416,6,1010123456018,76,,1,1,39,1,2,,10.2593,108,0,0.0642892,29,0,7.5,,0,0,0,0,0,0,0,0,0,,94,96,,0,0,0,0
1613791441666,6,1010123456018,76,,1,1,39,1,2,,8.17188,128,0,0.0663133,40,0,7.5,,0,0,0,0,0,0,0,0,0,,112,114,,0,0,0,0
1613791441916,6,1010123456018,76,,1,1,39,1,2,,10.4414,111,0,0.069494,30,0,9,,0,0,0,0,0,0,0,0,0,,98,102,,0,0,0,0
1613791442166,6,1010123456018,76,,1,1,39,1,2,,12.241,83,0,0.0643855,25,0,8.33333,,15,13,0,0,4,100,0,0.911617,0,,78,78,,0,0,0,10
1613791442416,6,1010123456018,76,,1,1,39,1,2,,10.1828,93,0,0.059502,28,0,6.66667,,0,0,0,0,0,0,0,0,0,,82,84,,0,0,0,0
1613791442667,6,1010123456018,76,,1,1,39,1,2,,12.6475,122,0,0.095232,35,0,9.33333,,0,0,0,0,0,0,0,0,0,,106,108,,0,0,0,0
1613791442917,6,1010123456018,76,,1,1,39,1,2,,6.34615,208,0,0.082944,59,0,7.33333,,0,0,0,0,0,0,0,0,0,,177,177,,0,0,0,0
1613791443166,6,1010123456018,76,,1,1,39,1,2,,6.51479,169,0,0.0670201,49,0,7.5,,0,12,0,0,4,100,0,0,0,,150,150,,0,0,0,0
1613791443416,6,1010123456018,76,,1,1,39,1,2,,10.3361,119,0,0.0598554,30,0,7.16667,,0.1,15,0,0.1,5,60,0,0.626488,31,,102,102,,0,0,0,7.33333
1613791443666,6,1010123456018,76,,1,1,39,1,2,,13.5068,73,0,0.0741526,25,0,9.33333,,0,0,0,0,0,0,0,0,0,,63,63,,0,0,0,0
1613791443916,6,1010123456018,76,,1,1,39,1,2,,11.9524,63,0,0.0481928,18,0,8.28571,,0,0,0,0,0,0,0,0,0,,55,57,,0,0,0,0
1613791444166,6,1010123456018,76,,1,1,39,1,2,,12.3898,59,0,0.0426988,17,0,8.4,,13.775,40,0,0.1,11,72.7273,0,9.35791,31,,51,51,,0,0,0,7.525
1613791444417,6,1010123456018,76,,1,1,39,1,2,,10,98,0,0.050656,26,0,6.8,,0,0,0,0,0,0,0,0,0,,87,87,,0,0,0,0
1613791444666,6,1010123456018,76,,1,1,39,1,2,,9.69491,59,0,0.0360803,20,0,6.5,,0,0,0,0,0,0,0,0,0,,54,54,,0,0,0,0
1613791444916,6,1010123456018,76,,1,1,39,1,2,,13.2381,63,0,0.0528514,18,0,8.66667,,0,0,0,0,0,0,0,0,0,,54,54,,0,0,0,0
1613791445166,6,1010123456018,76,,1,1,39,1,2,,11.375,80,0,0.0585382,24,0,10,,0.1,12,0,0,4,100,0,0.590191,0,,72,72,,0,0,0,10
1613791445416,6,1010123456018,76,,1,1,39,1,2,,4.58491,106,258,0.0289478,23,0,5.66667,,0.1,7,0,0.1,2,0,0,1.0742,31,,94,96,,0,0,0,2.14286
1613791445666,6,1010123456018,76,,1,1,39,1,2,,7.08609,151,0,0.0718394,52,0,7.8,,0,0,0,0,0,0,0,0,0,,148,165,,0,0,0,0
1613791445917,6,1010123456018,76,,1,1,39,1,2,,9.22368,76,158,0.043168,23,0,8,,0,0,0,0,0,0,0,0,0,,69,69,,0,0,0,0
1613791446167,6,1010123456018,76,,1,1,39,1,2,,9.95146,103,0,0.053536,26,0,8.16667,,5.2,40,0,0.1,12,66.6667,0,6.04311,31,,91,93,,0,0,0,6.5
1613791446417,6,1010123456018,76,,1,1,39,1,2,,9.5098,102,0,0.0648,34,0,8.5,,8.21053,19,0,0.1,6,66.6667,0,0.850434,31,,90,90,,0,0,0,7.05263
1613791446666,6,1010123456018,76,,1,1,39,1,2,,9.62,100,0,0.0544257,29,0,9.2,,0,0,0,0,0,0,0,0,0,,87,87,,0,0,0,0
1613791446917,6,1010123456018,76,,1,1,39,1,2,,4.42857,105,0,0.029312,31,0,6.5,,0,0,0,0,0,0,0,0,0,,93,93,,0,0,0,0
1613791447166,6,1010123456018,76,,1,1,39,1,2,,12.439,82,0,0.0583133,21,0,8.4,,6.4,30,0,0.1,9,66.6667,0,6.42098,31,,72,72,,0,0,0,7.6
1613791447416,6,1010123456018,76,,1,1,39,1,2,,10.9216,51,0,0.0374618,18,0,6.33333,,0,0,0,0,0,0,0,0,0,,45,45,,0,0,0,0
1613791447666,6,1010123456018,76,,1,1,39,1,2,,8.78788,99,0,0.0433735,25,0,8.2,,0,0,0,0,0,0,0,0,0,,87,87,,0,0,0,0
1613791447916,6,1010123456018,76,,1,1,39,1,2,,5.62914,151,0,0.0513414,43,0,6.28571,,0,0,0,0,0,0,0,0,0,,131,135,,0,0,0,0
1613791448167,6,1010123456018,76,,1,1,39,1,2,,7.14379,153,215,0.067008,40,0,6.8,,0,3,0,0.1,1,0,0,0,31,,135,135,,0,0,0,0
1613791448416,6,1010123456018,76,,1,1,39,1,2,,5.45349,172,0,0.0665382,57,0,8,,0.1,7,0,0.1,2,0,0,19.3277,0,,150,156,,0,0,0,1
1613791448667,6,1010123456018,76,,1,1,39,1,2,,11.3571,98,0,0.064256,28,0,7.66667,,0,0,0,0,0,0,0,0,0,,84,84,,0,0,0,0
1613791448916,6,1010123456018,76,,1,1,39,1,2,,10.0606,66,0,0.0380402,19,0,8,,0,0,0,0,0,0,0,0,0,,57,57,,0,0,0,0
1613791449166,6,1010123456018,76,,1,1,39,1,2,,10.246,126,0,0.068498,31,0,7,,13.2857,7,0,0.1,2,0,0,32.0402,31,,109,111,,0,0,0,1
1613791449416,6,1010123456018,76,,1,1,39,1,2,,5.43452,168,0,0.064257,53,0,6,,0,0,0,0,0,0,0,0,0,,144,144,,0,0,0,0
1613791449667,6,1010123456018,76,,1,1,39,1,2,,11.2097,62,0,0.04256,18,0,7.33333,,0,0,0,0,0,0,0,0,0,,54,54,,0,0,0,0
1613791449916,6,1010123456018,76,,1,1,39,1,2,,10.2414,116,0,0.0698153,33,0,7.66667,,0,0,0,0,0,0,0,0,0,,99,99,,0,0,0,0
1613791450166,6,1010123456018,76,,1,1,39,1,2,,9.11765,153,140,0.0814458,39,0,5.66667,,0,11,0,0,4,100,0,0,0,,140,144,,0,0,0,0
1613791450416,6,1010123456018,76,,1,1,39,1,2,,3.3209,268,0,0.0659598,82,0,9,,0.1,7,0,0.1,2,0,0,1.50795,31,,228,228,,0,0,0,2.14286
1613791450666,6,1010123456018,76,,1,1,39,1,2,,9.93976,83,0,0.0487068,24,0,6.66667,,0,0,0,0,0,0,0,0,0,,73,75,,0,0,0,0
1613791450917,6,1010123456018,76,,1,1,39,1,2,,12.8105,95,0,0.07472,27,0,7.66667,,0,0,0,0,0,0,0,0,0,,82,84,,0,0,0,0
1613791451167,6,1010123456018,76,,1,1,39,1,2,,9.64198,162,0,0.08656,47,0,6.66667,,0.1,30,0,0.1,8,25,0,11.537,31,,141,141,,0,0,0,4.06667
1613791451417,6,1010123456018,76,,1,1,39,1,2,,10.7604,96,0,0.058592,27,0,7.33333,,0,0,0,0,0,0,0,0,0,,81,81,,0,0,0,0
1613791451667,6,1010123456018,76,,1,1,39,1,2,,10.5667,90,0,0.04832,22,0,7.25,,0,0,0,0,0,0,0,0,0,,75,75,,0,0,0,0
1613791451916,6,1010123456018,76,,1,1,39,1,2,,11.4205,88,0,0.0587631,25,0,8.4,,0,0,0,0,0,0,0,0,0,,75,75,,0,0,0,0
1613791452166,6,1010123456018,76,,1,1,39,1,2,,9.17259,197,0,0.109205,59,0,7.83333,,13.2857,7,0,0.1,2,0,0,31.0883,31,,175,177,,0,0,0,1
1613791452416,6,1010123456018,76,,1,1,39,1,2,,5.65079,126,89,0.0397751,32,0,7.5,,0,0,0,0,0,0,0,0,0,,108,108,,0,0,0,0
1613791452666,6,1010123456018,76,,1,1,39,1,2,,10.424,125,0,0.0855904,39,0,8,,0,0,0,0,0,0,0,0,0,,108,111,,0,0,0,0
1613791452917,6,1010123456018,76,,1,1,39,1,2,,9.04396,182,0,0.083296,46,0,7.33333,,0,0,0,0,0,0,0,0,0,,156,156,,0,0,0,0
1613791453166,6,1010123456018,76,,1,1,39,1,2,,9.88372,86,0,0.0579277,31,0,6.83333,,0,6,0,0.1,2,0,0,0,31,,75,75,,0,0,0,0
1613791453417,6,1010123456018,76,,1,1,39,1,2,,5.69318,176,0,0.061696,50,0,6.4,,0,0,0,0,0,0,0,0,0,,152,156,,0,0,0,0
1613791453666,6,1010123456018,76,,1,1,39,1,2,,7.78261,138,0,0.0708112,40,0,7.6,,0,0,0,0,0,0,0,0,0,,127,138,,0,0,0,0
1613791453917,6,1010123456018,76,,1,1,39,1,2,,11.6319,144,0,0.100992,41,0,8.42857,,0,0,0,0,0,0,0,0,0,,123,123,,0,0,0,0
1613791454166,6,1010123456018,76,,1,1,39,1,2,,11.2627,118,0,0.0804819,34,0,9.25,,15,12,0,0,4,100,0,1.15756,0,,103,105,,0,0,0,10
1613791454417,6,1010123456018,76,,1,1,39,1,2,,11.1111,108,0,0.069344,31,0,8.2,,0,0,0,0,0,0,0,0,0,,93,93,,0,0,0,0
1613791454667,6,1010123456018,76,,1,1,39,1,2,,12,105,0,0.079296,30,0,7.4,,0,0,0,0,0,0,0,0,0,,92,96,,0,0,0,0
1613791454916,6,1010123456018,76,,1,1,39,1,2,,5.14789,142,0,0.0456225,40,0,7,,0,0,0,0,0,0,0,0,0,,120,120,,0,0,0,0
1613791455167,6,1010123456018,76,,1,1,39,1,2,,11.0408,98,0,0.064384,28,0,9,,0.1,29,0,0.1,8,50,0,1.09021,31,,85,87,,0,0,0,5.75862
1613791455416,6,1010123456018,76,,1,1,39,1,2,,5.55152,165,0,0.0565141,45,0,8,,0,0,0,0,0,0,0,0,0,,143,147,,0,0,0,0
1613791455666,6,1010123456018,76,,1,1,39,1,2,,5.0068,147,0,0.050988,44,0,6.5,,0,0,0,0,0,0,0,0,0,,126,126,,0,0,0,0
1613791455917,6,1010123456018,76,,1,1,39,1,2,,10.2353,85,0,0.043488,21,0,7.71429,,0,0,0,0,0,0,0,0,0,,72,72,,0,0,0,0
1613791456167,6,1010123456018,76,,1,1,39,1,2,,5.00581,172,0,0.061952,53,0,7.16667,,6.5,24,0,0.1,7,57.1429,0,9.53623,31,,159,159,,0,0,0,5.875
1613791456416,6,1010123456018,76,,1,1,39,1,2,,9.39216,102,0,0.0486426,26,0,7.83333,,0,0,0,0,0,0,0,0,0,,87,87,,0,0,0,0
1613791456667,6,1010123456018,76,,1,1,39,1,2,,9.86207,116,0,0.069344,35,0,8,,0,0,0,0,0,0,0,0,0,,99,99,,0,0,0,0
1613791456917,6,1010123456018,76,,1,1,39,1,2,,12.1446,83,0,0.05936,25,0,7.71429,,0,0,0,0,0,0,0,0,0,,72,72,,0,0,0,0
1613791457166,6,1010123456018,76,,1,1,39,1,2,,5.53459,159,0,0.0615582,48,0,5.66667,,15.1628,86,0,0.10808,29,86.2069,0,4.32902,31,,171,183,,0,0,0,8.74419
1613791457417,6,1010123456018,76,,1,1,39,1,2,,8.85,120,0,0.059584,35,0,6.16667,,0,0,0,0,0,0,0,0,0,,105,105,,0,0,0,0
1613791457666,6,1010123456018,76,,1,1,39,1,2,,10.1529,85,89,0.0483213,23,0,7.66667,,0,0,0,0,0,0,0,0,0,,72,72,,0,0,0,0
1613791457917,6,1010123456018,76,,1,1,39,1,2,,9.38732,142,69,0.070272,39,0,6.85714,,0,0,0,0,0,0,0,0,0,,123,123,,0,0,0,0
1613791458166,6,1010123456018,76,,1,1,39,1,2,,10.6275,51,0,0.042988,18,0,6.83333,,6.54545,22,0,0.1,7,57.1429,0,7.18383,31,,46,48,,0,0,0,6.09091
1613791458417,6,1010123456018,76,,1,1,39,1,2,,9.29032,31,0,0.016128,9,0,9.16667,,0,0,0,0,0,0,0,0,0,,27,27,,0,0,0,0
1613791458666,6,1010123456018,76,,1,1,39,1,2,,10.4632,136,0,0.075502,36,0,8,,0,0,0,0,0,0,0,0,0,,117,117,,0,0,0,0
1613791458916,6,1010123456018,76,,1,1,39,1,2,,12.9504,121,0,0.095261,35,0,9.71429,,0,0,0,0,0,0,0,0,0,,106,108,,0,0,0,0
1613791459167,6,1010123456018,76,,1,1,39,1,2,,11.0721,111,0,0.0744,31,0,8.5,,0.1,16,0,0.1,4,25,0,1.62978,31,,93,93,,0,0,0,3.5
1613791459416,6,1010123456018,76,,1,1,39,1,2,,10.0686,102,0,0.0695904,32,0,7.66667,,0,0,0,0,0,0,0,0,0,,88,90,,0,0,0,0
1613791459667,6,1010123456018,76,,1,1,39,1,2,,12.1714,105,89,0.078848,29,0,8.83333,,0,0,0,0,0,0,0,0,0,,90,90,,0,0,0,0
1613791459917,6,1010123456018,76,,1,1,39,1,2,,10.776,125,105,0.069664,32,0,8.33333,,0,0,0,0,0,0,0,0,0,,105,105,,0,0,0,0
1613791460166,6,1010123456018,76,,1,1,39,1,2,,9.38608,158,0,0.0921767,49,0,7.16667,,0.1,17,0,0.1,5,0,0,6.89268,31,,137,141,,0,0,0,2.05882
1613791460416,6,1010123456018,76,,1,1,39,1,2,,11.1638,116,0,0.0750843,31,0,7.83333,,0,0,0,0,0,0,0,0,0,,102,102,,0,0,0,0
1613791460667,6,1010123456018,76,,1,1,39,1,2,,11.3924,79,18,0.057536,24,0,9,,0,0,0,0,0,0,0,0,0,,72,72,,0,0,0,0
1613791460916,6,1010123456018,76,,1,1,39,1,2,,10.9,160,0,0.0969317,44,0,8.85714,,0,0,0,0,0,0,0,0,0,,132,132,,0,0,0,0
1613791461167,6,1010123456018,76,,1,1,39,1,2,,9.56191,105,3,0.053664,28,0,7.6,,1.6,45,0,0.1,13,61.5385,0,3.43404,31,,93,93,,0,0,0,7.93333
1613791461416,6,1010123456018,76,,1,1,39,1,2,,10.5714,112,0,0.0750843,36,0,8.16667,,0,0,0,0,0,0,0,0,0,,94,96,,0,0,0,0
1613791461667,6,1010123456018,76,,1,1,39,1,2,,5.44156,154,0,0.056192,45,0,6.5,,0,0,0,0,0,0,0,0,0,,132,132,,0,0,0,0
1613791461917,6,1010123456018,76,,1,1,39,1,2,,12.0923,130,0,0.090656,37,0,8.14286,,0,0,0,0,0,0,0,0,0,,111,111,,0,0,0,0
1613791462167,6,1010123456018,76,,1,1,39,1,2,,5.33482,224,0,0.073536,63,0,8.5,,6.5,24,0,0.1,7,57.1429,0,9.93589,31,,204,216,,0,0,0,6
1613791462417,6,1010123456018,76,,1,1,39,1,2,,10.1961,51,0,0.037024,15,0,7,,0,0,0,0,0,0,0,0,0,,39,39,,0,0,0,0
1613791462667,6,1010123456018,76,,1,1,39,1,2,,5.84181,177,0,0.072224,51,0,7.4,,0,0,0,0,0,0,0,0,0,,161,174,,0,0,0,0
1613791462916,6,1010123456018,76,,1,1,39,1,2,,11,55,0,0.0372691,16,0,8.71428,,0,0,0,0,0,0,0,0,0,,48,48,,0,0,0,0
1613791463166,6,1010123456018,76,,1,1,39,1,2,,8.23164,177,0,0.0926908,51,0,7.16667,,0.1,35,0,0.1,10,60,0,1.03622,31,,157,162,,0,0,0,6.6
1613791463416,6,1010123456018,76,,1,1,39,1,2,,10.898,49,69,0.0268594,13,0,7.2,,0,0,0,0,0,0,0,0,0,,42,42,,0,0,0,0
1613791463666,6,1010123456018,76,,1,1,39,1,2,,4.21765,170,0,0.0569317,49,0,6.6,,0,0,0,0,0,0,0,0,0,,182,210,,0,0,0,0
1613791463916,6,1010123456018,76,,1,1,39,1,2,,11.3733,75,0,0.0537189,22,0,8.2,,0,0,0,0,0,0,0,0,0,,63,63,,0,0,0,0
1613791464166,6,1010123456018,76,,1,1,39,1,2,,5.32287,223,0,0.0687871,60,0,7.5,,0.1,20,0,0.1,6,66.6667,0,4.78189,31,,189,189,,0,0,0,8.2
1613791464416,6,1010123456018,76,,1,1,39,1,2,,9.39316,117,0,0.0652209,36,0,7.6,,0,0,0,0,0,0,0,0,0,,99,99,,0,0,0,0
1613791464667,6,1010123456018,76,,1,1,39,1,2,,10.9175,97,0,0.069344,28,0,8.5,,0,0,0,0,0,0,0,0,0,,85,87,,0,0,0,0
1613791464916,6,1010123456018,76,,1,1,39,1,2,,11.1429,91,0,0.0586667,25,0,9.2,,0,0,0,0,0,0,0,0,0,,82,84,,0,0,0,0
1613791465166,6,1010123456018,76,,1,1,39,1,2,,9.8125,64,0,0.0431807,20,0,6.33333,,2.92683,41,0,0.1,12,41.6667,0,6.71291,31,,54,54,,0,0,0,5.56098
1613791465417,6,1010123456018,76,,1,1,39,1,2,,9.20833,168,0,0.086112,48,0,5.8,,0,0,0,0,0,0,0,0,0,,144,144,,0,0,0,0
1613791465666,6,1010123456018,76,,1,1,39,1,2,,8.40127,157,0,0.0770763,42,0,7.66667,,0,0,0,0,0,0,0,0,0,,136,138,,0,0,0,0
1613791465917,6,1010123456018,76,,1,1,39,1,2,,10.2083,48,0,0.032512,17,0,8,,0,0,0,0,0,0,0,0,0,,42,42,,0,0,0,0
1613791466167,6,1010123456018,76,,1,1,39,1,2,,4.36612,183,0,0.052128,52,0,7.4,,0,15,0,0.1,5,80,0,0,0,,159,159,,0,0,0,0
1613791466417,6,1010123456018,76,,1,1,39,1,2,,5.90226,133,0,0.042752,35,0,7.33333,,0,0,0,0,0,0,0,0,0,,117,123,,0,0,0,0
1613791466667,6,1010123456018,76,,1,1,39,1,2,,10.8739,111,0,0.07696,35,0,9,,0,0,0,0,0,0,0,0,0,,96,96,,0,0,0,0
1613791466916,6,1010123456018,76,,1,1,39,1,2,,8.85714,77,0,0.0380723,22,0,6.8,,0,0,0,0,0,0,0,0,0,,66,66,,0,0,0,0
1613791467166,6,1010123456018,76,,1,1,39,1,2,,3.34459,296,0,0.0666024,86,0,5,,13.9355,93,0,0.1,29,82.7586,0,3.5082,31,,272,282,,0,0,0,8.35484
1613791467416,6,1010123456018,76,,1,1,39,1,2,,9.58537,123,0,0.0704578,37,0,8,,0,0,0,0,0,0,0,0,0,,106,108,,0,0,0,0
1613791467666,6,1010123456018,76,,1,1,39,1,2,,12.6349,63,0,0.0581847,20,0,8.6,,0,0,0,0,0,0,0,0,0,,57,57,,0,0,0,0
1613791467916,6,1010123456018,76,,1,1,39,1,2,,10.1239,113,0,0.0648353,32,0,7.28571,,0,0,0,0,0,0,0,0,0,,96,96,,0,0,0,0
1613791468166,6,1010123456018,76,,1,1,39,1,2,,9.10484,124,0,0.0654137,37,0,6.8,,6.35443,79,0,0.1,24,66.6667,0,5.96473,31,,117,117,,0,0,0,6.94937
1613791468416,6,1010123456018,76,,1,1,39,1,2,,12.5878,148,0,0.11155,42,0,8.33333,,0,0,0,0,0,0,0,0,0,,127,129,,0,0,0,0
1613791468666,6,1010123456018,76,,1,1,39,1,2,,11.5862,58,0,0.0425703,17,0,8.5,,0,0,0,0,0,0,0,0,0,,51,51,,0,0,0,0
1613791468917,6,1010123456018,76,,1,1,39,1,2,,6.90449,178,0,0.06128,48,0,7.57143,,0,0,0,0,0,0,0,0,0,,153,153,,0,0,0,0
1613791469166,6,1010123456018,76,,1,1,39,1,2,,3.3271,214,0,0.0692048,65,0,6.83333,,8.63158,38,0,0.1,11,72.7273,0,3.82305,31,,187,189,,0,0,0,7.63158
1613791469417,6,1010123456018,76,,1,1,39,1,2,,10.9545,88,0,0.058848,26,0,8.33333,,0,0,0,0,0,0,0,0,0,,82,84,,0,0,0,0
1613791469666,6,1010123456018,76,,1,1,39,1,2,,9.48673,113,0,0.0600803,32,0,6.83333,,0,0,0,0,0,0,0,0,0,,96,96,,0,0,0,0
1613791469916,6,1010123456018,76,,1,1,39,1,2,,11.2527,91,0,0.0587952,26,0,8.33333,,0,0,0,0,0,0,0,0,0,,78,78,,0,0,0,0
1613791470166,6,1010123456018,76,,1,1,39,1,2,,9.48,100,0,0.0527871,28,0,8.6,,6.54545,22,0,0.1,7,57.1429,0,11.5488,31,,90,90,,0,0,0,5.90909
1613791470416,6,1010123456018,76,,1,1,39,1,2,,10.8333,54,0,0.0287229,14,0,7.83333,,0,0,0,0,0,0,0,0,0,,45,45,,0,0,0,0
1613791470666,6,1010123456018,76,,1,1,39,1,2,,10.0172,58,0,0.0378474,19,0,6.83333,,0,0,0,0,0,0,0,0,0,,51,51,,0,0,0,0
1613791470916,6,1010123456018,76,,1,1,39,1,2,,9.16279,43,0,0.0218153,12,0,8.16667,,0,0,0,0,0,0,0,0,0,,36,36,,0,0,0,0
1613791471167,6,1010123456018,76,,1,1,39,1,2,,12.3824,68,0,0.05296,20,0,8.16667,,2.73529,34,0,0.1,10,80,0,9.49518,31,,60,60,,0,0,0,8.41177
1613791471417,6,1010123456018,76,,1,1,39,1,2,,8.94167,120,0,0.059872,34,0,6.83333,,0,0,0,0,0,0,0,0,0,,102,102,,0,0,0,0
1613791471666,6,1010123456018,76,,1,1,39,1,2,,10.1939,98,0,0.0641285,28,0,7.33333,,0,0,0,0,0,0,0,0,0,,87,93,,0,0,0,0
1613791471916,6,1010123456018,76,,1,1,39,1,2,,3.89888,89,0,0.0235502,25,0,8.28571,,0,0,0,0,0,0,0,0,0,,78,78,,0,0,0,0
1613791472167,6,1010123456018,76,,1,1,39,1,2,,5.75385,195,0,0.06192,54,0,6.33333,,16,14,0,0,4,100,0,1.91348,0,,180,180,,0,0,0,10
1613791472417,6,1010123456018,76,,1,1,39,1,2,,10.7037,81,0,0.053664,25,0,9,,8.5,24,0,0.1,7,71.4286,0,8.56718,31,,75,75,,0,0,0,7.375
1613791472666,6,1010123456018,76,,1,1,39,1,2,,12.0833,96,0,0.0744096,28,0,8,,7.57895,19,0,0.1,5,60,0,1.24514,0,,81,81,,0,0,0,6.84211
1613791472916,6,1010123456018,76,,1,1,39,1,2,,9.35897,78,0,0.0432771,22,0,7,,0,0,0,0,0,0,0,0,0,,67,69,,0,0,0,0
1613791473167,6,1010123456018,76,,1,1,39,1,2,,13.6545,55,0,0.052448,17,0,9.4,,15.0805,87,0,0.1,27,88.8889,0,5.26249,31,,51,51,,0,0,0,8.68966
1613791473416,6,1010123456018,76,,1,1,39,1,2,,10.3058,121,0,0.0801606,35,0,8.5,,0,0,0,0,0,0,0,0,0,,106,108,,0,0,0,0
1613791473666,6,1010123456018,76,,1,1,39,1,2,,9.69403,134,0,0.0703293,35,0,7.16667,,0,0,0,0,0,0,0,0,0,,121,123,,0,0,0,0
1613791473916,6,1010123456018,76,,1,1,39,1,2,,9.62617,107,0,0.0596305,32,0,8.33333,,0,0,0,0,0,0,0,0,0,,93,93,,0,0,0,0
1613791474166,6,1010123456018,76,,1,1,39,1,2,,4.42308,182,0,0.0525944,53,0,7.16667,,6.80488,41,0,0.1,13,76.9231,0,1.90825,31,,162,162,,0,0,0,8.31707
1613791474417,6,1010123456018,76,,1,1,39,1,2,,3.82051,195,0,0.057472,55,0,7.66667,,0,0,0,0,0,0,0,0,0,,176,189,,0,0,0,0
1613791474666,6,1010123456018,76,,1,1,39,1,2,,10.2746,193,69,0.123855,57,0,7.66667,,0,0,0,0,0,0,0,0,0,,172,174,,0,0,0,0
1613791474917,6,1010123456018,76,,1,1,39,1,2,,10.0396,101,0,0.053952,28,0,7.71429,,0,0,0,0,0,0,0,0,0,,84,84,,0,0,0,0
1613791475167,6,1010123456018,76,,1,1,39,1,2,,10.0722,97,0,0.064256,29,0,6.6,,3.4875,80,0,0.1,25,76,0,5.56584,31,,85,87,,0,0,0,8.2
1613791475417,6,1010123456018,76,,1,1,39,1,2,,9.81739,115,0,0.064864,33,0,7.5,,0,0,0,0,0,0,0,0,0,,99,99,,0,0,0,0
1613791475667,6,1010123456018,76,,1,1,39,1,2,,10.3974,156,0,0.09616,45,0,7.66667,,0,0,0,0,0,0,0,0,0,,136,138,,0,0,0,0
1613791475917,6,1010123456018,76,,1,1,39,1,2,,8.16471,85,0,0.038208,24,0,5.5,,0,0,0,0,0,0,0,0,0,,72,72,,0,0,0,0
1613791476166,6,1010123456018,76,,1,1,39,1,2,,6.17073,164,0,0.0567068,46,0,9,,12.5833,24,0,0.1,7,57.1429,0,11.4777,31,,147,147,,0,0,0,7
1613791476417,6,1010123456018,76,,1,1,39,1,2,,11.0649,77,0,0.056832,23,0,7.25,,0,0,0,0,0,0,0,0,0,,66,66,,0,0,0,0
1613791476667,6,1010123456018,76,,1,1,39,1,2,,9.12245,98,105,0.0504,28,0,7,,0,0,0,0,0,0,0,0,0,,84,84,,0,0,0,0
1613791476916,6,1010123456018,76,,1,1,39,1,2,,4.73009,226,0,0.073992,64,0,7.83333,,0,0,0,0,0,0,0,0,0,,212,222,,0,0,0,0
1613791477166,6,1010123456018,76,,1,1,39,1,2,,10.2444,90,0,0.0591486,30,0,7.66667,,0.1,60,0,0.1,16,68.75,0,0.912369,31,,84,84,,0,0,0,8.06667
1613791477417,6,1010123456018,76,,1,1,39,1,2,,10.4746,59,0,0.032352,16,0,8.25,,0,0,0,0,0,0,0,0,0,,52,54,,0,0,0,0
1613791477666,6,1010123456018,76,,1,1,39,1,2,,12.8889,63,0,0.0530763,19,0,8.5,,0,0,0,0,0,0,0,0,0,,54,54,,0,0,0,0
1613791477917,6,1010123456018,76,,1,1,39,1,2,,12.0367,109,0,0.084288,31,0,8.16667,,0,0,0,0,0,0,0,0,0,,95,99,,0,0,0,0
1613791478166,6,1010123456018,76,,1,1,39,1,2,,11.25,112,0,0.0749237,33,0,8.66667,,13,19,0,0.1,6,66.6667,0,12.3534,31,,99,99,,0,0,0,6.68421
1613791478416,6,1010123456018,76,,1,1,39,1,2,,11.7333,90,0,0.0647711,26,0,7.83333,,0,0,0,0,0,0,0,0,0,,79,81,,0,0,0,0
1613791478666,6,1010123456018,76,,1,1,39,1,2,,10.9242,66,0,0.0430843,19,0,7.2,,0,0,0,0,0,0,0,0,0,,58,60,,0,0,0,0
1613791478916,6,1010123456018,76,,1,1,39,1,2,,10.3059,85,0,0.043245,22,0,7.83333,,0,0,0,0,0,0,0,0,0,,75,75,,0,0,0,0
1613791479166,6,1010123456018,76,,1,1,39,1,2,,10.5165,91,0,0.0593735,28,0,7,,2,24,0,0,8,100,0,0.597019,0,,78,78,,0,0,0,10
1613791479417,6,1010123456018,76,,1,1,39,1,2,,10.7955,44,0,0.026688,13,0,7,,0,0,0,0,0,0,0,0,0,,39,39,,0,0,0,0
1613791479667,6,1010123456018,76,,1,1,39,1,2,,5.84916,179,0,0.072064,51,0,7.33333,,0,0,0,0,0,0,0,0,0,,170,192,,0,0,0,0
1613791479916,6,1010123456018,76,,1,1,39,1,2,,9.93269,104,0,0.0595663,30,0,7.6,,0,0,0,0,0,0,0,0,0,,90,90,,0,0,0,0
1613791480166,6,1010123456018,76,,1,1,39,1,2,,9.26087,115,0,0.0599839,33,0,6.66667,,7.38462,26,0,0.1,7,57.1429,0,3.82936,31,,99,99,,0,0,0,6.96154
1613791480416,6,1010123456018,76,,1,1,39,1,2,,10.5205,73,0,0.0428916,21,0,8.4,,0,0,0,0,0,0,0,0,0,,63,63,,0,0,0,0
1613791480666,6,1010123456018,76,,1,1,39,1,2,,11.6829,41,0,0.0318715,12,0,8.16667,,0,0,0,0,0,0,0,0,0,,37,39,,0,0,0,0
1613791480917,6,1010123456018,76,,1,1,39,1,2,,4.07487,187,0,0.052064,53,0,7.85714,,0,0,0,0,0,0,0,0,0,,160,162,,0,0,0,0
1613791481167,6,1010123456018,76,,1,1,39,1,2,,10.0686,102,0,0.047712,24,0,7.16667,,13.7143,21,0,0.1,6,66.6667,0,12.4922,31,,90,90,,0,0,0,7
1613791481417,6,1010123456018,76,,1,1,39,1,2,,9.37647,85,0,0.054976,30,0,7,,0,0,0,0,0,0,0,0,0,,72,72,,0,0,0,0
1613791481666,6,1010123456018,76,,1,1,39,1,2,,3.65079,189,0,0.0473574,55,0,7.4,,0,0,0,0,0,0,0,0,0,,165,165,,0,0,0,0
1613791481916,6,1010123456018,76,,1,1,39,1,2,,8.04132,121,89,0.0650602,34,0,7.57143,,0,0,0,0,0,0,0,0,0,,106,108,,0,0,0,0
1613791482167,6,1010123456018,76,,1,1,39,1,2,,9.04321,162,0,0.081152,47,0,6.75,,10.7143,14,0,0.1,4,25,0,24.8716,31,,138,138,,0,0,0,2.92857
1613791482416,6,1010123456018,76,,1,1,39,1,2,,13.7931,58,0,0.0527871,17,0,9.8,,0,0,0,0,0,0,0,0,0,,51,51,,0,0,0,0
1613791482666,6,1010123456018,76,,1,1,39,1,2,,5.56,125,0,0.049992,36,0,7.5,,0,0,0,0,0,0,0,0,0,,108,108,,0,0,0,0
1613791482916,6,1010123456018,76,,1,1,39,1,2,,14.5741,54,0,0.0474859,15,0,10,,0,0,0,0,0,0,0,0,0,,45,45,,0,0,0,0
1613791483166,6,1010123456018,76,,1,1,39,1,2,,8.28571,147,0,0.0760482,42,0,6.5,,15,15,0,0,4,100,0,1.34325,0,,134,144,,0,0,0,10
1613791483417,6,1010123456018,76,,1,1,39,1,2,,10.2167,120,0,0.064416,31,0,7.16667,,0,0,0,0,0,0,0,0,0,,102,102,,0,0,0,0
1613791483666,6,1010123456018,76,,1,1,39,1,2,,12.5745,47,0,0.0422811,16,0,7.8,,0,0,0,0,0,0,0,0,0,,39,39,,0,0,0,0
1613791483917,6,1010123456018,76,,1,1,39,1,2,,9.93684,95,0,0.053984,27,0,7,,0,0,0,0,0,0,0,0,0,,82,84,,0,0,0,0
1613791484167,6,1010123456018,76,,1,1,39,1,2,,9.70297,101,0,0.059296,30,0,7.5,,0.1,18,0,0.1,6,16.6667,0,8.95809,31,,91,93,,0,0,0,2.5
1613791484416,6,1010123456018,76,,1,1,39,1,2,,15.6818,22,0,0.0209157,6,0,10.8,,0,0,0,0,0,0,0,0,0,,18,18,,0,0,0,0
1613791484666,6,1010123456018,76,,1,1,39,1,2,,5.22642,106,0,0.0342811,30,0,6.33333,,0,0,0,0,0,0,0,0,0,,90,90,,0,0,0,0
1613791484916,6,1010123456018,76,,1,1,39,1,2,,9.78652,89,0,0.0492209,26,0,6.16667,,0,0,0,0,0,0,0,0,0,,81,81,,0,0,0,0
1613791485166,6,1010123456018,76,,1,1,39,1,2,,4.6875,208,0,0.0581847,59,0,8,,12.1429,21,0,0.1,7,71.4286,0,8.87205,31,,181,183,,0,0,0,7.42857
1613791485416,6,1010123456018,76,,1,1,39,1,2,,11.6935,124,0,0.0906667,35,0,7.4,,0,0,0,0,0,0,0,0,0,,109,111,,0,0,0,0
1613791485666,6,1010123456018,76,,1,1,39,1,2,,10.0211,95,158,0.0592129,29,0,7.8,,0,0,0,0,0,0,0,0,0,,81,81,,0,0,0,0
1613791485917,6,1010123456018,76,,1,1,39,1,2,,10.2451,102,0,0.059232,29,0,7.42857,,0,0,0,0,0,0,0,0,0,,87,87,,0,0,0,0
1613791486167,6,1010123456018,76,,1,1,39,1,2,,10.5082,61,158,0.037184,17,0,7,,5.8913,46,0,0.1,14,71.4286,0,6.90636,31,,51,51,,0,0,0,7.71739
1613791486417,6,1010123456018,76,,1,1,39,1,2,,6.3178,236,0,0.094528,66,0,7.2,,0,0,0,0,0,0,0,0,0,,235,246,,0,0,0,0
1613791486666,6,1010123456018,76,,1,1,39,1,2,,10.5694,72,0,0.0484819,23,0,7.83333,,0,0,0,0,0,0,0,0,0,,63,63,,0,0,0,0
1613791486917,6,1010123456018,76,,1,1,39,1,2,,5.62151,251,0,0.0896,72,0,8,,0,0,0,0,0,0,0,0,0,,218,219,,0,0,0,0
1613791487167,6,1010123456018,76,,1,1,39,1,2,,11.1928,83,0,0.053088,24,0,7.5,,13.7143,7,0,0.1,2,0,0,28.7289,31,,78,78,,0,0,0,1
1613791487417,6,1010123456018,76,,1,1,39,1,2,,6.1962,158,0,0.071104,44,0,7.5,,0,0,0,0,0,0,0,0,0,,143,156,,0,0,0,0
1613791487666,6,1010123456018,76,,1,1,39,1,2,,10.2031,64,69,0.0382651,20,0,7.33333,,0,0,0,0,0,0,0,0,0,,54,54,,0,0,0,0
1613791487916,6,1010123456018,76,,1,1,39,1,2,,11.4789,71,0,0.0532369,21,0,7.71429,,0,0,0,0,0,0,0,0,0,,61,63,,0,0,0,0
1613791488167,6,1010123456018,76,,1,1,39,1,2,,14.1556,45,0,0.041952,13,0,9.33333,,15,14,0,0,4,100,0,1.74395,0,,39,39,,0,0,0,10
1613791488417,6,1010123456018,76,,1,1,39,1,2,,9.47727,88,0,0.048736,26,0,8.16667,,0,0,0,0,0,0,0,0,0,,78,78,,0,0,0,0
1613791488667,6,1010123456018,76,,1,1,39,1,2,,4.31274,259,0,0.080032,74,0,5.5,,0,0,0,0,0,0,0,0,0,,239,258,,0,0,0,0
1613791488916,6,1010123456018,76,,1,1,39,1,2,,9.43182,132,0,0.0702972,38,0,7.66667,,0,0,0,0,0,0,0,0,0,,114,114,,0,0,0,0
1613791489166,6,1010123456018,76,,1,1,39,1,2,,12.4138,58,0,0.0431807,17,0,6.66667,,0,12,0,0,4,100,0,0,0,,51,51,,0,0,0,0
1613791489416,6,1010123456018,76,,1,1,39,1,2,,9.44,75,89,0.038008,21,0,7,,0,6,0,0.1,2,0,0,0,31,,66,66,,0,0,0,0
1613791489667,6,1010123456018,76,,1,1,39,1,2,,9.95714,70,0,0.042944,21,0,10,,0,0,0,0,0,0,0,0,0,,60,60,,0,0,0,0
1613791489916,6,1010123456018,76,,1,1,39,1,2,,11.2449,49,0,0.0321606,14,0,8,,0,0,0,0,0,0,0,0,0,,42,42,,0,0,0,0
1613791490166,6,1010123456018,76,,1,1,39,1,2,,10.131,84,0,0.0487711,24,0,6.6,,15,14,0,0,4,100,0,1.19913,0,,72,72,,0,0,0,10
1613791490416,6,1010123456018,76,,1,1,39,1,2,,11.6533,75,0,0.054008,22,0,7.66667,,0,0,0,0,0,0,0,0,0,,66,66,,0,0,0,0
1613791490666,6,1010123456018,76,,1,1,39,1,2,,5.12088,182,0,0.0672129,52,0,6.83333,,0,0,0,0,0,0,0,0,0,,191,210,,0,0,0,0
1613791490917,6,1010123456018,76,,1,1,39,1,2,,13.7416,89,0,0.078688,25,0,9.42857,,0,0,0,0,0,0,0,0,0,,75,75,,0,0,0,0
1613791491166,6,1010123456018,76,,1,1,39,1,2,,11.1957,138,0,0.0914699,40,0,8,,9.25882,85,0,0.1,26,80.7692,0,6.41368,31,,121,123,,0,0,0,8.34118
1613791491416,6,1010123456018,76,,1,1,39,1,2,,10.0519,77,158,0.043245,22,0,6.83333,,0,0,0,0,0,0,0,0,0,,66,66,,0,0,0,0
1613791491666,6,1010123456018,76,,1,1,39,1,2,,8.06173,81,0,0.0383936,20,0,7,,0,0,0,0,0,0,0,0,0,,71,75,,0,0,0,0
1613791491916,6,1010123456018,76,,1,1,39,1,2,,9.51035,145,0,0.0811566,42,0,7.28571,,0,0,0,0,0,0,0,0,0,,126,126,,0,0,0,0
1613791492166,6,1010123456018,76,,1,1,39,1,2,,7.23853,109,0,0.0497992,34,0,6.4,,3.28736,87,0,0.1,25,72,0,5.83583,31,,93,93,,0,0,0,7.93103
1613791492417,6,1010123456018,76,,1,1,39,1,2,,10.6333,60,0,0.037568,17,0,8.2,,0,0,0,0,0,0,0,0,0,,52,54,,0,0,0,0
1613791492666,6,1010123456018,76,,1,1,39,1,2,,8.46386,166,0,0.0714217,44,0,6.6,,0,0,0,0,0,0,0,0,0,,141,141,,0,0,0,0
1613791492916,6,1010123456018,76,,1,1,39,1,2,,10.5664,113,0,0.0754056,36,0,8,,0,0,0,0,0,0,0,0,0,,99,99,,0,0,0,0
1613791493166,6,1010123456018,76,,1,1,39,1,2,,8.85315,143,0,0.0660241,39,0,6.5,,0.1,22,0,0.1,6,66.6667,0,5.29497,31,,126,126,,0,0,0,7.31818
1613791493416,6,1010123456018,76,,1,1,39,1,2,,10.2897,107,0,0.0696546,33,0,8.75,,0,0,0,0,0,0,0,0,0,,90,90,,0,0,0,0
1613791493666,6,1010123456018,76,,1,1,39,1,2,,13.383,47,0,0.0372048,13,0,8.33333,,0,0,0,0,0,0,0,0,0,,39,39,,0,0,0,0
1613791493917,6,1010123456018,76,,1,1,39,1,2,,10.65,100,0,0.059232,29,0,8,,0,0,0,0,0,0,0,0,0,,87,87,,0,0,0,0
1613791494166,6,1010123456018,76,,1,1,39,1,2,,12.2857,126,0,0.0900884,34,0,7.66667,,15,14,0,0,4,100,0,2.46044,0,,111,111,,0,0,0,10
1613791494416,6,1010123456018,76,,1,1,39,1,2,,10.6729,107,0,0.0700723,33,0,8.16667,,0,0,0,0,0,0,0,0,0,,90,90,,0,0,0,0
1613791494667,6,1010123456018,76,,1,1,39,1,2,,3.34634,205,240,0.053632,52,0,7.25,,0,0,0,0,0,0,0,0,0,,183,189,,0,0,0,0
1613791494916,6,1010123456018,76,,1,1,39,1,2,,8.97902,143,0,0.0753735,48,0,7.42857,,0,0,0,0,0,0,0,0,0,,120,120,,0,0,0,0
1613791495166,6,1010123456018,76,,1,1,39,1,2,,9.53448,116,0,0.0659277,34,0,8.2,,0,8,0,0.1,3,0,0,0,31,,102,102,,0,0,0,0
1613791495416,6,1010123456018,76,,1,1,39,1,2,,9.52941,102,0,0.0539116,29,0,8,,0,0,0,0,0,0,0,0,0,,87,87,,0,0,0,0
1613791495667,6,1010123456018,76,,1,1,39,1,2,,6.66111,180,263,0.080832,44,0,7,,0,0,0,0,0,0,0,0,0,,170,192,,0,0,0,0
1613791495916,6,1010123456018,76,,1,1,39,1,2,,2.36842,323,0,0.0532048,95,0,5.16667,,0,0,0,0,0,0,0,0,0,,276,276,,0,0,0,0
1613791496166,6,1010123456018,76,,1,1,39,1,2,,9.23741,139,0,0.0817349,45,0,8.8,,13.1319,91,0,0.15698,29,82.7586,0,4.9889,31,,123,123,,0,0,0,8.51648
1613791496417,6,1010123456018,76,,1,1,39,1,2,,11.3367,98,0,0.064256,28,0,7.83333,,0,0,0,0,0,0,0,0,0,,84,84,,0,0,0,0
1613791496666,6,1010123456018,76,,1,1,39,1,2,,9.86364,110,0,0.0759197,32,0,7.83333,,0,0,0,0,0,0,0,0,0,,97,99,,0,0,0,0
1613791496916,6,1010123456018,76,,1,1,39,1,2,,18.8846,26,0,0.0363695,8,0,9.33333,,0,0,0,0,0,0,0,0,0,,24,24,,0,0,0,0
1613791497166,6,1010123456018,76,,1,1,39,1,2,,5.93952,248,0,0.0950361,74,0,6.33333,,0.1,68,0,0.1,22,54.5455,0,3.01468,31,,233,240,,0,0,0,6.60294
1613791497417,6,1010123456018,76,,1,1,39,1,2,,9.94059,101,0,0.058912,29,0,8,,0,0,0,0,0,0,0,0,0,,87,87,,0,0,0,0
1613791497667,6,1010123456018,76,,1,1,39,1,2,,12.0132,76,20,0.053056,21,0,8.5,,0,0,0,0,0,0,0,0,0,,69,69,,0,0,0,0
1613791497916,6,1010123456018,76,,1,1,39,1,2,,9.85507,138,0,0.0753092,38,0,8.5,,0,0,0,0,0,0,0,0,0,,114,114,,0,0,0,0
1613791498167,6,1010123456018,76,,1,1,39,1,2,,10.5581,86,0,0.064224,27,0,8.66667,,0.1,14,0,0.1,4,0,0,2.11177,31,,81,84,,0,0,0,1.5
1613791498416,6,1010123456018,76,,1,1,39,1,2,,5.3908,174,0,0.061751,50,0,6.83333,,0,0,0,0,0,0,0,0,0,,150,150,,0,0,0,0
1613791498666,6,1010123456018,76,,1,1,39,1,2,,10.0843,83,0,0.0489639,24,0,7,,0,0,0,0,0,0,0,0,0,,72,72,,0,0,0,0
1613791498917,6,1010123456018,76,,1,1,39,1,2,,7.6519,158,0,0.07104,43,0,7.16667,,0,0,0,0,0,0,0,0,0,,138,138,,0,0,0,0
1613791499166,6,1010123456018,76,,1,1,39,1,2,,8.84884,172,0,0.0881285,52,0,6.6,,8.05,40,0,0.1,11,72.7273,0,3.6627,31,,147,147,,0,0,0,7.5
1613791499416,6,1010123456018,76,,1,1,39,1,2,,10.1407,135,0,0.0760482,39,0,6.6,,0,0,0,0,0,0,0,0,0,,117,117,,0,0,0,0
1613791499667,6,1010123456018,76,,1,1,39,1,2,,10.4898,98,0,0.056,26,0,7.66667,,0,0,0,0,0,0,0,0,0,,84,84,,0,0,0,0
1613791499917,6,1010123456018,76,,1,1,39,1,2,,11.1557,122,0,0.077824,35,0,8.14286,,0,0,0,0,0,0,0,0,0,,106,108,,0,0,0,0
1613791500166,6,1010123456018,76,,1,1,39,1,2,,7.98823,170,0,0.087261,48,0,7.5,,8.38095,42,0,0.1,13,61.5385,0,5.46242,31,,147,147,,0,0,0,6.83333
1613791500416,6,1010123456018,76,,1,1,39,1,2,,10.7361,72,0,0.0487711,23,0,8,,0,0,0,0,0,0,0,0,0,,60,60,,0,0,0,0
1613791500667,6,1010123456018,76,,1,1,39,1,2,,11.7265,117,0,0.079744,33,0,9.16667,,0,0,0,0,0,0,0,0,0,,99,99,,0,0,0,0
1613791500916,6,1010123456018,76,,1,1,39,1,2,,10.5673,104,0,0.0642249,28,0,8.85714,,0,0,0,0,0,0,0,0,0,,96,96,,0,0,0,0
1613791501166,6,1010123456018,76,,1,1,39,1,2,,9.944,125,0,0.0763695,39,0,6.6,,0.1,11,0,0.1,3,0,0,10.516,31,,109,111,,0,0,0,1
1613791501417,6,1010123456018,76,,1,1,39,1,2,,12.2192,73,0,0.047488,17,0,9.66667,,0,0,0,0,0,0,0,0,0,,64,66,,0,0,0,0
1613791501666,6,1010123456018,76,,1,1,39,1,2,,10.4639,97,0,0.0697189,31,0,7.66667,,0,0,0,0,0,0,0,0,0,,81,81,,0,0,0,0
1613791501916,6,1010123456018,76,,1,1,39,1,2,,10.056,125,0,0.0699116,36,0,8,,0,0,0,0,0,0,0,0,0,,108,108,,0,0,0,0
1613791502167,6,1010123456018,76,,1,1,39,1,2,,9.90425,94,0,0.053856,27,0,7,,9.53571,28,0,0.1,8,62.5,0,8.40712,31,,81,81,,0,0,0,7
1613791502416,6,1010123456018,76,,1,1,39,1,2,,11.3871,62,0,0.0428273,18,0,8.6,,0,0,0,0,0,0,0,0,0,,54,54,,0,0,0,0
1613791502666,6,1010123456018,76,,1,1,39,1,2,,3.38462,104,0,0.0240643,30,0,5,,0,0,0,0,0,0,0,0,0,,90,90,,0,0,0,0
1613791502916,6,1010123456018,76,,1,1,39,1,2,,3.41429,280,0,0.0604659,78,0,8.4,,0,0,0,0,0,0,0,0,0,,249,249,,0,0,0,0
1613791503166,6,1010123456018,76,,1,1,39,1,2,,12.382,89,0,0.0740562,27,0,8.83333,,13.9048,42,0,0.1,12,66.6667,0,12.0586,31,,75,75,,0,0,0,7
1613791503417,6,1010123456018,76,,1,1,39,1,2,,8.32836,67,0,0.032704,19,0,7.16667,,0,0,0,0,0,0,0,0,0,,57,57,,0,0,0,0
1613791503666,6,1010123456018,76,,1,1,39,1,2,,12.0125,80,0,0.0588273,23,0,9.5,,0,0,0,0,0,0,0,0,0,,69,69,,0,0,0,0
1613791503916,6,1010123456018,76,,1,1,39,1,2,,11.1034,87,18,0.0586345,24,0,8.83333,,0,0,0,0,0,0,0,0,0,,78,78,,0,0,0,0
1613791504166,6,1010123456018,76,,1,1,39,1,2,,8.85507,138,0,0.0641928,37,0,6.5,,7.38462,26,0,0.1,7,57.1429,0,6.31637,31,,117,117,,0,0,0,6.84615
1613791504416,6,1010123456018,76,,1,1,39,1,2,,4.95035,141,0,0.0467791,42,0,6.33333,,0,0,0,0,0,0,0,0,0,,124,126,,0,0,0,0
1613791504666,6,1010123456018,76,,1,1,39,1,2,,10.1338,142,0,0.0816386,42,0,7,,0,0,0,0,0,0,0,0,0,,129,129,,0,0,0,0
1613791504917,6,1010123456018,76,,1,1,39,1,2,,10.2381,105,0,0.06976,32,0,8.28571,,0,0,0,0,0,0,0,0,0,,91,93,,0,0,0,0
1613791505166,6,1010123456018,76,,1,1,39,1,2,,12.7447,47,0,0.0373655,14,0,8.66667,,0,3,0,0.1,1,0,0,0,31,,42,42,,0,0,0,0
1613791505417,6,1010123456018,76,,1,1,39,1,2,,9.04255,94,0,0.04368,25,0,7.25,,8.18182,22,0,0.1,6,66.6667,0,5.66006,0,,81,81,,0,0,0,7.40909
1613791505666,6,1010123456018,76,,1,1,39,1,2,,12.0526,38,0,0.0321285,13,0,8,,0,0,0,0,0,0,0,0,0,,33,33,,0,0,0,0
1613791505917,6,1010123456018,76,,1,1,39,1,2,,11.6711,76,0,0.05344,22,0,8,,0,0,0,0,0,0,0,0,0,,66,66,,0,0,0,0
1613791506167,6,1010123456018,76,,1,1,39,1,2,,10.5308,130,0,0.08096,38,0,7.2,,10.5833,12,0,0.1,4,0,0,31.0266,31,,118,120,,0,0,0,1
1613791506417,6,1010123456018,76,,1,1,39,1,2,,9.1875,112,102,0.054528,32,0,7.66667,,0,0,0,0,0,0,0,0,0,,103,105,,0,0,0,0
1613791506667,6,1010123456018,76,,1,1,39,1,2,,8.23077,182,0,0.102368,53,0,8.16667,,0,0,0,0,0,0,0,0,0,,160,168,,0,0,0,0
1613791506917,6,1010123456018,76,,1,1,39,1,2,,8.35323,201,0,0.098112,58,0,8.5,,0,0,0,0,0,0,0,0,0,,174,174,,0,0,0,0
1613791507167,6,1010123456018,76,,1,1,39,1,2,,5.76923,143,0,0.050304,41,0,6.83333,,8.73913,23,0,0.1,7,57.1429,0,9.05313,31,,127,129,,0,0,0,6.08696
1613791507416,6,1010123456018,76,,1,1,39,1,2,,11.9726,73,0,0.0586988,21,0,7.66667,,0,0,0,0,0,0,0,0,0,,64,66,,0,0,0,0
1613791507667,6,1010123456018,76,,1,1,39,1,2,,9.71698,106,0,0.059296,30,0,6.66667,,0,0,0,0,0,0,0,0,0,,91,93,,0,0,0,0
1613791507917,6,1010123456018,76,,1,1,39,1,2,,5.02778,180,0,0.063552,49,0,7.42857,,0,0,0,0,0,0,0,0,0,,182,201,,0,0,0,0
1613791508166,6,1010123456018,76,,1,1,39,1,2,,8.78523,149,0,0.0801606,46,0,6.33333,,0.1,12,0,0,4,100,0,0.813686,0,,129,129,,0,0,0,10
1613791508417,6,1010123456018,76,,1,1,39,1,2,,12,81,0,0.048,20,0,8.4,,3.9,40,0,0.1,12,66.6667,0,9.27635,31,,70,72,,0,0,0,7
1613791508666,6,1010123456018,76,,1,1,39,1,2,,6.25343,146,274,0.0629719,37,0,5.83333,,0,0,0,0,0,0,0,0,0,,147,168,,0,0,0,0
1613791508916,6,1010123456018,76,,1,1,39,1,2,,4.79253,241,0,0.0885783,76,0,9,,0,0,0,0,0,0,0,0,0,,219,234,,0,0,0,0
1613791509166,6,1010123456018,76,,1,1,39,1,2,,6.46231,199,0,0.0833092,57,0,7,,15,13,0,0,4,100,0,1.11871,0,,178,180,,0,0,0,10
1613791509417,6,1010123456018,76,,1,1,39,1,2,,10.0841,107,0,0.05952,30,0,8,,0,0,0,0,0,0,0,0,0,,94,96,,0,0,0,0
1613791509667,6,1010123456018,76,,1,1,39,1,2,,10.0316,95,0,0.057888,27,0,8.2,,0,0,0,0,0,0,0,0,0,,81,81,,0,0,0,0
1613791509916,6,1010123456018,76,,1,1,39,1,2,,9.44444,54,0,0.0283052,16,0,6.83333,,0,0,0,0,0,0,0,0,0,,45,45,,0,0,0,0
1613791510167,6,1010123456018,76,,1,1,39,1,2,,9.58065,31,0,0.010752,6,0,5.66667,,0.1,14,0,0.1,4,25,0,2.28353,31,,27,27,,0,0,0,4.07143
1613791510417,6,1010123456018,76,,1,1,39,1,2,,11.1667,90,0,0.064032,28,0,7.83333,,0,0,0,0,0,0,0,0,0,,75,75,,0,0,0,0
1613791510666,6,1010123456018,76,,1,1,39,1,2,,6.18421,152,0,0.0557108,40,0,6,,0,0,0,0,0,0,0,0,0,,138,141,,0,0,0,0
1613791510917,6,1010123456018,76,,1,1,39,1,2,,9.14925,134,0,0.072096,40,0,6.6,,0,0,0,0,0,0,0,0,0,,124,126,,0,0,0,0
1613791511167,6,1010123456018,76,,1,1,39,1,2,,11.8438,96,0,0.062336,29,0,8.83333,,7.42857,28,0,0.1,8,50,0,6.28647,31,,84,84,,0,0,0,5.46429
1613791511417,6,1010123456018,76,,1,1,39,1,2,,14.4314,51,0,0.057536,17,0,8.6,,0,0,0,0,0,0,0,0,0,,45,45,,0,0,0,0
1613791511666,6,1010123456018,76,,1,1,39,1,2,,5.33582,134,0,0.0455904,38,0,7.16667,,0,0,0,0,0,0,0,0,0,,114,114,,0,0,0,0
1613791511917,6,1010123456018,76,,1,1,39,1,2,,14.6761,71,0,0.057888,17,0,10.5,,0,0,0,0,0,0,0,0,0,,60,60,,0,0,0,0
1613791512166,6,1010123456018,76,,1,1,39,1,2,,11.25,48,0,0.0373333,17,0,6.5,,0.1,17,0,0.1,5,40,0,10.9345,31,,42,42,,0,0,0,6.05882
1613791512417,6,1010123456018,76,,1,1,39,1,2,,11.0538,93,0,0.053792,25,0,8.2,,0,0,0,0,0,0,0,0,0,,81,81,,0,0,0,0
1613791512667,6,1010123456018,76,,1,1,39,1,2,,10.6055,109,0,0.070144,33,0,7.4,,0,0,0,0,0,0,0,0,0,,93,93,,0,0,0,0
1613791512916,6,1010123456018,76,,1,1,39,1,2,,9.52222,90,0,0.0485141,26,0,8.14286,,0,0,0,0,0,0,0,0,0,,78,78,,0,0,0,0
1613791513166,6,1010123456018,76,,1,1,39,1,2,,11.5138,109,0,0.0737349,28,0,8.66667,,0,9,0,0,4,100,0,0,0,,97,99,,0,0,0,0
1613791513417,6,1010123456018,76,,1,1,39,1,2,,10.5506,89,0,0.059584,28,0,8.6,,0,0,0,0,0,0,0,0,0,,72,72,,0,0,0,0
1613791513667,6,1010123456018,76,,1,1,39,1,2,,2.88921,343,220,0.088352,91,0,5.16667,,0,0,0,0,0,0,0,0,0,,378,408,,0,0,0,0
1613791513917,6,1010123456018,76,,1,1,39,1,2,,5.16327,147,0,0.061024,50,0,8.14286,,0,0,0,0,0,0,0,0,0,,129,135,,0,0,0,0
1613791514167,6,1010123456018,76,,1,1,39,1,2,,8.89683,126,0,0.05984,34,0,6.66667,,12.3043,23,0,0.1,6,66.6667,0,13.0512,31,,112,114,,0,0,0,6.86957
1613791514416,6,1010123456018,76,,1,1,39,1,2,,11.1951,82,0,0.0638715,26,0,8.4,,0,0,0,0,0,0,0,0,0,,70,72,,0,0,0,0
1613791514666,6,1010123456018,76,,1,1,39,1,2,,3.2957,186,0,0.0403534,51,0,5.2,,0,0,0,0,0,0,0,0,0,,166,168,,0,0,0,0
1613791514917,6,1010123456018,76,,1,1,39,1,2,,11.1795,78,0,0.049824,20,0,8.66667,,0,0,0,0,0,0,0,0,0,,66,66,,0,0,0,0
1613791515166,6,1010123456018,76,,1,1,39,1,2,,9.19167,120,0,0.0705542,39,0,8.33333,,2,16,0,0,4,100,0,0.76631,0,,106,108,,0,0,0,10
1613791515416,6,1010123456018,76,,1,1,39,1,2,,10.5412,85,89,0.0538795,24,0,7,,0,0,0,0,0,0,0,0,0,,80,84,,0,0,0,0
1613791515667,6,1010123456018,76,,1,1,39,1,2,,10.5714,70,0,0.042976,21,0,7.83333,,0,0,0,0,0,0,0,0,0,,60,60,,0,0,0,0
1613791515917,6,1010123456018,76,,1,1,39,1,2,,9.41935,124,0,0.059392,33,0,8.66667,,0,0,0,0,0,0,0,0,0,,105,105,,0,0,0,0
1613791516167,6,1010123456018,76,,1,1,39,1,2,,10.595,121,0,0.080576,37,0,6.6,,0,12,0,0,4,100,0,0,0,,105,105,,0,0,0,0
1613791516416,6,1010123456018,76,,1,1,39,1,2,,9.41333,150,0,0.0867149,45,0,7.16667,,0.1,7,0,0.1,2,0,0,1.33205,31,,137,141,,0,0,0,3
1613791516666,6,1010123456018,76,,1,1,39,1,2,,12.2679,56,0,0.047743,17,0,9.33333,,0,0,0,0,0,0,0,0,0,,51,51,,0,0,0,0
1613791516917,6,1010123456018,76,,1,1,39,1,2,,10.9639,83,89,0.05328,24,0,7.66667,,0,0,0,0,0,0,0,0,0,,75,75,,0,0,0,0
1613791517166,6,1010123456018,76,,1,1,39,1,2,,11.2083,72,0,0.0480964,19,0,8.2,,0.1,11,0,0.1,3,0,0,2.14723,31,,59,63,,0,0,0,1.36364
1613791517416,6,1010123456018,76,,1,1,39,1,2,,14.1224,49,0,0.0526908,15,0,9,,0,0,0,0,0,0,0,0,0,,42,42,,0,0,0,0
1613791517666,6,1010123456018,76,,1,1,39,1,2,,4.27778,198,192,0.048739,48,0,7,,0,0,0,0,0,0,0,0,0,,170,174,,0,0,0,0
1613791517917,6,1010123456018,76,,1,1,39,1,2,,8.83803,142,0,0.069152,46,0,7.16667,,0,0,0,0,0,0,0,0,0,,126,126,,0,0,0,0
1613791518166,6,1010123456018,76,,1,1,39,1,2,,5.02717,184,0,0.0608193,54,0,6,,12.2857,21,0,0.1,6,66.6667,0,10.1948,31,,160,162,,0,0,0,7
1613791518417,6,1010123456018,76,,1,1,39,1,2,,9.57317,82,0,0.039712,23,0,6.8,,0,0,0,0,0,0,0,0,0,,72,72,,0,0,0,0
1613791518666,6,1010123456018,76,,1,1,39,1,2,,15.6727,55,0,0.0526265,16,0,10,,0,0,0,0,0,0,0,0,0,,42,42,,0,0,0,0
1613791518917,6,1010123456018,76,,1,1,39,1,2,,9.45528,123,0,0.070752,37,0,6.33333,,0,0,0,0,0,0,0,0,0,,108,108,,0,0,0,0
1613791519167,6,1010123456018,76,,1,1,39,1,2,,9.46853,143,0,0.072288,40,0,6.83333,,6.81818,22,0,0.1,7,57.1429,0,4.63251,31,,126,126,,0,0,0,5.90909
1613791519417,6,1010123456018,76,,1,1,39,1,2,,11.4557,79,0,0.056832,25,0,7.83333,,0,0,0,0,0,0,0,0,0,,69,69,,0,0,0,0
1613791519666,6,1010123456018,76,,1,1,39,1,2,,10.1232,138,87,0.0808032,37,0,7.83333,,0,0,0,0,0,0,0,0,0,,124,126,,0,0,0,0
1613791519917,6,1010123456018,76,,1,1,39,1,2,,9.73143,175,0,0.107936,53,0,7.57143,,0,0,0,0,0,0,0,0,0,,148,150,,0,0,0,0
1613791520167,6,1010123456018,76,,1,1,39,1,2,,4.94954,218,0,0.068864,63,0,5.8,,10.4615,13,0,0.1,4,0,0,29.7578,31,,191,192,,0,0,0,1
1613791520417,6,1010123456018,76,,1,1,39,1,2,,11.9459,74,0,0.053024,21,0,8.5,,0,0,0,0,0,0,0,0,0,,63,63,,0,0,0,0
1613791520666,6,1010123456018,76,,1,1,39,1,2,,10.25,120,0,0.0695904,34,0,7.83333,,0,0,0,0,0,0,0,0,0,,105,105,,0,0,0,0
1613791520917,6,1010123456018,76,,1,1,39,1,2,,9.82877,146,0,0.081888,43,0,8.28571,,0,0,0,0,0,0,0,0,0,,126,126,,0,0,0,0
1613791521167,6,1010123456018,76,,1,1,39,1,2,,4.7,210,0,0.063232,60,0,5.83333,,13.7143,7,0,0.1,2,0,0,29.7868,31,,181,183,,0,0,0,1
1613791521417,6,1010123456018,76,,1,1,39,1,2,,10.0654,107,12,0.048448,25,0,6,,0,0,0,0,0,0,0,0,0,,94,96,,0,0,0,0
1613791521667,6,1010123456018,76,,1,1,39,1,2,,8.825,80,0,0.05392,28,0,7.16667,,0,0,0,0,0,0,0,0,0,,66,66,,0,0,0,0
1613791521917,6,1010123456018,76,,1,1,39,1,2,,9.46789,109,0,0.069408,31,0,8.57143,,0,0,0,0,0,0,0,0,0,,98,102,,0,0,0,0
1613791522166,6,1010123456018,76,,1,1,39,1,2,,5.74242,132,0,0.0506345,38,0,6,,13.7143,7,0,0.1,2,0,0,30.0642,31,,117,117,,0,0,0,1
1613791522416,6,1010123456018,76,,1,1,39,1,2,,12.6279,43,0,0.0318072,12,0,8.66667,,0,0,0,0,0,0,0,0,0,,36,36,,0,0,0,0
1613791522666,6,1010123456018,76,,1,1,39,1,2,,9.11976,167,0,0.0817349,45,0,7.2,,0,0,0,0,0,0,0,0,0,,145,147,,0,0,0,0
1613791522916,6,1010123456018,76,,1,1,39,1,2,,9.07692,78,0,0.0435663,25,0,6.66667,,0,0,0,0,0,0,0,0,0,,66,66,,0,0,0,0
1613791523167,6,1010123456018,76,,1,1,39,1,2,,11.1316,114,0,0.074464,33,0,9,,0,12,0,0,4,100,0,0,0,,99,99,,0,0,0,0
1613791523416,6,1010123456018,76,,1,1,39,1,2,,4.00637,157,0,0.04151,45,0,6.83333,,0,0,0,0,0,0,0,0,0,,138,138,,0,0,0,0
1613791523667,6,1010123456018,76,,1,1,39,1,2,,10.8806,134,0,0.080864,35,0,7,,0,0,0,0,0,0,0,0,0,,115,117,,0,0,0,0
1613791523917,6,1010123456018,76,,1,1,39,1,2,,5.71154,260,69,0.1008,77,0,8.28571,,0,0,0,0,0,0,0,0,0,,229,237,,0,0,0,0
1613791524166,6,1010123456018,76,,1,1,39,1,2,,10.1026,39,0,0.0161285,8,0,7.33333,,3.71429,42,0,0.1,13,61.5385,0,3.71575,31,,30,30,,0,0,0,7.61905
1613791524416,6,1010123456018,76,,1,1,39,1,2,,9.36607,112,0,0.0542651,31,0,7,,0,0,0,0,0,0,0,0,0,,96,96,,0,0,0,0
1613791524667,6,1010123456018,76,,1,1,39,1,2,,11.1573,89,0,0.069408,29,0,8.2,,0,0,0,0,0,0,0,0,0,,76,78,,0,0,0,0
1613791524917,6,1010123456018,76,,1,1,39,1,2,,8.51942,206,0,0.093312,57,0,6.66667,,0,0,0,0,0,0,0,0,0,,180,180,,0,0,0,0
1613791525167,6,1010123456018,76,,1,1,39,1,2,,9.64583,96,69,0.059424,30,0,7.16667,,0.1,13,0,0.1,4,0,0,11.5937,31,,87,87,,0,0,0,1.46154
1613791525416,6,1010123456018,76,,1,1,39,1,2,,3.42446,278,0,0.0661526,80,0,5.6,,0,0,0,0,0,0,0,0,0,,237,237,,0,0,0,0
1613791525666,6,1010123456018,76,,1,1,39,1,2,,8.0147,136,0,0.0710683,39,0,7.33333,,0,0,0,0,0,0,0,0,0,,117,117,,0,0,0,0
1613791525917,6,1010123456018,76,,1,1,39,1,2,,5.98617,217,0,0.078656,62,0,7.2,,0,0,0,0,0,0,0,0,0,,189,189,,0,0,0,0
1613791526167,6,1010123456018,76,,1,1,39,1,2,,5.82488,217,0,0.088768,65,0,5.83333,,13.8272,81,0,0.10064,25,80,0,6.04298,31,,195,195,,0,0,0,8.11111
1613791526417,6,1010123456018,76,,1,1,39,1,2,,10.1964,112,0,0.062048,31,0,7.25,,15,4,0,0.1,1,0,0,30.2568,31,,96,96,,0,0,0,1
1613791526667,6,1010123456018,76,,1,1,39,1,2,,10.4306,72,0,0.04496,21,0,7.66667,,0,0,0,0,0,0,0,0,0,,60,60,,0,0,0,0
1613791526916,6,1010123456018,76,,1,1,39,1,2,,9.31967,122,0,0.0654458,35,0,7.75,,0,0,0,0,0,0,0,0,0,,106,108,,0,0,0,0
1613791527166,6,1010123456018,76,,1,1,39,1,2,,8.59406,101,0,0.0495743,29,0,5.33333,,14.4,10,0,0.1,3,33.3333,0,17.6273,31,,91,93,,0,0,0,5
1613791527416,6,1010123456018,76,,1,1,39,1,2,,3.65789,266,0,0.0703614,76,0,8,,0,0,0,0,0,0,0,0,0,,234,237,,0,0,0,0
1613791527666,6,1010123456018,76,,1,1,39,1,2,,7.22018,109,268,0.0433735,25,0,5.5,,0,0,0,0,0,0,0,0,0,,98,102,,0,0,0,0
1613791527917,6,1010123456018,76,,1,1,39,1,2,,10.75,128,59,0.07568,39,0,9.71428,,0,0,0,0,0,0,0,0,0,,108,108,,0,0,0,0
1613791528166,6,1010123456018,76,,1,1,39,1,2,,9.99039,104,0,0.0649639,34,0,6.75,,13.2857,7,0,0.1,2,0,0,30.2669,31,,90,90,,0,0,0,1
1613791528417,6,1010123456018,76,,1,1,39,1,2,,10.1892,74,0,0.037568,18,0,8,,0,0,0,0,0,0,0,0,0,,63,63,,0,0,0,0
1613791528666,6,1010123456018,76,,1,1,39,1,2,,9.67227,119,89,0.0671165,35,0,6.75,,0,0,0,0,0,0,0,0,0,,109,111,,0,0,0,0
1613791528916,6,1010123456018,76,,1,1,39,1,2,,3.18328,311,0,0.0678876,86,0,6.42857,,0,0,0,0,0,0,0,0,0,,287,303,,0,0,0,0
1613791529167,6,1010123456018,76,,1,1,39,1,2,,8.0473,148,0,0.095744,49,0,6.2,,6.07692,39,0,0.1,11,81.8182,0,3.4914,31,,135,135,,0,0,0,8.38461
1613791529416,6,1010123456018,76,,1,1,39,1,2,,10.4615,117,0,0.0778153,35,0,8.5,,0,0,0,0,0,0,0,0,0,,102,102,,0,0,0,0
1613791529667,6,1010123456018,76,,1,1,39,1,2,,11.4186,86,0,0.058848,25,0,9.16667,,0,0,0,0,0,0,0,0,0,,75,75,,0,0,0,0
1613791529917,6,1010123456018,76,,1,1,39,1,2,,10.6389,36,0,0.02128,10,0,7.42857,,0,0,0,0,0,0,0,0,0,,33,33,,0,0,0,0
1613791530167,6,1010123456018,76,,1,1,39,1,2,,9.33083,133,0,0.063808,36,0,6.8,,8.10256,39,0,0.1,11,72.7273,0,4.09465,31,,123,123,,0,0,0,7.66667
1613791530417,6,1010123456018,76,,1,1,39,1,2,,12.0097,103,0,0.070368,31,0,8.5,,0,0,0,0,0,0,0,0,0,,87,87,,0,0,0,0
1613791530667,6,1010123456018,76,,1,1,39,1,2,,9,73,0,0.048128,23,0,6,,0,0,0,0,0,0,0,0,0,,64,66,,0,0,0,0
1613791530916,6,1010123456018,76,,1,1,39,1,2,,9.87952,83,0,0.042988,21,0,7.14286,,0,0,0,0,0,0,0,0,0,,72,72,,0,0,0,0
1613791531167,6,1010123456018,76,,1,1,39,1,2,,10.5988,162,0,0.096992,47,0,7.5,,0.1,9,0,0.1,3,0,0,1.36361,31,,141,141,,0,0,0,3.33333
1613791531417,6,1010123456018,76,,1,1,39,1,2,,10.3214,28,0,0.021536,11,0,8,,0,0,0,0,0,0,0,0,0,,24,24,,0,0,0,0
1613791531666,6,1010123456018,76,,1,1,39,1,2,,3.01558,321,151,0.0650281,85,0,6,,0,0,0,0,0,0,0,0,0,,283,291,,0,0,0,0
1613791531917,6,1010123456018,76,,1,1,39,1,2,,9.39506,162,0,0.086496,52,0,7.28571,,0,0,0,0,0,0,0,0,0,,135,135,,0,0,0,0
1613791532167,6,1010123456018,76,,1,1,39,1,2,,10.914,93,0,0.061632,27,0,9.33333,,8.75294,85,0,0.1,25,72,0,5.63759,31,,79,81,,0,0,0,7.4
1613791532416,6,1010123456018,76,,1,1,39,1,2,,11.1304,69,0,0.0479679,20,0,7.66667,,0,0,0,0,0,0,0,0,0,,60,60,,0,0,0,0
1613791532666,6,1010123456018,76,,1,1,39,1,2,,12.6604,53,0,0.0422169,15,0,9.2,,0,0,0,0,0,0,0,0,0,,45,45,,0,0,0,0
1613791532917,6,1010123456018,76,,1,1,39,1,2,,10.59,100,158,0.069248,29,0,6.57143,,0,0,0,0,0,0,0,0,0,,94,99,,0,0,0,0
1613791533166,6,1010123456018,76,,1,1,39,1,2,,9.14729,129,0,0.0709719,38,0,7,,0.1,27,0,0.1,8,37.5,0,1.80627,31,,115,117,,0,0,0,5.74074
1613791533417,6,1010123456018,76,,1,1,39,1,2,,10.4302,86,0,0.053664,26,0,7.83333,,0,0,0,0,0,0,0,0,0,,81,81,,0,0,0,0
1613791533667,6,1010123456018,76,,1,1,39,1,2,,11.7778,90,0,0.063872,26,0,9.16667,,0,0,0,0,0,0,0,0,0,,78,78,,0,0,0,0
1613791533916,6,1010123456018,76,,1,1,39,1,2,,8.40351,57,0,0.0274699,17,0,7.66667,,0,0,0,0,0,0,0,0,0,,51,51,,0,0,0,0
1613791534167,6,1010123456018,76,,1,1,39,1,2,,10.4833,60,0,0.03728,17,0,8.16667,,0,12,0,0,4,100,0,0,0,,51,51,,0,0,0,0
1613791534417,6,1010123456018,76,,1,1,39,1,2,,6.06024,166,89,0.061728,47,0,6.25,,3.91304,23,0,0.1,7,71.4286,0,11.4744,31,,144,144,,0,0,0,6.86957
1613791534667,6,1010123456018,76,,1,1,39,1,2,,11,108,0,0.0696,31,0,7.66667,,6.0625,96,0,0.1,29,79.3103,0,9.71085,31,,90,90,,0,0,0,7.88542
1613791534916,6,1010123456018,76,,1,1,39,1,2,,11.25,92,0,0.0535261,23,0,7,,0,0,0,0,0,0,0,0,0,,78,78,,0,0,0,0
1613791535166,6,1010123456018,76,,1,1,39,1,2,,8.79012,81,0,0.0437269,26,0,6.83333,,0.1,13,0,0.1,4,0,0,2.83851,31,,72,72,,0,0,0,2.15385
1613791535417,6,1010123456018,76,,1,1,39,1,2,,13.1458,96,0,0.07936,28,0,8.33333,,0,0,0,0,0,0,0,0,0,,84,84,,0,0,0,0
1613791535667,6,1010123456018,76,,1,1,39,1,2,,12.24,75,0,0.053088,21,0,8.16667,,0,0,0,0,0,0,0,0,0,,63,63,,0,0,0,0
1613791535916,6,1010123456018,76,,1,1,39,1,2,,11.3163,98,0,0.0640321,27,0,10,,0,0,0,0,0,0,0,0,0,,81,81,,0,0,0,0
1613791536166,6,1010123456018,76,,1,1,39,1,2,,13.3846,65,0,0.0493494,14,0,9.83333,,15.1605,81,0,0.169382,26,80.7692,0,7.26597,31,,57,57,,0,0,0,7.92593
1613791536417,6,1010123456018,76,,1,1,39,1,2,,11.6337,101,0,0.08752,34,0,9.16667,,0,0,0,0,0,0,0,0,0,,91,93,,0,0,0,0
1613791536666,6,1010123456018,76,,1,1,39,1,2,,11.4545,77,0,0.0538474,22,0,8.66667,,0,0,0,0,0,0,0,0,0,,67,69,,0,0,0,0
1613791536917,6,1010123456018,76,,1,1,39,1,2,,11.5075,67,0,0.04784,19,0,8,,0,0,0,0,0,0,0,0,0,,57,57,,0,0,0,0
1613791537167,6,1010123456018,76,,1,1,39,1,2,,3.40964,166,0,0.041376,48,0,6.66667,,0.65625,64,0,0.1,20,65,0,6.66256,31,,166,186,,0,0,0,6.73437
1613791537416,6,1010123456018,76,,1,1,39,1,2,,9.51948,77,0,0.0432129,22,0,7.66667,,0,0,0,0,0,0,0,0,0,,69,69,,0,0,0,0
1613791537667,6,1010123456018,76,,1,1,39,1,2,,10.6429,70,0,0.042944,20,0,8,,0,0,0,0,0,0,0,0,0,,60,60,,0,0,0,0
1613791537916,6,1010123456018,76,,1,1,39,1,2,,10.9516,62,0,0.037751,17,0,8,,0,0,0,0,0,0,0,0,0,,54,54,,0,0,0,0
1613791538166,6,1010123456018,76,,1,1,39,1,2,,9.95049,101,0,0.0594056,29,0,9.5,,0.1,19,0,0.1,5,20,0,4.95633,31,,87,87,,0,0,0,4.57895
1613791538416,6,1010123456018,76,,1,1,39,1,2,,11.5849,106,0,0.0697831,30,0,9,,0,0,0,0,0,0,0,0,0,,90,90,,0,0,0,0
1613791538666,6,1010123456018,76,,1,1,39,1,2,,9.63415,82,0,0.0432771,21,0,9.33333,,0,0,0,0,0,0,0,0,0,,70,72,,0,0,0,0
1613791538917,6,1010123456018,76,,1,1,39,1,2,,3.73837,172,0,0.044448,47,0,7.28571,,0,0,0,0,0,0,0,0,0,,152,156,,0,0,0,0
1613791539166,6,1010123456018,76,,1,1,39,1,2,,7.82873,181,0,0.0907952,58,0,6.5,,12.4615,26,0,0.1,8,62.5,0,12.9615,31,,159,159,,0,0,0,6.19231
1613791539417,6,1010123456018,76,,1,1,39,1,2,,4.29279,222,0,0.058688,63,0,6.16667,,0,0,0,0,0,0,0,0,0,,190,192,,0,0,0,0
1613791539666,6,1010123456018,76,,1,1,39,1,2,,10.1182,110,0,0.0648032,32,0,7.83333,,0,0,0,0,0,0,0,0,0,,96,96,,0,0,0,0
1613791539917,6,1010123456018,76,,1,1,39,1,2,,13.7167,60,0,0.047296,14,0,8.85714,,0,0,0,0,0,0,0,0,0,,52,54,,0,0,0,0
1613791540167,6,1010123456018,76,,1,1,39,1,2,,10.9398,133,0,0.0912,42,0,8.33333,,11.8667,45,0,0.1,13,69.2308,0,7.72244,31,,117,117,,0,0,0,7.68889
1613791540417,6,1010123456018,76,,1,1,39,1,2,,9.46927,179,0,0.09712,51,0,7,,0,0,0,0,0,0,0,0,0,,154,156,,0,0,0,0
1613791540666,6,1010123456018,76,,1,1,39,1,2,,2.95029,342,167,0.0702972,91,0,5.66667,,0,0,0,0,0,0,0,0,0,,307,321,,0,0,0,0
1613791540917,6,1010123456018,76,,1,1,39,1,2,,4.3871,186,0,0.055168,60,0,9,,0,0,0,0,0,0,0,0,0,,156,156,,0,0,0,0
1613791541167,6,1010123456018,76,,1,1,39,1,2,,10.1714,35,0,0.021504,10,0,8.33333,,0.1,13,0,0,4,100,0,0.955772,0,,30,30,,0,0,0,10
1613791541417,6,1010123456018,76,,1,1,39,1,2,,10.5854,82,0,0.045888,23,0,7.4,,0.1,7,0,0.1,2,0,0,2.41602,31,,72,72,,0,0,0,1
1613791541667,6,1010123456018,76,,1,1,39,1,2,,9.93684,95,52,0.051008,27,0,6.8,,0,0,0,0,0,0,0,0,0,,84,84,,0,0,0,0
1613791541916,6,1010123456018,76,,1,1,39,1,2,,8.69737,76,0,0.0385221,23,0,7.57143,,0,0,0,0,0,0,0,0,0,,63,63,,0,0,0,0
1613791542167,6,1010123456018,76,,1,1,39,1,2,,2.93413,167,0,0.036608,48,0,8.16667,,12.4,20,0,0.1,7,57.1429,0,16.9035,31,,147,147,,0,0,0,5.5
1613791542417,6,1010123456018,76,,1,1,39,1,2,,7.96129,155,52,0.080896,43,0,7.66667,,0,0,0,0,0,0,0,0,0,,138,144,,0,0,0,0
1613791542667,6,1010123456018,76,,1,1,39,1,2,,10.3889,72,0,0.048128,23,0,7.83333,,0,0,0,0,0,0,0,0,0,,63,63,,0,0,0,0
1613791542916,6,1010123456018,76,,1,1,39,1,2,,11.1848,92,0,0.0594699,26,0,7.42857,,0,0,0,0,0,0,0,0,0,,78,78,,0,0,0,0
1613791543166,6,1010123456018,76,,1,1,39,1,2,,5.52903,310,0,0.12,88,0,6.33333,,6.54545,22,0,0.1,7,57.1429,0,15.8791,0,,318,360,,0,0,0,5.90909
1613791543416,6,1010123456018,76,,1,1,39,1,2,,11.136,125,0,0.0824418,36,0,8.33333,,0,0,0,0,0,0,0,0,0,,105,105,,0,0,0,0
1613791543667,6,1010123456018,76,,1,1,39,1,2,,11.1094,128,0,0.085312,36,0,7.33333,,0,0,0,0,0,0,0,0,0,,109,111,,0,0,0,0
1613791543917,6,1010123456018,76,,1,1,39,1,2,,10.8382,68,0,0.0376,16,0,7.5,,0,0,0,0,0,0,0,0,0,,57,57,,0,0,0,0
1613791544166,6,1010123456018,76,,1,1,39,1,2,,9.6747,83,0,0.0537189,27,0,8.33333,,13.7143,7,0,0.1,2,0,0,26.8343,31,,72,72,,0,0,0,1
1613791544416,6,1010123456018,76,,1,1,39,1,2,,10.4545,88,18,0.0486426,24,0,7,,0,0,0,0,0,0,0,0,0,,78,78,,0,0,0,0
1613791544666,6,1010123456018,76,,1,1,39,1,2,,8.74648,71,0,0.0380402,21,0,8,,0,0,0,0,0,0,0,0,0,,57,57,,0,0,0,0
1613791544917,6,1010123456018,76,,1,1,39,1,2,,9.91667,72,0,0.042784,20,0,7.71429,,0,0,0,0,0,0,0,0,0,,61,63,,0,0,0,0
1613791545167,6,1010123456018,76,,1,1,39,1,2,,11.925,80,0,0.058432,23,0,10.3333,,15,16,0,0,4,100,0,1.14887,0,,69,69,,0,0,0,10
1613791545417,6,1010123456018,76,,1,1,39,1,2,,10.2453,106,0,0.064864,31,0,8.16667,,0,0,0,0,0,0,0,0,0,,93,93,,0,0,0,0
1613791545667,6,1010123456018,76,,1,1,39,1,2,,11.9771,131,0,0.095872,38,0,8,,0,0,0,0,0,0,0,0,0,,114,114,,0,0,0,0
1613791545917,6,1010123456018,76,,1,1,39,1,2,,11.306,134,0,0.090944,38,0,8.42857,,0,0,0,0,0,0,0,0,0,,115,117,,0,0,0,0
1613791546166,6,1010123456018,76,,1,1,39,1,2,,5.45856,181,0,0.0573173,52,0,6.2,,10.7368,19,0,0.1,6,66.6667,0,11.6234,31,,156,156,,0,0,0,6.68421
1613791546417,6,1010123456018,76,,1,1,39,1,2,,8.5037,135,0,0.065344,39,0,6.6,,0,0,0,0,0,0,0,0,0,,117,117,,0,0,0,0
1613791546667,6,1010123456018,76,,1,1,39,1,2,,10.3099,71,0,0.043008,21,0,7.66667,,0,0,0,0,0,0,0,0,0,,63,63,,0,0,0,0
1613791546916,6,1010123456018,76,,1,1,39,1,2,,4.07767,206,0,0.0583454,58,0,8.57143,,0,0,0,0,0,0,0,0,0,,192,210,,0,0,0,0
1613791547167,6,1010123456018,76,,1,1,39,1,2,,6.18681,182,0,0.077184,53,0,7,,0.785714,14,0,0.1,4,0,0,10.2968,31,,169,171,,0,0,0,1
1613791547417,6,1010123456018,76,,1,1,39,1,2,,10.7672,116,0,0.074432,33,0,7.66667,,0,0,0,0,0,0,0,0,0,,99,99,,0,0,0,0
1613791547667,6,1010123456018,76,,1,1,39,1,2,,8.86842,114,0,0.05968,33,0,6.83333,,0,0,0,0,0,0,0,0,0,,100,102,,0,0,0,0
1613791547917,6,1010123456018,76,,1,1,39,1,2,,9.36986,73,0,0.037632,21,0,7,,0,0,0,0,0,0,0,0,0,,63,63,,0,0,0,0
1613791548166,6,1010123456018,76,,1,1,39,1,2,,2.69388,196,238,0.0375904,50,0,5.5,,9.64286,14,0,0.1,4,0,0,30.2693,31,,177,177,,0,0,0,1
1613791548416,6,1010123456018,76,,1,1,39,1,2,,2.23675,283,0,0.0513735,88,0,6.83333,,0,0,0,0,0,0,0,0,0,,243,243,,0,0,0,0
1613791548667,6,1010123456018,76,,1,1,39,1,2,,10.24,100,0,0.059232,29,0,7.5,,0,0,0,0,0,0,0,0,0,,87,87,,0,0,0,0
1613791548917,6,1010123456018,76,,1,1,39,1,2,,5.76623,154,30,0.05584,43,0,6.42857,,0,0,0,0,0,0,0,0,0,,147,162,,0,0,0,0
1613791549167,6,1010123456018,76,,1,1,39,1,2,,10.2597,77,0,0.047936,23,0,9.5,,15,19,0,0.1,5,80,0,5.86298,31,,63,63,,0,0,0,8.57895
1613791549416,6,1010123456018,76,,1,1,39,1,2,,11.3913,69,0,0.0483213,20,0,8.83333,,0,0,0,0,0,0,0,0,0,,60,60,,0,0,0,0
1613791549667,6,1010123456018,76,,1,1,39,1,2,,12.5873,63,89,0.04752,18,0,9.16667,,0,0,0,0,0,0,0,0,0,,57,57,,0,0,0,0
1613791549916,6,1010123456018,76,,1,1,39,1,2,,8.85294,204,0,0.0931084,55,0,7.5,,0,0,0,0,0,0,0,0,0,,171,171,,0,0,0,0
1613791550167,6,1010123456018,76,,1,1,39,1,2,,12.3448,58,0,0.042688,17,0,8.2,,8.31579,38,0,0.1,11,72.7273,0,3.61662,31,,51,51,,0,0,0,7.73684
1613791550417,6,1010123456018,76,,1,1,39,1,2,,3.83333,204,0,0.057888,61,0,7.6,,0,0,0,0,0,0,0,0,0,,174,174,,0,0,0,0
1613791550666,6,1010123456018,76,,1,1,39,1,2,,4.30769,195,89,0.0522088,52,0,7.33333,,0,0,0,0,0,0,0,0,0,,175,183,,0,0,0,0
1613791550916,6,1010123456018,76,,1,1,39,1,2,,9.63725,102,0,0.0649317,33,0,6.28571,,0,0,0,0,0,0,0,0,0,,84,84,,0,0,0,0
1613791551167,6,1010123456018,76,,1,1,39,1,2,,4.07407,270,0,0.08544,79,0,7.5,,13,23,0,0.1,6,66.6667,0,10.8142,31,,270,291,,0,0,0,7.26087
1613791551416,6,1010123456018,76,,1,1,39,1,2,,9.99107,112,0,0.0701687,34,0,7.83333,,0,0,0,0,0,0,0,0,0,,99,99,,0,0,0,0
1613791551666,6,1010123456018,76,,1,1,39,1,2,,7.92126,127,0,0.0500241,33,0,5.2,,0,0,0,0,0,0,0,0,0,,108,108,,0,0,0,0
1613791551917,6,1010123456018,76,,1,1,39,1,2,,10.4351,131,0,0.080608,38,0,7.42857,,0,0,0,0,0,0,0,0,0,,115,117,,0,0,0,0
1613791552167,6,1010123456018,76,,1,1,39,1,2,,1.99786,467,0,0.087936,136,0,5.2,,0.285714,21,0,0.1,6,66.6667,0,4.84424,31,,431,471,,0,0,0,8.14286
1613791552417,6,1010123456018,76,,1,1,39,1,2,,9.19149,94,0,0.053984,29,0,7,,0,0,0,0,0,0,0,0,0,,81,81,,0,0,0,0
1613791552667,6,1010123456018,76,,1,1,39,1,2,,9.51049,143,0,0.075904,41,0,7,,0,0,0,0,0,0,0,0,0,,123,123,,0,0,0,0
1613791552916,6,1010123456018,76,,1,1,39,1,2,,10.4186,86,0,0.0484498,24,0,8.33333,,0,0,0,0,0,0,0,0,0,,75,75,,0,0,0,0
1613791553167,6,1010123456018,76,,1,1,39,1,2,,6.49419,172,0,0.071904,50,0,7.83333,,0,12,0,0,4,100,0,0,0,,154,156,,0,0,0,0
1613791553417,6,1010123456018,76,,1,1,39,1,2,,6.65445,191,0,0.085632,56,0,6.5,,0,0,0,0,0,0,0,0,0,,169,177,,0,0,0,0
1613791553666,6,1010123456018,76,,1,1,39,1,2,,4.23404,188,107,0.0490281,49,0,5.6,,0,0,0,0,0,0,0,0,0,,165,165,,0,0,0,0
1613791553917,6,1010123456018,76,,1,1,39,1,2,,9.09302,129,0,0.070976,43,0,8.16667,,0,0,0,0,0,0,0,0,0,,109,111,,0,0,0,0
1613791554167,6,1010123456018,76,,1,1,39,1,2,,8.89474,171,0,0.086784,49,0,6.83333,,0,12,0,0,4,100,0,0,0,,148,150,,0,0,0,0
1613791554417,6,1010123456018,76,,1,1,39,1,2,,12.0238,84,0,0.05328,23,0,10,,3.69231,39,0,0.1,12,75,0,6.95609,31,,72,72,,0,0,0,7.23077
1613791554667,6,1010123456018,76,,1,1,39,1,2,,11.1552,116,0,0.085152,35,0,8.5,,0,3,0,0.1,1,0,0,0,0,,103,105,,0,0,0,0
1613791554917,6,1010123456018,76,,1,1,39,1,2,,10.526,192,164,0.112448,52,0,6.66667,,0,0,0,0,0,0,0,0,0,,166,168,,0,0,0,0
1613791555166,6,1010123456018,76,,1,1,39,1,2,,7.49765,213,140,0.103325,60,0,7.16667,,11.2381,21,0,0.1,7,57.1429,0,19.1871,31,,195,195,,0,0,0,5.71429
1613791555417,6,1010123456018,76,,1,1,39,1,2,,4.80628,191,0,0.058368,62,0,7.66667,,0,0,0,0,0,0,0,0,0,,162,162,,0,0,0,0
1613791555666,6,1010123456018,76,,1,1,39,1,2,,10.4819,83,0,0.0537831,24,0,6.66667,,0,0,0,0,0,0,0,0,0,,72,72,,0,0,0,0
1613791555916,6,1010123456018,76,,1,1,39,1,2,,9.80612,98,0,0.059245,28,0,8.83333,,0,0,0,0,0,0,0,0,0,,85,87,,0,0,0,0
1613791556167,6,1010123456018,76,,1,1,39,1,2,,11.8077,78,0,0.058624,24,0,7,,11.7241,58,0,0.1,16,75,0,10.7966,31,,73,75,,0,0,0,7.51724
1613791556416,6,1010123456018,76,,1,1,39,1,2,,10.3731,67,0,0.0429558,20,0,9,,0,0,0,0,0,0,0,0,0,,60,60,,0,0,0,0
1613791556667,6,1010123456018,76,,1,1,39,1,2,,10.3857,70,0,0.042752,20,0,6.83333,,0,0,0,0,0,0,0,0,0,,60,60,,0,0,0,0
1613791556917,6,1010123456018,76,,1,1,39,1,2,,12.163,92,0,0.074304,27,0,9.42857,,0,0,0,0,0,0,0,0,0,,83,87,,0,0,0,0
1613791557166,6,1010123456018,76,,1,1,39,1,2,,5.19139,209,0,0.0688193,60,0,6,,12.1111,27,0,0.1,7,57.1429,0,13.7212,31,,185,189,,0,0,0,6.33333
1613791557416,6,1010123456018,76,,1,1,39,1,2,,8.59091,110,0,0.0546827,32,0,6,,0,0,0,0,0,0,0,0,0,,96,96,,0,0,0,0
1613791557666,6,1010123456018,76,,1,1,39,1,2,,10.0426,94,0,0.0486426,23,0,6.66667,,0,0,0,0,0,0,0,0,0,,81,81,,0,0,0,0
1613791557917,6,1010123456018,76,,1,1,39,1,2,,6.45205,146,0,0.057984,41,0,6.14286,,0,0,0,0,0,0,0,0,0,,126,126,,0,0,0,0
1613791558166,6,1010123456018,76,,1,1,39,1,2,,5.75393,191,0,0.071261,60,0,7,,0.1,29,0,0.1,9,55.5556,0,0.949829,31,,166,168,,0,0,0,7.17241
1613791558417,6,1010123456018,76,,1,1,39,1,2,,5.13978,186,0,0.057216,53,0,7,,0,0,0,0,0,0,0,0,0,,160,162,,0,0,0,0
1613791558667,6,1010123456018,76,,1,1,39,1,2,,5.56757,185,0,0.072288,53,0,7.8,,0,0,0,0,0,0,0,0,0,,161,165,,0,0,0,0
1613791558917,6,1010123456018,76,,1,1,39,1,2,,8.78862,123,0,0.055936,32,0,6.71429,,0,0,0,0,0,0,0,0,0,,105,105,,0,0,0,0
1613791559167,6,1010123456018,76,,1,1,39,1,2,,10.1231,130,0,0.078912,41,0,7.6,,6.26087,23,0,0.1,7,57.1429,0,10.3339,31,,114,114,,0,0,0,5.95652
1613791559417,6,1010123456018,76,,1,1,39,1,2,,17.2333,30,158,0.036384,9,0,7.4,,0,0,0,0,0,0,0,0,0,,30,30,,0,0,0,0
1613791559667,6,1010123456018,76,,1,1,39,1,2,,9.52632,38,0,0.021632,11,0,7.83333,,0,0,0,0,0,0,0,0,0,,36,36,,0,0,0,0
1613791559917,6,1010123456018,76,,1,1,39,1,2,,11.0928,97,0,0.058464,24,0,8.57143,,0,0,0,0,0,0,0,0,0,,81,84,,0,0,0,0
1613791560167,6,1010123456018,76,,1,1,39,1,2,,9.39344,122,0,0.069984,38,0,6.2,,8.30556,36,0,0.1,11,72.7273,0,3.43936,31,,105,105,,0,0,0,7.69444
1613791560416,6,1010123456018,76,,1,1,39,1,2,,5.80233,172,0,0.056257,47,0,8.66667,,0,0,0,0,0,0,0,0,0,,150,150,,0,0,0,0
1613791560667,6,1010123456018,76,,1,1,39,1,2,,8.61765,68,0,0.033568,17,0,6.8,,0,0,0,0,0,0,0,0,0,,54,54,,0,0,0,0
1613791560917,6,1010123456018,76,,1,1,39,1,2,,4.752,250,0,0.074496,76,0,5.71429,,0,0,0,0,0,0,0,0,0,,217,219,,0,0,0,0
1613791561167,6,1010123456018,76,,1,1,39,1,2,,4.43655,197,0,0.057888,57,0,6.16667,,0.1,15,0,0,4,100,0,0.407523,0,,171,171,,0,0,0,10
1613791561417,6,1010123456018,76,,1,1,39,1,2,,12.4386,57,0,0.042208,16,0,9.33333,,0.1,7,0,0.1,2,0,0,2.95325,31,,51,51,,0,0,0,1.57143
1613791561666,6,1010123456018,76,,1,1,39,1,2,,7.50397,252,0,0.0999197,69,0,6.5,,0,0,0,0,0,0,0,0,0,,221,228,,0,0,0,0
1613791561916,6,1010123456018,76,,1,1,39,1,2,,13.2027,74,0,0.0688514,24,0,9,,0,0,0,0,0,0,0,0,0,,64,66,,0,0,0,0
1613791562167,6,1010123456018,76,,1,1,39,1,2,,4.50289,173,0,0.051552,50,0,8.16667,,0.1,19,0,0.1,5,20,0,10.137,31,,153,153,,0,0,0,3.31579
1613791562417,6,1010123456018,76,,1,1,39,1,2,,15.3,10,0,0.010464,3,0,9.5,,0,0,0,0,0,0,0,0,0,,9,9,,0,0,0,0
1613791562667,6,1010123456018,76,,1,1,39,1,2,,14.8261,46,0,0.041824,13,0,10.6,,0,0,0,0,0,0,0,0,0,,42,42,,0,0,0,0
1613791562917,6,1010123456018,76,,1,1,39,1,2,,10.4875,80,0,0.043328,22,0,7.71429,,0,0,0,0,0,0,0,0,0,,66,66,,0,0,0,0
1613791563167,6,1010123456018,76,,1,1,39,1,2,,10.1316,76,0,0.048256,22,0,7.2,,13.8696,23,0,0.1,6,66.6667,0,12.6543,31,,63,63,,0,0,0,7.26087
1613791563417,6,1010123456018,76,,1,1,39,1,2,,9.77344,128,0,0.070016,36,0,7,,0,0,0,0,0,0,0,0,0,,108,108,,0,0,0,0
1613791563667,6,1010123456018,76,,1,1,39,1,2,,10.2574,101,0,0.058784,29,0,8.16667,,0,0,0,0,0,0,0,0,0,,87,87,,0,0,0,0
1613791563917,6,1010123456018,76,,1,1,39,1,2,,12.2273,22,0,0.015904,6,0,8.42857,,0,0,0,0,0,0,0,0,0,,18,18,,0,0,0,0
1613791564167,6,1010123456018,76,,1,1,39,1,2,,10.8085,94,20,0.054144,26,0,6.8,,10,14,0,0,4,100,0,1.05834,0,,84,84,,0,0,0,10
1613791564417,6,1010123456018,76,,1,1,39,1,2,,9.64646,99,0,0.053568,26,0,7.16667,,0,0,0,0,0,0,0,0,0,,84,84,,0,0,0,0
1613791564667,6,1010123456018,76,,1,1,39,1,2,,12.9333,45,0,0.042304,17,0,8,,0,0,0,0,0,0,0,0,0,,39,39,,0,0,0,0
1613791564917,6,1010123456018,76,,1,1,39,1,2,,11.3714,70,0,0.047872,20,0,8.33333,,0,0,0,0,0,0,0,0,0,,60,60,,0,0,0,0
1613791565167,6,1010123456018,76,,1,1,39,1,2,,11.931,116,0,0.079616,32,0,8.2,,7.13043,46,0,0.1,13,69.2308,0,4.98059,31,,103,105,,0,0,0,7.34783
1613791565417,6,1010123456018,76,,1,1,39,1,2,,9.68376,117,0,0.069728,35,0,6.6,,0,0,0,0,0,0,0,0,0,,102,102,,0,0,0,0
1613791565667,6,1010123456018,76,,1,1,39,1,2,,8.93182,44,0,0.021504,12,0,7,,0,0,0,0,0,0,0,0,0,,36,36,,0,0,0,0
1613791565917,6,1010123456018,76,,1,1,39,1,2,,9.23711,97,0,0.045344,25,0,6.71429,,0,0,0,0,0,0,0,0,0,,81,81,,0,0,0,0
1613791566166,6,1010123456018,76,,1,1,39,1,2,,9.82653,98,0,0.0514378,27,0,6.66667,,0.1,11,0,0,4,100,0,0.1,0,,84,84,,0,0,0,10
1613791566416,6,1010123456018,76,,1,1,39,1,2,,10.9697,99,0,0.0748916,32,0,8.33333,,0,12,0,0,4,100,0,0,0,,87,87,,0,0,0,0
1613791566667,6,1010123456018,76,,1,1,39,1,2,,10.7323,127,0,0.080288,37,0,8,,0,0,0,0,0,0,0,0,0,,111,111,,0,0,0,0
1613791566917,6,1010123456018,76,,1,1,39,1,2,,9.32258,124,0,0.06464,36,0,6.83333,,0,0,0,0,0,0,0,0,0,,108,108,,0,0,0,0
1613791567166,6,1010123456018,76,,1,1,39,1,2,,10.3822,157,0,0.096996,45,0,8.16667,,0.1,10,0,0.1,3,0,0,1.58938,31,,136,138,,0,0,0,3.9
1613791567417,6,1010123456018,76,,1,1,39,1,2,,11.3163,98,0,0.064096,28,0,6.2,,0,0,0,0,0,0,0,0,0,,84,84,,0,0,0,0
1613791567667,6,1010123456018,76,,1,1,39,1,2,,9.29885,87,0,0.043872,25,0,7,,0,0,0,0,0,0,0,0,0,,75,75,,0,0,0,0
1613791567917,6,1010123456018,76,,1,1,39,1,2,,6.89024,164,0,0.062112,42,0,7.5,,0,0,0,0,0,0,0,0,0,,141,141,,0,0,0,0
1613791568166,6,1010123456018,76,,1,1,39,1,2,,6.43056,72,0,0.0323855,26,0,6.33333,,5.83333,36,0,0.1,11,72.7273,0,5.02093,31,,63,63,,0,0,0,8.08333
1613791568417,6,1010123456018,76,,1,1,39,1,2,,11.5,50,0,0.032096,14,0,6.83333,,0,0,0,0,0,0,0,0,0,,42,42,,0,0,0,0
1613791568666,6,1010123456018,76,,1,1,39,1,2,,9.06542,107,0,0.0543936,31,0,6.8,,0,0,0,0,0,0,0,0,0,,96,96,,0,0,0,0
1613791568917,6,1010123456018,76,,1,1,39,1,2,,8.38168,131,0,0.065472,33,0,7.42857,,0,0,0,0,0,0,0,0,0,,115,117,,0,0,0,0
1613791569167,6,1010123456018,76,,1,1,39,1,2,,9.88785,107,0,0.05904,33,0,6.75,,8.21053,38,0,0.1,11,72.7273,0,3.54857,31,,96,96,,0,0,0,7.57895
1613791569417,6,1010123456018,76,,1,1,39,1,2,,9.81633,98,0,0.05376,29,0,7.16667,,0,0,0,0,0,0,0,0,0,,84,84,,0,0,0,0
1613791569667,6,1010123456018,76,,1,1,39,1,2,,13.2361,72,0,0.058336,21,0,8.83333,,0,0,0,0,0,0,0,0,0,,63,63,,0,0,0,0
1613791569917,6,1010123456018,76,,1,1,39,1,2,,12.3068,88,0,0.066688,26,0,7.42857,,0,0,0,0,0,0,0,0,0,,75,75,,0,0,0,0
1613791570167,6,1010123456018,76,,1,1,39,1,2,,4.83415,205,0,0.07536,61,0,7,,0.1,29,0,0.1,8,50,0,4.05446,31,,191,198,,0,0,0,6.2069
1613791570416,6,1010123456018,76,,1,1,39,1,2,,9.09322,118,0,0.0598554,34,0,6.66667,,0,0,0,0,0,0,0,0,0,,105,105,,0,0,0,0
1613791570667,6,1010123456018,76,,1,1,39,1,2,,4.55357,224,0,0.06352,63,0,8.4,,0,0,0,0,0,0,0,0,0,,196,198,,0,0,0,0
1613791570916,6,1010123456018,76,,1,1,39,1,2,,10.3419,117,105,0.0800964,34,0,8,,0,0,0,0,0,0,0,0,0,,107,111,,0,0,0,0
1613791571166,6,1010123456018,76,,1,1,39,1,2,,11.0315,127,0,0.0852369,36,0,8.66667,,0.1,13,0,0,4,100,0,0.625625,0,,105,105,,0,0,0,10
1613791571416,6,1010123456018,76,,1,1,39,1,2,,6.71264,174,0,0.0615261,46,0,6.83333,,2.57143,7,0,0.1,2,0,0,30.8437,31,,147,147,,0,0,0,1
1613791571667,6,1010123456018,76,,1,1,39,1,2,,10.9083,120,0,0.079968,38,0,8,,0,0,0,0,0,0,0,0,0,,105,105,,0,0,0,0
1613791571917,6,1010123456018,76,,1,1,39,1,2,,13.6667,36,0,0.036736,11,0,9.28572,,0,0,0,0,0,0,0,0,0,,33,33,,0,0,0,0
1613791572167,6,1010123456018,76,,1,1,39,1,2,,10,132,0,0.075584,38,0,7,,0,12,0,0,4,100,0,0,0,,114,114,,0,0,0,0
1613791572416,6,1010123456018,76,,1,1,39,1,2,,5.31395,172,0,0.0570281,49,0,5.66667,,0,0,0,0,0,0,0,0,0,,147,147,,0,0,0,0
1613791572667,6,1010123456018,76,,1,1,39,1,2,,4.74545,275,0,0.096,80,0,5.66667,,0,0,0,0,0,0,0,0,0,,312,333,,0,0,0,0
1613791572916,6,1010123456018,76,,1,1,39,1,2,,9.17683,164,177,0.0775261,43,0,6.71429,,0,0,0,0,0,0,0,0,0,,144,144,,0,0,0,0
1613791573166,6,1010123456018,76,,1,1,39,1,2,,9.92929,99,0,0.063261,33,0,8,,11.575,40,0,0.1,12,66.6667,0,9.13459,31,,84,84,,0,0,0,7.15
1613791573417,6,1010123456018,76,,1,1,39,1,2,,10.9231,104,0,0.064096,29,0,8.33333,,0,0,0,0,0,0,0,0,0,,91,93,,0,0,0,0
1613791573667,6,1010123456018,76,,1,1,39,1,2,,11.5556,72,89,0.058304,22,0,7.8,,0,0,0,0,0,0,0,0,0,,66,66,,0,0,0,0
1613791573917,6,1010123456018,76,,1,1,39,1,2,,11.7059,85,0,0.05856,24,0,8.42857,,0,0,0,0,0,0,0,0,0,,69,69,,0,0,0,0
1613791574167,6,1010123456018,76,,1,1,39,1,2,,5.9209,177,0,0.0616,49,0,7,,1.76471,51,0,0.1,14,71.4286,0,3.53373,31,,153,153,,0,0,0,8.19608
1613791574417,6,1010123456018,76,,1,1,39,1,2,,13.1111,90,0,0.084352,28,0,8.6,,0,0,0,0,0,0,0,0,0,,82,84,,0,0,0,0
1613791574666,6,1010123456018,76,,1,1,39,1,2,,10.6591,132,0,0.0755984,37,0,6.8,,0,0,0,0,0,0,0,0,0,,117,117,,0,0,0,0
1613791574917,6,1010123456018,76,,1,1,39,1,2,,11.6444,90,0,0.058592,24,0,7.71429,,0,0,0,0,0,0,0,0,0,,75,75,,0,0,0,0
1613791575166,6,1010123456018,76,,1,1,39,1,2,,9.48855,131,0,0.0811245,41,0,7.4,,6.26087,23,0,0.1,7,57.1429,0,9.37396,31,,117,123,,0,0,0,5.69565
1613791575416,6,1010123456018,76,,1,1,39,1,2,,10.0448,134,0,0.0757912,39,0,7,,0,0,0,0,0,0,0,0,0,,117,117,,0,0,0,0
1613791575667,6,1010123456018,76,,1,1,39,1,2,,9.04516,155,0,0.075968,44,0,7.8,,0,0,0,0,0,0,0,0,0,,132,132,,0,0,0,0
1613791575917,6,1010123456018,76,,1,1,39,1,2,,11.6667,114,0,0.081152,33,0,9.14286,,0,0,0,0,0,0,0,0,0,,100,102,,0,0,0,0
1613791576167,6,1010123456018,76,,1,1,39,1,2,,5.45455,132,0,0.05536,39,0,7,,8.69231,26,0,0.1,7,57.1429,0,14.1016,31,,118,120,,0,0,0,6.19231
1613791576417,6,1010123456018,76,,1,1,39,1,2,,4.77551,147,0,0.045984,43,0,6,,0,0,0,0,0,0,0,0,0,,129,129,,0,0,0,0
1613791576667,6,1010123456018,76,,1,1,39,1,2,,4.95082,183,0,0.057024,51,0,7.5,,0,0,0,0,0,0,0,0,0,,163,171,,0,0,0,0
1613791576917,6,1010123456018,76,,1,1,39,1,2,,11.4752,101,0,0.069696,28,0,9.2,,0,0,0,0,0,0,0,0,0,,88,90,,0,0,0,0
1613791577167,6,1010123456018,76,,1,1,39,1,2,,9.68293,82,0,0.053568,27,0,7,,0.1,22,0,0.1,7,42.8571,0,4.6362,31,,73,75,,0,0,0,6
1613791577417,6,1010123456018,76,,1,1,39,1,2,,9.5,130,0,0.075488,38,0,7.33333,,0,0,0,0,0,0,0,0,0,,119,123,,0,0,0,0
1613791577667,6,1010123456018,76,,1,1,39,1,2,,9.01081,185,0,0.086944,50,0,6.4,,0,0,0,0,0,0,0,0,0,,159,159,,0,0,0,0
1613791577917,6,1010123456018,76,,1,1,39,1,2,,10.8647,133,0,0.08576,38,0,7.16667,,0,0,0,0,0,0,0,0,0,,115,117,,0,0,0,0
1613791578167,6,1010123456018,76,,1,1,39,1,2,,9.51111,135,0,0.075424,41,0,6.6,,0,12,0,0,4,100,0,0,0,,114,114,,0,0,0,0
1613791578417,6,1010123456018,76,,1,1,39,1,2,,10.1684,95,0,0.048512,24,0,8,,0,12,0,0,4,100,0,0,0,,81,81,,0,0,0,0
1613791578667,6,1010123456018,76,,1,1,39,1,2,,10.6026,78,0,0.048512,22,0,7.16667,,0,0,0,0,0,0,0,0,0,,66,66,,0,0,0,0
1613791578916,6,1010123456018,76,,1,1,39,1,2,,9.82301,113,0,0.0705221,36,0,6.83333,,0,0,0,0,0,0,0,0,0,,100,102,,0,0,0,0
1613791579166,6,1010123456018,76,,1,1,39,1,2,,10.1585,82,0,0.0489639,24,0,7.33333,,8.78261,23,0,0.1,6,66.6667,0,10.6915,31,,72,72,,0,0,0,6.86957
1613791579417,6,1010123456018,76,,1,1,39,1,2,,9,87,0,0.03776,21,0,6.66667,,0,0,0,0,0,0,0,0,0,,75,75,,0,0,0,0
1613791579667,6,1010123456018,76,,1,1,39,1,2,,10.3047,128,0,0.086208,40,0,7.66667,,0,0,0,0,0,0,0,0,0,,111,117,,0,0,0,0
1613791579917,6,1010123456018,76,,1,1,39,1,2,,4.91367,139,0,0.045152,40,0,6.42857,,0,0,0,0,0,0,0,0,0,,123,123,,0,0,0,0
1613791580167,6,1010123456018,76,,1,1,39,1,2,,7.95833,72,0,0.027744,18,0,6.66667,,0.1,12,0,0.1,4,0,0,1.08313,31,,66,66,,0,0,0,1.83333
1613791580417,6,1010123456018,76,,1,1,39,1,2,,3.36652,221,0,0.059072,67,0,6.66667,,0,0,0,0,0,0,0,0,0,,207,222,,0,0,0,0
1613791580666,6,1010123456018,76,,1,1,39,1,2,,9.41429,70,0,0.0380402,20,0,8,,0,0,0,0,0,0,0,0,0,,60,60,,0,0,0,0
1613791580917,6,1010123456018,76,,1,1,39,1,2,,3.44,200,0,0.042368,56,0,7.83333,,0,0,0,0,0,0,0,0,0,,174,174,,0,0,0,0
1613791581166,6,1010123456018,76,,1,1,39,1,2,,4.89781,137,158,0.0511807,41,0,5,,14.5926,81,0,0.149912,25,80,0,6.97006,31,,129,135,,0,0,0,8.18519
1613791581416,6,1010123456018,76,,1,1,39,1,2,,3.16738,233,0,0.0490924,66,0,7,,0,0,0,0,0,0,0,0,0,,205,207,,0,0,0,0
1613791581667,6,1010123456018,76,,1,1,39,1,2,,9.21739,92,0,0.054208,28,0,8.5,,0,0,0,0,0,0,0,0,0,,81,81,,0,0,0,0
1613791581917,6,1010123456018,76,,1,1,39,1,2,,10.4396,91,0,0.053472,26,0,7.28571,,0,0,0,0,0,0,0,0,0,,78,78,,0,0,0,0
1613791582167,6,1010123456018,76,,1,1,39,1,2,,5.99355,155,0,0.05616,45,0,6.33333,,7.6,10,0,0.1,3,0,0,30.3673,31,,135,135,,0,0,0,1
1613791582417,6,1010123456018,76,,1,1,39,1,2,,9.6875,80,0,0.043008,23,0,6.6,,0,0,0,0,0,0,0,0,0,,69,69,,0,0,0,0
1613791582667,6,1010123456018,76,,1,1,39,1,2,,8.9375,112,0,0.04912,29,0,6.66667,,0,0,0,0,0,0,0,0,0,,96,96,,0,0,0,0
1613791582917,6,1010123456018,76,,1,1,39,1,2,,9.61468,109,0,0.064704,34,0,7.42857,,0,0,0,0,0,0,0,0,0,,93,93,,0,0,0,0
1613791583167,6,1010123456018,76,,1,1,39,1,2,,12.3103,58,0,0.042208,16,0,9,,0,11,0,0,4,100,0,0,0,,48,48,,0,0,0,0
1613791583416,6,1010123456018,76,,1,1,39,1,2,,9.70588,102,0,0.0543936,29,0,7,,0.1,18,0,0.1,5,60,0,1.60321,31,,87,87,,0,0,0,7.16667
1613791583667,6,1010123456018,76,,1,1,39,1,2,,10.0349,86,0,0.048832,25,0,7.16667,,0,0,0,0,0,0,0,0,0,,75,75,,0,0,0,0
1613791583916,6,1010123456018,76,,1,1,39,1,2,,10.8406,69,0,0.0430843,20,0,7.8,,0,0,0,0,0,0,0,0,0,,60,60,,0,0,0,0
1613791584166,6,1010123456018,76,,1,1,39,1,2,,5.30714,140,0,0.0459116,41,0,6.5,,10.9167,24,0,0.1,9,55.5556,0,17.2651,31,,123,123,,0,0,0,5.125
1613791584416,6,1010123456018,76,,1,1,39,1,2,,15.0484,62,0,0.062747,18,0,11.6667,,0,0,0,0,0,0,0,0,0,,54,54,,0,0,0,0
1613791584667,6,1010123456018,76,,1,1,39,1,2,,14.8621,87,67,0.083808,25,0,10.25,,0,0,0,0,0,0,0,0,0,,78,78,,0,0,0,0
1613791584917,6,1010123456018,76,,1,1,39,1,2,,9.175,160,0,0.076192,44,0,7,,0,0,0,0,0,0,0,0,0,,135,135,,0,0,0,0
1613791585167,6,1010123456018,76,,1,1,39,1,2,,10.2062,97,0,0.064448,31,0,7,,0.5,96,0,0.1,27,62.963,0,3.39104,31,,88,90,,0,0,0,7.23958
1613791585417,6,1010123456018,76,,1,1,39,1,2,,10.6333,90,0,0.053824,26,0,8.5,,0,0,0,0,0,0,0,0,0,,78,78,,0,0,0,0
1613791585666,6,1010123456018,76,,1,1,39,1,2,,9.27465,142,0,0.0762088,41,0,6.66667,,0,0,0,0,0,0,0,0,0,,124,126,,0,0,0,0
1613791585917,6,1010123456018,76,,1,1,39,1,2,,9.66667,120,0,0.065056,34,0,6.5,,0,0,0,0,0,0,0,0,0,,102,102,,0,0,0,0
1613791586167,6,1010123456018,76,,1,1,39,1,2,,10.2,130,0,0.075616,37,0,6.33333,,0.1,18,0,0.1,5,20,0,8.92301,31,,112,114,,0,0,0,4.5
1613791586417,6,1010123456018,76,,1,1,39,1,2,,3.42149,242,0,0.059136,69,0,7.5,,0,0,0,0,0,0,0,0,0,,210,210,,0,0,0,0
1613791586667,6,1010123456018,76,,1,1,39,1,2,,4.68823,170,89,0.04656,49,0,4.8,,0,0,0,0,0,0,0,0,0,,150,150,,0,0,0,0
1613791586917,6,1010123456018,76,,1,1,39,1,2,,6.31915,188,0,0.067392,53,0,6.42857,,0,0,0,0,0,0,0,0,0,,162,162,,0,0,0,0
1613791587167,6,1010123456018,76,,1,1,39,1,2,,7.84553,123,152,0.060256,35,0,6.16667,,9.5,24,0,0.1,7,57.1429,0,6.43118,31,,106,108,,0,0,0,6.875
1613791587417,6,1010123456018,76,,1,1,39,1,2,,3.46176,353,0,0.093792,102,0,7,,0,0,0,0,0,0,0,0,0,,354,396,,0,0,0,0
1613791587666,6,1010123456018,76,,1,1,39,1,2,,9.0411,73,0,0.0325462,17,0,7.16667,,0,0,0,0,0,0,0,0,0,,63,63,,0,0,0,0
1613791587916,6,1010123456018,76,,1,1,39,1,2,,10.1667,102,105,0.0650281,33,0,7.14286,,0,0,0,0,0,0,0,0,0,,90,90,,0,0,0,0
1613791588167,6,1010123456018,76,,1,1,39,1,2,,8.96154,156,0,0.07616,44,0,6,,0.571429,63,0,0.1,18,55.5556,0,4.74104,0,,142,144,,0,0,0,6.92063
1613791588417,6,1010123456018,76,,1,1,39,1,2,,9.6129,93,0,0.054048,28,0,6.8,,0,0,0,0,0,0,0,0,0,,78,78,,0,0,0,0
1613791588667,6,1010123456018,76,,1,1,39,1,2,,11.4198,81,0,0.053376,23,0,7.66667,,0,0,0,0,0,0,0,0,0,,72,72,,0,0,0,0
1613791588917,6,1010123456018,76,,1,1,39,1,2,,13.8421,57,0,0.047488,16,0,8.85714,,0,0,0,0,0,0,0,0,0,,45,45,,0,0,0,0
1613791589167,6,1010123456018,76,,1,1,39,1,2,,7.168,125,0,0.050208,37,0,4.8,,11.6444,90,0,0.1,29,82.7586,0,3.49995,31,,111,111,,0,0,0,8.5
1613791589417,6,1010123456018,76,,1,1,39,1,2,,9.94186,86,0,0.043104,23,0,6.83333,,0,0,0,0,0,0,0,0,0,,75,75,,0,0,0,0
1613791589667,6,1010123456018,76,,1,1,39,1,2,,16.9444,36,0,0.041824,11,0,10.5,,0,0,0,0,0,0,0,0,0,,31,33,,0,0,0,0
1613791589916,6,1010123456018,76,,1,1,39,1,2,,3.81592,201,0,0.0734137,58,0,5.28571,,0,0,0,0,0,0,0,0,0,,189,213,,0,0,0,0
1613791590167,6,1010123456018,76,,1,1,39,1,2,,4.58108,222,5,0.053088,60,0,6.2,,5.64706,34,0,0.1,10,80,0,4.18162,31,,201,201,,0,0,0,8.41177
1613791590417,6,1010123456018,76,,1,1,39,1,2,,9.21429,98,0,0.054496,32,0,7.8,,0,0,0,0,0,0,0,0,0,,81,81,,0,0,0,0
1613791590667,6,1010123456018,76,,1,1,39,1,2,,6.60588,170,0,0.067104,47,0,7.16667,,0,0,0,0,0,0,0,0,0,,147,147,,0,0,0,0
1613791590917,6,1010123456018,76,,1,1,39,1,2,,8.94406,143,0,0.081568,43,0,6.83333,,0,0,0,0,0,0,0,0,0,,126,132,,0,0,0,0
1613791591167,6,1010123456018,76,,1,1,39,1,2,,11.618,89,0,0.058816,25,0,8.4,,15,16,0,0,4,100,0,1.60142,0,,78,78,,0,0,0,10
1613791591417,6,1010123456018,76,,1,1,39,1,2,,6.62903,124,96,0.055104,28,0,7.2,,0,0,0,0,0,0,0,0,0,,108,108,,0,0,0,0
1613791591667,6,1010123456018,76,,1,1,39,1,2,,6.01064,188,0,0.067168,61,0,6.83333,,0,0,0,0,0,0,0,0,0,,162,162,,0,0,0,0
1613791591917,6,1010123456018,76,,1,1,39,1,2,,6.02959,169,0,0.058304,46,0,7.28571,,0,0,0,0,0,0,0,0,0,,144,144,,0,0,0,0
1613791592166,6,1010123456018,76,,1,1,39,1,2,,9.54839,62,0,0.0358554,20,0,7.6,,0.1,16,0,0.1,5,20,0,1.91794,31,,54,54,,0,0,0,5.125
1613791592417,6,1010123456018,76,,1,1,39,1,2,,4.79825,228,0,0.073248,62,0,7,,0,0,0,0,0,0,0,0,0,,206,219,,0,0,0,0
1613791592666,6,1010123456018,76,,1,1,39,1,2,,9.54878,82,0,0.0488032,27,0,7.83333,,0,0,0,0,0,0,0,0,0,,84,84,,0,0,0,0
1613791592916,6,1010123456018,76,,1,1,39,1,2,,10.0952,63,0,0.0377189,18,0,5.42857,,0,0,0,0,0,0,0,0,0,,54,54,,0,0,0,0
1613791593167,6,1010123456018,76,,1,1,39,1,2,,5.34574,188,0,0.06208,55,0,6,,12.6562,64,0,0.1,20,80,0,4.00259,31,,165,165,,0,0,0,8.5
1613791593416,6,1010123456018,76,,1,1,39,1,2,,13.013,77,0,0.0591807,22,0,8,,0,0,0,0,0,0,0,0,0,,66,66,,0,0,0,0
1613791593667,6,1010123456018,76,,1,1,39,1,2,,10.2874,87,0,0.053536,25,0,7.66667,,0,0,0,0,0,0,0,0,0,,76,78,,0,0,0,0
1613791593917,6,1010123456018,76,,1,1,39,1,2,,13.0635,63,0,0.052608,18,0,7.66667,,0,0,0,0,0,0,0,0,0,,55,57,,0,0,0,0
1613791594167,6,1010123456018,76,,1,1,39,1,2,,10.8272,81,0,0.053504,24,0,8,,1.85714,28,0,0.1,8,37.5,0,5.4869,31,,73,75,,0,0,0,5
1613791594416,6,1010123456018,76,,1,1,39,1,2,,10.2857,63,0,0.0374618,18,0,8,,0,0,0,0,0,0,0,0,0,,54,54,,0,0,0,0
1613791594667,6,1010123456018,76,,1,1,39,1,2,,11.5862,87,0,0.0536,24,0,9,,0,0,0,0,0,0,0,0,0,,75,75,,0,0,0,0
1613791594916,6,1010123456018,76,,1,1,39,1,2,,10.4819,83,7,0.0532369,23,0,8,,0,0,0,0,0,0,0,0,0,,78,78,,0,0,0,0
1613791595166,6,1010123456018,76,,1,1,39,1,2,,11.3846,78,0,0.0591165,25,0,8.83333,,0.954545,22,0,0.1,6,66.6667,0,0.989357,31,,67,69,,0,0,0,7.68182
1613791595417,6,1010123456018,76,,1,1,39,1,2,,13.7222,90,0,0.073728,24,0,9.5,,0,0,0,0,0,0,0,0,0,,81,81,,0,0,0,0
1613791595667,6,1010123456018,76,,1,1,39,1,2,,10.1608,143,0,0.0864,44,0,6.66667,,0,0,0,0,0,0,0,0,0,,123,123,,0,0,0,0
1613791595917,6,1010123456018,76,,1,1,39,1,2,,9.89474,76,158,0.043008,22,0,7.57143,,0,0,0,0,0,0,0,0,0,,69,69,,0,0,0,0
1613791596167,6,1010123456018,76,,1,1,39,1,2,,10.6163,86,0,0.053792,26,0,7.8,,8.5,34,0,0.1,11,72.7273,0,2.89211,31,,78,78,,0,0,0,7.61765
1613791596417,6,1010123456018,76,,1,1,39,1,2,,5.08171,257,0,0.085152,73,0,8.4,,0,0,0,0,0,0,0,0,0,,229,231,,0,0,0,0
1613791596667,6,1010123456018,76,,1,1,39,1,2,,7.21053,114,0,0.04976,35,0,6.2,,0,0,0,0,0,0,0,0,0,,96,96,,0,0,0,0
1613791596917,6,1010123456018,76,,1,1,39,1,2,,9.18803,117,0,0.059488,34,0,7.85714,,0,0,0,0,0,0,0,0,0,,108,108,,0,0,0,0
1613791597166,6,1010123456018,76,,1,1,39,1,2,,10.1408,71,0,0.0430522,20,0,6.6,,8,11,0,0.1,3,0,0,32.7876,31,,60,60,,0,0,0,1
1613791597417,6,1010123456018,76,,1,1,39,1,2,,9.86154,65,0,0.0376,19,0,7.83333,,15,4,0,0.1,1,0,0,28.6218,31,,57,57,,0,0,0,1
1613791597667,6,1010123456018,76,,1,1,39,1,2,,10.9091,77,0,0.048544,22,0,9,,0,0,0,0,0,0,0,0,0,,66,66,,0,0,0,0
1613791597917,6,1010123456018,76,,1,1,39,1,2,,10.7432,74,0,0.042912,20,0,9.6,,0,0,0,0,0,0,0,0,0,,63,63,,0,0,0,0
1613791598167,6,1010123456018,76,,1,1,39,1,2,,5.33068,251,0,0.085216,75,0,5,,5.82857,35,0,0.1,10,80,0,3.79573,31,,222,222,,0,0,0,7.94286
1613791598417,6,1010123456018,76,,1,1,39,1,2,,10.5377,106,0,0.07456,30,0,8.66667,,0,0,0,0,0,0,0,0,0,,92,96,,0,0,0,0
1613791598666,6,1010123456018,76,,1,1,39,1,2,,11.74,50,0,0.0372048,15,0,9,,0,0,0,0,0,0,0,0,0,,45,45,,0,0,0,0
1613791598916,6,1010123456018,76,,1,1,39,1,2,,11.5146,103,0,0.0699438,27,0,8.5,,0,0,0,0,0,0,0,0,0,,91,93,,0,0,0,0
1613791599167,6,1010123456018,76,,1,1,39,1,2,,10.1944,108,89,0.074784,35,0,8.16667,,0.1,20,0,0.1,7,71.4286,0,0.384823,31,,100,102,,0,0,0,7.6
1613791599417,6,1010123456018,76,,1,1,39,1,2,,10.6,45,0,0.026752,13,0,7.83333,,0,0,0,0,0,0,0,0,0,,36,36,,0,0,0,0
1613791599667,6,1010123456018,76,,1,1,39,1,2,,13.9592,49,0,0.04208,14,0,9.4,,0,0,0,0,0,0,0,0,0,,42,42,,0,0,0,0
1613791599917,6,1010123456018,76,,1,1,39,1,2,,10.9467,75,0,0.047968,21,0,7.66667,,0,0,0,0,0,0,0,0,0,,63,63,,0,0,0,0
1613791600167,6,1010123456018,76,,1,1,39,1,2,,9.53448,58,0,0.032288,17,0,6.5,,0.1,21,0,0.1,6,66.6667,0,1.1426,31,,51,51,,0,0,0,8.09524
1613791600417,6,1010123456018,76,,1,1,39,1,2,,2.12963,216,0,0.03296,61,0,6.4,,0,0,0,0,0,0,0,0,0,,183,183,,0,0,0,0
1613791600667,6,1010123456018,76,,1,1,39,1,2,,10.7222,54,0,0.032128,15,0,8,,0,0,0,0,0,0,0,0,0,,48,48,,0,0,0,0
1613791600917,6,1010123456018,76,,1,1,39,1,2,,13.4167,48,0,0.047136,14,0,9,,0,0,0,0,0,0,0,0,0,,43,45,,0,0,0,0
1613791601167,6,1010123456018,76,,1,1,39,1,2,,10.7576,99,0,0.059072,27,0,7.83333,,13.1,20,0,0.1,6,66.6667,0,17.3728,31,,91,93,,0,0,0,7.3
1613791601416,6,1010123456018,76,,1,1,39,1,2,,11.9333,45,0,0.0373976,16,0,7,,0,0,0,0,0,0,0,0,0,,39,39,,0,0,0,0
1613791601667,6,1010123456018,76,,1,1,39,1,2,,9.75455,110,0,0.059456,31,0,7,,0,0,0,0,0,0,0,0,0,,93,93,,0,0,0,0
1613791601917,6,1010123456018,76,,1,1,39,1,2,,10.6897,87,0,0.053216,25,0,8.42857,,0,0,0,0,0,0,0,0,0,,75,75,,0,0,0,0
1613791602167,6,1010123456018,76,,1,1,39,1,2,,9.33628,113,0,0.064608,32,0,7.4,,8.86957,23,0,0.1,7,57.1429,0,11.0176,31,,96,96,,0,0,0,5.82609
1613791602417,6,1010123456018,76,,1,1,39,1,2,,9.37143,70,0,0.037952,20,0,7.16667,,0,0,0,0,0,0,0,0,0,,60,60,,0,0,0,0
1613791602667,6,1010123456018,76,,1,1,39,1,2,,7.55215,163,0,0.060928,43,0,6,,0,0,0,0,0,0,0,0,0,,138,138,,0,0,0,0
1613791602917,6,1010123456018,76,,1,1,39,1,2,,10.1692,65,0,0.043104,22,0,6.71429,,0,0,0,0,0,0,0,0,0,,57,57,,0,0,0,0
1613791603166,6,1010123456018,76,,1,1,39,1,2,,7.2875,80,0,0.033253,23,0,6.66667,,0.1,20,0,0.1,6,16.6667,0,10.1966,31,,73,75,,0,0,0,2.35
1613791603416,6,1010123456018,76,,1,1,39,1,2,,9.725,80,0,0.0434056,23,0,6,,0,0,0,0,0,0,0,0,0,,69,69,,0,0,0,0
1613791603667,6,1010123456018,76,,1,1,39,1,2,,4.79752,242,0,0.064032,67,0,7,,0,0,0,0,0,0,0,0,0,,209,213,,0,0,0,0
1613791603917,6,1010123456018,76,,1,1,39,1,2,,4.5098,102,0,0.044448,31,0,8.66667,,0,0,0,0,0,0,0,0,0,,87,87,,0,0,0,0
1613791604167,6,1010123456018,76,,1,1,39,1,2,,10.0769,39,0,0.0216,11,0,6.2,,6,29,0,0.1,9,66.6667,0,2.26456,31,,33,33,,0,0,0,8
1613791604417,6,1010123456018,76,,1,1,39,1,2,,6.05031,159,0,0.059136,44,0,8.16667,,0,0,0,0,0,0,0,0,0,,138,138,,0,0,0,0
1613791604667,6,1010123456018,76,,1,1,39,1,2,,2.58621,116,292,0.023296,28,0,6.5,,0,0,0,0,0,0,0,0,0,,112,129,,0,0,0,0
1613791604917,6,1010123456018,76,,1,1,39,1,2,,8,158,0,0.079584,53,0,6.4,,0,0,0,0,0,0,0,0,0,,146,153,,0,0,0,0
1613791605166,6,1010123456018,76,,1,1,39,1,2,,9.01316,152,0,0.0816386,45,0,8,,7.30435,23,0,0.1,7,57.1429,0,5.79494,31,,135,135,,0,0,0,6.47826
1613791605416,6,1010123456018,76,,1,1,39,1,2,,4.60591,203,0,0.0634538,58,0,7.66667,,0,0,0,0,0,0,0,0,0,,177,183,,0,0,0,0
1613791605666,6,1010123456018,76,,1,1,39,1,2,,3.09958,241,0,0.0434056,63,0,6,,0,0,0,0,0,0,0,0,0,,218,234,,0,0,0,0
1613791605917,6,1010123456018,76,,1,1,39,1,2,,8.2,150,102,0.08112,42,0,6.2,,0,0,0,0,0,0,0,0,0,,136,138,,0,0,0,0
1613791606167,6,1010123456018,76,,1,1,39,1,2,,4.97605,167,0,0.046912,52,0,7,,0.1,14,0,0,4,100,0,0.511639,0,,141,141,,0,0,0,10
1613791606417,6,1010123456018,76,,1,1,39,1,2,,8.35625,160,0,0.081984,49,0,6.33333,,6.61538,39,0,0.1,12,83.3333,0,10.8196,31,,139,141,,0,0,0,8.15385
1613791606667,6,1010123456018,76,,1,1,39,1,2,,4.85906,149,0,0.0456,43,0,6.83333,,3.27273,22,0,0.1,7,57.1429,0,7.40823,31,,132,132,,0,0,0,5.90909
1613791606917,6,1010123456018,76,,1,1,39,1,2,,9.71875,96,20,0.048672,26,0,7.5,,0,0,0,0,0,0,0,0,0,,84,84,,0,0,0,0
1613791607167,6,1010123456018,76,,1,1,39,1,2,,9.77143,105,0,0.059392,31,0,6.83333,,0.1,22,0,0.1,6,66.6667,0,6.65175,31,,90,90,,0,0,0,7.27273
1613791607416,6,1010123456018,76,,1,1,39,1,2,,12.4127,126,0,0.0903133,33,0,10.2,,0,0,0,0,0,0,0,0,0,,108,108,,0,0,0,0
1613791607667,6,1010123456018,76,,1,1,39,1,2,,5.15569,167,0,0.05728,51,0,6.33333,,0,0,0,0,0,0,0,0,0,,144,144,,0,0,0,0
1613791607916,6,1010123456018,76,,1,1,39,1,2,,8.87755,98,0,0.0460402,26,0,6.85714,,0,0,0,0,0,0,0,0,0,,84,84,,0,0,0,0
1613791608167,6,1010123456018,76,,1,1,39,1,2,,10.7342,79,0,0.046304,23,0,7.33333,,7.38462,26,0,0.1,7,57.1429,0,6.1522,31,,72,72,,0,0,0,7.30769
1613791608417,6,1010123456018,76,,1,1,39,1,2,,11.1887,53,0,0.042304,17,0,8.5,,0,0,0,0,0,0,0,0,0,,42,42,,0,0,0,0
1613791608667,6,1010123456018,76,,1,1,39,1,2,,8.50387,129,0,0.059744,35,0,6.33333,,0,0,0,0,0,0,0,0,0,,112,114,,0,0,0,0
1613791608917,6,1010123456018,76,,1,1,39,1,2,,10,100,0,0.064768,31,0,6.16667,,0,0,0,0,0,0,0,0,0,,88,90,,0,0,0,0
1613791609167,6,1010123456018,76,,1,1,39,1,2,,6.6383,141,113,0.055328,34,0,5.6,,3.88,75,0,0.1,22,63.6364,0,8.26714,31,,126,126,,0,0,0,6.92
1613791609417,6,1010123456018,76,,1,1,39,1,2,,3.57843,306,0,0.077344,95,0,5.5,,0,0,0,0,0,0,0,0,0,,277,285,,0,0,0,0
1613791609666,6,1010123456018,76,,1,1,39,1,2,,12.2791,86,0,0.0585703,23,0,8.66667,,0,0,0,0,0,0,0,0,0,,75,75,,0,0,0,0
1613791609916,6,1010123456018,76,,1,1,39,1,2,,5.12195,164,0,0.0668916,50,0,8.57143,,0,0,0,0,0,0,0,0,0,,144,144,,0,0,0,0
1613791610167,6,1010123456018,76,,1,1,39,1,2,,6.41228,114,0,0.0438876,32,0,6.33333,,2.9863,73,0,0.1,21,61.9048,0,5.30903,31,,99,99,,0,0,0,7.32877
1613791610417,6,1010123456018,76,,1,1,39,1,2,,11.5143,105,0,0.074816,31,0,8.83333,,0,0,0,0,0,0,0,0,0,,96,96,,0,0,0,0
1613791610667,6,1010123456018,76,,1,1,39,1,2,,12.3299,97,0,0.07888,28,0,8.4,,0,0,0,0,0,0,0,0,0,,82,84,,0,0,0,0
1613791610917,6,1010123456018,76,,1,1,39,1,2,,5.04412,136,149,0.045088,38,0,6.66667,,0,0,0,0,0,0,0,0,0,,121,123,,0,0,0,0
1613791611167,6,1010123456018,76,,1,1,39,1,2,,11.2,95,0,0.064384,28,0,7.83333,,0.1,28,0,0.1,8,37.5,0,11.1285,31,,78,78,,0,0,0,5.25
1613791611417,6,1010123456018,76,,1,1,39,1,2,,11.9811,106,0,0.079584,31,0,7.5,,0,0,0,0,0,0,0,0,0,,93,93,,0,0,0,0
1613791611667,6,1010123456018,76,,1,1,39,1,2,,5.21756,262,0,0.085696,76,0,5.66667,,0,0,0,0,0,0,0,0,0,,239,243,,0,0,0,0
1613791611917,6,1010123456018,76,,1,1,39,1,2,,9.09459,222,0,0.108608,59,0,6.42857,,0,0,0,0,0,0,0,0,0,,190,192,,0,0,0,0
1613791612166,6,1010123456018,76,,1,1,39,1,2,,9.57018,114,0,0.0647068,34,0,8.75,,13.7143,7,0,0.1,2,0,0,30.1966,31,,102,102,,0,0,0,1
1613791612417,6,1010123456018,76,,1,1,39,1,2,,10.1648,91,0,0.05904,29,0,9.16667,,0,0,0,0,0,0,0,0,0,,78,78,,0,0,0,0
1613791612667,6,1010123456018,76,,1,1,39,1,2,,2.99191,371,0,0.098976,105,0,6.16667,,0,0,0,0,0,0,0,0,0,,416,456,,0,0,0,0
1613791612917,6,1010123456018,76,,1,1,39,1,2,,5.19753,243,0,0.07936,70,0,6,,0,0,0,0,0,0,0,0,0,,207,207,,0,0,0,0
1613791613167,6,1010123456018,76,,1,1,39,1,2,,6.38235,136,0,0.050048,39,0,5.75,,6.97059,34,0,0.1,10,80,0,3.64313,31,,120,120,,0,0,0,8.73529
1613791613417,6,1010123456018,76,,1,1,39,1,2,,10.8558,104,0,0.064736,30,0,7,,0,0,0,0,0,0,0,0,0,,90,90,,0,0,0,0
1613791613667,6,1010123456018,76,,1,1,39,1,2,,7.34177,79,0,0.03328,22,0,6.4,,0,0,0,0,0,0,0,0,0,,66,66,,0,0,0,0
1613791613917,6,1010123456018,76,,1,1,39,1,2,,4.9693,228,0,0.073504,65,0,7.85714,,0,0,0,0,0,0,0,0,0,,209,216,,0,0,0,0
1613791614166,6,1010123456018,76,,1,1,39,1,2,,10.5354,99,0,0.0593735,28,0,7.2,,7.32787,61,0,0.1,18,88.8889,0,4.55243,31,,87,87,,0,0,0,9.03279
1613791614417,6,1010123456018,76,,1,1,39,1,2,,11.3133,83,0,0.058208,24,0,9,,0,0,0,0,0,0,0,0,0,,72,72,,0,0,0,0
1613791614667,6,1010123456018,76,,1,1,39,1,2,,6.54037,161,0,0.061504,46,0,6,,0,0,0,0,0,0,0,0,0,,138,138,,0,0,0,0
1613791614917,6,1010123456018,76,,1,1,39,1,2,,11.9398,133,87,0.090624,37,0,8.14286,,0,0,0,0,0,0,0,0,0,,114,114,,0,0,0,0
1613791615167,6,1010123456018,76,,1,1,39,1,2,,9.85833,120,0,0.069376,35,0,8,,14.8276,87,0,0.15616,28,82.1429,0,5.70288,31,,106,108,,0,0,0,8.24138
1613791615417,6,1010123456018,76,,1,1,39,1,2,,12.5246,61,0,0.043264,16,0,9.33333,,0,0,0,0,0,0,0,0,0,,54,54,,0,0,0,0
1613791615667,6,1010123456018,76,,1,1,39,1,2,,5.62621,206,89,0.083296,62,0,6.5,,0,0,0,0,0,0,0,0,0,,205,237,,0,0,0,0
1613791615917,6,1010123456018,76,,1,1,39,1,2,,11.84,100,0,0.068896,28,0,10.6,,0,0,0,0,0,0,0,0,0,,90,90,,0,0,0,0
1613791616167,6,1010123456018,76,,1,1,39,1,2,,10.6087,69,105,0.05296,22,0,6.75,,10.4615,13,0,0.1,4,0,0,28.7838,31,,63,63,,0,0,0,1
1613791616417,6,1010123456018,76,,1,1,39,1,2,,10.9529,85,0,0.052672,23,0,9,,0,0,0,0,0,0,0,0,0,,69,69,,0,0,0,0
1613791616667,6,1010123456018,76,,1,1,39,1,2,,10.6241,133,20,0.08112,38,0,7.4,,0,0,0,0,0,0,0,0,0,,118,120,,0,0,0,0
1613791616917,6,1010123456018,76,,1,1,39,1,2,,9.77914,163,0,0.091712,47,0,5.83333,,0,0,0,0,0,0,0,0,0,,136,138,,0,0,0,0
1613791617167,6,1010123456018,76,,1,1,39,1,2,,5.71542,253,156,0.07968,70,0,6.16667,,12.6316,19,0,0.1,5,80,0,2.14928,0,,223,225,,0,0,0,8.57895
1613791617417,6,1010123456018,76,,1,1,39,1,2,,6.97238,181,0,0.077376,51,0,5.6,,0.1,4,0,0.1,1,0,0,2.05467,31,,158,162,,0,0,0,1
1613791617667,6,1010123456018,76,,1,1,39,1,2,,10.6809,94,0,0.064608,31,0,8.2,,0,0,0,0,0,0,0,0,0,,81,81,,0,0,0,0
1613791617917,6,1010123456018,76,,1,1,39,1,2,,9.08163,98,0,0.049024,28,0,6.85714,,0,0,0,0,0,0,0,0,0,,84,84,,0,0,0,0
1613791618167,6,1010123456018,76,,1,1,39,1,2,,5.41026,117,0,0.044768,33,0,6.16667,,6.87879,66,0,0.1,18,77.7778,0,4.49472,31,,112,120,,0,0,0,8.31818
1613791618416,6,1010123456018,76,,1,1,39,1,2,,9.7541,61,0,0.0327068,18,0,8,,8.18519,27,0,0.1,8,62.5,0,3.92121,31,,54,54,,0,0,0,6.66667
1613791618667,6,1010123456018,76,,1,1,39,1,2,,10.2708,96,0,0.058912,27,0,7.5,,0,0,0,0,0,0,0,0,0,,85,87,,0,0,0,0
1613791618917,6,1010123456018,76,,1,1,39,1,2,,11.7288,59,0,0.04272,18,0,7.2,,0,0,0,0,0,0,0,0,0,,54,54,,0,0,0,0
1613791619167,6,1010123456018,76,,1,1,39,1,2,,12.1132,53,69,0.03776,15,0,7.5,,0.1,20,0,0.1,6,66.6667,0,6.96575,31,,48,48,,0,0,0,6.4
1613791619417,6,1010123456018,76,,1,1,39,1,2,,4.71264,261,0,0.080576,76,0,5.66667,,0,0,0,0,0,0,0,0,0,,228,234,,0,0,0,0
1613791619667,6,1010123456018,76,,1,1,39,1,2,,14.0816,49,0,0.04256,14,0,8.8,,0,0,0,0,0,0,0,0,0,,42,42,,0,0,0,0
1613791619917,6,1010123456018,76,,1,1,39,1,2,,11.4,90,0,0.058368,24,0,8.14286,,0,0,0,0,0,0,0,0,0,,81,81,,0,0,0,0
1613791620167,6,1010123456018,76,,1,1,39,1,2,,14.4107,56,0,0.057664,19,0,9.8,,6.97059,34,0,0.1,10,80,0,7.30354,31,,51,51,,0,0,0,8.14706
1613791620417,6,1010123456018,76,,1,1,39,1,2,,10.7935,92,0,0.05872,26,0,5.8,,0,0,0,0,0,0,0,0,0,,75,75,,0,0,0,0
1613791620667,6,1010123456018,76,,1,1,39,1,2,,5.60156,128,98,0.045632,30,0,6.66667,,0,0,0,0,0,0,0,0,0,,115,117,,0,0,0,0
1613791620917,6,1010123456018,76,,1,1,39,1,2,,7.81633,147,0,0.065344,49,0,7.33333,,0,0,0,0,0,0,0,0,0,,123,123,,0,0,0,0
1613791621167,6,1010123456018,76,,1,1,39,1,2,,10.6019,103,0,0.06384,30,0,8.66667,,0,3,0,0.1,1,0,0,0,31,,90,90,,0,0,0,0
1613791621417,6,1010123456018,76,,1,1,39,1,2,,11,98,0,0.06432,28,0,7.4,,0.1,24,0,0.1,7,42.8571,0,4.55731,0,,86,87,,0,0,0,5.58333
1613791621667,6,1010123456018,76,,1,1,39,1,2,,10.2329,73,0,0.037408,18,0,8.2,,0,0,0,0,0,0,0,0,0,,63,63,,0,0,0,0
1613791621917,6,1010123456018,76,,1,1,39,1,2,,1.93429,487,0,0.083328,135,0,5.28571,,0,0,0,0,0,0,0,0,0,,440,465,,0,0,0,0
1613791622167,6,1010123456018,76,,1,1,39,1,2,,6.71875,128,0,0.059968,44,0,6,,15,12,0,0,4,100,0,1.01649,0,,118,120,,0,0,0,10
1613791622417,6,1010123456018,76,,1,1,39,1,2,,10.9318,88,0,0.053312,25,0,8.66667,,0,3,0,0.1,1,0,0,0,31,,78,78,,0,0,0,0
1613791622666,6,1010123456018,76,,1,1,39,1,2,,9.22222,99,0,0.0542329,29,0,7.5,,0,0,0,0,0,0,0,0,0,,84,84,,0,0,0,0
1613791622916,6,1010123456018,76,,1,1,39,1,2,,9.38947,95,0,0.0431807,24,0,6.85714,,0,0,0,0,0,0,0,0,0,,81,81,,0,0,0,0
1613791623167,6,1010123456018,76,,1,1,39,1,2,,9.42857,119,0,0.07568,38,0,7.4,,15,16,0,0,4,100,0,1.34839,0,,105,105,,0,0,0,10
1613791623417,6,1010123456018,76,,1,1,39,1,2,,10.1803,122,0,0.07024,35,0,7.5,,0,0,0,0,0,0,0,0,0,,105,105,,0,0,0,0
1613791623667,6,1010123456018,76,,1,1,39,1,2,,10.9225,142,0,0.085856,39,0,9,,0,0,0,0,0,0,0,0,0,,127,129,,0,0,0,0
1613791623917,6,1010123456018,76,,1,1,39,1,2,,12.7521,117,0,0.0952,35,0,8.28571,,0,0,0,0,0,0,0,0,0,,99,99,,0,0,0,0
1613791624167,6,1010123456018,76,,1,1,39,1,2,,10.9808,52,0,0.037216,16,0,8.16667,,10.3243,37,0,0.1,12,66.6667,0,10.0432,31,,48,48,,0,0,0,6.43243
1613791624417,6,1010123456018,76,,1,1,39,1,2,,9.93406,91,0,0.053536,26,0,6.5,,0,0,0,0,0,0,0,0,0,,81,81,,0,0,0,0
1613791624667,6,1010123456018,76,,1,1,39,1,2,,10.4096,83,20,0.048544,23,0,7.6,,0,0,0,0,0,0,0,0,0,,75,75,,0,0,0,0
1613791624917,6,1010123456018,76,,1,1,39,1,2,,10.4537,108,0,0.069696,32,0,8.71428,,0,0,0,0,0,0,0,0,0,,90,90,,0,0,0,0
1613791625167,6,1010123456018,76,,1,1,39,1,2,,11.6923,65,0,0.043872,16,0,8.6,,7.92308,39,0,0.1,12,66.6667,0,4.01594,31,,57,57,,0,0,0,7.46154
1613791625417,6,1010123456018,76,,1,1,39,1,2,,9.87313,134,0,0.07936,41,0,7.33333,,0,0,0,0,0,0,0,0,0,,118,120,,0,0,0,0
1613791625667,6,1010123456018,76,,1,1,39,1,2,,10.5352,71,0,0.037472,17,0,7.83333,,0,0,0,0,0,0,0,0,0,,60,60,,0,0,0,0
1613791625917,6,1010123456018,76,,1,1,39,1,2,,9.66197,71,0,0.043456,23,0,6.85714,,0,0,0,0,0,0,0,0,0,,60,60,,0,0,0,0
1613791626166,6,1010123456018,76,,1,1,39,1,2,,10.0171,117,0,0.0651245,33,0,6.83333,,5.72222,54,0,0.1,16,68.75,0,5.52846,31,,99,99,,0,0,0,7.77778
1613791626417,6,1010123456018,76,,1,1,39,1,2,,9.29808,104,0,0.05424,30,0,7.66667,,0,0,0,0,0,0,0,0,0,,90,90,,0,0,0,0
1613791626667,6,1010123456018,76,,1,1,39,1,2,,10.563,119,0,0.069696,32,0,7.16667,,0,0,0,0,0,0,0,0,0,,104,108,,0,0,0,0
1613791626917,6,1010123456018,76,,1,1,39,1,2,,10.6535,127,0,0.075072,36,0,7.28571,,0,0,0,0,0,0,0,0,0,,108,108,,0,0,0,0
1613791627167,6,1010123456018,76,,1,1,39,1,2,,9.19048,105,0,0.06,33,0,7,,13,23,0,0.1,6,66.6667,0,10.7987,31,,93,93,,0,0,0,7.26087
1613791627416,6,1010123456018,76,,1,1,39,1,2,,10.2432,111,0,0.0648353,32,0,7,,0,0,0,0,0,0,0,0,0,,96,96,,0,0,0,0
1613791627667,6,1010123456018,76,,1,1,39,1,2,,5.33971,209,0,0.072928,59,0,7.2,,0,0,0,0,0,0,0,0,0,,177,177,,0,0,0,0
1613791627917,6,1010123456018,76,,1,1,39,1,2,,10.2815,135,0,0.069824,34,0,7.71429,,0,0,0,0,0,0,0,0,0,,114,114,,0,0,0,0
1613791628167,6,1010123456018,76,,1,1,39,1,2,,9.3,90,0,0.054304,28,0,8.5,,10.3077,13,0,0.1,4,25,0,31.2272,31,,78,78,,0,0,0,3.07692
1613791628417,6,1010123456018,76,,1,1,39,1,2,,3.42904,303,0,0.077184,89,0,6,,0,0,0,0,0,0,0,0,0,,261,261,,0,0,0,0
1613791628667,6,1010123456018,76,,1,1,39,1,2,,9.58823,102,0,0.048768,26,0,6,,0,0,0,0,0,0,0,0,0,,87,87,,0,0,0,0
1613791628917,6,1010123456018,76,,1,1,39,1,2,,12.5366,41,0,0.03728,15,0,8.85714,,0,0,0,0,0,0,0,0,0,,36,36,,0,0,0,0
1613791629167,6,1010123456018,76,,1,1,39,1,2,,5.31429,140,0,0.050016,38,0,7.16667,,15.8161,87,0,0.113056,28,85.7143,0,5.02046,31,,125,132,,0,0,0,8.44828
1613791629417,6,1010123456018,76,,1,1,39,1,2,,11.3571,98,0,0.074272,30,0,8.16667,,0,0,0,0,0,0,0,0,0,,84,84,,0,0,0,0
1613791629667,6,1010123456018,76,,1,1,39,1,2,,9,95,0,0.048544,27,0,8.83333,,0,0,0,0,0,0,0,0,0,,81,81,,0,0,0,0
1613791629917,6,1010123456018,76,,1,1,39,1,2,,10.5,92,0,0.04864,23,0,6.85714,,0,0,0,0,0,0,0,0,0,,78,78,,0,0,0,0
1613791630167,6,1010123456018,76,,1,1,39,1,2,,9.79661,59,89,0.037664,20,0,7,,10.4706,51,0,0.1,14,71.4286,0,8.09587,31,,54,54,,0,0,0,7.60784
1613791630417,6,1010123456018,76,,1,1,39,1,2,,7.54688,192,0,0.0976,55,0,8,,0,0,0,0,0,0,0,0,0,,183,204,,0,0,0,0
1613791630667,6,1010123456018,76,,1,1,39,1,2,,11.2206,68,0,0.037536,17,0,8,,0,0,0,0,0,0,0,0,0,,57,57,,0,0,0,0
1613791630917,6,1010123456018,76,,1,1,39,1,2,,9.51724,87,0,0.054016,27,0,7.33333,,0,0,0,0,0,0,0,0,0,,76,78,,0,0,0,0
1613791631167,6,1010123456018,76,,1,1,39,1,2,,7.67532,77,0,0.033184,22,0,6,,0.1,86,0,0.1,24,66.6667,0,2.53366,31,,66,66,,0,0,0,7.32558
1613791631417,6,1010123456018,76,,1,1,39,1,2,,12.5294,51,0,0.0424,15,0,8.66667,,0,0,0,0,0,0,0,0,0,,45,45,,0,0,0,0
1613791631666,6,1010123456018,76,,1,1,39,1,2,,9.3629,124,69,0.0647068,35,0,8,,0,0,0,0,0,0,0,0,0,,108,108,,0,0,0,0
1613791631917,6,1010123456018,76,,1,1,39,1,2,,10.8108,74,0,0.042688,18,0,8,,0,0,0,0,0,0,0,0,0,,61,63,,0,0,0,0
1613791632167,6,1010123456018,76,,1,1,39,1,2,,11.5455,66,0,0.04784,21,0,8.33333,,0.1,13,0,0,4,100,0,0.558877,0,,54,54,,0,0,0,10
1613791632417,6,1010123456018,76,,1,1,39,1,2,,11.1919,99,0,0.064128,28,0,8.16667,,2.57143,7,0,0.1,2,0,0,19.4603,31,,84,84,,0,0,0,1
1613791632667,6,1010123456018,76,,1,1,39,1,2,,4.2924,171,0,0.046368,48,0,8,,0,0,0,0,0,0,0,0,0,,149,153,,0,0,0,0
1613791632917,6,1010123456018,76,,1,1,39,1,2,,8.62143,140,0,0.070592,39,0,6.16667,,0,0,0,0,0,0,0,0,0,,123,123,,0,0,0,0
1613791633167,6,1010123456018,76,,1,1,39,1,2,,5.30216,139,0,0.050912,45,0,6.33333,,0.428571,14,0,0.1,4,25,0,1.66024,31,,126,126,,0,0,0,4.64286
1613791633417,6,1010123456018,76,,1,1,39,1,2,,8.7451,102,0,0.049088,29,0,7.33333,,0,0,0,0,0,0,0,0,0,,90,90,,0,0,0,0
1613791633667,6,1010123456018,76,,1,1,39,1,2,,10.5798,119,30,0.07104,32,0,8.6,,0,0,0,0,0,0,0,0,0,,109,111,,0,0,0,0
1613791633917,6,1010123456018,76,,1,1,39,1,2,,12.8684,76,103,0.061824,24,0,8.66667,,0,0,0,0,0,0,0,0,0,,63,63,,0,0,0,0
1613791634167,6,1010123456018,76,,1,1,39,1,2,,4.89732,224,0,0.069088,68,0,6.83333,,11.7708,48,0,0.1,14,85.7143,0,8.32297,0,,201,201,,0,0,0,8.6875
1613791634417,6,1010123456018,76,,1,1,39,1,2,,10.5385,65,0,0.037472,16,0,8.33333,,0,0,0,0,0,0,0,0,0,,55,57,,0,0,0,0
1613791634667,6,1010123456018,76,,1,1,39,1,2,,10.3726,102,0,0.069824,32,0,7.33333,,0,0,0,0,0,0,0,0,0,,91,93,,0,0,0,0
1613791634917,6,1010123456018,76,,1,1,39,1,2,,9.22222,126,0,0.065248,36,0,6.28571,,0,0,0,0,0,0,0,0,0,,109,111,,0,0,0,0
1613791635167,6,1010123456018,76,,1,1,39,1,2,,10.3551,138,0,0.086176,40,0,8.5,,15,13,0,0,4,100,0,1.60755,0,,125,129,,0,0,0,10
1613791635417,6,1010123456018,76,,1,1,39,1,2,,11.0759,79,0,0.053472,23,0,7.75,,0,0,0,0,0,0,0,0,0,,66,66,,0,0,0,0
1613791635667,6,1010123456018,76,,1,1,39,1,2,,10.7089,79,0,0.047072,22,0,6.33333,,0,0,0,0,0,0,0,0,0,,69,69,,0,0,0,0
1613791635917,6,1010123456018,76,,1,1,39,1,2,,6.72857,140,0,0.072224,41,0,7.83333,,0,0,0,0,0,0,0,0,0,,122,126,,0,0,0,0
1613791636167,6,1010123456018,76,,1,1,39,1,2,,10.2676,71,0,0.043392,22,0,7,,11.5946,37,0,0.1,12,75,0,6.78009,31,,66,66,,0,0,0,8.05405
1613791636417,6,1010123456018,76,,1,1,39,1,2,,10.9679,156,0,0.101568,45,0,8,,0,0,0,0,0,0,0,0,0,,136,138,,0,0,0,0
1613791636667,6,1010123456018,76,,1,1,39,1,2,,3.25544,368,311,0.075616,98,0,5,,0,0,0,0,0,0,0,0,0,,325,327,,0,0,0,0
1613791636917,6,1010123456018,76,,1,1,39,1,2,,7.80882,136,0,0.063456,46,0,6.66667,,0,0,0,0,0,0,0,0,0,,116,120,,0,0,0,0
1613791637167,6,1010123456018,76,,1,1,39,1,2,,11.3427,143,0,0.096544,41,0,9.16667,,7.2,25,0,0,8,100,0,1.13688,0,,124,126,,0,0,0,10
1613791637417,6,1010123456018,76,,1,1,39,1,2,,8.50829,181,30,0.09408,45,0,6.6,,6.6,40,0,0.1,12,83.3333,0,10.3989,31,,160,162,,0,0,0,8.2
1613791637667,6,1010123456018,76,,1,1,39,1,2,,8.81633,147,0,0.07488,49,0,6.8,,3.42857,42,0,0.1,13,69.2308,0,7.47468,31,,123,123,,0,0,0,7.54762
1613791637917,6,1010123456018,76,,1,1,39,1,2,,9.32479,117,0,0.059712,33,0,6.83333,,0,0,0,0,0,0,0,0,0,,99,99,,0,0,0,0
1613791638167,6,1010123456018,76,,1,1,39,1,2,,9.69369,111,0,0.051968,29,0,7.5,,6.26087,23,0,0.1,7,57.1429,0,8.93329,31,,100,102,,0,0,0,5.69565
1613791638417,6,1010123456018,76,,1,1,39,1,2,,15,42,0,0.04928,14,0,8.33333,,0,0,0,0,0,0,0,0,0,,33,33,,0,0,0,0
1613791638667,6,1010123456018,76,,1,1,39,1,2,,5.96319,163,199,0.067328,40,0,7.4,,0,0,0,0,0,0,0,0,0,,144,150,,0,0,0,0
1613791638917,6,1010123456018,76,,1,1,39,1,2,,8.46667,90,0,0.047552,33,0,6.6,,0,0,0,0,0,0,0,0,0,,75,75,,0,0,0,0
1613791639167,6,1010123456018,76,,1,1,39,1,2,,12.3387,62,0,0.047712,18,0,9.33333,,8.83333,24,0,0.1,6,66.6667,0,10.8117,31,,54,54,,0,0,0,7
1613791639417,6,1010123456018,76,,1,1,39,1,2,,10.619,63,0,0.038016,18,0,6.66667,,0,0,0,0,0,0,0,0,0,,54,54,,0,0,0,0
1613791639667,6,1010123456018,76,,1,1,39,1,2,,1.72483,149,0,0.025664,43,0,6.33333,,0,0,0,0,0,0,0,0,0,,132,138,,0,0,0,0
1613791639917,6,1010123456018,76,,1,1,39,1,2,,13.0619,97,0,0.079104,28,0,10.1667,,0,0,0,0,0,0,0,0,0,,84,84,,0,0,0,0
1613791640166,6,1010123456018,76,,1,1,39,1,2,,2.08861,158,0,0.031261,46,0,5.4,,0.1,11,0,0.1,3,0,0,17.5488,31,,150,171,,0,0,0,1
1613791640417,6,1010123456018,76,,1,1,39,1,2,,3.85662,272,195,0.069952,75,0,6,,0,0,0,0,0,0,0,0,0,,252,273,,0,0,0,0
1613791640667,6,1010123456018,76,,1,1,39,1,2,,7.95798,119,0,0.055328,38,0,6.5,,0,0,0,0,0,0,0,0,0,,99,99,,0,0,0,0
1613791640917,6,1010123456018,76,,1,1,39,1,2,,10.5294,119,0,0.074144,33,0,8.4,,0,0,0,0,0,0,0,0,0,,102,102,,0,0,0,0
1613791641167,6,1010123456018,76,,1,1,39,1,2,,9.71304,115,0,0.065504,35,0,7,,15,13,0,0,4,100,0,1.96463,0,,102,102,,0,0,0,10
1613791641417,6,1010123456018,76,,1,1,39,1,2,,6.52809,178,0,0.077664,52,0,7,,0,0,0,0,0,0,0,0,0,,172,189,,0,0,0,0
1613791641667,6,1010123456018,76,,1,1,39,1,2,,10.7043,115,0,0.07312,32,0,7.83333,,0,0,0,0,0,0,0,0,0,,103,105,,0,0,0,0
1613791641917,6,1010123456018,76,,1,1,39,1,2,,9.20513,156,0,0.072544,41,0,6.57143,,0,0,0,0,0,0,0,0,0,,140,144,,0,0,0,0
1613791642167,6,1010123456018,76,,1,1,39,1,2,,2.54701,234,0,0.05984,74,0,6,,6.19355,31,0,0.1,8,62.5,0,4.90941,31,,213,213,,0,0,0,7
1613791642417,6,1010123456018,76,,1,1,39,1,2,,2.84409,186,109,0.040832,47,0,6.8,,0,0,0,0,0,0,0,0,0,,183,198,,0,0,0,0
1613791642667,6,1010123456018,76,,1,1,39,1,2,,3.18137,204,0,0.049184,65,0,7.16667,,0,0,0,0,0,0,0,0,0,,175,183,,0,0,0,0
1613791642917,6,1010123456018,76,,1,1,39,1,2,,3.2327,159,0,0.036512,46,0,7,,0,0,0,0,0,0,0,0,0,,141,141,,0,0,0,0
1613791643167,6,1010123456018,76,,1,1,39,1,2,,6.2835,194,0,0.072992,58,0,5.83333,,0.1,9,0,0.1,3,0,0,11.5306,31,,177,177,,0,0,0,1
1613791643417,6,1010123456018,76,,1,1,39,1,2,,3.76344,186,0,0.057344,53,0,5.6,,0,0,0,0,0,0,0,0,0,,204,222,,0,0,0,0
1613791643667,6,1010123456018,76,,1,1,39,1,2,,10.386,114,0,0.069856,33,0,8.66667,,0,0,0,0,0,0,0,0,0,,100,102,,0,0,0,0
1613791643917,6,1010123456018,76,,1,1,39,1,2,,8.67742,124,0,0.057984,33,0,7.4,,0,0,0,0,0,0,0,0,0,,105,105,,0,0,0,0
1613791644167,6,1010123456018,76,,1,1,39,1,2,,10.2447,94,0,0.055744,30,0,6.66667,,0.1,13,0,0,4,100,0,0.151191,0,,84,84,,0,0,0,10
1613791644417,6,1010123456018,76,,1,1,39,1,2,,11.5,78,0,0.053568,22,0,7.2,,0,12,0,0,4,100,0,0,0,,67,69,,0,0,0,0
1613791644667,6,1010123456018,76,,1,1,39,1,2,,9.67606,71,52,0.0376,19,0,7.5,,0,0,0,0,0,0,0,0,0,,63,63,,0,0,0,0
1613791644917,6,1010123456018,76,,1,1,39,1,2,,10.1685,89,0,0.048544,25,0,8.83333,,0,0,0,0,0,0,0,0,0,,75,75,,0,0,0,0
1613791645167,6,1010123456018,76,,1,1,39,1,2,,9.45098,51,0,0.032192,17,0,8,,9.92105,38,0,0.1,11,72.7273,0,5.81186,31,,45,45,,0,0,0,7.63158
1613791645417,6,1010123456018,76,,1,1,39,1,2,,8.91837,98,0,0.048864,28,0,6.5,,0,0,0,0,0,0,0,0,0,,84,84,,0,0,0,0
1613791645667,6,1010123456018,76,,1,1,39,1,2,,9.46667,150,0,0.080704,43,0,6.75,,0,0,0,0,0,0,0,0,0,,131,132,,0,0,0,0
1613791645917,6,1010123456018,76,,1,1,39,1,2,,12.9895,95,0,0.074272,27,0,8.2,,0,0,0,0,0,0,0,0,0,,81,81,,0,0,0,0
1613791646167,6,1010123456018,76,,1,1,39,1,2,,10.8969,97,0,0.059072,25,0,7.2,,11.8095,21,0,0.1,6,66.6667,0,11.1303,31,,85,87,,0,0,0,7
1613791646417,6,1010123456018,76,,1,1,39,1,2,,11.7451,51,0,0.037184,17,0,10.8,,0,0,0,0,0,0,0,0,0,,45,45,,0,0,0,0
1613791646667,6,1010123456018,76,,1,1,39,1,2,,12.871,93,0,0.07952,27,0,9.4,,0,0,0,0,0,0,0,0,0,,79,81,,0,0,0,0
1613791646917,6,1010123456018,76,,1,1,39,1,2,,3.94506,182,0,0.051968,52,0,6.42857,,0,0,0,0,0,0,0,0,0,,166,186,,0,0,0,0
1613791647167,6,1010123456018,76,,1,1,39,1,2,,12.7455,55,0,0.047616,17,0,7.8,,7.32759,58,0,0.1,17,70.5882,0,8.19096,31,,51,51,,0,0,0,7.05172
1613791647417,6,1010123456018,76,,1,1,39,1,2,,9.57798,109,0,0.054336,28,0,7.33333,,0,0,0,0,0,0,0,0,0,,94,96,,0,0,0,0
1613791647667,6,1010123456018,76,,1,1,39,1,2,,4.7343,207,0,0.07312,62,0,7.5,,0,0,0,0,0,0,0,0,0,,191,204,,0,0,0,0
1613791647917,6,1010123456018,76,,1,1,39,1,2,,8.80357,56,0,0.026368,15,0,8.83333,,0,0,0,0,0,0,0,0,0,,48,48,,0,0,0,0
1613791648167,6,1010123456018,76,,1,1,39,1,2,,11.8636,66,0,0.048192,20,0,8.16667,,5.48571,35,0,0.1,10,80,0,4.89758,31,,57,57,,0,0,0,8.51429
1613791648417,6,1010123456018,76,,1,1,39,1,2,,6.54023,174,140,0.066208,45,0,5.6,,0,0,0,0,0,0,0,0,0,,154,156,,0,0,0,0
1613791648667,6,1010123456018,76,,1,1,39,1,2,,5.08302,265,223,0.085184,74,0,6,,0,0,0,0,0,0,0,0,0,,245,267,,0,0,0,0
1613791648916,6,1010123456018,76,,1,1,39,1,2,,5.80153,131,0,0.0567711,44,0,7.14286,,0,0,0,0,0,0,0,0,0,,110,114,,0,0,0,0
1613791649167,6,1010123456018,76,,1,1,39,1,2,,9.92045,88,0,0.048512,25,0,8.25,,5.91176,34,0,0.1,10,80,0,3.81756,31,,75,75,,0,0,0,8.38235
1613791649417,6,1010123456018,76,,1,1,39,1,2,,5.79245,212,0,0.078304,61,0,6.2,,0,0,0,0,0,0,0,0,0,,188,198,,0,0,0,0
1613791649667,6,1010123456018,76,,1,1,39,1,2,,4.8877,187,222,0.058464,46,0,6.66667,,0,0,0,0,0,0,0,0,0,,162,162,,0,0,0,0
1613791649917,6,1010123456018,76,,1,1,39,1,2,,5.87778,180,0,0.070976,58,0,6.28571,,0,0,0,0,0,0,0,0,0,,155,165,,0,0,0,0
1613791650167,6,1010123456018,76,,1,1,39,1,2,,9.8189,127,0,0.070048,37,0,6.8,,8.4186,43,0,0.1,12,66.6667,0,7.16995,31,,111,111,,0,0,0,7.4186
1613791650417,6,1010123456018,76,,1,1,39,1,2,,9.97468,79,52,0.043104,22,0,6.66667,,0,0,0,0,0,0,0,0,0,,72,72,,0,0,0,0
1613791650667,6,1010123456018,76,,1,1,39,1,2,,11.7701,87,0,0.0688,27,0,8.5,,0,0,0,0,0,0,0,0,0,,76,78,,0,0,0,0
1613791650917,6,1010123456018,76,,1,1,39,1,2,,13.1,70,0,0.057952,20,0,8.42857,,0,0,0,0,0,0,0,0,0,,60,60,,0,0,0,0
1613791651167,6,1010123456018,76,,1,1,39,1,2,,10.0833,96,0,0.054176,27,0,7,,12.3214,28,0,0.1,8,50,0,15.7029,31,,81,81,,0,0,0,5.28571
1613791651416,6,1010123456018,76,,1,1,39,1,2,,5.70395,152,0,0.0561928,44,0,8.83333,,0,0,0,0,0,0,0,0,0,,132,132,,0,0,0,0
1613791651667,6,1010123456018,76,,1,1,39,1,2,,11.2818,110,0,0.07504,32,0,9,,0,0,0,0,0,0,0,0,0,,99,99,,0,0,0,0
1613791651917,6,1010123456018,76,,1,1,39,1,2,,9.49057,106,0,0.064544,31,0,6.85714,,0,0,0,0,0,0,0,0,0,,93,93,,0,0,0,0
1613791652167,6,1010123456018,76,,1,1,39,1,2,,3.70487,349,0,0.098912,104,0,7.16667,,0,12,0,0,4,100,0,0,0,,330,357,,0,0,0,0
1613791652417,6,1010123456018,76,,1,1,39,1,2,,9.61403,57,0,0.032192,16,0,7.83333,,0,6,0,0.1,2,0,0,0,31,,48,48,,0,0,0,0
1613791652667,6,1010123456018,76,,1,1,39,1,2,,4.53883,206,0,0.057568,57,0,6.4,,0,0,0,0,0,0,0,0,0,,180,180,,0,0,0,0
1613791652920,6,1010123456018,76,,1,1,39,1,2,,11.9091,55,0,0.0421186,19,0,7.57143,,0,0,0,0,0,0,0,0,0,,51,51,,0,0,0,0
1613791653167,6,1010123456018,76,,1,1,39,1,2,,2.94421,233,0,0.0494251,68,0,6.5,,7.45455,11,0,0.1,3,0,0,22.2395,31,,207,207,,0,0,0,3.45455
1613791653417,6,1010123456018,76,,1,1,39,1,2,,10.4091,66,0,0.02704,13,0,6.6,,0,0,0,0,0,0,0,0,0,,57,57,,0,0,0,0
1613791653667,6,1010123456018,76,,1,1,39,1,2,,7.40909,132,0,0.065824,41,0,6.66667,,0,0,0,0,0,0,0,0,0,,120,120,,0,0,0,0
1613791653917,6,1010123456018,76,,1,1,39,1,2,,4.97738,221,0,0.073568,66,0,7,,0,0,0,0,0,0,0,0,0,,190,192,,0,0,0,0
1613791654167,6,1010123456018,76,,1,1,39,1,2,,4.20134,149,0,0.050912,44,0,7.5,,9.48,25,0,0.1,7,57.1429,0,6.67826,31,,146,165,,0,0,0,6.76
1613791654417,6,1010123456018,76,,1,1,39,1,2,,6.72794,136,0,0.049696,35,0,7.2,,0,0,0,0,0,0,0,0,0,,120,120,,0,0,0,0
1613791654667,6,1010123456018,76,,1,1,39,1,2,,10.0769,78,0,0.0536,27,0,8.2,,0,0,0,0,0,0,0,0,0,,69,69,,0,0,0,0
1613791654917,6,1010123456018,76,,1,1,39,1,2,,9.65833,120,0,0.06528,35,0,6.66667,,0,0,0,0,0,0,0,0,0,,108,108,,0,0,0,0
1613791655167,6,1010123456018,76,,1,1,39,1,2,,4.41102,236,0,0.059264,66,0,5.83333,,0.1,11,0,0.1,3,0,0,13.1395,31,,208,210,,0,0,0,1.27273
1613791655417,6,1010123456018,76,,1,1,39,1,2,,10.575,80,0,0.053632,26,0,7.16667,,0,0,0,0,0,0,0,0,0,,69,69,,0,0,0,0
1613791655667,6,1010123456018,76,,1,1,39,1,2,,3.52632,171,0,0.052,49,0,7.2,,0,0,0,0,0,0,0,0,0,,148,150,,0,0,0,0
1613791655917,6,1010123456018,76,,1,1,39,1,2,,6.73529,102,0,0.04928,29,0,6.28571,,0,0,0,0,0,0,0,0,0,,107,120,,0,0,0,0
1613791656167,6,1010123456018,76,,1,1,39,1,2,,3.87589,282,0,0.07664,81,0,7,,12.7273,22,0,0.1,7,57.1429,0,15.5217,31,,255,267,,0,0,0,5.90909
1613791656417,6,1010123456018,76,,1,1,39,1,2,,4.01923,208,0,0.068288,61,0,8.16667,,0,0,0,0,0,0,0,0,0,,191,207,,0,0,0,0
1613791656667,6,1010123456018,76,,1,1,39,1,2,,13.3636,33,0,0.031456,9,0,7.75,,0,0,0,0,0,0,0,0,0,,28,30,,0,0,0,0
1613791656917,6,1010123456018,76,,1,1,39,1,2,,9.25532,94,0,0.048448,24,0,8.66667,,0,0,0,0,0,0,0,0,0,,82,84,,0,0,0,0
1613791657167,6,1010123456018,76,,1,1,39,1,2,,11.9286,70,0,0.058112,23,0,7.8,,5.12281,57,0,0.1,17,52.9412,0,7.95542,31,,60,60,,0,0,0,6.47368
1613791657417,6,1010123456018,76,,1,1,39,1,2,,12.4902,51,0,0.036864,14,0,9.4,,0,0,0,0,0,0,0,0,0,,42,42,,0,0,0,0
1613791657667,6,1010123456018,76,,1,1,39,1,2,,9.48734,158,0,0.081216,45,0,6.33333,,0,0,0,0,0,0,0,0,0,,135,135,,0,0,0,0
1613791657917,6,1010123456018,76,,1,1,39,1,2,,10.038,79,0,0.04288,22,0,8,,0,0,0,0,0,0,0,0,0,,66,66,,0,0,0,0
1613791658167,6,1010123456018,76,,1,1,39,1,2,,8.25,104,103,0.049376,31,0,6.75,,0.1,15,0,0.1,4,0,0,1.81297,31,,96,96,,0,0,0,1.53333
1613791658417,6,1010123456018,76,,1,1,39,1,2,,10.8431,102,0,0.059072,26,0,8.5,,0,0,0,0,0,0,0,0,0,,84,84,,0,0,0,0
1613791658667,6,1010123456018,76,,1,1,39,1,2,,9.94737,57,0,0.037792,19,0,7.16667,,0,0,0,0,0,0,0,0,0,,48,48,,0,0,0,0
1613791658917,6,1010123456018,76,,1,1,39,1,2,,5.05505,218,0,0.068544,62,0,5.33333,,0,0,0,0,0,0,0,0,0,,186,186,,0,0,0,0
1613791659167,6,1010123456018,76,,1,1,39,1,2,,3.80851,188,89,0.047424,56,0,6.83333,,4.68293,41,0,0.1,11,81.8182,0,2.82496,31,,171,171,,0,0,0,8.68293
1613791659417,6,1010123456018,76,,1,1,39,1,2,,8.81818,55,0,0.027072,16,0,6.83333,,0,0,0,0,0,0,0,0,0,,45,45,,0,0,0,0
1613791659667,6,1010123456018,76,,1,1,39,1,2,,6.07143,126,0,0.0504,36,0,6.16667,,0,0,0,0,0,0,0,0,0,,109,111,,0,0,0,0
1613791659917,6,1010123456018,76,,1,1,39,1,2,,10.39,100,0,0.059072,28,0,9.5,,0,0,0,0,0,0,0,0,0,,84,84,,0,0,0,0
1613791660167,6,1010123456018,76,,1,1,39,1,2,,5.30769,117,0,0.039872,34,0,7.6,,14.6237,93,0,0.220096,30,76.6667,0,6.67926,31,,102,102,,0,0,0,8.09677
1613791660417,6,1010123456018,76,,1,1,39,1,2,,11.8028,71,0,0.047808,20,0,7,,0,0,0,0,0,0,0,0,0,,60,60,,0,0,0,0
1613791660667,6,1010123456018,76,,1,1,39,1,2,,7.48701,154,0,0.06608,44,0,6.4,,0,0,0,0,0,0,0,0,0,,135,135,,0,0,0,0
1613791660917,6,1010123456018,76,,1,1,39,1,2,,13.2192,73,0,0.068128,21,0,9,,0,0,0,0,0,0,0,0,0,,64,66,,0,0,0,0
1613791661167,6,1010123456018,76,,1,1,39,1,2,,9.125,96,0,0.05392,28,0,7.66667,,13,23,0,0.1,6,66.6667,0,11.7124,31,,87,87,,0,0,0,7.26087
1613791661417,6,1010123456018,76,,1,1,39,1,2,,10.5658,76,0,0.042656,19,0,9.2,,0,0,0,0,0,0,0,0,0,,66,66,,0,0,0,0
1613791661667,6,1010123456018,76,,1,1,39,1,2,,5.62147,177,213,0.068608,46,0,6.6,,0,0,0,0,0,0,0,0,0,,155,159,,0,0,0,0
1613791661916,6,1010123456018,76,,1,1,39,1,2,,7.7191,178,0,0.0787791,57,0,6.83333,,0,0,0,0,0,0,0,0,0,,150,150,,0,0,0,0
1613791662167,6,1010123456018,76,,1,1,39,1,2,,12.0843,83,0,0.066176,26,0,10.25,,11.6,10,0,0.1,3,0,0,25.2381,31,,75,75,,0,0,0,1
1613791662417,6,1010123456018,76,,1,1,39,1,2,,10.7162,74,18,0.047936,21,0,7.66667,,0,0,0,0,0,0,0,0,0,,70,72,,0,0,0,0
1613791662667,6,1010123456018,76,,1,1,39,1,2,,10.8511,94,41,0.064128,28,0,8,,0,0,0,0,0,0,0,0,0,,81,81,,0,0,0,0
1613791662917,6,1010123456018,76,,1,1,39,1,2,,4.80139,287,0,0.080224,78,0,6.42857,,0,0,0,0,0,0,0,0,0,,240,240,,0,0,0,0
1613791663167,6,1010123456018,76,,1,1,39,1,2,,5.17361,288,0,0.107648,89,0,7.33333,,6.09091,33,0,0.1,10,80,0,4.48959,31,,265,267,,0,0,0,8.36364
1613791663417,6,1010123456018,76,,1,1,39,1,2,,11.2403,129,0,0.095456,37,0,9.33333,,0,0,0,0,0,0,0,0,0,,115,117,,0,0,0,0
1613791663667,6,1010123456018,76,,1,1,39,1,2,,11.7143,84,0,0.0584,24,0,9.66667,,0,0,0,0,0,0,0,0,0,,72,72,,0,0,0,0
1613791663917,6,1010123456018,76,,1,1,39,1,2,,9.28916,83,0,0.043136,23,0,7.71429,,0,0,0,0,0,0,0,0,0,,69,69,,0,0,0,0
1613791664167,6,1010123456018,76,,1,1,39,1,2,,9.81319,91,0,0.053664,26,0,10,,15.2099,81,0,0.1,27,88.8889,0,4.25127,31,,84,84,,0,0,0,8.88889
1613791664417,6,1010123456018,76,,1,1,39,1,2,,6.61111,144,0,0.055584,40,0,8.5,,0,0,0,0,0,0,0,0,0,,120,120,,0,0,0,0
1613791664667,6,1010123456018,76,,1,1,39,1,2,,16.0179,56,0,0.062752,17,0,9.33333,,0,0,0,0,0,0,0,0,0,,48,48,,0,0,0,0
1613791664917,6,1010123456018,76,,1,1,39,1,2,,9.4955,111,0,0.059712,32,0,9.33333,,0,0,0,0,0,0,0,0,0,,96,96,,0,0,0,0
1613791665167,6,1010123456018,76,,1,1,39,1,2,,3.57097,310,0,0.09184,88,0,6,,14.814,86,0,0.15616,28,82.1429,0,5.94131,31,,365,420,,0,0,0,8.22093
1613791665417,6,1010123456018,76,,1,1,39,1,2,,5.875,208,0,0.078304,56,0,7.8,,0,0,0,0,0,0,0,0,0,,179,180,,0,0,0,0
1613791665667,6,1010123456018,76,,1,1,39,1,2,,9.62319,69,0,0.048704,25,0,8.2,,0,0,0,0,0,0,0,0,0,,60,60,,0,0,0,0
1613791665917,6,1010123456018,76,,1,1,39,1,2,,11.2344,64,0,0.042976,18,0,7,,0,0,0,0,0,0,0,0,0,,55,57,,0,0,0,0
1613791666167,6,1010123456018,76,,1,1,39,1,2,,8.6,65,0,0.0328,20,0,5.66667,,0.1,20,0,0.1,6,66.6667,0,4.22998,31,,60,60,,0,0,0,7.75
1613791666417,6,1010123456018,76,,1,1,39,1,2,,2.85356,239,105,0.049088,69,0,6.83333,,0,0,0,0,0,0,0,0,0,,213,213,,0,0,0,0
1613791666667,6,1010123456018,76,,1,1,39,1,2,,10.5165,91,0,0.053728,26,0,7.4,,0,0,0,0,0,0,0,0,0,,75,75,,0,0,0,0
1613791666917,6,1010123456018,76,,1,1,39,1,2,,10.5814,86,0,0.053696,25,0,8.85714,,0,0,0,0,0,0,0,0,0,,75,75,,0,0,0,0
1613791667167,6,1010123456018,76,,1,1,39,1,2,,15.3768,69,0,0.06304,18,0,9.5,,1.28,25,0,0.1,7,57.1429,0,1.8729,31,,60,60,,0,0,0,6.92
1613791667417,6,1010123456018,76,,1,1,39,1,2,,9.94872,117,0,0.070368,36,0,7.16667,,0,0,0,0,0,0,0,0,0,,102,102,,0,0,0,0
1613791667667,6,1010123456018,76,,1,1,39,1,2,,9.77551,98,0,0.048672,25,0,6.66667,,0,0,0,0,0,0,0,0,0,,85,87,,0,0,0,0
1613791667917,6,1010123456018,76,,1,1,39,1,2,,7.69504,141,0,0.060672,41,0,6.33333,,0,0,0,0,0,0,0,0,0,,126,126,,0,0,0,0
1613791668167,6,1010123456018,76,,1,1,39,1,2,,10.3125,96,0,0.064384,31,0,6,,3.20312,64,0,0.1,19,52.6316,0,6.1677,31,,85,87,,0,0,0,6.03125
1613791668417,6,1010123456018,76,,1,1,39,1,2,,12.5362,69,0,0.051712,19,0,10.5,,0,0,0,0,0,0,0,0,0,,60,60,,0,0,0,0
1613791668667,6,1010123456018,76,,1,1,39,1,2,,3.56021,191,0,0.058304,56,0,6.66667,,0,0,0,0,0,0,0,0,0,,202,222,,0,0,0,0
1613791668917,6,1010123456018,76,,1,1,39,1,2,,4.87448,239,0,0.074784,68,0,6.71429,,0,0,0,0,0,0,0,0,0,,210,216,,0,0,0,0
1613791669167,6,1010123456018,76,,1,1,39,1,2,,9.39474,114,0,0.048832,27,0,7,,0.1,37,0,0.1,11,63.6364,0,1.17649,31,,99,99,,0,0,0,7.10811
1613791669417,6,1010123456018,76,,1,1,39,1,2,,4.76327,245,0,0.095584,76,0,6.83333,,0,0,0,0,0,0,0,0,0,,243,258,,0,0,0,0
1613791669667,6,1010123456018,76,,1,1,39,1,2,,11.0331,121,0,0.080192,35,0,8.16667,,0,0,0,0,0,0,0,0,0,,105,105,,0,0,0,0
1613791669917,6,1010123456018,76,,1,1,39,1,2,,9.01282,78,0,0.038048,22,0,7,,0,0,0,0,0,0,0,0,0,,69,69,,0,0,0,0
1613791670167,6,1010123456018,76,,1,1,39,1,2,,10.0972,72,0,0.042848,21,0,7.66667,,5.09091,33,0,0.1,9,66.6667,0,7.72706,31,,63,63,,0,0,0,6.84848
1613791670416,6,1010123456018,76,,1,1,39,1,2,,10.8529,102,0,0.0646104,29,0,7.2,,0,0,0,0,0,0,0,0,0,,87,87,,0,0,0,0
1613791670667,6,1010123456018,76,,1,1,39,1,2,,9.81522,92,0,0.039808,21,0,7.2,,0,0,0,0,0,0,0,0,0,,78,78,,0,0,0,0
1613791670917,6,1010123456018,76,,1,1,39,1,2,,9.69892,93,0,0.062592,32,0,7.16667,,0,0,0,0,0,0,0,0,0,,82,84,,0,0,0,0
1613791671167,6,1010123456018,76,,1,1,39,1,2,,10.4667,120,0,0.069792,34,0,8,,14.7582,91,0,0.134752,29,82.7586,0,6.38315,31,,102,102,,0,0,0,8.02198
1613791671417,6,1010123456018,76,,1,1,39,1,2,,7.09483,116,0,0.060256,34,0,7.66667,,0,0,0,0,0,0,0,0,0,,103,105,,0,0,0,0
1613791671667,6,1010123456018,76,,1,1,39,1,2,,12.5647,85,0,0.058496,22,0,10,,0,0,0,0,0,0,0,0,0,,72,72,,0,0,0,0
1613791671917,6,1010123456018,76,,1,1,39,1,2,,11.0652,92,0,0.06928,29,0,8.16667,,0,0,0,0,0,0,0,0,0,,82,84,,0,0,0,0
1613791672167,6,1010123456018,76,,1,1,39,1,2,,11.9394,99,123,0.073248,24,0,9.33333,,10.7901,81,0,0.1,25,72,0,9.90382,31,,87,87,,0,0,0,7.11111
1613791672417,6,1010123456018,76,,1,1,39,1,2,,5.03153,222,89,0.06896,67,0,8.5,,0,0,0,0,0,0,0,0,0,,192,192,,0,0,0,0
1613791672666,6,1010123456018,76,,1,1,39,1,2,,10.7619,63,0,0.0426988,19,0,9,,0,0,0,0,0,0,0,0,0,,54,54,,0,0,0,0
1613791672916,6,1010123456018,76,,1,1,39,1,2,,6.77515,169,0,0.0741847,49,0,7.28571,,0,0,0,0,0,0,0,0,0,,150,156,,0,0,0,0
1613791673167,6,1010123456018,76,,1,1,39,1,2,,10.9516,62,0,0.047616,20,0,8.16667,,6.9,40,0,0.1,12,66.6667,0,3.77309,31,,60,60,,0,0,0,6.8
1613791673417,6,1010123456018,76,,1,1,39,1,2,,10.5537,121,0,0.070176,34,0,7.33333,,0,0,0,0,0,0,0,0,0,,102,102,,0,0,0,0
1613791673667,6,1010123456018,76,,1,1,39,1,2,,3.33559,295,0,0.071104,85,0,6.16667,,0,0,0,0,0,0,0,0,0,,277,297,,0,0,0,0
1613791673917,6,1010123456018,76,,1,1,39,1,2,,12.551,49,0,0.031584,12,0,8.5,,0,0,0,0,0,0,0,0,0,,42,42,,0,0,0,0
1613791674167,6,1010123456018,76,,1,1,39,1,2,,10.5577,52,0,0.037568,17,0,7.2,,0.1,13,0,0,4,100,0,0.564744,0,,45,45,,0,0,0,10
1613791674417,6,1010123456018,76,,1,1,39,1,2,,6.49296,142,51,0.051488,34,0,6.16667,,0.1,12,0,0.1,3,33.3333,0,1.90582,31,,129,129,,0,0,0,4.33333
1613791674667,6,1010123456018,76,,1,1,39,1,2,,6.79762,168,52,0.06576,54,0,8,,0,0,0,0,0,0,0,0,0,,144,144,,0,0,0,0
1613791674917,6,1010123456018,76,,1,1,39,1,2,,9.22807,171,0,0.092224,50,0,7.2,,0,0,0,0,0,0,0,0,0,,145,147,,0,0,0,0
1613791675166,6,1010123456018,76,,1,1,39,1,2,,3.67241,174,0,0.0420562,50,0,7.4,,0.1,16,0,0.1,5,40,0,10.5513,31,,163,165,,0,0,0,4.75
1613791675417,6,1010123456018,76,,1,1,39,1,2,,8.09639,83,114,0.0376,19,0,7,,0,0,0,0,0,0,0,0,0,,75,75,,0,0,0,0
1613791675667,6,1010123456018,76,,1,1,39,1,2,,6.70504,139,0,0.060096,44,0,7.83333,,0,0,0,0,0,0,0,0,0,,124,126,,0,0,0,0
1613791675917,6,1010123456018,76,,1,1,39,1,2,,11.566,53,0,0.03296,12,0,6,,0,0,0,0,0,0,0,0,0,,45,45,,0,0,0,0
1613791676167,6,1010123456018,76,,1,1,39,1,2,,10.1792,106,0,0.069728,34,0,7.83333,,13.2857,7,0,0.1,2,0,0,28.3438,31,,90,90,,0,0,0,1
1613791676417,6,1010123456018,76,,1,1,39,1,2,,6.46667,165,219,0.06272,40,0,6.66667,,0,0,0,0,0,0,0,0,0,,150,156,,0,0,0,0
1613791676667,6,1010123456018,76,,1,1,39,1,2,,6.59887,177,0,0.0808,58,0,6.66667,,0,0,0,0,0,0,0,0,0,,186,204,,0,0,0,0
1613791676916,6,1010123456018,76,,1,1,39,1,2,,9.29268,41,0,0.0215904,12,0,6.33333,,0,0,0,0,0,0,0,0,0,,36,36,,0,0,0,0
1613791677166,6,1010123456018,76,,1,1,39,1,2,,12.1803,122,0,0.0858795,34,0,8.83333,,15,16,0,0,4,100,0,1.0023,0,,114,114,,0,0,0,10
1613791677417,6,1010123456018,76,,1,1,39,1,2,,10.4247,73,0,0.048384,23,0,7.83333,,0,0,0,0,0,0,0,0,0,,63,63,,0,0,0,0
1613791677667,6,1010123456018,76,,1,1,39,1,2,,9.56557,122,0,0.064352,34,0,6.83333,,0,0,0,0,0,0,0,0,0,,105,105,,0,0,0,0
1613791677917,6,1010123456018,76,,1,1,39,1,2,,9.71429,105,0,0.062912,30,0,6.85714,,0,0,0,0,0,0,0,0,0,,93,99,,0,0,0,0
1613791678167,6,1010123456018,76,,1,1,39,1,2,,9.23853,109,0,0.05616,30,0,7.5,,2.14286,21,0,0.1,6,16.6667,0,14.5203,31,,96,96,,0,0,0,3.61905
1613791678417,6,1010123456018,76,,1,1,39,1,2,,3.94037,218,0,0.063968,66,0,6.4,,0,0,0,0,0,0,0,0,0,,189,189,,0,0,0,0
1613791678667,6,1010123456018,76,,1,1,39,1,2,,10.8966,87,0,0.058784,25,0,7.4,,0,0,0,0,0,0,0,0,0,,75,75,,0,0,0,0
1613791678917,6,1010123456018,76,,1,1,39,1,2,,11.3559,59,0,0.042496,17,0,8.71429,,0,0,0,0,0,0,0,0,0,,51,51,,0,0,0,0
1613791679167,6,1010123456018,76,,1,1,39,1,2,,10.1419,148,0,0.085536,43,0,8,,8.59091,22,0,0.1,7,57.1429,0,9.53503,31,,129,129,,0,0,0,5.90909
1613791679416,6,1010123456018,76,,1,1,39,1,2,,10.7778,81,0,0.0379759,17,0,7.33333,,0,0,0,0,0,0,0,0,0,,69,69,,0,0,0,0
1613791679667,6,1010123456018,76,,1,1,39,1,2,,8.82707,133,0,0.075584,44,0,6.75,,0,0,0,0,0,0,0,0,0,,114,114,,0,0,0,0
1613791679917,6,1010123456018,76,,1,1,39,1,2,,12.4337,83,0,0.06368,24,0,9.5,,0,0,0,0,0,0,0,0,0,,73,75,,0,0,0,0
1613791680167,6,1010123456018,76,,1,1,39,1,2,,11.1786,112,15,0.074272,30,0,8.33333,,7.84615,26,0,0.1,8,50,0,12.8381,31,,102,102,,0,0,0,5.15385
1613791680417,6,1010123456018,76,,1,1,39,1,2,,11.0787,89,0,0.063936,28,0,8.5,,0,0,0,0,0,0,0,0,0,,75,75,,0,0,0,0
1613791680667,6,1010123456018,76,,1,1,39,1,2,,5.91556,225,20,0.084096,64,0,7.33333,,0,0,0,0,0,0,0,0,0,,201,207,,0,0,0,0
1613791680917,6,1010123456018,76,,1,1,39,1,2,,12.5469,64,0,0.052576,19,0,9.57143,,0,0,0,0,0,0,0,0,0,,51,51,,0,0,0,0
1613791681167,6,1010123456018,76,,1,1,39,1,2,,2.78571,140,0,0.030592,41,0,6.16667,,3.03333,30,0,0.1,8,50,0,11.7306,31,,123,123,,0,0,0,6.06667
1613791681417,6,1010123456018,76,,1,1,39,1,2,,13.7105,76,0,0.068256,21,0,9,,0,0,0,0,0,0,0,0,0,,64,66,,0,0,0,0
1613791681666,6,1010123456018,76,,1,1,39,1,2,,2.06696,224,0,0.0386185,64,0,6.5,,0,0,0,0,0,0,0,0,0,,199,210,,0,0,0,0
1613791681917,6,1010123456018,76,,1,1,39,1,2,,9.55714,70,0,0.034656,18,0,7,,0,0,0,0,0,0,0,0,0,,60,60,,0,0,0,0
1613791682167,6,1010123456018,76,,1,1,39,1,2,,9.15,40,0,0.02464,14,0,7,,13.7143,7,0,0.1,2,0,0,30.4172,31,,39,39,,0,0,0,1
1613791682417,6,1010123456018,76,,1,1,39,1,2,,11.1053,76,0,0.053248,22,0,7.5,,0,0,0,0,0,0,0,0,0,,66,66,,0,0,0,0
1613791682667,6,1010123456018,76,,1,1,39,1,2,,10.9844,128,0,0.080608,36,0,8.83333,,0,0,0,0,0,0,0,0,0,,108,108,,0,0,0,0
1613791682917,6,1010123456018,76,,1,1,39,1,2,,7.94886,176,89,0.097792,51,0,7.71429,,0,0,0,0,0,0,0,0,0,,159,165,,0,0,0,0
1613791683167,6,1010123456018,76,,1,1,39,1,2,,11.8349,109,0,0.074944,31,0,7.4,,14.4,10,0,0.1,3,33.3333,0,22.8748,31,,90,90,,0,0,0,4
1613791683417,6,1010123456018,76,,1,1,39,1,2,,8.60993,141,0,0.06576,40,0,8.25,,0,0,0,0,0,0,0,0,0,,120,120,,0,0,0,0
1613791683666,6,1010123456018,76,,1,1,39,1,2,,1.70915,306,0,0.0417349,88,0,5,,0,0,0,0,0,0,0,0,0,,267,267,,0,0,0,0
1613791683916,6,1010123456018,76,,1,1,39,1,2,,10.5926,81,0,0.0484498,23,0,7.28571,,0,0,0,0,0,0,0,0,0,,69,69,,0,0,0,0
1613791684167,6,1010123456018,76,,1,1,39,1,2,,5.09174,218,0,0.082816,64,0,6.33333,,16,14,0,0,4,100,0,2.74757,0,,225,261,,0,0,0,10
1613791684417,6,1010123456018,76,,1,1,39,1,2,,11.679,81,0,0.054784,24,0,9.2,,0,12,0,0,4,100,0,0,0,,69,69,,0,0,0,0
1613791684667,6,1010123456018,76,,1,1,39,1,2,,10.1531,98,43,0.053632,26,0,8.5,,0,0,0,0,0,0,0,0,0,,91,93,,0,0,0,0
1613791684917,6,1010123456018,76,,1,1,39,1,2,,11.6235,85,0,0.069152,27,0,7.85714,,0,0,0,0,0,0,0,0,0,,70,72,,0,0,0,0
1613791685167,6,1010123456018,76,,1,1,39,1,2,,3.6236,178,0,0.056832,51,0,8,,0.1,25,0,0.1,7,28.5714,0,5.82497,31,,176,201,,0,0,0,4.44
1613791685417,6,1010123456018,76,,1,1,39,1,2,,12.3,30,0,0.021056,8,0,8,,0,0,0,0,0,0,0,0,0,,24,24,,0,0,0,0
1613791685667,6,1010123456018,76,,1,1,39,1,2,,11.91,100,0,0.069184,28,0,9.4,,0,0,0,0,0,0,0,0,0,,87,87,,0,0,0,0
1613791685916,6,1010123456018,76,,1,1,39,1,2,,10.5325,77,0,0.0482892,22,0,7.71429,,0,0,0,0,0,0,0,0,0,,70,72,,0,0,0,0
1613791686167,6,1010123456018,76,,1,1,39,1,2,,10.6591,44,0,0.03264,15,0,9,,3.05882,17,0,0.1,5,20,0,17.1955,31,,39,39,,0,0,0,2.47059
1613791686417,6,1010123456018,76,,1,1,39,1,2,,10.4154,65,0,0.042816,19,0,8.16667,,0,0,0,0,0,0,0,0,0,,60,60,,0,0,0,0
1613791686667,6,1010123456018,76,,1,1,39,1,2,,9.21978,91,0,0.04896,26,0,8.4,,0,0,0,0,0,0,0,0,0,,78,78,,0,0,0,0
1613791686917,6,1010123456018,76,,1,1,39,1,2,,10.1622,74,0,0.043232,21,0,8,,0,0,0,0,0,0,0,0,0,,63,63,,0,0,0,0
1613791687167,6,1010123456018,76,,1,1,39,1,2,,10.6949,59,144,0.037248,16,0,6,,15,13,0,0,4,100,0,2.41444,0,,54,54,,0,0,0,10
1613791687417,6,1010123456018,76,,1,1,39,1,2,,3.64808,287,0,0.060832,80,0,6.66667,,0,0,0,0,0,0,0,0,0,,255,255,,0,0,0,0
1613791687667,6,1010123456018,76,,1,1,39,1,2,,6.48588,177,246,0.072672,47,0,6.16667,,0,0,0,0,0,0,0,0,0,,157,159,,0,0,0,0
1613791687916,6,1010123456018,76,,1,1,39,1,2,,4.54852,237,35,0.0751486,67,0,7.83333,,0,0,0,0,0,0,0,0,0,,209,213,,0,0,0,0
1613791688166,6,1010123456018,76,,1,1,39,1,2,,6.96667,90,89,0.0375582,33,0,6.8,,6.22222,36,0,0.1,10,80,0,3.50362,31,,78,78,,0,0,0,8.36111
1613791688417,6,1010123456018,76,,1,1,39,1,2,,11.6522,92,0,0.063968,27,0,8.66667,,0,0,0,0,0,0,0,0,0,,81,81,,0,0,0,0
1613791688667,6,1010123456018,76,,1,1,39,1,2,,10.4688,128,0,0.07216,34,0,8,,0,0,0,0,0,0,0,0,0,,111,111,,0,0,0,0
1613791688917,6,1010123456018,76,,1,1,39,1,2,,11.4929,140,89,0.098688,41,0,7.85714,,0,0,0,0,0,0,0,0,0,,121,123,,0,0,0,0
1613791689167,6,1010123456018,76,,1,1,39,1,2,,6.235,200,0,0.07712,55,0,5.33333,,6.89796,98,0,0.1,29,75.8621,0,4.99647,31,,179,183,,0,0,0,8.28571
1613791689417,6,1010123456018,76,,1,1,39,1,2,,11.4494,158,0,0.104096,46,0,8.4,,0,0,0,0,0,0,0,0,0,,138,138,,0,0,0,0
1613791689667,6,1010123456018,76,,1,1,39,1,2,,11.283,106,0,0.077824,34,0,9,,0,0,0,0,0,0,0,0,0,,90,90,,0,0,0,0
1613791689917,6,1010123456018,76,,1,1,39,1,2,,10.2267,75,0,0.042816,21,0,7.85714,,0,0,0,0,0,0,0,0,0,,63,63,,0,0,0,0
1613791690166,6,1010123456018,76,,1,1,39,1,2,,12.5172,58,0,0.0474538,17,0,10.1667,,15,14,0,0,4,100,0,1.43275,0,,51,51,,0,0,0,10
1613791690416,6,1010123456018,76,,1,1,39,1,2,,10.0649,77,0,0.0433735,22,0,8.16667,,0,0,0,0,0,0,0,0,0,,66,66,,0,0,0,0
1613791690667,6,1010123456018,76,,1,1,39,1,2,,9.65347,101,48,0.048544,27,0,7,,0,0,0,0,0,0,0,0,0,,90,90,,0,0,0,0
1613791690917,6,1010123456018,76,,1,1,39,1,2,,9.49,100,0,0.059072,30,0,7.2,,0,0,0,0,0,0,0,0,0,,81,81,,0,0,0,0
1613791691167,6,1010123456018,76,,1,1,39,1,2,,10,56,0,0.032544,16,0,7.33333,,0.1,20,0,0.1,5,40,0,1.82563,31,,48,48,,0,0,0,4.6
1613791691417,6,1010123456018,76,,1,1,39,1,2,,6.78912,147,0,0.050848,39,0,6,,0,0,0,0,0,0,0,0,0,,129,129,,0,0,0,0
1613791691667,6,1010123456018,76,,1,1,39,1,2,,10.0446,112,0,0.0704,35,0,6.5,,0,0,0,0,0,0,0,0,0,,94,96,,0,0,0,0
1613791691917,6,1010123456018,76,,1,1,39,1,2,,8.63265,98,0,0.049152,28,0,6.57143,,0,0,0,0,0,0,0,0,0,,85,87,,0,0,0,0
1613791692167,6,1010123456018,76,,1,1,39,1,2,,4.81333,225,0,0.069344,67,0,7,,11.8849,139,0,0.1,45,84.4444,0,3.20535,31,,211,213,,0,0,0,8.65468
1613791692416,6,1010123456018,76,,1,1,39,1,2,,9.65854,123,0,0.0654458,33,0,7.83333,,0,0,0,0,0,0,0,0,0,,102,102,,0,0,0,0
1613791692666,6,1010123456018,76,,1,1,39,1,2,,12.4211,57,158,0.0425703,18,0,7.83333,,0,0,0,0,0,0,0,0,0,,48,48,,0,0,0,0
1613791692917,6,1010123456018,76,,1,1,39,1,2,,9.88572,140,0,0.085344,41,0,7.83333,,0,0,0,0,0,0,0,0,0,,120,120,,0,0,0,0
1613791693167,6,1010123456018,76,,1,1,39,1,2,,10.1287,101,0,0.059328,29,0,7.33333,,8.91304,23,0,0.1,7,57.1429,0,10.9024,31,,87,87,,0,0,0,6.08696
1613791693417,6,1010123456018,76,,1,1,39,1,2,,4.23595,267,0,0.068384,74,0,5,,0,0,0,0,0,0,0,0,0,,228,228,,0,0,0,0
1613791693667,6,1010123456018,76,,1,1,39,1,2,,12.1566,83,0,0.065472,26,0,8.33333,,0,0,0,0,0,0,0,0,0,,72,72,,0,0,0,0
1613791693917,6,1010123456018,76,,1,1,39,1,2,,4.80252,238,0,0.0736,64,0,8,,0,0,0,0,0,0,0,0,0,,208,216,,0,0,0,0
1613791694167,6,1010123456018,76,,1,1,39,1,2,,11.383,94,0,0.069504,31,0,9,,0.1,23,0,0.1,7,14.2857,0,3.86323,31,,81,81,,0,0,0,4.3913
1613791694417,6,1010123456018,76,,1,1,39,1,2,,12.7111,45,0,0.037056,13,0,8.5,,0,0,0,0,0,0,0,0,0,,40,42,,0,0,0,0
1613791694666,6,1010123456018,76,,1,1,39,1,2,,5.4549,255,105,0.0852691,72,0,7.33333,,0,0,0,0,0,0,0,0,0,,223,234,,0,0,0,0
1613791694917,6,1010123456018,76,,1,1,39,1,2,,6.64336,143,0,0.065248,37,0,8.28571,,0,0,0,0,0,0,0,0,0,,154,168,,0,0,0,0
1613791695167,6,1010123456018,76,,1,1,39,1,2,,7.28736,87,68,0.053952,27,0,4.83333,,15.0769,78,0,0.168704,25,80,0,7.01007,31,,87,87,,0,0,0,8
1613791695417,6,1010123456018,76,,1,1,39,1,2,,6.98077,104,0,0.04448,33,0,7.2,,0,0,0,0,0,0,0,0,0,,87,87,,0,0,0,0
1613791695667,6,1010123456018,76,,1,1,39,1,2,,12.9388,49,0,0.03744,14,0,7.8,,0,0,0,0,0,0,0,0,0,,42,42,,0,0,0,0
1613791695917,6,1010123456018,76,,1,1,39,1,2,,11.4095,105,0,0.0744,31,0,7.71429,,0,0,0,0,0,0,0,0,0,,93,93,,0,0,0,0
1613791696167,6,1010123456018,76,,1,1,39,1,2,,11.1529,85,89,0.058624,25,0,7.5,,4.23529,34,0,0.1,10,70,0,4.48161,31,,81,81,,0,0,0,7.85294
1613791696417,6,1010123456018,76,,1,1,39,1,2,,9.89362,47,0,0.026656,13,0,8.16667,,0,0,0,0,0,0,0,0,0,,36,36,,0,0,0,0
1613791696667,6,1010123456018,76,,1,1,39,1,2,,11.0625,128,0,0.080032,35,0,8.5,,0,0,0,0,0,0,0,0,0,,112,114,,0,0,0,0
1613791696916,6,1010123456018,76,,1,1,39,1,2,,4.08333,180,0,0.078008,54,0,8.71429,,0,0,0,0,0,0,0,0,0,,187,222,,0,0,0,0
1613791697167,6,1010123456018,76,,1,1,39,1,2,,9.18947,95,0,0.048384,27,0,6.83333,,5.82812,64,0,0.1,20,80,0,3.80221,31,,81,81,,0,0,0,8.71875
1613791697417,6,1010123456018,76,,1,1,39,1,2,,8.90909,55,69,0.027264,16,0,6.8,,0,0,0,0,0,0,0,0,0,,51,51,,0,0,0,0
1613791697667,6,1010123456018,76,,1,1,39,1,2,,10.0133,75,0,0.04288,22,0,7.2,,0,0,0,0,0,0,0,0,0,,63,63,,0,0,0,0
1613791697917,6,1010123456018,76,,1,1,39,1,2,,11.6818,44,0,0.031904,13,0,8.33333,,0,0,0,0,0,0,0,0,0,,39,39,,0,0,0,0
1613791698167,6,1010123456018,76,,1,1,39,1,2,,3.51579,190,0,0.04752,54,0,8.33333,,0.1,11,0,0.1,3,0,0,12.7387,31,,165,165,,0,0,0,1
1613791698417,6,1010123456018,76,,1,1,39,1,2,,3.73868,287,89,0.076288,79,0,6,,0,0,0,0,0,0,0,0,0,,250,252,,0,0,0,0
1613791698667,6,1010123456018,76,,1,1,39,1,2,,10.1964,56,0,0.037632,19,0,7.5,,0,0,0,0,0,0,0,0,0,,45,45,,0,0,0,0
1613791698916,6,1010123456018,76,,1,1,39,1,2,,8.94776,134,0,0.0604016,35,0,7.83333,,0,0,0,0,0,0,0,0,0,,114,114,,0,0,0,0
1613791699166,6,1010123456018,76,,1,1,39,1,2,,9.41935,186,0,0.100241,52,0,6.33333,,3.14754,61,0,0.1,17,76.4706,0,3.80015,31,,162,162,,0,0,0,8.4918
1613791699417,6,1010123456018,76,,1,1,39,1,2,,8.78788,99,0,0.052032,32,0,7.6,,0,0,0,0,0,0,0,0,0,,87,87,,0,0,0,0
1613791699667,6,1010123456018,76,,1,1,39,1,2,,11.7213,122,18,0.080192,34,0,7.66667,,0,0,0,0,0,0,0,0,0,,108,108,,0,0,0,0
1613791699917,6,1010123456018,76,,1,1,39,1,2,,9.89041,73,0,0.043104,22,0,6.66667,,0,0,0,0,0,0,0,0,0,,60,60,,0,0,0,0
1613791700167,6,1010123456018,76,,1,1,39,1,2,,3.14286,147,0,0.025696,43,0,6.2,,13.1,100,0,0.1,32,90.625,0,3.92891,31,,135,135,,0,0,0,8.92
1613791700417,6,1010123456018,76,,1,1,39,1,2,,7.67567,185,0,0.092704,53,0,6.5,,0,0,0,0,0,0,0,0,0,,167,171,,0,0,0,0
1613791700666,6,1010123456018,76,,1,1,39,1,2,,4.4878,164,0,0.0716466,46,0,7.8,,0,0,0,0,0,0,0,0,0,,160,183,,0,0,0,0
1613791700917,6,1010123456018,76,,1,1,39,1,2,,12.4898,49,0,0.042656,17,0,8.83333,,0,0,0,0,0,0,0,0,0,,42,42,,0,0,0,0
1613791701166,6,1010123456018,76,,1,1,39,1,2,,14.0303,33,0,0.0315823,10,0,8.8,,0.1,14,0,0,4,100,0,0.736159,0,,30,30,,0,0,0,10
1613791701416,6,1010123456018,76,,1,1,39,1,2,,11.6103,136,0,0.091502,39,0,8,,0.1,8,0,0.1,2,0,0,1.68591,31,,117,117,,0,0,0,2
1613791701667,6,1010123456018,76,,1,1,39,1,2,,10.8902,82,0,0.053696,24,0,8,,0,0,0,0,0,0,0,0,0,,75,75,,0,0,0,0
1613791701917,6,1010123456018,76,,1,1,39,1,2,,11.1389,72,0,0.042784,19,0,8,,0,0,0,0,0,0,0,0,0,,66,66,,0,0,0,0
1613791702167,6,1010123456018,76,,1,1,39,1,2,,9.9596,99,0,0.064768,32,0,9,,6.72,25,0,0.1,7,57.1429,0,7.37335,31,,87,87,,0,0,0,6.2
1613791702417,6,1010123456018,76,,1,1,39,1,2,,6.42857,119,0,0.044544,32,0,7.5,,0,0,0,0,0,0,0,0,0,,103,105,,0,0,0,0
1613791702667,6,1010123456018,76,,1,1,39,1,2,,10.3475,118,0,0.07024,34,0,8,,0,0,0,0,0,0,0,0,0,,103,105,,0,0,0,0
1613791702916,6,1010123456018,76,,1,1,39,1,2,,5.55147,136,0,0.054008,35,0,7.57143,,0,0,0,0,0,0,0,0,0,,117,117,,0,0,0,0
1613791703167,6,1010123456018,76,,1,1,39,1,2,,10.8,105,0,0.071584,36,0,8.66667,,6.84783,46,0,0.1,14,64.2857,0,7.90797,31,,96,96,,0,0,0,6.93478
1613791703416,6,1010123456018,76,,1,1,39,1,2,,2.25824,364,0,0.064257,105,0,5.83333,,0,0,0,0,0,0,0,0,0,,318,318,,0,0,0,0
1613791703667,6,1010123456018,76,,1,1,39,1,2,,10.2097,62,0,0.04272,19,0,7.5,,0,0,0,0,0,0,0,0,0,,54,54,,0,0,0,0
1613791703917,6,1010123456018,76,,1,1,39,1,2,,12.175,120,0,0.08544,34,0,8.33333,,0,0,0,0,0,0,0,0,0,,105,105,,0,0,0,0
1613791704167,6,1010123456018,76,,1,1,39,1,2,,9.68966,58,0,0.032544,18,0,6.2,,9.11539,26,0,0.1,7,57.1429,0,4.76378,31,,54,54,,0,0,0,6.69231
1613791704418,6,1010123456018,76,,1,1,39,1,2,,10.8333,90,69,0.0583904,26,0,8,,0,0,0,0,0,0,0,0,0,,84,84,,0,0,0,0
1613791704667,6,1010123456018,76,,1,1,39,1,2,,10.8438,96,0,0.0641606,27,0,9,,0,0,0,0,0,0,0,0,0,,77,81,,0,0,0,0
1613791704917,6,1010123456018,76,,1,1,39,1,2,,10.473,74,0,0.043136,21,0,7.71429,,0,0,0,0,0,0,0,0,0,,63,63,,0,0,0,0
1613791705166,6,1010123456018,76,,1,1,39,1,2,,8.75,112,0,0.0492209,30,0,6.6,,8.52174,23,0,0.1,7,57.1429,0,15.078,31,,99,99,,0,0,0,5.69565
1613791705416,6,1010123456018,76,,1,1,39,1,2,,10.7815,119,0,0.0856225,38,0,8.16667,,0,0,0,0,0,0,0,0,0,,105,105,,0,0,0,0
1613791705667,6,1010123456018,76,,1,1,39,1,2,,4.32227,211,0,0.055136,58,0,6.16667,,0,0,0,0,0,0,0,0,0,,183,183,,0,0,0,0
1613791705917,6,1010123456018,76,,1,1,39,1,2,,10.4844,128,0,0.083424,39,0,7.83333,,0,0,0,0,0,0,0,0,0,,112,114,,0,0,0,0
1613791706167,6,1010123456018,76,,1,1,39,1,2,,8.05357,168,0,0.076896,48,0,6.2,,7.60714,28,0,0.1,8,62.5,0,4.72288,31,,144,144,,0,0,0,7.03571
1613791706417,6,1010123456018,76,,1,1,39,1,2,,15.5217,46,0,0.052064,13,0,11.1667,,0,0,0,0,0,0,0,0,0,,40,42,,0,0,0,0
1613791706667,6,1010123456018,76,,1,1,39,1,2,,9.73387,124,0,0.070048,36,0,7.6,,0,0,0,0,0,0,0,0,0,,109,111,,0,0,0,0
1613791706917,6,1010123456018,76,,1,1,39,1,2,,10.4245,106,0,0.065024,31,0,7,,0,0,0,0,0,0,0,0,0,,93,93,,0,0,0,0
1613791707167,6,1010123456018,76,,1,1,39,1,2,,8.77778,144,0,0.070912,42,0,6.4,,0.1,16,0,0.1,5,20,0,1.57443,31,,126,126,,0,0,0,2.5625
1613791707416,6,1010123456018,76,,1,1,39,1,2,,11.125,72,0,0.0483213,21,0,9.5,,0,0,0,0,0,0,0,0,0,,63,63,,0,0,0,0
1613791707666,6,1010123456018,76,,1,1,39,1,2,,10.3261,92,0,0.0542972,26,0,7.33333,,0,0,0,0,0,0,0,0,0,,78,78,,0,0,0,0
1613791707916,6,1010123456018,76,,1,1,39,1,2,,9.88095,42,0,0.0213012,8,0,8,,0,0,0,0,0,0,0,0,0,,36,36,,0,0,0,0
1613791708167,6,1010123456018,76,,1,1,39,1,2,,11.8627,51,0,0.042816,19,0,8.33333,,0.1,23,0,0.1,7,57.1429,0,3.8937,31,,45,45,,0,0,0,7.34783
1613791708417,6,1010123456018,76,,1,1,39,1,2,,9.88506,87,0,0.048672,25,0,8,,0,0,0,0,0,0,0,0,0,,75,75,,0,0,0,0
1613791708667,6,1010123456018,76,,1,1,39,1,2,,9.11905,126,0,0.06544,36,0,7,,0,0,0,0,0,0,0,0,0,,108,108,,0,0,0,0
1613791708917,6,1010123456018,76,,1,1,39,1,2,,13.9583,24,0,0.026592,7,0,10,,0,0,0,0,0,0,0,0,0,,22,24,,0,0,0,0
1613791709167,6,1010123456018,76,,1,1,39,1,2,,9.64545,110,0,0.059616,32,0,7.8,,8.96667,30,0,0.1,9,44.4444,0,7.60719,31,,99,99,,0,0,0,4.9
1613791709417,6,1010123456018,76,,1,1,39,1,2,,8.41923,260,0,0.114848,68,0,6,,0,0,0,0,0,0,0,0,0,,227,231,,0,0,0,0
1613791709666,6,1010123456018,76,,1,1,39,1,2,,10.163,135,0,0.0815422,41,0,7.66667,,0,0,0,0,0,0,0,0,0,,112,114,,0,0,0,0
1613791709916,6,1010123456018,76,,1,1,39,1,2,,10.7863,131,0,0.0859116,39,0,7.42857,,0,0,512,0,0,0,0,0,0,,118,120,,0,0,0,0
1613791710166,6,1010123456018,76,,1,1,39,1,2,,12.6207,58,0,0.0427631,17,0,7.4,,0,12,0,0,4,100,0,0,0,,51,51,,0,0,0,0
1613791710417,6,1010123456018,76,,1,1,39,1,2,,13.8065,31,67,0.031968,11,0,8.83333,,0.1,16,0,0,4,100,0,0.95956,0,,30,30,,0,0,0,10
1613791710667,6,1010123456018,76,,1,1,39,1,2,,10.604,101,0,0.05376,26,0,7.16667,,0,0,0,0,0,0,0,0,0,,84,84,,0,0,0,0
1613791710917,6,1010123456018,76,,1,1,39,1,2,,9.82895,76,0,0.048384,25,0,7.71429,,0,0,0,0,0,0,0,0,0,,66,66,,0,0,0,0
1613791711167,6,1010123456018,76,,1,1,39,1,2,,8.6527,167,0,0.081888,48,0,6.6,,7,24,0,0.1,7,57.1429,0,9.53848,31,,145,147,,0,0,0,6.375
1613791711417,6,1010123456018,76,,1,1,39,1,2,,3.17327,202,0,0.042464,57,0,7.33333,,0,0,0,0,0,0,0,0,0,,177,183,,0,0,0,0
1613791711667,6,1010123456018,76,,1,1,39,1,2,,10.3371,89,0,0.05328,24,0,7.5,,0,0,0,0,0,0,0,0,0,,78,78,,0,0,0,0
1613791711916,6,1010123456018,76,,1,1,39,1,2,,10.2581,62,0,0.0427309,20,0,9,,0,0,0,0,0,0,0,0,0,,51,51,,0,0,0,0
1613791712166,6,1010123456018,76,,1,1,39,1,2,,10.2903,62,0,0.0377189,18,0,8.83333,,0.1,21,0,0.1,6,50,0,0.920853,31,,54,54,,0,0,0,7.28571
1613791712417,6,1010123456018,76,,1,1,39,1,2,,12.5333,15,0,0.010528,4,0,8.4,,0,0,0,0,0,0,0,0,0,,12,12,,0,0,0,0
1613791712667,6,1010123456018,76,,1,1,39,1,2,,10.3889,72,0,0.043008,21,0,8.16667,,0,0,0,0,0,0,0,0,0,,63,63,,0,0,0,0
1613791712917,6,1010123456018,76,,1,1,39,1,2,,11.2619,84,0,0.053504,24,0,8.14286,,0,0,0,0,0,0,0,0,0,,72,72,,0,0,0,0
1613791713167,6,1010123456018,76,,1,1,39,1,2,,7.53279,122,122,0.054848,29,0,7.66667,,0.1,23,0,0.1,6,33.3333,0,1.48675,31,,114,114,,0,0,0,6.13043
1613791713417,6,1010123456018,76,,1,1,39,1,2,,5.97283,184,52,0.08288,57,0,8.66667,,0,0,0,0,0,0,0,0,0,,158,162,,0,0,0,0
1613791713667,6,1010123456018,76,,1,1,39,1,2,,9.24832,149,0,0.070592,40,0,6.4,,0,0,0,0,0,0,0,0,0,,123,123,,0,0,0,0
1613791713917,6,1010123456018,76,,1,1,39,1,2,,6.30337,178,0,0.060384,48,0,6.42857,,0,0,0,0,0,0,0,0,0,,154,156,,0,0,0,0
1613791714166,6,1010123456018,76,,1,1,39,1,2,,3.76423,246,0,0.0663454,74,0,5,,12.9,20,0,0.1,6,66.6667,0,15.8473,31,,222,228,,0,0,0,7.3
1613791714416,6,1010123456018,76,,1,1,39,1,2,,11.5645,62,0,0.0483534,21,0,7.8,,0,0,0,0,0,0,0,0,0,,54,54,,0,0,0,0
1613791714667,6,1010123456018,76,,1,1,39,1,2,,9.9127,126,0,0.064992,34,0,6.66667,,0,0,0,0,0,0,0,0,0,,114,114,,0,0,0,0
1613791714917,6,1010123456018,76,,1,1,39,1,2,,12.1207,58,0,0.04784,20,0,7.83333,,0,0,0,0,0,0,0,0,0,,51,51,,0,0,0,0
1613791715167,6,1010123456018,76,,1,1,39,1,2,,9.19643,56,0,0.027328,16,0,7.6,,15,14,0,0,4,100,0,1.81569,0,,51,51,,0,0,0,10
1613791715417,6,1010123456018,76,,1,1,39,1,2,,11.9753,81,0,0.058336,23,0,8.2,,0,0,0,0,0,0,0,0,0,,66,66,,0,0,0,0
1613791715667,6,1010123456018,76,,1,1,39,1,2,,10.8148,108,0,0.069728,31,0,8.33333,,0,0,0,0,0,0,0,0,0,,93,93,,0,0,0,0
1613791715916,6,1010123456018,76,,1,1,39,1,2,,5.98551,207,0,0.0677269,54,0,6.57143,,0,0,0,0,0,0,0,0,0,,178,180,,0,0,0,0
1613791716166,6,1010123456018,76,,1,1,39,1,2,,11.3182,44,0,0.0426988,18,0,8,,0.1,15,0,0,4,100,0,0.300002,0,,39,39,,0,0,0,10
1613791716416,6,1010123456018,76,,1,1,39,1,2,,9.90179,112,52,0.0597269,30,0,6.5,,0.1,8,0,0,2,100,0,0.236033,0,,97,99,,0,0,0,10
1613791716666,6,1010123456018,76,,1,1,39,1,2,,9.98026,152,0,0.0916627,46,0,7.33333,,0.1,8,0,0,2,100,0,0.84742,0,,132,132,,0,0,0,10
1613791716917,6,1010123456018,76,,1,1,39,1,2,,9.90769,65,0,0.032256,16,0,8.42857,,0,0,0,0,0,0,0,0,0,,57,57,,0,0,0,0
1613791717167,6,1010123456018,76,,1,1,39,1,2,,11.5795,88,0,0.069248,29,0,8,,6.06,50,0,0.1,14,85.7143,0,5.0471,31,,79,81,,0,0,0,8.74
1613791717417,6,1010123456018,76,,1,1,39,1,2,,9.98276,116,0,0.06464,33,0,7,,0,0,0,0,0,0,0,0,0,,99,99,,0,0,0,0
1613791717667,6,1010123456018,76,,1,1,39,1,2,,9.20805,149,0,0.076,42,0,5.66667,,0,0,0,0,0,0,0,0,0,,127,129,,0,0,0,0
1613791717917,6,1010123456018,76,,1,1,39,1,2,,9.625,120,0,0.069632,34,0,8.14286,,0,0,0,0,0,0,0,0,0,,110,120,,0,0,0,0
1613791718167,6,1010123456018,76,,1,1,39,1,2,,11.0694,72,0,0.053024,21,0,7.66667,,15.9048,21,0,0.1,6,50,0,22.6424,31,,60,60,,0,0,0,6.14286
1613791718416,6,1010123456018,76,,1,1,39,1,2,,8.57857,140,0,0.0606908,37,0,6.6,,0,0,0,0,0,0,0,0,0,,120,120,,0,0,0,0
1613791718666,6,1010123456018,76,,1,1,39,1,2,,12.08,75,0,0.0638715,24,0,9.2,,0,0,0,0,0,0,0,0,0,,65,69,,0,0,0,0
1613791718916,6,1010123456018,76,,1,1,39,1,2,,11.7471,87,0,0.0643534,25,0,8.28571,,0,0,0,0,0,0,0,0,0,,76,78,,0,0,0,0
1613791719167,6,1010123456018,76,,1,1,39,1,2,,4.88546,227,0,0.074784,68,0,6.33333,,15,13,0,0,4,100,0,1.70176,0,,207,207,,0,0,0,10
1613791719417,6,1010123456018,76,,1,1,39,1,2,,5.61539,208,0,0.073184,59,0,6.6,,0,0,0,0,0,0,0,0,0,,182,186,,0,0,0,0
1613791719667,6,1010123456018,76,,1,1,39,1,2,,10.8632,95,0,0.059264,27,0,7.66667,,0,0,0,0,0,0,0,0,0,,81,81,,0,0,0,0
1613791719917,6,1010123456018,76,,1,1,39,1,2,,10.3857,70,0,0.042656,20,0,6.57143,,0,0,0,0,0,0,0,0,0,,60,60,,0,0,0,0
1613791720167,6,1010123456018,76,,1,1,39,1,2,,4.03774,212,0,0.05808,61,0,7,,8.57143,42,0,0.1,13,61.5385,0,8.09087,31,,186,192,,0,0,0,6.28571
1613791720417,6,1010123456018,76,,1,1,39,1,2,,11.7356,87,52,0.053184,21,0,8.8,,0,0,0,0,0,0,0,0,0,,78,78,,0,0,0,0
1613791720666,6,1010123456018,76,,1,1,39,1,2,,10.4957,115,0,0.0703614,35,0,8.33333,,0,0,0,0,0,0,0,0,0,,93,93,,0,0,0,0
1613791720916,6,1010123456018,76,,1,1,39,1,2,,5.19685,127,0,0.0453976,37,0,6.33333,,0,0,0,0,0,0,0,0,0,,111,111,,0,0,0,0
1613791721167,6,1010123456018,76,,1,1,39,1,2,,8.90441,136,0,0.0708434,40,0,6.66667,,0,12,0,0,4,100,0,0,0,,121,123,,0,0,0,0
1613791721417,6,1010123456018,76,,1,1,39,1,2,,10.9175,97,0,0.063936,28,0,8.2,,6.40909,44,0,0.1,12,83.3333,0,7.5135,31,,85,87,,0,0,0,8.77273
1613791721667,6,1010123456018,76,,1,1,39,1,2,,10.8507,67,67,0.042624,19,0,8,,5.32584,89,0,0.1,24,75,0,7.16797,31,,60,60,,0,0,0,8.1236
1613791721917,6,1010123456018,76,,1,1,39,1,2,,8.98148,108,0,0.054752,31,0,8,,0,0,0,0,0,0,0,0,0,,93,93,,0,0,0,0
1613791722167,6,1010123456018,76,,1,1,39,1,2,,9.6729,107,0,0.055712,28,0,6.5,,0.1,18,0,0.1,5,0,0,12.6278,31,,90,90,,0,0,0,1
1613791722417,6,1010123456018,76,,1,1,39,1,2,,10.6143,140,0,0.084288,41,0,7.5,,0,0,0,0,0,0,0,0,0,,120,120,,0,0,0,0
1613791722666,6,1010123456018,76,,1,1,39,1,2,,9.41667,192,0,0.103486,56,0,6.5,,0,0,0,0,0,0,0,0,0,,162,162,,0,0,0,0
1613791722916,6,1010123456018,76,,1,1,39,1,2,,6.15643,179,0,0.0723534,51,0,7.16667,,0,0,0,0,0,0,0,0,0,,161,171,,0,0,0,0
1613791723166,6,1010123456018,76,,1,1,39,1,2,,10.5455,77,0,0.0483534,23,0,8.8,,6.97059,34,0,0.1,9,66.6667,0,6.88601,31,,69,69,,0,0,0,7.44118
1613791723417,6,1010123456018,76,,1,1,39,1,2,,11.2239,67,0,0.042976,19,0,8,,0,0,0,0,0,0,0,0,0,,57,57,,0,0,0,0
1613791723667,6,1010123456018,76,,1,1,39,1,2,,11.5221,113,0,0.079712,33,0,7.6,,0,0,0,0,0,0,0,0,0,,99,99,,0,0,0,0
1613791723917,6,1010123456018,76,,1,1,39,1,2,,9.73034,89,0,0.048288,25,0,8,,0,0,0,0,0,0,0,0,0,,75,75,,0,0,0,0
1613791724167,6,1010123456018,76,,1,1,39,1,2,,5.01311,305,0,0.109056,87,0,6.83333,,0.1,19,0,0.1,5,40,0,1.23896,31,,297,321,,0,0,0,5.36842
1613791724417,6,1010123456018,76,,1,1,39,1,2,,10.2308,65,0,0.041344,21,0,8,,0,0,0,0,0,0,0,0,0,,57,57,,0,0,0,0
1613791724666,6,1010123456018,76,,1,1,39,1,2,,6.38235,136,0,0.0503775,37,0,4.5,,0,0,0,0,0,0,0,0,0,,117,117,,0,0,0,0
1613791724916,6,1010123456018,76,,1,1,39,1,2,,9.01835,109,0,0.0598554,33,0,6.5,,0,0,0,0,0,0,0,0,0,,93,93,,0,0,0,0
1613791725166,6,1010123456018,76,,1,1,39,1,2,,8.79333,150,0,0.0758554,43,0,6.5,,9.61905,42,0,0.1,13,69.2308,0,6.65985,31,,133,135,,0,0,0,7.64286
1613791725416,6,1010123456018,76,,1,1,39,1,2,,6.91617,167,0,0.0675984,47,0,9.83333,,0,0,0,0,0,0,0,0,0,,141,141,,0,0,0,0
1613791725667,6,1010123456018,76,,1,1,39,1,2,,10.8544,158,0,0.106752,46,0,7.16667,,0,0,0,0,0,0,0,0,0,,137,141,,0,0,0,0
1613791725917,6,1010123456018,76,,1,1,39,1,2,,4.41732,127,0,0.034688,36,0,5.57143,,0,0,0,0,0,0,0,0,0,,111,111,,0,0,0,0
1613791726167,6,1010123456018,76,,1,1,39,1,2,,11.443,79,0,0.053088,23,0,9.16667,,1.22222,18,0,0.1,5,40,0,1.28713,31,,69,69,,0,0,0,5.94444
1613791726417,6,1010123456018,76,,1,1,39,1,2,,6.06034,232,0,0.089024,67,0,6.8,,0,0,0,0,0,0,0,0,0,,202,204,,0,0,0,0
1613791726667,6,1010123456018,76,,1,1,39,1,2,,11.4318,88,0,0.058432,24,0,8,,0,0,0,0,0,0,0,0,0,,78,78,,0,0,0,0
1613791726916,6,1010123456018,76,,1,1,39,1,2,,4.78261,115,0,0.0449478,34,0,7.85714,,0,0,0,0,0,0,0,0,0,,96,96,,0,0,0,0
1613791727166,6,1010123456018,76,,1,1,39,1,2,,10.0139,144,0,0.0863936,42,0,8.2,,0.1,29,0,0.1,9,55.5556,0,3.76278,31,,127,129,,0,0,0,5.7931
1613791727416,6,1010123456018,76,,1,1,39,1,2,,10.8242,91,89,0.0480321,22,0,8,,0,0,0,0,0,0,0,0,0,,78,78,,0,0,0,0
1613791727666,6,1010123456018,76,,1,1,39,1,2,,8.77863,131,0,0.0709398,41,0,6.5,,0,0,0,0,0,0,0,0,0,,111,111,,0,0,0,0
1613791727917,6,1010123456018,76,,1,1,39,1,2,,6.13084,214,0,0.093856,61,0,6.28571,,0,0,0,0,0,0,0,0,0,,214,249,,0,0,0,0
1613791728167,6,1010123456018,76,,1,1,39,1,2,,9.32692,52,0,0.027104,15,0,6.5,,0,12,0,0,4,100,0,0,0,,45,45,,0,0,0,0
1613791728417,6,1010123456018,76,,1,1,39,1,2,,4.80473,169,0,0.052032,48,0,7.66667,,0,0,0,0,0,0,0,0,0,,153,153,,0,0,0,0
1613791728667,6,1010123456018,76,,1,1,39,1,2,,10.7734,128,108,0.07456,34,0,7.25,,0,0,0,0,0,0,0,0,0,,111,111,,0,0,0,0
1613791728916,6,1010123456018,76,,1,1,39,1,2,,10.3523,88,0,0.0587631,27,0,8.33333,,0,0,0,0,0,0,0,0,0,,72,72,,0,0,0,0
1613791729166,6,1010123456018,76,,1,1,39,1,2,,10.3953,86,0,0.0537189,25,0,7,,11.0476,42,0,0.1,12,66.6667,0,9.45177,31,,76,78,,0,0,0,7.09524
1613791729416,6,1010123456018,76,,1,1,39,1,2,,9.8871,124,0,0.075759,36,0,8.5,,0,0,0,0,0,0,0,0,0,,108,108,,0,0,0,0
1613791729666,6,1010123456018,76,,1,1,39,1,2,,11.3365,104,0,0.0702008,30,0,8.8,,0,0,0,0,0,0,0,0,0,,90,90,,0,0,0,0
1613791729917,6,1010123456018,76,,1,1,39,1,2,,5.49342,152,0,0.050944,43,0,7.71429,,0,0,0,0,0,0,0,0,0,,129,129,,0,0,0,0
1613791730167,6,1010123456018,76,,1,1,39,1,2,,4.95122,164,0,0.061248,47,0,6.75,,0.1,15,0,0,4,100,0,0.774878,0,,143,147,,0,0,0,10
1613791730417,6,1010123456018,76,,1,1,39,1,2,,10.6055,109,0,0.061088,29,0,8,,5.90164,61,0,0.1,17,82.3529,0,8.07035,31,,96,96,,0,0,0,8.52459
1613791730667,6,1010123456018,76,,1,1,39,1,2,,4.89623,212,0,0.076512,63,0,6,,3.55556,27,0,0.1,7,57.1429,0,5.29199,31,,206,231,,0,0,0,6.33333
1613791730917,6,1010123456018,76,,1,1,39,1,2,,8.57895,95,0,0.044448,27,0,5.66667,,0,0,0,0,0,0,0,0,0,,81,81,,0,0,0,0
1613791731166,6,1010123456018,76,,1,1,39,1,2,,9.16949,59,77,0.0273735,16,0,6.66667,,6.26087,23,0,0.1,7,57.1429,0,9.97642,31,,54,54,,0,0,0,5.82609
1613791731416,6,1010123456018,76,,1,1,39,1,2,,12.5312,64,0,0.0425703,16,0,9.33333,,0,0,0,0,0,0,0,0,0,,54,54,,0,0,0,0
1613791731666,6,1010123456018,76,,1,1,39,1,2,,13.25,32,0,0.0373333,13,0,7.33333,,0,0,0,0,0,0,0,0,0,,27,27,,0,0,0,0
1613791731916,6,1010123456018,76,,1,1,39,1,2,,10.5532,141,0,0.080257,37,0,7.5,,0,0,0,0,0,0,0,0,0,,120,120,,0,0,0,0
1613791732167,6,1010123456018,76,,1,1,39,1,2,,10.0968,93,0,0.059232,30,0,8.4,,0.1,14,0,0,4,100,0,0.583836,0,,81,81,,0,0,0,10
1613791732417,6,1010123456018,76,,1,1,39,1,2,,10.5833,96,0,0.054048,26,0,8,,2.57143,7,0,0.1,2,0,0,17.5827,31,,85,87,,0,0,0,1
1613791732667,6,1010123456018,76,,1,1,39,1,2,,5.26974,152,0,0.061376,46,0,6.66667,,0,0,0,0,0,0,0,0,0,,148,168,,0,0,0,0
1613791732917,6,1010123456018,76,,1,1,39,1,2,,4.53571,168,0,0.051584,48,0,6.33333,,0,0,0,0,0,0,0,0,0,,150,159,,0,0,0,0
1613791733166,6,1010123456018,76,,1,1,39,1,2,,12.5862,58,0,0.0476787,17,0,8.4,,0,12,0,0,4,100,0,0,0,,52,54,,0,0,0,0
1613791733416,6,1010123456018,76,,1,1,39,1,2,,7.67816,87,0,0.0539438,25,0,9,,0,0,0,0,0,0,0,0,0,,86,96,,0,0,0,0
1613791733666,6,1010123456018,76,,1,1,39,1,2,,10.4701,117,0,0.0720643,32,0,7.6,,0,0,0,0,0,0,0,0,0,,102,102,,0,0,0,0
1613791733916,6,1010123456018,76,,1,1,39,1,2,,12.7419,62,0,0.0510522,20,0,7.57143,,0,0,0,0,0,0,0,0,0,,54,54,,0,0,0,0
1613791734166,6,1010123456018,76,,1,1,39,1,2,,10.5351,114,0,0.0753092,33,0,7.5,,4,15,0,0.1,4,0,0,20.2922,31,,100,102,,0,0,0,1.26667
1613791734417,6,1010123456018,76,,1,1,39,1,2,,11.3113,106,0,0.06624,29,0,9,,0,0,0,0,0,0,0,0,0,,93,93,,0,0,0,0
1613791734667,6,1010123456018,76,,1,1,39,1,2,,9.88333,60,0,0.035456,19,0,7,,0,0,0,0,0,0,0,0,0,,51,51,,0,0,0,0
1613791734917,6,1010123456018,76,,1,1,39,1,2,,10.9286,42,0,0.016224,9,0,8.33333,,0,0,0,0,0,0,0,0,0,,36,36,,0,0,0,0
1613791735167,6,1010123456018,76,,1,1,39,1,2,,10.7563,119,0,0.079488,34,0,8.5,,0,12,0,0,4,100,0,0,0,,102,102,,0,0,0,0
1613791735416,6,1010123456018,76,,1,1,39,1,2,,13.3882,85,0,0.0641285,25,0,9.66667,,0,0,0,0,0,0,0,0,0,,72,72,,0,0,0,0
1613791735666,6,1010123456018,76,,1,1,39,1,2,,14.3016,63,0,0.0734779,21,0,10.1667,,0,0,0,0,0,0,0,0,0,,57,57,,0,0,0,0
1613791735916,6,1010123456018,76,,1,1,39,1,2,,3.25306,245,0,0.0801606,70,0,7.14286,,0,0,0,0,0,0,0,0,0,,255,291,,0,0,0,0
1613791736166,6,1010123456018,76,,1,1,39,1,2,,12.9545,22,0,0.0212369,7,0,6.33333,,12.4857,70,0,0.178024,24,66.6667,0,8.41718,31,,21,21,,0,0,0,6.32857
1613791736416,6,1010123456018,76,,1,1,39,1,2,,10.6866,134,0,0.0752771,37,0,9.6,,0,0,0,0,0,0,0,0,0,,117,117,,0,0,0,0
1613791736667,6,1010123456018,76,,1,1,39,1,2,,10.5769,52,0,0.037408,17,0,8.4,,0,0,0,0,0,0,0,0,0,,48,48,,0,0,0,0
1613791736917,6,1010123456018,76,,1,1,39,1,2,,8.23077,156,0,0.071008,42,0,6.14286,,0,0,0,0,0,0,0,0,0,,138,144,,0,0,0,0
1613791737167,6,1010123456018,76,,1,1,39,1,2,,10.069,87,0,0.048576,25,0,7,,6.77143,35,0,0.1,10,80,0,6.23246,31,,75,75,,0,0,0,8.2
1613791737417,6,1010123456018,76,,1,1,39,1,2,,11.9082,98,103,0.069088,28,0,8.4,,0,0,0,0,0,0,0,0,0,,87,87,,0,0,0,0
1613791737666,6,1010123456018,76,,1,1,39,1,2,,8.78823,170,0,0.0931084,52,0,7,,0,0,0,0,0,0,0,0,0,,144,144,,0,0,0,0
1613791737916,6,1010123456018,76,,1,1,39,1,2,,1.98507,402,0,0.0805783,116,0,4.16667,,0,0,0,0,0,0,0,0,0,,384,420,,0,0,0,0
1613791738166,6,1010123456018,76,,1,1,39,1,2,,3.16279,301,0,0.0717108,87,0,6.33333,,5.80645,31,0,0.1,9,66.6667,0,3.14107,31,,264,270,,0,0,0,7.93548
1613791738416,6,1010123456018,76,,1,1,39,1,2,,5.73684,190,0,0.0878072,55,0,9.33333,,0,0,0,0,0,0,0,0,0,,198,222,,0,0,0,0
1613791738667,6,1010123456018,76,,1,1,39,1,2,,4.97203,143,18,0.040736,40,0,6.4,,0,0,0,0,0,0,0,0,0,,129,129,,0,0,0,0
1613791738917,6,1010123456018,76,,1,1,39,1,2,,4.50775,258,0,0.068,70,0,6.28571,,0,0,0,0,0,0,0,0,0,,219,219,,0,0,0,0
1613791739167,6,1010123456018,76,,1,1,39,1,2,,11.2812,64,0,0.050688,24,0,7.16667,,10.1333,45,0,0.1,13,61.5385,0,15.6659,31,,57,57,,0,0,0,6.2
1613791739416,6,1010123456018,76,,1,1,39,1,2,,12.1279,86,0,0.0639036,25,0,8.5,,0,0,0,0,0,0,0,0,0,,75,75,,0,0,0,0
1613791739666,6,1010123456018,76,,1,1,39,1,2,,3.02116,189,0,0.0372369,53,0,7.8,,0,0,0,0,0,0,0,0,0,,162,162,,0,0,0,0
1613791739916,6,1010123456018,76,,1,1,39,1,2,,4.37975,237,0,0.0746988,69,0,6.33333,,0,0,0,0,0,0,0,0,0,,204,204,,0,0,0,0
1613791740166,6,1010123456018,76,,1,1,39,1,2,,9.26923,104,0,0.0434699,25,0,6.8,,13.5,8,0,0.1,2,0,0,29.5675,31,,93,93,,0,0,0,1
1613791740416,6,1010123456018,76,,1,1,39,1,2,,10.4947,95,0,0.0741847,31,0,9.33333,,0,0,0,0,0,0,0,0,0,,82,84,,0,0,0,0
1613791740666,6,1010123456018,76,,1,1,39,1,2,,8.93939,66,0,0.0334779,20,0,6.6,,0,0,0,0,0,0,0,0,0,,57,57,,0,0,0,0
1613791740917,6,1010123456018,76,,1,1,39,1,2,,9.79518,83,0,0.04832,24,0,7.28571,,0,0,0,0,0,0,0,0,0,,73,75,,0,0,0,0
1613791741167,6,1010123456018,76,,1,1,39,1,2,,9.23353,167,0,0.08672,46,0,6.6,,13.2857,7,0,0.1,2,0,0,32.4582,31,,151,153,,0,0,0,1
1613791741417,6,1010123456018,76,,1,1,39,1,2,,5.72283,184,502,0.073568,48,0,7.5,,0,0,0,0,0,0,0,0,0,,173,177,,0,0,0,0
1613791741666,6,1010123456018,76,,1,1,39,1,2,,6.98742,159,0,0.073253,51,0,6.83333,,0,0,0,0,0,0,0,0,0,,171,189,,0,0,0,0
1613791741916,6,1010123456018,76,,1,1,39,1,2,,2.05042,238,208,0.0488996,64,0,8,,0,0,0,0,0,0,0,0,0,,247,273,,0,0,0,0
1613791742166,6,1010123456018,76,,1,1,39,1,2,,1.64683,252,0,0.048257,80,0,5.66667,,14.4286,21,0,0.1,6,66.6667,0,12.1926,31,,246,276,,0,0,0,7
1613791742416,6,1010123456018,76,,1,1,39,1,2,,3.59459,185,0,0.0471968,50,0,7.83333,,0,0,0,0,0,0,0,0,0,,166,177,,0,0,0,0
1613791742666,6,1010123456018,76,,1,1,39,1,2,,14.0556,90,0,0.0797751,28,0,9.66667,,0,0,0,0,0,0,0,0,0,,84,84,,0,0,0,0
1613791742916,6,1010123456018,76,,1,1,39,1,2,,3.14103,234,0,0.0804498,69,0,8,,0,0,0,0,0,0,0,0,0,,244,279,,0,0,0,0
1613791743167,6,1010123456018,76,,1,1,39,1,2,,9.45098,102,0,0.054112,30,0,8.2,,13.7143,21,0,0.1,6,66.6667,0,12.1042,31,,90,90,,0,0,0,7
1613791743417,6,1010123456018,76,,1,1,39,1,2,,4.328,125,0,0.035104,36,0,6.33333,,0,0,0,0,0,0,0,0,0,,108,108,,0,0,0,0
1613791743667,6,1010123456018,76,,1,1,39,1,2,,11.4808,52,0,0.03696,15,0,8.4,,0,0,0,0,0,0,0,0,0,,45,45,,0,0,0,0
1613791743916,6,1010123456018,76,,1,1,39,1,2,,10.6232,69,0,0.0431807,20,0,8.57143,,0,0,0,0,0,0,0,0,0,,60,60,,0,0,0,0
1613791744166,6,1010123456018,76,,1,1,39,1,2,,10.9403,67,0,0.0478394,20,0,8.83333,,5.57576,33,0,0.1,10,80,0,4.93225,31,,63,63,,0,0,0,8.36364
1613791744416,6,1010123456018,76,,1,1,39,1,2,,9.16505,103,0,0.0548112,30,0,6,,0,0,0,0,0,0,0,0,0,,90,90,,0,0,0,0
1613791744666,6,1010123456018,76,,1,1,39,1,2,,0,0,0,0,0,0,6.75,,0,0,0,0,0,0,0,0,0,,0,0,,0,0,0,0
1613791744916,6,1010123456018,76,,1,1,39,1,2,,0,0,0,0,0,0,6.85714,,0,0,0,0,0,0,0,0,0,,0,0,,0,0,0,0
1613791745166,6,1010123456018,76,,1,1,39,1,2,,0,0,0,0,0,0,7.83333,,0,0,0,0,0,0,0,0,0,,0,0,,0,0,0,0
1613791745417,6,1010123456018,76,,1,1,39,1,2,,0,0,0,0,0,0,8.66667,,0,0,0,0,0,0,0,0,0,,0,0,,0,0,0,0
1613791745667,6,1010123456018,76,,1,1,39,1,2,,0,0,0,0,0,0,8.83333,,0,0,0,0,0,0,0,0,0,,0,0,,0,0,0,0
1613791745917,6,1010123456018,76,,1,1,39,1,2,,0,0,0,0,0,0,6.83333,,0,0,0,0,0,0,0,0,0,,0,0,,0,0,0,0
1613791746166,6,1010123456018,76,,1,1,39,1,2,,0,0,0,0,0,0,6.66667,,0,0,0,0,0,0,0,0,0,,0,0,,0,0,0,0
1613791746416,6,1010123456018,76,,1,1,39,1,2,,0,0,0,0,0,0,9.2,,0,0,0,0,0,0,0,0,0,,0,0,,0,0,0,0
1613791746666,6,1010123456018,76,,1,1,39,1,2,,0,0,0,0,0,0,8.5,,0,0,0,0,0,0,0,0,0,,0,0,,0,0,0,0
1613791746916,6,1010123456018,76,,1,1,39,1,2,,0,0,0,0,0,0,7.66667,,0,0,0,0,0,0,0,0,0,,0,0,,0,0,0,0
1613791747166,6,1010123456018,76,,1,1,39,1,2,,0,0,0,0,0,0,9,,0,0,0,0,0,0,0,0,0,,0,0,,0,0,0,0
1613791747416,6,1010123456018,76,,1,1,39,1,2,,0,0,0,0,0,0,7,,0,0,0,0,0,0,0,0,0,,0,0,,0,0,0,0
1613791747667,6,1010123456018,76,,1,1,39,1,2,,0,0,0,0,0,0,7.66667,,0,0,0,0,0,0,0,0,0,,0,0,,0,0,0,0
1613791747917,6,1010123456018,76,,1,1,39,1,2,,0,0,0,0,0,0,7,,0,0,0,0,0,0,0,0,0,,0,0,,0,0,0,0
1613791748166,6,1010123456018,76,,1,1,39,1,2,,0,0,0,0,0,0,7.2,,0,0,0,0,0,0,0,0,0,,0,0,,0,0,0,0
1613791748416,6,1010123456018,76,,1,1,39,1,2,,0,0,0,0,0,0,7.83333,,0,0,0,0,0,0,0,0,0,,0,0,,0,0,0,0
1613791748666,6,1010123456018,76,,1,1,39,1,2,,0,0,0,0,0,0,6.4,,0,0,0,0,0,0,0,0,0,,0,0,,0,0,0,0
1613791748916,6,1010123456018,76,,1,1,39,1,2,,0,0,0,0,0,0,8.16667,,0,0,0,0,0,0,0,0,0,,0,0,,0,0,0,0
1613791749166,6,1010123456018,76,,1,1,39,1,2,,0,0,0,0,0,0,5,,0,0,0,0,0,0,0,0,0,,0,0,,0,0,0,0
1613791749416,6,1010123456018,76,,1,1,39,1,2,,0,0,0,0,0,0,8,,0,0,0,0,0,0,0,0,0,,0,0,,0,0,0,0
1613791749667,6,1010123456018,76,,1,1,39,1,2,,0,0,0,0,0,0,7.8,,0,0,0,0,0,0,0,0,0,,0,0,,0,0,0,0
1613791749917,6,1010123456018,76,,1,1,39,1,2,,0,0,0,0,0,0,8.5,,0,0,0,0,0,0,0,0,0,,0,0,,0,0,0,0
1613791750166,6,1010123456018,76,,1,1,39,1,2,,0,0,0,0,0,0,8.5,,0,0,0,0,0,0,0,0,0,,0,0,,0,0,0,0
1613791750416,6,1010123456018,76,,1,1,39,1,2,,0,0,0,0,0,0,0.1,,0,0,0,0,0,0,0,0,0,,0,0,,0,0,0,0
1613791750666,6,1010123456018,76,,1,1,39,1,2,,0,0,0,0,0,0,0.1,,0,0,0,0,0,0,0,0,0,,0,0,,0,0,0,0
1613791750916,6,1010123456018,76,,1,1,39,1,2,,0,0,0,0,0,0,0.1,,0,0,0,0,0,0,0,0,0,,0,0,,0,0,0,0
1613791751166,6,1010123456018,76,,1,1,39,1,2,,0,0,0,0,0,0,0.1,,0,0,0,0,0,0,0,0,0,,0,0,,0,0,0,0
1613791751416,6,1010123456018,76,,1,1,39,1,2,,0,0,0,0,0,0,0.1,,0,0,0,0,0,0,0,0,0,,0,0,,0,0,0,0
1613791751666,6,1010123456018,76,,1,1,39,1,2,,0,0,0,0,0,0,0.1,,0,0,0,0,0,0,0,0,0,,0,0,,0,0,0,0
1613791751917,6,1010123456018,76,,1,1,39,1,2,,0,0,0,0,0,0,0.1,,0,0,0,0,0,0,0,0,0,,0,0,,0,0,0,0
1613791752167,6,1010123456018,76,,1,1,39,1,2,,0,0,0,0,0,0,0.1,,0,0,0,0,0,0,0,0,0,,0,0,,0,0,0,0
1613791752416,6,1010123456018,76,,1,1,39,1,2,,0,0,0,0,0,0,0.1,,0,0,0,0,0,0,0,0,0,,0,0,,0,0,0,0
1613791752666,6,1010123456018,76,,1,1,39,1,2,,0,0,0,0,0,0,0.1,,0,0,0,0,0,0,0,0,0,,0,0,,0,0,0,0
1613791752917,6,1010123456018,76,,1,1,39,1,2,,0,0,0,0,0,0,0.1,,0,0,0,0,0,0,0,0,0,,0,0,,0,0,0,0
1613791753166,6,1010123456018,76,,1,1,39,1,2,,0,0,0,0,0,0,0.1,,0,0,0,0,0,0,0,0,0,,0,0,,0,0,0,0
1613791753416,6,1010123456018,76,,1,1,39,1,2,,0,0,0,0,0,0,0.1,,0,0,0,0,0,0,0,0,0,,0,0,,0,0,0,0
1613791753666,6,1010123456018,76,,1,1,39,1,2,,0,0,0,0,0,0,0.1,,0,0,0,0,0,0,0,0,0,,0,0,,0,0,0,0
1613791753916,6,1010123456018,76,,1,1,39,1,2,,0,0,0,0,0,0,0.1,,0,0,0,0,0,0,0,0,0,,0,0,,0,0,0,0
1613791754166,4,1010123456018,76,,1,1,39,1,2,,0,0,0,0,0,0,0.1,,0,0,0,0,0,0,0,0,0,,0,0,,0,0,0,0
