time,cc,pci,earfcn,rsrp,pl,cfo,dl_mcs,dl_snr,dl_turbo,dl_brate,dl_bler,ul_ta,ul_mcs,ul_buff,ul_brate,ul_bler,rf_o,rf_u,rf_l,is_attached
0,0,0,4294967295,0.0,0.0,0.0,0.0,0.0,0.0,0.0,0.0,0.0,0.0,0.0,0.0,0.0,0.0,0.0,0.0,0.0
249,0,0,3400,0.0,0.0,0.0,0.0,0.0,0.0,0.0,0.0,0.0,0.0,0.0,0.0,0.0,0.0,0.0,0.0,0.0
498,0,0,3400,0.0,0.0,0.0,0.0,0.0,0.0,0.0,0.0,0.0,0.0,0.0,0.0,0.0,0.0,0.0,0.0,0.0
747,0,1,3400,-55,55,-187,0.58,17,0.15,583,0,0.0,0.0,0.0,0.0,0.0,0.0,0.0,0.0,0.0
996,0,1,3400,-55,55,-153,2.4,18,0.43,2349.206299,0,0.0,0.0,33,222,0,0.0,0.0,0.0,1.0
1245,0,1,3400,-55,55,-155,2.0,18,0.50,2080.000000,0,1.0,2.0,0.0,19520.000000,0,0.0,0.0,0.0,1.0
1494,0,1,3400,-55,55,-159,3.0,17,0.50,7394.422363,0,2.1,10,0.0,100653.382812,3,0.0,0.0,0.0,1.0
1743,0,1,3400,-55,55,-158,2.4,18,0.50,1831.325317,0,2.1,11,0.0,18152.611328,0,0.0,0.0,0.0,1.0
1992,0,1,3400,-55,55,-159,4.5,18,0.50,0.0,0.0,2.1,12,0.0,0.0,0.0,0.0,0.0,0.0,1.0
2241,0,1,3400,-55,55,-159,4.5,17,0.50,0.0,0.0,2.1,12,0.0,0.0,0.0,0.0,0.0,0.0,1.0
2490,0,1,3400,-55,55,-158,4.5,18,0.50,0.0,0.0,2.1,12,0.0,0.0,0.0,0.0,0.0,0.0,1.0
2739,0,1,3400,-55,55,-157,4.5,18,0.50,0.0,0.0,2.1,12,0.0,0.0,0.0,0.0,0.0,0.0,1.0
2988,0,1,3400,-55,55,-158,4.5,18,0.50,0.0,0.0,2.1,12,0.0,0.0,0.0,0.0,0.0,0.0,1.0
3237,0,1,3400,-55,55,-160,4.5,17,0.50,0.0,0.0,2.1,12,0.0,0.0,0.0,0.0,0.0,0.0,1.0
3486,0,1,3400,-55,55,-156,4.5,18,0.50,0.0,0.0,2.1,12,0.0,0.0,0.0,0.0,0.0,0.0,1.0
3735,0,1,3400,-55,55,-158,4.5,17,0.50,0.0,0.0,2.1,12,0.0,0.0,0.0,0.0,0.0,0.0,1.0
3984,0,1,3400,-55,55,-157,4.5,17,0.50,0.0,0.0,2.1,12,0.0,0.0,0.0,0.0,0.0,0.0,1.0
4233,0,1,3400,-55,55,-157,4.5,17,0.50,0.0,0.0,2.1,12,0.0,0.0,0.0,0.0,0.0,0.0,1.0
4482,0,1,3400,-55,55,-159,4.5,18,0.50,0.0,0.0,2.1,12,0.0,0.0,0.0,0.0,0.0,0.0,1.0
4731,0,1,3400,-55,55,-156,4.5,18,0.50,0.0,0.0,2.1,12,0.0,0.0,0.0,0.0,0.0,0.0,1.0
4980,0,1,3400,-55,55,-159,4.5,18,0.50,0.0,0.0,2.1,12,0.0,0.0,0.0,0.0,0.0,0.0,1.0
5229,0,1,3400,-55,55,-158,4.5,18,0.50,0.0,0.0,2.1,12,0.0,0.0,0.0,0.0,0.0,0.0,1.0
5478,0,1,3400,-55,55,-159,4.5,18,0.50,0.0,0.0,2.1,12,0.0,0.0,0.0,0.0,0.0,0.0,1.0
5727,0,1,3400,-55,55,-159,4.5,18,0.50,0.0,0.0,2.1,12,0.0,0.0,0.0,0.0,0.0,0.0,1.0
5976,0,1,3400,-55,55,-161,4.5,18,0.50,0.0,0.0,2.1,12,0.0,0.0,0.0,0.0,0.0,0.0,1.0
6225,0,1,3400,-55,55,-159,4.5,18,0.50,0.0,0.0,2.1,12,0.0,0.0,0.0,0.0,0.0,0.0,1.0
6474,0,1,3400,-55,55,-161,4.5,18,0.50,0.0,0.0,2.1,12,0.0,0.0,0.0,0.0,0.0,0.0,1.0
6723,0,1,3400,-55,55,-156,4.5,17,0.50,0.0,0.0,2.1,12,0.0,0.0,0.0,0.0,0.0,0.0,1.0
6972,0,1,3400,-55,55,-156,4.5,17,0.50,0.0,0.0,2.1,12,0.0,0.0,0.0,0.0,0.0,0.0,1.0
7221,0,1,3400,-55,55,-158,4.5,18,0.50,0.0,0.0,2.1,12,0.0,0.0,0.0,0.0,0.0,0.0,1.0
7470,0,1,3400,-55,55,-157,4.5,18,0.50,0.0,0.0,2.1,12,0.0,0.0,0.0,0.0,0.0,0.0,1.0
7719,0,1,3400,-55,55,-159,4.5,17,0.50,0.0,0.0,2.1,12,0.0,0.0,0.0,0.0,0.0,0.0,1.0
7968,0,1,3400,-55,55,-161,4.5,17,0.50,0.0,0.0,2.1,12,0.0,0.0,0.0,0.0,0.0,0.0,1.0
8217,0,1,3400,-55,55,-158,4.5,18,0.50,0.0,0.0,2.1,12,0.0,0.0,0.0,0.0,0.0,0.0,1.0
8466,0,1,3400,-55,55,-157,4.5,17,0.50,0.0,0.0,2.1,12,0.0,0.0,0.0,0.0,0.0,0.0,1.0
8715,0,1,3400,-55,55,-157,4.5,18,0.50,0.0,0.0,2.1,12,0.0,0.0,0.0,0.0,0.0,0.0,1.0
8964,0,1,3400,-55,55,-155,4.5,18,0.50,0.0,0.0,2.1,12,0.0,0.0,0.0,0.0,0.0,0.0,1.0
9213,0,1,3400,-55,55,-156,4.5,17,0.50,0.0,0.0,2.1,12,0.0,0.0,0.0,0.0,0.0,0.0,1.0
9462,0,1,3400,-55,55,-160,4.5,17,0.50,0.0,0.0,2.1,12,0.0,0.0,0.0,0.0,0.0,0.0,1.0
9711,0,1,3400,-55,55,-161,4.5,18,0.50,0.0,0.0,2.1,12,0.0,0.0,0.0,0.0,0.0,0.0,1.0
9960,0,1,3400,-55,55,-163,4.5,17,0.50,0.0,0.0,2.1,11,0.0,0.0,0.0,0.0,0.0,0.0,1.0
10209,0,1,3400,-55,55,-160,4.5,18,0.50,0.0,0.0,2.1,12,0.0,0.0,0.0,0.0,0.0,0.0,1.0
10458,0,1,3400,-55,55,-158,4.5,17,0.50,0.0,0.0,2.1,12,0.0,0.0,0.0,0.0,0.0,0.0,1.0
10707,0,1,3400,-55,55,-160,4.5,17,0.50,0.0,0.0,2.1,12,0.0,0.0,0.0,0.0,0.0,0.0,1.0
10956,0,1,3400,-55,55,-157,4.5,18,0.50,0.0,0.0,2.1,12,0.0,0.0,0.0,0.0,0.0,0.0,1.0
11205,0,1,3400,-55,55,-157,4.5,18,0.50,0.0,0.0,2.1,12,0.0,0.0,0.0,0.0,0.0,0.0,1.0
11454,0,1,3400,-55,55,-158,4.5,18,0.50,0.0,0.0,2.1,12,0.0,0.0,0.0,0.0,0.0,0.0,1.0
11703,0,1,3400,-55,55,-157,4.5,18,0.50,0.0,0.0,2.1,12,0.0,0.0,0.0,0.0,0.0,0.0,1.0
11952,0,1,3400,-55,55,-158,4.5,18,0.50,0.0,0.0,2.1,12,0.0,0.0,0.0,0.0,0.0,0.0,1.0
12201,0,1,3400,-55,55,-158,4.5,17,0.50,0.0,0.0,2.1,12,0.0,0.0,0.0,0.0,0.0,0.0,1.0
12450,0,1,3400,-55,55,-156,4.5,18,0.50,0.0,0.0,2.1,12,0.0,0.0,0.0,0.0,0.0,0.0,1.0
12699,0,1,3400,-55,55,-154,4.5,17,0.50,0.0,0.0,2.1,12,0.0,0.0,0.0,0.0,0.0,0.0,1.0
12948,0,1,3400,-55,55,-155,4.5,18,0.50,0.0,0.0,2.1,12,0.0,0.0,0.0,0.0,0.0,0.0,1.0
13197,0,1,3400,-55,55,-155,4.5,18,0.50,0.0,0.0,2.1,11,0.0,0.0,0.0,0.0,0.0,0.0,1.0
13446,0,1,3400,-55,55,-154,4.5,18,0.50,0.0,0.0,2.1,12,0.0,0.0,0.0,0.0,0.0,0.0,1.0
13695,0,1,3400,-55,55,-155,4.5,17,0.50,0.0,0.0,2.1,12,0.0,0.0,0.0,0.0,0.0,0.0,1.0
13944,0,1,3400,-55,55,-152,4.5,17,0.50,0.0,0.0,2.1,12,0.0,0.0,0.0,0.0,0.0,0.0,1.0
14193,0,1,3400,-55,55,-158,4.5,18,0.50,0.0,0.0,2.1,12,0.0,0.0,0.0,0.0,0.0,0.0,1.0
14442,0,1,3400,-55,55,-156,4.5,18,0.50,0.0,0.0,2.1,12,0.0,0.0,0.0,0.0,0.0,0.0,1.0
14691,0,1,3400,-55,55,-157,4.5,18,0.50,0.0,0.0,2.1,12,0.0,0.0,0.0,0.0,0.0,0.0,1.0
14940,0,1,3400,-55,55,-158,4.5,17,0.50,0.0,0.0,2.1,12,0.0,0.0,0.0,0.0,0.0,0.0,1.0
15189,0,1,3400,-55,55,-158,4.5,17,0.50,0.0,0.0,2.1,11,0.0,0.0,0.0,0.0,0.0,0.0,1.0
15438,0,1,3400,-55,55,-158,4.5,18,0.50,0.0,0.0,2.1,12,0.0,0.0,0.0,0.0,0.0,0.0,1.0
15687,0,1,3400,-55,55,-162,4.5,18,0.50,0.0,0.0,2.1,12,0.0,0.0,0.0,0.0,0.0,0.0,1.0
15936,0,1,3400,-55,55,-161,4.5,17,0.50,0.0,0.0,2.1,12,0.0,0.0,0.0,0.0,0.0,0.0,1.0
16185,0,1,3400,-55,55,-158,4.5,17,0.50,0.0,0.0,2.1,12,0.0,0.0,0.0,0.0,0.0,0.0,1.0
16434,0,1,3400,-55,55,-156,4.5,17,0.50,0.0,0.0,2.1,11,0.0,0.0,0.0,0.0,0.0,0.0,1.0
16683,0,1,3400,-55,55,-156,4.5,17,0.50,0.0,0.0,2.1,12,0.0,0.0,0.0,0.0,0.0,0.0,1.0
16932,0,1,3400,-55,55,-153,4.5,18,0.50,0.0,0.0,2.1,12,0.0,0.0,0.0,0.0,0.0,0.0,1.0
17181,0,1,3400,-55,55,-154,4.5,18,0.50,0.0,0.0,2.1,12,0.0,0.0,0.0,0.0,0.0,0.0,1.0
17430,0,1,3400,-55,55,-159,4.5,18,0.50,0.0,0.0,2.1,12,0.0,0.0,0.0,0.0,0.0,0.0,1.0
17679,0,1,3400,-55,55,-160,4.5,18,0.50,0.0,0.0,2.1,12,0.0,0.0,0.0,0.0,0.0,0.0,1.0
17928,0,1,3400,-55,55,-158,4.5,18,0.50,0.0,0.0,2.1,12,0.0,0.0,0.0,0.0,0.0,0.0,1.0
18177,0,1,3400,-55,55,-159,4.5,17,0.50,0.0,0.0,2.1,12,0.0,0.0,0.0,0.0,0.0,0.0,1.0
18426,0,1,3400,-55,55,-158,4.5,18,0.50,0.0,0.0,2.1,12,0.0,0.0,0.0,0.0,0.0,0.0,1.0
18675,0,1,3400,-55,55,-156,4.5,18,0.50,0.0,0.0,2.1,12,0.0,0.0,0.0,0.0,0.0,0.0,1.0
18924,0,1,3400,-55,55,-156,4.5,17,0.50,0.0,0.0,2.1,12,0.0,0.0,0.0,0.0,0.0,0.0,1.0
19173,0,1,3400,-55,55,-159,4.5,18,0.50,0.0,0.0,2.1,12,0.0,0.0,0.0,0.0,0.0,0.0,1.0
19422,0,1,3400,-55,55,-157,4.5,17,0.50,0.0,0.0,2.1,12,0.0,0.0,0.0,0.0,0.0,0.0,1.0
19671,0,1,3400,-55,55,-156,4.5,17,0.50,0.0,0.0,2.1,12,0.0,0.0,0.0,0.0,0.0,0.0,1.0
19920,0,1,3400,-55,55,-157,4.5,17,0.50,0.0,0.0,2.1,12,0.0,0.0,0.0,0.0,0.0,0.0,1.0
20169,0,1,3400,-55,55,-156,4.5,18,0.50,0.0,0.0,2.1,12,0.0,0.0,0.0,0.0,0.0,0.0,1.0
20418,0,1,3400,-55,55,-156,4.5,18,0.50,0.0,0.0,2.1,12,0.0,0.0,0.0,0.0,0.0,0.0,1.0
20667,0,1,3400,-55,55,-157,4.5,17,0.50,0.0,0.0,2.1,12,0.0,0.0,0.0,0.0,0.0,0.0,1.0
20916,0,1,3400,-55,55,-158,4.5,18,0.50,0.0,0.0,2.1,12,0.0,0.0,0.0,0.0,0.0,0.0,1.0
21165,0,1,3400,-55,55,-157,4.5,18,0.50,0.0,0.0,2.1,12,0.0,0.0,0.0,0.0,0.0,0.0,1.0
21414,0,1,3400,-55,55,-157,4.5,18,0.50,0.0,0.0,2.1,12,0.0,0.0,0.0,0.0,0.0,0.0,1.0
21663,0,1,3400,-55,55,-155,4.5,18,0.50,0.0,0.0,2.1,12,0.0,0.0,0.0,0.0,0.0,0.0,1.0
21912,0,1,3400,-55,55,-159,4.5,18,0.50,0.0,0.0,2.1,12,0.0,0.0,0.0,0.0,0.0,0.0,1.0
22161,0,1,3400,-55,55,-158,4.5,17,0.50,0.0,0.0,2.1,12,0.0,0.0,0.0,0.0,0.0,0.0,1.0
22410,0,1,3400,-55,55,-156,4.5,18,0.50,0.0,0.0,2.1,12,0.0,0.0,0.0,0.0,0.0,0.0,1.0
22659,0,1,3400,-55,55,-156,4.5,18,0.50,0.0,0.0,2.1,12,0.0,0.0,0.0,0.0,0.0,0.0,1.0
22908,0,1,3400,-55,55,-154,4.5,18,0.50,0.0,0.0,2.1,12,0.0,0.0,0.0,0.0,0.0,0.0,1.0
23157,0,1,3400,-55,55,-156,4.5,17,0.50,0.0,0.0,2.1,12,0.0,0.0,0.0,0.0,0.0,0.0,1.0
23406,0,1,3400,-55,55,-154,4.5,17,0.50,0.0,0.0,2.1,12,0.0,0.0,0.0,0.0,0.0,0.0,1.0
23655,0,1,3400,-55,55,-155,4.5,18,0.50,0.0,0.0,2.1,12,0.0,0.0,0.0,0.0,0.0,0.0,1.0
23904,0,1,3400,-55,55,-157,4.5,17,0.50,0.0,0.0,2.1,12,0.0,0.0,0.0,0.0,0.0,0.0,1.0
24153,0,1,3400,-55,55,-155,4.5,17,0.50,0.0,0.0,2.1,12,0.0,0.0,0.0,0.0,0.0,0.0,1.0
24402,0,1,3400,-55,55,-158,4.5,18,0.50,0.0,0.0,2.1,12,0.0,0.0,0.0,0.0,0.0,0.0,1.0
24651,0,1,3400,-55,55,-158,4.5,18,0.50,0.0,0.0,2.1,11,0.0,0.0,0.0,0.0,0.0,0.0,1.0
24900,0,1,3400,-55,55,-155,4.5,18,0.50,0.0,0.0,2.1,12,0.0,0.0,0.0,0.0,0.0,0.0,1.0
25149,0,1,3400,-55,55,-157,4.5,17,0.50,0.0,0.0,2.1,12,0.0,0.0,0.0,0.0,0.0,0.0,1.0
25398,0,1,3400,-55,55,-158,4.5,17,0.50,0.0,0.0,2.1,12,0.0,0.0,0.0,0.0,0.0,0.0,1.0
25647,0,1,3400,-55,55,-157,4.5,18,0.50,0.0,0.0,2.1,12,0.0,0.0,0.0,0.0,0.0,0.0,1.0
25896,0,1,3400,-55,55,-156,4.5,17,0.50,0.0,0.0,2.1,12,0.0,0.0,0.0,0.0,0.0,0.0,1.0
26145,0,1,3400,-55,55,-153,4.5,17,0.50,0.0,0.0,2.1,12,0.0,0.0,0.0,0.0,0.0,0.0,1.0
26394,0,1,3400,-55,55,-153,4.5,18,0.50,0.0,0.0,2.1,12,0.0,0.0,0.0,0.0,0.0,0.0,1.0
26643,0,1,3400,-55,55,-157,4.5,18,0.50,0.0,0.0,2.1,12,0.0,0.0,0.0,0.0,0.0,0.0,1.0
26892,0,1,3400,-55,55,-160,4.5,18,0.50,0.0,0.0,2.1,12,0.0,0.0,0.0,0.0,0.0,0.0,1.0
27141,0,1,3400,-55,55,-155,4.5,18,0.50,0.0,0.0,2.1,12,0.0,0.0,0.0,0.0,0.0,0.0,1.0
27390,0,1,3400,-55,55,-156,4.5,18,0.50,0.0,0.0,2.1,11,0.0,0.0,0.0,0.0,0.0,0.0,1.0
27639,0,1,3400,-55,55,-156,4.5,18,0.50,0.0,0.0,2.1,12,0.0,0.0,0.0,0.0,0.0,0.0,1.0
27888,0,1,3400,-55,55,-155,4.5,17,0.50,0.0,0.0,2.1,12,0.0,0.0,0.0,0.0,0.0,0.0,1.0
28137,0,1,3400,-55,55,-152,4.5,17,0.50,0.0,0.0,2.1,12,0.0,0.0,0.0,0.0,0.0,0.0,1.0
28386,0,1,3400,-55,55,-154,4.5,17,0.50,0.0,0.0,2.1,12,0.0,0.0,0.0,0.0,0.0,0.0,1.0
28635,0,1,3400,-55,55,-159,4.5,18,0.50,0.0,0.0,2.1,12,0.0,0.0,0.0,0.0,0.0,0.0,1.0
28884,0,1,3400,-55,55,-159,4.5,17,0.50,0.0,0.0,2.1,12,0.0,0.0,0.0,0.0,0.0,0.0,1.0
29133,0,1,3400,-55,55,-161,4.5,18,0.50,0.0,0.0,2.1,12,0.0,0.0,0.0,0.0,0.0,0.0,1.0
29382,0,1,3400,-55,55,-157,4.5,17,0.50,0.0,0.0,2.1,12,0.0,0.0,0.0,0.0,0.0,0.0,1.0
29631,0,1,3400,-55,55,-158,4.5,17,0.50,0.0,0.0,2.1,12,0.0,0.0,0.0,0.0,0.0,0.0,1.0
29880,0,1,3400,-55,55,-157,4.5,17,0.50,0.0,0.0,2.1,12,0.0,0.0,0.0,0.0,0.0,0.0,1.0
30129,0,1,3400,-55,55,-159,4.5,17,0.50,0.0,0.0,2.1,12,0.0,0.0,0.0,0.0,0.0,0.0,1.0
30378,0,1,3400,-55,55,-159,4.5,18,0.50,0.0,0.0,2.1,12,0.0,0.0,0.0,0.0,0.0,0.0,1.0
30627,0,1,3400,-55,55,-158,4.5,18,0.50,0.0,0.0,2.1,12,0.0,0.0,0.0,0.0,0.0,0.0,1.0
30876,0,1,3400,-55,55,-158,4.5,18,0.50,0.0,0.0,2.1,12,0.0,0.0,0.0,0.0,0.0,0.0,1.0
31125,0,1,3400,-55,55,-159,4.5,18,0.50,0.0,0.0,2.1,11,0.0,0.0,0.0,0.0,0.0,0.0,1.0
31374,0,1,3400,-55,55,-158,4.5,18,0.50,0.0,0.0,2.1,12,0.0,0.0,0.0,0.0,0.0,0.0,1.0
31623,0,1,3400,-55,55,-158,4.5,18,0.50,0.0,0.0,2.1,12,0.0,0.0,0.0,0.0,0.0,0.0,1.0
31872,0,1,3400,-55,55,-155,4.5,17,0.50,0.0,0.0,2.1,12,0.0,0.0,0.0,0.0,0.0,0.0,1.0
32121,0,1,3400,-55,55,-157,4.5,18,0.50,0.0,0.0,2.1,12,0.0,0.0,0.0,0.0,0.0,0.0,1.0
32370,0,1,3400,-55,55,-157,4.5,17,0.50,0.0,0.0,2.1,12,0.0,0.0,0.0,0.0,0.0,0.0,1.0
32619,0,1,3400,-55,55,-154,4.5,18,0.50,0.0,0.0,2.1,12,0.0,0.0,0.0,0.0,0.0,0.0,1.0
32868,0,1,3400,-55,55,-154,4.5,17,0.50,0.0,0.0,2.1,12,0.0,0.0,0.0,0.0,0.0,0.0,1.0
33117,0,1,3400,-55,55,-155,4.5,17,0.50,0.0,0.0,2.1,12,0.0,0.0,0.0,0.0,0.0,0.0,1.0
33366,0,1,3400,-55,55,-155,4.5,18,0.50,0.0,0.0,2.1,12,0.0,0.0,0.0,0.0,0.0,0.0,1.0
33615,0,1,3400,-55,55,-156,4.5,17,0.50,0.0,0.0,2.1,12,0.0,0.0,0.0,0.0,0.0,0.0,1.0
33864,0,1,3400,-55,55,-158,4.5,17,0.50,0.0,0.0,2.1,12,0.0,0.0,0.0,0.0,0.0,0.0,1.0
34113,0,1,3400,-55,55,-158,4.5,18,0.50,0.0,0.0,2.1,12,0.0,0.0,0.0,0.0,0.0,0.0,1.0
34362,0,1,3400,-55,55,-155,4.5,18,0.50,0.0,0.0,2.1,12,0.0,0.0,0.0,0.0,0.0,0.0,1.0
34611,0,1,3400,-55,55,-158,4.5,18,0.50,0.0,0.0,2.1,12,0.0,0.0,0.0,0.0,0.0,0.0,1.0
34860,0,1,3400,-55,55,-159,4.5,18,0.50,0.0,0.0,2.1,11,0.0,0.0,0.0,0.0,0.0,0.0,1.0
35109,0,1,3400,-55,55,-157,4.5,18,0.50,0.0,0.0,2.1,12,0.0,0.0,0.0,0.0,0.0,0.0,1.0
35358,0,1,3400,-55,55,-158,4.5,18,0.50,0.0,0.0,2.1,12,0.0,0.0,0.0,0.0,0.0,0.0,1.0
35607,0,1,3400,-55,55,-158,4.5,18,0.50,0.0,0.0,2.1,12,0.0,0.0,0.0,0.0,0.0,0.0,1.0
35856,0,1,3400,-55,55,-156,4.5,18,0.50,0.0,0.0,2.1,12,0.0,0.0,0.0,0.0,0.0,0.0,1.0
36105,0,1,3400,-55,55,-153,4.5,18,0.50,0.0,0.0,2.1,12,0.0,0.0,0.0,0.0,0.0,0.0,1.0
36354,0,1,3400,-55,55,-152,4.5,18,0.50,0.0,0.0,2.1,12,0.0,0.0,0.0,0.0,0.0,0.0,1.0
36603,0,1,3400,-55,55,-153,4.5,17,0.50,0.0,0.0,2.1,12,0.0,0.0,0.0,0.0,0.0,0.0,1.0
36852,0,1,3400,-55,55,-156,4.5,17,0.50,0.0,0.0,2.1,12,0.0,0.0,0.0,0.0,0.0,0.0,1.0
37101,0,1,3400,-55,55,-156,4.5,18,0.50,0.0,0.0,2.1,12,0.0,0.0,0.0,0.0,0.0,0.0,1.0
37350,0,1,3400,-55,55,-157,4.5,18,0.50,0.0,0.0,2.1,12,0.0,0.0,0.0,0.0,0.0,0.0,1.0
37599,0,1,3400,-55,55,-158,4.5,18,0.50,0.0,0.0,2.1,12,0.0,0.0,0.0,0.0,0.0,0.0,1.0
37848,0,1,3400,-55,55,-156,4.5,17,0.50,0.0,0.0,2.1,12,0.0,0.0,0.0,0.0,0.0,0.0,1.0
38097,0,1,3400,-55,55,-155,4.5,18,0.50,0.0,0.0,2.1,12,0.0,0.0,0.0,0.0,0.0,0.0,1.0
38346,0,1,3400,-55,55,-156,4.5,18,0.50,0.0,0.0,2.1,12,0.0,0.0,0.0,0.0,0.0,0.0,1.0
38595,0,1,3400,-55,55,-158,4.5,17,0.50,0.0,0.0,2.1,12,0.0,0.0,0.0,0.0,0.0,0.0,1.0
38844,0,1,3400,-55,55,-157,4.5,17,0.50,0.0,0.0,2.1,12,0.0,0.0,0.0,0.0,0.0,0.0,1.0
39093,0,1,3400,-55,55,-156,4.5,18,0.50,0.0,0.0,2.1,12,0.0,0.0,0.0,0.0,0.0,0.0,1.0
39342,0,1,3400,-55,55,-156,4.5,18,0.50,0.0,0.0,2.1,12,0.0,0.0,0.0,0.0,0.0,0.0,1.0
39591,0,1,3400,-55,55,-155,4.5,18,0.50,0.0,0.0,2.1,12,0.0,0.0,0.0,0.0,0.0,0.0,1.0
39840,0,1,3400,-55,55,-155,4.5,18,0.50,0.0,0.0,2.1,12,0.0,0.0,0.0,0.0,0.0,0.0,1.0
40089,0,1,3400,-55,55,-157,4.5,17,0.50,0.0,0.0,2.1,12,0.0,0.0,0.0,0.0,0.0,0.0,1.0
40338,0,1,3400,-55,55,-155,4.5,17,0.50,0.0,0.0,2.1,12,0.0,0.0,0.0,0.0,0.0,0.0,1.0
40587,0,1,3400,-55,55,-156,4.5,18,0.50,0.0,0.0,2.1,12,0.0,0.0,0.0,0.0,0.0,0.0,1.0
40836,0,1,3400,-55,55,-155,4.5,18,0.50,0.0,0.0,2.1,12,0.0,0.0,0.0,0.0,0.0,0.0,1.0
41085,0,1,3400,-55,55,-154,4.5,17,0.50,0.0,0.0,2.1,12,0.0,0.0,0.0,0.0,0.0,0.0,1.0
41334,0,1,3400,-55,55,-158,4.5,17,0.50,0.0,0.0,2.1,12,0.0,0.0,0.0,0.0,0.0,0.0,1.0
41583,0,1,3400,-55,55,-159,4.5,18,0.50,0.0,0.0,2.1,12,0.0,0.0,0.0,0.0,0.0,0.0,1.0
41832,0,1,3400,-55,55,-157,4.5,18,0.50,0.0,0.0,2.1,12,0.0,0.0,0.0,0.0,0.0,0.0,1.0
42081,0,1,3400,-55,55,-154,4.5,18,0.50,0.0,0.0,2.1,12,0.0,0.0,0.0,0.0,0.0,0.0,1.0
42330,0,1,3400,-55,55,-156,4.5,17,0.50,0.0,0.0,2.1,12,0.0,0.0,0.0,0.0,0.0,0.0,1.0
42579,0,1,3400,-55,55,-157,4.5,18,0.50,0.0,0.0,2.1,12,0.0,0.0,0.0,0.0,0.0,0.0,1.0
42828,0,1,3400,-55,55,-153,4.5,18,0.50,0.0,0.0,2.1,12,0.0,0.0,0.0,0.0,0.0,0.0,1.0
43077,0,1,3400,-55,55,-153,4.5,17,0.50,0.0,0.0,2.1,12,0.0,0.0,0.0,0.0,0.0,0.0,1.0
43326,0,1,3400,-55,55,-156,4.5,18,0.50,0.0,0.0,2.1,12,0.0,0.0,0.0,0.0,0.0,0.0,1.0
43575,0,1,3400,-55,55,-160,4.5,18,0.50,0.0,0.0,2.1,12,0.0,0.0,0.0,0.0,0.0,0.0,1.0
43824,0,1,3400,-55,55,-161,4.5,17,0.50,0.0,0.0,2.1,12,0.0,0.0,0.0,0.0,0.0,0.0,1.0
44073,0,1,3400,-55,55,-157,4.5,18,0.50,0.0,0.0,2.1,12,0.0,0.0,0.0,0.0,0.0,0.0,1.0
44322,0,1,3400,-55,55,-157,4.5,18,0.50,0.0,0.0,2.1,12,0.0,0.0,0.0,0.0,0.0,0.0,1.0
44571,0,1,3400,-55,55,-156,4.5,17,0.50,0.0,0.0,2.1,12,0.0,0.0,0.0,0.0,0.0,0.0,1.0
44820,0,1,3400,-55,55,-156,4.5,18,0.50,0.0,0.0,2.1,12,0.0,0.0,0.0,0.0,0.0,0.0,1.0
45069,0,1,3400,-55,55,-154,4.5,17,0.50,0.0,0.0,2.1,12,0.0,0.0,0.0,0.0,0.0,0.0,1.0
45318,0,1,3400,-55,55,-155,4.5,18,0.50,0.0,0.0,2.1,11,0.0,0.0,0.0,0.0,0.0,0.0,1.0
45567,0,1,3400,-55,55,-160,4.5,18,0.50,0.0,0.0,2.1,12,0.0,0.0,0.0,0.0,0.0,0.0,1.0
45816,0,1,3400,-55,55,-160,4.5,18,0.50,0.0,0.0,2.1,12,0.0,0.0,0.0,0.0,0.0,0.0,1.0
46065,0,1,3400,-55,55,-159,4.5,17,0.50,0.0,0.0,2.1,12,0.0,0.0,0.0,0.0,0.0,0.0,1.0
46314,0,1,3400,-55,55,-159,4.5,18,0.50,0.0,0.0,2.1,12,0.0,0.0,0.0,0.0,0.0,0.0,1.0
46563,0,1,3400,-55,55,-158,4.5,18,0.50,0.0,0.0,2.1,12,0.0,0.0,0.0,0.0,0.0,0.0,1.0
46812,0,1,3400,-55,55,-154,4.5,17,0.50,0.0,0.0,2.1,12,0.0,0.0,0.0,0.0,0.0,0.0,1.0
47061,0,1,3400,-55,55,-154,4.5,18,0.50,0.0,0.0,2.1,12,0.0,0.0,0.0,0.0,0.0,0.0,1.0
47310,0,1,3400,-55,55,-153,4.5,18,0.50,0.0,0.0,2.1,12,0.0,0.0,0.0,0.0,0.0,0.0,1.0
47559,0,1,3400,-55,55,-156,4.5,18,0.50,0.0,0.0,2.1,12,0.0,0.0,0.0,0.0,0.0,0.0,1.0
47808,0,1,3400,-55,55,-159,4.5,17,0.50,0.0,0.0,2.1,12,0.0,0.0,0.0,0.0,0.0,0.0,1.0
48057,0,1,3400,-55,55,-162,4.5,18,0.50,0.0,0.0,2.1,12,0.0,0.0,0.0,0.0,0.0,0.0,1.0
48306,0,1,3400,-55,55,-160,4.5,17,0.50,0.0,0.0,2.1,12,0.0,0.0,0.0,0.0,0.0,0.0,1.0
48555,0,1,3400,-55,55,-159,4.5,17,0.50,0.0,0.0,2.1,12,0.0,0.0,0.0,0.0,0.0,0.0,1.0
48804,0,1,3400,-55,55,-158,5.2,17,0.51,32448.000000,0,2.1,11,924,0.0,0.0,0.0,0.0,0.0,1.0
49053,0,1,3400,-55,55,-161,13,18,0.57,107792.828125,5,2.1,4.6,0.0,49434.261719,38,0.0,0.0,0.0,1.0
49302,0,1,3400,-55,55,-160,12,17,0.70,141568.000000,0,2.1,0.0,0.0,0.0,0.0,0.0,0.0,0.0,1.0
49551,0,1,3400,-55,55,-157,12,18,0.50,117800.796875,0,2.1,0.0,0.0,0.0,0.0,0.0,0.0,0.0,1.0
49800,0,1,3400,-55,55,-156,13,18,0.50,124640.000000,0,2.1,0.0,186,0.0,0.0,0.0,0.0,0.0,1.0
50049,0,1,3400,-55,55,-157,13,18,0.50,128446.218750,0,2.1,12,0.0,15521.912109,0,0.0,0.0,0.0,1.0
50298,0,1,3400,-55,55,-158,13,17,0.50,86528.000000,0,2.1,12,0.0,0.0,0.0,0.0,0.0,0.0,1.0
50547,0,1,3400,-55,55,-156,13,18,0.50,97147.414062,0,2.1,12,0.0,0.0,0.0,0.0,0.0,0.0,1.0
50796,0,1,3400,-55,55,-155,12,17,0.62,102112.000000,0,2.1,12,186,0.0,0.0,0.0,0.0,0.0,1.0
51045,0,1,3400,-55,55,-155,13,17,0.50,162432.000000,0,2.1,2.5,0.0,24032.000000,36,0.0,0.0,0.0,1.0
51294,0,1,3400,-55,55,-156,13,17,0.53,80095.617188,0,2.1,0.0,0.0,0.0,0.0,0.0,0.0,0.0,1.0
51543,0,1,3400,-55,55,-158,13,18,0.82,97856.000000,10,2.1,0.0,0.0,0.0,0.0,0.0,0.0,0.0,1.0
51792,0,1,3400,-55,55,-156,6.2,17,0.54,150215.140625,0,2.1,0.0,186,0.0,0.0,0.0,0.0,0.0,1.0
52041,0,1,3400,-55,55,-157,14,17,0.51,172224.000000,0,2.1,0.0,0.0,8160.000000,17,0.0,0.0,0.0,1.0
52290,0,1,3400,-55,55,-159,13,17,0.50,145434.265625,0,2.1,0.0,0.0,0.0,0.0,0.0,0.0,0.0,1.0
52539,0,1,3400,-55,55,-160,13,18,0.50,108160.000000,0,2.1,0.0,0.0,0.0,0.0,0.0,0.0,0.0,1.0
52788,0,1,3400,-55,55,-159,12,17,0.50,96701.195312,0,2.1,0.0,186,0.0,0.0,0.0,0.0,0.0,1.0
53037,0,1,3400,-55,55,-159,13,17,0.50,113568.000000,0,2.1,19,0.0,6720.000000,50,0.0,0.0,0.0,1.0
53286,0,1,3400,-55,55,-161,11,18,0.50,75584.000000,0,2.1,21,0.0,0.0,0.0,0.0,0.0,0.0,1.0
53535,0,1,3400,-55,55,-155,13,18,0.50,96956.171875,0,2.1,21,0.0,0.0,0.0,0.0,0.0,0.0,1.0
53784,0,1,3400,-55,55,-155,13,17,0.50,96928.000000,0,2.1,21,186,0.0,0.0,0.0,0.0,0.0,1.0
54033,0,1,3400,-55,55,-153,11,18,0.50,118470.117188,0,2.1,1.6,0.0,15776.892578,36,0.0,0.0,0.0,1.0
54282,0,1,3400,-55,55,-155,13,18,0.50,103264.000000,0,2.1,0.0,0.0,0.0,0.0,0.0,0.0,0.0,1.0
54531,0,1,3400,-55,55,-156,13,18,0.50,86247.015625,0,2.1,0.0,0.0,0.0,0.0,0.0,0.0,0.0,1.0
54780,0,1,3400,-55,55,-159,13,17,0.50,129792.000000,0,2.1,0.0,186,0.0,0.0,0.0,0.0,0.0,1.0
55029,0,1,3400,-55,55,-160,13,18,0.50,156832.000000,0,2.1,2.7,0.0,19968.000000,40,0.0,0.0,0.0,1.0
55278,0,1,3400,-55,55,-160,13,18,0.50,154964.140625,0,2.1,0.0,0.0,0.0,0.0,0.0,0.0,0.0,1.0
55527,0,1,3400,-55,55,-159,13,17,0.51,80704.000000,0,2.1,0.0,0.0,0.0,0.0,0.0,0.0,0.0,1.0
55776,0,1,3400,-55,55,-158,13,17,0.89,134247.015625,4,2.1,0.0,186,0.0,0.0,0.0,0.0,0.0,1.0
56025,0,1,3400,-55,55,-158,13,17,0.50,145600.000000,0,2.1,0.82,0.0,10464.000000,36,0.0,0.0,0.0,1.0
56274,0,1,3400,-55,55,-158,13,17,0.50,123888.445312,0,2.1,0.0,0.0,0.0,0.0,0.0,0.0,0.0,1.0
56523,0,1,3400,-55,55,-158,13,17,0.50,140608.000000,0,2.1,0.0,0.0,0.0,0.0,0.0,0.0,0.0,1.0
56772,0,1,3400,-55,55,-156,13,18,0.50,96924.304688,0,2.1,0.0,186,0.0,0.0,0.0,0.0,0.0,1.0
57021,0,1,3400,-55,55,-157,9.2,18,0.50,177984.000000,0,2.1,0.0,0.0,8160.000000,17,0.0,0.0,0.0,1.0
57270,0,1,3400,-55,55,-158,12,18,0.50,86752.000000,0,2.1,0.0,0.0,0.0,0.0,0.0,0.0,0.0,1.0
57519,0,1,3400,-55,55,-161,13,17,0.71,113115.539062,5,2.1,0.0,0.0,0.0,0.0,0.0,0.0,0.0,1.0
57768,0,1,3400,-55,55,-158,12,17,0.63,75584.000000,0,2.1,0.0,186,0.0,0.0,0.0,0.0,0.0,1.0
58017,0,1,3400,-55,55,-156,13,18,0.54,107314.742188,5,2.1,0.0,0.0,8127.490234,0,0.0,0.0,0.0,1.0
58266,0,1,3400,-55,55,-157,13,17,0.62,112736.000000,10,2.1,0.0,0.0,0.0,0.0,0.0,0.0,0.0,1.0
58515,0,1,3400,-55,55,-156,12,18,0.50,145402.390625,0,2.1,0.0,0.0,0.0,0.0,0.0,0.0,0.0,1.0
58764,0,1,3400,-55,55,-156,11,18,0.50,130208.000000,0,2.1,0.0,186,0.0,0.0,0.0,0.0,0.0,1.0
59013,0,1,3400,-55,55,-157,13,17,0.50,97721.117188,0,2.1,0.0,0.0,8127.490234,0,0.0,0.0,0.0,1.0
59262,0,1,3400,-55,55,-152,9.0,18,0.50,152704.000000,0,2.1,0.0,0.0,0.0,0.0,0.0,0.0,0.0,1.0
59511,0,1,3400,-55,55,-154,9.0,18,0.59,124704.000000,0,2.1,0.0,0.0,0.0,0.0,0.0,0.0,0.0,1.0
59760,0,1,3400,-55,55,-155,10,17,0.50,147537.843750,0,2.1,0.0,186,0.0,0.0,0.0,0.0,0.0,1.0
60009,0,1,3400,-55,55,-155,12,18,0.50,91520.000000,0,2.1,13,0.0,19968.000000,31,0.0,0.0,0.0,1.0
60258,0,1,3400,-55,55,-154,13,17,0.50,80382.468750,0,2.1,14,0.0,0.0,0.0,0.0,0.0,0.0,1.0
60507,0,1,3400,-55,55,-153,12,17,0.50,86496.000000,0,2.1,14,0.0,0.0,0.0,0.0,0.0,0.0,1.0
60756,0,1,3400,-55,55,-159,13,17,0.50,123888.445312,0,2.1,14,186,0.0,0.0,0.0,0.0,0.0,1.0
61005,0,1,3400,-55,55,-161,13,17,0.50,157120.000000,0,2.1,5.2,0.0,19968.000000,31,0.0,0.0,0.0,1.0
61254,0,1,3400,-55,55,-162,11,18,0.50,138964.140625,0,2.1,0.0,0.0,0.0,0.0,0.0,0.0,0.0,1.0
61503,0,1,3400,-55,55,-162,5.8,18,0.50,133344.000000,0,2.1,0.0,0.0,0.0,0.0,0.0,0.0,0.0,1.0
61752,0,1,3400,-55,55,-160,13,17,0.50,107744.000000,0,2.1,0.0,186,0.0,0.0,0.0,0.0,0.0,1.0
62001,0,1,3400,-55,55,-160,13,17,0.55,129274.898438,0,2.1,7.3,0.0,16988.046875,50,0.0,0.0,0.0,1.0
62250,0,1,3400,-55,55,-160,13,18,0.50,102336.000000,0,2.1,7.5,0.0,0.0,0.0,0.0,0.0,0.0,1.0
62499,0,1,3400,-55,55,-158,13,18,0.54,123378.484375,0,2.1,7.5,0.0,0.0,0.0,0.0,0.0,0.0,1.0
62748,0,1,3400,-55,55,-154,17,17,0.50,106720.000000,0,2.1,7.5,186,0.0,0.0,0.0,0.0,0.0,1.0
62997,0,1,3400,-55,55,-159,13,18,1.1,80382.468750,7,2.1,6.6,0.0,22820.716797,33,0.0,0.0,0.0,1.0
63246,0,1,3400,-55,55,-157,13,18,0.50,178464.000000,0,2.1,7.0,0.0,0.0,0.0,0.0,0.0,0.0,1.0
63495,0,1,3400,-55,55,-155,13,18,0.53,113664.000000,0,2.1,6.9,0.0,0.0,0.0,0.0,0.0,0.0,1.0
63744,0,1,3400,-55,55,-152,11,18,0.50,129976.093750,0,2.1,7.0,186,0.0,0.0,0.0,0.0,0.0,1.0
63993,0,1,3400,-55,55,-155,12,17,1.0,105920.000000,5,2.1,7.4,0.0,17056.000000,33,0.0,0.0,0.0,1.0
64242,0,1,3400,-55,55,-155,10,18,0.50,123665.335938,0,2.1,7.5,0.0,0.0,0.0,0.0,0.0,0.0,1.0
64491,0,1,3400,-55,55,-154,12,17,0.50,108256.000000,0,2.1,7.5,0.0,0.0,0.0,0.0,0.0,0.0,1.0
64740,0,1,3400,-55,55,-157,13,17,0.50,144605.578125,0,2.1,7.5,186,0.0,0.0,0.0,0.0,0.0,1.0
64989,0,1,3400,-55,55,-157,13,17,0.50,123968.000000,0,2.1,13,0.0,23488.000000,0,0.0,0.0,0.0,1.0
65238,0,1,3400,-55,55,-155,13,18,0.50,91250.992188,0,2.1,14,0.0,0.0,0.0,0.0,0.0,0.0,1.0
65487,0,1,3400,-55,55,-156,12,17,0.50,82656.000000,0,2.1,14,0.0,0.0,0.0,0.0,0.0,0.0,1.0
65736,0,1,3400,-55,55,-159,13,17,0.50,108160.000000,0,2.1,14,186,0.0,0.0,0.0,0.0,0.0,1.0
65985,0,1,3400,-55,55,-161,13,18,0.50,80988.046875,0,2.1,14,0.0,23394.421875,0,0.0,0.0,0.0,1.0
66234,0,1,3400,-55,55,-159,13,17,0.50,124480.000000,0,2.1,14,0.0,0.0,0.0,0.0,0.0,0.0,1.0
66483,0,1,3400,-55,55,-156,13,18,0.50,85768.921875,0,2.1,14,0.0,0.0,0.0,0.0,0.0,0.0,1.0
66732,0,1,3400,-55,55,-161,13,17,0.50,150176.000000,0,2.1,14,186,0.0,0.0,0.0,0.0,0.0,1.0
66981,0,1,3400,-55,55,-162,11,18,0.51,150756.968750,0,2.1,12,0.0,23394.421875,0,0.0,0.0,0.0,1.0
67230,0,1,3400,-55,55,-158,13,17,0.50,75712.000000,0,2.1,12,0.0,0.0,0.0,0.0,0.0,0.0,1.0
67479,0,1,3400,-55,55,-157,13,17,0.50,86183.265625,0,2.1,12,0.0,0.0,0.0,0.0,0.0,0.0,1.0
67728,0,1,3400,-55,55,-156,13,17,0.50,130400.000000,0,2.1,12,186,0.0,0.0,0.0,0.0,0.0,1.0
67977,0,1,3400,-55,55,-156,13,17,0.56,59072.000000,0,2.1,15,0.0,0.0,80,0.0,0.0,0.0,1.0
68226,0,1,3400,-55,55,-157,13,17,0.56,166565.734375,3,2.1,15,0.0,0.0,0.0,0.0,0.0,0.0,1.0
68475,0,1,3400,-55,55,-159,13,17,0.50,70304.000000,0,2.1,15,0.0,0.0,0.0,0.0,0.0,0.0,1.0
68724,0,1,3400,-55,55,-161,13,18,0.50,117673.304688,0,2.1,15,186,0.0,0.0,0.0,0.0,0.0,1.0
68973,0,1,3400,-55,55,-160,13,17,0.68,118560.000000,5,2.1,1.4,0.0,13984.000000,33,0.0,0.0,0.0,1.0
69222,0,1,3400,-55,55,-158,13,17,0.55,123697.210938,0,2.1,0.0,0.0,0.0,0.0,0.0,0.0,0.0,1.0
69471,0,1,3400,-55,55,-155,12,17,0.51,163168.000000,0,2.1,0.0,0.0,0.0,0.0,0.0,0.0,0.0,1.0
69720,0,1,3400,-55,55,-158,13,17,0.58,145625.500000,4,2.1,0.0,186,0.0,0.0,0.0,0.0,0.0,1.0
69969,0,1,3400,-55,55,-156,13,17,0.50,162240.000000,0,2.1,13,0.0,23488.000000,0,0.0,0.0,0.0,1.0
70218,0,1,3400,-55,55,-159,8.5,17,0.77,107520.000000,4,2.1,14,0.0,0.0,0.0,0.0,0.0,0.0,1.0
70467,0,1,3400,-55,55,-159,15,17,0.50,142820.718750,0,2.1,14,0.0,0.0,0.0,0.0,0.0,0.0,1.0
70716,0,1,3400,-55,55,-161,13,17,0.50,124576.000000,0,2.1,14,186,0.0,0.0,0.0,0.0,0.0,1.0
70965,0,1,3400,-55,55,-158,13,18,1.3,140143.421875,4,2.1,14,0.0,23394.421875,0,0.0,0.0,0.0,1.0
71214,0,1,3400,-55,55,-156,13,17,0.50,129888.000000,0,2.1,14,0.0,0.0,0.0,0.0,0.0,0.0,1.0
71463,0,1,3400,-55,55,-156,13,17,0.56,102342.632812,5,2.1,14,0.0,0.0,0.0,0.0,0.0,0.0,1.0
71712,0,1,3400,-55,55,-157,8.8,18,0.50,124512.000000,0,2.1,14,186,0.0,0.0,0.0,0.0,0.0,1.0
71961,0,1,3400,-55,55,-157,8.3,17,0.50,133800.796875,0,2.1,2.8,0.0,23808.765625,42,0.0,0.0,0.0,1.0
72210,0,1,3400,-55,55,-156,12,17,0.50,155680.000000,0,2.1,0.0,0.0,0.0,0.0,0.0,0.0,0.0,1.0
72459,0,1,3400,-55,55,-155,13,18,0.50,140192.000000,0,2.1,0.0,0.0,0.0,0.0,0.0,0.0,0.0,1.0
72708,0,1,3400,-55,55,-157,12,18,0.50,137529.875000,0,2.1,0.0,186,0.0,0.0,0.0,0.0,0.0,1.0
72957,0,1,3400,-55,55,-155,13,18,0.50,91104.000000,0,2.1,6.0,0.0,104704.000000,0,0.0,0.0,0.0,1.0
73206,0,1,3400,-55,55,-155,13,17,1.0,75410.359375,12,2.1,8.0,0.0,0.0,0.0,0.0,0.0,0.0,1.0
73455,0,1,3400,-55,55,-157,11,18,0.50,121792.000000,0,2.1,8.0,0.0,0.0,0.0,0.0,0.0,0.0,1.0
73704,0,1,3400,-55,55,-157,11,17,0.56,94948.210938,0,2.1,8.0,186,0.0,0.0,0.0,0.0,0.0,1.0
73953,0,1,3400,-55,55,-156,13,18,0.50,106944.000000,0,2.1,3.6,0.0,23904.000000,36,0.0,0.0,0.0,1.0
74202,0,1,3400,-55,55,-157,13,18,0.50,108160.000000,0,2.1,0.0,0.0,0.0,0.0,0.0,0.0,0.0,1.0
74451,0,1,3400,-55,55,-157,13,18,0.50,94119.523438,0,2.1,0.0,0.0,0.0,0.0,0.0,0.0,0.0,1.0
74700,0,1,3400,-55,55,-158,13,17,0.50,86528.000000,0,2.1,0.0,186,0.0,0.0,0.0,0.0,0.0,1.0
74949,0,1,3400,-55,55,-157,13,18,0.50,118087.648438,0,2.1,7.3,0.0,0.0,80,0.0,0.0,0.0,1.0
75198,0,1,3400,-55,55,-156,13,17,0.51,124384.000000,0,2.1,7.5,0.0,0.0,0.0,0.0,0.0,0.0,1.0
75447,0,1,3400,-55,55,-156,11,17,0.50,114709.164062,0,2.1,7.5,0.0,0.0,0.0,0.0,0.0,0.0,1.0
75696,0,1,3400,-55,55,-153,6.2,18,0.50,95808.000000,0,2.1,7.4,186,0.0,0.0,0.0,0.0,0.0,1.0
75945,0,1,3400,-55,55,-154,15,18,0.51,149577.687500,4,2.1,7.8,0.0,93928.289062,35,0.0,0.0,0.0,1.0
76194,0,1,3400,-55,55,-158,9.4,17,0.67,98016.000000,3,2.1,8.0,0.0,0.0,0.0,0.0,0.0,0.0,1.0
76443,0,1,3400,-55,55,-156,13,17,0.50,161408.000000,0,2.1,8.0,0.0,0.0,0.0,0.0,0.0,0.0,1.0
76692,0,1,3400,-55,55,-159,13,18,0.50,118501.992188,0,2.1,8.0,186,0.0,0.0,0.0,0.0,0.0,1.0
76941,0,1,3400,-55,55,-161,8.0,18,0.50,151200.000000,0,2.1,6.4,0.0,13632.000000,0,0.0,0.0,0.0,1.0
77190,0,1,3400,-55,55,-158,9.3,17,0.50,127840.640625,0,2.1,6.0,0.0,0.0,0.0,0.0,0.0,0.0,1.0
77439,0,1,3400,-55,55,-159,13,17,0.68,129056.000000,5,2.1,6.0,0.0,0.0,0.0,0.0,0.0,0.0,1.0
77688,0,1,3400,-55,55,-160,13,17,0.50,129466.132812,0,2.1,6.0,186,0.0,0.0,0.0,0.0,0.0,1.0
77937,0,1,3400,-55,55,-159,12,17,0.50,182944.000000,0,2.1,13,0.0,0.0,80,0.0,0.0,0.0,1.0
78186,0,1,3400,-55,55,-159,12,17,0.60,149896.421875,4,2.1,14,0.0,0.0,0.0,0.0,0.0,0.0,1.0
78435,0,1,3400,-55,55,-157,9.9,17,0.50,104640.000000,0,2.1,14,0.0,0.0,0.0,0.0,0.0,0.0,1.0
78684,0,1,3400,-55,55,-158,11,17,0.50,111232.000000,0,2.1,14,186,0.0,0.0,0.0,0.0,0.0,1.0
78933,0,1,3400,-55,55,-157,13,17,0.50,101928.289062,0,2.1,13,0.0,19123.505859,31,0.0,0.0,0.0,1.0
79182,0,1,3400,-55,55,-156,8.1,17,0.50,130272.000000,0,2.1,13,0.0,0.0,0.0,0.0,0.0,0.0,1.0
79431,0,1,3400,-55,55,-157,13,17,0.50,107729.085938,0,2.1,13,0.0,0.0,0.0,0.0,0.0,0.0,1.0
79680,0,1,3400,-55,55,-158,12,18,0.50,108160.000000,0,2.1,13,186,0.0,0.0,0.0,0.0,0.0,1.0
79929,0,1,3400,-55,55,-157,13,18,0.50,107729.085938,0,2.1,14,0.0,0.0,80,0.0,0.0,0.0,1.0
80178,0,1,3400,-55,55,-160,13,17,0.51,102752.000000,0,2.1,14,0.0,0.0,0.0,0.0,0.0,0.0,1.0
80427,0,1,3400,-55,55,-161,13,17,0.51,171952.187500,0,2.1,14,0.0,0.0,0.0,0.0,0.0,0.0,1.0
80676,0,1,3400,-55,55,-161,13,18,0.51,146624.000000,4,2.1,14,186,0.0,0.0,0.0,0.0,0.0,1.0
80925,0,1,3400,-55,55,-159,13,18,0.50,149003.984375,0,2.1,0.58,0.0,8127.490234,17,0.0,0.0,0.0,1.0
81174,0,1,3400,-55,55,-159,13,17,0.50,140192.000000,0,2.1,0.0,0.0,0.0,0.0,0.0,0.0,0.0,1.0
81423,0,1,3400,-55,55,-159,12,17,0.51,159232.000000,0,2.1,0.0,0.0,0.0,0.0,0.0,0.0,0.0,1.0
81672,0,1,3400,-55,55,-160,13,18,0.50,128956.171875,0,2.1,0.0,186,0.0,0.0,0.0,0.0,0.0,1.0
81921,0,1,3400,-55,55,-156,13,18,0.50,167648.000000,0,2.1,0.0,0.0,8160.000000,0,0.0,0.0,0.0,1.0
82170,0,1,3400,-55,55,-156,13,18,0.50,91569.718750,0,2.1,0.0,0.0,0.0,0.0,0.0,0.0,0.0,1.0
82419,0,1,3400,-55,55,-157,13,18,0.50,134784.000000,0,2.1,0.0,0.0,0.0,0.0,0.0,0.0,0.0,1.0
82668,0,1,3400,-55,55,-163,13,18,0.50,86183.265625,0,2.1,0.0,186,0.0,0.0,0.0,0.0,0.0,1.0
82917,0,1,3400,-55,55,-162,12,18,0.50,118208.000000,0,2.1,13,0.0,23488.000000,0,0.0,0.0,0.0,1.0
83166,0,1,3400,-55,55,-161,13,18,0.50,123136.000000,0,2.1,14,0.0,0.0,0.0,0.0,0.0,0.0,1.0
83415,0,1,3400,-55,55,-159,12,17,0.50,107378.484375,0,2.1,14,0.0,0.0,0.0,0.0,0.0,0.0,1.0
83664,0,1,3400,-55,55,-155,12,17,0.65,157056.000000,3,2.1,13,186,0.0,0.0,0.0,0.0,0.0,1.0
83913,0,1,3400,-55,55,-155,11,18,0.50,75378.484375,0,2.1,12,0.0,29800.796875,33,0.0,0.0,0.0,1.0
84162,0,1,3400,-55,55,-154,5.6,17,0.50,123872.000000,0,2.1,12,0.0,0.0,0.0,0.0,0.0,0.0,1.0
84411,0,1,3400,-55,55,-155,9.0,18,0.50,103649.406250,0,2.1,12,0.0,0.0,0.0,0.0,0.0,0.0,1.0
84660,0,1,3400,-55,55,-156,13,17,0.50,124128.000000,0,2.1,12,186,0.0,0.0,0.0,0.0,0.0,1.0
84909,0,1,3400,-55,55,-157,12,18,0.50,129370.515625,0,2.1,13,0.0,23394.421875,0,0.0,0.0,0.0,1.0
85158,0,1,3400,-55,55,-157,13,18,0.50,156928.000000,0,2.1,14,0.0,0.0,0.0,0.0,0.0,0.0,1.0
85407,0,1,3400,-55,55,-156,12,18,0.50,120096.000000,0,2.1,14,0.0,0.0,0.0,0.0,0.0,0.0,1.0
85656,0,1,3400,-55,55,-157,13,18,0.50,118597.609375,0,2.1,14,186,0.0,0.0,0.0,0.0,0.0,1.0
85905,0,1,3400,-55,55,-157,13,18,0.50,118976.000000,0,2.1,2.5,0.0,24032.000000,36,0.0,0.0,0.0,1.0
86154,0,1,3400,-55,55,-157,13,17,0.50,59250.996094,0,2.1,0.0,0.0,0.0,0.0,0.0,0.0,0.0,1.0
86403,0,1,3400,-55,55,-158,12,17,0.50,83424.000000,0,2.1,0.0,0.0,0.0,0.0,0.0,0.0,0.0,1.0
86652,0,1,3400,-55,55,-157,12,18,0.50,119681.273438,0,2.1,0.0,186,0.0,0.0,0.0,0.0,0.0,1.0
86901,0,1,3400,-55,55,-158,13,18,0.52,91936.000000,0,2.1,0.91,0.0,16768.000000,31,0.0,0.0,0.0,1.0
87150,0,1,3400,-55,55,-159,13,17,0.50,118501.992188,0,2.1,0.0,0.0,0.0,0.0,0.0,0.0,0.0,1.0
87399,0,1,3400,-55,55,-159,11,18,0.94,100480.000000,0,2.1,0.0,0.0,0.0,0.0,0.0,0.0,0.0,1.0
87648,0,1,3400,-55,55,-157,13,18,0.58,156000.000000,0,2.1,0.0,186,0.0,0.0,0.0,0.0,0.0,1.0
87897,0,1,3400,-55,55,-154,13,17,0.50,107314.742188,0,2.1,0.85,0.0,15776.892578,36,0.0,0.0,0.0,1.0
88146,0,1,3400,-55,55,-156,10,17,0.57,169920.000000,3,2.1,0.0,0.0,0.0,0.0,0.0,0.0,0.0,1.0
88395,0,1,3400,-55,55,-155,9.8,17,0.50,116015.937500,0,2.1,0.0,0.0,0.0,0.0,0.0,0.0,0.0,1.0
88644,0,1,3400,-55,55,-155,9.3,17,0.56,155648.000000,3,2.1,0.0,186,0.0,0.0,0.0,0.0,0.0,1.0
88893,0,1,3400,-55,55,-158,13,17,0.50,107729.085938,0,2.1,14,0.0,88223.109375,39,0.0,0.0,0.0,1.0
89142,0,1,3400,-55,55,-159,13,18,0.50,91936.000000,0,2.1,16,0.0,0.0,0.0,0.0,0.0,0.0,1.0
89391,0,1,3400,-55,55,-161,13,18,0.50,129274.898438,0,2.1,16,0.0,0.0,0.0,0.0,0.0,0.0,1.0
89640,0,1,3400,-55,55,-160,13,18,0.50,92128.000000,0,2.1,16,186,0.0,0.0,0.0,0.0,0.0,1.0
89889,0,1,3400,-55,55,-158,11,17,0.75,157952.000000,3,2.1,12,0.0,15584.000000,0,0.0,0.0,0.0,1.0
90138,0,1,3400,-55,55,-156,12,17,0.50,97912.351562,0,2.1,12,0.0,0.0,0.0,0.0,0.0,0.0,1.0
90387,0,1,3400,-55,55,-157,13,18,0.50,102432.000000,0,2.1,12,0.0,0.0,0.0,0.0,0.0,0.0,1.0
90636,0,1,3400,-55,55,-157,11,18,0.51,100621.515625,6,2.1,12,186,0.0,0.0,0.0,0.0,0.0,1.0
90885,0,1,3400,-55,55,-158,13,17,0.50,123968.000000,0,2.1,14,0.0,0.0,80,0.0,0.0,0.0,1.0
91134,0,1,3400,-55,55,-158,13,17,0.50,70023.906250,0,2.1,14,0.0,0.0,0.0,0.0,0.0,0.0,1.0
91383,0,1,3400,-55,55,-159,10,17,0.50,113024.000000,0,2.1,14,0.0,0.0,0.0,0.0,0.0,0.0,1.0
91632,0,1,3400,-55,55,-160,13,17,0.50,86183.265625,0,2.1,14,186,0.0,0.0,0.0,0.0,0.0,1.0
91881,0,1,3400,-55,55,-163,13,17,0.50,134336.000000,0,2.1,1.4,0.0,10336.000000,36,0.0,0.0,0.0,1.0
92130,0,1,3400,-55,55,-161,11,17,0.50,108128.000000,0,2.1,0.0,0.0,0.0,0.0,0.0,0.0,0.0,1.0
92379,0,1,3400,-55,55,-162,13,18,0.50,134948.203125,0,2.1,0.0,0.0,0.0,0.0,0.0,0.0,0.0,1.0
92628,0,1,3400,-55,55,-159,13,17,0.50,97344.000000,0,2.1,0.0,186,0.0,0.0,0.0,0.0,0.0,1.0
92877,0,1,3400,-55,55,-158,11,17,0.50,113848.609375,0,2.1,19,0.0,6693.227051,56,0.0,0.0,0.0,1.0
93126,0,1,3400,-55,55,-157,13,18,0.50,54080.000000,0,2.1,21,0.0,0.0,0.0,0.0,0.0,0.0,1.0
93375,0,1,3400,-55,55,-157,13,18,0.61,102342.632812,5,2.1,21,0.0,0.0,0.0,0.0,0.0,0.0,1.0
93624,0,1,3400,-55,55,-157,13,17,0.50,151008.000000,0,2.1,21,186,0.0,0.0,0.0,0.0,0.0,1.0
93873,0,1,3400,-55,55,-157,13,17,0.50,113211.156250,0,2.1,1.6,0.0,15776.892578,36,0.0,0.0,0.0,1.0
94122,0,1,3400,-55,55,-160,8.1,17,0.50,134112.000000,0,2.1,0.0,0.0,0.0,0.0,0.0,0.0,0.0,1.0
94371,0,1,3400,-55,55,-161,13,18,0.50,145600.000000,0,2.1,0.0,0.0,0.0,0.0,0.0,0.0,0.0,1.0
94620,0,1,3400,-55,55,-158,13,18,0.50,107314.742188,0,2.1,0.0,186,0.0,0.0,0.0,0.0,0.0,1.0
94869,0,1,3400,-55,55,-157,13,17,0.50,91104.000000,0,2.1,13,0.0,22720.000000,0,0.0,0.0,0.0,1.0
95118,0,1,3400,-55,55,-156,8.8,17,0.50,128796.812500,0,2.1,13,0.0,0.0,0.0,0.0,0.0,0.0,1.0
95367,0,1,3400,-55,55,-156,13,18,0.50,108256.000000,0,2.1,14,0.0,0.0,0.0,0.0,0.0,0.0,1.0
95616,0,1,3400,-55,55,-158,13,18,0.75,70023.906250,7,2.1,14,186,0.0,0.0,0.0,0.0,0.0,1.0
95865,0,1,3400,-55,55,-155,13,18,0.50,81120.000000,0,2.1,2.7,0.0,23904.000000,36,0.0,0.0,0.0,1.0
96114,0,1,3400,-55,55,-157,13,17,0.50,128860.554688,0,2.1,0.0,0.0,0.0,0.0,0.0,0.0,0.0,1.0
96363,0,1,3400,-55,55,-159,13,18,0.50,162336.000000,0,2.1,0.0,0.0,0.0,0.0,0.0,0.0,0.0,1.0
96612,0,1,3400,-55,55,-160,13,17,0.50,91104.000000,0,2.1,0.0,186,0.0,0.0,0.0,0.0,0.0,1.0
96861,0,1,3400,-55,55,-156,13,18,0.50,118087.648438,0,2.1,0.0,0.0,12239.043945,0,0.0,0.0,0.0,1.0
97110,0,1,3400,-55,55,-154,13,17,0.50,123968.000000,0,2.1,0.0,0.0,0.0,0.0,0.0,0.0,0.0,1.0
97359,0,1,3400,-55,55,-157,11,18,0.50,135521.906250,0,2.1,0.0,0.0,0.0,0.0,0.0,0.0,0.0,1.0
97608,0,1,3400,-55,55,-158,13,17,0.50,102656.000000,0,2.1,0.0,186,0.0,0.0,0.0,0.0,0.0,1.0
97857,0,1,3400,-55,55,-156,13,18,0.50,166980.078125,0,2.1,13,0.0,23394.421875,0,0.0,0.0,0.0,1.0
98106,0,1,3400,-55,55,-155,9.1,18,0.50,124320.000000,0,2.1,14,0.0,0.0,0.0,0.0,0.0,0.0,1.0
98355,0,1,3400,-55,55,-156,13,17,0.52,114135.460938,0,2.1,14,0.0,0.0,0.0,0.0,0.0,0.0,1.0
98604,0,1,3400,-55,55,-153,12,17,0.50,145984.000000,0,2.1,14,186,0.0,0.0,0.0,0.0,0.0,1.0
98853,0,1,3400,-55,55,-154,0.97,17,0.50,127136.000000,0,2.1,16,0.0,282880.000000,57,0.0,0.0,0.0,1.0
99102,0,1,3400,-55,55,-156,8.1,18,0.50,131091.640625,0,2.1,16,0.0,0.0,0.0,0.0,0.0,0.0,1.0
99351,0,1,3400,-55,55,-154,13,17,0.51,140192.000000,0,2.1,16,0.0,0.0,0.0,0.0,0.0,0.0,1.0
99600,0,1,3400,-55,55,-156,7.0,18,0.50,114135.460938,0,2.1,16,186,0.0,0.0,0.0,0.0,0.0,1.0
99849,0,1,3400,-55,55,-158,9.6,18,0.50,140352.000000,0,2.1,3.3,0.0,53856.000000,8,0.0,0.0,0.0,1.0
100098,0,1,3400,-55,55,-161,10,17,0.58,103585.656250,0,2.1,0.0,0.0,0.0,0.0,0.0,0.0,0.0,1.0
100347,0,1,3400,-55,55,-159,8.1,18,0.50,156416.000000,0,2.1,0.0,0.0,0.0,0.0,0.0,0.0,0.0,1.0
100596,0,1,3400,-55,55,-157,12,17,0.52,146167.328125,0,2.1,0.0,186,0.0,0.0,0.0,0.0,0.0,1.0
100845,0,1,3400,-55,55,-156,13,18,0.50,156416.000000,0,2.1,0.82,0.0,12512.000000,36,0.0,0.0,0.0,1.0
101094,0,1,3400,-55,55,-159,12,17,0.56,140544.000000,3,2.1,0.0,0.0,0.0,0.0,0.0,0.0,0.0,1.0
101343,0,1,3400,-55,55,-159,12,17,0.52,120733.070312,0,2.1,0.0,0.0,0.0,0.0,0.0,0.0,0.0,1.0
101592,0,1,3400,-55,55,-160,13,18,0.55,129888.000000,0,2.1,0.0,186,0.0,0.0,0.0,0.0,0.0,1.0
101841,0,1,3400,-55,55,-160,8.3,18,0.50,112860.554688,0,2.1,6.2,0.0,114007.968750,19,0.0,0.0,0.0,1.0
102090,0,1,3400,-55,55,-159,9.4,17,0.50,70016.000000,0,2.1,6.5,0.0,0.0,0.0,0.0,0.0,0.0,1.0
102339,0,1,3400,-55,55,-158,8.1,18,0.50,127426.296875,0,2.1,6.5,0.0,0.0,0.0,0.0,0.0,0.0,1.0
102588,0,1,3400,-55,55,-156,11,18,0.50,92512.000000,0,2.1,6.5,186,0.0,0.0,0.0,0.0,0.0,1.0
102837,0,1,3400,-55,55,-157,14,18,0.52,133641.437500,0,2.1,14,0.0,192924.296875,62,0.0,0.0,0.0,1.0
103086,0,1,3400,-55,55,-157,13,18,0.94,118560.000000,5,2.1,16,0.0,0.0,0.0,0.0,0.0,0.0,1.0
103335,0,1,3400,-55,55,-156,5.1,18,0.50,102752.000000,0,2.1,16,0.0,0.0,0.0,0.0,0.0,0.0,1.0
103584,0,1,3400,-55,55,-160,10,18,0.50,70342.632812,0,2.1,16,186,0.0,0.0,0.0,0.0,0.0,1.0
103833,0,1,3400,-55,55,-160,13,18,0.50,140800.000000,0,2.1,1.4,0.0,12512.000000,36,0.0,0.0,0.0,1.0
104082,0,1,3400,-55,55,-159,9.2,17,0.51,168573.703125,3,2.1,0.0,0.0,0.0,0.0,0.0,0.0,0.0,1.0
104331,0,1,3400,-55,55,-157,7.0,18,0.50,148000.000000,0,2.1,0.0,0.0,0.0,0.0,0.0,0.0,0.0,1.0
104580,0,1,3400,-55,55,-154,11,18,0.50,128573.703125,0,2.1,0.0,186,0.0,0.0,0.0,0.0,0.0,1.0
104829,0,1,3400,-55,55,-156,13,18,0.51,133952.000000,0,2.1,0.87,0.0,7328.000000,36,0.0,0.0,0.0,1.0
105078,0,1,3400,-55,55,-158,13,17,0.53,123552.000000,0,2.1,0.052,0.0,0.0,0.0,0.0,0.0,0.0,1.0
105327,0,1,3400,-55,55,-161,13,17,0.72,139824.703125,4,2.1,0.0,0.0,0.0,0.0,0.0,0.0,0.0,1.0
105576,0,1,3400,-55,55,-157,12,17,0.68,115712.000000,5,2.1,0.0,186,0.0,0.0,0.0,0.0,0.0,1.0
105825,0,1,3400,-55,55,-156,13,17,0.50,53450.199219,0,2.1,2.7,0.0,19888.445312,44,0.0,0.0,0.0,1.0
106074,0,1,3400,-55,55,-156,13,18,0.50,119072.000000,0,2.1,0.0,0.0,0.0,0.0,0.0,0.0,0.0,1.0
106323,0,1,3400,-55,55,-157,11,18,0.50,137689.250000,0,2.1,0.0,0.0,0.0,0.0,0.0,0.0,0.0,1.0
106572,0,1,3400,-55,55,-157,13,17,0.50,92960.000000,0,2.1,0.0,186,0.0,0.0,0.0,0.0,0.0,1.0
106821,0,1,3400,-55,55,-161,13,17,0.50,86183.265625,0,2.1,0.0,0.0,8127.490234,17,0.0,0.0,0.0,1.0
107070,0,1,3400,-55,55,-158,10,17,0.50,124480.000000,0,2.1,0.0,0.0,0.0,0.0,0.0,0.0,0.0,1.0
107319,0,1,3400,-55,55,-156,13,17,0.50,135011.953125,0,2.1,0.0,0.0,0.0,0.0,0.0,0.0,0.0,1.0
107568,0,1,3400,-55,55,-155,11,17,0.50,140320.000000,0,2.1,0.0,186,5536.000000,0,0.0,0.0,0.0,1.0
107817,0,1,3400,-55,55,-159,9.4,17,0.50,120864.000000,0,2.1,6.0,0.0,23488.000000,0,0.0,0.0,0.0,1.0
108066,0,1,3400,-55,55,-157,13,18,0.52,91155.375000,0,2.1,6.0,0.0,0.0,0.0,0.0,0.0,0.0,1.0
108315,0,1,3400,-55,55,-158,9.0,17,0.51,126784.000000,0,2.1,6.0,0.0,0.0,0.0,0.0,0.0,0.0,1.0
108564,0,1,3400,-55,55,-158,10,17,0.51,91410.359375,6,2.1,6.0,186,0.0,0.0,0.0,0.0,0.0,1.0
108813,0,1,3400,-55,55,-158,9.8,17,0.50,156832.000000,0,2.1,8.0,80,0.0,80,0.0,0.0,0.0,1.0
109062,0,1,3400,-55,55,-157,13,17,0.50,129051.789062,0,2.1,5.7,0.0,15171.314453,47,0.0,0.0,0.0,1.0
109311,0,1,3400,-55,55,-156,13,17,1.0,101928.289062,5,2.1,0.0,0.0,0.0,0.0,0.0,0.0,0.0,1.0
109560,0,1,3400,-55,55,-158,13,17,0.77,91936.000000,6,2.1,0.0,186,0.0,0.0,0.0,0.0,0.0,1.0
109809,0,1,3400,-55,55,-159,13,17,0.50,118756.968750,0,2.1,5.7,0.0,16446.214844,31,0.0,0.0,0.0,1.0
110058,0,1,3400,-55,55,-156,13,18,0.50,91520.000000,0,2.1,6.0,0.0,0.0,0.0,0.0,0.0,0.0,1.0
110307,0,1,3400,-55,55,-157,13,18,0.50,150406.375000,0,2.1,6.0,0.0,0.0,0.0,0.0,0.0,0.0,1.0
110556,0,1,3400,-55,55,-156,11,17,0.50,140416.000000,0,2.1,6.0,186,0.0,0.0,0.0,0.0,0.0,1.0
110805,0,1,3400,-55,55,-160,13,18,0.50,167330.671875,0,2.1,13,0.0,16988.046875,57,0.0,0.0,0.0,1.0
111054,0,1,3400,-55,55,-161,13,17,0.54,134784.000000,0,2.1,14,0.0,0.0,0.0,0.0,0.0,0.0,1.0
111303,0,1,3400,-55,55,-159,13,17,0.50,134756.968750,0,2.1,14,0.0,0.0,0.0,0.0,0.0,0.0,1.0
111552,0,1,3400,-55,55,-153,11,18,0.50,92128.000000,0,2.1,14,186,0.0,0.0,0.0,0.0,0.0,1.0
111801,0,1,3400,-55,55,-153,13,18,0.50,118560.000000,0,2.1,2.5,0.0,24032.000000,36,0.0,0.0,0.0,1.0
112050,0,1,3400,-55,55,-153,13,17,0.50,123984.062500,0,2.1,0.0,0.0,0.0,0.0,0.0,0.0,0.0,1.0
112299,0,1,3400,-55,55,-158,11,18,0.50,106688.000000,0,2.1,0.0,0.0,0.0,0.0,0.0,0.0,0.0,1.0
112548,0,1,3400,-55,55,-158,9.4,17,0.50,139155.375000,0,2.1,0.052,186,0.0,0.0,0.0,0.0,0.0,1.0
112797,0,1,3400,-55,55,-156,12,17,0.50,102624.000000,0,2.1,0.82,0.0,12512.000000,36,0.0,0.0,0.0,1.0
113046,0,1,3400,-55,55,-159,13,18,0.50,112701.195312,0,2.1,0.0,0.0,0.0,0.0,0.0,0.0,0.0,1.0
113295,0,1,3400,-55,55,-160,8.3,18,0.50,171872.000000,0,2.1,0.0,0.0,0.0,0.0,0.0,0.0,0.0,1.0
113544,0,1,3400,-55,55,-160,12,18,1.2,107824.703125,5,2.1,0.0,186,0.0,0.0,0.0,0.0,0.0,1.0
113793,0,1,3400,-55,55,-158,12,17,0.50,178080.000000,0,2.1,5.9,0.0,21888.000000,33,0.0,0.0,0.0,1.0
114042,0,1,3400,-55,55,-155,13,17,0.50,91936.000000,0,2.1,6.5,0.0,0.0,0.0,0.0,0.0,0.0,1.0
114291,0,1,3400,-55,55,-156,10,18,0.50,128764.937500,0,2.1,6.5,0.0,0.0,0.0,0.0,0.0,0.0,1.0
114540,0,1,3400,-55,55,-156,12,18,0.78,102720.000000,5,2.1,6.5,186,0.0,0.0,0.0,0.0,0.0,1.0
114789,0,1,3400,-55,55,-154,20,18,0.58,118820.718750,0,2.1,3.2,0.0,23936.255859,36,0.0,0.0,0.0,1.0
115038,0,1,3400,-55,55,-153,13,17,0.50,119584.000000,0,2.1,0.052,0.0,0.0,0.0,0.0,0.0,0.0,1.0
115287,0,1,3400,-55,55,-154,11,18,0.50,162326.687500,0,2.1,0.0,0.0,0.0,0.0,0.0,0.0,0.0,1.0
115536,0,1,3400,-55,55,-159,13,18,0.52,119584.000000,0,2.1,0.0,0.0,0.0,0.0,0.0,0.0,0.0,1.0
115785,0,1,3400,-55,55,-159,13,18,0.50,107410.359375,0,2.1,0.82,0.0,12462.151367,36,0.0,0.0,0.0,1.0
116034,0,1,3400,-55,55,-158,10,18,0.50,108480.000000,0,2.1,0.0,0.0,0.0,0.0,0.0,0.0,0.0,1.0
116283,0,1,3400,-55,55,-156,12,17,0.50,134656.000000,0,2.1,0.0,0.0,0.0,0.0,0.0,0.0,0.0,1.0
116532,0,1,3400,-55,55,-160,11,18,0.50,84876.492188,0,2.1,0.0,186,0.0,0.0,0.0,0.0,0.0,1.0
116781,0,1,3400,-55,55,-163,13,17,0.50,140192.000000,0,2.1,2.1,0.0,24032.000000,36,0.0,0.0,0.0,1.0
117030,0,1,3400,-55,55,-160,11,17,0.50,100111.554688,0,2.1,0.0,0.0,0.0,0.0,0.0,0.0,0.0,1.0
117279,0,1,3400,-55,55,-159,13,18,0.50,134368.000000,0,2.1,0.0,0.0,0.0,0.0,0.0,0.0,0.0,1.0
117528,0,1,3400,-55,55,-159,13,18,0.50,118661.351562,0,2.1,0.0,186,0.0,0.0,0.0,0.0,0.0,1.0
117777,0,1,3400,-55,55,-158,3.8,17,0.50,60320.000000,0,2.1,15,0.0,229760.000000,52,0.0,0.0,0.0,1.0
118026,0,1,3400,-55,55,-156,12,17,0.50,136637.453125,0,2.1,16,0.0,0.0,0.0,0.0,0.0,0.0,1.0
118275,0,1,3400,-55,55,-159,13,17,0.50,102848.000000,0,2.1,16,0.0,0.0,0.0,0.0,0.0,0.0,1.0
118524,0,1,3400,-55,55,-159,7.8,17,0.50,142816.000000,0,2.1,16,186,0.0,0.0,0.0,0.0,0.0,1.0
118773,0,1,3400,-55,55,-157,13,17,0.50,112701.195312,0,2.1,3.4,0.0,21768.923828,27,0.0,0.0,0.0,1.0
119022,0,1,3400,-55,55,-158,12,17,0.50,145216.000000,0,2.1,0.0,0.0,0.0,0.0,0.0,0.0,0.0,1.0
119271,0,1,3400,-55,55,-159,9.6,18,0.50,80764.937500,0,2.1,0.0,0.0,0.0,0.0,0.0,0.0,0.0,1.0
119520,0,1,3400,-55,55,-158,13,18,0.50,81120.000000,0,2.1,0.0,186,0.0,0.0,0.0,0.0,0.0,1.0
119769,0,1,3400,-55,55,-155,11,17,0.59,122486.054688,0,2.1,9.9,0.0,27474.103516,52,0.0,0.0,0.0,1.0
120018,0,1,3400,-55,55,-154,13,18,0.50,91520.000000,0,2.1,0.0,0.0,0.0,0.0,0.0,0.0,0.0,1.0
120267,0,1,3400,-55,55,-153,9.2,17,0.51,118055.773438,3,2.1,0.0,0.0,0.0,0.0,0.0,0.0,0.0,1.0
120516,0,1,3400,-55,55,-152,13,18,0.54,124384.000000,0,2.1,0.0,186,0.0,0.0,0.0,0.0,0.0,1.0
120765,0,1,3400,-55,55,-153,8.5,18,0.54,148768.000000,0,2.1,19,0.0,3104.000000,73,0.0,0.0,0.0,1.0
121014,0,1,3400,-55,55,-155,4.0,18,0.50,158278.890625,0,2.1,21,0.0,0.0,0.0,0.0,0.0,0.0,1.0
121263,0,1,3400,-55,55,-159,7.2,18,0.50,74304.000000,0,2.1,21,0.0,0.0,0.0,0.0,0.0,0.0,1.0
121512,0,1,3400,-55,55,-159,9.2,17,0.50,90581.671875,0,2.1,21,186,0.0,0.0,0.0,0.0,0.0,1.0
121761,0,1,3400,-55,55,-162,13,18,0.50,97696.000000,0,2.1,14,0.0,23488.000000,0,0.0,0.0,0.0,1.0
122010,0,1,3400,-55,55,-161,13,17,0.57,96541.835938,6,2.1,14,0.0,0.0,0.0,0.0,0.0,0.0,1.0
122259,0,1,3400,-55,55,-161,13,18,0.50,177728.000000,0,2.1,14,0.0,0.0,0.0,0.0,0.0,0.0,1.0
122508,0,1,3400,-55,55,-161,13,17,0.50,166565.734375,0,2.1,14,186,0.0,0.0,0.0,0.0,0.0,1.0
122757,0,1,3400,-55,55,-161,13,17,0.70,86528.000000,6,2.1,14,40,0.0,80,0.0,0.0,0.0,1.0
123006,0,1,3400,-55,55,-163,15,17,0.72,80286.851562,6,2.1,8.0,0.0,10199.203125,44,0.0,0.0,0.0,1.0
123255,0,1,3400,-55,55,-162,13,17,0.50,102336.000000,0,2.1,0.0,0.0,0.0,0.0,0.0,0.0,0.0,1.0
123504,0,1,3400,-55,55,-159,13,18,0.50,167328.000000,0,2.1,0.0,186,0.0,0.0,0.0,0.0,0.0,1.0
123753,0,1,3400,-55,55,-160,9.6,17,0.51,132525.890625,0,2.1,12,0.0,15521.912109,0,0.0,0.0,0.0,1.0
124002,0,1,3400,-55,55,-161,11,18,0.51,113504.000000,0,2.1,12,0.0,0.0,0.0,0.0,0.0,0.0,1.0
124251,0,1,3400,-55,55,-162,13,18,0.50,129370.515625,0,2.1,12,0.0,0.0,0.0,0.0,0.0,0.0,1.0
124500,0,1,3400,-55,55,-159,13,17,0.56,129376.000000,0,2.1,12,186,0.0,0.0,0.0,0.0,0.0,1.0
124749,0,1,3400,-55,55,-162,13,17,0.50,75410.359375,0,2.1,13,0.0,23394.421875,0,0.0,0.0,0.0,1.0
124998,0,1,3400,-55,55,-160,13,18,0.50,98112.000000,0,2.1,14,0.0,0.0,0.0,0.0,0.0,0.0,1.0
125247,0,1,3400,-55,55,-161,13,17,0.61,102342.632812,0,2.1,14,0.0,0.0,0.0,0.0,0.0,0.0,1.0
125496,0,1,3400,-55,55,-160,8.2,17,0.54,103840.000000,5,2.1,14,0.0,0.0,0.0,0.0,0.0,0.0,1.0
125745,0,1,3400,-55,55,-157,13,18,0.50,135296.000000,0,2.1,14,0.0,23488.000000,0,0.0,0.0,0.0,1.0
125994,0,1,3400,-55,55,-158,13,17,0.80,102533.867188,6,2.1,14,0.0,0.0,0.0,0.0,0.0,0.0,1.0
126243,0,1,3400,-55,55,-156,12,17,0.50,135520.000000,0,2.1,14,0.0,0.0,0.0,0.0,0.0,0.0,1.0
126492,0,1,3400,-55,55,-159,11,17,0.50,124207.171875,0,2.1,14,186,0.0,0.0,0.0,0.0,0.0,1.0
126741,0,1,3400,-55,55,-158,11,17,0.50,145280.000000,0,2.1,14,0.0,23488.000000,0,0.0,0.0,0.0,1.0
126990,0,1,3400,-55,55,-157,13,18,0.50,123888.445312,0,2.1,14,0.0,0.0,0.0,0.0,0.0,0.0,1.0
127239,0,1,3400,-55,55,-156,13,18,0.50,134880.000000,0,2.1,14,0.0,0.0,0.0,0.0,0.0,0.0,1.0
127488,0,1,3400,-55,55,-158,9.1,17,0.50,122804.781250,0,2.1,14,186,0.0,0.0,0.0,0.0,0.0,1.0
127737,0,1,3400,-55,55,-158,12,17,0.50,144544.000000,0,2.1,2.5,0.0,30208.000000,33,0.0,0.0,0.0,1.0
127986,0,1,3400,-55,55,-160,13,17,0.58,145434.265625,4,2.1,0.0,0.0,0.0,0.0,0.0,0.0,0.0,1.0
128235,0,1,3400,-55,55,-164,11,17,0.50,220896.000000,0,2.1,0.0,0.0,0.0,0.0,0.0,0.0,0.0,1.0
128484,0,1,3400,-55,55,-165,13,17,0.51,91936.000000,0,2.1,0.0,186,0.0,0.0,0.0,0.0,0.0,1.0
128733,0,1,3400,-55,55,-161,9.2,18,0.50,128541.835938,0,2.1,15,0.0,181800.796875,66,0.0,0.0,0.0,1.0
128982,0,1,3400,-55,55,-160,13,18,0.58,97440.000000,6,2.1,16,0.0,0.0,0.0,0.0,0.0,0.0,1.0
129231,0,1,3400,-55,55,-161,10.0,17,0.61,124717.132812,0,2.1,16,0.0,0.0,0.0,0.0,0.0,0.0,1.0
129480,0,1,3400,-55,55,-157,13,17,0.50,113568.000000,0,2.1,16,186,0.0,0.0,0.0,0.0,0.0,1.0
129729,0,1,3400,-55,55,-154,13,18,0.50,112701.195312,0,2.1,12,0.0,15521.912109,0,0.0,0.0,0.0,1.0
129978,0,1,3400,-55,55,-155,13,17,0.61,118560.000000,9,2.1,12,0.0,0.0,0.0,0.0,0.0,0.0,1.0
130227,0,1,3400,-55,55,-156,14,17,0.50,123378.484375,0,2.1,12,0.0,0.0,0.0,0.0,0.0,0.0,1.0
130476,0,1,3400,-55,55,-157,13,17,0.50,69792.000000,0,2.1,12,186,0.0,0.0,0.0,0.0,0.0,1.0
130725,0,1,3400,-55,55,-159,11,17,0.78,124096.000000,4,2.1,14,0.0,0.0,80,0.0,0.0,0.0,1.0
130974,0,1,3400,-55,55,-162,7.4,17,0.50,81721.117188,0,2.1,14,0.0,0.0,0.0,0.0,0.0,0.0,1.0
131223,0,1,3400,-55,55,-164,12,17,0.50,119072.000000,0,2.1,14,0.0,0.0,0.0,0.0,0.0,0.0,1.0
131472,0,1,3400,-55,55,-162,13,18,0.50,145434.265625,0,2.1,14,186,0.0,0.0,0.0,0.0,0.0,1.0
131721,0,1,3400,-55,55,-160,12,18,0.50,113152.000000,0,2.1,1.3,0.0,12512.000000,36,0.0,0.0,0.0,1.0
131970,0,1,3400,-55,55,-157,13,17,0.50,74996.015625,0,2.1,0.0,0.0,0.0,0.0,0.0,0.0,0.0,1.0
132219,0,1,3400,-55,55,-160,13,18,0.50,75712.000000,0,2.1,0.0,0.0,0.0,0.0,0.0,0.0,0.0,1.0
132468,0,1,3400,-55,55,-164,11,18,0.50,122581.671875,0,2.1,0.0,186,0.0,0.0,0.0,0.0,0.0,1.0
132717,0,1,3400,-55,55,-160,13,18,0.55,92032.000000,0,2.1,3.4,0.0,18944.000000,31,0.0,0.0,0.0,1.0
132966,0,1,3400,-55,55,-157,10,18,0.55,93440.000000,0,2.1,1.0,0.0,0.0,0.0,0.0,0.0,0.0,1.0
133215,0,1,3400,-55,55,-157,11,17,0.50,124972.109375,0,2.1,1.0,0.0,0.0,0.0,0.0,0.0,0.0,1.0
133464,0,1,3400,-55,55,-157,12,18,0.50,81536.000000,0,2.1,1.0,0.0,0.0,0.0,0.0,0.0,0.0,1.0
133713,0,1,3400,-55,55,-159,13,17,0.52,118470.117188,0,2.1,2.3,0.0,23808.765625,36,0.0,0.0,0.0,1.0
133962,0,1,3400,-55,55,-159,7.6,17,0.51,151712.000000,0,2.1,0.0,0.0,0.0,0.0,0.0,0.0,0.0,1.0
134211,0,1,3400,-55,55,-158,12,17,0.50,171729.078125,0,2.1,0.0,0.0,0.0,0.0,0.0,0.0,0.0,1.0
134460,0,1,3400,-55,55,-155,10,17,0.51,101792.000000,0,2.1,0.0,186,0.0,0.0,0.0,0.0,0.0,1.0
134709,0,1,3400,-55,55,-157,10,18,0.50,88191.234375,0,2.1,15,0.0,186454.187500,62,0.0,0.0,0.0,1.0
134958,0,1,3400,-55,55,-157,13,17,0.51,98112.000000,0,2.1,16,0.0,0.0,0.0,0.0,0.0,0.0,1.0
135207,0,1,3400,-55,55,-159,13,18,0.96,102342.632812,10,2.1,16,0.0,0.0,0.0,0.0,0.0,0.0,1.0
135456,0,1,3400,-55,55,-158,13,18,0.65,102336.000000,5,2.1,16,186,0.0,0.0,0.0,0.0,0.0,1.0
135705,0,1,3400,-55,55,-157,11,17,0.51,140544.000000,0,2.1,6.8,0.0,114464.000000,29,0.0,0.0,0.0,1.0
135954,0,1,3400,-55,55,-155,11,17,0.51,126533.867188,0,2.1,6.5,0.0,0.0,0.0,0.0,0.0,0.0,1.0
136203,0,1,3400,-55,55,-158,13,17,0.55,166816.000000,0,2.1,6.5,0.0,0.0,0.0,0.0,0.0,0.0,1.0
136452,0,1,3400,-55,55,-158,13,17,0.50,130039.843750,0,2.1,6.5,186,0.0,0.0,0.0,0.0,0.0,1.0
136701,0,1,3400,-55,55,-158,13,18,0.50,134784.000000,0,2.1,6.5,0.0,16768.000000,31,0.0,0.0,0.0,1.0
136950,0,1,3400,-55,55,-157,11,18,0.50,134406.375000,0,2.1,7.0,0.0,0.0,0.0,0.0,0.0,0.0,1.0
137199,0,1,3400,-55,55,-159,13,18,0.50,129472.000000,0,2.1,7.0,0.0,0.0,0.0,0.0,0.0,0.0,1.0
137448,0,1,3400,-55,55,-160,13,18,0.50,134756.968750,0,2.1,7.0,186,0.0,0.0,0.0,0.0,0.0,1.0
137697,0,1,3400,-55,55,-160,10,18,0.50,124544.000000,0,2.1,15,0.0,277856.000000,50,0.0,0.0,0.0,1.0
137946,0,1,3400,-55,55,-161,13,18,0.57,167040.000000,0,2.1,16,0.0,0.0,0.0,0.0,0.0,0.0,1.0
138195,0,1,3400,-55,55,-158,11,18,0.50,132557.765625,0,2.1,16,0.0,0.0,0.0,0.0,0.0,0.0,1.0
138444,0,1,3400,-55,55,-159,12,18,0.50,153696.000000,0,2.1,16,186,0.0,0.0,0.0,0.0,0.0,1.0
138693,0,1,3400,-55,55,-161,13,18,0.50,117673.304688,0,2.1,8.6,0.0,90326.695312,48,0.0,0.0,0.0,1.0
138942,0,1,3400,-55,55,-159,13,18,0.50,113568.000000,0,2.1,8.0,0.0,0.0,0.0,0.0,0.0,0.0,1.0
139191,0,1,3400,-55,55,-159,12,18,0.50,119458.164062,0,2.1,8.0,0.0,0.0,0.0,0.0,0.0,0.0,1.0
139440,0,1,3400,-55,55,-161,13,17,0.50,167328.000000,0,2.1,8.0,186,0.0,0.0,0.0,0.0,0.0,1.0
139689,0,1,3400,-55,55,-162,13,17,0.50,144605.578125,0,2.1,15,0.0,26709.164062,50,0.0,0.0,0.0,1.0
139938,0,1,3400,-55,55,-159,13,17,0.50,134368.000000,0,2.1,13,0.0,0.0,0.0,0.0,0.0,0.0,1.0
140187,0,1,3400,-55,55,-158,13,17,0.50,86528.000000,0,2.1,13,0.0,0.0,0.0,0.0,0.0,0.0,1.0
140436,0,1,3400,-55,55,-158,9.1,18,0.50,123569.718750,0,2.1,13,186,0.0,0.0,0.0,0.0,0.0,1.0
140685,0,1,3400,-55,55,-159,5.8,17,0.50,70976.000000,0,2.1,16,0.0,222976.000000,52,0.0,0.0,0.0,1.0
140934,0,1,3400,-55,55,-161,13,18,0.50,96956.171875,0,2.1,16,0.0,0.0,0.0,0.0,0.0,0.0,1.0
141183,0,1,3400,-55,55,-158,13,18,0.50,91936.000000,0,2.1,16,0.0,0.0,0.0,0.0,0.0,0.0,1.0
141432,0,1,3400,-55,55,-159,12,18,0.91,93705.179688,6,2.1,16,186,0.0,0.0,0.0,0.0,0.0,1.0
141681,0,1,3400,-55,55,-159,11,18,0.50,102848.000000,0,2.1,0.64,0.0,8160.000000,29,0.0,0.0,0.0,1.0
141930,0,1,3400,-55,55,-157,13,17,0.50,96541.835938,0,2.1,0.052,0.0,0.0,0.0,0.0,0.0,0.0,1.0
142179,0,1,3400,-55,55,-156,13,18,0.50,97344.000000,0,2.1,0.0,0.0,0.0,0.0,0.0,0.0,0.0,1.0
142428,0,1,3400,-55,55,-156,13,17,0.50,97184.000000,0,2.1,0.0,186,0.0,0.0,0.0,0.0,0.0,1.0
142677,0,1,3400,-55,55,-156,13,17,0.74,75378.484375,12,2.1,13,0.0,23394.421875,0,0.0,0.0,0.0,1.0
142926,0,1,3400,-55,55,-159,11,18,0.50,168064.000000,0,2.1,13,0.0,0.0,0.0,0.0,0.0,0.0,1.0
143175,0,1,3400,-55,55,-159,13,17,0.51,129051.789062,0,2.1,14,0.0,0.0,0.0,0.0,0.0,0.0,1.0
143424,0,1,3400,-55,55,-159,13,17,0.50,123936.000000,0,2.1,14,186,0.0,0.0,0.0,0.0,0.0,1.0
143673,0,1,3400,-55,55,-155,3.8,18,0.50,140717.125000,0,2.1,14,0.0,23394.421875,0,0.0,0.0,0.0,1.0
143922,0,1,3400,-55,55,-154,11,18,0.72,121280.000000,4,2.1,14,0.0,0.0,0.0,0.0,0.0,0.0,1.0
144171,0,1,3400,-55,55,-157,13,17,0.50,112701.195312,0,2.1,14,0.0,0.0,0.0,0.0,0.0,0.0,1.0
144420,0,1,3400,-55,55,-157,13,17,0.50,124480.000000,0,2.1,14,186,0.0,0.0,0.0,0.0,0.0,1.0
144669,0,1,3400,-55,55,-156,13,17,0.50,119168.000000,0,2.1,14,0.0,23488.000000,0,0.0,0.0,0.0,1.0
144918,0,1,3400,-55,55,-157,13,17,1.0,102438.250000,10,2.1,14,0.0,0.0,0.0,0.0,0.0,0.0,1.0
145167,0,1,3400,-55,55,-155,13,17,0.64,92032.000000,6,2.1,14,0.0,0.0,0.0,0.0,0.0,0.0,1.0
145416,0,1,3400,-55,55,-155,13,18,0.50,85768.921875,0,2.1,14,186,0.0,0.0,0.0,0.0,0.0,1.0
145665,0,1,3400,-55,55,-157,12,17,0.64,142848.000000,0,2.1,14,0.0,23488.000000,0,0.0,0.0,0.0,1.0
145914,0,1,3400,-55,55,-158,13,18,0.50,102342.632812,0,2.1,14,0.0,0.0,0.0,0.0,0.0,0.0,1.0
146163,0,1,3400,-55,55,-154,13,18,0.50,133952.000000,0,2.1,14,0.0,0.0,0.0,0.0,0.0,0.0,1.0
146412,0,1,3400,-55,55,-157,13,18,0.56,117960.156250,0,2.1,13,186,0.0,0.0,0.0,0.0,0.0,1.0
146661,0,1,3400,-55,55,-157,10,17,0.50,101824.000000,0,2.1,14,0.0,23488.000000,33,0.0,0.0,0.0,1.0
146910,0,1,3400,-55,55,-158,13,17,0.50,113152.000000,0,2.1,14,0.0,0.0,0.0,0.0,0.0,0.0,1.0
147159,0,1,3400,-55,55,-158,13,17,0.54,97051.789062,0,2.1,14,0.0,0.0,0.0,0.0,0.0,0.0,1.0
147408,0,1,3400,-55,55,-159,13,18,0.50,113440.000000,0,2.1,14,186,0.0,0.0,0.0,0.0,0.0,1.0
147657,0,1,3400,-55,55,-157,13,18,0.50,107729.085938,0,2.1,14,0.0,23394.421875,0,0.0,0.0,0.0,1.0
147906,0,1,3400,-55,55,-158,9.1,17,0.50,100352.000000,0,2.1,14,0.0,0.0,0.0,0.0,0.0,0.0,1.0
148155,0,1,3400,-55,55,-159,7.8,18,0.50,107824.703125,0,2.1,14,0.0,0.0,0.0,0.0,0.0,0.0,1.0
148404,0,1,3400,-55,55,-159,13,18,0.50,156928.000000,0,2.1,14,186,0.0,0.0,0.0,0.0,0.0,1.0
148653,0,1,3400,-55,55,-159,5.6,17,0.50,103139.445312,0,2.1,14,0.0,23394.421875,0,0.0,0.0,0.0,1.0
148902,0,1,3400,-55,55,-161,5.2,18,0.50,146624.000000,0,2.1,14,0.0,0.0,0.0,0.0,0.0,0.0,1.0
149151,0,1,3400,-55,55,-162,13,18,0.50,75296.000000,0,2.1,14,0.0,0.0,0.0,0.0,0.0,0.0,1.0
149400,0,1,3400,-55,55,-161,11,17,0.52,91537.851562,0,2.1,14,186,0.0,0.0,0.0,0.0,0.0,1.0
149649,0,1,3400,-55,55,-157,13,18,0.50,118560.000000,0,2.1,2.8,0.0,28416.000000,31,0.0,0.0,0.0,1.0
149898,0,1,3400,-55,55,-157,13,17,0.50,123059.757812,0,2.1,0.0,0.0,0.0,0.0,0.0,0.0,0.0,1.0
150147,0,1,3400,-55,55,-158,13,18,0.50,140192.000000,0,2.1,0.0,0.0,0.0,0.0,0.0,0.0,0.0,1.0
150396,0,1,3400,-55,55,-160,12,17,0.50,75219.125000,0,2.1,0.0,186,0.0,0.0,0.0,0.0,0.0,1.0
150645,0,1,3400,-55,55,-161,10,18,0.50,78272.000000,0,2.1,0.0,0.0,8160.000000,0,0.0,0.0,0.0,1.0
150894,0,1,3400,-55,55,-161,13,18,0.50,64637.449219,0,2.1,0.0,0.0,0.0,0.0,0.0,0.0,0.0,1.0
151143,0,1,3400,-55,55,-158,13,17,0.52,107840.000000,0,2.1,0.0,0.0,0.0,0.0,0.0,0.0,0.0,1.0
151392,0,1,3400,-55,55,-156,11,18,0.50,86720.000000,0,2.1,0.0,186,0.0,0.0,0.0,0.0,0.0,1.0
151641,0,1,3400,-55,55,-154,2.6,17,0.50,117832.671875,0,2.1,13,0.0,23394.421875,43,0.0,0.0,0.0,1.0
151890,0,1,3400,-55,55,-158,9.2,17,0.65,107520.000000,5,2.1,14,0.0,0.0,0.0,0.0,0.0,0.0,1.0
152139,0,1,3400,-55,55,-162,13,18,0.50,58836.652344,0,2.1,14,0.0,0.0,0.0,0.0,0.0,0.0,1.0
152388,0,1,3400,-55,55,-160,13,18,0.51,113568.000000,0,2.1,14,186,0.0,0.0,0.0,0.0,0.0,1.0
152637,0,1,3400,-55,55,-162,13,18,0.50,74581.671875,0,2.1,6.9,0.0,23936.255859,36,0.0,0.0,0.0,1.0
152886,0,1,3400,-55,55,-160,13,18,0.63,75712.000000,7,2.1,0.0,0.0,0.0,0.0,0.0,0.0,0.0,1.0
153135,0,1,3400,-55,55,-160,11,17,0.54,129752.984375,4,2.1,0.0,0.0,0.0,0.0,0.0,0.0,0.0,1.0
153384,0,1,3400,-55,55,-162,13,18,0.50,123904.000000,0,2.1,0.0,186,0.0,0.0,0.0,0.0,0.0,1.0
153633,0,1,3400,-55,55,-161,13,18,0.52,113115.539062,0,2.1,5.5,0.0,17848.605469,33,0.0,0.0,0.0,1.0
153882,0,1,3400,-55,55,-159,13,18,0.50,113152.000000,0,2.1,6.0,0.0,0.0,0.0,0.0,0.0,0.0,1.0
154131,0,1,3400,-55,55,-157,12,17,0.50,118912.000000,0,2.1,6.0,0.0,0.0,0.0,0.0,0.0,0.0,1.0
154380,0,1,3400,-55,55,-157,13,17,0.50,134247.015625,0,2.1,6.0,186,0.0,0.0,0.0,0.0,0.0,1.0
154629,0,1,3400,-55,55,-159,13,18,0.50,102752.000000,0,2.1,13,0.0,23488.000000,0,0.0,0.0,0.0,1.0
154878,0,1,3400,-55,55,-160,13,18,0.50,101928.289062,0,2.1,14,0.0,0.0,0.0,0.0,0.0,0.0,1.0
155127,0,1,3400,-55,55,-159,9.2,18,0.50,112448.000000,0,2.1,14,0.0,0.0,0.0,0.0,0.0,0.0,1.0
155376,0,1,3400,-55,55,-158,8.3,17,0.52,131729.078125,0,2.1,13,186,0.0,0.0,0.0,0.0,0.0,1.0
155625,0,1,3400,-55,55,-161,8.5,17,0.50,103520.000000,0,2.1,16,0.0,282880.000000,53,0.0,0.0,0.0,1.0
155874,0,1,3400,-55,55,-162,13,17,0.50,166661.359375,0,2.1,16,0.0,0.0,0.0,0.0,0.0,0.0,1.0
156123,0,1,3400,-55,55,-161,12,18,0.50,119392.000000,0,2.1,16,0.0,0.0,0.0,0.0,0.0,0.0,1.0
156372,0,1,3400,-55,55,-162,11,18,0.50,172352.000000,0,2.1,16,186,0.0,0.0,0.0,0.0,0.0,1.0
156621,0,1,3400,-55,55,-160,13,17,0.62,151681.281250,7,2.1,0.63,0.0,8031.872559,0,0.0,0.0,0.0,1.0
156870,0,1,3400,-55,55,-159,13,17,0.50,167232.000000,0,2.1,0.0,0.0,0.0,0.0,0.0,0.0,0.0,1.0
157119,0,1,3400,-55,55,-158,13,17,0.50,107314.742188,0,2.1,0.0,0.0,0.0,0.0,0.0,0.0,0.0,1.0
157368,0,1,3400,-55,55,-158,13,17,0.50,97440.000000,0,2.1,0.0,186,0.0,0.0,0.0,0.0,0.0,1.0
157617,0,1,3400,-55,55,-159,13,18,0.50,140143.421875,0,2.1,7.9,80,3601.593506,0,0.0,0.0,0.0,1.0
157866,0,1,3400,-55,55,-156,11,18,0.50,118336.000000,0,2.1,6.9,0.0,26752.000000,44,0.0,0.0,0.0,1.0
158115,0,1,3400,-55,55,-154,13,18,0.50,139633.468750,0,2.1,0.0,0.0,0.0,0.0,0.0,0.0,0.0,1.0
158364,0,1,3400,-55,55,-155,9.6,17,0.50,138656.000000,0,2.1,0.0,186,0.0,0.0,0.0,0.0,0.0,1.0
158613,0,1,3400,-55,55,-159,7.6,18,0.57,121536.000000,0,2.1,0.82,0.0,12256.000000,31,0.0,0.0,0.0,1.0
158862,0,1,3400,-55,55,-158,13,18,0.50,139633.468750,0,2.1,0.0,0.0,0.0,0.0,0.0,0.0,0.0,1.0
159111,0,1,3400,-55,55,-157,13,18,0.50,188544.000000,0,2.1,0.0,0.0,0.0,0.0,0.0,0.0,0.0,1.0
159360,0,1,3400,-55,55,-158,7.9,17,0.50,102693.226562,0,2.1,0.0,186,0.0,0.0,0.0,0.0,0.0,1.0
159609,0,1,3400,-55,55,-157,12,18,0.50,90016.000000,0,2.1,11,0.0,31200.000000,50,0.0,0.0,0.0,1.0
159858,0,1,3400,-55,55,-155,14,17,0.50,99155.375000,0,2.1,0.0,0.0,0.0,0.0,0.0,0.0,0.0,1.0
160107,0,1,3400,-55,55,-154,13,17,0.56,86784.000000,0,2.1,0.0,0.0,0.0,0.0,0.0,0.0,0.0,1.0
160356,0,1,3400,-55,55,-160,13,17,0.50,123314.742188,0,2.1,0.0,186,0.0,0.0,0.0,0.0,0.0,1.0
160605,0,1,3400,-55,55,-158,11,17,0.50,119296.000000,0,2.1,0.0,0.0,12160.000000,22,0.0,0.0,0.0,1.0
160854,0,1,3400,-55,55,-156,7.3,17,0.50,98240.000000,0,2.1,0.0,0.0,0.0,0.0,0.0,0.0,0.0,1.0
161103,0,1,3400,-55,55,-157,9.9,18,0.50,118725.101562,0,2.1,0.0,0.0,0.0,0.0,0.0,0.0,0.0,1.0
161352,0,1,3400,-55,55,-157,16,17,0.64,118560.000000,5,2.1,0.0,186,0.0,0.0,0.0,0.0,0.0,1.0
161601,0,1,3400,-55,55,-157,8.3,17,0.50,124494.023438,0,2.1,15,0.0,278374.500000,57,0.0,0.0,0.0,1.0
161850,0,1,3400,-55,55,-159,13,18,0.58,91936.000000,6,2.1,16,0.0,0.0,0.0,0.0,0.0,0.0,1.0
162099,0,1,3400,-55,55,-159,11,18,0.50,127011.953125,0,2.1,16,0.0,0.0,0.0,0.0,0.0,0.0,1.0
162348,0,1,3400,-55,55,-160,13,17,0.50,161824.000000,0,2.1,16,186,0.0,0.0,0.0,0.0,0.0,1.0
162597,0,1,3400,-55,55,-158,13,18,0.50,133577.687500,0,2.1,3.4,0.0,18741.035156,44,0.0,0.0,0.0,1.0
162846,0,1,3400,-55,55,-160,12,17,0.50,97216.000000,0,2.1,0.0,0.0,0.0,0.0,0.0,0.0,0.0,1.0
163095,0,1,3400,-55,55,-158,13,18,0.50,119744.000000,0,2.1,0.0,0.0,0.0,0.0,0.0,0.0,0.0,1.0
163344,0,1,3400,-55,55,-159,13,18,0.50,107410.359375,0,2.1,0.0,186,0.0,0.0,0.0,0.0,0.0,1.0
163593,0,1,3400,-55,55,-159,9.0,18,0.50,138848.000000,0,2.1,13,0.0,23488.000000,0,0.0,0.0,0.0,1.0
163842,0,1,3400,-55,55,-158,9.1,18,0.50,117322.710938,0,2.1,14,0.0,0.0,0.0,0.0,0.0,0.0,1.0
164091,0,1,3400,-55,55,-158,13,17,0.51,113568.000000,5,2.1,14,0.0,0.0,0.0,0.0,0.0,0.0,1.0
164340,0,1,3400,-55,55,-156,13,17,0.50,145434.265625,0,2.1,14,186,0.0,0.0,0.0,0.0,0.0,1.0
164589,0,1,3400,-55,55,-159,12,17,0.50,123456.000000,0,2.1,15,0.0,0.0,80,0.0,0.0,0.0,1.0
164838,0,1,3400,-55,55,-162,13,18,0.51,118597.609375,5,2.1,15,0.0,0.0,0.0,0.0,0.0,0.0,1.0
165087,0,1,3400,-55,55,-160,13,17,0.50,81120.000000,0,2.1,15,0.0,0.0,0.0,0.0,0.0,0.0,1.0
165336,0,1,3400,-55,55,-158,12,18,0.50,120031.875000,0,2.1,15,186,0.0,0.0,0.0,0.0,0.0,1.0
165585,0,1,3400,-55,55,-160,14,17,0.50,102336.000000,0,2.1,14,0.0,15584.000000,0,0.0,0.0,0.0,1.0
165834,0,1,3400,-55,55,-160,13,18,0.50,123648.000000,0,2.1,14,0.0,0.0,0.0,0.0,0.0,0.0,1.0
166083,0,1,3400,-55,55,-161,13,17,0.66,75410.359375,0,2.1,14,0.0,0.0,0.0,0.0,0.0,0.0,1.0
166332,0,1,3400,-55,55,-161,12,17,0.50,112352.000000,0,2.1,14,186,0.0,0.0,0.0,0.0,0.0,1.0
166581,0,1,3400,-55,55,-162,10,17,0.50,90772.906250,0,2.1,14,0.0,23394.421875,0,0.0,0.0,0.0,1.0
166830,0,1,3400,-55,55,-161,13,17,0.50,113152.000000,0,2.1,14,0.0,0.0,0.0,0.0,0.0,0.0,1.0
167079,0,1,3400,-55,55,-160,8.1,17,0.50,122007.968750,0,2.1,13,0.0,0.0,0.0,0.0,0.0,0.0,1.0
167328,0,1,3400,-55,55,-157,14,18,0.52,123456.000000,0,2.1,14,186,0.0,0.0,0.0,0.0,0.0,1.0
167577,0,1,3400,-55,55,-156,13,18,0.50,129370.515625,0,2.1,16,0.0,167011.953125,66,0.0,0.0,0.0,1.0
167826,0,1,3400,-55,55,-157,11,18,0.50,108032.000000,0,2.1,16,0.0,0.0,0.0,0.0,0.0,0.0,1.0
168075,0,1,3400,-55,55,-159,13,18,0.50,144701.187500,0,2.1,16,0.0,0.0,0.0,0.0,0.0,0.0,1.0
168324,0,1,3400,-55,55,-157,12,17,0.50,102368.000000,0,2.1,16,186,0.0,0.0,0.0,0.0,0.0,1.0
168573,0,1,3400,-55,55,-158,9.8,17,0.53,106720.000000,0,2.1,4.0,0.0,16896.000000,36,0.0,0.0,0.0,1.0
168822,0,1,3400,-55,55,-160,14,17,0.51,181450.203125,0,2.1,0.0,0.0,0.0,0.0,0.0,0.0,0.0,1.0
169071,0,1,3400,-55,55,-160,8.7,17,0.50,160480.000000,0,2.1,0.0,0.0,0.0,0.0,0.0,0.0,0.0,1.0
169320,0,1,3400,-55,55,-160,11,17,0.50,161944.218750,0,2.1,0.0,186,0.0,0.0,0.0,0.0,0.0,1.0
169569,0,1,3400,-55,55,-156,13,17,0.50,108256.000000,0,2.1,13,0.0,23488.000000,0,0.0,0.0,0.0,1.0
169818,0,1,3400,-55,55,-155,13,18,0.50,112541.835938,0,2.1,14,0.0,0.0,0.0,0.0,0.0,0.0,1.0
170067,0,1,3400,-55,55,-158,12,18,0.50,96736.000000,0,2.1,14,0.0,0.0,0.0,0.0,0.0,0.0,1.0
170316,0,1,3400,-55,55,-160,12,18,0.50,59505.976562,0,2.1,14,186,0.0,0.0,0.0,0.0,0.0,1.0
170565,0,1,3400,-55,55,-152,13,17,0.50,97344.000000,0,2.1,15,0.0,0.0,80,0.0,0.0,0.0,1.0
170814,0,1,3400,-55,55,-160,12,18,0.50,131968.000000,0,2.1,15,0.0,0.0,0.0,0.0,0.0,0.0,1.0
171063,0,1,3400,-55,55,-158,8.9,17,0.50,124494.023438,0,2.1,15,0.0,0.0,0.0,0.0,0.0,0.0,1.0
171312,0,1,3400,-55,55,-158,12,18,0.50,175712.000000,0,2.1,15,186,0.0,0.0,0.0,0.0,0.0,1.0
171561,0,1,3400,-55,55,-158,13,18,0.50,108844.625000,0,2.1,0.60,0.0,8127.490234,0,0.0,0.0,0.0,1.0
171810,0,1,3400,-55,55,-156,13,18,0.50,70304.000000,0,2.1,0.0,0.0,0.0,0.0,0.0,0.0,0.0,1.0
172059,0,1,3400,-55,55,-157,9.4,18,0.50,119713.148438,0,2.1,0.0,0.0,0.0,0.0,0.0,0.0,0.0,1.0
172308,0,1,3400,-55,55,-159,11,18,0.50,121632.000000,0,2.1,0.0,186,0.0,0.0,0.0,0.0,0.0,1.0
172557,0,1,3400,-55,55,-157,13,18,0.50,117728.000000,0,2.1,12,0.0,15584.000000,0,0.0,0.0,0.0,1.0
172806,0,1,3400,-55,55,-158,13,17,0.50,91569.718750,0,2.1,12,0.0,0.0,0.0,0.0,0.0,0.0,1.0
173055,0,1,3400,-55,55,-158,13,17,0.50,81120.000000,0,2.1,12,0.0,0.0,0.0,0.0,0.0,0.0,1.0
173304,0,1,3400,-55,55,-159,11,18,0.50,128478.085938,0,2.1,12,186,0.0,0.0,0.0,0.0,0.0,1.0
173553,0,1,3400,-55,55,-161,9.5,17,0.50,132000.000000,0,2.1,12,0.0,23488.000000,0,0.0,0.0,0.0,1.0
173802,0,1,3400,-55,55,-158,7.7,17,0.53,118183.265625,0,2.1,12,0.0,0.0,0.0,0.0,0.0,0.0,1.0
174051,0,1,3400,-55,55,-155,7.5,18,0.50,104768.000000,0,2.1,12,0.0,0.0,0.0,0.0,0.0,0.0,1.0
174300,0,1,3400,-55,55,-154,11,17,0.50,124207.171875,0,2.1,12,186,0.0,0.0,0.0,0.0,0.0,1.0
174549,0,1,3400,-55,55,-156,13,18,0.50,75712.000000,0,2.1,13,0.0,23488.000000,0,0.0,0.0,0.0,1.0
174798,0,1,3400,-55,55,-159,11,18,0.50,161024.000000,0,2.1,14,0.0,0.0,0.0,0.0,0.0,0.0,1.0
175047,0,1,3400,-55,55,-157,13,17,0.50,85768.921875,0,2.1,14,0.0,0.0,0.0,0.0,0.0,0.0,1.0
175296,0,1,3400,-55,55,-156,13,18,0.50,156512.000000,0,2.1,14,186,0.0,0.0,0.0,0.0,0.0,1.0
175545,0,1,3400,-55,55,-160,10,17,0.50,101737.054688,0,2.1,13,0.0,29800.796875,0,0.0,0.0,0.0,1.0
175794,0,1,3400,-55,55,-159,13,17,0.50,113760.000000,0,2.1,12,0.0,0.0,0.0,0.0,0.0,0.0,1.0
176043,0,1,3400,-55,55,-157,11,17,0.50,122709.164062,0,2.1,12,0.0,0.0,0.0,0.0,0.0,0.0,1.0
176292,0,1,3400,-55,55,-157,13,17,0.50,129376.000000,0,2.1,12,186,0.0,0.0,0.0,0.0,0.0,1.0
176541,0,1,3400,-55,55,-158,13,18,0.50,150406.375000,0,2.1,4.9,0.0,30342.628906,44,0.0,0.0,0.0,1.0
176790,0,1,3400,-55,55,-156,13,17,0.50,81120.000000,0,2.1,0.0,0.0,0.0,0.0,0.0,0.0,0.0,1.0
177039,0,1,3400,-55,55,-154,11,18,0.50,89088.000000,0,2.1,0.0,0.0,0.0,0.0,0.0,0.0,0.0,1.0
177288,0,1,3400,-55,55,-157,13,17,0.63,96956.171875,0,2.1,0.0,186,0.0,0.0,0.0,0.0,0.0,1.0
177537,0,1,3400,-55,55,-158,13,18,0.56,118528.000000,0,2.1,0.0,0.0,8160.000000,17,0.0,0.0,0.0,1.0
177786,0,1,3400,-55,55,-160,13,18,0.50,96541.835938,0,2.1,0.0,0.0,0.0,0.0,0.0,0.0,0.0,1.0
178035,0,1,3400,-55,55,-159,13,17,0.50,124064.000000,0,2.1,0.0,0.0,0.0,0.0,0.0,0.0,0.0,1.0
178284,0,1,3400,-55,55,-157,13,18,0.50,91505.976562,0,2.1,0.0,186,0.0,0.0,0.0,0.0,0.0,1.0
178533,0,1,3400,-55,55,-158,13,18,0.52,129376.000000,4,2.1,12,0.0,23200.000000,42,0.0,0.0,0.0,1.0
178782,0,1,3400,-55,55,-157,11,18,0.50,93800.796875,0,2.1,12,0.0,0.0,0.0,0.0,0.0,0.0,1.0
179031,0,1,3400,-55,55,-157,12,18,0.50,107744.000000,0,2.1,12,0.0,0.0,0.0,0.0,0.0,0.0,1.0
179280,0,1,3400,-55,55,-158,13,18,0.93,118976.000000,4,2.1,12,186,0.0,0.0,0.0,0.0,0.0,1.0
179529,0,1,3400,-55,55,-155,13,18,0.50,86183.265625,0,2.1,2.5,0.0,23936.255859,36,0.0,0.0,0.0,1.0
179778,0,1,3400,-55,55,-157,13,17,0.56,103360.000000,0,2.1,0.0,0.0,0.0,0.0,0.0,0.0,0.0,1.0
180027,0,1,3400,-55,55,-157,9.8,17,0.50,95872.507812,0,2.1,0.0,0.0,0.0,0.0,0.0,0.0,0.0,1.0
180276,0,1,3400,-55,55,-157,6.4,17,0.50,87872.000000,0,2.1,0.0,186,0.0,0.0,0.0,0.0,0.0,1.0
180525,0,1,3400,-55,55,-159,4.8,18,0.50,96350.593750,0,2.1,7.1,0.0,19250.996094,38,0.0,0.0,0.0,1.0
180774,0,1,3400,-55,55,-163,12,17,0.63,108256.000000,5,2.1,9.5,0.0,0.0,0.0,0.0,0.0,0.0,1.0
181023,0,1,3400,-55,55,-162,8.3,18,0.50,123474.101562,0,2.1,9.5,0.0,0.0,0.0,0.0,0.0,0.0,1.0
181272,0,1,3400,-55,55,-159,2.2,17,0.50,124736.000000,0,2.1,9.5,186,0.0,0.0,0.0,0.0,0.0,1.0
181521,0,1,3400,-55,55,-156,8.8,17,0.58,129216.000000,4,2.1,6.7,0.0,14816.000000,17,0.0,0.0,0.0,1.0
181770,0,1,3400,-55,55,-156,9.1,18,0.53,117896.414062,0,2.1,7.0,0.0,0.0,0.0,0.0,0.0,0.0,1.0
182019,0,1,3400,-55,55,-155,13,17,0.57,183040.000000,3,2.1,7.0,0.0,0.0,0.0,0.0,0.0,0.0,1.0
182268,0,1,3400,-55,55,-157,12,18,0.50,147888.453125,0,2.1,7.0,186,0.0,0.0,0.0,0.0,0.0,1.0
182517,0,1,3400,-55,55,-153,6.0,17,0.52,93344.000000,0,2.1,14,0.0,0.0,80,0.0,0.0,0.0,1.0
182766,0,1,3400,-55,55,-155,5.1,17,0.50,145019.921875,0,2.1,15,0.0,0.0,0.0,0.0,0.0,0.0,1.0
183015,0,1,3400,-55,55,-161,13,17,0.50,141728.000000,0,2.1,14,0.0,0.0,0.0,0.0,0.0,0.0,1.0
183264,0,1,3400,-55,55,-162,10,18,0.50,125386.453125,0,2.1,14,186,0.0,0.0,0.0,0.0,0.0,1.0
183513,0,1,3400,-55,55,-161,8.7,17,0.50,65088.000000,0,2.1,15,0.0,229760.000000,52,0.0,0.0,0.0,1.0
183762,0,1,3400,-55,55,-160,13,17,0.50,91569.718750,0,2.1,16,0.0,0.0,0.0,0.0,0.0,0.0,1.0
184011,0,1,3400,-55,55,-159,12,18,0.50,129088.000000,0,2.1,16,0.0,0.0,0.0,0.0,0.0,0.0,1.0
184260,0,1,3400,-55,55,-158,13,18,0.51,118976.000000,0,2.1,16,186,0.0,0.0,0.0,0.0,0.0,1.0
184509,0,1,3400,-55,55,-159,14,18,0.50,107824.703125,0,2.1,1.4,0.0,12462.151367,36,0.0,0.0,0.0,1.0
184758,0,1,3400,-55,55,-157,9.7,17,0.79,125024.000000,4,2.1,0.0,0.0,0.0,0.0,0.0,0.0,0.0,1.0
185007,0,1,3400,-55,55,-160,8.3,17,0.50,119649.406250,0,2.1,0.0,0.0,0.0,0.0,0.0,0.0,0.0,1.0
185256,0,1,3400,-55,55,-159,13,18,0.50,161504.000000,0,2.1,0.0,186,0.0,0.0,0.0,0.0,0.0,1.0
185505,0,1,3400,-55,55,-159,13,17,0.50,91569.718750,0,2.1,7.1,0.0,33274.902344,33,0.0,0.0,0.0,1.0
185754,0,1,3400,-55,55,-157,12,18,0.50,107776.000000,0,2.1,6.5,0.0,0.0,0.0,0.0,0.0,0.0,1.0
186003,0,1,3400,-55,55,-156,13,18,0.50,118852.585938,0,2.1,6.5,0.0,0.0,0.0,0.0,0.0,0.0,1.0
186252,0,1,3400,-55,55,-158,13,18,0.50,129792.000000,0,2.1,6.5,186,0.0,0.0,0.0,0.0,0.0,1.0
186501,0,1,3400,-55,55,-157,12,17,0.72,134272.000000,4,2.1,13,0.0,0.0,80,0.0,0.0,0.0,1.0
186750,0,1,3400,-55,55,-158,12,18,0.50,117960.156250,0,2.1,14,0.0,0.0,0.0,0.0,0.0,0.0,1.0
186999,0,1,3400,-55,55,-157,13,17,0.50,102336.000000,0,2.1,14,0.0,0.0,0.0,0.0,0.0,0.0,1.0
187248,0,1,3400,-55,55,-156,11,17,0.50,139505.968750,0,2.1,14,186,0.0,0.0,0.0,0.0,0.0,1.0
187497,0,1,3400,-55,55,-155,13,18,0.50,54176.000000,0,2.1,8.7,0.0,8160.000000,0,0.0,0.0,0.0,1.0
187746,0,1,3400,-55,55,-157,7.5,18,0.50,138071.718750,0,2.1,7.5,0.0,0.0,0.0,0.0,0.0,0.0,1.0
187995,0,1,3400,-55,55,-160,11,17,0.50,113120.000000,0,2.1,7.5,0.0,0.0,0.0,0.0,0.0,0.0,1.0
188244,0,1,3400,-55,55,-162,13,17,0.50,107314.742188,0,2.1,7.5,186,0.0,0.0,0.0,0.0,0.0,1.0
188493,0,1,3400,-55,55,-162,12,17,0.50,98624.000000,0,2.1,0.18,0.0,24736.000000,11,0.0,0.0,0.0,1.0
188742,0,1,3400,-55,55,-160,11,17,0.71,119392.000000,8,2.1,0.0,0.0,0.0,0.0,0.0,0.0,0.0,1.0
188991,0,1,3400,-55,55,-159,8.7,17,0.50,113434.265625,0,2.1,0.0,0.0,0.0,0.0,0.0,0.0,0.0,1.0
189240,0,1,3400,-55,55,-161,13,18,0.50,108256.000000,0,2.1,0.0,186,0.0,0.0,0.0,0.0,0.0,1.0
189489,0,1,3400,-55,55,-160,13,17,0.50,123824.703125,0,2.1,9.9,0.0,30693.226562,48,0.0,0.0,0.0,1.0
189738,0,1,3400,-55,55,-161,13,18,0.52,113568.000000,0,2.1,6.5,0.0,0.0,0.0,0.0,0.0,0.0,1.0
189987,0,1,3400,-55,55,-160,13,17,0.50,128860.554688,0,2.1,6.5,0.0,0.0,0.0,0.0,0.0,0.0,1.0
190236,0,1,3400,-55,55,-160,13,17,0.50,118976.000000,0,2.1,6.5,186,0.0,0.0,0.0,0.0,0.0,1.0
190485,0,1,3400,-55,55,-162,13,18,0.50,144764.937500,0,2.1,7.5,0.0,0.0,80,0.0,0.0,0.0,1.0
190734,0,1,3400,-55,55,-162,10,17,0.50,157056.000000,0,2.1,7.5,0.0,0.0,0.0,0.0,0.0,0.0,1.0
190983,0,1,3400,-55,55,-159,13,18,0.50,64637.449219,0,2.1,7.5,0.0,0.0,0.0,0.0,0.0,0.0,1.0
191232,0,1,3400,-55,55,-159,14,18,0.50,96160.000000,0,2.1,7.5,186,0.0,0.0,0.0,0.0,0.0,1.0
191481,0,1,3400,-55,55,-156,5.5,17,0.70,54304.000000,5,2.1,14,0.0,272288.000000,52,0.0,0.0,0.0,1.0
191730,0,1,3400,-55,55,-158,12,17,0.50,154996.015625,0,2.1,16,0.0,0.0,0.0,0.0,0.0,0.0,1.0
191979,0,1,3400,-55,55,-163,12,18,0.50,164096.000000,0,2.1,16,0.0,0.0,0.0,0.0,0.0,0.0,1.0
192228,0,1,3400,-55,55,-164,13,18,0.50,96956.171875,0,2.1,16,186,0.0,0.0,0.0,0.0,0.0,1.0
192477,0,1,3400,-55,55,-161,13,18,0.50,128960.000000,0,2.1,1.4,0.0,12512.000000,36,0.0,0.0,0.0,1.0
192726,0,1,3400,-55,55,-157,13,17,0.63,111808.765625,0,2.1,0.0,0.0,0.0,0.0,0.0,0.0,0.0,1.0
192975,0,1,3400,-55,55,-158,11,17,0.50,107936.000000,0,2.1,0.0,0.0,0.0,0.0,0.0,0.0,0.0,1.0
193224,0,1,3400,-55,55,-155,13,17,0.56,96541.835938,0,2.1,0.0,186,0.0,0.0,0.0,0.0,0.0,1.0
193473,0,1,3400,-55,55,-154,13,17,0.50,91616.000000,0,2.1,12,0.0,15584.000000,14,0.0,0.0,0.0,1.0
193722,0,1,3400,-55,55,-156,9.3,17,0.50,87072.000000,0,2.1,12,0.0,0.0,0.0,0.0,0.0,0.0,1.0
193971,0,1,3400,-55,55,-159,12,18,0.50,86151.390625,0,2.1,12,0.0,0.0,0.0,0.0,0.0,0.0,1.0
194220,0,1,3400,-55,55,-159,5.7,17,0.50,137952.000000,0,2.1,12,186,0.0,0.0,0.0,0.0,0.0,1.0
194469,0,1,3400,-55,55,-161,12,17,0.79,97434.265625,5,2.1,2.6,0.0,23936.255859,36,0.0,0.0,0.0,1.0
194718,0,1,3400,-55,55,-162,9.3,18,0.50,144224.000000,0,2.1,0.0,0.0,0.0,0.0,0.0,0.0,0.0,1.0
194967,0,1,3400,-55,55,-158,13,17,0.58,172143.421875,0,2.1,0.0,0.0,0.0,0.0,0.0,0.0,0.0,1.0
195216,0,1,3400,-55,55,-158,13,17,0.50,167968.000000,0,2.1,0.0,186,0.0,0.0,0.0,0.0,0.0,1.0
195465,0,1,3400,-55,55,-156,9.7,17,0.50,86916.335938,0,2.1,15,0.0,284143.437500,55,0.0,0.0,0.0,1.0
195714,0,1,3400,-55,55,-156,13,17,0.50,108160.000000,0,2.1,16,0.0,0.0,0.0,0.0,0.0,0.0,1.0
195963,0,1,3400,-55,55,-158,5.9,17,0.50,70980.078125,0,2.1,16,0.0,0.0,0.0,0.0,0.0,0.0,1.0
196212,0,1,3400,-55,55,-161,13,17,0.50,135392.000000,0,2.1,16,186,0.0,0.0,0.0,0.0,0.0,1.0
196461,0,1,3400,-55,55,-159,13,17,0.54,108160.000000,5,2.1,12,0.0,15584.000000,0,0.0,0.0,0.0,1.0
196710,0,1,3400,-55,55,-160,9.0,17,0.50,106709.164062,0,2.1,12,0.0,0.0,0.0,0.0,0.0,0.0,1.0
196959,0,1,3400,-55,55,-159,9.2,18,0.50,146752.000000,0,2.1,12,0.0,0.0,0.0,0.0,0.0,0.0,1.0
197208,0,1,3400,-55,55,-155,11,18,0.51,119362.546875,4,2.1,12,186,0.0,0.0,0.0,0.0,0.0,1.0
197457,0,1,3400,-55,55,-153,12,17,1.1,118976.000000,8,2.1,14,0.0,0.0,80,0.0,0.0,0.0,1.0
197706,0,1,3400,-55,55,-152,13,17,0.50,132589.640625,0,2.1,14,0.0,0.0,0.0,0.0,0.0,0.0,1.0
197955,0,1,3400,-55,55,-156,13,17,0.50,119424.000000,0,2.1,14,0.0,0.0,0.0,0.0,0.0,0.0,1.0
198204,0,1,3400,-55,55,-157,14,17,0.50,86565.734375,0,2.1,14,186,0.0,0.0,0.0,0.0,0.0,1.0
198453,0,1,3400,-55,55,-158,13,17,0.51,129792.000000,0,2.1,1.4,0.0,12512.000000,36,0.0,0.0,0.0,1.0
198702,0,1,3400,-55,55,-160,11,18,0.51,101952.000000,0,2.1,0.0,0.0,0.0,0.0,0.0,0.0,0.0,1.0
198951,0,1,3400,-55,55,-162,12,18,0.53,112541.835938,0,2.1,0.0,0.0,0.0,0.0,0.0,0.0,0.0,1.0
199200,0,1,3400,-55,55,-159,8.6,18,0.50,75840.000000,0,2.1,0.0,186,0.0,0.0,0.0,0.0,0.0,1.0
199449,0,1,3400,-55,55,-157,11,18,0.50,70406.375000,0,2.1,12,0.0,225498.015625,52,0.0,0.0,0.0,1.0
199698,0,1,3400,-55,55,-159,13,17,0.50,107744.000000,0,2.1,16,0.0,0.0,0.0,0.0,0.0,0.0,1.0
199947,0,1,3400,-55,55,-157,13,17,0.55,173354.578125,3,2.1,16,0.0,0.0,0.0,0.0,0.0,0.0,1.0
200196,0,1,3400,-55,55,-157,12,18,0.50,134912.000000,0,2.1,16,186,0.0,0.0,0.0,0.0,0.0,1.0
200445,0,1,3400,-55,55,-160,11,18,0.62,64382.468750,0,2.1,0.64,0.0,7968.127441,0,0.0,0.0,0.0,1.0
200694,0,1,3400,-55,55,-160,12,17,0.50,149888.000000,0,2.1,0.0,0.0,0.0,0.0,0.0,0.0,0.0,1.0
200943,0,1,3400,-55,55,-161,13,18,0.50,75296.000000,0,2.1,0.0,0.0,0.0,0.0,0.0,0.0,0.0,1.0
201192,0,1,3400,-55,55,-159,13,18,0.51,145019.921875,0,2.1,0.0,186,0.0,0.0,0.0,0.0,0.0,1.0
201441,0,1,3400,-55,55,-157,9.9,17,0.55,109152.000000,0,2.1,0.0,0.0,12224.000000,0,0.0,0.0,0.0,1.0
201690,0,1,3400,-55,55,-157,13,18,0.50,138804.781250,0,2.1,0.0,0.0,0.0,0.0,0.0,0.0,0.0,1.0
201939,0,1,3400,-55,55,-162,13,18,0.50,108160.000000,0,2.1,0.0,0.0,0.0,0.0,0.0,0.0,0.0,1.0
202188,0,1,3400,-55,55,-162,7.5,18,0.50,102533.867188,0,2.1,0.0,186,0.0,0.0,0.0,0.0,0.0,1.0
202437,0,1,3400,-55,55,-160,13,17,0.54,118592.000000,0,2.1,8.6,0.0,30336.000000,56,0.0,0.0,0.0,1.0
202686,0,1,3400,-55,55,-160,12,18,0.50,119107.570312,0,2.1,0.0,0.0,0.0,0.0,0.0,0.0,0.0,1.0
202935,0,1,3400,-55,55,-158,13,18,0.50,108160.000000,0,2.1,0.052,0.0,0.0,0.0,0.0,0.0,0.0,1.0
203184,0,1,3400,-55,55,-157,11,17,0.50,136892.437500,0,2.1,0.0,186,0.0,0.0,0.0,0.0,0.0,1.0
203433,0,1,3400,-55,55,-158,13,18,0.50,145696.000000,0,2.1,0.82,0.0,12512.000000,36,0.0,0.0,0.0,1.0
203682,0,1,3400,-55,55,-160,11,17,0.50,135872.000000,0,2.1,0.0,0.0,0.0,0.0,0.0,0.0,0.0,1.0
203931,0,1,3400,-55,55,-159,12,17,0.60,112223.109375,5,2.1,0.0,0.0,0.0,0.0,0.0,0.0,0.0,1.0
204180,0,1,3400,-55,55,-156,13,18,0.50,97344.000000,0,2.1,0.0,186,0.0,0.0,0.0,0.0,0.0,1.0
204429,0,1,3400,-55,55,-156,12,17,0.50,85928.289062,0,2.1,0.82,0.0,12462.151367,36,0.0,0.0,0.0,1.0
204678,0,1,3400,-55,55,-159,9.4,18,0.50,96544.000000,0,2.1,0.0,0.0,0.0,0.0,0.0,0.0,0.0,1.0
204927,0,1,3400,-55,55,-162,10,18,0.70,114741.039062,5,2.1,0.0,0.0,0.0,0.0,0.0,0.0,0.0,1.0
205176,0,1,3400,-55,55,-162,12,17,0.50,179520.000000,0,2.1,0.0,186,0.0,0.0,0.0,0.0,0.0,1.0
205425,0,1,3400,-55,55,-160,6.9,17,0.50,119043.828125,0,2.1,15,0.0,230629.484375,67,0.0,0.0,0.0,1.0
205674,0,1,3400,-55,55,-159,13,17,0.50,96928.000000,0,2.1,16,0.0,0.0,0.0,0.0,0.0,0.0,1.0
205923,0,1,3400,-55,55,-157,9.9,18,0.50,114016.000000,0,2.1,16,0.0,0.0,0.0,0.0,0.0,0.0,1.0
206172,0,1,3400,-55,55,-158,9.1,18,0.50,107442.234375,0,2.1,16,186,0.0,0.0,0.0,0.0,0.0,1.0
206421,0,1,3400,-55,55,-160,12,17,0.50,70816.000000,0,2.1,2.3,0.0,23584.000000,29,0.0,0.0,0.0,1.0
206670,0,1,3400,-55,55,-156,11,18,0.50,65338.644531,0,2.1,0.0,0.0,0.0,0.0,0.0,0.0,0.0,1.0
206919,0,1,3400,-55,55,-157,8.9,17,0.50,127168.000000,0,2.1,0.0,0.0,0.0,0.0,0.0,0.0,0.0,1.0
207168,0,1,3400,-55,55,-155,7.9,17,0.50,158661.359375,0,2.1,0.0,186,0.0,0.0,0.0,0.0,0.0,1.0
207417,0,1,3400,-55,55,-157,13,18,0.72,86528.000000,6,2.1,0.81,0.0,12512.000000,36,0.0,0.0,0.0,1.0
207666,0,1,3400,-55,55,-154,11,17,0.50,117960.156250,0,2.1,0.0,0.0,0.0,0.0,0.0,0.0,0.0,1.0
207915,0,1,3400,-55,55,-158,9.4,17,0.50,73888.000000,0,2.1,0.0,0.0,0.0,0.0,0.0,0.0,0.0,1.0
208164,0,1,3400,-55,55,-161,4.6,17,0.50,141696.000000,0,2.1,0.0,186,0.0,0.0,0.0,0.0,0.0,1.0
208413,0,1,3400,-55,55,-160,9.4,17,0.50,104191.234375,0,2.1,15,0.0,329338.656250,52,0.0,0.0,0.0,1.0
208662,0,1,3400,-55,55,-158,8.8,18,0.50,152608.000000,0,2.1,16,0.0,0.0,0.0,0.0,0.0,0.0,1.0
208911,0,1,3400,-55,55,-160,10,18,0.50,107633.468750,0,2.1,16,0.0,0.0,0.0,0.0,0.0,0.0,1.0
209160,0,1,3400,-55,55,-158,8.6,18,0.50,159936.000000,0,2.1,16,186,0.0,0.0,0.0,0.0,0.0,1.0
209409,0,1,3400,-55,55,-155,13,17,0.50,107729.085938,0,2.1,12,0.0,15521.912109,0,0.0,0.0,0.0,1.0
209658,0,1,3400,-55,55,-155,13,17,0.50,113408.000000,0,2.1,12,0.0,0.0,0.0,0.0,0.0,0.0,1.0
209907,0,1,3400,-55,55,-158,13,18,0.50,173003.984375,0,2.1,12,0.0,0.0,0.0,0.0,0.0,0.0,1.0
210156,0,1,3400,-55,55,-160,7.6,17,0.50,91712.000000,0,2.1,12,0.0,0.0,0.0,0.0,0.0,0.0,1.0
210405,0,1,3400,-55,55,-159,13,17,0.50,113760.000000,0,2.1,15,0.0,381280.000000,41,0.0,0.0,0.0,1.0
210654,0,1,3400,-55,55,-159,12,17,0.50,134501.984375,0,2.1,16,0.0,0.0,0.0,0.0,0.0,0.0,1.0
210903,0,1,3400,-55,55,-161,7.7,17,0.50,123232.000000,0,2.1,16,0.0,0.0,0.0,0.0,0.0,0.0,1.0
211152,0,1,3400,-55,55,-159,13,17,0.50,86183.265625,0,2.1,16,186,0.0,0.0,0.0,0.0,0.0,1.0
211401,0,1,3400,-55,55,-157,13,17,0.50,108160.000000,0,2.1,15,0.0,157376.000000,64,0.0,0.0,0.0,1.0
211650,0,1,3400,-55,55,-157,13,17,0.50,189545.812500,0,2.1,16,0.0,0.0,0.0,0.0,0.0,0.0,1.0
211899,0,1,3400,-55,55,-158,8.7,17,0.50,137280.000000,0,2.1,16,0.0,0.0,0.0,0.0,0.0,0.0,1.0
212148,0,1,3400,-55,55,-159,8.3,17,0.50,117992.031250,0,2.1,16,186,0.0,0.0,0.0,0.0,0.0,1.0
212397,0,1,3400,-55,55,-159,12,17,0.50,151488.000000,0,2.1,12,0.0,15584.000000,0,0.0,0.0,0.0,1.0
212646,0,1,3400,-55,55,-160,13,18,0.50,86183.265625,0,2.1,13,0.0,0.0,0.0,0.0,0.0,0.0,1.0
212895,0,1,3400,-55,55,-159,13,17,0.50,129376.000000,0,2.1,12,0.0,0.0,0.0,0.0,0.0,0.0,1.0
213144,0,1,3400,-55,55,-161,13,18,0.54,166816.000000,3,2.1,12,186,0.0,0.0,0.0,0.0,0.0,1.0
213393,0,1,3400,-55,55,-161,13,18,0.50,113115.539062,0,2.1,13,0.0,23394.421875,0,0.0,0.0,0.0,1.0
213642,0,1,3400,-55,55,-162,13,18,0.54,113504.000000,5,2.1,14,0.0,0.0,0.0,0.0,0.0,0.0,1.0
213891,0,1,3400,-55,55,-162,13,18,0.50,128860.554688,0,2.1,14,0.0,0.0,0.0,0.0,0.0,0.0,1.0
214140,0,1,3400,-55,55,-162,6.0,17,0.50,135232.000000,0,2.1,13,186,0.0,0.0,0.0,0.0,0.0,1.0
214389,0,1,3400,-55,55,-159,9.4,18,0.50,118438.250000,0,2.1,14,0.0,23394.421875,0,0.0,0.0,0.0,1.0
214638,0,1,3400,-55,55,-155,12,18,0.50,122656.000000,0,2.1,14,0.0,0.0,0.0,0.0,0.0,0.0,1.0
214887,0,1,3400,-55,55,-156,7.7,18,0.50,110693.226562,0,2.1,14,0.0,0.0,0.0,0.0,0.0,0.0,1.0
215136,0,1,3400,-55,55,-153,6.7,17,0.84,146464.000000,0,2.1,14,186,0.0,0.0,0.0,0.0,0.0,1.0
215385,0,1,3400,-55,55,-156,13,18,0.53,129376.000000,0,2.1,14,0.0,23488.000000,0,0.0,0.0,0.0,1.0
215634,0,1,3400,-55,55,-159,13,18,0.50,113880.476562,0,2.1,14,0.0,0.0,0.0,0.0,0.0,0.0,1.0
215883,0,1,3400,-55,55,-161,12,17,0.50,86464.000000,0,2.1,14,0.0,0.0,0.0,0.0,0.0,0.0,1.0
216132,0,1,3400,-55,55,-162,12,17,0.50,80892.429688,0,2.1,14,186,0.0,0.0,0.0,0.0,0.0,1.0
216381,0,1,3400,-55,55,-158,12,17,0.50,117952.000000,0,2.1,9.5,0.0,24224.000000,36,0.0,0.0,0.0,1.0
216630,0,1,3400,-55,55,-158,16,18,0.50,121976.093750,0,2.1,8.5,0.0,0.0,0.0,0.0,0.0,0.0,1.0
216879,0,1,3400,-55,55,-160,13,17,0.50,95392.000000,0,2.1,8.5,0.0,0.0,0.0,0.0,0.0,0.0,1.0
217128,0,1,3400,-55,55,-159,13,17,0.50,118501.992188,0,2.1,8.5,186,0.0,0.0,0.0,0.0,0.0,1.0
217377,0,1,3400,-55,55,-154,13,18,0.63,134976.000000,4,2.1,8.3,0.0,19968.000000,44,0.0,0.0,0.0,1.0
217626,0,1,3400,-55,55,-158,13,18,0.50,85768.921875,0,2.1,0.0,0.0,0.0,0.0,0.0,0.0,0.0,1.0
217875,0,1,3400,-55,55,-160,13,18,0.50,108160.000000,0,2.1,0.0,0.0,0.0,0.0,0.0,0.0,0.0,1.0
218124,0,1,3400,-55,55,-158,13,18,0.50,162336.000000,0,2.1,0.0,186,0.0,0.0,0.0,0.0,0.0,1.0
218373,0,1,3400,-55,55,-158,13,17,0.50,69609.562500,0,2.1,13,0.0,26709.164062,48,0.0,0.0,0.0,1.0
218622,0,1,3400,-55,55,-159,13,17,0.50,113664.000000,0,2.1,13,0.0,0.0,0.0,0.0,0.0,0.0,1.0
218871,0,1,3400,-55,55,-157,11,18,0.50,133354.578125,0,2.1,13,0.0,0.0,0.0,0.0,0.0,0.0,1.0
219120,0,1,3400,-55,55,-158,11,18,0.50,151328.000000,0,2.1,13,0.0,0.0,0.0,0.0,0.0,0.0,1.0
219369,0,1,3400,-55,55,-159,13,18,0.50,134661.359375,0,2.1,19,0.0,23426.294922,45,0.0,0.0,0.0,1.0
219618,0,1,3400,-55,55,-159,9.2,17,0.50,140544.000000,0,2.1,22,0.0,0.0,0.0,0.0,0.0,0.0,1.0
219867,0,1,3400,-55,55,-161,11,17,0.54,116270.914062,5,2.1,22,0.0,0.0,0.0,0.0,0.0,0.0,1.0
220116,0,1,3400,-55,55,-160,11,17,0.50,91680.000000,0,2.1,22,186,0.0,0.0,0.0,0.0,0.0,1.0
220365,0,1,3400,-55,55,-160,13,18,0.57,118501.992188,4,2.1,23,0.0,0.0,80,0.0,0.0,0.0,1.0
220614,0,1,3400,-55,55,-157,13,17,0.53,102336.000000,0,2.1,23,0.0,0.0,0.0,0.0,0.0,0.0,1.0
220863,0,1,3400,-55,55,-158,13,18,0.53,166496.000000,0,2.1,23,0.0,0.0,0.0,0.0,0.0,0.0,1.0
221112,0,1,3400,-55,55,-160,9.1,17,0.50,127681.273438,0,2.1,23,186,0.0,0.0,0.0,0.0,0.0,1.0
221361,0,1,3400,-55,55,-156,12,18,0.57,70304.000000,0,2.1,16,0.0,290304.000000,58,0.0,0.0,0.0,1.0
221610,0,1,3400,-55,55,-158,13,18,0.50,145434.265625,0,2.1,16,0.0,0.0,0.0,0.0,0.0,0.0,1.0
221859,0,1,3400,-55,55,-158,6.1,17,0.50,99168.000000,0,2.1,16,0.0,0.0,0.0,0.0,0.0,0.0,1.0
222108,0,1,3400,-55,55,-157,5.1,17,0.50,75984.062500,0,2.1,16,186,0.0,0.0,0.0,0.0,0.0,1.0
222357,0,1,3400,-55,55,-160,12,18,0.50,91520.000000,0,2.1,3.3,0.0,49184.000000,10,0.0,0.0,0.0,1.0
222606,0,1,3400,-55,55,-163,13,17,0.50,145019.921875,0,2.1,0.0,0.0,0.0,0.0,0.0,0.0,0.0,1.0
222855,0,1,3400,-55,55,-158,13,17,0.50,123776.000000,0,2.1,0.0,0.0,0.0,0.0,0.0,0.0,0.0,1.0
223104,0,1,3400,-55,55,-159,13,18,0.51,129472.000000,0,2.1,0.0,186,0.0,0.0,0.0,0.0,0.0,1.0
223353,0,1,3400,-55,55,-160,12,18,0.50,135171.312500,0,2.1,0.0,0.0,8127.490234,0,0.0,0.0,0.0,1.0
223602,0,1,3400,-55,55,-158,13,18,0.50,124384.000000,0,2.1,0.0,0.0,0.0,0.0,0.0,0.0,0.0,1.0
223851,0,1,3400,-55,55,-159,13,17,0.50,97051.789062,0,2.1,0.0,0.0,0.0,0.0,0.0,0.0,0.0,1.0
224100,0,1,3400,-55,55,-162,13,17,0.50,156000.000000,0,2.1,0.0,186,0.0,0.0,0.0,0.0,0.0,1.0
224349,0,1,3400,-55,55,-158,13,18,0.51,107410.359375,0,2.1,5.6,0.0,23808.765625,56,0.0,0.0,0.0,1.0
224598,0,1,3400,-55,55,-157,13,17,0.50,81120.000000,0,2.1,0.0,0.0,0.0,0.0,0.0,0.0,0.0,1.0
224847,0,1,3400,-55,55,-158,13,18,0.52,139633.468750,0,2.1,0.0,0.0,0.0,0.0,0.0,0.0,0.0,1.0
225096,0,1,3400,-55,55,-157,13,17,0.50,113568.000000,0,2.1,0.0,186,0.0,0.0,0.0,0.0,0.0,1.0
225345,0,1,3400,-55,55,-159,11,17,0.50,145015.875000,0,2.1,0.0,0.0,6793.650879,44,0.0,0.0,0.0,1.0
225594,0,1,3400,-55,55,-160,13,17,0.50,97440.000000,0,2.1,0.0,0.0,0.0,0.0,0.0,0.0,0.0,1.0
225843,0,1,3400,-55,55,-162,13,17,0.50,118560.000000,0,2.1,0.0,0.0,0.0,0.0,0.0,0.0,0.0,1.0
226092,0,1,3400,-55,55,-159,13,17,0.50,123059.757812,0,2.1,0.0,186,0.0,0.0,0.0,0.0,0.0,1.0
226341,0,1,3400,-55,55,-158,13,17,0.50,86112.000000,0,2.1,2.1,0.0,24032.000000,36,0.0,0.0,0.0,1.0
226590,0,1,3400,-55,55,-156,13,18,0.56,91569.718750,6,2.1,0.0,0.0,0.0,0.0,0.0,0.0,0.0,1.0
226839,0,1,3400,-55,55,-157,13,17,0.50,96512.000000,0,2.1,0.0,0.0,0.0,0.0,0.0,0.0,0.0,1.0
227088,0,1,3400,-55,55,-160,13,18,0.50,91155.375000,0,2.1,0.0,186,0.0,0.0,0.0,0.0,0.0,1.0
227337,0,1,3400,-55,55,-160,13,18,0.50,102848.000000,0,2.1,0.0,0.0,8000.000000,0,0.0,0.0,0.0,1.0
227586,0,1,3400,-55,55,-157,11,18,0.50,175139.437500,0,2.1,0.0,0.0,0.0,0.0,0.0,0.0,0.0,1.0
227835,0,1,3400,-55,55,-158,13,18,0.50,129472.000000,0,2.1,0.0,0.0,0.0,0.0,0.0,0.0,0.0,1.0
228084,0,1,3400,-55,55,-160,13,17,0.50,102752.000000,0,2.1,0.0,186,0.0,0.0,0.0,0.0,0.0,1.0
228333,0,1,3400,-55,55,-157,12,17,0.53,85545.820312,0,2.1,7.8,40,0.0,80,0.0,0.0,0.0,1.0
228582,0,1,3400,-55,55,-159,7.4,18,0.50,97696.000000,0,2.1,5.0,0.0,10240.000000,44,0.0,0.0,0.0,1.0
228831,0,1,3400,-55,55,-159,11,18,0.50,134629.484375,0,2.1,0.052,0.0,0.0,0.0,0.0,0.0,0.0,1.0
229080,0,1,3400,-55,55,-157,11,18,0.50,146528.000000,0,2.1,0.0,186,0.0,0.0,0.0,0.0,0.0,1.0
229329,0,1,3400,-55,55,-159,11,17,0.50,166501.984375,0,2.1,1.0,0.0,16828.685547,31,0.0,0.0,0.0,1.0
229578,0,1,3400,-55,55,-157,11,18,0.50,144032.000000,0,2.1,0.0,0.0,0.0,0.0,0.0,0.0,0.0,1.0
229827,0,1,3400,-55,55,-157,13,18,0.50,113211.156250,0,2.1,0.0,0.0,0.0,0.0,0.0,0.0,0.0,1.0
230076,0,1,3400,-55,55,-155,12,18,0.50,127456.000000,0,2.1,0.0,186,0.0,0.0,0.0,0.0,0.0,1.0
230325,0,1,3400,-55,55,-158,9.0,18,0.51,160000.000000,0,2.1,13,0.0,23488.000000,0,0.0,0.0,0.0,1.0
230574,0,1,3400,-55,55,-159,12,17,0.50,127585.656250,0,2.1,14,0.0,0.0,0.0,0.0,0.0,0.0,1.0
230823,0,1,3400,-55,55,-160,8.6,17,0.50,97856.000000,0,2.1,13,0.0,0.0,0.0,0.0,0.0,0.0,1.0
231072,0,1,3400,-55,55,-159,13,17,0.50,113115.539062,0,2.1,14,186,0.0,0.0,0.0,0.0,0.0,1.0
231321,0,1,3400,-55,55,-156,13,18,0.50,124064.000000,0,2.1,14,0.0,23488.000000,0,0.0,0.0,0.0,1.0
231570,0,1,3400,-55,55,-154,8.6,17,0.52,176956.171875,0,2.1,14,0.0,0.0,0.0,0.0,0.0,0.0,1.0
231819,0,1,3400,-55,55,-154,11,18,0.55,81120.000000,0,2.1,14,0.0,0.0,0.0,0.0,0.0,0.0,1.0
232068,0,1,3400,-55,55,-155,12,18,0.50,133195.218750,0,2.1,14,186,0.0,0.0,0.0,0.0,0.0,1.0
232317,0,1,3400,-55,55,-156,13,18,0.50,80288.000000,0,2.1,14,0.0,23488.000000,0,0.0,0.0,0.0,1.0
232566,0,1,3400,-55,55,-159,9.7,17,0.58,91648.000000,0,2.1,14,0.0,0.0,0.0,0.0,0.0,0.0,1.0
232815,0,1,3400,-55,55,-157,11,17,0.58,122199.203125,4,2.1,14,0.0,0.0,0.0,0.0,0.0,0.0,1.0
233064,0,1,3400,-55,55,-159,14,17,0.50,166816.000000,0,2.1,13,186,0.0,0.0,0.0,0.0,0.0,1.0
233313,0,1,3400,-55,55,-163,11,17,0.50,86788.843750,0,2.1,0.52,0.0,7617.529785,0,0.0,0.0,0.0,1.0
233562,0,1,3400,-55,55,-158,13,17,0.50,135200.000000,0,2.1,0.0,0.0,0.0,0.0,0.0,0.0,0.0,1.0
233811,0,1,3400,-55,55,-159,12,17,0.71,136701.187500,0,2.1,0.0,0.0,0.0,0.0,0.0,0.0,0.0,1.0
234060,0,1,3400,-55,55,-157,13,18,0.51,156416.000000,0,2.1,0.0,186,0.0,0.0,0.0,0.0,0.0,1.0
234309,0,1,3400,-55,55,-156,13,18,0.50,85768.921875,0,2.1,5.1,0.0,19378.486328,44,0.0,0.0,0.0,1.0
234558,0,1,3400,-55,55,-160,13,17,0.50,119168.000000,0,2.1,0.0,0.0,0.0,0.0,0.0,0.0,0.0,1.0
234807,0,1,3400,-55,55,-163,11,18,0.52,160223.109375,0,2.1,0.0,0.0,0.0,0.0,0.0,0.0,0.0,1.0
235056,0,1,3400,-55,55,-160,13,18,0.77,124512.000000,4,2.1,0.0,0.0,0.0,0.0,0.0,0.0,0.0,1.0
235305,0,1,3400,-55,55,-159,11,17,0.50,140800.000000,0,2.1,2.2,0.0,11872.000000,36,0.0,0.0,0.0,1.0
235554,0,1,3400,-55,55,-161,10,18,0.50,89338.648438,0,2.1,0.0,0.0,0.0,0.0,0.0,0.0,0.0,1.0
235803,0,1,3400,-55,55,-161,13,17,0.50,118976.000000,0,2.1,0.0,0.0,0.0,0.0,0.0,0.0,0.0,1.0
236052,0,1,3400,-55,55,-156,13,17,0.50,118119.523438,0,2.1,0.0,186,0.0,0.0,0.0,0.0,0.0,1.0
236301,0,1,3400,-55,55,-158,10,17,0.50,145472.000000,0,2.1,0.0,0.0,14976.000000,11,0.0,0.0,0.0,1.0
236550,0,1,3400,-55,55,-159,11,18,0.50,102597.609375,0,2.1,0.0,0.0,0.0,0.0,0.0,0.0,0.0,1.0
236799,0,1,3400,-55,55,-157,13,18,0.50,118560.000000,0,2.1,0.052,0.0,0.0,0.0,0.0,0.0,0.0,1.0
237048,0,1,3400,-55,55,-158,13,17,0.50,113115.539062,0,2.1,0.0,0.0,0.0,0.0,0.0,0.0,0.0,1.0
237297,0,1,3400,-55,55,-157,13,17,0.50,91936.000000,0,2.1,6.1,0.0,0.0,80,0.0,0.0,0.0,1.0
237546,0,1,3400,-55,55,-159,12,18,0.50,131584.000000,0,2.1,7.5,0.0,0.0,0.0,0.0,0.0,0.0,1.0
237795,0,1,3400,-55,55,-158,12,17,0.52,120031.875000,0,2.1,7.5,0.0,0.0,0.0,0.0,0.0,0.0,1.0
238044,0,1,3400,-55,55,-160,8.5,17,0.56,96544.000000,6,2.1,7.5,186,0.0,0.0,0.0,0.0,0.0,1.0
238293,0,1,3400,-55,55,-161,13,17,0.50,133418.328125,0,2.1,0.18,0.0,12334.661133,0,0.0,0.0,0.0,1.0
238542,0,1,3400,-55,55,-158,13,18,0.50,145824.000000,0,2.1,0.0,0.0,0.0,0.0,0.0,0.0,0.0,1.0
238791,0,1,3400,-55,55,-160,13,17,0.50,156207.171875,0,2.1,0.0,0.0,0.0,0.0,0.0,0.0,0.0,1.0
239040,0,1,3400,-55,55,-158,9.4,18,0.50,113440.000000,0,2.1,0.0,186,0.0,0.0,0.0,0.0,0.0,1.0
239289,0,1,3400,-55,55,-158,13,18,0.50,128860.554688,0,2.1,13,0.0,23394.421875,0,0.0,0.0,0.0,1.0
239538,0,1,3400,-55,55,-159,13,17,0.50,108096.000000,0,2.1,14,0.0,0.0,0.0,0.0,0.0,0.0,1.0
239788,0,1,3400,-55,55,-159,7.5,18,0.50,92525.898438,0,2.1,14,0.0,0.0,0.0,0.0,0.0,0.0,1.0
240037,0,1,3400,-55,55,-162,7.3,17,0.77,106048.000000,4,2.1,13,186,0.0,0.0,0.0,0.0,0.0,1.0
240286,0,1,3400,-55,55,-158,13,17,0.50,167168.000000,0,2.1,14,0.0,23488.000000,20,0.0,0.0,0.0,1.0
240535,0,1,3400,-55,55,-157,12,18,0.50,122836.656250,0,2.1,13,0.0,0.0,0.0,0.0,0.0,0.0,1.0
240784,0,1,3400,-55,55,-158,11,18,0.50,91872.000000,0,2.1,14,0.0,0.0,0.0,0.0,0.0,0.0,1.0
241033,0,1,3400,-55,55,-161,12,17,0.50,80796.812500,0,2.1,13,186,0.0,0.0,0.0,0.0,0.0,1.0
241282,0,1,3400,-55,55,-161,12,18,0.50,92000.000000,0,2.1,2.7,0.0,27648.000000,33,0.0,0.0,0.0,1.0
241531,0,1,3400,-55,55,-162,13,17,0.50,113115.539062,0,2.1,0.0,0.0,0.0,0.0,0.0,0.0,0.0,1.0
241780,0,1,3400,-55,55,-160,11,18,0.50,108064.000000,0,2.1,0.0,0.0,0.0,0.0,0.0,0.0,0.0,1.0
242029,0,1,3400,-55,55,-158,13,17,0.50,156207.171875,0,2.1,0.0,186,0.0,0.0,0.0,0.0,0.0,1.0
242278,0,1,3400,-55,55,-156,11,17,0.50,91936.000000,0,2.1,5.7,0.0,12512.000000,36,0.0,0.0,0.0,1.0
242527,0,1,3400,-55,55,-158,13,17,0.50,145184.000000,0,2.1,6.0,0.0,0.0,0.0,0.0,0.0,0.0,1.0
242776,0,1,3400,-55,55,-159,12,17,0.50,80254.976562,0,2.1,6.0,0.0,0.0,0.0,0.0,0.0,0.0,1.0
243025,0,1,3400,-55,55,-158,5.4,17,0.50,151520.000000,0,2.1,6.0,186,0.0,0.0,0.0,0.0,0.0,1.0
243274,0,1,3400,-55,55,-160,13,18,0.53,134087.656250,4,2.1,0.34,0.0,12334.661133,0,0.0,0.0,0.0,1.0
243523,0,1,3400,-55,55,-157,12,17,0.50,71328.000000,0,2.1,0.0,0.0,0.0,0.0,0.0,0.0,0.0,1.0
243772,0,1,3400,-55,55,-157,8.9,18,0.50,118310.757812,0,2.1,0.0,0.0,0.0,0.0,0.0,0.0,0.0,1.0
244021,0,1,3400,-55,55,-156,13,18,0.50,112736.000000,0,2.1,0.0,186,0.0,0.0,0.0,0.0,0.0,1.0
244270,0,1,3400,-55,55,-158,5.8,18,0.50,162900.390625,0,2.1,15,0.0,157482.078125,58,0.0,0.0,0.0,1.0
244519,0,1,3400,-55,55,-159,9.1,18,0.50,135808.000000,0,2.1,16,0.0,0.0,0.0,0.0,0.0,0.0,1.0
244768,0,1,3400,-55,55,-159,13,18,0.50,145529.875000,0,2.1,16,0.0,0.0,0.0,0.0,0.0,0.0,1.0
245017,0,1,3400,-55,55,-157,11,18,0.50,145792.000000,0,2.1,16,186,0.0,0.0,0.0,0.0,0.0,1.0
245266,0,1,3400,-55,55,-161,13,17,0.50,102752.000000,0,2.1,12,0.0,6720.000000,50,0.0,0.0,0.0,1.0
245515,0,1,3400,-55,55,-161,13,17,0.52,166661.359375,0,2.1,12,0.0,0.0,0.0,0.0,0.0,0.0,1.0
245764,0,1,3400,-55,55,-156,13,18,0.51,113568.000000,0,2.1,13,0.0,0.0,0.0,0.0,0.0,0.0,1.0
246013,0,1,3400,-55,55,-158,13,18,0.50,113880.476562,0,2.1,13,186,0.0,0.0,0.0,0.0,0.0,1.0
246262,0,1,3400,-55,55,-157,8.1,18,0.50,87616.000000,0,2.1,1.3,0.0,18688.000000,33,0.0,0.0,0.0,1.0
246511,0,1,3400,-55,55,-160,8.8,17,0.74,129466.132812,3,2.1,0.0,0.0,0.0,0.0,0.0,0.0,0.0,1.0
246760,0,1,3400,-55,55,-159,11,18,0.50,97408.000000,0,2.1,0.0,0.0,0.0,0.0,0.0,0.0,0.0,1.0
247009,0,1,3400,-55,55,-159,13,17,0.50,188111.546875,0,2.1,0.0,186,0.0,0.0,0.0,0.0,0.0,1.0
247258,0,1,3400,-55,55,-161,13,17,0.50,97344.000000,0,2.1,11,0.0,23968.000000,52,0.0,0.0,0.0,1.0
247507,0,1,3400,-55,55,-161,13,18,0.71,118183.265625,5,2.1,6.5,0.0,0.0,0.0,0.0,0.0,0.0,1.0
247756,0,1,3400,-55,55,-159,7.8,17,0.50,150912.000000,0,2.1,6.5,0.0,0.0,0.0,0.0,0.0,0.0,1.0
248005,0,1,3400,-55,55,-159,13,17,0.50,124480.000000,0,2.1,6.5,186,0.0,0.0,0.0,0.0,0.0,1.0
248254,0,1,3400,-55,55,-157,13,18,0.50,87203.187500,0,2.1,2.0,0.0,7298.804688,36,0.0,0.0,0.0,1.0
248503,0,1,3400,-55,55,-160,8.9,18,0.50,163008.000000,0,2.1,0.0,0.0,0.0,0.0,0.0,0.0,0.0,1.0
248752,0,1,3400,-55,55,-161,11,17,0.50,128956.171875,0,2.1,0.0,0.0,0.0,0.0,0.0,0.0,0.0,1.0
249001,0,1,3400,-55,55,-157,13,18,0.54,118976.000000,8,2.1,0.0,186,0.0,0.0,0.0,0.0,0.0,1.0
249250,0,1,3400,-55,55,-160,13,17,0.50,140812.750000,0,2.1,0.0,0.0,12334.661133,0,0.0,0.0,0.0,1.0
249499,0,1,3400,-55,55,-157,12,17,0.50,102464.000000,0,2.1,0.0,0.0,0.0,0.0,0.0,0.0,0.0,1.0
249748,0,1,3400,-55,55,-158,13,17,0.50,91665.335938,0,2.1,0.0,0.0,0.0,0.0,0.0,0.0,0.0,1.0
249997,0,1,3400,-55,55,-161,13,17,0.50,113152.000000,0,2.1,0.0,186,0.0,0.0,0.0,0.0,0.0,1.0
250246,0,1,3400,-55,55,-163,13,17,0.50,113568.000000,0,2.1,13,0.0,23488.000000,0,0.0,0.0,0.0,1.0
250495,0,1,3400,-55,55,-162,13,17,0.63,118087.648438,5,2.1,14,0.0,0.0,0.0,0.0,0.0,0.0,1.0
250744,0,1,3400,-55,55,-159,13,17,0.67,108160.000000,5,2.1,14,0.0,17056.000000,0,0.0,0.0,0.0,1.0
250993,0,1,3400,-55,55,-159,8.8,17,0.77,137944.218750,6,2.1,13,186,0.0,0.0,0.0,0.0,0.0,1.0
251242,0,1,3400,-55,55,-158,13,17,0.50,134368.000000,0,2.1,4.9,0.0,8160.000000,0,0.0,0.0,0.0,1.0
251491,0,1,3400,-55,55,-156,7.3,17,0.50,129147.414062,0,2.1,0.0,0.0,0.0,0.0,0.0,0.0,0.0,1.0
251740,0,1,3400,-55,55,-157,13,18,0.50,91936.000000,0,2.1,0.0,0.0,0.0,0.0,0.0,0.0,0.0,1.0
251989,0,1,3400,-55,55,-160,13,18,0.50,86183.265625,0,2.1,0.0,186,0.0,0.0,0.0,0.0,0.0,1.0
252238,0,1,3400,-55,55,-158,13,18,0.50,150272.000000,0,2.1,1.5,0.0,8160.000000,33,0.0,0.0,0.0,1.0
252487,0,1,3400,-55,55,-158,11,18,0.50,152224.000000,0,2.1,0.0,0.0,0.0,0.0,0.0,0.0,0.0,1.0
252736,0,1,3400,-55,55,-158,13,17,0.50,70023.906250,0,2.1,0.0,0.0,0.0,0.0,0.0,0.0,0.0,1.0
252985,0,1,3400,-55,55,-159,13,17,0.50,140896.000000,0,2.1,0.0,186,0.0,0.0,0.0,0.0,0.0,1.0
253234,0,1,3400,-55,55,-160,6.7,18,0.50,134756.968750,0,2.1,15,0.0,170039.843750,62,0.0,0.0,0.0,1.0
253483,0,1,3400,-55,55,-158,13,17,0.50,103712.000000,0,2.1,16,0.0,0.0,0.0,0.0,0.0,0.0,1.0
253732,0,1,3400,-55,55,-157,10.0,17,0.50,145402.390625,0,2.1,16,0.0,0.0,0.0,0.0,0.0,0.0,1.0
253981,0,1,3400,-55,55,-157,12,17,0.50,54080.000000,0,2.1,16,186,0.0,0.0,0.0,0.0,0.0,1.0
254230,0,1,3400,-55,55,-158,13,17,0.50,187888.453125,0,2.1,2.0,0.0,12334.661133,57,0.0,0.0,0.0,1.0
254479,0,1,3400,-55,55,-156,9.1,17,0.50,113056.000000,0,2.1,0.0,0.0,0.0,0.0,0.0,0.0,0.0,1.0
254728,0,1,3400,-55,55,-157,13,18,0.50,123888.445312,0,2.1,0.0,0.0,0.0,0.0,0.0,0.0,0.0,1.0
254977,0,1,3400,-55,55,-159,13,18,0.50,102752.000000,0,2.1,0.0,186,0.0,0.0,0.0,0.0,0.0,1.0
255226,0,1,3400,-55,55,-159,13,18,0.50,166688.000000,0,2.1,0.0,0.0,12384.000000,33,0.0,0.0,0.0,1.0
255475,0,1,3400,-55,55,-160,12,17,0.54,96828.687500,0,2.1,0.0,0.0,0.0,0.0,0.0,0.0,0.0,1.0
255724,0,1,3400,-55,55,-159,13,17,0.62,133952.000000,0,2.1,0.0,0.0,0.0,0.0,0.0,0.0,0.0,1.0
255973,0,1,3400,-55,55,-160,14,18,0.53,123059.757812,0,2.1,0.0,186,0.0,0.0,0.0,0.0,0.0,1.0
256222,0,1,3400,-55,55,-161,9.8,17,0.78,102720.000000,4,2.1,5.0,0.0,23488.000000,0,0.0,0.0,0.0,1.0
256471,0,1,3400,-55,55,-160,13,17,0.50,112382.468750,0,2.1,6.0,0.0,0.0,0.0,0.0,0.0,0.0,1.0
256720,0,1,3400,-55,55,-158,13,17,0.77,167648.000000,3,2.1,6.0,0.0,0.0,0.0,0.0,0.0,0.0,1.0
256969,0,1,3400,-55,55,-156,13,17,0.50,113211.156250,0,2.1,6.0,186,0.0,0.0,0.0,0.0,0.0,1.0
257218,0,1,3400,-55,55,-159,13,17,0.50,151008.000000,0,2.1,13,0.0,23488.000000,0,0.0,0.0,0.0,1.0
257467,0,1,3400,-55,55,-162,13,18,0.50,70023.906250,0,2.1,14,0.0,0.0,0.0,0.0,0.0,0.0,1.0
257716,0,1,3400,-55,55,-162,11,17,0.50,130368.000000,0,2.1,13,0.0,0.0,0.0,0.0,0.0,0.0,1.0
257965,0,1,3400,-55,55,-161,10,18,0.50,77248.000000,0,2.1,14,186,0.0,0.0,0.0,0.0,0.0,1.0
258214,0,1,3400,-55,55,-160,12,17,0.50,100525.898438,0,2.1,15,0.0,19474.103516,0,0.0,0.0,0.0,1.0
258463,0,1,3400,-55,55,-160,9.4,18,0.50,139200.000000,0,2.1,15,0.0,0.0,0.0,0.0,0.0,0.0,1.0
258712,0,1,3400,-55,55,-158,13,18,0.50,139633.468750,0,2.1,15,0.0,0.0,0.0,0.0,0.0,0.0,1.0
258961,0,1,3400,-55,55,-156,13,18,0.50,109536.000000,0,2.1,15,186,0.0,0.0,0.0,0.0,0.0,1.0
259210,0,1,3400,-55,55,-154,10,18,0.50,152318.718750,0,2.1,14,0.0,23394.421875,0,0.0,0.0,0.0,1.0
259459,0,1,3400,-55,55,-157,13,18,0.51,129792.000000,0,2.1,14,0.0,0.0,0.0,0.0,0.0,0.0,1.0
259708,0,1,3400,-55,55,-157,13,18,0.50,91569.718750,0,2.1,13,0.0,0.0,0.0,0.0,0.0,0.0,1.0
259957,0,1,3400,-55,55,-159,13,17,0.50,118560.000000,0,2.1,14,186,0.0,0.0,0.0,0.0,0.0,1.0
260206,0,1,3400,-55,55,-156,12,17,0.50,166592.000000,0,2.1,13,0.0,23488.000000,0,0.0,0.0,0.0,1.0
260455,0,1,3400,-55,55,-155,8.7,18,0.50,117577.687500,0,2.1,14,0.0,0.0,0.0,0.0,0.0,0.0,1.0
260704,0,1,3400,-55,55,-156,9.8,18,0.50,154912.000000,0,2.1,14,0.0,0.0,0.0,0.0,0.0,0.0,1.0
260953,0,1,3400,-55,55,-160,12,17,0.50,123984.062500,0,2.1,13,186,0.0,0.0,0.0,0.0,0.0,1.0
261202,0,1,3400,-55,55,-161,13,17,0.50,160992.000000,0,2.1,14,0.0,23488.000000,0,0.0,0.0,0.0,1.0
261451,0,1,3400,-55,55,-161,13,17,0.58,161274.906250,3,2.1,14,0.0,0.0,0.0,0.0,0.0,0.0,1.0
261700,0,1,3400,-55,55,-159,13,17,0.50,131008.000000,0,2.1,14,0.0,0.0,0.0,0.0,0.0,0.0,1.0
261949,0,1,3400,-55,55,-155,13,17,0.50,75410.359375,0,2.1,14,186,0.0,0.0,0.0,0.0,0.0,1.0
262198,0,1,3400,-55,55,-159,13,17,0.50,113600.000000,0,2.1,14,0.0,23488.000000,33,0.0,0.0,0.0,1.0
262447,0,1,3400,-55,55,-159,12,17,0.50,103744.000000,0,2.1,14,0.0,0.0,0.0,0.0,0.0,0.0,1.0
262696,0,1,3400,-55,55,-162,7.6,18,0.50,85163.343750,0,2.1,14,0.0,0.0,0.0,0.0,0.0,0.0,1.0
262945,0,1,3400,-55,55,-162,13,17,0.50,113152.000000,0,2.1,13,186,0.0,0.0,0.0,0.0,0.0,1.0
263194,0,1,3400,-55,55,-164,11,17,0.50,112860.554688,0,2.1,14,0.0,23394.421875,0,0.0,0.0,0.0,1.0
263443,0,1,3400,-55,55,-161,13,17,0.50,96160.000000,0,2.1,14,0.0,0.0,0.0,0.0,0.0,0.0,1.0
263692,0,1,3400,-55,55,-158,9.0,18,0.50,112414.343750,0,2.1,14,0.0,0.0,0.0,0.0,0.0,0.0,1.0
263941,0,1,3400,-55,55,-158,13,18,0.53,119072.000000,0,2.1,13,186,0.0,0.0,0.0,0.0,0.0,1.0
264190,0,1,3400,-55,55,-162,10,18,0.50,102278.882812,0,2.1,2.7,0.0,16956.175781,0,0.0,0.0,0.0,1.0
264439,0,1,3400,-55,55,-164,13,18,0.50,134784.000000,0,2.1,0.0,0.0,0.0,0.0,0.0,0.0,0.0,1.0
264688,0,1,3400,-55,55,-164,13,17,0.50,118501.992188,0,2.1,0.0,0.0,0.0,0.0,0.0,0.0,0.0,1.0
264937,0,1,3400,-55,55,-164,13,18,0.50,113152.000000,0,2.1,0.0,0.0,0.0,0.0,0.0,0.0,0.0,1.0
265186,0,1,3400,-55,55,-162,13,17,0.52,123474.101562,0,2.1,3.6,0.0,14406.374023,31,0.0,0.0,0.0,1.0
265435,0,1,3400,-55,55,-158,12,18,0.50,143264.000000,0,2.1,6.0,0.0,0.0,0.0,0.0,0.0,0.0,1.0
265684,0,1,3400,-55,55,-162,12,18,0.50,135200.000000,0,2.1,6.0,0.0,0.0,0.0,0.0,0.0,0.0,1.0
265933,0,1,3400,-55,55,-164,13,17,1.0,123059.757812,5,2.1,6.0,186,0.0,0.0,0.0,0.0,0.0,1.0
266182,0,1,3400,-55,55,-163,13,18,0.50,129376.000000,0,2.1,0.92,0.0,25120.000000,18,0.0,0.0,0.0,1.0
266431,0,1,3400,-55,55,-161,13,17,0.50,150820.718750,0,2.1,0.0,0.0,0.0,0.0,0.0,0.0,0.0,1.0
266680,0,1,3400,-55,55,-161,13,17,0.50,97344.000000,0,2.1,0.0,0.0,0.0,0.0,0.0,0.0,0.0,1.0
266929,0,1,3400,-55,55,-161,13,17,0.51,80796.812500,6,2.1,0.0,186,0.0,0.0,0.0,0.0,0.0,1.0
267178,0,1,3400,-55,55,-161,13,18,0.50,86624.000000,0,2.1,0.0,0.0,8000.000000,0,0.0,0.0,0.0,1.0
267427,0,1,3400,-55,55,-160,13,17,0.64,118597.609375,5,2.1,0.0,0.0,0.0,0.0,0.0,0.0,0.0,1.0
267676,0,1,3400,-55,55,-157,10,17,0.71,80480.000000,0,2.1,0.0,0.0,0.0,0.0,0.0,0.0,0.0,1.0
267925,0,1,3400,-55,55,-160,9.9,17,0.74,164079.687500,3,2.1,0.0,186,0.0,0.0,0.0,0.0,0.0,1.0
268174,0,1,3400,-55,55,-161,13,17,0.50,102848.000000,0,2.1,12,0.0,15584.000000,0,0.0,0.0,0.0,1.0
268423,0,1,3400,-55,55,-163,8.4,18,0.50,147697.218750,0,2.1,12,0.0,0.0,0.0,0.0,0.0,0.0,1.0
268672,0,1,3400,-55,55,-163,8.6,18,0.50,142304.000000,0,2.1,12,0.0,0.0,0.0,0.0,0.0,0.0,1.0
268921,0,1,3400,-55,55,-158,8.6,17,0.50,107520.000000,0,2.1,13,186,0.0,0.0,0.0,0.0,0.0,1.0
269170,0,1,3400,-55,55,-157,13,18,0.50,113115.539062,0,2.1,13,0.0,23394.421875,0,0.0,0.0,0.0,1.0
269419,0,1,3400,-55,55,-158,10.0,18,0.50,112320.000000,0,2.1,14,0.0,0.0,0.0,0.0,0.0,0.0,1.0
269668,0,1,3400,-55,55,-162,13,17,0.50,97051.789062,0,2.1,14,0.0,0.0,0.0,0.0,0.0,0.0,1.0
269917,0,1,3400,-55,55,-161,12,17,0.50,140608.000000,0,2.1,14,186,0.0,0.0,0.0,0.0,0.0,1.0
270166,0,1,3400,-55,55,-163,12,18,0.50,161689.250000,0,2.1,15,0.0,0.0,80,0.0,0.0,0.0,1.0
270415,0,1,3400,-55,55,-162,13,17,0.50,85696.000000,0,2.1,15,0.0,0.0,0.0,0.0,0.0,0.0,1.0
270664,0,1,3400,-55,55,-161,13,18,0.51,172462.156250,3,2.1,15,0.0,0.0,0.0,0.0,0.0,0.0,1.0
270913,0,1,3400,-55,55,-160,13,17,0.50,91520.000000,0,2.1,15,186,0.0,0.0,0.0,0.0,0.0,1.0
271162,0,1,3400,-55,55,-158,13,18,0.50,81376.000000,0,2.1,0.60,0.0,8160.000000,0,0.0,0.0,0.0,1.0
271411,0,1,3400,-55,55,-159,7.5,18,0.50,121561.750000,0,2.1,0.0,0.0,0.0,0.0,0.0,0.0,0.0,1.0
271660,0,1,3400,-55,55,-160,9.5,18,0.50,127520.000000,0,2.1,0.0,0.0,0.0,0.0,0.0,0.0,0.0,1.0
271909,0,1,3400,-55,55,-161,8.6,17,0.64,107442.234375,4,2.1,0.0,186,0.0,0.0,0.0,0.0,0.0,1.0
272158,0,1,3400,-55,55,-161,13,17,0.50,113664.000000,0,2.1,13,0.0,23488.000000,0,0.0,0.0,0.0,1.0
272407,0,1,3400,-55,55,-160,12,17,0.50,90517.929688,0,2.1,13,0.0,0.0,0.0,0.0,0.0,0.0,1.0
272656,0,1,3400,-55,55,-161,13,17,0.50,134784.000000,0,2.1,14,0.0,0.0,0.0,0.0,0.0,0.0,1.0
272905,0,1,3400,-55,55,-161,13,17,0.50,75410.359375,0,2.1,14,186,0.0,0.0,0.0,0.0,0.0,1.0
273154,0,1,3400,-55,55,-160,13,17,0.50,138880.000000,0,2.1,14,0.0,23488.000000,0,0.0,0.0,0.0,1.0
273403,0,1,3400,-55,55,-159,12,18,0.50,113179.281250,0,2.1,14,0.0,0.0,0.0,0.0,0.0,0.0,1.0
273652,0,1,3400,-55,55,-160,13,17,0.50,97440.000000,0,2.1,14,0.0,0.0,0.0,0.0,0.0,0.0,1.0
273901,0,1,3400,-55,55,-162,13,18,0.50,129274.898438,0,2.1,14,186,0.0,0.0,0.0,0.0,0.0,1.0
274150,0,1,3400,-55,55,-161,13,18,0.50,102752.000000,0,2.1,14,0.0,23488.000000,0,0.0,0.0,0.0,1.0
274399,0,1,3400,-55,55,-162,13,17,0.50,108640.000000,0,2.1,14,0.0,0.0,0.0,0.0,0.0,0.0,1.0
274648,0,1,3400,-55,55,-160,11,18,0.50,147251.000000,0,2.1,14,0.0,0.0,0.0,0.0,0.0,0.0,1.0
274897,0,1,3400,-55,55,-160,2.0,17,0.50,118880.000000,0,2.1,14,186,0.0,0.0,0.0,0.0,0.0,1.0
275146,0,1,3400,-55,55,-159,13,18,0.50,178262.953125,0,2.1,13,0.0,23394.421875,0,0.0,0.0,0.0,1.0
275395,0,1,3400,-55,55,-158,13,17,0.50,119584.000000,0,2.1,14,0.0,0.0,0.0,0.0,0.0,0.0,1.0
275644,0,1,3400,-55,55,-158,13,17,0.64,139697.218750,4,2.1,14,0.0,0.0,0.0,0.0,0.0,0.0,1.0
275893,0,1,3400,-55,55,-158,15,17,0.58,149472.000000,4,2.1,14,186,0.0,0.0,0.0,0.0,0.0,1.0
276142,0,1,3400,-55,55,-161,13,17,0.50,102342.632812,0,2.1,14,0.0,23394.421875,0,0.0,0.0,0.0,1.0
276391,0,1,3400,-55,55,-160,13,18,0.50,93984.000000,0,2.1,14,0.0,0.0,0.0,0.0,0.0,0.0,1.0
276640,0,1,3400,-55,55,-159,12,18,0.50,101928.289062,0,2.1,14,0.0,0.0,0.0,0.0,0.0,0.0,1.0
276889,0,1,3400,-55,55,-157,13,17,0.51,107872.000000,0,2.1,13,186,0.0,0.0,0.0,0.0,0.0,1.0
277138,0,1,3400,-55,55,-160,13,18,0.50,135200.000000,0,2.1,14,0.0,23488.000000,0,0.0,0.0,0.0,1.0
277387,0,1,3400,-55,55,-159,13,18,0.50,80796.812500,0,2.1,14,0.0,0.0,0.0,0.0,0.0,0.0,1.0
277636,0,1,3400,-55,55,-160,11,18,0.56,75680.000000,0,2.1,13,0.0,0.0,0.0,0.0,0.0,0.0,1.0
277885,0,1,3400,-55,55,-163,13,18,0.51,118087.648438,0,2.1,14,186,0.0,0.0,0.0,0.0,0.0,1.0
278134,0,1,3400,-55,55,-160,12,17,0.50,112928.000000,0,2.1,15,0.0,0.0,80,0.0,0.0,0.0,1.0
278383,0,1,3400,-55,55,-155,9.8,18,0.50,111681.273438,0,2.1,15,0.0,0.0,0.0,0.0,0.0,0.0,1.0
278632,0,1,3400,-55,55,-156,8.9,17,0.50,135136.000000,0,2.1,15,0.0,0.0,0.0,0.0,0.0,0.0,1.0
278881,0,1,3400,-55,55,-156,7.2,18,0.63,114741.039062,5,2.1,15,186,0.0,0.0,0.0,0.0,0.0,1.0
279130,0,1,3400,-55,55,-160,12,18,0.50,107744.000000,0,2.1,12,0.0,11968.000000,44,0.0,0.0,0.0,1.0
279379,0,1,3400,-55,55,-161,13,17,0.50,120096.000000,0,2.1,12,0.0,0.0,0.0,0.0,0.0,0.0,1.0
279628,0,1,3400,-55,55,-159,12,18,0.64,135171.312500,4,2.1,12,0.0,0.0,0.0,0.0,0.0,0.0,1.0
279877,0,1,3400,-55,55,-151,13,17,0.50,107840.000000,0,2.1,12,186,0.0,0.0,0.0,0.0,0.0,1.0
280126,0,1,3400,-55,55,-156,12,17,0.50,114741.039062,0,2.1,14,0.0,0.0,80,0.0,0.0,0.0,1.0
280375,0,1,3400,-55,55,-158,10,17,0.50,96032.000000,0,2.1,14,0.0,0.0,0.0,0.0,0.0,0.0,1.0
280624,0,1,3400,-55,55,-164,11,17,0.50,124111.554688,0,2.1,14,0.0,0.0,0.0,0.0,0.0,0.0,1.0
280873,0,1,3400,-55,55,-162,13,18,0.50,161728.000000,0,2.1,14,186,0.0,0.0,0.0,0.0,0.0,1.0
281122,0,1,3400,-55,55,-161,13,18,0.50,97051.789062,0,2.1,2.8,0.0,12334.661133,0,0.0,0.0,0.0,1.0
281371,0,1,3400,-55,55,-158,8.9,17,0.50,155904.000000,0,2.1,0.0,0.0,0.0,0.0,0.0,0.0,0.0,1.0
281620,0,1,3400,-55,55,-163,13,17,0.50,113408.000000,0,2.1,0.0,0.0,0.0,0.0,0.0,0.0,0.0,1.0
281869,0,1,3400,-55,55,-164,9.7,17,0.50,91665.335938,0,2.1,0.0,186,0.0,0.0,0.0,0.0,0.0,1.0
282118,0,1,3400,-55,55,-162,13,18,0.63,123968.000000,4,2.1,0.0,0.0,8160.000000,17,0.0,0.0,0.0,1.0
282367,0,1,3400,-55,55,-163,13,17,0.50,123888.445312,0,2.1,0.0,0.0,0.0,0.0,0.0,0.0,0.0,1.0
282616,0,1,3400,-55,55,-163,13,18,0.55,134784.000000,0,2.1,0.0,0.0,0.0,0.0,0.0,0.0,0.0,1.0
282865,0,1,3400,-55,55,-160,13,17,0.50,91569.718750,0,2.1,0.0,186,0.0,0.0,0.0,0.0,0.0,1.0
283114,0,1,3400,-55,55,-160,9.9,17,0.50,134144.000000,0,2.1,0.0,0.0,8160.000000,29,0.0,0.0,0.0,1.0
283363,0,1,3400,-55,55,-160,11,17,0.50,85545.820312,0,2.1,0.0,0.0,0.0,0.0,0.0,0.0,0.0,1.0
283612,0,1,3400,-55,55,-162,13,18,0.50,124384.000000,0,2.1,0.0,0.0,0.0,0.0,0.0,0.0,0.0,1.0
283861,0,1,3400,-55,55,-161,13,18,0.50,123059.757812,0,2.1,0.0,186,0.0,0.0,0.0,0.0,0.0,1.0
284110,0,1,3400,-55,55,-161,13,18,0.50,112736.000000,0,2.1,0.0,0.0,23456.000000,0,0.0,0.0,0.0,1.0
284359,0,1,3400,-55,55,-161,13,17,0.50,144864.000000,0,2.1,0.0,0.0,0.0,0.0,0.0,0.0,0.0,1.0
284608,0,1,3400,-55,55,-161,13,17,0.50,86183.265625,0,2.1,0.0,0.0,0.0,0.0,0.0,0.0,0.0,1.0
284857,0,1,3400,-55,55,-160,13,17,0.58,91936.000000,0,2.1,0.0,186,0.0,0.0,0.0,0.0,0.0,1.0
285106,0,1,3400,-55,55,-161,8.7,18,0.50,150725.093750,0,2.1,0.82,0.0,12462.151367,36,0.0,0.0,0.0,1.0
285355,0,1,3400,-55,55,-161,13,17,0.58,97344.000000,5,2.1,0.0,0.0,0.0,0.0,0.0,0.0,0.0,1.0
285604,0,1,3400,-55,55,-159,13,18,0.50,82836.656250,0,2.1,0.0,0.0,0.0,0.0,0.0,0.0,0.0,1.0
285853,0,1,3400,-55,55,-159,13,18,0.50,129216.000000,0,2.1,0.0,186,0.0,0.0,0.0,0.0,0.0,1.0
286102,0,1,3400,-55,55,-157,13,18,0.50,86183.265625,0,2.1,13,0.0,23394.421875,0,0.0,0.0,0.0,1.0
286351,0,1,3400,-55,55,-156,13,18,0.50,113152.000000,0,2.1,14,0.0,0.0,0.0,0.0,0.0,0.0,1.0
286600,0,1,3400,-55,55,-160,13,18,0.50,155888.453125,0,2.1,14,0.0,0.0,0.0,0.0,0.0,0.0,1.0
286849,0,1,3400,-55,55,-159,13,18,0.50,124384.000000,0,2.1,13,186,0.0,0.0,0.0,0.0,0.0,1.0
287098,0,1,3400,-55,55,-162,8.7,17,0.58,116143.429688,5,2.1,14,0.0,23394.421875,0,0.0,0.0,0.0,1.0
287347,0,1,3400,-55,55,-161,13,17,0.86,97344.000000,5,2.1,14,0.0,0.0,0.0,0.0,0.0,0.0,1.0
287596,0,1,3400,-55,55,-158,13,18,0.82,96512.000000,6,2.1,14,0.0,0.0,0.0,0.0,0.0,0.0,1.0
287845,0,1,3400,-55,55,-160,10,17,0.50,182693.234375,0,2.1,13,186,0.0,0.0,0.0,0.0,0.0,1.0
288094,0,1,3400,-55,55,-163,13,18,0.50,113152.000000,0,2.1,2.6,0.0,24032.000000,36,0.0,0.0,0.0,1.0
288343,0,1,3400,-55,55,-164,11,18,0.50,151011.953125,0,2.1,0.0,0.0,0.0,0.0,0.0,0.0,0.0,1.0
288592,0,1,3400,-55,55,-160,11,18,0.74,161984.000000,3,2.1,0.0,0.0,0.0,0.0,0.0,0.0,0.0,1.0
288841,0,1,3400,-55,55,-160,13,18,0.50,134661.359375,0,2.1,0.0,186,0.0,0.0,0.0,0.0,0.0,1.0
289090,0,1,3400,-55,55,-163,13,18,0.50,134368.000000,0,2.1,7.2,0.0,12672.000000,0,0.0,0.0,0.0,1.0
289339,0,1,3400,-55,55,-163,9.4,17,0.68,133227.093750,3,2.1,9.0,0.0,0.0,0.0,0.0,0.0,0.0,1.0
289588,0,1,3400,-55,55,-161,11,18,0.50,131392.000000,0,2.1,9.0,0.0,0.0,0.0,0.0,0.0,0.0,1.0
289837,0,1,3400,-55,55,-160,12,17,0.50,112896.000000,0,2.1,9.0,186,0.0,0.0,0.0,0.0,0.0,1.0
290086,0,1,3400,-55,55,-160,13,17,0.50,118501.992188,0,2.1,13,0.0,0.0,80,0.0,0.0,0.0,1.0
290335,0,1,3400,-55,55,-159,13,17,0.50,167328.000000,0,2.1,14,0.0,0.0,0.0,0.0,0.0,0.0,1.0
290584,0,1,3400,-55,55,-163,13,17,0.55,129370.515625,0,2.1,13,0.0,0.0,0.0,0.0,0.0,0.0,1.0
290833,0,1,3400,-55,55,-161,13,18,0.50,129984.000000,0,2.1,14,186,0.0,0.0,0.0,0.0,0.0,1.0
291082,0,1,3400,-55,55,-160,13,17,0.50,150087.656250,0,2.1,1.3,0.0,12462.151367,36,0.0,0.0,0.0,1.0
291331,0,1,3400,-55,55,-159,13,17,0.94,112736.000000,5,2.1,0.0,0.0,0.0,0.0,0.0,0.0,0.0,1.0
291580,0,1,3400,-55,55,-162,11,18,0.54,132334.656250,0,2.1,0.0,0.0,0.0,0.0,0.0,0.0,0.0,1.0
291829,0,1,3400,-55,55,-162,10,18,0.50,132288.000000,0,2.1,0.0,186,0.0,0.0,0.0,0.0,0.0,1.0
292078,0,1,3400,-55,55,-165,11,18,0.50,86916.335938,0,2.1,12,0.0,174661.359375,67,0.0,0.0,0.0,1.0
292327,0,1,3400,-55,55,-160,13,18,0.50,160576.000000,0,2.1,16,0.0,0.0,0.0,0.0,0.0,0.0,1.0
292576,0,1,3400,-55,55,-164,13,18,0.71,96541.835938,6,2.1,16,0.0,0.0,0.0,0.0,0.0,0.0,1.0
292825,0,1,3400,-55,55,-161,10,17,0.50,164544.000000,0,2.1,16,186,0.0,0.0,0.0,0.0,0.0,1.0
293074,0,1,3400,-55,55,-159,12,17,0.63,135232.000000,4,2.1,0.70,0.0,8160.000000,0,0.0,0.0,0.0,1.0
293323,0,1,3400,-55,55,-160,11,17,0.50,118374.500000,0,2.1,0.0,0.0,0.0,0.0,0.0,0.0,0.0,1.0
293572,0,1,3400,-55,55,-160,9.5,17,0.50,139520.000000,0,2.1,0.0,0.0,0.0,0.0,0.0,0.0,0.0,1.0
293821,0,1,3400,-55,55,-161,13,18,0.50,129370.515625,0,2.1,0.0,186,0.0,0.0,0.0,0.0,0.0,1.0
294070,0,1,3400,-55,55,-162,13,18,0.50,97440.000000,0,2.1,0.0,0.0,13344.000000,11,0.0,0.0,0.0,1.0
294319,0,1,3400,-55,55,-159,12,18,0.54,167458.171875,3,2.1,0.0,0.0,0.0,0.0,0.0,0.0,0.0,1.0
294568,0,1,3400,-55,55,-162,2.1,17,0.50,132192.000000,0,2.1,4.1,0.0,27872.000000,50,0.0,0.0,0.0,1.0
294817,0,1,3400,-55,55,-160,6.6,17,0.50,159171.312500,0,2.1,8.0,186,0.0,0.0,0.0,0.0,0.0,1.0
295066,0,1,3400,-55,55,-161,13,17,0.50,86624.000000,0,2.1,16,0.0,46112.000000,45,0.0,0.0,0.0,1.0
295315,0,1,3400,-55,55,-158,10,17,0.50,97657.367188,0,2.1,19,0.0,0.0,0.0,0.0,0.0,0.0,1.0
295564,0,1,3400,-55,55,-160,13,17,1.1,118656.000000,5,2.1,18,0.0,0.0,0.0,0.0,0.0,0.0,1.0
295813,0,1,3400,-55,55,-161,13,18,0.50,156864.000000,0,2.1,18,186,0.0,0.0,0.0,0.0,0.0,1.0
296062,0,1,3400,-55,55,-159,12,17,0.50,70023.906250,0,2.1,1.6,0.0,15776.892578,36,0.0,0.0,0.0,1.0
296311,0,1,3400,-55,55,-162,13,18,0.50,119072.000000,0,2.1,0.0,0.0,0.0,0.0,0.0,0.0,0.0,1.0
296560,0,1,3400,-55,55,-164,12,18,0.50,106741.039062,0,2.1,0.0,0.0,0.0,0.0,0.0,0.0,0.0,1.0
296809,0,1,3400,-55,55,-163,8.9,17,0.50,118144.000000,0,2.1,0.0,186,0.0,0.0,0.0,0.0,0.0,1.0
297058,0,1,3400,-55,55,-159,9.1,17,0.50,124334.664062,0,2.1,15,0.0,289657.375000,48,0.0,0.0,0.0,1.0
297307,0,1,3400,-55,55,-159,13,17,0.53,86592.000000,0,2.1,16,0.0,0.0,0.0,0.0,0.0,0.0,1.0
297556,0,1,3400,-55,55,-162,11,18,0.50,86247.015625,0,2.1,16,0.0,0.0,0.0,0.0,0.0,0.0,1.0
297805,0,1,3400,-55,55,-162,11,18,0.50,149728.000000,0,2.1,16,186,0.0,0.0,0.0,0.0,0.0,1.0
298054,0,1,3400,-55,55,-163,3.2,17,0.50,92111.554688,0,2.1,1.6,0.0,11187.250977,36,0.0,0.0,0.0,1.0
298303,0,1,3400,-55,55,-162,13,18,0.50,151008.000000,0,2.1,0.0,0.0,0.0,0.0,0.0,0.0,0.0,1.0
298552,0,1,3400,-55,55,-159,12,18,0.50,123296.000000,0,2.1,0.0,0.0,0.0,0.0,0.0,0.0,0.0,1.0
298801,0,1,3400,-55,55,-159,12,17,0.50,151872.515625,0,2.1,0.0,186,0.0,0.0,0.0,0.0,0.0,1.0
299050,0,1,3400,-55,55,-159,12,18,0.50,153568.000000,0,2.1,12,0.0,15584.000000,0,0.0,0.0,0.0,1.0
299299,0,1,3400,-55,55,-159,13,17,0.50,107824.703125,0,2.1,12,0.0,0.0,0.0,0.0,0.0,0.0,1.0
299548,0,1,3400,-55,55,-158,11,17,0.50,140640.000000,0,2.1,13,0.0,0.0,0.0,0.0,0.0,0.0,1.0
299797,0,1,3400,-55,55,-159,12,17,0.51,141768.921875,4,2.1,12,0.0,0.0,0.0,0.0,0.0,0.0,1.0
300046,0,1,3400,-55,55,-158,12,18,0.50,122016.000000,0,2.1,13,0.0,23488.000000,0,0.0,0.0,0.0,1.0
300295,0,1,3400,-55,55,-156,13,18,0.50,101928.289062,0,2.1,14,0.0,0.0,0.0,0.0,0.0,0.0,1.0
300544,0,1,3400,-55,55,-159,13,17,1.1,97280.000000,6,2.1,14,0.0,0.0,0.0,0.0,0.0,0.0,1.0
300793,0,1,3400,-55,55,-160,13,17,0.67,117195.218750,5,2.1,13,186,0.0,0.0,0.0,0.0,0.0,1.0
301042,0,1,3400,-55,55,-157,13,18,0.85,91520.000000,6,2.1,14,0.0,23488.000000,0,0.0,0.0,0.0,1.0
301291,0,1,3400,-55,55,-159,13,18,0.58,144864.000000,0,2.1,14,0.0,0.0,0.0,0.0,0.0,0.0,1.0
301540,0,1,3400,-55,55,-160,11,17,0.54,118820.718750,4,2.1,14,0.0,0.0,0.0,0.0,0.0,0.0,1.0
301789,0,1,3400,-55,55,-158,13,18,0.98,113568.000000,5,2.1,13,186,0.0,0.0,0.0,0.0,0.0,1.0
302038,0,1,3400,-55,55,-155,13,18,0.54,133832.671875,0,2.1,14,0.0,23681.275391,14,0.0,0.0,0.0,1.0
302287,0,1,3400,-55,55,-157,13,17,0.88,108160.000000,9,2.1,14,0.0,0.0,0.0,0.0,0.0,0.0,1.0
302536,0,1,3400,-55,55,-162,14,18,0.50,123314.742188,0,2.1,14,0.0,0.0,0.0,0.0,0.0,0.0,1.0
302785,0,1,3400,-55,55,-160,10,18,0.50,104672.000000,0,2.1,14,186,0.0,0.0,0.0,0.0,0.0,1.0
303034,0,1,3400,-55,55,-161,14,17,0.50,160254.984375,0,2.1,3.0,0.0,12462.151367,14,0.0,0.0,0.0,1.0
303283,0,1,3400,-55,55,-161,13,18,0.54,103520.000000,5,2.1,0.0,0.0,0.0,0.0,0.0,0.0,0.0,1.0
303532,0,1,3400,-55,55,-160,12,18,0.50,109184.000000,0,2.1,0.0,0.0,0.0,0.0,0.0,0.0,0.0,1.0
303781,0,1,3400,-55,55,-161,12,17,0.50,69768.921875,0,2.1,0.0,186,0.0,0.0,0.0,0.0,0.0,1.0
304030,0,1,3400,-55,55,-160,11,18,0.86,91424.000000,6,2.1,0.82,0.0,12512.000000,36,0.0,0.0,0.0,1.0
304279,0,1,3400,-55,55,-160,13,17,0.50,113211.156250,0,2.1,0.0,0.0,0.0,0.0,0.0,0.0,0.0,1.0
304528,0,1,3400,-55,55,-156,12,18,0.50,118528.000000,0,2.1,0.0,0.0,0.0,0.0,0.0,0.0,0.0,1.0
304777,0,1,3400,-55,55,-159,11,17,0.50,187474.109375,0,2.1,0.0,186,0.0,0.0,0.0,0.0,0.0,1.0
305026,0,1,3400,-55,55,-163,13,18,0.50,173056.000000,0,2.1,5.1,0.0,19968.000000,44,0.0,0.0,0.0,1.0
305275,0,1,3400,-55,55,-165,14,18,0.50,82071.710938,0,2.1,0.0,0.0,0.0,0.0,0.0,0.0,0.0,1.0
305524,0,1,3400,-55,55,-162,11,17,0.50,144320.000000,0,2.1,0.0,0.0,0.0,0.0,0.0,0.0,0.0,1.0
305773,0,1,3400,-55,55,-161,12,17,0.50,135266.937500,0,2.1,0.0,186,0.0,0.0,0.0,0.0,0.0,1.0
306022,0,1,3400,-55,55,-160,13,18,0.50,96928.000000,0,2.1,0.81,0.0,12512.000000,36,0.0,0.0,0.0,1.0
306271,0,1,3400,-55,55,-160,13,18,0.50,156928.000000,0,2.1,0.0,0.0,0.0,0.0,0.0,0.0,0.0,1.0
306520,0,1,3400,-55,55,-161,13,17,0.50,145529.875000,0,2.1,0.0,0.0,0.0,0.0,0.0,0.0,0.0,1.0
306769,0,1,3400,-55,55,-161,13,18,0.50,118976.000000,0,2.1,0.0,186,0.0,0.0,0.0,0.0,0.0,1.0
307018,0,1,3400,-55,55,-160,13,18,0.50,117673.304688,0,2.1,0.82,0.0,12207.170898,36,0.0,0.0,0.0,1.0
307267,0,1,3400,-55,55,-158,10,18,0.50,79808.000000,0,2.1,0.0,0.0,0.0,0.0,0.0,0.0,0.0,1.0
307516,0,1,3400,-55,55,-159,9.8,18,0.50,135936.250000,0,2.1,0.0,0.0,0.0,0.0,0.0,0.0,0.0,1.0
307765,0,1,3400,-55,55,-160,12,18,0.50,130496.000000,0,2.1,0.0,186,0.0,0.0,0.0,0.0,0.0,1.0
308014,0,1,3400,-55,55,-160,11,18,0.50,122581.671875,0,2.1,11,0.0,6501.992188,50,0.0,0.0,0.0,1.0
308263,0,1,3400,-55,55,-158,13,18,0.50,129984.000000,0,2.1,12,0.0,0.0,0.0,0.0,0.0,0.0,1.0
308512,0,1,3400,-55,55,-164,13,18,0.50,107729.085938,0,2.1,12,0.0,0.0,0.0,0.0,0.0,0.0,1.0
308761,0,1,3400,-55,55,-160,13,18,0.50,108160.000000,0,2.1,11,186,0.0,0.0,0.0,0.0,0.0,1.0
309010,0,1,3400,-55,55,-159,13,17,0.50,156000.000000,0,2.1,12,0.0,15584.000000,0,0.0,0.0,0.0,1.0
309259,0,1,3400,-55,55,-159,13,17,0.50,139920.312500,0,2.1,13,0.0,0.0,0.0,0.0,0.0,0.0,1.0
309508,0,1,3400,-55,55,-161,11,17,0.63,130016.000000,4,2.1,12,0.0,0.0,0.0,0.0,0.0,0.0,1.0
309757,0,1,3400,-55,55,-161,13,17,0.50,118087.648438,0,2.1,12,186,0.0,0.0,0.0,0.0,0.0,1.0
310006,0,1,3400,-55,55,-160,11,18,0.60,140704.000000,4,2.1,13,0.0,23488.000000,33,0.0,0.0,0.0,1.0
310255,0,1,3400,-55,55,-161,13,18,0.50,97051.789062,0,2.1,14,0.0,0.0,0.0,0.0,0.0,0.0,1.0
310504,0,1,3400,-55,55,-160,13,17,0.50,91936.000000,0,2.1,14,0.0,0.0,0.0,0.0,0.0,0.0,1.0
310753,0,1,3400,-55,55,-163,13,18,0.50,123059.757812,0,2.1,14,186,0.0,0.0,0.0,0.0,0.0,1.0
311002,0,1,3400,-55,55,-163,13,18,0.50,130112.000000,0,2.1,14,0.0,23488.000000,0,0.0,0.0,0.0,1.0
311251,0,1,3400,-55,55,-158,13,18,0.50,145529.875000,0,2.1,14,0.0,0.0,0.0,0.0,0.0,0.0,1.0
311500,0,1,3400,-55,55,-159,13,18,0.50,75712.000000,0,2.1,14,0.0,0.0,0.0,0.0,0.0,0.0,1.0
311749,0,1,3400,-55,55,-164,13,18,0.52,118976.000000,0,2.1,14,186,0.0,0.0,0.0,0.0,0.0,1.0
311998,0,1,3400,-55,55,-164,9.6,17,0.50,128000.000000,0,2.1,7.4,0.0,27920.318359,31,0.0,0.0,0.0,1.0
312247,0,1,3400,-55,55,-162,14,17,0.68,146528.000000,4,2.1,6.0,0.0,0.0,0.0,0.0,0.0,0.0,1.0
312496,0,1,3400,-55,55,-160,11,18,0.50,113529.882812,0,2.1,6.0,0.0,0.0,0.0,0.0,0.0,0.0,1.0
312745,0,1,3400,-55,55,-155,13,18,0.50,128640.000000,0,2.1,6.0,186,0.0,0.0,0.0,0.0,0.0,1.0
312994,0,1,3400,-55,55,-161,7.3,18,0.50,78278.882812,0,2.1,13,0.0,23394.421875,0,0.0,0.0,0.0,1.0
313243,0,1,3400,-55,55,-164,13,18,0.54,119584.000000,0,2.1,14,0.0,0.0,0.0,0.0,0.0,0.0,1.0
313492,0,1,3400,-55,55,-165,11,18,0.50,134820.718750,0,2.1,14,0.0,0.0,0.0,0.0,0.0,0.0,1.0
313741,0,1,3400,-55,55,-159,13,17,0.50,160352.000000,0,2.1,14,186,0.0,0.0,0.0,0.0,0.0,1.0
313990,0,1,3400,-55,55,-159,11,18,0.50,113529.882812,0,2.1,2.6,0.0,23936.255859,36,0.0,0.0,0.0,1.0
314239,0,1,3400,-55,55,-158,13,18,0.50,151008.000000,0,2.1,0.0,0.0,0.0,0.0,0.0,0.0,0.0,1.0
314488,0,1,3400,-55,55,-160,13,17,0.58,134592.000000,4,2.1,0.0,0.0,0.0,0.0,0.0,0.0,0.0,1.0
314737,0,1,3400,-55,55,-164,13,18,0.50,107410.359375,0,2.1,0.0,186,0.0,0.0,0.0,0.0,0.0,1.0
314986,0,1,3400,-55,55,-164,13,17,0.50,123552.000000,0,2.1,13,0.0,23200.000000,45,0.0,0.0,0.0,1.0
315235,0,1,3400,-55,55,-160,12,17,0.56,83346.617188,0,2.1,13,0.0,0.0,0.0,0.0,0.0,0.0,1.0
315484,0,1,3400,-55,55,-161,13,18,0.50,97344.000000,0,2.1,13,0.0,0.0,0.0,0.0,0.0,0.0,1.0
315733,0,1,3400,-55,55,-165,13,17,0.50,80382.468750,0,2.1,13,186,0.0,0.0,0.0,0.0,0.0,1.0
315982,0,1,3400,-55,55,-165,13,17,0.50,171648.000000,0,2.1,9.6,0.0,24000.000000,0,0.0,0.0,0.0,1.0
316231,0,1,3400,-55,55,-166,12,17,0.50,81147.414062,0,2.1,9.5,0.0,0.0,0.0,0.0,0.0,0.0,1.0
316480,0,1,3400,-55,55,-162,13,18,0.50,108160.000000,0,2.1,9.5,0.0,0.0,0.0,0.0,0.0,0.0,1.0
316729,0,1,3400,-55,55,-163,11,18,0.50,134087.656250,0,2.1,9.5,186,0.0,0.0,0.0,0.0,0.0,1.0
316978,0,1,3400,-55,55,-162,9.3,18,0.50,118496.000000,0,2.1,13,0.0,23488.000000,0,0.0,0.0,0.0,1.0
317227,0,1,3400,-55,55,-159,12,17,0.50,108334.664062,0,2.1,14,0.0,0.0,0.0,0.0,0.0,0.0,1.0
317476,0,1,3400,-55,55,-161,13,17,0.50,81120.000000,0,2.1,14,0.0,0.0,0.0,0.0,0.0,0.0,1.0
317725,0,1,3400,-55,55,-161,13,18,0.50,102848.000000,0,2.1,14,186,0.0,0.0,0.0,0.0,0.0,1.0
317974,0,1,3400,-55,55,-161,12,17,0.50,106294.820312,0,2.1,14,0.0,23394.421875,0,0.0,0.0,0.0,1.0
318223,0,1,3400,-55,55,-162,11,17,0.50,140288.000000,0,2.1,14,0.0,0.0,0.0,0.0,0.0,0.0,1.0
318472,0,1,3400,-55,55,-161,13,18,0.50,134629.484375,0,2.1,13,0.0,0.0,0.0,0.0,0.0,0.0,1.0
318721,0,1,3400,-55,55,-159,12,18,0.50,124544.000000,0,2.1,14,186,0.0,0.0,0.0,0.0,0.0,1.0
318970,0,1,3400,-55,55,-161,10,17,0.52,148239.046875,0,2.1,14,0.0,23394.421875,0,0.0,0.0,0.0,1.0
319219,0,1,3400,-55,55,-163,13,18,0.50,151008.000000,0,2.1,13,0.0,0.0,0.0,0.0,0.0,0.0,1.0
319468,0,1,3400,-55,55,-159,13,17,0.97,96956.171875,5,2.1,14,0.0,0.0,0.0,0.0,0.0,0.0,1.0
319717,0,1,3400,-55,55,-159,13,17,0.58,97536.000000,0,2.1,14,186,0.0,0.0,0.0,0.0,0.0,1.0
319966,0,1,3400,-55,55,-160,13,17,0.50,184032.000000,0,2.1,14,0.0,23488.000000,0,0.0,0.0,0.0,1.0
320215,0,1,3400,-55,55,-158,6.7,17,0.50,122358.562500,0,2.1,14,0.0,0.0,0.0,0.0,0.0,0.0,1.0
320464,0,1,3400,-55,55,-159,11,18,0.50,93472.000000,0,2.1,13,0.0,0.0,0.0,0.0,0.0,0.0,1.0
320713,0,1,3400,-55,55,-160,13,17,0.50,123474.101562,0,2.1,14,0.0,0.0,0.0,0.0,0.0,0.0,1.0
320962,0,1,3400,-55,55,-161,13,17,0.50,81120.000000,0,2.1,14,0.0,0.0,80,0.0,0.0,0.0,1.0
321211,0,1,3400,-55,55,-163,13,18,0.50,107314.742188,0,2.1,15,0.0,0.0,0.0,0.0,0.0,0.0,1.0
321460,0,1,3400,-55,55,-162,13,18,0.50,119072.000000,0,2.1,15,0.0,0.0,0.0,0.0,0.0,0.0,1.0
321709,0,1,3400,-55,55,-162,13,17,0.50,106900.398438,0,2.1,15,186,0.0,0.0,0.0,0.0,0.0,1.0
321958,0,1,3400,-55,55,-165,11,17,0.53,172960.000000,0,2.1,1.6,0.0,16896.000000,31,0.0,0.0,0.0,1.0
322208,0,1,3400,-55,55,-160,11,18,0.50,132908.359375,0,2.1,0.0,0.0,0.0,0.0,0.0,0.0,0.0,1.0
322457,0,1,3400,-55,55,-161,10,18,0.50,123264.000000,0,2.1,0.0,0.0,0.0,0.0,0.0,0.0,0.0,1.0
322706,0,1,3400,-55,55,-161,5.1,18,0.50,96223.109375,0,2.1,0.0,186,0.0,0.0,0.0,0.0,0.0,1.0
322955,0,1,3400,-55,55,-161,12,17,0.50,92224.000000,0,2.1,12,0.0,223968.000000,55,0.0,0.0,0.0,1.0
323204,0,1,3400,-55,55,-158,13,17,0.50,81216.000000,0,2.1,16,0.0,0.0,0.0,0.0,0.0,0.0,1.0
323453,0,1,3400,-55,55,-161,12,18,0.50,107665.335938,0,2.1,16,0.0,0.0,0.0,0.0,0.0,0.0,1.0
323702,0,1,3400,-55,55,-162,12,18,0.50,104096.000000,0,2.1,16,186,0.0,0.0,0.0,0.0,0.0,1.0
323951,0,1,3400,-55,55,-158,7.9,17,0.50,133227.093750,0,2.1,7.8,0.0,27474.103516,48,0.0,0.0,0.0,1.0
324200,0,1,3400,-55,55,-156,13,17,0.50,92128.000000,0,2.1,0.0,0.0,0.0,0.0,0.0,0.0,0.0,1.0
324449,0,1,3400,-55,55,-160,12,18,0.50,102310.757812,0,2.1,0.0,0.0,0.0,0.0,0.0,0.0,0.0,1.0
324698,0,1,3400,-55,55,-163,12,18,0.58,151008.000000,4,2.1,0.0,186,0.0,0.0,0.0,0.0,0.0,1.0
324947,0,1,3400,-55,55,-165,16,17,0.61,141800.796875,0,2.1,6.1,0.0,0.0,80,0.0,0.0,0.0,1.0
325196,0,1,3400,-55,55,-160,12,17,0.50,107872.000000,0,2.1,7.5,0.0,0.0,0.0,0.0,0.0,0.0,1.0
325445,0,1,3400,-55,55,-158,13,17,0.50,107744.000000,0,2.1,7.5,0.0,0.0,0.0,0.0,0.0,0.0,1.0
325694,0,1,3400,-55,55,-164,13,17,0.50,118501.992188,0,2.1,7.5,186,0.0,0.0,0.0,0.0,0.0,1.0
325943,0,1,3400,-55,55,-164,13,18,0.50,129888.000000,0,2.1,14,0.0,0.0,80,0.0,0.0,0.0,1.0
326192,0,1,3400,-55,55,-164,10,17,0.50,101386.453125,0,2.1,15,0.0,0.0,0.0,0.0,0.0,0.0,1.0
326441,0,1,3400,-55,55,-162,13,17,0.50,75968.000000,0,2.1,15,0.0,0.0,0.0,0.0,0.0,0.0,1.0
326690,0,1,3400,-55,55,-161,11,18,0.50,138868.531250,0,2.1,15,186,0.0,0.0,0.0,0.0,0.0,1.0
326939,0,1,3400,-55,55,-160,9.7,17,0.50,85504.000000,0,2.1,0.66,0.0,12128.000000,0,0.0,0.0,0.0,1.0
327188,0,1,3400,-55,55,-159,13,17,0.50,96541.835938,0,2.1,0.0,0.0,0.0,0.0,0.0,0.0,0.0,1.0
327437,0,1,3400,-55,55,-159,13,18,0.51,139776.000000,0,2.1,0.0,0.0,0.0,0.0,0.0,0.0,0.0,1.0
327686,0,1,3400,-55,55,-163,12,17,0.50,129370.515625,0,2.1,0.0,186,0.0,0.0,0.0,0.0,0.0,1.0
327935,0,1,3400,-55,55,-161,13,18,0.50,124352.000000,0,2.1,2.1,0.0,23904.000000,36,0.0,0.0,0.0,1.0
328184,0,1,3400,-55,55,-160,6.9,18,0.50,130656.000000,0,2.1,0.0,0.0,0.0,0.0,0.0,0.0,0.0,1.0
328433,0,1,3400,-55,55,-164,6.8,18,0.50,92525.898438,0,2.1,0.0,0.0,0.0,0.0,0.0,0.0,0.0,1.0
328682,0,1,3400,-55,55,-163,12,17,0.50,86624.000000,0,2.1,0.0,0.0,0.0,0.0,0.0,0.0,0.0,1.0
328931,0,1,3400,-55,55,-161,13,18,0.50,123984.062500,0,2.1,0.82,0.0,12462.151367,36,0.0,0.0,0.0,1.0
329180,0,1,3400,-55,55,-162,11,18,0.50,134944.000000,0,2.1,0.0,0.0,0.0,0.0,0.0,0.0,0.0,1.0
329429,0,1,3400,-55,55,-161,12,18,0.60,128446.218750,4,2.1,0.0,0.0,0.0,0.0,0.0,0.0,0.0,1.0
329678,0,1,3400,-55,55,-161,13,17,0.50,113664.000000,0,2.1,0.0,186,0.0,0.0,0.0,0.0,0.0,1.0
329927,0,1,3400,-55,55,-158,7.9,18,0.50,129880.476562,0,2.1,5.6,0.0,12334.661133,36,0.0,0.0,0.0,1.0
330176,0,1,3400,-55,55,-163,13,17,0.70,108160.000000,9,2.1,6.0,0.0,0.0,0.0,0.0,0.0,0.0,1.0
330425,0,1,3400,-55,55,-161,13,17,1.0,112701.195312,5,2.1,6.0,0.0,0.0,0.0,0.0,0.0,0.0,1.0
330674,0,1,3400,-55,55,-164,11,17,0.50,156864.000000,0,2.1,6.0,186,0.0,0.0,0.0,0.0,0.0,1.0
330923,0,1,3400,-55,55,-167,11,18,0.50,123442.234375,0,2.1,13,0.0,23394.421875,0,0.0,0.0,0.0,1.0
331172,0,1,3400,-55,55,-165,6.9,17,0.50,119104.000000,0,2.1,14,0.0,0.0,0.0,0.0,0.0,0.0,1.0
331421,0,1,3400,-55,55,-163,14,18,0.50,144512.000000,0,2.1,14,0.0,0.0,0.0,0.0,0.0,0.0,1.0
331670,0,1,3400,-55,55,-163,13,17,0.50,70023.906250,0,2.1,14,186,0.0,0.0,0.0,0.0,0.0,1.0
331919,0,1,3400,-55,55,-161,13,18,0.50,108512.000000,0,2.1,15,0.0,0.0,80,0.0,0.0,0.0,1.0
332168,0,1,3400,-55,55,-161,13,17,0.50,85768.921875,0,2.1,15,0.0,0.0,0.0,0.0,0.0,0.0,1.0
332417,0,1,3400,-55,55,-159,13,17,0.50,129888.000000,0,2.1,15,0.0,0.0,0.0,0.0,0.0,0.0,1.0
332666,0,1,3400,-55,55,-163,11,18,0.50,156239.046875,0,2.1,15,186,0.0,0.0,0.0,0.0,0.0,1.0
332915,0,1,3400,-55,55,-163,13,17,0.92,124384.000000,12,2.1,0.90,0.0,13088.000000,17,0.0,0.0,0.0,1.0
333164,0,1,3400,-55,55,-164,12,17,0.50,118565.734375,0,2.1,0.0,0.0,0.0,0.0,0.0,0.0,0.0,1.0
333413,0,1,3400,-55,55,-160,13,17,0.51,140800.000000,4,2.1,0.0,0.0,0.0,0.0,0.0,0.0,0.0,1.0
333662,0,1,3400,-55,55,-161,12,18,0.50,136637.453125,0,2.1,0.064,186,0.0,0.0,0.0,0.0,0.0,1.0
333911,0,1,3400,-55,55,-161,13,17,0.61,113152.000000,5,2.1,11,0.0,23488.000000,0,0.0,0.0,0.0,1.0
334160,0,1,3400,-55,55,-160,11,18,0.72,112800.000000,5,2.1,14,0.0,0.0,0.0,0.0,0.0,0.0,1.0
334409,0,1,3400,-55,55,-158,11,17,0.50,102278.882812,0,2.1,14,0.0,0.0,0.0,0.0,0.0,0.0,1.0
334658,0,1,3400,-55,55,-159,13,17,0.50,146112.000000,0,2.1,14,186,0.0,0.0,0.0,0.0,0.0,1.0
334907,0,1,3400,-55,55,-159,13,17,0.50,144191.234375,0,2.1,7.4,0.0,23936.255859,36,0.0,0.0,0.0,1.0
335156,0,1,3400,-55,55,-160,13,17,0.50,107328.000000,0,2.1,6.0,0.0,0.0,0.0,0.0,0.0,0.0,1.0
335405,0,1,3400,-55,55,-160,13,17,0.50,80796.812500,0,2.1,6.0,0.0,0.0,0.0,0.0,0.0,0.0,1.0
335654,0,1,3400,-55,55,-159,12,17,0.50,115104.000000,0,2.1,6.0,186,0.0,0.0,0.0,0.0,0.0,1.0
335903,0,1,3400,-55,55,-159,5.6,18,0.50,139123.500000,0,2.1,15,0.0,282517.937500,62,0.0,0.0,0.0,1.0
336152,0,1,3400,-55,55,-163,13,18,0.50,97440.000000,0,2.1,16,0.0,0.0,0.0,0.0,0.0,0.0,1.0
336401,0,1,3400,-55,55,-167,13,17,0.50,139633.468750,0,2.1,16,0.0,0.0,0.0,0.0,0.0,0.0,1.0
336650,0,1,3400,-55,55,-165,12,18,0.54,91872.000000,0,2.1,16,186,0.0,0.0,0.0,0.0,0.0,1.0
336899,0,1,3400,-55,55,-159,8.1,18,0.52,156685.265625,0,2.1,15,0.0,228844.625000,54,0.0,0.0,0.0,1.0
337148,0,1,3400,-55,55,-158,9.1,18,0.50,102624.000000,0,2.1,16,0.0,0.0,0.0,0.0,0.0,0.0,1.0
337397,0,1,3400,-55,55,-157,13,18,0.50,156608.000000,0,2.1,16,0.0,0.0,0.0,0.0,0.0,0.0,1.0
337646,0,1,3400,-55,55,-159,13,17,0.50,102310.757812,0,2.1,16,186,0.0,0.0,0.0,0.0,0.0,1.0
337895,0,1,3400,-55,55,-160,13,17,0.50,54080.000000,0,2.1,4.0,0.0,12512.000000,36,0.0,0.0,0.0,1.0
338144,0,1,3400,-55,55,-161,13,17,0.50,80796.812500,0,2.1,0.0,0.0,0.0,0.0,0.0,0.0,0.0,1.0
338393,0,1,3400,-55,55,-162,13,18,0.50,107712.000000,0,2.1,0.0,0.0,0.0,0.0,0.0,0.0,0.0,1.0
338642,0,1,3400,-55,55,-161,13,17,0.52,118342.632812,0,2.1,0.0,186,0.0,0.0,0.0,0.0,0.0,1.0
338891,0,1,3400,-55,55,-162,13,17,0.50,140384.000000,0,2.1,13,0.0,23488.000000,0,0.0,0.0,0.0,1.0
339140,0,1,3400,-55,55,-160,14,17,0.50,59091.632812,0,2.1,14,0.0,0.0,0.0,0.0,0.0,0.0,1.0
339389,0,1,3400,-55,55,-162,13,17,0.50,128960.000000,0,2.1,14,0.0,0.0,0.0,0.0,0.0,0.0,1.0
339638,0,1,3400,-55,55,-160,13,18,0.50,118976.000000,0,2.1,14,186,0.0,0.0,0.0,0.0,0.0,1.0
339887,0,1,3400,-55,55,-160,13,18,0.50,80796.812500,0,2.1,15,0.0,0.0,80,0.0,0.0,0.0,1.0
340136,0,1,3400,-55,55,-163,12,18,0.50,129088.000000,0,2.1,15,0.0,0.0,0.0,0.0,0.0,0.0,1.0
340385,0,1,3400,-55,55,-163,13,18,0.50,118501.992188,0,2.1,15,0.0,0.0,0.0,0.0,0.0,0.0,1.0
340634,0,1,3400,-55,55,-163,13,18,0.50,102336.000000,0,2.1,15,186,0.0,0.0,0.0,0.0,0.0,1.0
340883,0,1,3400,-55,55,-162,13,18,0.50,151011.953125,0,2.1,14,0.0,251027.890625,59,0.0,0.0,0.0,1.0
341132,0,1,3400,-55,55,-161,13,18,0.52,178240.000000,0,2.1,16,0.0,0.0,0.0,0.0,0.0,0.0,1.0
341381,0,1,3400,-55,55,-161,13,18,0.50,133577.687500,0,2.1,16,0.0,0.0,0.0,0.0,0.0,0.0,1.0
341630,0,1,3400,-55,55,-165,13,18,0.50,107840.000000,0,2.1,16,186,0.0,0.0,0.0,0.0,0.0,1.0
341879,0,1,3400,-55,55,-163,13,17,0.63,118087.648438,5,2.1,14,0.0,12207.170898,14,0.0,0.0,0.0,1.0
342128,0,1,3400,-55,55,-159,9.3,18,0.50,102112.000000,0,2.1,14,0.0,0.0,0.0,0.0,0.0,0.0,1.0
342377,0,1,3400,-55,55,-160,12,18,0.50,135104.000000,0,2.1,14,0.0,0.0,0.0,0.0,0.0,0.0,1.0
342626,0,1,3400,-55,55,-160,11,17,0.50,102055.773438,0,2.1,14,186,0.0,0.0,0.0,0.0,0.0,1.0
342875,0,1,3400,-55,55,-161,12,17,0.50,157504.000000,0,2.1,2.8,0.0,8160.000000,0,0.0,0.0,0.0,1.0
343124,0,1,3400,-55,55,-160,13,18,0.51,112701.195312,0,2.1,0.0,0.0,0.0,0.0,0.0,0.0,0.0,1.0
343373,0,1,3400,-55,55,-160,14,17,0.60,122944.000000,5,2.1,0.0,0.0,0.0,0.0,0.0,0.0,0.0,1.0
343622,0,1,3400,-55,55,-161,13,18,0.50,85768.921875,0,2.1,0.0,186,0.0,0.0,0.0,0.0,0.0,1.0
343871,0,1,3400,-55,55,-162,8.5,17,0.50,93376.000000,0,2.1,14,0.0,178144.000000,44,0.0,0.0,0.0,1.0
344120,0,1,3400,-55,55,-159,9.4,17,0.50,113944.226562,0,2.1,16,0.0,0.0,0.0,0.0,0.0,0.0,1.0
344369,0,1,3400,-55,55,-159,13,17,0.50,91936.000000,0,2.1,16,0.0,0.0,0.0,0.0,0.0,0.0,1.0
344618,0,1,3400,-55,55,-159,12,18,0.50,119458.164062,0,2.1,16,186,0.0,0.0,0.0,0.0,0.0,1.0
344867,0,1,3400,-55,55,-159,9.2,17,0.54,134912.000000,0,2.1,3.3,0.0,19968.000000,31,0.0,0.0,0.0,1.0
345116,0,1,3400,-55,55,-160,11,17,0.50,118560.000000,0,2.1,0.0,0.0,0.0,0.0,0.0,0.0,0.0,1.0
345365,0,1,3400,-55,55,-162,13,18,0.50,123059.757812,0,2.1,0.0,0.0,0.0,0.0,0.0,0.0,0.0,1.0
345614,0,1,3400,-55,55,-162,12,17,0.51,156576.000000,3,2.1,0.0,186,0.0,0.0,0.0,0.0,0.0,1.0
345863,0,1,3400,-55,55,-162,10,17,0.50,91537.851562,0,2.1,8.9,0.0,19123.505859,27,0.0,0.0,0.0,1.0
346112,0,1,3400,-55,55,-161,13,17,0.50,91936.000000,0,2.1,12,0.0,0.0,0.0,0.0,0.0,0.0,1.0
346361,0,1,3400,-55,55,-163,8.8,18,0.58,113561.750000,4,2.1,13,0.0,0.0,0.0,0.0,0.0,0.0,1.0
346610,0,1,3400,-55,55,-163,13,17,0.50,108160.000000,0,2.1,12,186,0.0,0.0,0.0,0.0,0.0,1.0
346859,0,1,3400,-55,55,-160,12,17,0.50,59665.339844,0,2.1,12,0.0,23394.421875,0,0.0,0.0,0.0,1.0
347108,0,1,3400,-55,55,-160,13,17,0.50,101632.000000,0,2.1,12,0.0,0.0,0.0,0.0,0.0,0.0,1.0
347357,0,1,3400,-55,55,-163,12,17,0.50,118661.351562,0,2.1,12,0.0,0.0,0.0,0.0,0.0,0.0,1.0
347606,0,1,3400,-55,55,-163,12,18,0.50,147360.000000,0,2.1,12,186,0.0,0.0,0.0,0.0,0.0,1.0
347855,0,1,3400,-55,55,-162,13,18,0.50,113568.000000,0,2.1,0.53,0.0,12384.000000,0,0.0,0.0,0.0,1.0
348104,0,1,3400,-55,55,-162,13,17,0.50,102023.906250,0,2.1,0.0,0.0,0.0,0.0,0.0,0.0,0.0,1.0
348353,0,1,3400,-55,55,-161,13,18,0.50,102752.000000,0,2.1,0.0,0.0,0.0,0.0,0.0,0.0,0.0,1.0
348602,0,1,3400,-55,55,-162,13,18,0.50,85768.921875,0,2.1,0.0,0.0,0.0,0.0,0.0,0.0,0.0,1.0
348851,0,1,3400,-55,55,-166,13,17,0.50,135200.000000,0,2.1,11,0.0,23488.000000,0,0.0,0.0,0.0,1.0
349100,0,1,3400,-55,55,-168,13,18,0.50,140143.421875,0,2.1,14,0.0,0.0,0.0,0.0,0.0,0.0,1.0
349349,0,1,3400,-55,55,-163,13,18,0.50,113664.000000,0,2.1,14,0.0,0.0,0.0,0.0,0.0,0.0,1.0
349598,0,1,3400,-55,55,-163,11,17,0.53,78470.117188,5,2.1,14,186,0.0,0.0,0.0,0.0,0.0,1.0
349847,0,1,3400,-55,55,-163,5.8,17,0.50,118784.000000,0,2.1,14,0.0,23488.000000,0,0.0,0.0,0.0,1.0
350096,0,1,3400,-55,55,-162,10,18,0.50,122549.804688,0,2.1,14,0.0,0.0,0.0,0.0,0.0,0.0,1.0
350345,0,1,3400,-55,55,-161,9.2,18,0.50,134176.000000,0,2.1,14,0.0,0.0,0.0,0.0,0.0,0.0,1.0
350594,0,1,3400,-55,55,-161,10,18,0.51,145147.406250,0,2.1,14,186,0.0,0.0,0.0,0.0,0.0,1.0
350843,0,1,3400,-55,55,-160,12,17,0.50,113280.000000,0,2.1,14,0.0,23488.000000,0,0.0,0.0,0.0,1.0
351092,0,1,3400,-55,55,-161,14,18,0.50,159840.000000,0,2.1,14,0.0,0.0,0.0,0.0,0.0,0.0,1.0
351341,0,1,3400,-55,55,-162,13,18,0.50,172653.390625,0,2.1,14,0.0,0.0,0.0,0.0,0.0,0.0,1.0
351590,0,1,3400,-55,55,-163,13,17,0.50,118976.000000,0,2.1,14,186,0.0,0.0,0.0,0.0,0.0,1.0
351839,0,1,3400,-55,55,-165,8.0,18,0.50,107824.703125,0,2.1,14,0.0,16988.046875,57,0.0,0.0,0.0,1.0
352088,0,1,3400,-55,55,-162,6.7,18,0.50,107744.000000,0,2.1,14,0.0,0.0,0.0,0.0,0.0,0.0,1.0
352337,0,1,3400,-55,55,-161,10,18,0.53,104063.742188,0,2.1,14,0.0,0.0,0.0,0.0,0.0,0.0,1.0
352586,0,1,3400,-55,55,-159,13,18,0.50,151520.000000,0,2.1,14,186,0.0,0.0,0.0,0.0,0.0,1.0
352835,0,1,3400,-55,55,-159,13,17,0.50,113115.539062,0,2.1,14,0.0,23394.421875,20,0.0,0.0,0.0,1.0
353084,0,1,3400,-55,55,-160,13,17,0.50,119264.000000,0,2.1,14,0.0,0.0,0.0,0.0,0.0,0.0,1.0
353333,0,1,3400,-55,55,-160,13,18,0.50,166980.078125,0,2.1,14,0.0,0.0,0.0,0.0,0.0,0.0,1.0
353582,0,1,3400,-55,55,-161,13,17,0.50,91936.000000,0,2.1,14,186,0.0,0.0,0.0,0.0,0.0,1.0
353831,0,1,3400,-55,55,-162,13,18,0.50,129792.000000,0,2.1,14,0.0,23488.000000,0,0.0,0.0,0.0,1.0
354080,0,1,3400,-55,55,-161,13,17,0.50,144701.187500,0,2.1,14,0.0,0.0,0.0,0.0,0.0,0.0,1.0
354329,0,1,3400,-55,55,-160,13,18,0.50,129056.000000,0,2.1,14,0.0,0.0,0.0,0.0,0.0,0.0,1.0
354578,0,1,3400,-55,55,-163,12,17,0.50,149354.578125,0,2.1,14,186,0.0,0.0,0.0,0.0,0.0,1.0
354827,0,1,3400,-55,55,-162,13,18,0.50,124384.000000,0,2.1,14,0.0,23488.000000,0,0.0,0.0,0.0,1.0
355076,0,1,3400,-55,55,-160,13,18,0.50,140047.812500,0,2.1,14,0.0,0.0,0.0,0.0,0.0,0.0,1.0
355325,0,1,3400,-55,55,-160,13,18,0.50,124384.000000,0,2.1,14,0.0,0.0,0.0,0.0,0.0,0.0,1.0
355574,0,1,3400,-55,55,-160,14,17,0.50,107155.375000,0,2.1,14,186,0.0,0.0,0.0,0.0,0.0,1.0
355823,0,1,3400,-55,55,-160,13,17,0.50,112736.000000,0,2.1,14,0.0,23488.000000,0,0.0,0.0,0.0,1.0
356072,0,1,3400,-55,55,-163,9.5,17,0.50,123442.234375,0,2.1,14,0.0,0.0,0.0,0.0,0.0,0.0,1.0
356321,0,1,3400,-55,55,-164,13,17,0.52,136480.000000,0,2.1,14,0.0,0.0,0.0,0.0,0.0,0.0,1.0
356570,0,1,3400,-55,55,-163,13,18,0.50,118560.000000,0,2.1,14,186,0.0,0.0,0.0,0.0,0.0,1.0
356819,0,1,3400,-55,55,-159,12,17,0.50,123378.484375,0,2.1,15,0.0,0.0,80,0.0,0.0,0.0,1.0
357068,0,1,3400,-55,55,-158,13,17,0.50,128960.000000,0,2.1,15,0.0,0.0,0.0,0.0,0.0,0.0,1.0
357317,0,1,3400,-55,55,-161,13,18,0.50,97115.539062,0,2.1,15,0.0,0.0,0.0,0.0,0.0,0.0,1.0
357566,0,1,3400,-55,55,-161,13,18,0.50,102336.000000,0,2.1,15,186,0.0,0.0,0.0,0.0,0.0,1.0
357815,0,1,3400,-55,55,-163,9.1,17,0.57,151681.281250,0,2.1,15,0.0,163633.468750,65,0.0,0.0,0.0,1.0
358064,0,1,3400,-55,55,-161,7.7,17,0.50,145312.000000,0,2.1,16,0.0,0.0,0.0,0.0,0.0,0.0,1.0
358313,0,1,3400,-55,55,-159,9.0,17,0.50,80159.359375,0,2.1,16,0.0,0.0,0.0,0.0,0.0,0.0,1.0
358562,0,1,3400,-55,55,-158,15,18,0.50,103104.000000,0,2.1,16,186,0.0,0.0,0.0,0.0,0.0,1.0
358811,0,1,3400,-55,55,-160,14,18,0.50,102688.000000,0,2.1,10,0.0,27584.000000,52,0.0,0.0,0.0,1.0
359060,0,1,3400,-55,55,-162,13,17,0.63,80892.429688,7,2.1,0.0,0.0,0.0,0.0,0.0,0.0,0.0,1.0
359309,0,1,3400,-55,55,-161,9.1,18,0.50,72096.000000,0,2.1,0.0,0.0,0.0,0.0,0.0,0.0,0.0,1.0
359558,0,1,3400,-55,55,-159,8.5,17,0.51,119043.828125,0,2.1,0.0,186,0.0,0.0,0.0,0.0,0.0,1.0
359807,0,1,3400,-55,55,-161,8.5,17,0.50,135616.000000,0,2.1,0.0,0.0,8160.000000,0,0.0,0.0,0.0,1.0
360056,0,1,3400,-55,55,-160,10,17,0.50,107187.250000,0,2.1,0.0,0.0,0.0,0.0,0.0,0.0,0.0,1.0
360305,0,1,3400,-55,55,-161,9.7,17,0.50,134496.000000,0,2.1,0.0,0.0,0.0,0.0,0.0,0.0,0.0,1.0
360554,0,1,3400,-55,55,-161,13,18,0.50,136127.484375,0,2.1,0.0,186,0.0,0.0,0.0,0.0,0.0,1.0
360803,0,1,3400,-55,55,-162,13,18,0.51,75712.000000,7,2.1,5.7,0.0,30464.000000,50,0.0,0.0,0.0,1.0
361052,0,1,3400,-55,55,-164,13,17,0.65,101928.289062,5,2.1,0.0,0.0,0.0,0.0,0.0,0.0,0.0,1.0
361301,0,1,3400,-55,55,-163,11,17,0.50,134176.000000,0,2.1,0.0,0.0,0.0,0.0,0.0,0.0,0.0,1.0
361550,0,1,3400,-55,55,-159,8.5,17,0.50,132876.500000,0,2.1,0.0,186,0.0,0.0,0.0,0.0,0.0,1.0
361799,0,1,3400,-55,55,-160,12,18,0.50,150784.000000,0,2.1,12,0.0,27200.000000,53,0.0,0.0,0.0,1.0
362048,0,1,3400,-55,55,-162,10,17,0.50,128704.000000,0,2.1,0.0,0.0,0.0,0.0,0.0,0.0,0.0,1.0
362297,0,1,3400,-55,55,-164,13,18,0.50,75410.359375,0,2.1,0.0,0.0,0.0,0.0,0.0,0.0,0.0,1.0
362546,0,1,3400,-55,55,-166,13,18,0.50,70304.000000,0,2.1,0.0,186,0.0,0.0,0.0,0.0,0.0,1.0
362795,0,1,3400,-55,55,-162,13,17,0.52,150916.328125,0,2.1,0.82,0.0,12462.151367,36,0.0,0.0,0.0,1.0
363044,0,1,3400,-55,55,-162,13,17,0.50,97664.000000,0,2.1,0.0,0.0,0.0,0.0,0.0,0.0,0.0,1.0
363293,0,1,3400,-55,55,-157,13,18,0.50,113115.539062,0,2.1,0.0,0.0,0.0,0.0,0.0,0.0,0.0,1.0
363542,0,1,3400,-55,55,-160,13,18,0.50,128960.000000,0,2.1,0.0,186,0.0,0.0,0.0,0.0,0.0,1.0
363791,0,1,3400,-55,55,-160,13,18,0.50,79968.125000,0,2.1,11,0.0,12207.170898,0,0.0,0.0,0.0,1.0
364040,0,1,3400,-55,55,-160,8.9,18,0.55,116384.000000,0,2.1,14,0.0,0.0,0.0,0.0,0.0,0.0,1.0
364289,0,1,3400,-55,55,-160,11,18,0.50,143713.140625,0,2.1,14,0.0,0.0,0.0,0.0,0.0,0.0,1.0
364538,0,1,3400,-55,55,-161,11,17,0.50,75456.000000,0,2.1,14,186,0.0,0.0,0.0,0.0,0.0,1.0
364787,0,1,3400,-55,55,-158,13,17,0.51,124384.000000,0,2.1,2.7,0.0,24032.000000,36,0.0,0.0,0.0,1.0
365036,0,1,3400,-55,55,-161,11,18,0.64,142501.984375,4,2.1,0.0,0.0,0.0,0.0,0.0,0.0,0.0,1.0
365285,0,1,3400,-55,55,-160,13,18,0.71,119168.000000,5,2.1,0.0,0.0,0.0,0.0,0.0,0.0,0.0,1.0
365534,0,1,3400,-55,55,-161,13,17,0.50,92079.679688,0,2.1,0.0,186,0.0,0.0,0.0,0.0,0.0,1.0
365783,0,1,3400,-55,55,-159,13,17,0.50,124896.000000,0,2.1,0.0,0.0,8160.000000,0,0.0,0.0,0.0,1.0
366032,0,1,3400,-55,55,-163,11,17,0.50,134374.500000,0,2.1,0.0,0.0,0.0,0.0,0.0,0.0,0.0,1.0
366281,0,1,3400,-55,55,-163,13,18,0.50,91936.000000,0,2.1,0.0,0.0,0.0,0.0,0.0,0.0,0.0,1.0
366530,0,1,3400,-55,55,-162,4.4,17,0.61,100844.625000,2,2.1,0.0,0.0,0.0,0.0,0.0,0.0,0.0,1.0
366779,0,1,3400,-55,55,-159,10,18,0.50,112352.000000,0,2.1,11,0.0,23488.000000,0,0.0,0.0,0.0,1.0
367028,0,1,3400,-55,55,-159,13,17,0.67,102752.000000,5,2.1,14,0.0,0.0,0.0,0.0,0.0,0.0,1.0
367277,0,1,3400,-55,55,-160,13,17,0.50,129370.515625,0,2.1,14,0.0,0.0,0.0,0.0,0.0,0.0,1.0
367526,0,1,3400,-55,55,-161,13,17,0.50,96928.000000,0,2.1,14,186,0.0,0.0,0.0,0.0,0.0,1.0
367775,0,1,3400,-55,55,-161,13,17,0.50,107824.703125,0,2.1,14,0.0,23394.421875,0,0.0,0.0,0.0,1.0
368024,0,1,3400,-55,55,-162,13,18,0.50,129376.000000,0,2.1,14,0.0,0.0,0.0,0.0,0.0,0.0,1.0
368273,0,1,3400,-55,55,-163,13,18,0.50,128446.218750,0,2.1,14,0.0,0.0,0.0,0.0,0.0,0.0,1.0
368522,0,1,3400,-55,55,-163,13,18,0.50,97344.000000,0,2.1,14,186,0.0,0.0,0.0,0.0,0.0,1.0
368771,0,1,3400,-55,55,-161,10,17,0.50,113306.773438,0,2.1,14,0.0,23394.421875,0,0.0,0.0,0.0,1.0
369020,0,1,3400,-55,55,-163,13,18,0.64,135296.000000,4,2.1,14,0.0,0.0,0.0,0.0,0.0,0.0,1.0
369269,0,1,3400,-55,55,-161,13,17,0.50,161179.281250,0,2.1,14,0.0,0.0,0.0,0.0,0.0,0.0,1.0
369518,0,1,3400,-55,55,-161,13,17,0.55,123968.000000,0,2.1,14,186,0.0,0.0,0.0,0.0,0.0,1.0
369767,0,1,3400,-55,55,-159,13,18,0.50,123442.234375,0,2.1,15,0.0,0.0,80,0.0,0.0,0.0,1.0
370016,0,1,3400,-55,55,-163,9.3,18,0.54,140288.000000,3,2.1,15,0.0,0.0,0.0,0.0,0.0,0.0,1.0
370265,0,1,3400,-55,55,-162,7.5,17,0.50,111072.000000,0,2.1,15,0.0,0.0,0.0,0.0,0.0,0.0,1.0
370514,0,1,3400,-55,55,-161,8.5,17,0.50,140430.281250,0,2.1,15,186,0.0,0.0,0.0,0.0,0.0,1.0
370763,0,1,3400,-55,55,-161,10,18,0.50,152000.000000,0,2.1,15,0.0,269184.000000,57,0.0,0.0,0.0,1.0
371012,0,1,3400,-55,55,-160,9.2,18,0.50,97306.773438,0,2.1,16,0.0,0.0,0.0,0.0,0.0,0.0,1.0
371261,0,1,3400,-55,55,-163,5.3,17,0.50,91104.000000,0,2.1,16,0.0,0.0,0.0,0.0,0.0,0.0,1.0
371510,0,1,3400,-55,55,-164,7.8,17,0.50,155027.890625,0,2.1,16,186,0.0,0.0,0.0,0.0,0.0,1.0
371759,0,1,3400,-55,55,-165,11,18,0.50,166528.000000,0,2.1,6.3,0.0,12256.000000,0,0.0,0.0,0.0,1.0
372008,0,1,3400,-55,55,-164,11,17,0.50,139792.828125,0,2.1,6.0,0.0,0.0,0.0,0.0,0.0,0.0,1.0
372257,0,1,3400,-55,55,-165,3.6,17,0.50,112704.000000,0,2.1,6.0,0.0,0.0,0.0,0.0,0.0,0.0,1.0
372506,0,1,3400,-55,55,-163,13,18,0.50,140398.406250,0,2.1,6.0,186,0.0,0.0,0.0,0.0,0.0,1.0
372755,0,1,3400,-55,55,-164,12,17,0.58,129792.000000,4,2.1,12,0.0,21952.000000,55,0.0,0.0,0.0,1.0
373004,0,1,3400,-55,55,-162,8.4,17,0.52,128448.000000,0,2.1,12,0.0,0.0,0.0,0.0,0.0,0.0,1.0
373253,0,1,3400,-55,55,-163,13,18,0.50,123474.101562,0,2.1,12,0.0,0.0,0.0,0.0,0.0,0.0,1.0
373502,0,1,3400,-55,55,-163,13,17,0.50,118976.000000,0,2.1,12,186,0.0,0.0,0.0,0.0,0.0,1.0
373751,0,1,3400,-55,55,-164,13,18,0.50,118693.226562,0,2.1,13,0.0,15808.764648,40,0.0,0.0,0.0,1.0
374000,0,1,3400,-55,55,-162,13,17,0.50,97440.000000,0,2.1,15,0.0,0.0,0.0,0.0,0.0,0.0,1.0
374249,0,1,3400,-55,55,-162,13,18,0.72,123888.445312,0,2.1,15,0.0,0.0,0.0,0.0,0.0,0.0,1.0
374498,0,1,3400,-55,55,-163,13,17,0.50,135392.000000,0,2.1,15,186,0.0,0.0,0.0,0.0,0.0,1.0
374747,0,1,3400,-55,55,-159,11,18,1.2,135203.187500,3,2.1,13,0.0,23394.421875,0,0.0,0.0,0.0,1.0
374996,0,1,3400,-55,55,-160,13,17,0.50,131104.000000,0,2.1,14,0.0,0.0,0.0,0.0,0.0,0.0,1.0
375245,0,1,3400,-55,55,-163,13,18,0.50,128860.554688,0,2.1,14,0.0,0.0,0.0,0.0,0.0,0.0,1.0
375494,0,1,3400,-55,55,-162,9.4,18,0.50,98720.000000,0,2.1,14,186,0.0,0.0,0.0,0.0,0.0,1.0
375743,0,1,3400,-55,55,-160,12,17,0.50,130848.000000,0,2.1,14,0.0,23488.000000,0,0.0,0.0,0.0,1.0
375992,0,1,3400,-55,55,-161,13,18,0.50,80796.812500,0,2.1,14,0.0,0.0,0.0,0.0,0.0,0.0,1.0
376241,0,1,3400,-55,55,-161,6.9,18,0.50,133664.000000,0,2.1,14,0.0,0.0,0.0,0.0,0.0,0.0,1.0
376490,0,1,3400,-55,55,-162,11,18,0.50,123505.976562,0,2.1,14,186,0.0,0.0,0.0,0.0,0.0,1.0
376739,0,1,3400,-55,55,-163,10,17,0.50,139744.000000,0,2.1,14,0.0,23488.000000,33,0.0,0.0,0.0,1.0
376988,0,1,3400,-55,55,-163,13,17,0.51,118183.265625,0,2.1,14,0.0,0.0,0.0,0.0,0.0,0.0,1.0
377237,0,1,3400,-55,55,-166,13,18,0.50,86624.000000,0,2.1,14,0.0,0.0,0.0,0.0,0.0,0.0,1.0
377486,0,1,3400,-55,55,-166,13,17,0.54,75569.718750,0,2.1,14,186,0.0,0.0,0.0,0.0,0.0,1.0
377735,0,1,3400,-55,55,-164,13,18,0.93,97344.000000,5,2.1,14,0.0,23488.000000,0,0.0,0.0,0.0,1.0
377984,0,1,3400,-55,55,-158,13,18,0.50,96956.171875,0,2.1,14,0.0,0.0,0.0,0.0,0.0,0.0,1.0
378233,0,1,3400,-55,55,-158,13,17,0.50,124384.000000,0,2.1,14,0.0,0.0,0.0,0.0,0.0,0.0,1.0
378482,0,1,3400,-55,55,-161,12,18,0.50,129019.921875,0,2.1,14,186,0.0,0.0,0.0,0.0,0.0,1.0
378731,0,1,3400,-55,55,-163,12,17,0.50,118400.000000,0,2.1,14,0.0,23488.000000,0,0.0,0.0,0.0,1.0
378980,0,1,3400,-55,55,-160,12,17,0.86,108448.000000,4,2.1,14,0.0,0.0,0.0,0.0,0.0,0.0,1.0
379229,0,1,3400,-55,55,-160,13,18,0.50,86183.265625,0,2.1,14,0.0,0.0,0.0,0.0,0.0,0.0,1.0
379478,0,1,3400,-55,55,-157,13,17,0.78,120000.000000,4,2.1,14,0.0,0.0,0.0,0.0,0.0,0.0,1.0
379727,0,1,3400,-55,55,-159,13,18,0.67,107314.742188,0,2.1,14,0.0,23394.421875,0,0.0,0.0,0.0,1.0
379976,0,1,3400,-55,55,-163,13,18,0.50,113664.000000,0,2.1,14,0.0,0.0,0.0,0.0,0.0,0.0,1.0
380225,0,1,3400,-55,55,-167,13,18,0.50,144191.234375,0,2.1,14,0.0,0.0,0.0,0.0,0.0,0.0,1.0
380474,0,1,3400,-55,55,-165,12,18,0.50,136832.000000,0,2.1,14,186,0.0,0.0,0.0,0.0,0.0,1.0
380723,0,1,3400,-55,55,-162,10,18,0.50,128000.000000,0,2.1,4.8,0.0,23936.255859,36,0.0,0.0,0.0,1.0
380972,0,1,3400,-55,55,-162,11,17,0.50,85472.000000,0,2.1,0.0,0.0,0.0,0.0,0.0,0.0,0.0,1.0
381221,0,1,3400,-55,55,-164,13,17,0.50,118501.992188,0,2.1,0.0,0.0,0.0,0.0,0.0,0.0,0.0,1.0
381470,0,1,3400,-55,55,-161,9.9,18,0.50,91232.000000,0,2.1,0.0,186,0.0,0.0,0.0,0.0,0.0,1.0
381719,0,1,3400,-55,55,-163,13,17,0.50,112480.000000,0,2.1,0.82,0.0,12512.000000,36,0.0,0.0,0.0,1.0
381968,0,1,3400,-55,55,-161,13,18,0.50,134852.593750,0,2.1,0.0,0.0,0.0,0.0,0.0,0.0,0.0,1.0
382217,0,1,3400,-55,55,-161,11,17,0.50,123584.000000,0,2.1,0.0,0.0,0.0,0.0,0.0,0.0,0.0,1.0
382466,0,1,3400,-55,55,-164,9.0,17,0.50,156047.812500,0,2.1,0.0,186,0.0,0.0,0.0,0.0,0.0,1.0
382715,0,1,3400,-55,55,-163,13,18,0.50,81216.000000,0,2.1,15,0.0,237632.000000,55,0.0,0.0,0.0,1.0
382964,0,1,3400,-55,55,-160,7.0,17,0.50,150215.140625,0,2.1,16,0.0,0.0,0.0,0.0,0.0,0.0,1.0
383213,0,1,3400,-55,55,-158,13,18,0.50,124224.000000,0,2.1,16,0.0,0.0,0.0,0.0,0.0,0.0,1.0
383462,0,1,3400,-55,55,-156,13,18,0.50,106486.054688,0,2.1,16,186,0.0,0.0,0.0,0.0,0.0,1.0
383711,0,1,3400,-55,55,-162,13,18,0.50,124384.000000,0,2.1,14,0.0,23488.000000,0,0.0,0.0,0.0,1.0
383960,0,1,3400,-55,55,-165,13,17,0.50,102438.250000,0,2.1,14,0.0,0.0,0.0,0.0,0.0,0.0,1.0
384209,0,1,3400,-55,55,-163,13,18,0.50,129376.000000,0,2.1,14,0.0,0.0,0.0,0.0,0.0,0.0,1.0
384458,0,1,3400,-55,55,-161,9.3,18,0.50,129312.000000,0,2.1,14,186,0.0,0.0,0.0,0.0,0.0,1.0
384707,0,1,3400,-55,55,-162,13,18,0.50,91569.718750,0,2.1,14,0.0,23394.421875,0,0.0,0.0,0.0,1.0
384956,0,1,3400,-55,55,-164,13,17,0.50,140608.000000,0,2.1,14,0.0,0.0,0.0,0.0,0.0,0.0,1.0
385205,0,1,3400,-55,55,-164,8.5,17,0.53,100780.875000,0,2.1,14,0.0,0.0,0.0,0.0,0.0,0.0,1.0
385454,0,1,3400,-55,55,-162,5.5,18,0.50,129376.000000,0,2.1,14,186,0.0,0.0,0.0,0.0,0.0,1.0
385703,0,1,3400,-55,55,-163,13,17,0.50,129466.132812,0,2.1,14,0.0,23394.421875,0,0.0,0.0,0.0,1.0
385952,0,1,3400,-55,55,-163,7.8,18,0.54,90144.000000,6,2.1,14,0.0,0.0,0.0,0.0,0.0,0.0,1.0
386201,0,1,3400,-55,55,-161,11,18,0.60,134023.906250,4,2.1,14,0.0,0.0,0.0,0.0,0.0,0.0,1.0
386450,0,1,3400,-55,55,-162,12,17,0.50,135200.000000,0,2.1,14,186,0.0,0.0,0.0,0.0,0.0,1.0
386699,0,1,3400,-55,55,-161,13,18,0.50,145625.500000,0,2.1,15,0.0,0.0,80,0.0,0.0,0.0,1.0
386948,0,1,3400,-55,55,-161,13,18,0.50,108256.000000,0,2.1,15,0.0,0.0,0.0,0.0,0.0,0.0,1.0
387197,0,1,3400,-55,55,-164,12,17,0.50,136160.000000,0,2.1,15,0.0,0.0,0.0,0.0,0.0,0.0,1.0
387446,0,1,3400,-55,55,-161,12,18,0.50,157322.703125,0,2.1,15,186,0.0,0.0,0.0,0.0,0.0,1.0
387695,0,1,3400,-55,55,-162,10,17,0.50,69920.000000,0,2.1,12,0.0,15584.000000,0,0.0,0.0,0.0,1.0
387944,0,1,3400,-55,55,-163,6.8,17,0.52,118533.867188,0,2.1,12,0.0,0.0,0.0,0.0,0.0,0.0,1.0
388193,0,1,3400,-55,55,-161,8.5,18,0.50,119552.000000,0,2.1,12,0.0,0.0,0.0,0.0,0.0,0.0,1.0
388442,0,1,3400,-55,55,-164,12,18,0.50,108239.046875,0,2.1,12,186,0.0,0.0,0.0,0.0,0.0,1.0
388691,0,1,3400,-55,55,-164,13,17,0.50,151520.000000,0,2.1,13,0.0,23488.000000,0,0.0,0.0,0.0,1.0
388940,0,1,3400,-55,55,-163,13,17,0.50,102342.632812,0,2.1,14,0.0,0.0,0.0,0.0,0.0,0.0,1.0
389189,0,1,3400,-55,55,-160,11,17,0.50,149888.000000,0,2.1,14,0.0,0.0,0.0,0.0,0.0,0.0,1.0
389438,0,1,3400,-55,55,-161,11,17,0.62,102023.906250,0,2.1,14,186,0.0,0.0,0.0,0.0,0.0,1.0
389687,0,1,3400,-55,55,-160,7.7,18,0.50,148800.000000,0,2.1,15,0.0,0.0,80,0.0,0.0,0.0,1.0
389936,0,1,3400,-55,55,-162,12,17,0.50,140096.000000,0,2.1,15,0.0,0.0,0.0,0.0,0.0,0.0,1.0
390185,0,1,3400,-55,55,-165,12,17,0.50,81816.734375,0,2.1,15,0.0,0.0,0.0,0.0,0.0,0.0,1.0
390434,0,1,3400,-55,55,-164,14,17,0.50,148960.000000,0,2.1,15,186,0.0,0.0,0.0,0.0,0.0,1.0
390683,0,1,3400,-55,55,-160,17,17,0.65,127490.039062,4,2.1,3.8,0.0,18613.544922,33,0.0,0.0,0.0,1.0
390932,0,1,3400,-55,55,-159,13,18,0.50,129888.000000,0,2.1,0.0,0.0,0.0,0.0,0.0,0.0,0.0,1.0
391181,0,1,3400,-55,55,-159,13,17,0.51,91569.718750,0,2.1,0.0,0.0,5513.944336,0,0.0,0.0,0.0,1.0
391430,0,1,3400,-55,55,-160,10,17,0.50,103232.000000,0,2.1,0.0,186,0.0,0.0,0.0,0.0,0.0,1.0
391679,0,1,3400,-55,55,-159,13,17,0.50,145115.531250,0,2.1,13,0.0,23394.421875,0,0.0,0.0,0.0,1.0
391928,0,1,3400,-55,55,-161,13,18,0.50,113664.000000,0,2.1,14,0.0,0.0,0.0,0.0,0.0,0.0,1.0
392177,0,1,3400,-55,55,-164,12,18,0.50,98464.000000,0,2.1,14,0.0,0.0,0.0,0.0,0.0,0.0,1.0
392426,0,1,3400,-55,55,-160,13,17,0.50,113115.539062,0,2.1,14,186,0.0,0.0,0.0,0.0,0.0,1.0
392675,0,1,3400,-55,55,-160,13,17,0.50,108928.000000,0,2.1,4.8,0.0,24032.000000,36,0.0,0.0,0.0,1.0
392924,0,1,3400,-55,55,-158,13,17,0.50,64637.449219,0,2.1,0.0,0.0,0.0,0.0,0.0,0.0,0.0,1.0
393173,0,1,3400,-55,55,-160,13,17,0.50,96928.000000,0,2.1,0.0,0.0,0.0,0.0,0.0,0.0,0.0,1.0
393422,0,1,3400,-55,55,-161,13,18,0.50,64223.109375,0,2.1,0.0,186,0.0,0.0,0.0,0.0,0.0,1.0
393671,0,1,3400,-55,55,-159,10,17,0.50,144064.000000,0,2.1,11,0.0,6528.000000,50,0.0,0.0,0.0,1.0
393920,0,1,3400,-55,55,-163,13,18,0.50,59250.996094,0,2.1,12,0.0,0.0,0.0,0.0,0.0,0.0,1.0
394169,0,1,3400,-55,55,-163,13,18,0.50,151104.000000,0,2.1,12,0.0,0.0,0.0,0.0,0.0,0.0,1.0
394418,0,1,3400,-55,55,-164,11,17,0.50,131824.703125,0,2.1,12,186,0.0,0.0,0.0,0.0,0.0,1.0
394667,0,1,3400,-55,55,-161,13,18,0.50,97344.000000,0,2.1,3.1,0.0,12512.000000,36,0.0,0.0,0.0,1.0
394916,0,1,3400,-55,55,-160,13,18,0.50,101928.289062,0,2.1,0.0,0.0,0.0,0.0,0.0,0.0,0.0,1.0
395165,0,1,3400,-55,55,-157,12,18,0.50,91904.000000,0,2.1,0.0,0.0,0.0,0.0,0.0,0.0,0.0,1.0
395414,0,1,3400,-55,55,-157,9.0,18,0.50,116685.257812,0,2.1,0.0,186,0.0,0.0,0.0,0.0,0.0,1.0
395663,0,1,3400,-55,55,-161,13,17,0.50,146016.000000,0,2.1,0.82,0.0,18688.000000,33,0.0,0.0,0.0,1.0
395912,0,1,3400,-55,55,-161,12,17,0.93,159168.000000,4,2.1,0.0,0.0,0.0,0.0,0.0,0.0,0.0,1.0
396161,0,1,3400,-55,55,-162,13,18,0.50,190247.015625,0,2.1,0.0,0.0,0.0,0.0,0.0,0.0,0.0,1.0
396410,0,1,3400,-55,55,-162,7.0,17,0.50,66912.000000,0,2.1,0.0,186,0.0,0.0,0.0,0.0,0.0,1.0
396659,0,1,3400,-55,55,-160,3.8,18,0.50,92749.007812,0,2.1,15,0.0,207043.828125,63,0.0,0.0,0.0,1.0
396908,0,1,3400,-55,55,-162,13,18,0.50,107744.000000,0,2.1,16,0.0,0.0,0.0,0.0,0.0,0.0,1.0
397157,0,1,3400,-55,55,-162,13,17,0.57,107601.593750,6,2.1,16,0.0,0.0,0.0,0.0,0.0,0.0,1.0
397406,0,1,3400,-55,55,-160,12,17,0.50,126016.000000,0,2.1,16,186,0.0,0.0,0.0,0.0,0.0,1.0
397655,0,1,3400,-55,55,-163,13,17,0.50,113115.539062,0,2.1,1.5,0.0,12462.151367,36,0.0,0.0,0.0,1.0
397904,0,1,3400,-55,55,-161,13,18,0.50,113568.000000,0,2.1,0.0,0.0,0.0,0.0,0.0,0.0,0.0,1.0
398153,0,1,3400,-55,55,-160,13,18,0.50,81216.000000,0,2.1,0.0,0.0,0.0,0.0,0.0,0.0,0.0,1.0
398402,0,1,3400,-55,55,-165,13,17,0.50,107314.742188,0,2.1,0.0,186,0.0,0.0,0.0,0.0,0.0,1.0
398651,0,1,3400,-55,55,-163,13,18,0.50,97344.000000,0,2.1,0.0,0.0,16384.000000,11,0.0,0.0,0.0,1.0
398900,0,1,3400,-55,55,-160,13,18,0.50,140239.046875,0,2.1,0.0,0.0,0.0,0.0,0.0,0.0,0.0,1.0
399149,0,1,3400,-55,55,-158,13,17,0.50,146112.000000,0,2.1,0.0,0.0,0.0,0.0,0.0,0.0,0.0,1.0
399398,0,1,3400,-55,55,-157,5.1,18,0.50,140015.937500,0,2.1,0.0,186,0.0,0.0,0.0,0.0,0.0,1.0
399647,0,1,3400,-55,55,-159,11,17,0.50,76992.000000,0,2.1,0.0,0.0,12512.000000,25,0.0,0.0,0.0,1.0
399896,0,1,3400,-55,55,-163,8.3,17,0.50,146454.187500,0,2.1,0.0,0.0,0.0,0.0,0.0,0.0,0.0,1.0
400145,0,1,3400,-55,55,-161,13,18,0.50,107744.000000,0,2.1,0.0,0.0,0.0,0.0,0.0,0.0,0.0,1.0
400394,0,1,3400,-55,55,-158,13,17,0.53,75712.000000,7,2.1,0.0,186,0.0,0.0,0.0,0.0,0.0,1.0
400643,0,1,3400,-55,55,-160,13,17,0.50,133003.984375,0,2.1,2.1,0.0,23936.255859,36,0.0,0.0,0.0,1.0
400892,0,1,3400,-55,55,-158,13,17,0.50,86457.828125,0,2.1,0.0,0.0,0.0,0.0,0.0,0.0,0.0,1.0
401141,0,1,3400,-55,55,-161,13,17,0.50,165777.781250,0,2.1,0.0,0.0,0.0,0.0,0.0,0.0,0.0,1.0
401390,0,1,3400,-55,55,-162,13,18,0.61,86528.000000,6,2.1,0.0,186,0.0,0.0,0.0,0.0,0.0,1.0
401639,0,1,3400,-55,55,-161,13,17,0.51,69609.562500,0,2.1,0.0,0.0,8127.490234,0,0.0,0.0,0.0,1.0
401888,0,1,3400,-55,55,-164,4.9,17,0.53,88672.000000,0,2.1,0.0,0.0,0.0,0.0,0.0,0.0,0.0,1.0
402137,0,1,3400,-55,55,-164,12,17,0.50,139729.078125,0,2.1,0.0,0.0,0.0,0.0,0.0,0.0,0.0,1.0
402386,0,1,3400,-55,55,-166,13,18,0.50,151520.000000,0,2.1,0.0,186,0.0,0.0,0.0,0.0,0.0,1.0
402635,0,1,3400,-55,55,-162,8.6,18,0.50,84749.007812,0,2.1,12,0.0,15521.912109,14,0.0,0.0,0.0,1.0
402884,0,1,3400,-55,55,-160,5.3,18,0.50,86176.000000,0,2.1,12,0.0,0.0,0.0,0.0,0.0,0.0,1.0
403133,0,1,3400,-55,55,-160,12,18,0.50,91791.164062,0,2.1,12,0.0,0.0,0.0,0.0,0.0,0.0,1.0
403382,0,1,3400,-55,55,-160,9.1,18,0.50,113301.585938,0,2.1,12,186,0.0,0.0,0.0,0.0,0.0,1.0
403631,0,1,3400,-55,55,-161,11,18,0.50,120000.000000,0,2.1,13,0.0,23488.000000,33,0.0,0.0,0.0,1.0
403880,0,1,3400,-55,55,-160,13,17,0.50,96956.171875,0,2.1,14,0.0,0.0,0.0,0.0,0.0,0.0,1.0
404129,0,1,3400,-55,55,-160,13,17,0.50,146208.000000,0,2.1,14,0.0,0.0,0.0,0.0,0.0,0.0,1.0
404378,0,1,3400,-55,55,-161,10,17,0.50,163601.593750,0,2.1,14,186,0.0,0.0,0.0,0.0,0.0,1.0
404627,0,1,3400,-55,55,-164,13,18,0.54,161952.000000,0,2.1,14,0.0,23488.000000,0,0.0,0.0,0.0,1.0
404876,0,1,3400,-55,55,-161,16,17,0.52,84239.046875,0,2.1,14,0.0,0.0,0.0,0.0,0.0,0.0,1.0
405125,0,1,3400,-55,55,-161,13,18,0.50,86528.000000,0,2.1,14,0.0,0.0,0.0,0.0,0.0,0.0,1.0
405374,0,1,3400,-55,55,-156,4.1,17,0.53,146486.062500,2,2.1,14,186,0.0,0.0,0.0,0.0,0.0,1.0
405623,0,1,3400,-55,55,-162,12,17,0.98,130048.000000,11,2.1,14,0.0,23488.000000,0,0.0,0.0,0.0,1.0
405872,0,1,3400,-55,55,-161,9.0,17,0.50,87168.000000,0,2.1,14,0.0,0.0,0.0,0.0,0.0,0.0,1.0
406121,0,1,3400,-55,55,-159,13,18,0.50,107314.742188,0,2.1,14,0.0,0.0,0.0,0.0,0.0,0.0,1.0
406370,0,1,3400,-55,55,-159,13,18,0.50,108160.000000,0,2.1,14,186,0.0,0.0,0.0,0.0,0.0,1.0
406619,0,1,3400,-55,55,-161,12,17,0.50,99601.593750,0,2.1,15,0.0,0.0,80,0.0,0.0,0.0,1.0
406868,0,1,3400,-55,55,-166,9.0,18,0.50,92256.000000,0,2.1,15,0.0,0.0,0.0,0.0,0.0,0.0,1.0
407117,0,1,3400,-55,55,-166,6.6,18,0.50,121625.500000,0,2.1,15,0.0,0.0,0.0,0.0,0.0,0.0,1.0
407366,0,1,3400,-55,55,-165,9.0,18,0.50,130666.664062,0,2.1,15,186,0.0,0.0,0.0,0.0,0.0,1.0
407615,0,1,3400,-55,55,-162,12,17,0.50,165492.062500,0,2.1,3.1,0.0,8095.238281,0,0.0,0.0,0.0,1.0
407864,0,1,3400,-55,55,-162,13,17,0.58,146016.000000,4,2.1,0.0,0.0,0.0,0.0,0.0,0.0,0.0,1.0
408113,0,1,3400,-55,55,-162,13,17,0.50,118183.265625,0,2.1,0.0,0.0,0.0,0.0,0.0,0.0,0.0,1.0
408362,0,1,3400,-55,55,-165,13,18,0.50,107744.000000,0,2.1,0.0,186,0.0,0.0,0.0,0.0,0.0,1.0
408611,0,1,3400,-55,55,-165,13,17,0.50,118501.992188,0,2.1,13,0.0,23394.421875,0,0.0,0.0,0.0,1.0
408860,0,1,3400,-55,55,-161,15,17,0.50,96576.000000,0,2.1,14,0.0,0.0,0.0,0.0,0.0,0.0,1.0
409109,0,1,3400,-55,55,-158,19,18,0.58,104928.000000,5,2.1,14,0.0,0.0,0.0,0.0,0.0,0.0,1.0
409358,0,1,3400,-55,55,-162,9.7,17,0.50,87171.312500,0,2.1,14,186,0.0,0.0,0.0,0.0,0.0,1.0
409607,0,1,3400,-55,55,-160,13,18,0.50,130409.640625,0,2.1,4.9,0.0,24000.000000,46,0.0,0.0,0.0,1.0
409856,0,1,3400,-55,55,-161,10.0,17,0.60,136095.234375,4,2.1,0.0,0.0,0.0,0.0,0.0,0.0,0.0,1.0
410105,0,1,3400,-55,55,-160,10,17,0.50,122688.000000,0,2.1,0.0,0.0,0.0,0.0,0.0,0.0,0.0,1.0
410354,0,1,3400,-55,55,-163,13,17,0.51,140143.421875,0,2.1,0.0,186,0.0,0.0,0.0,0.0,0.0,1.0
410603,0,1,3400,-55,55,-164,13,17,0.50,97344.000000,0,2.1,0.0,0.0,44768.000000,5,0.0,0.0,0.0,1.0
410852,0,1,3400,-55,55,-163,13,17,0.50,128669.320312,0,2.1,0.0,0.0,0.0,0.0,0.0,0.0,0.0,1.0
411101,0,1,3400,-55,55,-162,8.2,18,0.50,130848.000000,0,2.1,0.0,0.0,0.0,0.0,0.0,0.0,0.0,1.0
411350,0,1,3400,-55,55,-164,13,18,0.50,130996.015625,0,2.1,0.0,186,0.0,0.0,0.0,0.0,0.0,1.0
411599,0,1,3400,-55,55,-160,11,18,0.50,99437.750000,0,2.1,0.82,0.0,12562.249023,36,0.0,0.0,0.0,1.0
411848,0,1,3400,-55,55,-161,12,18,0.50,128256.000000,0,2.1,0.0,0.0,0.0,0.0,0.0,0.0,0.0,1.0
412097,0,1,3400,-55,55,-160,12,18,0.50,71269.843750,0,2.1,0.0,0.0,0.0,0.0,0.0,0.0,0.0,1.0
412346,0,1,3400,-55,55,-159,13,17,0.50,140448.000000,0,2.1,0.0,186,0.0,0.0,0.0,0.0,0.0,1.0
412595,0,1,3400,-55,55,-159,11,17,0.70,107123.507812,5,2.1,4.9,0.0,23936.255859,50,0.0,0.0,0.0,1.0
412844,0,1,3400,-55,55,-162,2.2,17,0.50,75872.000000,0,2.1,6.0,0.0,0.0,0.0,0.0,0.0,0.0,1.0
413093,0,1,3400,-55,55,-160,13,17,0.52,140047.812500,0,2.1,6.0,0.0,0.0,0.0,0.0,0.0,0.0,1.0
413342,0,1,3400,-55,55,-164,11,18,0.50,161312.000000,0,2.1,6.0,186,0.0,0.0,0.0,0.0,0.0,1.0
413591,0,1,3400,-55,55,-164,12,17,0.50,107155.375000,0,2.1,1.2,0.0,12462.151367,36,0.0,0.0,0.0,1.0
413840,0,1,3400,-55,55,-165,12,17,0.79,130024.093750,4,2.1,0.0,0.0,0.0,0.0,0.0,0.0,0.0,1.0
414089,0,1,3400,-55,55,-161,8.9,17,0.61,176888.890625,0,2.1,0.0,0.0,0.0,0.0,0.0,0.0,0.0,1.0
414338,0,1,3400,-55,55,-161,13,18,0.50,113248.000000,0,2.1,0.0,186,0.0,0.0,0.0,0.0,0.0,1.0
414587,0,1,3400,-55,55,-164,11,18,0.50,91616.000000,0,2.1,2.7,0.0,19968.000000,31,0.0,0.0,0.0,1.0
414836,0,1,3400,-55,55,-163,12,18,0.50,166788.843750,0,2.1,0.0,0.0,0.0,0.0,0.0,0.0,0.0,1.0
415085,0,1,3400,-55,55,-164,9.8,17,0.50,134304.000000,0,2.1,0.0,0.0,0.0,0.0,0.0,0.0,0.0,1.0
415334,0,1,3400,-55,55,-160,10,17,1.0,96605.578125,5,2.1,0.0,186,0.0,0.0,0.0,0.0,0.0,1.0
415583,0,1,3400,-55,55,-158,8.9,18,0.50,117120.000000,0,2.1,13,0.0,40544.000000,0,0.0,0.0,0.0,1.0
415832,0,1,3400,-55,55,-159,9.3,17,1.0,129625.500000,4,2.1,14,0.0,0.0,0.0,0.0,0.0,0.0,1.0
416081,0,1,3400,-55,55,-163,13,17,1.0,113863.453125,5,2.1,14,0.0,0.0,0.0,0.0,0.0,0.0,1.0
416330,0,1,3400,-55,55,-165,13,18,0.53,144952.375000,0,2.1,14,186,0.0,0.0,0.0,0.0,0.0,1.0
416579,0,1,3400,-55,55,-160,13,17,0.50,75712.000000,0,2.1,15,0.0,0.0,80,0.0,0.0,0.0,1.0
416828,0,1,3400,-55,55,-162,11,18,0.50,75665.335938,0,2.1,15,0.0,0.0,0.0,0.0,0.0,0.0,1.0
417077,0,1,3400,-55,55,-163,8.8,17,0.50,107104.000000,0,2.1,15,0.0,0.0,0.0,0.0,0.0,0.0,1.0
417326,0,1,3400,-55,55,-162,11,17,0.50,161824.000000,0,2.1,15,186,0.0,0.0,0.0,0.0,0.0,1.0
417575,0,1,3400,-55,55,-161,13,17,0.50,134247.015625,0,2.1,12,0.0,15521.912109,0,0.0,0.0,0.0,1.0
417824,0,1,3400,-55,55,-161,13,18,0.58,160992.000000,0,2.1,12,0.0,0.0,0.0,0.0,0.0,0.0,1.0
418073,0,1,3400,-55,55,-159,13,18,0.50,108160.000000,0,2.1,12,0.0,0.0,0.0,0.0,0.0,0.0,1.0
418322,0,1,3400,-55,55,-162,13,17,0.50,113152.000000,0,2.1,12,0.0,0.0,0.0,0.0,0.0,0.0,1.0
418571,0,1,3400,-55,55,-164,9.6,17,0.55,108920.632812,0,2.1,14,0.0,79492.062500,14,0.0,0.0,0.0,1.0
418820,0,1,3400,-55,55,-163,12,17,0.52,136320.000000,0,2.1,14,0.0,0.0,0.0,0.0,0.0,0.0,1.0
419069,0,1,3400,-55,55,-160,13,18,0.50,160764.937500,0,2.1,14,0.0,0.0,0.0,0.0,0.0,0.0,1.0
419318,0,1,3400,-55,55,-164,12,18,0.50,114176.000000,0,2.1,14,186,0.0,0.0,0.0,0.0,0.0,1.0
419567,0,1,3400,-55,55,-164,11,17,0.54,140032.000000,0,2.1,2.6,0.0,24032.000000,36,0.0,0.0,0.0,1.0
419816,0,1,3400,-55,55,-162,11,18,0.50,122868.523438,0,2.1,0.0,0.0,0.0,0.0,0.0,0.0,0.0,1.0
420065,0,1,3400,-55,55,-162,13,18,0.95,135040.000000,4,2.1,0.0,0.0,0.0,0.0,0.0,0.0,0.0,1.0
420314,0,1,3400,-55,55,-158,13,18,0.50,86112.000000,0,2.1,0.0,186,0.0,0.0,0.0,0.0,0.0,1.0
420563,0,1,3400,-55,55,-161,12,18,0.50,113536.000000,0,2.1,13,0.0,114816.000000,0,0.0,0.0,0.0,1.0
420812,0,1,3400,-55,55,-160,13,17,0.50,96158.726562,0,2.1,14,0.0,0.0,0.0,0.0,0.0,0.0,1.0
421061,0,1,3400,-55,55,-159,13,17,0.50,151712.000000,0,2.1,14,0.0,0.0,0.0,0.0,0.0,0.0,1.0
421310,0,1,3400,-55,55,-161,8.0,17,0.50,119171.312500,0,2.1,14,186,0.0,0.0,0.0,0.0,0.0,1.0
421559,0,1,3400,-55,55,-160,9.8,17,0.50,138112.000000,0,2.1,14,0.0,23488.000000,0,0.0,0.0,0.0,1.0
421808,0,1,3400,-55,55,-162,9.2,18,0.50,105689.242188,0,2.1,14,0.0,0.0,0.0,0.0,0.0,0.0,1.0
422057,0,1,3400,-55,55,-164,8.6,17,0.50,151648.000000,0,2.1,14,0.0,0.0,0.0,0.0,0.0,0.0,1.0
422306,0,1,3400,-55,55,-162,12,17,0.50,163680.000000,0,2.1,14,186,0.0,0.0,0.0,0.0,0.0,1.0
422555,0,1,3400,-55,55,-162,13,17,0.53,135360.000000,0,2.1,15,0.0,0.0,80,0.0,0.0,0.0,1.0
422804,0,1,3400,-55,55,-163,13,18,0.50,156302.781250,0,2.1,15,0.0,0.0,0.0,0.0,0.0,0.0,1.0
423053,0,1,3400,-55,55,-165,8.7,17,0.50,130071.710938,0,2.1,15,0.0,0.0,0.0,0.0,0.0,0.0,1.0
423302,0,1,3400,-55,55,-165,13,17,0.50,140608.000000,0,2.1,15,186,0.0,0.0,0.0,0.0,0.0,1.0
423551,0,1,3400,-55,55,-165,13,18,0.50,145019.921875,0,2.1,6.8,0.0,114007.968750,19,0.0,0.0,0.0,1.0
423800,0,1,3400,-55,55,-165,10,17,0.51,152512.000000,0,2.1,6.5,0.0,0.0,0.0,0.0,0.0,0.0,1.0
424049,0,1,3400,-55,55,-164,7.7,17,0.50,81529.882812,0,2.1,6.5,0.0,0.0,0.0,0.0,0.0,0.0,1.0
424298,0,1,3400,-55,55,-164,13,17,0.50,114024.093750,0,2.1,6.5,186,0.0,0.0,0.0,0.0,0.0,1.0
424547,0,1,3400,-55,55,-165,12,17,0.50,163729.078125,0,2.1,14,0.0,12015.936523,0,0.0,0.0,0.0,1.0
424796,0,1,3400,-55,55,-165,13,17,0.50,119072.000000,0,2.1,14,0.0,0.0,0.0,0.0,0.0,0.0,1.0
425045,0,1,3400,-55,55,-166,13,18,0.50,128349.203125,0,2.1,14,0.0,0.0,0.0,0.0,0.0,0.0,1.0
425294,0,1,3400,-55,55,-163,13,17,0.50,86528.000000,0,2.1,14,0.0,0.0,0.0,0.0,0.0,0.0,1.0
425543,0,1,3400,-55,55,-164,15,18,0.79,95521.914062,6,2.1,5.0,0.0,23553.785156,36,0.0,0.0,0.0,1.0
425792,0,1,3400,-55,55,-163,15,17,0.54,96160.000000,6,2.1,0.0,0.0,0.0,0.0,0.0,0.0,0.0,1.0
426041,0,1,3400,-55,55,-162,13,18,0.50,156192.000000,0,2.1,0.0,0.0,0.0,0.0,0.0,0.0,0.0,1.0
426290,0,1,3400,-55,55,-163,8.3,17,0.50,87520.000000,0,2.1,0.0,186,0.0,0.0,0.0,0.0,0.0,1.0
426539,0,1,3400,-55,55,-166,11,18,0.51,113944.226562,0,2.1,0.0,0.0,8127.490234,0,0.0,0.0,0.0,1.0
426788,0,1,3400,-55,55,-164,12,17,0.50,126944.000000,0,2.1,0.0,0.0,0.0,0.0,0.0,0.0,0.0,1.0
427037,0,1,3400,-55,55,-162,12,17,0.75,87648.000000,12,2.1,0.0,0.0,0.0,0.0,0.0,0.0,0.0,1.0
427286,0,1,3400,-55,55,-160,9.8,18,0.50,133650.796875,0,2.1,0.0,186,0.0,0.0,0.0,0.0,0.0,1.0
427535,0,1,3400,-55,55,-164,4.4,18,0.50,108608.000000,0,2.1,12,0.0,15584.000000,0,0.0,0.0,0.0,1.0
427784,0,1,3400,-55,55,-164,7.6,18,0.50,119808.765625,0,2.1,12,0.0,0.0,0.0,0.0,0.0,0.0,1.0
428033,0,1,3400,-55,55,-163,8.3,18,0.50,86752.000000,0,2.1,12,0.0,0.0,0.0,0.0,0.0,0.0,1.0
428282,0,1,3400,-55,55,-162,13,17,0.50,107729.085938,0,2.1,12,186,0.0,0.0,0.0,0.0,0.0,1.0
428531,0,1,3400,-55,55,-160,13,18,0.54,86843.375000,6,2.1,4.6,0.0,24128.513672,36,0.0,0.0,0.0,1.0
428780,0,1,3400,-55,55,-157,10,16,0.53,151458.171875,3,2.1,0.0,0.0,0.0,0.0,0.0,0.0,0.0,1.0
429029,0,1,3400,-55,55,-158,13,17,0.50,140768.000000,0,2.1,0.0,0.0,0.0,0.0,0.0,0.0,0.0,1.0
429278,0,1,3400,-55,55,-161,13,17,0.50,166816.000000,0,2.1,0.0,186,0.0,0.0,0.0,0.0,0.0,1.0
429527,0,1,3400,-55,55,-163,11,17,0.50,112253.968750,0,2.1,12,0.0,175523.812500,62,0.0,0.0,0.0,1.0
429776,0,1,3400,-55,55,-166,13,17,0.50,75712.000000,0,2.1,16,0.0,0.0,0.0,0.0,0.0,0.0,1.0
430025,0,1,3400,-55,55,-167,13,17,0.50,145529.875000,0,2.1,16,0.0,0.0,0.0,0.0,0.0,0.0,1.0
430274,0,1,3400,-55,55,-163,11,18,0.50,134976.000000,0,2.1,16,186,0.0,0.0,0.0,0.0,0.0,1.0
430523,0,1,3400,-55,55,-161,13,17,0.50,128446.218750,0,2.1,1.5,0.0,10422.310547,36,0.0,0.0,0.0,1.0
430772,0,1,3400,-55,55,-160,12,17,0.50,151168.000000,0,2.1,0.0,0.0,0.0,0.0,0.0,0.0,0.0,1.0
431021,0,1,3400,-55,55,-162,13,17,0.50,118501.992188,0,2.1,0.0,0.0,0.0,0.0,0.0,0.0,0.0,1.0
431270,0,1,3400,-55,55,-164,13,17,0.51,124883.531250,0,2.1,0.0,186,0.0,0.0,0.0,0.0,0.0,1.0
431519,0,1,3400,-55,55,-163,13,17,0.50,117984.000000,0,2.1,0.0,0.0,8000.000000,0,0.0,0.0,0.0,1.0
431768,0,1,3400,-55,55,-159,13,17,0.57,128857.140625,4,2.1,0.0,0.0,0.0,0.0,0.0,0.0,0.0,1.0
432017,0,1,3400,-55,55,-160,6.9,17,0.50,111904.000000,0,2.1,0.0,0.0,0.0,0.0,0.0,0.0,0.0,1.0
432266,0,1,3400,-55,55,-163,13,17,0.50,101513.945312,0,2.1,0.0,186,0.0,0.0,0.0,0.0,0.0,1.0
432515,0,1,3400,-55,55,-163,10,17,0.56,132992.000000,3,2.1,13,0.0,23488.000000,0,0.0,0.0,0.0,1.0
432764,0,1,3400,-55,55,-165,13,17,0.50,108430.281250,0,2.1,14,0.0,0.0,0.0,0.0,0.0,0.0,1.0
433013,0,1,3400,-55,55,-162,12,18,0.50,163598.390625,0,2.1,14,0.0,0.0,0.0,0.0,0.0,0.0,1.0
433262,0,1,3400,-55,55,-162,13,17,0.50,107314.742188,0,2.1,14,186,0.0,0.0,0.0,0.0,0.0,1.0
433511,0,1,3400,-55,55,-161,13,17,0.50,118976.000000,0,2.1,14,0.0,23488.000000,0,0.0,0.0,0.0,1.0
433760,0,1,3400,-55,55,-162,13,17,0.50,127936.507812,0,2.1,14,0.0,0.0,0.0,0.0,0.0,0.0,1.0
434009,0,1,3400,-55,55,-165,13,18,0.50,75296.000000,0,2.1,14,0.0,0.0,0.0,0.0,0.0,0.0,1.0
434258,0,1,3400,-55,55,-162,9.7,18,0.50,114528.000000,0,2.1,14,186,0.0,0.0,0.0,0.0,0.0,1.0
434507,0,1,3400,-55,55,-160,8.0,18,0.50,159649.406250,0,2.1,14,0.0,0.0,80,0.0,0.0,0.0,1.0
434756,0,1,3400,-55,55,-163,13,18,0.50,128960.000000,0,2.1,14,0.0,0.0,0.0,0.0,0.0,0.0,1.0
435005,0,1,3400,-55,55,-165,10,17,0.50,119426.296875,0,2.1,14,0.0,0.0,0.0,0.0,0.0,0.0,1.0
435254,0,1,3400,-55,55,-163,12,17,0.50,164915.656250,0,2.1,14,186,0.0,0.0,0.0,0.0,0.0,1.0
435503,0,1,3400,-55,55,-163,14,17,0.50,96541.835938,0,2.1,2.8,0.0,12334.661133,0,0.0,0.0,0.0,1.0
435752,0,1,3400,-55,55,-162,11,18,0.50,102112.000000,0,2.1,0.0,0.0,0.0,0.0,0.0,0.0,0.0,1.0
436001,0,1,3400,-55,55,-164,12,17,0.50,162571.421875,0,2.1,0.0,0.0,0.0,0.0,0.0,0.0,0.0,1.0
436250,0,1,3400,-55,55,-166,10,17,0.50,140960.000000,0,2.1,0.0,186,0.0,0.0,0.0,0.0,0.0,1.0
436499,0,1,3400,-55,55,-164,12,18,0.50,163091.640625,0,2.1,2.1,0.0,23936.255859,36,0.0,0.0,0.0,1.0
436748,0,1,3400,-55,55,-161,13,18,0.64,113152.000000,5,2.1,0.0,0.0,0.0,0.0,0.0,0.0,0.0,1.0
436997,0,1,3400,-55,55,-164,12,18,0.57,130103.585938,0,2.1,0.0,0.0,0.0,0.0,0.0,0.0,0.0,1.0
437246,0,1,3400,-55,55,-165,12,17,0.50,146955.828125,0,2.1,0.0,186,0.0,0.0,0.0,0.0,0.0,1.0
437495,0,1,3400,-55,55,-160,12,18,0.50,162272.000000,0,2.1,5.4,0.0,19968.000000,47,0.0,0.0,0.0,1.0
437744,0,1,3400,-55,55,-161,13,18,0.50,59250.996094,0,2.1,0.0,0.0,0.0,0.0,0.0,0.0,0.0,1.0
437993,0,1,3400,-55,55,-162,11,17,0.50,137568.000000,0,2.1,0.0,0.0,0.0,0.0,0.0,0.0,0.0,1.0
438242,0,1,3400,-55,55,-163,13,18,0.50,59777.777344,0,2.1,0.0,186,0.0,0.0,0.0,0.0,0.0,1.0
438491,0,1,3400,-55,55,-161,8.6,17,0.50,130048.000000,0,2.1,15,0.0,285280.000000,61,0.0,0.0,0.0,1.0
438740,0,1,3400,-55,55,-161,13,17,0.60,102342.632812,5,2.1,16,0.0,0.0,0.0,0.0,0.0,0.0,1.0
438989,0,1,3400,-55,55,-163,13,17,0.50,102848.000000,0,2.1,16,0.0,0.0,0.0,0.0,0.0,0.0,1.0
439238,0,1,3400,-55,55,-165,11,17,0.50,102183.265625,0,2.1,16,186,0.0,0.0,0.0,0.0,0.0,1.0
439487,0,1,3400,-55,55,-165,12,18,0.50,177638.546875,0,2.1,12,0.0,6554.216797,50,0.0,0.0,0.0,1.0
439736,0,1,3400,-55,55,-164,8.7,18,0.50,111585.656250,0,2.1,12,0.0,0.0,0.0,0.0,0.0,0.0,1.0
439985,0,1,3400,-55,55,-164,13,18,0.51,150464.000000,0,2.1,12,0.0,0.0,0.0,0.0,0.0,0.0,1.0
440234,0,1,3400,-55,55,-166,19,18,0.50,124366.531250,0,2.1,12,186,0.0,0.0,0.0,0.0,0.0,1.0
440483,0,1,3400,-55,55,-167,13,17,0.50,145529.875000,0,2.1,14,0.0,13035.856445,36,0.0,0.0,0.0,1.0
440732,0,1,3400,-55,55,-162,13,18,0.50,123552.000000,0,2.1,16,0.0,0.0,0.0,0.0,0.0,0.0,1.0
440981,0,1,3400,-55,55,-161,13,18,0.50,118087.648438,0,2.1,16,0.0,0.0,0.0,0.0,0.0,0.0,1.0
441230,0,1,3400,-55,55,-161,11,18,0.50,134336.000000,0,2.1,16,186,0.0,0.0,0.0,0.0,0.0,1.0
441479,0,1,3400,-55,55,-162,11,17,0.50,70304.000000,0,2.1,9.9,0.0,23200.000000,45,0.0,0.0,0.0,1.0
441728,0,1,3400,-55,55,-163,13,18,0.50,125152.000000,0,2.1,6.5,0.0,0.0,0.0,0.0,0.0,0.0,1.0
441977,0,1,3400,-55,55,-163,13,17,0.50,108239.046875,0,2.1,6.5,0.0,0.0,0.0,0.0,0.0,0.0,1.0
442226,0,1,3400,-55,55,-163,13,17,0.50,129472.000000,0,2.1,6.5,186,0.0,0.0,0.0,0.0,0.0,1.0
442475,0,1,3400,-55,55,-162,11,18,0.50,49301.585938,0,2.1,14,0.0,18031.746094,44,0.0,0.0,0.0,1.0
442724,0,1,3400,-55,55,-161,12,18,0.50,87040.000000,0,2.1,14,0.0,0.0,0.0,0.0,0.0,0.0,1.0
442973,0,1,3400,-55,55,-161,13,17,0.50,102342.632812,0,2.1,14,0.0,0.0,0.0,0.0,0.0,0.0,1.0
443222,0,1,3400,-55,55,-161,6.4,17,0.50,119424.000000,0,2.1,14,186,0.0,0.0,0.0,0.0,0.0,1.0
443471,0,1,3400,-55,55,-163,12,17,0.50,126522.085938,0,2.1,14,0.0,114923.695312,29,0.0,0.0,0.0,1.0
443720,0,1,3400,-55,55,-165,11,17,0.50,129370.515625,0,2.1,14,0.0,0.0,0.0,0.0,0.0,0.0,1.0
443969,0,1,3400,-55,55,-161,9.6,17,0.50,161056.000000,0,2.1,14,0.0,0.0,0.0,0.0,0.0,0.0,1.0
444218,0,1,3400,-55,55,-160,11,18,0.50,140302.781250,0,2.1,14,186,0.0,0.0,0.0,0.0,0.0,1.0
444467,0,1,3400,-55,55,-162,13,18,0.50,135296.000000,0,2.1,0.86,0.0,7872.000000,12,0.0,0.0,0.0,1.0
444716,0,1,3400,-55,55,-161,13,17,0.50,75206.351562,0,2.1,0.0,0.0,0.0,0.0,0.0,0.0,0.0,1.0
444965,0,1,3400,-55,55,-160,11,18,0.50,90624.000000,0,2.1,0.0,0.0,0.0,0.0,0.0,0.0,0.0,1.0
445214,0,1,3400,-55,55,-160,10,18,0.50,154167.328125,0,2.1,0.0,186,0.0,0.0,0.0,0.0,0.0,1.0
445463,0,1,3400,-55,55,-162,11,18,0.50,140768.000000,0,2.1,15,0.0,184512.000000,45,0.0,0.0,0.0,1.0
445712,0,1,3400,-55,55,-166,13,17,0.63,139808.000000,4,2.1,16,0.0,0.0,0.0,0.0,0.0,0.0,1.0
445961,0,1,3400,-55,55,-165,13,18,0.50,98144.000000,0,2.1,16,0.0,0.0,0.0,0.0,0.0,0.0,1.0
446210,0,1,3400,-55,55,-165,13,17,0.75,70304.000000,7,2.1,16,186,0.0,0.0,0.0,0.0,0.0,1.0
446459,0,1,3400,-55,55,-165,14,17,0.50,80892.429688,0,2.1,1.5,0.0,12462.151367,36,0.0,0.0,0.0,1.0
446708,0,1,3400,-55,55,-161,13,18,0.50,130144.000000,0,2.1,0.0,0.0,0.0,0.0,0.0,0.0,0.0,1.0
446957,0,1,3400,-55,55,-160,13,17,0.62,134380.953125,0,2.1,0.0,0.0,0.0,0.0,0.0,0.0,0.0,1.0
447206,0,1,3400,-55,55,-163,13,17,0.50,91936.000000,0,2.1,0.0,186,0.0,0.0,0.0,0.0,0.0,1.0
447455,0,1,3400,-55,55,-165,13,18,0.50,161274.906250,0,2.1,14,0.0,12015.936523,0,0.0,0.0,0.0,1.0
447704,0,1,3400,-55,55,-163,11,17,0.50,165440.000000,0,2.1,14,0.0,0.0,0.0,0.0,0.0,0.0,1.0
447953,0,1,3400,-55,55,-164,11,18,0.50,93472.000000,0,2.1,14,0.0,0.0,0.0,0.0,0.0,0.0,1.0
448202,0,1,3400,-55,55,-161,12,18,0.50,99392.000000,0,2.1,14,186,0.0,0.0,0.0,0.0,0.0,1.0
448451,0,1,3400,-55,55,-163,8.9,17,0.50,112928.000000,0,2.1,14,0.0,23488.000000,0,0.0,0.0,0.0,1.0
448700,0,1,3400,-55,55,-163,13,17,0.50,96956.171875,0,2.1,14,0.0,0.0,0.0,0.0,0.0,0.0,1.0
448949,0,1,3400,-55,55,-163,11,17,0.50,161976.093750,0,2.1,14,0.0,0.0,0.0,0.0,0.0,0.0,1.0
449198,0,1,3400,-55,55,-162,8.0,18,0.50,135171.312500,0,2.1,14,186,0.0,0.0,0.0,0.0,0.0,1.0
449447,0,1,3400,-55,55,-159,13,17,0.50,112736.000000,0,2.1,14,0.0,23488.000000,0,0.0,0.0,0.0,1.0
449696,0,1,3400,-55,55,-162,13,17,0.64,156302.781250,10,2.1,14,0.0,0.0,0.0,0.0,0.0,0.0,1.0
449945,0,1,3400,-55,55,-161,13,17,0.52,151520.000000,0,2.1,14,0.0,0.0,0.0,0.0,0.0,0.0,1.0
450194,0,1,3400,-55,55,-161,13,17,0.50,96512.000000,0,2.1,14,186,0.0,0.0,0.0,0.0,0.0,1.0
450443,0,1,3400,-55,55,-162,11,18,0.50,124608.000000,0,2.1,2.9,0.0,26496.000000,31,0.0,0.0,0.0,1.0
450692,0,1,3400,-55,55,-161,13,17,0.50,86183.265625,0,2.1,0.0,0.0,0.0,0.0,0.0,0.0,0.0,1.0
450941,0,1,3400,-55,55,-163,11,17,0.50,135424.000000,0,2.1,0.0,0.0,0.0,0.0,0.0,0.0,0.0,1.0
451190,0,1,3400,-55,55,-162,13,17,0.50,107314.742188,0,2.1,0.0,186,0.0,0.0,0.0,0.0,0.0,1.0
451439,0,1,3400,-55,55,-163,13,17,0.50,86183.265625,0,2.1,13,0.0,23394.421875,0,0.0,0.0,0.0,1.0
451688,0,1,3400,-55,55,-162,13,17,0.50,171136.000000,0,2.1,14,0.0,0.0,0.0,0.0,0.0,0.0,1.0
451937,0,1,3400,-55,55,-162,13,18,0.50,48478.085938,0,2.1,14,0.0,0.0,0.0,0.0,0.0,0.0,1.0
452186,0,1,3400,-55,55,-159,13,17,0.50,86489.960938,0,2.1,14,186,0.0,0.0,0.0,0.0,0.0,1.0
452435,0,1,3400,-55,55,-158,12,17,0.50,112733.070312,0,2.1,4.8,0.0,23936.255859,36,0.0,0.0,0.0,1.0
452684,0,1,3400,-55,55,-160,10,17,0.50,155776.000000,0,2.1,0.0,0.0,0.0,0.0,0.0,0.0,0.0,1.0
452933,0,1,3400,-55,55,-160,7.1,17,0.50,122422.312500,0,2.1,0.0,0.0,0.0,0.0,0.0,0.0,0.0,1.0
453182,0,1,3400,-55,55,-161,12,18,0.50,132032.000000,0,2.1,0.0,186,0.0,0.0,0.0,0.0,0.0,1.0
453431,0,1,3400,-55,55,-163,7.5,18,0.50,167111.109375,0,2.1,15,0.0,247460.312500,53,0.0,0.0,0.0,1.0
453680,0,1,3400,-55,55,-163,13,18,0.50,113152.000000,0,2.1,16,0.0,0.0,0.0,0.0,0.0,0.0,1.0
453929,0,1,3400,-55,55,-161,13,17,0.50,128446.218750,0,2.1,16,0.0,0.0,0.0,0.0,0.0,0.0,1.0
454178,0,1,3400,-55,55,-159,14,18,0.50,113312.000000,0,2.1,16,186,0.0,0.0,0.0,0.0,0.0,1.0
454427,0,1,3400,-55,55,-161,13,17,0.50,124883.531250,0,2.1,14,0.0,19277.109375,31,0.0,0.0,0.0,1.0
454676,0,1,3400,-55,55,-163,9.3,17,0.50,152414.343750,0,2.1,13,0.0,0.0,0.0,0.0,0.0,0.0,1.0
454925,0,1,3400,-55,55,-165,13,18,0.50,123968.000000,0,2.1,13,0.0,0.0,0.0,0.0,0.0,0.0,1.0
455174,0,1,3400,-55,55,-165,9.3,17,0.50,119394.421875,0,2.1,13,186,0.0,0.0,0.0,0.0,0.0,1.0
455423,0,1,3400,-55,55,-163,11,18,0.50,135680.000000,0,2.1,2.7,0.0,23904.000000,36,0.0,0.0,0.0,1.0
455672,0,1,3400,-55,55,-159,12,17,0.50,129015.875000,0,2.1,0.0,0.0,0.0,0.0,0.0,0.0,0.0,1.0
455921,0,1,3400,-55,55,-160,4.2,18,0.50,93120.000000,0,2.1,0.064,0.0,0.0,0.0,0.0,0.0,0.0,1.0
456170,0,1,3400,-55,55,-164,2.2,17,0.50,97689.242188,0,2.1,0.0,186,0.0,0.0,0.0,0.0,0.0,1.0
456419,0,1,3400,-55,55,-164,13,18,0.50,152032.125000,0,2.1,13,0.0,23582.330078,0,0.0,0.0,0.0,1.0
456668,0,1,3400,-55,55,-159,13,17,0.52,118501.992188,0,2.1,14,0.0,0.0,0.0,0.0,0.0,0.0,1.0
456917,0,1,3400,-55,55,-159,5.7,17,0.50,114080.000000,0,2.1,14,0.0,0.0,0.0,0.0,0.0,0.0,1.0
457166,0,1,3400,-55,55,-162,13,17,0.50,113920.000000,0,2.1,14,186,0.0,0.0,0.0,0.0,0.0,1.0
457415,0,1,3400,-55,55,-168,12,18,0.50,128988.046875,0,2.1,14,0.0,16988.046875,57,0.0,0.0,0.0,1.0
457664,0,1,3400,-55,55,-164,13,18,0.53,108352.000000,0,2.1,14,0.0,0.0,0.0,0.0,0.0,0.0,1.0
457913,0,1,3400,-55,55,-162,8.8,18,0.50,106666.664062,0,2.1,14,0.0,0.0,0.0,0.0,0.0,0.0,1.0
458162,0,1,3400,-55,55,-166,11,17,0.50,114464.000000,0,2.1,14,186,0.0,0.0,0.0,0.0,0.0,1.0
458411,0,1,3400,-55,55,-167,13,17,0.50,140047.812500,0,2.1,14,0.0,23394.421875,0,0.0,0.0,0.0,1.0
458660,0,1,3400,-55,55,-164,13,18,0.50,124883.531250,0,2.1,14,0.0,0.0,0.0,0.0,0.0,0.0,1.0
458909,0,1,3400,-55,55,-162,13,17,0.50,145625.500000,0,2.1,14,0.0,0.0,0.0,0.0,0.0,0.0,1.0
459158,0,1,3400,-55,55,-164,13,17,0.65,144064.000000,4,2.1,14,186,0.0,0.0,0.0,0.0,0.0,1.0
459407,0,1,3400,-55,55,-167,13,18,0.50,113306.773438,0,2.1,15,0.0,0.0,80,0.0,0.0,0.0,1.0
459656,0,1,3400,-55,55,-163,13,18,0.50,160992.000000,0,2.1,15,0.0,0.0,0.0,0.0,0.0,0.0,1.0
459905,0,1,3400,-55,55,-164,13,17,0.50,96127.492188,0,2.1,15,0.0,0.0,0.0,0.0,0.0,0.0,1.0
460154,0,1,3400,-55,55,-165,13,18,0.50,134247.015625,0,2.1,15,186,0.0,0.0,0.0,0.0,0.0,1.0
460403,0,1,3400,-55,55,-165,12,17,0.50,115616.000000,0,2.1,14,0.0,114816.000000,0,0.0,0.0,0.0,1.0
460652,0,1,3400,-55,55,-164,13,18,0.50,113115.539062,0,2.1,14,0.0,0.0,0.0,0.0,0.0,0.0,1.0
460901,0,1,3400,-55,55,-161,13,17,0.50,81028.109375,0,2.1,14,0.0,0.0,0.0,0.0,0.0,0.0,1.0
461150,0,1,3400,-55,55,-161,12,18,0.50,80446.218750,0,2.1,14,186,0.0,0.0,0.0,0.0,0.0,1.0
461399,0,1,3400,-55,55,-164,13,17,0.50,86208.000000,0,2.1,14,0.0,17056.000000,33,0.0,0.0,0.0,1.0
461648,0,1,3400,-55,55,-162,11,17,0.50,162103.578125,0,2.1,14,0.0,0.0,0.0,0.0,0.0,0.0,1.0
461897,0,1,3400,-55,55,-162,6.1,18,0.50,146304.000000,0,2.1,14,0.0,0.0,0.0,0.0,0.0,0.0,1.0
462146,0,1,3400,-55,55,-159,9.9,17,0.50,136317.453125,0,2.1,14,186,0.0,0.0,0.0,0.0,0.0,1.0
462395,0,1,3400,-55,55,-160,13,17,0.50,91936.000000,0,2.1,4.9,0.0,24032.000000,36,0.0,0.0,0.0,1.0
462644,0,1,3400,-55,55,-158,7.8,17,0.50,193211.156250,0,2.1,0.0,0.0,0.0,0.0,0.0,0.0,0.0,1.0
462893,0,1,3400,-55,55,-159,13,17,0.50,103421.687500,0,2.1,0.0,0.0,0.0,0.0,0.0,0.0,0.0,1.0
463142,0,1,3400,-55,55,-162,13,18,0.50,134880.000000,0,2.1,0.0,186,0.0,0.0,0.0,0.0,0.0,1.0
463391,0,1,3400,-55,55,-163,7.6,17,0.50,139665.343750,0,2.1,12,0.0,353083.656250,58,0.0,0.0,0.0,1.0
463640,0,1,3400,-55,55,-158,9.3,17,0.50,54432.000000,0,2.1,16,0.0,0.0,0.0,0.0,0.0,0.0,1.0
463889,0,1,3400,-55,55,-165,7.8,18,0.50,144573.703125,0,2.1,16,0.0,0.0,0.0,0.0,0.0,0.0,1.0
464138,0,1,3400,-55,55,-164,9.5,18,0.50,156000.000000,0,2.1,16,186,0.0,0.0,0.0,0.0,0.0,1.0
464387,0,1,3400,-55,55,-163,13,18,0.61,119142.859375,5,2.1,1.5,0.0,12412.698242,36,0.0,0.0,0.0,1.0
464636,0,1,3400,-55,55,-163,13,17,0.50,140704.000000,0,2.1,0.0,0.0,0.0,0.0,0.0,0.0,0.0,1.0
464885,0,1,3400,-55,55,-164,13,17,0.50,80960.000000,0,2.1,0.0,0.0,0.0,0.0,0.0,0.0,0.0,1.0
465134,0,1,3400,-55,55,-163,7.7,18,0.50,102880.000000,0,2.1,0.0,186,0.0,0.0,0.0,0.0,0.0,1.0
465383,0,1,3400,-55,55,-163,12,17,0.50,96956.171875,0,2.1,3.9,0.0,13227.091797,59,0.0,0.0,0.0,1.0
465632,0,1,3400,-55,55,-163,13,17,0.58,156000.000000,4,2.1,0.0,0.0,0.0,0.0,0.0,0.0,0.0,1.0
465881,0,1,3400,-55,55,-159,13,17,0.50,152128.000000,0,2.1,0.0,0.0,0.0,0.0,0.0,0.0,0.0,1.0
466130,0,1,3400,-55,55,-161,13,17,0.50,156398.406250,0,2.1,0.0,186,0.0,0.0,0.0,0.0,0.0,1.0
466379,0,1,3400,-55,55,-162,12,17,0.52,122048.000000,0,2.1,19,0.0,6720.000000,50,0.0,0.0,0.0,1.0
466628,0,1,3400,-55,55,-165,13,18,0.50,117809.523438,0,2.1,21,0.0,0.0,0.0,0.0,0.0,0.0,1.0
466877,0,1,3400,-55,55,-165,8.5,18,0.50,80096.000000,0,2.1,21,0.0,0.0,0.0,0.0,0.0,0.0,1.0
467126,0,1,3400,-55,55,-165,13,18,0.50,137056.000000,0,2.1,21,186,0.0,0.0,0.0,0.0,0.0,1.0
467375,0,1,3400,-55,55,-165,13,18,0.50,102752.000000,0,2.1,20,0.0,7072.000000,50,0.0,0.0,0.0,1.0
467624,0,1,3400,-55,55,-161,13,17,0.50,113115.539062,0,2.1,22,0.0,0.0,0.0,0.0,0.0,0.0,1.0
467873,0,1,3400,-55,55,-157,9.6,18,0.50,107936.000000,0,2.1,22,0.0,0.0,0.0,0.0,0.0,0.0,1.0
468122,0,1,3400,-55,55,-158,13,17,0.50,128031.875000,0,2.1,22,186,0.0,0.0,0.0,0.0,0.0,1.0
468371,0,1,3400,-55,55,-163,13,17,0.64,91520.000000,6,2.1,12,0.0,23488.000000,0,0.0,0.0,0.0,1.0
468620,0,1,3400,-55,55,-166,13,17,0.50,146624.000000,0,2.1,11,0.0,0.0,0.0,0.0,0.0,0.0,1.0
468869,0,1,3400,-55,55,-166,10,17,0.50,105587.304688,0,2.1,11,0.0,0.0,0.0,0.0,0.0,0.0,1.0
469118,0,1,3400,-55,55,-162,13,18,0.50,118976.000000,0,2.1,11,186,0.0,0.0,0.0,0.0,0.0,1.0
469367,0,1,3400,-55,55,-163,13,17,0.55,129792.000000,0,2.1,13,0.0,23488.000000,20,0.0,0.0,0.0,1.0
469616,0,1,3400,-55,55,-162,11,18,1.2,92960.000000,6,2.1,14,0.0,0.0,0.0,0.0,0.0,0.0,1.0
469865,0,1,3400,-55,55,-164,8.1,18,0.50,112095.617188,0,2.1,14,0.0,0.0,0.0,0.0,0.0,0.0,1.0
470114,0,1,3400,-55,55,-162,12,17,0.50,71840.000000,0,2.1,14,186,0.0,0.0,0.0,0.0,0.0,1.0
470363,0,1,3400,-55,55,-163,9.3,18,0.50,181131.468750,0,2.1,14,0.0,23394.421875,0,0.0,0.0,0.0,1.0
470612,0,1,3400,-55,55,-164,13,17,0.63,118656.000000,5,2.1,14,0.0,0.0,0.0,0.0,0.0,0.0,1.0
470861,0,1,3400,-55,55,-166,13,18,0.50,127523.812500,0,2.1,14,0.0,0.0,0.0,0.0,0.0,0.0,1.0
471110,0,1,3400,-55,55,-162,13,17,0.50,102336.000000,0,2.1,14,186,0.0,0.0,0.0,0.0,0.0,1.0
471359,0,1,3400,-55,55,-160,13,16,0.78,129376.000000,12,2.1,14,0.0,23488.000000,0,0.0,0.0,0.0,1.0
471608,0,1,3400,-55,55,-161,13,17,0.50,92032.000000,0,2.1,14,0.0,0.0,0.0,0.0,0.0,0.0,1.0
471857,0,1,3400,-55,55,-163,11,18,0.50,160416.000000,0,2.1,14,0.0,0.0,0.0,0.0,0.0,0.0,1.0
472106,0,1,3400,-55,55,-164,13,18,0.50,154677.296875,0,2.1,14,186,0.0,0.0,0.0,0.0,0.0,1.0
472355,0,1,3400,-55,55,-164,13,17,0.50,134976.000000,0,2.1,14,0.0,23488.000000,0,0.0,0.0,0.0,1.0
472604,0,1,3400,-55,55,-160,4.7,18,0.50,126693.226562,0,2.1,14,0.0,0.0,0.0,0.0,0.0,0.0,1.0
472853,0,1,3400,-55,55,-160,14,17,0.50,108096.000000,0,2.1,14,0.0,0.0,0.0,0.0,0.0,0.0,1.0
473102,0,1,3400,-55,55,-162,13,17,0.50,134222.218750,0,2.1,14,186,0.0,0.0,0.0,0.0,0.0,1.0
473351,0,1,3400,-55,55,-160,11,18,0.50,113888.000000,0,2.1,14,0.0,23488.000000,0,0.0,0.0,0.0,1.0
473600,0,1,3400,-55,55,-163,8.5,18,0.50,145600.000000,0,2.1,14,0.0,0.0,0.0,0.0,0.0,0.0,1.0
473849,0,1,3400,-55,55,-163,13,17,0.50,139776.000000,0,2.1,14,0.0,0.0,0.0,0.0,0.0,0.0,1.0
474098,0,1,3400,-55,55,-161,13,17,0.50,123888.445312,0,2.1,14,186,0.0,0.0,0.0,0.0,0.0,1.0
474347,0,1,3400,-55,55,-162,12,18,0.50,137216.000000,0,2.1,4.8,0.0,24032.000000,36,0.0,0.0,0.0,1.0
474596,0,1,3400,-55,55,-162,6.2,17,0.50,137536.000000,0,2.1,0.0,0.0,0.0,0.0,0.0,0.0,0.0,1.0
474845,0,1,3400,-55,55,-163,10,18,0.54,134151.390625,0,2.1,0.0,0.0,0.0,0.0,0.0,0.0,0.0,1.0
475094,0,1,3400,-55,55,-165,14,18,0.50,75712.000000,0,2.1,0.0,186,0.0,0.0,0.0,0.0,0.0,1.0
475343,0,1,3400,-55,55,-164,13,18,0.50,112666.664062,0,2.1,0.0,0.0,7936.507812,0,0.0,0.0,0.0,1.0
475592,0,1,3400,-55,55,-162,13,18,0.51,168674.703125,0,2.1,0.0,0.0,0.0,0.0,0.0,0.0,0.0,1.0
475841,0,1,3400,-55,55,-160,11,17,0.50,106964.140625,0,2.1,0.0,0.0,0.0,0.0,0.0,0.0,0.0,1.0
476090,0,1,3400,-55,55,-160,11,17,0.50,135520.000000,0,2.1,0.0,186,0.0,0.0,0.0,0.0,0.0,1.0
476339,0,1,3400,-55,55,-161,13,17,0.50,123474.101562,0,2.1,11,0.0,6501.992188,50,0.0,0.0,0.0,1.0
476588,0,1,3400,-55,55,-161,13,17,0.50,123136.000000,0,2.1,12,0.0,0.0,0.0,0.0,0.0,0.0,1.0
476837,0,1,3400,-55,55,-162,13,17,0.52,118693.226562,0,2.1,12,0.0,0.0,0.0,0.0,0.0,0.0,1.0
477086,0,1,3400,-55,55,-164,13,17,0.52,108160.000000,0,2.1,12,186,0.0,0.0,0.0,0.0,0.0,1.0
477335,0,1,3400,-55,55,-163,13,18,0.50,135296.000000,0,2.1,2.3,0.0,8160.000000,0,0.0,0.0,0.0,1.0
477584,0,1,3400,-55,55,-162,11,18,0.51,112924.304688,0,2.1,0.0,0.0,0.0,0.0,0.0,0.0,0.0,1.0
477833,0,1,3400,-55,55,-163,13,18,0.50,91520.000000,0,2.1,0.0,0.0,0.0,0.0,0.0,0.0,0.0,1.0
478082,0,1,3400,-55,55,-165,13,17,0.85,134247.015625,4,2.1,0.0,0.0,0.0,0.0,0.0,0.0,0.0,1.0
478331,0,1,3400,-55,55,-163,10,17,0.50,70176.000000,0,2.1,2.1,0.0,24032.000000,36,0.0,0.0,0.0,1.0
478580,0,1,3400,-55,55,-162,13,17,1.1,107824.703125,5,2.1,0.0,0.0,0.0,0.0,0.0,0.0,0.0,1.0
478829,0,1,3400,-55,55,-164,13,17,0.50,124192.000000,0,2.1,0.0,0.0,0.0,0.0,0.0,0.0,0.0,1.0
479078,0,1,3400,-55,55,-164,16,17,0.56,126597.609375,5,2.1,0.0,186,0.0,0.0,0.0,0.0,0.0,1.0
479327,0,1,3400,-55,55,-159,14,18,0.57,96864.000000,6,2.1,6.1,0.0,11040.000000,11,0.0,0.0,0.0,1.0
479576,0,1,3400,-55,55,-160,13,18,1.2,96127.492188,0,2.1,7.0,0.0,0.0,0.0,0.0,0.0,0.0,1.0
479825,0,1,3400,-55,55,-163,13,17,0.50,102336.000000,0,2.1,7.0,0.0,0.0,0.0,0.0,0.0,0.0,1.0
480074,0,1,3400,-55,55,-169,13,17,0.50,140960.000000,0,2.1,7.0,186,0.0,0.0,0.0,0.0,0.0,1.0
480323,0,1,3400,-55,55,-165,13,17,0.50,118597.609375,0,2.1,2.5,0.0,23936.255859,36,0.0,0.0,0.0,1.0
480572,0,1,3400,-55,55,-166,12,17,0.50,109280.000000,0,2.1,0.0,0.0,0.0,0.0,0.0,0.0,0.0,1.0
480821,0,1,3400,-55,55,-166,13,17,0.50,140143.421875,0,2.1,0.0,0.0,0.0,0.0,0.0,0.0,0.0,1.0
481070,0,1,3400,-55,55,-159,13,17,0.50,118656.000000,0,2.1,0.0,186,0.0,0.0,0.0,0.0,0.0,1.0
481319,0,1,3400,-55,55,-162,12,17,0.51,126533.867188,0,2.1,1.7,0.0,19888.445312,40,0.0,0.0,0.0,1.0
481568,0,1,3400,-55,55,-166,8.7,18,0.54,136544.000000,0,2.1,0.0,0.0,0.0,0.0,0.0,0.0,0.0,1.0
481817,0,1,3400,-55,55,-164,13,17,0.50,106476.187500,0,2.1,0.0,0.0,0.0,0.0,0.0,0.0,0.0,1.0
482066,0,1,3400,-55,55,-163,11,18,0.50,156144.578125,0,2.1,0.0,186,0.0,0.0,0.0,0.0,0.0,1.0
482315,0,1,3400,-55,55,-166,8.5,17,0.50,86852.585938,0,2.1,12,0.0,223745.015625,63,0.0,0.0,0.0,1.0
482564,0,1,3400,-55,55,-165,13,18,0.50,179360.000000,0,2.1,16,0.0,0.0,0.0,0.0,0.0,0.0,1.0
482813,0,1,3400,-55,55,-164,11,18,0.50,159553.781250,0,2.1,16,0.0,0.0,0.0,0.0,0.0,0.0,1.0
483062,0,1,3400,-55,55,-162,9.8,17,0.50,102688.000000,0,2.1,16,186,0.0,0.0,0.0,0.0,0.0,1.0
483311,0,1,3400,-55,55,-165,13,18,0.50,144956.171875,0,2.1,1.0,0.0,17083.666016,38,0.0,0.0,0.0,1.0
483560,0,1,3400,-55,55,-165,13,18,0.82,91936.000000,6,2.1,0.0,0.0,0.0,0.0,0.0,0.0,0.0,1.0
483809,0,1,3400,-55,55,-163,13,18,0.50,108256.000000,0,2.1,0.0,0.0,0.0,0.0,0.0,0.0,0.0,1.0
484058,0,1,3400,-55,55,-161,13,18,0.50,133832.671875,0,2.1,0.0,186,0.0,0.0,0.0,0.0,0.0,1.0
484307,0,1,3400,-55,55,-159,9.9,17,0.50,64128.000000,0,2.1,1.2,0.0,21472.000000,36,0.0,0.0,0.0,1.0
484556,0,1,3400,-55,55,-160,12,18,0.50,102310.757812,0,2.1,0.0,0.0,0.0,0.0,0.0,0.0,0.0,1.0
484805,0,1,3400,-55,55,-161,13,18,0.50,139776.000000,0,2.1,0.0,0.0,0.0,0.0,0.0,0.0,0.0,1.0
485054,0,1,3400,-55,55,-162,11,17,0.50,92717.132812,0,2.1,0.0,186,0.0,0.0,0.0,0.0,0.0,1.0
485303,0,1,3400,-55,55,-164,11,17,0.50,134912.000000,0,2.1,15,0.0,74528.000000,63,0.0,0.0,0.0,1.0
485552,0,1,3400,-55,55,-169,9.0,17,0.50,124398.406250,0,2.1,16,0.0,0.0,0.0,0.0,0.0,0.0,1.0
485801,0,1,3400,-55,55,-165,11,18,0.50,158912.000000,0,2.1,16,0.0,0.0,0.0,0.0,0.0,0.0,1.0
486050,0,1,3400,-55,55,-165,12,17,0.50,134438.250000,0,2.1,16,186,0.0,0.0,0.0,0.0,0.0,1.0
486299,0,1,3400,-55,55,-164,7.3,17,0.50,147410.359375,0,2.1,14,0.0,90326.695312,36,0.0,0.0,0.0,1.0
486548,0,1,3400,-55,55,-161,13,17,0.50,168514.062500,0,2.1,14,0.0,0.0,0.0,0.0,0.0,0.0,1.0
486797,0,1,3400,-55,55,-163,13,17,0.50,113115.539062,0,2.1,14,0.0,0.0,0.0,0.0,0.0,0.0,1.0
487046,0,1,3400,-55,55,-163,13,17,0.50,107744.000000,0,2.1,14,186,0.0,0.0,0.0,0.0,0.0,1.0
487295,0,1,3400,-55,55,-163,2.3,17,0.50,130836.656250,0,2.1,14,0.0,23394.421875,0,0.0,0.0,0.0,1.0
487544,0,1,3400,-55,55,-162,9.1,17,0.51,141024.000000,4,2.1,14,0.0,0.0,0.0,0.0,0.0,0.0,1.0
487793,0,1,3400,-55,55,-161,11,17,0.50,88223.109375,0,2.1,14,0.0,0.0,0.0,0.0,0.0,0.0,1.0
488042,0,1,3400,-55,55,-161,13,18,0.50,92032.000000,0,2.1,14,186,0.0,0.0,0.0,0.0,0.0,1.0
488291,0,1,3400,-55,55,-164,13,18,0.54,96127.492188,6,2.1,4.8,0.0,23936.255859,36,0.0,0.0,0.0,1.0
488540,0,1,3400,-55,55,-163,13,17,0.50,113568.000000,0,2.1,0.0,0.0,0.0,0.0,0.0,0.0,0.0,1.0
488789,0,1,3400,-55,55,-164,10,17,0.61,102565.734375,5,2.1,0.0,0.0,0.0,0.0,0.0,0.0,0.0,1.0
489038,0,1,3400,-55,55,-162,9.5,18,0.50,127968.000000,0,2.1,0.0,186,0.0,0.0,0.0,0.0,0.0,1.0
489287,0,1,3400,-55,55,-163,13,18,0.50,75410.359375,0,2.1,0.0,0.0,16318.725586,11,0.0,0.0,0.0,1.0
489536,0,1,3400,-55,55,-164,13,18,0.50,134368.000000,0,2.1,0.0,0.0,0.0,0.0,0.0,0.0,0.0,1.0
489785,0,1,3400,-55,55,-164,12,17,0.50,116224.000000,0,2.1,0.0,0.0,0.0,0.0,0.0,0.0,0.0,1.0
490034,0,1,3400,-55,55,-161,13,17,0.50,134247.015625,0,2.1,0.0,186,0.0,0.0,0.0,0.0,0.0,1.0
490283,0,1,3400,-55,55,-162,9.1,18,0.50,109888.000000,0,2.1,12,0.0,226624.000000,52,0.0,0.0,0.0,1.0
490532,0,1,3400,-55,55,-162,11,18,0.64,133227.093750,4,2.1,16,0.0,0.0,0.0,0.0,0.0,0.0,1.0
490781,0,1,3400,-55,55,-162,13,17,0.50,140192.000000,0,2.1,16,0.0,0.0,0.0,0.0,0.0,0.0,1.0
491030,0,1,3400,-55,55,-162,13,17,0.50,140143.421875,0,2.1,16,186,0.0,0.0,0.0,0.0,0.0,1.0
491279,0,1,3400,-55,55,-162,8.6,17,0.50,100896.000000,0,2.1,3.3,0.0,8160.000000,0,0.0,0.0,0.0,1.0
491528,0,1,3400,-55,55,-161,11,17,0.50,145784.859375,0,2.1,0.0,0.0,0.0,0.0,0.0,0.0,0.0,1.0
491777,0,1,3400,-55,55,-161,13,18,0.50,146624.000000,0,2.1,0.0,0.0,0.0,0.0,0.0,0.0,0.0,1.0
492026,0,1,3400,-55,55,-160,13,18,0.69,107744.000000,5,2.1,0.0,186,0.0,0.0,0.0,0.0,0.0,1.0
492275,0,1,3400,-55,55,-159,13,18,0.50,123888.445312,0,2.1,0.0,0.0,16318.725586,11,0.0,0.0,0.0,1.0
492524,0,1,3400,-55,55,-163,13,18,0.50,145600.000000,0,2.1,0.0,0.0,0.0,0.0,0.0,0.0,0.0,1.0
492773,0,1,3400,-55,55,-164,13,17,0.50,129274.898438,0,2.1,0.0,0.0,0.0,0.0,0.0,0.0,0.0,1.0
493022,0,1,3400,-55,55,-164,12,18,0.53,121312.000000,4,2.1,0.0,186,0.0,0.0,0.0,0.0,0.0,1.0
493271,0,1,3400,-55,55,-165,9.3,18,0.50,96988.046875,0,2.1,15,0.0,248446.218750,53,0.0,0.0,0.0,1.0
493520,0,1,3400,-55,55,-164,9.1,17,0.50,115488.000000,0,2.1,16,0.0,0.0,0.0,0.0,0.0,0.0,1.0
493769,0,1,3400,-55,55,-162,12,17,0.50,118023.906250,0,2.1,16,0.0,0.0,0.0,0.0,0.0,0.0,1.0
494018,0,1,3400,-55,55,-160,13,17,0.50,91520.000000,0,2.1,16,186,0.0,0.0,0.0,0.0,0.0,1.0
494267,0,1,3400,-55,55,-161,13,17,0.51,102342.632812,0,2.1,1.5,0.0,12462.151367,36,0.0,0.0,0.0,1.0
494516,0,1,3400,-55,55,-162,13,17,0.50,75712.000000,0,2.1,0.0,0.0,0.0,0.0,0.0,0.0,0.0,1.0
494765,0,1,3400,-55,55,-161,13,17,0.50,118976.000000,0,2.1,0.0,0.0,0.0,0.0,0.0,0.0,0.0,1.0
495014,0,1,3400,-55,55,-161,13,17,0.60,91760.953125,6,2.1,0.0,186,0.0,0.0,0.0,0.0,0.0,1.0
495263,0,1,3400,-55,55,-160,13,17,0.50,134368.000000,0,2.1,2.1,0.0,24032.000000,36,0.0,0.0,0.0,1.0
495512,0,1,3400,-55,55,-160,13,18,0.50,96956.171875,0,2.1,0.0,0.0,0.0,0.0,0.0,0.0,0.0,1.0
495761,0,1,3400,-55,55,-158,13,18,0.50,108768.000000,0,2.1,0.0,0.0,0.0,0.0,0.0,0.0,0.0,1.0
496010,0,1,3400,-55,55,-162,12,17,0.79,102151.390625,6,2.1,0.0,186,0.0,0.0,0.0,0.0,0.0,1.0
496259,0,1,3400,-55,55,-162,11,17,0.50,135744.000000,0,2.1,0.50,0.0,42272.000000,10,0.0,0.0,0.0,1.0
496508,0,1,3400,-55,55,-160,13,18,0.50,150916.328125,0,2.1,0.0,0.0,0.0,0.0,0.0,0.0,0.0,1.0
496757,0,1,3400,-55,55,-162,13,18,0.51,81600.000000,0,2.1,0.0,0.0,0.0,0.0,0.0,0.0,0.0,1.0
497006,0,1,3400,-55,55,-162,10,17,1.0,96892.429688,0,2.1,0.0,186,0.0,0.0,0.0,0.0,0.0,1.0
497255,0,1,3400,-55,55,-163,11,18,0.50,107904.000000,0,2.1,6.1,0.0,0.0,80,0.0,0.0,0.0,1.0
497504,0,1,3400,-55,55,-162,9.4,17,0.50,141088.000000,0,2.1,7.5,0.0,0.0,0.0,0.0,0.0,0.0,1.0
497753,0,1,3400,-55,55,-162,13,17,0.50,86278.882812,0,2.1,7.5,0.0,0.0,0.0,0.0,0.0,0.0,1.0
498002,0,1,3400,-55,55,-161,13,18,0.56,118592.000000,4,2.1,7.5,186,0.0,0.0,0.0,0.0,0.0,1.0
498251,0,1,3400,-55,55,-161,11,18,0.50,119043.828125,0,2.1,14,0.0,258964.140625,57,0.0,0.0,0.0,1.0
498500,0,1,3400,-55,55,-161,13,17,0.50,151008.000000,0,2.1,16,0.0,0.0,0.0,0.0,0.0,0.0,1.0
498749,0,1,3400,-55,55,-162,13,17,0.64,134661.359375,4,2.1,16,0.0,0.0,0.0,0.0,0.0,0.0,1.0
498998,0,1,3400,-55,55,-163,7.6,17,0.50,107456.000000,0,2.1,16,186,0.0,0.0,0.0,0.0,0.0,1.0
499247,0,1,3400,-55,55,-161,13,18,0.50,102342.632812,0,2.1,12,0.0,6501.992188,50,0.0,0.0,0.0,1.0
499496,0,1,3400,-55,55,-162,13,18,0.81,145184.000000,4,2.1,12,0.0,0.0,0.0,0.0,0.0,0.0,1.0
499745,0,1,3400,-55,55,-163,12,17,0.50,136701.187500,0,2.1,12,0.0,0.0,0.0,0.0,0.0,0.0,1.0
499994,0,1,3400,-55,55,-163,13,17,0.50,118560.000000,0,2.1,12,186,0.0,0.0,0.0,0.0,0.0,1.0
500243,0,1,3400,-55,55,-160,13,17,0.50,129888.000000,0,2.1,15,0.0,347040.000000,56,0.0,0.0,0.0,1.0
500492,0,1,3400,-55,55,-161,13,18,0.50,97051.789062,0,2.1,16,0.0,0.0,0.0,0.0,0.0,0.0,1.0
500741,0,1,3400,-55,55,-164,4.2,17,0.57,136896.000000,2,2.1,16,0.0,0.0,0.0,0.0,0.0,0.0,1.0
500990,0,1,3400,-55,55,-160,9.5,18,0.50,168637.453125,0,2.1,16,186,0.0,0.0,0.0,0.0,0.0,1.0
501239,0,1,3400,-55,55,-163,13,18,0.50,102080.000000,0,2.1,6.1,0.0,16512.000000,31,0.0,0.0,0.0,1.0
501488,0,1,3400,-55,55,-161,10,17,0.50,64956.175781,0,2.1,6.0,0.0,0.0,0.0,0.0,0.0,0.0,1.0
501737,0,1,3400,-55,55,-167,13,18,0.50,113408.000000,0,2.1,6.0,0.0,0.0,0.0,0.0,0.0,0.0,1.0
501986,0,1,3400,-55,55,-164,13,17,0.67,172557.765625,9,2.1,6.0,186,0.0,0.0,0.0,0.0,0.0,1.0
502235,0,1,3400,-55,55,-161,12,17,0.50,126944.000000,0,2.1,1.4,0.0,15584.000000,0,0.0,0.0,0.0,1.0
502484,0,1,3400,-55,55,-162,13,17,0.50,123952.187500,0,2.1,0.0,0.0,0.0,0.0,0.0,0.0,0.0,1.0
502733,0,1,3400,-55,55,-160,12,18,0.50,145696.000000,0,2.1,0.0,0.0,0.0,0.0,0.0,0.0,0.0,1.0
502982,0,1,3400,-55,55,-160,13,18,0.50,98336.000000,0,2.1,0.0,186,0.0,0.0,0.0,0.0,0.0,1.0
503231,0,1,3400,-55,55,-158,9.4,17,0.50,119808.765625,0,2.1,0.82,0.0,10422.310547,36,0.0,0.0,0.0,1.0
503480,0,1,3400,-55,55,-159,13,18,0.50,160992.000000,0,2.1,0.0,0.0,0.0,0.0,0.0,0.0,0.0,1.0
503729,0,1,3400,-55,55,-164,9.0,17,0.57,123920.320312,0,2.1,0.0,0.0,0.0,0.0,0.0,0.0,0.0,1.0
503978,0,1,3400,-55,55,-164,13,18,0.50,108256.000000,0,2.1,0.0,186,0.0,0.0,0.0,0.0,0.0,1.0
504227,0,1,3400,-55,55,-162,13,18,0.75,139984.062500,4,2.1,13,0.0,12207.170898,0,0.0,0.0,0.0,1.0
504476,0,1,3400,-55,55,-164,13,17,0.50,81120.000000,0,2.1,14,0.0,0.0,0.0,0.0,0.0,0.0,1.0
504725,0,1,3400,-55,55,-162,13,18,0.50,118533.867188,0,2.1,14,0.0,0.0,0.0,0.0,0.0,0.0,1.0
504974,0,1,3400,-55,55,-160,12,17,0.50,148768.000000,0,2.1,14,186,0.0,0.0,0.0,0.0,0.0,1.0
505223,0,1,3400,-55,55,-161,13,17,0.50,113115.539062,0,2.1,14,0.0,23394.421875,0,0.0,0.0,0.0,1.0
505472,0,1,3400,-55,55,-163,7.5,17,0.50,143584.000000,0,2.1,14,0.0,0.0,0.0,0.0,0.0,0.0,1.0
505721,0,1,3400,-55,55,-163,10,18,0.65,133832.671875,4,2.1,14,0.0,0.0,0.0,0.0,0.0,0.0,1.0
505970,0,1,3400,-55,55,-164,16,17,0.89,117120.000000,9,2.1,14,186,0.0,0.0,0.0,0.0,0.0,1.0
506219,0,1,3400,-55,55,-161,13,17,0.50,91936.000000,0,2.1,2.6,0.0,24032.000000,36,0.0,0.0,0.0,1.0
506468,0,1,3400,-55,55,-164,13,17,0.50,144191.234375,0,2.1,0.0,0.0,0.0,0.0,0.0,0.0,0.0,1.0
506717,0,1,3400,-55,55,-161,10,17,0.50,157920.000000,0,2.1,0.0,0.0,0.0,0.0,0.0,0.0,0.0,1.0
506966,0,1,3400,-55,55,-163,12,17,0.50,93609.562500,0,2.1,0.0,186,0.0,0.0,0.0,0.0,0.0,1.0
507215,0,1,3400,-55,55,-167,12,18,0.50,119072.000000,0,2.1,13,0.0,12256.000000,0,0.0,0.0,0.0,1.0
507464,0,1,3400,-55,55,-165,12,18,0.50,75314.742188,0,2.1,14,0.0,0.0,0.0,0.0,0.0,0.0,1.0
507713,0,1,3400,-55,55,-164,4.4,18,0.50,171872.000000,0,2.1,14,0.0,0.0,0.0,0.0,0.0,0.0,1.0
507962,0,1,3400,-55,55,-163,9.4,17,0.52,157227.093750,0,2.1,14,186,0.0,0.0,0.0,0.0,0.0,1.0
508211,0,1,3400,-55,55,-162,13,17,0.50,157120.000000,0,2.1,2.7,0.0,24032.000000,36,0.0,0.0,0.0,1.0
508460,0,1,3400,-55,55,-161,11,17,0.50,89243.031250,0,2.1,0.0,0.0,0.0,0.0,0.0,0.0,0.0,1.0
508709,0,1,3400,-55,55,-165,13,17,0.50,97952.000000,0,2.1,0.0,0.0,0.0,0.0,0.0,0.0,0.0,1.0
508958,0,1,3400,-55,55,-162,12,17,0.50,152928.000000,0,2.1,0.0,186,0.0,0.0,0.0,0.0,0.0,1.0
509207,0,1,3400,-55,55,-160,15,17,0.62,132557.765625,0,2.1,6.1,0.0,19888.445312,44,0.0,0.0,0.0,1.0
509456,0,1,3400,-55,55,-163,13,17,0.50,73952.000000,0,2.1,6.5,0.0,0.0,0.0,0.0,0.0,0.0,1.0
509705,0,1,3400,-55,55,-163,9.0,17,0.53,108749.007812,0,2.1,6.5,0.0,0.0,0.0,0.0,0.0,0.0,1.0
509954,0,1,3400,-55,55,-164,13,18,0.50,167840.000000,0,2.1,6.5,186,0.0,0.0,0.0,0.0,0.0,1.0
510203,0,1,3400,-55,55,-162,13,17,0.50,128446.218750,0,2.1,1.2,0.0,16701.195312,36,0.0,0.0,0.0,1.0
510452,0,1,3400,-55,55,-162,10,17,0.50,112768.000000,0,2.1,0.0,0.0,0.0,0.0,0.0,0.0,0.0,1.0
510701,0,1,3400,-55,55,-161,9.9,17,0.50,108398.406250,0,2.1,0.0,0.0,0.0,0.0,0.0,0.0,0.0,1.0
510950,0,1,3400,-55,55,-165,8.6,16,0.50,97408.000000,0,2.1,0.0,186,0.0,0.0,0.0,0.0,0.0,1.0
511199,0,1,3400,-55,55,-166,13,17,0.50,102948.210938,0,2.1,12,0.0,15521.912109,0,0.0,0.0,0.0,1.0
511448,0,1,3400,-55,55,-164,13,17,0.50,140192.000000,0,2.1,12,0.0,0.0,0.0,0.0,0.0,0.0,1.0
511697,0,1,3400,-55,55,-163,12,18,0.50,109152.000000,0,2.1,12,0.0,0.0,0.0,0.0,0.0,0.0,1.0
511946,0,1,3400,-55,55,-162,10,17,0.50,152956.171875,0,2.1,12,186,0.0,0.0,0.0,0.0,0.0,1.0
512195,0,1,3400,-55,55,-161,13,18,0.50,103264.000000,0,2.1,14,0.0,0.0,80,0.0,0.0,0.0,1.0
512444,0,1,3400,-55,55,-158,13,18,0.50,123888.445312,0,2.1,14,0.0,0.0,0.0,0.0,0.0,0.0,1.0
512693,0,1,3400,-55,55,-159,13,18,0.50,124416.000000,0,2.1,14,0.0,0.0,0.0,0.0,0.0,0.0,1.0
512942,0,1,3400,-55,55,-161,7.6,18,0.56,122167.328125,5,2.1,14,186,0.0,0.0,0.0,0.0,0.0,1.0
513191,0,1,3400,-55,55,-164,6.7,18,0.50,108352.000000,0,2.1,15,0.0,148736.000000,65,0.0,0.0,0.0,1.0
513440,0,1,3400,-55,55,-166,12,17,0.50,135681.281250,0,2.1,16,0.0,0.0,0.0,0.0,0.0,0.0,1.0
513689,0,1,3400,-55,55,-166,8.5,17,0.57,124832.000000,3,2.1,16,0.0,0.0,0.0,0.0,0.0,0.0,1.0
513938,0,1,3400,-55,55,-163,13,17,0.51,133832.671875,0,2.1,8.5,186,5513.944336,0,0.0,0.0,0.0,1.0
514187,0,1,3400,-55,55,-161,13,17,0.50,140704.000000,0,2.1,13,0.0,23488.000000,20,0.0,0.0,0.0,1.0
514436,0,1,3400,-55,55,-163,11,17,0.50,110656.000000,0,2.1,14,0.0,0.0,0.0,0.0,0.0,0.0,1.0
514685,0,1,3400,-55,55,-161,10,17,0.67,135011.953125,3,2.1,14,0.0,0.0,0.0,0.0,0.0,0.0,1.0
514934,0,1,3400,-55,55,-162,13,18,0.50,107744.000000,0,2.1,14,186,0.0,0.0,0.0,0.0,0.0,1.0
515183,0,1,3400,-55,55,-161,13,17,0.61,132589.640625,5,2.1,14,0.0,23394.421875,0,0.0,0.0,0.0,1.0
515432,0,1,3400,-55,55,-161,13,18,0.50,151008.000000,0,2.1,14,0.0,0.0,0.0,0.0,0.0,0.0,1.0
515681,0,1,3400,-55,55,-161,15,17,0.50,122454.179688,0,2.1,14,0.0,0.0,0.0,0.0,0.0,0.0,1.0
515930,0,1,3400,-55,55,-161,13,18,0.50,97280.000000,0,2.1,14,186,0.0,0.0,0.0,0.0,0.0,1.0
516179,0,1,3400,-55,55,-163,9.1,17,0.51,74964.140625,0,2.1,14,0.0,0.0,80,0.0,0.0,0.0,1.0
516428,0,1,3400,-55,55,-161,13,18,0.50,64896.000000,0,2.1,14,0.0,0.0,0.0,0.0,0.0,0.0,1.0
516677,0,1,3400,-55,55,-159,13,18,0.50,0.0,0.0,2.1,14,0.0,0.0,0.0,0.0,0.0,0.0,1.0
516926,0,1,3400,-55,55,-160,13,18,0.50,0.0,0.0,2.1,14,0.0,0.0,0.0,0.0,0.0,0.0,1.0
517175,0,1,3400,-55,55,-162,13,18,0.50,0.0,0.0,2.1,14,0.0,0.0,0.0,0.0,0.0,0.0,1.0
517424,0,1,3400,-55,55,-162,13,18,0.50,0.0,0.0,2.1,14,0.0,0.0,0.0,0.0,0.0,0.0,1.0
517673,0,1,3400,-55,55,-164,13,18,0.50,0.0,0.0,2.1,14,0.0,0.0,0.0,0.0,0.0,0.0,1.0
517922,0,1,3400,-55,55,-165,13,17,0.50,0.0,0.0,2.1,14,0.0,0.0,0.0,0.0,0.0,0.0,1.0
518171,0,1,3400,-55,55,-163,13,17,0.50,0.0,0.0,2.1,14,0.0,0.0,0.0,0.0,0.0,0.0,1.0
518420,0,1,3400,-55,55,-161,13,18,0.50,0.0,0.0,2.1,14,0.0,0.0,0.0,0.0,0.0,0.0,1.0
518669,0,1,3400,-55,55,-161,13,18,0.50,0.0,0.0,2.1,14,0.0,0.0,0.0,0.0,0.0,0.0,1.0
518918,0,1,3400,-55,55,-160,13,18,0.50,0.0,0.0,2.1,14,0.0,0.0,0.0,0.0,0.0,0.0,1.0
519167,0,1,3400,-55,55,-163,13,18,0.50,0.0,0.0,2.1,14,0.0,0.0,0.0,0.0,0.0,0.0,1.0
519416,0,1,3400,-55,55,-162,13,17,0.50,0.0,0.0,2.1,14,0.0,0.0,0.0,0.0,0.0,0.0,1.0
519665,0,1,3400,-55,55,-163,13,17,0.50,0.0,0.0,2.1,14,0.0,0.0,0.0,0.0,0.0,0.0,1.0
519914,0,1,3400,-55,55,-160,13,17,0.50,0.0,0.0,2.1,14,0.0,0.0,0.0,0.0,0.0,0.0,1.0
520163,0,1,3400,-55,55,-160,13,17,0.50,0.0,0.0,2.1,14,0.0,0.0,0.0,0.0,0.0,0.0,1.0
520412,0,1,3400,-55,55,-160,13,18,0.50,0.0,0.0,2.1,14,0.0,0.0,0.0,0.0,0.0,0.0,1.0
520661,0,1,3400,-55,55,-162,13,18,0.50,0.0,0.0,2.1,14,0.0,0.0,0.0,0.0,0.0,0.0,1.0
520910,0,1,3400,-55,55,-166,13,18,0.50,0.0,0.0,2.1,14,0.0,0.0,0.0,0.0,0.0,0.0,1.0
521159,0,1,3400,-55,55,-166,13,18,0.50,0.0,0.0,2.1,14,0.0,0.0,0.0,0.0,0.0,0.0,1.0
521408,0,1,3400,-55,55,-167,13,18,0.50,0.0,0.0,2.1,14,0.0,0.0,0.0,0.0,0.0,0.0,1.0
521657,0,1,3400,-55,55,-162,13,18,0.50,0.0,0.0,2.1,14,0.0,0.0,0.0,0.0,0.0,0.0,1.0
521906,0,1,3400,-55,55,-160,13,18,0.50,0.0,0.0,2.1,14,0.0,0.0,0.0,0.0,0.0,0.0,1.0
522155,0,1,3400,-55,55,-159,13,17,0.50,0.0,0.0,2.1,14,0.0,0.0,0.0,0.0,0.0,0.0,1.0
522404,0,1,3400,-55,55,-163,13,17,0.50,0.0,0.0,2.1,14,0.0,0.0,0.0,0.0,0.0,0.0,1.0
522653,0,1,3400,-55,55,-165,13,18,0.50,0.0,0.0,2.1,14,0.0,0.0,0.0,0.0,0.0,0.0,1.0
522902,0,1,3400,-55,55,-162,13,18,0.50,0.0,0.0,2.1,14,0.0,0.0,0.0,0.0,0.0,0.0,1.0
523151,0,1,3400,-55,55,-160,13,17,0.50,0.0,0.0,2.1,14,0.0,0.0,0.0,0.0,0.0,0.0,1.0
523400,0,1,3400,-55,55,-161,13,17,0.50,0.0,0.0,2.1,14,0.0,0.0,0.0,0.0,0.0,0.0,1.0
523649,0,1,3400,-55,55,-162,13,18,0.50,0.0,0.0,2.1,14,0.0,0.0,0.0,0.0,0.0,0.0,1.0
523898,0,1,3400,-55,55,-162,13,18,0.50,0.0,0.0,2.1,14,0.0,0.0,0.0,0.0,0.0,0.0,1.0
524147,0,1,3400,-55,55,-160,13,18,0.50,0.0,0.0,2.1,14,0.0,0.0,0.0,0.0,0.0,0.0,1.0
524396,0,1,3400,-55,55,-155,13,18,0.50,0.0,0.0,2.1,14,0.0,0.0,0.0,0.0,0.0,0.0,1.0
524645,0,1,3400,-55,55,-156,13,17,0.50,0.0,0.0,2.1,14,0.0,0.0,0.0,0.0,0.0,0.0,1.0
524894,0,1,3400,-55,55,-161,13,18,0.50,0.0,0.0,2.1,14,0.0,0.0,0.0,0.0,0.0,0.0,1.0
525143,0,1,3400,-55,55,-167,13,18,0.50,0.0,0.0,2.1,14,0.0,0.0,0.0,0.0,0.0,0.0,1.0
525392,0,1,3400,-55,55,-167,13,18,0.50,0.0,0.0,2.1,14,0.0,0.0,0.0,0.0,0.0,0.0,1.0
525641,0,1,3400,-55,55,-164,13,18,0.50,0.0,0.0,2.1,14,0.0,0.0,0.0,0.0,0.0,0.0,1.0
525890,0,1,3400,-55,55,-166,13,18,0.50,0.0,0.0,2.1,14,0.0,0.0,0.0,0.0,0.0,0.0,1.0
526139,0,1,3400,-55,55,-163,13,18,0.50,0.0,0.0,2.1,14,0.0,0.0,0.0,0.0,0.0,0.0,1.0
526388,0,1,3400,-55,55,-164,13,18,0.50,0.0,0.0,2.1,14,0.0,0.0,0.0,0.0,0.0,0.0,1.0
526637,0,1,3400,-55,55,-165,13,18,0.50,0.0,0.0,2.1,14,0.0,0.0,0.0,0.0,0.0,0.0,1.0
526886,0,1,3400,-55,55,-162,13,18,0.50,0.0,0.0,2.1,14,0.0,0.0,0.0,0.0,0.0,0.0,1.0
527135,0,1,3400,-55,55,-162,13,18,0.50,0.0,0.0,2.1,14,0.0,0.0,0.0,0.0,0.0,0.0,1.0
527384,0,1,3400,-55,55,-164,13,18,0.50,0.0,0.0,2.1,14,0.0,0.0,0.0,0.0,0.0,0.0,1.0
527633,0,1,3400,-55,55,-161,13,18,0.50,0.0,0.0,2.1,14,0.0,0.0,0.0,0.0,0.0,0.0,1.0
527882,0,1,3400,-55,55,-164,13,18,0.50,0.0,0.0,2.1,14,0.0,0.0,0.0,0.0,0.0,0.0,1.0
528131,0,1,3400,-55,55,-166,13,18,0.50,0.0,0.0,2.1,14,0.0,0.0,0.0,0.0,0.0,0.0,1.0
528380,0,1,3400,-55,55,-166,13,18,0.50,0.0,0.0,2.1,14,0.0,0.0,0.0,0.0,0.0,0.0,1.0
528629,0,1,3400,-55,55,-166,13,18,0.50,0.0,0.0,2.1,14,0.0,0.0,0.0,0.0,0.0,0.0,1.0
528878,0,1,3400,-55,55,-166,13,18,0.50,0.0,0.0,2.1,14,0.0,0.0,0.0,0.0,0.0,0.0,1.0
529127,0,1,3400,-55,55,-168,11,18,0.46,0.0,0.0,2.1,12,0.0,0.0,0.0,0.0,0.0,0.0,0.0
529376,0,1,3400,-55,55,-166,0.0,18,0.0,0.0,0.0,0.0,0.0,0.0,0.0,0.0,0.0,0.0,0.0,0.0
529625,0,1,3400,-55,55,-163,0.0,18,0.0,0.0,0.0,0.0,0.0,0.0,0.0,0.0,0.0,0.0,0.0,0.0
529874,0,1,3400,-55,55,-159,0.0,18,0.0,0.0,0.0,0.0,0.0,0.0,0.0,0.0,0.0,0.0,0.0,0.0
530123,0,1,3400,-55,55,-163,0.0,18,0.0,0.0,0.0,0.0,0.0,0.0,0.0,0.0,0.0,0.0,0.0,0.0
530372,0,1,3400,-55,55,-162,0.0,18,0.0,0.0,0.0,0.0,0.0,0.0,0.0,0.0,0.0,0.0,0.0,0.0
530621,0,1,3400,-55,55,-159,0.0,18,0.0,0.0,0.0,0.0,0.0,0.0,0.0,0.0,0.0,0.0,0.0,0.0
530870,0,1,3400,-55,55,-161,0.0,18,0.0,0.0,0.0,0.0,0.0,0.0,0.0,0.0,0.0,0.0,0.0,0.0
531119,0,1,3400,-55,55,-161,0.0,18,0.0,0.0,0.0,0.0,0.0,0.0,0.0,0.0,0.0,0.0,0.0,0.0
531368,0,1,3400,-55,55,-161,0.0,18,0.0,0.0,0.0,0.0,0.0,0.0,0.0,0.0,0.0,0.0,0.0,0.0
531617,0,1,3400,-55,55,-163,0.0,18,0.0,0.0,0.0,0.0,0.0,0.0,0.0,0.0,0.0,0.0,0.0,0.0
531866,0,1,3400,-55,55,-164,0.0,18,0.0,0.0,0.0,0.0,0.0,0.0,0.0,0.0,0.0,0.0,0.0,0.0
532115,0,1,3400,-55,55,-164,0.0,18,0.0,0.0,0.0,0.0,0.0,0.0,0.0,0.0,0.0,0.0,0.0,0.0
532364,0,1,3400,-55,55,-163,0.0,18,0.0,0.0,0.0,0.0,0.0,0.0,0.0,0.0,0.0,0.0,0.0,0.0
532613,0,1,3400,-55,55,-162,0.0,18,0.0,0.0,0.0,0.0,0.0,0.0,0.0,0.0,0.0,0.0,0.0,0.0
532862,0,1,3400,-55,55,-161,0.0,18,0.0,0.0,0.0,0.0,0.0,0.0,0.0,0.0,0.0,0.0,0.0,0.0
533111,0,1,3400,-55,55,-159,0.0,18,0.0,0.0,0.0,0.0,0.0,0.0,0.0,0.0,0.0,0.0,0.0,0.0
533360,0,1,3400,-55,55,-158,0.0,18,0.0,0.0,0.0,0.0,0.0,0.0,0.0,0.0,0.0,0.0,0.0,0.0
533609,0,1,3400,-55,55,-163,0.0,18,0.0,0.0,0.0,0.0,0.0,0.0,0.0,0.0,0.0,0.0,0.0,0.0
533858,0,1,3400,-55,55,-163,0.0,18,0.0,0.0,0.0,0.0,0.0,0.0,0.0,0.0,0.0,0.0,0.0,0.0
534107,0,1,3400,-55,55,-164,0.0,18,0.0,0.0,0.0,0.0,0.0,0.0,0.0,0.0,0.0,0.0,0.0,0.0
534356,0,1,3400,-55,55,-164,0.0,18,0.0,0.0,0.0,0.0,0.0,0.0,0.0,0.0,0.0,0.0,0.0,0.0
534605,0,1,3400,-55,55,-163,0.0,18,0.0,0.0,0.0,0.0,0.0,0.0,0.0,0.0,0.0,0.0,0.0,0.0
534854,0,1,3400,-55,55,-161,0.0,18,0.0,0.0,0.0,0.0,0.0,0.0,0.0,0.0,0.0,0.0,0.0,0.0
535103,0,1,3400,-55,55,-162,0.0,18,0.0,0.0,0.0,0.0,0.0,0.0,0.0,0.0,0.0,0.0,0.0,0.0
535352,0,1,3400,-55,55,-164,0.0,18,0.0,0.0,0.0,0.0,0.0,0.0,0.0,0.0,0.0,0.0,0.0,0.0
535601,0,1,3400,-55,55,-165,0.0,18,0.0,0.0,0.0,0.0,0.0,0.0,0.0,0.0,0.0,0.0,0.0,0.0
535850,0,1,3400,-55,55,-164,0.0,18,0.0,0.0,0.0,0.0,0.0,0.0,0.0,0.0,0.0,0.0,0.0,0.0
536099,0,1,3400,-55,55,-163,0.0,18,0.0,0.0,0.0,0.0,0.0,0.0,0.0,0.0,0.0,0.0,0.0,0.0
536348,0,1,3400,-55,55,-157,0.0,18,0.0,0.0,0.0,0.0,0.0,0.0,0.0,0.0,0.0,0.0,0.0,0.0
536597,0,1,3400,-55,55,-159,0.0,18,0.0,0.0,0.0,0.0,0.0,0.0,0.0,0.0,0.0,0.0,0.0,0.0
536846,0,1,3400,-63,63,-179,0.0,12,0.0,0.0,0.0,0.0,0.0,0.0,0.0,0.0,0.0,0.0,0.0,0.0
537095,0,1,3400,-63,63,-179,0.0,12,0.0,0.0,0.0,0.0,0.0,0.0,0.0,0.0,0.0,0.0,0.0,0.0
537344,0,1,3400,-63,63,-179,0.0,12,0.0,0.0,0.0,0.0,0.0,0.0,0.0,0.0,0.0,0.0,0.0,0.0
537593,0,1,3400,-63,63,-179,0.0,12,0.0,0.0,0.0,0.0,0.0,0.0,0.0,0.0,0.0,0.0,0.0,0.0
537842,0,1,3400,-63,63,-179,0.0,12,0.0,0.0,0.0,0.0,0.0,0.0,0.0,0.0,0.0,0.0,0.0,0.0
538091,0,1,3400,-63,63,-179,0.0,12,0.0,0.0,0.0,0.0,0.0,0.0,0.0,0.0,0.0,0.0,0.0,0.0
538340,0,1,3400,-63,63,-179,0.0,12,0.0,0.0,0.0,0.0,0.0,0.0,0.0,0.0,0.0,0.0,0.0,0.0
538589,0,1,3400,-63,63,-179,0.0,12,0.0,0.0,0.0,0.0,0.0,0.0,0.0,0.0,0.0,0.0,0.0,0.0
538838,0,1,3400,-63,63,-179,0.0,12,