time,nof_ue,dl_brate,ul_brate
1617656099101,0,0.0,0.0
1617656099351,0,0.0,0.0
1617656099601,0,0.0,0.0
1617656099851,0,0.0,0.0
1617656100101,0,0.0,0.0
1617656100351,0,0.0,0.0
1617656100601,0,0.0,0.0
1617656100851,0,0.0,0.0
1617656101101,0,0.0,0.0
1617656101351,0,0.0,0.0
1617656101601,0,0.0,0.0
1617656101851,0,0.0,0.0
1617656102101,0,0.0,0.0
1617656102351,0,0.0,0.0
1617656102601,0,0.0,0.0
1617656102851,0,0.0,0.0
1617656103101,0,0.0,0.0
1617656103351,0,0.0,0.0
1617656103601,0,0.0,0.0
1617656103851,0,0.0,0.0
1617656104101,0,0.0,0.0
1617656104351,0,0.0,0.0
1617656104601,0,0.0,0.0
1617656104851,0,0.0,0.0
1617656105101,0,0.0,0.0
1617656105351,0,0.0,0.0
1617656105601,0,0.0,0.0
1617656105851,0,0.0,0.0
1617656106101,0,0.0,0.0
1617656106351,0,0.0,0.0
1617656106601,0,0.0,0.0
1617656106851,0,0.0,0.0
1617656107101,0,0.0,0.0
1617656107351,0,0.0,0.0
1617656107601,0,0.0,0.0
1617656107851,0,0.0,0.0
1617656108101,0,0.0,0.0
1617656108351,0,0.0,0.0
1617656108601,0,0.0,0.0
1617656108851,0,0.0,0.0
1617656109101,0,0.0,0.0
1617656109351,0,0.0,0.0
1617656109601,0,0.0,0.0
1617656109851,0,0.0,0.0
1617656110101,0,0.0,0.0
1617656110351,0,0.0,0.0
1617656110601,0,0.0,0.0
1617656110851,0,0.0,0.0
1617656111101,0,0.0,0.0
1617656111351,0,0.0,0.0
1617656111601,0,0.0,0.0
1617656111851,0,0.0,0.0
1617656112101,0,0.0,0.0
1617656112351,0,0.0,0.0
1617656112601,0,0.0,0.0
1617656112851,0,0.0,0.0
1617656113101,0,0.0,0.0
1617656113351,0,0.0,0.0
1617656113601,0,0.0,0.0
1617656113851,0,0.0,0.0
1617656114101,0,0.0,0.0
1617656114351,0,0.0,0.0
1617656114601,0,0.0,0.0
1617656114851,0,0.0,0.0
1617656115101,0,0.0,0.0
1617656115351,0,0.0,0.0
1617656115601,0,0.0,0.0
1617656115851,0,0.0,0.0
1617656116101,0,0.0,0.0
1617656116351,0,0.0,0.0
1617656116601,0,0.0,0.0
1617656116851,0,0.0,0.0
1617656117101,0,0.0,0.0
1617656117351,0,0.0,0.0
1617656117601,0,0.0,0.0
1617656117851,0,0.0,0.0
1617656118101,0,0.0,0.0
1617656118351,0,0.0,0.0
1617656118601,0,0.0,0.0
1617656118851,0,0.0,0.0
1617656119101,0,0.0,0.0
1617656119351,0,0.0,0.0
1617656119601,0,0.0,0.0
1617656119851,0,0.0,0.0
1617656120101,0,0.0,0.0
1617656120351,0,0.0,0.0
1617656120601,0,0.0,0.0
1617656120851,0,0.0,0.0
1617656121101,0,0.0,0.0
1617656121351,0,0.0,0.0
1617656121601,0,0.0,0.0
1617656121851,0,0.0,0.0
1617656122101,0,0.0,0.0
1617656122351,0,0.0,0.0
1617656122601,0,0.0,0.0
1617656122851,0,0.0,0.0
1617656123101,0,0.0,0.0
1617656123351,0,0.0,0.0
1617656123601,0,0.0,0.0
1617656123851,0,0.0,0.0
1617656124101,0,0.0,0.0
1617656124351,0,0.0,0.0
1617656124601,0,0.0,0.0
1617656124851,0,0.0,0.0
1617656125101,0,0.0,0.0
1617656125351,0,0.0,0.0
1617656125601,0,0.0,0.0
1617656125851,0,0.0,0.0
1617656126101,0,0.0,0.0
1617656126351,0,0.0,0.0
1617656126601,0,0.0,0.0
1617656126851,0,0.0,0.0
1617656127101,0,0.0,0.0
1617656127351,0,0.0,0.0
1617656127601,0,0.0,0.0
1617656127851,0,0.0,0.0
1617656128101,0,0.0,0.0
1617656128351,0,0.0,0.0
1617656128601,0,0.0,0.0
1617656128851,0,0.0,0.0
1617656129101,0,0.0,0.0
1617656129351,0,0.0,0.0
1617656129601,0,0.0,0.0
1617656129851,0,0.0,0.0
1617656130101,0,0.0,0.0
1617656130351,0,0.0,0.0
1617656130601,0,0.0,0.0
1617656130851,0,0.0,0.0
1617656131101,0,0.0,0.0
1617656131351,0,0.0,0.0
1617656131601,0,0.0,0.0
1617656131851,0,0.0,0.0
1617656132101,0,0.0,0.0
1617656132351,0,0.0,0.0
1617656132601,0,0.0,0.0
1617656132851,0,0.0,0.0
1617656133101,0,0.0,0.0
1617656133351,0,0.0,0.0
1617656133601,0,0.0,0.0
1617656133851,0,0.0,0.0
1617656134101,0,0.0,0.0
1617656134351,0,0.0,0.0
1617656134601,0,0.0,0.0
1617656134851,0,0.0,0.0
1617656135101,0,0.0,0.0
1617656135351,0,0.0,0.0
1617656135601,0,0.0,0.0
1617656135851,0,0.0,0.0
1617656136101,0,0.0,0.0
1617656136351,0,0.0,0.0
1617656136601,0,0.0,0.0
1617656136851,0,0.0,0.0
1617656137101,0,0.0,0.0
1617656137351,0,0.0,0.0
1617656137601,0,0.0,0.0
1617656137851,0,0.0,0.0
1617656138101,0,0.0,0.0
1617656138351,0,0.0,0.0
1617656138601,0,0.0,0.0
1617656138851,0,0.0,0.0
1617656139101,0,0.0,0.0
1617656139351,0,0.0,0.0
1617656139601,0,0.0,0.0
1617656139851,0,0.0,0.0
1617656140101,0,0.0,0.0
1617656140351,0,0.0,0.0
1617656140601,0,0.0,0.0
1617656140851,0,0.0,0.0
1617656141101,0,0.0,0.0
1617656141351,0,0.0,0.0
1617656141601,0,0.0,0.0
1617656141851,0,0.0,0.0
1617656142101,0,0.0,0.0
1617656142351,0,0.0,0.0
1617656142601,0,0.0,0.0
1617656142851,0,0.0,0.0
1617656143101,0,0.0,0.0
1617656143351,0,0.0,0.0
1617656143601,0,0.0,0.0
1617656143851,0,0.0,0.0
1617656144101,0,0.0,0.0
1617656144351,0,0.0,0.0
1617656144601,0,0.0,0.0
1617656144851,0,0.0,0.0
1617656145101,0,0.0,0.0
1617656145351,0,0.0,0.0
1617656145601,0,0.0,0.0
1617656145851,0,0.0,0.0
1617656146101,0,0.0,0.0
1617656146351,0,0.0,0.0
1617656146601,0,0.0,0.0
1617656146851,0,0.0,0.0
1617656147101,0,0.0,0.0
1617656147351,0,0.0,0.0
1617656147601,0,0.0,0.0
1617656147851,0,0.0,0.0
1617656148101,0,0.0,0.0
1617656148351,0,0.0,0.0
1617656148601,0,0.0,0.0
1617656148851,0,0.0,0.0
1617656149101,0,0.0,0.0
1617656149351,0,0.0,0.0
1617656149601,0,0.0,0.0
1617656149851,0,0.0,0.0
1617656150101,0,0.0,0.0
1617656150351,0,0.0,0.0
1617656150601,0,0.0,0.0
1617656150851,0,0.0,0.0
1617656151101,0,0.0,0.0
1617656151351,0,0.0,0.0
1617656151601,0,0.0,0.0
1617656151851,0,0.0,0.0
1617656152101,0,0.0,0.0
1617656152351,0,0.0,0.0
1617656152601,0,0.0,0.0
1617656152851,0,0.0,0.0
1617656153101,0,0.0,0.0
1617656153351,0,0.0,0.0
1617656153601,0,0.0,0.0
1617656153851,0,0.0,0.0
1617656154101,0,0.0,0.0
1617656154351,0,0.0,0.0
1617656154601,0,0.0,0.0
1617656154851,0,0.0,0.0
1617656155101,0,0.0,0.0
1617656155351,0,0.0,0.0
1617656155601,0,0.0,0.0
1617656155851,0,0.0,0.0
1617656156101,0,0.0,0.0
1617656156351,0,0.0,0.0
1617656156601,0,0.0,0.0
1617656156851,0,0.0,0.0
1617656157101,0,0.0,0.0
1617656157351,0,0.0,0.0
1617656157601,0,0.0,0.0
1617656157851,0,0.0,0.0
1617656158101,0,0.0,0.0
1617656158351,0,0.0,0.0
1617656158601,0,0.0,0.0
1617656158851,0,0.0,0.0
1617656159101,0,0.0,0.0
1617656159351,0,0.0,0.0
1617656159601,0,0.0,0.0
1617656159851,0,0.0,0.0
1617656160101,1,1560.975586,341
1617656160351,1,0.0,0.0
1617656160601,1,9280.000000,130432.000000
1617656160851,1,2176.000000,20800.000000
1617656161101,1,0.0,0.0
1617656161356,5,1882.352905,3201.619629
1617656161602,6,3336.202637,275
1617656161852,6,7712.000000,114944.000000
1617656162102,6,11296.000000,151360.000000
1617656162352,5,6624.744141,19051.162109
1617656162602,5,9216.000000,250336.000000
1617656162851,6,7673.436035,121485.945312
1617656163101,6,6752.000000,265312.000000
1617656163351,5,1824.000000,52192.000000
1617656163601,5,0.0,0.0
1617656163851,5,0.0,0.0
1617656164101,6,1551.515137,339
1617656164351,6,1856.000000,59808.000000
1617656164602,6,7424.000000,341408.000000
1617656164852,6,1824.000000,58368.000000
1617656165101,6,0.0,0.0
1617656165351,6,0.0,0.0
1617656165601,6,0.0,0.0
1617656165851,6,0.0,0.0
1617656166101,6,0.0,0.0
1617656166351,6,0.0,0.0
1617656166602,6,0.0,0.0
1617656166851,6,0.0,0.0
1617656167102,6,0.0,0.0
1617656167352,6,0.0,0.0
1617656167601,6,0.0,0.0
1617656167851,6,0.0,0.0
1617656168101,6,0.0,0.0
1617656168351,6,0.0,0.0
1617656168602,6,0.0,0.0
1617656168852,6,0.0,0.0
1617656169102,6,0.0,0.0
1617656169351,6,0.0,0.0
1617656169601,6,0.0,0.0
1617656169851,6,0.0,0.0
1617656170101,6,0.0,0.0
1617656170351,6,0.0,0.0
1617656170601,6,0.0,0.0
1617656170851,6,0.0,0.0
1617656171102,6,0.0,0.0
1617656171351,6,0.0,0.0
1617656171601,6,0.0,0.0
1617656171851,6,0.0,0.0
1617656172102,6,0.0,0.0
1617656172351,6,0.0,0.0
1617656172601,6,0.0,0.0
1617656172851,6,0.0,0.0
1617656173101,6,0.0,0.0
1617656173352,6,0.0,0.0
1617656173601,6,0.0,0.0
1617656173851,6,0.0,0.0
1617656174101,6,0.0,0.0
1617656174352,6,0.0,0.0
1617656174601,6,0.0,0.0
1617656174851,6,0.0,0.0
1617656175101,6,0.0,0.0
1617656175352,6,0.0,0.0
1617656175601,6,0.0,0.0
1617656175851,6,0.0,0.0
1617656176102,6,0.0,0.0
1617656176351,6,0.0,0.0
1617656176601,6,0.0,0.0
1617656176851,6,0.0,0.0
1617656177101,6,0.0,0.0
1617656177352,6,0.0,0.0
1617656177602,6,0.0,0.0
1617656177851,6,0.0,0.0
1617656178101,6,0.0,0.0
1617656178351,6,0.0,0.0
1617656178601,6,0.0,0.0
1617656178851,6,0.0,0.0
1617656179101,6,0.0,0.0
1617656179351,6,0.0,0.0
1617656179601,6,0.0,0.0
1617656179852,6,0.0,0.0
1617656180101,6,0.0,0.0
1617656180351,6,0.0,0.0
1617656180601,6,0.0,0.0
1617656180852,6,0.0,0.0
1617656181101,6,0.0,0.0
1617656181352,6,0.0,0.0
1617656181601,6,0.0,0.0
1617656181851,6,0.0,0.0
1617656182101,6,0.0,0.0
1617656182351,6,0.0,0.0
1617656182602,6,0.0,0.0
1617656182851,6,0.0,0.0
1617656183101,6,0.0,0.0
1617656183352,6,0.0,0.0
1617656183602,6,0.0,0.0
1617656183852,6,0.0,0.0
1617656184101,6,0.0,0.0
1617656184351,6,0.0,0.0
1617656184601,6,0.0,0.0
1617656184851,6,0.0,0.0
1617656185101,6,0.0,0.0
1617656185351,6,0.0,0.0
1617656185601,6,0.0,0.0
1617656185851,6,0.0,0.0
1617656186101,6,0.0,0.0
1617656186351,6,0.0,0.0
1617656186602,6,0.0,0.0
1617656186851,6,0.0,0.0
1617656187101,6,0.0,0.0
1617656187352,6,0.0,0.0
1617656187601,6,0.0,0.0
1617656187851,6,0.0,0.0
1617656188101,6,0.0,0.0
1617656188351,6,0.0,0.0
1617656188602,6,0.0,0.0
1617656188851,6,0.0,0.0
1617656189102,6,0.0,0.0
1617656189352,6,0.0,0.0
1617656189601,6,0.0,0.0
1617656189851,6,0.0,0.0
1617656190101,6,0.0,0.0
1617656190352,6,0.0,0.0
1617656190601,6,0.0,0.0
1617656190851,6,0.0,0.0
1617656191101,6,0.0,0.0
1617656191351,6,0.0,0.0
1617656191601,6,0.0,0.0
1617656191851,6,0.0,0.0
1617656192101,6,0.0,0.0
1617656192351,6,0.0,0.0
1617656192601,6,0.0,0.0
1617656192852,6,0.0,0.0
1617656193101,6,0.0,0.0
1617656193352,6,0.0,0.0
1617656193601,6,0.0,0.0
1617656193851,6,0.0,0.0
1617656194102,6,0.0,0.0
1617656194351,6,0.0,0.0
1617656194601,6,0.0,0.0
1617656194851,6,0.0,0.0
1617656195101,6,0.0,0.0
1617656195351,6,0.0,0.0
1617656195601,6,0.0,0.0
1617656195851,6,0.0,0.0
1617656196101,6,0.0,0.0
1617656196351,6,0.0,0.0
1617656196601,6,0.0,0.0
1617656196851,6,0.0,0.0
1617656197102,6,0.0,0.0
1617656197351,6,0.0,0.0
1617656197602,6,0.0,0.0
1617656197852,6,0.0,0.0
1617656198101,6,0.0,0.0
1617656198351,6,0.0,0.0
1617656198601,6,0.0,0.0
1617656198852,6,0.0,0.0
1617656199102,6,0.0,0.0
1617656199351,6,0.0,0.0
1617656199601,6,0.0,0.0
1617656199852,6,0.0,0.0
1617656200101,6,0.0,0.0
1617656200351,6,0.0,0.0
1617656200601,6,0.0,0.0
1617656200851,6,0.0,0.0
1617656201102,6,0.0,0.0
1617656201351,6,0.0,0.0
1617656201601,6,0.0,0.0
1617656201851,6,0.0,0.0
1617656202102,6,0.0,0.0
1617656202351,6,0.0,0.0
1617656202601,6,0.0,0.0
1617656202851,6,0.0,0.0
1617656203101,6,0.0,0.0
1617656203352,6,0.0,0.0
1617656203601,6,0.0,0.0
1617656203852,6,0.0,0.0
1617656204101,6,0.0,0.0
1617656204351,6,0.0,0.0
1617656204602,6,0.0,0.0
1617656204852,6,0.0,0.0
1617656205101,6,0.0,0.0
1617656205352,6,0.0,0.0
1617656205601,6,0.0,0.0
1617656205851,6,0.0,0.0
1617656206101,6,0.0,0.0
1617656206352,6,0.0,0.0
1617656206602,6,0.0,0.0
1617656206851,6,0.0,0.0
1617656207101,6,0.0,0.0
1617656207352,6,0.0,0.0
1617656207602,6,0.0,0.0
1617656207851,6,0.0,0.0
1617656208101,6,0.0,0.0
1617656208351,6,0.0,0.0
1617656208601,6,0.0,0.0
1617656208851,6,0.0,0.0
1617656209101,6,0.0,0.0
1617656209351,6,0.0,0.0
1617656209601,6,0.0,0.0
1617656209851,6,0.0,0.0
1617656210102,6,579392.000000,336320.000000
1617656210352,6,2683840.000000,676960.000000
1617656210601,6,1623582.375000,224578.312500
1617656210852,6,1954086.000000,0.0
1617656211102,6,1415136.125000,538131.875000
1617656211352,6,1760417.750000,159742.968750
1617656211602,6,1934151.500000,170103.578125
1617656211852,6,1914624.000000,0.0
1617656212102,6,2186538.000000,631421.687500
1617656212352,6,2206789.000000,31011.951172
1617656212602,6,2293312.000000,0.0
1617656212852,6,2281445.750000,41734.937500
1617656213102,6,2230996.500000,664592.125000
1617656213352,6,2127872.000000,71552.000000
1617656213602,6,1419232.000000,0.0
1617656213851,6,2342208.000000,0.0
1617656214102,6,2109024.000000,250688.000000
1617656214352,6,1667488.000000,47680.000000
1617656214602,6,2542208.000000,2976.000000
1617656214852,6,1712000.000000,0.0
1617656215101,6,2174136.500000,250409.640625
1617656215352,6,2352924.250000,58996.015625
1617656215602,6,1847360.000000,0.0
1617656215852,6,2086688.000000,0.0
1617656216102,6,2191264.000000,498464.000000
1617656216352,6,2001472.000000,242624.000000
1617656216602,6,1652384.000000,0.0
1617656216852,6,1708992.000000,0.0
1617656217102,6,2215744.000000,492576.000000
1617656217351,6,1678843.500000,0.0
1617656217602,6,1986326.625000,64637.449219
1617656217852,6,1798656.000000,0.0
1617656218102,6,1807680.000000,645792.000000
1617656218352,6,1715040.000000,0.0
1617656218602,6,1965888.000000,71392.000000
1617656218852,6,2070816.000000,0.0
1617656219102,6,1498716.000000,418538.156250
1617656219352,6,2285157.250000,394146.281250
1617656219601,6,1604240.875000,0.0
1617656219851,6,1582144.000000,0.0
1617656220102,6,2156462.000000,650294.812500
1617656220352,6,2128384.000000,62656.000000
1617656220602,6,2203680.000000,8512.000000
1617656220852,6,1813440.000000,0.0
1617656221102,6,1115680.000000,655520.000000
1617656221351,6,1826923.750000,0.0
1617656221601,6,1665984.000000,59584.000000
1617656221852,6,1970688.000000,0.0
1617656222101,6,2816256.000000,581056.000000
1617656222352,6,1829769.000000,107474.101562
1617656222602,6,2461440.000000,0.0
1617656222852,6,2044608.000000,0.0
1617656223102,6,2024288.000000,168832.000000
1617656223352,6,2264064.500000,84658.632812
1617656223602,6,1865051.750000,3952.191162
1617656223852,6,1585253.000000,0.0
1617656224102,6,1569912.375000,228653.390625
1617656224352,6,1698752.000000,57344.000000
1617656224602,6,1786184.750000,14361.445312
1617656224852,6,1580972.125000,0.0
1617656225102,6,1578922.875000,86775.257812
1617656225352,6,2325658.250000,287725.906250
1617656225602,6,1705799.125000,0.0
1617656225852,6,1805482.125000,0.0
1617656226102,6,1732305.125000,613558.187500
1617656226351,6,1973982.625000,481749.562500
1617656226602,6,2376000.000000,0.0
1617656226851,6,1768960.000000,0.0
1617656227102,6,1499360.000000,662144.000000
1617656227352,6,1825056.000000,10976.000000
1617656227602,6,1788800.000000,71456.000000
1617656227851,6,1349856.000000,0.0
1617656228103,6,1649898.875000,115984.062500
1617656228352,6,1464929.250000,414760.968750
1617656228602,6,1476672.000000,40768.000000
1617656228852,6,2701984.000000,0.0
1617656229102,6,1363984.125000,328191.250000
1617656229352,6,1953285.125000,0.0
1617656229602,6,2095328.000000,189440.000000
1617656229852,6,1878848.000000,0.0
1617656230102,6,1912612.625000,146978.421875
1617656230352,6,2286693.250000,240119.593750
1617656230601,6,1820980.000000,0.0
1617656230852,6,1886656.000000,0.0
1617656231102,6,2320256.000000,125344.000000
1617656231352,6,2466262.750000,365482.062500
1617656231602,6,1879100.375000,0.0
1617656231852,6,1846151.375000,0.0
1617656232102,6,2381888.000000,746912.000000
1617656232352,6,1814122.625000,75890.632812
1617656232601,6,2150205.250000,0.0
1617656232851,6,2217248.000000,0.0
1617656233102,6,1854485.250000,297889.281250
1617656233352,6,1913139.500000,54524.046875
1617656233602,6,2514336.000000,0.0
1617656233852,6,1896931.875000,0.0
1617656234102,6,1584215.875000,716461.500000
1617656234352,6,1332728.125000,328405.468750
1617656234601,6,1405691.000000,0.0
1617656234852,6,1134944.000000,0.0
1617656235102,6,1527392.000000,58112.000000
1617656235352,6,1635104.000000,40352.000000
1617656235602,6,1433024.000000,109920.000000
1617656235852,6,1540736.000000,0.0
1617656236102,6,2333928.500000,182342.625000
1617656236352,6,1859584.000000,230016.000000
1617656236601,6,1712481.750000,0.0
1617656236851,6,2000160.000000,0.0
1617656237101,6,2530304.000000,454944.000000
1617656237351,6,2721312.000000,32992.000000
1617656237602,6,1625632.000000,0.0
1617656237852,6,1835808.000000,0.0
1617656238102,6,2120032.000000,596992.000000
1617656238351,6,2174080.000000,149696.000000
1617656238602,6,1454304.000000,170784.000000
1617656238852,6,2089696.000000,0.0
1617656239102,6,2337696.000000,66304.000000
1617656239351,6,1647968.000000,81888.000000
1617656239602,6,3207104.000000,41024.000000
1617656239852,6,2347840.000000,0.0
1617656240102,6,1563840.000000,166176.000000
1617656240352,6,2099328.000000,0.0
1617656240602,6,2141504.000000,25376.000000
1617656240851,6,2228384.000000,0.0
1617656241102,6,1870496.000000,362112.000000
1617656241352,6,1745760.000000,54592.000000
1617656241601,6,1936704.000000,0.0
1617656241852,6,2208512.000000,0.0
1617656242102,6,1784637.500000,274772.906250
1617656242352,6,1484337.375000,69365.460938
1617656242602,6,1649753.125000,0.0
1617656242851,6,1748016.250000,0.0
1617656243102,6,1989696.000000,107360.000000
1617656243351,6,2120672.000000,102400.000000
1617656243601,6,2032992.000000,61056.000000
1617656243851,6,2158400.000000,0.0
1617656244102,6,2255585.500000,250103.578125
1617656244352,6,1469879.500000,7004.016113
1617656244602,6,2384256.000000,64960.000000
1617656244852,6,2042369.500000,0.0
1617656245102,6,1719246.500000,191338.937500
1617656245352,6,2095008.000000,371072.000000
1617656245601,6,1515776.000000,0.0
1617656245851,6,1735744.000000,0.0
1617656246102,6,1927712.000000,731264.000000
1617656246352,6,2433088.000000,67200.000000
1617656246602,6,1684623.625000,0.0
1617656246852,6,1955752.000000,0.0
1617656247102,6,1546071.750000,580589.625000
1617656247351,6,2228755.000000,13879.518555
1617656247602,6,2207456.000000,23616.000000
1617656247851,6,1705792.000000,31520.000000
1617656248101,6,2113856.000000,244928.000000
1617656248351,6,1502528.000000,137696.000000
1617656248602,6,1548430.250000,0.0
1617656248852,6,1795341.250000,0.0
1617656249102,6,2052060.875000,644814.812500
1617656249352,6,1531469.875000,61686.746094
1617656249602,6,2543712.000000,0.0
1617656249852,6,1517248.000000,0.0
1617656250102,6,2305823.500000,556210.000000
1617656250351,6,1700864.000000,313632.000000
1617656250602,6,2030688.000000,0.0
1617656250852,6,2176544.000000,0.0
1617656251102,6,1978834.750000,141683.890625
1617656251351,6,1794524.250000,60694.875000
1617656251602,6,1641280.000000,121280.000000
1617656251851,6,2083552.000000,0.0
1617656252101,6,1422912.000000,656064.000000
1617656252351,6,2015552.000000,66016.000000
1617656252601,6,2241184.000000,0.0
1617656252852,6,1701664.000000,0.0
1617656253102,6,1755792.750000,494756.968750
1617656253352,6,1979887.625000,4401.606445
1617656253602,6,1702048.000000,60128.000000
1617656253851,6,2186997.000000,0.0
1617656254101,6,2575200.000000,66432.000000
1617656254351,6,1626208.000000,254656.000000
1617656254602,6,1946400.000000,0.0
1617656254851,6,1867616.000000,0.0
1617656255102,6,1527584.000000,197536.000000
1617656255352,6,1718400.000000,60640.000000
1617656255602,6,1816192.000000,19360.000000
1617656255851,6,2320896.000000,0.0
1617656256102,6,1804192.000000,271776.000000
1617656256351,6,1598720.000000,0.0
1617656256602,6,1918976.000000,55264.000000
1617656256851,6,1461920.000000,0.0
1617656257101,6,2094592.000000,599584.000000
1617656257353,6,2170326.750000,65593.625000
1617656257602,6,1953556.125000,387662.656250
1617656257851,6,2193894.250000,0.0
1617656258102,6,2089971.750000,103671.328125
1617656258351,6,2192202.500000,635388.000000
1617656258601,6,1455168.000000,54592.000000
1617656258851,6,2117728.000000,0.0
1617656259101,6,2501344.000000,343328.000000
1617656259352,6,1801880.375000,71266.929688
1617656259602,6,1569124.500000,15293.172852
1617656259851,6,1734880.000000,0.0
1617656260102,6,2277248.000000,754624.000000
1617656260351,6,2644800.000000,273568.000000
1617656260601,6,1898048.000000,51840.000000
1617656260851,6,1711264.000000,0.0
1617656261102,6,2045216.000000,254688.000000
1617656261351,6,1432768.000000,6848.000000
1617656261602,6,1940576.000000,94528.000000
1617656261852,6,1744640.000000,0.0
1617656262102,6,2434720.000000,665088.000000
1617656262352,6,1674908.125000,0.0
1617656262602,6,2087607.500000,224896.640625
1617656262851,6,1503325.250000,0.0
1617656263101,6,2260736.000000,642208.000000
1617656263352,6,2534432.000000,65856.000000
1617656263601,6,1895232.000000,170976.000000
1617656263852,6,2497504.000000,0.0
1617656264102,6,2527713.000000,300653.375000
1617656264351,6,1617092.250000,0.0
1617656264602,6,1828992.000000,60128.000000
1617656264852,6,1817664.000000,0.0
1617656265102,6,2379840.000000,540992.000000
1617656265351,6,1925760.000000,163328.000000
1617656265602,6,2056416.000000,0.0
1617656265851,6,2245472.000000,0.0
1617656266102,6,2042581.625000,174533.859375
1617656266352,6,1822586.375000,1317.269043
1617656266602,6,2174432.000000,0.0
1617656266851,6,1693216.000000,36128.000000
1617656267102,6,1471136.000000,203520.000000
1617656267351,6,1214240.000000,127328.000000
1617656267602,6,1845088.000000,0.0
1617656267851,6,1737888.000000,0.0
1617656268102,6,1815330.750000,626486.062500
1617656268352,6,2134560.000000,319744.000000
1617656268602,6,1917885.375000,0.0
1617656268851,6,1891747.625000,0.0
1617656269101,6,2256704.000000,195424.000000
1617656269351,6,1780928.000000,84928.000000
1617656269601,6,1848800.000000,0.0
1617656269851,6,1780096.000000,0.0
1617656270102,6,2071232.000000,658560.000000
1617656270351,6,1588416.000000,71008.000000
1617656270602,6,1885299.625000,0.0
1617656270851,6,1807508.750000,0.0
1617656271101,6,1484576.000000,82496.000000
1617656271351,6,1798080.000000,760896.000000
1617656271601,6,1840352.000000,0.0
1617656271851,6,1451168.000000,0.0
1617656272101,6,2068512.000000,681760.000000
1617656272351,6,2254048.000000,0.0
1617656272602,6,1902284.500000,49470.085938
1617656272852,6,1576964.250000,0.0
1617656273102,6,1726361.375000,190554.203125
1617656273351,6,1476288.000000,73792.000000
1617656273601,6,2013184.000000,0.0
1617656273851,6,1610400.000000,0.0
1617656274101,6,2259712.000000,574976.000000
1617656274351,6,2198080.000000,82048.000000
1617656274602,6,2257888.000000,14304.000000
1617656274851,6,2159648.000000,0.0
1617656275102,6,2138804.750000,162709.156250
1617656275351,6,2148947.750000,106088.351562
1617656275601,6,1465760.000000,0.0
1617656275852,6,2281856.000000,0.0
1617656276101,6,2176256.000000,226496.000000
1617656276351,6,1452448.000000,51648.000000
1617656276601,6,1484416.000000,14208.000000
1617656276851,6,1750848.000000,0.0
1617656277102,6,2183968.250000,537593.625000
1617656277351,6,1976642.500000,212626.500000
1617656277601,6,2067008.000000,0.0
1617656277851,6,2337376.000000,0.0
1617656278101,6,1740384.000000,107168.000000
1617656278352,6,1699456.000000,73792.000000
1617656278601,6,2169312.000000,1824.000000
1617656278851,6,2598752.000000,0.0
1617656279102,6,1647520.000000,11968.000000
1617656279351,6,2033376.000000,568576.000000
1617656279602,6,2181472.000000,0.0
1617656279851,6,1748544.000000,25344.000000
1617656280101,6,1847008.000000,764224.000000
1617656280351,6,2166400.000000,31360.000000
1617656280602,6,1610400.000000,0.0
1617656280851,6,1298144.000000,0.0
1617656281101,6,1599904.000000,517760.000000
1617656281351,6,1686304.000000,0.0
1617656281602,6,1745728.000000,59232.000000
1617656281851,6,1595328.000000,0.0
1617656282101,6,1783840.000000,770112.000000
1617656282351,6,1782816.000000,5536.000000
1617656282601,6,1990144.000000,20768.000000
1617656282851,6,1703872.000000,17376.000000
1617656283102,6,1473664.000000,319936.000000
1617656283351,6,1340640.000000,8736.000000
1617656283602,6,1572806.625000,70231.460938
1617656283851,6,2263742.000000,0.0
1617656284101,6,2147232.000000,348544.000000
1617656284352,6,1874368.000000,5536.000000
1617656284601,6,1652352.000000,0.0
1617656284851,6,2727584.000000,44448.000000
1617656285102,6,2305632.000000,182368.000000
1617656285351,6,1788416.000000,327360.000000
1617656285602,6,1736224.000000,0.0
1617656285851,6,1988832.000000,0.0
1617656286102,6,1805184.000000,165664.000000
1617656286351,6,2159008.000000,61568.000000
1617656286601,6,2014240.000000,0.0
1617656286851,6,2089248.000000,0.0
1617656287102,6,1573792.000000,128992.000000
1617656287352,6,1626208.000000,0.0
1617656287601,6,1946560.000000,197152.000000
1617656287851,6,1985824.000000,0.0
1617656288102,6,1719838.875000,602054.687500
1617656288351,6,2037453.750000,82345.382812
1617656288602,6,2365088.000000,155520.000000
1617656288851,6,1831840.000000,0.0
1617656289101,6,2122656.000000,188608.000000
1617656289351,6,1782496.000000,48000.000000
1617656289601,6,2267072.000000,0.0
1617656289851,6,1772896.000000,0.0
1617656290102,6,1755442.125000,322964.125000
1617656290352,6,2214939.750000,5558.232910
1617656290601,6,2525568.000000,228320.000000
1617656290851,6,1857856.000000,0.0
1617656291102,6,1936320.000000,112832.000000
1617656291352,6,1769408.000000,491584.000000
1617656291601,6,2657920.000000,39648.000000
1617656291851,6,2089024.000000,0.0
1617656292102,6,1221440.000000,210976.000000
1617656292352,6,1371264.000000,95072.000000
1617656292601,6,1487392.000000,0.0
1617656292852,6,1551456.000000,0.0
1617656293102,6,1904896.000000,199616.000000
1617656293351,6,1660416.000000,63872.000000
1617656293602,6,1829152.000000,24864.000000
1617656293851,6,1739488.000000,0.0
1617656294101,6,2158624.000000,669248.000000
1617656294352,6,1965960.125000,187155.375000
1617656294602,6,1843855.500000,61301.203125
1617656294851,6,1957600.000000,0.0
1617656295101,6,1990816.000000,289888.000000
1617656295352,6,1858784.000000,136736.000000
1617656295601,6,2012128.000000,0.0
1617656295851,6,1902624.000000,0.0
1617656296102,6,1936416.000000,125280.000000
1617656296351,6,1541760.000000,54656.000000
1617656296602,6,1462880.000000,20640.000000
1617656296852,6,2037472.000000,0.0
1617656297101,6,1840960.000000,150816.000000
1617656297351,6,2342272.000000,54592.000000
1617656297601,6,1252928.000000,0.0
1617656297852,6,1486848.000000,0.0
1617656298102,6,1699520.000000,683072.000000
1617656298352,6,1863648.000000,97600.000000
1617656298601,6,2150944.000000,0.0
1617656298851,6,2198368.000000,0.0
1617656299101,6,2000160.000000,829568.000000
1617656299351,6,2062656.000000,5536.000000
1617656299602,6,2263776.000000,339616.000000
1617656299851,6,2427616.000000,51840.000000
1617656300103,6,2222916.250000,366693.218750
1617656300352,6,2043566.250000,23261.042969
1617656300601,6,1552416.000000,19584.000000
1617656300852,6,1833216.000000,0.0
1617656301101,6,2193280.000000,189504.000000
1617656301351,6,1755520.000000,10464.000000
1617656301601,6,2965728.000000,0.0
1617656301852,6,1835840.000000,33920.000000
1617656302101,6,2108512.000000,584768.000000
1617656302351,6,2067104.000000,164224.000000
1617656302601,6,2274944.000000,0.0
1617656302851,6,1741984.000000,0.0
1617656303101,6,1957632.000000,528896.000000
1617656303351,6,1182720.000000,56000.000000
1617656303601,6,1959968.000000,0.0
1617656303851,6,1788448.000000,0.0
1617656304101,6,1780672.000000,220608.000000
1617656304352,6,2129248.000000,799360.000000
1617656304601,6,2120544.000000,0.0
1617656304851,6,2353088.000000,0.0
1617656305102,6,2220896.000000,769632.000000
1617656305351,6,2101376.000000,6976.000000
1617656305601,6,2117504.000000,69696.000000
1617656305852,6,1846816.000000,0.0
1617656306101,6,1552640.000000,111776.000000
1617656306351,6,1787648.000000,238688.000000
1617656306601,6,1624288.000000,0.0
1617656306852,6,1360512.000000,0.0
1617656307101,6,1685376.000000,588320.000000
1617656307352,6,2439392.000000,0.0
1617656307602,6,1769568.000000,246080.000000
1617656307851,6,1957408.000000,0.0
1617656308102,6,2055904.000000,495680.000000
1617656308351,6,1774144.000000,142912.000000
1617656308601,6,2076416.000000,0.0
1617656308851,6,1779616.000000,0.0
1617656309102,6,2077700.375000,202784.000000
1617656309352,6,1997184.000000,258016.000000
1617656309601,6,2276992.000000,61056.000000
1617656309851,6,1707392.000000,0.0
1617656310101,6,2174624.000000,283584.000000
1617656310351,6,2248032.000000,53600.000000
1617656310601,6,1521344.000000,14048.000000
1617656310851,6,1723456.000000,0.0
1617656311101,6,1802496.000000,132000.000000
1617656311351,6,1629824.000000,24704.000000
1617656311601,6,1835648.000000,0.0
1617656311852,6,1861536.000000,0.0
1617656312101,6,2053120.000000,593984.000000
1617656312352,6,1479392.000000,0.0
1617656312601,6,1750656.000000,67840.000000
1617656312851,6,1688928.000000,0.0
1617656313101,6,2247136.000000,172480.000000
1617656313351,6,1926816.000000,83680.000000
1617656313601,6,2432704.000000,0.0
1617656313851,6,1345920.000000,0.0
1617656314103,6,1731091.625000,176924.312500
1617656314351,6,2262458.000000,225124.500000
1617656314601,6,1596960.000000,0.0
1617656314851,6,1819296.000000,0.0
1617656315102,6,1664448.000000,347040.000000
1617656315352,6,2378955.750000,91437.750000
1617656315601,6,2506964.000000,154900.390625
1617656315852,6,2121600.000000,0.0
1617656316101,6,2082016.000000,245952.000000
1617656316351,6,1783296.000000,0.0
1617656316601,6,1669024.000000,63360.000000
1617656316851,6,1832896.000000,0.0
1617656317102,6,1837856.000000,661920.000000
1617656317351,6,2237536.000000,49952.000000
1617656317602,6,2058432.000000,302688.000000
1617656317851,6,2588320.000000,0.0
1617656318101,6,2132960.000000,564992.000000
1617656318351,6,1842624.000000,384352.000000
1617656318601,6,2405664.000000,0.0
1617656318851,6,2198080.000000,0.0
1617656319102,6,1565792.000000,194624.000000
1617656319351,6,2309920.000000,70112.000000
1617656319602,6,2343456.000000,0.0
1617656319851,6,2151936.000000,0.0
1617656320102,6,1558336.000000,583360.000000
1617656320351,6,2413920.000000,37184.000000
1617656320601,6,1871392.000000,170976.000000
1617656320852,6,2194464.000000,0.0
1617656321101,6,1223232.000000,68160.000000
1617656321351,6,1799296.000000,62272.000000
1617656321601,6,2679648.000000,23968.000000
1617656321851,6,1850688.000000,0.0
1617656322102,6,2252000.000000,224640.000000
1617656322351,6,1767808.000000,71648.000000
1617656322601,6,1534304.000000,0.0
1617656322851,6,2031008.000000,0.0
1617656323102,6,1956736.000000,129472.000000
1617656323351,6,1733120.000000,696832.000000
1617656323601,6,2106048.000000,0.0
1617656323851,6,2159648.000000,0.0
1617656324102,6,3104480.000000,251840.000000
1617656324351,6,1518784.000000,91552.000000
1617656324602,6,2011744.000000,22144.000000
1617656324851,6,1782976.000000,0.0
1617656325102,6,1940608.000000,203520.000000
1617656325351,6,1833088.000000,59648.000000
1617656325601,6,2485920.000000,19360.000000
1617656325851,6,2242400.000000,0.0
1617656326101,6,2074944.000000,170464.000000
1617656326351,6,2014752.000000,63776.000000
1617656326601,6,2248416.000000,0.0
1617656326851,6,2283200.000000,0.0
1617656327101,6,1829024.000000,126144.000000
1617656327351,6,2268192.000000,131360.000000
1617656327601,6,1862688.000000,51840.000000
1617656327851,6,1699648.000000,0.0
1617656328101,6,1879680.000000,324992.000000
1617656328351,6,1968480.000000,0.0
1617656328601,6,1862112.000000,41792.000000
1617656328851,6,1740672.000000,14208.000000
1617656329101,6,2380704.000000,293344.000000
1617656329352,6,1673056.000000,0.0
1617656329601,6,1988768.000000,9120.000000
1617656329852,6,2338720.000000,32096.000000
1617656330102,6,1705696.000000,593408.000000
1617656330351,6,1394720.000000,79584.000000
1617656330601,6,1863264.000000,0.0
1617656330851,6,2287232.000000,0.0
1617656331101,6,1942592.000000,195552.000000
1617656331351,6,2209952.000000,274400.000000
1617656331602,6,1945536.000000,0.0
1617656331852,6,1877248.000000,0.0
1617656332101,6,2038944.000000,289088.000000
1617656332351,6,2075328.000000,0.0
1617656332602,6,1826400.000000,81568.000000
1617656332852,6,2259648.000000,0.0
1617656333101,6,1651776.000000,294816.000000
1617656333351,6,1674272.000000,65760.000000
1617656333601,6,1703136.000000,71552.000000
1617656333851,6,1749472.000000,0.0
1617656334101,6,1462688.000000,602688.000000
1617656334351,6,1499104.000000,0.0
1617656334602,6,1600512.000000,100416.000000
1617656334852,6,1988448.000000,0.0
1617656335102,6,1851744.000000,327680.000000
1617656335351,6,2167104.000000,149152.000000
1617656335601,6,1801952.000000,0.0
1617656335851,6,1839936.000000,0.0
1617656336102,6,1067744.000000,289792.000000
1617656336352,6,2013760.000000,60128.000000
1617656336601,6,1813568.000000,0.0
1617656336851,6,1916832.000000,0.0
1617656337101,6,1880512.000000,622400.000000
1617656337351,6,1855136.000000,228320.000000
1617656337601,6,2109632.000000,0.0
1617656337851,6,2146976.000000,0.0
1617656338101,6,2198336.000000,280192.000000
1617656338351,6,1760512.000000,8000.000000
1617656338601,6,1479648.000000,60128.000000
1617656338851,6,1654816.000000,0.0
1617656339102,6,2769152.000000,234656.000000
1617656339351,6,1784768.000000,47488.000000
1617656339601,6,1484160.000000,0.0
1617656339852,6,2546752.000000,0.0
1617656340102,6,1752256.000000,139712.000000
1617656340351,6,1997120.000000,6976.000000
1617656340601,6,2072352.000000,36896.000000
1617656340851,6,1799808.000000,0.0
1617656341101,6,1994848.000000,244544.000000
1617656341352,6,2453536.000000,35488.000000
1617656341601,6,1768032.000000,0.0
1617656341851,6,1532352.000000,0.0
1617656342101,6,1787136.000000,592352.000000
1617656342352,6,1918400.000000,215104.000000
1617656342601,6,1570816.000000,61056.000000
1617656342852,6,1871392.000000,0.0
1617656343102,6,2232768.000000,141376.000000
1617656343351,6,2697984.000000,0.0
1617656343601,6,2571904.000000,71008.000000
1617656343851,6,1922304.000000,0.0
1617656344101,6,1770784.000000,674848.000000
1617656344351,6,1467808.000000,87840.000000
1617656344601,6,1835904.000000,36480.000000
1617656344851,6,2466656.000000,0.0
1617656345102,6,1828032.000000,156544.000000
1617656345351,6,2143808.000000,60128.000000
1617656345601,6,1677600.000000,0.0
1617656345851,6,2009632.000000,0.0
1617656346101,6,1316256.000000,73088.000000
1617656346352,6,2306656.000000,62976.000000
1617656346601,6,1965792.000000,0.0
1617656346852,6,1762432.000000,0.0
1617656347102,6,2393696.000000,137408.000000
1617656347351,6,1858656.000000,45184.000000
1617656347602,6,1530496.000000,20512.000000
1617656347851,6,2602496.000000,0.0
1617656348102,6,1837600.000000,265312.000000
1617656348351,6,2136448.000000,47264.000000
1617656348602,6,1680608.000000,0.0
1617656348851,6,1693312.000000,0.0
1617656349102,6,1553184.000000,576288.000000
1617656349351,6,1666016.000000,75680.000000
1617656349601,6,1969088.000000,0.0
1617656349851,6,2232608.000000,0.0
1617656350101,6,1513600.000000,717888.000000
1617656350351,6,1635680.000000,50688.000000
1617656350601,6,1453600.000000,0.0
1617656350851,6,2098816.000000,50272.000000
1617656351101,6,1576480.000000,756576.000000
1617656351351,6,2234816.000000,0.0
1617656351601,6,1992960.000000,76960.000000
1617656351851,6,1956000.000000,0.0
1617656352101,6,1845152.000000,50720.000000
1617656352352,6,2236896.000000,1824.000000
1617656352602,6,1899616.000000,23104.000000
1617656352851,6,1941888.000000,0.0
1617656353101,6,1845728.000000,780832.000000
1617656353351,6,1867488.000000,0.0
1617656353602,6,1774496.000000,41056.000000
1617656353851,6,2136096.000000,0.0
1617656354102,6,1292960.000000,682752.000000
1617656354352,6,2057440.000000,281536.000000
1617656354601,6,2013088.000000,0.0
1617656354851,6,1536448.000000,0.0
1617656355101,6,1879968.000000,256064.000000
1617656355351,6,2086240.000000,222400.000000
1617656355601,6,2656576.000000,0.0
1617656355851,6,2164864.000000,0.0
1617656356101,6,1606272.000000,663136.000000
1617656356351,6,2156160.000000,31904.000000
1617656356601,6,2034912.000000,14304.000000
1617656356851,6,2751200.000000,0.0
1617656357101,6,2321120.000000,271456.000000
1617656357352,6,2260401.750000,77654.617188
1617656357601,6,2019027.875000,170294.828125
1617656357851,6,1404992.000000,0.0
1617656358101,6,1548160.000000,131968.000000
1617656358351,6,2370560.000000,1312.000000
1617656358601,6,2272672.000000,60128.000000
1617656358851,6,2140320.000000,0.0
1617656359101,6,1829120.000000,649344.000000
1617656359352,6,2210048.000000,227648.000000
1617656359601,6,2322144.000000,0.0
1617656359851,6,1366272.000000,0.0
1617656360101,6,1456960.000000,665856.000000
1617656360351,6,1610464.000000,29440.000000
1617656360601,6,1678432.000000,8768.000000
1617656360851,6,1576864.000000,0.0
1617656361101,6,1427072.000000,385728.000000
1617656361351,6,2139808.000000,38336.000000
1617656361601,6,2077632.000000,22144.000000
1617656361851,6,2836160.000000,0.0
1617656362101,6,2507040.000000,695168.000000
1617656362351,6,2254016.000000,34752.000000
1617656362601,6,1966624.000000,0.0
1617656362851,6,1871904.000000,0.0
1617656363101,6,1383168.000000,275520.000000
1617656363351,6,1456000.000000,0.0
1617656363601,6,2071712.000000,37216.000000
1617656363852,6,1716416.000000,0.0
1617656364101,6,2462976.000000,30432.000000
1617656364351,6,1480864.000000,323040.000000
1617656364602,6,2144704.000000,0.0
1617656364851,6,1823296.000000,35168.000000
1617656365101,6,1610176.000000,599872.000000
1617656365351,6,2111168.000000,124288.000000
1617656365601,6,1970944.000000,19744.000000
1617656365851,6,1722880.000000,0.0
1617656366101,6,2163680.000000,675264.000000
1617656366351,6,1396832.000000,69056.000000
1617656366602,6,1837760.000000,0.0
1617656366852,6,2244608.000000,0.0
1617656367101,6,1634464.000000,760896.000000
1617656367351,6,1726400.000000,24160.000000
1617656367601,6,2096192.000000,0.0
1617656367851,6,1755104.000000,24704.000000
1617656368101,6,1604032.000000,712640.000000
1617656368352,6,1845654.625000,197943.781250
1617656368601,6,2358757.000000,0.0
1617656368851,6,1867392.000000,0.0
1617656369101,6,2132576.000000,534528.000000
1617656369351,6,1287712.000000,199520.000000
1617656369601,6,1434304.000000,253152.000000
1617656369851,6,2134272.000000,0.0
1617656370101,6,2021792.000000,594496.000000
1617656370351,6,1815008.000000,2464.000000
1617656370601,6,1623936.000000,0.0
1617656370851,6,1557984.000000,96576.000000
1617656371101,6,2350304.000000,617056.000000
1617656371352,6,1239168.000000,82720.000000
1617656371602,6,1637728.000000,65472.000000
1617656371851,6,1632192.000000,0.0
1617656372101,6,2427392.000000,260896.000000
1617656372352,6,2376896.000000,6976.000000
1617656372601,6,1916096.000000,284544.000000
1617656372852,6,2075840.000000,0.0
1617656373102,6,1677184.000000,309504.000000
1617656373351,6,1395584.000000,36992.000000
1617656373601,6,2192192.000000,13952.000000
1617656373852,6,2067552.000000,0.0
1617656374101,6,2296064.000000,127296.000000
1617656374351,6,1920352.000000,105792.000000
1617656374601,6,1591808.000000,1024.000000
1617656374851,6,2278720.000000,0.0
1617656375101,6,1887648.000000,315680.000000
1617656375351,6,1772704.000000,61440.000000
1617656375601,6,2510560.000000,0.0
1617656375851,6,2014016.000000,0.0
1617656376101,6,1739104.000000,456512.000000
1617656376351,6,2500192.000000,54592.000000
1617656376601,6,1948736.000000,0.0
1617656376851,6,2281888.000000,0.0
1617656377101,6,2138848.000000,199264.000000
1617656377351,6,2108896.000000,0.0
1617656377602,6,1680928.000000,86048.000000
1617656377851,6,1193792.000000,0.0
1617656378102,6,2168800.000000,194624.000000
1617656378351,6,1560288.000000,62464.000000
1617656378601,6,1668960.000000,5536.000000
1617656378851,6,1998432.000000,0.0
1617656379102,6,1757344.000000,207072.000000
1617656379351,6,1672160.000000,0.0
1617656379601,6,2042016.000000,73600.000000
1617656379851,6,1619488.000000,0.0
1617656380101,6,1975680.000000,511072.000000
1617656380351,6,1804960.000000,60320.000000
1617656380601,6,2419680.000000,0.0
1617656380851,6,2020992.000000,0.0
1617656381101,6,2445568.000000,513120.000000
1617656381351,6,2513472.000000,67264.000000
1617656381602,6,1683584.000000,0.0
1617656381851,6,1690496.000000,0.0
1617656382102,6,1624223.125000,331059.781250
1617656382351,6,1822682.750000,65028.109375
1617656382601,6,1505728.000000,0.0
1617656382852,6,2071552.000000,0.0
1617656383102,6,2129184.000000,457216.000000
1617656383351,6,1358176.000000,0.0
1617656383601,6,2231776.000000,70176.000000
1617656383851,6,1956832.000000,0.0
1617656384101,6,2176288.000000,285888.000000
1617656384351,6,2392800.000000,3488.000000
1617656384601,6,2537504.000000,0.0
1617656384851,6,1942528.000000,30592.000000
1617656385102,6,2134944.000000,166528.000000
1617656385351,6,1980384.000000,0.0
1617656385601,6,1555712.000000,422464.000000
1617656385852,6,1863936.000000,0.0
1617656386102,6,2253792.000000,239808.000000
1617656386351,6,1448096.000000,0.0
1617656386601,6,2334816.000000,55264.000000
1617656386851,6,1821312.000000,0.0
1617656387101,6,2351456.000000,343232.000000
1617656387351,6,1826688.000000,73472.000000
1617656387601,6,1670304.000000,0.0
1617656387851,6,1715936.000000,0.0
1617656388101,6,1978848.000000,643232.000000
1617656388352,6,2373056.000000,191136.000000
1617656388601,6,1903616.000000,163296.000000
1617656388851,6,2280384.000000,0.0
1617656389101,6,1981536.000000,608384.000000
1617656389351,6,1664064.000000,285536.000000
1617656389601,6,1703360.000000,39648.000000
1617656389851,6,2626336.000000,0.0
1617656390101,6,2514656.000000,613408.000000
1617656390351,6,1881216.000000,47392.000000
1617656390601,6,2035712.000000,18688.000000
1617656390851,6,1372256.000000,0.0
1617656391101,6,1660320.000000,150848.000000
1617656391351,6,2531136.000000,135360.000000
1617656391601,6,2027808.000000,0.0
1617656391852,6,1793632.000000,0.0
1617656392102,6,2127552.000000,302208.000000
1617656392351,6,2270528.000000,58240.000000
1617656392601,6,1655552.000000,0.0
1617656392851,6,2088928.000000,0.0
1617656393101,6,1567680.000000,324192.000000
1617656393352,6,1520032.000000,147552.000000
1617656393601,6,1990240.000000,0.0
1617656393851,6,1618240.000000,0.0
1617656394102,6,1933344.000000,396512.000000
1617656394351,6,1759872.000000,72320.000000
1617656394601,6,1771744.000000,72864.000000
1617656394852,6,2381344.000000,0.0
1617656395102,6,2358912.000000,570848.000000
1617656395351,6,1835072.000000,0.0
1617656395601,6,1926240.000000,56096.000000
1617656395851,6,2195456.000000,0.0
1617656396102,6,2041952.000000,686848.000000
1617656396351,6,2137792.000000,0.0
1617656396601,6,1549376.000000,56928.000000
1617656396851,6,1843264.000000,0.0
1617656397102,6,2267136.000000,330496.000000
1617656397352,6,2328224.000000,0.0
1617656397601,6,1414208.000000,72640.000000
1617656397851,6,1706784.000000,0.0
1617656398102,6,2100064.000000,209376.000000
1617656398351,6,1308032.000000,74624.000000
1617656398601,6,2180576.000000,0.0
1617656398851,6,2130880.000000,0.0
1617656399101,6,1969632.000000,633312.000000
1617656399351,6,2291936.000000,60128.000000
1617656399601,6,1992128.000000,0.0
1617656399851,6,2084128.000000,0.0
1617656400103,6,2367680.250000,168816.687500
1617656400351,6,2694977.750000,92926.843750
1617656400601,6,2257568.000000,0.0
1617656400851,6,2007616.000000,0.0
1617656401102,6,1911456.000000,18048.000000
1617656401351,6,1938304.000000,753216.000000
1617656401602,6,2213216.000000,50368.000000
1617656401851,6,1619584.000000,0.0
1617656402102,6,1915584.000000,253408.000000
1617656402352,6,2187520.000000,32032.000000
1617656402601,6,2021280.000000,0.0
1617656402852,6,1630624.000000,0.0
1617656403102,6,1951744.000000,209280.000000
1617656403352,6,1679776.000000,182496.000000
1617656403602,6,2543168.000000,20992.000000
1617656403852,6,1890560.000000,0.0
1617656404102,6,1584896.000000,662688.000000
1617656404351,6,2134560.000000,214880.000000
1617656404602,6,2076544.000000,0.0
1617656404851,6,1767968.000000,0.0
1617656405102,6,2129152.000000,260576.000000
1617656405352,6,2643808.000000,65664.000000
1617656405601,6,1859328.000000,0.0
1617656405851,6,1978336.000000,0.0
1617656406102,6,1810848.000000,613472.000000
1617656406351,6,2517024.000000,163136.000000
1617656406601,6,1334144.000000,0.0
1617656406851,6,1402304.000000,0.0
1617656407101,6,1730944.000000,146560.000000
1617656407351,6,1548256.000000,56704.000000
1617656407601,6,1798432.000000,19584.000000
1617656407851,6,2472736.000000,0.0
1617656408101,6,2231840.000000,667264.000000
1617656408351,6,1764448.000000,65056.000000
1617656408601,6,1823680.000000,83904.000000
1617656408851,6,2017280.000000,0.0
1617656409102,6,1790560.000000,805888.000000
1617656409352,6,1814656.000000,11360.000000
1617656409602,6,2313792.000000,59232.000000
1617656409851,6,2175712.000000,0.0
1617656410101,6,1629120.000000,613568.000000
1617656410351,6,1827712.000000,202624.000000
1617656410602,6,2505280.000000,0.0
1617656410851,6,1792320.000000,0.0
1617656411102,6,2494784.000000,474592.000000
1617656411351,6,3218464.000000,57152.000000
1617656411601,6,1552192.000000,0.0
1617656411851,6,2289632.000000,57216.000000
1617656412101,6,1724544.000000,229056.000000
1617656412351,6,1785856.000000,249792.000000
1617656412602,6,2058752.000000,0.0
1617656412851,6,1508544.000000,0.0
1617656413101,6,1979168.000000,52800.000000
1617656413351,6,2738336.000000,49184.000000
1617656413601,6,2011008.000000,52384.000000
1617656413851,6,2513184.000000,0.0
1617656414101,6,2664800.000000,146304.000000
1617656414351,6,1874816.000000,40768.000000
1617656414602,6,1632416.000000,0.0
1617656414851,6,1734688.000000,0.0
1617656415102,6,2181120.000000,213888.000000
1617656415351,6,1154112.000000,0.0
1617656415601,6,2198624.000000,347424.000000
1617656415851,6,1882272.000000,0.0
1617656416102,6,1527008.000000,584576.000000
1617656416352,6,2192992.000000,225728.000000
1617656416601,6,2105728.000000,183168.000000
1617656416851,6,1793472.000000,0.0
1617656417102,6,2122496.000000,212320.000000
1617656417351,6,2161216.000000,0.0
1617656417601,6,1681440.000000,392864.000000
1617656417851,6,2624640.000000,0.0
1617656418101,6,1775136.000000,921984.000000
1617656418351,6,2356064.000000,0.0
1617656418601,6,2036256.000000,54592.000000
1617656418851,6,2376608.000000,0.0
1617656419102,6,1786912.000000,280672.000000
1617656419351,6,1876800.000000,0.0
1617656419601,6,1558816.000000,53696.000000
1617656419851,6,2432352.000000,0.0
1617656420102,6,2112832.000000,243680.000000
1617656420352,6,1600160.000000,1312.000000
1617656420601,6,2068320.000000,60128.000000
1617656420851,6,2697888.000000,0.0
1617656421102,6,1693344.000000,646208.000000
1617656421351,6,1746720.000000,24160.000000
1617656421602,6,2115584.000000,0.0
1617656421851,6,2184352.000000,7680.000000
1617656422101,6,2057472.000000,565536.000000
1617656422351,6,1794368.000000,6464.000000
1617656422602,6,1742880.000000,396096.000000
1617656422851,6,1942048.000000,0.0
1617656423101,6,1839712.000000,132288.000000
1617656423351,6,2293472.000000,75680.000000
1617656423601,6,2027040.000000,0.0
1617656423852,6,2688928.000000,0.0
1617656424101,6,1545504.000000,252160.000000
1617656424351,6,1197056.000000,114816.000000
1617656424602,6,1981280.000000,14208.000000
1617656424851,6,2663424.000000,0.0
1617656425101,6,1590752.000000,252768.000000
1617656425351,6,1400224.000000,43104.000000
1617656425601,6,1709920.000000,19360.000000
1617656425852,6,1796000.000000,0.0
1617656426101,6,1899488.000000,122688.000000
1617656426351,6,1513952.000000,599456.000000
1617656426602,6,1985600.000000,0.0
1617656426851,6,1500608.000000,0.0
1617656427102,6,1320352.000000,646656.000000
1617656427351,6,1476096.000000,55040.000000
1617656427601,6,2040896.000000,23712.000000
1617656427852,6,1984448.000000,5536.000000
1617656428102,6,1868768.000000,196512.000000
1617656428351,6,1856576.000000,17056.000000
1617656428602,6,1489856.000000,19840.000000
1617656428852,6,1522912.000000,0.0
1617656429101,6,1997120.000000,124480.000000
1617656429351,6,1913664.000000,138976.000000
1617656429601,6,1795872.000000,0.0
1617656429851,6,2844160.000000,0.0
1617656430101,6,2142848.000000,489632.000000
1617656430351,6,1531328.000000,227552.000000
1617656430601,6,1702560.000000,22080.000000
1617656430851,6,1678720.000000,4704.000000
1617656431101,6,2050816.000000,45440.000000
1617656431352,6,1842240.000000,115648.000000
1617656431601,6,1702656.000000,0.0
1617656431852,6,2146912.000000,0.0
1617656432101,6,2662592.000000,630720.000000
1617656432352,6,1724256.000000,47040.000000
1617656432601,6,1950368.000000,0.0
1617656432852,6,2348608.000000,0.0
1617656433101,6,1660352.000000,481376.000000
1617656433351,6,1878656.000000,0.0
1617656433601,6,2056704.000000,0.0
1617656433851,6,1847520.000000,33664.000000
1617656434101,6,1902272.000000,593408.000000
1617656434351,6,1883456.000000,70304.000000
1617656434601,6,1465728.000000,0.0
1617656434851,6,2691712.000000,0.0
1617656435101,6,2356192.000000,701696.000000
1617656435351,6,1673888.000000,0.0
1617656435601,6,2350144.000000,40320.000000
1617656435851,6,1630752.000000,0.0
1617656436101,6,1622240.000000,676416.000000
1617656436351,6,1999872.000000,36704.000000
1617656436602,6,2623520.000000,8512.000000
1617656436851,6,2117120.000000,0.0
1617656437102,6,2252800.000000,216192.000000
1617656437352,6,1981408.000000,15616.000000
1617656437602,6,1715232.000000,54592.000000
1617656437852,6,1797440.000000,0.0
1617656438102,6,1686912.000000,672320.000000
1617656438351,6,1752736.000000,14976.000000
1617656438601,6,1885280.000000,53696.000000
1617656438851,6,1751008.000000,0.0
1617656439101,6,2154464.000000,660736.000000
1617656439352,6,1795136.000000,43552.000000
1617656439601,6,2060960.000000,0.0
1617656439852,6,1768704.000000,0.0
1617656440102,6,1489024.000000,109024.000000
1617656440351,6,2106464.000000,118912.000000
1617656440601,6,2064832.000000,8512.000000
1617656440852,6,1925824.000000,0.0
1617656441101,6,1848448.000000,67296.000000
1617656441351,6,2374016.000000,100736.000000
1617656441601,6,1936864.000000,56928.000000
1617656441851,6,1746368.000000,0.0
1617656442101,6,2033792.000000,210496.000000
1617656442351,6,1873152.000000,84064.000000
1617656442601,6,1765504.000000,0.0
1617656442851,6,2016992.000000,0.0
1617656443102,6,1902304.000000,742304.000000
1617656443352,6,2559296.000000,77024.000000
1617656443602,6,2179168.000000,25120.000000
1617656443851,6,2173440.000000,0.0
1617656444101,6,1811808.000000,773824.000000
1617656444351,6,2326336.000000,86368.000000
1617656444601,6,2545792.000000,0.0
1617656444851,6,2040032.000000,0.0
1617656445101,6,2197984.000000,723872.000000
1617656445351,6,2068352.000000,42048.000000
1617656445601,6,1679520.000000,267584.000000
1617656445852,6,1989472.000000,0.0
1617656446101,6,1921760.000000,537952.000000
1617656446351,6,1517376.000000,0.0
1617656446601,6,1595296.000000,48032.000000
1617656446851,6,1742688.000000,0.0
1617656447101,6,1943264.000000,202784.000000
1617656447352,6,1733760.000000,79072.000000
1617656447602,6,1584448.000000,66016.000000
1617656447852,6,1526752.000000,0.0
1617656448101,6,2832768.000000,172320.000000
1617656448351,6,1347680.000000,549568.000000
1617656448601,6,2667776.000000,12512.000000
1617656448851,6,2295296.000000,0.0
1617656449101,6,1804224.000000,394016.000000
1617656449351,6,2225152.000000,0.0
1617656449601,6,2243552.000000,36256.000000
1617656449851,6,2036512.000000,50592.000000
1617656450101,6,2025984.000000,804352.000000
1617656450351,6,1940544.000000,1312.000000
1617656450601,6,1699072.000000,154048.000000
1617656450851,6,2291456.000000,0.0
1617656451101,6,2406752.000000,286496.000000
1617656451351,6,2505952.000000,0.0
1617656451601,6,2395200.000000,60128.000000
1617656451851,6,1468448.000000,17056.000000
1617656452103,6,2432384.000000,236928.000000
1617656452352,6,1505984.000000,183168.000000
1617656452601,6,1757408.000000,45184.000000
1617656452851,6,2025600.000000,14048.000000
1617656453102,6,1870112.000000,163968.000000
1617656453351,6,1296096.000000,1312.000000
1617656453601,6,2632288.000000,53600.000000
1617656453851,6,1670656.000000,7104.000000
1617656454101,6,2388096.000000,528768.000000
1617656454351,6,1698624.000000,343136.000000
1617656454601,6,2052512.000000,0.0
1617656454851,6,1786368.000000,0.0
1617656455102,6,1753088.000000,602112.000000
1617656455351,6,2579552.000000,6976.000000
1617656455601,6,1830208.000000,351936.000000
1617656455851,6,1689280.000000,0.0
1617656456102,6,1594432.000000,147680.000000
1617656456351,6,2201408.000000,78624.000000
1617656456601,6,1684704.000000,0.0
1617656456851,6,1713088.000000,0.0
1617656457101,6,1363328.000000,629952.000000
1617656457351,6,1754176.000000,290144.000000
1617656457601,6,1649120.000000,0.0
1617656457851,6,1520512.000000,0.0
1617656458101,6,2572224.000000,240160.000000
1617656458351,6,1948832.000000,57344.000000
1617656458601,6,2876736.000000,18336.000000
1617656458851,6,1978624.000000,0.0
1617656459102,6,1726944.000000,163200.000000
1617656459351,6,1852896.000000,158016.000000
1617656459602,6,2744960.000000,0.0
1617656459851,6,1424704.000000,0.0
1617656460101,6,1532576.000000,490432.000000
1617656460351,6,2028256.000000,183168.000000
1617656460601,6,1626944.000000,0.0
1617656460851,6,2436704.000000,96352.000000
1617656461101,6,1974528.000000,579072.000000
1617656461351,6,1656992.000000,158560.000000
1617656461602,6,1487456.000000,12384.000000
1617656461851,6,2782592.000000,0.0
1617656462101,6,2501984.000000,123776.000000
1617656462352,6,1931200.000000,82496.000000
1617656462601,6,1425664.000000,0.0
1617656462852,6,1906176.000000,0.0
1617656463101,6,1722048.000000,577696.000000
1617656463352,6,2251616.000000,0.0
1617656463601,6,1748960.000000,63008.000000
1617656463852,6,2215456.000000,0.0
1617656464102,6,1730208.000000,587616.000000
1617656464351,6,2118176.000000,60576.000000
1617656464601,6,2157248.000000,75680.000000
1617656464851,6,1622400.000000,0.0
1617656465101,6,2208576.000000,584352.000000
1617656465351,6,1970016.000000,60128.000000
1617656465601,6,1711488.000000,0.0
1617656465852,6,1842976.000000,0.0
1617656466102,6,1795520.000000,683296.000000
1617656466351,6,1672832.000000,73856.000000
1617656466601,6,2047648.000000,0.0
1617656466851,6,2236224.000000,0.0
1617656467101,6,1826688.000000,661152.000000
1617656467351,6,2000416.000000,376896.000000
1617656467601,6,1393216.000000,0.0
1617656467851,6,1879200.000000,0.0
1617656468102,6,2044960.000000,119328.000000
1617656468352,6,1672178.375000,97024.257812
1617656468602,6,2129578.500000,121625.500000
1617656468851,6,1899904.000000,0.0
1617656469104,6,2038000.000000,577206.375000
1617656469351,6,1688000.000000,61548.386719
1617656469602,6,1882112.000000,36640.000000
1617656469851,6,1886272.000000,0.0
1617656470101,6,2842720.000000,355776.000000
1617656470351,6,2205504.000000,60128.000000
1617656470601,6,2147008.000000,0.0
1617656470851,6,1790816.000000,0.0
1617656471101,6,1833440.000000,132352.000000
1617656471351,6,1779392.000000,579872.000000
1617656471601,6,2143968.000000,237632.000000
1617656471851,6,2029696.000000,0.0
1617656472101,6,2131136.000000,448416.000000
1617656472351,6,1701760.000000,6976.000000
1617656472602,6,1893440.000000,207104.000000
1617656472851,6,2207168.000000,0.0
1617656473101,6,2066240.000000,550144.000000
1617656473351,6,2191264.000000,65856.000000
1617656473602,6,1560736.000000,0.0
1617656473851,6,1441056.000000,0.0
1617656474101,6,2283584.000000,656896.000000
1617656474351,6,1766272.000000,8000.000000
1617656474601,6,1428544.000000,54816.000000
1617656474851,6,1643104.000000,0.0
1617656475101,6,1628352.000000,638080.000000
1617656475352,6,1632608.000000,196032.000000
1617656475601,6,1864640.000000,0.0
1617656475851,6,2370656.000000,0.0
1617656476101,6,1688352.000000,178816.000000
1617656476352,6,1679872.000000,0.0
1617656476601,6,2003040.000000,75680.000000
1617656476852,6,2150496.000000,0.0
1617656477102,6,2107552.000000,730176.000000
1617656477351,6,1409760.000000,0.0
1617656477602,6,2706432.000000,0.0
1617656477851,6,1396704.000000,32736.000000
1617656478101,6,1683520.000000,274400.000000
1617656478351,6,1870912.000000,80512.000000
1617656478601,6,2491104.000000,5536.000000
1617656478851,6,1506976.000000,0.0
1617656479101,6,1960512.000000,444640.000000
1617656479351,6,2208544.000000,67424.000000
1617656479601,6,1967200.000000,0.0
1617656479852,6,1686784.000000,0.0
1617656480101,6,1933280.000000,548896.000000
1617656480351,6,2355456.000000,257536.000000
1617656480601,6,1726240.000000,0.0
1617656480852,6,1930208.000000,0.0
1617656481101,6,2650624.000000,155392.000000
1617656481352,6,1696288.000000,579008.000000
1617656481601,6,2265440.000000,0.0
1617656481851,6,2342688.000000,52992.000000
1617656482101,6,1636672.000000,198272.000000
1617656482351,6,2297568.000000,42336.000000
1617656482601,6,2312896.000000,15360.000000
1617656482851,6,1739008.000000,0.0
1617656483101,6,1674880.000000,330496.000000
1617656483351,6,1984128.000000,93568.000000
1617656483601,6,1689024.000000,14048.000000
1617656483851,6,1401600.000000,0.0
1617656484102,6,1869408.000000,584096.000000
1617656484352,6,2079808.000000,305888.000000
1617656484602,6,1232416.000000,0.0
1617656484851,6,2007392.000000,0.0
1617656485102,6,2077617.500000,354533.531250
1617656485351,6,1550464.000000,0.0
1617656485601,6,2154176.000000,53696.000000
1617656485851,6,1531168.000000,0.0
1617656486101,6,1826240.000000,555648.000000
1617656486351,6,1757312.000000,14976.000000
1617656486602,6,2177312.000000,35360.000000
1617656486851,6,2637536.000000,0.0
1617656487102,6,3057767.250000,221718.875000
1617656487351,6,1811888.375000,0.0
1617656487601,6,1555392.000000,301440.000000
1617656487851,6,1488032.000000,0.0
1617656488101,6,3388928.000000,627104.000000
1617656488352,6,2075136.000000,49088.000000
1617656488601,6,1605888.000000,64768.000000
1617656488851,6,1850976.000000,0.0
1617656489101,6,2212928.000000,246912.000000
1617656489351,6,2381632.000000,56384.000000
1617656489602,6,1848032.000000,61376.000000
1617656489851,6,2035456.000000,0.0
1617656490101,6,1675104.000000,801344.000000
1617656490351,6,2114773.500000,52032.000000
1617656490601,6,1753130.125000,21664.000000
1617656490851,6,2058176.000000,0.0
1617656491102,6,1938592.000000,474464.000000
1617656491351,6,1347424.000000,231456.000000
1617656491601,6,1542016.000000,19744.000000
1617656491851,6,1880256.000000,0.0
1617656492101,6,2049440.000000,129664.000000
1617656492351,6,1912928.000000,96064.000000
1617656492601,6,1414208.000000,0.0
1617656492851,6,2417920.000000,0.0
1617656493101,6,1673824.000000,725152.000000
1617656493351,6,1820832.000000,45184.000000
1617656493602,6,2787488.000000,19584.000000
1617656493852,6,2155712.000000,0.0
1617656494101,6,2135072.000000,255648.000000
1617656494351,6,1934560.000000,220896.000000
1617656494601,6,2932768.000000,61056.000000
1617656494851,6,2347840.000000,0.0
1617656495101,6,1766520.000000,608835.000000
1617656495351,6,1552933.375000,0.0
1617656495601,6,2376642.500000,58184.738281
1617656495852,6,2252653.250000,0.0
1617656496101,6,2011424.000000,693952.000000
1617656496351,6,1734400.000000,53056.000000
1617656496601,6,1690592.000000,32064.000000
1617656496851,6,1787520.000000,0.0
1617656497101,6,2120288.000000,145024.000000
1617656497352,6,2129216.000000,51872.000000
1617656497601,6,1892544.000000,0.0
1617656497851,6,2130688.000000,0.0
1617656498102,6,1532960.000000,306400.000000
1617656498351,6,1756768.000000,0.0
1617656498601,6,2069056.000000,49088.000000
1617656498851,6,1932480.000000,0.0
1617656499101,6,1695904.000000,360064.000000
1617656499351,6,2252384.000000,73664.000000
1617656499601,6,2155808.000000,0.0
1617656499851,6,1638144.000000,0.0
1617656500101,6,1730656.000000,29280.000000
1617656500351,6,1632192.000000,631648.000000
1617656500601,6,1711872.000000,17536.000000
1617656500851,6,2031552.000000,0.0
1617656501102,6,2137152.000000,287808.000000
1617656501352,6,2124256.000000,97632.000000
1617656501601,6,2306368.000000,0.0
1617656501851,6,2696352.000000,0.0
1617656502101,6,2273856.000000,338464.000000
1617656502352,6,1913088.000000,0.0
1617656502601,6,2183392.000000,54592.000000
1617656502851,6,1575008.000000,0.0
1617656503101,6,2024064.000000,146624.000000
1617656503352,6,2033024.000000,367776.000000
1617656503601,6,1740416.000000,0.0
1617656503851,6,1980448.000000,0.0
1617656504101,6,1481984.000000,655744.000000
1617656504351,6,1793920.000000,75680.000000
1617656504602,6,1731104.000000,0.0
1617656504851,6,2563648.000000,0.0
1617656505101,6,2314464.000000,275872.000000
1617656505351,6,2124608.000000,23904.000000
1617656505601,6,2457792.000000,19840.000000
1617656505852,6,1553152.000000,0.0
1617656506101,6,2187616.000000,721504.000000
1617656506352,6,1720448.000000,34816.000000
1617656506601,6,1668960.000000,0.0
1617656506851,6,1664480.000000,0.0
1617656507103,6,1879362.625000,676366.625000
1617656507351,6,2162570.250000,8032.128418
1617656507601,6,1987680.000000,287776.000000
1617656507852,6,2196064.000000,0.0
1617656508101,6,1732288.000000,167872.000000
1617656508351,6,1596192.000000,61056.000000
1617656508601,6,1889920.000000,0.0
1617656508851,6,1907200.000000,0.0
1617656509101,6,1834752.000000,288352.000000
1617656509352,6,1549216.000000,161024.000000
1617656509601,6,2338176.000000,112896.000000
1617656509852,6,2097152.000000,0.0
1617656510101,6,2143200.000000,332416.000000
1617656510351,6,2214784.000000,84064.000000
1617656510601,6,1527582.375000,0.0
1617656510851,6,1638183.250000,0.0
1617656511102,6,2289216.000000,642144.000000
1617656511352,6,1832704.000000,62464.000000
1617656511601,6,2498304.000000,0.0
1617656511851,6,2112608.000000,0.0
1617656512102,6,1681421.625000,579123.562500
1617656512351,6,2724981.750000,172941.515625
1617656512602,6,1651456.000000,0.0
1617656512851,6,2227040.000000,0.0
1617656513102,6,1692293.125000,245014.359375
1617656513352,6,1889329.250000,40160.000000
1617656513601,6,2332320.000000,0.0
1617656513851,6,2024960.000000,0.0
1617656514102,6,1513568.000000,595616.000000
1617656514352,6,1768384.000000,58464.000000
1617656514602,6,2155072.000000,19584.000000
1617656514852,6,1607296.000000,0.0
1617656515102,6,1706944.000000,684864.000000
1617656515352,6,1579488.000000,36544.000000
1617656515601,6,2331872.000000,18688.000000
1617656515851,6,2220128.000000,0.0
1617656516101,6,2134656.000000,335200.000000
1617656516351,6,2437920.000000,87264.000000
1617656516601,6,2421984.000000,0.0
1617656516851,6,2061920.000000,0.0
1617656517101,6,1978176.000000,489280.000000
1617656517351,6,1337664.000000,142816.000000
1617656517601,6,1995008.000000,0.0
1617656517851,6,1193184.000000,0.0
1617656518101,6,1715392.000000,295744.000000
1617656518351,6,1890624.000000,53632.000000
1617656518601,6,1875968.000000,0.0
1617656518851,6,1690496.000000,0.0
1617656519101,6,1924960.000000,475392.000000
1617656519351,6,1790176.000000,0.0
1617656519602,6,1852608.000000,102272.000000
1617656519852,6,2334528.000000,0.0
1617656520101,6,1705952.000000,663200.000000
1617656520351,6,2043200.000000,52448.000000
1617656520601,6,1859296.000000,0.0
1617656520852,6,1500384.000000,0.0
1617656521102,6,1657728.000000,660960.000000
1617656521351,6,1510944.000000,55168.000000
1617656521601,6,2337248.000000,19360.000000
1617656521851,6,1112544.000000,0.0
1617656522101,6,1651904.000000,578560.000000
1617656522351,6,2364512.000000,39648.000000
1617656522601,6,2277024.000000,0.0
1617656522851,6,1403648.000000,56864.000000
1617656523101,6,2179168.000000,405952.000000
1617656523351,6,2065472.000000,17056.000000
1617656523601,6,2763727.000000,14361.445312
1617656523852,6,1710151.375000,0.0
1617656524101,6,2015136.000000,87936.000000
1617656524351,6,1754912.000000,133792.000000
1617656524601,6,1881056.000000,0.0
1617656524851,6,1173088.000000,0.0
1617656525101,6,1932704.000000,552160.000000
1617656525351,6,1825216.000000,88320.000000
1617656525601,6,1821654.625000,0.0
1617656525851,6,2198193.500000,0.0
1617656526102,6,1956851.500000,777670.687500
1617656526351,6,1954390.500000,68876.492188
1617656526601,6,2017184.000000,0.0
1617656526851,6,2053664.000000,0.0
1617656527102,6,1472063.750000,704191.250000
1617656527351,6,2080192.750000,334747.000000
1617656527602,6,2069504.000000,0.0
1617656527852,6,2100416.000000,0.0
1617656528101,6,971776.000000,227456.000000
1617656528351,6,2617440.000000,110400.000000
1617656528601,6,2060800.000000,0.0
1617656528851,6,1967488.000000,0.0
1617656529101,6,2861312.000000,516896.000000
1617656529351,6,1992512.000000,64320.000000
1617656529602,6,1799744.000000,14304.000000
1617656529851,6,2282368.000000,0.0
1617656530101,6,2153792.000000,709792.000000
1617656530351,6,1593120.000000,50528.000000
1617656530601,6,2062592.000000,0.0
1617656530852,6,1846373.500000,0.0
1617656531101,6,1227663.500000,612695.625000
1617656531352,6,1508512.000000,270752.000000
1617656531602,6,2385536.000000,0.0
1617656531851,6,2120416.000000,0.0
1617656532101,6,2602272.000000,330560.000000
1617656532352,6,1894400.000000,380320.000000
1617656532601,6,2022560.000000,42112.000000
1617656532851,6,2444576.000000,0.0
1617656533101,6,1966400.000000,521472.000000
1617656533351,6,1874144.000000,149376.000000
1617656533601,6,1814976.000000,0.0
1617656533851,6,2000416.000000,0.0
1617656534101,6,1564000.000000,416864.000000
1617656534351,6,1987616.000000,250752.000000
1617656534601,6,2184384.000000,0.0
1617656534851,6,1544800.000000,0.0
1617656535101,6,1627968.000000,476896.000000
1617656535351,6,2029888.000000,36896.000000
1617656535601,6,2182304.000000,0.0
1617656535851,6,2928160.000000,0.0
1617656536101,6,1352992.000000,88608.000000
1617656536352,6,2291712.000000,378464.000000
1617656536602,6,1699776.000000,0.0
1617656536851,6,1810656.000000,0.0
1617656537102,6,2019872.000000,191232.000000
1617656537351,6,2195456.000000,60672.000000
1617656537602,6,1898912.000000,0.0
1617656537851,6,1849216.000000,0.0
1617656538101,6,1661472.000000,547968.000000
1617656538351,6,993696.000000,141024.000000
1617656538602,6,1915200.000000,245760.000000
1617656538852,6,1734048.000000,0.0
1617656539102,6,1587744.000000,536320.000000
1617656539351,6,1994080.000000,54592.000000
1617656539601,6,1570144.000000,0.0
1617656539851,6,1630624.000000,0.0
1617656540102,6,2198528.000000,201408.000000
1617656540351,6,1558144.000000,39008.000000
1617656540601,6,1676256.000000,0.0
1617656540851,6,1821120.000000,0.0
1617656541101,6,1800832.000000,588640.000000
1617656541351,6,1604928.000000,57120.000000
1617656541602,6,1555264.000000,0.0
1617656541851,6,1631424.000000,24704.000000
1617656542102,6,2009510.125000,660626.500000
1617656542351,6,1981227.000000,6948.207031
1617656542602,6,2065216.000000,215104.000000
1617656542852,6,2606944.000000,0.0
1617656543101,6,2162592.000000,285632.000000
1617656543352,6,1676640.000000,56704.000000
1617656543601,6,2040672.000000,14048.000000
1617656543851,6,1760416.000000,0.0
1617656544102,6,2173376.000000,462592.000000
1617656544351,6,2641952.000000,366944.000000
1617656544601,6,2420832.000000,0.0
1617656544851,6,1831168.000000,0.0
1617656545101,6,1944672.000000,157216.000000
1617656545351,6,1570432.000000,288608.000000
1617656545602,6,1744896.000000,39648.000000
1617656545851,6,2316640.000000,0.0
1617656546101,6,1829333.375000,196626.500000
1617656546352,6,2393721.250000,41051.792969
1617656546602,6,2028096.000000,14048.000000
1617656546851,6,2499584.000000,0.0
1617656547102,6,2576352.000000,243232.000000
1617656547351,6,2042944.000000,61280.000000
1617656547602,6,2569440.000000,32064.000000
1617656547851,6,2194912.000000,0.0
1617656548101,6,1706272.000000,770176.000000
1617656548352,6,1707104.000000,32224.000000
1617656548601,6,1922944.000000,39616.000000
1617656548851,6,1419360.000000,0.0
1617656549102,6,2248992.000000,168064.000000
1617656549351,6,2906368.000000,5536.000000
1617656549601,6,1771616.000000,133376.000000
1617656549851,6,2327968.000000,0.0
1617656550101,6,2190976.000000,394752.000000
1617656550351,6,1940224.000000,75040.000000
1617656550601,6,1519196.750000,0.0
1617656550852,6,1513434.250000,0.0
1617656551102,6,2198112.000000,660448.000000
1617656551351,6,1705184.000000,88832.000000
1617656551602,6,2557280.000000,71808.000000
1617656551851,6,1716544.000000,0.0
1617656552101,6,2301056.000000,194336.000000
1617656552351,6,1616864.000000,0.0
1617656552602,6,2112980.000000,54784.000000
1617656552852,6,1861517.375000,0.0
1617656553102,6,1764160.000000,630432.000000
1617656553351,6,1892672.000000,45184.000000
1617656553601,6,1905504.000000,19584.000000
1617656553852,6,1661600.000000,0.0
1617656554102,6,1630144.000000,543392.000000
1617656554352,6,2544000.000000,153440.000000
1617656554601,6,2128928.000000,5536.000000
1617656554851,6,1951168.000000,0.0
1617656555101,6,1830272.000000,214848.000000
1617656555351,6,1851360.000000,0.0
1617656555602,6,2036672.000000,411712.000000
1617656555851,6,1643264.000000,0.0
1617656556101,6,1522560.000000,331872.000000
1617656556351,6,2288288.000000,0.0
1617656556601,6,1849984.000000,130848.000000
1617656556851,6,1785056.000000,0.0
1617656557102,6,2198560.000000,627776.000000
1617656557351,6,1733952.000000,0.0
1617656557601,6,2616192.000000,64480.000000
1617656557851,6,2603808.000000,0.0
1617656558102,6,1880544.000000,192416.000000
1617656558351,6,2013856.000000,61568.000000
1617656558601,6,2156320.000000,5536.000000
1617656558851,6,1932864.000000,0.0
1617656559102,6,1974240.000000,98912.000000
1617656559352,6,1629536.000000,53216.000000
1617656559601,6,2134176.000000,23968.000000
1617656559851,6,1584928.000000,0.0
1617656560101,6,1765504.000000,653312.000000
1617656560351,6,3015936.000000,111200.000000
1617656560601,6,1643296.000000,0.0
1617656560851,6,1649568.000000,0.0
1617656561101,6,2707488.000000,548384.000000
1617656561351,6,2451424.000000,69984.000000
1617656561601,6,1483744.000000,0.0
1617656561851,6,2029152.000000,17056.000000
1617656562102,6,2033440.000000,521216.000000
1617656562352,6,1777888.000000,168064.000000
1617656562601,6,2631008.000000,24224.000000
1617656562851,6,2048064.000000,0.0
1617656563102,6,2097504.000000,62592.000000
1617656563351,6,2016128.000000,579232.000000
1617656563602,6,1842795.125000,0.0
1617656563851,6,1812908.250000,0.0
1617656564101,6,1945632.000000,134752.000000
1617656564351,6,1860576.000000,0.0
1617656564601,6,1385504.000000,0.0
1617656564851,6,1819200.000000,33024.000000
1617656565102,6,1854779.125000,615325.312500
1617656565351,6,1870597.500000,207521.906250
1617656565602,6,1436416.000000,0.0
1617656565852,6,1555040.000000,0.0
1617656566102,6,1671552.000000,253984.000000
1617656566352,6,3275520.000000,208672.000000
1617656566601,6,1703808.000000,122112.000000
1617656566852,6,2161216.000000,0.0
1617656567101,6,2257248.000000,629312.000000
1617656567351,6,2000512.000000,83136.000000
1617656567602,6,1636896.000000,0.0
1617656567852,6,1915840.000000,0.0
1617656568102,6,1487168.000000,708064.000000
1617656568351,6,2091680.000000,32416.000000
1617656568601,6,2668896.000000,0.0
1617656568851,6,2193856.000000,0.0
1617656569101,6,2296064.000000,607104.000000
1617656569351,6,1648064.000000,105536.000000
1617656569601,6,2331776.000000,0.0
1617656569851,6,2123264.000000,0.0
1617656570102,6,2388160.000000,205088.000000
1617656570351,6,2064672.000000,131264.000000
1617656570601,6,2139360.000000,0.0
1617656570851,6,1342368.000000,0.0
1617656571101,6,2133760.000000,489344.000000
1617656571352,6,2152288.000000,149632.000000
1617656571601,6,2325952.000000,0.0
1617656571851,6,2726752.000000,0.0
1617656572102,6,1469172.750000,600835.312500
1617656572351,6,1630406.375000,72669.320312
1617656572602,6,2176096.000000,0.0
1617656572851,6,2314816.000000,0.0
1617656573102,6,2158496.000000,739552.000000
1617656573351,6,1795072.000000,43104.000000
1617656573601,6,1837728.000000,56928.000000
1617656573851,6,1644416.000000,0.0
1617656574101,6,1514560.000000,268128.000000
1617656574351,6,2243104.000000,59232.000000
1617656574601,6,1911456.000000,0.0
1617656574852,6,2087200.000000,0.0
1617656575101,6,1885472.000000,129920.000000
1617656575352,6,2479488.000000,80832.000000
1617656575602,6,2016224.000000,325888.000000
1617656575851,6,2222592.000000,0.0
1617656576102,6,1799648.000000,389408.000000
1617656576351,6,1834624.000000,9024.000000
1617656576602,6,1812128.000000,0.0
1617656576851,6,1630336.000000,35392.000000
1617656577102,6,2194112.000000,208768.000000
1617656577352,6,1985632.000000,71648.000000
1617656577601,6,1649696.000000,0.0
1617656577852,6,1629120.000000,0.0
1617656578102,6,2119776.000000,252320.000000
1617656578352,6,2661024.000000,24928.000000
1617656578601,6,1875680.000000,0.0
1617656578851,6,1651936.000000,14112.000000
1617656579102,6,1838624.000000,474112.000000
1617656579351,6,1999424.000000,200128.000000
1617656579601,6,1746880.000000,0.0
1617656579851,6,1830016.000000,0.0
1617656580102,6,2077440.000000,222656.000000
1617656580351,6,1896096.000000,366784.000000
1617656580602,6,1764576.000000,0.0
1617656580851,6,2733024.000000,0.0
1617656581102,6,1858720.000000,357344.000000
1617656581351,6,1469280.000000,75648.000000
1617656581601,6,2230464.000000,0.0
1617656581851,6,1222592.000000,0.0
1617656582101,6,1739968.000000,183840.000000
1617656582352,6,2245152.000000,63776.000000
1617656582601,6,1926368.000000,259200.000000
1617656582851,6,2481824.000000,0.0
1617656583102,6,1745472.000000,204864.000000
1617656583352,6,2557163.250000,421609.593750
1617656583602,6,2048576.500000,0.0
1617656583851,6,1481600.000000,0.0
1617656584101,6,1785344.000000,669792.000000
1617656584352,6,1382624.000000,100160.000000
1617656584601,6,1881472.000000,0.0
1617656584851,6,2068192.000000,0.0
1617656585102,6,1774304.000000,640864.000000
1617656585352,6,1930560.000000,104608.000000
1617656585601,6,2159968.000000,330080.000000
1617656585852,6,2282048.000000,0.0
1617656586102,6,1874912.000000,377984.000000
1617656586351,6,1719200.000000,42624.000000
1617656586601,6,1431904.000000,2880.000000
1617656586852,6,1721536.000000,0.0
1617656587101,6,1780768.000000,111616.000000
1617656587352,6,2003232.000000,67520.000000
1617656587601,6,2516704.000000,0.0
1617656587851,6,2017280.000000,0.0
1617656588101,6,1434592.000000,653088.000000
1617656588351,6,1815488.000000,26496.000000
1617656588602,6,2209920.000000,0.0
1617656588851,6,2396928.000000,0.0
1617656589102,6,1793760.000000,841408.000000
1617656589352,6,2202144.000000,123520.000000
1617656589601,6,2033312.000000,0.0
1617656589852,6,1798112.000000,0.0
1617656590102,6,1917856.000000,787552.000000
1617656590351,6,1444704.000000,36128.000000
1617656590602,6,1893312.000000,0.0
1617656590852,6,1650048.000000,60768.000000
1617656591102,6,1630944.000000,661888.000000
1617656591352,6,2469408.000000,11488.000000
1617656591601,6,1608544.000000,0.0
1617656591851,6,1535104.000000,32096.000000
1617656592101,6,1894752.000000,633696.000000
1617656592352,6,1699808.000000,6848.000000
1617656592601,6,1829632.000000,54592.000000
1617656592852,6,2075296.000000,0.0
1617656593102,6,1674068.125000,300824.031250
1617656593351,6,2798190.250000,0.0
1617656593601,6,1887936.000000,24160.000000
1617656593852,6,2450912.000000,9504.000000
1617656594101,6,1474944.000000,642944.000000
1617656594352,6,2108160.000000,132864.000000
1617656594602,6,2031904.000000,5536.000000
1617656594852,6,1865088.000000,0.0
1617656595102,6,2051200.000000,418144.000000
1617656595351,6,2181664.000000,211008.000000
1617656595602,6,2054662.000000,39936.000000
1617656595851,6,1876492.375000,0.0
1617656596102,6,2204768.000000,345920.000000
1617656596351,6,1877376.000000,0.0
1617656596602,6,2291808.000000,98720.000000
1617656596851,6,2501760.000000,0.0
1617656597102,6,1592160.000000,697344.000000
1617656597352,6,1900832.000000,124160.000000
1617656597602,6,1456578.375000,208192.765625
1617656597852,6,2242709.250000,0.0
1617656598101,6,1886560.000000,124608.000000
1617656598352,6,1977056.000000,81216.000000
1617656598601,6,1537245.500000,0.0
1617656598851,6,2151168.250000,0.0
1617656599102,6,1582565.750000,623075.687500
1617656599351,6,1828992.000000,59136.000000
1617656599601,6,2063424.000000,0.0
1617656599851,6,1746528.000000,0.0
1617656600101,6,2601696.000000,608544.000000
1617656600352,6,1320288.000000,31136.000000
1617656600602,6,1931072.000000,0.0
1617656600852,6,2216718.000000,55284.691406
1617656601102,6,1834462.625000,242654.468750
1617656601351,6,2235552.000000,288672.000000
1617656601601,6,1677536.000000,0.0
1617656601852,6,1949216.000000,0.0
1617656602102,6,2073600.000000,693888.000000
1617656602351,6,2000288.000000,0.0
1617656602602,6,1588800.000000,15456.000000
1617656602851,6,1608511.750000,34708.691406
1617656603103,6,2066735.000000,789165.250000
1617656603352,6,1985959.875000,15036.144531
1617656603602,6,2731872.000000,28000.000000
1617656603851,6,1981120.000000,0.0
1617656604102,6,1683488.000000,213728.000000
1617656604351,6,1998656.000000,211808.000000
1617656604601,6,1963552.000000,0.0
1617656604852,6,1755104.000000,40608.000000
1617656605102,6,2001504.000000,772672.000000
1617656605351,6,1511488.000000,0.0
1617656605602,6,1584608.000000,247808.000000
1617656605852,6,2362176.000000,0.0
1617656606101,6,1787104.000000,557760.000000
1617656606351,6,1576320.000000,110688.000000
1617656606602,6,2130088.250000,0.0
1617656606852,6,1960000.000000,0.0
1617656607102,6,1898592.000000,537760.000000
1617656607352,6,1621600.000000,492032.000000
1617656607602,6,1232800.000000,0.0
1617656607851,6,2275584.000000,0.0
1617656608102,6,1540416.000000,641152.000000
1617656608352,6,1957824.000000,258336.000000
1617656608601,6,2408768.000000,61056.000000
1617656608852,6,1742784.000000,0.0
1617656609101,6,1460800.000000,107104.000000
1617656609351,6,1709728.000000,128704.000000
1617656609602,6,1809920.000000,377760.000000
1617656609852,6,2145760.000000,0.0
1617656610102,6,2167328.000000,452928.000000
1617656610351,6,2370336.000000,0.0
1617656610601,6,1819346.500000,82848.000000
1617656610851,6,1571022.250000,0.0
1617656611102,6,1533697.250000,338043.875000
1617656611351,6,1507586.375000,0.0
1617656611602,6,1793984.000000,76704.000000
1617656611851,6,2408064.000000,0.0
1617656612102,6,1771889.375000,633764.875000
1617656612351,6,1871278.250000,57244.046875
1617656612601,6,1817984.000000,0.0
1617656612852,6,2230880.000000,0.0
1617656613102,6,2268896.000000,86688.000000
1617656613352,6,1688224.000000,594592.000000
1617656613602,6,2654368.000000,0.0
1617656613852,6,2112320.000000,0.0
1617656614102,6,1804448.000000,312384.000000
1617656614352,6,2885632.000000,0.0
1617656614602,6,2336480.000000,24160.000000
1617656614851,6,1976480.000000,51680.000000
1617656615102,6,1464640.000000,5536.000000
1617656615351,6,1726400.000000,170528.000000
1617656615602,6,2115392.000000,0.0
1617656615851,6,2119840.000000,9504.000000
1617656616102,6,1706264.375000,411598.406250
1617656616352,6,1715578.000000,253054.343750
1617656616601,6,2221408.000000,71008.000000
1617656616852,6,3125024.000000,0.0
1617656617102,6,1863648.000000,104320.000000
1617656617351,6,1787712.000000,43520.000000
1617656617602,6,1681056.000000,0.0
1617656617851,6,1944867.375000,22457.832031
1617656618101,6,2454333.500000,634107.187500
1617656618352,6,2142720.000000,0.0
1617656618601,6,1969760.000000,171136.000000
1617656618852,6,1791008.000000,0.0
1617656619102,6,2409792.000000,149280.000000
1617656619351,6,1775360.000000,13152.000000
1617656619602,6,2287776.000000,214336.000000
1617656619852,6,1909472.000000,0.0
1617656620101,6,2485719.000000,429815.250000
1617656620352,6,1694053.875000,31995.537109
1617656620601,6,2142945.500000,0.0
1617656620851,6,1955091.625000,0.0
1617656621101,6,1865248.000000,614656.000000
1617656621351,6,1503104.000000,77312.000000
1617656621601,6,1620832.000000,3136.000000
1617656621851,6,2767616.000000,0.0
1617656622102,6,2024416.000000,160640.000000
1617656622352,6,2288832.000000,67104.000000
1617656622602,6,1991392.000000,0.0
1617656622852,6,1610016.000000,0.0
1617656623102,6,1810176.000000,136768.000000
1617656623352,6,1951392.000000,177984.000000
1617656623601,6,1955968.000000,103680.000000
1617656623852,6,2266688.000000,0.0
1617656624102,6,1491520.000000,308576.000000
1617656624352,6,1906432.000000,0.0
1617656624602,6,1826240.000000,41216.000000
1617656624852,6,1759808.000000,0.0
1617656625103,6,1869450.125000,728414.312500
1617656625352,6,1909654.625000,49349.398438
1617656625601,6,2096576.000000,0.0
1617656625852,6,2014924.750000,0.0
1617656626102,6,1683735.875000,206409.000000
1617656626352,6,2009301.625000,197111.109375
1617656626602,6,2336996.000000,36497.992188
1617656626851,6,2151904.000000,0.0
1617656627102,6,2045217.125000,694640.562500
1617656627351,6,2155100.000000,85504.000000
1617656627601,6,2150396.500000,0.0
1617656627851,6,2425746.000000,0.0
1617656628101,6,1451616.000000,614944.000000
1617656628351,6,1706816.000000,105280.000000
1617656628602,6,2155855.250000,0.0
1617656628852,6,2462215.000000,0.0
1617656629102,6,2150240.000000,634400.000000
1617656629352,6,1665638.625000,62939.757812
1617656629602,6,1792295.375000,474358.562500
1617656629852,6,1310757.250000,0.0
1617656630102,6,2154016.000000,247904.000000
1617656630351,6,1680352.000000,46688.000000
1617656630601,6,1745856.000000,0.0
1617656630851,6,1504768.000000,0.0
1617656631102,6,1725824.000000,118304.000000
1617656631352,6,1764608.000000,50080.000000
1617656631601,6,2068672.000000,19360.000000
1617656631852,6,1857440.000000,0.0
1617656632101,6,1945285.125000,315084.343750
1617656632352,6,1287107.625000,30470.119141
1617656632601,6,1733728.000000,74752.000000
1617656632852,6,1631296.000000,0.0
1617656633102,6,2106368.000000,33952.000000
1617656633352,6,1952996.000000,642088.375000
1617656633602,6,2033434.250000,7330.677246
1617656633851,6,2066208.000000,0.0
1617656634102,6,1454176.000000,231680.000000
1617656634351,6,1786112.000000,336704.000000
1617656634601,6,1689253.000000,0.0
1617656634851,6,1881211.125000,0.0
1617656635101,6,1786208.000000,146688.000000
1617656635352,6,1887744.000000,262432.000000
1617656635602,6,1614144.000000,0.0
1617656635852,6,1803744.000000,0.0
1617656636102,6,1792352.000000,592672.000000
1617656636351,6,1821504.000000,152256.000000
1617656636602,6,1794144.000000,5536.000000
1617656636852,6,1683040.000000,0.0
1617656637102,6,2358720.000000,119008.000000
1617656637352,6,2425856.000000,14976.000000
1617656637602,6,2077440.000000,50496.000000
1617656637851,6,2005280.000000,0.0
1617656638102,6,1454720.000000,515360.000000
1617656638352,6,1825248.000000,0.0
1617656638601,6,2012640.000000,196608.000000
1617656638851,6,2406272.000000,0.0
1617656639102,6,1954912.000000,582368.000000
1617656639352,6,2321568.000000,157824.000000
1617656639601,6,2354749.500000,0.0
1617656639852,6,2190406.500000,0.0
1617656640102,6,1712352.000000,114016.000000
1617656640352,6,1558592.000000,18848.000000
1617656640602,6,1599168.000000,71648.000000
1617656640852,6,2516192.000000,0.0
1617656641102,6,1430528.000000,288512.000000
1617656641352,6,1827584.000000,235264.000000
1617656641602,6,1840576.000000,20800.000000
1617656641852,6,1806688.000000,0.0
1617656642101,6,2167458.000000,609971.812500
1617656642352,6,1843532.625000,54144.000000
1617656642602,6,2029664.000000,103296.000000
1617656642852,6,2452704.000000,0.0
1617656643101,6,2234825.000000,696074.437500
1617656643352,6,1475742.875000,23520.000000
1617656643602,6,2035296.000000,0.0
1617656643852,6,2876192.000000,54752.000000
1617656644102,6,1799296.000000,700096.000000
1617656644351