Timestamp,num_ues,IMSI,RNTI,,slicing_enabled,slice_id,slice_prb,power_multiplier,scheduling_policy,,dl_mcs,dl_n_samples,dl_buffer [bytes],tx_brate downlink [Mbps],tx_pkts downlink,tx_errors downlink (%),dl_cqi,,ul_mcs,ul_n_samples,ul_buffer [bytes],rx_brate uplink [Mbps],rx_pkts uplink,rx_errors uplink (%),ul_rssi,ul_sinr,phr,,sum_requested_prbs,sum_granted_prbs,,dl_pmi,dl_ri,ul_n,ul_turbo_iters
1613952017621,1,1010123456024,70,,1,0,24,1,2,,3.09091,33,0,0.005312,8,0,7,,11.5263,38,0,0.111552,11,0,0,27.3821,31,,13,33,,0,0,0,1
1613952017871,1,1010123456024,70,,1,0,24,1,2,,4.42857,7,0,0.00592,3,0,7,,11,18,0,0.1,5,0,0,26.6075,31,,0,6,,0,0,0,1
1613952018121,3,1010123456024,70,,1,0,24,1,2,,0,0,0,0,0,0,7,,0,0,0,0,0,0,0,0,0,,0,0,,0,0,0,0
1613952018371,3,1010123456024,70,,1,0,24,1,2,,0,0,0,0,0,0,7,,0,0,0,0,0,0,0,0,0,,0,0,,0,0,0,0
1613952018620,3,1010123456024,70,,1,0,24,1,2,,0,0,0,0,0,0,7,,0,0,0,0,0,0,0,0,0,,0,0,,0,0,0,0
1613952018871,3,1010123456024,70,,1,0,24,1,2,,0,0,0,0,0,0,7,,0,0,0,0,0,0,0,0,0,,0,0,,0,0,0,0
1613952019121,4,1010123456024,70,,1,0,24,1,2,,0,0,0,0,0,0,7,,0,0,0,0,0,0,0,0,0,,0,0,,0,0,0,0
1613952019370,4,1010123456024,70,,1,0,24,1,2,,0,0,0,0,0,0,7,,0,0,0,0,0,0,0,0,0,,0,0,,0,0,0,0
1613952019621,4,1010123456024,70,,1,0,24,1,2,,0,0,0,0,0,0,7,,0,0,0,0,0,0,0,0,0,,0,0,,0,0,0,0
1613952019871,4,1010123456024,70,,1,0,24,1,2,,0,0,0,0,0,0,7.16667,,0,0,0,0,0,0,0,0,0,,0,0,,0,0,0,0
1613952020120,3,1010123456024,70,,1,0,24,1,2,,0,0,0,0,0,0,6.66667,,0,0,0,0,0,0,0,0,0,,0,0,,0,0,0,0
1613952020371,5,1010123456024,70,,1,0,24,1,2,,0,0,0,0,0,0,7,,0,0,0,0,0,0,0,0,0,,0,0,,0,0,0,0
1613952020620,5,1010123456024,70,,1,0,24,1,2,,0,0,0,0,0,0,6.16667,,0,0,0,0,0,0,0,0,0,,0,0,,0,0,0,0
1613952020888,6,1010123456024,70,,1,0,24,1,2,,0,0,0,0,0,0,7,,0,0,0,0,0,0,0,0,0,,0,0,,0,0,0,0
1613952021121,7,1010123456024,70,,1,0,24,1,2,,0,0,0,0,0,0,6.66667,,0,0,0,0,0,0,0,0,0,,0,0,,0,0,0,0
1613952021371,6,1010123456024,70,,1,0,24,1,2,,0,0,0,0,0,0,7.14286,,0,0,0,0,0,0,0,0,0,,0,0,,0,0,0,0
1613952021621,6,1010123456024,70,,1,0,24,1,2,,0,0,0,0,0,0,7,,0,0,0,0,0,0,0,0,0,,0,0,,0,0,0,0
1613952021871,6,1010123456024,70,,1,0,24,1,2,,0,0,0,0,0,0,7,,0,0,0,0,0,0,0,0,0,,0,0,,0,0,0,0
1613952022121,6,1010123456024,70,,1,0,24,1,2,,0,0,0,0,0,0,7.6,,0,0,0,0,0,0,0,0,0,,0,0,,0,0,0,0
1613952022371,6,1010123456024,70,,1,0,24,1,2,,0,0,0,0,0,0,7,,0,0,0,0,0,0,0,0,0,,0,0,,0,0,0,0
1613952022621,6,1010123456024,70,,1,0,24,1,2,,0,0,0,0,0,0,7,,0,0,0,0,0,0,0,0,0,,0,0,,0,0,0,0
1613952022871,6,1010123456024,70,,1,0,24,1,2,,0,0,0,0,0,0,7,,0,0,0,0,0,0,0,0,0,,0,0,,0,0,0,0
1613952023121,6,1010123456024,70,,1,0,24,1,2,,0,0,0,0,0,0,7,,0,0,0,0,0,0,0,0,0,,0,0,,0,0,0,0
1613952023371,6,1010123456024,70,,1,0,24,1,2,,0,0,0,0,0,0,7.14286,,0,0,0,0,0,0,0,0,0,,0,0,,0,0,0,0
1613952023620,6,1010123456024,70,,1,0,24,1,2,,0,0,0,0,0,0,6.8,,0,0,0,0,0,0,0,0,0,,0,0,,0,0,0,0
1613952023870,6,1010123456024,70,,1,0,24,1,2,,0,0,0,0,0,0,8,,0,0,0,0,0,0,0,0,0,,0,0,,0,0,0,0
1613952024121,6,1010123456024,70,,1,0,24,1,2,,0,0,0,0,0,0,7,,0,0,0,0,0,0,0,0,0,,0,0,,0,0,0,0
1613952024371,6,1010123456024,70,,1,0,24,1,2,,0,0,0,0,0,0,7.14286,,0,0,0,0,0,0,0,0,0,,0,0,,0,0,0,0
1613952024621,6,1010123456024,70,,1,0,24,1,2,,0,0,0,0,0,0,7.25,,0,0,0,0,0,0,0,0,0,,0,0,,0,0,0,0
1613952024871,6,1010123456024,70,,1,0,24,1,2,,0,0,0,0,0,0,6.33333,,0,0,0,0,0,0,0,0,0,,0,0,,0,0,0,0
1613952025121,6,1010123456024,70,,1,0,24,1,2,,0,0,0,0,0,0,8,,0,0,0,0,0,0,0,0,0,,0,0,,0,0,0,0
1613952025371,6,1010123456024,70,,1,0,24,1,2,,0,0,0,0,0,0,6,,0,0,0,0,0,0,0,0,0,,0,0,,0,0,0,0
1613952025621,6,1010123456024,70,,1,0,24,1,2,,0,0,0,0,0,0,7,,0,0,0,0,0,0,0,0,0,,0,0,,0,0,0,0
1613952025870,6,1010123456024,70,,1,0,24,1,2,,0,0,0,0,0,0,8,,0,0,0,0,0,0,0,0,0,,0,0,,0,0,0,0
1613952026121,6,1010123456024,70,,1,0,24,1,2,,0,0,0,0,0,0,7.4,,0,0,0,0,0,0,0,0,0,,0,0,,0,0,0,0
1613952026371,6,1010123456024,70,,1,0,24,1,2,,0,0,0,0,0,0,6.4,,0,0,0,0,0,0,0,0,0,,0,0,,0,0,0,0
1613952026621,6,1010123456024,70,,1,0,24,1,2,,0,0,0,0,0,0,8,,0,0,0,0,0,0,0,0,0,,0,0,,0,0,0,0
1613952026871,6,1010123456024,70,,1,0,24,1,2,,0,0,0,0,0,0,8.25,,0,0,0,0,0,0,0,0,0,,0,0,,0,0,0,0
1613952027120,6,1010123456024,70,,1,0,24,1,2,,0,0,0,0,0,0,8,,0,0,0,0,0,0,0,0,0,,0,0,,0,0,0,0
1613952027371,6,1010123456024,70,,1,0,24,1,2,,0,0,0,0,0,0,6.33333,,0,0,0,0,0,0,0,0,0,,0,0,,0,0,0,0
1613952027621,6,1010123456024,70,,1,0,24,1,2,,0,0,0,0,0,0,7,,0,0,0,0,0,0,0,0,0,,0,0,,0,0,0,0
1613952027871,6,1010123456024,70,,1,0,24,1,2,,0,0,0,0,0,0,6.5,,0,0,0,0,0,0,0,0,0,,0,0,,0,0,0,0
1613952028121,6,1010123456024,70,,1,0,24,1,2,,0,0,0,0,0,0,7,,0,0,0,0,0,0,0,0,0,,0,0,,0,0,0,0
1613952028371,6,1010123456024,70,,1,0,24,1,2,,0,0,0,0,0,0,6.4,,0,0,0,0,0,0,0,0,0,,0,0,,0,0,0,0
1613952028621,6,1010123456024,70,,1,0,24,1,2,,0,0,0,0,0,0,7,,0,0,0,0,0,0,0,0,0,,0,0,,0,0,0,0
1613952028871,6,1010123456024,70,,1,0,24,1,2,,0,0,0,0,0,0,7,,0,0,0,0,0,0,0,0,0,,0,0,,0,0,0,0
1613952029121,6,1010123456024,70,,1,0,24,1,2,,0,0,0,0,0,0,6,,0,0,0,0,0,0,0,0,0,,0,0,,0,0,0,0
1613952029370,6,1010123456024,70,,1,0,24,1,2,,0,0,0,0,0,0,7.83333,,0,0,0,0,0,0,0,0,0,,0,0,,0,0,0,0
1613952029621,6,1010123456024,70,,1,0,24,1,2,,0,0,0,0,0,0,7,,0,0,0,0,0,0,0,0,0,,0,0,,0,0,0,0
1613952029871,6,1010123456024,70,,1,0,24,1,2,,0,0,0,0,0,0,7.6,,0,0,0,0,0,0,0,0,0,,0,0,,0,0,0,0
1613952030120,6,1010123456024,70,,1,0,24,1,2,,0,0,0,0,0,0,7.5,,0,0,0,0,0,0,0,0,0,,0,0,,0,0,0,0
1613952030371,6,1010123456024,70,,1,0,24,1,2,,0,0,0,0,0,0,7.5,,0,0,0,0,0,0,0,0,0,,0,0,,0,0,0,0
1613952030621,6,1010123456024,70,,1,0,24,1,2,,0,0,0,0,0,0,6.33333,,0,0,0,0,0,0,0,0,0,,0,0,,0,0,0,0
1613952030871,6,1010123456024,70,,1,0,24,1,2,,0,0,0,0,0,0,6.6,,0,0,0,0,0,0,0,0,0,,0,0,,0,0,0,0
1613952031121,6,1010123456024,70,,1,0,24,1,2,,0,0,0,0,0,0,7,,0,0,0,0,0,0,0,0,0,,0,0,,0,0,0,0
1613952031371,6,1010123456024,70,,1,0,24,1,2,,0,0,0,0,0,0,8,,0,0,0,0,0,0,0,0,0,,0,0,,0,0,0,0
1613952031620,6,1010123456024,70,,1,0,24,1,2,,0,0,0,0,0,0,7.6,,0,0,0,0,0,0,0,0,0,,0,0,,0,0,0,0
1613952031871,6,1010123456024,70,,1,0,24,1,2,,0,0,0,0,0,0,8.2,,0,0,0,0,0,0,0,0,0,,0,0,,0,0,0,0
1613952032120,6,1010123456024,70,,1,0,24,1,2,,0,0,0,0,0,0,4.8,,0,0,0,0,0,0,0,0,0,,0,0,,0,0,0,0
1613952032371,6,1010123456024,70,,1,0,24,1,2,,0,0,0,0,0,0,7.4,,0,0,0,0,0,0,0,0,0,,0,0,,0,0,0,0
1613952032621,6,1010123456024,70,,1,0,24,1,2,,0,0,0,0,0,0,8.2,,0,0,0,0,0,0,0,0,0,,0,0,,0,0,0,0
1613952032871,6,1010123456024,70,,1,0,24,1,2,,0,0,0,0,0,0,6.5,,0,0,0,0,0,0,0,0,0,,0,0,,0,0,0,0
1613952033121,6,1010123456024,70,,1,0,24,1,2,,0,0,0,0,0,0,7.66667,,0,0,0,0,0,0,0,0,0,,0,0,,0,0,0,0
1613952033371,6,1010123456024,70,,1,0,24,1,2,,0,0,0,0,0,0,7,,0,0,0,0,0,0,0,0,0,,0,0,,0,0,0,0
1613952033621,6,1010123456024,70,,1,0,24,1,2,,0,0,0,0,0,0,7,,0,0,0,0,0,0,0,0,0,,0,0,,0,0,0,0
1613952033871,6,1010123456024,70,,1,0,24,1,2,,0,0,0,0,0,0,7,,0,0,0,0,0,0,0,0,0,,0,0,,0,0,0,0
1613952034121,6,1010123456024,70,,1,0,24,1,2,,0,0,0,0,0,0,7,,0,0,0,0,0,0,0,0,0,,0,0,,0,0,0,0
1613952034371,6,1010123456024,70,,1,0,24,1,2,,0,0,0,0,0,0,7,,0,0,0,0,0,0,0,0,0,,0,0,,0,0,0,0
1613952034621,6,1010123456024,70,,1,0,24,1,2,,0,0,0,0,0,0,5.83333,,0,0,0,0,0,0,0,0,0,,0,0,,0,0,0,0
1613952034871,6,1010123456024,70,,1,0,24,1,2,,0,0,0,0,0,0,7,,0,0,0,0,0,0,0,0,0,,0,0,,0,0,0,0
1613952035121,6,1010123456024,70,,1,0,24,1,2,,0,0,0,0,0,0,6.6,,0,0,0,0,0,0,0,0,0,,0,0,,0,0,0,0
1613952035371,6,1010123456024,70,,1,0,24,1,2,,0,0,0,0,0,0,6.83333,,0,0,0,0,0,0,0,0,0,,0,0,,0,0,0,0
1613952035621,6,1010123456024,70,,1,0,24,1,2,,0,0,0,0,0,0,7,,0,0,0,0,0,0,0,0,0,,0,0,,0,0,0,0
1613952035871,6,1010123456024,70,,1,0,24,1,2,,0,0,0,0,0,0,7,,0,0,0,0,0,0,0,0,0,,0,0,,0,0,0,0
1613952036120,6,1010123456024,70,,1,0,24,1,2,,0,0,0,0,0,0,7.5,,0,0,0,0,0,0,0,0,0,,0,0,,0,0,0,0
1613952036371,6,1010123456024,70,,1,0,24,1,2,,0,0,0,0,0,0,7.16667,,0,0,0,0,0,0,0,0,0,,0,0,,0,0,0,0
1613952036621,6,1010123456024,70,,1,0,24,1,2,,0,0,0,0,0,0,7.16667,,0,0,0,0,0,0,0,0,0,,0,0,,0,0,0,0
1613952036871,6,1010123456024,70,,1,0,24,1,2,,0,0,0,0,0,0,7.75,,0,0,0,0,0,0,0,0,0,,0,0,,0,0,0,0
1613952037121,6,1010123456024,70,,1,0,24,1,2,,0,0,0,0,0,0,7,,0,0,0,0,0,0,0,0,0,,0,0,,0,0,0,0
1613952037371,6,1010123456024,70,,1,0,24,1,2,,0,0,0,0,0,0,8,,0,0,0,0,0,0,0,0,0,,0,0,,0,0,0,0
1613952037620,6,1010123456024,70,,1,0,24,1,2,,0,0,0,0,0,0,5.66667,,0,0,0,0,0,0,0,0,0,,0,0,,0,0,0,0
1613952037871,6,1010123456024,70,,1,0,24,1,2,,0,0,0,0,0,0,7,,0,0,0,0,0,0,0,0,0,,0,0,,0,0,0,0
1613952038121,6,1010123456024,70,,1,0,24,1,2,,0,0,0,0,0,0,7,,0,0,0,0,0,0,0,0,0,,0,0,,0,0,0,0
1613952038371,6,1010123456024,70,,1,0,24,1,2,,0,0,0,0,0,0,8,,0,0,0,0,0,0,0,0,0,,0,0,,0,0,0,0
1613952038621,6,1010123456024,70,,1,0,24,1,2,,0,0,0,0,0,0,7,,0,0,0,0,0,0,0,0,0,,0,0,,0,0,0,0
1613952038871,6,1010123456024,70,,1,0,24,1,2,,0,0,0,0,0,0,7.25,,0,0,0,0,0,0,0,0,0,,0,0,,0,0,0,0
1613952039121,6,1010123456024,70,,1,0,24,1,2,,0,0,0,0,0,0,7,,0,0,0,0,0,0,0,0,0,,0,0,,0,0,0,0
1613952039371,6,1010123456024,70,,1,0,24,1,2,,0,0,0,0,0,0,7.16667,,0,0,0,0,0,0,0,0,0,,0,0,,0,0,0,0
1613952039621,6,1010123456024,70,,1,0,24,1,2,,0,0,0,0,0,0,7,,0,0,0,0,0,0,0,0,0,,0,0,,0,0,0,0
1613952039871,6,1010123456024,70,,1,0,24,1,2,,0,0,0,0,0,0,7,,0,0,0,0,0,0,0,0,0,,0,0,,0,0,0,0
1613952040121,6,1010123456024,70,,1,0,24,1,2,,0,0,0,0,0,0,7.6,,0,0,0,0,0,0,0,0,0,,0,0,,0,0,0,0
1613952040371,6,1010123456024,70,,1,0,24,1,2,,0,0,0,0,0,0,7.66667,,0,0,0,0,0,0,0,0,0,,0,0,,0,0,0,0
1613952040621,6,1010123456024,70,,1,0,24,1,2,,0,0,0,0,0,0,7.5,,0,0,0,0,0,0,0,0,0,,0,0,,0,0,0,0
1613952040871,6,1010123456024,70,,1,0,24,1,2,,0,0,0,0,0,0,7,,0,0,0,0,0,0,0,0,0,,0,0,,0,0,0,0
1613952041121,6,1010123456024,70,,1,0,24,1,2,,0,0,0,0,0,0,7,,0,0,0,0,0,0,0,0,0,,0,0,,0,0,0,0
1613952041371,6,1010123456024,70,,1,0,24,1,2,,0,0,0,0,0,0,7.14286,,0,0,0,0,0,0,0,0,0,,0,0,,0,0,0,0
1613952041621,6,1010123456024,70,,1,0,24,1,2,,0,0,0,0,0,0,7,,0,0,0,0,0,0,0,0,0,,0,0,,0,0,0,0
1613952041871,6,1010123456024,70,,1,0,24,1,2,,0,0,0,0,0,0,6.75,,0,0,0,0,0,0,0,0,0,,0,0,,0,0,0,0
1613952042121,6,1010123456024,70,,1,0,24,1,2,,0,0,0,0,0,0,8.25,,0,0,0,0,0,0,0,0,0,,0,0,,0,0,0,0
1613952042371,6,1010123456024,70,,1,0,24,1,2,,0,0,0,0,0,0,8.2,,0,0,0,0,0,0,0,0,0,,0,0,,0,0,0,0
1613952042620,6,1010123456024,70,,1,0,24,1,2,,0,0,0,0,0,0,8,,0,0,0,0,0,0,0,0,0,,0,0,,0,0,0,0
1613952042871,6,1010123456024,70,,1,0,24,1,2,,0,0,0,0,0,0,7.2,,0,0,0,0,0,0,0,0,0,,0,0,,0,0,0,0
1613952043120,6,1010123456024,70,,1,0,24,1,2,,0,0,0,0,0,0,8.25,,0,0,0,0,0,0,0,0,0,,0,0,,0,0,0,0
1613952043371,6,1010123456024,70,,1,0,24,1,2,,0,0,0,0,0,0,8.4,,0,0,0,0,0,0,0,0,0,,0,0,,0,0,0,0
1613952043620,6,1010123456024,70,,1,0,24,1,2,,0,0,0,0,0,0,7,,0,0,0,0,0,0,0,0,0,,0,0,,0,0,0,0
1613952043871,6,1010123456024,70,,1,0,24,1,2,,0,0,0,0,0,0,8.4,,0,0,0,0,0,0,0,0,0,,0,0,,0,0,0,0
1613952044121,6,1010123456024,70,,1,0,24,1,2,,0,0,0,0,0,0,7.66667,,0,0,0,0,0,0,0,0,0,,0,0,,0,0,0,0
1613952044371,6,1010123456024,70,,1,0,24,1,2,,0,0,0,0,0,0,8.2,,0,0,0,0,0,0,0,0,0,,0,0,,0,0,0,0
1613952044621,6,1010123456024,70,,1,0,24,1,2,,0,0,0,0,0,0,5.83333,,0,0,0,0,0,0,0,0,0,,0,0,,0,0,0,0
1613952044871,6,1010123456024,70,,1,0,24,1,2,,0,0,0,0,0,0,7.2,,0,0,0,0,0,0,0,0,0,,0,0,,0,0,0,0
1613952045121,6,1010123456024,70,,1,0,24,1,2,,0,0,0,0,0,0,7,,0,0,0,0,0,0,0,0,0,,0,0,,0,0,0,0
1613952045371,6,1010123456024,70,,1,0,24,1,2,,0,0,0,0,0,0,7,,0,0,0,0,0,0,0,0,0,,0,0,,0,0,0,0
1613952045620,6,1010123456024,70,,1,0,24,1,2,,0,0,0,0,0,0,7.16667,,0,0,0,0,0,0,0,0,0,,0,0,,0,0,0,0
1613952045871,6,1010123456024,70,,1,0,24,1,2,,0,0,0,0,0,0,7,,0,0,0,0,0,0,0,0,0,,0,0,,0,0,0,0
1613952046121,6,1010123456024,70,,1,0,24,1,2,,0,0,0,0,0,0,5.5,,0,0,0,0,0,0,0,0,0,,0,0,,0,0,0,0
1613952046371,6,1010123456024,70,,1,0,24,1,2,,0,0,0,0,0,0,7,,0,0,0,0,0,0,0,0,0,,0,0,,0,0,0,0
1613952046621,6,1010123456024,70,,1,0,24,1,2,,0,0,0,0,0,0,10.5,,0,0,0,0,0,0,0,0,0,,0,0,,0,0,0,0
1613952046871,6,1010123456024,70,,1,0,24,1,2,,0,0,0,0,0,0,7.2,,0,0,0,0,0,0,0,0,0,,0,0,,0,0,0,0
1613952047120,6,1010123456024,70,,1,0,24,1,2,,0,0,0,0,0,0,7,,0,0,0,0,0,0,0,0,0,,0,0,,0,0,0,0
1613952047371,6,1010123456024,70,,1,0,24,1,2,,0,0,0,0,0,0,7,,0,0,0,0,0,0,0,0,0,,0,0,,0,0,0,0
1613952047621,6,1010123456024,70,,1,0,24,1,2,,0,0,0,0,0,0,7.8,,0,0,0,0,0,0,0,0,0,,0,0,,0,0,0,0
1613952047871,6,1010123456024,70,,1,0,24,1,2,,0,0,0,0,0,0,5.8,,0,0,0,0,0,0,0,0,0,,0,0,,0,0,0,0
1613952048121,6,1010123456024,70,,1,0,24,1,2,,0,0,0,0,0,0,7,,0,0,0,0,0,0,0,0,0,,0,0,,0,0,0,0
1613952048371,6,1010123456024,70,,1,0,24,1,2,,0,0,0,0,0,0,7,,0,0,0,0,0,0,0,0,0,,0,0,,0,0,0,0
1613952048621,6,1010123456024,70,,1,0,24,1,2,,0,0,0,0,0,0,7.6,,0,0,0,0,0,0,0,0,0,,0,0,,0,0,0,0
1613952048871,6,1010123456024,70,,1,0,24,1,2,,0,0,0,0,0,0,6.2,,0,0,0,0,0,0,0,0,0,,0,0,,0,0,0,0
1613952049121,6,1010123456024,70,,1,0,24,1,2,,0,0,0,0,0,0,7,,0,0,0,0,0,0,0,0,0,,0,0,,0,0,0,0
1613952049371,6,1010123456024,70,,1,0,24,1,2,,0,0,0,0,0,0,7,,0,0,0,0,0,0,0,0,0,,0,0,,0,0,0,0
1613952049620,6,1010123456024,70,,1,0,24,1,2,,0,0,0,0,0,0,6.33333,,0,0,0,0,0,0,0,0,0,,0,0,,0,0,0,0
1613952049871,6,1010123456024,70,,1,0,24,1,2,,0,0,0,0,0,0,6.8,,0,0,0,0,0,0,0,0,0,,0,0,,0,0,0,0
1613952050121,6,1010123456024,70,,1,0,24,1,2,,0,0,0,0,0,0,9,,0,0,0,0,0,0,0,0,0,,0,0,,0,0,0,0
1613952050371,6,1010123456024,70,,1,0,24,1,2,,0,0,0,0,0,0,7,,0,0,0,0,0,0,0,0,0,,0,0,,0,0,0,0
1613952050620,6,1010123456024,70,,1,0,24,1,2,,0,0,0,0,0,0,7.75,,0,0,0,0,0,0,0,0,0,,0,0,,0,0,0,0
1613952050871,6,1010123456024,70,,1,0,24,1,2,,0,0,0,0,0,0,8.2,,0,0,0,0,0,0,0,0,0,,0,0,,0,0,0,0
1613952051121,6,1010123456024,70,,1,0,24,1,2,,0,0,0,0,0,0,7,,0,0,0,0,0,0,0,0,0,,0,0,,0,0,0,0
1613952051371,6,1010123456024,70,,1,0,24,1,2,,0,0,0,0,0,0,7,,0,0,0,0,0,0,0,0,0,,0,0,,0,0,0,0
1613952051621,6,1010123456024,70,,1,0,24,1,2,,0,0,0,0,0,0,7,,0,0,0,0,0,0,0,0,0,,0,0,,0,0,0,0
1613952051871,6,1010123456024,70,,1,0,24,1,2,,0,0,0,0,0,0,7,,0,0,0,0,0,0,0,0,0,,0,0,,0,0,0,0
1613952052121,6,1010123456024,70,,1,0,24,1,2,,0,0,0,0,0,0,7,,0,0,0,0,0,0,0,0,0,,0,0,,0,0,0,0
1613952052371,6,1010123456024,70,,1,0,24,1,2,,0,0,0,0,0,0,8.83333,,0,0,0,0,0,0,0,0,0,,0,0,,0,0,0,0
1613952052621,6,1010123456024,70,,1,0,24,1,2,,0,0,0,0,0,0,8,,0,0,0,0,0,0,0,0,0,,0,0,,0,0,0,0
1613952052871,6,1010123456024,70,,1,0,24,1,2,,0,0,0,0,0,0,7,,0,0,0,0,0,0,0,0,0,,0,0,,0,0,0,0
1613952053121,6,1010123456024,70,,1,0,24,1,2,,0,0,0,0,0,0,8.8,,0,0,0,0,0,0,0,0,0,,0,0,,0,0,0,0
1613952053371,6,1010123456024,70,,1,0,24,1,2,,0,0,0,0,0,0,7,,0,0,0,0,0,0,0,0,0,,0,0,,0,0,0,0
1613952053621,6,1010123456024,70,,1,0,24,1,2,,0,0,0,0,0,0,6.75,,0,0,0,0,0,0,0,0,0,,0,0,,0,0,0,0
1613952053871,6,1010123456024,70,,1,0,24,1,2,,0,0,0,0,0,0,7,,0,0,0,0,0,0,0,0,0,,0,0,,0,0,0,0
1613952054121,6,1010123456024,70,,1,0,24,1,2,,0,0,0,0,0,0,5.8,,0,0,0,0,0,0,0,0,0,,0,0,,0,0,0,0
1613952054371,6,1010123456024,70,,1,0,24,1,2,,0,0,0,0,0,0,6.2,,0,0,0,0,0,0,0,0,0,,0,0,,0,0,0,0
1613952054620,6,1010123456024,70,,1,0,24,1,2,,0,0,0,0,0,0,7,,0,0,0,0,0,0,0,0,0,,0,0,,0,0,0,0
1613952054871,6,1010123456024,70,,1,0,24,1,2,,0,0,0,0,0,0,8.2,,0,0,0,0,0,0,0,0,0,,0,0,,0,0,0,0
1613952055121,6,1010123456024,70,,1,0,24,1,2,,0,0,0,0,0,0,7.83333,,0,0,0,0,0,0,0,0,0,,0,0,,0,0,0,0
1613952055371,6,1010123456024,70,,1,0,24,1,2,,0,0,0,0,0,0,7,,0,0,0,0,0,0,0,0,0,,0,0,,0,0,0,0
1613952055620,6,1010123456024,70,,1,0,24,1,2,,0,0,0,0,0,0,7,,0,0,0,0,0,0,0,0,0,,0,0,,0,0,0,0
1613952055871,6,1010123456024,70,,1,0,24,1,2,,0,0,0,0,0,0,8,,0,0,0,0,0,0,0,0,0,,0,0,,0,0,0,0
1613952056121,6,1010123456024,70,,1,0,24,1,2,,0,0,0,0,0,0,7.25,,0,0,0,0,0,0,0,0,0,,0,0,,0,0,0,0
1613952056371,6,1010123456024,70,,1,0,24,1,2,,0,0,0,0,0,0,7.16667,,0,0,0,0,0,0,0,0,0,,0,0,,0,0,0,0
1613952056620,6,1010123456024,70,,1,0,24,1,2,,0,0,0,0,0,0,7,,0,0,0,0,0,0,0,0,0,,0,0,,0,0,0,0
1613952056871,6,1010123456024,70,,1,0,24,1,2,,0,0,0,0,0,0,7,,0,0,0,0,0,0,0,0,0,,0,0,,0,0,0,0
1613952057121,6,1010123456024,70,,1,0,24,1,2,,0,0,0,0,0,0,6.2,,0,0,0,0,0,0,0,0,0,,0,0,,0,0,0,0
1613952057371,6,1010123456024,70,,1,0,24,1,2,,0,0,0,0,0,0,7.4,,0,0,0,0,0,0,0,0,0,,0,0,,0,0,0,0
1613952057621,6,1010123456024,70,,1,0,24,1,2,,0,0,0,0,0,0,7.25,,0,0,0,0,0,0,0,0,0,,0,0,,0,0,0,0
1613952057871,6,1010123456024,70,,1,0,24,1,2,,0,0,0,0,0,0,6.83333,,0,0,0,0,0,0,0,0,0,,0,0,,0,0,0,0
1613952058120,6,1010123456024,70,,1,0,24,1,2,,0,0,0,0,0,0,7,,0,0,0,0,0,0,0,0,0,,0,0,,0,0,0,0
1613952058371,6,1010123456024,70,,1,0,24,1,2,,0,0,0,0,0,0,7.16667,,0,0,0,0,0,0,0,0,0,,0,0,,0,0,0,0
1613952058620,6,1010123456024,70,,1,0,24,1,2,,0,0,0,0,0,0,6.8,,0,0,0,0,0,0,0,0,0,,0,0,,0,0,0,0
1613952058871,6,1010123456024,70,,1,0,24,1,2,,0,0,0,0,0,0,8,,0,0,0,0,0,0,0,0,0,,0,0,,0,0,0,0
1613952059121,6,1010123456024,70,,1,0,24,1,2,,0,0,0,0,0,0,7,,0,0,0,0,0,0,0,0,0,,0,0,,0,0,0,0
1613952059371,6,1010123456024,70,,1,0,24,1,2,,0,0,0,0,0,0,7.25,,0,0,0,0,0,0,0,0,0,,0,0,,0,0,0,0
1613952059621,6,1010123456024,70,,1,0,24,1,2,,0,0,0,0,0,0,8,,0,0,0,0,0,0,0,0,0,,0,0,,0,0,0,0
1613952059871,6,1010123456024,70,,1,0,24,1,2,,0,0,0,0,0,0,6.66667,,0,0,0,0,0,0,0,0,0,,0,0,,0,0,0,0
1613952060120,6,1010123456024,70,,1,0,24,1,2,,0,0,0,0,0,0,7,,0,0,0,0,0,0,0,0,0,,0,0,,0,0,0,0
1613952060371,6,1010123456024,70,,1,0,24,1,2,,0,0,0,0,0,0,7,,0,0,0,0,0,0,0,0,0,,0,0,,0,0,0,0
1613952060621,6,1010123456024,70,,1,0,24,1,2,,0,0,0,0,0,0,7,,0,0,0,0,0,0,0,0,0,,0,0,,0,0,0,0
1613952060871,6,1010123456024,70,,1,0,24,1,2,,0,0,0,0,0,0,6,,0,0,0,0,0,0,0,0,0,,0,0,,0,0,0,0
1613952061121,6,1010123456024,70,,1,0,24,1,2,,0,0,0,0,0,0,7,,0,0,0,0,0,0,0,0,0,,0,0,,0,0,0,0
1613952061371,6,1010123456024,70,,1,0,24,1,2,,0,0,0,0,0,0,7,,0,0,0,0,0,0,0,0,0,,0,0,,0,0,0,0
1613952061621,6,1010123456024,70,,1,0,24,1,2,,0,0,0,0,0,0,5.8,,0,0,0,0,0,0,0,0,0,,0,0,,0,0,0,0
1613952061871,6,1010123456024,70,,1,0,24,1,2,,0,0,0,0,0,0,7.5,,0,0,0,0,0,0,0,0,0,,0,0,,0,0,0,0
1613952062120,6,1010123456024,70,,1,0,24,1,2,,0,0,0,0,0,0,7,,0,0,0,0,0,0,0,0,0,,0,0,,0,0,0,0
1613952062371,6,1010123456024,70,,1,0,24,1,2,,0,0,0,0,0,0,7,,0,0,0,0,0,0,0,0,0,,0,0,,0,0,0,0
1613952062621,6,1010123456024,70,,1,0,24,1,2,,0,0,0,0,0,0,7.25,,0,0,0,0,0,0,0,0,0,,0,0,,0,0,0,0
1613952062871,6,1010123456024,70,,1,0,24,1,2,,0,0,0,0,0,0,7,,0,0,0,0,0,0,0,0,0,,0,0,,0,0,0,0
1613952063121,6,1010123456024,70,,1,0,24,1,2,,0,0,0,0,0,0,7,,0,0,0,0,0,0,0,0,0,,0,0,,0,0,0,0
1613952063371,6,1010123456024,70,,1,0,24,1,2,,0,0,0,0,0,0,7,,0,0,0,0,0,0,0,0,0,,0,0,,0,0,0,0
1613952063621,6,1010123456024,70,,1,0,24,1,2,,0,0,0,0,0,0,6.75,,0,0,0,0,0,0,0,0,0,,0,0,,0,0,0,0
1613952063871,6,1010123456024,70,,1,0,24,1,2,,0,0,0,0,0,0,7.6,,0,0,0,0,0,0,0,0,0,,0,0,,0,0,0,0
1613952064121,6,1010123456024,70,,1,0,24,1,2,,0,0,0,0,0,0,6.66667,,0,0,0,0,0,0,0,0,0,,0,0,,0,0,0,0
1613952064371,6,1010123456024,70,,1,0,24,1,2,,0,0,0,0,0,0,7,,0,0,0,0,0,0,0,0,0,,0,0,,0,0,0,0
1613952064620,6,1010123456024,70,,1,0,24,1,2,,0,0,0,0,0,0,7,,0,0,0,0,0,0,0,0,0,,0,0,,0,0,0,0
1613952064871,6,1010123456024,70,,1,0,24,1,2,,0,0,0,0,0,0,7,,0,0,0,0,0,0,0,0,0,,0,0,,0,0,0,0
1613952065120,6,1010123456024,70,,1,0,24,1,2,,0,0,0,0,0,0,6.75,,0,0,0,0,0,0,0,0,0,,0,0,,0,0,0,0
1613952065371,6,1010123456024,70,,1,0,24,1,2,,0,0,0,0,0,0,6.5,,0,0,0,0,0,0,0,0,0,,0,0,,0,0,0,0
1613952065621,6,1010123456024,70,,1,0,24,1,2,,0,0,0,0,0,0,7,,0,0,0,0,0,0,0,0,0,,0,0,,0,0,0,0
1613952065871,6,1010123456024,70,,1,0,24,1,2,,0,0,0,0,0,0,7,,0,0,0,0,0,0,0,0,0,,0,0,,0,0,0,0
1613952066120,6,1010123456024,70,,1,0,24,1,2,,0,0,0,0,0,0,7,,0,0,0,0,0,0,0,0,0,,0,0,,0,0,0,0
1613952066371,6,1010123456024,70,,1,0,24,1,2,,0,0,0,0,0,0,7,,0,0,0,0,0,0,0,0,0,,0,0,,0,0,0,0
1613952066621,6,1010123456024,70,,1,0,24,1,2,,0,0,0,0,0,0,7.6,,0,0,0,0,0,0,0,0,0,,0,0,,0,0,0,0
1613952066871,6,1010123456024,70,,1,0,24,1,2,,11.0298,369,36293,1.21888,102,0,6.5,,13.8163,49,0,0.248864,15,46.6667,0,13.2883,31,,1020,1836,,0,0,0,5.20748
1613952067121,6,1010123456024,70,,1,0,24,1,2,,10.97,834,102078,2.0007,238,0,6.33333,,0,0,0,0,0,0,0,0,0,,3000,3000,,0,0,0,0
1613952067371,6,1010123456024,70,,1,0,24,1,2,,10.9208,833,169414,2.03005,239,0,6.28571,,0,0,0,0,0,0,0,0,0,,3000,3000,,0,0,0,0
1613952067621,6,1010123456024,70,,1,0,24,1,2,,10.5547,822,183505,1.90198,237,0,6.33333,,0,0,0,0,0,0,0,0,0,,3000,3000,,0,0,0,0
1613952067871,6,1010123456024,70,,1,0,24,1,2,,10.4383,826,183822,2.02144,242,0,6.33333,,0.1,15,15722,0.1,4,0,0,1.36093,31,,3000,3000,,0,0,0,1.26667
1613952068120,6,1010123456024,70,,1,0,24,1,2,,9.42457,822,184325,1.74365,235,0,6,,0.1,22,0,0.1,7,28.5714,0,1.71184,0,,3000,2994,,0,0,0,3.86364
1613952068371,6,1010123456024,70,,1,0,24,1,2,,9.6618,822,184097,1.75859,236,0,5.85714,,0,0,0,0,0,0,0,0,0,,3000,3000,,0,0,0,0
1613952068621,6,1010123456024,70,,1,0,24,1,2,,11.0178,841,183517,2.09194,241,0,6.33333,,0,0,0,0,0,0,0,0,0,,3000,3000,,0,0,0,0
1613952068871,6,1010123456024,70,,1,0,24,1,2,,9.7587,833,182982,1.80592,239,0,6.6,,0.789474,38,0,0.1,12,41.6667,0,4.89375,31,,3000,3000,,0,0,0,4.89474
1613952069121,6,1010123456024,70,,1,0,24,1,2,,10.8039,826,183513,1.99293,239,0,6.33333,,0,3,0,0,1,100,0,0,0,,3000,3000,,0,0,0,0
1613952069371,6,1010123456024,70,,1,0,24,1,2,,8.13723,838,183981,1.59795,240,0,5.42857,,0,0,0,0,0,0,0,0,0,,3000,2994,,0,0,0,0
1613952069621,6,1010123456024,70,,1,0,24,1,2,,10.9738,840,184029,2.05696,240,0,6.33333,,0,0,0,0,0,0,0,0,0,,3000,3000,,0,0,0,0
1613952069870,6,1010123456024,70,,1,0,24,1,2,,10.9175,812,184416,1.99669,235,0,6.5,,0.1,37,0,0.1,11,36.3636,0,4.06469,31,,3000,2994,,0,0,0,5.37838
1613952070121,6,1010123456024,70,,1,0,24,1,2,,9.22075,829,184033,1.76595,238,0,6,,0,0,0,0,0,0,0,0,0,,3000,3000,,0,0,0,0
1613952070371,6,1010123456024,70,,1,0,24,1,2,,8.11636,825,183933,1.5088,238,0,5.57143,,0,0,0,0,0,0,0,0,0,,3000,3000,,0,0,0,0
1613952070621,6,1010123456024,70,,1,0,24,1,2,,10.9227,841,183733,1.9751,238,0,6.5,,0,0,0,0,0,0,0,0,0,,3000,3000,,0,0,0,0
1613952070871,6,1010123456024,70,,1,0,24,1,2,,9.35054,833,183848,1.77056,242,0,5.5,,0.1,12,952,0.1,4,0,0,8.93579,31,,3000,2994,,0,0,0,1.83333
1613952071121,6,1010123456024,70,,1,0,24,1,2,,11.186,812,182852,2.04294,234,0,6.83333,,8.66667,24,0,0.1,7,57.1429,0,4.29649,0,,3000,3000,,0,0,0,5.875
1613952071371,6,1010123456024,70,,1,0,24,1,2,,11.1718,850,183901,2.124,243,0,6.57143,,0,0,0,0,0,0,0,0,0,,3000,3000,,0,0,0,0
1613952071621,6,1010123456024,70,,1,0,24,1,2,,11.143,846,184045,2.0864,240,0,6.5,,0,0,0,0,0,0,0,0,0,,3000,3000,,0,0,0,0
1613952071871,6,1010123456024,70,,1,0,24,1,2,,10.3939,820,183236,1.96054,239,0,6.33333,,6.1746,63,0,0.1,18,61.1111,0,4.49331,31,,3000,3000,,0,0,0,6.88889
1613952072121,6,1010123456024,70,,1,0,24,1,2,,11.0927,841,183137,2.05046,237,0,6.33333,,0,0,0,0,0,0,0,0,0,,3000,3000,,0,0,0,0
1613952072371,6,1010123456024,70,,1,0,24,1,2,,11.0794,844,183628,2.08234,241,0,6.57143,,0,0,0,0,0,0,0,0,0,,3000,3000,,0,0,0,0
1613952072621,6,1010123456024,70,,1,0,24,1,2,,8.8209,804,183174,1.59891,230,0,5.66667,,0,0,0,0,0,0,0,0,0,,3000,3000,,0,0,0,0
1613952072871,6,1010123456024,70,,1,0,24,1,2,,9.63636,814,183891,1.81558,237,0,5.83333,,4.25,40,0,0.1,13,61.5385,0,7.38108,31,,3000,2994,,0,0,0,6.275
1613952073121,6,1010123456024,70,,1,0,24,1,2,,8.94976,836,184238,1.71149,240,0,5.66667,,0,0,0,0,0,0,0,0,0,,3000,3000,,0,0,0,0
1613952073371,6,1010123456024,70,,1,0,24,1,2,,9.22967,836,183624,1.67744,240,0,6,,0,0,0,0,0,0,0,0,0,,3000,2994,,0,0,0,0
1613952073621,6,1010123456024,70,,1,0,24,1,2,,11.124,839,183904,2.09078,241,0,6.5,,0,0,0,0,0,0,0,0,0,,3000,3000,,0,0,0,0
1613952073871,6,1010123456024,70,,1,0,24,1,2,,10.8782,821,183976,1.98928,237,0,6.5,,15,15,0,0,4,100,0,1.22145,0,,3000,3000,,0,0,0,10
1613952074121,6,1010123456024,70,,1,0,24,1,2,,9.7452,832,183073,1.85174,239,0,6.16667,,0,0,0,0,0,0,0,0,0,,3000,3000,,0,0,0,0
1613952074371,6,1010123456024,70,,1,0,24,1,2,,10.5503,845,184148,2.04026,242,0,6.42857,,0.1,7,0,0.1,2,0,0,2.62564,31,,3000,3000,,0,0,0,1
1613952074621,6,1010123456024,70,,1,0,24,1,2,,9.46961,839,183233,1.76166,240,0,6,,0,0,0,0,0,0,0,0,0,,3000,3000,,0,0,0,0
1613952074871,6,1010123456024,70,,1,0,24,1,2,,10.0523,822,183482,1.89238,241,0,6.4,,3.3871,31,0,0.1,10,20,0,4.95096,31,,3000,3000,,0,0,0,2.54839
1613952075120,6,1010123456024,70,,1,0,24,1,2,,11.2443,827,183676,2.11566,238,0,6.5,,0,0,0,0,0,0,0,0,0,,3000,3000,,0,0,0,0
1613952075371,6,1010123456024,70,,1,0,24,1,2,,11.0082,849,183564,2.05613,242,0,6.28571,,0,0,0,0,0,0,0,0,0,,3000,3000,,0,0,0,0
1613952075621,6,1010123456024,70,,1,0,24,1,2,,10.9412,833,182721,2.02509,240,0,6.5,,0,0,0,0,0,0,0,0,0,,3000,3000,,0,0,0,0
1613952075871,6,1010123456024,70,,1,0,24,1,2,,9.56265,830,184137,1.82736,241,0,6.16667,,15,14,0,0,4,100,0,1.98171,0,,3000,3000,,0,0,0,10
1613952076121,6,1010123456024,70,,1,0,24,1,2,,10.4873,827,183493,1.99398,240,0,6.33333,,0,0,0,0,0,0,0,0,0,,3000,3000,,0,0,0,0
1613952076371,6,1010123456024,70,,1,0,24,1,2,,10.3006,845,183269,1.92947,244,0,6.14286,,0.1,7,0,0.1,2,0,0,1.75604,31,,3000,3000,,0,0,0,1
1613952076621,6,1010123456024,70,,1,0,24,1,2,,9.47472,811,183039,1.7265,233,0,6.16667,,0,0,0,0,0,0,0,0,0,,3000,2994,,0,0,0,0
1613952076871,6,1010123456024,70,,1,0,24,1,2,,10.5384,834,184521,1.9824,242,0,6.16667,,0.1,31,0,0.1,9,11.1111,0,3.5234,31,,3000,3000,,0,0,0,2
1613952077121,6,1010123456024,70,,1,0,24,1,2,,11.3981,824,183925,2.10538,237,0,6.6,,0,0,0,0,0,0,0,0,0,,3000,3000,,0,0,0,0
1613952077371,6,1010123456024,70,,1,0,24,1,2,,9.82701,844,183662,1.87123,240,0,6,,0,0,0,0,0,0,0,0,0,,3000,3000,,0,0,0,0
1613952077621,6,1010123456024,70,,1,0,24,1,2,,9.22317,820,183829,1.68794,236,0,5.5,,0,0,0,0,0,0,0,0,0,,3000,3000,,0,0,0,0
1613952077871,6,1010123456024,70,,1,0,24,1,2,,7.7302,808,183692,1.3696,232,0,5.66667,,6,7,0,0.1,2,50,0,11.3212,31,,3000,3000,,0,0,0,4.85714
1613952078121,6,1010123456024,70,,1,0,24,1,2,,11.276,837,183736,2.08928,238,0,6.6,,4.06452,31,0,0.1,10,70,0,4.36425,0,,3000,3000,,0,0,0,7.3871
1613952078371,6,1010123456024,70,,1,0,24,1,2,,9.70048,838,184639,1.85062,240,0,6.16667,,0,0,0,0,0,0,0,0,0,,3000,3000,,0,0,0,0
1613952078620,6,1010123456024,70,,1,0,24,1,2,,11.331,846,183335,2.14018,241,0,6.5,,0,0,0,0,0,0,0,0,0,,3000,3000,,0,0,0,0
1613952078871,6,1010123456024,70,,1,0,24,1,2,,9.30098,814,182572,1.75958,239,0,5.83333,,0.622222,45,0,0.1,14,57.1429,0,3.45197,31,,3000,2994,,0,0,0,6.53333
1613952079121,6,1010123456024,70,,1,0,24,1,2,,8.85855,813,183587,1.66269,235,0,5.66667,,0.1,7,0,0.1,2,50,0,0.321446,31,,3000,3000,,0,0,0,6.14286
1613952079371,6,1010123456024,70,,1,0,24,1,2,,10.5875,834,183709,1.99664,239,0,6.42857,,0,0,0,0,0,0,0,0,0,,3000,3000,,0,0,0,0
1613952079621,6,1010123456024,70,,1,0,24,1,2,,10.1801,844,182849,1.94035,242,0,6.33333,,0,0,0,0,0,0,0,0,0,,3000,2994,,0,0,0,0
1613952079871,6,1010123456024,70,,1,0,24,1,2,,10.5594,833,183356,2.01168,241,0,6.33333,,0,0,0,0,0,0,0,0,0,,3000,3000,,0,0,0,0
1613952080120,6,1010123456024,70,,1,0,24,1,2,,10.4492,826,184073,1.96485,236,0,6.33333,,3.64912,57,0,0.1,17,52.9412,0,2.44799,31,,3000,3000,,0,0,0,6.15789
1613952080371,6,1010123456024,70,,1,0,24,1,2,,8.13504,822,183897,1.49405,237,0,5.57143,,0,0,0,0,0,0,0,0,0,,3000,3000,,0,0,0,0
1613952080621,6,1010123456024,70,,1,0,24,1,2,,10.8903,848,184005,2.0295,242,0,6.5,,0,0,0,0,0,0,0,0,0,,3000,3000,,0,0,0,0
1613952080871,6,1010123456024,70,,1,0,24,1,2,,10.3051,816,184592,1.91616,236,0,6,,5.2,30,0,0.1,9,44.4444,0,6.75005,31,,3000,3000,,0,0,0,4.9
1613952081121,6,1010123456024,70,,1,0,24,1,2,,11.17,841,182973,2.09062,240,0,6.66667,,0,0,0,0,0,0,0,0,0,,3000,3000,,0,0,0,0
1613952081370,6,1010123456024,70,,1,0,24,1,2,,11.5683,827,183805,2.31772,239,0,6.85714,,0,0,0,0,0,0,0,0,0,,3000,3000,,0,0,0,0
1613952081621,6,1010123456024,70,,1,0,24,1,2,,10.6738,843,184473,2.13597,241,0,5.83333,,0,0,0,0,0,0,0,0,0,,3000,3000,,0,0,0,0
1613952081871,6,1010123456024,70,,1,0,24,1,2,,6.60391,818,182584,1.27738,240,0,5,,0.1,21,0,0.1,7,0,0,8.45487,31,,3000,2994,,0,0,0,1
1613952082121,6,1010123456024,70,,1,0,24,1,2,,9.61761,829,184501,1.76877,238,0,5.83333,,0,0,0,0,0,0,0,0,0,,3000,2994,,0,0,0,0
1613952082371,6,1010123456024,70,,1,0,24,1,2,,10.8329,838,184489,2.00998,240,0,6.14286,,0,0,0,0,0,0,0,0,0,,3000,3000,,0,0,0,0
1613952082621,6,1010123456024,70,,1,0,24,1,2,,9.04187,836,183783,1.73981,241,0,6.33333,,0,0,0,0,0,0,0,0,0,,3000,3000,,0,0,0,0
1613952082871,6,1010123456024,70,,1,0,24,1,2,,10.3511,846,183595,1.97763,243,0,6.33333,,0,6,0,0,2,100,0,0,0,,3000,2994,,0,0,0,0
1613952083121,6,1010123456024,70,,1,0,24,1,2,,10.8859,850,183929,2.04483,241,0,6.33333,,0,6,0,0,2,100,0,0,0,,3000,3000,,0,0,0,0
1613952083371,6,1010123456024,70,,1,0,24,1,2,,9.48453,840,183780,1.74771,240,0,5.85714,,0.1,7,0,0.1,2,0,0,2.53817,31,,3000,2994,,0,0,0,1
1613952083621,6,1010123456024,70,,1,0,24,1,2,,10.6233,831,183436,1.95101,237,0,6,,0,0,0,0,0,0,0,0,0,,3000,3000,,0,0,0,0
1613952083871,6,1010123456024,70,,1,0,24,1,2,,9.1,850,184260,1.6689,241,0,6,,0.1,28,0,0.1,8,0,0,4.1509,31,,3000,3000,,0,0,0,2
1613952084121,6,1010123456024,70,,1,0,24,1,2,,11.4107,857,182841,2.1911,244,0,6.66667,,0,0,0,0,0,0,0,0,0,,3000,3000,,0,0,0,0
1613952084371,6,1010123456024,70,,1,0,24,1,2,,9.11204,839,183812,1.71571,240,0,5.71429,,0,0,0,0,0,0,0,0,0,,3000,3000,,0,0,0,0
1613952084621,6,1010123456024,70,,1,0,24,1,2,,9.65472,837,183656,1.77914,238,0,6.16667,,0,0,0,0,0,0,0,0,0,,3000,3000,,0,0,0,0
1613952084872,6,1010123456024,70,,1,0,24,1,2,,11.0987,821,184224,2.083,242,0,6.66667,,0.1,18,0,0.1,5,0,0,6.23225,31,,3012,3012,,0,0,0,1.66667
1613952085120,6,1010123456024,70,,1,0,24,1,2,,9.94153,838,182921,1.8629,238,0,6.2,,7.44444,45,0,0.1,13,76.9231,0,1.35547,0,,2988,2988,,0,0,0,7.88889
1613952085371,6,1010123456024,70,,1,0,24,1,2,,11.2307,854,183376,2.15514,244,0,6.28571,,0,0,0,0,0,0,0,0,0,,3000,3000,,0,0,0,0
1613952085621,6,1010123456024,70,,1,0,24,1,2,,10.488,830,184116,1.92682,237,0,6.5,,0,0,0,0,0,0,0,0,0,,3000,3000,,0,0,0,0
1613952085871,6,1010123456024,70,,1,0,24,1,2,,9.11765,816,182972,1.71277,240,0,5.83333,,0.1,7,0,0,2,100,0,0.929882,0,,3000,2988,,0,0,0,10
1613952086121,6,1010123456024,70,,1,0,24,1,2,,10.5967,848,183192,1.96669,243,0,6,,0.1,22,0,0.1,6,0,0,1.84585,31,,3000,3000,,0,0,0,1.72727
1613952086371,6,1010123456024,70,,1,0,24,1,2,,10.0396,808,184297,1.83443,234,0,6.14286,,0,0,0,0,0,0,0,0,0,,3000,2994,,0,0,0,0
1613952086621,6,1010123456024,70,,1,0,24,1,2,,10.1193,830,183219,1.90381,238,0,6.16667,,0,0,0,0,0,0,0,0,0,,3000,3000,,0,0,0,0
1613952086871,6,1010123456024,70,,1,0,24,1,2,,9.79044,816,183740,1.816,242,0,6,,6.71053,38,0,0.1,12,33.3333,0,11.4501,31,,3000,3000,,0,0,0,3.60526
1613952087121,6,1010123456024,70,,1,0,24,1,2,,11.2208,847,184030,2.12026,242,0,6.66667,,0,0,0,0,0,0,0,0,0,,3000,3000,,0,0,0,0
1613952087371,6,1010123456024,70,,1,0,24,1,2,,8.35152,788,183270,1.56893,229,0,5.57143,,0,0,0,0,0,0,0,0,0,,3000,3000,,0,0,0,0
1613952087621,6,1010123456024,70,,1,0,24,1,2,,9.72738,829,182695,1.75488,236,0,6.33333,,0,0,0,0,0,0,0,0,0,,3000,3000,,0,0,0,0
1613952087871,6,1010123456024,70,,1,0,24,1,2,,10.9234,836,183269,2.06317,242,0,6.4,,14.1765,34,0,0.1,10,80,0,6.40476,31,,3000,3000,,0,0,0,8.14706
1613952088121,6,1010123456024,70,,1,0,24,1,2,,12.3218,836,184031,2.61034,239,0,7.16667,,0,0,0,0,0,0,0,0,0,,3000,3000,,0,0,0,0
1613952088371,6,1010123456024,70,,1,0,24,1,2,,9.73317,832,183473,1.8057,240,0,6,,0,0,0,0,0,0,0,0,0,,3000,3000,,0,0,0,0
1613952088621,6,1010123456024,70,,1,0,24,1,2,,8.48908,824,183219,1.59962,236,0,5.16667,,0,0,0,0,0,0,0,0,0,,3000,3000,,0,0,0,0
1613952088871,6,1010123456024,70,,1,0,24,1,2,,9.9964,834,183704,1.80163,237,0,6.5,,0.1,26,0,0.1,8,0,0,4.38147,31,,3000,3000,,0,0,0,1
1613952089121,6,1010123456024,70,,1,0,24,1,2,,9.10932,805,183405,1.6879,231,0,6,,0,0,0,0,0,0,0,0,0,,3000,3000,,0,0,0,0
1613952089371,6,1010123456024,70,,1,0,24,1,2,,11.059,830,183573,2.06589,239,0,6.57143,,0,0,0,0,0,0,0,0,0,,3000,3000,,0,0,0,0
1613952089621,6,1010123456024,70,,1,0,24,1,2,,10.32,847,183924,1.94483,240,0,6.16667,,0,0,0,0,0,0,0,0,0,,3000,3000,,0,0,0,0
1613952089871,6,1010123456024,70,,1,0,24,1,2,,10.2232,811,182946,1.8905,234,0,6.5,,0.1,87,0,0.1,26,65.3846,0,2.99066,31,,3000,3000,,0,0,0,7.01149
1613952090121,6,1010123456024,70,,1,0,24,1,2,,10.3333,837,183745,1.90272,240,0,6,,0,5,0,0.1,2,50,0,0,0,,3000,3000,,0,0,0,0
1613952090371,6,1010123456024,70,,1,0,24,1,2,,11.0274,840,183869,2.06502,240,0,6.42857,,0,0,0,0,0,0,0,0,0,,3000,3000,,0,0,0,0
1613952090621,6,1010123456024,70,,1,0,24,1,2,,10.5109,824,182694,1.93126,236,0,6.6,,0,0,0,0,0,0,0,0,0,,3000,3000,,0,0,0,0
1613952090870,6,1010123456024,70,,1,0,24,1,2,,11.0916,830,183281,2.1138,240,0,6.5,,0.1,14,0,0,4,100,0,0.83102,0,,3000,3000,,0,0,0,10
1613952091121,6,1010123456024,70,,1,0,24,1,2,,11.225,840,183845,2.10586,240,0,6.6,,0,0,0,0,0,0,0,0,0,,3000,3000,,0,0,0,0
1613952091371,6,1010123456024,70,,1,0,24,1,2,,9.97009,836,184352,1.88931,241,0,6.14286,,0.1,16,0,0,4,100,0,0.726475,0,,3000,3000,,0,0,0,10
1613952091621,6,1010123456024,70,,1,0,24,1,2,,10.1086,810,183599,1.81059,233,0,6.16667,,0.1,38,0,0.1,12,33.3333,0,4.21359,31,,3000,2994,,0,0,0,4.07895
1613952091870,6,1010123456024,70,,1,0,24,1,2,,11.4534,816,183060,2.23669,241,0,6.66667,,0.1,10,391,0.1,4,0,0,5.71747,31,,3000,3000,,0,0,0,1.6
1613952092121,6,1010123456024,70,,1,0,24,1,2,,10.3153,850,183972,2.00742,244,0,6.16667,,8.38461,39,0,0.1,11,36.3636,0,9.37821,0,,3000,3000,,0,0,0,4.69231
1613952092371,6,1010123456024,70,,1,0,24,1,2,,10.5205,830,184392,1.9247,239,0,6.28571,,0,0,0,0,0,0,0,0,0,,3000,3000,,0,0,0,0
1613952092621,6,1010123456024,70,,1,0,24,1,2,,9.13487,823,183722,1.69882,236,0,5.83333,,0,0,0,0,0,0,0,0,0,,3000,3000,,0,0,0,0
1613952092871,6,1010123456024,70,,1,0,24,1,2,,10.4847,819,182839,1.90144,236,0,6.25,,1.55556,36,0,0.1,11,27.2727,0,9.71116,31,,3000,3000,,0,0,0,3.91667
1613952093121,6,1010123456024,70,,1,0,24,1,2,,6.94344,831,183136,1.33165,238,0,4.83333,,0,0,0,0,0,0,0,0,0,,3000,2994,,0,0,0,0
1613952093371,6,1010123456024,70,,1,0,24,1,2,,9.92509,841,184521,1.85267,240,0,6.28571,,0,0,0,0,0,0,0,0,0,,3000,2994,,0,0,0,0
1613952093621,6,1010123456024,70,,1,0,24,1,2,,11.9146,843,183817,2.2888,241,0,7,,0,0,0,0,0,0,0,0,0,,3000,3000,,0,0,0,0
1613952093871,6,1010123456024,70,,1,0,24,1,2,,11.4017,809,183214,2.12752,237,0,6.66667,,1.44828,29,0,0.1,8,12.5,0,6.16037,31,,3000,3000,,0,0,0,2.24138
1613952094121,6,1010123456024,70,,1,0,24,1,2,,9.87124,831,183341,1.8289,237,0,6,,0,0,0,0,0,0,0,0,0,,3000,3000,,0,0,0,0
1613952094371,6,1010123456024,70,,1,0,24,1,2,,10.9484,853,183042,2.0544,244,0,6.28571,,0,0,0,0,0,0,0,0,0,,3000,3000,,0,0,0,0
1613952094621,6,1010123456024,70,,1,0,24,1,2,,9.8943,842,182806,1.84483,243,0,6,,0,0,0,0,0,0,0,0,0,,3000,3000,,0,0,0,0
1613952094871,6,1010123456024,70,,1,0,24,1,2,,9.77458,834,183737,1.82352,241,0,6.16667,,15,13,0,0,4,100,0,2.36484,0,,3000,3000,,0,0,0,10
1613952095121,6,1010123456024,70,,1,0,24,1,2,,10.2383,810,183720,1.89885,235,0,6.16667,,0,0,0,0,0,0,0,0,0,,3000,3000,,0,0,0,0
1613952095371,6,1010123456024,70,,1,0,24,1,2,,7.701,796,184067,1.41677,230,0,5.42857,,0.1,7,0,0.1,2,0,0,0.954627,31,,3000,3000,,0,0,0,1
1613952095621,6,1010123456024,70,,1,0,24,1,2,,10.9952,838,183214,2.0369,241,0,6.8,,0,0,0,0,0,0,0,0,0,,3000,3000,,0,0,0,0
1613952095871,6,1010123456024,70,,1,0,24,1,2,,11.2637,819,183761,2.10157,238,0,6.66667,,0,0,0,0,0,0,0,0,0,,3000,2994,,0,0,0,0
1613952096121,6,1010123456024,70,,1,0,24,1,2,,11.599,833,182866,2.2017,239,0,6.83333,,2.8,10,0,0.1,3,0,0,7.2064,31,,3000,3000,,0,0,0,2.2
1613952096371,6,1010123456024,70,,1,0,24,1,2,,10.4461,816,183252,1.99814,236,0,6.28571,,0,0,0,0,0,0,0,0,0,,3000,2994,,0,0,0,0
1613952096621,6,1010123456024,70,,1,0,24,1,2,,9.35407,836,182972,1.69501,241,0,6,,0,0,0,0,0,0,0,0,0,,3000,3000,,0,0,0,0
1613952096871,6,1010123456024,70,,1,0,24,1,2,,10.5133,830,183505,1.98736,241,0,6,,15,23,0,0.1,6,66.6667,0,14.0179,31,,3000,2994,,0,0,0,7.26087
1613952097120,6,1010123456024,70,,1,0,24,1,2,,9.39576,849,182983,1.76013,244,0,6,,0,0,0,0,0,0,0,0,0,,3000,3000,,0,0,0,0
1613952097371,6,1010123456024,70,,1,0,24,1,2,,11.2555,818,184121,2.07424,236,0,6.42857,,0,0,0,0,0,0,0,0,0,,3000,3000,,0,0,0,0
1613952097621,6,1010123456024,70,,1,0,24,1,2,,10.7334,844,183385,1.99635,242,0,6.16667,,0,0,0,0,0,0,0,0,0,,3000,3000,,0,0,0,0
1613952097870,6,1010123456024,70,,1,0,24,1,2,,11.5086,814,184613,2.14053,236,0,6.8,,0,12,0,0,4,100,0,0,0,,3000,3000,,0,0,0,0
1613952098121,6,1010123456024,70,,1,0,24,1,2,,9.45258,833,183719,1.76112,239,0,5.83333,,0,0,0,0,0,0,0,0,0,,3000,3000,,0,0,0,0
1613952098371,6,1010123456024,70,,1,0,24,1,2,,9.89531,831,183555,1.90614,239,0,6.28571,,0.1,10,0,0.1,3,33.3333,0,1.42698,31,,3000,3000,,0,0,0,3.7
1613952098621,6,1010123456024,70,,1,0,24,1,2,,11.1086,847,181674,2.2417,241,0,6.66667,,0,0,0,0,0,0,0,0,0,,3000,3000,,0,0,0,0
1613952098871,6,1010123456024,70,,1,0,24,1,2,,10.9436,815,184313,2.01846,237,0,6.5,,0.1,36,0,0.1,10,30,0,4.02052,31,,3000,2994,,0,0,0,4.27778
1613952099120,6,1010123456024,70,,1,0,24,1,2,,9.41069,823,183500,1.71386,236,0,5.83333,,0,0,0,0,0,0,0,0,0,,3000,3000,,0,0,0,0
1613952099371,6,1010123456024,70,,1,0,24,1,2,,7.24455,826,183663,1.39008,236,0,5.66667,,0,0,0,0,0,0,0,0,0,,3000,3000,,0,0,0,0
1613952099621,6,1010123456024,70,,1,0,24,1,2,,11.2429,844,180309,2.03373,242,0,7.16667,,0,0,0,0,0,0,0,0,0,,3000,3000,,0,0,0,0
1613952099871,6,1010123456024,70,,1,0,24,1,2,,11.3842,799,183045,2.39814,232,0,5.83333,,0.1,31,0,0.1,9,11.1111,0,4.3719,31,,3000,3000,,0,0,0,2.67742
1613952100121,6,1010123456024,70,,1,0,24,1,2,,9.21429,826,183357,1.70752,236,0,5.83333,,0,0,0,0,0,0,0,0,0,,3000,3000,,0,0,0,0
1613952100371,6,1010123456024,70,,1,0,24,1,2,,11.0391,843,184001,2.08547,243,0,6.57143,,0,0,0,0,0,0,0,0,0,,3000,3000,,0,0,0,0
1613952100621,6,1010123456024,70,,1,0,24,1,2,,11.4172,839,184297,2.19814,240,0,6.5,,0,0,0,0,0,0,0,0,0,,3000,2994,,0,0,0,0
1613952100871,6,1010123456024,70,,1,0,24,1,2,,8.77423,815,183290,1.60106,237,0,5.83333,,0,0,0,0,0,0,0,0,0,,3000,3000,,0,0,0,0
1613952101121,6,1010123456024,70,,1,0,24,1,2,,14.2107,821,183376,3.0017,237,0,8.2,,0.1,37,0,0.1,10,20,0,1.69001,31,,3000,3000,,0,0,0,3.02703
1613952101371,6,1010123456024,70,,1,0,24,1,2,,8.47179,833,184003,1.59418,238,0,5.42857,,0,0,0,0,0,0,0,0,0,,3000,3000,,0,0,0,0
1613952101621,6,1010123456024,70,,1,0,24,1,2,,10.2613,838,183881,1.90054,240,0,6.5,,0,0,0,0,0,0,0,0,0,,3000,3000,,0,0,0,0
1613952101871,6,1010123456024,70,,1,0,24,1,2,,10.6638,815,184133,1.97949,235,0,6.33333,,0.1,80,0,0.1,23,52.1739,0,2.53466,31,,3000,2994,,0,0,0,5.2125
1613952102121,6,1010123456024,70,,1,0,24,1,2,,11.106,840,183601,2.04618,239,0,6.5,,0,21,0,0,7,100,0,0,0,,3000,3000,,0,0,0,0
1613952102371,6,1010123456024,70,,1,0,24,1,2,,10.9123,844,182982,2.0383,241,0,6.85714,,0,0,0,0,0,0,0,0,0,,3000,3000,,0,0,0,0
1613952102620,6,1010123456024,70,,1,0,24,1,2,,10.5323,821,184148,2.07226,235,0,5.66667,,0,0,0,0,0,0,0,0,0,,3000,3000,,0,0,0,0
1613952102871,6,1010123456024,70,,1,0,24,1,2,,10.2096,811,183539,1.94627,237,0,5.66667,,15.7778,36,0,0.194848,10,50,0,13.2039,31,,3000,3000,,0,0,0,5
1613952103121,6,1010123456024,70,,1,0,24,1,2,,9.80474,845,183625,1.81357,242,0,6.33333,,0,0,0,0,0,0,0,0,0,,3000,3000,,0,0,0,0
1613952103371,6,1010123456024,70,,1,0,24,1,2,,10.526,827,183525,1.97027,239,0,6.33333,,0,0,0,0,0,0,0,0,0,,3000,3000,,0,0,0,0
1613952103621,6,1010123456024,70,,1,0,24,1,2,,8.76262,792,184404,1.60829,227,0,5.66667,,0,0,0,0,0,0,0,0,0,,3000,3000,,0,0,0,0
1613952103871,6,1010123456024,70,,1,0,24,1,2,,8.12011,741,182851,1.38419,216,0,5.33333,,1.16667,48,33,0.1,13,46.1538,0,6.83513,31,,3000,2988,,0,0,0,5.66667
1613952104121,6,1010123456024,70,,1,0,24,1,2,,10.116,836,183445,1.92698,238,0,6.2,,0.1,20,0,0.1,6,33.3333,0,1.22563,31,,3000,3000,,0,0,0,4.45
1613952104371,6,1010123456024,70,,1,0,24,1,2,,10.2697,823,183429,1.87286,235,0,6.28571,,0,0,0,0,0,0,0,0,0,,3000,3000,,0,0,0,0
1613952104621,6,1010123456024,70,,1,0,24,1,2,,11.1054,835,183070,2.0615,238,0,6.33333,,0,0,0,0,0,0,0,0,0,,3000,3000,,0,0,0,0
1613952104871,6,1010123456024,70,,1,0,24,1,2,,12.8295,821,171813,2.4703,239,0,8.16667,,10.7738,84,0,0.104224,26,53.8462,0,12.1875,31,,3000,3000,,0,0,0,5.97619
1613952105121,6,1010123456024,70,,1,0,24,1,2,,12.0273,843,184017,2.73069,240,0,6.5,,15.2632,19,0,0,6,100,0,1.00085,0,,3000,3000,,0,0,0,10
1613952105371,6,1010123456024,70,,1,0,24,1,2,,11.0631,840,183629,2.0361,240,0,6.42857,,0,0,0,0,0,0,0,0,0,,3000,3000,,0,0,0,0
1613952105621,6,1010123456024,70,,1,0,24,1,2,,11.1853,842,183062,2.08419,239,0,6.4,,0,0,0,0,0,0,0,0,0,,3000,3000,,0,0,0,0
1613952105871,6,1010123456024,70,,1,0,24,1,2,,11.5972,844,183397,2.23702,243,0,6.83333,,6.42857,7,0,0.1,2,50,0,11.1585,31,,3000,3000,,0,0,0,4.85714
1613952106121,6,1010123456024,70,,1,0,24,1,2,,11.2536,824,183729,2.10806,241,0,6.66667,,4.66667,30,0,0.1,10,40,0,6.05735,31,,3000,3000,,0,0,0,4.6
1613952106371,6,1010123456024,70,,1,0,24,1,2,,10.3362,827,182898,1.97811,240,0,6.28571,,0,0,0,0,0,0,0,0,0,,3000,3000,,0,0,0,0
1613952106621,6,1010123456024,70,,1,0,24,1,2,,11.2857,819,181982,2.00662,235,0,7.33333,,0,0,0,0,0,0,0,0,0,,3000,3000,,0,0,0,0
1613952106870,6,1010123456024,70,,1,0,24,1,2,,10.0884,826,183121,2.1181,238,0,5.66667,,15,7,0,0,2,100,0,1.19869,0,,3000,3000,,0,0,0,10
1613952107121,6,1010123456024,70,,1,0,24,1,2,,9.85273,842,183722,1.83939,241,0,6.16667,,0,6,0,0,2,100,0,0,0,,3000,3000,,0,0,0,0
1613952107371,6,1010123456024,70,,1,0,24,1,2,,11.1467,845,183135,2.08157,241,0,6.71429,,6.4,45,0,0.1,12,66.6667,0,4.97348,31,,3000,3000,,0,0,0,7.4
1613952107621,6,1010123456024,70,,1,0,24,1,2,,9.50487,822,183869,1.77264,235,0,5.83333,,0,0,0,0,0,0,0,0,0,,3000,3000,,0,0,0,0
1613952107871,6,1010123456024,70,,1,0,24,1,2,,14.4244,813,180231,3.1353,238,0,8.66667,,14.9848,66,0,0.121856,21,80.9524,0,5.69478,31,,3000,3000,,0,0,0,8.22727
1613952108121,6,1010123456024,70,,1,0,24,1,2,,11.4727,823,184233,2.28883,238,0,6.16667,,0,3,0,0,1,100,0,0,0,,3000,3000,,0,0,0,0
1613952108371,6,1010123456024,70,,1,0,24,1,2,,9.50665,827,183151,1.77331,238,0,6.14286,,0,0,0,0,0,0,0,0,0,,3000,2994,,0,0,0,0
1613952108621,6,1010123456024,70,,1,0,24,1,2,,10.7129,843,183745,1.98634,241,0,6,,0,0,0,0,0,0,0,0,0,,3000,3000,,0,0,0,0
1613952108871,6,1010123456024,70,,1,0,24,1,2,,10.7556,806,183332,1.93334,233,0,6.2,,7.2807,57,0,0.1,17,58.8235,0,9.71012,31,,3000,2994,,0,0,0,5.96491
1613952109121,6,1010123456024,70,,1,0,24,1,2,,10.5149,841,183548,1.95078,242,0,6.16667,,0.1,12,0,0.1,3,0,0,9.51255,31,,3000,3000,,0,0,0,2.66667
1613952109371,6,1010123456024,70,,1,0,24,1,2,,11.044,841,184024,2.03558,240,0,6.28571,,0,0,0,0,0,0,0,0,0,,3000,3000,,0,0,0,0
1613952109621,6,1010123456024,70,,1,0,24,1,2,,11.1399,822,183788,2.0735,237,0,6.5,,0,0,0,0,0,0,0,0,0,,3000,3000,,0,0,0,0
1613952109871,6,1010123456024,70,,1,0,24,1,2,,11.3947,831,182875,2.15222,241,0,6.83333,,4.17391,46,0,0.1,14,57.1429,0,3.47026,31,,3000,3000,,0,0,0,6.08696
1613952110121,6,1010123456024,70,,1,0,24,1,2,,11.2094,826,182661,2.10707,238,0,6.66667,,0,0,0,0,0,0,0,0,0,,3000,3000,,0,0,0,0
1613952110371,6,1010123456024,70,,1,0,24,1,2,,10.6322,851,182809,2.01709,246,0,6.14286,,0,0,0,0,0,0,0,0,0,,3000,3000,,0,0,0,0
1613952110621,6,1010123456024,70,,1,0,24,1,2,,10.6203,827,183262,2.03885,238,0,6.5,,0,0,0,0,0,0,0,0,0,,3000,3000,,0,0,0,0
1613952110871,6,1010123456024,70,,1,0,24,1,2,,11.6679,837,183113,2.2433,243,0,6.83333,,0.1,41,0,0.1,12,33.3333,0,2.80083,31,,3000,3000,,0,0,0,4.29268
1613952111121,6,1010123456024,70,,1,0,24,1,2,,10.1787,817,182595,1.87635,236,0,6.16667,,0,0,0,0,0,0,0,0,0,,3000,3000,,0,0,0,0
1613952111370,6,1010123456024,70,,1,0,24,1,2,,11.2494,834,184254,2.11222,239,0,6.42857,,0,0,0,0,0,0,0,0,0,,3000,3000,,0,0,0,0
1613952111621,6,1010123456024,70,,1,0,24,1,2,,11.0463,842,183166,2.03386,238,0,6.5,,0,0,0,0,0,0,0,0,0,,3000,3000,,0,0,0,0
1613952111871,6,1010123456024,70,,1,0,24,1,2,,9.74581,834,182519,1.80144,239,0,6,,0,0,0,0,0,0,0,0,0,,3000,2994,,0,0,0,0
1613952112121,6,1010123456024,70,,1,0,24,1,2,,10.8198,838,183504,2.03843,241,0,6.33333,,0.1,34,0,0.1,10,20,0,1.88733,31,,3000,3000,,0,0,0,2.61765
1613952112371,6,1010123456024,70,,1,0,24,1,2,,9.64242,825,183509,1.84778,239,0,6.16667,,0,0,0,0,0,0,0,0,0,,3000,3000,,0,0,0,0
1613952112620,6,1010123456024,70,,1,0,24,1,2,,9.92848,811,183092,1.76973,231,0,6,,0,0,0,0,0,0,0,0,0,,3000,3000,,0,0,0,0
1613952112871,6,1010123456024,70,,1,0,24,1,2,,10.7527,825,183574,1.99008,238,0,6.4,,0,6,0,0,2,100,0,0,0,,3000,3000,,0,0,0,0
1613952113121,6,1010123456024,70,,1,0,24,1,2,,11.2806,841,183026,2.10838,239,0,6.5,,0.1,42,0,0.1,13,30.7692,0,1.75149,31,,3000,3000,,0,0,0,4.04762
1613952113371,6,1010123456024,70,,1,0,24,1,2,,9.35336,832,184128,1.84195,237,0,5.85714,,0,0,0,0,0,0,0,0,0,,3000,3000,,0,0,0,0
1613952113621,6,1010123456024,70,,1,0,24,1,2,,8.97969,837,183360,1.63872,238,0,6,,0,0,0,0,0,0,0,0,0,,3000,3000,,0,0,0,0
1613952113871,6,1010123456024,70,,1,0,24,1,2,,10.7235,821,183073,1.96291,237,0,6.33333,,14.95,20,0,0.1,6,66.6667,0,17.7116,31,,3000,3000,,0,0,0,6.85
1613952114121,6,1010123456024,70,,1,0,24,1,2,,9.63015,849,183989,1.79232,242,0,5.83333,,0,0,0,0,0,0,0,0,0,,3000,3000,,0,0,0,0
1613952114371,6,1010123456024,70,,1,0,24,1,2,,10.3179,840,183101,2.0201,240,0,6.42857,,0,0,0,0,0,0,0,0,0,,3000,3000,,0,0,0,0
1613952114621,6,1010123456024,70,,1,0,24,1,2,,7.5497,835,183624,1.46173,239,0,4.66667,,0,0,0,0,0,0,0,0,0,,3000,2994,,0,0,0,0
1613952114871,6,1010123456024,70,,1,0,24,1,2,,9.79422,831,184254,1.79424,238,0,6.5,,13,24,0,0.1,6,66.6667,0,11.7075,31,,3000,3000,,0,0,0,7
1613952115120,6,1010123456024,70,,1,0,24,1,2,,10.8446,811,182939,2.00848,238,0,6.33333,,0,0,0,0,0,0,0,0,0,,3000,3000,,0,0,0,0
1613952115370,6,1010123456024,70,,1,0,24,1,2,,10.8534,846,183880,2.0461,241,0,6.33333,,0,0,0,0,0,0,0,0,0,,3000,3000,,0,0,0,0
1613952115621,6,1010123456024,70,,1,0,24,1,2,,9.90931,838,183377,1.83952,237,0,6.16667,,0,0,0,0,0,0,0,0,0,,3000,3000,,0,0,0,0
1613952115871,6,1010123456024,70,,1,0,24,1,2,,10.7331,828,183837,2.00186,242,0,6.33333,,2.57143,56,0,0.1,17,47.0588,0,5.97274,31,,3000,3000,,0,0,0,5.51786
1613952116121,6,1010123456024,70,,1,0,24,1,2,,10.2002,824,184349,1.93901,238,0,6.33333,,14.4,40,0,0.1,11,90.9091,0,2.70431,0,,3000,3000,,0,0,0,9.1
1613952116371,6,1010123456024,70,,1,0,24,1,2,,9.90182,825,183934,1.86122,239,0,6.14286,,0,0,0,0,0,0,0,0,0,,3000,3000,,0,0,0,0
1613952116621,6,1010123456024,70,,1,0,24,1,2,,9.85542,830,182852,1.79267,237,0,6,,0,0,0,0,0,0,0,0,0,,3000,3000,,0,0,0,0
1613952116871,6,1010123456024,70,,1,0,24,1,2,,9.67315,823,184429,1.82122,241,0,6,,0.1,17,0,0.1,5,40,0,5.38902,31,,3000,3000,,0,0,0,6.82353
1613952117121,6,1010123456024,70,,1,0,24,1,2,,9.42332,789,184483,1.70973,229,0,5.83333,,0.1,48,0,0.1,14,14.2857,0,3.60667,31,,3000,2994,,0,0,0,2.125
1613952117371,6,1010123456024,70,,1,0,24,1,2,,10.8808,814,183747,1.95011,233,0,6.42857,,0,0,0,0,0,0,0,0,0,,3000,3000,,0,0,0,0
1613952117621,6,1010123456024,70,,1,0,24,1,2,,11.4284,831,183293,2.11853,240,0,7,,0,0,0,0,0,0,0,0,0,,3000,3000,,0,0,0,0
1613952117871,6,1010123456024,70,,1,0,24,1,2,,11.3464,814,182910,2.17197,238,0,6.16667,,15,12,0,0,4,100,0,2.22812,0,,3000,3000,,0,0,0,10
1613952118120,6,1010123456024,70,,1,0,24,1,2,,10.9626,828,182942,2.04421,238,0,6.5,,0,0,0,0,0,0,0,0,0,,3000,3000,,0,0,0,0
1613952118371,6,1010123456024,70,,1,0,24,1,2,,13.8421,817,183841,2.89981,237,0,7.57143,,0.1,7,0,0.1,2,0,0,1.90588,31,,3000,3000,,0,0,0,1
1613952118621,6,1010123456024,70,,1,0,24,1,2,,9.47212,807,183243,1.78218,233,0,5.83333,,0,0,0,0,0,0,0,0,0,,3000,3000,,0,0,0,0
1613952118872,6,1010123456024,70,,1,0,24,1,2,,10.3221,829,182900,1.87541,237,0,6.5,,0.1,36,0,0.1,10,20,0,3.67679,31,,3012,3006,,0,0,0,2.83333
1613952119121,6,1010123456024,70,,1,0,24,1,2,,8.59877,815,183548,1.62769,234,0,5.5,,0,0,0,0,0,0,0,0,0,,2988,2988,,0,0,0,0
1613952119371,6,1010123456024,70,,1,0,24,1,2,,10.7517,858,183862,2.01069,246,0,6.28571,,0,0,0,0,0,0,0,0,0,,3000,3000,,0,0,0,0
1613952119621,6,1010123456024,70,,1,0,24,1,2,,9.12663,845,183301,1.73536,242,0,6,,0,0,0,0,0,0,0,0,0,,3000,3000,,0,0,0,0
1613952119871,6,1010123456024,70,,1,0,24,1,2,,10.5666,826,183293,2.03114,241,0,6.33333,,0,0,0,0,0,0,0,0,0,,3000,3000,,0,0,0,0
1613952120121,6,1010123456024,70,,1,0,24,1,2,,11.1146,838,183086,2.09309,241,0,6.66667,,2.2069,29,0,0.1,8,0,0,6.87714,31,,3000,3000,,0,0,0,2.13793
1613952120371,6,1010123456024,70,,1,0,24,1,2,,10.5244,841,183405,2.01949,241,0,6.42857,,0,0,0,0,0,0,0,0,0,,3000,3000,,0,0,0,0
1613952120621,6,1010123456024,70,,1,0,24,1,2,,11.0428,841,183381,2.04157,239,0,6.33333,,0,0,0,0,0,0,0,0,0,,3000,3000,,0,0,0,0
1613952120871,6,1010123456024,70,,1,0,24,1,2,,10.6256,828,184028,1.9697,237,0,6.16667,,9,21,0,0,6,100,0,0.381907,0,,3000,2994,,0,0,0,10
1613952121120,6,1010123456024,70,,1,0,24,1,2,,9.91587,844,183399,1.90127,241,0,6.2,,0.84375,32,0,0.1,9,44.4444,0,1.73674,31,,3000,3000,,0,0,0,5.59375
1613952121371,6,1010123456024,70,,1,0,24,1,2,,10.5089,839,182964,1.95046,240,0,6,,0,0,0,0,0,0,0,0,0,,3000,3000,,0,0,0,0
1613952121621,6,1010123456024,70,,1,0,24,1,2,,9.39452,839,183042,1.76746,241,0,6.16667,,0,0,0,0,0,0,0,0,0,,3000,3000,,0,0,0,0
1613952121871,6,1010123456024,70,,1,0,24,1,2,,11.3197,832,183605,2.1399,240,0,6.5,,0.1,17,0,0.1,5,0,0,5.8308,31,,3000,3000,,0,0,0,1
1613952122121,6,1010123456024,70,,1,0,24,1,2,,10.7873,837,182422,1.98442,237,0,6.5,,0.1,15,0,0.1,4,25,0,1.45635,0,,3000,3000,,0,0,0,3.4
1613952122371,6,1010123456024,70,,1,0,24,1,2,,12.8526,841,183190,2.73222,242,0,7,,0,0,0,0,0,0,0,0,0,,3000,3000,,0,0,0,0
1613952122621,6,1010123456024,70,,1,0,24,1,2,,8.27865,829,183885,1.50698,237,0,5.66667,,0,0,0,0,0,0,0,0,0,,3000,3000,,0,0,0,0
1613952122871,6,1010123456024,70,,1,0,24,1,2,,10.5653,835,182854,2.02304,240,0,6.33333,,0,0,0,0,0,0,0,0,0,,3000,3000,,0,0,0,0
1613952123121,6,1010123456024,70,,1,0,24,1,2,,10.2755,853,183753,1.91987,244,0,6.16667,,4.5,40,0,0.1,12,41.6667,0,3.96915,31,,3000,3000,,0,0,0,4.475
1613952123371,6,1010123456024,70,,1,0,24,1,2,,9.975,840,183348,1.88422,242,0,6.14286,,0,0,0,0,0,0,0,0,0,,3000,3000,,0,0,0,0
1613952123621,6,1010123456024,70,,1,0,24,1,2,,8.67478,821,183466,1.59142,236,0,5.66667,,0,0,0,0,0,0,0,0,0,,3000,3000,,0,0,0,0
1613952123871,6,1010123456024,70,,1,0,24,1,2,,10.9976,818,179491,2.09114,240,0,7,,15.2527,91,0,0.1,29,89.6552,0,3.93191,31,,3000,2994,,0,0,0,9.01099
1613952124120,6,1010123456024,70,,1,0,24,1,2,,12.0589,849,183593,2.48325,243,0,6.5,,0,5,0,0,2,100,0,0,0,,3000,3000,,0,0,0,0
1613952124371,6,1010123456024,70,,1,0,24,1,2,,11.4253,837,183453,2.14877,241,0,6.57143,,0,0,0,0,0,0,0,0,0,,3000,3000,,0,0,0,0
1613952124621,6,1010123456024,70,,1,0,24,1,2,,10.2345,840,183461,1.91731,240,0,6.16667,,0,0,0,0,0,0,0,0,0,,3000,3000,,0,0,0,0
1613952124871,6,1010123456024,70,,1,0,24,1,2,,10.3499,826,183893,1.90154,239,0,6.4,,6.48649,37,0,0.1,10,40,0,6.03841,31,,3000,3000,,0,0,0,4.89189
1613952125121,6,1010123456024,70,,1,0,24,1,2,,13.872,820,170732,2.98963,234,0,8,,0,0,0,0,0,0,0,0,0,,3000,3000,,0,0,0,0
1613952125371,6,1010123456024,70,,1,0,24,1,2,,10.7959,828,183122,2.20694,239,0,6,,0,0,0,0,0,0,0,0,0,,3000,3000,,0,0,0,0
1613952125621,6,1010123456024,70,,1,0,24,1,2,,7.46651,821,184209,1.37507,235,0,5.16667,,0,0,0,0,0,0,0,0,0,,3000,3000,,0,0,0,0
1613952125871,6,1010123456024,70,,1,0,24,1,2,,11.0859,827,183687,2.05805,238,0,6.66667,,15,12,0,0,4,100,0,1.63502,0,,3000,2994,,0,0,0,10
1613952126121,6,1010123456024,70,,1,0,24,1,2,,9.26956,831,182742,1.71187,236,0,5.83333,,0,0,0,0,0,0,0,0,0,,3000,3000,,0,0,0,0
1613952126370,6,1010123456024,70,,1,0,24,1,2,,11.7,850,183977,2.25446,242,0,6.71429,,6.75,64,0,0.1,17,70.5882,0,5.05544,31,,3000,3000,,0,0,0,7.75
1613952126621,6,1010123456024,70,,1,0,24,1,2,,10.1032,824,182797,1.86176,236,0,6.33333,,0,0,0,0,0,0,0,0,0,,3000,3000,,0,0,0,0
1613952126871,6,1010123456024,70,,1,0,24,1,2,,12.1408,831,183137,2.61005,240,0,7,,7.27273,33,0,0.1,9,44.4444,0,6.76735,31,,3000,3000,,0,0,0,5.36364
1613952127121,6,1010123456024,70,,1,0,24,1,2,,10.1763,845,183456,1.90397,243,0,6.16667,,0,0,0,0,0,0,0,0,0,,3000,3000,,0,0,0,0
1613952127371,6,1010123456024,70,,1,0,24,1,2,,9.09025,831,184171,1.67613,239,0,5.71429,,0,0,0,0,0,0,0,0,0,,3000,3000,,0,0,0,0
1613952127621,6,1010123456024,70,,1,0,24,1,2,,11.0732,820,182842,2.02275,235,0,6.66667,,0,0,0,0,0,0,0,0,0,,3000,3000,,0,0,0,0
1613952127871,6,1010123456024,70,,1,0,24,1,2,,11.3547,843,183745,2.19008,244,0,6.5,,7.95918,49,0,0.1,14,57.1429,0,6.521,31,,3000,3000,,0,0,0,6.14286
1613952128121,6,1010123456024,70,,1,0,24,1,2,,11.1205,830,182922,2.05574,238,0,6.66667,,0,0,0,0,0,0,0,0,0,,3000,3000,,0,0,0,0
1613952128371,6,1010123456024,70,,1,0,24,1,2,,9.81625,849,184211,1.85526,241,0,5.71429,,0,0,0,0,0,0,0,0,0,,3000,3000,,0,0,0,0
1613952128621,6,1010123456024,70,,1,0,24,1,2,,9.00488,819,183494,1.6368,234,0,6.16667,,0,0,0,0,0,0,0,0,0,,3000,2994,,0,0,0,0
1613952128871,6,1010123456024,70,,1,0,24,1,2,,12.529,809,184200,2.59728,233,0,7.16667,,0,6,0,0,2,100,0,0,0,,3000,2988,,0,0,0,0
1613952129120,6,1010123456024,70,,1,0,24,1,2,,10.7273,836,183317,1.99566,239,0,6.5,,0,6,0,0,2,100,0,0,0,,3000,3000,,0,0,0,0
1613952129371,6,1010123456024,70,,1,0,24,1,2,,10.5413,835,183289,1.96774,240,0,6.33333,,0.1,10,0,0.1,3,33.3333,0,1.63201,31,,3000,3000,,0,0,0,3.7
1613952129621,6,1010123456024,70,,1,0,24,1,2,,9.92548,832,183835,1.83523,237,0,6.33333,,0,0,0,0,0,0,0,0,0,,3000,2988,,0,0,0,0
1613952129871,6,1010123456024,70,,1,0,24,1,2,,10.0934,835,182576,1.91059,242,0,6.16667,,7,8,0,0.1,2,50,0,9.64877,31,,3000,3000,,0,0,0,5.5
1613952130121,6,1010123456024,70,,1,0,24,1,2,,10.012,833,184524,1.9384,239,0,6.16667,,5.47826,23,0,0.1,7,42.8571,0,7.0227,0,,3000,3000,,0,0,0,4.52174
1613952130371,6,1010123456024,70,,1,0,24,1,2,,10.8652,846,184372,2.0216,243,0,7.14286,,0,0,0,0,0,0,0,0,0,,3000,3000,,0,0,0,0
1613952130621,6,1010123456024,70,,1,0,24,1,2,,13.039,846,183512,2.6975,241,0,6.66667,,0,0,0,0,0,0,0,0,0,,3000,3000,,0,0,0,0
1613952130871,6,1010123456024,70,,1,0,24,1,2,,11.7229,812,179694,2.17418,239,0,7.16667,,9.64706,68,0,0.1,20,60,0,3.65771,31,,3000,3000,,0,0,0,6.60294
1613952131121,6,1010123456024,70,,1,0,24,1,2,,10.8715,833,183544,2.18963,238,0,6.16667,,16,4,0,0,1,100,0,0.1,0,,3000,3000,,0,0,0,10
1613952131370,6,1010123456024,70,,1,0,24,1,2,,10.8889,846,183153,2.07839,242,0,6.57143,,0,0,0,0,0,0,0,0,0,,3000,3000,,0,0,0,0
1613952131621,6,1010123456024,70,,1,0,24,1,2,,11.3908,852,182881,2.33478,242,0,6.66667,,0,0,0,0,0,0,0,0,0,,3000,2994,,0,0,0,0
1613952131871,6,1010123456024,70,,1,0,24,1,2,,10.9731,818,184188,2.04317,237,0,6.33333,,0.1,27,0,0.1,8,0,0,1.84694,31,,3000,2994,,0,0,0,1.11111
1613952132121,6,1010123456024,70,,1,0,24,1,2,,9.20793,832,184057,1.66051,235,0,5.83333,,0,0,0,0,0,0,0,0,0,,3000,3000,,0,0,0,0
1613952132371,6,1010123456024,70,,1,0,24,1,2,,10.6554,827,183210,2.00243,236,0,6.42857,,0,0,0,0,0,0,0,0,0,,3000,3000,,0,0,0,0
1613952132621,6,1010123456024,70,,1,0,24,1,2,,11.2615,845,183569,2.14394,242,0,6.66667,,0,0,0,0,0,0,0,0,0,,3000,3000,,0,0,0,0
1613952132871,6,1010123456024,70,,1,0,24,1,2,,10.4329,850,183407,1.99539,244,0,6.5,,5.92105,38,0,0.1,11,54.5455,0,5.30918,31,,3000,3000,,0,0,0,5.97368
1613952133121,6,1010123456024,70,,1,0,24,1,2,,11.1139,825,183277,2.05584,237,0,6.5,,0.1,7,0,0.1,2,0,0,1.82758,0,,3000,3000,,0,0,0,1
1613952133371,6,1010123456024,70,,1,0,24,1,2,,10.574,831,183969,1.9689,240,0,6,,0,0,0,0,0,0,0,0,0,,3000,3000,,0,0,0,0
1613952133621,6,1010123456024,70,,1,0,24,1,2,,7.09903,828,184134,1.34314,237,0,4.8,,0,0,0,0,0,0,0,0,0,,3000,3000,,0,0,0,0
1613952133871,6,1010123456024,70,,1,0,24,1,2,,10.7464,824,183270,2.03312,235,0,6.5,,0,0,0,0,0,0,0,0,0,,3000,3000,,0,0,0,0
1613952134121,6,1010123456024,70,,1,0,24,1,2,,10.8152,828,184437,2.01862,238,0,6.33333,,4.8,30,0,0.1,9,44.4444,0,9.28752,31,,3000,3000,,0,0,0,4.6
1613952134371,6,1010123456024,70,,1,0,24,1,2,,9.66146,833,183834,1.80237,240,0,6.14286,,0,0,0,0,0,0,0,0,0,,3000,3000,,0,0,0,0
1613952134621,6,1010123456024,70,,1,0,24,1,2,,13.2103,837,173040,2.77174,239,0,7.33333,,0,0,0,0,0,0,0,0,0,,3000,3000,,0,0,0,0
1613952134870,6,1010123456024,70,,1,0,24,1,2,,11.0627,845,183126,2.05057,240,0,6.5,,0.1,34,0,0.1,9,22.2222,0,1.3065,31,,3000,3000,,0,0,0,3.32353
1613952135121,6,1010123456024,70,,1,0,24,1,2,,11.143,832,183769,2.08464,237,0,6.5,,0,0,0,0,0,0,0,0,0,,3000,3000,,0,0,0,0
1613952135371,6,1010123456024,70,,1,0,24,1,2,,11.0998,842,183078,2.08045,242,0,6.57143,,0,0,0,0,0,0,0,0,0,,3000,3000,,0,0,0,0
1613952135621,6,1010123456024,70,,1,0,24,1,2,,10.8749,831,183066,2.00288,238,0,6.16667,,0,0,0,0,0,0,0,0,0,,3000,3000,,0,0,0,0
1613952135871,6,1010123456024,70,,1,0,24,1,2,,11.0684,819,183273,2.05475,239,0,6.66667,,0.1,40,0,0.1,12,33.3333,0,6.46807,31,,3000,3000,,0,0,0,4.85
1613952136121,6,1010123456024,70,,1,0,24,1,2,,10.5912,844,183297,2.00416,238,0,6.33333,,0,0,0,0,0,0,0,0,0,,3000,3000,,0,0,0,0
1613952136371,6,1010123456024,70,,1,0,24,1,2,,10.8273,834,184017,2.02701,240,0,6.42857,,0,0,0,0,0,0,0,0,0,,3000,3000,,0,0,0,0
1613952136621,6,1010123456024,70,,1,0,24,1,2,,10.8767,827,183745,2.04909,238,0,6.33333,,0,0,0,0,0,0,0,0,0,,3000,3000,,0,0,0,0
1613952136871,6,1010123456024,70,,1,0,24,1,2,,8.27729,797,182951,1.48877,232,0,5.33333,,13.9,10,0,0.1,3,0,0,26.5963,31,,3000,3000,,0,0,0,1
1613952137121,6,1010123456024,70,,1,0,24,1,2,,9.67219,845,182580,1.79837,243,0,6.16667,,0,0,0,0,0,0,0,0,0,,3000,3000,,0,0,0,0
1613952137371,6,1010123456024,70,,1,0,24,1,2,,11.6615,833,183717,2.20093,239,0,6.83333,,0,0,0,0,0,0,0,0,0,,3000,3000,,0,0,0,0
1613952137620,6,1010123456024,70,,1,0,24,1,2,,11.5229,851,178701,2.09979,242,0,7.33333,,0,0,0,0,0,0,0,0,0,,3000,3000,,0,0,0,0
1613952137871,6,1010123456024,70,,1,0,24,1,2,,13.6242,825,179367,2.96758,241,0,7.33333,,15.1923,78,0,0.172416,26,80.7692,0,6.65087,31,,3000,2994,,0,0,0,8.21795
1613952138121,6,1010123456024,70,,1,0,24,1,2,,12.2224,841,183074,2.49126,240,0,6.66667,,12.8889,9,0,0,3,100,0,0.227744,0,,3000,3000,,0,0,0,10
1613952138370,6,1010123456024,70,,1,0,24,1,2,,10.7338,834,182798,1.9955,238,0,6.28571,,0,0,0,0,0,0,0,0,0,,3000,3000,,0,0,0,0
1613952138621,6,1010123456024,70,,1,0,24,1,2,,8.49696,823,182453,1.55216,237,0,5.6,,0,0,0,0,0,0,0,0,0,,3000,3000,,0,0,0,0
1613952138871,6,1010123456024,70,,1,0,24,1,2,,10.9355,822,184652,2.03888,239,0,6.4,,1.46341,41,0,0.1,12,25,0,4.78654,31,,3000,3000,,0,0,0,4.26829
1613952139121,6,1010123456024,70,,1,0,24,1,2,,9.20606,825,183749,1.66394,236,0,5.66667,,0,0,0,0,0,0,0,0,0,,3000,2982,,0,0,0,0
1613952139371,6,1010123456024,70,,1,0,24,1,2,,8.23289,833,182524,1.6751,238,0,6.28571,,0,0,0,0,0,0,0,0,0,,3000,2994,,0,0,0,0
1613952139621,6,1010123456024,70,,1,0,24,1,2,,11.9079,825,184304,2.6864,238,0,5.83333,,0,0,0,0,0,0,0,0,0,,3000,3000,,0,0,0,0
1613952139871,6,1010123456024,70,,1,0,24,1,2,,10.4551,813,183177,1.95792,237,0,6.33333,,5.04545,44,0,0.1,13,23.0769,0,10.4113,31,,3000,3000,,0,0,0,2.93182
1613952140121,6,1010123456024,70,,1,0,24,1,2,,11.0946,835,184044,2.05645,240,0,6.5,,0,0,0,0,0,0,0,0,0,,3000,3000,,0,0,0,0
1613952140371,6,1010123456024,70,,1,0,24,1,2,,10.2908,846,183795,1.98234,244,0,6.28571,,0,0,0,0,0,0,0,0,0,,3000,3000,,0,0,0,0
1613952140621,6,1010123456024,70,,1,0,24,1,2,,9.94089,812,183932,1.85274,234,0,6,,0,0,0,0,0,0,0,0,0,,3000,3000,,0,0,0,0
1613952140871,6,1010123456024,70,,1,0,24,1,2,,8.94212,812,183265,1.64509,237,0,6,,9.07692,39,0,0.1,11,36.3636,0,13.6895,31,,3000,3000,,0,0,0,4.23077
1613952141121,6,1010123456024,70,,1,0,24,1,2,,10.2039,824,182834,1.90506,237,0,6.2,,0,0,0,0,0,0,0,0,0,,3000,3000,,0,0,0,0
1613952141371,6,1010123456024,70,,1,0,24,1,2,,9.98313,830,183957,1.8456,239,0,6,,0,0,0,0,0,0,0,0,0,,3000,3000,,0,0,0,0
1613952141620,6,1010123456024,70,,1,0,24,1,2,,10.6734,845,184069,2.02753,243,0,6.33333,,0,0,0,0,0,0,0,0,0,,3000,3000,,0,0,0,0
1613952141871,6,1010123456024,70,,1,0,24,1,2,,10.2769,838,183705,1.86938,238,0,6.33333,,15,16,0,0,4,100,0,2.61767,0,,3000,3000,,0,0,0,10
1613952142121,6,1010123456024,70,,1,0,24,1,2,,10.7744,851,183913,2.00054,241,0,6.16667,,0,0,0,0,0,0,0,0,0,,3000,3000,,0,0,0,0
1613952142370,6,1010123456024,70,,1,0,24,1,2,,11.4451,838,183841,2.16122,240,0,6.57143,,0.1,10,0,0.1,3,33.3333,0,1.22598,31,,3000,3000,,0,0,0,5.3
1613952142621,6,1010123456024,70,,1,0,24,1,2,,10.905,842,183337,2.0303,239,0,6.33333,,0,3,0,0.1,1,0,0,0,31,,3000,3000,,0,0,0,0
1613952142871,6,1010123456024,70,,1,0,24,1,2,,11.1874,838,184545,2.17638,240,0,6.66667,,0.1,17,0,0.1,5,0,0,10.8911,31,,3000,3000,,0,0,0,1.17647
1613952143121,6,1010123456024,70,,1,0,24,1,2,,8.88834,815,183479,1.63965,235,0,5.66667,,15.8214,28,0,0,8,100,0,6.77349,0,,3000,3000,,0,0,0,10
1613952143371,6,1010123456024,70,,1,0,24,1,2,,8.03473,835,183601,1.49152,238,0,5.42857,,0,0,0,0,0,0,0,0,0,,3000,3000,,0,0,0,0
1613952143621,6,1010123456024,70,,1,0,24,1,2,,11.3321,831,183985,2.10198,235,0,6.5,,0,0,0,0,0,0,0,0,0,,3000,3000,,0,0,0,0
1613952143871,6,1010123456024,70,,1,0,24,1,2,,10.9212,838,183745,2.03395,241,0,6.33333,,0,12,0,0,4,100,0,0,0,,3000,3000,,0,0,0,0
1613952144121,6,1010123456024,70,,1,0,24,1,2,,10.9918,849,182754,2.06688,242,0,6.4,,0,0,0,0,0,0,0,0,0,,3000,3000,,0,0,0,0
1613952144371,6,1010123456024,70,,1,0,24,1,2,,7.93218,811,184631,1.48589,234,0,5.57143,,0.1,7,0,0.1,2,0,0,1.69526,31,,3000,3000,,0,0,0,3.57143
1613952144621,6,1010123456024,70,,1,0,24,1,2,,11.0912,811,183817,2.02422,233,0,6.66667,,0,0,0,0,0,0,0,0,0,,3000,3000,,0,0,0,0
1613952144871,6,1010123456024,70,,1,0,24,1,2,,12.7484,803,181034,2.65536,236,0,7.5,,11.9216,51,0,0.1,16,81.25,0,3.69857,31,,3000,3000,,0,0,0,8.11765
1613952145121,6,1010123456024,70,,1,0,24,1,2,,9.83453,834,183297,1.85498,240,0,6,,0,11,0,0,4,100,0,0,0,,3000,3000,,0,0,0,0
1613952145371,6,1010123456024,70,,1,0,24,1,2,,8.69689,805,182691,1.63011,233,0,6,,0,0,0,0,0,0,0,0,0,,3000,3000,,0,0,0,0
1613952145621,6,1010123456024,70,,1,0,24,1,2,,8.43382,816,183075,1.51939,233,0,5.33333,,0,9,0,0.1,3,66.6667,0,0,31,,3000,2994,,0,0,0,0
1613952145871,6,1010123456024,70,,1,0,24,1,2,,10.2085,849,183393,1.93494,243,0,6.33333,,0.1,14,74,0.1,4,0,0,9.63763,31,,3000,2994,,0,0,0,1
1613952146121,6,1010123456024,70,,1,0,24,1,2,,9.454,837,184285,1.76755,240,0,5.83333,,1.2,25,0,0.1,8,50,0,5.82264,0,,3000,3000,,0,0,0,6.4
1613952146371,6,1010123456024,70,,1,0,24,1,2,,10.8177,834,183497,1.99446,239,0,6.14286,,0,0,0,0,0,0,0,0,0,,3000,3000,,0,0,0,0
1613952146621,6,1010123456024,70,,1,0,24,1,2,,7.76839,829,183736,1.47491,238,0,5.16667,,0,0,0,0,0,0,0,0,0,,3000,2994,,0,0,0,0
1613952146871,6,1010123456024,70,,1,0,24,1,2,,7.2837,779,183600,1.28141,224,0,5.5,,0.1,18,0,0.1,5,40,0,1.24134,31,,3000,2988,,0,0,0,4.5
1613952147121,6,1010123456024,70,,1,0,24,1,2,,10.9796,834,183198,2.05926,240,0,6.5,,0.1,14,0,0.1,4,0,0,2.00313,0,,3000,3000,,0,0,0,1
1613952147371,6,1010123456024,70,,1,0,24,1,2,,11.0778,836,183952,2.08768,240,0,6.42857,,0,0,0,0,0,0,0,0,0,,3000,3000,,0,0,0,0
1613952147621,6,1010123456024,70,,1,0,24,1,2,,10.4703,808,183548,1.9335,234,0,5.83333,,0,0,0,0,0,0,0,0,0,,3000,3000,,0,0,0,0
1613952147871,6,1010123456024,70,,1,0,24,1,2,,9.88378,826,183580,1.82413,240,0,6.5,,0.1,31,0,0.1,9,22.2222,0,1.91921,31,,3000,3000,,0,0,0,2.87097
1613952148120,6,1010123456024,70,,1,0,24,1,2,,9.86347,835,183068,1.87945,238,0,5.83333,,0,6,0,0,2,100,0,0,0,,3000,3000,,0,0,0,0
1613952148371,6,1010123456024,70,,1,0,24,1,2,,9.87726,831,182958,1.82339,241,0,6.28571,,0,0,0,0,0,0,0,0,0,,3000,3000,,0,0,0,0
1613952148621,6,1010123456024,70,,1,0,24,1,2,,10.6184,836,183325,1.99882,243,0,6.33333,,0,0,0,0,0,0,0,0,0,,3000,3000,,0,0,0,0
1613952148871,6,1010123456024,70,,1,0,24,1,2,,11.2961,814,183364,2.09888,238,0,6.5,,1.18519,27,0,0.1,9,0,0,11.0217,31,,3000,2994,,0,0,0,1.14815
1613952149121,6,1010123456024,70,,1,0,24,1,2,,11.0012,827,183486,2.06912,240,0,6.33333,,0,0,0,0,0,0,0,0,0,,3000,3000,,0,0,0,0
1613952149371,6,1010123456024,70,,1,0,24,1,2,,10.5714,833,183260,1.96173,240,0,6.42857,,0,0,0,0,0,0,0,0,0,,3000,3000,,0,0,0,0
1613952149621,6,1010123456024,70,,1,0,24,1,2,,10.8102,843,183244,2.01386,241,0,6.16667,,0,0,0,0,0,0,0,0,0,,3000,3000,,0,0,0,0
1613952149871,6,1010123456024,70,,1,0,24,1,2,,10.5369,827,184348,2.00755,240,0,6.16667,,15,13,0,0,4,100,0,2.06647,0,,3000,3000,,0,0,0,10
1613952150121,6,1010123456024,70,,1,0,24,1,2,,9.38141,839,183552,1.71894,241,0,6,,0,0,0,0,0,0,0,0,0,,3000,2994,,0,0,0,0
1613952150371,6,1010123456024,70,,1,0,24,1,2,,10.9707,852,183296,2.06528,244,0,6.42857,,6.21429,42,0,0.1,12,66.6667,0,5.69466,31,,3000,3000,,0,0,0,7.21429
1613952150621,6,1010123456024,70,,1,0,24,1,2,,11.1519,823,183018,2.07053,236,0,6.33333,,0,0,0,0,0,0,0,0,0,,3000,3000,,0,0,0,0
1613952150871,6,1010123456024,70,,1,0,24,1,2,,8.3643,818,183661,1.52886,237,0,5.5,,11.75,16,0,0.1,6,66.6667,0,12.0929,31,,3000,3000,,0,0,0,6.625
1613952151121,6,1010123456024,70,,1,0,24,1,2,,11.7711,830,183395,2.46486,237,0,6.83333,,0,0,0,0,0,0,0,0,0,,3000,3000,,0,0,0,0
1613952151371,6,1010123456024,70,,1,0,24,1,2,,10.101,842,183521,1.87738,244,0,6.14286,,0,0,0,0,0,0,0,0,0,,3000,3000,,0,0,0,0
1613952151621,6,1010123456024,70,,1,0,24,1,2,,9.43758,825,183778,1.80758,239,0,5.66667,,0,0,0,0,0,0,0,0,0,,3000,3000,,0,0,0,0
1613952151871,6,1010123456024,70,,1,0,24,1,2,,9.51478,812,183178,1.71258,234,0,6.16667,,0.1,36,0,0.1,12,16.6667,0,4.92153,31,,3000,3000,,0,0,0,3.16667
1613952152121,6,1010123456024,70,,1,0,24,1,2,,10.9376,833,182922,2.00941,238,0,6.33333,,0,0,0,0,0,0,0,0,0,,3000,3000,,0,0,0,0
1613952152371,6,1010123456024,70,,1,0,24,1,2,,8.68203,846,183834,1.62426,242,0,5.71429,,0,0,0,0,0,0,0,0,0,,3000,3000,,0,0,0,0
1613952152621,6,1010123456024,70,,1,0,24,1,2,,11.1818,836,183841,2.07677,239,0,6.5,,0,0,0,0,0,0,0,0,0,,3000,3000,,0,0,0,0
1613952152871,6,1010123456024,70,,1,0,24,1,2,,11.0361,830,183413,2.08458,239,0,6.5,,0,6,0,0,2,100,0,0,0,,3000,3000,,0,0,0,0
1613952153121,6,1010123456024,70,,1,0,24,1,2,,10.529,845,184325,2.01078,243,0,6.5,,0,6,0,0,2,100,0,0,0,,3000,2994,,0,0,0,0
1613952153371,6,1010123456024,70,,1,0,24,1,2,,10.7042,825,183921,2.06022,238,0,6.33333,,0.1,7,0,0.1,2,0,0,2.22198,31,,3000,3000,,0,0,0,1
1613952153621,6,1010123456024,70,,1,0,24,1,2,,9.15422,830,183145,1.68214,239,0,6,,0,0,0,0,0,0,0,0,0,,3000,3000,,0,0,0,0
1613952153871,6,1010123456024,70,,1,0,24,1,2,,11.346,815,184232,2.11101,237,0,6.66667,,8.83673,49,0,0.1,14,57.1429,0,7.23517,31,,3000,3000,,0,0,0,6.61225
1613952154121,6,1010123456024,70,,1,0,24,1,2,,10.5216,834,183033,1.96582,240,0,6.2,,0,0,0,0,0,0,0,0,0,,3000,3000,,0,0,0,0
1613952154371,6,1010123456024,70,,1,0,24,1,2,,10.2704,832,183061,1.90845,239,0,6.42857,,0,0,0,0,0,0,0,0,0,,3000,3000,,0,0,0,0
1613952154621,6,1010123456024,70,,1,0,24,1,2,,9.54601,826,183251,1.76074,235,0,6,,0,0,0,0,0,0,0,0,0,,3000,3000,,0,0,0,0
1613952154871,6,1010123456024,70,,1,0,24,1,2,,10.077,831,184391,1.92365,242,0,6,,11.6471,17,0,0.1,6,66.6667,0,13.9045,31,,3000,3000,,0,0,0,6.29412
1613952155121,6,1010123456024,70,,1,0,24,1,2,,8.04944,809,183450,1.49459,234,0,5.5,,0,0,0,0,0,0,0,0,0,,3000,3000,,0,0,0,0
1613952155371,6,1010123456024,70,,1,0,24,1,2,,10.3548,840,183753,1.88189,241,0,6.14286,,0,0,0,0,0,0,0,0,0,,3000,3000,,0,0,0,0
1613952155621,6,1010123456024,70,,1,0,24,1,2,,9.76647,835,183999,1.79171,239,0,6,,0,0,0,0,0,0,0,0,0,,3000,3000,,0,0,0,0
1613952155871,6,1010123456024,70,,1,0,24,1,2,,10.7749,822,183216,2.04307,238,0,6.5,,0,0,0,0,0,0,0,0,0,,3000,3000,,0,0,0,0
1613952156121,6,1010123456024,70,,1,0,24,1,2,,9.59831,829,182737,1.80118,239,0,5.83333,,0.1,68,0,0.1,20,25,0,4.40327,31,,3000,3000,,0,0,0,3.11765
1613952156371,6,1010123456024,70,,1,0,24,1,2,,8.62328,799,184064,1.55347,230,0,5.66667,,0,0,0,0,0,0,0,0,0,,3000,3000,,0,0,0,0
1613952156621,6,1010123456024,70,,1,0,24,1,2,,11.1137,844,184140,2.09091,241,0,6.5,,0,0,0,0,0,0,0,0,0,,3000,3000,,0,0,0,0
1613952156871,6,1010123456024,70,,1,0,24,1,2,,12.8525,827,184652,2.63142,240,0,7.8,,9.72131,61,0,0.1,18,66.6667,0,5.98834,31,,3000,3000,,0,0,0,6.96721
1613952157121,6,1010123456024,70,,1,0,24,1,2,,11.7411,842,184304,2.25779,240,0,6.83333,,0,0,0,0,0,0,0,0,0,,3000,3000,,0,0,0,0
1613952157371,6,1010123456024,70,,1,0,24,1,2,,13.078,846,182709,2.55574,243,0,7.14286,,0,0,0,0,0,0,0,0,0,,3000,3000,,0,0,0,0
1613952157621,6,1010123456024,70,,1,0,24,1,2,,11.9988,839,183384,2.35395,241,0,7,,0,0,0,0,0,0,0,0,0,,3000,3000,,0,0,0,0
1613952157871,6,1010123456024,70,,1,0,24,1,2,,10.9008,827,183752,2.07603,240,0,6.33333,,0.1,37,0,0.1,11,18.1818,0,3.27218,31,,3000,3000,,0,0,0,2.94595
1613952158121,6,1010123456024,70,,1,0,24,1,2,,9.90678,826,183817,1.82733,236,0,6.33333,,0,0,0,0,0,0,0,0,0,,3000,3000,,0,0,0,0
1613952158371,6,1010123456024,70,,1,0,24,1,2,,8.9381,824,183823,1.66643,236,0,5.57143,,0,0,0,0,0,0,0,0,0,,3000,2994,,0,0,0,0
1613952158621,6,1010123456024,70,,1,0,24,1,2,,10.7559,811,184370,1.96778,233,0,6.8,,0,0,0,0,0,0,0,0,0,,3000,3000,,0,0,0,0
1613952158871,6,1010123456024,70,,1,0,24,1,2,,10.7361,826,182882,2.02333,241,0,6.33333,,1.27273,33,0,0.1,11,45.4545,0,3.4396,31,,3000,2988,,0,0,0,4.54545
1613952159121,6,1010123456024,70,,1,0,24,1,2,,10.5252,834,183985,1.92736,238,0,6.16667,,0,3,0,0,1,100,0,0,0,,3000,3000,,0,0,0,0
1613952159371,6,1010123456024,70,,1,0,24,1,2,,10.654,841,183405,2.01325,238,0,6.42857,,0,0,0,0,0,0,0,0,0,,3000,3000,,0,0,0,0
1613952159621,6,1010123456024,70,,1,0,24,1,2,,10.6971,842,182902,1.99306,239,0,6.16667,,0,0,0,0,0,0,0,0,0,,3000,3000,,0,0,0,0
1613952159871,6,1010123456024,70,,1,0,24,1,2,,10.2842,841,183070,1.96054,243,0,6.33333,,0.1,16,0,0.1,5,0,0,8.18113,31,,3000,3000,,0,0,0,1
1613952160121,6,1010123456024,70,,1,0,24,1,2,,11.0554,831,183139,2.0304,238,0,6.5,,0.1,10,0,0.1,3,0,0,1.60889,0,,3000,3000,,0,0,0,1
1613952160371,6,1010123456024,70,,1,0,24,1,2,,11.5168,834,183569,2.17715,240,0,6.71429,,0,0,0,0,0,0,0,0,0,,3000,3000,,0,0,0,0
1613952160621,6,1010123456024,70,,1,0,24,1,2,,10.4347,842,183265,1.93731,241,0,6,,0,0,0,0,0,0,0,0,0,,3000,3000,,0,0,0,0
1613952160871,6,1010123456024,70,,1,0,24,1,2,,8.50973,822,183230,1.63542,239,0,5.33333,,5.625,32,0,0.1,10,40,0,3.97571,31,,3000,3000,,0,0,0,4.71875
1613952161121,6,1010123456024,70,,1,0,24,1,2,,9.54762,840,183721,1.75101,239,0,6,,0,0,0,0,0,0,0,0,0,,3000,3000,,0,0,0,0
1613952161371,6,1010123456024,70,,1,0,24,1,2,,10.3685,852,183519,1.95859,246,0,6,,0,0,0,0,0,0,0,0,0,,3000,3000,,0,0,0,0
1613952161621,6,1010123456024,70,,1,0,24,1,2,,7.31447,795,183323,1.35456,230,0,6,,0,0,0,0,0,0,0,0,0,,3000,2994,,0,0,0,0
1613952161871,6,1010123456024,70,,1,0,24,1,2,,11.1677,823,183086,2.1383,238,0,6.4,,8.18182,11,0,0.1,3,0,0,26.8426,31,,3000,3000,,0,0,0,1
1613952162121,6,1010123456024,70,,1,0,24,1,2,,13.4293,827,184019,2.8256,238,0,7.83333,,0,0,0,0,0,0,0,0,0,,3000,3000,,0,0,0,0
1613952162371,6,1010123456024,70,,1,0,24,1,2,,10.2261,849,183577,1.93123,243,0,6.14286,,0,0,0,0,0,0,0,0,0,,3000,3000,,0,0,0,0
1613952162621,6,1010123456024,70,,1,0,24,1,2,,10.859,830,184401,1.97363,236,0,6.33333,,0,0,0,0,0,0,0,0,0,,3000,3000,,0,0,0,0
1613952162871,6,1010123456024,70,,1,0,24,1,2,,11.8697,829,181436,2.24864,242,0,7.16667,,15.86,50,0,0.1,17,76.4706,0,7.57793,31,,3000,3000,,0,0,0,7.3
1613952163121,6,1010123456024,70,,1,0,24,1,2,,10.989,820,182630,2.14723,237,0,6.16667,,0,3,0,0,1,100,0,0,0,,3000,3000,,0,0,0,0
1613952163371,6,1010123456024,70,,1,0,24,1,2,,13.2184,847,180730,2.81018,242,0,7.14286,,0,0,0,0,0,0,0,0,0,,3000,3000,,0,0,0,0
1613952163621,6,1010123456024,70,,1,0,24,1,2,,9.93988,815,182961,1.79779,233,0,6.16667,,0,0,0,0,0,0,0,0,0,,3000,3000,,0,0,0,0
1613952163871,6,1010123456024,70,,1,0,24,1,2,,11.0822,827,179462,2.05715,242,0,6.83333,,14.7882,85,0,0.170112,28,82.1429,0,5.61129,31,,3000,3000,,0,0,0,8.26274
1613952164121,6,1010123456024,70,,1,0,24,1,2,,9.72805,820,183877,1.97283,235,0,5.66667,,0,0,0,0,0,0,0,0,0,,3000,3000,,0,0,0,0
1613952164371,6,1010123456024,70,,1,0,24,1,2,,9.61492,831,182449,1.80544,240,0,6.28571,,0,0,0,0,0,0,0,0,0,,3000,3000,,0,0,0,0
1613952164621,6,1010123456024,70,,1,0,24,1,2,,11.0475,842,183924,2.14138,242,0,5.83333,,0,0,0,0,0,0,0,0,0,,3000,3000,,0,0,0,0
1613952164871,6,1010123456024,70,,1,0,24,1,2,,8.585,800,184532,1.54333,229,0,5.5,,0.1,8,0,0,2,100,0,0.530338,0,,3000,2994,,0,0,0,10
1613952165121,6,1010123456024,70,,1,0,24,1,2,,10.6216,835,183967,1.94208,238,0,6.5,,0.1,24,0,0.1,7,0,0,1.95994,31,,3000,3000,,0,0,0,1
1613952165371,6,1010123456024,70,,1,0,24,1,2,,10.6871,834,184173,1.97206,239,0,6.28571,,0,0,0,0,0,0,0,0,0,,3000,3000,,0,0,0,0
1613952165621,6,1010123456024,70,,1,0,24,1,2,,10.7179,833,184257,1.95136,236,0,6.33333,,0,0,0,0,0,0,0,0,0,,3000,3000,,0,0,0,0
1613952165871,6,1010123456024,70,,1,0,24,1,2,,11.6156,822,184337,2.1769,236,0,6.83333,,6.78378,37,0,0.1,11,36.3636,0,8.79324,31,,3000,2994,,0,0,0,4.16216
1613952166121,6,1010123456024,70,,1,0,24,1,2,,10.9386,830,182622,2.0103,238,0,6.33333,,0,0,0,0,0,0,0,0,0,,3000,3000,,0,0,0,0
1613952166371,6,1010123456024,70,,1,0,24,1,2,,10.2554,834,183917,1.92899,241,0,6.14286,,0,0,0,0,0,0,0,0,0,,3000,3000,,0,0,0,0
1613952166621,6,1010123456024,70,,1,0,24,1,2,,11.4161,822,184323,2.16784,237,0,6.83333,,0,0,0,0,0,0,0,0,0,,3000,3000,,0,0,0,0
1613952166871,6,1010123456024,70,,1,0,24,1,2,,10.1534,815,183181,1.8639,235,0,6.16667,,0,6,0,0,2,100,0,0,0,,3000,3000,,0,0,0,0
1613952167121,6,1010123456024,70,,1,0,24,1,2,,10.9633,844,183430,2.04419,241,0,6.33333,,0,6,0,0,2,100,0,0,0,,3000,3000,,0,0,0,0
1613952167371,6,1010123456024,70,,1,0,24,1,2,,10.9317,834,184052,2.0559,239,0,6.42857,,0.1,7,0,0.1,2,0,0,1.18595,31,,3000,3000,,0,0,0,1.57143
1613952167621,6,1010123456024,70,,1,0,24,1,2,,11.3234,838,183876,2.08454,238,0,6.66667,,0,0,0,0,0,0,0,0,0,,3000,3000,,0,0,0,0
1613952167871,6,1010123456024,70,,1,0,24,1,2,,11.1971,817,183888,2.11101,241,0,6.5,,13.8667,45,0,0.117024,15,66.6667,0,8.28061,31,,3000,3000,,0,0,0,7
1613952168121,6,1010123456024,70,,1,0,24,1,2,,10.8487,833,183508,2.02317,240,0,6.33333,,0,0,0,0,0,0,0,0,0,,3000,3000,,0,0,0,0
1613952168371,6,1010123456024,70,,1,0,24,1,2,,11.0565,832,183077,2.06669,240,0,6.42857,,0,0,0,0,0,0,0,0,0,,3000,3000,,0,0,0,0
1613952168621,6,1010123456024,70,,1,0,24,1,2,,9.3744,828,183746,1.76624,239,0,5.83333,,0,0,0,0,0,0,0,0,0,,3000,3000,,0,0,0,0
1613952168871,6,1010123456024,70,,1,0,24,1,2,,9.64428,804,183961,1.77053,233,0,6.16667,,0.1,47,0,0.1,14,42.8571,0,2.12947,31,,3000,2994,,0,0,0,5.44681
1613952169121,6,1010123456024,70,,1,0,24,1,2,,10.9479,845,182782,2.07373,244,0,6.5,,0,0,0,0,0,0,0,0,0,,3000,3000,,0,0,0,0
1613952169371,6,1010123456024,70,,1,0,24,1,2,,10.9055,847,182434,2.03142,242,0,6.28571,,0,0,0,0,0,0,0,0,0,,3000,3000,,0,0,0,0
1613952169621,6,1010123456024,70,,1,0,24,1,2,,11.2288,826,183441,2.06608,237,0,6.5,,0,0,0,0,0,0,0,0,0,,3000,3000,,0,0,0,0
1613952169871,6,1010123456024,70,,1,0,24,1,2,,11.536,806,183131,2.16154,236,0,6.6,,0.916667,24,0,0.1,7,0,0,6.75719,31,,3000,3000,,0,0,0,1.16667
1613952170121,6,1010123456024,70,,1,0,24,1,2,,9.0722,831,182794,1.72182,239,0,5.83333,,0,0,0,0,0,0,0,0,0,,3000,3000,,0,0,0,0
1613952170371,6,1010123456024,70,,1,0,24,1,2,,9.40811,838,184281,1.74054,240,0,6,,0,0,0,0,0,0,0,0,0,,3000,3000,,0,0,0,0
1613952170621,6,1010123456024,70,,1,0,24,1,2,,11.0446,852,183321,2.08346,244,0,6.33333,,0,0,0,0,0,0,0,0,0,,3000,3000,,0,0,0,0
1613952170871,6,1010123456024,70,,1,0,24,1,2,,11.2729,828,183158,2.11504,239,0,6.66667,,0.1,28,0,0.1,8,0,0,4.16024,31,,3000,2994,,0,0,0,1.10714
1613952171121,6,1010123456024,70,,1,0,24,1,2,,10.9964,839,183689,2.11155,238,0,6.5,,0,0,0,0,0,0,0,0,0,,3000,3000,,0,0,0,0
1613952171373,6,1010123456024,70,,1,0,24,1,2,,10.0036,831,183777,1.84717,242,0,6,,0,0,0,0,0,0,0,0,0,,3024,3024,,0,0,0,0
1613952171621,6,1010123456024,70,,1,0,24,1,2,,9.86861,822,183873,1.90938,236,0,6.16667,,0,0,0,0,0,0,0,0,0,,2976,2976,,0,0,0,0
1613952171871,6,1010123456024,70,,1,0,24,1,2,,9.90061,825,183703,1.7999,239,0,6.33333,,0.1,17,0,0.1,5,0,0,5.67229,31,,3000,3000,,0,0,0,1
1613952172121,6,1010123456024,70,,1,0,24,1,2,,10.5544,846,183441,1.9985,241,0,6.33333,,0.1,11,0,0.1,3,33.3333,0,1.70898,0,,3000,3000,,0,0,0,4.27273
1613952172371,6,1010123456024,70,,1,0,24,1,2,,10.568,831,183174,1.93363,238,0,6.33333,,0,0,0,0,0,0,0,0,0,,3000,3000,,0,0,0,0
1613952172621,6,1010123456024,70,,1,0,24,1,2,,11.0286,840,184513,2.0591,239,0,6.33333,,0,0,0,0,0,0,0,0,0,,3000,3000,,0,0,0,0
1613952172871,6,1010123456024,70,,1,0,24,1,2,,8.31824,817,184574,1.55766,237,0,5.5,,5.92727,55,0,0.1,16,50,0,8.53467,31,,3000,2988,,0,0,0,5.65455
1613952173121,6,1010123456024,70,,1,0,24,1,2,,9.32834,801,182934,1.69034,231,0,6,,0,0,0,0,0,0,0,0,0,,3000,3000,,0,0,0,0
1613952173371,6,1010123456024,70,,1,0,24,1,2,,10.8258,844,184141,2.00902,242,0,6.28571,,0,0,0,0,0,0,0,0,0,,3000,3000,,0,0,0,0
1613952173621,6,1010123456024,70,,1,0,24,1,2,,11.1717,827,183313,2.11629,238,0,6.66667,,0,0,0,0,0,0,0,0,0,,3000,3000,,0,0,0,0
1613952173871,6,1010123456024,70,,1,0,24,1,2,,10.4352,825,183051,1.96989,239,0,6.33333,,13.8125,16,0,0.1,5,20,0,17.8638,31,,3000,3000,,0,0,0,2.875
1613952174121,6,1010123456024,70,,1,0,24,1,2,,10.9917,845,182942,2.07328,242,0,6.33333,,0,0,0,0,0,0,0,0,0,,3000,3000,,0,0,0,0
1613952174371,6,1010123456024,70,,1,0,24,1,2,,10.5307,848,183913,1.96998,242,0,6.57143,,0,0,0,0,0,0,0,0,0,,3000,3000,,0,0,0,0
1613952174621,6,1010123456024,70,,1,0,24,1,2,,11.4759,830,184025,2.19603,238,0,6.33333,,0,0,0,0,0,0,0,0,0,,3000,3000,,0,0,0,0
1613952174871,6,1010123456024,70,,1,0,24,1,2,,10.814,817,179319,2.05712,241,0,7,,15.3261,92,0,0.134176,30,86.6667,0,3.23292,31,,3000,3000,,0,0,0,8.86957
1613952175121,6,1010123456024,70,,1,0,24,1,2,,10.9439,820,183413,2.19462,238,0,6.16667,,0,6,0,0,2,100,0,0,0,,3000,3000,,0,0,0,0
1613952175371,6,1010123456024,70,,1,0,24,1,2,,10.6268,828,184248,2.03606,239,0,6.57143,,0,0,0,0,0,0,0,0,0,,3000,3000,,0,0,0,0
1613952175621,6,1010123456024,70,,1,0,24,1,2,,11.175,840,182677,2.09565,241,0,6.5,,0,0,0,0,0,0,0,0,0,,3000,3000,,0,0,0,0
1613952175871,6,1010123456024,70,,1,0,24,1,2,,11.5499,831,184588,2.1961,240,0,6.66667,,0.1,33,0,0.1,10,40,0,1.37371,31,,3000,2994,,0,0,0,5.0303
1613952176121,6,1010123456024,70,,1,0,24,1,2,,10.843,847,182783,2.04915,244,0,6.5,,0,0,0,0,0,0,0,0,0,,3000,3000,,0,0,0,0
1613952176371,6,1010123456024,70,,1,0,24,1,2,,10.6643,834,183780,2.03226,240,0,6.5,,0,0,0,0,0,0,0,0,0,,3000,3000,,0,0,0,0
1613952176621,6,1010123456024,70,,1,0,24,1,2,,12.3578,816,183241,2.5848,235,0,7.33333,,0,0,0,0,0,0,0,0,0,,3000,2994,,0,0,0,0
1613952176871,6,1010123456024,70,,1,0,24,1,2,,10.8794,829,183999,2.06224,241,0,6.5,,8,8,363,0.1,2,0,0,21.6327,31,,3000,2988,,0,0,0,1
1613952177121,6,1010123456024,70,,1,0,24,1,2,,10.7023,833,184089,1.96685,236,0,6.5,,0,18,0,0.1,6,66.6667,0,0,0,,3000,3000,,0,0,0,0
1613952177371,6,1010123456024,70,,1,0,24,1,2,,10.4381,840,184149,1.96522,241,0,6.28571,,0,0,0,0,0,0,0,0,0,,3000,3000,,0,0,0,0
1613952177621,6,1010123456024,70,,1,0,24,1,2,,8.40223,808,183761,1.5601,233,0,5.5,,0,0,0,0,0,0,0,0,0,,3000,3000,,0,0,0,0
1613952177871,6,1010123456024,70,,1,0,24,1,2,,9.93951,777,181225,1.80406,231,0,6.66667,,15.1333,60,0,0.1,21,85.7143,0,5.04992,31,,3000,2994,,0,0,0,8.35
1613952178121,6,1010123456024,70,,1,0,24,1,2,,10.2783,830,182672,2.10842,240,0,6,,16,7,0,0,2,100,0,1.00395,0,,3000,3000,,0,0,0,10
1613952178371,6,1010123456024,70,,1,0,24,1,2,,11.441,839,183541,2.16454,242,0,6.57143,,0,0,0,0,0,0,0,0,0,,3000,3000,,0,0,0,0
1613952178621,6,1010123456024,70,,1,0,24,1,2,,10.9205,830,184045,1.98547,238,0,6.16667,,0,0,0,0,0,0,0,0,0,,3000,3000,,0,0,0,0
1613952178871,6,1010123456024,70,,1,0,24,1,2,,10.7616,839,183429,1.99469,242,0,6.16667,,0,6,257,0.1,2,50,0,0,31,,3000,3000,,0,0,0,0
1613952179121,6,1010123456024,70,,1,0,24,1,2,,9.92543,818,183535,1.85866,239,0,6.16667,,0.1,22,0,0.1,6,0,0,8.93442,0,,3000,3000,,0,0,0,1
1613952179371,6,1010123456024,70,,1,0,24,1,2,,11.4282,850,182810,2.15878,242,0,6.71429,,0,0,0,0,0,0,0,0,0,,3000,3000,,0,0,0,0
1613952179621,6,1010123456024,70,,1,0,24,1,2,,9.60247,810,183138,1.76435,232,0,6,,0,0,0,0,0,0,0,0,0,,3000,2994,,0,0,0,0
1613952179871,6,1010123456024,70,,1,0,24,1,2,,10.6667,816,183212,1.93405,235,0,6.16667,,0.1,17,0,0.1,5,60,0,6.68526,31,,3000,2988,,0,0,0,6.29412
1613952180121,6,1010123456024,70,,1,0,24,1,2,,11.5204,834,182960,2.1801,240,0,6.83333,,0.1,49,0,0.1,15,20,0,3.86989,0,,3000,3000,,0,0,0,2.65306
1613952180371,6,1010123456024,70,,1,0,24,1,2,,11.549,827,183633,2.15642,236,0,6.57143,,0,0,0,0,0,0,0,0,0,,3000,3000,,0,0,0,0
1613952180621,6,1010123456024,70,,1,0,24,1,2,,11.2169,839,184103,2.18269,241,0,6.5,,0,0,0,0,0,0,0,0,0,,3000,3000,,0,0,0,0
1613952180871,6,1010123456024,70,,1,0,24,1,2,,9.87226,822,183972,1.79683,239,0,6.33333,,0,0,0,0,0,0,0,0,0,,3000,3000,,0,0,0,0
1613952181121,6,1010123456024,70,,1,0,24,1,2,,12.1042,787,183871,2.50643,232,0,7.5,,2.98667,75,0,0.1,21,57.1429,0,4.21267,31,,3000,2976,,0,0,0,6.65333
1613952181371,6,1010123456024,70,,1,0,24,1,2,,11.0121,829,183981,2.02157,238,0,6.57143,,0,0,0,0,0,0,0,0,0,,3000,3000,,0,0,0,0
1613952181621,6,1010123456024,70,,1,0,24,1,2,,8.8594,825,183979,1.68707,237,0,5.83333,,0,0,0,0,0,0,0,0,0,,3000,3000,,0,0,0,0
1613952181871,6,1010123456024,70,,1,0,24,1,2,,9.92164,804,183647,1.84077,236,0,6.16667,,6.42857,7,0,0.1,2,50,0,13.173,31,,3000,3000,,0,0,0,4.85714
1613952182121,6,1010123456024,70,,1,0,24,1,2,,11.2923,821,183242,2.36957,235,0,6.83333,,6.875,24,0,0.1,7,42.8571,0,1.87846,0,,3000,3000,,0,0,0,5.125
1613952182371,6,1010123456024,70,,1,0,24,1,2,,9.46192,814,184531,1.76672,234,0,6,,0,6,0,0.1,2,50,0,0,31,,3000,2994,,0,0,0,0
1613952182621,6,1010123456024,70,,1,0,24,1,2,,10.2365,812,183151,1.8815,233,0,6.5,,0,0,0,0,0,0,0,0,0,,3000,2994,,0,0,0,0
1613952182871,6,1010123456024,70,,1,0,24,1,2,,9.92987,827,184212,1.83968,238,0,6.16667,,0.1,78,0,0.1,23,47.8261,0,1.13387,31,,3000,2988,,0,0,0,5.62821
1613952183121,6,1010123456024,70,,1,0,24,1,2,,10.3628,838,184372,1.96736,240,0,6.33333,,0,0,0,0,0,0,0,0,0,,3000,3000,,0,0,0,0
1613952183371,6,1010123456024,70,,1,0,24,1,2,,11.44,841,184404,2.144,240,0,6.57143,,0,0,0,0,0,0,0,0,0,,3000,3000,,0,0,0,0
1613952183621,6,1010123456024,70,,1,0,24,1,2,,9.62289,830,183043,1.82595,241,0,6,,0,0,0,0,0,0,0,0,0,,3000,3000,,0,0,0,0
1613952183871,6,1010123456024,70,,1,0,24,1,2,,10.4914,816,184081,1.98003,240,0,6.5,,1.2,35,0,0.1,10,20,0,6.16137,31,,3000,3000,,0,0,0,3.05714
1613952184121,6,1010123456024,70,,1,0,24,1,2,,9.90334,838,182664,1.85462,241,0,6,,0,0,0,0,0,0,0,0,0,,3000,3000,,0,0,0,0
1613952184371,6,1010123456024,70,,1,0,24,1,2,,10.8989,821,183781,2.03014,238,0,6.42857,,0,0,0,0,0,0,0,0,0,,3000,3000,,0,0,0,0
1613952184621,6,1010123456024,70,,1,0,24,1,2,,10.7333,836,183011,1.98944,238,0,6.33333,,0,0,0,0,0,0,0,0,0,,3000,3000,,0,0,0,0
1613952184871,6,1010123456024,70,,1,0,24,1,2,,11.2818,834,184161,2.1176,239,0,6.66667,,0.1,8,0,0,2,100,0,0.74814,0,,3000,3000,,0,0,0,10
1613952185121,6,1010123456024,70,,1,0,24,1,2,,9.80746,831,183442,1.87315,240,0,6,,1.84615,26,0,0.1,8,25,0,6.78342,31,,3000,3000,,0,0,0,3.23077
1613952185371,6,1010123456024,70,,1,0,24,1,2,,10.7428,828,183470,1.9617,239,0,6.42857,,0,0,0,0,0,0,0,0,0,,3000,3000,,0,0,0,0
1613952185621,6,1010123456024,70,,1,0,24,1,2,,8.24485,825,183201,1.53277,239,0,5.33333,,0,0,0,0,0,0,0,0,0,,3000,3000,,0,0,0,0
1613952185871,6,1010123456024,70,,1,0,24,1,2,,9.82051,819,183584,1.83523,239,0,6.16667,,15.4286,21,0,0.1,6,66.6667,0,13.5804,31,,3000,2988,,0,0,0,7
1613952186121,6,1010123456024,70,,1,0,24,1,2,,11.6862,835,184233,2.21322,239,0,6.83333,,0,0,0,0,0,0,0,0,0,,3000,3000,,0,0,0,0
1613952186371,6,1010123456024,70,,1,0,24,1,2,,11.4095,840,183805,2.18294,241,0,6.42857,,0,0,0,0,0,0,0,0,0,,3000,3000,,0,0,0,0
1613952186621,6,1010123456024,70,,1,0,24,1,2,,9.46035,845,183462,1.78682,240,0,6.16667,,0,0,0,0,0,0,0,0,0,,3000,2994,,0,0,0,0
1613952186871,6,1010123456024,70,,1,0,24,1,2,,10.2415,824,183007,1.91254,239,0,6.33333,,15,15,0,0,4,100,0,1.77852,0,,3000,3000,,0,0,0,10
1613952187121,6,1010123456024,70,,1,0,24,1,2,,9.78883,824,183737,1.80957,237,0,5.83333,,0,0,0,0,0,0,0,0,0,,3000,3000,,0,0,0,0
1613952187371,6,1010123456024,70,,1,0,24,1,2,,10.3943,837,183701,1.9336,241,0,6.2,,0.1,11,0,0.1,3,33.3333,0,0.719933,31,,3000,3000,,0,0,0,4.90909
1613952187621,6,1010123456024,70,,1,0,24,1,2,,8.87288,826,182500,1.60752,235,0,5.83333,,0,0,0,0,0,0,0,0,0,,3000,3000,,0,0,0,0
1613952187871,6,1010123456024,70,,1,0,24,1,2,,10.1216,814,183896,1.85616,233,0,6.33333,,1.77551,49,0,0.1,14,28.5714,0,6.0398,31,,3000,3000,,0,0,0,4.28571
1613952188121,6,1010123456024,70,,1,0,24,1,2,,11.32,847,183121,2.20134,244,0,6.5,,6,4,0,0,1,100,0,0.311534,0,,3000,3000,,0,0,0,10
1613952188371,6,1010123456024,70,,1,0,24,1,2,,10.7663,826,183694,1.97914,236,0,6.57143,,0,0,0,0,0,0,0,0,0,,3000,3000,,0,0,0,0
1613952188621,6,1010123456024,70,,1,0,24,1,2,,11.6856,843,183512,2.2416,242,0,6.83333,,0,0,0,0,0,0,0,0,0,,3000,3000,,0,0,0,0
1613952188871,6,1010123456024,70,,1,0,24,1,2,,11.2468,851,183424,2.16307,244,0,6.5,,5.2973,37,0,0.1,11,45.4545,0,6.97558,31,,3000,3000,,0,0,0,5.13514
1613952189121,6,1010123456024,70,,1,0,24,1,2,,9.58014,836,183354,1.77712,239,0,6,,0,0,0,0,0,0,0,0,0,,3000,3000,,0,0,0,0
1613952189371,6,1010123456024,70,,1,0,24,1,2,,10.5964,840,183494,1.95798,239,0,6.33333,,0,0,0,0,0,0,0,0,0,,3000,3000,,0,0,0,0
1613952189621,6,1010123456024,70,,1,0,24,1,2,,10.6329,839,183526,1.9607,240,0,6.33333,,0,0,0,0,0,0,0,0,0,,3000,3000,,0,0,0,0
1613952189871,6,1010123456024,70,,1,0,24,1,2,,11.56,825,183624,2.18314,239,0,6.83333,,4.45455,44,0,0.1,14,57.1429,0,4.3468,31,,3000,2994,,0,0,0,6.15909
1613952190121,6,1010123456024,70,,1,0,24,1,2,,10.8308,845,184212,2.04346,242,0,6.33333,,0.1,10,0,0.1,3,0,0,2.42464,31,,3000,3000,,0,0,0,1.4
1613952190371,6,1010123456024,70,,1,0,24,1,2,,11.0867,830,183748,2.05821,239,0,6.57143,,0,0,0,0,0,0,0,0,0,,3000,3000,,0,0,0,0
1613952190621,6,1010123456024,70,,1,0,24,1,2,,11.1275,839,182877,2.0991,241,0,6.33333,,0,0,0,0,0,0,0,0,0,,3000,3000,,0,0,0,0
1613952190871,6,1010123456024,70,,1,0,24,1,2,,10.7134,834,184227,2.03872,242,0,6.33333,,7.21951,41,0,0.1,14,64.2857,0,6.99231,31,,3000,3000,,0,0,0,7
1613952191121,6,1010123456024,70,,1,0,24,1,2,,8.38972,798,184043,1.52237,230,0,5.66667,,0,0,0,0,0,0,0,0,0,,3000,3000,,0,0,0,0
1613952191371,6,1010123456024,70,,1,0,24,1,2,,10.5103,829,182556,1.95718,238,0,6.28571,,0,0,0,0,0,0,0,0,0,,3000,3000,,0,0,0,0
1613952191621,6,1010123456024,70,,1,0,24,1,2,,11.5096,830,167515,2.1647,239,0,6.83333,,0,0,0,0,0,0,0,0,0,,3000,3000,,0,0,0,0
1613952191871,6,1010123456024,70,,1,0,24,1,2,,10.0468,834,183269,1.89584,241,0,6,,0.1,37,0,0.1,11,9.09091,0,4.87256,31,,3000,3000,,0,0,0,1.72973
1613952192121,6,1010123456024,70,,1,0,24,1,2,,9.59134,832,183999,1.74522,238,0,5.83333,,0,0,0,0,0,0,0,0,0,,3000,3000,,0,0,0,0
1613952192371,6,1010123456024,70,,1,0,24,1,2,,11.3649,833,183329,2.12093,239,0,6.57143,,0,0,0,0,0,0,0,0,0,,3000,3000,,0,0,0,0
1613952192621,6,1010123456024,70,,1,0,24,1,2,,12.5818,844,183357,2.47162,242,0,7.16667,,0,0,0,0,0,0,0,0,0,,3000,3000,,0,0,0,0
1613952192871,6,1010123456024,70,,1,0,24,1,2,,9.23681,815,182783,1.71235,239,0,5.83333,,6.90196,51,0,0.1,15,66.6667,0,4.96541,31,,3000,3000,,0,0,0,7
1613952193121,6,1010123456024,70,,1,0,24,1,2,,10.6484,839,183239,1.93424,241,0,6,,13.5385,39,0,0.1,12,83.3333,0,3.84292,0,,3000,3000,,0,0,0,8.61539
1613952193371,6,1010123456024,70,,1,0,24,1,2,,6.82614,834,184544,1.31206,239,0,5.14286,,0,0,0,0,0,0,0,0,0,,3000,2994,,0,0,0,0
1613952193621,6,1010123456024,70,,1,0,24,1,2,,11.4203,847,183916,2.13507,241,0,6.5,,0,0,0,0,0,0,0,0,0,,3000,3000,,0,0,0,0
1613952193871,6,1010123456024,70,,1,0,24,1,2,,9.60075,804,182845,1.73171,232,0,6,,5.25,40,0,0.1,12,33.3333,0,3.40347,31,,3000,2994,,0,0,0,4.55
1613952194121,6,1010123456024,70,,1,0,24,1,2,,8.22569,833,184320,1.52262,238,0,5.66667,,0,0,0,0,0,0,0,0,0,,3000,3000,,0,0,0,0
1613952194371,6,1010123456024,70,,1,0,24,1,2,,11.4625,813,183082,2.14397,235,0,6.71429,,0,0,0,0,0,0,0,0,0,,3000,3000,,0,0,0,0
1613952194621,6,1010123456024,70,,1,0,24,1,2,,9.93765,834,183282,1.87245,238,0,6.16667,,0,0,0,0,0,0,0,0,0,,3000,3000,,0,0,0,0
1613952194871,6,1010123456024,70,,1,0,24,1,2,,10.5738,854,183986,1.98672,245,0,6.33333,,0.1,8,84,0.1,2,50,0,2.07257,31,,3000,2994,,0,0,0,5.5
1613952195121,6,1010123456024,70,,1,0,24,1,2,,8.05696,790,184117,1.4752,228,0,5.33333,,0.1,43,0,0.1,13,53.8462,0,0.527363,31,,3000,2988,,0,0,0,6.27907
1613952195371,6,1010123456024,70,,1,0,24,1,2,,10.1386,830,183790,1.82653,239,0,5.71429,,0,0,0,0,0,0,0,0,0,,3000,2988,,0,0,0,0
1613952195621,6,1010123456024,70,,1,0,24,1,2,,10.2936,814,184077,1.87715,233,0,6.66667,,0,0,0,0,0,0,0,0,0,,3000,3000,,0,0,0,0
1613952195871,6,1010123456024,70,,1,0,24,1,2,,10.6381,804,183925,1.98906,238,0,6.33333,,4.47826,46,0,0.1,14,57.1429,0,5.19462,31,,3000,3000,,0,0,0,6.47826
1613952196121,6,1010123456024,70,,1,0,24,1,2,,12.554,843,170891,2.42742,239,0,7.6,,0,0,0,0,0,0,0,0,0,,3000,2994,,0,0,0,0
1613952196371,6,1010123456024,70,,1,0,24,1,2,,11.4544,834,183689,2.36698,240,0,6.5,,0,0,0,0,0,0,0,0,0,,3000,3000,,0,0,0,0
1613952196621,6,1010123456024,70,,1,0,24,1,2,,11.4867,824,183409,2.14432,238,0,6.66667,,0,0,0,0,0,0,0,0,0,,3000,3000,,0,0,0,0
1613952196871,6,1010123456024,70,,1,0,24,1,2,,10.9488,820,184189,2.0568,239,0,6.33333,,0.1,15,15480,0.1,4,0,0,7.41389,31,,3000,3000,,0,0,0,1
1613952197121,6,1010123456024,70,,1,0,24,1,2,,9.45868,835,184285,1.74662,238,0,6,,8.33333,27,0,0.1,8,75,0,1.83104,0,,3000,3000,,0,0,0,8
1613952197371,6,1010123456024,70,,1,0,24,1,2,,10.8948,827,183054,2.05942,237,0,6.42857,,0,0,0,0,0,0,0,0,0,,3000,3000,,0,0,0,0
1613952197621,6,1010123456024,70,,1,0,24,1,2,,10.1862,827,184234,1.92381,239,0,6,,0,0,0,0,0,0,0,0,0,,3000,3000,,0,0,0,0
1613952197871,6,1010123456024,70,,1,0,24,1,2,,9.86994,815,183487,1.79344,233,0,6.5,,0.1,32,0,0.1,9,11.1111,0,2.93321,31,,3000,3000,,0,0,0,1.84375
1613952198121,6,1010123456024,70,,1,0,24,1,2,,10.5313,832,183949,1.96109,240,0,6.16667,,0,0,0,0,0,0,0,0,0,,3000,3000,,0,0,0,0
1613952198371,6,1010123456024,70,,1,0,24,1,2,,11.2347,848,183361,2.11056,243,0,6.85714,,0,0,0,0,0,0,0,0,0,,3000,3000,,0,0,0,0
1613952198621,6,1010123456024,70,,1,0,24,1,2,,11.2892,830,183594,2.13341,237,0,6.16667,,0,0,0,0,0,0,0,0,0,,3000,3000,,0,0,0,0
1613952198871,6,1010123456024,70,,1,0,24,1,2,,11.1404,826,184168,2.10349,238,0,6.5,,0.1,14,147493,0.1,4,25,0,12.3856,31,,3000,3000,,0,0,0,3.78571
1613952199121,6,1010123456024,70,,1,0,24,1,2,,10.8557,818,183053,2.06394,238,0,6.5,,9.28889,45,0,0.1,13,69.2308,0,1.66761,31,,3000,3000,,0,0,0,7.53333
1613952199371,6,1010123456024,70,,1,0,24,1,2,,9.70207,819,183417,1.81757,235,0,6.14286,,0,0,0,0,0,0,0,0,0,,3000,3000,,0,0,0,0
1613952199621,6,1010123456024,70,,1,0,24,1,2,,10.976,835,183135,2.03059,240,0,6.5,,0,0,0,0,0,0,0,0,0,,3000,3000,,0,0,0,0
1613952199871,6,1010123456024,70,,1,0,24,1,2,,10.2509,817,184028,1.8919,238,0,6.33333,,4.64865,37,0,0.1,11,45.4545,0,5.89003,31,,3000,2994,,0,0,0,5.24324
1613952200121,6,1010123456024,70,,1,0,24,1,2,,10.0167,836,183702,1.88218,238,0,6.16667,,0,3,0,0,1,100,0,0,0,,3000,3000,,0,0,0,0
1613952200371,6,1010123456024,70,,1,0,24,1,2,,9.34352,818,183069,1.69114,236,0,5.85714,,0,0,0,0,0,0,0,0,0,,3000,3000,,0,0,0,0
1613952200621,6,1010123456024,70,,1,0,24,1,2,,9.04734,845,184086,1.716,241,0,5.83333,,0,0,0,0,0,0,0,0,0,,3000,3000,,0,0,0,0
1613952200870,6,1010123456024,70,,1,0,24,1,2,,8.27724,826,183526,1.55765,238,0,5.5,,0.1,24,74,0.1,6,66.6667,0,0.133449,31,,3000,2994,,0,0,0,9
1613952201121,6,1010123456024,70,,1,0,24,1,2,,10.8465,834,183854,2.01392,239,0,6.5,,0.1,28,0,0.1,8,0,0,4.99787,0,,3000,3000,,0,0,0,1.14286
1613952201371,6,1010123456024,70,,1,0,24,1,2,,11.0109,829,184289,2.04755,238,0,6.42857,,0,0,0,0,0,0,0,0,0,,3000,3000,,0,0,0,0
1613952201621,6,1010123456024,70,,1,0,24,1,2,,9.95814,836,184016,1.86854,240,0,5.83333,,0,0,0,0,0,0,0,0,0,,3000,2994,,0,0,0,0
1613952201871,6,1010123456024,70,,1,0,24,1,2,,8.87792,811,183368,1.5648,232,0,6,,6.72414,29,0,0.1,10,40,0,4.02335,31,,3000,2994,,0,0,0,4.10345
1613952202121,6,1010123456024,70,,1,0,24,1,2,,10.9644,814,182868,2.02506,231,0,6.5,,0,3,0,0.1,1,0,0,0,0,,3000,2994,,0,0,0,0
1613952202371,6,1010123456024,70,,1,0,24,1,2,,11.2075,853,182896,2.15162,246,0,6.42857,,0,0,0,0,0,0,0,0,0,,3000,3000,,0,0,0,0
1613952202621,6,1010123456024,70,,1,0,24,1,2,,10.2943,829,184131,1.89882,238,0,6,,0,0,0,0,0,0,0,0,0,,3000,3000,,0,0,0,0
1613952202871,6,1010123456024,70,,1,0,24,1,2,,9.29534,772,183382,1.68634,232,0,5.83333,,9.05882,34,0,0.1,11,45.4545,0,7.51443,31,,3000,2994,,0,0,0,5.47059
1613952203121,6,1010123456024,70,,1,0,24,1,2,,7.64295,773,182779,1.28928,222,0,5.33333,,0,0,0,0,0,0,0,0,0,,3000,2988,,0,0,0,0
1613952203371,6,1010123456024,70,,1,0,24,1,2,,10.26,823,184224,1.9432,237,0,6.14286,,0,0,0,0,0,0,0,0,0,,3000,3000,,0,0,0,0
1613952203621,6,1010123456024,70,,1,0,24,1,2,,10.8106,834,183079,1.97312,240,0,6.33333,,0,0,0,0,0,0,0,0,0,,3000,3000,,0,0,0,0
1613952203871,6,1010123456024,70,,1,0,24,1,2,,9.81055,834,184029,1.85517,242,0,6,,0,21,99,0.1,7,57.1429,0,0,31,,3000,3000,,0,0,0,0
1613952204121,6,1010123456024,70,,1,0,24,1,2,,11.5492,823,183002,2.15014,236,0,6.83333,,1.83673,98,0,0.1,29,58.6207,0,2.94401,31,,3000,3000,,0,0,0,6.23469
1613952204371,6,1010123456024,70,,1,0,24,1,2,,10.677,836,183710,2.03571,240,0,6.57143,,0,0,0,0,0,0,0,0,0,,3000,3000,,0,0,0,0
1613952204621,6,1010123456024,70,,1,0,24,1,2,,10.517,853,183592,1.96349,243,0,6.16667,,0,0,0,0,0,0,0,0,0,,3000,3000,,0,0,0,0
1613952204871,6,1010123456024,70,,1,0,24,1,2,,11.4015,807,183796,2.11606,235,0,6.66667,,3.23077,65,0,0.1,20,55,0,2.09568,31,,3000,3000,,0,0,0,6.04615
1613952205121,6,1010123456024,70,,1,0,24,1,2,,9.94181,842,183986,1.89005,244,0,6.2,,0,0,0,0,0,0,0,0,0,,3000,3000,,0,0,0,0
1613952205371,6,1010123456024,70,,1,0,24,1,2,,11.3396,854,182849,2.19523,245,0,6.71429,,0,0,0,0,0,0,0,0,0,,3000,3000,,0,0,0,0
1613952205621,6,1010123456024,70,,1,0,24,1,2,,10.1249,841,183424,1.89562,242,0,6.16667,,0,0,0,0,0,0,0,0,0,,3000,3000,,0,0,0,0
1613952205871,6,1010123456024,70,,1,0,24,1,2,,10.0776,799,183339,1.83712,234,0,6,,0,0,0,0,0,0,0,0,0,,3000,3000,,0,0,0,0
1613952206121,6,1010123456024,70,,1,0,24,1,2,,11.3647,828,182920,2.14045,241,0,6.66667,,0.771429,35,0,0.1,10,0,0,5.87872,31,,3000,3000,,0,0,0,1.6
1613952206371,6,1010123456024,70,,1,0,24,1,2,,9.79641,835,183981,1.81862,240,0,5.85714,,0.1,4,0,0.1,1,0,0,1.18851,31,,3000,3000,,0,0,0,7
1613952206621,6,1010123456024,70,,1,0,24,1,2,,10.8861,843,183057,2.1136,242,0,6.66667,,0,0,0,0,0,0,0,0,0,,3000,3000,,0,0,0,0
1613952206871,6,1010123456024,70,,1,0,24,1,2,,10.9878,818,184032,2.01654,237,0,6.5,,0.1,45,0,0.1,12,25,0,4.26898,31,,3000,3000,,0,0,0,3.48889
1613952207121,6,1010123456024,70,,1,0,24,1,2,,10.0442,838,183643,1.91782,240,0,6.16667,,0,0,0,0,0,0,0,0,0,,3000,3000,,0,0,0,0
1613952207371,6,1010123456024,70,,1,0,24,1,2,,8.94471,832,184649,1.64026,242,0,5.85714,,0,0,0,0,0,0,0,0,0,,3000,3000,,0,0,0,0
1613952207621,6,1010123456024,70,,1,0,24,1,2,,10.6389,817,183710,1.99622,236,0,6.33333,,0,0,0,0,0,0,0,0,0,,3000,2994,,0,0,0,0
1613952207871,6,1010123456024,70,,1,0,24,1,2,,10.7696,829,183365,1.97872,239,0,6.33333,,0.1,14,14116,0.1,4,25,0,5.89873,31,,3000,3000,,0,0,0,2.92857
1613952208121,6,1010123456024,70,,1,0,24,1,2,,8.09223,824,183027,1.52666,236,0,5.5,,5.18919,37,0,0.1,11,54.5455,0,1.95653,31,,3000,3000,,0,0,0,5.7027
1613952208371,6,1010123456024,70,,1,0,24,1,2,,8.0399,827,183533,1.5248,238,0,5.71429,,0,0,0,0,0,0,0,0,0,,3000,3000,,0,0,0,0
1613952208621,6,1010123456024,70,,1,0,24,1,2,,10.5066,829,182912,1.94736,239,0,6.33333,,0,0,0,0,0,0,0,0,0,,3000,3000,,0,0,0,0
1613952208871,6,1010123456024,70,,1,0,24,1,2,,11.1065,817,183649,2.04829,237,0,6.33333,,3.24324,37,0,0.1,13,53.8462,0,5.59178,31,,3000,3000,,0,0,0,5.72973
1613952209121,6,1010123456024,70,,1,0,24,1,2,,9.65944,831,183629,1.80243,238,0,6,,0,5,0,0,2,100,0,0,0,,3000,3000,,0,0,0,0
1613952209371,6,1010123456024,70,,1,0,24,1,2,,8.96296,837,184001,1.7167,241,0,5.85714,,0,0,0,0,0,0,0,0,0,,3000,2988,,0,0,0,0
1613952209621,6,1010123456024,70,,1,0,24,1,2,,11.4552,837,182766,2.20307,242,0,6.66667,,0,0,0,0,0,0,0,0,0,,3000,3000,,0,0,0,0
1613952209871,6,1010123456024,70,,1,0,24,1,2,,9.52802,803,184654,1.76301,234,0,6,,5.14894,47,0,0.1,14,35.7143,0,6.53019,31,,3000,2994,,0,0,0,4.21277
1613952210121,6,1010123456024,70,,1,0,24,1,2,,11.0885,825,183968,2.06675,238,0,6.5,,0,0,0,0,0,0,0,0,0,,3000,3000,,0,0,0,0
1613952210371,6,1010123456024,70,,1,0,24,1,2,,10.9508,834,183278,2.04173,240,0,6.28571,,0,0,0,0,0,0,0,0,0,,3000,3000,,0,0,0,0
1613952210621,6,1010123456024,70,,1,0,24,1,2,,11.069,826,183220,2.06342,238,0,6.5,,0,0,0,0,0,0,0,0,0,,3000,3000,,0,0,0,0
1613952210871,6,1010123456024,70,,1,0,24,1,2,,9.89277,830,183554,1.86112,240,0,6.16667,,15,16,0,0,4,100,0,1.08401,0,,3000,3000,,0,0,0,10
1613952211121,6,1010123456024,70,,1,0,24,1,2,,9.02061,825,182740,1.66934,239,0,5.66667,,0,0,0,0,0,0,0,0,0,,3000,3000,,0,0,0,0
1613952211371,6,1010123456024,70,,1,0,24,1,2,,8.46651,836,183267,1.58042,240,0,5.57143,,0.1,7,0,0.1,2,0,0,2.45403,31,,3000,2994,,0,0,0,1
1613952211621,6,1010123456024,70,,1,0,24,1,2,,10.7904,816,182738,1.9729,237,0,6.2,,0,0,0,0,0,0,0,0,0,,3000,3000,,0,0,0,0
1613952211871,6,1010123456024,70,,1,0,24,1,2,,11.0901,821,184021,2.0536,239,0,6.66667,,0.423529,85,0,0.1,24,79.1667,0,2.25447,31,,3000,2994,,0,0,0,8.45882
1613952212121,6,1010123456024,70,,1,0,24,1,2,,10.734,827,183194,1.98899,240,0,6.16667,,0,3,0,0,1,100,0,0,0,,3000,3000,,0,0,0,0
1613952212371,6,1010123456024,70,,1,0,24,1,2,,11.3868,848,183835,2.16778,243,0,6.57143,,0,0,0,0,0,0,0,0,0,,3000,3000,,0,0,0,0
1613952212621,6,1010123456024,70,,1,0,24,1,2,,9.47763,827,182578,1.78669,238,0,6,,0,0,0,0,0,0,0,0,0,,3000,3000,,0,0,0,0
1613952212871,6,1010123456024,70,,1,0,24,1,2,,7.92927,820,184089,1.46195,238,0,5.16667,,0.1,35,0,0.1,10,20,0,1.71268,31,,3000,2994,,0,0,0,2.91429
1613952213121,6,1010123456024,70,,1,0,24,1,2,,10.1272,849,183688,1.92998,244,0,6.33333,,0,0,0,0,0,0,0,0,0,,3000,3000,,0,0,0,0
1613952213371,6,1010123456024,70,,1,0,24,1,2,,10.0457,831,183904,1.96947,238,0,6.16667,,0,0,0,0,0,0,0,0,0,,3000,3000,,0,0,0,0
1613952213621,6,1010123456024,70,,1,0,24,1,2,,9.67918,826,184260,1.7504,236,0,6,,0,0,0,0,0,0,0,0,0,,3000,3000,,0,0,0,0
1613952213871,6,1010123456024,70,,1,0,24,1,2,,10.8844,822,183456,1.9799,236,0,6.33333,,0.1,17,16004,0.1,5,40,0,5.59174,31,,3000,3000,,0,0,0,5.58824
1613952214121,6,1010123456024,70,,1,0,24,1,2,,11.5562,818,183030,2.1448,237,0,6.83333,,5.71429,14,0,0.104608,5,0,0,10.872,0,,3000,3000,,0,0,0,1
1613952214371,6,1010123456024,70,,1,0,24,1,2,,11.1501,826,183372,2.0591,235,0,6.42857,,0,0,0,0,0,0,0,0,0,,3000,3000,,0,0,0,0
1613952214621,6,1010123456024,70,,1,0,24,1,2,,10.6921,838,183764,1.98032,241,0,6.5,,0,0,0,0,0,0,0,0,0,,3000,2994,,0,0,0,0
1613952214871,6,1010123456024,70,,1,0,24,1,2,,10.5273,823,183229,1.99107,241,0,6.33333,,8.32653,49,0,0.1,15,73.3333,0,4.19846,31,,3000,3000,,0,0,0,7.77551
1613952215121,6,1010123456024,70,,1,0,24,1,2,,13.0465,818,173280,2.53878,237,0,7.5,,0.1,21,0,0.1,6,83.3333,0,1.31992,0,,3000,3000,,0,0,0,8.71429
1613952215371,6,1010123456024,70,,1,0,24,1,2,,10.2578,838,183472,2.14742,241,0,6,,0,0,0,0,0,0,0,0,0,,3000,3000,,0,0,0,0
1613952215621,6,1010123456024,70,,1,0,24,1,2,,9.71377,828,182774,1.76438,237,0,5.83333,,0,0,0,0,0,0,0,0,0,,3000,2994,,0,0,0,0
1613952215871,6,1010123456024,70,,1,0,24,1,2,,10.6671,820,182786,1.97008,241,0,6.16667,,14.4314,51,0,0.12544,15,73.3333,0,7.02199,31,,3000,3000,,0,0,0,7.34641
1613952216121,6,1010123456024,70,,1,0,24,1,2,,8.76287,835,183431,1.62323,238,0,5.8,,0,3,0,0,1,100,0,0,0,,3000,3000,,0,0,0,0
1613952216371,6,1010123456024,70,,1,0,24,1,2,,10.3143,821,184045,1.85754,236,0,6.14286,,0,0,0,0,0,0,0,0,0,,3000,3000,,0,0,0,0
1613952216621,6,1010123456024,70,,1,0,24,1,2,,10.1401,828,182958,1.87901,239,0,6.33333,,0,0,0,0,0,0,0,0,0,,3000,3000,,0,0,0,0
1613952216871,6,1010123456024,70,,1,0,24,1,2,,12.6642,825,180199,2.47754,243,0,7.66667,,14.3855,83,0,0.1,27,85.1852,0,3.4538,31,,3000,3000,,0,0,0,8.59036
1613952217121,6,1010123456024,70,,1,0,24,1,2,,12.3357,837,183771,2.52406,241,0,6.83333,,0,3,0,0,1,100,0,0,0,,3000,3000,,0,0,0,0
1613952217371,6,1010123456024,70,,1,0,24,1,2,,9.76414,831,183178,1.81965,236,0,6,,0,0,0,0,0,0,0,0,0,,3000,3000,,0,0,0,0
1613952217621,6,1010123456024,70,,1,0,24,1,2,,11.557,833,183841,2.16285,237,0,6.6,,0,0,0,0,0,0,0,0,0,,3000,3000,,0,0,0,0
1613952217871,6,1010123456024,70,,1,0,24,1,2,,11.4514,833,183186,2.16054,241,0,6.83333,,1.18421,38,0,0.1,11,18.1818,0,7.91007,31,,3000,3000,,0,0,0,2.92105
1613952218121,6,1010123456024,70,,1,0,24,1,2,,11.7028,831,183573,2.2159,239,0,6.83333,,0,0,0,0,0,0,0,0,0,,3000,3000,,0,0,0,0
1613952218371,6,1010123456024,70,,1,0,24,1,2,,8.74455,826,184305,1.67379,238,0,5.85714,,0,0,0,0,0,0,0,0,0,,3000,2994,,0,0,0,0
1613952218621,6,1010123456024,70,,1,0,24,1,2,,9.97847,836,183873,1.91219,240,0,6.16667,,0,0,0,0,0,0,0,0,0,,3000,3000,,0,0,0,0
1613952218871,6,1010123456024,70,,1,0,24,1,2,,9.64621,831,183098,1.74192,239,0,6,,0.1,13,0,0,4,100,0,0.639488,0,,3000,3000,,0,0,0,10
1613952219121,6,1010123456024,70,,1,0,24,1,2,,11.3237,828,183639,2.12464,239,0,6.66667,,0,0,0,0,0,0,0,0,0,,3000,3000,,0,0,0,0
1613952219371,6,1010123456024,70,,1,0,24,1,2,,8.02293,785,183908,1.48061,225,0,5.42857,,0.1,23,0,0.1,7,28.5714,0,1.41688,31,,3000,3000,,0,0,0,3.78261
1613952219621,6,1010123456024,70,,1,0,24,1,2,,9.90326,827,183280,1.83946,239,0,6.5,,0,0,0,0,0,0,0,0,0,,3000,3000,,0,0,0,0
1613952219871,6,1010123456024,70,,1,0,24,1,2,,9.99099,777,184283,1.88982,233,0,6,,5.05556,36,0,0.1,12,58.3333,0,5.04293,31,,3000,2994,,0,0,0,6.75
1613952220121,6,1010123456024,70,,1,0,24,1,2,,9.61776,811,183145,1.73248,232,0,6,,0.1,4,0,0,1,100,0,1.0319,0,,3000,3000,,0,0,0,10
1613952220371,6,1010123456024,70,,1,0,24,1,2,,11.5643,840,182849,2.18547,240,0,6.85714,,0,0,0,0,0,0,0,0,0,,3000,3000,,0,0,0,0
1613952220621,6,1010123456024,70,,1,0,24,1,2,,10.9433,847,183304,2.03894,241,0,6.33333,,0,0,0,0,0,0,0,0,0,,3000,3000,,0,0,0,0
1613952220871,6,1010123456024,70,,1,0,24,1,2,,11.4938,804,183446,2.15923,236,0,6.66667,,9,10,0,0.1,3,66.6667,0,7.39978,31,,3000,3000,,0,0,0,7.3
1613952221121,6,1010123456024,70,,1,0,24,1,2,,9.77361,826,182769,1.78266,236,0,6.16667,,7.52941,34,0,0.1,10,60,0,1.18777,0,,3000,3000,,0,0,0,6.38235
1613952221371,6,1010123456024,70,,1,0,24,1,2,,10.6869,840,182505,2.068,241,0,6.42857,,0,0,0,0,0,0,0,0,0,,3000,3000,,0,0,0,0
1613952221621,6,1010123456024,70,,1,0,24,1,2,,9.38955,842,183699,1.76003,241,0,5.83333,,0,0,0,0,0,0,0,0,0,,3000,2994,,0,0,0,0
1613952221871,6,1010123456024,70,,1,0,24,1,2,,8.22991,809,184045,1.49306,234,0,5.33333,,0.1,17,0,0.1,5,0,0,1.66243,31,,3000,2988,,0,0,0,1
1613952222121,6,1010123456024,70,,1,0,24,1,2,,10.5238,819,183521,1.94403,235,0,6.33333,,0.1,18,0,0.1,5,20,0,1.47291,0,,3000,3000,,0,0,0,3
1613952222371,6,1010123456024,70,,1,0,24,1,2,,10.1292,828,184509,1.86016,238,0,6.28571,,0,0,0,0,0,0,0,0,0,,3000,3000,,0,0,0,0
1613952222621,6,1010123456024,70,,1,0,24,1,2,,10.581,802,184441,2.22851,231,0,6.16667,,0,0,0,0,0,0,0,0,0,,3000,2994,,0,0,0,0
1613952222871,6,1010123456024,70,,1,0,24,1,2,,10.7108,816,183649,1.98467,241,0,6.83333,,0.1,37,0,0.1,12,75,0,1.44356,31,,3000,2988,,0,0,0,7.81081
1613952223121,6,1010123456024,70,,1,0,24,1,2,,11.3765,842,183078,2.17674,243,0,6.4,,0.1,15,0,0.1,4,50,0,1.14715,31,,3000,3000,,0,0,0,5.8
1613952223371,6,1010123456024,70,,1,0,24,1,2,,9.87101,845,183276,1.86694,242,0,6.14286,,0,0,0,0,0,0,0,0,0,,3000,3000,,0,0,0,0
1613952223621,6,1010123456024,70,,1,0,24,1,2,,9.60445,809,182865,1.82,235,0,6,,0,0,0,0,0,0,0,0,0,,3000,3000,,0,0,0,0
1613952223871,6,1010123456024,70,,1,0,24,1,2,,11.5752,805,183414,2.42422,235,0,7.33333,,0.1,30,0,0.1,9,33.3333,0,6.89434,31,,3000,3000,,0,0,0,4.3
1613952224121,6,1010123456024,70,,1,0,24,1,2,,9.4017,824,183305,1.68624,235,0,5.83333,,0,0,0,0,0,0,0,0,0,,3000,3000,,0,0,0,0
1613952224371,6,1010123456024,70,,1,0,24,1,2,,11.091,846,183953,2.09027,241,0,6.57143,,0,0,0,0,0,0,0,0,0,,3000,3000,,0,0,0,0
1613952224621,6,1010123456024,70,,1,0,24,1,2,,11.6415,834,184223,2.20518,240,0,6.83333,,0,0,0,0,0,0,0,0,0,,3000,3000,,0,0,0,0
1613952224871,6,1010123456024,70,,1,0,24,1,2,,11.7356,832,183397,2.22086,238,0,6.83333,,0,12,0,0,4,100,0,0,0,,3000,3000,,0,0,0,0
1613952225121,6,1010123456024,70,,1,0,24,1,2,,11.9336,828,181599,2.31197,241,0,7.16667,,0,0,0,0,0,0,0,0,0,,3000,3000,,0,0,0,0
1613952225371,6,1010123456024,70,,1,0,24,1,2,,9.61707,820,184254,1.92333,236,0,5.57143,,0.1,7,0,0.1,2,0,0,1.18588,31,,3000,3000,,0,0,0,1.42857
1613952225621,6,1010123456024,70,,1,0,24,1,2,,11.055,836,183695,2.05238,241,0,6.5,,0,0,0,0,0,0,0,0,0,,3000,3000,,0,0,0,0
1613952225871,6,1010123456024,70,,1,0,24,1,2,,10.2664,837,182430,1.91626,243,0,6.16667,,0.1,13,126,0.1,4,0,0,13.4106,31,,3000,2994,,0,0,0,1.15385
1613952226121,6,1010123456024,70,,1,0,24,1,2,,10.4026,842,182983,1.94266,240,0,6.16667,,10.3871,31,0,0.1,9,44.4444,0,7.80439,0,,3000,3000,,0,0,0,5.70968
1613952226371,6,1010123456024,70,,1,0,24,1,2,,10.5504,843,183469,1.9695,243,0,6.14286,,0,0,0,0,0,0,0,0,0,,3000,3000,,0,0,0,0
1613952226621,6,1010123456024,70,,1,0,24,1,2,,10.9191,841,182963,2.00314,238,0,6.5,,0,0,0,0,0,0,0,0,0,,3000,3000,,0,0,0,0
1613952226871,6,1010123456024,70,,1,0,24,1,2,,9.69876,810,183593,1.81722,236,0,6,,0.1,34,0,0.1,10,20,0,1.48451,31,,3000,2994,,0,0,0,2.94118
1613952227121,6,1010123456024,70,,1,0,24,1,2,,11.5242,826,182710,2.16058,238,0,6.83333,,0,0,0,0,0,0,0,0,0,,3000,3000,,0,0,0,0
1613952227371,6,1010123456024,70,,1,0,24,1,2,,9.80802,823,183601,1.80765,237,0,6,,0,0,0,0,0,0,0,0,0,,3000,3000,,0,0,0,0
1613952227621,6,1010123456024,70,,1,0,24,1,2,,11.1435,836,182470,2.08102,240,0,6.6,,0,0,0,0,0,0,0,0,0,,3000,3000,,0,0,0,0
1613952227871,6,1010123456024,70,,1,0,24,1,2,,12.6807,830,184249,2.78202,238,0,7.16667,,0,5,0,0.1,2,50,0,0,31,,3000,2982,,0,0,0,0
1613952228121,6,1010123456024,70,,1,0,24,1,2,,12.9194,819,182994,2.64886,235,0,7.33333,,2.8125,48,0,0.1,15,86.6667,0,0.610052,0,,3000,3000,,0,0,0,8.66667
1613952228371,6,1010123456024,70,,1,0,24,1,2,,11.4498,847,183218,2.19101,241,0,6.71429,,0,0,0,0,0,0,0,0,0,,3000,3000,,0,0,0,0
1613952228621,6,1010123456024,70,,1,0,24,1,2,,9.39114,813,183980,1.72672,236,0,5.66667,,0,0,0,0,0,0,0,0,0,,3000,3000,,0,0,0,0
1613952228871,6,1010123456024,70,,1,0,24,1,2,,8.05911,812,183736,1.45491,234,0,5.66667,,0,0,0,0,0,0,0,0,0,,3000,3000,,0,0,0,0
1613952229121,6,1010123456024,70,,1,0,24,1,2,,11.6277,838,182550,2.44243,242,0,6.83333,,5.6,30,0,0.1,9,44.4444,0,7.30818,31,,3000,3000,,0,0,0,4.73333
1613952229371,6,1010123456024,70,,1,0,24,1,2,,10.3852,849,184428,1.95971,245,0,6,,0,0,0,0,0,0,0,0,0,,3000,2994,,0,0,0,0
1613952229621,6,1010123456024,70,,1,0,24,1,2,,11.8063,831,182588,2.36838,240,0,7.33333,,0,0,0,0,0,0,0,0,0,,3000,3000,,0,0,0,0
1613952229871,6,1010123456024,70,,1,0,24,1,2,,9.73049,820,184067,1.85354,239,0,6,,0,0,0,0,0,0,0,0,0,,3000,3000,,0,0,0,0
1613952230121,6,1010123456024,70,,1,0,24,1,2,,13.1358,810,184045,2.63158,237,0,7.33333,,8.20755,53,0,0.1,16,56.25,0,8.85474,31,,3000,3000,,0,0,0,5.92453
1613952230371,6,1010123456024,70,,1,0,24,1,2,,10.5576,850,183905,1.96557,244,0,6.28571,,0,0,0,0,0,0,0,0,0,,3000,3000,,0,0,0,0
1613952230621,6,1010123456024,70,,1,0,24,1,2,,10.4212,831,183757,1.97194,239,0,6,,0,0,0,0,0,0,0,0,0,,3000,3000,,0,0,0,0
1613952230871,6,1010123456024,70,,1,0,24,1,2,,9.36712,809,183458,1.7391,235,0,5.66667,,7.5,24,84,0.1,8,87.5,0,4.0137,31,,3000,2994,,0,0,0,8.875
1613952231121,6,1010123456024,70,,1,0,24,1,2,,11.4721,807,184123,2.13053,231,0,6.83333,,0.1,44,0,0.1,12,83.3333,0,0.400344,31,,3000,2994,,0,0,0,8.70455
1613952231371,6,1010123456024,70,,1,0,24,1,2,,10.0718,836,183563,1.84934,240,0,5.85714,,0,0,0,0,0,0,0,0,0,,3000,3000,,0,0,0,0
1613952231621,6,1010123456024,70,,1,0,24,1,2,,9.5179,838,183207,1.86374,242,0,6,,0,0,0,0,0,0,0,0,0,,3000,3000,,0,0,0,0
1613952231871,6,1010123456024,70,,1,0,24,1,2,,8.13896,806,184250,1.46518,235,0,5.5,,0.1,10,247,0.1,3,33.3333,0,2.35158,31,,3000,3000,,0,0,0,3.7
1613952232121,6,1010123456024,70,,1,0,24,1,2,,11.0072,833,183456,2.04525,238,0,6.66667,,0.1,21,0,0.1,7,14.2857,0,1.54412,0,,3000,3000,,0,0,0,2.42857
1613952232371,6,1010123456024,70,,1,0,24,1,2,,11.3289,836,182722,2.11658,239,0,6.57143,,0,0,0,0,0,0,0,0,0,,3000,3000,,0,0,0,0
1613952232621,6,1010123456024,70,,1,0,24,1,2,,11.3783,830,183677,2.17997,240,0,6.83333,,0,0,0,0,0,0,0,0,0,,3000,3000,,0,0,0,0
1613952232871,6,1010123456024,70,,1,0,24,1,2,,10.7546,815,183805,1.98109,233,0,6.16667,,0.1,10,127,0.1,3,0,0,17.163,31,,3000,3000,,0,0,0,1
1613952233121,6,1010123456024,70,,1,0,24,1,2,,9.12879,792,182822,1.62605,230,0,6,,5.44444,18,0,0.1,5,0,0,11.1715,0,,3000,3000,,0,0,0,1
1613952233371,6,1010123456024,70,,1,0,24,1,2,,11.1939,825,183377,2.1105,237,0,6.42857,,0,0,0,0,0,0,0,0,0,,3000,3000,,0,0,0,0
1613952233621,6,1010123456024,70,,1,0,24,1,2,,9.72593,810,183535,1.81469,233,0,6.33333,,0,0,0,0,0,0,0,0,0,,3000,3000,,0,0,0,0
1613952233871,6,1010123456024,70,,1,0,24,1,2,,13.9878,817,183353,2.96858,236,0,7.83333,,0,6,0,0,2,100,0,0,0,,3000,3000,,0,0,0,0
1613952234121,6,1010123456024,70,,1,0,24,1,2,,9.51077,836,184056,1.82246,240,0,6,,0,6,0,0,2,100,0,0,0,,3000,3000,,0,0,0,0
1613952234371,6,1010123456024,70,,1,0,24,1,2,,9.67976,840,183020,1.80992,240,0,6.14286,,0.1,8,0,0.1,2,0,0,1.93421,31,,3000,3000,,0,0,0,1.5
1613952234621,6,1010123456024,70,,1,0,24,1,2,,9.82871,829,183816,1.81194,239,0,6.16667,,0,0,0,0,0,0,0,0,0,,3000,3000,,0,0,0,0
1613952234871,6,1010123456024,70,,1,0,24,1,2,,11.262,836,183640,2.11318,241,0,6.5,,2,24,0,0.1,7,14.2857,0,9.78403,31,,3000,2994,,0,0,0,2.25
1613952235121,6,1010123456024,70,,1,0,24,1,2,,11.4731,837,183676,2.18182,242,0,6.66667,,0,0,0,0,0,0,0,0,0,,3000,3000,,0,0,0,0
1613952235371,6,1010123456024,70,,1,0,24,1,2,,11.657,831,183001,2.22618,240,0,6.33333,,0,0,0,0,0,0,0,0,0,,3000,3000,,0,0,0,0
1613952235621,6,1010123456024,70,,1,0,24,1,2,,7.96735,827,182398,1.46522,236,0,5.83333,,0,0,0,0,0,0,0,0,0,,3000,3000,,0,0,0,0
1613952235871,6,1010123456024,70,,1,0,24,1,2,,10.9089,823,183015,2.00646,238,0,6.33333,,15.4,20,0,0.1,6,66.6667,0,13.6428,31,,3000,2994,,0,0,0,7.75
1613952236121,6,1010123456024,70,,1,0,24,1,2,,10.7023,843,183188,1.98458,242,0,6.2,,0,0,0,0,0,0,0,0,0,,3000,3000,,0,0,0,0
1613952236371,6,1010123456024,70,,1,0,24,1,2,,11.0466,837,182578,2.04653,238,0,6.28571,,0,0,0,0,0,0,0,0,0,,3000,3000,,0,0,0,0
1613952236621,6,1010123456024,70,,1,0,24,1,2,,11.4123,832,183022,2.11958,237,0,6.83333,,0,0,0,0,0,0,0,0,0,,3000,3000,,0,0,0,0
1613952236871,6,1010123456024,70,,1,0,24,1,2,,10.2485,817,182789,1.91664,239,0,6.5,,15,12,0,0,4,100,0,0.7201,0,,3000,3000,,0,0,0,10
1613952237121,6,1010123456024,70,,1,0,24,1,2,,11.1858,845,183037,2.15078,240,0,6.16667,,0,0,0,0,0,0,0,0,0,,3000,3000,,0,0,0,0
1613952237371,6,1010123456024,70,,1,0,24,1,2,,10.2569,829,184367,1.94694,238,0,6.42857,,0.1,16,0,0.1,5,40,0,1.98195,31,,3000,3000,,0,0,0,4.375
1613952237621,6,1010123456024,70,,1,0,24,1,2,,10.339,826,183635,1.92774,238,0,6.16667,,0,0,0,0,0,0,0,0,0,,3000,3000,,0,0,0,0
1613952237871,6,1010123456024,70,,1,0,24,1,2,,11.8189,806,181168,2.18848,238,0,7.16667,,15.52,75,0,0.1,25,84,0,4.66039,31,,3000,2994,,0,0,0,8.68
1613952238121,6,1010123456024,70,,1,0,24,1,2,,10.4031,826,183055,2.01664,236,0,5.83333,,16,9,0,0,3,100,0,0.1,0,,3000,3000,,0,0,0,10
1613952238371,6,1010123456024,70,,1,0,24,1,2,,13.2135,843,184119,2.81344,242,0,7.14286,,0,0,0,0,0,0,0,0,0,,3000,3000,,0,0,0,0
1613952238621,6,1010123456024,70,,1,0,24,1,2,,10.2268,829,183637,1.87763,240,0,6.16667,,0,0,0,0,0,0,0,0,0,,3000,3000,,0,0,0,0
1613952238871,6,1010123456024,70,,1,0,24,1,2,,10.8886,835,184305,2.03037,241,0,6.6,,0.1,17,0,0.1,5,20,0,1.44875,31,,3000,3000,,0,0,0,2.58824
1613952239121,6,1010123456024,70,,1,0,24,1,2,,10.9042,835,183893,2.02656,238,0,6.33333,,0.1,46,0,0.1,13,38.4615,0,1.39809,0,,3000,3000,,0,0,0,4.82609
1613952239371,6,1010123456024,70,,1,0,24,1,2,,10.9977,853,183222,2.0833,243,0,6.57143,,0,0,0,0,0,0,0,0,0,,3000,3000,,0,0,0,0
1613952239621,6,1010123456024,70,,1,0,24,1,2,,10.9026,832,183755,2.06074,238,0,6.66667,,0,0,0,0,0,0,0,0,0,,3000,3000,,0,0,0,0
1613952239871,6,1010123456024,70,,1,0,24,1,2,,10.8225,828,183543,2.07587,239,0,6.5,,1.35484,31,0,0.1,10,10,0,13.7365,31,,3000,3000,,0,0,0,1.58065
1613952240121,6,1010123456024,70,,1,0,24,1,2,,10.9809,838,183529,2.0481,239,0,6.5,,0,0,0,0,0,0,0,0,0,,3000,3000,,0,0,0,0
1613952240371,6,1010123456024,70,,1,0,24,1,2,,10.6437,842,183245,1.99478,241,0,6.28571,,0,0,0,0,0,0,0,0,0,,3000,3000,,0,0,0,0
1613952240621,6,1010123456024,70,,1,0,24,1,2,,12.4074,842,180814,2.47654,240,0,7,,0,0,0,0,0,0,0,0,0,,3000,3000,,0,0,0,0
1613952240871,6,1010123456024,70,,1,0,24,1,2,,11.1811,817,183668,2.06531,237,0,6.5,,5.73529,34,0,0.1,10,60,0,3.76486,31,,3000,2994,,0,0,0,6.52941
1613952241121,6,1010123456024,70,,1,0,24,1,2,,8.46511,817,183557,1.54022,236,0,5.33333,,0.1,10,0,0,3,100,0,0.140459,0,,3000,2994,,0,0,0,10
1613952241371,6,1010123456024,70,,1,0,24,1,2,,11.6152,842,184293,2.21523,242,0,6.85714,,0,0,0,0,0,0,0,0,0,,3000,3000,,0,0,0,0
1613952241621,6,1010123456024,70,,1,0,24,1,2,,10.3482,830,183246,1.95427,239,0,6.16667,,0,0,0,0,0,0,0,0,0,,3000,2994,,0,0,0,0
1613952241871,6,1010123456024,70,,1,0,24,1,2,,8.50665,827,183685,1.57827,237,0,5.66667,,0.1,17,0,0.1,5,0,0,6.85975,31,,3000,3000,,0,0,0,1.52941
1613952242121,6,1010123456024,70,,1,0,24,1,2,,10.7747,830,183629,2.00829,239,0,6.33333,,0.1,21,0,0.1,7,42.8571,0,1.61441,0,,3000,3000,,0,0,0,5.47619
1613952242371,6,1010123456024,70,,1,0,24,1,2,,11.0947,824,183329,2.05626,238,0,6.42857,,0,0,0,0,0,0,0,0,0,,3000,3000,,0,0,0,0
1613952242621,6,1010123456024,70,,1,0,24,1,2,,10.8898,835,182704,2.02662,240,0,6.5,,0,0,0,0,0,0,0,0,0,,3000,3000,,0,0,0,0
1613952242871,6,1010123456024,70,,1,0,24,1,2,,8.91235,810,184328,1.65027,235,0,5.6,,5.47059,51,0,0.1,15,46.6667,0,6.87897,31,,3000,3000,,0,0,0,6
1613952243121,6,1010123456024,70,,1,0,24,1,2,,10.1708,802,183787,1.89869,234,0,6.33333,,9.57895,38,0,0.1,10,70,0,3.47747,31,,3000,3000,,0,0,0,7.71053
1613952243371,6,1010123456024,70,,1,0,24,1,2,,10.5655,847,183859,1.9527,242,0,5.85714,,0,0,0,0,0,0,0,0,0,,3000,3000,,0,0,0,0
1613952243621,6,1010123456024,70,,1,0,24,1,2,,9.68911,817,183206,1.7591,236,0,6.16667,,0,0,0,0,0,0,0,0,0,,3000,3000,,0,0,0,0
1613952243871,6,1010123456024,70,,1,0,24,1,2,,9.55528,805,183760,1.7367,236,0,5.83333,,0,0,0,0,0,0,0,0,0,,3000,3000,,0,0,0,0
1613952244121,6,1010123456024,70,,1,0,24,1,2,,9.68266,813,183305,1.74467,233,0,6.16667,,0.1,35,0,0.1,11,54.5455,0,1.3493,31,,3000,2994,,0,0,0,5.74286
1613952244371,6,1010123456024,70,,1,0,24,1,2,,11.4352,841,184197,2.18234,242,0,6.57143,,0,0,0,0,0,0,0,0,0,,3000,3000,,0,0,0,0
1613952244621,6,1010123456024,70,,1,0,24,1,2,,11.2981,832,183693,2.10989,238,0,6.66667,,0,0,0,0,0,0,0,0,0,,3000,3000,,0,0,0,0
1613952244871,6,1010123456024,70,,1,0,24,1,2,,8.98419,822,183260,1.64739,237,0,5.83333,,0.1,18,0,0.1,5,20,0,10.5262,31,,3000,3000,,0,0,0,2.5
1613952245121,6,1010123456024,70,,1,0,24,1,2,,10.4718,833,184136,1.9872,240,0,6.33333,,0.711865,59,0,0.1,17,35.2941,0,4.5688,31,,3000,3000,,0,0,0,4.40678
1613952245371,6,1010123456024,70,,1,0,24,1,2,,10.7222,846,184028,2.0071,242,0,6.28571,,0,0,0,0,0,0,0,0,0,,3000,3000,,0,0,0,0
1613952245621,6,1010123456024,70,,1,0,24,1,2,,9.57176,850,182613,1.84157,245,0,6,,0,0,0,0,0,0,0,0,0,,3000,3000,,0,0,0,0
1613952245871,6,1010123456024,70,,1,0,24,1,2,,7.42681,813,183200,1.37587,236,0,5.16667,,0,0,0,0,0,0,0,0,0,,3000,3000,,0,0,0,0
1613952246121,6,1010123456024,70,,1,0,24,1,2,,9.71323,816,183253,1.79069,235,0,5.83333,,15,16,0,0,4,100,0,1.16084,0,,3000,3000,,0,0,0,10
1613952246371,6,1010123456024,70,,1,0,24,1,2,,8.27619,840,183784,1.59786,241,0,5.71429,,0.1,7,0,0.1,2,0,0,2.23139,31,,3000,3000,,0,0,0,1
1613952246621,6,1010123456024,70,,1,0,24,1,2,,10.7737,835,182279,1.9281,237,0,6.33333,,0,0,0,0,0,0,0,0,0,,3000,3000,,0,0,0,0
1613952246871,6,1010123456024,70,,1,0,24,1,2,,9.00845,828,183769,1.73229,242,0,5.83333,,0.1,14,15491,0.1,4,0,0,6.02587,31,,3000,3000,,0,0,0,1
1613952247121,6,1010123456024,70,,1,0,24,1,2,,10.9437,835,183174,2.02646,239,0,6.33333,,3.21429,14,0,0.1,4,0,0,5.1889,0,,3000,3000,,0,0,0,1
1613952247371,6,1010123456024,70,,1,0,24,1,2,,11.4234,829,183174,2.15706,240,0,6.57143,,0,0,0,0,0,0,0,0,0,,3000,3000,,0,0,0,0
1613952247621,6,1010123456024,70,,1,0,24,1,2,,10.0908,826,184198,1.89037,238,0,6.16667,,0,0,0,0,0,0,0,0,0,,3000,3000,,0,0,0,0
1613952247871,6,1010123456024,70,,1,0,24,1,2,,10.9006,835,183468,2.02474,241,0,6.5,,5.56757,37,0,0.1,11,54.5455,0,7.12495,31,,3000,3000,,0,0,0,6.59459
1613952248121,6,1010123456024,70,,1,0,24,1,2,,12.2807,830,180511,2.35635,240,0,7.16667,,0,0,0,0,0,0,0,0,0,,3000,3000,,0,0,0,0
1613952248371,6,1010123456024,70,,1,0,24,1,2,,8.52005,798,183794,1.68742,232,0,5.57143,,0,0,0,0,0,0,0,0,0,,3000,2994,,0,0,0,0
1613952248621,6,1010123456024,70,,1,0,24,1,2,,10.5754,836,182646,1.90522,238,0,6.33333,,0,0,0,0,0,0,0,0,0,,3000,3000,,0,0,0,0
1613952248871,6,1010123456024,70,,1,0,24,1,2,,11.6488,820,183465,2.22118,240,0,6.83333,,15,16,0,0,4,100,0,1.88107,0,,3000,3000,,0,0,0,10
1613952249121,6,1010123456024,70,,1,0,24,1,2,,9.73165,831,184280,1.83546,238,0,6.16667,,0,0,0,0,0,0,0,0,0,,3000,3000,,0,0,0,0
1613952249371,6,1010123456024,70,,1,0,24,1,2,,11.3981,844,183896,2.1744,242,0,6.57143,,0.1,7,0,0.1,2,0,0,2.70945,31,,3000,3000,,0,0,0,1
1613952249621,6,1010123456024,70,,1,0,24,1,2,,10.8814,843,183750,2.06253,242,0,6.5,,0,0,0,0,0,0,0,0,0,,3000,3000,,0,0,0,0
1613952249871,6,1010123456024,70,,1,0,24,1,2,,9.96763,834,183288,1.83238,238,0,6.16667,,0.1,8,120,0.1,2,50,0,1.44612,31,,3000,3000,,0,0,0,5.5
1613952250121,6,1010123456024,70,,1,0,24,1,2,,11.2637,842,182889,2.10365,239,0,6.5,,2.5,24,0,0.1,7,0,0,10.3754,0,,3000,3000,,0,0,0,1.25
1613952250371,6,1010123456024,70,,1,0,24,1,2,,9.59053,845,183149,1.79603,242,0,6,,0,0,0,0,0,0,0,0,0,,3000,3000,,0,0,0,0
1613952250621,6,1010123456024,70,,1,0,24,1,2,,9.91054,816,183704,1.79248,235,0,5.83333,,0,0,0,0,0,0,0,0,0,,3000,3000,,0,0,0,0
1613952250871,6,1010123456024,70,,1,0,24,1,2,,10.7656,836,183074,2.0369,241,0,6.5,,0.1,71,0,0.1,22,45.4545,0,4.37268,31,,3000,3000,,0,0,0,5.35211
1613952251121,6,1010123456024,70,,1,0,24,1,2,,9.72879,837,182819,1.8335,241,0,6,,0.1,20,0,0.1,6,33.3333,0,0.958591,31,,3000,3000,,0,0,0,4.95
1613952251371,6,1010123456024,70,,1,0,24,1,2,,10.0734,845,183986,1.88467,240,0,6.14286,,0,0,0,0,0,0,0,0,0,,3000,3000,,0,0,0,0
1613952251621,6,1010123456024,70,,1,0,24,1,2,,11.2022,826,182829,2.06803,238,0,6.66667,,0,0,0,0,0,0,0,0,0,,3000,3000,,0,0,0,0
1613952251871,6,1010123456024,70,,1,0,24,1,2,,10.5816,827,183761,2.00064,240,0,6.33333,,0.1,20,0,0.1,6,33.3333,0,11.4974,31,,3000,3000,,0,0,0,3.85
1613952252121,6,1010123456024,70,,1,0,24,1,2,,10.1,840,184303,1.89597,241,0,6.16667,,1.32,50,0,0.1,15,20,0,5.32779,31,,3000,3000,,0,0,0,2.74
1613952252371,6,1010123456024,70,,1,0,24,1,2,,9.48367,827,183432,1.74566,236,0,6.16667,,0,0,0,0,0,0,0,0,0,,3000,3000,,0,0,0,0
1613952252621,6,1010123456024,70,,1,0,24,1,2,,9.17669,815,183888,1.68323,233,0,5.83333,,0,0,0,0,0,0,0,0,0,,3000,3000,,0,0,0,0
1613952252871,6,1010123456024,70,,1,0,24,1,2,,10.2656,802,183678,2.02643,238,0,6.5,,4.07843,51,0,0.1,15,73.3333,0,3.23322,31,,3000,2994,,0,0,0,7.92157
1613952253121,6,1010123456024,70,,1,0,24,1,2,,11.2349,830,183848,2.08131,237,0,6.5,,0.1,11,0,0.1,3,33.3333,0,2.09999,31,,3000,3000,,0,0,0,4.27273
1613952253371,6,1010123456024,70,,1,0,24,1,2,,10.588,830,183178,1.93904,239,0,6.42857,,0,0,0,0,0,0,0,0,0,,3000,3000,,0,0,0,0
1613952253621,6,1010123456024,70,,1,0,24,1,2,,8.3188,803,183253,1.63165,233,0,5,,0,0,0,0,0,0,0,0,0,,3000,2988,,0,0,0,0
1613952253871,6,1010123456024,70,,1,0,24,1,2,,8.18297,787,184433,1.41978,228,0,5.83333,,7.56,50,0,0.1,14,57.1429,0,5.31826,31,,3000,2994,,0,0,0,6.04
1613952254121,6,1010123456024,70,,1,0,24,1,2,,9.49375,800,182978,1.7432,231,0,6,,0,0,0,0,0,0,0,0,0,,3000,3000,,0,0,0,0
1613952254371,6,1010123456024,70,,1,0,24,1,2,,10.8103,838,183130,1.99632,241,0,6.14286,,0,0,0,0,0,0,0,0,0,,3000,3000,,0,0,0,0
1613952254621,6,1010123456024,70,,1,0,24,1,2,,9.63872,811,184319,1.78499,233,0,6.33333,,0,0,0,0,0,0,0,0,0,,3000,3000,,0,0,0,0
1613952254871,6,1010123456024,70,,1,0,24,1,2,,10.6643,837,183973,1.99338,241,0,6.33333,,0.1,8,0,0,2,100,0,0.634683,0,,3000,3000,,0,0,0,10
1613952255121,6,1010123456024,70,,1,0,24,1,2,,10.1182,829,183087,1.8321,237,0,6.16667,,0.1,37,0,0.1,11,27.2727,0,1.56041,31,,3000,3000,,0,0,0,3.83784
1613952255371,6,1010123456024,70,,1,0,24,1,2,,11.2569,837,183481,2.08928,238,0,6.14286,,0,0,0,0,0,0,0,0,0,,3000,3000,,0,0,0,0
1613952255621,6,1010123456024,70,,1,0,24,1,2,,9.62785,833,182873,1.80278,239,0,6.33333,,0,0,0,0,0,0,0,0,0,,3000,2988,,0,0,0,0
1613952255871,6,1010123456024,70,,1,0,24,1,2,,12.4386,823,183373,2.60477,241,0,7.16667,,0.1,12,13943,0.1,4,0,0,5.05177,31,,3000,3000,,0,0,0,1
1613952256121,6,1010123456024,70,,1,0,24,1,2,,11.2284,832,184409,2.08986,240,0,6.5,,7.42857,28,0,0.1,8,50,0,3.7688,0,,3000,3000,,0,0,0,5.17857
1613952256371,6,1010123456024,70,,1,0,24,1,2,,10.774,823,183573,2.00304,239,0,6.28571,,0,0,0,0,0,0,0,0,0,,3000,3000,,0,0,0,0
1613952256621,6,1010123456024,70,,1,0,24,1,2,,8.34552,848,182649,1.61939,242,0,5.4,,0,0,0,0,0,0,0,0,0,,3000,3000,,0,0,0,0
1613952256871,6,1010123456024,70,,1,0,24,1,2,,10.0525,838,183923,1.91453,241,0,6,,0.1,18,16161,0.1,5,0,0,5.23964,31,,3000,2982,,0,0,0,1
1613952257121,6,1010123456024,70,,1,0,24,1,2,,10.3624,836,182851,1.91515,241,0,6.4,,0.1,27,0,0.1,9,66.6667,0,0.958602,0,,3000,3000,,0,0,0,7.33333
1613952257371,6,1010123456024,70,,1,0,24,1,2,,9.79952,838,184141,1.82838,241,0,6,,0,0,0,0,0,0,0,0,0,,3000,3000,,0,0,0,0
1613952257621,6,1010123456024,70,,1,0,24,1,2,,10.1542,830,183396,1.8935,240,0,6.33333,,0,0,0,0,0,0,0,0,0,,3000,3000,,0,0,0,0
1613952257871,6,1010123456024,70,,1,0,24,1,2,,10.6387,833,184240,2.03366,240,0,6.33333,,0.1,8,0,0.1,2,50,0,1.5464,31,,3000,3000,,0,0,0,5.5
1613952258121,6,1010123456024,70,,1,0,24,1,2,,13.2892,830,183050,2.792,238,0,7.5,,0.1,25,0,0.1,7,0,0,2.27536,0,,3000,3000,,0,0,0,1
1613952258371,6,1010123456024,70,,1,0,24,1,2,,10.5413,835,182757,2.0233,240,0,6.42857,,0,0,0,0,0,0,0,0,0,,3000,3000,,0,0,0,0
1613952258621,6,1010123456024,70,,1,0,24,1,2,,11.4095,840,183912,2.12253,241,0,6.8,,0,0,0,0,0,0,0,0,0,,3000,3000,,0,0,0,0
1613952258871,6,1010123456024,70,,1,0,24,1,2,,11.6336,827,183696,2.22198,241,0,6.83333,,8.57143,7,0,0.1,2,50,0,10.9837,31,,3000,3000,,0,0,0,6.14286
1613952259121,6,1010123456024,70,,1,0,24,1,2,,11.8761,815,183952,2.26371,233,0,6.83333,,3.06122,49,0,0.1,15,86.6667,0,0.700945,0,,3000,3000,,0,0,0,8.95918
1613952259371,6,1010123456024,70,,1,0,24,1,2,,9.25749,835,183378,1.70499,237,0,5.85714,,0,0,0,0,0,0,0,0,0,,3000,3000,,0,0,0,0
1613952259621,6,1010123456024,70,,1,0,24,1,2,,11.1106,832,182755,2.07958,239,0,6.5,,0,0,0,0,0,0,0,0,0,,3000,3000,,0,0,0,0
1613952259871,6,1010123456024,70,,1,0,24,1,2,,9.81227,831,183730,1.79827,240,0,6,,0.1,17,0,0.1,5,20,0,5.94255,31,,3000,3000,,0,0,0,3.05882
1613952260121,6,1010123456024,70,,1,0,24,1,2,,10.4248,838,183561,1.98682,240,0,6.16667,,0.1,10,0,0.1,3,0,0,2.10681,0,,3000,3000,,0,0,0,1.3
1613952260371,6,1010123456024,70,,1,0,24,1,2,,8.06413,842,184140,1.50589,243,0,5.66667,,0,0,0,0,0,0,0,0,0,,3000,3000,,0,0,0,0
1613952260621,6,1010123456024,70,,1,0,24,1,2,,10.8163,844,182733,2.01437,241,0,6.33333,,0,0,0,0,0,0,0,0,0,,3000,3000,,0,0,0,0
1613952260871,6,1010123456024,70,,1,0,24,1,2,,8.15509,806,183671,1.51898,236,0,5.5,,6.22642,53,0,0.1,17,52.9412,0,3.91039,31,,3000,3000,,0,0,0,5.92453
1613952261121,6,1010123456024,70,,1,0,24,1,2,,11.2362,834,183039,2.10342,240,0,6.66667,,0.1,4,0,0.1,1,0,0,2.73836,0,,3000,3000,,0,0,0,1
1613952261371,6,1010123456024,70,,1,0,24,1,2,,11.28,832,183713,2.14835,240,0,6.71429,,0,0,0,0,0,0,0,0,0,,3000,3000,,0,0,0,0
1613952261621,6,1010123456024,70,,1,0,24,1,2,,8.306,817,183936,1.53933,236,0,5.33333,,0,0,0,0,0,0,0,0,0,,3000,3000,,0,0,0,0
1613952261871,6,1010123456024,70,,1,0,24,1,2,,10.7253,819,183171,1.94064,237,0,6.2,,0.1,14,15491,0.1,4,0,0,7.9919,31,,3000,3000,,0,0,0,1.28571
1613952262121,6,1010123456024,70,,1,0,24,1,2,,9.17026,834,183705,1.73146,240,0,5.66667,,4.58333,36,0,0.1,11,72.7273,0,3.18912,0,,3000,3000,,0,0,0,7.5
1613952262371,6,1010123456024,70,,1,0,24,1,2,,11.12,842,183253,2.0513,239,0,6.42857,,0,0,0,0,0,0,0,0,0,,3000,3000,,0,0,0,0
1613952262621,6,1010123456024,70,,1,0,24,1,2,,11.2379,845,183006,2.09933,240,0,6.5,,0,0,0,0,0,0,0,0,0,,3000,3000,,0,0,0,0
1613952262871,6,1010123456024,70,,1,0,24,1,2,,11.2641,852,183521,2.13462,243,0,6.5,,0,6,0,0,2,100,0,0,0,,3000,3000,,0,0,0,0
1613952263121,6,1010123456024,70,,1,0,24,1,2,,10.0192,834,183737,1.8488,239,0,6.16667,,0.1,31,0,0.1,9,11.1111,0,2.21574,31,,3000,3000,,0,0,0,1.87097
1613952263371,6,1010123456024,70,,1,0,24,1,2,,11.0012,843,184569,2.0944,242,0,6.42857,,0,0,0,0,0,0,0,0,0,,3000,3000,,0,0,0,0
1613952263621,6,1010123456024,70,,1,0,24,1,2,,9.92124,838,183337,1.81504,240,0,6,,0,0,0,0,0,0,0,0,0,,3000,3000,,0,0,0,0
1613952263871,6,1010123456024,70,,1,0,24,1,2,,11.4958,833,183633,2.17888,242,0,6.83333,,0.1,31,0,0.1,9,33.3333,0,7.13993,31,,3000,2994,,0,0,0,4.19355
1613952264121,6,1010123456024,70,,1,0,24,1,2,,11.5682,836,183443,2.19981,240,0,6.66667,,0,0,0,0,0,0,0,0,0,,3000,3000,,0,0,0,0
1613952264371,6,1010123456024,70,,1,0,24,1,2,,10.9168,829,183509,2.0032,236,0,6.42857,,0,0,0,0,0,0,0,0,0,,3000,3000,,0,0,0,0
1613952264621,6,1010123456024,70,,1,0,24,1,2,,8.8284,845,183001,1.66451,240,0,5.66667,,0,0,0,0,0,0,0,0,0,,3000,2994,,0,0,0,0
1613952264871,6,1010123456024,70,,1,0,24,1,2,,10.9779,816,183058,2.00307,236,0,6.6,,14.7857,42,0,0.1,12,75,0,6.00236,31,,3000,3000,,0,0,0,8.07143
1613952265121,6,1010123456024,70,,1,0,24,1,2,,10.3621,823,183320,1.90646,237,0,6.16667,,13.3333,24,0,0.1,7,85.7143,0,0.966227,0,,3000,3000,,0,0,0,8.5
1613952265371,6,1010123456024,70,,1,0,24,1,2,,10.8863,862,183558,2.08083,246,0,6.57143,,0,0,0,0,0,0,0,0,0,,3000,3000,,0,0,0,0
1613952265621,6,1010123456024,70,,1,0,24,1,2,,7.38949,837,183533,1.432,240,0,5,,0,0,0,0,0,0,0,0,0,,3000,2994,,0,0,0,0
1613952265871,6,1010123456024,70,,1,0,24,1,2,,9.09842,823,184207,1.71056,237,0,5.66667,,0,6,0,0,2,100,0,0,0,,3000,2994,,0,0,0,0
1613952266121,6,1010123456024,70,,1,0,24,1,2,,8.88221,815,182425,1.63376,235,0,5.83333,,0.1,42,0,0.1,12,50,0,1.62699,31,,3000,3000,,0,0,0,5.7619
1613952266371,6,1010123456024,70,,1,0,24,1,2,,8.93958,811,184366,1.67546,234,0,5.85714,,0,0,0,0,0,0,0,0,0,,3000,2994,,0,0,0,0
1613952266621,6,1010123456024,70,,1,0,24,1,2,,8.2371,814,184155,1.59898,236,0,5.16667,,0,0,0,0,0,0,0,0,0,,3000,3000,,0,0,0,0
1613952266871,6,1010123456024,70,,1,0,24,1,2,,9.16962,790,183306,1.62554,230,0,6,,4.61538,52,0,0.1,15,60,0,2.94682,31,,3000,3000,,0,0,0,6.44231
1613952267121,6,1010123456024,70,,1,0,24,1,2,,11.6679,837,184364,2.19094,239,0,6.83333,,0,3,0,0,1,100,0,0,0,,3000,3000,,0,0,0,0
1613952267371,6,1010123456024,70,,1,0,24,1,2,,7.98917,831,183943,1.52973,240,0,5.42857,,0,0,0,0,0,0,0,0,0,,3000,3000,,0,0,0,0
1613952267621,6,1010123456024,70,,1,0,24,1,2,,8.79075,822,183433,1.59722,237,0,5.66667,,0,0,0,0,0,0,0,0,0,,3000,2994,,0,0,0,0
1613952267871,6,1010123456024,70,,1,0,24,1,2,,10.8875,818,183464,2.03517,239,0,6.33333,,6.72414,29,0,0.1,9,44.4444,0,8.39211,31,,3000,2994,,0,0,0,5.03448
1613952268121,6,1010123456024,70,,1,0,24,1,2,,11,834,183185,2.00166,236,0,6.33333,,0,0,0,0,0,0,0,0,0,,3000,3000,,0,0,0,0
1613952268371,6,1010123456024,70,,1,0,24,1,2,,8.6802,813,183888,1.62176,236,0,5.85714,,0,0,0,0,0,0,0,0,0,,3000,2994,,0,0,0,0
1613952268621,6,1010123456024,70,,1,0,24,1,2,,11.6687,830,182871,2.20989,239,0,6.83333,,0,0,0,0,0,0,0,0,0,,3000,3000,,0,0,0,0
1613952268871,6,1010123456024,70,,1,0,24,1,2,,10.5589,823,184384,1.96816,237,0,6.33333,,10.0571,35,0,0.1,10,80,0,3.73795,31,,3000,3000,,0,0,0,8.31429
1613952269121,6,1010123456024,70,,1,0,24,1,2,,10.7213,836,183516,2.05555,240,0,6.33333,,0,0,0,0,0,0,0,0,0,,3000,3000,,0,0,0,0
1613952269371,6,1010123456024,70,,1,0,24,1,2,,9.73109,833,183236,1.83667,240,0,6,,0,0,0,0,0,0,0,0,0,,3000,3000,,0,0,0,0
1613952269621,6,1010123456024,70,,1,0,24,1,2,,8.77574,816,183209,1.58563,235,0,5.83333,,0,0,0,0,0,0,0,0,0,,3000,3000,,0,0,0,0
1613952269871,6,1010123456024,70,,1,0,24,1,2,,10.6695,835,182787,1.97258,239,0,6.33333,,0.1,44,0,0.1,13,23.0769,0,1.65911,31,,3000,2994,,0,0,0,3.59091
1613952270121,6,1010123456024,70,,1,0,24,1,2,,9.76271,826,182897,1.76966,238,0,6,,0,0,0,0,0,0,0,0,0,,3000,3000,,0,0,0,0
1613952270371,6,1010123456024,70,,1,0,24,1,2,,10.9128,826,183280,2.00954,238,0,6.28571,,0,0,0,0,0,0,0,0,0,,3000,3000,,0,0,0,0
1613952270621,6,1010123456024,70,,1,0,24,1,2,,10.4387,848,182685,1.91229,243,0,6.16667,,0,0,0,0,0,0,0,0,0,,3000,3000,,0,0,0,0
1613952270871,6,1010123456024,70,,1,0,24,1,2,,8.65777,824,183250,1.63203,237,0,5.66667,,11.5,20,0,0.1,6,66.6667,0,11.1095,31,,3000,2988,,0,0,0,6.85
1613952271121,6,1010123456024,70,,1,0,24,1,2,,10.6418,818,182997,2.00691,236,0,6.5,,0,0,0,0,0,0,0,0,0,,3000,3000,,0,0,0,0
1613952271371,6,1010123456024,70,,1,0,24,1,2,,10.085,835,184192,1.90192,239,0,6.14286,,0,0,0,0,0,0,0,0,0,,3000,3000,,0,0,0,0
1613952271621,6,1010123456024,70,,1,0,24,1,2,,11.3698,822,183380,2.11267,237,0,6.66667,,0,0,0,0,0,0,0,0,0,,3000,3000,,0,0,0,0
1613952271871,6,1010123456024,70,,1,0,24,1,2,,11.2674,819,184417,2.1448,237,0,6.66667,,1.2973,37,0,0.1,11,18.1818,0,6.20617,31,,3000,3000,,0,0,0,3.13514
1613952272121,6,1010123456024,70,,1,0,24,1,2,,10.4723,813,183702,1.93824,234,0,6.5,,0,0,0,0,0,0,0,0,0,,3000,3000,,0,0,0,0
1613952272371,6,1010123456024,70,,1,0,24,1,2,,11.1396,845,183777,2.06874,240,0,6.66667,,0,0,0,0,0,0,0,0,0,,3000,3000,,0,0,0,0
1613952272621,6,1010123456024,70,,1,0,24,1,2,,10.6939,820,183419,2.02282,237,0,6.33333,,0,0,0,0,0,0,0,0,0,,3000,3000,,0,0,0,0
1613952272871,6,1010123456024,70,,1,0,24,1,2,,11.2567,826,183713,2.08752,239,0,6.5,,8.32,50,0,0.1,15,53.3333,0,7.62275,31,,3000,2994,,0,0,0,6.04
1613952273121,6,1010123456024,70,,1,0,24,1,2,,8.96252,827,183470,1.73149,237,0,5.83333,,0,0,0,0,0,0,0,0,0,,3000,3000,,0,0,0,0
1613952273371,6,1010123456024,70,,1,0,24,1,2,,7.94241,764,183261,1.37418,223,0,5.57143,,0,0,0,0,0,0,0,0,0,,3000,2994,,0,0,0,0
1613952273621,6,1010123456024,70,,1,0,24,1,2,,10.2894,843,183463,1.98995,242,0,6,,0,0,0,0,0,0,0,0,0,,3000,3000,,0,0,0,0
1613952273871,6,1010123456024,70,,1,0,24,1,2,,9.93758,817,183889,1.79405,236,0,6.16667,,4.7561,41,0,0.1,12,33.3333,0,5.11587,31,,3000,3000,,0,0,0,4.46341
1613952274121,6,1010123456024,70,,1,0,24,1,2,,7.94203,828,183626,1.48506,238,0,5.5,,0,0,0,0,0,0,0,0,0,,3000,2994,,0,0,0,0
1613952274371,6,1010123456024,70,,1,0,24,1,2,,10.5761,828,183534,1.97638,238,0,6.28571,,0,0,0,0,0,0,0,0,0,,3000,3000,,0,0,0,0
1613952274621,6,1010123456024,70,,1,0,24,1,2,,10.6942,847,183858,2.0008,241,0,6.33333,,0,0,0,0,0,0,0,0,0,,3000,3000,,0,0,0,0
1613952274871,6,1010123456024,70,,1,0,24,1,2,,11.0642,825,182898,2.04579,239,0,6.5,,0.1,17,0,0.1,5,40,0,1.11947,31,,3000,2994,,0,0,0,4.70588
1613952275121,6,1010123456024,70,,1,0,24,1,2,,10.4188,831,183186,1.97219,239,0,6.33333,,0.1,11,0,0.1,3,0,0,1.62206,0,,3000,3000,,0,0,0,1
1613952275371,6,1010123456024,70,,1,0,24,1,2,,12.4408,828,180998,2.36157,239,0,6.83333,,0,0,0,0,0,0,0,0,0,,3000,3000,,0,0,0,0
1613952275621,6,1010123456024,70,,1,0,24,1,2,,9.01685,831,183118,1.7215,237,0,6,,0,0,0,0,0,0,0,0,0,,3000,3000,,0,0,0,0
1613952275871,6,1010123456024,70,,1,0,24,1,2,,9.87531,802,183999,1.81866,237,0,6,,10,6,0,0.1,2,50,0,9.48319,31,,3000,3000,,0,0,0,7
1613952276121,6,1010123456024,70,,1,0,24,1,2,,10.661,817,184065,1.94278,236,0,6.33333,,3.58696,46,0,0.1,13,76.9231,0,1.16626,0,,3000,3000,,0,0,0,8.04348
1613952276371,6,1010123456024,70,,1,0,24,1,2,,13.6169,830,181312,2.82838,237,0,7.42857,,0,0,0,0,0,0,0,0,0,,3000,3000,,0,0,0,0
1613952276621,6,1010123456024,70,,1,0,24,1,2,,9.51628,829,184259,1.7327,237,0,5.83333,,0,0,0,0,0,0,0,0,0,,3000,2994,,0,0,0,0
1613952276871,6,1010123456024,70,,1,0,24,1,2,,10.9459,813,183417,2.0399,239,0,6.5,,14.3922,51,0,0.128704,16,68.75,0,7.47676,31,,3000,3000,,0,0,0,7.52941
1613952277121,6,1010123456024,70,,1,0,24,1,2,,12.0012,836,183637,2.36947,242,0,6.83333,,0,2,0,0,1,100,0,0,0,,3000,3000,,0,0,0,0
1613952277371,6,1010123456024,70,,1,0,24,1,2,,8.2506,830,184031,1.57027,239,0,5.42857,,0,0,0,0,0,0,0,0,0,,3000,3000,,0,0,0,0
1613952277621,6,1010123456024,70,,1,0,24,1,2,,9.81517,844,183116,1.8833,241,0,5.83333,,0,0,0,0,0,0,0,0,0,,3000,3000,,0,0,0,0
1613952277871,6,1010123456024,70,,1,0,24,1,2,,9.58304,837,182648,1.77789,239,0,6.16667,,5.625,32,0,0.1,10,40,0,6.31112,31,,3000,3000,,0,0,0,4.5
1613952278121,6,1010123456024,70,,1,0,24,1,2,,12.6727,828,182930,2.67018,237,0,7.5,,0,0,0,0,0,0,0,0,0,,3000,3000,,0,0,0,0
1613952278371,6,1010123456024,70,,1,0,24,1,2,,11.041,854,183383,2.10419,244,0,6.5,,0,0,0,0,0,0,0,0,0,,3000,3000,,0,0,0,0
1613952278621,6,1010123456024,70,,1,0,24,1,2,,11.0405,840,183190,2.10256,241,0,6.5,,0,0,0,0,0,0,0,0,0,,3000,3000,,0,0,0,0
1613952278871,6,1010123456024,70,,1,0,24,1,2,,10.0639,829,183285,1.83066,240,0,6,,14.5714,7,0,0.1,2,50,0,10.6979,31,,3000,3000,,0,0,0,4.85714
1613952279121,6,1010123456024,70,,1,0,24,1,2,,10.479,833,183725,1.92509,239,0,6.33333,,5.47826,23,0,0.1,7,42.8571,0,6.02755,0,,3000,3000,,0,0,0,4.52174
1613952279371,6,1010123456024,70,,1,0,24,1,2,,8.93817,841,183634,1.70749,243,0,5.85714,,0,0,0,0,0,0,0,0,0,,3000,3000,,0,0,0,0
1613952279621,6,1010123456024,70,,1,0,24,1,2,,11.1933,838,183801,2.07638,239,0,6.5,,0,0,0,0,0,0,0,0,0,,3000,3000,,0,0,0,0
1613952279871,6,1010123456024,70,,1,0,24,1,2,,10.4135,832,183610,1.98707,242,0,6.33333,,0.1,18,0,0.1,5,60,0,6.8025,31,,3000,2994,,0,0,0,6
1613952280121,6,1010123456024,70,,1,0,24,1,2,,10.746,811,183038,1.96157,235,0,6.33333,,0.1,72,0,0.1,22,59.0909,0,1.7476,0,,3000,3000,,0,0,0,6.375
1613952280371,6,1010123456024,70,,1,0,24,1,2,,12.6877,826,183109,2.7105,237,0,7.28571,,0,0,0,0,0,0,0,0,0,,3000,3000,,0,0,0,0
1613952280621,6,1010123456024,70,,1,0,24,1,2,,10.6051,828,183313,1.93933,240,0,6.33333,,0,0,0,0,0,0,0,0,0,,3000,3000,,0,0,0,0
1613952280871,6,1010123456024,70,,1,0,24,1,2,,7.81398,758,182746,1.39629,222,0,5.25,,0,0,0,0,0,0,0,0,0,,3000,3000,,0,0,0,0
1613952281121,6,1010123456024,70,,1,0,24,1,2,,9.13527,828,182472,1.69181,237,0,5.83333,,8.7551,49,0,0.1,14,57.1429,0,4.06489,31,,3000,3000,,0,0,0,6.30612
1613952281371,6,1010123456024,70,,1,0,24,1,2,,11.0752,824,183981,2.04048,237,0,6.57143,,0,0,0,0,0,0,0,0,0,,3000,3000,,0,0,0,0
1613952281621,6,1010123456024,70,,1,0,24,1,2,,11.7455,829,181634,2.18893,240,0,7.4,,0,0,0,0,0,0,0,0,0,,3000,3000,,0,0,0,0
1613952281871,6,1010123456024,70,,1,0,24,1,2,,11.018,831,182637,2.23818,239,0,6.16667,,0.1,36,0,0.1,11,45.4545,0,1.20755,31,,3000,2994,,0,0,0,5.02778
1613952282121,6,1010123456024,70,,1,0,24,1,2,,10.424,835,182962,1.95491,239,0,6.2,,0,0,0,0,0,0,0,0,0,,3000,3000,,0,0,0,0
1613952282371,6,1010123456024,70,,1,0,24,1,2,,11.4019,841,184208,2.17053,241,0,6.71429,,0,0,0,0,0,0,0,0,0,,3000,3000,,0,0,0,0
1613952282621,6,1010123456024,70,,1,0,24,1,2,,11.3998,823,183618,2.11533,236,0,6.5,,0,0,0,0,0,0,0,0,0,,3000,3000,,0,0,0,0
1613952282871,6,1010123456024,70,,1,0,24,1,2,,10.704,831,184348,1.9921,241,0,6.33333,,0.1,8,0,0,2,100,0,0.304453,0,,3000,3000,,0,0,0,10
1613952283121,6,1010123456024,70,,1,0,24,1,2,,11.0296,844,183450,2.07939,241,0,6.5,,0,6,0,0,2,100,0,0,0,,3000,3000,,0,0,0,0
1613952283371,6,1010123456024,70,,1,0,24,1,2,,10.4345,840,183888,1.95171,239,0,6.42857,,0,12,0,0,4,100,0,0,0,,3000,3000,,0,0,0,0
1613952283621,6,1010123456024,70,,1,0,24,1,2,,10.3942,827,183423,1.92192,236,0,6.16667,,2.2,45,0,0.1,13,53.8462,0,4.11495,31,,3000,3000,,0,0,0,5.73333
1613952283871,6,1010123456024,70,,1,0,24,1,2,,10.0656,808,183481,1.82883,235,0,6.16667,,0.1,39,0,0.1,13,92.3077,0,0.470975,0,,3000,3000,,0,0,0,9.07692
1613952284121,6,1010123456024,70,,1,0,24,1,2,,10.481,840,183758,1.98493,241,0,6.33333,,5.6,30,0,0.1,9,44.4444,0,7.35096,31,,3000,3000,,0,0,0,4.6
1613952284371,6,1010123456024,70,,1,0,24,1,2,,13.4308,838,161854,2.82582,241,0,8.14286,,0,0,0,0,0,0,0,0,0,,3000,3000,,0,0,0,0
1613952284621,6,1010123456024,70,,1,0,24,1,2,,12.8204,824,183775,2.70314,237,0,6.66667,,0,0,0,0,0,0,0,0,0,,3000,3000,,0,0,0,0
1613952284871,6,1010123456024,70,,1,0,24,1,2,,11.0627,830,183949,2.05462,239,0,6.5,,6.66667,36,0,0.1,10,40,0,6.60839,31,,3000,3000,,0,0,0,5.08333
1613952285121,6,1010123456024,70,,1,0,24,1,2,,11.3378,829,182518,2.13795,239,0,6.66667,,0,0,0,0,0,0,0,0,0,,3000,3000,,0,0,0,0
1613952285371,6,1010123456024,70,,1,0,24,1,2,,8.93867,799,184483,1.64528,231,0,5.85714,,0,0,0,0,0,0,0,0,0,,3000,3000,,0,0,0,0
1613952285621,6,1010123456024,70,,1,0,24,1,2,,11.2344,819,183359,2.07674,238,0,6.66667,,0,0,0,0,0,0,0,0,0,,3000,3000,,0,0,0,0
1613952285871,6,1010123456024,70,,1,0,24,1,2,,11.1695,820,183684,2.11766,235,0,6.5,,6.27586,29,0,0.1,9,44.4444,0,5.63698,31,,3000,2982,,0,0,0,5.13793
1613952286121,6,1010123456024,70,,1,0,24,1,2,,10.9379,837,183727,2.01776,239,0,6.66667,,0,0,0,0,0,0,0,0,0,,3000,3000,,0,0,0,0
1613952286371,6,1010123456024,70,,1,0,24,1,2,,10.8921,834,183805,2.01443,239,0,6.28571,,0,0,0,0,0,0,0,0,0,,3000,3000,,0,0,0,0
1613952286621,6,1010123456024,70,,1,0,24,1,2,,11.044,841,182512,2.04182,239,0,6.5,,0,0,0,0,0,0,0,0,0,,3000,3000,,0,0,0,0
1613952286871,6,1010123456024,70,,1,0,24,1,2,,10.3038,800,183143,1.93165,236,0,6.16667,,15,12,0,0,4,100,0,1.18872,0,,3000,3000,,0,0,0,10
1613952287121,6,1010123456024,70,,1,0,24,1,2,,8.23228,818,182856,1.48653,234,0,5.5,,0,0,0,0,0,0,0,0,0,,3000,3000,,0,0,0,0
1613952287371,6,1010123456024,70,,1,0,24,1,2,,10.5443,836,182448,2.01859,241,0,6.42857,,0.1,7,0,0.1,2,0,0,1.48157,31,,3000,3000,,0,0,0,1
1613952287621,6,1010123456024,70,,1,0,24,1,2,,11.0562,837,183385,2.07654,240,0,6.33333,,0,0,0,0,0,0,0,0,0,,3000,3000,,0,0,0,0
1613952287871,6,1010123456024,70,,1,0,24,1,2,,11.4221,834,183821,2.14858,239,0,6.6,,0.1,62,0,0.1,18,27.7778,0,4.04608,31,,3000,3000,,0,0,0,3.6129
1613952288121,6,1010123456024,70,,1,0,24,1,2,,9.22182,834,183194,1.69123,239,0,5.66667,,0,0,0,0,0,0,0,0,0,,3000,3000,,0,0,0,0
1613952288371,6,1010123456024,70,,1,0,24,1,2,,9.9902,816,183601,1.83526,236,0,5.85714,,0,0,0,0,0,0,0,0,0,,3000,3000,,0,0,0,0
1613952288621,6,1010123456024,70,,1,0,24,1,2,,9.80219,824,184009,1.78256,237,0,6.16667,,0,0,0,0,0,0,0,0,0,,3000,3000,,0,0,0,0
1613952288871,6,1010123456024,70,,1,0,24,1,2,,9.71056,805,183584,1.76877,234,0,6,,0,6,0,0.1,2,50,0,0,31,,3000,3000,,0,0,0,0
1613952289121,6,1010123456024,70,,1,0,24,1,2,,10.3919,819,184282,1.86426,234,0,6.5,,0.1,46,0,0.1,13,15.3846,0,1.63375,0,,3000,3000,,0,0,0,2.54348
1613952289371,6,1010123456024,70,,1,0,24,1,2,,10.9476,840,184248,2.06342,242,0,6.28571,,0,0,0,0,0,0,0,0,0,,3000,3000,,0,0,0,0
1613952289621,6,1010123456024,70,,1,0,24,1,2,,9.95145,824,183542,1.83789,238,0,6.33333,,0,0,0,0,0,0,0,0,0,,3000,3000,,0,0,0,0
1613952289871,6,1010123456024,70,,1,0,24,1,2,,9.55721,804,183266,1.79578,234,0,6.16667,,0.1,33,0,0.1,10,20,0,4.23797,31,,3000,3000,,0,0,0,3.27273
1613952290121,6,1010123456024,70,,1,0,24,1,2,,9.72848,825,183890,1.84288,238,0,6.16667,,0,0,0,0,0,0,0,0,0,,3000,3000,,0,0,0,0
1613952290371,6,1010123456024,70,,1,0,24,1,2,,8.85435,817,183780,1.68445,235,0,5.85714,,0,0,0,0,0,0,0,0,0,,3000,2994,,0,0,0,0
1613952290621,6,1010123456024,70,,1,0,24,1,2,,10.9963,818,183356,2.02458,236,0,6.33333,,0,0,0,0,0,0,0,0,0,,3000,3000,,0,0,0,0
1613952290871,6,1010123456024,70,,1,0,24,1,2,,9.89568,834,184108,1.86278,240,0,5.75,,4.0625,48,0,0.1,14,28.5714,0,5.26703,31,,3000,3000,,0,0,0,3.66667
1613952291121,6,1010123456024,70,,1,0,24,1,2,,9.59501,842,183249,1.7919,241,0,6,,0,0,0,0,0,0,0,0,0,,3000,3000,,0,0,0,0
1613952291371,6,1010123456024,70,,1,0,24,1,2,,9.64516,806,183696,1.78074,232,0,6.14286,,0,0,0,0,0,0,0,0,0,,3000,2994,,0,0,0,0
1613952291621,6,1010123456024,70,,1,0,24,1,2,,9.7658,807,183557,1.77907,232,0,5.83333,,0,0,0,0,0,0,0,0,0,,3000,3000,,0,0,0,0
1613952291871,6,1010123456024,70,,1,0,24,1,2,,10.7039,824,183503,1.96029,239,0,6.33333,,6.06667,30,0,0.1,9,44.4444,0,8.3374,31,,3000,3000,,0,0,0,4.9
1613952292121,6,1010123456024,70,,1,0,24,1,2,,10.4752,827,183178,1.96627,238,0,6.33333,,0,0,0,0,0,0,0,0,0,,3000,3000,,0,0,0,0
1613952292371,6,1010123456024,70,,1,0,24,1,2,,10.8226,840,183909,2.04275,240,0,6.57143,,0,0,0,0,0,0,0,0,0,,3000,3000,,0,0,0,0
1613952292621,6,1010123456024,70,,1,0,24,1,2,,10.4163,836,182770,1.99414,241,0,6.16667,,0,0,0,0,0,0,0,0,0,,3000,3000,,0,0,0,0
1613952292871,6,1010123456024,70,,1,0,24,1,2,,11.6679,834,183601,2.2473,240,0,6.83333,,0.1,15,0,0,4,100,0,0.658134,0,,3000,3000,,0,0,0,10
1613952293121,6,1010123456024,70,,1,0,24,1,2,,11.0377,848,183381,2.10944,244,0,6.5,,0,0,0,0,0,0,0,0,0,,3000,3000,,0,0,0,0
1613952293371,6,1010123456024,70,,1,0,24,1,2,,10.2064,838,184111,1.97101,242,0,6.14286,,0.1,20,0,0.1,6,16.6667,0,4.67216,31,,3000,3000,,0,0,0,2.65
1613952293621,6,1010123456024,70,,1,0,24,1,2,,6.40977,798,182867,1.20701,231,0,4.83333,,0,0,0,0,0,0,0,0,0,,3000,3000,,0,0,0,0
1613952293871,6,1010123456024,70,,1,0,24,1,2,,9.20759,843,184174,1.76726,243,0,5.66667,,5.80769,52,0,0.1,16,62.5,0,5.44872,31,,3000,3000,,0,0,0,6.53846
1613952294121,6,1010123456024,70,,1,0,24,1,2,,9.84349,837,183295,1.82006,239,0,6.2,,0,3,0,0,1,100,0,0,0,,3000,2994,,0,0,0,0
1613952294371,6,1010123456024,70,,1,0,24,1,2,,10.5915,847,182466,1.98256,243,0,6.42857,,0,0,0,0,0,0,0,0,0,,3000,3000,,0,0,0,0
1613952294621,6,1010123456024,70,,1,0,24,1,2,,9.74911,841,182822,1.83155,242,0,5.83333,,0,0,0,0,0,0,0,0,0,,3000,2994,,0,0,0,0
1613952294871,6,1010123456024,70,,1,0,24,1,2,,9.34167,840,183114,1.76707,241,0,6,,0.1,26,0,0.1,7,14.2857,0,5.47412,31,,3000,3000,,0,0,0,2.53846
1613952295121,6,1010123456024,70,,1,0,24,1,2,,10.8623,828,183297,1.98931,238,0,6.33333,,0,0,0,0,0,0,0,0,0,,3000,3000,,0,0,0,0
1613952295371,6,1010123456024,70,,1,0,24,1,2,,10.9832,831,183739,2.03789,240,0,6.42857,,0,0,0,0,0,0,0,0,0,,3000,3000,,0,0,0,0
1613952295621,6,1010123456024,70,,1,0,24,1,2,,11.5894,828,184157,2.18285,238,0,6.66667,,0,0,0,0,0,0,0,0,0,,3000,3000,,0,0,0,0
1613952295871,6,1010123456024,70,,1,0,24,1,2,,10.9282,822,183261,2.05069,240,0,6.5,,0.1,36,0,0.1,11,27.2727,0,6.88792,31,,3000,3000,,0,0,0,3.83333
1613952296121,6,1010123456024,70,,1,0,24,1,2,,9.70474,823,182767,1.7904,238,0,6,,0,0,0,0,0,0,0,0,0,,3000,3000,,0,0,0,0
1613952296371,6,1010123456024,70,,1,0,24,1,2,,11.7945,832,183476,2.20365,236,0,7,,0,0,0,0,0,0,0,0,0,,3000,3000,,0,0,0,0
1613952296621,6,1010123456024,70,,1,0,24,1,2,,10.7129,829,183384,1.95744,238,0,6.16667,,0,0,0,0,0,0,0,0,0,,3000,3000,,0,0,0,0
1613952296871,6,1010123456024,70,,1,0,24,1,2,,11.0378,821,183880,2.04922,238,0,6.33333,,14.7353,34,0,0.145344,11,54.5455,0,11.6828,31,,3000,3000,,0,0,0,5.76471
1613952297121,6,1010123456024,70,,1,0,24,1,2,,10.4443,826,184268,1.95658,239,0,6.33333,,16,15,0,0,4,100,0,2.34612,0,,3000,3000,,0,0,0,10
1613952297371,6,1010123456024,70,,1,0,24,1,2,,8.99878,819,182589,1.65539,235,0,6.14286,,0,0,0,0,0,0,0,0,0,,3000,2994,,0,0,0,0
1613952297621,6,1010123456024,70,,1,0,24,1,2,,11.4667,855,183862,2.25728,244,0,6.33333,,0,0,0,0,0,0,0,0,0,,3000,3000,,0,0,0,0
1613952297871,6,1010123456024,70,,1,0,24,1,2,,10.8908,833,183625,2.0447,241,0,6.66667,,0,0,0,0,0,0,0,0,0,,3000,3000,,0,0,0,0
1613952298121,6,1010123456024,70,,1,0,24,1,2,,9.34969,815,183293,1.69523,236,0,5.83333,,5.33333,48,0,0.1,14,28.5714,0,9.35685,31,,3000,3000,,0,0,0,3.625
1613952298371,6,1010123456024,70,,1,0,24,1,2,,10.4345,847,183599,2.17738,243,0,6.57143,,0,0,0,0,0,0,0,0,0,,3000,2994,,0,0,0,0
1613952298621,6,1010123456024,70,,1,0,24,1,2,,9.58616,824,183722,1.78278,236,0,5.83333,,0,0,0,0,0,0,0,0,0,,3000,2994,,0,0,0,0
1613952298871,6,1010123456024,70,,1,0,24,1,2,,8.5723,823,183147,1.63398,238,0,5.66667,,2.30769,26,0,0.1,8,0,0,8.63481,31,,3000,3000,,0,0,0,1.42308
1613952299121,6,1010123456024,70,,1,0,24,1,2,,9.78366,832,182969,1.80115,238,0,6.16667,,0,0,0,0,0,0,0,0,0,,3000,3000,,0,0,0,0
1613952299371,6,1010123456024,70,,1,0,24,1,2,,10.5329,835,183568,1.95555,239,0,6.14286,,0,0,0,0,0,0,0,0,0,,3000,3000,,0,0,0,0
1613952299621,6,1010123456024,70,,1,0,24,1,2,,9.79423,831,184102,1.79722,239,0,6.16667,,0,0,0,0,0,0,0,0,0,,3000,3000,,0,0,0,0
1613952299871,6,1010123456024,70,,1,0,24,1,2,,6.92346,797,183900,1.31878,234,0,4.83333,,0.1,13,16241,0.1,4,0,0,7.10508,31,,3000,2982,,0,0,0,1
1613952300121,6,1010123456024,70,,1,0,24,1,2,,12.6867,833,182678,2.64557,238,0,7.5,,0,15,0,0.1,5,80,0,0,0,,3000,3000,,0,0,0,0
1613952300371,6,1010123456024,70,,1,0,24,1,2,,11.7791,842,184067,2.34067,242,0,6.71429,,0,0,0,0,0,0,0,0,0,,3000,3000,,0,0,0,0
1613952300621,6,1010123456024,70,,1,0,24,1,2,,10.7155,819,183699,2.01459,240,0,6.16667,,0,0,0,0,0,0,0,0,0,,3000,2994,,0,0,0,0
1613952300871,6,1010123456024,70,,1,0,24,1,2,,9.45352,796,183796,1.64222,226,0,6.16667,,0.1,22,273,0.1,6,83.3333,0,0.619501,31,,3000,3000,,0,0,0,8.77273
1613952301121,6,1010123456024,70,,1,0,24,1,2,,9.61871,834,183870,1.82813,241,0,6,,4.75,64,0,0.1,19,68.4211,0,4.73138,0,,3000,3000,,0,0,0,7.60938
1613952301371,6,1010123456024,70,,1,0,24,1,2,,8.87755,833,183896,1.69834,241,0,5.57143,,0,0,0,0,0,0,0,0,0,,3000,3000,,0,0,0,0
1613952301621,6,1010123456024,70,,1,0,24,1,2,,10.5974,842,183279,2.00982,239,0,6.8,,0,0,0,0,0,0,0,0,0,,3000,3000,,0,0,0,0
1613952301871,6,1010123456024,70,,1,0,24,1,2,,11.2731,835,184173,2.12691,242,0,6.5,,0,0,0,0,0,0,0,0,0,,3000,3000,,0,0,0,0
1613952302121,6,1010123456024,70,,1,0,24,1,2,,10.2368,836,183509,1.90813,237,0,6.16667,,0.1,44,0,0.1,13,53.8462,0,1.43908,31,,3000,3000,,0,0,0,5.77273
1613952302371,6,1010123456024,70,,1,0,24,1,2,,8.59952,824,184005,1.56003,235,0,5.71429,,0,0,0,0,0,0,0,0,0,,3000,3000,,0,0,0,0
1613952302621,6,1010123456024,70,,1,0,24,1,2,,10.4479,844,183533,1.9575,240,0,6.33333,,0,0,0,0,0,0,0,0,0,,3000,3000,,0,0,0,0
1613952302871,6,1010123456024,70,,1,0,24,1,2,,11.5323,851,184193,2.23373,244,0,6.66667,,1.66667,36,0,0.1,10,30,0,5.92287,31,,3000,3000,,0,0,0,3.94444
1613952303121,6,1010123456024,70,,1,0,24,1,2,,7.9257,821,183532,1.50166,235,0,5.5,,0,0,0,0,0,0,0,0,0,,2988,2982,,0,0,0,0
1613952303371,6,1010123456024,70,,1,0,24,1,2,,9.9199,824,184617,1.82035,238,0,6.33333,,0,0,0,0,0,0,0,0,0,,3012,3006,,0,0,0,0
1613952303621,6,1010123456024,70,,1,0,24,1,2,,9.92593,837,184128,1.8304,240,0,6,,0,0,0,0,0,0,0,0,0,,3000,2994,,0,0,0,0
1613952303871,6,1010123456024,70,,1,0,24,1,2,,10.8329,820,183400,1.97523,238,0,6.33333,,0.1,8,0,0.1,2,50,0,1.58139,31,,3000,3000,,0,0,0,5.5
1613952304121,6,1010123456024,70,,1,0,24,1,2,,11.2992,839,183972,2.14493,241,0,6.5,,0.1,42,0,0.1,12,50,0,1.35727,0,,3000,3000,,0,0,0,6.14286
1613952304371,6,1010123456024,70,,1,0,24,1,2,,10.7717,828,183660,1.97267,238,0,6.42857,,0,0,0,0,0,0,0,0,0,,3000,3000,,0,0,0,0
1613952304621,6,1010123456024,70,,1,0,24,1,2,,10.652,839,183972,2.0415,241,0,6.33333,,0,0,0,0,0,0,0,0,0,,3000,3000,,0,0,0,0
1613952304871,6,1010123456024,70,,1,0,24,1,2,,10.5254,826,176955,1.99565,240,0,6.83333,,0.1,52,0,0.1,15,53.3333,0,1.07816,31,,3000,3000,,0,0,0,5.96154
1613952305121,6,1010123456024,70,,1,0,24,1,2,,11.8784,847,183045,2.44813,240,0,6.16667,,0,0,0,0,0,0,0,0,0,,3000,3000,,0,0,0,0
1613952305371,6,1010123456024,70,,1,0,24,1,2,,11.0036,837,184080,2.02102,237,0,6.42857,,0,0,0,0,0,0,0,0,0,,2988,2988,,0,0,0,0
1613952305621,6,1010123456024,70,,1,0,24,1,2,,10.444,822,183283,1.95181,238,0,6.33333,,0,0,0,0,0,0,0,0,0,,3012,3012,,0,0,0,0
1613952305871,6,1010123456024,70,,1,0,24,1,2,,10.9273,812,183629,2.05776,241,0,6.33333,,8.57143,28,0,0.1,9,55.5556,0,8.1862,31,,3000,3000,,0,0,0,6.25
1613952306121,6,1010123456024,70,,1,0,24,1,2,,11.0654,811,182944,2.02499,233,0,6.66667,,15,4,0,0,1,100,0,3.61098,0,,3000,3000,,0,0,0,10
1613952306371,6,1010123456024,70,,1,0,24,1,2,,10.3957,839,183425,1.94803,240,0,6.28571,,0,0,0,0,0,0,0,0,0,,3000,3000,,0,0,0,0
1613952306621,6,1010123456024,70,,1,0,24,1,2,,10.7607,844,184453,2.04032,240,0,6.33333,,0,0,0,0,0,0,0,0,0,,3000,3000,,0,0,0,0
1613952306871,6,1010123456024,70,,1,0,24,1,2,,7.0888,777,183211,1.26966,225,0,5.16667,,5.14286,7,0,0.1,2,50,0,9.69324,31,,3000,2988,,0,0,0,4.85714
1613952307121,6,1010123456024,70,,1,0,24,1,2,,9.87257,824,182695,1.77235,234,0,6.16667,,4.58824,34,0,0.1,10,50,0,8.67503,31,,3000,3000,,0,0,0,5.05882
1613952307371,6,1010123456024,70,,1,0,24,1,2,,10.5483,848,183205,2.05869,242,0,6.42857,,0,0,0,0,0,0,0,0,0,,3000,3000,,0,0,0,0
1613952307621,6,1010123456024,70,,1,0,24,1,2,,10.9976,846,182778,2.03856,241,0,6.5,,0,0,0,0,0,0,0,0,0,,3000,3000,,0,0,0,0
1613952307871,6,1010123456024,70,,1,0,24,1,2,,11.157,841,182988,2.09488,241,0,6.66667,,11.4545,33,0,0.1,10,70,0,6.31199,31,,3000,3000,,0,0,0,7.27273
1613952308121,6,1010123456024,70,,1,0,24,1,2,,9.80866,831,183890,1.83037,239,0,6,,0,0,0,0,0,0,0,0,0,,3000,3000,,0,0,0,0
1613952308371,6,1010123456024,70,,1,0,24,1,2,,13.1728,839,184038,2.83712,240,0,7.57143,,0,0,0,0,0,0,0,0,0,,3000,3000,,0,0,0,0
1613952308621,6,1010123456024,70,,1,0,24,1,2,,10.8309,828,182987,1.99859,236,0,6.33333,,0,0,0,0,0,0,0,0,0,,3000,3000,,0,0,0,0
1613952308871,6,1010123456024,70,,1,0,24,1,2,,9.10526,798,183550,1.68115,236,0,5.83333,,0.1,26,0,0.1,8,12.5,0,1.13281,31,,3000,3000,,0,0,0,3.80769
1613952309121,6,1010123456024,70,,1,0,24,1,2,,10.8653,839,183454,2.06048,242,0,6.5,,0,0,0,0,0,0,0,0,0,,3000,3000,,0,0,0,0
1613952309371,6,1010123456024,70,,1,0,24,1,2,,8.93943,842,183798,1.66512,239,0,5.85714,,0,0,0,0,0,0,0,0,0,,2988,2988,,0,0,0,0
1613952309621,6,1010123456024,70,,1,0,24,1,2,,9.81829,831,184405,1.86115,241,0,6.16667,,0,0,0,0,0,0,0,0,0,,3012,3012,,0,0,0,0
1613952309871,6,1010123456024,70,,1,0,24,1,2,,9.77006,835,183102,1.84022,239,0,6,,4,45,0,0.1,14,35.7143,0,3.57564,31,,3000,2994,,0,0,0,4
1613952310121,6,1010123456024,70,,1,0,24,1,2,,10.5369,827,182962,1.94022,240,0,6.33333,,0,0,0,0,0,0,0,0,0,,3000,3000,,0,0,0,0
1613952310371,6,1010123456024,70,,1,0,24,1,2,,11.1594,828,184269,2.06352,237,0,6.57143,,0,0,0,0,0,0,0,0,0,,3000,3000,,0,0,0,0
1613952310621,6,1010123456024,70,,1,0,24,1,2,,9.30095,844,184236,1.84243,240,0,5.5,,0,0,0,0,0,0,0,0,0,,3000,3000,,0,0,0,0
1613952310871,6,1010123456024,70,,1,0,24,1,2,,10.243,823,182934,1.88467,240,0,6.4,,6.5,30,0,0.1,9,44.4444,0,7.38332,31,,3000,3000,,0,0,0,4.9
1613952311121,6,1010123456024,70,,1,0,24,1,2,,10.9555,809,183023,2.01456,235,0,6.33333,,0,0,0,0,0,0,0,0,0,,3000,3000,,0,0,0,0
1613952311371,6,1010123456024,70,,1,0,24,1,2,,10.2329,846,183624,1.93738,243,0,6.28571,,0,0,0,0,0,0,0,0,0,,3000,3000,,0,0,0,0
1613952311621,6,1010123456024,70,,1,0,24,1,2,,11.1097,839,183998,2.08861,241,0,6.5,,0,0,0,0,0,0,0,0,0,,3000,3000,,0,0,0,0
1613952311871,6,1010123456024,70,,1,0,24,1,2,,10.4324,821,183292,1.89082,236,0,6.33333,,0.1,28,0,0.1,8,0,0,5.75153,31,,2988,2988,,0,0,0,1
1613952312121,6,1010123456024,70,,1,0,24,1,2,,10.6651,827,183544,1.99114,239,0,6.33333,,0,0,0,0,0,0,0,0,0,,3012,3012,,0,0,0,0
1613952312371,6,1010123456024,70,,1,0,24,1,2,,11.2735,841,183165,2.12355,241,0,6.57143,,0,0,0,0,0,0,0,0,0,,3000,3000,,0,0,0,0
1613952312621,6,1010123456024,70,,1,0,24,1,2,,8.92233,824,183485,1.6817,237,0,5.66667,,0,0,0,0,0,0,0,0,0,,3000,3000,,0,0,0,0
1613952312871,6,1010123456024,70,,1,0,24,1,2,,10.5271,829,184243,1.87968,236,0,6.16667,,0,11,0,0.1,4,0,0,0,31,,3000,3000,,0,0,0,0
1613952313121,6,1010123456024,70,,1,0,24,1,2,,11.2421,822,183207,2.08333,236,0,6.66667,,0,0,0,0,0,0,0,0,0,,3000,3000,,0,0,0,0
1613952313371,6,1010123456024,70,,1,0,24,1,2,,10.6302,841,184189,2.00224,242,0,6.14286,,0,0,0,0,0,0,0,0,0,,3000,2994,,0,0,0,0
1613952313621,6,1010123456024,70,,1,0,24,1,2,,10.3264,821,184293,1.88877,236,0,6.5,,0,0,0,0,0,0,0,0,0,,3000,3000,,0,0,0,0
1613952313871,6,1010123456024,70,,1,0,24,1,2,,10.4592,797,183284,1.94464,230,0,6.33333,,0,12,0,0,4,100,0,0,0,,3000,3000,,0,0,0,0
1613952314121,6,1010123456024,70,,1,0,24,1,2,,10.5518,839,184000,1.91069,237,0,6.33333,,0,0,0,0,0,0,0,0,0,,2988,2988,,0,0,0,0
1613952314371,6,1010123456024,70,,1,0,24,1,2,,10.9761,838,183636,2.0664,243,0,6.57143,,6.075,40,0,0.1,12,66.6667,0,4.95501,31,,3012,3012,,0,0,0,7.15
1613952314621,6,1010123456024,70,,1,0,24,1,2,,10.5825,824,183534,1.96461,238,0,6.16667,,0,0,0,0,0,0,0,0,0,,3000,3000,,0,0,0,0
1613952314871,6,1010123456024,70,,1,0,24,1,2,,10.2321,840,183313,1.92454,242,0,6.33333,,0,6,0,0.1,2,50,0,0,31,,3000,2982,,0,0,0,0
1613952315121,6,1010123456024,70,,1,0,24,1,2,,8.75696,827,184129,1.71514,238,0,5,,2.89474,38,0,0.115616,11,9.09091,0,11.6208,0,,3000,3000,,0,0,0,1.94737
1613952315371,6,1010123456024,70,,1,0,24,1,2,,9.40936,833,182919,1.71661,240,0,6.14286,,0,0,0,0,0,0,0,0,0,,3000,2994,,0,0,0,0
1613952315621,6,1010123456024,70,,1,0,24,1,2,,9.96274,832,183751,1.84282,240,0,6,,0,0,0,0,0,0,0,0,0,,3000,3000,,0,0,0,0
1613952315871,6,1010123456024,70,,1,0,24,1,2,,8.89356,808,182613,1.68102,236,0,6,,13,15,0,0,4,100,0,1.93989,0,,2988,2982,,0,0,0,10
1613952316121,6,1010123456024,70,,1,0,24,1,2,,10.2744,849,183618,1.93632,242,0,6.16667,,0,0,0,0,0,0,0,0,0,,3012,3012,,0,0,0,0
1613952316371,6,1010123456024,70,,1,0,24,1,2,,8.77698,834,183968,1.62112,238,0,5.85714,,0.1,7,0,0.1,2,0,0,10.9392,31,,2988,2982,,0,0,0,1
1613952316621,6,1010123456024,70,,1,0,24,1,2,,10.3385,833,182741,1.9632,242,0,6,,0,0,0,0,0,0,0,0,0,,3012,3012,,0,0,0,0
1613952316871,6,1010123456024,70,,1,0,24,1,2,,11.0678,826,184412,2.04573,237,0,6.5,,13,16,0,0,4,100,0,1.75682,0,,3000,3000,,0,0,0,10
1613952317121,6,1010123456024,70,,1,0,24,1,2,,11.1595,834,182863,2.10701,240,0,6.66667,,0,0,0,0,0,0,0,0,0,,3000,3000,,0,0,0,0
1613952317371,6,1010123456024,70,,1,0,24,1,2,,7.94254,818,183238,1.47251,236,0,5.42857,,0.1,23,0,0.1,6,50,0,5.34359,31,,3000,3000,,0,0,0,5.86957
1613952317621,6,1010123456024,70,,1,0,24,1,2,,10.1031,834,184009,1.89475,239,0,6,,0,0,0,0,0,0,0,0,0,,3000,3000,,0,0,0,0
1613952317871,6,1010123456024,70,,1,0,24,1,2,,8.59829,819,183054,1.58659,237,0,6,,12.8571,21,0,0.1,6,66.6667,0,9.15926,31,,3000,2994,,0,0,0,7.42857
1613952318121,6,1010123456024,70,,1,0,24,1,2,,9.80266,826,183209,1.82061,238,0,6,,0,0,0,0,0,0,0,0,0,,2988,2988,,0,0,0,0
1613952318370,6,1010123456024,70,,1,0,24,1,2,,9.55582,833,184407,1.784,239,0,6,,0,0,0,0,0,0,0,0,0,,3000,3000,,0,0,0,0
1613952318621,6,1010123456024,70,,1,0,24,1,2,,10.2631,821,183973,1.92963,237,0,6.5,,0,0,0,0,0,0,0,0,0,,3012,3012,,0,0,0,0
1613952318871,6,1010123456024,70,,1,0,24,1,2,,9.40618,810,183550,1.72294,234,0,5.83333,,8.03846,52,0,0.1,16,56.25,0,4.74664,31,,3000,2988,,0,0,0,6.71154
1613952319121,6,1010123456024,70,,1,0,24,1,2,,10.2527,843,183888,1.9431,242,0,6.33333,,0,0,0,0,0,0,0,0,0,,3000,3000,,0,0,0,0
1613952319371,6,1010123456024,70,,1,0,24,1,2,,11.2989,843,183130,2.12253,241,0,6.57143,,0,0,0,0,0,0,0,0,0,,3000,3000,,0,0,0,0
1613952319621,6,1010123456024,70,,1,0,24,1,2,,9.56015,823,183236,1.86358,237,0,5.66667,,0,0,0,0,0,0,0,0,0,,3000,3000,,0,0,0,0
1613952319871,6,1010123456024,70,,1,0,24,1,2,,9.4365,811,184265,1.77037,240,0,5.8,,5,6,0,0.1,2,50,0,13.2396,31,,3000,3000,,0,0,0,4
1613952320121,6,1010123456024,70,,1,0,24,1,2,,10.0784,829,183119,1.88221,239,0,6.33333,,4.85294,34,0,0.1,10,70,0,3.3629,0,,3000,3000,,0,0,0,7.55882
1613952320371,6,1010123456024,70,,1,0,24,1,2,,10.2002,819,183837,1.85402,234,0,6.28571,,0,0,0,0,0,0,0,0,0,,2988,2988,,0,0,0,0
1613952320621,6,1010123456024,70,,1,0,24,1,2,,10.5077,841,183921,1.98237,241,0,6,,0,0,0,0,0,0,0,0,0,,3000,3000,,0,0,0,0
1613952320871,6,1010123456024,70,,1,0,24,1,2,,9.77778,837,183133,1.9544,243,0,6.16667,,0.1,26,0,0.1,8,0,0,7.75315,31,,3012,3012,,0,0,0,1
1613952321121,6,1010123456024,70,,1,0,24,1,2,,9.68383,835,183592,1.80941,240,0,6,,0,0,0,0,0,0,0,0,0,,3000,2994,,0,0,0,0
1613952321371,6,1010123456024,70,,1,0,24,1,2,,8.56699,836,183326,1.56461,238,0,6.14286,,0,0,0,0,0,0,0,0,0,,3000,3000,,0,0,0,0
1613952321621,6,1010123456024,70,,1,0,24,1,2,,11.5852,851,184100,2.2529,243,0,6.66667,,0,0,0,0,0,0,0,0,0,,3000,3000,,0,0,0,0
1613952321871,6,1010123456024,70,,1,0,24,1,2,,11.3574,845,183918,2.15094,241,0,6.66667,,0.1,34,0,0.1,10,30,0,1.60085,31,,3000,3000,,0,0,0,3.85294
1613952322121,6,1010123456024,70,,1,0,24,1,2,,9.72085,806,183007,1.80691,234,0,6,,0,0,0,0,0,0,0,0,0,,3000,3000,,0,0,0,0
1613952322371,6,1010123456024,70,,1,0,24,1,2,,9.77764,832,184316,1.76979,234,0,6,,0,0,0,0,0,0,0,0,0,,2988,2988,,0,0,0,0
1613952322621,6,1010123456024,70,,1,0,24,1,2,,10.2189,845,183596,1.91651,243,0,6.16667,,0,0,0,0,0,0,0,0,0,,3000,3000,,0,0,0,0
1613952322871,6,1010123456024,70,,1,0,24,1,2,,11.3872,829,183976,2.1263,239,0,6.6,,0.1,8,0,0,2,100,0,0.373775,0,,2988,2988,,0,0,0,10
1613952323121,6,1010123456024,70,,1,0,24,1,2,,10.7215,815,184058,2.00422,236,0,6.5,,0.1,7,0,0,2,100,0,1.06524,0,,3012,3012,,0,0,0,10
1613952323371,6,1010123456024,70,,1,0,24,1,2,,10.0036,841,184096,1.90202,242,0,6,,0.1,29,0,0.1,8,25,0,1.5373,31,,3000,3000,,0,0,0,3.17241
1613952323621,6,1010123456024,70,,1,0,24,1,2,,9.59225,851,183410,1.77184,242,0,6,,0,0,0,0,0,0,0,0,0,,3000,3000,,0,0,0,0
1613952323871,6,1010123456024,70,,1,0,24,1,2,,8.36057,771,184182,1.50659,227,0,5.5,,0,0,0,0,0,0,0,0,0,,3000,2982,,0,0,0,0
1613952324121,6,1010123456024,70,,1,0,24,1,2,,11.5937,790,183885,2.41536,230,0,7.4,,0.1,89,0,0.1,26,61.5385,0,0.970164,31,,3000,3000,,0,0,0,7.21348
1613952324371,6,1010123456024,70,,1,0,24,1,2,,11.0768,846,182806,2.07946,243,0,6.57143,,0,0,0,0,0,0,0,0,0,,3000,3000,,0,0,0,0
1613952324621,6,1010123456024,70,,1,0,24,1,2,,11.8694,827,183218,2.27299,239,0,6.8,,0,0,0,0,0,0,0,0,0,,3000,3000,,0,0,0,0
1613952324871,6,1010123456024,70,,1,0,24,1,2,,10.1921,807,184241,1.92726,239,0,6,,0,6,257,0.1,2,50,0,0,31,,3000,2994,,0,0,0,0
1613952325121,6,1010123456024,70,,1,0,24,1,2,,13.6674,851,183543,3.07629,242,0,8.16667,,0.1,45,0,0.1,15,53.3333,0,3.22253,31,,2988,2988,,0,0,0,6.2
1613952325371,6,1010123456024,70,,1,0,24,1,2,,10.3269,835,184645,1.92675,239,0,7.28571,,0,0,0,0,0,0,0,0,0,,3012,3012,,0,0,0,0
1613952325621,6,1010123456024,70,,1,0,24,1,2,,13.3888,841,183771,2.964,241,0,6.5,,0,0,0,0,0,0,0,0,0,,3000,2994,,0,0,0,0
1613952325871,6,1010123456024,70,,1,0,24,1,2,,11.0661,832,183653,2.07421,239,0,6.5,,0.1,64,0,0.1,19,42.1053,0,2.12191,31,,3000,3000,,0,0,0,5.20312
1613952326121,6,1010123456024,70,,1,0,24,1,2,,11.2221,815,182997,2.15811,233,0,6.83333,,0,0,0,0,0,0,0,0,0,,3000,2994,,0,0,0,0
1613952326371,6,1010123456024,70,,1,0,24,1,2,,11.2205,839,184110,2.09309,241,0,6.5,,0,0,0,0,0,0,0,0,0,,3000,3000,,0,0,0,0
1613952326621,6,1010123456024,70,,1,0,24,1,2,,11.1691,828,183640,2.06816,238,0,6.5,,0,0,0,0,0,0,0,0,0,,3000,3000,,0,0,0,0
1613952326871,6,1010123456024,70,,1,0,24,1,2,,12.1455,811,179798,2.39792,239,0,7.5,,15.1905,63,0,0.1,21,85.7143,0,4.66882,31,,2988,2982,,0,0,0,8.71429
1613952327121,6,1010123456024,70,,1,0,24,1,2,,11.9029,824,184268,2.39242,235,0,6.5,,0,5,0,0,2,100,0,0,0,,3000,3000,,0,0,0,0
1613952327371,6,1010123456024,70,,1,0,24,1,2,,8.80982,815,183527,1.62051,237,0,5.71429,,0,0,0,0,0,0,0,0,0,,3012,3006,,0,0,0,0
1613952327621,6,1010123456024,70,,1,0,24,1,2,,10.8478,841,182808,2.03254,241,0,6.33333,,0,0,0,0,0,0,0,0,0,,3000,3000,,0,0,0,0
1613952327871,6,1010123456024,70,,1,0,24,1,2,,9.71689,823,184541,1.7807,239,0,6,,0,0,0,0,0,0,0,0,0,,3000,2988,,0,0,0,0
1613952328121,6,1010123456024,70,,1,0,24,1,2,,11.2849,825,183383,2.12438,239,0,6.66667,,4.71579,95,0,0.1,28,64.2857,0,2.56454,31,,3000,3000,,0,0,0,6.68421
1613952328371,6,1010123456024,70,,1,0,24,1,2,,8.44351,832,182890,1.56666,238,0,5.57143,,0,0,0,0,0,0,0,0,0,,3000,3000,,0,0,0,0
1613952328621,6,1010123456024,70,,1,0,24,1,2,,9.24759,828,184039,1.72672,236,0,5.8,,0,0,0,0,0,0,0,0,0,,2988,2988,,0,0,0,0
1613952328871,6,1010123456024,70,,1,0,24,1,2,,9.20844,806,183192,1.66765,238,0,6.16667,,7.82143,56,0,0.1,17,52.9412,0,6.56955,31,,3000,3000,,0,0,0,6.53571
1613952329121,6,1010123456024,70,,1,0,24,1,2,,10.8297,816,183845,1.99555,237,0,6.2,,0,0,0,0,0,0,0,0,0,,3012,3012,,0,0,0,0
1613952329371,6,1010123456024,70,,1,0,24,1,2,,11.3744,836,184107,2.13053,239,0,6.57143,,0,0,0,0,0,0,0,0,0,,2988,2988,,0,0,0,0
1613952329621,6,1010123456024,70,,1,0,24,1,2,,11.0237,845,183447,2.07152,243,0,6.5,,0,0,0,0,0,0,0,0,0,,3012,3012,,0,0,0,0
1613952329871,6,1010123456024,70,,1,0,24,1,2,,11.254,803,180529,2.10525,237,0,7,,8.11364,44,0,0.1,15,66.6667,0,6.42162,31,,3000,2994,,0,0,0,6.72727
1613952330121,6,1010123456024,70,,1,0,24,1,2,,8.69544,811,183772,1.80992,234,0,5.16667,,4.8,20,0,0,6,100,0,0.533186,0,,3000,2988,,0,0,0,10
1613952330372,6,1010123456024,70,,1,0,24,1,2,,8.87305,835,183003,1.65425,238,0,5.85714,,0,0,0,0,0,0,0,0,0,,3012,3012,,0,0,0,0
1613952330621,6,1010123456024,70,,1,0,24,1,2,,10.994,828,183472,2.04755,238,0,6.33333,,0,0,0,0,0,0,0,0,0,,2988,2988,,0,0,0,0
1613952330871,6,1010123456024,70,,1,0,24,1,2,,8.84281,827,183821,1.68218,244,0,5.83333,,13.2903,31,0,0.1,10,60,0,11.6708,31,,3000,3000,,0,0,0,6.22581
1613952331121,6,1010123456024,70,,1,0,24,1,2,,10.1976,850,183087,1.8536,241,0,6.16667,,0,12,0,0,4,100,0,0,0,,3000,3000,,0,0,0,0
1613952331371,6,1010123456024,70,,1,0,24,1,2,,10.7836,827,183413,2.04269,238,0,6.57143,,0,0,0,0,0,0,0,0,0,,2988,2988,,0,0,0,0
1613952331621,6,1010123456024,70,,1,0,24,1,2,,9.78675,830,183413,1.8241,239,0,6,,0,0,0,0,0,0,0,0,0,,3000,3000,,0,0,0,0
1613952331871,6,1010123456024,70,,1,0,24,1,2,,10.0424,802,183192,1.87392,232,0,6,,0.1,47,0,0.1,14,57.1429,0,0.940473,31,,3012,3000,,0,0,0,7.19149
1613952332121,6,1010123456024,70,,1,0,24,1,2,,10.1288,831,183035,1.88454,240,0,6.6,,0,0,0,0,0,0,0,0,0,,3000,3000,,0,0,0,0
1613952332371,6,1010123456024,70,,1,0,24,1,2,,13.1301,838,183271,2.74909,239,0,7.14286,,0,0,0,0,0,0,0,0,0,,3000,3000,,0,0,0,0
1613952332621,6,1010123456024,70,,1,0,24,1,2,,11.3853,841,183369,2.13424,239,0,6.5,,0,0,0,0,0,0,0,0,0,,3000,3000,,0,0,0,0
1613952332871,6,1010123456024,70,,1,0,24,1,2,,10.6375,833,184015,1.98848,244,0,6.33333,,0.1,28,0,0.1,9,33.3333,0,8.47341,31,,3000,3000,,0,0,0,3.78571
1613952333121,6,1010123456024,70,,1,0,24,1,2,,10.781,831,183607,1.96499,238,0,6.16667,,0,3,0,0,1,100,0,0,0,,3000,3000,,0,0,0,0
1613952333371,6,1010123456024,70,,1,0,24,1,2,,9.10667,825,183965,1.71885,238,0,6,,0,0,0,0,0,0,0,0,0,,3000,3000,,0,0,0,0
1613952333621,6,1010123456024,70,,1,0,24,1,2,,9.86594,828,183412,1.79846,234,0,6,,0,0,0,0,0,0,0,0,0,,2988,2988,,0,0,0,0
1613952333871,6,1010123456024,70,,1,0,24,1,2,,9.95125,800,183201,1.84554,237,0,5.8,,0.1,45,0,0.1,13,46.1538,0,1.02398,31,,3000,3000,,0,0,0,6.24444
1613952334121,6,1010123456024,70,,1,0,24,1,2,,10.7092,839,184230,1.9752,241,0,6.16667,,0,0,0,0,0,0,0,0,0,,3012,3012,,0,0,0,0
1613952334371,6,1010123456024,70,,1,0,24,1,2,,10.7632,853,183848,2.02176,244,0,6.28571,,0,0,0,0,0,0,0,0,0,,3000,3000,,0,0,0,0
1613952334621,6,1010123456024,70,,1,0,24,1,2,,10.8956,843,183432,2.00938,241,0,6.33333,,0,0,0,0,0,0,0,0,0,,3000,3000,,0,0,0,0
1613952334871,6,1010123456024,70,,1,0,24,1,2,,9.23536,820,184348,1.74051,235,0,5.66667,,0.1,35,0,0.1,10,50,0,0.893385,31,,2988,2988,,0,0,0,6.45714
1613952335121,6,1010123456024,70,,1,0,24,1,2,,8.61973,831,184076,1.60512,240,0,5.66667,,0,3,0,0,1,100,0,0,0,,3012,3012,,0,0,0,0
1613952335371,6,1010123456024,70,,1,0,24,1,2,,9.3225,831,182906,1.71069,239,0,5.85714,,0,0,0,0,0,0,0,0,0,,3000,3000,,0,0,0,0
1613952335621,6,1010123456024,70,,1,0,24,1,2,,9.74268,820,183905,1.76829,235,0,6.2,,0,0,0,0,0,0,0,0,0,,2988,2988,,0,0,0,0
1613952335871,6,1010123456024,70,,1,0,24,1,2,,9.96463,820,183865,1.85533,237,0,6,,0.1,10,397,0.1,3,0,0,11.0997,31,,3000,2976,,0,0,0,1
1613952336121,6,1010123456024,70,,1,0,24,1,2,,9.69176,837,182572,1.80218,242,0,5.83333,,9.94737,38,0,0.1,12,66.6667,0,4.75095,0,,3012,3012,,0,0,0,7.15789
1613952336371,6,1010123456024,70,,1,0,24,1,2,,10.0934,835,183478,1.89117,239,0,6.14286,,0,0,0,0,0,0,0,0,0,,3000,3000,,0,0,0,0
1613952336621,6,1010123456024,70,,1,0,24,1,2,,11.7248,854,183410,2.36259,243,0,7,,0,0,0,0,0,0,0,0,0,,3000,3000,,0,0,0,0
1613952336871,6,1010123456024,70,,1,0,24,1,2,,11.244,836,183693,2.15046,242,0,6.66667,,0.1,30,0,0.1,9,44.4444,0,1.47603,31,,3000,3000,,0,0,0,4.6
1613952337121,6,1010123456024,70,,1,0,24,1,2,,7.82039,824,183158,1.49898,235,0,5.33333,,0,3,0,0,1,100,0,0,0,,3000,3000,,0,0,0,0
1613952337371,6,1010123456024,70,,1,0,24,1,2,,8.72346,810,183598,1.56112,233,0,5.66667,,0,0,0,0,0,0,0,0,0,,3000,3000,,0,0,0,0
1613952337621,6,1010123456024,70,,1,0,24,1,2,,9.80653,796,183359,1.79165,229,0,6.33333,,0,0,0,0,0,0,0,0,0,,3000,3000,,0,0,0,0
1613952337871,6,1010123456024,70,,1,0,24,1,2,,9.98797,831,183613,1.80022,237,0,6.16667,,0.1,13,16024,0.1,4,25,0,6.96017,31,,3000,3000,,0,0,0,4
1613952338121,6,1010123456024,70,,1,0,24,1,2,,10.8429,834,183801,2.0064,236,0,6.33333,,0.1,18,0,0.1,5,0,0,2.20935,0,,2988,2988,,0,0,0,1
1613952338371,6,1010123456024,70,,1,0,24,1,2,,9.178,809,183282,1.6999,234,0,6,,0,0,0,0,0,0,0,0,0,,3012,3012,,0,0,0,0
1613952338621,6,1010123456024,70,,1,0,24,1,2,,10.5097,826,183549,1.94266,236,0,6.33333,,0,0,0,0,0,0,0,0,0,,3000,3000,,0,0,0,0
1613952338872,6,1010123456024,70,,1,0,24,1,2,,10.8972,827,182560,2.0488,241,0,6.33333,,5.65957,47,0,0.1,13,30.7692,0,9.16424,31,,3012,3012,,0,0,0,4.12766
1613952339121,6,1010123456024,70,,1,0,24,1,2,,11.2248,832,183961,2.09462,239,0,6.66667,,0,0,0,0,0,0,0,0,0,,2988,2988,,0,0,0,0
1613952339371,6,1010123456024,70,,1,0,24,1,2,,10.3064,842,184049,1.948,239,0,6.42857,,0,0,0,0,0,0,0,0,0,,3000,3000,,0,0,0,0
1613952339621,6,1010123456024,70,,1,0,24,1,2,,12.0165,848,184159,2.33725,243,0,6.83333,,0,0,0,0,0,0,0,0,0,,3000,3000,,0,0,0,0
1613952339871,6,1010123456024,70,,1,0,24,1,2,,10.5457,832,184001,2.02358,241,0,6.5,,1.76471,34,0,0.1,9,11.1111,0,8.233,31,,2988,2988,,0,0,0,2.52941
1613952340121,6,1010123456024,70,,1,0,24,1,2,,10.8031,833,183725,2.05386,239,0,6.5,,0,0,0,0,0,0,0,0,0,,3000,3000,,0,0,0,0
1613952340371,6,1010123456024,70,,1,0,24,1,2,,10.9679,842,184065,2.04522,241,0,6.28571,,0,0,0,0,0,0,0,0,0,,3000,3000,,0,0,0,0
1613952340621,6,1010123456024,70,,1,0,24,1,2,,9.71411,836,184010,1.82477,240,0,6.16667,,0,0,0,0,0,0,0,0,0,,3012,3006,,0,0,0,0
1613952340871,6,1010123456024,70,,1,0,24,1,2,,11.3196,848,182990,2.23584,242,0,6.83333,,7.5,32,0,0.1,10,40,0,7.5731,31,,3000,3000,,0,0,0,4.5
1613952341121,6,1010123456024,70,,1,0,24,1,2,,11.0979,848,183223,2.10282,241,0,6.5,,0,0,0,0,0,0,0,0,0,,3000,3000,,0,0,0,0
1613952341371,6,1010123456024,70,,1,0,24,1,2,,11.3744,820,183075,2.08755,236,0,6.57143,,0,0,0,0,0,0,0,0,0,,3000,3000,,0,0,0,0
1613952341621,6,1010123456024,70,,1,0,24,1,2,,10.1184,828,183695,1.94704,241,0,6,,0,0,0,0,0,0,0,0,0,,3000,3000,,0,0,0,0
1613952341871,6,1010123456024,70,,1,0,24,1,2,,8.26244,804,182781,1.48026,234,0,5.83333,,0,3,0,0,1,100,0,0,0,,2988,2982,,0,0,0,0
1613952342121,6,1010123456024,70,,1,0,24,1,2,,10.4873,829,183670,1.98013,239,0,6.33333,,0,7,0,0,3,100,0,0,0,,3000,3000,,0,0,0,0
1613952342371,6,1010123456024,70,,1,0,24,1,2,,11.1854,852,183392,2.12397,242,0,6.42857,,0,12,0,0,4,100,0,0,0,,2988,2988,,0,0,0,0
1613952342621,6,1010123456024,70,,1,0,24,1,2,,10.709,835,183584,1.94234,238,0,6.33333,,0,0,0,0,0,0,0,0,0,,3000,3000,,0,0,0,0
1613952342871,6,1010123456024,70,,1,0,24,1,2,,10.3897,839,183394,1.98826,241,0,6.33333,,10.8462,13,0,0.1,4,0,0,27.4062,31,,3012,3006,,0,0,0,1
1613952343121,6,1010123456024,70,,1,0,24,1,2,,9.74938,810,183799,1.79018,235,0,6,,0,0,0,0,0,0,0,0,0,,3000,3000,,0,0,0,0
1613952343371,6,1010123456024,70,,1,0,24,1,2,,10.71,831,182944,2.04646,240,0,6.5,,0,0,0,0,0,0,0,0,0,,3000,3000,,0,0,0,0
1613952343621,6,1010123456024,70,,1,0,24,1,2,,11.6118,832,183171,2.17283,237,0,6.83333,,0,0,0,0,0,0,0,0,0,,3000,3000,,0,0,0,0
1613952343871,6,1010123456024,70,,1,0,24,1,2,,9.65426,833,184093,1.81504,240,0,5.83333,,15,7,0,0,2,100,0,3.6763,0,,3000,3000,,0,0,0,10
1613952344121,6,1010123456024,70,,1,0,24,1,2,,9.34772,834,183801,1.73283,239,0,5.8,,0,6,0,0,2,100,0,0,0,,2988,2982,,0,0,0,0
1613952344370,6,1010123456024,70,,1,0,24,1,2,,11.2179,849,183381,2.11284,242,0,6.57143,,6.4,45,0,0.1,12,66.6667,0,5.28152,31,,3000,3000,,0,0,0,7.4
1613952344621,6,1010123456024,70,,1,0,24,1,2,,10.5682,850,184247,2.03002,242,0,5.83333,,0,0,0,0,0,0,0,0,0,,3000,3000,,0,0,0,0
1613952344871,6,1010123456024,70,,1,0,24,1,2,,9.56149,805,182905,1.73587,234,0,6.33333,,0.1,42,0,0.1,12,41.6667,0,3.10896,31,,3012,3006,,0,0,0,4.85714
1613952345121,6,1010123456024,70,,1,0,24,1,2,,10.1232,836,184146,1.88128,238,0,6,,0,0,0,0,0,0,0,0,0,,3000,3000,,0,0,0,0
1613952345371,6,1010123456024,70,,1,0,24,1,2,,13.0267,825,169535,2.58406,238,0,7.33333,,0,0,0,0,0,0,0,0,0,,3000,3000,,0,0,0,0
1613952345621,6,1010123456024,70,,1,0,24,1,2,,11.1079,834,183347,2.17574,240,0,6.33333,,0,0,0,0,0,0,0,0,0,,3000,3000,,0,0,0,0
1613952345871,6,1010123456024,70,,1,0,24,1,2,,11.0974,821,184371,2.07885,240,0,6.33333,,0.1,11,0,0,4,100,0,0.696457,0,,3000,3000,,0,0,0,10
1613952346121,6,1010123456024,70,,1,0,24,1,2,,12.9652,834,183481,2.72458,239,0,7.33333,,0,0,0,0,0,0,0,0,0,,2988,2988,,0,0,0,0
1613952346371,6,1010123456024,70,,1,0,24,1,2,,11.1749,829,183961,2.07494,238,0,6.57143,,0.1,53,0,0.1,15,26.6667,0,1.54541,31,,3000,3000,,0,0,0,3.77358
1613952346621,6,1010123456024,70,,1,0,24,1,2,,10.69,813,184345,2.03219,234,0,6.33333,,0,0,0,0,0,0,0,0,0,,3000,3000,,0,0,0,0
1613952346871,6,1010123456024,70,,1,0,24,1,2,,7.92491,799,183132,1.43078,234,0,5.5,,7,8,118,0.1,2,50,0,14.4015,31,,3000,2994,,0,0,0,5.5
1613952347121,6,1010123456024,70,,1,0,24,1,2,,9.16484,819,183981,1.70614,241,0,5.83333,,13.5882,68,0,0.1,20,85,0,3.09073,0,,3012,3012,,0,0,0,8.67647
1613952347371,6,1010123456024,70,,1,0,24,1,2,,10.9437,835,183267,2.01456,239,0,6.57143,,0,0,0,0,0,0,0,0,0,,3000,3000,,0,0,0,0
1613952347621,6,1010123456024,70,,1,0,24,1,2,,11.1348,846,183547,2.09568,242,0,6.5,,0,0,0,0,0,0,0,0,0,,3000,3000,,0,0,0,0
1613952347871,6,1010123456024,70,,1,0,24,1,2,,10.7854,797,183929,2.0095,233,0,6.5,,6.98246,57,0,0.1,18,55.5556,0,4.97674,31,,3000,3000,,0,0,0,6
1613952348121,6,1010123456024,70,,1,0,24,1,2,,11.6033,837,182810,2.20902,240,0,6.83333,,0,3,0,0,1,100,0,0,0,,3000,3000,,0,0,0,0
1613952348371,6,1010123456024,70,,1,0,24,1,2,,11.7141,801,183384,2.46435,231,0,6.66667,,0,0,0,0,0,0,0,0,0,,3000,3000,,0,0,0,0
1613952348621,6,1010123456024,70,,1,0,24,1,2,,9.19104,848,183601,1.75347,240,0,5.66667,,0,0,0,0,0,0,0,0,0,,2988,2988,,0,0,0,0
1613952348870,6,1010123456024,70,,1,0,24,1,2,,11.3587,814,182958,2.12912,237,0,6.8,,3.80952,63,0,0.1,18,44.4444,0,4.21144,31,,3000,3000,,0,0,0,5.57143
1613952349121,6,1010123456024,70,,1,0,24,1,2,,10.1876,821,184553,1.86419,236,0,6.16667,,0.1,4,0,0,1,100,0,0.1,0,,3000,2994,,0,0,0,10
1613952349371,6,1010123456024,70,,1,0,24,1,2,,8.56727,825,184160,1.64141,238,0,5.71429,,0,0,0,0,0,0,0,0,0,,3012,3012,,0,0,0,0
1613952349621,6,1010123456024,70,,1,0,24,1,2,,10.7019,832,183460,1.97107,240,0,6.33333,,0,0,0,0,0,0,0,0,0,,3000,3000,,0,0,0,0
1613952349871,6,1010123456024,70,,1,0,24,1,2,,10.1418,825,183768,1.89533,237,0,6,,0,0,0,0,0,0,0,0,0,,3000,3000,,0,0,0,0
1613952350121,6,1010123456024,70,,1,0,24,1,2,,9.22437,829,183784,1.79056,239,0,5.66667,,0.1,90,0,0.1,27,51.8519,0,2.19919,31,,3000,3000,,0,0,0,5.91111
1613952350371,6,1010123456024,70,,1,0,24,1,2,,13.0866,843,183619,2.78957,242,0,7.42857,,0,0,0,0,0,0,0,0,0,,3000,3000,,0,0,0,0
1613952350621,6,1010123456024,70,,1,0,24,1,2,,10.7071,840,183409,1.96557,240,0,6.16667,,0,0,0,0,0,0,0,0,0,,2988,2988,,0,0,0,0
1613952350871,6,1010123456024,70,,1,0,24,1,2,,10.87,831,183369,2.00816,239,0,6.33333,,0,0,0,0,0,0,0,0,0,,3000,3000,,0,0,0,0
1613952351121,6,1010123456024,70,,1,0,24,1,2,,9.33094,837,182958,1.78032,239,0,5.66667,,0.1,30,0,0.1,9,0,0,1.75555,31,,3000,3000,,0,0,0,1.5
1613952351371,6,1010123456024,70,,1,0,24,1,2,,11.0754,835,183761,2.09053,241,0,6.33333,,0,0,0,0,0,0,0,0,0,,3000,3000,,0,0,0,0
1613952351621,6,1010123456024,70,,1,0,24,1,2,,9.77228,808,182666,1.75482,234,0,6.16667,,0,0,0,0,0,0,0,0,0,,3012,3012,,0,0,0,0
1613952351871,6,1010123456024,70,,1,0,24,1,2,,11.7528,813,183811,2.21094,236,0,6.83333,,0.1,51,0,0.1,15,26.6667,0,5.26105,31,,2988,2988,,0,0,0,3.27451
1613952352121,6,1010123456024,70,,1,0,24,1,2,,10.7411,846,184343,2.03558,244,0,6.5,,0,0,0,0,0,0,0,0,0,,3012,3012,,0,0,0,0
1613952352371,6,1010123456024,70,,1,0,24,1,2,,10.5427,844,183481,1.95024,241,0,6.14286,,0,0,0,0,0,0,0,0,0,,2988,2988,,0,0,0,0
1613952352621,6,1010123456024,70,,1,0,24,1,2,,10.2866,827,183293,1.86301,239,0,6.16667,,0,0,0,0,0,0,0,0,0,,3012,3012,,0,0,0,0
1613952352871,6,1010123456024,70,,1,0,24,1,2,,9.41932,818,184452,1.74179,235,0,6,,0,0,0,0,0,0,0,0,0,,2988,2988,,0,0,0,0
1613952353121,6,1010123456024,70,,1,0,24,1,2,,10.7976,840,184264,2.02816,240,0,6.33333,,0.1,42,0,0.1,12,25,0,3.41927,31,,3000,3000,,0,0,0,3.88095
1613952353371,6,1010123456024,70,,1,0,24,1,2,,10.2943,819,184344,1.93488,237,0,6.28571,,0,0,0,0,0,0,0,0,0,,3000,3000,,0,0,0,0
1613952353621,6,1010123456024,70,,1,0,24,1,2,,10.2849,846,182987,1.96362,243,0,6.16667,,0,0,0,0,0,0,0,0,0,,3012,3012,,0,0,0,0
1613952353871,6,1010123456024,70,,1,0,24,1,2,,9.13452,840,183560,1.74115,243,0,6,,0.1,8,0,0,2,100,0,1.00133,0,,3000,3000,,0,0,0,10
1613952354121,6,1010123456024,70,,1,0,24,1,2,,11.0727,825,183532,2.08294,240,0,6.66667,,6.49438,89,0,0.1,26,61.5385,0,4.6482,31,,3000,3000,,0,0,0,6.89888
1613952354371,6,1010123456024,70,,1,0,24,1,2,,9.5678,826,183407,1.78448,237,0,6.14286,,0,0,0,0,0,0,0,0,0,,2988,2988,,0,0,0,0
1613952354621,6,1010123456024,70,,1,0,24,1,2,,11.023,826,183485,2.06598,238,0,6.33333,,0,0,0,0,0,0,0,0,0,,3000,3000,,0,0,0,0
1613952354871,6,1010123456024,70,,1,0,24,1,2,,10.0659,835,183261,1.88214,241,0,6.16667,,0.1,37,0,0.1,11,9.09091,0,6.20869,31,,3000,3000,,0,0,0,2.02703
1613952355121,6,1010123456024,70,,1,0,24,1,2,,10.131,847,183146,1.90355,242,0,6.33333,,0,0,0,0,0,0,0,0,0,,3000,2994,,0,0,0,0
1613952355371,6,1010123456024,70,,1,0,24,1,2,,11.1488,840,183813,2.09392,239,0,6.42857,,0,0,0,0,0,0,0,0,0,,3000,3000,,0,0,0,0
1613952355621,6,1010123456024,70,,1,0,24,1,2,,10.0914,821,183701,1.87072,236,0,6.16667,,0,0,0,0,0,0,0,0,0,,3000,3000,,0,0,0,0
1613952355871,6,1010123456024,70,,1,0,24,1,2,,11.0207,822,183151,2.10083,239,0,6.5,,2.59459,37,0,0.1,11,18.1818,0,8.79643,31,,3012,3012,,0,0,0,2.86486
1613952356121,6,1010123456024,70,,1,0,24,1,2,,10.9824,853,182975,2.06381,242,0,6.6,,0,0,0,0,0,0,0,0,0,,3000,3000,,0,0,0,0
1613952356371,6,1010123456024,70,,1,0,24,1,2,,11.0048,836,184067,2.07021,242,0,6.28571,,0,0,0,0,0,0,0,0,0,,3000,3000,,0,0,0,0
1613952356621,6,1010123456024,70,,1,0,24,1,2,,9.63853,841,182506,1.78246,242,0,6,,0,0,0,0,0,0,0,0,0,,3000,3000,,0,0,0,0
1613952356871,6,1010123456024,70,,1,0,24,1,2,,9.45732,785,180199,1.77325,234,0,6.33333,,15.125,72,0,0.137888,23,82.6087,0,5.59243,31,,3000,3000,,0,0,0,8.18056
1613952357121,6,1010123456024,70,,1,0,24,1,2,,11.8644,841,183837,2.38173,241,0,6.33333,,12,4,0,0,1,100,0,0.1,0,,2988,2988,,0,0,0,10
1613952357371,6,1010123456024,70,,1,0,24,1,2,,10.9457,829,183957,2.00963,237,0,6.28571,,0,0,0,0,0,0,0,0,0,,3000,3000,,0,0,0,0
1613952357621,6,1010123456024,70,,1,0,24,1,2,,10.1873,833,182918,1.91027,240,0,6.33333,,0,0,0,0,0,0,0,0,0,,3000,3000,,0,0,0,0
1613952357871,6,1010123456024,70,,1,0,24,1,2,,10.8318,785,181092,1.96848,231,0,6.83333,,15.1667,60,0,0.118144,20,80,0,4.10234,31,,3000,3000,,0,0,0,8.65
1613952358121,6,1010123456024,70,,1,0,24,1,2,,10.7656,832,182882,2.2135,240,0,6,,0,0,0,0,0,0,0,0,0,,3012,3012,,0,0,0,0
1613952358371,6,1010123456024,70,,1,0,24,1,2,,10.7512,832,183443,1.96643,239,0,6.42857,,0,0,0,0,0,0,0,0,0,,3000,3000,,0,0,0,0
1613952358621,6,1010123456024,70,,1,0,24,1,2,,11.6457,827,183669,2.18448,237,0,6.66667,,0,0,0,0,0,0,0,0,0,,3000,3000,,0,0,0,0
1613952358871,6,1010123456024,70,,1,0,24,1,2,,9.13642,821,184022,1.66102,235,0,5.8,,0.1,27,0,0.1,8,0,0,1.85976,31,,2988,2982,,0,0,0,1.25926
1613952359121,6,1010123456024,70,,1,0,24,1,2,,9.96201,816,183043,1.82829,234,0,6,,0,0,0,0,0,0,0,0,0,,3000,3000,,0,0,0,0
1613952359371,6,1010123456024,70,,1,0,24,1,2,,8.4921,823,183737,1.5904,236,0,5.57143,,0,0,0,0,0,0,0,0,0,,3000,2988,,0,0,0,0
1613952359621,6,1010123456024,70,,1,0,24,1,2,,10.6501,823,183333,1.90723,237,0,6.16667,,0,0,0,0,0,0,0,0,0,,3000,3000,,0,0,0,0
1613952359871,6,1010123456024,70,,1,0,24,1,2,,10.606,830,183825,1.94432,240,0,6.33333,,2,21,0,0.1,6,83.3333,0,3.38829,31,,3000,3000,,0,0,0,8.71429
1613952360120,6,1010123456024,70,,1,0,24,1,2,,9.47713,809,184205,1.75984,235,0,5.83333,,13.5385,13,0,0.1,4,75,0,8.4143,0,,3000,2994,,0,0,0,7.92308
1613952360371,6,1010123456024,70,,1,0,24,1,2,,9.88243,825,183659,1.81354,237,0,6.28571,,0,0,0,0,0,0,0,0,0,,3012,3012,,0,0,0,0
1613952360621,6,1010123456024,70,,1,0,24,1,2,,10.8395,835,182794,2.06096,241,0,6.16667,,0,0,0,0,0,0,0,0,0,,3000,3000,,0,0,0,0
1613952360871,6,1010123456024,70,,1,0,24,1,2,,8.97346,829,183677,1.64214,241,0,5.8,,0.1,14,379,0.1,4,25,0,7.97607,31,,3000,3000,,0,0,0,3.35714
1613952361121,6,1010123456024,70,,1,0,24,1,2,,9.79157,830,184073,1.80691,238,0,6,,2.98667,75,0,0.1,22,72.7273,0,2.33797,0,,2988,2988,,0,0,0,7.8
1613952361371,6,1010123456024,70,,1,0,24,1,2,,10.9299,842,182886,2.05075,242,0,6.14286,,0,0,0,0,0,0,0,0,0,,3000,3000,,0,0,0,0
1613952361621,6,1010123456024,70,,1,0,24,1,2,,10.1161,827,184389,1.87168,238,0,6.33333,,0,0,0,0,0,0,0,0,0,,3000,3000,,0,0,0,0
1613952361871,6,1010123456024,70,,1,0,24,1,2,,10.9927,825,183509,2.02922,237,0,6.5,,0.1,29,0,0.1,9,22.2222,0,1.93703,31,,3000,3000,,0,0,0,2.55172
1613952362121,6,1010123456024,70,,1,0,24,1,2,,13.4206,844,184139,2.95734,243,0,7.66667,,0,0,0,0,0,0,0,0,0,,3000,3000,,0,0,0,0
1613952362371,6,1010123456024,70,,1,0,24,1,2,,10.0351,827,183238,1.87347,238,0,6.14286,,0,0,0,0,0,0,0,0,0,,3012,3012,,0,0,0,0
1613952362621,6,1010123456024,70,,1,0,24,1,2,,11.3757,841,183483,2.18307,241,0,6.5,,0,0,0,0,0,0,0,0,0,,3000,3000,,0,0,0,0
1613952362871,6,1010123456024,70,,1,0,24,1,2,,12.9153,826,183903,2.70112,238,0,7.66667,,0.1,17,0,0.1,5,0,0,1.84899,31,,3000,2994,,0,0,0,1
1613952363121,6,1010123456024,70,,1,0,24,1,2,,9.6872,828,183764,1.82624,238,0,5.83333,,0.1,9,0,0.1,3,0,0,1.88424,0,,2988,2982,,0,0,0,1
1613952363371,6,1010123456024,70,,1,0,24,1,2,,11.125,848,183371,2.06019,241,0,6.57143,,0,0,0,0,0,0,0,0,0,,3000,3000,,0,0,0,0
1613952363621,6,1010123456024,70,,1,0,24,1,2,,10.8231,831,183403,1.96006,236,0,6.33333,,0,0,0,0,0,0,0,0,0,,3000,3000,,0,0,0,0
1613952363871,6,1010123456024,70,,1,0,24,1,2,,10.7254,812,183401,1.97587,234,0,6.33333,,0.1,27,15895,0.1,8,62.5,0,0.527107,31,,3000,3000,,0,0,0,6.96296
1613952364121,6,1010123456024,70,,1,0,24,1,2,,9.93427,852,183957,1.85872,245,0,6,,0.1,13,0,0.1,4,0,0,7.68689,0,,3000,3000,,0,0,0,1
1613952364371,6,1010123456024,70,,1,0,24,1,2,,9.29821,835,183489,1.77075,240,0,6,,0,0,0,0,0,0,0,0,0,,3000,3000,,0,0,0,0
1613952364621,6,1010123456024,70,,1,0,24,1,2,,8.43353,835,183076,1.54045,239,0,5.5,,0,0,0,0,0,0,0,0,0,,3012,3012,,0,0,0,0
1613952364871,6,1010123456024,70,,1,0,24,1,2,,8.22878,813,183900,1.53018,238,0,5.5,,6.4,55,0,0.1,17,64.7059,0,4.97529,31,,3000,2994,,0,0,0,6.92727
1613952365121,6,1010123456024,70,,1,0,24,1,2,,10.7874,828,183236,1.9583,237,0,6.33333,,16,10,0,0,3,100,0,1.53724,0,,2988,2988,,0,0,0,10
1613952365371,6,1010123456024,70,,1,0,24,1,2,,10.94,850,183217,2.06819,243,0,6.5,,0,0,0,0,0,0,0,0,0,,3000,3000,,0,0,0,0
1613952365621,6,1010123456024,70,,1,0,24,1,2,,11.671,848,183472,2.21878,241,0,6.83333,,0,0,0,0,0,0,0,0,0,,3000,3000,,0,0,0,0
1613952365871,6,1010123456024,70,,1,0,24,1,2,,10.8414,826,183896,2.01229,236,0,6.33333,,5.47368,38,0,0.1,11,36.3636,0,5.24003,31,,3000,3000,,0,0,0,4.07895
1613952366121,6,1010123456024,70,,1,0,24,1,2,,9.29405,823,184046,1.75123,238,0,5.83333,,0,0,0,0,0,0,0,0,0,,3000,3000,,0,0,0,0
1613952366370,6,1010123456024,70,,1,0,24,1,2,,10.4341,834,184433,1.99605,239,0,6.57143,,0,0,0,0,0,0,0,0,0,,3000,3000,,0,0,0,0
1613952366621,6,1010123456024,70,,1,0,24,1,2,,11.0976,830,183170,2.03216,237,0,6.33333,,0,0,0,0,0,0,0,0,0,,3000,3000,,0,0,0,0
1613952366871,6,1010123456024,70,,1,0,24,1,2,,10.3681,834,183018,1.93021,243,0,6.16667,,6,8,0,0.1,2,50,0,7.44454,31,,3012,3006,,0,0,0,5.5
1613952367121,6,1010123456024,70,,1,0,24,1,2,,11.0632,823,183531,2.05802,237,0,6.6,,4.69565,23,0,0.1,7,42.8571,0,8.63667,0,,3000,3000,,0,0,0,4.52174
1613952367371,6,1010123456024,70,,1,0,24,1,2,,10.7559,844,183803,2.09245,241,0,6.42857,,0,0,0,0,0,0,0,0,0,,3000,3000,,0,0,0,0
1613952367621,6,1010123456024,70,,1,0,24,1,2,,10.3489,837,182984,1.86211,239,0,6.16667,,0,0,0,0,0,0,0,0,0,,3000,3000,,0,0,0,0
1613952367871,6,1010123456024,70,,1,0,24,1,2,,10.0435,828,183409,1.87181,238,0,6.16667,,1.65517,29,0,0.1,8,25,0,4.58753,31,,2988,2988,,0,0,0,3.65517
1613952368121,6,1010123456024,70,,1,0,24,1,2,,10.8064,842,183833,2.01578,241,0,6.5,,0,0,0,0,0,0,0,0,0,,3000,3000,,0,0,0,0
1613952368371,6,1010123456024,70,,1,0,24,1,2,,10.0143,841,182814,1.86787,239,0,6.14286,,0,0,0,0,0,0,0,0,0,,3000,3000,,0,0,0,0
1613952368621,6,1010123456024,70,,1,0,24,1,2,,10.5006,843,183046,2.02944,240,0,6.16667,,0,0,0,0,0,0,0,0,0,,3000,3000,,0,0,0,0
1613952368871,6,1010123456024,70,,1,0,24,1,2,,10.8298,799,184156,1.99795,236,0,6.66667,,14.4,45,5746,0.1,14,71.4286,0,7.96413,31,,3000,3000,,0,0,0,7.4
1613952369121,6,1010123456024,70,,1,0,24,1,2,,12.4552,804,184452,2.54794,239,0,7.16667,,15.4667,60,0,0.1,19,89.4737,0,3.34564,0,,3012,3006,,0,0,0,9.4
1613952369371,6,1010123456024,70,,1,0,24,1,2,,9.2542,834,182606,1.656,234,0,5.85714,,0,0,0,0,0,0,0,0,0,,2988,2988,,0,0,0,0
1613952369621,6,1010123456024,70,,1,0,24,1,2,,10.2005,843,183629,1.8879,245,0,6.2,,0,0,0,0,0,0,0,0,0,,3000,3000,,0,0,0,0
1613952369871,6,1010123456024,70,,1,0,24,1,2,,13.0819,806,183422,2.7321,232,0,7.16667,,0,6,247,0.1,2,0,0,0,31,,3000,2988,,0,0,0,0
1613952370121,6,1010123456024,70,,1,0,24,1,2,,9.77427,824,183878,1.72653,234,0,6,,0.1,48,0,0.1,16,43.75,0,1.21074,0,,3000,2994,,0,0,0,5.35417
1613952370371,6,1010123456024,70,,1,0,24,1,2,,10.4928,838,184373,1.98323,240,0,6.28571,,0,0,0,0,0,0,0,0,0,,3000,3000,,0,0,0,0
1613952370621,6,1010123456024,70,,1,0,24,1,2,,9.5775,800,184153,1.77312,230,0,6.2,,0,0,0,0,0,0,0,0,0,,3000,2994,,0,0,0,0
1613952370871,6,1010123456024,70,,1,0,24,1,2,,10.3354,817,182838,1.9248,242,0,6.5,,0,6,0,0.1,3,0,0,0,31,,3000,2994,,0,0,0,0
1613952371121,6,1010123456024,70,,1,0,24,1,2,,10.3073,820,184063,1.87309,234,0,6.16667,,0,0,0,0,0,0,0,0,0,,3012,3012,,0,0,0,0
1613952371371,6,1010123456024,70,,1,0,24,1,2,,9.83475,823,183117,1.83456,236,0,6,,0,0,0,0,0,0,0,0,0,,3000,2994,,0,0,0,0
1613952371621,6,1010123456024,70,,1,0,24,1,2,,9.25364,824,183102,1.69962,237,0,5.66667,,0,0,0,0,0,0,0,0,0,,3000,3000,,0,0,0,0
1613952371871,6,1010123456024,70,,1,0,24,1,2,,9.40587,818,183731,1.73184,236,0,6.33333,,15,16,0,0,4,100,0,2.37051,0,,2988,2988,,0,0,0,10
1613952372121,6,1010123456024,70,,1,0,24,1,2,,10.1962,851,183666,2.06614,243,0,5.8,,0,0,0,0,0,0,0,0,0,,3000,3000,,0,0,0,0
1613952372371,6,1010123456024,70,,1,0,24,1,2,,10.4515,824,183497,1.86803,236,0,6.28571,,0.1,7,0,0.1,2,0,0,2.33123,31,,3000,3000,,0,0,0,1
1613952372621,6,1010123456024,70,,1,0,24,1,2,,10.6487,834,184193,1.97619,240,0,6.5,,0,0,0,0,0,0,0,0,0,,3000,3000,,0,0,0,0
1613952372871,6,1010123456024,70,,1,0,24,1,2,,10.7145,844,183953,2.052,241,0,6.16667,,6,34,0,0.101856,10,20,0,10.2983,31,,3000,3000,,0,0,0,2.58824
1613952373121,6,1010123456024,70,,1,0,24,1,2,,9.21327,844,183565,1.70064,241,0,5.83333,,0,0,0,0,0,0,0,0,0,,3000,3000,,0,0,0,0
1613952373371,6,1010123456024,70,,1,0,24,1,2,,10.8245,832,182619,1.98947,239,0,7.33333,,0,0,0,0,0,0,0,0,0,,3012,3012,,0,0,0,0
1613952373621,6,1010123456024,70,,1,0,24,1,2,,11.2074,834,182894,2.35274,241,0,5.83333,,0,0,0,0,0,0,0,0,0,,3000,3000,,0,0,0,0
1613952373871,6,1010123456024,70,,1,0,24,1,2,,9.99271,823,183973,1.82486,235,0,6,,15,8,0,0,2,100,0,0.635257,0,,2988,2988,,0,0,0,10
1613952374121,6,1010123456024,70,,1,0,24,1,2,,10.7617,835,182826,2.0032,240,0,6.33333,,15,8,0,0,2,100,0,2.37567,0,,3000,3000,,0,0,0,10
1613952374371,6,1010123456024,70,,1,0,24,1,2,,11.0176,852,184433,2.09562,244,0,6.42857,,0.1,7,0,0.1,2,0,0,2.35728,31,,3000,3000,,0,0,0,1
1613952374621,6,1010123456024,70,,1,0,24,1,2,,11.5238,819,183070,2.12966,236,0,6.83333,,0,0,0,0,0,0,0,0,0,,3000,3000,,0,0,0,0
1613952374871,6,1010123456024,70,,1,0,24,1,2,,10.262,832,182998,1.91949,240,0,6.16667,,0.1,35,0,0.1,10,10,0,3.49137,31,,3000,3000,,0,0,0,1.77143
1613952375121,6,1010123456024,70,,1,0,24,1,2,,11.7462,851,183825,2.25888,242,0,6.83333,,0,0,0,0,0,0,0,0,0,,3000,3000,,0,0,0,0
1613952375370,6,1010123456024,70,,1,0,24,1,2,,12.4198,848,184137,2.47971,241,0,6.85714,,0,0,0,0,0,0,0,0,0,,3000,3000,,0,0,0,0
1613952375621,6,1010123456024,70,,1,0,24,1,2,,11.4352,841,184045,2.13782,239,0,6.83333,,0,0,0,0,0,0,0,0,0,,3000,3000,,0,0,0,0
1613952375871,6,1010123456024,70,,1,0,24,1,2,,10.3755,823,183893,1.93939,238,0,6.33333,,0.1,39,0,0.1,11,45.4545,0,2.77041,31,,3012,3012,,0,0,0,5.76923
1613952376121,6,1010123456024,70,,1,0,24,1,2,,9.82974,834,183981,1.8193,237,0,6,,0.1,4,0,0,1,100,0,0.82184,0,,2988,2988,,0,0,0,10
1613952376371,6,1010123456024,70,,1,0,24,1,2,,11.105,838,183733,2.06243,239,0,6.42857,,0,0,0,0,0,0,0,0,0,,3000,3000,,0,0,0,0
1613952376621,6,1010123456024,70,,1,0,24,1,2,,10.1629,847,183617,1.86851,243,0,6,,0,0,0,0,0,0,0,0,0,,3000,3000,,0,0,0,0
1613952376871,6,1010123456024,70,,1,0,24,1,2,,9.87995,833,183649,1.81395,238,0,6.16667,,0.1,15,318,0.1,4,25,0,7.48211,31,,3000,3000,,0,0,0,3.86667
1613952377121,6,1010123456024,70,,1,0,24,1,2,,10.8438,832,183301,2.03651,241,0,6.33333,,6.78788,33,0,0.1,9,44.4444,0,3.98164,0,,3000,3000,,0,0,0,5.90909
1613952377371,6,1010123456024,70,,1,0,24,1,2,,9.41148,836,184290,1.76432,237,0,6.14286,,0,0,0,0,0,0,0,0,0,,3000,2994,,0,0,0,0
1613952377621,6,1010123456024,70,,1,0,24,1,2,,10.5668,838,183074,1.98973,239,0,6.33333,,0,0,0,0,0,0,0,0,0,,3000,3000,,0,0,0,0
1613952377871,6,1010123456024,70,,1,0,24,1,2,,8.05116,821,182929,1.51155,236,0,5.5,,0.1,8,0,0.1,2,50,0,1.34826,31,,3012,3012,,0,0,0,5.5
1613952378121,6,1010123456024,70,,1,0,24,1,2,,9.69045,827,183495,1.82998,239,0,6,,4.30769,26,0,0.1,7,14.2857,0,7.73048,0,,2988,2988,,0,0,0,2.38462
1613952378371,6,1010123456024,70,,1,0,24,1,2,,11.1531,849,183905,2.08515,241,0,6.71429,,0,0,0,0,0,0,0,0,0,,3000,3000,,0,0,0,0
1613952378621,6,1010123456024,70,,1,0,24,1,2,,9.7503,833,184151,1.83178,239,0,5.83333,,0,0,0,0,0,0,0,0,0,,3000,3000,,0,0,0,0
1613952378871,6,1010123456024,70,,1,0,24,1,2,,11.0845,840,183515,2.07315,242,0,6.5,,13,16,0,0,4,100,0,3.10577,0,,3000,2988,,0,0,0,10
1613952379121,6,1010123456024,70,,1,0,24,1,2,,10.6208,828,183164,1.96304,237,0,6.33333,,0,0,0,0,0,0,0,0,0,,2988,2988,,0,0,0,0
1613952379370,6,1010123456024,70,,1,0,24,1,2,,9.99883,853,183251,1.88893,245,0,5.85714,,4.4,25,0,0.1,8,62.5,0,8.80101,31,,3000,3000,,0,0,0,6.04
1613952379621,6,1010123456024,70,,1,0,24,1,2,,10.0851,846,183919,1.9937,243,0,5.66667,,0,0,0,0,0,0,0,0,0,,3000,3000,,0,0,0,0
1613952379871,6,1010123456024,70,,1,0,24,1,2,,9.88902,820,183589,1.83971,239,0,6.5,,0,6,0,0,2,100,0,0,0,,3012,3012,,0,0,0,0
1613952380121,6,1010123456024,70,,1,0,24,1,2,,10.956,841,183027,2.00368,239,0,6.33333,,0,6,0,0,2,100,0,0,0,,3000,3000,,0,0,0,0
1613952380371,6,1010123456024,70,,1,0,24,1,2,,10.5523,822,183401,1.92086,235,0,6,,0.1,7,0,0.1,2,0,0,2.5016,31,,2988,2988,,0,0,0,1
1613952380621,6,1010123456024,70,,1,0,24,1,2,,9.53597,834,183420,1.75754,239,0,5.83333,,0,0,0,0,0,0,0,0,0,,3000,3000,,0,0,0,0
1613952380871,6,1010123456024,70,,1,0,24,1,2,,11.6715,831,180577,2.1975,240,0,7.5,,14.9787,47,0,0.1,14,78.5714,0,4.9627,31,,3000,2994,,0,0,0,8.2766
1613952381121,6,1010123456024,70,,1,0,24,1,2,,11.8621,841,183628,2.42832,241,0,6.5,,16,4,0,0,1,100,0,0.101228,0,,3000,3000,,0,0,0,10
1613952381371,6,1010123456024,70,,1,0,24,1,2,,10.8341,832,183888,1.9928,239,0,6.42857,,0,0,0,0,0,0,0,0,0,,3000,3000,,0,0,0,0
1613952381621,6,1010123456024,70,,1,0,24,1,2,,9.99265,816,183773,1.82781,235,0,6,,0,0,0,0,0,0,0,0,0,,3000,3000,,0,0,0,0
1613952381871,6,1010123456024,70,,1,0,24,1,2,,11.4576,826,182975,2.16742,240,0,6.66667,,5.625,32,0,0.1,10,40,0,7.28911,31,,3000,3000,,0,0,0,4.375
1613952382121,6,1010123456024,70,,1,0,24,1,2,,10.0729,837,184069,1.87552,238,0,6.16667,,0,0,0,0,0,0,0,0,0,,3000,3000,,0,0,0,0
1613952382371,6,1010123456024,70,,1,0,24,1,2,,10.8833,840,183449,2.05584,241,0,6.28571,,0,0,0,0,0,0,0,0,0,,3012,3012,,0,0,0,0
1613952382621,6,1010123456024,70,,1,0,24,1,2,,10.0717,837,183891,1.83782,240,0,6.16667,,0,0,0,0,0,0,0,0,0,,3000,3000,,0,0,0,0
1613952382871,6,1010123456024,70,,1,0,24,1,2,,9.36198,826,183655,1.78314,239,0,5.66667,,3.7037,54,0,0.1,16,37.5,0,4.22457,31,,2988,2988,,0,0,0,4.24074
1613952383121,6,1010123456024,70,,1,0,24,1,2,,9.78947,836,183299,1.78835,238,0,6.33333,,0,0,0,0,0,0,0,0,0,,3000,2988,,0,0,0,0
1613952383371,6,1010123456024,70,,1,0,24,1,2,,10.1929,840,183488,1.96541,239,0,6.28571,,0,0,0,0,0,0,0,0,0,,3000,3000,,0,0,0,0
1613952383621,6,1010123456024,70,,1,0,24,1,2,,11.2952,857,184472,2.16346,244,0,6.5,,0,0,0,0,0,0,0,0,0,,3000,3000,,0,0,0,0
1613952383871,6,1010123456024,70,,1,0,24,1,2,,10.5762,800,183744,1.9344,234,0,6.5,,0,0,0,0,0,0,0,0,0,,3000,3000,,0,0,0,0
1613952384120,6,1010123456024,70,,1,0,24,1,2,,9.81595,815,182761,1.81089,236,0,6,,0.1,116,0,0.1,34,58.8235,0,1.91078,31,,3000,3000,,0,0,0,6.32759
1613952384371,6,1010123456024,70,,1,0,24,1,2,,11.0346,839,183174,2.09952,242,0,6.33333,,0,0,0,0,0,0,0,0,0,,3012,3012,,0,0,0,0
1613952384621,6,1010123456024,70,,1,0,24,1,2,,10.1412,843,183992,1.88688,241,0,6,,0,0,0,0,0,0,0,0,0,,2988,2988,,0,0,0,0
1613952384871,6,1010123456024,70,,1,0,24,1,2,,10.1986,836,183720,1.92544,242,0,6.33333,,0.1,39,0,0.1,11,27.2727,0,4.53697,31,,3012,3012,,0,0,0,3.64103
1613952385121,6,1010123456024,70,,1,0,24,1,2,,10.8263,829,183736,2.00966,238,0,6.33333,,0,0,0,0,0,0,0,0,0,,2988,2988,,0,0,0,0
1613952385371,6,1010123456024,70,,1,0,24,1,2,,10.3659,839,184147,1.94454,239,0,6.28571,,0,0,0,0,0,0,0,0,0,,3000,3000,,0,0,0,0
1613952385621,6,1010123456024,70,,1,0,24,1,2,,9.69988,843,183899,1.79382,241,0,6,,0,0,0,0,0,0,0,0,0,,3000,3000,,0,0,0,0
1613952385870,6,1010123456024,70,,1,0,24,1,2,,10.8744,828,183617,2.03235,237,0,6.33333,,5.29412,34,0,0.1,10,40,0,3.78679,31,,3000,3000,,0,0,0,4.29412
1613952386121,6,1010123456024,70,,1,0,24,1,2,,8.42701,822,184521,1.5479,236,0,5.66667,,0,0,0,0,0,0,0,0,0,,3000,3000,,0,0,0,0
1613952386371,6,1010123456024,70,,1,0,24,1,2,,9.86364,836,183989,1.85869,240,0,6,,0,0,0,0,0,0,0,0,0,,3000,3000,,0,0,0,0
1613952386620,6,1010123456024,70,,1,0,24,1,2,,8.36712,809,183644,1.52058,232,0,5.66667,,0,6,0,0.1,2,50,0,0,31,,3000,2994,,0,0,0,0
1613952386871,6,1010123456024,70,,1,0,24,1,2,,10.5552,834,183741,2.00941,240,0,6.5,,0.1,20,0,0,6,100,0,0.1,0,,3012,3006,,0,0,0,10
1613952387121,6,1010123456024,70,,1,0,24,1,2,,8.92806,834,184011,1.64966,236,0,5.66667,,0.1,34,0,0.1,10,20,0,1.39067,31,,2988,2988,,0,0,0,3.23529
1613952387371,6,1010123456024,70,,1,0,24,1,2,,10.2296,845,183104,1.88192,242,0,6.28571,,0,0,0,0,0,0,0,0,0,,3000,3000,,0,0,0,0
1613952387621,6,1010123456024,70,,1,0,24,1,2,,8.26634,811,184472,1.48774,232,0,5.5,,0,0,0,0,0,0,0,0,0,,3000,2988,,0,0,0,0
1613952387871,6,1010123456024,70,,1,0,24,1,2,,9.25877,827,183055,1.75034,238,0,5.83333,,12.2778,36,0,0.1,10,70,0,7.44114,31,,3000,2994,,0,0,0,7.25
1613952388121,6,1010123456024,70,,1,0,24,1,2,,11.5084,830,183581,2.1552,238,0,6.83333,,0,3,0,0,1,100,0,0,0,,3000,3000,,0,0,0,0
1613952388371,6,1010123456024,70,,1,0,24,1,2,,12.2555,822,178172,2.64189,237,0,7.5,,0,0,0,0,0,0,0,0,0,,3000,3000,,0,0,0,0
1613952388621,6,1010123456024,70,,1,0,24,1,2,,8.40072,831,184212,1.55011,237,0,5.5,,0,0,0,0,0,0,0,0,0,,3000,2994,,0,0,0,0
1613952388871,6,1010123456024,70,,1,0,24,1,2,,10.6381,818,183608,1.93478,238,0,6.33333,,1.84615,26,0,0.1,8,12.5,0,9.53509,31,,3012,3012,,0,0,0,2.15385
1613952389121,6,1010123456024,70,,1,0,24,1,2,,11.4549,831,184492,2.159,239,0,6.6,,0,0,0,0,0,0,0,0,0,,2988,2988,,0,0,0,0
1613952389371,6,1010123456024,70,,1,0,24,1,2,,12.296,848,184280,2.38598,242,0,6.85714,,0,0,0,0,0,0,0,0,0,,3000,3000,,0,0,0,0
1613952389621,6,1010123456024,70,,1,0,24,1,2,,9.27566,838,183386,1.76176,239,0,5.5,,0,0,0,0,0,0,0,0,0,,3000,3000,,0,0,0,0
1613952389871,6,1010123456024,70,,1,0,24,1,2,,9.22235,850,182914,1.74624,246,0,6,,0,12,0,0,4,100,0,0,0,,3000,3000,,0,0,0,0
1613952390121,6,1010123456024,70,,1,0,24,1,2,,10.5784,823,183174,1.90653,235,0,6.5,,0,0,0,0,0,0,0,0,0,,3000,3000,,0,0,0,0
1613952390371,6,1010123456024,70,,1,0,24,1,2,,11.1578,862,183377,2.15533,246,0,6.33333,,6.4,45,0,0.1,12,66.6667,0,4.38086,31,,3000,3000,,0,0,0,7.46667
1613952390621,6,1010123456024,70,,1,0,24,1,2,,11.068,838,183761,2.07376,241,0,6.66667,,0,0,0,0,0,0,0,0,0,,3000,3000,,0,0,0,0
1613952390870,6,1010123456024,70,,1,0,24,1,2,,10.6883,831,183965,2.02606,241,0,6.33333,,5.09434,53,0,0.1,15,33.3333,0,8.56507,31,,3000,3000,,0,0,0,4.33962
1613952391121,6,1010123456024,70,,1,0,24,1,2,,8.5579,855,183316,1.61936,245,0,5.5,,0,0,0,0,0,0,0,0,0,,3000,3000,,0,0,0,0
1613952391371,6,1010123456024,70,,1,0,24,1,2,,10.357,832,183053,1.92499,240,0,6.42857,,0,0,0,0,0,0,0,0,0,,3000,3000,,0,0,0,0
1613952391621,6,1010123456024,70,,1,0,24,1,2,,11.3139,825,184324,2.10307,237,0,6.5,,0,0,0,0,0,0,0,0,0,,3000,3000,,0,0,0,0
1613952391871,6,1010123456024,70,,1,0,24,1,2,,11.2319,841,183603,2.19222,243,0,6.66667,,0.1,7,0,0.1,2,50,0,0.848238,31,,3000,3000,,0,0,0,5.42857
1613952392121,6,1010123456024,70,,1,0,24,1,2,,10.9831,828,183483,2.03136,238,0,6.66667,,2.66667,21,0,0.1,6,0,0,14.7411,0,,3000,2994,,0,0,0,1
1613952392371,6,1010123456024,70,,1,0,24,1,2,,11.2624,846,183275,2.1472,244,0,6.71429,,0,0,0,0,0,0,0,0,0,,3000,3000,,0,0,0,0
1613952392621,6,1010123456024,70,,1,0,24,1,2,,10.6952,830,183777,2.07136,238,0,6.33333,,0,0,0,0,0,0,0,0,0,,3000,3000,,0,0,0,0
1613952392871,6,1010123456024,70,,1,0,24,1,2,,10.3829,828,183305,1.91488,240,0,6.33333,,15.8929,28,0,0.1,8,62.5,0,15.0256,31,,3000,3000,,0,0,0,6.78571
1613952393121,6,1010123456024,70,,1,0,24,1,2,,9.41677,835,183349,1.72515,239,0,5.83333,,0,0,0,0,0,0,0,0,0,,3000,3000,,0,0,0,0
1613952393371,6,1010123456024,70,,1,0,24,1,2,,10.9257,834,183305,2.04275,240,0,6.57143,,0,0,0,0,0,0,0,0,0,,3000,3000,,0,0,0,0
1613952393621,6,1010123456024,70,,1,0,24,1,2,,11.1344,848,183929,2.14269,243,0,6.5,,0,0,0,0,0,0,0,0,0,,3000,3000,,0,0,0,0
1613952393871,6,1010123456024,70,,1,0,24,1,2,,10.2355,828,183545,1.92915,238,0,6.33333,,15,8,0,0,2,100,0,0.509919,0,,3000,2988,,0,0,0,10
1613952394121,6,1010123456024,70,,1,0,24,1,2,,10.7624,829,183925,1.9968,240,0,6.33333,,15,7,0,0,2,100,0,2.71703,0,,3000,3000,,0,0,0,10
1613952394370,6,1010123456024,70,,1,0,24,1,2,,10.6215,848,183805,1.97391,242,0,6.14286,,0.1,16,0,0.1,5,40,0,1.12664,31,,3000,3000,,0,0,0,4.875
1613952394621,6,1010123456024,70,,1,0,24,1,2,,9.23903,820,182921,1.70912,234,0,6,,0,0,0,0,0,0,0,0,0,,3000,3000,,0,0,0,0
1613952394871,6,1010123456024,70,,1,0,24,1,2,,9.93054,835,183884,1.84307,240,0,6.16667,,0.1,27,0,0.1,8,12.5,0,4.74813,31,,3000,3000,,0,0,0,3.51852
1613952395121,6,1010123456024,70,,1,0,24,1,2,,11.0659,850,184124,2.09763,243,0,6.5,,0,0,0,0,0,0,0,0,0,,3000,3000,,0,0,0,0
1613952395371,6,1010123456024,70,,1,0,24,1,2,,11.4501,842,184088,2.14656,240,0,6.71429,,0,0,0,0,0,0,0,0,0,,3012,3012,,0,0,0,0
1613952395621,6,1010123456024,70,,1,0,24,1,2,,10.1394,825,184016,1.87405,236,0,6,,0,0,0,0,0,0,0,0,0,,2988,2988,,0,0,0,0
1613952395871,6,1010123456024,70,,1,0,24,1,2,,11.912,818,180809,2.22362,240,0,7.33333,,9.52326,86,0,0.1,25,72,0,3.07427,31,,3000,3000,,0,0,0,7.40698
1613952396121,6,1010123456024,70,,1,0,24,1,2,,12.4156,818,183952,2.51302,236,0,6.83333,,0,0,0,0,0,0,0,0,0,,3000,3000,,0,0,0,0
1613952396371,6,1010123456024,70,,1,0,24,1,2,,13.437,833,180137,2.81542,238,0,7.42857,,0,0,0,0,0,0,0,0,0,,3000,3000,,0,0,0,0
1613952396621,6,1010123456024,70,,1,0,24,1,2,,10.9883,852,183627,2.09456,243,0,6.33333,,0,0,0,0,0,0,0,0,0,,3000,3000,,0,0,0,0
1613952396871,6,1010123456024,70,,1,0,24,1,2,,9.43971,821,183795,1.72672,236,0,5.83333,,8.57143,7,0,0.1,2,50,0,10.8422,31,,3000,3000,,0,0,0,6.14286
1613952397121,6,1010123456024,70,,1,0,24,1,2,,10.0842,843,183476,1.88672,240,0,6.16667,,4.61538,39,0,0.1,11,72.7273,0,3.37568,0,,3000,3000,,0,0,0,7.46154
1613952397371,6,1010123456024,70,,1,0,24,1,2,,12.0785,841,181141,2.29747,240,0,6.71429,,0,0,0,0,0,0,0,0,0,,3012,3012,,0,0,0,0
1613952397621,6,1010123456024,70,,1,0,24,1,2,,12.8239,846,183302,2.71494,240,0,7.33333,,0,0,0,0,0,0,0,0,0,,2988,2988,,0,0,0,0
1613952397871,6,1010123456024,70,,1,0,24,1,2,,10.7158,827,183522,2.00099,235,0,6.5,,0,6,0,0,2,100,0,0,0,,3000,3000,,0,0,0,0
1613952398121,6,1010123456024,70,,1,0,24,1,2,,9.5773,828,183043,1.79475,238,0,6,,0.1,79,0,0.1,23,47.8261,0,1.3246,31,,3000,3000,,0,0,0,5.50633
1613952398371,6,1010123456024,70,,1,0,24,1,2,,11.0923,834,183881,2.07616,240,0,6.57143,,0,0,0,0,0,0,0,0,0,,3000,3000,,0,0,0,0
1613952398621,6,1010123456024,70,,1,0,24,1,2,,11.8731,843,183565,2.29293,242,0,7,,0,0,0,0,0,0,0,0,0,,3000,3000,,0,0,0,0
1613952398871,6,1010123456024,70,,1,0,24,1,2,,9.74356,776,183276,1.78854,228,0,5.66667,,0,6,0,0,2,100,0,0,0,,3000,2994,,0,0,0,0
1613952399121,6,1010123456024,70,,1,0,24,1,2,,10.8577,836,183398,2.01955,239,0,6.66667,,0.1,28,0,0.1,8,0,0,1.78589,31,,3000,3000,,0,0,0,1
1613952399370,6,1010123456024,70,,1,0,24,1,2,,9.66904,843,183439,1.82275,241,0,6,,0,0,0,0,0,0,0,0,0,,3000,3000,,0,0,0,0
1613952399621,6,1010123456024,70,,1,0,24,1,2,,10.4808,834,183138,1.95216,237,0,6.16667,,0,0,0,0,0,0,0,0,0,,3000,3000,,0,0,0,0
1613952399871,6,1010123456024,70,,1,0,24,1,2,,9.51016,837,183805,1.79427,243,0,6.16667,,0.1,19,0,0,6,100,0,0.829608,0,,3012,3012,,0,0,0,10
1613952400121,6,1010123456024,70,,1,0,24,1,2,,11.0106,846,183425,2.05616,239,0,6.5,,0.1,65,0,0.1,19,31.5789,0,2.48498,31,,2988,2988,,0,0,0,3.83077
1613952400371,6,1010123456024,70,,1,0,24,1,2,,10.6,845,183769,1.95062,241,0,6.14286,,0,0,0,0,0,0,0,0,0,,3000,3000,,0,0,0,0
1613952400621,6,1010123456024,70,,1,0,24,1,2,,13.2078,847,184233,2.81494,243,0,7.5,,0,0,0,0,0,0,0,0,0,,3000,3000,,0,0,0,0
1613952400872,6,1010123456024,70,,1,0,24,1,2,,10.8719,835,183478,2.02853,241,0,6.5,,0.648649,74,0,0.1,22,50,0,1.73956,31,,3024,3018,,0,0,0,5.48649
1613952401121,6,1010123456024,70,,1,0,24,1,2,,11.5086,816,183804,2.1401,235,0,6.83333,,4.8,10,0,0.1,3,33.3333,0,5.16649,31,,2976,2976,,0,0,0,4.9
1613952401371,6,1010123456024,70,,1,0,24,1,2,,10.6707,826,184156,1.96,238,0,6.14286,,0,0,0,0,0,0,0,0,0,,3000,3000,,0,0,0,0
1613952401621,6,1010123456024,70,,1,0,24,1,2,,10.6397,841,183516,2.04205,242,0,6.4,,0,0,0,0,0,0,0,0,0,,3000,3000,,0,0,0,0
1613952401871,6,1010123456024,70,,1,0,24,1,2,,10.2123,848,183936,1.88067,243,0,6.16667,,0,5,0,0,2,100,0,0,0,,3000,3000,,0,0,0,0
1613952402121,6,1010123456024,70,,1,0,24,1,2,,8.51138,835,183418,1.61152,238,0,5.66667,,0.1,55,0,0.1,16,31.25,0,1.57995,31,,3000,2994,,0,0,0,3.89091
1613952402371,6,1010123456024,70,,1,0,24,1,2,,10.0024,833,182900,1.85174,239,0,6.16667,,0,0,0,0,0,0,0,0,0,,3000,3000,,0,0,0,0
1613952402621,6,1010123456024,70,,1,0,24,1,2,,11.1493,817,183917,2.10726,236,0,6.16667,,0,0,0,0,0,0,0,0,0,,3000,3000,,0,0,0,0
1613952402871,6,1010123456024,70,,1,0,24,1,2,,8.8561,820,183601,1.59949,236,0,6,,3.68182,44,0,0.1,13,15.3846,0,11.8575,31,,3000,2988,,0,0,0,2.22727
1613952403121,6,1010123456024,70,,1,0,24,1,2,,10.2189,827,183581,1.88886,239,0,6,,0,0,0,0,0,0,0,0,0,,3000,3000,,0,0,0,0
1613952403371,6,1010123456024,70,,1,0,24,1,2,,11.4262,847,183881,2.18096,243,0,6.71429,,0,0,0,0,0,0,0,0,0,,3000,3000,,0,0,0,0
1613952403621,6,1010123456024,70,,1,0,24,1,2,,10.4788,827,184340,1.97882,238,0,6.4,,0,0,0,0,0,0,0,0,0,,3000,3000,,0,0,0,0
1613952403871,6,1010123456024,70,,1,0,24,1,2,,9.53325,827,183201,1.78483,240,0,5.83333,,11.1304,46,0,0.1,14,57.1429,0,9.25798,31,,3000,2994,,0,0,0,5.69565
1613952404121,6,1010123456024,70,,1,0,24,1,2,,9.49505,808,183348,1.7225,232,0,6,,0,0,0,0,0,0,0,0,0,,3000,3000,,0,0,0,0
1613952404371,6,1010123456024,70,,1,0,24,1,2,,10.4945,817,184161,1.93571,235,0,6.42857,,0,0,0,0,0,0,0,0,0,,2988,2988,,0,0,0,0
1613952404621,6,1010123456024,70,,1,0,24,1,2,,10.4737,817,183480,1.93085,235,0,6.33333,,0,0,0,0,0,0,0,0,0,,3000,3000,,0,0,0,0
1613952404871,6,1010123456024,70,,1,0,24,1,2,,10.7146,820,183468,1.96275,236,0,6.33333,,0.1,8,84,0.1,2,50,0,1.4139,31,,3000,3000,,0,0,0,5.5
1613952405121,6,1010123456024,70,,1,0,24,1,2,,11.227,837,183189,2.10704,241,0,6.6,,0.1,71,0,0.1,21,42.8571,0,2.68581,31,,2988,2988,,0,0,0,4.92958
1613952405371,6,1010123456024,70,,1,0,24,1,2,,10.3696,836,183824,1.94394,240,0,6.14286,,0,0,0,0,0,0,0,0,0,,3000,3000,,0,0,0,0
1613952405621,6,1010123456024,70,,1,0,24,1,2,,10.8982,835,183400,2.04317,241,0,6.33333,,0,0,0,0,0,0,0,0,0,,3000,3000,,0,0,0,0
1613952405871,6,1010123456024,70,,1,0,24,1,2,,10.4538,822,176016,1.96768,238,0,7.16667,,0,0,0,0,0,0,0,0,0,,3000,3000,,0,0,0,0
1613952406121,6,1010123456024,70,,1,0,24,1,2,,11.4105,838,184283,2.49459,242,0,6,,2.31111,90,0,0.1,26,46.1538,0,2.39755,31,,3000,3000,,0,0,0,5.57778
1613952406371,6,1010123456024,70,,1,0,24,1,2,,9.36024,830,182914,1.75053,240,0,6.33333,,0,0,0,0,0,0,0,0,0,,3012,3012,,0,0,0,0
1613952406621,6,1010123456024,70,,1,0,24,1,2,,10.101,832,184413,1.82326,237,0,6,,0,0,0,0,0,0,0,0,0,,3000,3000,,0,0,0,0
1613952406871,6,1010123456024,70,,1,0,24,1,2,,9.90766,823,183256,1.8528,240,0,6.16667,,10.9524,21,0,0.1,6,66.6667,0,11.9349,31,,2988,2982,,0,0,0,6.57143
1613952407121,6,1010123456024,70,,1,0,24,1,2,,11.6829,823,183424,2.19558,236,0,6.8,,0,0,0,0,0,0,0,0,0,,3000,3000,,0,0,0,0
1613952407371,6,1010123456024,70,,1,0,24,1,2,,10.9833,837,183244,2.06582,241,0,6.42857,,0,0,0,0,0,0,0,0,0,,3000,3000,,0,0,0,0
1613952407621,6,1010123456024,70,,1,0,24,1,2,,9.74631,812,183492,1.7911,232,0,6,,0,0,0,0,0,0,0,0,0,,3000,3000,,0,0,0,0
1613952407871,6,1010123456024,70,,1,0,24,1,2,,10.5362,843,183596,1.98586,242,0,6.5,,0.1,8,100,0.1,2,50,0,0.769272,31,,3000,3000,,0,0,0,6.5
1613952408121,6,1010123456024,70,,1,0,24,1,2,,9.31917,824,184058,1.75792,239,0,6,,0.1,38,0,0.1,12,41.6667,0,2.85457,0,,3000,3000,,0,0,0,4.94737
1613952408371,6,1010123456024,70,,1,0,24,1,2,,11.6244,828,183726,2.20109,240,0,6.83333,,0,0,0,0,0,0,0,0,0,,3012,3012,,0,0,0,0
1613952408621,6,1010123456024,70,,1,0,24,1,2,,10.4982,823,183454,1.97558,237,0,6.16667,,0,0,0,0,0,0,0,0,0,,2988,2988,,0,0,0,0
1613952408871,6,1010123456024,70,,1,0,24,1,2,,9.88741,826,183579,1.86774,239,0,6,,0,6,0,0,2,100,0,0,0,,3000,3000,,0,0,0,0
1613952409121,6,1010123456024,70,,1,0,24,1,2,,9.15796,804,184143,1.69565,233,0,5.66667,,0,6,0,0,2,100,0,0,0,,3000,3000,,0,0,0,0
1613952409371,6,1010123456024,70,,1,0,24,1,2,,12.648,804,170324,2.87373,232,0,6.16667,,0.1,7,0,0.1,2,0,0,2.46293,31,,3000,3000,,0,0,0,3.28571
1613952409621,6,1010123456024,70,,1,0,24,1,2,,9.20553,832,183316,1.74029,240,0,6.16667,,0,0,0,0,0,0,0,0,0,,3000,3000,,0,0,0,0
1613952409871,6,1010123456024,70,,1,0,24,1,2,,10.7829,797,176168,1.97779,234,0,7.6,,4.4,15,0,0.1,5,0,0,11.2615,31,,3000,3000,,0,0,0,1.26667
1613952410121,6,1010123456024,70,,1,0,24,1,2,,10.2097,849,183106,2.22579,242,0,5.66667,,0,0,0,0,0,0,0,0,0,,3000,3000,,0,0,0,0
1613952410371,6,1010123456024,70,,1,0,24,1,2,,10.7607,840,183413,1.99117,240,0,6.28571,,0,0,0,0,0,0,0,0,0,,3000,3000,,0,0,0,0
1613952410621,6,1010123456024,70,,1,0,24,1,2,,11.41,844,183006,2.16374,241,0,6.75,,0,0,0,0,0,0,0,0,0,,3000,3000,,0,0,0,0
1613952410871,6,1010123456024,70,,1,0,24,1,2,,11,847,183285,2.16035,243,0,6.5,,0,11,0,0,4,100,0,0,0,,3000,3000,,0,0,0,0
1613952411121,6,1010123456024,70,,1,0,24,1,2,,10.867,842,183641,2.02416,239,0,6.66667,,0,0,0,0,0,0,0,0,0,,3000,3000,,0,0,0,0
1613952411371,6,1010123456024,70,,1,0,24,1,2,,9.9253,830,184301,1.79776,236,0,6,,0.1,30,0,0.1,9,11.1111,0,1.55104,31,,3000,3000,,0,0,0,2
1613952411621,6,1010123456024,70,,1,0,24,1,2,,11.5107,842,183293,2.16819,240,0,6.83333,,0,0,0,0,0,0,0,0,0,,3000,3000,,0,0,0,0
1613952411871,6,1010123456024,70,,1,0,24,1,2,,10.6053,831,182818,2.0183,240,0,6.16667,,0.1,51,0,0.1,15,40,0,3.09415,31,,3000,3000,,0,0,0,4.88235
1613952412121,6,1010123456024,70,,1,0,24,1,2,,10.8706,827,183365,1.94899,234,0,6.5,,0,0,0,0,0,0,0,0,0,,3000,3000,,0,0,0,0
1613952412371,6,1010123456024,70,,1,0,24,1,2,,11.5556,828,183949,2.19216,237,0,6.71429,,0,0,0,0,0,0,0,0,0,,3000,3000,,0,0,0,0
1613952412621,6,1010123456024,70,,1,0,24,1,2,,10.9557,836,184382,2.06982,238,0,6.16667,,0,0,0,0,0,0,0,0,0,,3000,3000,,0,0,0,0
1613952412871,6,1010123456024,70,,1,0,24,1,2,,9.98164,817,183133,1.78358,237,0,6.16667,,15,8,0,0,2,100,0,1.92742,0,,3012,3012,,0,0,0,10
1613952413121,6,1010123456024,70,,1,0,24,1,2,,10.6765,850,183865,1.97136,241,0,6.4,,15,8,0,0,2,100,0,3.03751,0,,2988,2988,,0,0,0,10
1613952413371,6,1010123456024,70,,1,0,24,1,2,,10.8109,841,183809,2.01302,239,0,6.28571,,0.1,11,0,0.1,3,33.3333,0,1.53994,31,,2988,2988,,0,0,0,4.81818
1613952413621,6,1010123456024,70,,1,0,24,1,2,,10.5847,838,183247,2.03939,239,0,6,,0,0,0,0,0,0,0,0,0,,3000,3000,,0,0,0,0
1613952413870,6,1010123456024,70,,1,0,24,1,2,,8.2266,812,182808,1.50638,235,0,6,,3.19444,36,0,0.1,12,8.33333,0,11.3371,31,,3000,2988,,0,0,0,1.5
1613952414121,6,1010123456024,70,,1,0,24,1,2,,11.0431,836,184067,2.07798,241,0,6.33333,,0,0,0,0,0,0,0,0,0,,3000,3000,,0,0,0,0
1613952414371,6,1010123456024,70,,1,0,24,1,2,,11.2048,830,183927,2.08618,241,0,6.5,,0,0,0,0,0,0,0,0,0,,3000,3000,,0,0,0,0
1613952414621,6,1010123456024,70,,1,0,24,1,2,,10.8422,843,183441,2.13085,241,0,6,,0,0,0,0,0,0,0,0,0,,3000,3000,,0,0,0,0
1613952414871,6,1010123456024,70,,1,0,24,1,2,,9.28957,815,182986,1.64048,237,0,6.16667,,13,13,0,0,4,100,0,3.72333,0,,3000,3000,,0,0,0,10
1613952415120,6,1010123456024,70,,1,0,24,1,2,,9.35645,822,183573,1.81382,239,0,5.66667,,0,0,0,0,0,0,0,0,0,,3000,3000,,0,0,0,0
1613952415371,6,1010123456024,70,,1,0,24,1,2,,7.01483,809,183036,1.38678,233,0,5.66667,,0.1,16,0,0,4,100,0,1.1055,0,,3000,3000,,0,0,0,10
1613952415621,6,1010123456024,70,,1,0,24,1,2,,8.57778,810,183426,1.54806,233,0,5.5,,0,0,0,0,0,0,0,0,0,,3000,2994,,0,0,0,0
1613952415871,6,1010123456024,70,,1,0,24,1,2,,9.45697,825,183901,1.74269,239,0,6,,0,0,0,0,0,0,0,0,0,,3000,3000,,0,0,0,0
1613952416121,6,1010123456024,70,,1,0,24,1,2,,11.5786,840,184125,2.20118,239,0,6.66667,,0.1,37,0,0.1,11,27.2727,0,1.44052,31,,3000,3000,,0,0,0,3.51351
1613952416371,6,1010123456024,70,,1,0,24,1,2,,10.7868,849,183833,2.00211,242,0,6.42857,,0,0,0,0,0,0,0,0,0,,3000,3000,,0,0,0,0
1613952416621,6,1010123456024,70,,1,0,24,1,2,,13.0874,824,178401,2.8696,237,0,7.66667,,0,0,0,0,0,0,0,0,0,,3000,3000,,0,0,0,0
1613952416871,6,1010123456024,70,,1,0,24,1,2,,11.5442,825,182492,2.17962,241,0,7,,14.7619,84,0,0.20656,26,76.9231,0,7.26786,31,,3000,3000,,0,0,0,7.59921
1613952417120,6,1010123456024,70,,1,0,24,1,2,,10.6826,838,182958,2.13639,239,0,6.33333,,0,5,0,0,2,100,0,0,0,,3000,3000,,0,0,0,0
1613952417371,6,1010123456024,70,,1,0,24,1,2,,11.7892,811,183921,2.50701,234,0,6.85714,,0,0,0,0,0,0,0,0,0,,3000,3000,,0,0,0,0
1613952417621,6,1010123456024,70,,1,0,24,1,2,,11.4219,851,184425,2.1825,243,0,6.83333,,0,0,0,0,0,0,0,0,0,,3000,3000,,0,0,0,0
1613952417871,6,1010123456024,70,,1,0,24,1,2,,11.6081,819,179711,2.14723,237,0,7,,15.321,81,137025,0.1,27,92.5926,0,3.13208,31,,3000,3000,,0,0,0,9.2716
1613952418121,6,1010123456024,70,,1,0,24,1,2,,11.5888,822,184129,2.34442,239,0,6.4,,8.97561,41,0,0.1,14,85.7143,0,0.99649,31,,3000,3000,,0,0,0,9.41463
1613952418371,6,1010123456024,70,,1,0,24,1,2,,10.7988,835,183261,2.04035,241,0,6.28571,,0,0,0,0,0,0,0,0,0,,3000,3000,,0,0,0,0
1613952418621,6,1010123456024,70,,1,0,24,1,2,,10.0427,844,183905,1.89062,242,0,6.33333,,0,0,0,0,0,0,0,0,0,,3000,3000,,0,0,0,0
1613952418871,6,1010123456024,70,,1,0,24,1,2,,10.165,824,182954,1.85254,240,0,6.16667,,0.1,68,0,0.1,21,61.9048,0,2.38076,31,,3000,3000,,0,0,0,6.60294
1613952419121,6,1010123456024,70,,1,0,24,1,2,,13.7096,823,178269,2.8351,235,0,7.66667,,0.1,20,0,0.1,6,83.3333,0,0.72121,0,,3000,3000,,0,0,0,9
1613952419371,6,1010123456024,70,,1,0,24,1,2,,9.50668,823,184120,1.82938,236,0,6,,0,0,0,0,0,0,0,0,0,,3000,2994,,0,0,0,0
1613952419621,6,1010123456024,70,,1,0,24,1,2,,9.63081,818,182748,1.73334,235,0,6,,0,0,0,0,0,0,0,0,0,,3000,3000,,0,0,0,0
1613952419871,6,1010123456024,70,,1,0,24,1,2,,8.95947,839,183613,1.65987,239,0,5.66667,,0.1,8,257,0.1,2,50,0,1.35646,31,,3000,3000,,0,0,0,5.5
1613952420121,6,1010123456024,70,,1,0,24,1,2,,10.8182,847,183489,2.01206,241,0,6.33333,,0.1,24,0,0.1,7,0,0,1.78173,0,,3000,3000,,0,0,0,1
1613952420371,6,1010123456024,70,,1,0,24,1,2,,10.0704,838,182955,1.87398,238,0,6.28571,,0,0,0,0,0,0,0,0,0,,3000,3000,,0,0,0,0
1613952420621,6,1010123456024,70,,1,0,24,1,2,,12.7553,842,183794,2.48602,240,0,7.5,,0,0,0,0,0,0,0,0,0,,3000,3000,,0,0,0,0
1613952420871,6,1010123456024,70,,1,0,24,1,2,,11.4298,840,183709,2.14883,239,0,6.66667,,8,7,146400,0.1,2,0,0,23.4015,31,,3000,3000,,0,0,0,1
1613952421121,6,1010123456024,70,,1,0,24,1,2,,10.6268,828,183151,2.20877,240,0,6.5,,14.4337,83,0,0.115456,27,88.8889,0,2.97867,0,,3000,3000,,0,0,0,8.97992
1613952421371,6,1010123456024,70,,1,0,24,1,2,,11.0902,854,183774,2.09085,243,0,6.42857,,0,0,0,0,0,0,0,0,0,,3000,3000,,0,0,0,0
1613952421621,6,1010123456024,70,,1,0,24,1,2,,10.7621,824,183430,2.02154,237,0,6.5,,0,0,0,0,0,0,0,0,0,,3000,3000,,0,0,0,0
1613952421871,6,1010123456024,70,,1,0,24,1,2,,10.6735,827,182822,1.98486,239,0,6.2,,14.5417,48,0,0.1,14,78.5714,0,5.42586,31,,3000,3000,,0,0,0,7.9375
1613952422121,6,1010123456024,70,,1,0,24,1,2,,10.5766,836,183757,1.93619,238,0,6.2,,0,3,0,0,1,100,0,0,0,,3000,3000,,0,0,0,0
1613952422371,6,1010123456024,70,,1,0,24,1,2,,9.51856,835,184006,1.7623,238,0,6.14286,,0,0,0,0,0,0,0,0,0,,3000,2994,,0,0,0,0
1613952422621,6,1010123456024,70,,1,0,24,1,2,,10.3478,828,183812,1.92742,236,0,6.16667,,0,0,0,0,0,0,0,0,0,,3000,3000,,0,0,0,0
1613952422871,6,1010123456024,70,,1,0,24,1,2,,9.96099,846,182905,1.85955,243,0,6,,6.31579,38,0,0.1,11,36.3636,0,4.40249,31,,3000,3000,,0,0,0,4.78947
1613952423121,6,1010123456024,70,,1,0,24,1,2,,10.0584,822,183804,1.82358,235,0,6.16667,,0,0,0,0,0,0,0,0,0,,3000,3000,,0,0,0,0
1613952423371,6,1010123456024,70,,1,0,24,1,2,,10.3089,845,183837,2.51091,242,0,6,,0,0,0,0,0,0,0,0,0,,3000,3000,,0,0,0,0
1613952423621,6,1010123456024,70,,1,0,24,1,2,,10.7906,826,183963,2.05306,238,0,6.16667,,0,0,0,0,0,0,0,0,0,,3000,3000,,0,0,0,0
1613952423871,6,1010123456024,70,,1,0,24,1,2,,10,815,183839,1.82394,238,0,6.5,,5.14286,7,0,0.1,2,50,0,8.24143,31,,3000,3000,,0,0,0,4.85714
1613952424121,6,1010123456024,70,,1,0,24,1,2,,10.8607,840,184371,2.0569,242,0,6.33333,,2.84211,38,0,0.1,11,63.6364,0,4.05938,31,,3000,3000,,0,0,0,6.92105
1613952424371,6,1010123456024,70,,1,0,24,1,2,,9.9903,825,183379,1.8393,238,0,6.28571,,0,0,0,0,0,0,0,0,0,,3000,3000,,0,0,0,0
1613952424621,6,1010123456024,70,,1,0,24,1,2,,11.3862,826,183793,2.13523,238,0,6.6,,0,0,0,0,0,0,0,0,0,,3000,2994,,0,0,0,0
1613952424871,6,1010123456024,70,,1,0,24,1,2,,9.05584,788,184305,1.70378,235,0,5.66667,,0,3,329,0.1,1,0,0,0,31,,3000,3000,,0,0,0,0
1613952425121,6,1010123456024,70,,1,0,24,1,2,,7.99758,825,183846,1.52486,240,0,5.5,,6.48276,29,0,0.1,9,44.4444,0,4.20289,31,,3000,3000,,0,0,0,5.13793
1613952425371,6,1010123456024,70,,1,0,24,1,2,,11.024,835,184173,2.05146,240,0,6.14286,,0,0,0,0,0,0,0,0,0,,3000,3000,,0,0,0,0
1613952425621,6,1010123456024,70,,1,0,24,1,2,,10.211,839,183837,1.94301,243,0,6.33333,,0,0,0,0,0,0,0,0,0,,3000,3000,,0,0,0,0
1613952425871,6,1010123456024,70,,1,0,24,1,2,,10.7743,824,183190,1.96138,237,0,6.5,,0.1,10,495,0.1,3,0,0,0.628885,31,,3000,3000,,0,0,0,1.9
1613952426121,6,1010123456024,70,,1,0,24,1,2,,11.1315,829,183977,2.08518,238,0,6.5,,8,30,0,0.1,8,50,0,5.37434,0,,3000,3000,,0,0,0,5.8
1613952426371,6,1010123456024,70,,1,0,24,1,2,,11.47,832,183669,2.14704,239,0,6.71429,,0,0,0,0,0,0,0,0,0,,3000,3000,,0,0,0,0
1613952426621,6,1010123456024,70,,1,0,24,1,2,,9.82771,830,182877,1.80586,237,0,6,,0,0,0,0,0,0,0,0,0,,3000,2994,,0,0,0,0
1613952426871,6,1010123456024,70,,1,0,24,1,2,,10.5127,829,183836,2.02493,239,0,6.16667,,0.583333,48,0,0.1,14,28.5714,0,6.22729,31,,3000,2994,,0,0,0,3.4375
1613952427121,6,1010123456024,70,,1,0,24,1,2,,10.1901,831,183018,1.86301,239,0,6.33333,,0,0,0,0,0,0,0,0,0,,3000,3000,,0,0,0,0
1613952427371,6,1010123456024,70,,1,0,24,1,2,,8.19093,838,183497,1.5352,239,0,5.42857,,0,0,0,0,0,0,0,0,0,,3000,3000,,0,0,0,0
1613952427621,6,1010123456024,70,,1,0,24,1,2,,10.4771,830,183486,1.95814,236,0,5.83333,,0,0,0,0,0,0,0,0,0,,3000,3000,,0,0,0,0
1613952427871,6,1010123456024,70,,1,0,24,1,2,,10.6495,833,183765,1.9977,240,0,7,,0.1,7,120,0.1,2,50,0,1.60748,31,,3000,3000,,0,0,0,6.14286
1613952428121,6,1010123456024,70,,1,0,24,1,2,,11.0542,831,183677,2.05978,236,0,6.5,,2,24,0,0.1,7,28.5714,0,7.48881,0,,3000,3000,,0,0,0,4.04167
1613952428371,6,1010123456024,70,,1,0,24,1,2,,9.96739,828,183561,1.81347,235,0,6.14286,,0,0,0,0,0,0,0,0,0,,2988,2988,,0,0,0,0
1613952428621,6,1010123456024,70,,1,0,24,1,2,,11.0744,833,184005,2.05686,237,0,6.5,,0,0,0,0,0,0,0,0,0,,3000,3000,,0,0,0,0
1613952428871,6,1010123456024,70,,1,0,24,1,2,,10.9701,837,182950,2.02445,240,0,6.5,,0,0,0,0,0,0,0,0,0,,3000,3000,,0,0,0,0
1613952429121,6,1010123456024,70,,1,0,24,1,2,,8.01925,831,184240,1.54582,239,0,5.33333,,15,14,0,0,4,100,0,0.831168,0,,3000,3000,,0,0,0,10
1613952429371,6,1010123456024,70,,1,0,24,1,2,,9.85593,826,183948,1.82982,238,0,6.28571,,0.1,18,0,0.1,5,40,0,1.1771,31,,3000,3000,,0,0,0,6.16667
1613952429621,6,1010123456024,70,,1,0,24,1,2,,10.4514,802,184352,1.87914,231,0,6.5,,0,0,0,0,0,0,0,0,0,,3000,3000,,0,0,0,0
1613952429871,6,1010123456024,70,,1,0,24,1,2,,9.11505,817,183312,1.68909,236,0,5.66667,,0.1,11,247,0.1,3,33.3333,0,0.724507,31,,3000,3000,,0,0,0,4.54545
1613952430121,6,1010123456024,70,,1,0,24,1,2,,10.8396,823,184016,1.97222,236,0,6.33333,,4,35,0,0.1,12,41.6667,0,10.0595,31,,3000,3000,,0,0,0,4.34286
1613952430371,6,1010123456024,70,,1,0,24,1,2,,10.4335,842,183912,1.9585,239,0,6.28571,,0,0,0,0,0,0,0,0,0,,3000,3000,,0,0,0,0
1613952430621,6,1010123456024,70,,1,0,24,1,2,,9.34906,848,184002,1.7887,242,0,5.83333,,0,0,0,0,0,0,0,0,0,,3000,2994,,0,0,0,0
1613952430871,6,1010123456024,70,,1,0,24,1,2,,12.0267,823,182867,2.27514,242,0,7.33333,,15.12,75,0,0.120512,24,83.3333,0,4.55927,31,,3000,2988,,0,0,0,8.56
1613952431121,6,1010123456024,70,,1,0,24,1,2,,12.0166,842,183087,2.40947,240,0,6.66667,,0,3,0,0,1,100,0,0,0,,3000,3000,,0,0,0,0
1613952431371,6,1010123456024,70,,1,0,24,1,2,,11.0679,854,183354,2.09149,243,0,6.42857,,0,0,0,0,0,0,0,0,0,,3000,3000,,0,0,0,0
1613952431621,6,1010123456024,70,,1,0,24,1,2,,11.5203,836,184466,2.14726,238,0,6.83333,,0,0,0,0,0,0,0,0,0,,3000,3000,,0,0,0,0
1613952431871,6,1010123456024,70,,1,0,24,1,2,,9.92469,810,183314,1.82496,234,0,6.16667,,0.1,14,0,0,4,100,0,0.412823,0,,3000,2994,,0,0,0,10
1613952432121,6,1010123456024,70,,1,0,24,1,2,,13.6804,848,183665,2.9033,240,0,7.66667,,0,0,0,0,0,0,0,0,0,,3000,3000,,0,0,0,0
1613952432371,6,1010123456024,70,,1,0,24,1,2,,13.6711,836,183585,2.88736,238,0,7.42857,,7.72414,29,0,0.1,8,50,0,5.98216,31,,3000,3000,,0,0,0,5.96552
1613952432621,6,1010123456024,70,,1,0,24,1,2,,13.5585,829,183829,2.69357,238,0,7.5,,0,0,0,0,0,0,0,0,0,,3000,3000,,0,0,0,0
1613952432871,6,1010123456024,70,,1,0,24,1,2,,8.38946,778,183134,1.54035,228,0,5.66667,,8.35849,53,0,0.1,17,64.7059,0,6.438,31,,3000,2982,,0,0,0,6.9434
1613952433121,6,1010123456024,70,,1,0,24,1,2,,9.18636,821,183629,1.6945,237,0,6,,4.35556,45,0,0.1,15,93.3333,0,0.675666,31,,3000,2994,,0,0,0,9.6
1613952433371,6,1010123456024,70,,1,0,24,1,2,,9.79527,845,184505,1.84819,244,0,6.14286,,0,0,0,0,0,0,0,0,0,,3000,3000,,0,0,0,0
1613952433621,6,1010123456024,70,,1,0,24,1,2,,10.6909,812,183473,2.10003,238,0,6.33333,,0,0,0,0,0,0,0,0,0,,3000,3000,,0,0,0,0
1613952433871,6,1010123456024,70,,1,0,24,1,2,,10.3835,837,183593,1.94022,240,0,6.33333,,0,6,0,0.1,2,50,0,0,31,,3000,3000,,0,0,0,0
1613952434121,6,1010123456024,70,,1,0,24,1,2,,10.2857,826,184169,1.94458,240,0,6.33333,,0.1,83,0,0.1,26,69.2308,0,2.76902,0,,3000,3000,,0,0,0,7.6988
1613952434371,6,1010123456024,70,,1,0,24,1,2,,8.74554,841,183982,1.69002,241,0,5.71429,,0,0,0,0,0,0,0,0,0,,3000,2994,,0,0,0,0
1613952434621,6,1010123456024,70,,1,0,24,1,2,,9.14061,825,183008,1.68301,238,0,5.83333,,0,0,0,0,0,0,0,0,0,,3000,3000,,0,0,0,0
1613952434871,6,1010123456024,70,,1,0,24,1,2,,10.0084,831,183635,1.8489,238,0,6,,4.56522,46,0,0.1,13,30.7692,0,8.17617,31,,3000,3000,,0,0,0,3.93478
1613952435121,6,1010123456024,70,,1,0,24,1,2,,13.9594,837,183655,3.00534,241,0,8,,0,0,0,0,0,0,0,0,0,,3000,3000,,0,0,0,0
1613952435371,6,1010123456024,70,,1,0,24,1,2,,7.31552,786,183907,1.36266,227,0,4.85714,,0,0,0,0,0,0,0,0,0,,2988,2982,,0,0,0,0
1613952435621,6,1010123456024,70,,1,0,24,1,2,,7.79705,813,184181,1.45261,234,0,5.66667,,0,0,0,0,0,0,0,0,0,,3000,3000,,0,0,0,0
1613952435871,6,1010123456024,70,,1,0,24,1,2,,9.1353,813,183829,1.69667,235,0,6,,6,7,0,0.1,2,50,0,10.1246,31,,3000,2994,,0,0,0,4.85714
1613952436121,6,1010123456024,70,,1,0,24,1,2,,12.0189,846,183381,2.34141,241,0,7,,4.2,30,0,0.1,9,44.4444,0,7.65447,31,,3000,3000,,0,0,0,4.6
1613952436371,6,1010123456024,70,,1,0,24,1,2,,11.1667,828,183413,2.04275,236,0,6.57143,,0,0,0,0,0,0,0,0,0,,3000,3000,,0,0,0,0
1613952436621,6,1010123456024,70,,1,0,24,1,2,,11.4527,835,183549,2.15277,238,0,6.5,,0,0,0,0,0,0,0,0,0,,3000,3000,,0,0,0,0
1613952436871,6,1010123456024,70,,1,0,24,1,2,,9.38686,822,183129,1.73581,238,0,6,,15,7,0,0,2,100,0,0.905511,0,,3000,2982,,0,0,0,10
1613952437121,6,1010123456024,70,,1,0,24,1,2,,13.8399,843,178632,2.94547,240,0,7.66667,,0,6,0,0,2,100,0,0,0,,3000,3000,,0,0,0,0
1613952437371,6,1010123456024,70,,1,0,24,1,2,,10.0095,844,183960,1.95242,241,0,6.28571,,0.1,16,0,0.1,5,40,0,1.96597,31,,3000,3000,,0,0,0,4.9375
1613952437621,6,1010123456024,70,,1,0,24,1,2,,10.8157,830,184068,1.96912,239,0,6.5,,0,0,0,0,0,0,0,0,0,,3000,3000,,0,0,0,0
1613952437870,6,1010123456024,70,,1,0,24,1,2,,11.3354,814,183500,2.12813,238,0,6.66667,,3.06061,33,0,0.1,10,0,0,10.8333,31,,3000,3000,,0,0,0,1
1613952438121,6,1010123456024,70,,1,0,24,1,2,,11.0739,839,183480,2.05626,238,0,6.5,,0,0,0,0,0,0,0,0,0,,3000,3000,,0,0,0,0
1613952438370,6,1010123456024,70,,1,0,24,1,2,,9.23206,836,183398,1.74284,238,0,6.14286,,0,0,0,0,0,0,0,0,0,,3000,3000,,0,0,0,0
1613952438621,6,1010123456024,70,,1,0,24,1,2,,9.96248,853,182999,1.9009,243,0,6,,0,0,0,0,0,0,0,0,0,,3000,3000,,0,0,0,0
1613952438871,6,1010123456024,70,,1,0,24,1,2,,10.646,839,183450,1.97482,241,0,6.5,,1.15385,52,0,0.1,16,31.25,0,5.19273,31,,3000,3000,,0,0,0,4.23077
1613952439121,6,1010123456024,70,,1,0,24,1,2,,11.0419,835,184206,2.07629,240,0,6.5,,0.1,4,0,0,1,100,0,0.831223,0,,3000,3000,,0,0,0,10
1613952439371,6,1010123456024,70,,1,0,24,1,2,,11.2929,833,183369,2.12707,239,0,6.83333,,0,0,0,0,0,0,0,0,0,,3000,3000,,0,0,0,0
1613952439621,6,1010123456024,70,,1,0,24,1,2,,9.59417,823,184079,1.76554,237,0,5.66667,,0,0,0,0,0,0,0,0,0,,3000,3000,,0,0,0,0
1613952439871,6,1010123456024,70,,1,0,24,1,2,,10.7944,827,182708,1.95984,237,0,6.33333,,0.1,8,0,0,2,100,0,0.171158,0,,3000,3000,,0,0,0,10
1613952440121,6,1010123456024,70,,1,0,24,1,2,,9.95256,801,183211,1.88746,235,0,6.16667,,1.68,25,0,0.1,7,0,0,10.2327,31,,3000,3000,,0,0,0,1
1613952440371,6,1010123456024,70,,1,0,24,1,2,,9.40024,827,183400,1.7056,236,0,5.57143,,0,0,0,0,0,0,0,0,0,,3000,3000,,0,0,0,0
1613952440621,6,1010123456024,70,,1,0,24,1,2,,6.6509,782,183535,1.23664,225,0,5,,0,0,0,0,0,0,0,0,0,,3000,3000,,0,0,0,0
1613952440871,6,1010123456024,70,,1,0,24,1,2,,10.6437,842,183877,1.97555,240,0,6.5,,13.5,10,0,0.1,3,0,0,28.8442,31,,3000,3000,,0,0,0,1
1613952441121,6,1010123456024,70,,1,0,24,1,2,,10.2915,844,184645,1.92282,240,0,6.33333,,0,0,0,0,0,0,0,0,0,,3000,3000,,0,0,0,0
1613952441371,6,1010123456024,70,,1,0,24,1,2,,9.14614,828,183824,1.68566,237,0,5.71429,,0,0,0,0,0,0,0,0,0,,3000,3000,,0,0,0,0
1613952441621,6,1010123456024,70,,1,0,24,1,2,,9.65944,831,183704,1.78182,238,0,6,,0,0,0,0,0,0,0,0,0,,3000,3000,,0,0,0,0
1613952441871,6,1010123456024,70,,1,0,24,1,2,,10.6679,840,184572,1.9799,240,0,6.33333,,15.4,10,0,0.1,3,0,0,25.7687,31,,3000,3000,,0,0,0,1
1613952442121,6,1010123456024,70,,1,0,24,1,2,,7.79976,824,183674,1.42371,235,0,5.33333,,11,7,0,0.1,2,0,0,33.5254,0,,3000,2994,,0,0,0,1
1613952442371,6,1010123456024,70,,1,0,24,1,2,,9.51847,839,183264,1.76189,239,0,5.85714,,0,0,0,0,0,0,0,0,0,,3000,3000,,0,0,0,0
1613952442621,6,1010123456024,70,,1,0,24,1,2,,10.5201,844,183444,1.95981,240,0,6.4,,0,0,0,0,0,0,0,0,0,,3000,3000,,0,0,0,0
1613952442871,6,1010123456024,70,,1,0,24,1,2,,10.6902,820,183236,1.9695,239,0,6.33333,,11.4808,52,0,0.143104,16,50,0,12.0434,31,,3000,3000,,0,0,0,5.44231
1613952443121,6,1010123456024,70,,1,0,24,1,2,,8.23957,839,183631,1.5297,239,0,5.33333,,0,6,0,0,2,100,0,0,0,,3000,3000,,0,0,0,0
1613952443371,6,1010123456024,70,,1,0,24,1,2,,10.4394,842,183685,1.93078,241,0,6,,0,0,0,0,0,0,0,0,0,,3000,3000,,0,0,0,0
1613952443621,6,1010123456024,70,,1,0,24,1,2,,8.63009,811,183516,1.54291,232,0,5.83333,,0,0,0,0,0,0,0,0,0,,3000,3000,,0,0,0,0
1613952443871,6,1010123456024,70,,1,0,24,1,2,,9.95066,831,183644,1.84874,241,0,5.83333,,0,6,0,0,2,100,0,0,0,,3000,3000,,0,0,0,0
1613952444121,6,1010123456024,70,,1,0,24,1,2,,10.4021,848,183688,1.92282,240,0,6.5,,0,6,0,0,2,100,0,0,0,,3000,3000,,0,0,0,0
1613952444371,6,1010123456024,70,,1,0,24,1,2,,9.62175,846,184179,1.8183,242,0,6,,6,42,0,0.1,12,66.6667,0,5.05553,31,,3000,3000,,0,0,0,7
1613952444621,6,1010123456024,70,,1,0,24,1,2,,10.355,831,183220,1.93286,236,0,6.33333,,0,0,0,0,0,0,0,0,0,,3000,2994,,0,0,0,0
1613952444871,6,1010123456024,70,,1,0,24,1,2,,10.3269,823,183375,1.95987,238,0,6.33333,,6.87273,55,0,0.1,16,50,0,3.45652,31,,3000,2994,,0,0,0,5.61818
1613952445121,6,1010123456024,70,,1,0,24,1,2,,11.6375,833,183713,2.17731,237,0,6.8,,0,0,0,0,0,0,0,0,0,,3000,3000,,0,0,0,0
1613952445371,6,1010123456024,70,,1,0,24,1,2,,10.1308,826,183560,1.87574,237,0,6.33333,,0,0,0,0,0,0,0,0,0,,3000,2994,,0,0,0,0
1613952445621,6,1010123456024,70,,1,0,24,1,2,,10.0789,811,184181,1.90691,235,0,5.83333,,0,0,0,0,0,0,0,0,0,,3000,3000,,0,0,0,0
1613952445871,6,1010123456024,70,,1,0,24,1,2,,10.6594,822,180178,1.97898,239,0,7.16667,,12.8953,86,0,0.143168,28,82.1429,0,4.01385,31,,3000,3000,,0,0,0,8.28295
1613952446121,6,1010123456024,70,,1,0,24,1,2,,11.3108,827,183743,2.32509,239,0,6.5,,0,6,0,0,2,100,0,0,0,,3000,2988,,0,0,0,0
1613952446371,6,1010123456024,70,,1,0,24,1,2,,9.07082,819,183810,1.68826,234,0,5.85714,,0,0,0,0,0,0,0,0,0,,3000,3000,,0,0,0,0
1613952446621,6,1010123456024,70,,1,0,24,1,2,,10.3214,840,184578,1.89667,239,0,6.16667,,0,0,0,0,0,0,0,0,0,,3000,3000,,0,0,0,0
1613952446871,6,1010123456024,70,,1,0,24,1,2,,9.15803,810,184338,1.67971,237,0,6,,3.98,50,0,0.1,15,53.3333,0,6.97628,31,,3000,2982,,0,0,0,5.94
1613952447121,6,1010123456024,70,,1,0,24,1,2,,11.4156,835,183621,2.18486,241,0,6.66667,,3.23077,13,0,0.1,4,25,0,2.0832,31,,3000,3000,,0,0,0,3.07692
1613952447371,6,1010123456024,70,,1,0,24,1,2,,13.3129,831,184513,2.88346,240,0,7.28571,,0,0,0,0,0,0,0,0,0,,3000,3000,,0,0,0,0
1613952447621,6,1010123456024,70,,1,0,24,1,2,,9.84661,841,183013,1.83306,239,0,6,,0,0,0,0,0,0,0,0,0,,3000,3000,,0,0,0,0
1613952447871,6,1010123456024,70,,1,0,24,1,2,,10.4352,841,182901,1.92541,241,0,6.2,,0.1,14,149344,0.1,4,0,0,2.09961,31,,3000,3000,,0,0,0,1
1613952448121,6,1010123456024,70,,1,0,24,1,2,,11.5256,839,183332,2.22851,241,0,6.83333,,0.1,26,0,0.1,8,37.5,0,4.05919,0,,3000,3000,,0,0,0,4.23077
1613952448371,6,1010123456024,70,,1,0,24,1,2,,10.0545,826,184128,1.83811,235,0,6.14286,,0,0,0,0,0,0,0,0,0,,3000,2994,,0,0,0,0
1613952448621,6,1010123456024,70,,1,0,24,1,2,,9.45465,838,182909,1.77082,238,0,6,,0,0,0,0,0,0,0,0,0,,3000,3000,,0,0,0,0
1613952448870,6,1010123456024,70,,1,0,24,1,2,,11.0862,824,182985,2.06345,237,0,6.4,,0.1,8,0,0,2,100,0,0.1,0,,3000,3000,,0,0,0,10
1613952449121,6,1010123456024,70,,1,0,24,1,2,,12.5662,816,183532,2.61978,236,0,7.33333,,0.1,61,0,0.1,19,47.3684,0,2.79671,31,,3000,3000,,0,0,0,5.32787
1613952449371,6,1010123456024,70,,1,0,24,1,2,,9.49059,850,183341,1.78582,242,0,5.71429,,0,0,0,0,0,0,0,0,0,,3000,2994,,0,0,0,0
1613952449621,6,1010123456024,70,,1,0,24,1,2,,10.2861,846,184454,1.98544,241,0,5.83333,,0,0,0,0,0,0,0,0,0,,3000,3000,,0,0,0,0
1613952449871,6,1010123456024,70,,1,0,24,1,2,,10.0312,802,183433,1.81056,236,0,6.5,,12.4286,49,0,0.140992,14,57.1429,0,9.20012,31,,3000,3000,,0,0,0,6.22449
1613952450121,6,1010123456024,70,,1,0,24,1,2,,7.33461,783,183999,1.3512,225,0,5.16667,,6.6,30,0,0.1,9,55.5556,0,3.67832,31,,3000,3000,,0,0,0,6.3
1613952450371,6,1010123456024,70,,1,0,24,1,2,,10.5973,822,183414,1.9639,236,0,6.57143,,0,0,0,0,0,0,0,0,0,,3000,3000,,0,0,0,0
1613952450621,6,1010123456024,70,,1,0,24,1,2,,11.0084,838,184369,2.03411,238,0,6.16667,,0,0,0,0,0,0,0,0,0,,3000,3000,,0,0,0,0
1613952450871,6,1010123456024,70,,1,0,24,1,2,,10.3461,838,183521,1.90195,240,0,6.16667,,11.3684,19,0,0.1,6,66.6667,0,11.6818,31,,3000,3000,,0,0,0,6.68421
1613952451121,6,1010123456024,70,,1,0,24,1,2,,10.2591,826,182901,1.88637,237,0,6.16667,,0,0,0,0,0,0,0,0,0,,3000,3000,,0,0,0,0
1613952451371,6,1010123456024,70,,1,0,24,1,2,,10.9662,828,183312,2.03936,238,0,6.42857,,0,0,0,0,0,0,0,0,0,,3000,3000,,0,0,0,0
1613952451621,6,1010123456024,70,,1,0,24,1,2,,11.1551,819,183276,2.05517,236,0,6.5,,0,0,0,0,0,0,0,0,0,,3000,3000,,0,0,0,0
1613952451871,6,1010123456024,70,,1,0,24,1,2,,13.6259,842,174579,2.93024,244,0,7.66667,,1.33333,36,0,0.1,10,30,0,8.40014,31,,3000,3000,,0,0,0,4
1613952452121,6,1010123456024,70,,1,0,24,1,2,,9.58323,811,184305,1.74256,231,0,6,,0,0,0,0,0,0,0,0,0,,3000,2994,,0,0,0,0
1613952452371,6,1010123456024,70,,1,0,24,1,2,,10.9678,838,183688,2.02566,238,0,6.42857,,0,0,0,0,0,0,0,0,0,,3000,2994,,0,0,0,0
1613952452621,6,1010123456024,70,,1,0,24,1,2,,9.49701,837,183644,1.72474,238,0,6,,0,0,0,0,0,0,0,0,0,,3000,3000,,0,0,0,0
1613952452870,6,1010123456024,70,,1,0,24,1,2,,10.1794,814,183086,1.88829,237,0,5.83333,,15.6111,18,0,0.1,6,66.6667,0,9.5093,31,,3000,2994,,0,0,0,6.5
1613952453121,6,1010123456024,70,,1,0,24,1,2,,10.8952,830,183497,2.00582,238,0,6.8,,0,0,0,0,0,0,0,0,0,,3000,3000,,0,0,0,0
1613952453370,6,1010123456024,70,,1,0,24,1,2,,10.6514,832,183194,2.04366,239,0,6.42857,,0,0,0,0,0,0,0,0,0,,3000,2994,,0,0,0,0
1613952453621,6,1010123456024,70,,1,0,24,1,2,,11.1202,832,183925,2.05718,239,0,6.66667,,0,0,0,0,0,0,0,0,0,,3000,3000,,0,0,0,0
1613952453871,6,1010123456024,70,,1,0,24,1,2,,9.87912,819,183761,1.79875,235,0,5.83333,,7.74194,31,0,0.1,9,55.5556,0,6.12854,31,,3000,3000,,0,0,0,6.64516
1613952454121,6,1010123456024,70,,1,0,24,1,2,,11.3059,827,183481,2.09453,238,0,6.66667,,0.1,12,0,0,3,100,0,5.19758,0,,3000,3000,,0,0,0,10
1613952454371,6,1010123456024,70,,1,0,24,1,2,,10.0273,841,182732,1.9065,242,0,6.28571,,0,0,0,0,0,0,0,0,0,,3000,2994,,0,0,0,0
1613952454621,6,1010123456024,70,,1,0,24,1,2,,9.49818,823,183709,1.74845,235,0,5.83333,,0,0,0,0,0,0,0,0,0,,3000,2988,,0,0,0,0
1613952454871,6,1010123456024,70,,1,0,24,1,2,,9.70348,833,183342,1.86106,240,0,6,,1.30233,43,0,0.1,12,41.6667,0,6.98077,31,,3000,2988,,0,0,0,5.18605
1613952455121,6,1010123456024,70,,1,0,24,1,2,,9.38295,833,183376,1.70566,238,0,6,,0,0,0,0,0,0,0,0,0,,3000,3000,,0,0,0,0
1613952455370,6,1010123456024,70,,1,0,24,1,2,,10.8494,830,184084,1.99473,238,0,6.42857,,0,0,0,0,0,0,0,0,0,,3000,3000,,0,0,0,0
1613952455621,6,1010123456024,70,,1,0,24,1,2,,10.2613,838,183583,1.93725,239,0,6.16667,,0,0,0,0,0,0,0,0,0,,3000,3000,,0,0,0,0
1613952455871,6,1010123456024,70,,1,0,24,1,2,,10.4518,841,184057,1.94582,243,0,6.16667,,5.45455,33,0,0.1,10,60,0,3.47757,31,,3000,3000,,0,0,0,6.54545
1613952456121,6,1010123456024,70,,1,0,24,1,2,,9.33294,841,183819,1.73955,241,0,5.83333,,0.1,7,0,0.1,2,50,0,1.49231,0,,3000,2994,,0,0,0,6.14286
1613952456371,6,1010123456024,70,,1,0,24,1,2,,10.8412,850,183367,2.02362,242,0,6.33333,,0,0,0,0,0,0,0,0,0,,3000,3000,,0,0,0,0
1613952456621,6,1010123456024,70,,1,0,24,1,2,,11.0024,845,183961,2.03558,240,0,6.33333,,0,0,0,0,0,0,0,0,0,,3000,3000,,0,0,0,0
1613952456871,6,1010123456024,70,,1,0,24,1,2,,10.6915,820,184392,2.0159,237,0,6.33333,,0.1,42,0,0.1,12,33.3333,0,2.99322,31,,3000,3000,,0,0,0,4.42857
1613952457121,6,1010123456024,70,,1,0,24,1,2,,9.071,831,183535,1.65098,237,0,5.6,,0,0,0,0,0,0,0,0,0,,3000,3000,,0,0,0,0
1613952457371,6,1010123456024,70,,1,0,24,1,2,,10.2314,834,182744,1.8791,238,0,6.28571,,0,0,0,0,0,0,0,0,0,,3000,3000,,0,0,0,0
1613952457621,6,1010123456024,70,,1,0,24,1,2,,11.5281,835,183583,2.26797,242,0,6.83333,,0,0,0,0,0,0,0,0,0,,3000,3000,,0,0,0,0
1613952457870,6,1010123456024,70,,1,0,24,1,2,,11.228,851,183499,2.16466,243,0,6.5,,0.1,14,149468,0.1,4,0,0,7.02115,31,,3000,3000,,0,0,0,1
1613952458121,6,1010123456024,70,,1,0,24,1,2,,8.88049,820,183228,1.59875,233,0,5.66667,,0.1,14,0,0.1,4,0,0,6.80291,0,,3000,3000,,0,0,0,1.28571
1613952458371,6,1010123456024,70,,1,0,24,1,2,,10.7305,835,183821,1.9952,242,0,6.14286,,0,0,0,0,0,0,0,0,0,,3000,3000,,0,0,0,0
1613952458621,6,1010123456024,70,,1,0,24,1,2,,10.0399,828,183865,1.85248,238,0,6.33333,,0,0,0,0,0,0,0,0,0,,3000,3000,,0,0,0,0
1613952458871,6,1010123456024,70,,1,0,24,1,2,,10.4556,834,183057,2.00285,241,0,6.33333,,0.1,29,0,0.1,9,11.1111,0,2.33959,31,,3000,3000,,0,0,0,2.58621
1613952459121,6,1010123456024,70,,1,0,24,1,2,,8.5,792,183172,1.54029,230,0,5.5,,0,0,0,0,0,0,0,0,0,,3012,3006,,0,0,0,0
1613952459371,6,1010123456024,70,,1,0,24,1,2,,9.24667,827,183969,1.61926,234,0,5.71429,,0,0,0,0,0,0,0,0,0,,2988,2988,,0,0,0,0
1613952459621,6,1010123456024,70,,1,0,24,1,2,,11.3456,845,183777,2.15338,241,0,6.66667,,0,0,0,0,0,0,0,0,0,,3000,3000,,0,0,0,0
1613952459871,6,1010123456024,70,,1,0,24,1,2,,10.3103,825,183831,1.93702,240,0,6.16667,,2.15152,33,0,0.1,11,36.3636,0,10.1146,31,,3000,3000,,0,0,0,4.27273
1613952460121,6,1010123456024,70,,1,0,24,1,2,,8.03269,826,184071,1.4743,236,0,5.33333,,11.1562,32,0,0.1,9,77.7778,0,4.08238,0,,3000,3000,,0,0,0,8.03125
1613952460371,6,1010123456024,70,,1,0,24,1,2,,10.4518,819,183251,1.96426,235,0,6.33333,,0,0,0,0,0,0,0,0,0,,3000,3000,,0,0,0,0
1613952460621,6,1010123456024,70,,1,0,24,1,2,,9.95868,847,182983,1.94515,242,0,5.83333,,0,0,0,0,0,0,0,0,0,,3000,3000,,0,0,0,0
1613952460871,6,1010123456024,70,,1,0,24,1,2,,10.3418,828,184142,1.8815,237,0,6.16667,,4.29268,41,0,0.1,12,58.3333,0,2.08211,31,,3000,3000,,0,0,0,6.73171
1613952461121,6,1010123456024,70,,1,0,24,1,2,,11.4111,844,183329,2.15501,240,0,6.8,,0.1,20,0,0.1,6,16.6667,0,2.33879,31,,3000,3000,,0,0,0,2.8
1613952461371,6,1010123456024,70,,1,0,24,1,2,,10.7265,830,184136,2.03962,238,0,6.42857,,0,0,0,0,0,0,0,0,0,,3000,3000,,0,0,0,0
1613952461621,6,1010123456024,70,,1,0,24,1,2,,18.5954,828,154615,4.69328,239,0,9.2,,0,0,0,0,0,0,0,0,0,,3000,3000,,0,0,0,0
1613952461871,6,1010123456024,70,,1,0,24,1,2,,11.1758,836,184249,2.12288,240,0,6.5,,0.1,7,0,0,2,100,0,0.244277,0,,3000,3000,,0,0,0,10
1613952462121,6,1010123456024,70,,1,0,24,1,2,,9.87796,844,183023,1.85683,242,0,6,,0.1,23,0,0.1,7,14.2857,0,6.04069,31,,3000,3000,,0,0,0,2.43478
1613952462371,6,1010123456024,70,,1,0,24,1,2,,10.9473,835,184361,2.04646,240,0,6.5,,0,0,0,0,0,0,0,0,0,,3000,3000,,0,0,0,0
1613952462621,6,1010123456024,70,,1,0,24,1,2,,11.1811,834,183257,2.08998,240,0,6.5,,0,0,0,0,0,0,0,0,0,,3000,3000,,0,0,0,0
1613952462871,6,1010123456024,70,,1,0,24,1,2,,11.0857,817,183433,2.0633,238,0,6.33333,,13.48,25,0,0.1,8,50,0,14.1128,31,,3000,3000,,0,0,0,5.32
1613952463121,6,1010123456024,70,,1,0,24,1,2,,9.40311,836,183430,1.7777,240,0,5.83333,,0,0,0,0,0,0,0,0,0,,3000,2994,,0,0,0,0
1613952463370,6,1010123456024,70,,1,0,24,1,2,,11.0443,835,184393,2.06548,240,0,6.57143,,0,0,0,0,0,0,0,0,0,,3000,3000,,0,0,0,0
1613952463621,6,1010123456024,70,,1,0,24,1,2,,11.0059,847,183997,2.07261,241,0,6.6,,0,0,0,0,0,0,0,0,0,,3000,3000,,0,0,0,0
1613952463871,6,1010123456024,70,,1,0,24,1,2,,12.0096,829,183669,2.47286,241,0,6.83333,,9,10,0,0.1,3,66.6667,0,9.68076,31,,3000,3000,,0,0,0,7.3
1613952464120,6,1010123456024,70,,1,0,24,1,2,,9.5678,826,184079,1.97173,234,0,6.16667,,4.90909,55,0,0.1,15,73.3333,0,0.814763,0,,3000,3000,,0,0,0,7.74545
1613952464371,6,1010123456024,70,,1,0,24,1,2,,9.59788,848,183804,1.77885,241,0,5.85714,,0,0,0,0,0,0,0,0,0,,3000,3000,,0,0,0,0
1613952464621,6,1010123456024,70,,1,0,24,1,2,,10.1867,841,183012,1.89744,239,0,6.16667,,0,0,0,0,0,0,0,0,0,,3000,3000,,0,0,0,0
1613952464871,6,1010123456024,70,,1,0,24,1,2,,11.0341,822,183749,2.03738,236,0,6.5,,0,0,0,0,0,0,0,0,0,,3000,3000,,0,0,0,0
1613952465121,6,1010123456024,70,,1,0,24,1,2,,9.11493,844,183238,1.84378,242,0,5.5,,0.1,76,0,0.1,22,31.8182,0,1.36255,31,,3000,3000,,0,0,0,5.52632
1613952465371,6,1010123456024,70,,1,0,24,1,2,,10.206,835,183257,1.89677,240,0,6.42857,,0,0,0,0,0,0,0,0,0,,3000,2994,,0,0,0,0
1613952465621,6,1010123456024,70,,1,0,24,1,2,,11.9297,825,184320,2.50726,238,0,6.83333,,0,0,0,0,0,0,0,0,0,,3000,2994,,0,0,0,0
1613952465871,6,1010123456024,70,,1,0,24,1,2,,11.0469,831,183512,2.0193,235,0,6.5,,4.39216,51,0,0.1,14,57.1429,0,4.57612,31,,3000,3000,,0,0,0,6.78431
1613952466121,6,1010123456024,70,,1,0,24,1,2,,10.2379,828,183591,1.89664,238,0,6.16667,,0,0,0,0,0,0,0,0,0,,3000,3000,,0,0,0,0
1613952466370,6,1010123456024,70,,1,0,24,1,2,,10.0467,856,183707,1.92733,244,0,6.14286,,0,0,0,0,0,0,0,0,0,,3000,3000,,0,0,0,0
1613952466621,6,1010123456024,70,,1,0,24,1,2,,10.5442,838,184397,1.956,241,0,6.16667,,0,0,0,0,0,0,0,0,0,,3000,3000,,0,0,0,0
1613952466871,6,1010123456024,70,,1,0,24,1,2,,10.2188,841,182661,1.90643,240,0,6.33333,,0,0,0,0,0,0,0,0,0,,3000,3000,,0,0,0,0
1613952467121,6,1010123456024,70,,1,0,24,1,2,,10.9255,832,184376,2.00182,237,0,6.33333,,0.1,39,0,0.1,11,27.2727,0,2.97771,31,,3000,3000,,0,0,0,3.61538
1613952467371,6,1010123456024,70,,1,0,24,1,2,,11.0519,847,183544,2.12758,243,0,6.57143,,0,0,0,0,0,0,0,0,0,,3000,3000,,0,0,0,0
1613952467621,6,1010123456024,70,,1,0,24,1,2,,11.2032,822,183392,2.05632,236,0,6.5,,0,0,0,0,0,0,0,0,0,,3000,3000,,0,0,0,0
1613952467871,6,1010123456024,70,,1,0,24,1,2,,10.9137,823,183240,2.10214,240,0,6.2,,0,0,0,0,0,0,0,0,0,,3000,3000,,0,0,0,0
1613952468121,6,1010123456024,70,,1,0,24,1,2,,10.4046,823,183692,1.86058,235,0,6.33333,,3.57447,47,0,0.1,13,38.4615,0,2.65453,31,,3000,2994,,0,0,0,4.51064
1613952468371,6,1010123456024,70,,1,0,24,1,2,,10.0166,845,183464,1.89203,242,0,6.14286,,0,0,0,0,0,0,0,0,0,,3000,3000,,0,0,0,0
1613952468621,6,1010123456024,70,,1,0,24,1,2,,10.8779,852,183460,2.12086,245,0,6.33333,,0,0,0,0,0,0,0,0,0,,3000,3000,,0,0,0,0
1613952468871,6,1010123456024,70,,1,0,24,1,2,,9.81786,840,183530,1.84925,241,0,6.33333,,0,12,0,0,4,100,0,0,0,,3000,2994,,0,0,0,0
1613952469121,6,1010123456024,70,,1,0,24,1,2,,10.6643,840,183325,1.97542,240,0,6.4,,0,0,0,0,0,0,0,0,0,,3000,3000,,0,0,0,0
1613952469371,6,1010123456024,70,,1,0,24,1,2,,12.3162,838,181286,2.37408,242,0,7.16667,,0.1,26,0,0.1,8,25,0,1.34955,31,,3000,3000,,0,0,0,3.69231
1613952469621,6,1010123456024,70,,1,0,24,1,2,,9.87219,845,183949,1.89971,242,0,6,,0,0,0,0,0,0,0,0,0,,3000,3000,,0,0,0,0
1613952469871,6,1010123456024,70,,1,0,24,1,2,,10.9565,827,183289,2.12234,243,0,6.5,,12.55,20,0,0.1,7,57.1429,0,12.3263,31,,3012,3012,,0,0,0,5.5
1613952470121,6,1010123456024,70,,1,0,24,1,2,,11.3839,831,182702,2.09946,236,0,6.8,,0,0,0,0,0,0,0,0,0,,2988,2988,,0,0,0,0
1613952470371,6,1010123456024,70,,1,0,24,1,2,,10.4524,829,183600,1.97856,238,0,6.28571,,0,0,0,0,0,0,0,0,0,,3000,3000,,0,0,0,0
1613952470620,6,1010123456024,70,,1,0,24,1,2,,10.095,832,183624,1.89385,238,0,6.16667,,0,0,0,0,0,0,0,0,0,,3000,3000,,0,0,0,0
1613952470871,6,1010123456024,70,,1,0,24,1,2,,10.7183,827,183157,1.97078,239,0,6.33333,,0.1,26,0,0.1,7,0,0,5.22183,31,,3000,3000,,0,0,0,1.15385
1613952471121,6,1010123456024,70,,1,0,24,1,2,,9.2304,829,183727,1.72474,238,0,6,,0,0,0,0,0,0,0,0,0,,3000,3000,,0,0,0,0
1613952471371,6,1010123456024,70,,1,0,24,1,2,,9.62592,818,183545,1.73101,234,0,6,,0,0,0,0,0,0,0,0,0,,3000,3000,,0,0,0,0
1613952471620,6,1010123456024,70,,1,0,24,1,2,,10.8802,835,183565,2.00418,240,0,6.33333,,0,0,0,0,0,0,0,0,0,,3000,3000,,0,0,0,0
1613952471871,6,1010123456024,70,,1,0,24,1,2,,11.2572,828,183078,2.12067,239,0,6.66667,,8.36364,11,0,0.1,3,66.6667,0,9.48617,31,,3000,3000,,0,0,0,6.72727
1613952472121,6,1010123456024,70,,1,0,24,1,2,,11.2298,831,183653,2.13654,243,0,6.4,,10.9149,94,0,0.10896,28,82.1429,0,2.78855,0,,3000,3000,,0,0,0,8.56383
1613952472371,6,1010123456024,70,,1,0,24,1,2,,11.6301,838,183669,2.28141,242,0,6.85714,,0,0,0,0,0,0,0,0,0,,3000,3000,,0,0,0,0
1613952472620,6,1010123456024,70,,1,0,24,1,2,,9.77201,829,183264,1.7884,236,0,6,,0,0,0,0,0,0,0,0,0,,3000,3000,,0,0,0,0
1613952472871,6,1010123456024,70,,1,0,24,1,2,,11.2354,837,183077,2.1065,240,0,6.5,,0,0,0,0,0,0,0,0,0,,3000,3000,,0,0,0,0
1613952473121,6,1010123456024,70,,1,0,24,1,2,,13.7174,821,172594,2.87354,240,0,8.16667,,15.2558,86,0,0.12544,28,85.7143,0,3.96051,31,,3000,3000,,0,0,0,8.74419
1613952473371,6,1010123456024,70,,1,0,24,1,2,,11.4685,841,183304,2.46589,241,0,6.57143,,0,0,0,0,0,0,0,0,0,,3000,3000,,0,0,0,0
1613952473621,6,1010123456024,70,,1,0,24,1,2,,11.6411,836,183620,2.19373,238,0,6.83333,,0,0,0,0,0,0,0,0,0,,3000,3000,,0,0,0,0
1613952473871,6,1010123456024,70,,1,0,24,1,2,,10.554,834,183620,1.92336,237,0,6,,0.1,8,273,0.1,2,50,0,1.8742,31,,3000,3000,,0,0,0,5.5
1613952474121,6,1010123456024,70,,1,0,24,1,2,,8.58744,812,184477,1.60554,237,0,5.66667,,0.1,23,0,0.1,7,14.2857,0,5.99493,0,,3000,3000,,0,0,0,2.69565
1613952474371,6,1010123456024,70,,1,0,24,1,2,,10.2114,842,184285,1.94563,241,0,6.14286,,0,0,0,0,0,0,0,0,0,,3000,3000,,0,0,0,0
1613952474621,6,1010123456024,70,,1,0,24,1,2,,10.9212,838,183577,2.01475,241,0,6.4,,0,0,0,0,0,0,0,0,0,,3000,3000,,0,0,0,0
1613952474871,6,1010123456024,70,,1,0,24,1,2,,8.0698,831,183470,1.52861,241,0,5.33333,,0.1,8,0,0.1,2,50,0,1.39601,31,,3000,2994,,0,0,0,5.5
1613952475121,6,1010123456024,70,,1,0,24,1,2,,8.41069,823,183553,1.53062,236,0,5.66667,,0.1,25,0,0.1,7,14.2857,0,1.69008,0,,3000,2994,,0,0,0,2.44
1613952475371,6,1010123456024,70,,1,0,24,1,2,,10.4308,838,183797,1.93635,239,0,6.28571,,0,0,0,0,0,0,0,0,0,,3000,3000,,0,0,0,0
1613952475621,6,1010123456024,70,,1,0,24,1,2,,11.0445,832,183038,2.0471,236,0,6.6,,0,0,0,0,0,0,0,0,0,,3000,3000,,0,0,0,0
1613952475871,6,1010123456024,70,,1,0,24,1,2,,10.7751,836,183708,1.9855,239,0,6.33333,,0.1,54,0,0.1,16,75,0,3.25933,31,,3000,2994,,0,0,0,7.33333
1613952476121,6,1010123456024,70,,1,0,24,1,2,,11.2512,828,183492,2.10467,239,0,6.66667,,0,6,0,0.1,2,0,0,0,31,,3000,3000,,0,0,0,0
1613952476371,6,1010123456024,70,,1,0,24,1,2,,8.9381,840,183006,1.70083,241,0,5.85714,,0,0,0,0,0,0,0,0,0,,3000,2994,,0,0,0,0
1613952476621,6,1010123456024,70,,1,0,24,1,2,,9.60617,843,184005,1.82726,242,0,6,,0,0,0,0,0,0,0,0,0,,3000,3000,,0,0,0,0
1613952476871,6,1010123456024,70,,1,0,24,1,2,,14.1368,826,179835,2.91856,239,0,8.16667,,14.9079,76,0,0.1,25,84,0,5.22994,31,,3000,3000,,0,0,0,8.3421
1613952477121,6,1010123456024,70,,1,0,24,1,2,,11.6375,847,182750,2.42262,243,0,6.66667,,0,0,0,0,0,0,0,0,0,,3000,3000,,0,0,0,0
1613952477371,6,1010123456024,70,,1,0,24,1,2,,8.12172,838,183919,1.664,240,0,5.42857,,0,0,0,0,0,0,0,0,0,,3000,3000,,0,0,0,0
1613952477621,6,1010123456024,70,,1,0,24,1,2,,8.93455,825,184037,1.59773,237,0,5.83333,,0,0,0,0,0,0,0,0,0,,3000,3000,,0,0,0,0
1613952477871,6,1010123456024,70,,1,0,24,1,2,,11.6812,825,181642,2.18627,241,0,7.16667,,15.3846,91,0,0.1,30,90,0,3.39627,31,,3000,3000,,0,0,0,9.01099
1613952478121,6,1010123456024,70,,1,0,24,1,2,,11.5215,813,183805,2.31494,236,0,6.5,,0,3,0,0,1,100,0,0,0,,3000,2994,,0,0,0,0
1613952478371,6,1010123456024,70,,1,0,24,1,2,,10.3783,846,183385,1.95437,242,0,6.28571,,0,0,0,0,0,0,0,0,0,,3000,3000,,0,0,0,0
1613952478621,6,1010123456024,70,,1,0,24,1,2,,11.3362,824,182830,2.10154,237,0,6.83333,,0,0,0,0,0,0,0,0,0,,3000,3000,,0,0,0,0
1613952478871,6,1010123456024,70,,1,0,24,1,2,,10.733,809,184132,1.96662,237,0,6.33333,,5.64706,34,0,0.1,11,45.4545,0,4.14275,31,,3000,2994,,0,0,0,4.88235
1613952479121,6,1010123456024,70,,1,0,24,1,2,,10.4116,826,183500,2.03603,242,0,6.16667,,0.1,11,0,0.1,3,0,0,8.81126,31,,3000,3000,,0,0,0,1
1613952479371,6,1010123456024,70,,1,0,24,1,2,,9.78657,834,183207,1.79754,241,0,5.85714,,0,0,0,0,0,0,0,0,0,,3000,3000,,0,0,0,0
1613952479621,6,1010123456024,70,,1,0,24,1,2,,8.30509,826,183818,1.52595,238,0,5.66667,,0,0,0,0,0,0,0,0,0,,3000,3000,,0,0,0,0
1613952479871,6,1010123456024,70,,1,0,24,1,2,,11.1213,816,182742,2.06624,242,0,7,,15.8529,68,0,0.1,22,86.3636,0,4.02177,31,,3000,3000,,0,0,0,8.67647
1613952480121,6,1010123456024,70,,1,0,24,1,2,,11.5604,819,183349,2.23741,235,0,6.33333,,0,3,0,0,1,100,0,0,0,,3000,3000,,0,0,0,0
1613952480371,6,1010123456024,70,,1,0,24,1,2,,10.5459,828,182638,1.93853,239,0,6.28571,,0,0,0,0,0,0,0,0,0,,3000,2994,,0,0,0,0
1613952480621,6,1010123456024,70,,1,0,24,1,2,,10.5862,824,183297,1.93357,236,0,6.33333,,0,0,0,0,0,0,0,0,0,,3000,3000,,0,0,0,0
1613952480871,6,1010123456024,70,,1,0,24,1,2,,8.86262,808,183079,1.61597,231,0,5.66667,,0,0,0,0,0,0,0,0,0,,3000,2976,,0,0,0,0
1613952481121,6,1010123456024,70,,1,0,24,1,2,,11.7479,833,182831,2.23078,240,0,7,,4.28571,42,0,0.1,12,41.6667,0,3.18212,31,,3000,3000,,0,0,0,5.47619
1613952481371,6,1010123456024,70,,1,0,24,1,2,,10.0827,834,184017,1.89747,240,0,5.85714,,0,0,0,0,0,0,0,0,0,,3000,3000,,0,0,0,0
1613952481621,6,1010123456024,70,,1,0,24,1,2,,7.80864,810,183722,1.45334,233,0,5.33333,,0,0,0,0,0,0,0,0,0,,3000,3000,,0,0,0,0
1613952481871,6,1010123456024,70,,1,0,24,1,2,,9.11364,836,182884,1.66598,238,0,6.16667,,0,9,0,0.1,3,0,0,0,31,,3000,2988,,0,0,0,0
1613952482121,6,1010123456024,70,,1,0,24,1,2,,11.1158,838,183555,2.08285,241,0,6.33333,,8.02632,76,0,0.1,21,66.6667,0,8.43465,0,,3000,3000,,0,0,0,7.31579
1613952482371,6,1010123456024,70,,1,0,24,1,2,,10.2022,831,183442,1.92573,239,0,6.28571,,0,0,0,0,0,0,0,0,0,,3000,2994,,0,0,0,0
1613952482621,6,1010123456024,70,,1,0,24,1,2,,10.3125,848,183558,1.94736,243,0,6.33333,,0,0,0,0,0,0,0,0,0,,3000,3000,,0,0,0,0
1613952482871,6,1010123456024,70,,1,0,24,1,2,,10.2639,830,184300,1.9927,244,0,6,,0.1,32,0,0.1,10,50,0,2.06737,31,,3000,3000,,0,0,0,5.78125
1613952483121,6,1010123456024,70,,1,0,24,1,2,,10.2201,827,183033,1.86835,238,0,6.16667,,0,0,0,0,0,0,0,0,0,,3000,3000,,0,0,0,0
1613952483371,6,1010123456024,70,,1,0,24,1,2,,11.2996,851,183260,2.13974,243,0,6.57143,,0,0,0,0,0,0,0,0,0,,3000,3000,,0,0,0,0
1613952483621,6,1010123456024,70,,1,0,24,1,2,,8.66826,835,183248,1.63933,237,0,5.66667,,0,0,0,0,0,0,0,0,0,,3000,3000,,0,0,0,0
1613952483871,6,1010123456024,70,,1,0,24,1,2,,10.298,812,183634,1.95408,237,0,6,,3.92982,57,0,0.1,18,50,0,3.42249,31,,3000,3000,,0,0,0,6
1613952484121,6,1010123456024,70,,1,0,24,1,2,,7.40855,842,183408,1.36941,242,0,5.33333,,0,0,0,0,0,0,0,0,0,,3000,2994,,0,0,0,0
1613952484371,6,1010123456024,70,,1,0,24,1,2,,11.6028,846,184104,2.20563,242,0,6.85714,,0,0,0,0,0,0,0,0,0,,3000,3000,,0,0,0,0
1613952484621,6,1010123456024,70,,1,0,24,1,2,,10.5136,843,184276,2.00109,242,0,6.33333,,0,0,0,0,0,0,0,0,0,,3000,3000,,0,0,0,0
1613952484871,6,1010123456024,70,,1,0,24,1,2,,9.20677,827,184192,1.77398,237,0,5.83333,,0.1,33,0,0.1,10,50,0,1.1101,31,,3000,3000,,0,0,0,5.69697
1613952485121,6,1010123456024,70,,1,0,24,1,2,,9.17312,826,183135,1.64762,236,0,5.83333,,0,6,0,0,2,100,0,0,0,,3000,3000,,0,0,0,0
1613952485371,6,1010123456024,70,,1,0,24,1,2,,10.7521,843,184393,2.00698,242,0,6.28571,,0,0,0,0,0,0,0,0,0,,3000,3000,,0,0,0,0
1613952485621,6,1010123456024,70,,1,0,24,1,2,,11.21,843,183794,2.20509,243,0,6.5,,0,0,0,0,0,0,0,0,0,,3000,2994,,0,0,0,0
1613952485871,6,1010123456024,70,,1,0,24,1,2,,8.93664,805,179588,1.63053,234,0,6.33333,,13.1714,70,0,0.1,23,82.6087,0,2.99574,31,,3000,2982,,0,0,0,8.37143
1613952486121,6,1010123456024,70,,1,0,24,1,2,,11.158,829,183949,2.29014,239,0,6.33333,,0,5,0,0,2,100,0,0,0,,3000,3000,,0,0,0,0
1613952486371,6,1010123456024,70,,1,0,24,1,2,,10.5066,831,183172,1.99411,240,0,6,,0,0,0,0,0,0,0,0,0,,3000,3000,,0,0,0,0
1613952486621,6,1010123456024,70,,1,0,24,1,2,,9.87861,832,183534,1.82042,236,0,6.33333,,0,0,0,0,0,0,0,0,0,,3000,3000,,0,0,0,0
1613952486871,6,1010123456024,70,,1,0,24,1,2,,10.8347,835,183550,1.99357,239,0,6.5,,0.1,67,0,0.1,20,40,0,2.74059,31,,3000,3000,,0,0,0,4.80597
1613952487121,6,1010123456024,70,,1,0,24,1,2,,10.9192,829,183790,2.016,236,0,6.33333,,0.1,4,0,0.1,1,0,0,1.79999,0,,3000,3000,,0,0,0,1
1613952487371,6,1010123456024,70,,1,0,24,1,2,,9.1157,847,183133,1.79664,241,0,5.71429,,0,0,0,0,0,0,0,0,0,,3000,3000,,0,0,0,0
1613952487621,6,1010123456024,70,,1,0,24,1,2,,6.32845,819,184184,1.19187,234,0,4.5,,0,0,0,0,0,0,0,0,0,,3000,3000,,0,0,0,0
1613952487871,6,1010123456024,70,,1,0,24,1,2,,11.3325,806,182184,2.14474,243,0,7.16667,,10.0952,84,0,0.1,26,73.0769,0,2.97143,31,,3012,3006,,0,0,0,7.80952
1613952488121,6,1010123456024,70,,1,0,24,1,2,,11.7219,827,183835,2.30281,235,0,6.33333,,0,3,0,0,1,100,0,0,0,,2988,2988,,0,0,0,0
1613952488371,6,1010123456024,70,,1,0,24,1,2,,11.0134,824,184017,2.0528,238,0,6.42857,,0,0,0,0,0,0,0,0,0,,3000,2994,,0,0,0,0
1613952488621,6,1010123456024,70,,1,0,24,1,2,,10.9571,840,183202,2.03344,241,0,6.33333,,0,0,0,0,0,0,0,0,0,,3000,3000,,0,0,0,0
1613952488871,6,1010123456024,70,,1,0,24,1,2,,10.2747,830,183757,1.90122,241,0,6.16667,,8.68571,70,0,0.1,20,60,0,8.49215,31,,3000,3000,,0,0,0,6.14286
1613952489121,6,1010123456024,70,,1,0,24,1,2,,11.2333,836,184329,2.11613,241,0,6.66667,,0,0,0,0,0,0,0,0,0,,3000,3000,,0,0,0,0
1613952489371,6,1010123456024,70,,1,0,24,1,2,,11.4903,828,184097,2.15085,238,0,6.71429,,0,0,0,0,0,0,0,0,0,,3000,3000,,0,0,0,0
1613952489621,6,1010123456024,70,,1,0,24,1,2,,10.7721,847,183777,2.11504,243,0,6.5,,0,0,0,0,0,0,0,0,0,,3000,3000,,0,0,0,0
1613952489871,6,1010123456024,70,,1,0,24,1,2,,11.1238,832,184305,2.07974,240,0,6.5,,0.1,14,15895,0.1,4,0,0,1.51314,31,,3000,3000,,0,0,0,1
1613952490121,6,1010123456024,70,,1,0,24,1,2,,10.2339,838,183733,1.9737,242,0,6.16667,,0.1,14,0,0.1,4,0,0,3.85499,0,,3000,3000,,0,0,0,1
1613952490370,6,1010123456024,70,,1,0,24,1,2,,11.6009,842,183809,2.30008,242,0,6.85714,,0,0,0,0,0,0,0,0,0,,3000,3000,,0,0,0,0
1613952490621,6,1010123456024,70,,1,0,24,1,2,,11.1004,827,183613,2.07827,238,0,6.33333,,0,0,0,0,0,0,0,0,0,,3000,3000,,0,0,0,0
1613952490871,6,1010123456024,70,,1,0,24,1,2,,9.85988,835,184307,1.84208,241,0,6,,0.1,14,16068,0.1,4,0,0,1.70457,31,,3000,3000,,0,0,0,1.5
1613952491121,6,1010123456024,70,,1,0,24,1,2,,7.95184,789,184173,1.45088,228,0,5.16667,,0.1,10,0,0.1,3,0,0,3.88251,0,,3000,3000,,0,0,0,1
1613952491371,6,1010123456024,70,,1,0,24,1,2,,13.0096,832,183738,2.72186,240,0,7.28571,,0,0,0,0,0,0,0,0,0,,3000,3000,,0,0,0,0
1613952491621,6,1010123456024,70,,1,0,24,1,2,,10.0893,817,184228,1.85754,236,0,6.16667,,0,0,0,0,0,0,0,0,0,,3000,3000,,0,0,0,0
1613952491871,6,1010123456024,70,,1,0,24,1,2,,7.60922,824,184184,1.44858,240,0,5.16667,,0,0,0,0,0,0,0,0,0,,3000,2988,,0,0,0,0
1613952492121,6,1010123456024,70,,1,0,24,1,2,,10.4257,848,183213,1.98496,242,0,6.33333,,0.1,100,0,0.1,28,60.7143,0,1.02181,31,,3000,3000,,0,0,0,6.64
1613952492371,6,1010123456024,70,,1,0,24,1,2,,11.5284,846,183432,2.19549,241,0,6.57143,,0,0,0,0,0,0,0,0,0,,3000,3000,,0,0,0,0
1613952492621,6,1010123456024,70,,1,0,24,1,2,,9.95991,848,183672,1.87165,241,0,6,,0,0,0,0,0,0,0,0,0,,3000,3000,,0,0,0,0
1613952492871,6,1010123456024,70,,1,0,24,1,2,,9.72976,840,183598,1.82611,242,0,6,,0.1,81,0,0.1,23,43.4783,0,1.76079,31,,3000,3000,,0,0,0,5.18518
1613952493121,6,1010123456024,70,,1,0,24,1,2,,10.3313,827,183868,1.90842,238,0,6.33333,,0.1,4,0,0,1,100,0,0.523738,0,,3000,3000,,0,0,0,10
1613952493371,6,1010123456024,70,,1,0,24,1,2,,8.11758,825,184025,1.49363,236,0,5.66667,,0,0,0,0,0,0,0,0,0,,3000,3000,,0,0,0,0
1613952493621,6,1010123456024,70,,1,0,24,1,2,,9.60024,843,183385,1.78848,242,0,6.16667,,0,0,0,0,0,0,0,0,0,,3000,3000,,0,0,0,0
1613952493871,6,1010123456024,70,,1,0,24,1,2,,11.106,830,183917,2.09565,241,0,6.5,,6.58462,65,0,0.1,19,63.1579,0,4.91032,31,,3000,3000,,0,0,0,6.84615
1613952494121,6,1010123456024,70,,1,0,24,1,2,,11.4832,832,183046,2.12685,236,0,6.75,,0,0,0,0,0,0,0,0,0,,3000,3000,,0,0,0,0
1613952494371,6,1010123456024,70,,1,0,24,1,2,,9.88902,838,183102,1.82854,238,0,6,,0,0,0,0,0,0,0,0,0,,3000,3000,,0,0,0,0
1613952494621,6,1010123456024,70,,1,0,24,1,2,,10.497,845,183301,1.89453,240,0,6.16667,,0,0,0,0,0,0,0,0,0,,3000,3000,,0,0,0,0
1613952494871,6,1010123456024,70,,1,0,24,1,2,,11.4615,832,183257,2.15837,237,0,6.83333,,0.139535,43,0,0.1,12,8.33333,0,3.66159,31,,3000,2994,,0,0,0,1.72093
1613952495121,6,1010123456024,70,,1,0,24,1,2,,8.81343,804,183929,1.63264,232,0,5.66667,,0,0,0,0,0,0,0,0,0,,3000,3000,,0,0,0,0
1613952495371,6,1010123456024,70,,1,0,24,1,2,,13.1236,809,184314,2.71165,231,0,7.42857,,0,0,0,0,0,0,0,0,0,,3000,3000,,0,0,0,0
1613952495621,6,1010123456024,70,,1,0,24,1,2,,10.6695,835,184180,2.00416,238,0,6.5,,0,0,0,0,0,0,0,0,0,,3000,3000,,0,0,0,0
1613952495871,6,1010123456024,70,,1,0,24,1,2,,10.4068,848,182922,2.0161,243,0,6.33333,,0.1,17,0,0.1,5,0,0,1.78902,31,,3000,3000,,0,0,0,2.05882
1613952496121,6,1010123456024,70,,1,0,24,1,2,,10.8466,854,182850,2.04646,244,0,6.5,,0.1,10,0,0.1,3,0,0,1.76465,0,,3000,3000,,0,0,0,1
1613952496371,6,1010123456024,70,,1,0,24,1,2,,10.5149,841,183245,1.96266,241,0,6.14286,,0,0,0,0,0,0,0,0,0,,3000,3000,,0,0,0,0
1613952496621,6,1010123456024,70,,1,0,24,1,2,,7.00122,818,183993,1.29498,234,0,5,,0,0,0,0,0,0,0,0,0,,3000,2988,,0,0,0,0
1613952496871,6,1010123456024,70,,1,0,24,1,2,,11.0592,827,182570,2.0505,238,0,6.5,,8,7,0,0.1,2,50,0,8.0406,31,,3000,3000,,0,0,0,6.14286
1613952497121,6,1010123456024,70,,1,0,24,1,2,,9.80048,837,184376,1.85075,240,0,5.83333,,6.16,25,0,0.1,7,42.8571,0,2.2957,0,,3000,3000,,0,0,0,4.96
1613952497370,6,1010123456024,70,,1,0,24,1,2,,10.5918,828,183348,1.91296,237,0,6,,0,0,0,0,0,0,0,0,0,,3000,3000,,0,0,0,0
1613952497621,6,1010123456024,70,,1,0,24,1,2,,9.04452,831,182886,1.7032,237,0,6.33333,,0,0,0,0,0,0,0,0,0,,3000,2994,,0,0,0,0
1613952497871,6,1010123456024,70,,1,0,24,1,2,,9.25486,824,184301,1.75315,238,0,5.83333,,0.1,11,676,0.1,4,25,0,1.6183,31,,3000,3000,,0,0,0,2.81818
1613952498121,6,1010123456024,70,,1,0,24,1,2,,10.7548,832,183553,1.95936,238,0,6.33333,,2.3,40,0,0.1,12,58.3333,0,2.7331,0,,3000,3000,,0,0,0,6.95
1613952498371,6,1010123456024,70,,1,0,24,1,2,,10.7662,851,183829,2.0144,242,0,6.16667,,0,0,0,0,0,0,0,0,0,,3000,3000,,0,0,0,0
1613952498621,6,1010123456024,70,,1,0,24,1,2,,9.38415,820,184421,1.74058,237,0,5.6,,0,0,0,0,0,0,0,0,0,,3000,3000,,0,0,0,0
1613952498871,6,1010123456024,70,,1,0,24,1,2,,12.6768,854,182498,2.71962,244,0,7.5,,0,6,148636,0.1,2,0,0,0,31,,3000,3000,,0,0,0,0
1613952499121,6,1010123456024,70,,1,0,24,1,2,,11.6424,839,182922,2.2207,241,0,6.8,,15.3333,6,0,0.1,2,0,0,21.4518,0,,3000,3000,,0,0,0,1
1613952499371,6,1010123456024,70,,1,0,24,1,2,,11.1641,835,183441,2.1385,240,0,6.71429,,0,0,0,0,0,0,0,0,0,,3000,3000,,0,0,0,0
1613952499621,6,1010123456024,70,,1,0,24,1,2,,11.7862,828,183194,2.24698,238,0,6.5,,0,0,0,0,0,0,0,0,0,,3000,3000,,0,0,0,0
1613952499871,6,1010123456024,70,,1,0,24,1,2,,10.0985,822,184037,1.86339,235,0,6.16667,,15,7,0,0.1,2,50,0,12.3201,31,,3000,3000,,0,0,0,6.14286
1613952500121,6,1010123456024,70,,1,0,24,1,2,,9.08144,835,184501,1.73818,240,0,5.83333,,4.16667,36,0,0.1,11,45.4545,0,4.37224,31,,3000,2994,,0,0,0,5.08333
1613952500370,6,1010123456024,70,,1,0,24,1,2,,10.4373,814,183027,1.89481,236,0,6.33333,,0,0,0,0,0,0,0,0,0,,3000,3000,,0,0,0,0
1613952500621,6,1010123456024,70,,1,0,24,1,2,,9.27349,830,182763,1.7215,241,0,6,,0,0,0,0,0,0,0,0,0,,3000,3000,,0,0,0,0
1613952500871,6,1010123456024,70,,1,0,24,1,2,,10.9452,840,183821,2.08074,243,0,6.33333,,0.1,74,0,0.1,21,23.8095,0,3.3923,31,,3000,3000,,0,0,0,3.45946
1613952501121,6,1010123456024,70,,1,0,24,1,2,,10.7437,831,183249,1.98522,238,0,6.33333,,0,0,0,0,0,0,0,0,0,,3000,3000,,0,0,0,0
1613952501371,6,1010123456024,70,,1,0,24,1,2,,10.2321,836,184093,1.89299,240,0,6,,0,0,0,0,0,0,0,0,0,,3000,3000,,0,0,0,0
1613952501620,6,1010123456024,70,,1,0,24,1,2,,9.59157,830,183429,1.74506,239,0,6.16667,,0,0,0,0,0,0,0,0,0,,3000,3000,,0,0,0,0
1613952501871,6,1010123456024,70,,1,0,24,1,2,,10.144,840,183701,1.90656,244,0,6.16667,,5.25,32,0,0.1,9,55.5556,0,8.14974,31,,3000,3000,,0,0,0,5.78125
1613952502121,6,1010123456024,70,,1,0,24,1,2,,11.5095,842,183162,2.16342,239,0,6.66667,,0,9,0,0,3,100,0,0,0,,3000,3000,,0,0,0,0
1613952502371,6,1010123456024,70,,1,0,24,1,2,,11.4406,842,183010,2.14973,239,0,6.71429,,0,0,0,0,0,0,0,0,0,,3000,3000,,0,0,0,0
1613952502621,6,1010123456024,70,,1,0,24,1,2,,10.2959,811,183261,1.87555,231,0,6.16667,,0,0,0,0,0,0,0,0,0,,3000,3000,,0,0,0,0
1613952502871,6,1010123456024,70,,1,0,24,1,2,,11.5243,843,183464,2.1841,241,0,6.83333,,0,0,0,0,0,0,0,0,0,,3000,2988,,0,0,0,0
1613952503121,6,1010123456024,70,,1,0,24,1,2,,9.70747,817,183209,1.77469,233,0,6.16667,,4,96,0,0.1,25,56,0,3.51681,31,,3000,2988,,0,0,0,6.53125
1613952503370,6,1010123456024,70,,1,0,24,1,2,,11.0131,838,183149,2.07033,239,0,6.42857,,0,0,0,0,0,0,0,0,0,,3000,3000,,0,0,0,0
1613952503621,6,1010123456024,70,,1,0,24,1,2,,8.33056,841,184106,1.56915,240,0,5.5,,0,0,0,0,0,0,0,0,0,,3000,3000,,0,0,0,0
1613952503871,6,1010123456024,70,,1,0,24,1,2,,11.1763,845,183194,2.14173,245,0,6.66667,,6,7,144708,0.1,2,0,0,20.9245,31,,3000,3000,,0,0,0,1
1613952504121,6,1010123456024,70,,1,0,24,1,2,,12.9816,817,184457,2.59066,238,0,7.33333,,16,82,0,0.103008,27,92.5926,0,3.55666,0,,3000,3000,,0,0,0,9.34146
1613952504371,6,1010123456024,70,,1,0,24,1,2,,11.6807,830,183957,2.20653,238,0,6.71429,,0,0,0,0,0,0,0,0,0,,3000,3000,,0,0,0,0
1613952504621,6,1010123456024,70,,1,0,24,1,2,,9.70505,851,182806,1.87056,243,0,6,,0,0,0,0,0,0,0,0,0,,3000,3000,,0,0,0,0
1613952504871,6,1010123456024,70,,1,0,24,1,2,,10.4779,839,183405,1.98083,241,0,6.5,,0,0,0,0,0,0,0,0,0,,3000,3000,,0,0,0,0
1613952505121,6,1010123456024,70,,1,0,24,1,2,,11.8436,844,183449,2.28525,242,0,7,,0.1,60,0,0.1,17,23.5294,0,3.36394,31,,3000,3000,,0,0,0,3.1
1613952505371,6,1010123456024,70,,1,0,24,1,2,,10.2058,826,184036,1.9327,237,0,6.14286,,0,0,0,0,0,0,0,0,0,,3000,3000,,0,0,0,0
1613952505621,6,1010123456024,70,,1,0,24,1,2,,9.33498,812,183675,1.67856,235,0,6,,0,3,0,0.1,1,0,0,0,31,,3000,2994,,0,0,0,0
1613952505871,6,1010123456024,70,,1,0,24,1,2,,10.8589,822,183557,2.00842,239,0,6.33333,,12.4571,70,0,0.1,22,77.2727,0,6.54717,31,,3000,3000,,0,0,0,7.55714
1613952506121,6,1010123456024,70,,1,0,24,1,2,,8.38403,789,183732,1.49546,227,0,5.5,,0,0,0,0,0,0,0,0,0,,3000,2988,,0,0,0,0
1613952506371,6,1010123456024,70,,1,0,24,1,2,,8.12397,847,183689,1.55654,242,0,5.42857,,0,0,0,0,0,0,0,0,0,,3000,3000,,0,0,0,0
1613952506621,6,1010123456024,70,,1,0,24,1,2,,10.9845,839,183733,2.03517,239,0,6.66667,,0,0,0,0,0,0,0,0,0,,3000,3000,,0,0,0,0
1613952506871,6,1010123456024,70,,1,0,24,1,2,,11.7313,830,183054,2.21229,238,0,6.83333,,2.93023,43,0,0.1,13,53.8462,0,3.46912,31,,3000,3000,,0,0,0,5.18605
1613952507121,6,1010123456024,70,,1,0,24,1,2,,11.5142,844,183449,2.17946,240,0,6.6,,0,2,0,0,1,100,0,0,0,,3000,3000,,0,0,0,0
1613952507370,6,1010123456024,70,,1,0,24,1,2,,10.5194,851,183540,2.04755,242,0,6.28571,,0,0,0,0,0,0,0,0,0,,3000,3000,,0,0,0,0
1613952507621,6,1010123456024,70,,1,0,24,1,2,,10.909,835,183093,2.00333,240,0,6.4,,0,0,0,0,0,0,0,0,0,,3000,3000,,0,0,0,0
1613952507871,6,1010123456024,70,,1,0,24,1,2,,10.305,836,183756,1.8815,241,0,6.16667,,15,13,0,0,4,100,0,2.16215,0,,3000,3000,,0,0,0,10
1613952508120,6,1010123456024,70,,1,0,24,1,2,,10.0671,835,184589,1.91251,239,0,6.16667,,0,0,0,0,0,0,0,0,0,,3000,3000,,0,0,0,0
1613952508371,6,1010123456024,70,,1,0,24,1,2,,9.64353,850,183892,1.86096,243,0,6,,4.92308,39,0,0.1,12,66.6667,0,5.73643,31,,3000,3000,,0,0,0,6.53846
1613952508621,6,1010123456024,70,,1,0,24,1,2,,10.1965,850,183820,1.90624,242,0,6.16667,,0,0,0,0,0,0,0,0,0,,3000,3000,,0,0,0,0
1613952508871,6,1010123456024,70,,1,0,24,1,2,,11.5192,807,181875,2.12349,239,0,7,,14.9111,90,0,0.1,29,89.6552,0,3.25294,31,,3000,3000,,0,0,0,9.2
1613952509121,6,1010123456024,70,,1,0,24,1,2,,11.2864,845,183153,2.24234,241,0,6.16667,,16,6,0,0,2,100,0,0.178464,0,,3000,3000,,0,0,0,10
1613952509371,6,1010123456024,70,,1,0,24,1,2,,8.87367,847,183060,1.64291,241,0,5.71429,,0,0,0,0,0,0,0,0,0,,3000,3000,,0,0,0,0
1613952509620,6,1010123456024,70,,1,0,24,1,2,,10.715,849,183297,2.00591,242,0,6.33333,,0,0,0,0,0,0,0,0,0,,3000,3000,,0,0,0,0
1613952509871,6,1010123456024,70,,1,0,24,1,2,,9.33728,845,184111,1.79946,241,0,5.83333,,0,0,0,0,0,0,0,0,0,,3000,3000,,0,0,0,0
1613952510121,6,1010123456024,70,,1,0,24,1,2,,11.1107,831,183625,2.05542,240,0,6.5,,0.1,46,0,0.1,13,30.7692,0,3.15024,31,,3000,3000,,0,0,0,3.82609
1613952510371,6,1010123456024,70,,1,0,24,1,2,,13.4337,814,184137,2.8329,236,0,7.28571,,0,0,0,0,0,0,0,0,0,,3000,3000,,0,0,0,0
1613952510621,6,1010123456024,70,,1,0,24,1,2,,10.6573,823,183094,1.9441,237,0,6.33333,,0,0,0,0,0,0,0,0,0,,3000,3000,,0,0,0,0
1613952510871,6,1010123456024,70,,1,0,24,1,2,,9.32729,828,182814,1.73373,239,0,6,,9.33333,48,0,0.1,13,69.2308,0,3.93839,31,,3000,3000,,0,0,0,7.5
1613952511121,6,1010123456024,70,,1,0,24,1,2,,10.8532,838,182582,2.01498,240,0,6.33333,,0.1,7,0,0.1,2,0,0,15.8733,31,,3000,3000,,0,0,0,1
1613952511371,6,1010123456024,70,,1,0,24,1,2,,10.3037,833,182434,2.01331,240,0,5.85714,,0,0,0,0,0,0,0,0,0,,3000,3000,,0,0,0,0
1613952511621,6,1010123456024,70,,1,0,24,1,2,,10.2521,829,184108,1.9665,239,0,6.33333,,0,0,0,0,0,0,0,0,0,,3000,2994,,0,0,0,0
1613952511871,6,1010123456024,70,,1,0,24,1,2,,10.6407,821,183911,1.97853,241,0,6.33333,,6.31818,44,0,0.1,13,38.4615,0,5.71857,31,,3012,3006,,0,0,0,4.47727
1613952512121,6,1010123456024,70,,1,0,24,1,2,,9.77105,843,184275,1.79494,240,0,6,,0,0,0,0,0,0,0,0,0,,2988,2982,,0,0,0,0
1613952512370,6,1010123456024,70,,1,0,24,1,2,,10.1446,816,183114,1.90496,236,0,6.28571,,0,0,0,0,0,0,0,0,0,,3000,3000,,0,0,0,0
1613952512621,6,1010123456024,70,,1,0,24,1,2,,7.90366,820,183026,1.42957,234,0,5.16667,,0,0,0,0,0,0,0,0,0,,3000,2988,,0,0,0,0
1613952512871,6,1010123456024,70,,1,0,24,1,2,,11.6111,828,183807,2.25117,241,0,7,,8.57143,7,0,0.1,2,50,0,12.3352,31,,3000,3000,,0,0,0,6.14286
1613952513121,6,1010123456024,70,,1,0,24,1,2,,10.3614,819,184348,1.95728,237,0,6.33333,,3.52941,34,0,0.1,10,70,0,2.69347,0,,3000,3000,,0,0,0,7.35294
1613952513371,6,1010123456024,70,,1,0,24,1,2,,10.7598,845,183344,2.02925,242,0,6.42857,,0,0,0,0,0,0,0,0,0,,3000,3000,,0,0,0,0
1613952513621,6,1010123456024,70,,1,0,24,1,2,,10.9833,837,183592,2.05347,239,0,6.66667,,0,0,0,0,0,0,0,0,0,,3000,3000,,0,0,0,0
1613952513871,6,1010123456024,70,,1,0,24,1,2,,10.3051,826,183928,1.9151,235,0,6.16667,,11.5714,7,0,0.1,2,50,0,11.6276,31,,3000,3000,,0,0,0,4.85714
1613952514121,6,1010123456024,70,,1,0,24,1,2,,10.4167,828,182901,1.88899,239,0,6.16667,,5.86957,23,0,0.1,7,42.8571,0,6.4397,0,,3000,3000,,0,0,0,4.52174
1613952514371,6,1010123456024,70,,1,0,24,1,2,,11.3039,839,183548,2.13085,241,0,6.57143,,0,0,0,0,0,0,0,0,0,,3000,3000,,0,0,0,0
1613952514620,6,1010123456024,70,,1,0,24,1,2,,13.375,832,183163,2.84845,240,0,7.5,,0,0,0,0,0,0,0,0,0,,3000,3000,,0,0,0,0
1613952514871,6,1010123456024,70,,1,0,24,1,2,,11.2396,839,183746,2.12794,242,0,6.5,,3,34,0,0.1,10,10,0,15.6444,31,,3000,3000,,0,0,0,1.52941
1613952515121,6,1010123456024,70,,1,0,24,1,2,,10.0963,820,183958,1.91645,237,0,6,,0,0,0,0,0,0,0,0,0,,3000,3000,,0,0,0,0
1613952515371,6,1010123456024,70,,1,0,24,1,2,,10.5836,855,183521,1.92509,243,0,6.33333,,0,0,0,0,0,0,0,0,0,,3000,3000,,0,0,0,0
1613952515620,6,1010123456024,70,,1,0,24,1,2,,9.76781,814,183454,1.79062,233,0,5.8,,0,0,0,0,0,0,0,0,0,,3000,3000,,0,0,0,0
1613952515870,6,1010123456024,70,,1,0,24,1,2,,11.3225,834,183314,2.17639,240,0,6.6,,5.48571,35,0,0.1,11,36.3636,0,3.45529,31,,3000,3000,,0,0,0,4.14286
1613952516121,6,1010123456024,70,,1,0,24,1,2,,8.46336,805,183597,1.51834,232,0,5.5,,0,0,0,0,0,0,0,0,0,,3000,3000,,0,0,0,0
1613952516371,6,1010123456024,70,,1,0,24,1,2,,11.2014,834,183501,2.11267,241,0,6.42857,,0,0,0,0,0,0,0,0,0,,3000,3000,,0,0,0,0
1613952516621,6,1010123456024,70,,1,0,24,1,2,,10.5071,848,183309,1.91325,241,0,6.16667,,0,0,0,0,0,0,0,0,0,,3000,3000,,0,0,0,0
1613952516871,6,1010123456024,70,,1,0,24,1,2,,10.7808,835,183090,2.0279,240,0,6.33333,,2.26415,53,0,0.1,15,26.6667,0,6.81644,31,,3000,3000,,0,0,0,3.45283
1613952517121,6,1010123456024,70,,1,0,24,1,2,,10.612,835,182930,1.9561,240,0,6.33333,,0,0,0,0,0,0,0,0,0,,3000,3000,,0,0,0,0
1613952517371,6,1010123456024,70,,1,0,24,1,2,,7.81097,820,184053,1.50122,237,0,5.42857,,0,0,0,0,0,0,0,0,0,,3000,2994,,0,0,0,0
1613952517621,6,1010123456024,70,,1,0,24,1,2,,10.6734,839,183621,1.9455,241,0,6.33333,,0,0,0,0,0,0,0,0,0,,3000,3000,,0,0,0,0
1613952517871,6,1010123456024,70,,1,0,24,1,2,,11.3609,834,182974,2.16352,242,0,6.66667,,5.44444,36,0,0.1,10,60,0,5.00115,31,,3000,3000,,0,0,0,6.25
1613952518121,6,1010123456024,70,,1,0,24,1,2,,9.3562,831,183007,1.7681,237,0,5.66667,,0,9,0,0,3,100,0,0,0,,3000,3000,,0,0,0,0
1613952518371,6,1010123456024,70,,1,0,24,1,2,,8.18757,837,183429,1.58746,240,0,5.85714,,0,0,0,0,0,0,0,0,0,,3000,3000,,0,0,0,0
1613952518621,6,1010123456024,70,,1,0,24,1,2,,10.7414,816,183661,1.96867,235,0,6.33333,,0,0,0,0,0,0,0,0,0,,3000,2994,,0,0,0,0
1613952518871,6,1010123456024,70,,1,0,24,1,2,,10.3294,838,183596,1.97152,242,0,6.33333,,7.42857,49,0,0.1,14,71.4286,0,5.09259,31,,3000,2994,,0,0,0,7.2449
1613952519121,6,1010123456024,70,,1,0,24,1,2,,8.55487,811,184665,1.56019,236,0,5.5,,0,6,0,0,2,100,0,0,0,,3000,3000,,0,0,0,0
1613952519371,6,1010123456024,70,,1,0,24,1,2,,8.73711,795,183861,1.59123,230,0,5.83333,,0,0,0,0,0,0,0,0,0,,3000,3000,,0,0,0,0
1613952519621,6,1010123456024,70,,1,0,24,1,2,,9.96472,822,184211,1.82928,237,0,5.83333,,0,0,0,0,0,0,0,0,0,,3000,3000,,0,0,0,0
1613952519871,6,1010123456024,70,,1,0,24,1,2,,10.7193,823,183084,2.00461,240,0,6.66667,,6.29032,31,0,0.1,9,44.4444,0,7.88057,31,,3000,2988,,0,0,0,4.77419
1613952520121,6,1010123456024,70,,1,0,24,1,2,,10.0406,837,183267,1.89232,239,0,6,,0,0,0,0,0,0,0,0,0,,3000,2994,,0,0,0,0
1613952520371,6,1010123456024,70,,1,0,24,1,2,,11.0499,842,184039,2.10211,243,0,6.57143,,0,0,0,0,0,0,0,0,0,,3000,3000,,0,0,0,0
1613952520621,6,1010123456024,70,,1,0,24,1,2,,9.19203,828,184657,1.69853,239,0,6,,0,0,0,0,0,0,0,0,0,,3000,3000,,0,0,0,0
1613952520871,6,1010123456024,70,,1,0,24,1,2,,9.95163,827,183460,1.87248,243,0,6,,1.64706,34,0,0.1,10,0,0,9.34886,31,,3000,3000,,0,0,0,1
1613952521121,6,1010123456024,70,,1,0,24,1,2,,10.2374,834,182857,1.97027,239,0,6.33333,,0,0,0,0,0,0,0,0,0,,3000,3000,,0,0,0,0
1613952521371,6,1010123456024,70,,1,0,24,1,2,,9.19249,852,183386,1.77334,245,0,6,,0,0,0,0,0,0,0,0,0,,3000,3000,,0,0,0,0
1613952521621,6,1010123456024,70,,1,0,24,1,2,,8.67436,780,184002,1.54035,224,0,5.33333,,0,0,0,0,0,0,0,0,0,,3000,2994,,0,0,0,0
1613952521871,6,1010123456024,70,,1,0,24,1,2,,10.3362,821,183058,1.87843,237,0,6.33333,,14.2963,27,0,0.1,8,62.5,0,14.6038,31,,3000,3000,,0,0,0,6.33333
1613952522121,6,1010123456024,70,,1,0,24,1,2,,11.6104,824,183625,2.17347,237,0,6.8,,5.90625,32,0,0.1,10,70,0,5.47465,31,,3000,3000,,0,0,0,7.09375
1613952522371,6,1010123456024,70,,1,0,24,1,2,,10.6903,833,183190,1.99027,240,0,6.28571,,0,0,0,0,0,0,0,0,0,,3000,3000,,0,0,0,0
1613952522621,6,1010123456024,70,,1,0,24,1,2,,10.1275,839,183002,1.92899,241,0,6.16667,,0,0,0,0,0,0,0,0,0,,3000,3000,,0,0,0,0
1613952522872,6,1010123456024,70,,1,0,24,1,2,,12.0958,814,181190,2.28134,241,0,7.5,,15.0135,74,0,0.1,24,79.1667,0,7.69398,31,,3012,3000,,0,0,0,7.97297
1613952523121,6,1010123456024,70,,1,0,24,1,2,,11.32,825,184361,2.31537,238,0,6.5,,0,3,0,0,1,100,0,0,0,,2988,2988,,0,0,0,0
1613952523371,6,1010123456024,70,,1,0,24,1,2,,9.5048,834,182914,1.83763,238,0,5.85714,,0,0,0,0,0,0,0,0,0,,3000,3000,,0,0,0,0
1613952523621,6,1010123456024,70,,1,0,24,1,2,,11.3706,823,183429,2.11613,237,0,6.6,,0,0,0,0,0,0,0,0,0,,3000,3000,,0,0,0,0
1613952523871,6,1010123456024,70,,1,0,24,1,2,,10.0896,804,184064,1.85645,234,0,6.16667,,0.1,8,84,0.1,2,50,0,1.37178,31,,3000,2979,,0,0,0,5.5
1613952524121,6,1010123456024,70,,1,0,24,1,2,,10.4916,834,183304,1.98093,240,0,6.33333,,0.1,39,0,0.1,11,54.5455,0,4.52952,0,,3000,3000,,0,0,0,6.87179
1613952524371,6,1010123456024,70,,1,0,24,1,2,,11.9075,843,183484,2.30445,242,0,7,,0,0,0,0,0,0,0,0,0,,3000,3000,,0,0,0,0
1613952524621,6,1010123456024,70,,1,0,24,1,2,,11.1179,840,184540,2.09738,239,0,6.33333,,0,0,0,0,0,0,0,0,0,,3000,3000,,0,0,0,0
1613952524871,6,1010123456024,70,,1,0,24,1,2,,11.0963,820,183824,2.06643,240,0,6.66667,,11.2683,41,0,0.1,13,69.2308,0,4.94923,31,,3000,3000,,0,0,0,7.65854
1613952525121,6,1010123456024,70,,1,0,24,1,2,,10.1855,803,182982,1.85264,231,0,6.16667,,0.1,4,0,0.1,1,0,0,1.75441,0,,3000,3000,,0,0,0,1
1613952525371,6,1010123456024,70,,1,0,24,1,2,,10.1025,829,184340,1.88806,238,0,6.14286,,0,0,0,0,0,0,0,0,0,,3000,3000,,0,0,0,0
1613952525621,6,1010123456024,70,,1,0,24,1,2,,10.399,832,184328,1.92234,241,0,6.16667,,0,0,0,0,0,0,0,0,0,,3000,3000,,0,0,0,0
1613952525871,6,1010123456024,70,,1,0,24,1,2,,8.32339,838,184129,1.59507,242,0,5.5,,7,8,0,0.1,2,50,0,9.69861,31,,3000,2994,,0,0,0,5.5
1613952526121,6,1010123456024,70,,1,0,24,1,2,,10.6542,830,183445,1.9887,239,0,6.33333,,5.83333,24,0,0.1,7,42.8571,0,5.70761,0,,3000,3000,,0,0,0,4.75
1613952526371,6,1010123456024,70,,1,0,24,1,2,,10.044,819,184009,1.87958,237,0,6.28571,,0,0,0,0,0,0,0,0,0,,3000,3000,,0,0,0,0
1613952526621,6,1010123456024,70,,1,0,24,1,2,,11.7551,833,182862,2.27741,241,0,7,,0,0,0,0,0,0,0,0,0,,3012,3012,,0,0,0,0
1613952526871,6,1010123456024,70,,1,0,24,1,2,,9.85172,816,184249,1.86035,236,0,6,,0,0,0,0,0,0,0,0,0,,2988,2988,,0,0,0,0
1613952527121,6,1010123456024,70,,1,0,24,1,2,,7.32695,783,183869,1.25917,225,0,5.16667,,0.1,38,0,0.1,13,46.1538,0,3.65817,31,,3000,2976,,0,0,0,5.31579
1613952527371,6,1010123456024,70,,1,0,24,1,2,,8.32578,838,183202,1.56659,240,0,5.57143,,0,0,0,0,0,0,0,0,0,,3000,3000,,0,0,0,0
1613952527621,6,1010123456024,70,,1,0,24,1,2,,8.75154,813,182759,1.61027,233,0,5.5,,0,0,0,0,0,0,0,0,0,,3000,3000,,0,0,0,0
1613952527871,6,1010123456024,70,,1,0,24,1,2,,8.82598,816,183282,1.67648,238,0,5.5,,4.55102,49,0,0.1,14,50,0,4.62509,31,,3000,2988,,0,0,0,5.59184
1613952528121,6,1010123456024,70,,1,0,24,1,2,,10.5845,840,183825,2.00576,240,0,6.4,,0,0,0,0,0,0,0,0,0,,3000,3000,,0,0,0,0
1613952528371,6,1010123456024,70,,1,0,24,1,2,,9.7029,828,183236,1.77501,237,0,6,,0,0,0,0,0,0,0,0,0,,3000,3000,,0,0,0,0
1613952528621,6,1010123456024,70,,1,0,24,1,2,,11.0095,843,183768,2.0384,240,0,6.33333,,0,0,0,0,0,0,0,0,0,,3000,3000,,0,0,0,0
1613952528871,6,1010123456024,70,,1,0,24,1,2,,10.9208,833,183343,2.02314,239,0,6.6,,0,0,0,0,0,0,0,0,0,,3000,2994,,0,0,0,0
1613952529121,6,1010123456024,70,,1,0,24,1,2,,11.2955,836,182936,2.09878,239,0,6.6,,15,16,0,0,4,100,0,2.025,0,,3000,3000,,0,0,0,10
1613952529371,6,1010123456024,70,,1,0,24,1,2,,11.2464,844,184399,2.16096,242,0,6.57143,,0.1,7,0,0.1,2,0,0,2.54592,31,,3000,3000,,0,0,0,1
1613952529621,6,1010123456024,70,,1,0,24,1,2,,10.8347,841,183703,2.01606,242,0,6.5,,0,0,0,0,0,0,0,0,0,,3000,3000,,0,0,0,0
1613952529871,6,1010123456024,70,,1,0,24,1,2,,10.1256,796,183035,1.88893,237,0,6,,0,9,247,0.1,3,33.3333,0,0,31,,3000,2988,,0,0,0,0
1613952530121,6,1010123456024,70,,1,0,24,1,2,,10.4802,808,184356,1.90762,231,0,6.66667,,0.1,74,0,0.1,20,35,0,3.34888,31,,3000,2994,,0,0,0,4.86486
1613952530371,6,1010123456024,70,,1,0,24,1,2,,10.4268,827,182957,2.06416,237,0,7,,0,0,0,0,0,0,0,0,0,,3000,3000,,0,0,0,0
1613952530621,6,1010123456024,70,,1,0,24,1,2,,13.0024,843,183402,2.74611,242,0,6.33333,,0,0,0,0,0,0,0,0,0,,3000,3000,,0,0,0,0
1613952530871,6,1010123456024,70,,1,0,24,1,2,,9.52311,822,183675,1.79325,239,0,5.83333,,15.5714,35,0,0.1,11,72.7273,0,7.52299,31,,3000,2994,,0,0,0,7.68571
1613952531121,6,1010123456024,70,,1,0,24,1,2,,11.8643,855,184097,2.27875,243,0,7,,0,0,0,0,0,0,0,0,0,,3000,3000,,0,0,0,0
1613952531370,6,1010123456024,70,,1,0,24,1,2,,9.15666,849,184211,1.78937,242,0,5.85714,,0,0,0,0,0,0,0,0,0,,3000,3000,,0,0,0,0
1613952531621,6,1010123456024,70,,1,0,24,1,2,,11.2765,839,184373,2.04461,238,0,6.5,,0,0,0,0,0,0,0,0,0,,3000,3000,,0,0,0,0
1613952531871,6,1010123456024,70,,1,0,24,1,2,,10.6063,828,183889,2.00141,240,0,6.33333,,0.1,35,0,0.1,10,40,0,3.98241,31,,3000,3000,,0,0,0,4.71429
1613952532121,6,1010123456024,70,,1,0,24,1,2,,8.74578,830,183440,1.66851,237,0,5.83333,,0,0,0,0,0,0,0,0,0,,3000,3000,,0,0,0,0
1613952532371,6,1010123456024,70,,1,0,24,1,2,,10.7158,834,183376,1.92925,237,0,6.28571,,0,0,0,0,0,0,0,0,0,,3000,3000,,0,0,0,0
1613952532621,6,1010123456024,70,,1,0,24,1,2,,11.6952,853,183776,2.27914,243,0,6.83333,,0,0,0,0,0,0,0,0,0,,3000,3000,,0,0,0,0
1613952532871,6,1010123456024,70,,1,0,24,1,2,,8.1198,818,183602,1.4687,233,0,5.33333,,0.1,14,15895,0.1,4,0,0,1.48319,31,,3000,2994,,0,0,0,1
1613952533121,6,1010123456024,70,,1,0,24,1,2,,12.2356,832,183786,2.61846,239,0,7,,0.1,36,0,0.1,10,60,0,3.29919,0,,3000,3000,,0,0,0,6.58333
1613952533370,6,1010123456024,70,,1,0,24,1,2,,10.9555,832,183810,2.0426,240,0,6.57143,,0,0,0,0,0,0,0,0,0,,3000,3000,,0,0,0,0
1613952533621,6,1010123456024,70,,1,0,24,1,2,,9.29078,846,182738,1.7703,242,0,6,,0,0,0,0,0,0,0,0,0,,3000,2994,,0,0,0,0
1613952533870,6,1010123456024,70,,1,0,24,1,2,,9.39218,844,182555,1.83116,241,0,5.83333,,0.1,36,0,0.1,11,54.5455,0,3.95678,31,,3000,2988,,0,0,0,6.33333
1613952534121,6,1010123456024,70,,1,0,24,1,2,,11.0177,846,183542,2.05933,242,0,6.5,,0,15,0,0,5,100,0,0,0,,3000,3000,,0,0,0,0
1613952534370,6,1010123456024,70,,1,0,24,1,2,,10.2743,853,183998,1.96186,243,0,6.28571,,0,0,0,0,0,0,0,0,0,,3000,3000,,0,0,0,0
1613952534621,6,1010123456024,70,,1,0,24,1,2,,10.3156,827,183410,1.89114,238,0,6,,0,0,0,0,0,0,0,0,0,,3000,3000,,0,0,0,0
1613952534871,6,1010123456024,70,,1,0,24,1,2,,10.6671,823,183662,1.94822,238,0,6.33333,,6.69643,56,0,0.1,16,50,0,4.91344,31,,3000,3000,,0,0,0,5.25
1613952535121,6,1010123456024,70,,1,0,24,1,2,,11.6897,841,183702,2.23299,241,0,6.83333,,0,0,0,0,0,0,0,0,0,,3000,3000,,0,0,0,0
1613952535371,6,1010123456024,70,,1,0,24,1,2,,10.6719,835,183938,2.06362,242,0,6.42857,,0,0,0,0,0,0,0,0,0,,3000,2994,,0,0,0,0
1613952535621,6,1010123456024,70,,1,0,24,1,2,,9.63392,855,183319,1.8465,247,0,6,,0,0,0,0,0,0,0,0,0,,3000,3000,,0,0,0,0
1613952535871,6,1010123456024,70,,1,0,24,1,2,,10.7671,820,184225,1.98214,238,0,6.33333,,0.1,11,88,0.1,3,0,0,9.64257,31,,3000,2994,,0,0,0,1
1613952536121,6,1010123456024,70,,1,0,24,1,2,,11.7399,838,183142,2.25418,243,0,7,,10.7143,35,0,0.1,10,80,0,3.76179,0,,3000,3000,,0,0,0,8.2
1613952536371,6,1010123456024,70,,1,0,24,1,2,,10.1611,832,159582,1.89219,239,0,6.28571,,0,0,0,0,0,0,0,0,0,,3000,3000,,0,0,0,0
1613952536621,6,1010123456024,70,,1,0,24,1,2,,11.8379,839,89522,2.28141,242,0,6.83333,,0,0,0,0,0,0,0,0,0,,3000,3000,,0,0,0,0
1613952536871,6,1010123456024,70,,1,0,24,1,2,,11.2649,823,25828,2.07699,238,0,6.33333,,5.33333,45,0,0.1,12,33.3333,0,4.35021,31,,3000,3000,,0,0,0,4.2
1613952537121,6,1010123456024,70,,1,0,24,1,2,,11.908,261,0,0.915648,83,0,8,,0,0,0,0,0,0,0,0,0,,1092,1095,,0,0,0,0
1613952537371,6,1010123456024,70,,1,0,24,1,2,,0,0,0,0,0,0,7,,0,0,0,0,0,0,0,0,0,,0,0,,0,0,0,0
1613952537621,6,1010123456024,70,,1,0,24,1,2,,0,0,0,0,0,0,7,,0,0,0,0,0,0,0,0,0,,0,0,,0,0,0,0
1613952537871,6,1010123456024,70,,1,0,24,1,2,,0,0,0,0,0,0,7,,0,0,0,0,0,0,0,0,0,,0,0,,0,0,0,0
1613952538121,6,1010123456024,70,,1,0,24,1,2,,0,0,0,0,0,0,6.83333,,0,0,0,0,0,0,0,0,0,,0,0,,0,0,0,0
1613952538370,6,1010123456024,70,,1,0,24,1,2,,0,0,0,0,0,0,7,,0,0,0,0,0,0,0,0,0,,0,0,,0,0,0,0
1613952538621,6,1010123456024,70,,1,0,24,1,2,,0,0,0,0,0,0,7,,0,0,0,0,0,0,0,0,0,,0,0,,0,0,0,0
1613952538870,6,1010123456024,70,,1,0,24,1,2,,0,0,0,0,0,0,6.83333,,0,0,0,0,0,0,0,0,0,,0,0,,0,0,0,0
1613952539121,6,1010123456024,70,,1,0,24,1,2,,0,0,0,0,0,0,7.25,,0,0,0,0,0,0,0,0,0,,0,0,,0,0,0,0
1613952539370,6,1010123456024,70,,1,0,24,1,2,,0,0,0,0,0,0,7.71429,,0,0,0,0,0,0,0,0,0,,0,0,,0,0,0,0
1613952539621,6,1010123456024,70,,1,0,24,1,2,,0,0,0,0,0,0,7.2,,0,0,0,0,0,0,0,0,0,,0,0,,0,0,0,0
1613952539871,6,1010123456024,70,,1,0,24,1,2,,0,0,0,0,0,0,7,,0,0,0,0,0,0,0,0,0,,0,0,,0,0,0,0
1613952540121,6,1010123456024,70,,1,0,24,1,2,,0,0,0,0,0,0,7,,0,0,0,0,0,0,0,0,0,,0,0,,0,0,0,0
1613952540370,6,1010123456024,70,,1,0,24,1,2,,0,0,0,0,0,0,7,,0,0,0,0,0,0,0,0,0,,0,0,,0,0,0,0
1613952540621,6,1010123456024,70,,1,0,24,1,2,,0,0,0,0,0,0,7.25,,0,0,0,0,0,0,0,0,0,,0,0,,0,0,0,0
1613952540871,6,1010123456024,70,,1,0,24,1,2,,0,0,0,0,0,0,7,,0,0,0,0,0,0,0,0,0,,0,0,,0,0,0,0
1613952541121,6,1010123456024,70,,1,0,24,1,2,,0,0,0,0,0,0,7,,0,0,0,0,0,0,0,0,0,,0,0,,0,0,0,0
1613952541370,6,1010123456024,70,,1,0,24,1,2,,0,0,0,0,0,0,7,,0,0,0,0,0,0,0,0,0,,0,0,,0,0,0,0
1613952541621,6,1010123456024,70,,1,0,24,1,2,,0,0,0,0,0,0,7,,0,0,0,0,0,0,0,0,0,,0,0,,0,0,0,0
1613952541871,6,1010123456024,70,,1,0,24,1,2,,0,0,0,0,0,0,7,,0,0,0,0,0,0,0,0,0,,0,0,,0,0,0,0
1613952542121,6,1010123456024,70,,1,0,24,1,2,,0,0,0,0,0,0,0.1,,0,0,0,0,0,0,0,0,0,,0,0,,0,0,0,0
1613952542370,6,1010123456024,70,,1,0,24,1,2,,0,0,0,0,0,0,0.1,,0,0,0,0,0,0,0,0,0,,0,0,,0,0,0,0
1613952542621,6,1010123456024,70,,1,0,24,1,2,,0,0,0,0,0,0,0.1,,0,0,0,0,0,0,0,0,0,,0,0,,0,0,0,0
1613952542871,6,1010123456024,70,,1,0,24,1,2,,0,0,0,0,0,0,0.1,,0,0,0,0,0,0,0,0,0,,0,0,,0,0,0,0
1613952543121,6,1010123456024,70,,1,0,24,1,2,,0,0,0,0,0,0,0.1,,0,0,0,0,0,0,0,0,0,,0,0,,0,0,0,0
1613952543371,6,1010123456024,70,,1,0,24,1,2,,0,0,0,0,0,0,0.1,,0,0,0,0,0,0,0,0,0,,0,0,,0,0,0,0
1613952543621,6,1010123456024,70,,1,0,24,1,2,,0,0,0,0,0,0,0.1,,0,0,0,0,0,0,0,0,0,,0,0,,0,0,0,0
1613952543871,6,1010123456024,70,,1,0,24,1,2,,0,0,0,0,0,0,0.1,,0,0,0,0,0,0,0,0,0,,0,0,,0,0,0,0
1613952544121,6,1010123456024,70,,1,0,24,1,2,,0,0,0,0,0,0,0.1,,0,0,0,0,0,0,0,0,0,,0,0,,0,0,0,0
1613952544371,6,1010123456024,70,,1,0,24,1,2,,0,0,0,0,0,0,0.1,,0,0,0,0,0,0,0,0,0,,0,0,,0,0,0,0
1613952544621,6,1010123456024,70,,1,0,24,1,2,,0,0,0,0,0,0,0.1,,0,0,0,0,0,0,0,0,0,,0,0,,0,0,0,0
1613952544871,6,1010123456024,70,,1,0,24,1,2,,0,0,0,0,0,0,0.1,,0,0,0,0,0,0,0,0,0,,0,0,,0,0,0,0
1613952545121,6,1010123456024,70,,1,0,24,1,2,,0,0,0,0,0,0,0.1,,0,0,0,0,0,0,0,0,0,,0,0,,0,0,0,0
1613952545386,5,1010123456024,70,,1,0,24,1,2,,0,0,0,0,0,0,0.1,,0,0,0,0,0,0,0,0,0,,0,0,,0,0,0,0
1613952545621,5,1010123456024,70,,1,0,24,1,2,,0,0,0,0,0,0,0.1,,0,0,0,0,0,0,0,0,0,,0,0,,0,0,0,0
