time,cc,pci,earfcn,rsrp,pl,cfo,dl_mcs,dl_snr,dl_turbo,dl_brate,dl_bler,ul_ta,ul_mcs,ul_buff,ul_brate,ul_bler,rf_o,rf_u,rf_l,is_attached
0,0,0,4294967295,0.0,0.0,0.0,0.0,0.0,0.0,0.0,0.0,0.0,0.0,0.0,0.0,0.0,0.0,0.0,0.0,0.0
249,0,0,3400,0.0,0.0,0.0,0.0,0.0,0.0,0.0,0.0,0.0,0.0,0.0,0.0,0.0,0.0,0.0,0.0,0.0
498,0,0,3400,0.0,0.0,0.0,0.0,0.0,0.0,0.0,0.0,0.0,0.0,0.0,0.0,0.0,0.0,0.0,0.0,0.0
747,0,1,3400,-57,57,1108.894897,0.56,15,0.14,585,0,0.0,0.0,0.0,0.0,0.0,0.0,0.0,0.0,0.0
996,0,1,3400,-57,57,1110.856201,3.0,16,0.41,2336.000000,0,0.0,0.0,33,224,0,0.0,0.0,0.0,1.0
1245,0,1,3400,-57,57,1111.122437,3.3,16,0.50,448,0,1.0,0.88,0.0,19520.000000,0,0.0,0.0,0.0,1.0
1494,0,1,3400,-57,57,1111.465088,0.36,15,0.50,1824.000000,0,2.1,12,24,0.0,0.0,0.0,0.0,0.0,1.0
1743,0,1,3400,-57,57,1109.634277,2.6,15,0.50,7648.000000,0,2.1,12,0.0,113632.000000,0,0.0,0.0,0.0,1.0
1992,0,1,3400,-57,57,1111.098022,1.5,15,0.50,0.0,0.0,2.1,12,0.0,0.0,0.0,0.0,0.0,0.0,1.0
2241,0,1,3400,-57,57,1111.526611,4.3,14,0.50,1824.000000,0,2.1,12,0.0,18080.000000,0,0.0,0.0,0.0,1.0
2490,0,1,3400,-57,57,1110.360962,5.5,15,0.50,0.0,0.0,2.1,12,0.0,0.0,0.0,0.0,0.0,0.0,1.0
2739,0,1,3400,-57,57,1110.216919,5.5,15,0.50,0.0,0.0,2.1,12,0.0,0.0,0.0,0.0,0.0,0.0,1.0
2988,0,1,3400,-57,57,1108.037842,5.5,15,0.50,0.0,0.0,2.1,12,0.0,0.0,0.0,0.0,0.0,0.0,1.0
3237,0,1,3400,-57,57,1105.242676,5.5,15,0.50,0.0,0.0,2.1,11,0.0,0.0,0.0,0.0,0.0,0.0,1.0
3486,0,1,3400,-57,57,1107.518066,5.5,16,0.50,0.0,0.0,2.1,12,0.0,0.0,0.0,0.0,0.0,0.0,1.0
3735,0,1,3400,-57,57,1111.353027,5.5,15,0.50,0.0,0.0,2.1,12,0.0,0.0,0.0,0.0,0.0,0.0,1.0
3984,0,1,3400,-57,57,1113.654175,5.5,16,0.50,0.0,0.0,2.1,12,0.0,0.0,0.0,0.0,0.0,0.0,1.0
4233,0,1,3400,-57,57,1106.968628,5.5,15,0.50,0.0,0.0,2.1,12,0.0,0.0,0.0,0.0,0.0,0.0,1.0
4482,0,1,3400,-57,57,1106.614380,5.5,15,0.50,0.0,0.0,2.1,12,0.0,0.0,0.0,0.0,0.0,0.0,1.0
4731,0,1,3400,-57,57,1106.764893,5.5,15,0.50,0.0,0.0,2.1,12,0.0,0.0,0.0,0.0,0.0,0.0,1.0
4980,0,1,3400,-57,57,1108.869507,5.5,15,0.50,0.0,0.0,2.1,12,0.0,0.0,0.0,0.0,0.0,0.0,1.0
5229,0,1,3400,-57,57,1115.023560,5.5,15,0.50,0.0,0.0,2.1,11,0.0,0.0,0.0,0.0,0.0,0.0,1.0
5478,0,1,3400,-57,57,1113.179321,5.5,15,0.50,0.0,0.0,2.1,12,0.0,0.0,0.0,0.0,0.0,0.0,1.0
5727,0,1,3400,-57,57,1106.867920,5.5,16,0.50,0.0,0.0,2.1,12,0.0,0.0,0.0,0.0,0.0,0.0,1.0
5976,0,1,3400,-57,57,1106.074463,5.5,15,0.50,0.0,0.0,2.1,12,0.0,0.0,0.0,0.0,0.0,0.0,1.0
6225,0,1,3400,-57,57,1105.753296,5.5,15,0.50,0.0,0.0,2.1,12,0.0,0.0,0.0,0.0,0.0,0.0,1.0
6474,0,1,3400,-57,57,1107.458740,5.5,15,0.50,0.0,0.0,2.1,12,0.0,0.0,0.0,0.0,0.0,0.0,1.0
6723,0,1,3400,-57,57,1108.231812,5.5,15,0.50,0.0,0.0,2.1,12,0.0,0.0,0.0,0.0,0.0,0.0,1.0
6972,0,1,3400,-57,57,1107.726196,5.5,15,0.50,0.0,0.0,2.1,12,0.0,0.0,0.0,0.0,0.0,0.0,1.0
7221,0,1,3400,-57,57,1108.621338,5.5,15,0.50,0.0,0.0,2.1,11,0.0,0.0,0.0,0.0,0.0,0.0,1.0
7470,0,1,3400,-57,57,1108.651367,5.5,15,0.50,0.0,0.0,2.1,12,0.0,0.0,0.0,0.0,0.0,0.0,1.0
7719,0,1,3400,-57,57,1109.012939,5.5,15,0.50,0.0,0.0,2.1,12,0.0,0.0,0.0,0.0,0.0,0.0,1.0
7968,0,1,3400,-57,57,1109.273438,5.5,16,0.50,0.0,0.0,2.1,12,0.0,0.0,0.0,0.0,0.0,0.0,1.0
8217,0,1,3400,-57,57,1110.071655,5.5,15,0.50,0.0,0.0,2.1,12,0.0,0.0,0.0,0.0,0.0,0.0,1.0
8466,0,1,3400,-57,57,1111.201172,5.5,16,0.50,0.0,0.0,2.1,12,0.0,0.0,0.0,0.0,0.0,0.0,1.0
8715,0,1,3400,-57,57,1112.507812,5.5,15,0.50,0.0,0.0,2.1,12,0.0,0.0,0.0,0.0,0.0,0.0,1.0
8964,0,1,3400,-57,57,1111.012695,5.5,15,0.50,0.0,0.0,2.1,12,0.0,0.0,0.0,0.0,0.0,0.0,1.0
9213,0,1,3400,-57,57,1112.079224,5.5,15,0.50,0.0,0.0,2.1,11,0.0,0.0,0.0,0.0,0.0,0.0,1.0
9462,0,1,3400,-57,57,1111.811035,5.5,16,0.50,0.0,0.0,2.1,12,0.0,17056.000000,0,0.0,0.0,0.0,1.0
9711,0,1,3400,-57,57,1112.875854,5.5,15,0.50,0.0,0.0,2.1,11,0.0,0.0,0.0,0.0,0.0,0.0,1.0
9960,0,1,3400,-57,57,1110.895996,5.5,15,0.50,0.0,0.0,2.1,12,0.0,0.0,0.0,0.0,0.0,0.0,1.0
10209,0,1,3400,-57,57,1110.272217,5.5,14,0.50,0.0,0.0,2.1,12,0.0,0.0,0.0,0.0,0.0,0.0,1.0
10458,0,1,3400,-57,57,1110.370972,5.5,15,0.50,0.0,0.0,2.1,12,0.0,0.0,0.0,0.0,0.0,0.0,1.0
10707,0,1,3400,-57,57,1109.740723,5.5,15,0.50,0.0,0.0,2.1,11,0.0,0.0,0.0,0.0,0.0,0.0,1.0
10956,0,1,3400,-57,57,1111.984619,5.5,15,0.50,0.0,0.0,2.1,12,0.0,0.0,0.0,0.0,0.0,0.0,1.0
11205,0,1,3400,-57,57,1111.849609,5.5,15,0.50,0.0,0.0,2.1,12,0.0,0.0,0.0,0.0,0.0,0.0,1.0
11454,0,1,3400,-57,57,1110.015015,5.5,15,0.50,0.0,0.0,2.1,12,0.0,0.0,0.0,0.0,0.0,0.0,1.0
11703,0,1,3400,-57,57,1109.215332,5.5,15,0.50,0.0,0.0,2.1,12,0.0,0.0,0.0,0.0,0.0,0.0,1.0
11952,0,1,3400,-57,57,1111.049805,5.5,15,0.50,0.0,0.0,2.1,11,0.0,0.0,0.0,0.0,0.0,0.0,1.0
12201,0,1,3400,-57,57,1112.039185,5.5,15,0.50,0.0,0.0,2.1,12,0.0,0.0,0.0,0.0,0.0,0.0,1.0
12450,0,1,3400,-57,57,1110.537231,5.5,15,0.50,0.0,0.0,2.1,11,0.0,0.0,0.0,0.0,0.0,0.0,1.0
12699,0,1,3400,-57,57,1109.547852,5.5,15,0.50,0.0,0.0,2.1,12,0.0,0.0,0.0,0.0,0.0,0.0,1.0
12948,0,1,3400,-57,57,1110.099609,5.5,15,0.50,0.0,0.0,2.1,12,0.0,0.0,0.0,0.0,0.0,0.0,1.0
13197,0,1,3400,-57,57,1112.941528,5.5,15,0.50,0.0,0.0,2.1,12,0.0,0.0,0.0,0.0,0.0,0.0,1.0
13447,0,1,3400,-57,57,1106.158691,5.5,16,0.50,0.0,0.0,2.1,12,0.0,0.0,0.0,0.0,0.0,0.0,1.0
13696,0,1,3400,-57,57,1106.090698,5.5,15,0.50,0.0,0.0,2.1,12,0.0,0.0,0.0,0.0,0.0,0.0,1.0
13945,0,1,3400,-57,57,1106.609009,5.5,16,0.50,0.0,0.0,2.1,11,0.0,0.0,0.0,0.0,0.0,0.0,1.0
14194,0,1,3400,-57,57,1111.100098,5.5,15,0.50,0.0,0.0,2.1,12,0.0,0.0,0.0,0.0,0.0,0.0,1.0
14443,0,1,3400,-57,57,1112.747070,5.5,14,0.50,0.0,0.0,2.1,11,0.0,0.0,0.0,0.0,0.0,0.0,1.0
14692,0,1,3400,-57,57,1111.004272,5.5,15,0.50,0.0,0.0,2.1,12,0.0,0.0,0.0,0.0,0.0,0.0,1.0
14941,0,1,3400,-57,57,1110.377319,5.5,16,0.50,0.0,0.0,2.1,12,0.0,0.0,0.0,0.0,0.0,0.0,1.0
15190,0,1,3400,-57,57,1112.932617,5.5,15,0.50,0.0,0.0,2.1,12,0.0,0.0,0.0,0.0,0.0,0.0,1.0
15439,0,1,3400,-57,57,1117.814453,5.5,15,0.50,0.0,0.0,2.1,11,0.0,0.0,0.0,0.0,0.0,0.0,1.0
15688,0,1,3400,-57,57,1115.060913,5.5,15,0.50,0.0,0.0,2.1,12,0.0,0.0,0.0,0.0,0.0,0.0,1.0
15937,0,1,3400,-57,57,1109.302734,5.5,15,0.50,0.0,0.0,2.1,12,0.0,0.0,0.0,0.0,0.0,0.0,1.0
16186,0,1,3400,-57,57,1106.244019,5.5,15,0.50,0.0,0.0,2.1,12,0.0,0.0,0.0,0.0,0.0,0.0,1.0
16435,0,1,3400,-57,57,1108.207520,5.5,16,0.50,0.0,0.0,2.1,11,0.0,0.0,0.0,0.0,0.0,0.0,1.0
16684,0,1,3400,-57,57,1107.588867,5.5,14,0.50,0.0,0.0,2.1,12,0.0,0.0,0.0,0.0,0.0,0.0,1.0
16933,0,1,3400,-57,57,1111.892456,5.5,15,0.50,0.0,0.0,2.1,12,0.0,0.0,0.0,0.0,0.0,0.0,1.0
17182,0,1,3400,-57,57,1108.176880,5.5,15,0.50,0.0,0.0,2.1,12,0.0,0.0,0.0,0.0,0.0,0.0,1.0
17431,0,1,3400,-57,57,1104.672241,5.5,15,0.50,0.0,0.0,2.1,12,0.0,0.0,0.0,0.0,0.0,0.0,1.0
17680,0,1,3400,-57,57,1108.614746,5.5,15,0.50,0.0,0.0,2.1,12,0.0,0.0,0.0,0.0,0.0,0.0,1.0
17929,0,1,3400,-57,57,1110.055420,5.5,14,0.50,0.0,0.0,2.1,11,0.0,0.0,0.0,0.0,0.0,0.0,1.0
18178,0,1,3400,-57,57,1107.959595,5.5,15,0.50,0.0,0.0,2.1,12,0.0,0.0,0.0,0.0,0.0,0.0,1.0
18427,0,1,3400,-57,57,1109.143555,5.5,16,0.50,0.0,0.0,2.1,11,0.0,0.0,0.0,0.0,0.0,0.0,1.0
18676,0,1,3400,-57,57,1108.378418,5.5,15,0.50,0.0,0.0,2.1,12,0.0,0.0,0.0,0.0,0.0,0.0,1.0
18925,0,1,3400,-57,57,1106.228516,5.5,14,0.50,0.0,0.0,2.1,11,0.0,0.0,0.0,0.0,0.0,0.0,1.0
19174,0,1,3400,-57,57,1106.939209,5.5,15,0.50,0.0,0.0,2.1,12,0.0,0.0,0.0,0.0,0.0,0.0,1.0
19423,0,1,3400,-57,57,1106.619507,5.5,15,0.50,0.0,0.0,2.1,12,0.0,0.0,0.0,0.0,0.0,0.0,1.0
19672,0,1,3400,-57,57,1108.952637,5.5,15,0.50,0.0,0.0,2.1,12,0.0,0.0,0.0,0.0,0.0,0.0,1.0
19921,0,1,3400,-57,57,1108.996094,5.5,15,0.50,0.0,0.0,2.1,11,0.0,0.0,0.0,0.0,0.0,0.0,1.0
20170,0,1,3400,-57,57,1111.071777,5.5,15,0.50,0.0,0.0,2.1,12,0.0,0.0,0.0,0.0,0.0,0.0,1.0
20419,0,1,3400,-57,57,1110.543457,5.5,15,0.50,0.0,0.0,2.1,12,0.0,0.0,0.0,0.0,0.0,0.0,1.0
20668,0,1,3400,-57,57,1112.109863,5.5,15,0.50,0.0,0.0,2.1,12,0.0,0.0,0.0,0.0,0.0,0.0,1.0
20917,0,1,3400,-57,57,1109.990479,5.5,14,0.50,0.0,0.0,2.1,11,0.0,0.0,0.0,0.0,0.0,0.0,1.0
21166,0,1,3400,-57,57,1108.080444,5.5,16,0.50,0.0,0.0,2.1,12,0.0,0.0,0.0,0.0,0.0,0.0,1.0
21415,0,1,3400,-57,57,1111.124634,5.5,15,0.50,0.0,0.0,2.1,12,0.0,0.0,0.0,0.0,0.0,0.0,1.0
21664,0,1,3400,-57,57,1117.721924,5.5,15,0.50,0.0,0.0,2.1,12,0.0,0.0,0.0,0.0,0.0,0.0,1.0
21913,0,1,3400,-57,57,1115.987061,5.5,15,0.50,0.0,0.0,2.1,11,0.0,0.0,0.0,0.0,0.0,0.0,1.0
22162,0,1,3400,-57,57,1113.013306,5.5,15,0.50,0.0,0.0,2.1,12,0.0,0.0,0.0,0.0,0.0,0.0,1.0
22411,0,1,3400,-57,57,1114.809204,5.5,15,0.50,0.0,0.0,2.1,11,0.0,0.0,0.0,0.0,0.0,0.0,1.0
22660,0,1,3400,-57,57,1113.941040,5.5,14,0.50,0.0,0.0,2.1,12,0.0,0.0,0.0,0.0,0.0,0.0,1.0
22909,0,1,3400,-57,57,1110.513306,5.5,15,0.50,0.0,0.0,2.1,12,0.0,0.0,0.0,0.0,0.0,0.0,1.0
23158,0,1,3400,-57,57,1109.101807,5.5,15,0.50,0.0,0.0,2.1,12,0.0,0.0,0.0,0.0,0.0,0.0,1.0
23407,0,1,3400,-57,57,1110.205322,5.5,15,0.50,0.0,0.0,2.1,12,0.0,0.0,0.0,0.0,0.0,0.0,1.0
23656,0,1,3400,-57,57,1108.870605,5.5,15,0.50,0.0,0.0,2.1,12,0.0,0.0,0.0,0.0,0.0,0.0,1.0
23905,0,1,3400,-57,57,1110.879395,5.5,15,0.50,0.0,0.0,2.1,11,0.0,0.0,0.0,0.0,0.0,0.0,1.0
24154,0,1,3400,-57,57,1114.439819,5.5,15,0.50,0.0,0.0,2.1,12,0.0,0.0,0.0,0.0,0.0,0.0,1.0
24403,0,1,3400,-57,57,1111.635986,5.5,15,0.50,0.0,0.0,2.1,12,0.0,0.0,0.0,0.0,0.0,0.0,1.0
24652,0,1,3400,-57,57,1107.886108,5.5,15,0.50,0.0,0.0,2.1,12,0.0,0.0,0.0,0.0,0.0,0.0,1.0
24901,0,1,3400,-57,57,1108.531860,5.5,15,0.50,0.0,0.0,2.1,11,0.0,0.0,0.0,0.0,0.0,0.0,1.0
25150,0,1,3400,-57,57,1108.039551,5.5,15,0.50,0.0,0.0,2.1,12,0.0,0.0,0.0,0.0,0.0,0.0,1.0
25399,0,1,3400,-57,57,1109.613770,5.5,15,0.50,0.0,0.0,2.1,11,0.0,0.0,0.0,0.0,0.0,0.0,1.0
25648,0,1,3400,-57,57,1107.349365,5.5,15,0.50,0.0,0.0,2.1,12,0.0,0.0,0.0,0.0,0.0,0.0,1.0
25897,0,1,3400,-57,57,1108.896606,5.5,15,0.50,0.0,0.0,2.1,12,0.0,0.0,0.0,0.0,0.0,0.0,1.0
26146,0,1,3400,-57,57,1113.584961,5.5,15,0.50,0.0,0.0,2.1,12,0.0,0.0,0.0,0.0,0.0,0.0,1.0
26395,0,1,3400,-57,57,1109.996948,5.5,15,0.50,0.0,0.0,2.1,12,0.0,0.0,0.0,0.0,0.0,0.0,1.0
26644,0,1,3400,-57,57,1108.081177,5.5,16,0.50,0.0,0.0,2.1,12,0.0,0.0,0.0,0.0,0.0,0.0,1.0
26893,0,1,3400,-57,57,1108.696045,5.5,16,0.50,0.0,0.0,2.1,12,0.0,0.0,0.0,0.0,0.0,0.0,1.0
27142,0,1,3400,-57,57,1104.504761,5.5,15,0.50,0.0,0.0,2.1,12,0.0,0.0,0.0,0.0,0.0,0.0,1.0
27391,0,1,3400,-57,57,1103.245972,5.5,16,0.50,0.0,0.0,2.1,12,0.0,0.0,0.0,0.0,0.0,0.0,1.0
27640,0,1,3400,-57,57,1105.902588,5.5,15,0.50,0.0,0.0,2.1,12,0.0,0.0,0.0,0.0,0.0,0.0,1.0
27889,0,1,3400,-57,57,1105.599487,5.5,15,0.50,0.0,0.0,2.1,12,0.0,0.0,0.0,0.0,0.0,0.0,1.0
28138,0,1,3400,-57,57,1107.624023,5.5,15,0.50,0.0,0.0,2.1,12,0.0,0.0,0.0,0.0,0.0,0.0,1.0
28387,0,1,3400,-57,57,1115.346924,5.5,15,0.50,0.0,0.0,2.1,11,0.0,0.0,0.0,0.0,0.0,0.0,1.0
28636,0,1,3400,-57,57,1107.583496,5.5,15,0.50,0.0,0.0,2.1,12,0.0,0.0,0.0,0.0,0.0,0.0,1.0
28885,0,1,3400,-57,57,1103.984131,5.5,15,0.50,0.0,0.0,2.1,11,0.0,0.0,0.0,0.0,0.0,0.0,1.0
29134,0,1,3400,-57,57,1104.285645,5.5,15,0.50,0.0,0.0,2.1,12,0.0,0.0,0.0,0.0,0.0,0.0,1.0
29383,0,1,3400,-57,57,1106.114624,5.5,15,0.50,0.0,0.0,2.1,12,0.0,0.0,0.0,0.0,0.0,0.0,1.0
29632,0,1,3400,-57,57,1105.601562,5.5,15,0.50,0.0,0.0,2.1,12,0.0,0.0,0.0,0.0,0.0,0.0,1.0
29881,0,1,3400,-57,57,1105.915283,5.5,15,0.50,0.0,0.0,2.1,11,0.0,0.0,0.0,0.0,0.0,0.0,1.0
30130,0,1,3400,-57,57,1106.410889,5.5,15,0.50,0.0,0.0,2.1,12,0.0,0.0,0.0,0.0,0.0,0.0,1.0
30379,0,1,3400,-57,57,1109.294312,5.5,15,0.50,0.0,0.0,2.1,12,0.0,0.0,0.0,0.0,0.0,0.0,1.0
30628,0,1,3400,-57,57,1106.065308,5.5,15,0.50,0.0,0.0,2.1,12,0.0,0.0,0.0,0.0,0.0,0.0,1.0
30877,0,1,3400,-57,57,1106.929932,5.5,15,0.50,0.0,0.0,2.1,12,0.0,0.0,0.0,0.0,0.0,0.0,1.0
31126,0,1,3400,-57,57,1108.796631,5.5,15,0.50,0.0,0.0,2.1,12,0.0,0.0,0.0,0.0,0.0,0.0,1.0
31375,0,1,3400,-57,57,1112.369141,5.5,16,0.50,0.0,0.0,2.1,11,0.0,0.0,0.0,0.0,0.0,0.0,1.0
31624,0,1,3400,-57,57,1111.769897,5.5,15,0.50,0.0,0.0,2.1,12,0.0,0.0,0.0,0.0,0.0,0.0,1.0
31873,0,1,3400,-57,57,1105.388184,5.5,14,0.50,0.0,0.0,2.1,11,0.0,0.0,0.0,0.0,0.0,0.0,1.0
32122,0,1,3400,-57,57,1104.478271,5.5,15,0.50,0.0,0.0,2.1,12,0.0,0.0,0.0,0.0,0.0,0.0,1.0
32371,0,1,3400,-57,57,1107.968262,5.5,15,0.50,0.0,0.0,2.1,11,0.0,0.0,0.0,0.0,0.0,0.0,1.0
32620,0,1,3400,-57,57,1107.900024,5.5,16,0.50,0.0,0.0,2.1,12,0.0,0.0,0.0,0.0,0.0,0.0,1.0
32869,0,1,3400,-57,57,1109.489990,5.5,15,0.50,0.0,0.0,2.1,12,0.0,0.0,0.0,0.0,0.0,0.0,1.0
33118,0,1,3400,-57,57,1108.306396,5.5,15,0.50,0.0,0.0,2.1,12,0.0,0.0,0.0,0.0,0.0,0.0,1.0
33367,0,1,3400,-57,57,1107.916504,5.5,15,0.50,0.0,0.0,2.1,11,0.0,0.0,0.0,0.0,0.0,0.0,1.0
33616,0,1,3400,-57,57,1108.235840,5.5,16,0.50,0.0,0.0,2.1,12,0.0,0.0,0.0,0.0,0.0,0.0,1.0
33865,0,1,3400,-57,57,1108.615479,5.5,15,0.50,0.0,0.0,2.1,12,0.0,0.0,0.0,0.0,0.0,0.0,1.0
34114,0,1,3400,-57,57,1110.639893,5.5,15,0.50,0.0,0.0,2.1,12,0.0,0.0,0.0,0.0,0.0,0.0,1.0
34363,0,1,3400,-57,57,1111.337036,5.5,15,0.50,0.0,0.0,2.1,12,0.0,0.0,0.0,0.0,0.0,0.0,1.0
34612,0,1,3400,-57,57,1111.960815,5.5,15,0.50,0.0,0.0,2.1,12,0.0,0.0,0.0,0.0,0.0,0.0,1.0
34861,0,1,3400,-57,57,1114.219238,5.5,15,0.50,0.0,0.0,2.1,11,0.0,0.0,0.0,0.0,0.0,0.0,1.0
35110,0,1,3400,-57,57,1113.076538,5.5,15,0.50,0.0,0.0,2.1,12,0.0,0.0,0.0,0.0,0.0,0.0,1.0
35359,0,1,3400,-57,57,1103.445923,5.5,15,0.50,0.0,0.0,2.1,12,0.0,0.0,0.0,0.0,0.0,0.0,1.0
35608,0,1,3400,-57,57,1102.996094,5.5,15,0.50,0.0,0.0,2.1,12,0.0,0.0,0.0,0.0,0.0,0.0,1.0
35857,0,1,3400,-57,57,1107.474976,5.5,15,0.50,0.0,0.0,2.1,11,0.0,0.0,0.0,0.0,0.0,0.0,1.0
36106,0,1,3400,-57,57,1110.448975,5.5,15,0.50,0.0,0.0,2.1,12,0.0,0.0,0.0,0.0,0.0,0.0,1.0
36355,0,1,3400,-57,57,1108.286133,5.5,15,0.50,0.0,0.0,2.1,11,0.0,0.0,0.0,0.0,0.0,0.0,1.0
36604,0,1,3400,-57,57,1107.432373,5.5,16,0.50,0.0,0.0,2.1,12,0.0,0.0,0.0,0.0,0.0,0.0,1.0
36853,0,1,3400,-57,57,1107.736450,5.5,15,0.50,0.0,0.0,2.1,12,0.0,0.0,0.0,0.0,0.0,0.0,1.0
37102,0,1,3400,-57,57,1107.569580,5.5,15,0.50,0.0,0.0,2.1,12,0.0,0.0,0.0,0.0,0.0,0.0,1.0
37351,0,1,3400,-57,57,1110.286743,5.5,15,0.50,0.0,0.0,2.1,12,0.0,0.0,0.0,0.0,0.0,0.0,1.0
37600,0,1,3400,-57,57,1110.023315,5.5,16,0.50,0.0,0.0,2.1,12,0.0,0.0,0.0,0.0,0.0,0.0,1.0
37849,0,1,3400,-57,57,1112.271484,5.5,15,0.50,0.0,0.0,2.1,12,0.0,0.0,0.0,0.0,0.0,0.0,1.0
38098,0,1,3400,-57,57,1108.013428,5.5,14,0.50,0.0,0.0,2.1,12,0.0,0.0,0.0,0.0,0.0,0.0,1.0
38347,0,1,3400,-57,57,1103.015137,5.5,15,0.50,0.0,0.0,2.1,11,0.0,0.0,0.0,0.0,0.0,0.0,1.0
38596,0,1,3400,-57,57,1100.765991,5.5,15,0.50,0.0,0.0,2.1,12,0.0,0.0,0.0,0.0,0.0,0.0,1.0
38845,0,1,3400,-57,57,1104.517944,5.5,15,0.50,0.0,0.0,2.1,12,0.0,0.0,0.0,0.0,0.0,0.0,1.0
39094,0,1,3400,-57,57,1106.148560,5.5,15,0.50,0.0,0.0,2.1,12,0.0,0.0,0.0,0.0,0.0,0.0,1.0
39343,0,1,3400,-57,57,1104.201416,5.5,15,0.50,0.0,0.0,2.1,12,0.0,0.0,0.0,0.0,0.0,0.0,1.0
39592,0,1,3400,-57,57,1106.032471,5.5,15,0.50,0.0,0.0,2.1,12,0.0,0.0,0.0,0.0,0.0,0.0,1.0
39841,0,1,3400,-57,57,1105.906372,5.5,14,0.50,0.0,0.0,2.1,11,0.0,0.0,0.0,0.0,0.0,0.0,1.0
40090,0,1,3400,-57,57,1104.027954,5.5,15,0.50,0.0,0.0,2.1,12,0.0,0.0,0.0,0.0,0.0,0.0,1.0
40339,0,1,3400,-57,57,1103.861938,5.5,15,0.50,0.0,0.0,2.1,11,0.0,0.0,0.0,0.0,0.0,0.0,1.0
40588,0,1,3400,-57,57,1107.145874,5.5,15,0.50,0.0,0.0,2.1,12,0.0,0.0,0.0,0.0,0.0,0.0,1.0
40837,0,1,3400,-57,57,1110.788452,5.5,15,0.50,0.0,0.0,2.1,12,0.0,0.0,0.0,0.0,0.0,0.0,1.0
41086,0,1,3400,-57,57,1113.944214,5.5,16,0.50,0.0,0.0,2.1,12,0.0,0.0,0.0,0.0,0.0,0.0,1.0
41335,0,1,3400,-57,57,1111.897461,5.5,15,0.50,0.0,0.0,2.1,11,0.0,0.0,0.0,0.0,0.0,0.0,1.0
41584,0,1,3400,-57,57,1108.794922,5.5,16,0.50,0.0,0.0,2.1,12,0.0,0.0,0.0,0.0,0.0,0.0,1.0
41833,0,1,3400,-57,57,1108.788574,5.5,15,0.50,0.0,0.0,2.1,12,0.0,0.0,0.0,0.0,0.0,0.0,1.0
42082,0,1,3400,-57,57,1108.433472,5.5,15,0.50,0.0,0.0,2.1,12,0.0,0.0,0.0,0.0,0.0,0.0,1.0
42331,0,1,3400,-57,57,1110.252441,5.5,15,0.50,0.0,0.0,2.1,12,0.0,0.0,0.0,0.0,0.0,0.0,1.0
42580,0,1,3400,-57,57,1112.661255,5.5,15,0.50,0.0,0.0,2.1,11,0.0,0.0,0.0,0.0,0.0,0.0,1.0
42829,0,1,3400,-57,57,1117.906494,5.5,15,0.50,0.0,0.0,2.1,11,0.0,0.0,0.0,0.0,0.0,0.0,1.0
43078,0,1,3400,-57,57,1119.529907,5.5,15,0.50,0.0,0.0,2.1,12,0.0,0.0,0.0,0.0,0.0,0.0,1.0
43327,0,1,3400,-57,57,1113.711670,5.5,15,0.50,0.0,0.0,2.1,12,0.0,0.0,0.0,0.0,0.0,0.0,1.0
43576,0,1,3400,-57,57,1109.543701,5.5,15,0.50,0.0,0.0,2.1,12,0.0,0.0,0.0,0.0,0.0,0.0,1.0
43825,0,1,3400,-57,57,1114.948242,5.5,15,0.50,0.0,0.0,2.1,12,0.0,0.0,0.0,0.0,0.0,0.0,1.0
44074,0,1,3400,-57,57,1114.550293,5.5,15,0.50,0.0,0.0,2.1,12,0.0,0.0,0.0,0.0,0.0,0.0,1.0
44323,0,1,3400,-57,57,1113.198242,5.5,15,0.50,0.0,0.0,2.1,11,0.0,0.0,0.0,0.0,0.0,0.0,1.0
44572,0,1,3400,-57,57,1106.646606,5.5,16,0.50,0.0,0.0,2.1,12,0.0,0.0,0.0,0.0,0.0,0.0,1.0
44821,0,1,3400,-57,57,1104.372314,5.5,15,0.50,0.0,0.0,2.1,11,0.0,0.0,0.0,0.0,0.0,0.0,1.0
45070,0,1,3400,-57,57,1104.498413,5.5,15,0.50,0.0,0.0,2.1,12,0.0,0.0,0.0,0.0,0.0,0.0,1.0
45319,0,1,3400,-57,57,1102.925415,5.5,15,0.50,0.0,0.0,2.1,12,0.0,0.0,0.0,0.0,0.0,0.0,1.0
45568,0,1,3400,-57,57,1108.176025,5.5,15,0.50,0.0,0.0,2.1,12,0.0,0.0,0.0,0.0,0.0,0.0,1.0
45817,0,1,3400,-57,57,1106.944214,5.5,15,0.50,0.0,0.0,2.1,12,0.0,0.0,0.0,0.0,0.0,0.0,1.0
46066,0,1,3400,-57,57,1112.575317,6.3,16,0.50,23168.000000,0,2.1,12,371,29504.000000,0,0.0,0.0,0.0,1.0
46315,0,1,3400,-57,57,1112.443970,9.0,15,0.53,79296.000000,7,2.1,4.7,0.0,46624.000000,40,0.0,0.0,0.0,1.0
46564,0,1,3400,-57,57,1108.015747,9.0,15,0.54,97824.000000,4,2.1,0.0,0.0,0.0,0.0,0.0,0.0,0.0,1.0
46813,0,1,3400,-57,57,1108.571289,10.0,15,0.67,70560.000000,5,2.1,0.0,0.0,0.0,0.0,0.0,0.0,0.0,1.0
47062,0,1,3400,-57,57,1109.978271,9.9,15,0.78,60000.000000,12,2.1,0.24,0.0,4384.000000,25,0.0,0.0,0.0,1.0
47311,0,1,3400,-57,57,1110.513062,9.0,14,0.50,38208.000000,0,2.1,0.57,0.0,6560.000000,43,0.0,0.0,0.0,1.0
47560,0,1,3400,-57,57,1110.690796,8.1,15,0.51,48128.000000,0,2.1,0.0,0.0,0.0,0.0,0.0,0.0,0.0,1.0
47809,0,1,3400,-57,57,1111.580566,9.7,15,0.50,80064.000000,0,2.1,0.0,0.0,0.0,0.0,0.0,0.0,0.0,1.0
48058,0,1,3400,-57,57,1106.857178,10.0,15,0.50,48352.000000,0,2.1,0.24,0.0,9920.000000,0,0.0,0.0,0.0,1.0
48307,0,1,3400,-57,57,1108.123535,8.5,15,0.55,54464.000000,6,2.1,16,0.0,170976.000000,64,0.0,0.0,0.0,1.0
48556,0,1,3400,-57,57,1105.340698,8.5,15,0.51,40544.000000,5,2.1,16,0.0,0.0,0.0,0.0,0.0,0.0,1.0
48805,0,1,3400,-57,57,1103.986694,10,16,0.50,58976.000000,0,2.1,16,0.0,0.0,0.0,0.0,0.0,0.0,1.0
49054,0,1,3400,-57,57,1107.317383,9.1,15,0.51,81216.000000,2,2.1,13,0.0,10464.000000,36,0.0,0.0,0.0,1.0
49303,0,1,3400,-57,57,1107.349854,9.6,15,0.50,50528.000000,0,2.1,0.0,0.0,0.0,0.0,0.0,0.0,0.0,1.0
49552,0,1,3400,-57,57,1108.613037,9.4,15,0.53,59680.000000,6,2.1,0.0,0.0,0.0,0.0,0.0,0.0,0.0,1.0
49801,0,1,3400,-57,57,1106.549683,10,15,0.95,53792.000000,3,2.1,0.0,0.0,0.0,0.0,0.0,0.0,0.0,1.0
50050,0,1,3400,-57,57,1104.752075,8.9,14,0.50,48352.000000,0,2.1,0.60,0.0,0.0,67,0.0,0.0,0.0,1.0
50299,0,1,3400,-57,57,1107.120850,7.8,15,0.50,43008.000000,0,2.1,11,0.0,35040.000000,50,0.0,0.0,0.0,1.0
50548,0,1,3400,-57,57,1107.411987,11,14,0.61,54048.000000,7,2.1,14,0.0,0.0,0.0,0.0,0.0,0.0,1.0
50797,0,1,3400,-57,57,1105.828125,13,16,0.50,63904.000000,0,2.1,14,0.0,0.0,0.0,0.0,0.0,0.0,1.0
51046,0,1,3400,-57,57,1107.744385,9.6,15,0.63,53888.000000,7,2.1,13,0.0,9920.000000,0,0.0,0.0,0.0,1.0
51295,0,1,3400,-57,57,1110.952759,9.3,14,0.92,39232.000000,5,2.1,0.0,0.0,37088.000000,7,0.0,0.0,0.0,1.0
51544,0,1,3400,-57,57,1109.271729,9.0,15,0.50,22112.000000,0,2.1,0.0,0.0,0.0,0.0,0.0,0.0,0.0,1.0
51793,0,1,3400,-57,57,1106.009155,11,15,0.55,80576.000000,0,2.1,0.064,0.0,0.0,0.0,0.0,0.0,0.0,1.0
52042,0,1,3400,-57,57,1106.704712,9.1,15,0.57,45216.000000,4,2.1,0.57,0.0,9216.000000,17,0.0,0.0,0.0,1.0
52291,0,1,3400,-57,57,1106.495361,8.5,15,0.50,70592.000000,0,2.1,19,0.0,17568.000000,45,0.0,0.0,0.0,1.0
52540,0,1,3400,-57,57,1107.766846,10,15,0.57,80256.000000,3,2.1,21,0.0,0.0,0.0,0.0,0.0,0.0,1.0
52789,0,1,3400,-57,57,1112.068604,9.6,15,0.52,48320.000000,0,2.1,21,0.0,0.0,0.0,0.0,0.0,0.0,1.0
53038,0,1,3400,-57,57,1107.222900,7.5,15,0.57,48832.000000,0,2.1,20,0.0,23488.000000,0,0.0,0.0,0.0,1.0
53287,0,1,3400,-57,57,1101.723389,9.7,14,0.50,53312.000000,0,2.1,14,0.0,0.0,0.0,0.0,0.0,0.0,1.0
53536,0,1,3400,-57,57,1102.975098,9.0,15,0.52,74752.000000,0,2.1,14,0.0,0.0,0.0,0.0,0.0,0.0,1.0
53785,0,1,3400,-57,57,1106.687500,9.1,15,1.1,54400.000000,6,2.1,13,0.0,0.0,0.0,0.0,0.0,0.0,1.0
54034,0,1,3400,-57,57,1106.617554,8.5,14,0.56,51328.000000,3,2.1,14,0.0,23488.000000,0,0.0,0.0,0.0,1.0
54283,0,1,3400,-57,57,1105.719360,7.9,15,0.50,53760.000000,0,2.1,13,0.0,0.0,0.0,0.0,0.0,0.0,1.0
54532,0,1,3400,-57,57,1108.619263,8.0,15,0.50,32320.000000,0,2.1,14,0.0,0.0,0.0,0.0,0.0,0.0,1.0
54781,0,1,3400,-57,57,1106.421387,9.3,15,0.61,59200.000000,0,2.1,14,0.0,0.0,0.0,0.0,0.0,0.0,1.0
55030,0,1,3400,-57,57,1105.596313,8.2,15,0.64,70112.000000,0,2.1,14,186,0.0,0.0,0.0,0.0,0.0,1.0
55279,0,1,3400,-57,57,1107.349609,8.7,14,0.50,38272.000000,0,2.1,13,0.0,23488.000000,0,0.0,0.0,0.0,1.0
55528,0,1,3400,-57,57,1110.032837,8.7,15,0.56,59712.000000,3,2.1,14,0.0,0.0,0.0,0.0,0.0,0.0,1.0
55777,0,1,3400,-57,57,1112.126831,11,15,0.76,32064.000000,0,2.1,14,0.0,0.0,0.0,0.0,0.0,0.0,1.0
56026,0,1,3400,-57,57,1111.948364,9.2,15,0.50,53536.000000,0,2.1,14,0.0,0.0,80,0.0,0.0,0.0,1.0
56275,0,1,3400,-57,57,1108.558838,7.9,16,0.50,59136.000000,0,2.1,15,0.0,0.0,0.0,0.0,0.0,0.0,1.0
56524,0,1,3400,-57,57,1110.979126,7.8,15,0.50,51072.000000,0,2.1,15,0.0,0.0,0.0,0.0,0.0,0.0,1.0
56773,0,1,3400,-57,57,1112.051025,10,15,0.60,99968.000000,0,2.1,15,0.0,0.0,0.0,0.0,0.0,0.0,1.0
57022,0,1,3400,-57,57,1106.904419,8.7,15,0.57,72672.000000,3,2.1,14,0.0,3488.000000,25,0.0,0.0,0.0,1.0
57271,0,1,3400,-57,57,1105.702637,10,15,0.80,79968.000000,7,2.1,0.53,0.0,6976.000000,43,0.0,0.0,0.0,1.0
57520,0,1,3400,-57,57,1107.525269,8.9,15,0.50,64416.000000,0,2.1,0.0,0.0,0.0,0.0,0.0,0.0,0.0,1.0
57769,0,1,3400,-57,57,1108.488770,9.4,15,0.50,31104.000000,0,2.1,0.0,0.0,0.0,0.0,0.0,0.0,0.0,1.0
58018,0,1,3400,-57,57,1108.363281,9.9,15,0.50,76224.000000,0,2.1,1.8,0.0,0.0,80,0.0,0.0,0.0,1.0
58267,0,1,3400,-57,57,1109.165527,10,15,0.65,78144.000000,2,2.1,7.7,0.0,0.0,0.0,0.0,0.0,0.0,1.0
58516,0,1,3400,-57,57,1113.579468,9.8,15,0.64,67296.000000,3,2.1,7.5,0.0,0.0,0.0,0.0,0.0,0.0,1.0
58765,0,1,3400,-57,57,1113.352173,8.9,15,0.52,37856.000000,5,2.1,7.5,0.0,0.0,0.0,0.0,0.0,0.0,1.0
59014,0,1,3400,-57,57,1108.827026,11,15,0.50,40416.000000,0,2.1,7.5,0.0,0.0,0.0,0.0,0.0,0.0,1.0
59263,0,1,3400,-57,57,1107.870361,9.9,15,0.79,58880.000000,3,2.1,2.1,0.0,8160.000000,17,0.0,0.0,0.0,1.0
59512,0,1,3400,-57,57,1105.257690,8.7,14,0.77,59136.000000,3,2.1,0.0,0.0,0.0,0.0,0.0,0.0,0.0,1.0
59761,0,1,3400,-57,57,1103.910156,8.1,15,0.53,70144.000000,0,2.1,0.0,0.0,0.0,0.0,0.0,0.0,0.0,1.0
60010,0,1,3400,-57,57,1108.577515,7.8,15,0.50,51712.000000,0,2.1,0.18,0.0,8160.000000,0,0.0,0.0,0.0,1.0
60259,0,1,3400,-57,57,1114.095337,7.7,16,0.50,59360.000000,0,2.1,0.0,0.0,0.0,0.0,0.0,0.0,0.0,1.0
60508,0,1,3400,-57,57,1110.067505,10,15,0.50,53600.000000,0,2.1,0.0,0.0,0.0,0.0,0.0,0.0,0.0,1.0
60757,0,1,3400,-57,57,1109.134766,8.3,15,0.50,75040.000000,0,2.1,0.0,0.0,0.0,0.0,0.0,0.0,0.0,1.0
61006,0,1,3400,-57,57,1104.915405,9.0,15,0.64,56992.000000,3,2.1,0.32,0.0,5952.000000,20,0.0,0.0,0.0,1.0
61255,0,1,3400,-57,57,1108.527466,8.0,15,0.50,39968.000000,0,2.1,6.1,0.0,6720.000000,58,0.0,0.0,0.0,1.0
61504,0,1,3400,-57,57,1101.887329,7.7,15,0.96,35904.000000,9,2.1,6.0,0.0,0.0,0.0,0.0,0.0,0.0,1.0
61753,0,1,3400,-57,57,1103.420532,11,14,0.64,50976.000000,4,2.1,6.0,0.0,0.0,0.0,0.0,0.0,0.0,1.0
62002,0,1,3400,-57,57,1109.711426,8.3,15,0.52,75360.000000,0,2.1,4.8,0.0,16384.000000,11,0.0,0.0,0.0,1.0
62251,0,1,3400,-57,57,1104.488892,8.4,15,0.58,56416.000000,4,2.1,0.12,0.0,0.0,0.0,0.0,0.0,0.0,1.0
62500,0,1,3400,-57,57,1100.020996,8.9,15,0.81,67328.000000,3,2.1,0.0,0.0,0.0,0.0,0.0,0.0,0.0,1.0
62749,0,1,3400,-57,57,1101.798828,8.4,14,0.51,46048.000000,4,2.1,0.0,0.0,0.0,0.0,0.0,0.0,0.0,1.0
62998,0,1,3400,-57,57,1104.068970,8.4,16,0.50,43008.000000,0,2.1,0.11,0.0,19424.000000,0,0.0,0.0,0.0,1.0
63247,0,1,3400,-57,57,1102.598389,8.4,14,0.71,46304.000000,4,2.1,7.1,0.0,12448.000000,0,0.0,0.0,0.0,1.0
63496,0,1,3400,-57,57,1107.240356,9.4,14,0.50,43104.000000,0,2.1,7.0,0.0,0.0,0.0,0.0,0.0,0.0,1.0
63745,0,1,3400,-57,57,1111.820312,8.0,14,0.51,53504.000000,2,2.1,7.0,0.0,0.0,0.0,0.0,0.0,0.0,1.0
63994,0,1,3400,-57,57,1108.424316,8.7,15,0.51,35200.000000,5,2.1,7.1,186,0.0,0.0,0.0,0.0,0.0,1.0
64243,0,1,3400,-57,57,1107.743042,10,15,0.61,56224.000000,4,2.1,2.6,0.0,28416.000000,36,0.0,0.0,0.0,1.0
64492,0,1,3400,-57,57,1109.997314,9.7,15,0.50,74976.000000,0,2.1,0.0,0.0,0.0,0.0,0.0,0.0,0.0,1.0
64741,0,1,3400,-57,57,1110.292236,11,15,0.60,39968.000000,0,2.1,0.0,0.0,0.0,0.0,0.0,0.0,0.0,1.0
64990,0,1,3400,-57,57,1107.984985,9.3,15,0.57,40992.000000,5,2.1,1.2,0.0,5536.000000,57,0.0,0.0,0.0,1.0
65239,0,1,3400,-57,57,1109.281372,9.0,15,0.52,57088.000000,3,2.1,0.0,0.0,0.0,0.0,0.0,0.0,0.0,1.0
65488,0,1,3400,-57,57,1109.381958,8.6,15,0.50,37632.000000,0,2.1,0.0,0.0,0.0,0.0,0.0,0.0,0.0,1.0
65737,0,1,3400,-57,57,1109.439575,12,15,0.50,69376.000000,0,2.1,0.0,0.0,0.0,0.0,0.0,0.0,0.0,1.0
65986,0,1,3400,-57,57,1111.046387,9.5,14,1.1,61792.000000,9,2.1,0.0,0.0,5536.000000,20,0.0,0.0,0.0,1.0
66235,0,1,3400,-57,57,1111.646851,8.1,15,0.51,61760.000000,3,2.1,0.0,0.0,6976.000000,0,0.0,0.0,0.0,1.0
66484,0,1,3400,-57,57,1109.547363,8.9,15,0.51,56800.000000,3,2.1,0.0,0.0,0.0,0.0,0.0,0.0,0.0,1.0
66733,0,1,3400,-57,57,1105.921631,11,15,0.63,85472.000000,0,2.1,0.0,0.0,0.0,0.0,0.0,0.0,0.0,1.0
66982,0,1,3400,-57,57,1109.032959,10,15,0.51,45952.000000,4,2.1,0.78,0.0,17056.000000,25,0.0,0.0,0.0,1.0
67231,0,1,3400,-57,57,1108.935059,9.7,15,0.53,54272.000000,7,2.1,1.4,0.0,6560.000000,43,0.0,0.0,0.0,1.0
67480,0,1,3400,-57,57,1109.052856,11,15,0.51,64512.000000,0,2.1,0.0,0.0,0.0,0.0,0.0,0.0,0.0,1.0
67729,0,1,3400,-57,57,1105.138306,8.2,14,0.72,71264.000000,5,2.1,0.0,0.0,0.0,0.0,0.0,0.0,0.0,1.0
67978,0,1,3400,-57,57,1101.886230,9.5,15,0.50,52448.000000,0,2.1,0.0,0.0,0.0,0.0,0.0,0.0,0.0,1.0
68227,0,1,3400,-57,57,1103.031860,9.1,14,0.73,60256.000000,9,2.1,9.9,0.0,93952.000000,31,0.0,0.0,0.0,1.0
68476,0,1,3400,-57,57,1104.263794,8.8,15,0.50,24544.000000,0,2.1,14,0.0,0.0,0.0,0.0,0.0,0.0,1.0
68725,0,1,3400,-57,57,1103.661987,8.6,14,0.71,86816.000000,4,2.1,14,0.0,0.0,0.0,0.0,0.0,0.0,1.0
68974,0,1,3400,-57,57,1105.380493,9.6,15,0.63,48416.000000,0,2.1,14,0.0,5952.000000,20,0.0,0.0,0.0,1.0
69223,0,1,3400,-57,57,1107.333496,8.1,15,0.50,48384.000000,0,2.1,6.8,0.0,6720.000000,58,0.0,0.0,0.0,1.0
69472,0,1,3400,-57,57,1107.557373,8.2,14,0.89,61632.000000,12,2.1,6.0,0.0,0.0,0.0,0.0,0.0,0.0,1.0
69721,0,1,3400,-57,57,1106.531738,8.9,14,0.81,36096.000000,13,2.1,6.2,0.0,0.0,0.0,0.0,0.0,0.0,1.0
69970,0,1,3400,-57,57,1109.158813,8.6,14,0.50,80544.000000,0,2.1,5.4,0.0,12512.000000,36,0.0,0.0,0.0,1.0
70219,0,1,3400,-57,57,1106.797729,8.3,15,0.50,48384.000000,0,2.1,0.0,0.0,0.0,0.0,0.0,0.0,0.0,1.0
70468,0,1,3400,-57,57,1106.984619,10,16,0.50,64256.000000,0,2.1,0.0,0.0,0.0,0.0,0.0,0.0,0.0,1.0
70717,0,1,3400,-57,57,1108.677124,8.2,15,0.81,49088.000000,7,2.1,0.0,0.0,0.0,0.0,0.0,0.0,0.0,1.0
70966,0,1,3400,-57,57,1107.317139,8.5,16,0.50,53664.000000,0,2.1,0.24,0.0,4384.000000,25,0.0,0.0,0.0,1.0
71215,0,1,3400,-57,57,1109.444214,8.6,14,0.51,46592.000000,4,2.1,0.58,0.0,1120.000000,58,0.0,0.0,0.0,1.0
71464,0,1,3400,-57,57,1112.168091,9.3,14,0.81,40512.000000,6,2.1,0.0,0.0,0.0,0.0,0.0,0.0,0.0,1.0
71713,0,1,3400,-57,57,1102.800903,9.1,14,0.53,56768.000000,3,2.1,0.0,0.0,0.0,0.0,0.0,0.0,0.0,1.0
71962,0,1,3400,-57,57,1103.220947,9.1,15,0.77,75424.000000,2,2.1,2.8,0.0,236416.000000,64,0.0,0.0,0.0,1.0
72211,0,1,3400,-57,57,1107.987915,8.1,15,0.64,59136.000000,3,2.1,16,0.0,0.0,100.000000,0.0,0.0,0.0,1.0
72460,0,1,3400,-57,57,1105.334717,8.9,14,1.4,24544.000000,7,2.1,16,0.0,0.0,0.0,0.0,0.0,0.0,1.0
72709,0,1,3400,-57,57,1107.898804,8.5,15,0.58,81024.000000,0,2.1,16,0.0,0.0,0.0,0.0,0.0,0.0,1.0
72958,0,1,3400,-57,57,1112.875732,8.6,14,0.50,80832.000000,0,2.1,12,0.0,16384.000000,20,0.0,0.0,0.0,1.0
73207,0,1,3400,-57,57,1111.068848,8.4,15,0.69,51360.000000,3,2.1,0.0,0.0,0.0,0.0,0.0,0.0,0.0,1.0
73456,0,1,3400,-57,57,1109.522339,7.9,15,0.51,21440.000000,0,2.1,0.0,0.0,0.0,0.0,0.0,0.0,0.0,1.0
73705,0,1,3400,-57,57,1108.051514,8.0,15,0.60,87200.000000,1,2.1,0.0,0.0,0.0,0.0,0.0,0.0,0.0,1.0
73954,0,1,3400,-57,57,1105.982178,8.8,16,0.50,59008.000000,0,2.1,2.9,0.0,170720.000000,48,0.0,0.0,0.0,1.0
74203,0,1,3400,-57,57,1108.056152,9.6,15,0.53,82208.000000,5,2.1,16,0.0,0.0,0.0,0.0,0.0,0.0,1.0
74452,0,1,3400,-57,57,1110.462402,9.4,15,0.52,62112.000000,3,2.1,16,0.0,0.0,0.0,0.0,0.0,0.0,1.0
74701,0,1,3400,-57,57,1112.679565,8.9,14,0.86,46144.000000,5,2.1,16,0.0,0.0,0.0,0.0,0.0,0.0,1.0
74950,0,1,3400,-57,57,1113.019775,9.8,15,0.72,67904.000000,3,2.1,12,0.0,8160.000000,17,0.0,0.0,0.0,1.0
75199,0,1,3400,-57,57,1112.588867,7.6,14,0.50,62976.000000,0,2.1,0.0,0.0,0.0,0.0,0.0,0.0,0.0,1.0
75448,0,1,3400,-57,57,1109.584595,8.1,14,0.72,57408.000000,9,2.1,0.0,0.0,0.0,0.0,0.0,0.0,0.0,1.0
75697,0,1,3400,-57,57,1110.648804,9.3,15,0.50,70208.000000,0,2.1,0.0,0.0,0.0,0.0,0.0,0.0,0.0,1.0
75946,0,1,3400,-57,57,1109.892090,8.7,15,0.50,31936.000000,0,2.1,0.0,0.0,0.0,0.0,0.0,0.0,0.0,1.0
76195,0,1,3400,-57,57,1103.721436,8.7,15,0.50,75040.000000,0,2.1,14,0.0,258368.000000,50,0.0,0.0,0.0,1.0
76444,0,1,3400,-57,57,1103.120483,9.2,16,0.50,70592.000000,0,2.1,16,0.0,0.0,0.0,0.0,0.0,0.0,1.0
76693,0,1,3400,-57,57,1105.279297,7.9,15,0.50,36960.000000,0,2.1,16,0.0,0.0,0.0,0.0,0.0,0.0,1.0
76942,0,1,3400,-57,57,1107.491333,9.4,15,0.50,69728.000000,0,2.1,14,0.0,12384.000000,36,0.0,0.0,0.0,1.0
77191,0,1,3400,-57,57,1107.904907,9.2,15,0.55,68128.000000,8,2.1,0.0,0.0,0.0,0.0,0.0,0.0,0.0,1.0
77440,0,1,3400,-57,57,1112.353760,8.5,14,0.60,75776.000000,7,2.1,0.0,0.0,0.0,0.0,0.0,0.0,0.0,1.0
77689,0,1,3400,-57,57,1109.895386,8.1,15,0.50,75360.000000,0,2.1,0.0,0.0,0.0,0.0,0.0,0.0,0.0,1.0
77938,0,1,3400,-57,57,1106.170166,8.8,15,0.53,51264.000000,4,2.1,0.24,0.0,4384.000000,25,0.0,0.0,0.0,1.0
78187,0,1,3400,-57,57,1106.478271,8.6,15,0.50,64672.000000,0,2.1,0.58,0.0,1312.000000,70,0.0,0.0,0.0,1.0
78436,0,1,3400,-57,57,1112.137939,11,16,0.54,61504.000000,4,2.1,0.0,0.0,0.0,0.0,0.0,0.0,0.0,1.0
78685,0,1,3400,-57,57,1111.176392,10,14,1.0,35488.000000,5,2.1,0.0,0.0,0.0,0.0,0.0,0.0,0.0,1.0
78934,0,1,3400,-57,57,1113.326294,7.3,14,0.84,62912.000000,2,2.1,0.57,0.0,14624.000000,0,0.0,0.0,0.0,1.0
79183,0,1,3400,-57,57,1115.511475,9.4,15,0.74,50400.000000,4,2.1,11,0.0,19232.000000,59,0.0,0.0,0.0,1.0
79432,0,1,3400,-57,57,1111.787231,8.1,15,0.56,53120.000000,9,2.1,0.0,0.0,0.0,0.0,0.0,0.0,0.0,1.0
79681,0,1,3400,-57,57,1113.861938,8.3,14,0.50,32320.000000,0,2.1,0.0,0.0,0.0,0.0,0.0,0.0,0.0,1.0
79930,0,1,3400,-57,57,1110.627808,8.1,15,0.51,64032.000000,0,2.1,0.056,0.0,49664.000000,21,0.0,0.0,0.0,1.0
80179,0,1,3400,-57,57,1105.493042,8.1,15,0.50,59168.000000,0,2.1,0.12,0.0,0.0,0.0,0.0,0.0,0.0,1.0
80428,0,1,3400,-57,57,1106.084229,8.8,15,0.50,80544.000000,0,2.1,0.0,0.0,0.0,0.0,0.0,0.0,0.0,1.0
80677,0,1,3400,-57,57,1104.842407,8.6,15,0.50,64448.000000,0,2.1,0.0,0.0,0.0,0.0,0.0,0.0,0.0,1.0
80926,0,1,3400,-57,57,1102.856689,8.0,14,0.57,38336.000000,8,2.1,0.0,0.0,12384.000000,0,0.0,0.0,0.0,1.0
81175,0,1,3400,-57,57,1103.679443,8.2,15,0.50,53856.000000,0,2.1,0.0,0.0,0.0,0.0,0.0,0.0,0.0,1.0
81424,0,1,3400,-57,57,1107.594727,10,15,0.51,37632.000000,0,2.1,0.0,0.0,0.0,0.0,0.0,0.0,0.0,1.0
81673,0,1,3400,-57,57,1104.184937,8.0,15,0.50,62816.000000,0,2.1,0.0,0.0,0.0,0.0,0.0,0.0,0.0,1.0
81922,0,1,3400,-57,57,1108.871826,8.1,15,0.51,64928.000000,0,2.1,3.6,0.0,6720.000000,50,0.0,0.0,0.0,1.0
82171,0,1,3400,-57,57,1108.620850,10,15,0.50,65728.000000,0,2.1,21,0.0,0.0,0.0,0.0,0.0,0.0,1.0
82420,0,1,3400,-57,57,1107.425781,9.2,14,0.53,51840.000000,3,2.1,21,0.0,0.0,0.0,0.0,0.0,0.0,1.0
82669,0,1,3400,-57,57,1110.536743,8.2,15,0.50,59776.000000,0,2.1,21,0.0,0.0,0.0,0.0,0.0,0.0,1.0
82918,0,1,3400,-57,57,1107.681519,8.5,15,0.81,59712.000000,6,2.1,20,0.0,15200.000000,0,0.0,0.0,0.0,1.0
83167,0,1,3400,-57,57,1111.166382,8.3,15,0.50,58400.000000,0,2.1,16,0.0,118016.000000,79,0.0,0.0,0.0,1.0
83416,0,1,3400,-57,57,1109.710571,9.5,15,0.50,91200.000000,0,2.1,16,0.0,0.0,0.0,0.0,0.0,0.0,1.0
83665,0,1,3400,-57,57,1106.640259,8.5,15,0.50,63712.000000,0,2.1,16,0.0,0.0,0.0,0.0,0.0,0.0,1.0
83914,0,1,3400,-57,57,1107.487061,10,15,0.50,66688.000000,0,2.1,16,0.0,9216.000000,17,0.0,0.0,0.0,1.0
84163,0,1,3400,-57,57,1106.416870,10,15,0.59,104000.000000,2,2.1,20,0.0,22784.000000,17,0.0,0.0,0.0,1.0
84412,0,1,3400,-57,57,1103.828857,9.4,16,0.77,74304.000000,2,2.1,21,0.0,0.0,0.0,0.0,0.0,0.0,1.0
84661,0,1,3400,-57,57,1106.456909,11,15,0.54,52096.000000,0,2.1,21,0.0,0.0,0.0,0.0,0.0,0.0,1.0
84910,0,1,3400,-57,57,1103.255981,7.0,16,0.50,32704.000000,0,2.1,20,0.0,23488.000000,0,0.0,0.0,0.0,1.0
85159,0,1,3400,-57,57,1106.316040,8.4,15,0.50,43008.000000,0,2.1,14,0.0,0.0,0.0,0.0,0.0,0.0,1.0
85408,0,1,3400,-57,57,1109.000854,8.1,14,0.65,54464.000000,6,2.1,14,0.0,0.0,0.0,0.0,0.0,0.0,1.0
85657,0,1,3400,-57,57,1111.123535,9.2,14,0.53,59680.000000,7,2.1,14,0.0,0.0,0.0,0.0,0.0,0.0,1.0
85906,0,1,3400,-57,57,1111.033813,8.4,15,0.51,92928.000000,0,2.1,14,0.0,23488.000000,0,0.0,0.0,0.0,1.0
86155,0,1,3400,-57,57,1110.644043,8.2,15,0.56,36800.000000,12,2.1,14,0.0,0.0,0.0,0.0,0.0,0.0,1.0
86404,0,1,3400,-57,57,1107.044434,8.3,15,0.50,53888.000000,0,2.1,14,0.0,0.0,0.0,0.0,0.0,0.0,1.0
86653,0,1,3400,-57,57,1107.450195,9.1,15,0.51,69664.000000,0,2.1,14,0.0,0.0,0.0,0.0,0.0,0.0,1.0
86902,0,1,3400,-57,57,1110.239868,9.0,15,0.57,48256.000000,0,2.1,14,0.0,23488.000000,0,0.0,0.0,0.0,1.0
87151,0,1,3400,-57,57,1113.855225,11,15,0.77,56736.000000,4,2.1,14,0.0,0.0,0.0,0.0,0.0,0.0,1.0
87400,0,1,3400,-57,57,1108.814575,8.8,15,0.63,52352.000000,9,2.1,14,0.0,0.0,0.0,0.0,0.0,0.0,1.0
87649,0,1,3400,-57,57,1098.408813,8.2,14,0.50,48320.000000,0,2.1,13,0.0,0.0,0.0,0.0,0.0,0.0,1.0
87898,0,1,3400,-57,57,1100.214111,8.2,15,0.53,29920.000000,6,2.1,14,0.0,0.0,80,0.0,0.0,0.0,1.0
88147,0,1,3400,-57,57,1102.809814,8.6,15,0.53,59328.000000,0,2.1,15,0.0,0.0,0.0,0.0,0.0,0.0,1.0
88396,0,1,3400,-57,57,1103.754517,7.9,15,0.50,32256.000000,0,2.1,15,0.0,0.0,0.0,0.0,0.0,0.0,1.0
88645,0,1,3400,-57,57,1108.791260,7.6,15,0.50,21504.000000,0,2.1,15,0.0,0.0,0.0,0.0,0.0,0.0,1.0
88894,0,1,3400,-57,57,1108.203613,9.0,15,0.68,59008.000000,0,2.1,12,0.0,12384.000000,0,0.0,0.0,0.0,1.0
89143,0,1,3400,-57,57,1110.233398,9.0,15,0.50,48320.000000,0,2.1,0.0,0.0,0.0,0.0,0.0,0.0,0.0,1.0
89392,0,1,3400,-57,57,1108.609131,9.2,15,0.50,58944.000000,0,2.1,0.0,0.0,0.0,0.0,0.0,0.0,0.0,1.0
89641,0,1,3400,-57,57,1103.845337,11,15,0.69,75616.000000,3,2.1,0.0,0.0,0.0,0.0,0.0,0.0,0.0,1.0
89890,0,1,3400,-57,57,1101.907715,10,15,0.82,56544.000000,4,2.1,0.24,0.0,4384.000000,25,0.0,0.0,0.0,1.0
90139,0,1,3400,-57,57,1106.389282,11,15,0.51,51648.000000,4,2.1,0.57,0.0,6656.000000,33,0.0,0.0,0.0,1.0
90388,0,1,3400,-57,57,1104.223999,8.9,15,0.64,66720.000000,3,2.1,0.0,0.0,0.0,0.0,0.0,0.0,0.0,1.0
90637,0,1,3400,-57,57,1108.090576,8.7,14,0.51,42592.000000,3,2.1,0.0,0.0,0.0,0.0,0.0,0.0,0.0,1.0
90886,0,1,3400,-57,57,1109.016602,8.2,15,0.50,48416.000000,0,2.1,0.0,186,0.0,0.0,0.0,0.0,0.0,1.0
91135,0,1,3400,-57,57,1107.812622,7.0,15,0.50,51104.000000,0,2.1,14,0.0,247520.000000,52,0.0,0.0,0.0,1.0
91384,0,1,3400,-57,57,1111.830444,9.3,15,0.51,86976.000000,2,2.1,16,0.0,0.0,0.0,0.0,0.0,0.0,1.0
91633,0,1,3400,-57,57,1112.250122,8.1,15,0.50,83296.000000,0,2.1,16,0.0,0.0,0.0,0.0,0.0,0.0,1.0
91882,0,1,3400,-57,57,1109.205688,7.9,15,0.50,87104.000000,0,2.1,12,0.0,11328.000000,0,0.0,0.0,0.0,1.0
92131,0,1,3400,-57,57,1111.481201,8.7,15,0.53,53856.000000,0,2.1,0.0,0.0,0.0,0.0,0.0,0.0,0.0,1.0
92380,0,1,3400,-57,57,1106.380127,9.7,15,0.59,94368.000000,2,2.1,0.0,0.0,0.0,0.0,0.0,0.0,0.0,1.0
92629,0,1,3400,-57,57,1107.627197,11,15,1.00,66784.000000,3,2.1,0.0,0.0,0.0,0.0,0.0,0.0,0.0,1.0
92878,0,1,3400,-57,57,1102.144409,9.4,15,0.50,69952.000000,0,2.1,0.0,0.0,8160.000000,0,0.0,0.0,0.0,1.0
93127,0,1,3400,-57,57,1098.718018,8.3,14,0.50,77248.000000,0,2.1,0.0,0.0,0.0,0.0,0.0,0.0,0.0,1.0
93376,0,1,3400,-57,57,1099.380859,9.1,16,0.51,70944.000000,0,2.1,0.0,0.0,0.0,0.0,0.0,0.0,0.0,1.0
93626,0,1,3400,-57,57,1102.452637,10,15,0.57,67712.000000,3,2.1,0.0,0.0,0.0,0.0,0.0,0.0,0.0,1.0
93875,0,1,3400,-57,57,1102.399902,8.1,15,0.54,64608.000000,0,2.1,0.60,0.0,0.0,67,0.0,0.0,0.0,1.0
94124,0,1,3400,-57,57,1109.299438,8.1,15,0.58,51424.000000,3,2.1,7.5,0.0,0.0,100.000000,0.0,0.0,0.0,1.0
94373,0,1,3400,-57,57,1108.026489,8.2,15,0.61,68160.000000,7,2.1,7.5,0.0,0.0,0.0,0.0,0.0,0.0,1.0
94622,0,1,3400,-57,57,1101.465698,8.2,15,0.50,80544.000000,0,2.1,7.5,0.0,0.0,0.0,0.0,0.0,0.0,1.0
94871,0,1,3400,-57,57,1107.163574,9.3,15,0.60,45984.000000,4,2.1,7.5,0.0,42752.000000,20,0.0,0.0,0.0,1.0
95120,0,1,3400,-57,57,1105.056152,9.1,15,0.51,98048.000000,0,2.1,14,0.0,15456.000000,57,0.0,0.0,0.0,1.0
95369,0,1,3400,-57,57,1101.548828,8.6,15,0.50,53856.000000,0,2.1,14,0.0,0.0,0.0,0.0,0.0,0.0,1.0
95618,0,1,3400,-57,57,1105.102417,7.9,14,0.72,40672.000000,4,2.1,15,0.0,0.0,0.0,0.0,0.0,0.0,1.0
95867,0,1,3400,-57,57,1099.859131,8.3,14,0.67,46144.000000,4,2.1,11,0.0,16256.000000,0,0.0,0.0,0.0,1.0
96116,0,1,3400,-57,57,1099.727783,8.3,15,0.52,69824.000000,0,2.1,0.0,0.0,0.0,0.0,0.0,0.0,0.0,1.0
96365,0,1,3400,-57,57,1103.207153,8.8,16,0.50,53568.000000,0,2.1,0.0,0.0,0.0,0.0,0.0,0.0,0.0,1.0
96614,0,1,3400,-57,57,1101.239380,8.9,15,0.52,75360.000000,0,2.1,0.0,0.0,0.0,0.0,0.0,0.0,0.0,1.0
96863,0,1,3400,-57,57,1104.354980,9.7,15,0.51,96800.000000,0,2.1,0.24,0.0,4384.000000,25,0.0,0.0,0.0,1.0
97112,0,1,3400,-57,57,1106.347168,7.9,15,0.50,43008.000000,0,2.1,0.58,0.0,6560.000000,43,0.0,0.0,0.0,1.0
97361,0,1,3400,-57,57,1103.574341,8.9,14,0.87,45632.000000,8,2.1,0.0,0.0,0.0,0.0,0.0,0.0,0.0,1.0
97610,0,1,3400,-57,57,1105.376953,11,15,0.78,72288.000000,2,2.1,0.19,0.0,0.0,0.0,0.0,0.0,0.0,1.0
97859,0,1,3400,-57,57,1106.592285,8.8,15,0.61,56576.000000,3,2.1,0.24,0.0,10816.000000,0,0.0,0.0,0.0,1.0
98108,0,1,3400,-57,57,1108.485107,8.7,15,0.51,46144.000000,4,2.1,16,0.0,232032.000000,66,0.0,0.0,0.0,1.0
98357,0,1,3400,-57,57,1106.642456,9.7,15,0.50,26944.000000,0,2.1,16,0.0,0.0,0.0,0.0,0.0,0.0,1.0
98606,0,1,3400,-57,57,1108.135254,8.1,15,0.50,37632.000000,0,2.1,16,0.0,0.0,0.0,0.0,0.0,0.0,1.0
98855,0,1,3400,-57,57,1108.540649,9.1,15,0.63,70464.000000,5,2.1,15,0.0,12256.000000,0,0.0,0.0,0.0,1.0
99104,0,1,3400,-57,57,1106.617065,14,16,0.50,20992.000000,0,2.1,0.0,0.0,0.0,0.0,0.0,0.0,0.0,1.0
99353,0,1,3400,-57,57,1108.920044,8.5,15,0.51,91008.000000,0,2.1,0.0,0.0,0.0,0.0,0.0,0.0,0.0,1.0
99602,0,1,3400,-57,57,1104.470093,12,15,0.56,65856.000000,4,2.1,0.0,0.0,0.0,0.0,0.0,0.0,0.0,1.0
99851,0,1,3400,-57,57,1104.503662,8.8,15,0.51,42048.000000,0,2.1,3.5,0.0,122368.000000,45,0.0,0.0,0.0,1.0
100100,0,1,3400,-57,57,1109.087769,9.7,15,0.58,67552.000000,3,2.1,16,0.0,0.0,0.0,0.0,0.0,0.0,1.0
100349,0,1,3400,-57,57,1110.398315,12,15,0.64,45728.000000,4,2.1,16,0.0,0.0,0.0,0.0,0.0,0.0,1.0
100598,0,1,3400,-57,57,1109.762085,8.3,14,0.70,56800.000000,3,2.1,16,0.0,0.0,0.0,0.0,0.0,0.0,1.0
100847,0,1,3400,-57,57,1104.640503,8.6,15,0.67,86464.000000,5,2.1,12,0.0,12384.000000,0,0.0,0.0,0.0,1.0
101096,0,1,3400,-57,57,1102.077393,9.0,15,0.51,58976.000000,0,2.1,0.0,0.0,0.0,0.0,0.0,0.0,0.0,1.0
101345,0,1,3400,-57,57,1105.800659,8.4,14,0.51,62176.000000,3,2.1,0.0,0.0,0.0,0.0,0.0,0.0,0.0,1.0
101594,0,1,3400,-57,57,1109.353516,8.5,15,0.50,46176.000000,0,2.1,0.0,0.0,0.0,0.0,0.0,0.0,0.0,1.0
101843,0,1,3400,-57,57,1104.427124,7.5,15,0.55,67904.000000,2,2.1,0.0,186,0.0,0.0,0.0,0.0,0.0,1.0
102092,0,1,3400,-57,57,1105.002197,7.8,15,0.51,24544.000000,7,2.1,6.9,0.0,0.0,80,0.0,0.0,0.0,1.0
102341,0,1,3400,-57,57,1105.322021,8.1,15,0.51,45952.000000,4,2.1,7.5,0.0,0.0,0.0,0.0,0.0,0.0,1.0
102590,0,1,3400,-57,57,1102.729492,8.3,15,0.54,80032.000000,0,2.1,7.5,0.0,0.0,0.0,0.0,0.0,0.0,1.0
102839,0,1,3400,-57,57,1106.582642,10,15,0.52,32128.000000,0,2.1,6.8,0.0,12512.000000,36,0.0,0.0,0.0,1.0
103088,0,1,3400,-57,57,1107.586792,10,15,0.89,64192.000000,3,2.1,0.0,0.0,0.0,0.0,0.0,0.0,0.0,1.0
103337,0,1,3400,-57,57,1103.888916,9.6,15,0.65,29248.000000,7,2.1,0.0,0.0,0.0,0.0,0.0,0.0,0.0,1.0
103586,0,1,3400,-57,57,1103.646362,8.4,14,0.53,43008.000000,0,2.1,0.064,0.0,0.0,0.0,0.0,0.0,0.0,1.0
103835,0,1,3400,-57,57,1105.844849,10,15,0.56,56864.000000,4,2.1,0.0,0.0,6848.000000,17,0.0,0.0,0.0,1.0
104084,0,1,3400,-57,57,1105.142334,9.6,15,0.51,75232.000000,0,2.1,0.0,0.0,9536.000000,0,0.0,0.0,0.0,1.0
104333,0,1,3400,-57,57,1106.089966,8.1,15,0.51,48288.000000,4,2.1,0.0,0.0,0.0,0.0,0.0,0.0,0.0,1.0
104582,0,1,3400,-57,57,1103.685913,9.6,15,0.61,88832.000000,4,2.1,0.0,0.0,0.0,0.0,0.0,0.0,0.0,1.0
104831,0,1,3400,-57,57,1103.834961,11,15,0.64,62592.000000,3,2.1,0.24,0.0,4384.000000,25,0.0,0.0,0.0,1.0
105080,0,1,3400,-57,57,1105.895020,9.1,15,0.51,64480.000000,0,2.1,0.58,0.0,7872.000000,40,0.0,0.0,0.0,1.0
105329,0,1,3400,-57,57,1103.243530,8.8,15,0.50,47616.000000,0,2.1,0.0,0.0,0.0,0.0,0.0,0.0,0.0,1.0
105578,0,1,3400,-57,57,1105.163696,11,15,0.50,47936.000000,0,2.1,0.0,0.0,0.0,0.0,0.0,0.0,0.0,1.0
105827,0,1,3400,-57,57,1107.954224,9.1,15,0.77,60160.000000,6,2.1,0.0,186,0.0,0.0,0.0,0.0,0.0,1.0
106076,0,1,3400,-57,57,1106.799438,9.5,15,0.58,86944.000000,4,2.1,0.82,0.0,14208.000000,33,0.0,0.0,0.0,1.0
106325,0,1,3400,-57,57,1106.108276,8.7,14,0.71,56672.000000,3,2.1,0.0,0.0,0.0,0.0,0.0,0.0,0.0,1.0
106574,0,1,3400,-57,57,1106.030151,8.8,15,0.64,83424.000000,2,2.1,0.0,0.0,0.0,0.0,0.0,0.0,0.0,1.0
106823,0,1,3400,-57,57,1108.494873,9.1,15,0.53,56736.000000,3,2.1,0.0,186,0.0,0.0,0.0,0.0,0.0,1.0
107072,0,1,3400,-57,57,1108.876465,8.4,15,0.50,53760.000000,0,2.1,12,0.0,17056.000000,57,0.0,0.0,0.0,1.0
107321,0,1,3400,-57,57,1106.276611,8.6,16,0.68,62208.000000,3,2.1,14,0.0,0.0,0.0,0.0,0.0,0.0,1.0
107570,0,1,3400,-57,57,1104.288208,4.6,15,0.51,84800.000000,0,2.1,13,0.0,0.0,0.0,0.0,0.0,0.0,1.0
107819,0,1,3400,-57,57,1110.743652,8.5,16,0.50,37664.000000,0,2.1,14,0.0,23488.000000,0,0.0,0.0,0.0,1.0
108068,0,1,3400,-57,57,1105.857788,8.9,15,0.50,53760.000000,0,2.1,14,0.0,0.0,0.0,0.0,0.0,0.0,1.0
108317,0,1,3400,-57,57,1103.776123,11,15,0.53,82624.000000,2,2.1,14,0.0,0.0,0.0,0.0,0.0,0.0,1.0
108566,0,1,3400,-57,57,1102.322144,9.1,14,0.56,64192.000000,2,2.1,13,0.0,0.0,0.0,0.0,0.0,0.0,1.0
108815,0,1,3400,-57,57,1102.310303,8.7,15,0.68,44192.000000,7,2.1,14,0.0,17056.000000,25,0.0,0.0,0.0,1.0
109064,0,1,3400,-57,57,1107.932251,9.9,15,0.53,32128.000000,0,2.1,14,0.0,0.0,100.000000,0.0,0.0,0.0,1.0
109313,0,1,3400,-57,57,1110.850342,9.9,15,0.53,75264.000000,0,2.1,14,0.0,0.0,0.0,0.0,0.0,0.0,1.0
109562,0,1,3400,-57,57,1104.193481,8.6,15,0.58,35296.000000,5,2.1,14,0.0,0.0,0.0,0.0,0.0,0.0,1.0
109811,0,1,3400,-57,57,1098.662598,9.2,15,0.53,53280.000000,0,2.1,14,0.0,17056.000000,57,0.0,0.0,0.0,1.0
110060,0,1,3400,-57,57,1097.771240,9.1,16,0.70,71840.000000,3,2.1,14,0.0,0.0,0.0,0.0,0.0,0.0,1.0
110309,0,1,3400,-57,57,1102.740723,7.9,16,0.59,29920.000000,6,2.1,14,0.0,0.0,0.0,0.0,0.0,0.0,1.0
110558,0,1,3400,-57,57,1105.472168,8.9,15,0.70,46048.000000,4,2.1,14,0.0,0.0,0.0,0.0,0.0,0.0,1.0
110807,0,1,3400,-57,57,1105.259277,9.4,15,0.73,77824.000000,3,2.1,13,0.0,24032.000000,36,0.0,0.0,0.0,1.0
111056,0,1,3400,-57,57,1105.380859,9.4,16,0.58,80416.000000,2,2.1,0.0,0.0,0.0,0.0,0.0,0.0,0.0,1.0
111305,0,1,3400,-57,57,1106.327515,8.7,15,0.50,64640.000000,0,2.1,0.0,0.0,0.0,0.0,0.0,0.0,0.0,1.0
111554,0,1,3400,-57,57,1104.592163,8.2,15,0.75,60576.000000,11,2.1,0.0,0.0,0.0,0.0,0.0,0.0,0.0,1.0
111803,0,1,3400,-57,57,1103.914062,9.1,15,0.51,62112.000000,3,2.1,0.0,0.0,6848.000000,17,0.0,0.0,0.0,1.0
112052,0,1,3400,-57,57,1103.692505,8.9,15,0.50,75296.000000,0,2.1,0.0,0.0,9536.000000,0,0.0,0.0,0.0,1.0
112301,0,1,3400,-57,57,1104.749023,8.8,15,0.50,42912.000000,0,2.1,0.0,0.0,0.0,0.0,0.0,0.0,0.0,1.0
112550,0,1,3400,-57,57,1103.186035,5.6,14,0.57,54176.000000,1,2.1,0.0,0.0,0.0,0.0,0.0,0.0,0.0,1.0
112799,0,1,3400,-57,57,1105.199707,8.8,14,0.51,56928.000000,3,2.1,0.0,0.0,0.0,0.0,0.0,0.0,0.0,1.0
113048,0,1,3400,-57,57,1102.590088,9.0,15,0.53,48800.000000,8,2.1,11,0.0,235040.000000,60,0.0,0.0,0.0,1.0
113297,0,1,3400,-57,57,1102.556641,8.8,15,0.61,64224.000000,0,2.1,16,0.0,0.0,0.0,0.0,0.0,0.0,1.0
113546,0,1,3400,-57,57,1106.383057,9.2,15,0.51,66560.000000,3,2.1,16,0.0,0.0,0.0,0.0,0.0,0.0,1.0
113795,0,1,3400,-57,57,1104.219238,9.3,15,0.92,37760.000000,9,2.1,16,0.0,0.0,0.0,0.0,0.0,0.0,1.0
114044,0,1,3400,-57,57,1104.191772,11,15,1.1,56352.000000,4,2.1,9.8,0.0,7296.000000,53,0.0,0.0,0.0,1.0
114293,0,1,3400,-57,57,1106.338013,9.9,16,0.50,48352.000000,0,2.1,4.0,0.0,0.0,0.0,0.0,0.0,0.0,1.0
114542,0,1,3400,-57,57,1108.120728,7.9,14,0.60,13792.000000,11,2.1,4.0,0.0,0.0,0.0,0.0,0.0,0.0,1.0
114791,0,1,3400,-57,57,1106.745117,8.5,15,0.92,64832.000000,6,2.1,4.5,0.0,17056.000000,25,0.0,0.0,0.0,1.0
115040,0,1,3400,-57,57,1104.439209,9.3,16,0.50,48256.000000,0,2.1,1.4,0.0,1312.000000,70,0.0,0.0,0.0,1.0
115289,0,1,3400,-57,57,1110.381592,9.6,15,0.50,59072.000000,0,2.1,0.0,0.0,0.0,0.0,0.0,0.0,0.0,1.0
115538,0,1,3400,-57,57,1102.095459,8.6,15,0.88,60768.000000,4,2.1,0.0,0.0,0.0,0.0,0.0,0.0,0.0,1.0
115787,0,1,3400,-57,57,1099.710815,8.8,14,0.50,65248.000000,0,2.1,0.60,0.0,3104.000000,40,0.0,0.0,0.0,1.0
116036,0,1,3400,-57,57,1102.587769,9.1,15,0.54,59264.000000,7,2.1,21,0.0,0.0,100.000000,0.0,0.0,0.0,1.0
116285,0,1,3400,-57,57,1103.088013,8.2,15,0.54,50624.000000,4,2.1,21,0.0,0.0,0.0,0.0,0.0,0.0,1.0
116534,0,1,3400,-57,57,1101.122681,9.8,14,1.0,62176.000000,3,2.1,21,0.0,0.0,0.0,0.0,0.0,0.0,1.0
116783,0,1,3400,-57,57,1101.548950,8.6,15,0.53,59712.000000,6,2.1,21,186,0.0,0.0,0.0,0.0,0.0,1.0
117032,0,1,3400,-57,57,1103.130737,10,15,0.50,45184.000000,0,2.1,15,0.0,0.0,80,0.0,0.0,0.0,1.0
117281,0,1,3400,-57,57,1105.689087,9.7,15,0.50,91808.000000,0,2.1,14,0.0,0.0,0.0,0.0,0.0,0.0,1.0
117530,0,1,3400,-57,57,1103.928955,8.8,15,0.70,59136.000000,6,2.1,14,0.0,0.0,0.0,0.0,0.0,0.0,1.0
117779,0,1,3400,-57,57,1106.544678,9.8,15,0.71,37600.000000,0,2.1,14,186,0.0,0.0,0.0,0.0,0.0,1.0
118028,0,1,3400,-57,57,1106.925781,8.5,15,0.50,75360.000000,0,2.1,3.5,0.0,23904.000000,36,0.0,0.0,0.0,1.0
118277,0,1,3400,-57,57,1104.892822,6.5,15,0.57,65600.000000,2,2.1,0.0,0.0,0.0,0.0,0.0,0.0,0.0,1.0
118526,0,1,3400,-57,57,1106.076416,9.7,15,0.51,48416.000000,0,2.1,0.0,0.0,0.0,0.0,0.0,0.0,0.0,1.0
118775,0,1,3400,-57,57,1111.541260,8.1,15,0.52,43072.000000,0,2.1,0.46,0.0,4032.000000,20,0.0,0.0,0.0,1.0
119024,0,1,3400,-57,57,1108.385498,8.2,15,0.61,60384.000000,2,2.1,14,0.0,147104.000000,32,0.0,0.0,0.0,1.0
119273,0,1,3400,-57,57,1103.126465,8.7,14,0.56,67776.000000,6,2.1,14,0.0,0.0,0.0,0.0,0.0,0.0,1.0
119522,0,1,3400,-57,57,1103.213623,8.2,14,0.60,71296.000000,7,2.1,14,0.0,0.0,0.0,0.0,0.0,0.0,1.0
119771,0,1,3400,-57,57,1105.657593,8.6,15,0.51,51360.000000,3,2.1,14,0.0,9920.000000,0,0.0,0.0,0.0,1.0
120020,0,1,3400,-57,57,1107.059448,8.2,15,0.63,54048.000000,6,2.1,16,0.0,203712.000000,50,0.0,0.0,0.0,1.0
120269,0,1,3400,-57,57,1105.769043,8.5,15,0.51,53824.000000,0,2.1,16,0.0,0.0,0.0,0.0,0.0,0.0,1.0
120518,0,1,3400,-57,57,1105.208008,9.1,15,0.92,45984.000000,4,2.1,16,0.0,0.0,0.0,0.0,0.0,0.0,1.0
120767,0,1,3400,-57,57,1109.371460,8.1,15,0.51,78144.000000,2,2.1,15,0.0,6848.000000,17,0.0,0.0,0.0,1.0
121016,0,1,3400,-57,57,1103.631226,8.6,15,0.60,46112.000000,5,2.1,0.0,0.0,0.0,100.000000,0.0,0.0,0.0,1.0
121265,0,1,3400,-57,57,1103.159058,8.8,15,0.52,53088.000000,0,2.1,0.0,0.0,0.0,0.0,0.0,0.0,0.0,1.0
121514,0,1,3400,-57,57,1107.289307,9.3,15,0.50,75392.000000,0,2.1,0.0,0.0,0.0,0.0,0.0,0.0,0.0,1.0
121763,0,1,3400,-57,57,1106.441284,7.9,15,0.50,75168.000000,0,2.1,0.57,0.0,14624.000000,0,0.0,0.0,0.0,1.0
122012,0,1,3400,-57,57,1103.990723,11,15,0.71,84480.000000,8,2.1,14,0.0,7616.000000,62,0.0,0.0,0.0,1.0
122261,0,1,3400,-57,57,1104.524170,6.6,15,0.50,57344.000000,0,2.1,13,0.0,0.0,0.0,0.0,0.0,0.0,1.0
122510,0,1,3400,-57,57,1103.729004,9.0,15,0.50,58880.000000,0,2.1,13,0.0,0.0,0.0,0.0,0.0,0.0,1.0
122759,0,1,3400,-57,57,1103.422241,9.2,15,0.50,48288.000000,0,2.1,13,0.0,10048.000000,0,0.0,0.0,0.0,1.0
123008,0,1,3400,-57,57,1103.042725,11,15,0.50,56064.000000,0,2.1,16,0.0,286176.000000,69,0.0,0.0,0.0,1.0
123257,0,1,3400,-57,57,1102.940308,9.0,14,0.64,66080.000000,8,2.1,16,0.0,0.0,0.0,0.0,0.0,0.0,1.0
123506,0,1,3400,-57,57,1107.182983,10,15,0.55,75936.000000,5,2.1,16,0.0,0.0,0.0,0.0,0.0,0.0,1.0
123755,0,1,3400,-57,57,1102.857422,8.7,15,0.60,42976.000000,0,2.1,15,0.0,11968.000000,0,0.0,0.0,0.0,1.0
124004,0,1,3400,-57,57,1103.438843,8.9,15,0.51,51424.000000,3,2.1,9.7,0.0,8000.000000,62,0.0,0.0,0.0,1.0
124253,0,1,3400,-57,57,1104.319336,7.8,16,0.50,69120.000000,0,2.1,6.5,0.0,0.0,0.0,0.0,0.0,0.0,1.0
124502,0,1,3400,-57,57,1102.061523,8.9,15,0.51,72416.000000,3,2.1,6.5,0.0,0.0,0.0,0.0,0.0,0.0,1.0
124751,0,1,3400,-57,57,1102.113281,7.8,14,0.50,59360.000000,0,2.1,7.1,0.0,23488.000000,0,0.0,0.0,0.0,1.0
125000,0,1,3400,-57,57,1102.937622,8.7,15,0.51,45952.000000,4,2.1,13,0.0,0.0,0.0,0.0,0.0,0.0,1.0
125249,0,1,3400,-57,57,1104.575073,8.9,15,0.51,69952.000000,0,2.1,14,0.0,0.0,0.0,0.0,0.0,0.0,1.0
125498,0,1,3400,-57,57,1108.022339,9.1,15,0.55,85760.000000,5,2.1,14,0.0,0.0,0.0,0.0,0.0,0.0,1.0
125747,0,1,3400,-57,57,1107.471191,8.3,15,0.50,67648.000000,0,2.1,14,80,0.0,67,0.0,0.0,0.0,1.0
125996,0,1,3400,-57,57,1108.601196,6.6,15,0.50,73536.000000,0,2.1,14,80,3616.000000,50,0.0,0.0,0.0,1.0
126245,0,1,3400,-57,57,1103.895874,13,14,0.57,66112.000000,3,2.1,5.4,0.0,8768.000000,0,0.0,0.0,0.0,1.0
126494,0,1,3400,-57,57,1105.532959,10,15,0.60,56800.000000,4,2.1,0.0,0.0,0.0,0.0,0.0,0.0,0.0,1.0
126743,0,1,3400,-57,57,1107.388306,12,15,0.52,58880.000000,0,2.1,0.46,0.0,4032.000000,17,0.0,0.0,0.0,1.0
126992,0,1,3400,-57,57,1107.236084,9.0,16,0.50,64160.000000,0,2.1,14,0.0,147104.000000,37,0.0,0.0,0.0,1.0
127241,0,1,3400,-57,57,1108.077759,9.0,15,0.50,65088.000000,0,2.1,15,0.0,0.0,0.0,0.0,0.0,0.0,1.0
127490,0,1,3400,-57,57,1108.415405,7.4,15,0.50,48512.000000,0,2.1,14,0.0,0.0,0.0,0.0,0.0,0.0,1.0
127739,0,1,3400,-57,57,1107.982056,8.0,15,0.74,64800.000000,6,2.1,14,0.0,42752.000000,20,0.0,0.0,0.0,1.0
127988,0,1,3400,-57,57,1107.159790,8.4,15,0.50,21600.000000,0,2.1,6.4,0.0,55104.000000,30,0.0,0.0,0.0,1.0
128237,0,1,3400,-57,57,1107.176147,9.7,15,0.53,78432.000000,5,2.1,6.5,0.0,0.0,0.0,0.0,0.0,0.0,1.0
128486,0,1,3400,-57,57,1105.803345,8.0,14,0.79,39040.000000,12,2.1,6.5,0.0,0.0,0.0,0.0,0.0,0.0,1.0
128735,0,1,3400,-57,57,1103.188721,8.6,14,0.83,29760.000000,6,2.1,6.5,186,0.0,0.0,0.0,0.0,0.0,1.0
128984,0,1,3400,-57,57,1104.695923,7.5,15,0.58,45824.000000,8,2.1,14,0.0,176928.000000,63,0.0,0.0,0.0,1.0
129233,0,1,3400,-57,57,1107.198242,8.2,15,0.53,13792.000000,11,2.1,16,0.0,0.0,0.0,0.0,0.0,0.0,1.0
129482,0,1,3400,-57,57,1108.464233,8.7,15,0.60,67616.000000,3,2.1,16,0.0,0.0,0.0,0.0,0.0,0.0,1.0
129731,0,1,3400,-57,57,1107.938232,11,15,0.63,48448.000000,4,2.1,15,0.0,15200.000000,0,0.0,0.0,0.0,1.0
129980,0,1,3400,-57,57,1108.234253,8.6,16,0.50,72928.000000,0,2.1,16,0.0,192832.000000,70,0.0,0.0,0.0,1.0
130229,0,1,3400,-57,57,1106.337036,12,14,1.2,56064.000000,8,2.1,16,0.0,0.0,0.0,0.0,0.0,0.0,1.0
130478,0,1,3400,-57,57,1103.230469,8.8,15,0.53,97824.000000,4,2.1,16,0.0,0.0,0.0,0.0,0.0,0.0,1.0
130727,0,1,3400,-57,57,1103.460205,8.1,15,0.50,43008.000000,0,2.1,15,0.0,11968.000000,45,0.0,0.0,0.0,1.0
130976,0,1,3400,-57,57,1106.984375,7.8,15,0.50,32256.000000,0,2.1,2.1,0.0,3744.000000,43,0.0,0.0,0.0,1.0
131225,0,1,3400,-57,57,1106.087524,7.8,16,0.50,53344.000000,0,2.1,0.0,0.0,0.0,0.0,0.0,0.0,0.0,1.0
131474,0,1,3400,-57,57,1105.319580,8.5,15,0.51,56672.000000,3,2.1,0.0,0.0,0.0,0.0,0.0,0.0,0.0,1.0
131723,0,1,3400,-57,57,1104.092285,7.6,14,0.67,41184.000000,4,2.1,0.0,0.0,0.0,0.0,0.0,0.0,0.0,1.0
131972,0,1,3400,-57,57,1103.109009,7.9,15,0.85,51936.000000,0,2.1,0.82,0.0,12512.000000,36,0.0,0.0,0.0,1.0
132221,0,1,3400,-57,57,1103.003906,8.3,14,0.55,59744.000000,6,2.1,0.0,0.0,0.0,0.0,0.0,0.0,0.0,1.0
132470,0,1,3400,-57,57,1106.709839,8.6,15,0.50,59296.000000,0,2.1,0.0,0.0,0.0,0.0,0.0,0.0,0.0,1.0
132719,0,1,3400,-57,57,1110.336426,10,15,0.50,58976.000000,0,2.1,0.29,0.0,5536.000000,25,0.0,0.0,0.0,1.0
132968,0,1,3400,-57,57,1106.280029,8.4,14,0.51,69792.000000,0,2.1,0.53,0.0,6976.000000,43,0.0,0.0,0.0,1.0
133217,0,1,3400,-57,57,1102.830444,8.2,14,0.50,70624.000000,0,2.1,0.0,0.0,0.0,0.0,0.0,0.0,0.0,1.0
133466,0,1,3400,-57,57,1102.598145,6.0,15,0.50,68224.000000,0,2.1,0.0,0.0,0.0,0.0,0.0,0.0,0.0,1.0
133715,0,1,3400,-57,57,1104.730469,9.1,15,0.53,113152.000000,4,2.1,0.032,0.0,4384.000000,0,0.0,0.0,0.0,1.0
133964,0,1,3400,-57,57,1101.933716,8.3,15,0.66,67104.000000,3,2.1,2.0,0.0,67584.000000,38,0.0,0.0,0.0,1.0
134213,0,1,3400,-57,57,1103.420166,8.6,15,0.54,50976.000000,5,2.1,2.0,0.0,0.0,0.0,0.0,0.0,0.0,1.0
134462,0,1,3400,-57,57,1104.928711,8.6,15,0.68,59232.000000,7,2.1,2.0,0.0,0.0,0.0,0.0,0.0,0.0,1.0
134711,0,1,3400,-57,57,1106.702271,8.4,15,0.58,35296.000000,5,2.1,2.1,0.0,4384.000000,25,0.0,0.0,0.0,1.0
134960,0,1,3400,-57,57,1106.194092,8.5,15,0.53,54272.000000,0,2.1,0.58,0.0,6656.000000,45,0.0,0.0,0.0,1.0
135209,0,1,3400,-57,57,1104.145020,8.3,15,0.56,53312.000000,4,2.1,0.0,0.0,0.0,0.0,0.0,0.0,0.0,1.0
135458,0,1,3400,-57,57,1104.881836,10,15,0.50,37568.000000,0,2.1,0.0,0.0,0.0,0.0,0.0,0.0,0.0,1.0
135707,0,1,3400,-57,57,1103.807495,8.6,15,0.56,54272.000000,6,2.1,0.37,0.0,6656.000000,0,0.0,0.0,0.0,1.0
135956,0,1,3400,-57,57,1102.402954,8.2,14,0.50,32256.000000,0,2.1,16,0.0,225120.000000,70,0.0,0.0,0.0,1.0
136205,0,1,3400,-57,57,1103.664062,8.2,15,0.68,81280.000000,5,2.1,16,0.0,0.0,0.0,0.0,0.0,0.0,1.0
136454,0,1,3400,-57,57,1102.111206,11,15,0.50,26880.000000,0,2.1,16,0.0,0.0,0.0,0.0,0.0,0.0,1.0
136703,0,1,3400,-57,57,1103.323853,8.8,15,0.57,53696.000000,6,2.1,16,0.0,0.0,0.0,0.0,0.0,0.0,1.0
136952,0,1,3400,-57,57,1105.216797,7.8,15,0.61,59232.000000,0,2.1,15,0.0,165440.000000,57,0.0,0.0,0.0,1.0
137201,0,1,3400,-57,57,1103.397705,10,14,1.5,57664.000000,12,2.1,16,0.0,0.0,0.0,0.0,0.0,0.0,1.0
137450,0,1,3400,-57,57,1105.320435,10.0,15,0.50,54048.000000,0,2.1,16,0.0,0.0,0.0,0.0,0.0,0.0,1.0
137699,0,1,3400,-57,57,1106.292603,8.4,15,0.71,52640.000000,3,2.1,16,0.0,9920.000000,0,0.0,0.0,0.0,1.0
137948,0,1,3400,-57,57,1103.174805,9.0,15,0.50,58688.000000,0,2.1,16,0.0,48864.000000,76,0.0,0.0,0.0,1.0
138197,0,1,3400,-57,57,1102.375732,8.2,15,0.51,67616.000000,3,2.1,16,0.0,0.0,0.0,0.0,0.0,0.0,1.0
138446,0,1,3400,-57,57,1101.855347,9.0,15,0.51,42880.000000,0,2.1,16,0.0,0.0,0.0,0.0,0.0,0.0,1.0
138695,0,1,3400,-57,57,1100.259521,8.6,15,0.63,61792.000000,3,2.1,15,0.0,43136.000000,0,0.0,0.0,0.0,1.0
138944,0,1,3400,-57,57,1100.423340,10.0,15,0.75,62112.000000,3,2.1,16,0.0,128160.000000,65,0.0,0.0,0.0,1.0
139193,0,1,3400,-57,57,1105.394409,8.3,15,0.54,54112.000000,0,2.1,16,0.0,0.0,0.0,0.0,0.0,0.0,1.0
139442,0,1,3400,-57,57,1104.929932,9.4,15,0.53,53728.000000,4,2.1,16,0.0,0.0,0.0,0.0,0.0,0.0,1.0
139691,0,1,3400,-57,57,1103.867798,9.3,15,0.50,45312.000000,0,2.1,16,0.0,17056.000000,25,0.0,0.0,0.0,1.0
139940,0,1,3400,-57,57,1101.617676,8.3,15,0.50,49568.000000,0,2.1,1.2,0.0,6976.000000,43,0.0,0.0,0.0,1.0
140189,0,1,3400,-57,57,1099.723999,8.5,15,0.53,55872.000000,5,2.1,0.0,0.0,0.0,0.0,0.0,0.0,0.0,1.0
140438,0,1,3400,-57,57,1107.205688,8.2,14,0.56,88960.000000,2,2.1,0.0,0.0,0.0,0.0,0.0,0.0,0.0,1.0
140687,0,1,3400,-57,57,1105.179321,8.5,15,0.57,59040.000000,3,2.1,0.0,186,0.0,0.0,0.0,0.0,0.0,1.0
140936,0,1,3400,-57,57,1101.951050,8.1,15,0.50,59136.000000,0,2.1,14,0.0,136416.000000,63,0.0,0.0,0.0,1.0
141185,0,1,3400,-57,57,1098.561890,8.7,15,0.50,53568.000000,0,2.1,16,0.0,0.0,0.0,0.0,0.0,0.0,1.0
141434,0,1,3400,-57,57,1102.600098,10,15,0.50,80512.000000,0,2.1,16,0.0,0.0,0.0,0.0,0.0,0.0,1.0
141683,0,1,3400,-57,57,1104.125610,9.0,16,0.50,53856.000000,0,2.1,14,20,0.0,80,0.0,0.0,0.0,1.0
141932,0,1,3400,-57,57,1100.521240,10,15,0.64,58912.000000,0,2.1,8.0,20,0.0,0.0,0.0,0.0,0.0,1.0
142181,0,1,3400,-57,57,1101.973999,9.5,15,0.68,32192.000000,0,2.1,3.9,0.0,7136.000000,36,0.0,0.0,0.0,1.0
142430,0,1,3400,-57,57,1097.421875,8.7,15,1.1,63776.000000,0,2.1,3.0,0.0,0.0,0.0,0.0,0.0,0.0,1.0
142679,0,1,3400,-57,57,1099.517944,8.5,15,0.76,70592.000000,5,2.1,3.2,0.0,8576.000000,0,0.0,0.0,0.0,1.0
142928,0,1,3400,-57,57,1103.051392,8.2,15,0.57,80448.000000,0,2.1,16,0.0,225120.000000,72,0.0,0.0,0.0,1.0
143177,0,1,3400,-57,57,1106.539185,8.2,15,0.51,19072.000000,9,2.1,16,0.0,0.0,0.0,0.0,0.0,0.0,1.0
143426,0,1,3400,-57,57,1104.029175,8.8,15,0.51,102016.000000,0,2.1,16,0.0,0.0,0.0,0.0,0.0,0.0,1.0
143675,0,1,3400,-57,57,1102.470825,8.4,15,0.67,59840.000000,6,2.1,16,186,0.0,0.0,0.0,0.0,0.0,1.0
143924,0,1,3400,-57,57,1104.788940,7.7,15,0.50,43008.000000,0,2.1,2.4,0.0,12512.000000,36,0.0,0.0,0.0,1.0
144173,0,1,3400,-57,57,1106.715210,8.7,14,0.50,54208.000000,0,2.1,0.0,0.0,0.0,0.0,0.0,0.0,0.0,1.0
144422,0,1,3400,-57,57,1108.748535,9.7,15,0.50,37568.000000,0,2.1,0.0,0.0,0.0,0.0,0.0,0.0,0.0,1.0
144671,0,1,3400,-57,57,1108.976440,8.3,14,0.53,56800.000000,3,2.1,0.0,186,0.0,0.0,0.0,0.0,0.0,1.0
144920,0,1,3400,-57,57,1105.339478,9.6,15,0.50,48160.000000,0,2.1,0.82,0.0,12512.000000,36,0.0,0.0,0.0,1.0
145169,0,1,3400,-57,57,1100.899048,9.0,15,0.51,72832.000000,3,2.1,0.0,0.0,0.0,0.0,0.0,0.0,0.0,1.0
145418,0,1,3400,-57,57,1101.999878,7.7,15,0.50,21504.000000,0,2.1,0.0,0.0,0.0,0.0,0.0,0.0,0.0,1.0
145667,0,1,3400,-57,57,1104.193237,9.4,16,0.50,48000.000000,0,2.1,0.52,0.0,42752.000000,17,0.0,0.0,0.0,1.0
145916,0,1,3400,-57,57,1102.405029,10.0,15,0.68,66688.000000,3,2.1,6.3,0.0,71712.000000,25,0.0,0.0,0.0,1.0
146165,0,1,3400,-57,57,1100.769287,8.4,14,0.93,107488.000000,2,2.1,6.5,0.0,0.0,0.0,0.0,0.0,0.0,1.0
146414,0,1,3400,-57,57,1103.387329,9.9,15,0.64,59648.000000,3,2.1,6.5,0.0,0.0,0.0,0.0,0.0,0.0,1.0
146663,0,1,3400,-57,57,1102.859131,7.8,15,0.50,43008.000000,0,2.1,6.2,0.0,57632.000000,14,0.0,0.0,0.0,1.0
146912,0,1,3400,-57,57,1101.427979,12,16,0.51,68800.000000,0,2.1,16,0.0,179072.000000,67,0.0,0.0,0.0,1.0
147161,0,1,3400,-57,57,1104.843506,7.6,14,0.60,52224.000000,3,2.1,16,0.0,0.0,0.0,0.0,0.0,0.0,1.0
147410,0,1,3400,-57,57,1107.770264,7.4,15,0.61,63392.000000,3,2.1,16,0.0,0.0,0.0,0.0,0.0,0.0,1.0
147659,0,1,3400,-57,57,1105.054321,9.0,15,0.50,69600.000000,0,2.1,15,0.0,11968.000000,0,0.0,0.0,0.0,1.0
147908,0,1,3400,-57,57,1107.144653,8.8,15,0.87,95808.000000,0,2.1,14,0.0,7232.000000,64,0.0,0.0,0.0,1.0
148157,0,1,3400,-57,57,1107.394775,9.1,15,0.66,69568.000000,0,2.1,13,0.0,0.0,0.0,0.0,0.0,0.0,1.0
148406,0,1,3400,-57,57,1104.515137,8.3,14,0.56,29696.000000,6,2.1,13,0.0,0.0,0.0,0.0,0.0,0.0,1.0
148655,0,1,3400,-57,57,1106.146240,8.7,15,0.50,53760.000000,0,2.1,13,0.0,0.0,67,0.0,0.0,0.0,1.0
148904,0,1,3400,-57,57,1108.400269,9.6,15,0.60,78112.000000,2,2.1,14,0.0,0.0,100.000000,0.0,0.0,0.0,1.0
149153,0,1,3400,-57,57,1113.476929,8.3,14,1.4,56032.000000,10,2.1,14,0.0,0.0,0.0,0.0,0.0,0.0,1.0
149402,0,1,3400,-57,57,1107.939453,7.7,15,0.89,36000.000000,12,2.1,14,0.0,0.0,0.0,0.0,0.0,0.0,1.0
149651,0,1,3400,-57,57,1105.024536,7.6,15,0.50,33056.000000,0,2.1,14,0.0,3104.000000,40,0.0,0.0,0.0,1.0
149900,0,1,3400,-57,57,1106.090210,8.9,15,0.53,72800.000000,5,2.1,21,0.0,0.0,100.000000,0.0,0.0,0.0,1.0
150149,0,1,3400,-57,57,1105.994873,9.9,15,0.51,54976.000000,3,2.1,21,0.0,0.0,0.0,0.0,0.0,0.0,1.0
150398,0,1,3400,-57,57,1103.026855,7.9,15,0.70,37728.000000,0,2.1,21,0.0,0.0,0.0,0.0,0.0,0.0,1.0
150647,0,1,3400,-57,57,1104.034668,7.8,15,0.50,37632.000000,0,2.1,19,0.0,23488.000000,0,0.0,0.0,0.0,1.0
150896,0,1,3400,-57,57,1103.179688,8.5,15,0.50,32352.000000,0,2.1,14,0.0,0.0,0.0,0.0,0.0,0.0,1.0
151145,0,1,3400,-57,57,1105.796997,8.0,15,0.50,43008.000000,0,2.1,14,0.0,0.0,0.0,0.0,0.0,0.0,1.0
151394,0,1,3400,-57,57,1103.977905,8.4,14,0.63,82368.000000,5,2.1,13,0.0,0.0,0.0,0.0,0.0,0.0,1.0
151643,0,1,3400,-57,57,1100.975098,8.1,16,0.50,53664.000000,0,2.1,14,0.0,23488.000000,0,0.0,0.0,0.0,1.0
151892,0,1,3400,-57,57,1102.227661,7.9,15,0.50,80224.000000,0,2.1,14,0.0,0.0,0.0,0.0,0.0,0.0,1.0
152141,0,1,3400,-57,57,1105.960693,7.8,14,0.64,54816.000000,5,2.1,14,0.0,0.0,0.0,0.0,0.0,0.0,1.0
152390,0,1,3400,-57,57,1108.279663,7.9,15,0.51,64544.000000,0,2.1,14,0.0,0.0,0.0,0.0,0.0,0.0,1.0
152639,0,1,3400,-57,57,1106.072144,8.7,15,0.60,83872.000000,2,2.1,14,0.0,0.0,80,0.0,0.0,0.0,1.0
152888,0,1,3400,-57,57,1101.784302,8.0,15,0.54,26880.000000,12,2.1,15,0.0,0.0,0.0,0.0,0.0,0.0,1.0
153137,0,1,3400,-57,57,1102.374512,12,15,0.61,29152.000000,6,2.1,15,0.0,0.0,0.0,0.0,0.0,0.0,1.0
153386,0,1,3400,-57,57,1102.302246,7.8,15,0.50,10752.000000,0,2.1,15,0.0,0.0,0.0,0.0,0.0,0.0,1.0
153635,0,1,3400,-57,57,1101.192139,8.4,16,0.50,53760.000000,0,2.1,14,0.0,4384.000000,0,0.0,0.0,0.0,1.0
153884,0,1,3400,-57,57,1104.380371,9.4,14,0.50,54912.000000,0,2.1,16,0.0,117120.000000,70,0.0,0.0,0.0,1.0
154133,0,1,3400,-57,57,1106.619019,8.6,15,0.51,56800.000000,3,2.1,16,0.0,0.0,0.0,0.0,0.0,0.0,1.0
154382,0,1,3400,-57,57,1107.339111,10,15,1.2,73376.000000,8,2.1,16,0.0,0.0,0.0,0.0,0.0,0.0,1.0
154631,0,1,3400,-57,57,1105.672363,8.2,15,0.57,59168.000000,0,2.1,15,0.0,1312.000000,20,0.0,0.0,0.0,1.0
154880,0,1,3400,-57,57,1104.150757,8.4,15,0.51,67456.000000,3,2.1,0.0,0.0,6752.000000,0,0.0,0.0,0.0,1.0
155129,0,1,3400,-57,57,1101.840088,8.3,14,0.60,56896.000000,3,2.1,0.0,0.0,0.0,0.0,0.0,0.0,0.0,1.0
155378,0,1,3400,-57,57,1098.239136,8.2,15,0.65,58944.000000,0,2.1,0.0,0.0,0.0,0.0,0.0,0.0,0.0,1.0
155627,0,1,3400,-57,57,1097.933228,7.9,14,0.51,62176.000000,3,2.1,1.8,0.0,0.0,80,0.0,0.0,0.0,1.0
155876,0,1,3400,-57,57,1098.749268,11,15,0.65,35200.000000,6,2.1,7.5,0.0,0.0,0.0,0.0,0.0,0.0,1.0
156125,0,1,3400,-57,57,1102.863892,9.1,15,0.53,48608.000000,4,2.1,7.5,0.0,0.0,0.0,0.0,0.0,0.0,1.0
156374,0,1,3400,-57,57,1104.042969,9.9,14,0.56,77440.000000,5,2.1,7.5,0.0,0.0,0.0,0.0,0.0,0.0,1.0
156623,0,1,3400,-57,57,1106.463135,9.5,15,0.78,62528.000000,3,2.1,6.8,0.0,12512.000000,36,0.0,0.0,0.0,1.0
156872,0,1,3400,-57,57,1104.917114,9.4,16,0.50,59008.000000,0,2.1,0.0,0.0,0.0,0.0,0.0,0.0,0.0,1.0
157121,0,1,3400,-57,57,1102.657959,8.4,14,0.52,51232.000000,4,2.1,0.0,0.0,0.0,0.0,0.0,0.0,0.0,1.0
157370,0,1,3400,-57,57,1101.801147,9.4,15,0.50,37504.000000,0,2.1,0.0,0.0,0.0,0.0,0.0,0.0,0.0,1.0
157619,0,1,3400,-57,57,1098.674927,8.7,15,0.50,26816.000000,0,2.1,0.0,186,0.0,0.0,0.0,0.0,0.0,1.0
157868,0,1,3400,-57,57,1101.963989,11,15,0.51,51200.000000,4,2.1,14,0.0,214112.000000,59,0.0,0.0,0.0,1.0
158117,0,1,3400,-57,57,1104.691284,7.9,15,0.51,29920.000000,6,2.1,16,0.0,0.0,0.0,0.0,0.0,0.0,1.0
158366,0,1,3400,-57,57,1109.601685,9.4,16,0.54,86016.000000,0,2.1,16,0.0,0.0,0.0,0.0,0.0,0.0,1.0
158615,0,1,3400,-57,57,1098.839233,9.3,15,0.50,64448.000000,0,2.1,16,186,0.0,0.0,0.0,0.0,0.0,1.0
158864,0,1,3400,-57,57,1095.835449,8.5,15,0.50,80736.000000,0,2.1,2.4,0.0,12512.000000,36,0.0,0.0,0.0,1.0
159113,0,1,3400,-57,57,1096.756470,8.6,15,1.3,29920.000000,6,2.1,0.0,0.0,0.0,0.0,0.0,0.0,0.0,1.0
159362,0,1,3400,-57,57,1099.920410,7.3,15,0.50,53408.000000,0,2.1,0.0,0.0,0.0,0.0,0.0,0.0,0.0,1.0
159611,0,1,3400,-57,57,1100.800781,7.3,15,0.50,58272.000000,0,2.1,0.0,0.0,1312.000000,20,0.0,0.0,0.0,1.0
159860,0,1,3400,-57,57,1102.264282,8.5,14,0.50,78112.000000,0,2.1,0.0,0.0,6592.000000,0,0.0,0.0,0.0,1.0
160109,0,1,3400,-57,57,1096.513062,9.0,15,0.53,56800.000000,3,2.1,0.0,0.0,0.0,0.0,0.0,0.0,0.0,1.0
160358,0,1,3400,-57,57,1096.907104,8.3,15,0.59,28992.000000,0,2.1,0.0,0.0,0.0,0.0,0.0,0.0,0.0,1.0
160607,0,1,3400,-57,57,1098.972412,9.6,15,0.50,56672.000000,0,2.1,0.0,0.0,12256.000000,0,0.0,0.0,0.0,1.0
160856,0,1,3400,-57,57,1096.804443,8.4,15,0.50,48384.000000,0,2.1,0.0,0.0,0.0,0.0,0.0,0.0,0.0,1.0
161105,0,1,3400,-57,57,1100.620605,8.3,15,0.50,78560.000000,0,2.1,0.0,0.0,0.0,0.0,0.0,0.0,0.0,1.0
161354,0,1,3400,-57,57,1097.880127,8.0,15,0.84,56800.000000,3,2.1,0.0,0.0,0.0,0.0,0.0,0.0,0.0,1.0
161603,0,1,3400,-57,57,1102.689941,9.6,15,0.57,80576.000000,0,2.1,2.8,0.0,189792.000000,52,0.0,0.0,0.0,1.0
161852,0,1,3400,-57,57,1096.516357,9.3,16,0.50,70048.000000,0,2.1,16,0.0,0.0,0.0,0.0,0.0,0.0,1.0
162101,0,1,3400,-57,57,1091.850220,8.2,15,0.50,16128.000000,0,2.1,16,0.0,0.0,0.0,0.0,0.0,0.0,1.0
162350,0,1,3400,-57,57,1094.484863,5.1,14,0.52,66944.000000,0,2.1,16,0.0,0.0,0.0,0.0,0.0,0.0,1.0
162599,0,1,3400,-57,57,1096.603394,7.9,15,0.50,53536.000000,0,2.1,14,0.0,5792.000000,36,0.0,0.0,0.0,1.0
162848,0,1,3400,-57,57,1101.205933,8.5,15,0.50,64512.000000,0,2.1,0.0,0.0,4000.000000,0,0.0,0.0,0.0,1.0
163097,0,1,3400,-57,57,1104.009277,10,15,0.63,24480.000000,7,2.1,0.0,0.0,0.0,0.0,0.0,0.0,0.0,1.0
163346,0,1,3400,-57,57,1101.598877,9.6,15,0.51,78080.000000,2,2.1,1.5,0.0,17056.000000,0,0.0,0.0,0.0,1.0
163595,0,1,3400,-57,57,1097.333618,9.4,15,0.50,48384.000000,0,2.1,7.5,186,0.0,0.0,0.0,0.0,0.0,1.0
163844,0,1,3400,-57,57,1096.598022,9.2,15,0.71,67424.000000,3,2.1,13,0.0,23488.000000,0,0.0,0.0,0.0,1.0
164093,0,1,3400,-57,57,1094.910645,8.4,15,0.58,41376.000000,14,2.1,14,0.0,0.0,0.0,0.0,0.0,0.0,1.0
164342,0,1,3400,-57,57,1095.790161,8.0,15,0.57,69984.000000,0,2.1,13,0.0,0.0,0.0,0.0,0.0,0.0,1.0
164591,0,1,3400,-57,57,1104.542236,8.2,15,0.58,62176.000000,3,2.1,14,186,0.0,0.0,0.0,0.0,0.0,1.0
164840,0,1,3400,-57,57,1102.927490,8.4,15,0.50,32256.000000,0,2.1,3.3,0.0,24032.000000,36,0.0,0.0,0.0,1.0
165089,0,1,3400,-57,57,1100.586060,12,15,0.50,75072.000000,0,2.1,0.0,0.0,0.0,0.0,0.0,0.0,0.0,1.0
165338,0,1,3400,-57,57,1102.969971,8.6,15,0.60,62336.000000,3,2.1,0.0,0.0,0.0,0.0,0.0,0.0,0.0,1.0
165587,0,1,3400,-57,57,1099.409668,9.5,14,0.61,56864.000000,3,2.1,0.24,0.0,4384.000000,25,0.0,0.0,0.0,1.0
165836,0,1,3400,-57,57,1098.579468,8.8,16,0.75,85312.000000,3,2.1,0.58,0.0,6656.000000,33,0.0,0.0,0.0,1.0
166085,0,1,3400,-57,57,1102.169922,7.7,15,1.5,51520.000000,3,2.1,0.0,0.0,0.0,0.0,0.0,0.0,0.0,1.0
166334,0,1,3400,-57,57,1103.220703,8.6,15,0.50,90816.000000,0,2.1,0.0,0.0,0.0,0.0,0.0,0.0,0.0,1.0
166583,0,1,3400,-57,57,1101.474365,9.4,15,0.50,65376.000000,0,2.1,0.032,0.0,9920.000000,0,0.0,0.0,0.0,1.0
166832,0,1,3400,-57,57,1106.029907,9.4,16,0.53,37568.000000,5,2.1,0.0,0.0,41984.000000,7,0.0,0.0,0.0,1.0
167081,0,1,3400,-57,57,1106.071167,10,15,0.72,98752.000000,0,2.1,0.0,0.0,0.0,0.0,0.0,0.0,0.0,1.0
167330,0,1,3400,-57,57,1104.032715,8.4,15,0.50,40768.000000,0,2.1,0.0,0.0,0.0,0.0,0.0,0.0,0.0,1.0
167579,0,1,3400,-57,57,1103.193237,8.6,15,0.51,48288.000000,4,2.1,0.37,0.0,6656.000000,0,0.0,0.0,0.0,1.0
167828,0,1,3400,-57,57,1103.415771,9.1,15,0.51,73664.000000,3,2.1,16,0.0,169600.000000,69,0.0,0.0,0.0,1.0
168077,0,1,3400,-57,57,1101.124634,10,15,0.50,62272.000000,0,2.1,16,0.0,0.0,0.0,0.0,0.0,0.0,1.0
168326,0,1,3400,-57,57,1101.184692,10,14,0.52,59168.000000,3,2.1,16,0.0,0.0,0.0,0.0,0.0,0.0,1.0
168575,0,1,3400,-57,57,1103.320190,8.5,15,1.0,68768.000000,14,2.1,15,0.0,63200.000000,0,0.0,0.0,0.0,1.0
168824,0,1,3400,-57,57,1103.019165,8.6,15,0.50,42784.000000,0,2.1,16,0.0,164064.000000,73,0.0,0.0,0.0,1.0
169073,0,1,3400,-57,57,1099.610962,9.6,16,0.54,48352.000000,0,2.1,16,0.0,0.0,0.0,0.0,0.0,0.0,1.0
169322,0,1,3400,-57,57,1102.241211,8.4,15,0.50,37632.000000,0,2.1,16,0.0,0.0,0.0,0.0,0.0,0.0,1.0
169571,0,1,3400,-57,57,1101.767700,8.7,15,0.67,34752.000000,6,2.1,16,186,0.0,0.0,0.0,0.0,0.0,1.0
169820,0,1,3400,-57,57,1102.294312,9.2,16,0.50,59872.000000,0,2.1,7.5,0.0,22912.000000,0,0.0,0.0,0.0,1.0
170069,0,1,3400,-57,57,1102.881592,8.8,14,0.50,59232.000000,0,2.1,7.0,0.0,0.0,0.0,0.0,0.0,0.0,1.0
170318,0,1,3400,-57,57,1103.206909,8.7,15,0.50,53856.000000,0,2.1,7.0,0.0,0.0,0.0,0.0,0.0,0.0,1.0
170567,0,1,3400,-57,57,1102.494141,8.3,15,0.50,74944.000000,0,2.1,7.6,0.0,23488.000000,0,0.0,0.0,0.0,1.0
170816,0,1,3400,-57,57,1099.733765,8.4,14,0.85,65728.000000,11,2.1,14,0.0,0.0,0.0,0.0,0.0,0.0,1.0
171065,0,1,3400,-57,57,1098.354614,9.2,15,0.59,42720.000000,0,2.1,14,0.0,0.0,0.0,0.0,0.0,0.0,1.0
171314,0,1,3400,-57,57,1099.052368,8.6,15,0.58,25088.000000,12,2.1,14,0.0,0.0,0.0,0.0,0.0,0.0,1.0
171563,0,1,3400,-57,57,1098.969971,10.0,15,0.51,69984.000000,0,2.1,14,0.0,23488.000000,0,0.0,0.0,0.0,1.0
171812,0,1,3400,-57,57,1099.562866,11,16,0.50,37632.000000,0,2.1,14,0.0,0.0,0.0,0.0,0.0,0.0,1.0
172061,0,1,3400,-57,57,1104.292358,9.6,15,0.55,102496.000000,4,2.1,14,0.0,0.0,0.0,0.0,0.0,0.0,1.0
172310,0,1,3400,-57,57,1101.911133,8.1,15,0.53,56512.000000,4,2.1,14,0.0,0.0,0.0,0.0,0.0,0.0,1.0
172559,0,1,3400,-57,57,1101.063477,8.0,15,0.51,73152.000000,3,2.1,14,0.0,0.0,67,0.0,0.0,0.0,1.0
172808,0,1,3400,-57,57,1100.307129,9.2,16,0.50,80480.000000,0,2.1,15,0.0,0.0,100.000000,0.0,0.0,0.0,1.0
173057,0,1,3400,-57,57,1100.241577,8.6,14,0.52,86080.000000,0,2.1,15,0.0,0.0,0.0,0.0,0.0,0.0,1.0
173306,0,1,3400,-57,57,1105.461914,8.4,14,0.68,57024.000000,3,2.1,15,0.0,0.0,0.0,0.0,0.0,0.0,1.0
173555,0,1,3400,-57,57,1105.591431,9.6,15,0.60,35232.000000,6,2.1,15,0.0,0.0,0.0,0.0,0.0,0.0,1.0
173804,0,1,3400,-57,57,1102.260986,9.2,15,0.50,80032.000000,0,2.1,9.5,0.0,12512.000000,36,0.0,0.0,0.0,1.0
174053,0,1,3400,-57,57,1102.980957,8.5,15,1.0,43616.000000,8,2.1,0.0,0.0,0.0,0.0,0.0,0.0,0.0,1.0
174302,0,1,3400,-57,57,1107.219360,9.4,14,0.53,33088.000000,11,2.1,0.0,0.0,0.0,0.0,0.0,0.0,0.0,1.0
174551,0,1,3400,-57,57,1105.275391,9.3,14,0.93,46176.000000,4,2.1,0.0,0.0,0.0,0.0,0.0,0.0,0.0,1.0
174800,0,1,3400,-57,57,1101.500122,9.7,15,0.51,67264.000000,3,2.1,12,0.0,9568.000000,0,0.0,0.0,0.0,1.0
175049,0,1,3400,-57,57,1102.849487,9.0,15,0.51,32192.000000,6,2.1,14,0.0,0.0,0.0,0.0,0.0,0.0,1.0
175298,0,1,3400,-57,57,1104.891479,7.8,15,0.50,35296.000000,0,2.1,14,0.0,0.0,0.0,0.0,0.0,0.0,1.0
175547,0,1,3400,-57,57,1106.382935,9.2,16,0.50,58848.000000,0,2.1,14,0.0,0.0,80,0.0,0.0,0.0,1.0
175796,0,1,3400,-57,57,1106.443481,7.7,14,0.63,35296.000000,5,2.1,14,0.0,0.0,0.0,0.0,0.0,0.0,1.0
176045,0,1,3400,-57,57,1110.201416,9.0,15,0.50,40064.000000,0,2.1,14,0.0,0.0,0.0,0.0,0.0,0.0,1.0
176294,0,1,3400,-57,57,1107.270996,8.6,14,0.53,51552.000000,3,2.1,14,0.0,0.0,0.0,0.0,0.0,0.0,1.0
176543,0,1,3400,-57,57,1102.933350,8.3,15,0.51,56704.000000,4,2.1,13,0.0,7104.000000,12,0.0,0.0,0.0,1.0
176792,0,1,3400,-57,57,1101.240723,9.1,15,0.51,56576.000000,3,2.1,16,0.0,153184.000000,71,0.0,0.0,0.0,1.0
177041,0,1,3400,-57,57,1101.927979,8.9,14,0.53,40768.000000,8,2.1,16,0.0,0.0,0.0,0.0,0.0,0.0,1.0
177290,0,1,3400,-57,57,1098.586548,7.9,15,0.51,51520.000000,0,2.1,16,0.0,0.0,0.0,0.0,0.0,0.0,1.0
177539,0,1,3400,-57,57,1095.395752,9.4,15,0.50,56832.000000,0,2.1,16,186,0.0,0.0,0.0,0.0,0.0,1.0
177788,0,1,3400,-57,57,1097.038208,7.9,15,0.50,32256.000000,0,2.1,1.7,0.0,8928.000000,0,0.0,0.0,0.0,1.0
178037,0,1,3400,-57,57,1100.895752,6.9,15,0.50,63424.000000,0,2.1,0.0,0.0,0.0,0.0,0.0,0.0,0.0,1.0
178286,0,1,3400,-57,57,1102.166626,8.2,15,0.65,62176.000000,3,2.1,0.0,0.0,0.0,0.0,0.0,0.0,0.0,1.0
178535,0,1,3400,-57,57,1103.735352,8.8,13,0.88,73984.000000,12,2.1,0.0,186,0.0,0.0,0.0,0.0,0.0,1.0
178784,0,1,3400,-57,57,1103.384644,9.0,16,0.50,75168.000000,0,2.1,0.0,0.0,12160.000000,22,0.0,0.0,0.0,1.0
179033,0,1,3400,-57,57,1102.809570,9.7,15,0.54,102976.000000,4,2.1,0.0,0.0,0.0,0.0,0.0,0.0,0.0,1.0
179282,0,1,3400,-57,57,1102.610107,8.4,14,0.57,38336.000000,9,2.1,0.0,0.0,0.0,0.0,0.0,0.0,0.0,1.0
179531,0,1,3400,-57,57,1103.123901,9.5,15,0.54,62176.000000,3,2.1,0.064,186,0.0,0.0,0.0,0.0,0.0,1.0
179780,0,1,3400,-57,57,1100.517456,8.5,15,0.50,21088.000000,0,2.1,0.0,0.0,12064.000000,0,0.0,0.0,0.0,1.0
180029,0,1,3400,-57,57,1102.771240,10,15,0.72,67488.000000,3,2.1,0.0,0.0,0.0,0.0,0.0,0.0,0.0,1.0
180278,0,1,3400,-57,57,1103.788086,9.0,14,0.50,75072.000000,0,2.1,0.0,0.0,0.0,0.0,0.0,0.0,0.0,1.0
180527,0,1,3400,-57,57,1104.534424,9.7,16,0.50,91040.000000,0,2.1,0.89,0.0,17056.000000,25,0.0,0.0,0.0,1.0
180776,0,1,3400,-57,57,1103.445923,6.9,15,0.50,58208.000000,0,2.1,1.2,0.0,6976.000000,43,0.0,0.0,0.0,1.0
181025,0,1,3400,-57,57,1103.889771,8.6,15,0.51,59136.000000,0,2.1,0.0,0.0,0.0,0.0,0.0,0.0,0.0,1.0
181274,0,1,3400,-57,57,1100.600708,8.4,15,0.51,75264.000000,0,2.1,0.0,0.0,0.0,0.0,0.0,0.0,0.0,1.0
181523,0,1,3400,-57,57,1098.273926,8.4,15,0.68,41376.000000,11,2.1,0.024,0.0,12256.000000,0,0.0,0.0,0.0,1.0
181772,0,1,3400,-57,57,1099.659546,12,15,0.98,70144.000000,2,2.1,3.0,0.0,0.0,100.000000,0.0,0.0,0.0,1.0
182021,0,1,3400,-57,57,1100.713257,8.4,15,0.50,48320.000000,0,2.1,3.0,0.0,0.0,0.0,0.0,0.0,0.0,1.0
182270,0,1,3400,-57,57,1101.540405,7.8,15,0.50,53056.000000,0,2.1,3.0,0.0,0.0,0.0,0.0,0.0,0.0,1.0
182519,0,1,3400,-57,57,1101.544067,8.3,14,0.68,82144.000000,4,2.1,2.3,0.0,12256.000000,0,0.0,0.0,0.0,1.0
182768,0,1,3400,-57,57,1105.082031,9.3,14,0.61,70528.000000,5,2.1,0.0,0.0,0.0,0.0,0.0,0.0,0.0,1.0
183017,0,1,3400,-57,57,1100.732666,8.4,15,0.50,52224.000000,0,2.1,0.0,0.0,0.0,0.0,0.0,0.0,0.0,1.0
183266,0,1,3400,-57,57,1101.072632,7.7,15,1.2,25248.000000,6,2.1,0.0,0.0,0.0,0.0,0.0,0.0,0.0,1.0
183515,0,1,3400,-57,57,1102.335083,7.2,14,0.58,67232.000000,0,2.1,2.8,0.0,175360.000000,63,0.0,0.0,0.0,1.0
183764,0,1,3400,-57,57,1103.529419,8.4,15,0.56,51520.000000,3,2.1,16,0.0,61056.000000,0,0.0,0.0,0.0,1.0
184013,0,1,3400,-57,57,1098.328003,11,15,0.50,26752.000000,0,2.1,16,0.0,0.0,0.0,0.0,0.0,0.0,1.0
184262,0,1,3400,-57,57,1094.269653,8.7,14,0.60,46784.000000,4,2.1,16,0.0,0.0,0.0,0.0,0.0,0.0,1.0
184511,0,1,3400,-57,57,1095.356567,8.2,15,0.50,64288.000000,0,2.1,15,0.0,11968.000000,45,0.0,0.0,0.0,1.0
184760,0,1,3400,-57,57,1097.587402,8.1,15,0.56,43712.000000,7,2.1,3.1,0.0,12000.000000,50,0.0,0.0,0.0,1.0
185009,0,1,3400,-57,57,1100.420532,8.9,14,0.50,72704.000000,0,2.1,0.0,0.0,0.0,0.0,0.0,0.0,0.0,1.0
185258,0,1,3400,-57,57,1096.279541,7.9,15,0.57,70272.000000,5,2.1,0.0,0.0,0.0,0.0,0.0,0.0,0.0,1.0
185507,0,1,3400,-57,57,1097.602417,9.3,15,0.51,45888.000000,0,2.1,0.0,186,0.0,0.0,0.0,0.0,0.0,1.0
185756,0,1,3400,-57,57,1099.663574,4.9,14,0.50,85088.000000,0,2.1,0.0,0.0,12512.000000,14,0.0,0.0,0.0,1.0
186005,0,1,3400,-57,57,1100.085449,8.5,15,0.50,79136.000000,0,2.1,0.0,0.0,0.0,0.0,0.0,0.0,0.0,1.0
186254,0,1,3400,-57,57,1100.114624,8.6,15,0.53,56832.000000,3,2.1,0.0,0.0,0.0,0.0,0.0,0.0,0.0,1.0
186503,0,1,3400,-57,57,1101.035767,8.7,15,0.50,37568.000000,0,2.1,0.60,0.0,0.0,67,0.0,0.0,0.0,1.0
186752,0,1,3400,-57,57,1099.875488,7.4,14,0.50,55360.000000,0,2.1,7.5,0.0,0.0,100.000000,0.0,0.0,0.0,1.0
187001,0,1,3400,-57,57,1102.816040,9.1,15,0.53,81376.000000,4,2.1,7.5,0.0,0.0,0.0,0.0,0.0,0.0,1.0
187250,0,1,3400,-57,57,1103.483765,8.9,15,0.57,72800.000000,3,2.1,7.5,0.0,0.0,0.0,0.0,0.0,0.0,1.0
187499,0,1,3400,-57,57,1102.370239,12,16,0.50,57280.000000,0,2.1,7.5,186,0.0,0.0,0.0,0.0,0.0,1.0
187748,0,1,3400,-57,57,1100.655762,9.9,15,0.53,59328.000000,6,2.1,1.7,0.0,12512.000000,36,0.0,0.0,0.0,1.0
187997,0,1,3400,-57,57,1100.433105,10.0,15,0.61,80544.000000,5,2.1,0.0,0.0,0.0,0.0,0.0,0.0,0.0,1.0
188246,0,1,3400,-57,57,1102.010986,8.0,15,0.50,48384.000000,0,2.1,0.0,0.0,0.0,0.0,0.0,0.0,0.0,1.0
188495,0,1,3400,-57,57,1101.139526,8.7,15,0.50,53760.000000,0,2.1,0.24,0.0,10816.000000,0,0.0,0.0,0.0,1.0
188744,0,1,3400,-57,57,1104.060425,8.7,15,0.50,37568.000000,0,2.1,16,0.0,232032.000000,63,0.0,0.0,0.0,1.0
188993,0,1,3400,-57,57,1106.848999,8.4,15,0.50,53664.000000,0,2.1,16,0.0,0.0,0.0,0.0,0.0,0.0,1.0
189242,0,1,3400,-57,57,1104.175049,8.2,14,0.55,26784.000000,0,2.1,16,0.0,0.0,0.0,0.0,0.0,0.0,1.0
189491,0,1,3400,-57,57,1107.678955,8.2,15,0.50,48448.000000,0,2.1,15,0.0,65440.000000,0,0.0,0.0,0.0,1.0
189740,0,1,3400,-57,57,1108.633179,8.1,15,0.50,37632.000000,0,2.1,16,0.0,48864.000000,80,0.0,0.0,0.0,1.0
189989,0,1,3400,-57,57,1103.724243,9.2,15,0.51,69664.000000,3,2.1,16,0.0,0.0,0.0,0.0,0.0,0.0,1.0
190238,0,1,3400,-57,57,1104.051514,10,15,0.50,66464.000000,0,2.1,16,0.0,0.0,0.0,0.0,0.0,0.0,1.0
190487,0,1,3400,-57,57,1101.274780,8.6,15,0.51,92160.000000,0,2.1,12,0.0,12256.000000,0,0.0,0.0,0.0,1.0
190736,0,1,3400,-57,57,1099.258301,8.0,15,0.50,59232.000000,0,2.1,0.0,0.0,0.0,0.0,0.0,0.0,0.0,1.0
190985,0,1,3400,-57,57,1101.350098,10,15,0.85,40416.000000,6,2.1,0.0,0.0,0.0,0.0,0.0,0.0,0.0,1.0
191234,0,1,3400,-57,57,1098.187500,9.2,14,0.58,85888.000000,0,2.1,0.0,0.0,0.0,0.0,0.0,0.0,0.0,1.0
191483,0,1,3400,-57,57,1094.344360,7.5,15,0.55,84672.000000,3,2.1,0.0,0.0,0.0,0.0,0.0,0.0,0.0,1.0
191732,0,1,3400,-57,57,1096.751587,8.5,15,0.50,48256.000000,0,2.1,11,0.0,182560.000000,61,0.0,0.0,0.0,1.0
191981,0,1,3400,-57,57,1103.093628,10,15,0.50,51968.000000,0,2.1,16,0.0,0.0,0.0,0.0,0.0,0.0,1.0
192230,0,1,3400,-57,57,1101.414185,10,15,0.65,63584.000000,3,2.1,16,0.0,0.0,0.0,0.0,0.0,0.0,1.0
192479,0,1,3400,-57,57,1101.640015,9.4,14,1.1,66368.000000,3,2.1,12,0.0,8160.000000,29,0.0,0.0,0.0,1.0
192728,0,1,3400,-57,57,1101.127686,8.7,15,0.86,57088.000000,3,2.1,0.0,0.0,0.0,0.0,0.0,0.0,0.0,1.0
192977,0,1,3400,-57,57,1102.635864,9.6,15,0.53,39296.000000,9,2.1,0.0,0.0,0.0,0.0,0.0,0.0,0.0,1.0
193226,0,1,3400,-57,57,1101.855469,8.0,15,0.50,59232.000000,0,2.1,0.0,0.0,0.0,0.0,0.0,0.0,0.0,1.0
193475,0,1,3400,-57,57,1100.601562,8.2,15,1.0,61504.000000,3,2.1,0.24,0.0,4384.000000,25,0.0,0.0,0.0,1.0
193724,0,1,3400,-57,57,1100.747437,8.6,15,0.50,58816.000000,0,2.1,0.58,0.0,6560.000000,43,0.0,0.0,0.0,1.0
193973,0,1,3400,-57,57,1099.393433,9.3,15,0.91,38592.000000,5,2.1,0.0,0.0,0.0,0.0,0.0,0.0,0.0,1.0
194222,0,1,3400,-57,57,1101.283203,7.7,14,0.51,53664.000000,0,2.1,0.0,0.0,0.0,0.0,0.0,0.0,0.0,1.0
194471,0,1,3400,-57,57,1100.799927,8.5,14,0.51,45024.000000,0,2.1,0.58,0.0,42752.000000,20,0.0,0.0,0.0,1.0
194720,0,1,3400,-57,57,1101.848267,8.7,15,0.51,48064.000000,0,2.1,14,0.0,15456.000000,54,0.0,0.0,0.0,1.0
194969,0,1,3400,-57,57,1101.285522,10,15,0.50,89056.000000,0,2.1,14,0.0,0.0,0.0,0.0,0.0,0.0,1.0
195218,0,1,3400,-57,57,1104.128906,8.3,15,0.58,78304.000000,2,2.1,14,0.0,0.0,0.0,0.0,0.0,0.0,1.0
195467,0,1,3400,-57,57,1106.723511,9.3,15,0.50,64128.000000,0,2.1,11,0.0,8160.000000,0,0.0,0.0,0.0,1.0
195716,0,1,3400,-57,57,1105.782471,8.0,15,0.50,48384.000000,0,2.1,0.0,0.0,0.0,0.0,0.0,0.0,0.0,1.0
195965,0,1,3400,-57,57,1102.789551,11,15,0.81,58112.000000,7,2.1,0.064,0.0,0.0,0.0,0.0,0.0,0.0,1.0
196214,0,1,3400,-57,57,1101.957153,8.9,15,0.50,64864.000000,0,2.1,0.0,0.0,0.0,0.0,0.0,0.0,0.0,1.0
196463,0,1,3400,-57,57,1102.985840,8.5,15,0.51,56000.000000,3,2.1,2.1,0.0,24032.000000,36,0.0,0.0,0.0,1.0
196712,0,1,3400,-57,57,1098.710083,11,15,0.50,42784.000000,0,2.1,0.0,0.0,0.0,0.0,0.0,0.0,0.0,1.0
196961,0,1,3400,-57,57,1101.772583,8.0,14,0.52,67456.000000,3,2.1,0.0,0.0,0.0,0.0,0.0,0.0,0.0,1.0
197210,0,1,3400,-57,57,1104.656616,7.9,14,0.53,54368.000000,6,2.1,0.0,0.0,0.0,0.0,0.0,0.0,0.0,1.0
197459,0,1,3400,-57,57,1101.907349,10,15,0.50,45088.000000,0,2.1,0.0,0.0,8160.000000,17,0.0,0.0,0.0,1.0
197708,0,1,3400,-57,57,1102.102539,12,14,0.61,56512.000000,0,2.1,0.0,0.0,0.0,0.0,0.0,0.0,0.0,1.0
197957,0,1,3400,-57,57,1101.938843,8.9,15,0.74,67552.000000,3,2.1,0.0,0.0,0.0,0.0,0.0,0.0,0.0,1.0
198206,0,1,3400,-57,57,1102.713379,8.8,14,0.58,65216.000000,5,2.1,0.0,0.0,0.0,0.0,0.0,0.0,0.0,1.0
198455,0,1,3400,-57,57,1100.375366,10,15,0.50,85056.000000,0,2.1,0.0,0.0,12256.000000,0,0.0,0.0,0.0,1.0
198704,0,1,3400,-57,57,1103.606445,8.3,15,0.63,36096.000000,9,2.1,0.064,0.0,0.0,0.0,0.0,0.0,0.0,1.0
198953,0,1,3400,-57,57,1106.601807,8.2,15,0.50,34912.000000,0,2.1,0.0,0.0,0.0,0.0,0.0,0.0,0.0,1.0
199202,0,1,3400,-57,57,1103.220703,11,14,0.61,62368.000000,6,2.1,0.0,0.0,0.0,0.0,0.0,0.0,0.0,1.0
199451,0,1,3400,-57,57,1100.052002,8.0,14,0.74,29920.000000,6,2.1,0.032,0.0,4384.000000,0,0.0,0.0,0.0,1.0
199700,0,1,3400,-57,57,1104.450806,7.4,15,0.99,35744.000000,4,2.1,16,0.0,117120.000000,68,0.0,0.0,0.0,1.0
199949,0,1,3400,-57,57,1101.332764,8.1,15,0.63,35232.000000,5,2.1,16,0.0,0.0,0.0,0.0,0.0,0.0,1.0
200198,0,1,3400,-57,57,1099.722778,8.8,15,0.81,73632.000000,2,2.1,16,0.0,0.0,0.0,0.0,0.0,0.0,1.0
200447,0,1,3400,-57,57,1101.074219,8.1,14,0.64,35168.000000,5,2.1,16,0.0,0.0,0.0,0.0,0.0,0.0,1.0
200696,0,1,3400,-57,57,1101.761719,11,15,0.60,42144.000000,0,2.1,4.4,0.0,7904.000000,12,0.0,0.0,0.0,1.0
200945,0,1,3400,-57,57,1103.339111,8.9,15,0.71,45344.000000,4,2.1,0.0,0.0,0.0,0.0,0.0,0.0,0.0,1.0
201194,0,1,3400,-57,57,1100.814941,9.5,15,0.53,67552.000000,3,2.1,0.0,0.0,0.0,0.0,0.0,0.0,0.0,1.0
201443,0,1,3400,-57,57,1098.566162,8.2,14,0.55,43808.000000,8,2.1,0.0,0.0,5536.000000,20,0.0,0.0,0.0,1.0
201692,0,1,3400,-57,57,1100.329590,8.0,15,0.50,37536.000000,0,2.1,0.0,0.0,6976.000000,0,0.0,0.0,0.0,1.0
201941,0,1,3400,-57,57,1104.395142,9.6,15,0.70,84576.000000,8,2.1,0.0,0.0,0.0,0.0,0.0,0.0,0.0,1.0
202190,0,1,3400,-57,57,1101.104126,9.6,14,0.54,70880.000000,5,2.1,0.0,0.0,0.0,0.0,0.0,0.0,0.0,1.0
202439,0,1,3400,-57,57,1094.299438,11,15,0.50,74656.000000,0,2.1,0.89,0.0,23488.000000,0,0.0,0.0,0.0,1.0
202688,0,1,3400,-57,57,1093.413208,8.0,15,0.50,59136.000000,0,2.1,14,0.0,0.0,0.0,0.0,0.0,0.0,1.0
202937,0,1,3400,-57,57,1096.421509,10,15,0.51,53568.000000,0,2.1,14,0.0,0.0,0.0,0.0,0.0,0.0,1.0
203186,0,1,3400,-57,57,1097.343872,11,15,0.50,32256.000000,0,2.1,14,0.0,0.0,0.0,0.0,0.0,0.0,1.0
203435,0,1,3400,-57,57,1102.042725,9.9,16,0.50,16064.000000,0,2.1,14,0.0,0.0,0.0,0.0,0.0,0.0,1.0
203684,0,1,3400,-57,57,1103.185913,8.7,15,0.78,59840.000000,3,2.1,14,0.0,17056.000000,57,0.0,0.0,0.0,1.0
203933,0,1,3400,-57,57,1103.785645,7.9,15,0.85,70848.000000,5,2.1,14,0.0,0.0,0.0,0.0,0.0,0.0,1.0
204182,0,1,3400,-57,57,1103.729126,9.0,14,0.63,44064.000000,9,2.1,14,0.0,0.0,0.0,0.0,0.0,0.0,1.0
204431,0,1,3400,-57,57,1104.241943,7.9,14,0.59,32256.000000,0,2.1,14,186,0.0,0.0,0.0,0.0,0.0,1.0
204680,0,1,3400,-57,57,1101.405029,7.7,15,0.50,37504.000000,0,2.1,16,0.0,159616.000000,62,0.0,0.0,0.0,1.0
204929,0,1,3400,-57,57,1098.459595,8.3,15,0.50,91584.000000,0,2.1,16,0.0,0.0,0.0,0.0,0.0,0.0,1.0
205178,0,1,3400,-57,57,1101.197388,9.2,15,0.54,65984.000000,5,2.1,16,0.0,0.0,0.0,0.0,0.0,0.0,1.0
205427,0,1,3400,-57,57,1101.592285,8.3,15,0.50,37632.000000,0,2.1,13,0.0,12512.000000,36,0.0,0.0,0.0,1.0
205676,0,1,3400,-57,57,1104.650269,9.2,14,0.72,24352.000000,8,2.1,0.0,0.0,0.0,0.0,0.0,0.0,0.0,1.0
205925,0,1,3400,-57,57,1107.822021,11,15,0.78,63616.000000,0,2.1,0.0,0.0,0.0,0.0,0.0,0.0,0.0,1.0
206174,0,1,3400,-57,57,1106.358765,10.0,15,0.88,54432.000000,7,2.1,0.0,0.0,0.0,0.0,0.0,0.0,0.0,1.0
206423,0,1,3400,-57,57,1107.867432,8.4,13,0.98,52640.000000,9,2.1,0.24,0.0,4384.000000,25,0.0,0.0,0.0,1.0
206672,0,1,3400,-57,57,1103.244629,8.3,15,0.50,64768.000000,0,2.1,16,0.0,185472.000000,68,0.0,0.0,0.0,1.0
206921,0,1,3400,-57,57,1097.881592,7.8,15,0.84,49088.000000,7,2.1,16,0.0,0.0,0.0,0.0,0.0,0.0,1.0
207170,0,1,3400,-57,57,1096.085327,9.0,15,0.50,70176.000000,0,2.1,16,0.0,0.0,0.0,0.0,0.0,0.0,1.0
207419,0,1,3400,-57,57,1096.718872,8.1,14,0.78,83776.000000,2,2.1,15,0.0,2624.000000,20,0.0,0.0,0.0,1.0
207668,0,1,3400,-57,57,1100.834839,9.0,15,0.52,75104.000000,0,2.1,0.0,0.0,5536.000000,0,0.0,0.0,0.0,1.0
207917,0,1,3400,-57,57,1098.899414,8.6,15,0.57,65952.000000,10,2.1,0.0,0.0,0.0,0.0,0.0,0.0,0.0,1.0
208166,0,1,3400,-57,57,1096.802246,8.7,15,0.57,71392.000000,3,2.1,0.0,0.0,0.0,0.0,0.0,0.0,0.0,1.0
208415,0,1,3400,-57,57,1098.674194,9.5,15,0.66,75136.000000,0,2.1,0.0,0.0,12384.000000,0,0.0,0.0,0.0,1.0
208664,0,1,3400,-57,57,1097.857544,9.3,15,0.57,78176.000000,2,2.1,0.0,0.0,0.0,0.0,0.0,0.0,0.0,1.0
208913,0,1,3400,-57,57,1098.299683,8.5,15,0.50,69376.000000,0,2.1,0.0,0.0,0.0,0.0,0.0,0.0,0.0,1.0
209162,0,1,3400,-57,57,1102.931519,8.8,14,0.61,40608.000000,4,2.1,0.0,0.0,0.0,0.0,0.0,0.0,0.0,1.0
209411,0,1,3400,-57,57,1103.398560,9.2,15,0.53,76192.000000,5,2.1,0.82,0.0,12512.000000,36,0.0,0.0,0.0,1.0
209660,0,1,3400,-57,57,1101.769653,8.3,15,0.55,66048.000000,0,2.1,0.0,0.0,0.0,0.0,0.0,0.0,0.0,1.0
209909,0,1,3400,-57,57,1103.339111,10,15,0.50,74272.000000,0,2.1,0.0,0.0,0.0,0.0,0.0,0.0,0.0,1.0
210158,0,1,3400,-57,57,1103.032837,6.6,16,0.50,57888.000000,0,2.1,0.0,0.0,0.0,0.0,0.0,0.0,0.0,1.0
210407,0,1,3400,-57,57,1099.724609,8.6,15,0.63,84704.000000,2,2.1,0.0,0.0,8160.000000,17,0.0,0.0,0.0,1.0
210656,0,1,3400,-57,57,1099.717163,7.2,14,0.50,65056.000000,0,2.1,0.0,0.0,0.0,0.0,0.0,0.0,0.0,1.0
210905,0,1,3400,-57,57,1098.762451,8.0,15,0.50,59040.000000,0,2.1,0.0,0.0,0.0,0.0,0.0,0.0,0.0,1.0
211154,0,1,3400,-57,57,1098.972290,8.0,14,0.57,59840.000000,3,2.1,0.0,0.0,0.0,0.0,0.0,0.0,0.0,1.0
211403,0,1,3400,-57,57,1103.580444,7.6,14,0.93,48224.000000,4,2.1,0.0,186,0.0,0.0,0.0,0.0,0.0,1.0
211652,0,1,3400,-57,57,1107.138916,9.3,15,0.50,53632.000000,0,2.1,0.82,0.0,10464.000000,36,0.0,0.0,0.0,1.0
211901,0,1,3400,-57,57,1100.706421,8.4,15,0.52,61600.000000,3,2.1,0.0,0.0,0.0,0.0,0.0,0.0,0.0,1.0
212150,0,1,3400,-57,57,1098.255127,8.5,15,0.50,53696.000000,0,2.1,0.0,0.0,0.0,0.0,0.0,0.0,0.0,1.0
212399,0,1,3400,-57,57,1095.359009,8.1,15,0.77,81792.000000,5,2.1,0.82,0.0,18688.000000,33,0.0,0.0,0.0,1.0
212648,0,1,3400,-57,57,1097.008667,11,15,0.51,56544.000000,4,2.1,0.0,0.0,0.0,0.0,0.0,0.0,0.0,1.0
212897,0,1,3400,-57,57,1097.417114,9.7,15,0.84,65664.000000,12,2.1,0.0,0.0,0.0,0.0,0.0,0.0,0.0,1.0
213146,0,1,3400,-57,57,1099.260132,9.0,15,0.63,63808.000000,3,2.1,0.0,0.0,0.0,0.0,0.0,0.0,0.0,1.0
213395,0,1,3400,-57,57,1100.942749,7.4,14,0.52,85216.000000,0,2.1,0.0,0.0,11072.000000,0,0.0,0.0,0.0,1.0
213644,0,1,3400,-57,57,1098.820923,8.3,15,0.75,48992.000000,4,2.1,0.0,0.0,1312.000000,0,0.0,0.0,0.0,1.0
213893,0,1,3400,-57,57,1098.865234,8.6,15,0.51,78080.000000,0,2.1,0.0,0.0,0.0,0.0,0.0,0.0,0.0,1.0
214142,0,1,3400,-57,57,1101.271118,8.5,15,0.51,55840.000000,3,2.1,0.0,0.0,0.0,0.0,0.0,0.0,0.0,1.0
214391,0,1,3400,-57,57,1098.272705,9.1,15,0.63,40832.000000,6,2.1,0.94,0.0,10048.000000,0,0.0,0.0,0.0,1.0
214640,0,1,3400,-57,57,1097.724854,8.9,15,0.54,48288.000000,0,2.1,16,0.0,286176.000000,67,0.0,0.0,0.0,1.0
214889,0,1,3400,-57,57,1099.813843,10.0,16,0.50,54944.000000,0,2.1,16,0.0,0.0,0.0,0.0,0.0,0.0,1.0
215138,0,1,3400,-57,57,1100.788330,10,15,0.54,29984.000000,6,2.1,16,0.0,0.0,0.0,0.0,0.0,0.0,1.0
215387,0,1,3400,-57,57,1099.567017,8.2,15,0.50,62944.000000,0,2.1,15,0.0,8576.000000,0,0.0,0.0,0.0,1.0
215636,0,1,3400,-57,57,1096.632446,9.7,15,0.50,50496.000000,0,2.1,16,0.0,164064.000000,74,0.0,0.0,0.0,1.0
215885,0,1,3400,-57,57,1094.163086,10,15,0.50,40672.000000,0,2.1,16,0.0,0.0,0.0,0.0,0.0,0.0,1.0
216134,0,1,3400,-57,57,1097.780029,7.8,15,0.51,46208.000000,4,2.1,16,0.0,0.0,0.0,0.0,0.0,0.0,1.0
216383,0,1,3400,-57,57,1102.379150,8.9,15,0.50,48320.000000,0,2.1,15,0.0,41792.000000,0,0.0,0.0,0.0,1.0
216632,0,1,3400,-57,57,1103.937988,9.4,15,0.50,58848.000000,0,2.1,16,0.0,264768.000000,64,0.0,0.0,0.0,1.0
216881,0,1,3400,-57,57,1102.970581,8.2,16,0.50,48288.000000,0,2.1,16,0.0,0.0,0.0,0.0,0.0,0.0,1.0
217130,0,1,3400,-57,57,1103.622192,9.3,15,0.54,54080.000000,0,2.1,16,0.0,0.0,0.0,0.0,0.0,0.0,1.0
217379,0,1,3400,-57,57,1103.433472,10,15,0.66,37632.000000,11,2.1,16,0.0,17056.000000,25,0.0,0.0,0.0,1.0
217628,0,1,3400,-57,57,1104.704224,8.3,15,0.50,53760.000000,0,2.1,1.5,0.0,12384.000000,40,0.0,0.0,0.0,1.0
217877,0,1,3400,-57,57,1105.267090,9.2,14,0.50,27104.000000,0,2.1,0.0,0.0,0.0,0.0,0.0,0.0,0.0,1.0
218126,0,1,3400,-57,57,1103.656738,8.7,14,0.51,51424.000000,3,2.1,0.0,0.0,0.0,0.0,0.0,0.0,0.0,1.0
218375,0,1,3400,-57,57,1100.630615,8.7,14,0.51,41024.000000,4,2.1,0.0,0.0,2624.000000,20,0.0,0.0,0.0,1.0
218624,0,1,3400,-57,57,1100.614136,11,15,0.50,79584.000000,0,2.1,0.0,0.0,8000.000000,43,0.0,0.0,0.0,1.0
218873,0,1,3400,-57,57,1098.078125,11,14,1.0,39968.000000,5,2.1,0.0,0.0,0.0,0.0,0.0,0.0,0.0,1.0
219122,0,1,3400,-57,57,1100.302368,8.2,14,0.56,62880.000000,8,2.1,0.0,0.0,0.0,0.0,0.0,0.0,0.0,1.0
219371,0,1,3400,-57,57,1102.941284,8.3,15,0.79,44992.000000,4,2.1,0.0,186,0.0,0.0,0.0,0.0,0.0,1.0
219620,0,1,3400,-57,57,1102.342529,10,15,0.56,76288.000000,0,2.1,6.9,0.0,0.0,80,0.0,0.0,0.0,1.0
219869,0,1,3400,-57,57,1101.393677,8.4,15,0.72,38208.000000,9,2.1,7.5,0.0,0.0,0.0,0.0,0.0,0.0,1.0
220118,0,1,3400,-57,57,1104.972900,10,15,0.51,40608.000000,4,2.1,7.5,0.0,0.0,0.0,0.0,0.0,0.0,1.0
220367,0,1,3400,-57,57,1103.132324,9.6,15,0.81,72768.000000,3,2.1,7.2,0.0,4384.000000,25,0.0,0.0,0.0,1.0
220616,0,1,3400,-57,57,1100.507690,9.7,15,0.63,68000.000000,9,2.1,0.58,0.0,6560.000000,43,0.0,0.0,0.0,1.0
220865,0,1,3400,-57,57,1103.208740,8.8,15,0.68,50400.000000,3,2.1,0.0,0.0,0.0,0.0,0.0,0.0,0.0,1.0
221114,0,1,3400,-57,57,1101.332642,11,15,0.50,54400.000000,0,2.1,0.0,0.0,0.0,0.0,0.0,0.0,0.0,1.0
221363,0,1,3400,-57,57,1101.107422,9.6,15,0.52,69504.000000,0,2.1,0.0,0.0,12384.000000,0,0.0,0.0,0.0,1.0
221612,0,1,3400,-57,57,1103.613892,8.6,16,0.53,85344.000000,0,2.1,0.0,0.0,0.0,0.0,0.0,0.0,0.0,1.0
221861,0,1,3400,-57,57,1105.372314,8.2,15,0.75,54720.000000,6,2.1,0.0,0.0,0.0,0.0,0.0,0.0,0.0,1.0
222110,0,1,3400,-57,57,1103.700684,8.5,15,0.61,59808.000000,6,2.1,0.0,0.0,0.0,0.0,0.0,0.0,0.0,1.0
222359,0,1,3400,-57,57,1094.878174,8.2,16,0.52,60032.000000,3,2.1,0.24,0.0,3488.000000,25,0.0,0.0,0.0,1.0
222608,0,1,3400,-57,57,1100.289795,9.5,15,0.55,82592.000000,0,2.1,0.62,0.0,6848.000000,43,0.0,0.0,0.0,1.0
222857,0,1,3400,-57,57,1101.251099,10,16,0.50,63776.000000,0,2.1,0.0,0.0,0.0,0.0,0.0,0.0,0.0,1.0
223106,0,1,3400,-57,57,1100.015503,8.5,14,0.55,57536.000000,6,2.1,0.0,0.0,0.0,0.0,0.0,0.0,0.0,1.0
223355,0,1,3400,-57,57,1099.547485,10,15,0.56,81056.000000,5,2.1,0.0,186,0.0,0.0,0.0,0.0,0.0,1.0
223604,0,1,3400,-57,57,1099.442017,11,14,0.53,48320.000000,0,2.1,0.82,0.0,18688.000000,33,0.0,0.0,0.0,1.0
223853,0,1,3400,-57,57,1095.811035,9.4,16,0.50,48416.000000,0,2.1,0.0,0.0,0.0,0.0,0.0,0.0,0.0,1.0
224102,0,1,3400,-57,57,1098.889771,9.5,15,0.52,70016.000000,0,2.1,0.0,0.0,0.0,0.0,0.0,0.0,0.0,1.0
224351,0,1,3400,-57,57,1109.552979,9.3,15,0.50,107616.000000,0,2.1,0.0,0.0,12384.000000,0,0.0,0.0,0.0,1.0
224600,0,1,3400,-57,57,1102.811279,8.2,15,0.50,75264.000000,0,2.1,6.9,0.0,17056.000000,0,0.0,0.0,0.0,1.0
224849,0,1,3400,-57,57,1091.064087,8.7,14,0.71,78944.000000,7,2.1,7.5,0.0,0.0,0.0,0.0,0.0,0.0,1.0
225098,0,1,3400,-57,57,1091.084961,9.1,15,0.50,69120.000000,0,2.1,9.3,0.0,22176.000000,0,0.0,0.0,0.0,1.0
225347,0,1,3400,-57,57,1095.981689,11,15,0.54,58336.000000,0,2.1,17,0.0,17056.000000,25,0.0,0.0,0.0,1.0
225596,0,1,3400,-57,57,1101.630859,8.1,14,0.72,45728.000000,10,2.1,1.3,0.0,6848.000000,50,0.0,0.0,0.0,1.0
225845,0,1,3400,-57,57,1100.490723,8.4,16,0.50,50208.000000,0,2.1,0.0,0.0,0.0,0.0,0.0,0.0,0.0,1.0
226094,0,1,3400,-57,57,1099.753296,8.7,15,0.50,48320.000000,0,2.1,0.0,0.0,0.0,0.0,0.0,0.0,0.0,1.0
226343,0,1,3400,-57,57,1098.089844,10,15,0.50,53664.000000,0,2.1,0.0,0.0,12384.000000,0,0.0,0.0,0.0,1.0
226592,0,1,3400,-57,57,1098.541870,10,15,0.60,56096.000000,4,2.1,0.0,0.0,0.0,0.0,0.0,0.0,0.0,1.0
226841,0,1,3400,-57,57,1097.669189,8.5,15,0.51,61472.000000,0,2.1,0.0,0.0,0.0,0.0,0.0,0.0,0.0,1.0
227090,0,1,3400,-57,57,1101.213257,8.2,14,0.78,54464.000000,3,2.1,0.0,0.0,0.0,0.0,0.0,0.0,0.0,1.0
227339,0,1,3400,-57,57,1095.945435,9.1,15,0.51,58912.000000,0,2.1,0.82,0.0,12512.000000,36,0.0,0.0,0.0,1.0
227588,0,1,3400,-57,57,1098.697266,9.3,15,0.68,45920.000000,4,2.1,0.0,0.0,0.0,0.0,0.0,0.0,0.0,1.0
227837,0,1,3400,-57,57,1099.652466,11,15,0.50,53408.000000,0,2.1,0.0,0.0,0.0,0.0,0.0,0.0,0.0,1.0
228086,0,1,3400,-57,57,1100.519775,9.2,15,0.71,61728.000000,3,2.1,0.0,0.0,0.0,0.0,0.0,0.0,0.0,1.0
228335,0,1,3400,-57,57,1100.501953,8.9,15,0.56,75616.000000,5,2.1,0.0,186,0.0,0.0,0.0,0.0,0.0,1.0
228584,0,1,3400,-57,57,1103.233765,10,15,0.50,15776.000000,0,2.1,0.0,0.0,8160.000000,17,0.0,0.0,0.0,1.0
228833,0,1,3400,-57,57,1104.547607,11,15,0.50,21504.000000,0,2.1,0.0,0.0,0.0,0.0,0.0,0.0,0.0,1.0
229082,0,1,3400,-57,57,1101.988159,9.9,14,0.64,79008.000000,7,2.1,0.0,0.0,0.0,0.0,0.0,0.0,0.0,1.0
229331,0,1,3400,-57,57,1099.046753,8.9,15,0.54,100384.000000,2,2.1,0.0,186,0.0,0.0,0.0,0.0,0.0,1.0
229580,0,1,3400,-57,57,1097.400391,9.7,14,0.54,62848.000000,9,2.1,0.0,0.0,6848.000000,50,0.0,0.0,0.0,1.0
229829,0,1,3400,-57,57,1097.635620,9.8,14,0.79,53376.000000,7,2.1,0.0,0.0,0.0,0.0,0.0,0.0,0.0,1.0
230078,0,1,3400,-57,57,1102.206665,8.4,15,0.51,88960.000000,2,2.1,0.0,0.0,0.0,0.0,0.0,0.0,0.0,1.0
230327,0,1,3400,-57,57,1101.416992,8.9,15,0.52,98944.000000,2,2.1,0.0,186,0.0,0.0,0.0,0.0,0.0,1.0
230576,0,1,3400,-57,57,1100.770386,8.3,15,0.50,49408.000000,0,2.1,0.040,0.0,15712.000000,14,0.0,0.0,0.0,1.0
230825,0,1,3400,-57,57,1102.291870,8.1,15,0.56,76448.000000,4,2.1,0.0,0.0,0.0,0.0,0.0,0.0,0.0,1.0
231074,0,1,3400,-57,57,1101.057007,8.2,15,0.50,62432.000000,0,2.1,0.0,0.0,0.0,0.0,0.0,0.0,0.0,1.0
231323,0,1,3400,-57,57,1102.493286,8.6,14,0.51,91616.000000,0,2.1,0.0,0.0,2624.000000,20,0.0,0.0,0.0,1.0
231572,0,1,3400,-57,57,1104.627686,8.5,15,0.51,51520.000000,3,2.1,0.0,0.0,5536.000000,0,0.0,0.0,0.0,1.0
231821,0,1,3400,-57,57,1099.503540,9.9,15,0.56,71456.000000,2,2.1,0.0,0.0,0.0,0.0,0.0,0.0,0.0,1.0
232070,0,1,3400,-57,57,1102.576660,9.4,16,0.50,55424.000000,0,2.1,0.0,0.0,0.0,0.0,0.0,0.0,0.0,1.0
232319,0,1,3400,-57,57,1103.384155,8.3,14,1.0,79808.000000,6,2.1,0.0,186,0.0,0.0,0.0,0.0,0.0,1.0
232568,0,1,3400,-57,57,1101.278564,10,15,0.73,83712.000000,2,2.1,0.0,0.0,12256.000000,0,0.0,0.0,0.0,1.0
232817,0,1,3400,-57,57,1099.671997,8.1,15,0.50,37632.000000,0,2.1,0.0,0.0,0.0,0.0,0.0,0.0,0.0,1.0
233066,0,1,3400,-57,57,1100.130249,7.9,14,0.56,52256.000000,3,2.1,0.0,0.0,0.0,0.0,0.0,0.0,0.0,1.0
233315,0,1,3400,-57,57,1100.344360,9.5,15,1.0,37536.000000,0,2.1,0.19,186,0.0,0.0,0.0,0.0,0.0,1.0
233564,0,1,3400,-57,57,1102.779907,8.1,14,0.59,87200.000000,4,2.1,0.0,0.0,8160.000000,17,0.0,0.0,0.0,1.0
233813,0,1,3400,-57,57,1103.333618,8.2,15,0.50,39872.000000,0,2.1,0.0,0.0,0.0,0.0,0.0,0.0,0.0,1.0
234062,0,1,3400,-57,57,1099.951294,8.3,15,0.50,46048.000000,0,2.1,0.0,0.0,0.0,0.0,0.0,0.0,0.0,1.0
234311,0,1,3400,-57,57,1098.452271,13,15,1.2,52768.000000,8,2.1,0.032,0.0,11584.000000,0,0.0,0.0,0.0,1.0
234560,0,1,3400,-57,57,1096.456665,11,15,0.77,64544.000000,0,2.1,2.0,0.0,53472.000000,29,0.0,0.0,0.0,1.0
234809,0,1,3400,-57,57,1097.984497,8.9,15,0.58,48288.000000,0,2.1,2.0,0.0,0.0,0.0,0.0,0.0,0.0,1.0
235058,0,1,3400,-57,57,1098.391968,8.5,14,0.64,78816.000000,2,2.1,2.0,0.0,0.0,0.0,0.0,0.0,0.0,1.0
235307,0,1,3400,-57,57,1100.958984,11,16,0.50,64032.000000,0,2.1,1.6,0.0,8064.000000,12,0.0,0.0,0.0,1.0
235556,0,1,3400,-57,57,1101.887573,8.4,15,0.51,37632.000000,5,2.1,0.0,0.0,0.0,0.0,0.0,0.0,0.0,1.0
235805,0,1,3400,-57,57,1101.640991,9.9,15,0.51,86720.000000,2,2.1,0.0,0.0,0.0,0.0,0.0,0.0,0.0,1.0
236054,0,1,3400,-57,57,1103.619995,10,14,0.50,69536.000000,0,2.1,0.0,0.0,0.0,0.0,0.0,0.0,0.0,1.0
236303,0,1,3400,-57,57,1100.270752,10,15,0.51,29856.000000,6,2.1,0.24,0.0,4384.000000,25,0.0,0.0,0.0,1.0
236552,0,1,3400,-57,57,1099.040771,7.9,14,0.50,37632.000000,0,2.1,0.58,0.0,16608.000000,38,0.0,0.0,0.0,1.0
236801,0,1,3400,-57,57,1098.650879,8.5,15,0.53,49152.000000,7,2.1,0.0,0.0,0.0,0.0,0.0,0.0,0.0,1.0
237050,0,1,3400,-57,57,1096.645996,11,15,0.51,63616.000000,0,2.1,0.0,0.0,0.0,0.0,0.0,0.0,0.0,1.0
237299,0,1,3400,-57,57,1098.368042,9.1,15,0.54,38272.000000,9,2.1,0.60,0.0,6720.000000,20,0.0,0.0,0.0,1.0
237548,0,1,3400,-57,57,1105.706055,8.7,15,0.50,64448.000000,0,2.1,21,0.0,0.0,100.000000,0.0,0.0,0.0,1.0
237797,0,1,3400,-57,57,1105.967773,8.8,15,0.50,76064.000000,0,2.1,21,0.0,0.0,0.0,0.0,0.0,0.0,1.0
238046,0,1,3400,-57,57,1100.709473,7.8,15,0.50,43008.000000,0,2.1,21,0.0,0.0,0.0,0.0,0.0,0.0,1.0
238295,0,1,3400,-57,57,1095.606445,9.7,15,0.51,78464.000000,2,2.1,21,0.0,0.0,80,0.0,0.0,0.0,1.0
238544,0,1,3400,-57,57,1094.020142,8.6,15,0.50,58944.000000,0,2.1,22,0.0,0.0,0.0,0.0,0.0,0.0,1.0
238793,0,1,3400,-57,57,1092.653687,11,16,0.59,99776.000000,2,2.1,22,0.0,0.0,0.0,0.0,0.0,0.0,1.0
239042,0,1,3400,-57,57,1098.346436,8.3,16,0.51,45984.000000,4,2.1,22,0.0,0.0,0.0,0.0,0.0,0.0,1.0
239291,0,1,3400,-57,57,1097.204468,9.2,15,0.67,62112.000000,3,2.1,21,0.0,6720.000000,20,0.0,0.0,0.0,1.0
239540,0,1,3400,-57,57,1095.563477,8.2,15,0.67,48320.000000,0,2.1,21,0.0,0.0,100.000000,0.0,0.0,0.0,1.0
239789,0,1,3400,-57,57,1094.039917,12,14,1.1,47936.000000,8,2.1,21,0.0,0.0,0.0,0.0,0.0,0.0,1.0
240038,0,1,3400,-57,57,1095.735718,9.1,14,0.56,69920.000000,0,2.1,21,0.0,0.0,0.0,0.0,0.0,0.0,1.0
240287,0,1,3400,-57,57,1096.924316,10,16,0.50,53792.000000,0,2.1,20,0.0,7072.000000,50,0.0,0.0,0.0,1.0
240536,0,1,3400,-57,57,1100.956421,9.6,15,0.56,56576.000000,4,2.1,22,0.0,0.0,0.0,0.0,0.0,0.0,1.0
240785,0,1,3400,-57,57,1099.646362,8.1,15,0.50,26880.000000,0,2.1,22,0.0,0.0,0.0,0.0,0.0,0.0,1.0
241034,0,1,3400,-57,57,1099.778198,9.3,15,0.50,26752.000000,0,2.1,22,0.0,0.0,0.0,0.0,0.0,0.0,1.0
241283,0,1,3400,-57,57,1097.606201,7.6,15,0.53,16832.000000,17,2.1,21,0.0,0.0,67,0.0,0.0,0.0,1.0
241532,0,1,3400,-57,57,1097.783203,11,15,0.50,59008.000000,0,2.1,14,0.0,0.0,100.000000,0.0,0.0,0.0,1.0
241781,0,1,3400,-57,57,1100.011719,7.8,14,0.56,49088.000000,7,2.1,14,0.0,0.0,0.0,0.0,0.0,0.0,1.0
242030,0,1,3400,-57,57,1099.285034,8.2,15,0.50,69088.000000,0,2.1,14,0.0,0.0,0.0,0.0,0.0,0.0,1.0
242279,0,1,3400,-57,57,1101.525757,7.6,15,0.65,13792.000000,11,2.1,14,0.0,0.0,0.0,0.0,0.0,0.0,1.0
242528,0,1,3400,-57,57,1100.312256,8.3,15,0.50,69824.000000,0,2.1,15,0.0,0.0,80,0.0,0.0,0.0,1.0
242777,0,1,3400,-57,57,1101.314941,8.0,15,0.55,59424.000000,0,2.1,15,0.0,0.0,0.0,0.0,0.0,0.0,1.0
243026,0,1,3400,-57,57,1103.701904,6.8,15,0.67,59072.000000,3,2.1,15,0.0,0.0,0.0,0.0,0.0,0.0,1.0
243275,0,1,3400,-57,57,1099.944824,8.5,15,0.53,43904.000000,8,2.1,15,0.0,4384.000000,0,0.0,0.0,0.0,1.0
243524,0,1,3400,-57,57,1097.821777,9.0,15,0.53,45824.000000,4,2.1,16,0.0,208352.000000,59,0.0,0.0,0.0,1.0
243773,0,1,3400,-57,57,1098.521240,11,15,1.1,77376.000000,3,2.1,16,0.0,0.0,0.0,0.0,0.0,0.0,1.0
244022,0,1,3400,-57,57,1100.546265,9.0,15,0.57,75456.000000,0,2.1,16,0.0,0.0,0.0,0.0,0.0,0.0,1.0
244271,0,1,3400,-57,57,1100.624512,8.6,14,0.52,70112.000000,0,2.1,16,0.0,3488.000000,25,0.0,0.0,0.0,1.0
244520,0,1,3400,-57,57,1099.181030,9.8,15,0.50,37696.000000,0,2.1,1.3,0.0,6848.000000,43,0.0,0.0,0.0,1.0
244769,0,1,3400,-57,57,1098.650757,8.3,15,0.50,59232.000000,0,2.1,0.0,0.0,0.0,0.0,0.0,0.0,0.0,1.0
245018,0,1,3400,-57,57,1098.803955,10,15,0.84,115424.000000,2,2.1,0.0,0.0,0.0,0.0,0.0,0.0,0.0,1.0
245267,0,1,3400,-57,57,1101.217896,9.3,15,0.54,62048.000000,3,2.1,0.0,0.0,12256.000000,0,0.0,0.0,0.0,1.0
245516,0,1,3400,-57,57,1101.457153,8.3,15,0.50,53344.000000,0,2.1,0.0,0.0,0.0,0.0,0.0,0.0,0.0,1.0
245765,0,1,3400,-57,57,1101.215454,9.8,15,0.50,74944.000000,0,2.1,0.0,0.0,0.0,0.0,0.0,0.0,0.0,1.0
246014,0,1,3400,-57,57,1100.245117,10,15,0.71,86752.000000,5,2.1,0.0,0.0,0.0,0.0,0.0,0.0,0.0,1.0
246263,0,1,3400,-57,57,1103.164062,8.3,16,0.50,36544.000000,0,2.1,0.0,0.0,8160.000000,17,0.0,0.0,0.0,1.0
246512,0,1,3400,-57,57,1100.453613,10.0,14,0.75,55840.000000,10,2.1,0.0,0.0,0.0,0.0,0.0,0.0,0.0,1.0
246761,0,1,3400,-57,57,1099.646362,8.8,16,0.87,43008.000000,0,2.1,0.0,0.0,0.0,0.0,0.0,0.0,0.0,1.0
247010,0,1,3400,-57,57,1102.268311,7.8,15,0.50,54176.000000,0,2.1,0.0,0.0,0.0,0.0,0.0,0.0,0.0,1.0
247259,0,1,3400,-57,57,1106.056885,8.5,14,0.50,69984.000000,0,2.1,0.0,0.0,12256.000000,0,0.0,0.0,0.0,1.0
247508,0,1,3400,-57,57,1106.139893,14,16,0.50,53280.000000,0,2.1,0.0,0.0,0.0,0.0,0.0,0.0,0.0,1.0
247757,0,1,3400,-57,57,1105.402466,9.4,15,0.73,37536.000000,0,2.1,0.064,0.0,0.0,0.0,0.0,0.0,0.0,1.0
248006,0,1,3400,-57,57,1103.884766,8.9,15,0.50,55776.000000,0,2.1,0.0,0.0,0.0,0.0,0.0,0.0,0.0,1.0
248255,0,1,3400,-57,57,1103.347046,11,15,1.1,78336.000000,7,2.1,0.37,0.0,6656.000000,0,0.0,0.0,0.0,1.0
248504,0,1,3400,-57,57,1099.950317,9.7,15,0.50,74144.000000,0,2.1,16,0.0,286176.000000,67,0.0,0.0,0.0,1.0
248753,0,1,3400,-57,57,1099.135986,12,15,0.52,54336.000000,0,2.1,16,0.0,0.0,0.0,0.0,0.0,0.0,1.0
249002,0,1,3400,-57,57,1096.454956,8.0,15,0.77,42592.000000,0,2.1,16,0.0,0.0,0.0,0.0,0.0,0.0,1.0
249251,0,1,3400,-57,57,1100.760620,11,15,0.50,59040.000000,0,2.1,15,0.0,43136.000000,0,0.0,0.0,0.0,1.0
249500,0,1,3400,-57,57,1102.009399,8.9,16,0.50,37728.000000,0,2.1,16,0.0,149568.000000,60,0.0,0.0,0.0,1.0
249749,0,1,3400,-57,57,1103.232422,10,15,0.50,32544.000000,0,2.1,16,0.0,0.0,0.0,0.0,0.0,0.0,1.0
249998,0,1,3400,-57,57,1099.136719,9.2,15,0.75,69792.000000,3,2.1,16,0.0,0.0,0.0,0.0,0.0,0.0,1.0
250247,0,1,3400,-57,57,1098.101929,8.5,15,0.50,56800.000000,0,2.1,15,0.0,4384.000000,25,0.0,0.0,0.0,1.0
250496,0,1,3400,-57,57,1101.983398,10,15,0.51,72128.000000,3,2.1,0.58,0.0,7872.000000,40,0.0,0.0,0.0,1.0
250745,0,1,3400,-57,57,1109.260132,9.7,16,0.59,26816.000000,0,2.1,0.0,0.0,0.0,0.0,0.0,0.0,0.0,1.0
250994,0,1,3400,-57,57,1099.614746,8.7,14,0.54,40352.000000,5,2.1,0.0,0.0,0.0,0.0,0.0,0.0,0.0,1.0
251243,0,1,3400,-57,57,1101.972900,8.0,15,0.50,41984.000000,0,2.1,0.24,0.0,4384.000000,25,0.0,0.0,0.0,1.0
251492,0,1,3400,-57,57,1100.865356,11,15,0.53,64352.000000,6,2.1,0.58,0.0,6656.000000,33,0.0,0.0,0.0,1.0
251741,0,1,3400,-57,57,1097.714844,7.9,15,0.51,25568.000000,6,2.1,0.0,0.0,0.0,0.0,0.0,0.0,0.0,1.0
251990,0,1,3400,-57,57,1098.202393,9.0,15,0.85,49024.000000,7,2.1,0.0,0.0,0.0,0.0,0.0,0.0,0.0,1.0
252239,0,1,3400,-57,57,1100.808716,9.1,15,0.84,66528.000000,3,2.1,0.24,0.0,10816.000000,0,0.0,0.0,0.0,1.0
252488,0,1,3400,-57,57,1099.104004,8.2,15,0.51,64416.000000,0,2.1,16,0.0,170976.000000,67,0.0,0.0,0.0,1.0
252737,0,1,3400,-57,57,1097.463257,8.6,14,0.50,64448.000000,0,2.1,16,0.0,0.0,0.0,0.0,0.0,0.0,1.0
252986,0,1,3400,-57,57,1100.645630,8.2,15,0.75,45952.000000,4,2.1,16,0.0,0.0,0.0,0.0,0.0,0.0,1.0
253235,0,1,3400,-57,57,1102.409180,8.5,15,0.50,48960.000000,0,2.1,16,0.0,6720.000000,20,0.0,0.0,0.0,1.0
253484,0,1,3400,-57,57,1099.432007,8.3,15,0.67,83840.000000,2,2.1,21,0.0,0.0,100.000000,0.0,0.0,0.0,1.0
253733,0,1,3400,-57,57,1104.486572,8.8,15,0.50,48224.000000,0,2.1,21,0.0,0.0,0.0,0.0,0.0,0.0,1.0
253982,0,1,3400,-57,57,1099.033569,9.1,15,0.55,46496.000000,4,2.1,21,0.0,0.0,0.0,0.0,0.0,0.0,1.0
254231,0,1,3400,-57,57,1103.599976,9.6,15,0.50,64000.000000,0,2.1,21,186,0.0,0.0,0.0,0.0,0.0,1.0
254480,0,1,3400,-57,57,1101.340088,11,15,0.50,48192.000000,0,2.1,6.8,0.0,23712.000000,40,0.0,0.0,0.0,1.0
254729,0,1,3400,-57,57,1096.281616,8.8,15,0.50,16128.000000,0,2.1,0.0,0.0,0.0,0.0,0.0,0.0,0.0,1.0
254978,0,1,3400,-57,57,1097.046997,8.8,15,0.50,32320.000000,0,2.1,0.0,0.0,0.0,0.0,0.0,0.0,0.0,1.0
255227,0,1,3400,-57,57,1095.314697,9.8,15,0.50,50624.000000,0,2.1,1.8,0.0,0.0,80,0.0,0.0,0.0,1.0
255476,0,1,3400,-57,57,1098.631470,9.9,15,0.95,48896.000000,7,2.1,7.5,0.0,0.0,0.0,0.0,0.0,0.0,1.0
255725,0,1,3400,-57,57,1099.677368,8.8,15,0.61,88832.000000,2,2.1,7.5,0.0,0.0,0.0,0.0,0.0,0.0,1.0
255974,0,1,3400,-57,57,1099.246338,7.7,15,0.50,62560.000000,0,2.1,7.5,0.0,0.0,0.0,0.0,0.0,0.0,1.0
256223,0,1,3400,-57,57,1098.029175,8.5,15,0.68,52032.000000,3,2.1,8.9,0.0,321056.000000,52,0.0,0.0,0.0,1.0
256472,0,1,3400,-57,57,1099.017456,9.9,15,0.52,58880.000000,0,2.1,16,0.0,0.0,0.0,0.0,0.0,0.0,1.0
256722,0,1,3400,-57,57,1102.983765,9.2,14,0.50,75328.000000,0,2.1,16,0.0,0.0,0.0,0.0,0.0,0.0,1.0
256971,0,1,3400,-57,57,1101.214478,10,16,0.66,48096.000000,0,2.1,16,0.0,0.0,0.0,0.0,0.0,0.0,1.0
257220,0,1,3400,-57,57,1102.590942,9.4,15,0.51,89280.000000,2,2.1,15,0.0,8160.000000,0,0.0,0.0,0.0,1.0
257469,0,1,3400,-57,57,1101.313599,9.3,15,0.52,50976.000000,4,2.1,0.0,0.0,0.0,0.0,0.0,0.0,0.0,1.0
257718,0,1,3400,-57,57,1100.395874,11,15,0.61,64768.000000,3,2.1,0.0,0.0,0.0,0.0,0.0,0.0,0.0,1.0
257967,0,1,3400,-57,57,1102.018311,8.3,14,0.51,35872.000000,5,2.1,0.0,0.0,0.0,0.0,0.0,0.0,0.0,1.0
258216,0,1,3400,-57,57,1100.026978,7.8,14,0.50,42784.000000,0,2.1,0.0,0.0,0.0,0.0,0.0,0.0,0.0,1.0
258465,0,1,3400,-57,57,1098.287964,8.6,14,0.50,45664.000000,0,2.1,2.1,0.0,24032.000000,36,0.0,0.0,0.0,1.0
258714,0,1,3400,-57,57,1100.829590,8.3,15,0.52,58912.000000,3,2.1,0.0,0.0,0.0,0.0,0.0,0.0,0.0,1.0
258963,0,1,3400,-57,57,1100.831665,9.1,15,0.50,67552.000000,0,2.1,0.0,0.0,0.0,0.0,0.0,0.0,0.0,1.0
259212,0,1,3400,-57,57,1100.379761,8.8,15,0.56,65056.000000,5,2.1,0.0,186,0.0,0.0,0.0,0.0,0.0,1.0
259461,0,1,3400,-57,57,1105.728149,8.0,15,0.50,39264.000000,0,2.1,0.82,0.0,12512.000000,36,0.0,0.0,0.0,1.0
259710,0,1,3400,-57,57,1106.524170,9.3,15,0.99,35744.000000,4,2.1,0.0,0.0,0.0,0.0,0.0,0.0,0.0,1.0
259959,0,1,3400,-57,57,1105.492676,8.0,14,1.1,32960.000000,10,2.1,0.0,0.0,0.0,0.0,0.0,0.0,0.0,1.0
260208,0,1,3400,-57,57,1107.707275,7.7,15,0.50,26880.000000,0,2.1,0.0,0.0,0.0,0.0,0.0,0.0,0.0,1.0
260457,0,1,3400,-57,57,1107.865479,10,15,1.0,45952.000000,2,2.1,14,0.0,180896.000000,64,0.0,0.0,0.0,1.0
260706,0,1,3400,-57,57,1099.433228,8.6,15,0.54,59232.000000,0,2.1,16,0.0,0.0,0.0,0.0,0.0,0.0,1.0
260955,0,1,3400,-57,57,1097.195312,7.5,15,0.56,82208.000000,1,2.1,16,0.0,0.0,0.0,0.0,0.0,0.0,1.0
261204,0,1,3400,-57,57,1096.156006,8.1,15,0.63,69792.000000,0,2.1,16,80,0.0,67,0.0,0.0,0.0,1.0
261453,0,1,3400,-57,57,1095.638428,10,16,0.55,82144.000000,3,2.1,16,80,0.0,100.000000,0.0,0.0,0.0,1.0
261702,0,1,3400,-57,57,1101.898560,8.8,15,0.50,43808.000000,0,2.1,6.1,0.0,8768.000000,0,0.0,0.0,0.0,1.0
261951,0,1,3400,-57,57,1099.123047,12,15,0.51,49696.000000,4,2.1,0.0,0.0,0.0,0.0,0.0,0.0,0.0,1.0
262200,0,1,3400,-57,57,1096.422729,8.6,15,0.57,67168.000000,3,2.1,0.040,0.0,11584.000000,0,0.0,0.0,0.0,1.0
262449,0,1,3400,-57,57,1096.437988,8.3,16,0.50,37728.000000,0,2.1,7.7,0.0,98144.000000,36,0.0,0.0,0.0,1.0
262698,0,1,3400,-57,57,1101.749512,9.0,15,0.50,48448.000000,0,2.1,8.0,0.0,0.0,0.0,0.0,0.0,0.0,1.0
262947,0,1,3400,-57,57,1101.865356,9.0,15,0.61,78368.000000,2,2.1,8.0,0.0,0.0,0.0,0.0,0.0,0.0,1.0
263196,0,1,3400,-57,57,1101.495972,9.4,15,0.50,69696.000000,0,2.1,6.9,0.0,18688.000000,33,0.0,0.0,0.0,1.0
263445,0,1,3400,-57,57,1095.608154,9.2,15,0.53,56736.000000,3,2.1,0.0,0.0,0.0,0.0,0.0,0.0,0.0,1.0
263694,0,1,3400,-57,57,1101.021606,8.3,15,0.50,75424.000000,0,2.1,0.0,0.0,0.0,0.0,0.0,0.0,0.0,1.0
263943,0,1,3400,-57,57,1094.101318,7.8,16,0.50,26880.000000,0,2.1,0.0,0.0,0.0,0.0,0.0,0.0,0.0,1.0
264192,0,1,3400,-57,57,1093.717529,8.5,15,0.70,64672.000000,0,2.1,0.0,0.0,12384.000000,0,0.0,0.0,0.0,1.0
264441,0,1,3400,-57,57,1093.346069,10,16,0.50,106816.000000,0,2.1,0.0,0.0,0.0,0.0,0.0,0.0,0.0,1.0
264690,0,1,3400,-57,57,1099.498169,10,14,0.77,37344.000000,11,2.1,0.0,0.0,0.0,0.0,0.0,0.0,0.0,1.0
264939,0,1,3400,-57,57,1101.303467,7.3,15,0.61,73504.000000,2,2.1,0.0,0.0,0.0,0.0,0.0,0.0,0.0,1.0
265188,0,1,3400,-57,57,1100.170410,9.2,15,0.72,59008.000000,0,2.1,3.0,0.0,24032.000000,33,0.0,0.0,0.0,1.0
265437,0,1,3400,-57,57,1100.608643,7.9,15,0.50,53760.000000,0,2.1,2.2,0.0,8000.000000,50,0.0,0.0,0.0,1.0
265686,0,1,3400,-57,57,1099.947876,9.4,16,0.50,69568.000000,0,2.1,0.0,0.0,0.0,0.0,0.0,0.0,0.0,1.0
265935,0,1,3400,-57,57,1102.802734,10,15,0.64,69504.000000,6,2.1,0.0,0.0,0.0,0.0,0.0,0.0,0.0,1.0
266184,0,1,3400,-57,57,1104.503174,8.4,14,0.50,49280.000000,0,2.1,2.9,0.0,180896.000000,54,0.0,0.0,0.0,1.0
266433,0,1,3400,-57,57,1099.327881,8.0,14,0.57,75584.000000,2,2.1,16,0.0,0.0,100.000000,0.0,0.0,0.0,1.0
266682,0,1,3400,-57,57,1097.693726,8.5,15,0.50,54400.000000,0,2.1,16,0.0,0.0,0.0,0.0,0.0,0.0,1.0
266931,0,1,3400,-57,57,1102.074463,8.5,15,0.50,80736.000000,0,2.1,16,0.0,0.0,0.0,0.0,0.0,0.0,1.0
267180,0,1,3400,-57,57,1103.055908,7.9,15,0.62,37632.000000,0,2.1,15,0.0,52352.000000,0,0.0,0.0,0.0,1.0
267429,0,1,3400,-57,57,1099.850220,9.8,16,0.50,91104.000000,0,2.1,16,0.0,280896.000000,62,0.0,0.0,0.0,1.0
267678,0,1,3400,-57,57,1099.312500,7.7,14,0.50,51328.000000,0,2.1,16,0.0,0.0,0.0,0.0,0.0,0.0,1.0
267927,0,1,3400,-57,57,1098.642822,9.9,16,0.52,58976.000000,0,2.1,16,0.0,0.0,0.0,0.0,0.0,0.0,1.0
268176,0,1,3400,-57,57,1099.847656,8.2,15,0.50,83168.000000,0,2.1,16,0.0,9216.000000,0,0.0,0.0,0.0,1.0
268425,0,1,3400,-57,57,1099.566284,9.3,15,0.50,56576.000000,0,2.1,5.0,0.0,25344.000000,40,0.0,0.0,0.0,1.0
268674,0,1,3400,-57,57,1098.989014,9.3,14,0.50,53536.000000,0,2.1,0.0,0.0,0.0,0.0,0.0,0.0,0.0,1.0
268923,0,1,3400,-57,57,1098.039429,8.9,15,0.51,48480.000000,0,2.1,0.0,0.0,0.0,0.0,0.0,0.0,0.0,1.0
269172,0,1,3400,-57,57,1099.279663,9.5,15,0.64,77248.000000,3,2.1,0.29,0.0,5536.000000,25,0.0,0.0,0.0,1.0
269421,0,1,3400,-57,57,1101.018921,8.7,15,0.50,72160.000000,0,2.1,0.53,0.0,6976.000000,43,0.0,0.0,0.0,1.0
269670,0,1,3400,-57,57,1099.904419,8.0,16,0.50,73760.000000,0,2.1,0.0,0.0,0.0,0.0,0.0,0.0,0.0,1.0
269919,0,1,3400,-57,57,1101.901733,8.1,15,0.52,72832.000000,2,2.1,0.0,0.0,0.0,0.0,0.0,0.0,0.0,1.0
270168,0,1,3400,-57,57,1100.807861,8.9,15,0.50,85696.000000,0,2.1,0.43,0.0,6656.000000,0,0.0,0.0,0.0,1.0
270417,0,1,3400,-57,57,1099.673462,9.8,15,0.56,62176.000000,3,2.1,16,0.0,173376.000000,68,0.0,0.0,0.0,1.0
270666,0,1,3400,-57,57,1100.149292,8.0,15,0.63,56800.000000,3,2.1,16,0.0,0.0,0.0,0.0,0.0,0.0,1.0
270915,0,1,3400,-57,57,1101.877441,11,15,0.74,80384.000000,2,2.1,16,0.0,0.0,0.0,0.0,0.0,0.0,1.0
271164,0,1,3400,-57,57,1099.481934,9.6,15,0.51,63200.000000,3,2.1,15,0.0,8576.000000,0,0.0,0.0,0.0,1.0
271413,0,1,3400,-57,57,1099.597900,10,15,0.51,51392.000000,4,2.1,16,0.0,164064.000000,69,0.0,0.0,0.0,1.0
271662,0,1,3400,-57,57,1103.257568,9.6,16,0.50,64544.000000,0,2.1,16,0.0,0.0,0.0,0.0,0.0,0.0,1.0
271911,0,1,3400,-57,57,1103.200562,9.5,15,0.67,62720.000000,9,2.1,16,0.0,0.0,0.0,0.0,0.0,0.0,1.0
272160,0,1,3400,-57,57,1101.379150,8.4,15,0.52,56800.000000,3,2.1,13,0.0,18688.000000,33,0.0,0.0,0.0,1.0
272409,0,1,3400,-57,57,1103.079834,9.3,15,0.57,42560.000000,5,2.1,0.0,0.0,0.0,0.0,0.0,0.0,0.0,1.0
272658,0,1,3400,-57,57,1102.781616,8.9,15,0.50,42880.000000,0,2.1,0.0,0.0,0.0,0.0,0.0,0.0,0.0,1.0
272907,0,1,3400,-57,57,1099.967651,9.6,15,0.50,26816.000000,0,2.1,0.0,0.0,0.0,0.0,0.0,0.0,0.0,1.0
273156,0,1,3400,-57,57,1097.255981,8.5,15,0.50,64480.000000,0,2.1,0.0,0.0,8160.000000,29,0.0,0.0,0.0,1.0
273405,0,1,3400,-57,57,1099.092529,9.3,16,0.50,59072.000000,0,2.1,0.0,0.0,0.0,0.0,0.0,0.0,0.0,1.0
273654,0,1,3400,-57,57,1102.432861,11,16,0.55,37568.000000,0,2.1,0.0,0.0,0.0,0.0,0.0,0.0,0.0,1.0
273903,0,1,3400,-57,57,1100.841431,9.1,14,0.50,58496.000000,0,2.1,0.0,0.0,0.0,0.0,0.0,0.0,0.0,1.0
274152,0,1,3400,-57,57,1101.174194,8.1,15,0.50,65536.000000,0,2.1,3.0,0.0,23488.000000,0,0.0,0.0,0.0,1.0
274401,0,1,3400,-57,57,1101.913452,8.1,15,0.50,80224.000000,0,2.1,14,0.0,0.0,0.0,0.0,0.0,0.0,1.0
274650,0,1,3400,-57,57,1102.347778,9.3,15,0.50,31936.000000,0,2.1,14,0.0,0.0,0.0,0.0,0.0,0.0,1.0
274899,0,1,3400,-57,57,1100.875488,9.1,14,0.51,73440.000000,2,2.1,14,0.0,0.0,0.0,0.0,0.0,0.0,1.0
275148,0,1,3400,-57,57,1104.319214,8.9,14,0.84,59200.000000,6,2.1,14,0.0,0.0,67,0.0,0.0,0.0,1.0
275397,0,1,3400,-57,57,1107.043579,7.8,15,0.74,32960.000000,10,2.1,15,0.0,0.0,100.000000,0.0,0.0,0.0,1.0
275646,0,1,3400,-57,57,1106.520386,8.0,15,0.73,59040.000000,0,2.1,15,0.0,0.0,0.0,0.0,0.0,0.0,1.0
275895,0,1,3400,-57,57,1105.343994,8.1,15,0.50,16128.000000,0,2.1,15,0.0,0.0,0.0,0.0,0.0,0.0,1.0
276144,0,1,3400,-57,57,1101.024292,8.5,15,0.69,53184.000000,15,2.1,14,0.0,1312.000000,25,0.0,0.0,0.0,1.0
276393,0,1,3400,-57,57,1100.319214,9.5,15,0.63,56480.000000,7,2.1,0.0,0.0,6848.000000,33,0.0,0.0,0.0,1.0
276642,0,1,3400,-57,57,1101.358643,9.0,15,0.50,64288.000000,0,2.1,0.0,0.0,0.0,0.0,0.0,0.0,0.0,1.0
276891,0,1,3400,-57,57,1099.957031,8.7,15,0.51,99232.000000,2,2.1,0.0,0.0,0.0,0.0,0.0,0.0,0.0,1.0
277140,0,1,3400,-57,57,1104.456055,8.4,14,0.71,75648.000000,10,2.1,0.0,0.0,5536.000000,20,0.0,0.0,0.0,1.0
277389,0,1,3400,-57,57,1102.049561,7.8,15,0.50,49632.000000,0,2.1,3.4,0.0,6176.000000,0,0.0,0.0,0.0,1.0
277638,0,1,3400,-57,57,1098.678345,7.9,15,0.70,75040.000000,6,2.1,3.5,0.0,0.0,0.0,0.0,0.0,0.0,1.0
277887,0,1,3400,-57,57,1095.739990,9.2,15,0.51,44000.000000,4,2.1,3.5,0.0,0.0,0.0,0.0,0.0,0.0,1.0
278136,0,1,3400,-57,57,1096.713135,9.1,15,0.50,65504.000000,0,2.1,5.8,0.0,23488.000000,0,0.0,0.0,0.0,1.0
278385,0,1,3400,-57,57,1099.487793,8.9,15,0.68,72000.000000,3,2.1,14,0.0,0.0,0.0,0.0,0.0,0.0,1.0
278634,0,1,3400,-57,57,1098.973389,10,15,0.53,43648.000000,8,2.1,14,0.0,0.0,0.0,0.0,0.0,0.0,1.0
278883,0,1,3400,-57,57,1102.354736,9.7,15,0.55,61984.000000,3,2.1,14,0.0,0.0,0.0,0.0,0.0,0.0,1.0
279132,0,1,3400,-57,57,1098.163452,8.9,15,0.53,69792.000000,0,2.1,14,0.0,0.0,80,0.0,0.0,0.0,1.0
279381,0,1,3400,-57,57,1097.776978,10,15,0.61,74784.000000,6,2.1,15,0.0,0.0,0.0,0.0,0.0,0.0,1.0
279630,0,1,3400,-57,57,1098.370239,10.0,15,0.52,56704.000000,4,2.1,15,0.0,0.0,0.0,0.0,0.0,0.0,1.0
279879,0,1,3400,-57,57,1098.144409,9.7,15,0.51,53792.000000,0,2.1,15,0.0,0.0,0.0,0.0,0.0,0.0,1.0
280128,0,1,3400,-57,57,1105.769775,7.8,15,0.50,26880.000000,0,2.1,14,0.0,11968.000000,0,0.0,0.0,0.0,1.0
280377,0,1,3400,-57,57,1100.454956,7.4,15,0.50,31008.000000,0,2.1,5.8,0.0,11616.000000,56,0.0,0.0,0.0,1.0
280626,0,1,3400,-57,57,1093.230713,8.0,15,0.50,42688.000000,0,2.1,0.0,0.0,0.0,0.0,0.0,0.0,0.0,1.0
280875,0,1,3400,-57,57,1092.231567,9.4,15,0.51,79072.000000,2,2.1,0.0,0.0,0.0,0.0,0.0,0.0,0.0,1.0
281124,0,1,3400,-57,57,1094.873169,8.3,14,0.60,53440.000000,0,2.1,0.24,0.0,4384.000000,25,0.0,0.0,0.0,1.0
281373,0,1,3400,-57,57,1099.187988,8.3,14,0.56,80544.000000,0,2.1,0.58,0.0,6560.000000,43,0.0,0.0,0.0,1.0
281622,0,1,3400,-57,57,1097.553467,9.4,15,0.50,48320.000000,0,2.1,0.0,0.0,0.0,0.0,0.0,0.0,0.0,1.0
281871,0,1,3400,-57,57,1094.651245,8.0,14,0.51,29728.000000,7,2.1,0.0,0.0,0.0,0.0,0.0,0.0,0.0,1.0
282120,0,1,3400,-57,57,1101.832642,7.6,15,0.50,76384.000000,0,2.1,2.9,0.0,351872.000000,47,0.0,0.0,0.0,1.0
282369,0,1,3400,-57,57,1097.796753,7.1,15,0.50,21344.000000,0,2.1,16,0.0,0.0,0.0,0.0,0.0,0.0,1.0
282618,0,1,3400,-57,57,1091.669922,8.3,14,0.52,78304.000000,2,2.1,16,0.0,0.0,0.0,0.0,0.0,0.0,1.0
282867,0,1,3400,-57,57,1097.656250,8.1,15,0.52,43008.000000,0,2.1,16,0.0,0.0,0.0,0.0,0.0,0.0,1.0
283116,0,1,3400,-57,57,1098.294678,8.0,15,0.65,56288.000000,6,2.1,16,0.0,0.0,0.0,0.0,0.0,0.0,1.0
283365,0,1,3400,-57,57,1098.543457,7.9,14,0.50,77664.000000,0,2.1,16,0.0,159136.000000,61,0.0,0.0,0.0,1.0
283614,0,1,3400,-57,57,1102.894043,6.9,15,0.50,55232.000000,0,2.1,16,0.0,0.0,0.0,0.0,0.0,0.0,1.0
283863,0,1,3400,-57,57,1101.101685,9.8,15,0.56,88544.000000,6,2.1,16,0.0,0.0,0.0,0.0,0.0,0.0,1.0
284112,0,1,3400,-57,57,1100.668945,8.9,15,0.80,47040.000000,4,2.1,16,186,0.0,0.0,0.0,0.0,0.0,1.0
284361,0,1,3400,-57,57,1101.699341,9.5,15,0.54,58816.000000,0,2.1,19,0.0,6720.000000,50,0.0,0.0,0.0,1.0
284610,0,1,3400,-57,57,1100.275391,8.1,16,0.50,63104.000000,0,2.1,21,0.0,0.0,0.0,0.0,0.0,0.0,1.0
284859,0,1,3400,-57,57,1099.492065,10,14,0.85,29792.000000,7,2.1,21,0.0,0.0,0.0,0.0,0.0,0.0,1.0
285108,0,1,3400,-57,57,1097.857910,8.2,15,0.51,75360.000000,0,2.1,20,0.0,7200.000000,25,0.0,0.0,0.0,1.0
285357,0,1,3400,-57,57,1097.681885,9.3,15,0.50,48384.000000,0,2.1,0.73,0.0,6848.000000,50,0.0,0.0,0.0,1.0
285606,0,1,3400,-57,57,1097.299194,8.0,14,0.50,58912.000000,0,2.1,0.0,0.0,0.0,0.0,0.0,0.0,0.0,1.0
285855,0,1,3400,-57,57,1097.170898,7.9,15,0.50,32256.000000,0,2.1,0.0,0.0,0.0,0.0,0.0,0.0,0.0,1.0
286104,0,1,3400,-57,57,1101.769897,8.1,15,0.56,84032.000000,2,2.1,0.60,0.0,6720.000000,20,0.0,0.0,0.0,1.0
286353,0,1,3400,-57,57,1102.571777,8.0,15,0.63,65856.000000,5,2.1,21,0.0,0.0,100.000000,0.0,0.0,0.0,1.0
286602,0,1,3400,-57,57,1102.904053,8.1,15,0.60,75648.000000,0,2.1,21,0.0,0.0,0.0,0.0,0.0,0.0,1.0
286851,0,1,3400,-57,57,1103.035278,9.6,16,0.54,58784.000000,0,2.1,21,0.0,0.0,0.0,0.0,0.0,0.0,1.0
287100,0,1,3400,-57,57,1103.767944,8.4,15,0.50,53536.000000,0,2.1,20,0.0,12096.000000,0,0.0,0.0,0.0,1.0
287349,0,1,3400,-57,57,1102.017334,10,15,0.52,51872.000000,4,2.1,5.9,0.0,12000.000000,60,0.0,0.0,0.0,1.0
287598,0,1,3400,-57,57,1097.574585,9.0,14,0.50,37632.000000,0,2.1,0.0,0.0,0.0,0.0,0.0,0.0,0.0,1.0
287847,0,1,3400,-57,57,1102.261230,9.7,14,0.54,56928.000000,3,2.1,0.0,0.0,0.0,0.0,0.0,0.0,0.0,1.0
288096,0,1,3400,-57,57,1104.432251,8.1,15,0.58,75264.000000,0,2.1,0.37,0.0,6656.000000,0,0.0,0.0,0.0,1.0
288345,0,1,3400,-57,57,1105.757568,8.7,15,0.59,48384.000000,0,2.1,16,0.0,212928.000000,62,0.0,0.0,0.0,1.0
288594,0,1,3400,-57,57,1101.026245,8.3,15,0.56,38432.000000,9,2.1,16,0.0,0.0,0.0,0.0,0.0,0.0,1.0
288843,0,1,3400,-57,57,1101.874756,8.0,14,0.66,43008.000000,0,2.1,16,0.0,0.0,0.0,0.0,0.0,0.0,1.0
289092,0,1,3400,-57,57,1098.281128,7.8,16,0.52,71776.000000,0,2.1,15,0.0,11968.000000,0,0.0,0.0,0.0,1.0
289341,0,1,3400,-57,57,1098.530884,9.4,15,0.53,80384.000000,2,2.1,5.4,0.0,11616.000000,56,0.0,0.0,0.0,1.0
289590,0,1,3400,-57,57,1097.949951,9.1,15,0.50,50656.000000,0,2.1,0.0,0.0,0.0,0.0,0.0,0.0,0.0,1.0
289839,0,1,3400,-57,57,1096.211548,8.5,15,0.50,83488.000000,0,2.1,0.0,0.0,0.0,0.0,0.0,0.0,0.0,1.0
290088,0,1,3400,-57,57,1097.695923,8.5,15,0.54,109184.000000,0,2.1,0.89,0.0,23488.000000,0,0.0,0.0,0.0,1.0
290337,0,1,3400,-57,57,1098.300049,8.7,15,0.50,59104.000000,0,2.1,14,0.0,0.0,0.0,0.0,0.0,0.0,1.0
290586,0,1,3400,-57,57,1099.171753,9.9,15,0.80,53760.000000,0,2.1,14,0.0,0.0,0.0,0.0,0.0,0.0,1.0
290835,0,1,3400,-57,57,1099.566040,8.8,14,0.52,83392.000000,2,2.1,14,0.0,0.0,0.0,0.0,0.0,0.0,1.0
291084,0,1,3400,-57,57,1100.893555,11,15,0.50,74496.000000,0,2.1,14,0.0,10048.000000,0,0.0,0.0,0.0,1.0
291333,0,1,3400,-57,57,1101.985474,9.8,15,0.51,56736.000000,3,2.1,16,0.0,203712.000000,69,0.0,0.0,0.0,1.0
291582,0,1,3400,-57,57,1102.450317,8.6,14,0.51,51584.000000,4,2.1,16,0.0,0.0,0.0,0.0,0.0,0.0,1.0
291831,0,1,3400,-57,57,1101.464355,8.0,15,0.50,37600.000000,0,2.1,16,0.0,0.0,0.0,0.0,0.0,0.0,1.0
292080,0,1,3400,-57,57,1100.390625,9.5,15,0.52,85536.000000,0,2.1,16,186,0.0,0.0,0.0,0.0,0.0,1.0
292329,0,1,3400,-57,57,1101.173950,9.6,15,0.51,29792.000000,6,2.1,1.7,0.0,8160.000000,17,0.0,0.0,0.0,1.0
292578,0,1,3400,-57,57,1101.935425,7.9,16,0.86,40704.000000,4,2.1,0.0,0.0,0.0,0.0,0.0,0.0,0.0,1.0
292827,0,1,3400,-57,57,1100.977295,10,15,0.89,72768.000000,9,2.1,0.0,0.0,0.0,0.0,0.0,0.0,0.0,1.0
293076,0,1,3400,-57,57,1102.167725,8.6,14,0.50,37856.000000,0,2.1,0.0,0.0,8160.000000,0,0.0,0.0,0.0,1.0
293325,0,1,3400,-57,57,1097.283081,8.1,15,0.50,64416.000000,0,2.1,0.0,0.0,224,0,0.0,0.0,0.0,1.0
293574,0,1,3400,-57,57,1096.390503,9.2,16,0.50,55392.000000,0,2.1,0.0,0.0,0.0,0.0,0.0,0.0,0.0,1.0
293823,0,1,3400,-57,57,1101.334839,9.2,14,0.61,86816.000000,2,2.1,0.0,0.0,0.0,0.0,0.0,0.0,0.0,1.0
294072,0,1,3400,-57,57,1101.457520,9.1,14,0.58,67424.000000,5,2.1,0.19,0.0,4384.000000,0,0.0,0.0,0.0,1.0
294321,0,1,3400,-57,57,1100.349121,2.7,15,0.50,24000.000000,0,2.1,16,0.0,293088.000000,66,0.0,0.0,0.0,1.0
294570,0,1,3400,-57,57,1100.739868,10,15,0.64,56512.000000,4,2.1,16,0.0,0.0,0.0,0.0,0.0,0.0,1.0
294819,0,1,3400,-57,57,1102.716797,10,15,0.57,53824.000000,7,2.1,16,0.0,0.0,0.0,0.0,0.0,0.0,1.0
295068,0,1,3400,-57,57,1102.311279,9.7,15,0.52,91456.000000,0,2.1,15,0.0,4384.000000,0,0.0,0.0,0.0,1.0
295317,0,1,3400,-57,57,1100.201782,9.0,14,0.51,69920.000000,0,2.1,2.0,0.0,60928.000000,41,0.0,0.0,0.0,1.0
295566,0,1,3400,-57,57,1099.202759,8.6,14,0.71,54560.000000,6,2.1,2.0,0.0,0.0,0.0,0.0,0.0,0.0,1.0
295815,0,1,3400,-57,57,1102.057617,8.9,15,0.54,46368.000000,12,2.1,2.0,0.0,0.0,0.0,0.0,0.0,0.0,1.0
296064,0,1,3400,-57,57,1101.218628,10.0,15,0.52,101920.000000,0,2.1,1.9,0.0,5536.000000,20,0.0,0.0,0.0,1.0
296313,0,1,3400,-57,57,1097.591797,8.8,15,0.54,68320.000000,7,2.1,0.0,0.0,10848.000000,0,0.0,0.0,0.0,1.0
296562,0,1,3400,-57,57,1092.566895,10,15,0.66,50336.000000,4,2.1,0.0,0.0,0.0,0.0,0.0,0.0,0.0,1.0
296811,0,1,3400,-57,57,1094.361084,8.6,15,0.54,35840.000000,14,2.1,0.0,0.0,0.0,0.0,0.0,0.0,0.0,1.0
297060,0,1,3400,-57,57,1100.776855,9.9,15,0.55,69824.000000,3,2.1,0.0,186,0.0,0.0,0.0,0.0,0.0,1.0
297309,0,1,3400,-57,57,1101.450073,7.9,15,0.50,51520.000000,0,2.1,0.0,0.0,12384.000000,0,0.0,0.0,0.0,1.0
297558,0,1,3400,-57,57,1096.977905,8.5,15,0.77,51488.000000,3,2.1,0.0,0.0,0.0,0.0,0.0,0.0,0.0,1.0
297807,0,1,3400,-57,57,1100.236938,8.3,15,0.61,59232.000000,0,2.1,0.0,0.0,0.0,0.0,0.0,0.0,0.0,1.0
298056,0,1,3400,-57,57,1098.678589,9.9,15,0.53,74560.000000,6,2.1,3.6,0.0,6720.000000,50,0.0,0.0,0.0,1.0
298305,0,1,3400,-57,57,1095.840942,7.5,15,0.56,37824.000000,4,2.1,21,0.0,0.0,0.0,0.0,0.0,0.0,1.0
298554,0,1,3400,-57,57,1098.597656,8.4,15,0.54,51360.000000,3,2.1,21,0.0,0.0,0.0,0.0,0.0,0.0,1.0
298803,0,1,3400,-57,57,1098.972900,8.2,15,0.67,73024.000000,3,2.1,21,0.0,0.0,0.0,0.0,0.0,0.0,1.0
299052,0,1,3400,-57,57,1100.793457,11,14,0.51,56000.000000,4,2.1,20,0.0,15584.000000,0,0.0,0.0,0.0,1.0
299301,0,1,3400,-57,57,1099.975464,11,15,0.56,91904.000000,4,2.1,0.0,0.0,0.0,0.0,0.0,0.0,0.0,1.0
299550,0,1,3400,-57,57,1100.163086,9.2,15,0.50,69664.000000,0,2.1,0.0,0.0,0.0,0.0,0.0,0.0,0.0,1.0
299799,0,1,3400,-57,57,1100.473755,8.7,15,0.70,40768.000000,4,2.1,0.0,0.0,0.0,0.0,0.0,0.0,0.0,1.0
300048,0,1,3400,-57,57,1102.225464,8.9,15,1.0,18944.000000,10,2.1,0.0,0.0,2624.000000,20,0.0,0.0,0.0,1.0
300297,0,1,3400,-57,57,1098.180664,9.4,14,0.87,81056.000000,5,2.1,0.0,0.0,5536.000000,0,0.0,0.0,0.0,1.0
300546,0,1,3400,-57,57,1095.416626,8.4,15,0.52,64320.000000,0,2.1,0.0,0.0,0.0,0.0,0.0,0.0,0.0,1.0
300795,0,1,3400,-57,57,1095.648193,8.3,14,0.51,40768.000000,4,2.1,0.0,0.0,0.0,0.0,0.0,0.0,0.0,1.0
301044,0,1,3400,-57,57,1097.578125,8.3,16,0.50,48384.000000,0,2.1,0.0,0.0,12384.000000,0,0.0,0.0,0.0,1.0
301293,0,1,3400,-57,57,1099.197510,8.8,14,0.51,83488.000000,2,2.1,0.0,0.0,0.0,0.0,0.0,0.0,0.0,1.0
301542,0,1,3400,-57,57,1102.496338,8.5,15,0.51,24544.000000,7,2.1,0.0,0.0,0.0,0.0,0.0,0.0,0.0,1.0
301791,0,1,3400,-57,57,1098.740234,6.2,14,0.58,54144.000000,3,2.1,0.0,0.0,0.0,0.0,0.0,0.0,0.0,1.0
302040,0,1,3400,-57,57,1098.091797,8.2,15,0.70,91072.000000,4,2.1,0.032,0.0,4384.000000,0,0.0,0.0,0.0,1.0
302289,0,1,3400,-57,57,1094.128662,11,16,0.50,43872.000000,0,2.1,2.0,0.0,67584.000000,12,0.0,0.0,0.0,1.0
302538,0,1,3400,-57,57,1094.353516,9.1,15,0.50,53664.000000,0,2.1,2.0,0.0,0.0,0.0,0.0,0.0,0.0,1.0
302787,0,1,3400,-57,57,1096.864990,8.7,14,0.85,40608.000000,4,2.1,2.0,0.0,0.0,0.0,0.0,0.0,0.0,1.0
303036,0,1,3400,-57,57,1105.593018,9.2,15,0.50,88832.000000,0,2.1,4.5,0.0,168704.000000,58,0.0,0.0,0.0,1.0
303285,0,1,3400,-57,57,1100.670532,7.8,15,0.50,51616.000000,0,2.1,16,0.0,0.0,0.0,0.0,0.0,0.0,1.0
303534,0,1,3400,-57,57,1092.451050,7.9,14,0.51,51424.000000,3,2.1,16,0.0,0.0,0.0,0.0,0.0,0.0,1.0
303783,0,1,3400,-57,57,1090.063354,8.9,14,0.70,62016.000000,6,2.1,16,0.0,0.0,0.0,0.0,0.0,0.0,1.0
304032,0,1,3400,-57,57,1089.225342,8.5,15,0.51,23776.000000,0,2.1,16,0.0,0.0,0.0,0.0,0.0,0.0,1.0
304281,0,1,3400,-57,57,1092.448730,9.2,15,0.84,32192.000000,6,2.1,15,0.0,58784.000000,68,0.0,0.0,0.0,1.0
304530,0,1,3400,-57,57,1097.220947,9.1,15,0.53,66048.000000,5,2.1,16,0.0,0.0,0.0,0.0,0.0,0.0,1.0
304779,0,1,3400,-57,57,1098.812378,8.6,14,0.71,57536.000000,9,2.1,16,0.0,0.0,0.0,0.0,0.0,0.0,1.0
305028,0,1,3400,-57,57,1098.012939,9.5,14,0.53,54528.000000,6,2.1,12,0.0,8160.000000,29,0.0,0.0,0.0,1.0
305277,0,1,3400,-57,57,1098.887329,7.6,16,0.52,45664.000000,0,2.1,0.0,0.0,0.0,0.0,0.0,0.0,0.0,1.0
305526,0,1,3400,-57,57,1098.449951,8.3,14,0.51,77792.000000,2,2.1,0.0,0.0,0.0,0.0,0.0,0.0,0.0,1.0
305775,0,1,3400,-57,57,1101.511719,9.9,15,0.82,51328.000000,4,2.1,0.0,0.0,0.0,0.0,0.0,0.0,0.0,1.0
306024,0,1,3400,-57,57,1102.365356,9.1,14,0.72,59776.000000,6,2.1,0.0,0.0,2624.000000,20,0.0,0.0,0.0,1.0
306273,0,1,3400,-57,57,1098.689697,10,15,0.50,48416.000000,0,2.1,0.0,0.0,5536.000000,0,0.0,0.0,0.0,1.0
306522,0,1,3400,-57,57,1101.827881,9.4,15,0.51,84000.000000,0,2.1,0.0,0.0,0.0,0.0,0.0,0.0,0.0,1.0
306771,0,1,3400,-57,57,1100.610107,9.7,15,0.50,69984.000000,0,2.1,0.0,0.0,0.0,0.0,0.0,0.0,0.0,1.0
307020,0,1,3400,-57,57,1095.980103,8.7,15,0.58,30208.000000,7,2.1,0.0,186,0.0,0.0,0.0,0.0,0.0,1.0
307269,0,1,3400,-57,57,1096.143677,9.8,14,0.52,45280.000000,0,2.1,6.3,0.0,23968.000000,40,0.0,0.0,0.0,1.0
307518,0,1,3400,-57,57,1097.460083,7.5,15,0.50,51840.000000,0,2.1,0.0,0.0,0.0,0.0,0.0,0.0,0.0,1.0
307767,0,1,3400,-57,57,1101.993042,7.4,15,0.55,32256.000000,0,2.1,0.0,0.0,0.0,0.0,0.0,0.0,0.0,1.0
308016,0,1,3400,-57,57,1098.179932,7.8,15,0.60,35296.000000,5,2.1,0.0,186,0.0,0.0,0.0,0.0,0.0,1.0
308265,0,1,3400,-57,57,1098.208008,8.6,15,0.52,77632.000000,2,2.1,14,0.0,268256.000000,58,0.0,0.0,0.0,1.0
308514,0,1,3400,-57,57,1095.144409,9.6,14,0.65,54432.000000,7,2.1,16,0.0,0.0,0.0,0.0,0.0,0.0,1.0
308763,0,1,3400,-57,57,1095.948975,9.4,15,0.50,37568.000000,0,2.1,16,0.0,0.0,0.0,0.0,0.0,0.0,1.0
309012,0,1,3400,-57,57,1099.034058,9.7,16,0.50,53888.000000,0,2.1,13,0.0,12512.000000,36,0.0,0.0,0.0,1.0
309261,0,1,3400,-57,57,1101.474854,7.3,15,0.50,65664.000000,0,2.1,0.0,0.0,0.0,0.0,0.0,0.0,0.0,1.0
309510,0,1,3400,-57,57,1103.744019,9.2,15,0.50,64704.000000,0,2.1,0.0,0.0,0.0,0.0,0.0,0.0,0.0,1.0
309759,0,1,3400,-57,57,1106.217651,9.7,15,0.51,62048.000000,3,2.1,0.0,0.0,0.0,0.0,0.0,0.0,0.0,1.0
310008,0,1,3400,-57,57,1099.960571,8.0,15,0.51,69440.000000,0,2.1,0.024,0.0,9536.000000,0,0.0,0.0,0.0,1.0
310257,0,1,3400,-57,57,1094.857422,9.1,15,0.58,67424.000000,3,2.1,3.0,0.0,2720.000000,80,0.0,0.0,0.0,1.0
310506,0,1,3400,-57,57,1094.718628,9.5,15,0.56,91328.000000,0,2.1,3.0,0.0,0.0,0.0,0.0,0.0,0.0,1.0
310755,0,1,3400,-57,57,1089.646606,9.7,14,0.71,64128.000000,6,2.1,3.0,0.0,0.0,0.0,0.0,0.0,0.0,1.0
311004,0,1,3400,-57,57,1091.724609,11,15,0.50,48256.000000,0,2.1,3.1,0.0,4384.000000,25,0.0,0.0,0.0,1.0
311253,0,1,3400,-57,57,1096.204590,10,14,0.56,19168.000000,8,2.1,0.58,0.0,6848.000000,43,0.0,0.0,0.0,1.0
311502,0,1,3400,-57,57,1099.886963,8.4,14,0.50,48288.000000,0,2.1,0.0,0.0,0.0,0.0,0.0,0.0,0.0,1.0
311751,0,1,3400,-57,57,1100.818481,9.5,14,0.58,40512.000000,5,2.1,0.0,0.0,0.0,0.0,0.0,0.0,0.0,1.0
312000,0,1,3400,-57,57,1098.742065,8.6,15,0.50,37728.000000,0,2.1,0.0,0.0,8160.000000,0,0.0,0.0,0.0,1.0
312249,0,1,3400,-57,57,1100.993164,9.8,15,0.56,53376.000000,8,2.1,0.0,0.0,0.0,0.0,0.0,0.0,0.0,1.0
312498,0,1,3400,-57,57,1103.906860,10,14,0.51,73216.000000,3,2.1,0.0,0.0,0.0,0.0,0.0,0.0,0.0,1.0
312747,0,1,3400,-57,57,1101.385498,8.3,15,0.50,26944.000000,0,2.1,0.0,0.0,0.0,0.0,0.0,0.0,0.0,1.0
312996,0,1,3400,-57,57,1100.396606,7.8,15,0.50,59040.000000,0,2.1,0.0,0.0,2624.000000,20,0.0,0.0,0.0,1.0
313245,0,1,3400,-57,57,1094.200317,7.5,14,0.53,111456.000000,4,2.1,0.0,0.0,5536.000000,0,0.0,0.0,0.0,1.0
313494,0,1,3400,-57,57,1091.499634,9.3,15,0.51,93408.000000,0,2.1,0.064,0.0,0.0,0.0,0.0,0.0,0.0,1.0
313743,0,1,3400,-57,57,1093.607666,6.7,15,0.69,72480.000000,3,2.1,0.0,0.0,0.0,0.0,0.0,0.0,0.0,1.0
313992,0,1,3400,-57,57,1095.845337,7.9,15,0.50,48288.000000,0,2.1,0.60,0.0,6720.000000,20,0.0,0.0,0.0,1.0
314241,0,1,3400,-57,57,1094.305786,8.1,15,0.50,48384.000000,0,2.1,21,0.0,0.0,100.000000,0.0,0.0,0.0,1.0
314490,0,1,3400,-57,57,1097.245117,7.9,14,0.78,34592.000000,5,2.1,21,0.0,0.0,0.0,0.0,0.0,0.0,1.0
314739,0,1,3400,-57,57,1097.623047,9.3,15,0.59,42880.000000,0,2.1,21,0.0,0.0,0.0,0.0,0.0,0.0,1.0
314988,0,1,3400,-57,57,1097.029785,8.2,15,0.64,35200.000000,6,2.1,21,0.0,0.0,0.0,0.0,0.0,0.0,1.0
315237,0,1,3400,-57,57,1097.760864,8.4,15,1.1,64512.000000,3,2.1,6.2,0.0,15584.000000,14,0.0,0.0,0.0,1.0
315486,0,1,3400,-57,57,1097.335693,10,15,0.65,57248.000000,3,2.1,0.0,0.0,0.0,0.0,0.0,0.0,0.0,1.0
315735,0,1,3400,-57,57,1103.036499,9.3,14,0.86,94528.000000,6,2.1,0.0,0.0,0.0,0.0,0.0,0.0,0.0,1.0
315984,0,1,3400,-57,57,1099.260254,10,15,0.68,91040.000000,0,2.1,0.0,0.0,12256.000000,0,0.0,0.0,0.0,1.0
316233,0,1,3400,-57,57,1098.573120,8.3,15,0.51,40768.000000,4,2.1,0.0,0.0,0.0,0.0,0.0,0.0,0.0,1.0
316482,0,1,3400,-57,57,1101.362427,9.4,16,0.67,56160.000000,4,2.1,0.0,0.0,0.0,0.0,0.0,0.0,0.0,1.0
316731,0,1,3400,-57,57,1102.012085,8.2,15,0.65,51488.000000,3,2.1,0.0,0.0,0.0,0.0,0.0,0.0,0.0,1.0
316980,0,1,3400,-57,57,1103.114136,8.8,15,0.50,64416.000000,0,2.1,0.24,0.0,10816.000000,0,0.0,0.0,0.0,1.0
317229,0,1,3400,-57,57,1102.134766,9.4,15,0.50,66816.000000,0,2.1,16,0.0,232032.000000,63,0.0,0.0,0.0,1.0
317478,0,1,3400,-57,57,1100.052856,9.5,14,0.80,78432.000000,2,2.1,16,0.0,0.0,0.0,0.0,0.0,0.0,1.0
317727,0,1,3400,-57,57,1099.584961,9.3,15,0.57,48672.000000,2,2.1,16,0.0,0.0,0.0,0.0,0.0,0.0,1.0
317976,0,1,3400,-57,57,1101.722412,6.9,14,0.51,32064.000000,3,2.1,15,0.0,5536.000000,25,0.0,0.0,0.0,1.0
318225,0,1,3400,-57,57,1104.270142,8.0,15,0.53,43712.000000,7,2.1,0.53,0.0,6976.000000,43,0.0,0.0,0.0,1.0
318474,0,1,3400,-57,57,1104.256348,8.7,16,0.52,32128.000000,0,2.1,0.0,0.0,0.0,0.0,0.0,0.0,0.0,1.0
318723,0,1,3400,-57,57,1101.927734,8.3,15,0.54,57504.000000,9,2.1,0.0,0.0,0.0,0.0,0.0,0.0,0.0,1.0
318972,0,1,3400,-57,57,1099.618774,13,15,0.50,53184.000000,0,2.1,0.0,0.0,1312.000000,20,0.0,0.0,0.0,1.0
319221,0,1,3400,-57,57,1101.262085,10,15,0.50,42688.000000,0,2.1,0.0,0.0,6592.000000,0,0.0,0.0,0.0,1.0
319470,0,1,3400,-57,57,1100.703125,7.9,15,0.63,46368.000000,4,2.1,0.0,0.0,0.0,0.0,0.0,0.0,0.0,1.0
319719,0,1,3400,-57,57,1098.222290,8.2,15,0.57,56704.000000,4,2.1,0.0,0.0,0.0,0.0,0.0,0.0,0.0,1.0
319968,0,1,3400,-57,57,1097.707886,8.3,15,0.56,78176.000000,2,2.1,0.78,0.0,17056.000000,25,0.0,0.0,0.0,1.0
320217,0,1,3400,-57,57,1097.667603,8.9,15,0.60,51232.000000,4,2.1,1.4,0.0,6560.000000,43,0.0,0.0,0.0,1.0
320466,0,1,3400,-57,57,1099.317261,8.1,15,0.50,56096.000000,0,2.1,0.0,0.0,0.0,0.0,0.0,0.0,0.0,1.0
320715,0,1,3400,-57,57,1098.749390,8.3,14,0.67,46752.000000,7,2.1,0.0,0.0,0.0,0.0,0.0,0.0,0.0,1.0
320964,0,1,3400,-57,57,1100.557373,9.8,14,0.50,48192.000000,0,2.1,0.0,0.0,12256.000000,14,0.0,0.0,0.0,1.0
321213,0,1,3400,-57,57,1101.822266,8.9,15,0.68,85920.000000,2,2.1,0.0,0.0,0.0,0.0,0.0,0.0,0.0,1.0
321462,0,1,3400,-57,57,1099.830078,18,15,0.67,58048.000000,10,2.1,0.0,0.0,0.0,0.0,0.0,0.0,0.0,1.0
321711,0,1,3400,-57,57,1099.322510,7.8,15,0.53,53760.000000,0,2.1,0.0,0.0,0.0,0.0,0.0,0.0,0.0,1.0
321960,0,1,3400,-57,57,1099.659302,8.5,15,0.51,67360.000000,3,2.1,0.54,0.0,17056.000000,33,0.0,0.0,0.0,1.0
322209,0,1,3400,-57,57,1105.020752,9.7,15,0.58,75264.000000,0,2.1,7.5,0.0,0.0,0.0,0.0,0.0,0.0,1.0
322458,0,1,3400,-57,57,1113.077148,9.9,15,0.56,45088.000000,5,2.1,7.5,0.0,0.0,0.0,0.0,0.0,0.0,1.0
322707,0,1,3400,-57,57,1103.427979,8.8,14,0.71,75680.000000,5,2.1,7.5,0.0,0.0,0.0,0.0,0.0,0.0,1.0
322956,0,1,3400,-57,57,1098.112793,8.3,15,0.50,53888.000000,0,2.1,7.5,20,0.0,80,0.0,0.0,0.0,1.0
323205,0,1,3400,-57,57,1095.371216,9.0,15,0.57,65856.000000,11,2.1,7.5,20,0.0,0.0,0.0,0.0,0.0,1.0
323454,0,1,3400,-57,57,1089.945435,8.3,15,0.51,80544.000000,0,2.1,1.5,0.0,6432.000000,0,0.0,0.0,0.0,1.0
323703,0,1,3400,-57,57,1094.181396,8.4,15,0.53,48384.000000,0,2.1,0.0,0.0,0.0,0.0,0.0,0.0,0.0,1.0
323952,0,1,3400,-57,57,1098.633057,8.3,15,0.50,72160.000000,0,2.1,0.0,186,0.0,0.0,0.0,0.0,0.0,1.0
324201,0,1,3400,-57,57,1099.578857,8.7,15,0.64,64960.000000,8,2.1,0.0,0.0,12384.000000,0,0.0,0.0,0.0,1.0
324450,0,1,3400,-57,57,1099.031494,8.9,15,0.67,65024.000000,3,2.1,0.0,0.0,0.0,0.0,0.0,0.0,0.0,1.0
324699,0,1,3400,-57,57,1094.940063,8.0,15,0.54,81696.000000,0,2.1,0.0,0.0,0.0,0.0,0.0,0.0,0.0,1.0
324948,0,1,3400,-57,57,1094.753174,8.6,15,0.52,118048.000000,2,2.1,0.0,0.0,7904.000000,12,0.0,0.0,0.0,1.0
325197,0,1,3400,-57,57,1097.069702,8.7,15,0.50,91872.000000,0,2.1,0.0,0.0,0.0,0.0,0.0,0.0,0.0,1.0
325446,0,1,3400,-57,57,1098.465332,8.1,15,0.50,47360.000000,0,2.1,0.0,0.0,0.0,0.0,0.0,0.0,0.0,1.0
325695,0,1,3400,-57,57,1096.649048,11,14,0.50,37440.000000,0,2.1,0.0,0.0,0.0,0.0,0.0,0.0,0.0,1.0
325944,0,1,3400,-57,57,1097.027222,10,15,0.64,69792.000000,0,2.1,0.0,0.0,12256.000000,0,0.0,0.0,0.0,1.0
326193,0,1,3400,-57,57,1097.349243,8.3,15,0.88,56704.000000,4,2.1,0.0,0.0,0.0,0.0,0.0,0.0,0.0,1.0
326442,0,1,3400,-57,57,1095.438721,7.9,15,0.50,48384.000000,0,2.1,0.0,0.0,0.0,0.0,0.0,0.0,0.0,1.0
326691,0,1,3400,-57,57,1101.996948,7.8,14,0.50,53312.000000,0,2.1,0.0,0.0,0.0,0.0,0.0,0.0,0.0,1.0
326940,0,1,3400,-57,57,1106.205688,9.0,14,0.58,54624.000000,6,2.1,0.0,186,0.0,0.0,0.0,0.0,0.0,1.0
327189,0,1,3400,-57,57,1101.136963,8.4,15,0.62,56608.000000,3,2.1,0.0,0.0,8192.000000,0,0.0,0.0,0.0,1.0
327438,0,1,3400,-57,57,1096.676025,9.1,15,0.54,56544.000000,3,2.1,0.0,0.0,0.0,0.0,0.0,0.0,0.0,1.0
327687,0,1,3400,-57,57,1096.411377,8.3,15,0.51,53760.000000,0,2.1,0.0,0.0,0.0,0.0,0.0,0.0,0.0,1.0
327936,0,1,3400,-57,57,1094.465576,11,15,0.70,50528.000000,5,2.1,0.0,186,0.0,0.0,0.0,0.0,0.0,1.0
328185,0,1,3400,-57,57,1096.396606,9.7,15,0.52,59040.000000,0,2.1,0.0,0.0,8160.000000,29,0.0,0.0,0.0,1.0
328434,0,1,3400,-57,57,1101.819824,7.5,14,0.50,73792.000000,0,2.1,0.0,0.0,0.0,0.0,0.0,0.0,0.0,1.0
328683,0,1,3400,-57,57,1102.738770,9.1,15,0.53,54368.000000,7,2.1,0.0,0.0,0.0,0.0,0.0,0.0,0.0,1.0
328932,0,1,3400,-57,57,1101.957397,9.6,15,0.50,58944.000000,0,2.1,0.26,0.0,43136.000000,0,0.0,0.0,0.0,1.0
329181,0,1,3400,-57,57,1099.975220,8.4,15,0.55,63040.000000,2,2.1,16,0.0,189216.000000,47,0.0,0.0,0.0,1.0
329430,0,1,3400,-57,57,1097.775757,6.4,15,0.51,40672.000000,5,2.1,16,0.0,0.0,0.0,0.0,0.0,0.0,1.0
329679,0,1,3400,-57,57,1095.155273,7.4,15,0.58,27328.000000,0,2.1,16,0.0,0.0,0.0,0.0,0.0,0.0,1.0
329928,0,1,3400,-57,57,1100.977539,8.1,15,0.52,67136.000000,3,2.1,15,0.0,11968.000000,45,0.0,0.0,0.0,1.0
330177,0,1,3400,-57,57,1100.822388,11,15,0.54,58816.000000,0,2.1,2.1,0.0,3744.000000,43,0.0,0.0,0.0,1.0
330426,0,1,3400,-57,57,1099.479492,8.1,14,0.51,51424.000000,3,2.1,0.0,0.0,0.0,0.0,0.0,0.0,0.0,1.0
330675,0,1,3400,-57,57,1100.133545,10,15,0.51,23840.000000,7,2.1,0.0,0.0,0.0,0.0,0.0,0.0,0.0,1.0
330924,0,1,3400,-57,57,1098.605957,9.0,15,0.50,64160.000000,0,2.1,0.24,0.0,4384.000000,25,0.0,0.0,0.0,1.0
331173,0,1,3400,-57,57,1096.817627,7.0,15,0.50,58112.000000,0,2.1,0.58,0.0,6560.000000,43,0.0,0.0,0.0,1.0
331422,0,1,3400,-57,57,1096.010864,7.3,15,0.50,64864.000000,0,2.1,0.0,0.0,0.0,0.0,0.0,0.0,0.0,1.0
331671,0,1,3400,-57,57,1096.130371,9.7,16,0.50,80352.000000,0,2.1,0.0,0.0,0.0,0.0,0.0,0.0,0.0,1.0
331920,0,1,3400,-57,57,1099.874878,9.5,15,0.51,67136.000000,3,2.1,0.0,186,0.0,0.0,0.0,0.0,0.0,1.0
332170,0,1,3400,-57,57,1100.608521,7.4,14,0.50,43168.000000,0,2.1,0.0,0.0,8160.000000,29,0.0,0.0,0.0,1.0
332419,0,1,3400,-57,57,1098.738525,7.0,15,0.50,21504.000000,0,2.1,0.0,0.0,0.0,0.0,0.0,0.0,0.0,1.0
332668,0,1,3400,-57,57,1097.400879,9.4,15,0.50,53536.000000,0,2.1,0.0,0.0,0.0,0.0,0.0,0.0,0.0,1.0
332917,0,1,3400,-57,57,1098.625488,7.8,15,0.50,48384.000000,0,2.1,0.19,0.0,4384.000000,0,0.0,0.0,0.0,1.0
333166,0,1,3400,-57,57,1098.252319,7.8,15,0.54,26880.000000,0,2.1,16,0.0,279264.000000,67,0.0,0.0,0.0,1.0
333415,0,1,3400,-57,57,1097.899048,8.5,15,0.55,70592.000000,5,2.1,16,0.0,0.0,0.0,0.0,0.0,0.0,1.0
333664,0,1,3400,-57,57,1098.313965,8.9,14,0.85,45504.000000,6,2.1,16,0.0,0.0,0.0,0.0,0.0,0.0,1.0
333913,0,1,3400,-57,57,1097.862793,8.0,14,0.51,13792.000000,11,2.1,16,0.0,0.0,0.0,0.0,0.0,0.0,1.0
334162,0,1,3400,-57,57,1101.602051,8.3,15,0.58,71616.000000,4,2.1,2.4,0.0,12512.000000,36,0.0,0.0,0.0,1.0
334411,0,1,3400,-57,57,1099.651611,8.7,15,0.64,37600.000000,0,2.1,0.0,0.0,0.0,0.0,0.0,0.0,0.0,1.0
334660,0,1,3400,-57,57,1101.218018,7.3,14,0.59,58432.000000,0,2.1,0.0,0.0,0.0,0.0,0.0,0.0,0.0,1.0
334909,0,1,3400,-57,57,1101.693115,8.7,14,0.50,48480.000000,0,2.1,0.24,0.0,4384.000000,25,0.0,0.0,0.0,1.0
335158,0,1,3400,-57,57,1103.982788,8.6,14,0.50,75264.000000,0,2.1,0.58,0.0,3648.000000,38,0.0,0.0,0.0,1.0
335407,0,1,3400,-57,57,1102.121094,8.0,14,0.53,52032.000000,6,2.1,0.0,0.0,0.0,0.0,0.0,0.0,0.0,1.0
335656,0,1,3400,-57,57,1097.621826,9.3,15,0.50,21280.000000,0,2.1,0.0,0.0,0.0,0.0,0.0,0.0,0.0,1.0
335905,0,1,3400,-57,57,1099.432983,11,15,0.83,56672.000000,3,2.1,0.0,186,0.0,0.0,0.0,0.0,0.0,1.0
336154,0,1,3400,-57,57,1096.524658,8.9,15,0.50,59072.000000,0,2.1,0.0,0.0,12064.000000,0,0.0,0.0,0.0,1.0
336403,0,1,3400,-57,57,1096.353394,9.0,15,0.50,56544.000000,0,2.1,0.0,0.0,0.0,0.0,0.0,0.0,0.0,1.0
336652,0,1,3400,-57,57,1101.472900,9.2,15,0.50,85952.000000,0,2.1,0.0,0.0,0.0,0.0,0.0,0.0,0.0,1.0
336901,0,1,3400,-57,57,1102.194092,10,15,0.50,58848.000000,0,2.1,0.0,0.0,0.0,0.0,0.0,0.0,0.0,1.0
337150,0,1,3400,-57,57,1097.680298,9.3,15,0.50,112736.000000,0,2.1,2.1,0.0,24032.000000,36,0.0,0.0,0.0,1.0
337399,0,1,3400,-57,57,1097.337646,8.1,15,0.51,51424.000000,3,2.1,0.0,0.0,0.0,0.0,0.0,0.0,0.0,1.0
337648,0,1,3400,-57,57,1100.438843,11,15,0.55,45920.000000,4,2.1,0.0,0.0,0.0,0.0,0.0,0.0,0.0,1.0
337897,0,1,3400,-57,57,1100.433716,8.1,14,0.52,62272.000000,3,2.1,0.34,0.0,11968.000000,0,0.0,0.0,0.0,1.0
338146,0,1,3400,-57,57,1101.893921,7.9,15,0.50,23520.000000,0,2.1,4.8,0.0,8000.000000,62,0.0,0.0,0.0,1.0
338395,0,1,3400,-57,57,1102.004150,11,14,0.54,37984.000000,6,2.1,0.0,0.0,0.0,0.0,0.0,0.0,0.0,1.0
338644,0,1,3400,-57,57,1094.374756,8.3,14,1.0,49344.000000,7,2.1,0.0,0.0,0.0,0.0,0.0,0.0,0.0,1.0
338893,0,1,3400,-57,57,1095.022827,7.8,15,0.50,67776.000000,0,2.1,0.37,0.0,6656.000000,0,0.0,0.0,0.0,1.0
339142,0,1,3400,-57,57,1096.843872,8.2,15,0.50,56000.000000,0,2.1,16,0.0,161184.000000,64,0.0,0.0,0.0,1.0
339391,0,1,3400,-57,57,1096.293701,9.2,15,0.62,51072.000000,4,2.1,16,0.0,0.0,0.0,0.0,0.0,0.0,1.0
339640,0,1,3400,-57,57,1101.195679,8.2,14,0.51,56800.000000,3,2.1,16,0.0,0.0,0.0,0.0,0.0,0.0,1.0
339889,0,1,3400,-57,57,1100.099609,11,15,0.69,66528.000000,3,2.1,15,0.0,8576.000000,0,0.0,0.0,0.0,1.0
340138,0,1,3400,-57,57,1098.112915,9.6,15,0.51,62048.000000,3,2.1,16,0.0,225120.000000,69,0.0,0.0,0.0,1.0
340387,0,1,3400,-57,57,1097.572998,8.4,15,0.51,64512.000000,0,2.1,16,0.0,0.0,0.0,0.0,0.0,0.0,1.0
340636,0,1,3400,-57,57,1099.385132,9.7,15,0.50,58656.000000,0,2.1,16,0.0,0.0,0.0,0.0,0.0,0.0,1.0
340885,0,1,3400,-57,57,1101.278198,10,15,0.72,88352.000000,2,2.1,13,0.0,10464.000000,36,0.0,0.0,0.0,1.0
341134,0,1,3400,-57,57,1097.746216,9.3,15,0.50,75296.000000,0,2.1,0.0,0.0,0.0,0.0,0.0,0.0,0.0,1.0
341383,0,1,3400,-57,57,1098.122681,9.1,15,0.56,51264.000000,13,2.1,0.0,0.0,0.0,0.0,0.0,0.0,0.0,1.0
341632,0,1,3400,-57,57,1095.710693,7.6,15,0.70,72288.000000,0,2.1,0.0,0.0,0.0,0.0,0.0,0.0,0.0,1.0
341881,0,1,3400,-57,57,1096.353394,9.0,14,0.96,40544.000000,5,2.1,0.0,0.0,8160.000000,17,0.0,0.0,0.0,1.0
342130,0,1,3400,-57,57,1097.776001,8.9,14,0.63,89056.000000,2,2.1,0.0,0.0,0.0,0.0,0.0,0.0,0.0,1.0
342379,0,1,3400,-57,57,1103.471680,10,15,0.50,37568.000000,0,2.1,0.0,0.0,0.0,0.0,0.0,0.0,0.0,1.0
342628,0,1,3400,-57,57,1101.485229,8.7,15,0.51,96960.000000,0,2.1,0.0,0.0,0.0,0.0,0.0,0.0,0.0,1.0
342877,0,1,3400,-57,57,1100.113281,7.8,14,0.57,87552.000000,4,2.1,0.37,0.0,6656.000000,0,0.0,0.0,0.0,1.0
343126,0,1,3400,-57,57,1103.045898,6.9,15,0.50,37920.000000,0,2.1,16,0.0,225120.000000,70,0.0,0.0,0.0,1.0
343375,0,1,3400,-57,57,1103.334229,8.0,14,0.54,70176.000000,5,2.1,16,0.0,0.0,0.0,0.0,0.0,0.0,1.0
343624,0,1,3400,-57,57,1098.443970,8.4,15,0.51,59232.000000,0,2.1,16,0.0,0.0,0.0,0.0,0.0,0.0,1.0
343873,0,1,3400,-57,57,1098.762451,8.1,15,0.51,46560.000000,3,2.1,16,186,0.0,0.0,0.0,0.0,0.0,1.0
344122,0,1,3400,-57,57,1099.584473,10,16,0.50,74848.000000,0,2.1,1.9,0.0,8160.000000,17,0.0,0.0,0.0,1.0
344371,0,1,3400,-57,57,1101.582275,8.6,15,0.57,77504.000000,3,2.1,0.0,0.0,0.0,0.0,0.0,0.0,0.0,1.0
344620,0,1,3400,-57,57,1101.018677,12,15,0.61,82016.000000,3,2.1,0.0,0.0,0.0,0.0,0.0,0.0,0.0,1.0
344869,0,1,3400,-57,57,1100.659302,9.9,16,0.53,67328.000000,0,2.1,0.0,0.0,5536.000000,20,0.0,0.0,0.0,1.0
345118,0,1,3400,-57,57,1100.219604,11,15,0.51,63808.000000,4,2.1,0.0,0.0,6976.000000,0,0.0,0.0,0.0,1.0
345367,0,1,3400,-57,57,1098.007446,10.0,15,0.72,61280.000000,9,2.1,0.0,0.0,0.0,0.0,0.0,0.0,0.0,1.0
345616,0,1,3400,-57,57,1100.604858,9.3,14,0.71,73600.000000,7,2.1,0.0,0.0,0.0,0.0,0.0,0.0,0.0,1.0
345865,0,1,3400,-57,57,1102.319946,8.0,15,0.54,73280.000000,2,2.1,0.60,0.0,6720.000000,20,0.0,0.0,0.0,1.0
346114,0,1,3400,-57,57,1101.116333,10,15,0.57,40544.000000,9,2.1,21,0.0,0.0,100.000000,0.0,0.0,0.0,1.0
346363,0,1,3400,-57,57,1100.498169,9.3,15,0.69,42912.000000,0,2.1,21,0.0,0.0,0.0,0.0,0.0,0.0,1.0
346612,0,1,3400,-57,57,1101.253174,8.0,15,0.51,69888.000000,0,2.1,21,0.0,0.0,0.0,0.0,0.0,0.0,1.0
346861,0,1,3400,-57,57,1100.219360,8.7,14,0.50,58880.000000,0,2.1,20,0.0,21344.000000,0,0.0,0.0,0.0,1.0
347110,0,1,3400,-57,57,1099.898560,11,15,0.51,62016.000000,4,2.1,0.0,0.0,0.0,0.0,0.0,0.0,0.0,1.0
347359,0,1,3400,-57,57,1102.697998,9.3,15,0.74,81312.000000,4,2.1,0.0,0.0,0.0,0.0,0.0,0.0,0.0,1.0
347608,0,1,3400,-57,57,1102.077881,9.6,15,0.56,75264.000000,0,2.1,0.0,0.0,0.0,0.0,0.0,0.0,0.0,1.0
347857,0,1,3400,-57,57,1103.415161,9.5,15,0.50,85952.000000,0,2.1,2.9,0.0,107648.000000,63,0.0,0.0,0.0,1.0
348106,0,1,3400,-57,57,1104.915894,8.3,15,0.72,54208.000000,7,2.1,16,0.0,0.0,0.0,0.0,0.0,0.0,1.0
348355,0,1,3400,-57,57,1107.223633,9.6,15,0.72,54400.000000,7,2.1,16,0.0,0.0,0.0,0.0,0.0,0.0,1.0
348604,0,1,3400,-57,57,1104.594482,8.9,16,0.71,75296.000000,0,2.1,16,0.0,0.0,0.0,0.0,0.0,0.0,1.0
348853,0,1,3400,-57,57,1101.494385,9.4,15,0.60,35360.000000,5,2.1,16,0.0,12640.000000,0,0.0,0.0,0.0,1.0
349102,0,1,3400,-57,57,1101.370117,8.2,16,0.50,48384.000000,0,2.1,2.0,0.0,3840.000000,50,0.0,0.0,0.0,1.0
349351,0,1,3400,-57,57,1102.430542,9.2,15,0.50,37504.000000,0,2.1,0.0,0.0,0.0,0.0,0.0,0.0,0.0,1.0
349600,0,1,3400,-57,57,1102.427856,10,15,0.50,85760.000000,0,2.1,0.0,0.0,0.0,0.0,0.0,0.0,0.0,1.0
349849,0,1,3400,-57,57,1099.555786,10,16,0.51,37568.000000,0,2.1,0.0,0.0,12384.000000,33,0.0,0.0,0.0,1.0
350098,0,1,3400,-57,57,1102.726562,7.1,15,0.50,32480.000000,0,2.1,0.0,0.0,0.0,0.0,0.0,0.0,0.0,1.0
350347,0,1,3400,-57,57,1102.749390,8.5,15,0.51,56800.000000,3,2.1,0.0,0.0,0.0,0.0,0.0,0.0,0.0,1.0
350596,0,1,3400,-57,57,1098.706299,11,15,0.50,37024.000000,0,2.1,0.0,0.0,0.0,0.0,0.0,0.0,0.0,1.0
350845,0,1,3400,-57,57,1095.604248,8.9,15,0.51,35232.000000,5,2.1,0.0,0.0,12256.000000,0,0.0,0.0,0.0,1.0
351094,0,1,3400,-57,57,1097.084961,9.3,15,0.50,53280.000000,0,2.1,0.0,0.0,0.0,0.0,0.0,0.0,0.0,1.0
351343,0,1,3400,-57,57,1098.835571,10.0,15,0.71,42912.000000,0,2.1,0.0,0.0,0.0,0.0,0.0,0.0,0.0,1.0
351592,0,1,3400,-57,57,1099.635986,6.2,15,0.51,60000.000000,1,2.1,0.0,0.0,0.0,0.0,0.0,0.0,0.0,1.0
351841,0,1,3400,-57,57,1103.065063,8.1,15,0.50,37536.000000,0,2.1,0.0,0.0,0.0,0.0,0.0,0.0,0.0,1.0
352090,0,1,3400,-57,57,1101.180420,8.2,15,0.50,64416.000000,0,2.1,4.3,0.0,5696.000000,57,0.0,0.0,0.0,1.0
352339,0,1,3400,-57,57,1098.600586,8.2,14,0.50,32352.000000,0,2.1,6.0,0.0,0.0,0.0,0.0,0.0,0.0,1.0
352588,0,1,3400,-57,57,1098.711670,9.9,15,0.52,64544.000000,0,2.1,6.0,0.0,0.0,0.0,0.0,0.0,0.0,1.0
352837,0,1,3400,-57,57,1095.202271,8.3,15,0.57,50720.000000,3,2.1,6.2,0.0,41664.000000,20,0.0,0.0,0.0,1.0
353086,0,1,3400,-57,57,1096.799683,8.9,14,0.63,38304.000000,5,2.1,7.4,0.0,59616.000000,68,0.0,0.0,0.0,1.0
353335,0,1,3400,-57,57,1101.089111,8.7,15,0.85,48000.000000,8,2.1,7.0,0.0,0.0,0.0,0.0,0.0,0.0,1.0
353584,0,1,3400,-57,57,1099.823853,9.9,15,0.70,42976.000000,0,2.1,7.0,0.0,0.0,0.0,0.0,0.0,0.0,1.0
353833,0,1,3400,-57,57,1100.033569,9.5,15,1.0,45888.000000,4,2.1,7.0,186,0.0,0.0,0.0,0.0,0.0,1.0
354082,0,1,3400,-57,57,1100.673706,10,15,0.97,42624.000000,2,2.1,14,0.0,211136.000000,59,0.0,0.0,0.0,1.0
354331,0,1,3400,-57,57,1101.323730,6.4,15,0.50,83200.000000,0,2.1,16,0.0,0.0,0.0,0.0,0.0,0.0,1.0
354580,0,1,3400,-57,57,1098.321777,8.1,15,0.50,91072.000000,0,2.1,16,0.0,0.0,0.0,0.0,0.0,0.0,1.0
354829,0,1,3400,-57,57,1100.900024,9.0,15,0.50,64352.000000,0,2.1,16,0.0,3104.000000,73,0.0,0.0,0.0,1.0
355078,0,1,3400,-57,57,1103.121826,9.3,15,0.63,60832.000000,6,2.1,21,0.0,0.0,0.0,0.0,0.0,0.0,1.0
355327,0,1,3400,-57,57,1094.001587,9.0,15,0.50,68608.000000,0,2.1,21,0.0,0.0,0.0,0.0,0.0,0.0,1.0
355577,0,1,3400,-57,57,1094.767334,11,14,1.1,44736.000000,15,2.1,21,0.0,0.0,0.0,0.0,0.0,0.0,1.0
355826,0,1,3400,-57,57,1098.673950,9.0,15,0.65,64864.000000,3,2.1,21,0.0,17056.000000,25,0.0,0.0,0.0,1.0
356075,0,1,3400,-57,57,1101.020386,8.5,15,0.54,72576.000000,0,2.1,1.5,0.0,12384.000000,50,0.0,0.0,0.0,1.0
356324,0,1,3400,-57,57,1100.780762,8.4,14,0.63,51712.000000,3,2.1,0.0,0.0,0.0,0.0,0.0,0.0,0.0,1.0
356573,0,1,3400,-57,57,1099.975586,9.7,15,0.50,69568.000000,0,2.1,0.0,0.0,0.0,0.0,0.0,0.0,0.0,1.0
356822,0,1,3400,-57,57,1098.681885,13,15,0.50,42528.000000,0,2.1,0.0,0.0,2624.000000,20,0.0,0.0,0.0,1.0
357071,0,1,3400,-57,57,1100.744263,8.4,16,0.50,69888.000000,0,2.1,0.0,0.0,5536.000000,0,0.0,0.0,0.0,1.0
357320,0,1,3400,-57,57,1098.912476,9.2,14,0.65,63648.000000,9,2.1,0.0,0.0,0.0,0.0,0.0,0.0,0.0,1.0
357569,0,1,3400,-57,57,1096.937378,8.4,15,0.50,53760.000000,0,2.1,0.0,0.0,0.0,0.0,0.0,0.0,0.0,1.0
357818,0,1,3400,-57,57,1099.261841,9.2,15,0.50,53696.000000,0,2.1,2.9,0.0,229760.000000,58,0.0,0.0,0.0,1.0
358067,0,1,3400,-57,57,1100.504028,7.4,14,0.50,65152.000000,0,2.1,16,0.0,0.0,100.000000,0.0,0.0,0.0,1.0
358316,0,1,3400,-57,57,1097.360474,9.4,15,0.56,53984.000000,0,2.1,16,0.0,0.0,0.0,0.0,0.0,0.0,1.0
358565,0,1,3400,-57,57,1096.984009,8.7,15,0.51,51328.000000,3,2.1,16,0.0,0.0,0.0,0.0,0.0,0.0,1.0
358814,0,1,3400,-57,57,1102.177368,8.7,15,0.57,48832.000000,7,2.1,12,0.0,12384.000000,0,0.0,0.0,0.0,1.0
359063,0,1,3400,-57,57,1100.408447,8.4,15,0.50,42912.000000,0,2.1,0.0,0.0,0.0,0.0,0.0,0.0,0.0,1.0
359312,0,1,3400,-57,57,1101.001465,9.5,15,0.51,41152.000000,5,2.1,0.0,0.0,0.0,0.0,0.0,0.0,0.0,1.0
359561,0,1,3400,-57,57,1105.563965,7.9,15,0.50,44160.000000,0,2.1,0.0,0.0,0.0,0.0,0.0,0.0,0.0,1.0
359810,0,1,3400,-57,57,1106.977173,8.9,15,0.59,77728.000000,3,2.1,0.0,186,0.0,0.0,0.0,0.0,0.0,1.0
360059,0,1,3400,-57,57,1107.748047,11,14,0.67,57088.000000,3,2.1,0.0,0.0,12256.000000,14,0.0,0.0,0.0,1.0
360308,0,1,3400,-57,57,1106.005615,8.0,15,0.71,35296.000000,5,2.1,0.0,0.0,0.0,0.0,0.0,0.0,0.0,1.0
360557,0,1,3400,-57,57,1097.863770,9.2,15,0.60,61984.000000,3,2.1,0.0,0.0,0.0,0.0,0.0,0.0,0.0,1.0
360806,0,1,3400,-57,57,1097.429321,9.8,15,0.51,85952.000000,0,2.1,0.0,0.0,12384.000000,0,0.0,0.0,0.0,1.0
361055,0,1,3400,-57,57,1097.010986,8.0,15,0.74,46048.000000,4,2.1,0.0,0.0,0.0,0.0,0.0,0.0,0.0,1.0
361304,0,1,3400,-57,57,1098.800171,8.5,15,0.50,69984.000000,0,2.1,0.0,0.0,0.0,0.0,0.0,0.0,0.0,1.0
361553,0,1,3400,-57,57,1098.072632,7.8,15,0.85,38336.000000,12,2.1,0.0,0.0,0.0,0.0,0.0,0.0,0.0,1.0
361802,0,1,3400,-57,57,1097.800415,8.7,15,0.70,54624.000000,3,2.1,0.24,0.0,10816.000000,0,0.0,0.0,0.0,1.0
362051,0,1,3400,-57,57,1092.966675,8.1,14,0.56,36000.000000,12,2.1,0.58,0.0,6848.000000,0,0.0,0.0,0.0,1.0
362300,0,1,3400,-57,57,1097.764404,9.2,15,0.53,68384.000000,3,2.1,0.0,0.0,0.0,0.0,0.0,0.0,0.0,1.0
362549,0,1,3400,-57,57,1098.387329,7.3,15,0.50,48736.000000,0,2.1,0.0,0.0,0.0,0.0,0.0,0.0,0.0,1.0
362798,0,1,3400,-57,57,1096.536377,8.4,14,0.50,37632.000000,0,2.1,0.0,0.0,16384.000000,11,0.0,0.0,0.0,1.0
363047,0,1,3400,-57,57,1097.235107,9.2,15,0.50,59180.722656,0,2.1,0.0,0.0,0.0,0.0,0.0,0.0,0.0,1.0
363296,0,1,3400,-57,57,1097.796387,9.9,15,0.60,53482.070312,0,2.1,0.0,0.0,0.0,0.0,0.0,0.0,0.0,1.0
363545,0,1,3400,-57,57,1096.938965,10,15,0.50,58784.000000,0,2.1,0.0,0.0,0.0,0.0,0.0,0.0,0.0,1.0
363794,0,1,3400,-57,57,1096.903931,7.9,15,0.50,48384.000000,0,2.1,0.24,0.0,4384.000000,25,0.0,0.0,0.0,1.0
364043,0,1,3400,-57,57,1099.309692,9.4,14,0.59,56032.000000,4,2.1,0.58,0.0,7872.000000,40,0.0,0.0,0.0,1.0
364292,0,1,3400,-57,57,1100.406372,8.3,15,0.68,26112.000000,11,2.1,0.0,0.0,0.0,0.0,0.0,0.0,0.0,1.0
364541,0,1,3400,-57,57,1096.940918,7.7,14,0.52,63008.000000,2,2.1,0.0,0.0,0.0,0.0,0.0,0.0,0.0,1.0
364790,0,1,3400,-57,57,1100.719849,8.0,15,0.50,48384.000000,0,2.1,0.29,0.0,5536.000000,25,0.0,0.0,0.0,1.0
365039,0,1,3400,-57,57,1100.202271,8.6,15,0.51,56960.000000,4,2.1,0.53,0.0,6976.000000,43,0.0,0.0,0.0,1.0
365288,0,1,3400,-57,57,1099.034790,8.6,15,0.51,83648.000000,2,2.1,0.0,0.0,0.0,0.0,0.0,0.0,0.0,1.0
365538,0,1,3400,-57,57,1099.929443,8.5,15,0.50,69696.000000,0,2.1,0.0,0.0,0.0,0.0,0.0,0.0,0.0,1.0
365787,0,1,3400,-57,57,1098.312134,9.5,15,0.50,64384.000000,0,2.1,0.58,0.0,42752.000000,20,0.0,0.0,0.0,1.0
366036,0,1,3400,-57,57,1097.352417,7.8,14,0.50,35296.000000,0,2.1,6.4,0.0,49568.000000,54,0.0,0.0,0.0,1.0
366285,0,1,3400,-57,57,1103.033447,8.4,15,0.81,73312.000000,7,2.1,6.5,0.0,0.0,0.0,0.0,0.0,0.0,1.0
366534,0,1,3400,-57,57,1107.039551,10,15,0.60,61824.000000,3,2.1,6.5,0.0,0.0,0.0,0.0,0.0,0.0,1.0
366783,0,1,3400,-57,57,1102.607300,9.1,15,0.51,51520.000000,3,2.1,6.5,186,0.0,0.0,0.0,0.0,0.0,1.0
367032,0,1,3400,-57,57,1099.130249,7.8,15,0.50,21696.000000,0,2.1,13,0.0,232416.000000,27,0.0,0.0,0.0,1.0
367281,0,1,3400,-57,57,1098.839233,7.3,15,0.50,48384.000000,0,2.1,14,0.0,0.0,0.0,0.0,0.0,0.0,1.0
367530,0,1,3400,-57,57,1100.090576,10,15,0.85,40096.000000,6,2.1,14,0.0,0.0,0.0,0.0,0.0,0.0,1.0
367779,0,1,3400,-57,57,1102.754150,8.2,15,0.63,46048.000000,4,2.1,14,186,0.0,0.0,0.0,0.0,0.0,1.0
368028,0,1,3400,-57,57,1100.945801,8.6,15,0.57,69888.000000,0,2.1,3.9,0.0,29440.000000,31,0.0,0.0,0.0,1.0
368277,0,1,3400,-57,57,1100.860718,8.0,14,0.88,77344.000000,2,2.1,0.0,0.0,0.0,0.0,0.0,0.0,0.0,1.0
368526,0,1,3400,-57,57,1095.063232,6.5,15,1.1,44672.000000,3,2.1,0.0,0.0,0.0,0.0,0.0,0.0,0.0,1.0
368775,0,1,3400,-57,57,1096.401855,8.0,15,0.50,80448.000000,0,2.1,2.9,0.0,11968.000000,45,0.0,0.0,0.0,1.0
369024,0,1,3400,-57,57,1095.315430,9.1,15,0.50,58720.000000,0,2.1,2.4,0.0,7488.000000,43,0.0,0.0,0.0,1.0
369273,0,1,3400,-57,57,1097.527466,8.6,15,0.86,22208.000000,13,2.1,0.0,0.0,0.0,0.0,0.0,0.0,0.0,1.0
369522,0,1,3400,-57,57,1097.884033,8.9,15,0.67,48480.000000,4,2.1,0.0,0.0,0.0,0.0,0.0,0.0,0.0,1.0
369771,0,1,3400,-57,57,1093.559937,8.7,15,0.50,37728.000000,0,2.1,0.89,0.0,23488.000000,0,0.0,0.0,0.0,1.0
370020,0,1,3400,-57,57,1097.163818,8.2,15,0.51,35296.000000,5,2.1,14,0.0,0.0,0.0,0.0,0.0,0.0,1.0
370269,0,1,3400,-57,57,1098.578125,8.8,15,0.53,27616.000000,12,2.1,14,0.0,0.0,0.0,0.0,0.0,0.0,1.0
370518,0,1,3400,-57,57,1103.980469,8.0,14,0.50,26816.000000,0,2.1,14,0.0,0.0,0.0,0.0,0.0,0.0,1.0
370767,0,1,3400,-57,57,1103.949707,8.1,15,0.50,49120.000000,0,2.1,14,0.0,0.0,0.0,0.0,0.0,0.0,1.0
371016,0,1,3400,-57,57,1097.663452,8.6,14,1.0,63200.000000,11,2.1,14,0.0,23488.000000,43,0.0,0.0,0.0,1.0
371265,0,1,3400,-57,57,1099.709351,7.9,15,0.93,32256.000000,0,2.1,14,0.0,0.0,0.0,0.0,0.0,0.0,1.0
371514,0,1,3400,-57,57,1100.826538,8.6,14,0.66,53824.000000,0,2.1,14,0.0,0.0,0.0,0.0,0.0,0.0,1.0
371763,0,1,3400,-57,57,1101.267212,8.7,14,0.92,51328.000000,3,2.1,14,0.0,0.0,0.0,0.0,0.0,0.0,1.0
372012,0,1,3400,-57,57,1099.651489,8.4,15,0.51,67392.000000,0,2.1,14,0.0,23488.000000,0,0.0,0.0,0.0,1.0
372261,0,1,3400,-57,57,1094.901123,10,15,0.50,45504.000000,0,2.1,14,0.0,0.0,0.0,0.0,0.0,0.0,1.0
372510,0,1,3400,-57,57,1098.001221,8.2,15,0.50,64512.000000,0,2.1,14,0.0,0.0,0.0,0.0,0.0,0.0,1.0
372759,0,1,3400,-57,57,1103.017456,8.2,15,0.52,37728.000000,0,2.1,14,186,0.0,0.0,0.0,0.0,0.0,1.0
373008,0,1,3400,-57,57,1099.274414,8.1,15,0.90,19168.000000,8,2.1,14,0.0,17056.000000,33,0.0,0.0,0.0,1.0
373257,0,1,3400,-57,57,1094.798584,9.5,15,0.54,56512.000000,4,2.1,14,0.0,0.0,0.0,0.0,0.0,0.0,1.0
373506,0,1,3400,-57,57,1092.974609,8.0,15,0.51,51424.000000,3,2.1,14,0.0,0.0,0.0,0.0,0.0,0.0,1.0
373755,0,1,3400,-57,57,1094.968018,8.3,15,0.53,37632.000000,0,2.1,13,0.0,11072.000000,0,0.0,0.0,0.0,1.0
374004,0,1,3400,-57,57,1094.982300,10,15,0.50,35200.000000,0,2.1,0.0,0.0,1312.000000,0,0.0,0.0,0.0,1.0
374253,0,1,3400,-57,57,1098.515503,8.8,15,1.0,35296.000000,5,2.1,0.0,0.0,0.0,0.0,0.0,0.0,0.0,1.0
374502,0,1,3400,-57,57,1095.198364,7.4,15,0.50,41024.000000,0,2.1,0.0,0.0,0.0,0.0,0.0,0.0,0.0,1.0
374751,0,1,3400,-57,57,1093.428223,9.0,15,0.71,70848.000000,2,2.1,0.0,186,0.0,0.0,0.0,0.0,0.0,1.0
375000,0,1,3400,-57,57,1096.805908,8.6,15,0.70,62208.000000,5,2.1,6.9,0.0,0.0,80,0.0,0.0,0.0,1.0
375249,0,1,3400,-57,57,1091.693848,8.4,15,0.54,72928.000000,2,2.1,7.5,0.0,0.0,0.0,0.0,0.0,0.0,1.0
375498,0,1,3400,-57,57,1097.968018,8.1,15,0.50,48192.000000,0,2.1,7.5,0.0,0.0,0.0,0.0,0.0,0.0,1.0
375747,0,1,3400,-57,57,1098.178223,11,15,0.50,64096.000000,0,2.1,6.9,0.0,2624.000000,20,0.0,0.0,0.0,1.0
375996,0,1,3400,-57,57,1088.838013,8.1,15,0.50,43008.000000,0,2.1,0.0,0.0,5536.000000,0,0.0,0.0,0.0,1.0
376245,0,1,3400,-57,57,1090.578491,8.4,15,0.54,73024.000000,2,2.1,0.0,0.0,0.0,0.0,0.0,0.0,0.0,1.0
376494,0,1,3400,-57,57,1088.431885,8.1,15,0.78,43008.000000,0,2.1,0.0,0.0,0.0,0.0,0.0,0.0,0.0,1.0
376743,0,1,3400,-57,57,1097.604004,8.4,15,0.51,57184.000000,3,2.1,0.57,0.0,9216.000000,20,0.0,0.0,0.0,1.0
376992,0,1,3400,-57,57,1094.056030,6.7,14,0.85,56992.000000,4,2.1,20,0.0,17632.000000,36,0.0,0.0,0.0,1.0
377241,0,1,3400,-57,57,1100.552979,9.0,14,0.51,88832.000000,2,2.1,21,0.0,0.0,0.0,0.0,0.0,0.0,1.0
377490,0,1,3400,-57,57,1099.671387,9.2,16,0.50,43168.000000,0,2.1,21,0.0,0.0,0.0,0.0,0.0,0.0,1.0
377739,0,1,3400,-57,57,1099.580566,10,16,0.91,48320.000000,4,2.1,21,186,0.0,0.0,0.0,0.0,0.0,1.0
377988,0,1,3400,-57,57,1104.578491,9.4,15,1.4,44128.000000,7,2.1,15,0.0,0.0,80,0.0,0.0,0.0,1.0
378237,0,1,3400,-57,57,1101.244873,9.8,16,0.50,35840.000000,0,2.1,14,0.0,0.0,0.0,0.0,0.0,0.0,1.0
378486,0,1,3400,-57,57,1101.651001,8.5,15,0.75,61824.000000,10,2.1,14,0.0,0.0,0.0,0.0,0.0,0.0,1.0
378735,0,1,3400,-57,57,1096.016235,9.3,15,1.0,61952.000000,3,2.1,13,0.0,52352.000000,0,0.0,0.0,0.0,1.0
378984,0,1,3400,-57,57,1097.937988,8.0,15,0.70,42176.000000,9,2.1,16,0.0,273984.000000,60,0.0,0.0,0.0,1.0
379233,0,1,3400,-57,57,1097.964600,9.4,15,0.50,74688.000000,0,2.1,16,0.0,0.0,0.0,0.0,0.0,0.0,1.0
379482,0,1,3400,-57,57,1102.501343,9.4,16,0.50,53568.000000,0,2.1,16,0.0,0.0,0.0,0.0,0.0,0.0,1.0
379731,0,1,3400,-57,57,1097.923828,10,15,0.51,56384.000000,4,2.1,12,0.0,20384.000000,17,0.0,0.0,0.0,1.0
379980,0,1,3400,-57,57,1099.461060,11,15,0.50,42880.000000,0,2.1,0.0,0.0,0.0,0.0,0.0,0.0,0.0,1.0
380229,0,1,3400,-57,57,1100.922852,9.5,15,0.62,87036.148438,4,2.1,0.0,0.0,0.0,0.0,0.0,0.0,0.0,1.0
380478,0,1,3400,-57,57,1101.983398,8.4,15,0.77,75282.867188,0,2.1,0.0,0.0,0.0,0.0,0.0,0.0,0.0,1.0
380727,0,1,3400,-57,57,1108.577515,9.4,15,0.50,37856.000000,0,2.1,0.0,0.0,12384.000000,0,0.0,0.0,0.0,1.0
380976,0,1,3400,-57,57,1106.160645,10,15,0.50,64544.000000,0,2.1,0.0,0.0,0.0,0.0,0.0,0.0,0.0,1.0
381225,0,1,3400,-57,57,1105.897705,8.6,15,0.50,75552.000000,0,2.1,0.0,0.0,0.0,0.0,0.0,0.0,0.0,1.0
381474,0,1,3400,-57,57,1100.284668,9.2,15,0.50,96192.000000,0,2.1,0.0,0.0,0.0,0.0,0.0,0.0,0.0,1.0
381723,0,1,3400,-57,57,1098.374756,8.9,15,0.53,94144.000000,2,2.1,0.36,0.0,12384.000000,36,0.0,0.0,0.0,1.0
381972,0,1,3400,-57,57,1092.902954,8.2,15,0.53,59936.000000,6,2.1,9.2,0.0,11232.000000,60,0.0,0.0,0.0,1.0
382221,0,1,3400,-57,57,1097.527222,8.8,15,0.52,56832.000000,3,2.1,6.5,0.0,0.0,0.0,0.0,0.0,0.0,1.0
382470,0,1,3400,-57,57,1098.122925,9.9,15,0.91,99424.000000,4,2.1,6.5,0.0,0.0,0.0,0.0,0.0,0.0,1.0
382719,0,1,3400,-57,57,1103.085571,10,15,0.79,58624.000000,4,2.1,7.0,0.0,17056.000000,33,0.0,0.0,0.0,1.0
382968,0,1,3400,-57,57,1096.621704,7.9,14,0.50,48384.000000,0,2.1,14,0.0,0.0,0.0,0.0,0.0,0.0,1.0
383217,0,1,3400,-57,57,1095.518677,9.3,15,0.60,54560.000000,7,2.1,14,0.0,0.0,0.0,0.0,0.0,0.0,1.0
383466,0,1,3400,-57,57,1089.425659,11,15,0.53,27488.000000,13,2.1,14,0.0,0.0,0.0,0.0,0.0,0.0,1.0
383715,0,1,3400,-57,57,1094.746460,8.2,14,0.53,70944.000000,5,2.1,13,20,0.0,67,0.0,0.0,0.0,1.0
383964,0,1,3400,-57,57,1095.193115,8.2,15,0.51,67840.000000,2,2.1,0.18,0.0,8064.000000,0,0.0,0.0,0.0,1.0
384213,0,1,3400,-57,57,1093.672363,9.4,14,1.1,37504.000000,10,2.1,0.0,0.0,0.0,0.0,0.0,0.0,0.0,1.0
384462,0,1,3400,-57,57,1096.597046,8.1,15,0.60,71807.226562,4,2.1,0.0,0.0,0.0,0.0,0.0,0.0,0.0,1.0
384711,0,1,3400,-57,57,1097.124390,9.1,15,0.50,83378.484375,0,2.1,0.0,0.0,6820.717285,17,0.0,0.0,0.0,1.0
384960,0,1,3400,-57,57,1096.287964,8.8,15,0.61,53984.000000,7,2.1,0.88,0.0,13536.000000,40,0.0,0.0,0.0,1.0
385209,0,1,3400,-57,57,1097.223633,9.2,15,0.51,69632.000000,0,2.1,0.0,0.0,0.0,0.0,0.0,0.0,0.0,1.0
385458,0,1,3400,-57,57,1097.895874,8.9,15,0.62,66720.000000,3,2.1,0.0,0.0,0.0,0.0,0.0,0.0,0.0,1.0
385707,0,1,3400,-57,57,1101.264893,7.7,15,0.50,76160.000000,0,2.1,0.82,0.0,12512.000000,36,0.0,0.0,0.0,1.0
385956,0,1,3400,-57,57,1096.731689,8.2,15,0.52,43008.000000,0,2.1,0.0,0.0,0.0,0.0,0.0,0.0,0.0,1.0
386205,0,1,3400,-57,57,1096.660767,8.2,15,0.50,64640.000000,0,2.1,0.0,0.0,0.0,0.0,0.0,0.0,0.0,1.0
386454,0,1,3400,-57,57,1095.630615,8.4,15,0.51,74080.000000,2,2.1,0.0,0.0,0.0,0.0,0.0,0.0,0.0,1.0
386703,0,1,3400,-57,57,1096.984497,9.8,16,0.61,85943.773438,0,2.1,0.82,0.0,12562.249023,36,0.0,0.0,0.0,1.0
386952,0,1,3400,-57,57,1100.756714,8.2,16,0.57,82294.820312,0,2.1,0.0,0.0,0.0,0.0,0.0,0.0,0.0,1.0
387201,0,1,3400,-57,57,1100.033936,7.3,15,0.72,67904.000000,3,2.1,0.0,0.0,0.0,0.0,0.0,0.0,0.0,1.0
387450,0,1,3400,-57,57,1099.525269,11,15,1.0,50656.000000,4,2.1,0.0,0.0,0.0,0.0,0.0,0.0,0.0,1.0
387699,0,1,3400,-57,57,1106.265625,11,15,0.64,47840.000000,0,2.1,0.0,0.0,2624.000000,20,0.0,0.0,0.0,1.0
387948,0,1,3400,-57,57,1109.522827,11,16,0.50,42880.000000,0,2.1,0.0,0.0,5536.000000,0,0.0,0.0,0.0,1.0
388197,0,1,3400,-57,57,1103.189209,9.7,14,0.79,51200.000000,4,2.1,0.0,0.0,0.0,0.0,0.0,0.0,0.0,1.0
388446,0,1,3400,-57,57,1100.412842,8.5,15,0.50,42912.000000,0,2.1,0.0,0.0,0.0,0.0,0.0,0.0,0.0,1.0
388695,0,1,3400,-57,57,1102.906128,8.7,15,0.50,53824.000000,0,2.1,0.30,0.0,6656.000000,0,0.0,0.0,0.0,1.0
388944,0,1,3400,-57,57,1098.456665,9.3,15,0.50,32128.000000,0,2.1,16,0.0,164064.000000,64,0.0,0.0,0.0,1.0
389193,0,1,3400,-57,57,1098.477661,9.7,15,0.60,57696.000000,9,2.1,16,0.0,0.0,0.0,0.0,0.0,0.0,1.0
389442,0,1,3400,-57,57,1094.591553,10,15,0.50,56320.000000,0,2.1,16,0.0,0.0,0.0,0.0,0.0,0.0,1.0
389691,0,1,3400,-57,57,1092.103394,8.2,14,0.50,59040.000000,0,2.1,15,0.0,41792.000000,0,0.0,0.0,0.0,1.0
389940,0,1,3400,-57,57,1091.360352,8.5,15,0.68,51456.000000,3,2.1,16,0.0,243360.000000,63,0.0,0.0,0.0,1.0
390189,0,1,3400,-57,57,1097.507202,11,15,0.50,67136.000000,0,2.1,9.6,0.0,5536.000000,0,0.0,0.0,0.0,1.0
390438,0,1,3400,-57,57,1096.791016,8.5,15,0.50,34272.000000,0,2.1,8.0,0.0,0.0,0.0,0.0,0.0,0.0,1.0
390687,0,1,3400,-57,57,1099.146362,10,15,0.51,56640.000000,3,2.1,7.9,0.0,6208.000000,20,0.0,0.0,0.0,1.0
390936,0,1,3400,-57,57,1102.339844,8.6,15,1.0,56704.000000,3,2.1,6.2,0.0,24480.000000,23,0.0,0.0,0.0,1.0
391185,0,1,3400,-57,57,1102.344360,8.7,15,0.72,67584.000000,3,2.1,6.5,0.0,0.0,0.0,0.0,0.0,0.0,1.0
391434,0,1,3400,-57,57,1094.376465,10,15,0.50,37376.000000,0,2.1,6.5,0.0,0.0,0.0,0.0,0.0,0.0,1.0
391683,0,1,3400,-57,57,1094.513916,9.0,15,0.51,67168.000000,3,2.1,6.8,0.0,50880.000000,17,0.0,0.0,0.0,1.0
391932,0,1,3400,-57,57,1098.617188,9.5,15,0.67,59424.000000,6,2.1,16,0.0,158784.000000,70,0.0,0.0,0.0,1.0
392181,0,1,3400,-57,57,1097.245361,9.4,15,0.50,64320.000000,0,2.1,16,0.0,0.0,0.0,0.0,0.0,0.0,1.0
392430,0,1,3400,-57,57,1099.914795,9.8,15,0.51,32192.000000,0,2.1,16,0.0,0.0,0.0,0.0,0.0,0.0,1.0
392679,0,1,3400,-57,57,1099.310059,8.5,15,0.67,50656.000000,5,2.1,14,0.0,17792.000000,11,0.0,0.0,0.0,1.0
392928,0,1,3400,-57,57,1099.747314,9.2,15,0.70,64512.000000,6,2.1,0.0,0.0,0.0,0.0,0.0,0.0,0.0,1.0
393177,0,1,3400,-57,57,1096.488403,11,15,0.52,69943.773438,0,2.1,0.0,0.0,0.0,0.0,0.0,0.0,0.0,1.0
393426,0,1,3400,-57,57,1103.320679,8.1,15,0.66,88828.687500,0,2.1,0.0,0.0,0.0,0.0,0.0,0.0,0.0,1.0
393675,0,1,3400,-57,57,1100.616211,11,15,0.53,103488.000000,0,2.1,0.0,0.0,12256.000000,0,0.0,0.0,0.0,1.0
393924,0,1,3400,-57,57,1095.234375,11,15,0.77,32768.000000,11,2.1,0.0,0.0,0.0,0.0,0.0,0.0,0.0,1.0
394173,0,1,3400,-57,57,1097.605225,11,15,0.50,42880.000000,0,2.1,0.0,0.0,0.0,0.0,0.0,0.0,0.0,1.0
394422,0,1,3400,-57,57,1097.703613,9.5,15,0.51,45824.000000,4,2.1,0.0,0.0,0.0,0.0,0.0,0.0,0.0,1.0
394671,0,1,3400,-57,57,1099.467407,11,15,1.0,76256.000000,2,2.1,0.60,0.0,17056.000000,25,0.0,0.0,0.0,1.0
394920,0,1,3400,-57,57,1094.696899,8.7,15,0.50,47488.000000,0,2.1,12,0.0,41472.000000,40,0.0,0.0,0.0,1.0
395169,0,1,3400,-57,57,1098.130005,8.4,14,0.54,68480.000000,3,2.1,20,0.0,0.0,0.0,0.0,0.0,0.0,1.0
395418,0,1,3400,-57,57,1096.677856,8.6,15,0.50,37632.000000,0,2.1,20,0.0,0.0,0.0,0.0,0.0,0.0,1.0
395667,0,1,3400,-57,57,1103.510742,9.0,15,0.50,43008.000000,0,2.1,20,0.0,0.0,80,0.0,0.0,0.0,1.0
395916,0,1,3400,-57,57,1102.376221,8.8,15,0.56,79936.000000,5,2.1,22,0.0,0.0,0.0,0.0,0.0,0.0,1.0
396165,0,1,3400,-57,57,1098.912598,8.9,15,0.50,37632.000000,0,2.1,22,0.0,0.0,0.0,0.0,0.0,0.0,1.0
396414,0,1,3400,-57,57,1095.754883,9.0,14,0.59,74624.000000,0,2.1,22,0.0,0.0,0.0,0.0,0.0,0.0,1.0
396663,0,1,3400,-57,57,1096.716553,9.0,14,0.81,62816.000000,8,2.1,20,0.0,52352.000000,0,0.0,0.0,0.0,1.0
396912,0,1,3400,-57,57,1103.236206,7.0,14,0.51,50549.800781,2,2.1,16,0.0,218964.140625,67,0.0,0.0,0.0,1.0
397161,0,1,3400,-57,57,1099.823486,9.7,16,0.50,80352.000000,0,2.1,16,0.0,0.0,0.0,0.0,0.0,0.0,1.0
397410,0,1,3400,-57,57,1100.873657,8.2,15,0.50,70265.062500,0,2.1,16,0.0,0.0,0.0,0.0,0.0,0.0,1.0
397659,0,1,3400,-57,57,1096.416992,9.2,15,0.54,69418.328125,0,2.1,16,0.0,4015.936279,20,0.0,0.0,0.0,1.0
397908,0,1,3400,-57,57,1100.583740,8.9,15,0.50,50432.000000,0,2.1,7.5,0.0,146080.000000,52,0.0,0.0,0.0,1.0
398157,0,1,3400,-57,57,1097.020264,8.3,15,0.50,53664.000000,0,2.1,8.0,0.0,0.0,0.0,0.0,0.0,0.0,1.0
398406,0,1,3400,-57,57,1097.246826,9.0,15,0.54,70080.000000,0,2.1,8.0,0.0,0.0,0.0,0.0,0.0,0.0,1.0
398655,0,1,3400,-57,57,1100.303589,7.9,15,0.50,21504.000000,0,2.1,6.4,0.0,8160.000000,38,0.0,0.0,0.0,1.0
398904,0,1,3400,-57,57,1101.858154,8.1,15,0.54,56800.000000,3,2.1,0.0,0.0,0.0,0.0,0.0,0.0,0.0,1.0
399153,0,1,3400,-57,57,1104.180420,10,15,0.64,62560.000000,9,2.1,0.0,0.0,0.0,0.0,0.0,0.0,0.0,1.0
399402,0,1,3400,-57,57,1097.981567,8.5,15,0.84,46554.218750,4,2.1,0.0,0.0,0.0,0.0,0.0,0.0,0.0,1.0
399651,0,1,3400,-57,57,1105.796387,9.9,15,0.50,49952.000000,0,2.1,0.82,0.0,15456.000000,36,0.0,0.0,0.0,1.0
399900,0,1,3400,-57,57,1103.790161,8.2,14,0.57,46565.738281,10,2.1,0.0,0.0,4366.533691,0,0.0,0.0,0.0,1.0
400149,0,1,3400,-57,57,1102.951782,9.2,15,0.50,74720.000000,0,2.1,0.0,0.0,0.0,0.0,0.0,0.0,0.0,1.0
400398,0,1,3400,-57,57,1100.422119,8.7,15,0.50,37536.000000,0,2.1,0.0,0.0,0.0,0.0,0.0,0.0,0.0,1.0
400647,0,1,3400,-57,57,1099.020874,8.3,15,0.51,53600.000000,0,2.1,1.8,0.0,0.0,80,0.0,0.0,0.0,1.0
400896,0,1,3400,-57,57,1101.950806,10,15,0.50,32352.000000,0,2.1,7.5,0.0,0.0,0.0,0.0,0.0,0.0,1.0
401145,0,1,3400,-57,57,1100.574463,8.0,14,0.51,47296.000000,3,2.1,7.5,0.0,0.0,0.0,0.0,0.0,0.0,1.0
401394,0,1,3400,-57,57,1097.449829,9.8,15,0.60,54560.000000,0,2.1,7.5,0.0,0.0,0.0,0.0,0.0,0.0,1.0
401643,0,1,3400,-57,57,1093.056274,9.6,15,0.52,51469.878906,4,2.1,7.5,0.0,4401.606445,0,0.0,0.0,0.0,1.0
401892,0,1,3400,-57,57,1096.423218,9.2,14,0.88,30661.355469,16,2.1,16,0.0,55840.636719,74,0.0,0.0,0.0,1.0
402141,0,1,3400,-57,57,1099.277954,8.7,14,0.54,59840.000000,6,2.1,16,0.0,0.0,0.0,0.0,0.0,0.0,1.0
402390,0,1,3400,-57,57,1097.832153,10,15,0.86,46592.000000,4,2.1,16,0.0,0.0,0.0,0.0,0.0,0.0,1.0
402639,0,1,3400,-57,57,1096.995361,8.0,14,0.56,68096.000000,4,2.1,15,0.0,11968.000000,45,0.0,0.0,0.0,1.0
402888,0,1,3400,-57,57,1095.613647,9.8,15,0.76,47136.000000,3,2.1,6.5,0.0,11616.000000,56,0.0,0.0,0.0,1.0
403137,0,1,3400,-57,57,1096.635132,8.2,14,0.74,40608.000000,4,2.1,0.0,0.0,0.0,0.0,0.0,0.0,0.0,1.0
403386,0,1,3400,-57,57,1098.825439,10,15,0.50,80416.000000,0,2.1,0.0,0.0,0.0,0.0,0.0,0.0,0.0,1.0
403635,0,1,3400,-57,57,1098.995728,8.7,15,0.54,75360.000000,0,2.1,0.13,0.0,12384.000000,0,0.0,0.0,0.0,1.0
403884,0,1,3400,-57,57,1097.371582,10.0,14,0.98,43502.007812,8,2.1,0.0,0.0,0.0,0.0,0.0,0.0,0.0,1.0
404133,0,1,3400,-57,57,1097.492188,7.7,15,0.50,45960.160156,0,2.1,0.0,0.0,0.0,0.0,0.0,0.0,0.0,1.0
404382,0,1,3400,-57,57,1099.149414,7.7,15,0.51,71968.000000,1,2.1,0.0,0.0,0.0,0.0,0.0,0.0,0.0,1.0
404631,0,1,3400,-57,57,1094.938110,8.4,14,0.60,62816.000000,4,2.1,0.49,0.0,17056.000000,0,0.0,0.0,0.0,1.0
404880,0,1,3400,-57,57,1099.203247,8.3,15,0.56,78208.000000,2,2.1,6.0,0.0,6432.000000,0,0.0,0.0,0.0,1.0
405129,0,1,3400,-57,57,1095.707275,8.7,15,0.96,51296.000000,4,2.1,6.0,0.0,0.0,0.0,0.0,0.0,0.0,1.0
405378,0,1,3400,-57,57,1099.431274,9.2,15,0.50,48320.000000,0,2.1,6.0,0.0,0.0,0.0,0.0,0.0,0.0,1.0
405627,0,1,3400,-57,57,1098.471680,9.4,15,0.53,56352.000000,4,2.1,6.4,0.0,17056.000000,25,0.0,0.0,0.0,1.0
405876,0,1,3400,-57,57,1101.083374,8.6,15,0.50,48160.640625,0,2.1,1.2,0.0,6875.501953,43,0.0,0.0,0.0,1.0
406125,0,1,3400,-57,57,1104.460815,9.6,15,0.55,104414.343750,2,2.1,0.0,0.0,0.0,0.0,0.0,0.0,0.0,1.0
406374,0,1,3400,-57,57,1100.772461,8.9,15,0.50,75040.000000,0,2.1,0.064,0.0,0.0,0.0,0.0,0.0,0.0,1.0
406623,0,1,3400,-57,57,1103.377075,9.5,15,0.50,64256.000000,0,2.1,0.0,186,0.0,0.0,0.0,0.0,0.0,1.0
406872,0,1,3400,-57,57,1097.954468,9.6,15,0.50,96128.000000,0,2.1,14,0.0,321056.000000,54,0.0,0.0,0.0,1.0
407121,0,1,3400,-57,57,1098.471924,10,14,0.58,80928.000000,5,2.1,16,0.0,0.0,0.0,0.0,0.0,0.0,1.0
407370,0,1,3400,-57,57,1101.160156,8.9,14,0.57,72704.000000,3,2.1,16,0.0,0.0,0.0,0.0,0.0,0.0,1.0
407619,0,1,3400,-57,57,1099.241821,8.8,15,0.50,42944.000000,0,2.1,13,0.0,12512.000000,36,0.0,0.0,0.0,1.0
407868,0,1,3400,-57,57,1101.235840,9.3,15,0.50,64578.312500,0,2.1,6.9,0.0,35180.722656,50,0.0,0.0,0.0,1.0
408117,0,1,3400,-57,57,1100.151855,9.4,14,0.52,45673.308594,4,2.1,14,0.0,0.0,0.0,0.0,0.0,0.0,1.0
408366,0,1,3400,-57,57,1104.276611,8.5,15,0.50,64416.000000,0,2.1,14,0.0,0.0,0.0,0.0,0.0,0.0,1.0
408615,0,1,3400,-57,57,1106.034058,8.0,14,0.51,40544.000000,5,2.1,13,0.0,8160.000000,0,0.0,0.0,0.0,1.0
408864,0,1,3400,-57,57,1097.064941,10,15,0.61,53952.000000,0,2.1,0.0,0.0,0.0,0.0,0.0,0.0,0.0,1.0
409113,0,1,3400,-57,57,1097.780396,9.2,14,0.86,24480.000000,7,2.1,0.0,0.0,0.0,0.0,0.0,0.0,0.0,1.0
409362,0,1,3400,-57,57,1100.237183,8.7,15,0.50,23840.000000,0,2.1,0.0,0.0,0.0,0.0,0.0,0.0,0.0,1.0
409611,0,1,3400,-57,57,1099.746582,11,15,0.64,79648.000000,5,2.1,0.49,0.0,17056.000000,0,0.0,0.0,0.0,1.0
409860,0,1,3400,-57,57,1098.958008,8.4,15,0.59,30208.000000,0,2.1,6.0,0.0,6432.000000,0,0.0,0.0,0.0,1.0
410109,0,1,3400,-57,57,1096.604126,9.5,15,0.64,69824.000000,0,2.1,6.0,0.0,0.0,0.0,0.0,0.0,0.0,1.0
410358,0,1,3400,-57,57,1099.096069,10,15,0.58,50184.738281,4,2.1,6.1,0.0,0.0,0.0,0.0,0.0,0.0,1.0
410607,0,1,3400,-57,57,1095.826660,9.8,15,0.51,69864.539062,0,2.1,6.6,0.0,23936.255859,36,0.0,0.0,0.0,1.0
410856,0,1,3400,-57,57,1095.773438,8.7,15,0.50,59072.000000,0,2.1,0.0,0.0,0.0,0.0,0.0,0.0,0.0,1.0
411105,0,1,3400,-57,57,1097.432007,11,15,0.77,87424.000000,0,2.1,0.0,0.0,0.0,0.0,0.0,0.0,0.0,1.0
411354,0,1,3400,-57,57,1096.826416,9.0,16,0.50,70464.000000,0,2.1,0.0,0.0,0.0,0.0,0.0,0.0,0.0,1.0
411603,0,1,3400,-57,57,1096.655884,7.9,15,0.53,68160.000000,6,2.1,0.0,186,5536.000000,0,0.0,0.0,0.0,1.0
411852,0,1,3400,-57,57,1100.320679,8.1,15,0.86,35296.000000,5,2.1,0.82,0.0,16896.000000,36,0.0,0.0,0.0,1.0
412101,0,1,3400,-57,57,1097.765869,8.6,15,0.50,53696.000000,0,2.1,0.0,0.0,0.0,0.0,0.0,0.0,0.0,1.0
412350,0,1,3400,-57,57,1098.400635,8.3,15,0.50,26955.824219,0,2.1,0.0,0.0,0.0,0.0,0.0,0.0,0.0,1.0
412599,0,1,3400,-57,57,1098.025269,12,14,0.51,44876.492188,5,2.1,0.60,0.0,0.0,67,0.0,0.0,0.0,1.0
412848,0,1,3400,-57,57,1096.283936,10,15,0.51,68416.000000,3,2.1,7.5,0.0,0.0,100.000000,0.0,0.0,0.0,1.0
413097,0,1,3400,-57,57,1101.010376,10,15,0.51,45856.000000,4,2.1,7.5,0.0,0.0,0.0,0.0,0.0,0.0,1.0
413346,0,1,3400,-57,57,1101.673096,11,15,0.51,69216.000000,0,2.1,7.5,0.0,0.0,0.0,0.0,0.0,0.0,1.0
413595,0,1,3400,-57,57,1101.520752,9.8,15,0.71,53856.000000,0,2.1,7.7,0.0,6720.000000,20,0.0,0.0,0.0,1.0
413844,0,1,3400,-57,57,1097.664185,8.3,15,0.61,46048.000000,4,2.1,21,0.0,0.0,100.000000,0.0,0.0,0.0,1.0
414093,0,1,3400,-57,57,1100.044189,8.7,15,0.57,54112.000000,7,2.1,21,0.0,0.0,0.0,0.0,0.0,0.0,1.0
414342,0,1,3400,-57,57,1099.227905,7.1,15,0.50,52016.062500,0,2.1,21,0.0,0.0,0.0,0.0,0.0,0.0,1.0
414591,0,1,3400,-57,57,1093.444824,8.0,14,0.50,43008.000000,0,2.1,20,0.0,23488.000000,0,0.0,0.0,0.0,1.0
414840,0,1,3400,-57,57,1092.105835,8.3,15,0.50,32127.490234,0,2.1,14,0.0,0.0,0.0,0.0,0.0,0.0,1.0
415089,0,1,3400,-57,57,1095.929077,5.3,14,0.65,48704.000000,2,2.1,14,0.0,0.0,0.0,0.0,0.0,0.0,1.0
415338,0,1,3400,-57,57,1100.885742,6.0,15,0.62,86816.000000,1,2.1,14,0.0,0.0,0.0,0.0,0.0,0.0,1.0
415587,0,1,3400,-57,57,1094.662598,8.1,15,0.51,57920.000000,3,2.1,14,0.0,0.0,80,0.0,0.0,0.0,1.0
415836,0,1,3400,-57,57,1091.122314,9.1,15,0.65,67200.000000,3,2.1,15,0.0,0.0,0.0,0.0,0.0,0.0,1.0
416085,0,1,3400,-57,57,1093.989258,8.3,15,0.75,35296.000000,5,2.1,15,0.0,0.0,0.0,0.0,0.0,0.0,1.0
416334,0,1,3400,-57,57,1094.609497,8.6,14,0.50,74944.000000,0,2.1,15,0.0,0.0,0.0,0.0,0.0,0.0,1.0
416583,0,1,3400,-57,57,1095.824341,8.5,15,0.52,56992.000000,3,2.1,15,186,0.0,0.0,0.0,0.0,0.0,1.0
416832,0,1,3400,-57,57,1101.420776,6.9,14,0.51,30040.160156,6,2.1,15,0.0,273285.125000,56,0.0,0.0,0.0,1.0
417081,0,1,3400,-57,57,1097.314697,9.0,14,0.82,40509.960938,12,2.1,16,0.0,0.0,0.0,0.0,0.0,0.0,1.0
417330,0,1,3400,-57,57,1093.726562,9.1,15,0.54,75008.000000,0,2.1,16,0.0,0.0,0.0,0.0,0.0,0.0,1.0
417579,0,1,3400,-57,57,1095.070435,11,15,0.50,26880.000000,0,2.1,15,0.0,15584.000000,36,0.0,0.0,0.0,1.0
417828,0,1,3400,-57,57,1098.260010,8.2,15,0.50,47360.000000,0,2.1,13,0.0,3616.000000,0,0.0,0.0,0.0,1.0
418077,0,1,3400,-57,57,1095.783203,9.0,15,0.50,71392.000000,0,2.1,13,0.0,0.0,0.0,0.0,0.0,0.0,1.0
418326,0,1,3400,-57,57,1097.199219,9.7,15,0.57,84032.000000,7,2.1,13,0.0,0.0,0.0,0.0,0.0,0.0,1.0
418575,0,1,3400,-57,57,1103.436890,8.9,15,0.50,42848.000000,0,2.1,13,0.0,23488.000000,0,0.0,0.0,0.0,1.0
418824,0,1,3400,-57,57,1099.773315,8.2,16,0.50,37783.132812,0,2.1,14,0.0,0.0,0.0,0.0,0.0,0.0,1.0
419073,0,1,3400,-57,57,1096.583618,8.5,14,0.70,75091.632812,5,2.1,14,0.0,0.0,0.0,0.0,0.0,0.0,1.0
419322,0,1,3400,-57,57,1093.897217,9.1,14,0.73,72800.000000,6,2.1,14,0.0,0.0,0.0,0.0,0.0,0.0,1.0
419571,0,1,3400,-57,57,1097.189209,9.9,15,1.0,43200.000000,4,2.1,14,186,0.0,0.0,0.0,0.0,0.0,1.0
419820,0,1,3400,-57,57,1096.045044,9.0,15,0.50,64448.000000,0,2.1,14,0.0,23488.000000,0,0.0,0.0,0.0,1.0
420069,0,1,3400,-57,57,1097.590210,9.7,15,0.54,53568.000000,0,2.1,14,0.0,0.0,0.0,0.0,0.0,0.0,1.0
420318,0,1,3400,-57,57,1100.443237,9.0,15,0.50,59264.000000,0,2.1,14,0.0,0.0,0.0,0.0,0.0,0.0,1.0
420567,0,1,3400,-57,57,1095.203125,8.6,16,0.50,59027.886719,0,2.1,14,0.0,16988.046875,33,0.0,0.0,0.0,1.0
420816,0,1,3400,-57,57,1096.766357,8.1,15,0.50,59392.000000,0,2.1,15,0.0,0.0,0.0,0.0,0.0,0.0,1.0
421065,0,1,3400,-57,57,1097.443481,10,15,0.55,45526.105469,5,2.1,15,0.0,0.0,0.0,0.0,0.0,0.0,1.0
421314,0,1,3400,-57,57,1100.543945,8.9,15,0.61,78438.250000,7,2.1,15,0.0,0.0,0.0,0.0,0.0,0.0,1.0
421563,0,1,3400,-57,57,1104.774658,10,14,0.51,72896.000000,3,2.1,14,20,0.0,67,0.0,0.0,0.0,1.0
421812,0,1,3400,-57,57,1098.995361,8.6,15,0.60,73120.000000,2,2.1,7.5,20,0.0,100.000000,0.0,0.0,0.0,1.0
422061,0,1,3400,-57,57,1102.145996,7.6,14,0.64,29920.000000,6,2.1,2.7,0.0,6432.000000,0,0.0,0.0,0.0,1.0
422310,0,1,3400,-57,57,1098.174927,8.8,14,0.55,48448.000000,0,2.1,0.0,0.0,0.0,0.0,0.0,0.0,0.0,1.0
422559,0,1,3400,-57,57,1096.924805,10,15,0.50,37472.000000,0,2.1,0.0,0.0,7904.000000,12,0.0,0.0,0.0,1.0
422808,0,1,3400,-57,57,1097.142578,7.8,14,0.50,48384.000000,0,2.1,0.064,0.0,0.0,0.0,0.0,0.0,0.0,1.0
423057,0,1,3400,-57,57,1095.952148,7.6,15,0.50,32385.542969,0,2.1,0.0,0.0,0.0,0.0,0.0,0.0,0.0,1.0
423306,0,1,3400,-57,57,1096.495239,10.0,15,0.50,64352.000000,0,2.1,0.0,0.0,0.0,0.0,0.0,0.0,0.0,1.0
423555,0,1,3400,-57,57,1097.245972,9.6,14,0.76,66549.804688,3,2.1,0.37,0.0,9880.478516,0,0.0,0.0,0.0,1.0
423804,0,1,3400,-57,57,1096.532227,8.9,15,0.54,45952.000000,4,2.1,16,0.0,164064.000000,69,0.0,0.0,0.0,1.0
424053,0,1,3400,-57,57,1097.963623,10,15,0.53,48640.000000,8,2.1,16,0.0,0.0,0.0,0.0,0.0,0.0,1.0
424302,0,1,3400,-57,57,1096.951782,8.8,14,0.50,43104.000000,0,2.1,16,0.0,0.0,0.0,0.0,0.0,0.0,1.0
424551,0,1,3400,-57,57,1097.255615,7.6,15,0.57,70080.000000,2,2.1,15,0.0,4384.000000,25,0.0,0.0,0.0,1.0
424800,0,1,3400,-57,57,1097.979004,8.5,15,0.54,51424.000000,0,2.1,0.58,0.0,6560.000000,43,0.0,0.0,0.0,1.0
425049,0,1,3400,-57,57,1096.874878,7.8,15,0.50,47424.000000,0,2.1,0.0,0.0,0.0,0.0,0.0,0.0,0.0,1.0
425298,0,1,3400,-57,57,1098.272217,9.2,15,0.50,48546.183594,0,2.1,0.0,0.0,0.0,0.0,0.0,0.0,0.0,1.0
425547,0,1,3400,-57,57,1095.179321,9.1,15,0.55,52717.132812,0,2.1,0.82,0.0,12462.151367,36,0.0,0.0,0.0,1.0
425796,0,1,3400,-57,57,1097.915527,8.1,15,0.50,74272.000000,0,2.1,0.0,0.0,0.0,0.0,0.0,0.0,0.0,1.0
426045,0,1,3400,-57,57,1099.671387,8.6,15,0.58,48992.000000,4,2.1,0.0,0.0,0.0,0.0,0.0,0.0,0.0,1.0
426294,0,1,3400,-57,57,1101.025146,8.7,14,0.60,40672.000000,5,2.1,0.0,0.0,0.0,0.0,0.0,0.0,0.0,1.0
426543,0,1,3400,-57,57,1097.399902,8.2,15,0.52,69376.000000,0,2.1,0.60,0.0,0.0,67,0.0,0.0,0.0,1.0
426792,0,1,3400,-57,57,1097.008423,5.4,15,0.50,35968.000000,0,2.1,7.5,0.0,0.0,100.000000,0.0,0.0,0.0,1.0
427041,0,1,3400,-57,57,1096.434326,8.7,15,0.50,45376.000000,0,2.1,7.5,0.0,0.0,0.0,0.0,0.0,0.0,1.0
427290,0,1,3400,-57,57,1096.613281,9.5,15,0.51,78779.117188,2,2.1,7.5,0.0,0.0,0.0,0.0,0.0,0.0,1.0
427539,0,1,3400,-57,57,1097.850098,8.4,15,0.50,37632.000000,0,2.1,7.5,0.0,0.0,0.0,0.0,0.0,0.0,1.0
427788,0,1,3400,-57,57,1102.246338,10,15,0.50,58900.398438,0,2.1,7.6,0.0,114804.781250,0,0.0,0.0,0.0,1.0
428037,0,1,3400,-57,57,1097.555542,8.4,15,0.56,59424.000000,6,2.1,8.0,0.0,0.0,0.0,0.0,0.0,0.0,1.0
428286,0,1,3400,-57,57,1095.890137,9.0,15,0.61,26816.000000,0,2.1,8.0,0.0,0.0,0.0,0.0,0.0,0.0,1.0
428535,0,1,3400,-57,57,1095.212769,8.6,15,0.50,69792.000000,0,2.1,8.5,0.0,17056.000000,25,0.0,0.0,0.0,1.0
428784,0,1,3400,-57,57,1096.525269,8.8,15,0.50,37568.000000,0,2.1,1.4,0.0,6848.000000,50,0.0,0.0,0.0,1.0
429033,0,1,3400,-57,57,1099.923950,7.6,15,0.50,32480.000000,0,2.1,0.0,0.0,0.0,0.0,0.0,0.0,0.0,1.0
429282,0,1,3400,-57,57,1095.993164,6.3,15,0.64,42688.000000,4,2.1,0.0,0.0,0.0,0.0,0.0,0.0,0.0,1.0
429531,0,1,3400,-57,57,1103.165405,9.8,15,0.50,59341.367188,0,2.1,0.46,0.0,4048.192871,20,0.0,0.0,0.0,1.0
429780,0,1,3400,-57,57,1106.063721,8.9,15,0.50,37992.031250,0,2.1,6.3,0.0,35410.359375,18,0.0,0.0,0.0,1.0
430029,0,1,3400,-57,57,1104.505005,9.8,15,0.51,57696.000000,3,2.1,6.5,0.0,5536.000000,0,0.0,0.0,0.0,1.0
430278,0,1,3400,-57,57,1101.373901,6.6,14,0.51,52384.000000,2,2.1,6.5,0.0,0.0,0.0,0.0,0.0,0.0,1.0
430527,0,1,3400,-57,57,1097.512085,8.8,15,0.50,69824.000000,0,2.1,8.2,0.0,23488.000000,0,0.0,0.0,0.0,1.0
430776,0,1,3400,-57,57,1097.661255,10,14,0.61,45152.000000,5,2.1,14,0.0,0.0,0.0,0.0,0.0,0.0,1.0
431025,0,1,3400,-57,57,1101.201660,8.6,15,1.1,41472.000000,12,2.1,14,0.0,0.0,0.0,0.0,0.0,0.0,1.0
431274,0,1,3400,-57,57,1101.395142,8.1,15,0.51,72928.000000,2,2.1,14,0.0,0.0,0.0,0.0,0.0,0.0,1.0
431523,0,1,3400,-57,57,1100.527832,9.9,15,0.52,73216.000000,2,2.1,14,0.0,23488.000000,33,0.0,0.0,0.0,1.0
431772,0,1,3400,-57,57,1101.176880,8.9,15,0.75,59341.367188,0,2.1,0.12,0.0,19791.164062,0,0.0,0.0,0.0,1.0
432021,0,1,3400,-57,57,1101.403931,6.2,14,0.50,54215.140625,0,2.1,0.0,0.0,0.0,0.0,0.0,0.0,0.0,1.0
432270,0,1,3400,-57,57,1099.585938,9.1,15,0.86,63232.000000,2,2.1,0.0,0.0,0.0,0.0,0.0,0.0,0.0,1.0
432519,0,1,3400,-57,57,1097.883667,9.2,15,0.50,85792.000000,0,2.1,0.60,0.0,0.0,67,0.0,0.0,0.0,1.0
432768,0,1,3400,-57,57,1101.453491,8.7,15,0.50,96608.000000,0,2.1,7.5,0.0,0.0,100.000000,0.0,0.0,0.0,1.0
433017,0,1,3400,-57,57,1099.368164,9.7,14,0.57,84640.000000,0,2.1,7.5,0.0,0.0,0.0,0.0,0.0,0.0,1.0
433266,0,1,3400,-57,57,1102.796265,9.0,15,0.57,61696.000000,3,2.1,7.5,0.0,0.0,0.0,0.0,0.0,0.0,1.0
433515,0,1,3400,-57,57,1103.120117,9.9,14,0.50,37632.000000,0,2.1,5.7,0.0,12256.000000,0,0.0,0.0,0.0,1.0
433764,0,1,3400,-57,57,1099.075073,8.8,15,0.50,53911.648438,0,2.1,0.0,0.0,0.0,0.0,0.0,0.0,0.0,1.0
434013,0,1,3400,-57,57,1097.509399,8.8,15,0.52,64288.000000,0,2.1,0.0,0.0,0.0,0.0,0.0,0.0,0.0,1.0
434262,0,1,3400,-57,57,1092.974976,9.3,15,0.53,67123.507812,3,2.1,0.064,0.0,0.0,0.0,0.0,0.0,0.0,1.0
434511,0,1,3400,-57,57,1093.710449,8.3,15,0.60,35296.000000,5,2.1,0.0,0.0,0.0,0.0,0.0,0.0,0.0,1.0
434760,0,1,3400,-57,57,1099.495605,8.1,14,0.52,103136.000000,2,2.1,0.0,20,0.0,80,0.0,0.0,0.0,1.0
435009,0,1,3400,-57,57,1099.895874,9.8,15,1.1,58272.000000,15,2.1,0.0,0.0,7328.000000,25,0.0,0.0,0.0,1.0
435258,0,1,3400,-57,57,1098.905151,7.6,14,0.57,43872.000000,0,2.1,0.0,0.0,0.0,0.0,0.0,0.0,0.0,1.0
435507,0,1,3400,-57,57,1102.159546,9.1,15,0.58,26816.000000,0,2.1,0.0,0.0,0.0,0.0,0.0,0.0,0.0,1.0
435756,0,1,3400,-57,57,1099.473999,8.6,14,0.70,38489.960938,4,2.1,0.80,0.0,14811.245117,0,0.0,0.0,0.0,1.0
436005,0,1,3400,-57,57,1100.930908,7.8,15,0.50,43008.000000,0,2.1,1.0,0.0,0.0,0.0,0.0,0.0,0.0,1.0
436254,0,1,3400,-57,57,1099.910522,7.8,15,0.89,43569.722656,7,2.1,1.0,0.0,0.0,0.0,0.0,0.0,0.0,1.0
436503,0,1,3400,-57,57,1090.535889,8.9,14,0.62,54240.000000,3,2.1,1.5,0.0,9824.000000,0,0.0,0.0,0.0,1.0
436752,0,1,3400,-57,57,1093.150757,9.5,15,0.50,69984.000000,0,2.1,12,0.0,0.0,0.0,0.0,0.0,0.0,1.0
437001,0,1,3400,-57,57,1096.232666,8.0,15,0.50,59072.000000,0,2.1,12,0.0,0.0,0.0,0.0,0.0,0.0,1.0
437250,0,1,3400,-57,57,1097.023682,7.4,14,0.51,57120.000000,3,2.1,19,0.0,35040.000000,33,0.0,0.0,0.0,1.0
437499,0,1,3400,-57,57,1092.661255,7.5,15,0.50,70272.000000,0,2.1,20,0.0,17056.000000,33,0.0,0.0,0.0,1.0
437748,0,1,3400,-57,57,1096.979858,9.4,15,0.50,37333.332031,0,2.1,14,0.0,0.0,0.0,0.0,0.0,0.0,1.0
437997,0,1,3400,-57,57,1097.519775,8.3,15,0.53,56704.000000,3,2.1,14,0.0,0.0,0.0,0.0,0.0,0.0,1.0
438246,0,1,3400,-57,57,1097.214233,9.0,15,0.50,58976.000000,0,2.1,14,0.0,0.0,0.0,0.0,0.0,0.0,1.0
438495,0,1,3400,-57,57,1097.544678,7.9,14,0.58,61928.285156,3,2.1,14,186,0.0,0.0,0.0,0.0,0.0,1.0
438744,0,1,3400,-57,57,1099.327393,7.9,14,0.84,62720.000000,4,2.1,1.4,0.0,47008.000000,31,0.0,0.0,0.0,1.0
438993,0,1,3400,-57,57,1102.130859,10,16,0.50,91040.000000,0,2.1,0.0,0.0,0.0,0.0,0.0,0.0,0.0,1.0
439242,0,1,3400,-57,57,1106.729248,8.3,14,0.61,65056.000000,5,2.1,0.0,0.0,0.0,0.0,0.0,0.0,0.0,1.0
439491,0,1,3400,-57,57,1104.449463,8.4,15,0.85,35136.000000,5,2.1,0.0,186,0.0,0.0,0.0,0.0,0.0,1.0
439740,0,1,3400,-57,57,1101.854492,7.9,15,0.53,35296.000000,5,2.1,12,0.0,6592.000000,50,0.0,0.0,0.0,1.0
439989,0,1,3400,-57,57,1099.078979,9.8,15,0.50,59244.980469,0,2.1,14,0.0,0.0,0.0,0.0,0.0,0.0,1.0
440238,0,1,3400,-57,57,1096.196289,7.4,14,0.58,50528.000000,5,2.1,14,0.0,0.0,0.0,0.0,0.0,0.0,1.0
440487,0,1,3400,-57,57,1093.968750,8.5,15,0.50,58912.000000,0,2.1,13,0.0,4384.000000,0,0.0,0.0,0.0,1.0
440736,0,1,3400,-57,57,1094.677734,6.3,15,0.53,65179.281250,2,2.1,16,0.0,237513.937500,56,0.0,0.0,0.0,1.0
440985,0,1,3400,-57,57,1097.490723,9.0,15,0.50,59040.000000,0,2.1,16,0.0,0.0,0.0,0.0,0.0,0.0,1.0
441234,0,1,3400,-57,57,1099.096558,7.1,15,0.50,70016.000000,0,2.1,16,0.0,0.0,0.0,0.0,0.0,0.0,1.0
441483,0,1,3400,-57,57,1099.965820,10,15,0.64,59360.000000,4,2.1,15,0.0,9696.000000,53,0.0,0.0,0.0,1.0
441732,0,1,3400,-57,57,1098.933960,9.6,15,0.51,75680.000000,2,2.1,6.0,0.0,0.0,100.000000,0.0,0.0,0.0,1.0
441981,0,1,3400,-57,57,1098.443848,11,15,0.51,66688.000000,3,2.1,6.0,0.0,0.0,0.0,0.0,0.0,0.0,1.0
442230,0,1,3400,-57,57,1097.927490,14,15,0.68,38432.000000,9,2.1,6.0,0.0,0.0,0.0,0.0,0.0,0.0,1.0
442479,0,1,3400,-57,57,1100.362793,8.4,14,0.58,54714.859375,6,2.1,5.8,0.0,4401.606445,25,0.0,0.0,0.0,1.0
442728,0,1,3400,-57,57,1102.843872,7.3,15,0.51,35537.847656,4,2.1,0.64,0.0,6820.717285,43,0.0,0.0,0.0,1.0
442977,0,1,3400,-57,57,1101.381470,9.1,15,0.57,78144.000000,3,2.1,0.0,0.0,0.0,0.0,0.0,0.0,0.0,1.0
443226,0,1,3400,-57,57,1095.335327,8.1,14,1.0,55872.000000,16,2.1,0.0,0.0,0.0,0.0,0.0,0.0,0.0,1.0
443475,0,1,3400,-57,57,1095.639160,10,15,0.51,24416.000000,9,2.1,0.29,0.0,5536.000000,25,0.0,0.0,0.0,1.0
443724,0,1,3400,-57,57,1096.881958,11,15,0.50,26624.000000,0,2.1,0.53,0.0,13152.000000,38,0.0,0.0,0.0,1.0
443973,0,1,3400,-57,57,1099.754517,8.2,15,0.50,59136.000000,0,2.1,0.0,0.0,0.0,0.0,0.0,0.0,0.0,1.0
444222,0,1,3400,-57,57,1099.449463,8.1,15,0.55,73028.109375,2,2.1,0.0,0.0,0.0,0.0,0.0,0.0,0.0,1.0
444471,0,1,3400,-57,57,1095.346069,9.8,15,0.51,72796.812500,3,2.1,0.46,0.0,4015.936279,20,0.0,0.0,0.0,1.0
444720,0,1,3400,-57,57,1098.443726,8.9,15,0.51,40771.085938,4,2.1,6.3,0.0,31453.814453,22,0.0,0.0,0.0,1.0
444969,0,1,3400,-57,57,1100.114380,9.1,15,0.74,38788.843750,9,2.1,6.5,0.0,0.0,0.0,0.0,0.0,0.0,1.0
445218,0,1,3400,-57,57,1099.410645,9.0,14,0.57,49472.000000,7,2.1,6.5,0.0,0.0,0.0,0.0,0.0,0.0,1.0
445467,0,1,3400,-57,57,1096.889771,11,15,0.78,29792.000000,6,2.1,6.3,0.0,8576.000000,0,0.0,0.0,0.0,1.0
445716,0,1,3400,-57,57,1094.095337,8.5,15,0.50,69824.000000,0,2.1,16,0.0,182304.000000,62,0.0,0.0,0.0,1.0
445965,0,1,3400,-57,57,1094.042969,8.5,15,0.55,86624.000000,4,2.1,16,0.0,0.0,0.0,0.0,0.0,0.0,1.0
446214,0,1,3400,-57,57,1097.272827,10,15,0.60,42752.000000,0,2.1,16,0.0,0.0,0.0,0.0,0.0,0.0,1.0
446463,0,1,3400,-57,57,1100.826294,9.4,15,0.50,36576.000000,0,2.1,16,0.0,42752.000000,17,0.0,0.0,0.0,1.0
446712,0,1,3400,-57,57,1101.306030,8.4,14,0.88,69558.234375,7,2.1,14,0.0,106248.992188,40,0.0,0.0,0.0,1.0
446961,0,1,3400,-57,57,1100.568848,8.6,15,0.50,43072.000000,0,2.1,14,0.0,0.0,0.0,0.0,0.0,0.0,1.0
447210,0,1,3400,-57,57,1098.329468,8.7,15,0.55,64286.851562,0,2.1,14,0.0,0.0,0.0,0.0,0.0,0.0,1.0
447459,0,1,3400,-57,57,1097.338135,11,15,0.54,63488.000000,0,2.1,11,0.0,8160.000000,0,0.0,0.0,0.0,1.0
447708,0,1,3400,-57,57,1098.924194,8.6,15,0.65,56096.000000,3,2.1,0.0,0.0,0.0,0.0,0.0,0.0,0.0,1.0
447957,0,1,3400,-57,57,1102.869019,8.7,14,0.50,59680.000000,0,2.1,0.0,0.0,0.0,0.0,0.0,0.0,0.0,1.0
448206,0,1,3400,-57,57,1100.357300,7.0,15,0.75,51936.000000,3,2.1,0.0,0.0,0.0,0.0,0.0,0.0,0.0,1.0
448455,0,1,3400,-57,57,1095.665527,11,15,1.4,34592.000000,10,2.1,0.0,0.0,0.0,0.0,0.0,0.0,0.0,1.0
448704,0,1,3400,-57,57,1093.395996,9.3,15,0.56,91437.750000,0,2.1,14,0.0,18827.308594,44,0.0,0.0,0.0,1.0
448953,0,1,3400,-57,57,1097.173584,10,14,0.60,43744.000000,8,2.1,16,0.0,0.0,0.0,0.0,1.0,6.0,1.0
449202,0,1,3400,-57,57,1096.373169,8.4,15,0.51,56382.468750,3,2.1,16,0.0,0.0,0.0,0.0,0.0,0.0,1.0
449451,0,1,3400,-57,57,1097.047241,9.3,15,0.50,69568.000000,0,2.1,16,186,0.0,0.0,0.0,0.0,0.0,1.0
449700,0,1,3400,-57,57,1100.935791,9.4,15,0.51,83648.000000,2,2.1,14,0.0,11520.000000,0,0.0,0.0,0.0,1.0
449949,0,1,3400,-57,57,1098.924927,8.1,15,0.50,53856.000000,0,2.1,14,0.0,0.0,0.0,0.0,0.0,0.0,1.0
450198,0,1,3400,-57,57,1101.739746,9.4,14,0.63,83872.000000,6,2.1,14,0.0,0.0,0.0,0.0,0.0,0.0,1.0
450447,0,1,3400,-57,57,1099.908325,10,14,0.51,29728.000000,7,2.1,14,0.0,0.0,67,0.0,0.0,0.0,1.0
450696,0,1,3400,-57,57,1099.303711,9.7,14,0.71,30136.546875,6,2.1,14,0.0,0.0,100.000000,0.0,0.0,0.0,1.0
450945,0,1,3400,-57,57,1098.651245,8.5,15,0.54,64384.000000,0,2.1,14,0.0,0.0,0.0,0.0,0.0,0.0,1.0
451194,0,1,3400,-57,57,1100.359863,7.7,16,0.50,37632.000000,0,2.1,14,0.0,0.0,0.0,0.0,0.0,0.0,1.0
451443,0,1,3400,-57,57,1104.735596,8.2,15,0.54,32127.490234,0,2.1,14,186,0.0,0.0,0.0,0.0,0.0,1.0
451692,0,1,3400,-57,57,1104.700073,8.3,15,0.57,26816.000000,0,2.1,15,0.0,268928.000000,53,0.0,0.0,0.0,1.0
451941,0,1,3400,-57,57,1103.523315,9.6,15,0.52,62688.000000,3,2.1,16,0.0,0.0,0.0,0.0,0.0,0.0,1.0
452190,0,1,3400,-57,57,1099.216553,9.2,14,0.62,75328.000000,0,2.1,16,0.0,0.0,0.0,0.0,0.0,0.0,1.0
452439,0,1,3400,-57,57,1099.315918,6.8,15,0.50,100128.000000,0,2.1,15,0.0,2624.000000,20,0.0,0.0,0.0,1.0
452688,0,1,3400,-57,57,1102.772095,8.1,15,0.89,63200.000000,10,2.1,0.0,0.0,5536.000000,0,0.0,0.0,0.0,1.0
452937,0,1,3400,-57,57,1103.044800,13,15,0.51,50313.253906,5,2.1,0.0,0.0,0.0,0.0,0.0,0.0,0.0,1.0
453186,0,1,3400,-57,57,1100.627441,11,15,0.50,43040.000000,0,2.1,0.0,0.0,0.0,0.0,0.0,0.0,0.0,1.0
453435,0,1,3400,-57,57,1098.843384,8.7,16,0.50,42741.035156,0,2.1,0.0,186,0.0,0.0,0.0,0.0,0.0,1.0
453684,0,1,3400,-57,57,1103.172607,10,14,0.88,71136.000000,11,2.1,0.82,0.0,10336.000000,36,0.0,0.0,0.0,1.0
453933,0,1,3400,-57,57,1101.401123,8.4,15,0.74,51424.000000,3,2.1,0.0,0.0,0.0,0.0,0.0,0.0,0.0,1.0
454182,0,1,3400,-57,57,1094.985840,9.4,15,0.50,58912.000000,0,2.1,0.0,0.0,0.0,0.0,0.0,0.0,0.0,1.0
454431,0,1,3400,-57,57,1096.201172,8.5,15,0.50,58304.000000,0,2.1,0.0,0.0,0.0,0.0,0.0,0.0,0.0,1.0
454680,0,1,3400,-57,57,1097.931885,8.7,14,0.52,51168.000000,4,2.1,11,0.0,263936.000000,52,0.0,0.0,0.0,1.0
454929,0,1,3400,-57,57,1098.249756,8.4,15,0.51,24448.000000,7,2.1,16,0.0,0.0,0.0,0.0,0.0,0.0,1.0
455178,0,1,3400,-57,57,1100.592163,10,15,0.68,65184.000000,6,2.1,16,0.0,0.0,0.0,0.0,0.0,0.0,1.0
455427,0,1,3400,-57,57,1100.544067,8.6,15,0.50,48160.640625,0,2.1,15,0.0,4401.606445,25,0.0,0.0,0.0,1.0
455676,0,1,3400,-57,57,1097.695312,10,15,0.51,42709.164062,0,2.1,0.58,0.0,6725.099609,40,0.0,0.0,0.0,1.0
455925,0,1,3400,-57,57,1100.378052,8.5,15,0.50,32192.000000,0,2.1,0.0,0.0,0.0,0.0,0.0,0.0,0.0,1.0
456174,0,1,3400,-57,57,1100.955811,7.3,15,0.70,51040.000000,2,2.1,0.0,0.0,0.0,0.0,0.0,0.0,0.0,1.0
456423,0,1,3400,-57,57,1101.810303,8.2,15,0.50,46144.000000,0,2.1,0.25,0.0,65728.000000,0,0.0,0.0,0.0,1.0
456672,0,1,3400,-57,57,1099.343140,8.2,15,0.50,43040.000000,0,2.1,16,0.0,210624.000000,71,0.0,0.0,0.0,1.0
456921,0,1,3400,-57,57,1097.155273,9.5,15,0.50,53632.000000,0,2.1,16,0.0,0.0,0.0,0.0,0.0,0.0,1.0
457170,0,1,3400,-57,57,1099.512939,8.9,14,0.93,76369.476562,5,2.1,16,0.0,0.0,0.0,0.0,0.0,0.0,1.0
457419,0,1,3400,-57,57,1101.601440,11,14,0.60,50592.000000,4,2.1,15,0.0,4384.000000,25,0.0,0.0,0.0,1.0
457668,0,1,3400,-57,57,1099.397949,8.5,14,0.53,43616.000000,8,2.1,0.58,0.0,3648.000000,38,0.0,0.0,0.0,1.0
457917,0,1,3400,-57,57,1099.742676,7.1,14,0.57,46661.355469,4,2.1,0.0,0.0,0.0,0.0,0.0,0.0,0.0,1.0
458166,0,1,3400,-57,57,1100.523560,8.7,15,0.56,89632.000000,6,2.1,0.0,0.0,0.0,0.0,0.0,0.0,0.0,1.0
458415,0,1,3400,-57,57,1100.264038,9.0,15,0.56,80800.000000,5,2.1,0.0,186,0.0,0.0,0.0,0.0,0.0,1.0
458664,0,1,3400,-57,57,1101.428223,8.5,15,0.60,77792.000000,0,2.1,14,0.0,213632.000000,54,0.0,0.0,0.0,1.0
458913,0,1,3400,-57,57,1100.418701,8.6,15,0.57,100000.000000,0,2.1,16,0.0,0.0,0.0,0.0,0.0,0.0,1.0
459162,0,1,3400,-57,57,1101.433594,11,16,0.56,69824.000000,0,2.1,16,0.0,0.0,0.0,0.0,0.0,0.0,1.0
459411,0,1,3400,-57,57,1097.339966,11,14,0.71,35180.722656,16,2.1,16,186,0.0,0.0,0.0,0.0,0.0,1.0
459660,0,1,3400,-57,57,1096.230225,8.2,15,0.56,43008.000000,0,2.1,1.9,0.0,8160.000000,29,0.0,0.0,0.0,1.0
459909,0,1,3400,-57,57,1096.893921,9.0,15,0.51,45705.179688,4,2.1,0.0,0.0,0.0,0.0,0.0,0.0,0.0,1.0
460158,0,1,3400,-57,57,1105.379883,6.9,15,0.50,54304.000000,0,2.1,0.0,0.0,0.0,0.0,0.0,0.0,0.0,1.0
460407,0,1,3400,-57,57,1099.879517,11,15,0.51,42432.000000,5,2.1,0.0,0.0,0.0,0.0,0.0,0.0,0.0,1.0
460656,0,1,3400,-57,57,1095.746582,11,16,0.50,32064.000000,0,2.1,5.4,0.0,118240.000000,0,0.0,0.0,0.0,1.0
460905,0,1,3400,-57,57,1094.353027,9.0,15,0.50,53760.000000,0,2.1,8.0,0.0,0.0,0.0,0.0,0.0,0.0,1.0
461154,0,1,3400,-57,57,1094.490967,7.9,14,0.61,69408.000000,7,2.1,8.1,0.0,0.0,0.0,0.0,1.0,7.0,1.0
461403,0,1,3400,-57,57,1096.911743,8.2,15,0.50,45911.648438,0,2.1,8.2,0.0,17124.498047,25,0.0,0.0,0.0,1.0
461652,0,1,3400,-57,57,1102.047974,7.8,15,0.50,65472.000000,0,2.1,1.4,0.0,6560.000000,43,0.0,0.0,0.0,1.0
461901,0,1,3400,-57,57,1099.562744,9.8,15,0.84,59616.000000,8,2.1,0.0,0.0,0.0,0.0,0.0,0.0,0.0,1.0
462150,0,1,3400,-57,57,1096.241699,11,14,1.0,46661.355469,4,2.1,0.13,0.0,0.0,0.0,0.0,1.0,4.0,1.0
462399,0,1,3400,-57,57,1101.524292,8.7,15,0.68,84832.000000,2,2.1,0.0,186,0.0,0.0,0.0,0.0,0.0,1.0
462648,0,1,3400,-57,57,1102.299316,8.7,14,0.52,53696.000000,0,2.1,0.0,0.0,8160.000000,0,0.0,0.0,0.0,1.0
462897,0,1,3400,-57,57,1096.415649,8.9,16,0.52,58912.000000,0,2.1,0.0,0.0,0.0,0.0,0.0,0.0,0.0,1.0
463146,0,1,3400,-57,57,1100.191040,9.3,15,0.74,65088.000000,9,2.1,0.064,0.0,0.0,0.0,0.0,0.0,0.0,1.0
463395,0,1,3400,-57,57,1096.492310,7.3,16,0.50,77975.906250,0,2.1,0.24,0.0,4401.606445,25,0.0,0.0,0.0,1.0
463644,0,1,3400,-57,57,1102.186768,8.2,15,0.52,54464.000000,3,2.1,0.58,0.0,6560.000000,43,0.0,0.0,0.0,1.0
463893,0,1,3400,-57,57,1100.555176,9.0,15,0.50,42912.000000,0,2.1,0.0,0.0,0.0,0.0,0.0,0.0,0.0,1.0
464142,0,1,3400,-57,57,1092.651611,8.7,14,0.56,91360.000000,0,2.1,0.0,0.0,0.0,0.0,0.0,0.0,0.0,1.0
464391,0,1,3400,-57,57,1094.673462,9.7,15,1.2,61545.816406,9,2.1,0.0,186,0.0,0.0,0.0,0.0,0.0,1.0
464640,0,1,3400,-57,57,1091.398315,8.9,15,0.50,38752.000000,0,2.1,7.2,0.0,164096.000000,37,0.0,0.0,0.0,1.0
464889,0,1,3400,-57,57,1091.653809,9.9,14,1.6,32928.000000,10,2.1,8.0,0.0,0.0,0.0,0.0,0.0,0.0,1.0
465138,0,1,3400,-57,57,1091.017334,8.3,15,0.56,49088.000000,7,2.1,8.0,0.0,0.0,0.0,0.0,0.0,0.0,1.0
465387,0,1,3400,-57,57,1095.264893,8.4,16,0.52,76672.000000,0,2.1,7.7,0.0,11968.000000,0,0.0,0.0,0.0,1.0
465636,0,1,3400,-57,57,1096.112427,8.5,15,0.51,50281.125000,4,2.1,4.8,0.0,8032.128418,62,0.0,0.0,0.0,1.0
465885,0,1,3400,-57,57,1091.011230,9.2,15,0.50,32160.000000,0,2.1,0.0,0.0,0.0,0.0,0.0,0.0,0.0,1.0
466134,0,1,3400,-57,57,1090.614624,8.9,15,0.57,71648.000000,2,2.1,0.0,0.0,0.0,0.0,0.0,0.0,0.0,1.0
466383,0,1,3400,-57,57,1096.478271,9.0,14,0.77,67601.593750,3,2.1,0.032,0.0,4366.533691,0,0.0,0.0,0.0,1.0
466632,0,1,3400,-57,57,1094.187622,7.8,15,0.50,43008.000000,0,2.1,16,0.0,117120.000000,68,0.0,0.0,0.0,1.0
466881,0,1,3400,-57,57,1094.094604,11,15,0.54,35232.000000,5,2.1,16,0.0,0.0,0.0,0.0,0.0,0.0,1.0
467130,0,1,3400,-57,57,1092.649902,8.4,15,0.50,37728.000000,0,2.1,16,0.0,0.0,0.0,0.0,0.0,0.0,1.0
467379,0,1,3400,-57,57,1091.815186,9.8,15,0.50,32320.000000,0,2.1,16,0.0,6720.000000,20,0.0,0.0,0.0,1.0
467628,0,1,3400,-57,57,1096.545166,8.8,15,0.50,43180.722656,0,2.1,21,0.0,0.0,100.000000,0.0,0.0,0.0,1.0
467877,0,1,3400,-57,57,1096.728760,8.0,15,0.57,76192.000000,5,2.1,21,0.0,0.0,0.0,0.0,0.0,0.0,1.0
468126,0,1,3400,-57,57,1098.941650,7.9,15,0.51,24544.000000,7,2.1,21,0.0,0.0,0.0,0.0,0.0,0.0,1.0
468375,0,1,3400,-57,57,1094.877808,9.6,14,0.75,73600.000000,7,2.1,19,0.0,23488.000000,0,0.0,0.0,0.0,1.0
468624,0,1,3400,-57,57,1096.886353,8.4,15,0.50,94183.265625,0,2.1,14,0.0,0.0,0.0,0.0,0.0,0.0,1.0
468873,0,1,3400,-57,57,1093.490601,7.9,15,0.50,38144.000000,0,2.1,14,0.0,0.0,0.0,0.0,0.0,0.0,1.0
469122,0,1,3400,-57,57,1093.474854,10,15,0.61,84704.000000,7,2.1,14,0.0,0.0,0.0,0.0,0.0,0.0,1.0
469371,0,1,3400,-57,57,1098.020630,8.2,15,0.54,32256.000000,0,2.1,14,186,0.0,0.0,0.0,0.0,0.0,1.0
469620,0,1,3400,-57,57,1094.379517,8.5,14,0.57,35405.621094,5,2.1,14,80,3630.521973,33,0.0,0.0,0.0,1.0
469869,0,1,3400,-57,57,1095.133545,9.8,15,0.59,77120.000000,8,2.1,7.5,0.0,8768.000000,0,0.0,0.0,0.0,1.0
470118,0,1,3400,-57,57,1095.012207,9.7,15,0.50,65664.000000,0,2.1,0.0,0.0,0.0,0.0,0.0,0.0,0.0,1.0
470367,0,1,3400,-57,57,1096.136230,10,15,0.93,29888.000000,8,2.1,0.0,0.0,12512.000000,14,0.0,0.0,0.0,1.0
470616,0,1,3400,-57,57,1097.516113,8.6,15,0.51,40672.000000,4,2.1,0.0,0.0,0.0,0.0,0.0,0.0,0.0,1.0
470865,0,1,3400,-57,57,1096.315796,8.7,14,0.58,83697.210938,2,2.1,0.0,0.0,0.0,0.0,0.0,0.0,0.0,1.0
471114,0,1,3400,-57,57,1096.237183,8.9,15,0.50,53760.000000,0,2.1,0.0,0.0,0.0,0.0,0.0,0.0,0.0,1.0
471363,0,1,3400,-57,57,1098.485107,8.2,15,0.53,54464.000000,6,2.1,0.0,0.0,1312.000000,20,0.0,0.0,0.0,1.0
471612,0,1,3400,-57,57,1102.127441,8.4,14,0.56,46336.000000,4,2.1,0.0,0.0,6592.000000,0,0.0,0.0,0.0,1.0
471861,0,1,3400,-57,57,1099.832642,8.0,16,0.50,50944.000000,0,2.1,0.0,0.0,0.0,0.0,0.0,0.0,0.0,1.0
472110,0,1,3400,-57,57,1096.725952,7.5,15,0.50,81381.523438,0,2.1,0.0,0.0,0.0,0.0,0.0,0.0,0.0,1.0
472359,0,1,3400,-57,57,1096.913452,8.2,15,0.50,43104.000000,0,2.1,0.19,0.0,4384.000000,0,0.0,0.0,0.0,1.0
472608,0,1,3400,-57,57,1095.184204,9.5,14,0.64,65152.000000,6,2.1,16,0.0,340320.000000,63,0.0,0.0,0.0,1.0
472857,0,1,3400,-57,57,1098.487915,7.9,15,0.55,48191.234375,0,2.1,16,0.0,0.0,0.0,0.0,0.0,0.0,1.0
473106,0,1,3400,-57,57,1098.271973,8.6,14,0.50,55296.000000,0,2.1,16,0.0,0.0,0.0,0.0,0.0,0.0,1.0
473355,0,1,3400,-57,57,1098.516602,8.2,15,0.58,73536.000000,0,2.1,15,0.0,4384.000000,0,0.0,0.0,0.0,1.0
473604,0,1,3400,-57,57,1104.173340,8.3,15,0.51,32480.000000,0,2.1,16,0.0,178176.000000,68,0.0,0.0,0.0,1.0
473853,0,1,3400,-57,57,1098.095703,9.0,15,0.77,59232.000000,6,2.1,16,0.0,0.0,0.0,0.0,0.0,0.0,1.0
474102,0,1,3400,-57,57,1094.166748,9.4,14,0.74,65188.753906,3,2.1,16,0.0,0.0,0.0,0.0,0.0,0.0,1.0
474351,0,1,3400,-57,57,1095.780762,7.8,15,0.50,37728.000000,0,2.1,13,0.0,7904.000000,12,0.0,0.0,0.0,1.0
474600,0,1,3400,-57,57,1100.017090,8.6,15,0.51,62176.000000,3,2.1,0.0,0.0,0.0,0.0,0.0,0.0,0.0,1.0
474849,0,1,3400,-57,57,1101.344360,10,15,0.52,70400.000000,0,2.1,0.0,0.0,0.0,0.0,0.0,0.0,0.0,1.0
475098,0,1,3400,-57,57,1101.635742,8.8,15,0.50,64350.597656,0,2.1,0.0,0.0,0.0,0.0,0.0,0.0,0.0,1.0
475347,0,1,3400,-57,57,1100.315552,8.7,14,0.65,54304.000000,7,2.1,0.0,186,0.0,0.0,0.0,0.0,0.0,1.0
475596,0,1,3400,-57,57,1101.406982,7.9,14,0.78,73632.000000,2,2.1,6.9,0.0,0.0,80,0.0,0.0,0.0,1.0
475845,0,1,3400,-57,57,1100.484009,8.2,15,0.50,59328.000000,0,2.1,7.5,0.0,0.0,0.0,0.0,0.0,0.0,1.0
476094,0,1,3400,-57,57,1099.148926,9.3,15,0.50,83084.335938,0,2.1,7.5,0.0,0.0,0.0,0.0,0.0,0.0,1.0
476343,0,1,3400,-57,57,1101.956543,8.9,15,0.50,59072.000000,0,2.1,6.9,0.0,1312.000000,20,0.0,0.0,0.0,1.0
476592,0,1,3400,-57,57,1101.599731,9.5,15,0.64,54368.000000,3,2.1,0.0,0.0,6592.000000,0,0.0,0.0,0.0,1.0
476841,0,1,3400,-57,57,1098.641479,9.3,15,0.50,59168.000000,0,2.1,0.0,0.0,0.0,0.0,0.0,0.0,0.0,1.0
477090,0,1,3400,-57,57,1100.736694,10,16,0.50,42645.417969,0,2.1,0.0,0.0,0.0,0.0,0.0,0.0,0.0,1.0
477339,0,1,3400,-57,57,1100.267456,8.3,14,0.66,27104.000000,0,2.1,0.60,0.0,0.0,67,0.0,0.0,0.0,1.0
477588,0,1,3400,-57,57,1099.550781,6.9,15,0.50,60800.000000,0,2.1,7.5,0.0,0.0,100.000000,0.0,0.0,0.0,1.0
477837,0,1,3400,-57,57,1101.824097,16,14,0.50,37184.000000,0,2.1,7.5,0.0,0.0,0.0,0.0,0.0,0.0,1.0
478086,0,1,3400,-57,57,1101.517700,9.8,15,0.58,51232.000000,4,2.1,7.5,0.0,0.0,0.0,0.0,0.0,0.0,1.0
478335,0,1,3400,-57,57,1101.685547,10,16,0.50,26560.000000,0,2.1,7.5,0.0,0.0,0.0,0.0,0.0,0.0,1.0
478584,0,1,3400,-57,57,1101.117798,10,15,0.50,80032.125000,0,2.1,5.2,0.0,30072.289062,35,0.0,0.0,0.0,1.0
478833,0,1,3400,-57,57,1101.119995,10,15,0.66,95584.000000,5,2.1,0.0,0.0,0.0,0.0,0.0,0.0,0.0,1.0
479082,0,1,3400,-57,57,1102.617188,9.6,14,0.63,77920.000000,3,2.1,0.0,0.0,0.0,0.0,0.0,0.0,0.0,1.0
479331,0,1,3400,-57,57,1097.133301,8.7,14,0.61,73211.156250,6,2.1,0.58,0.0,42581.671875,20,0.0,0.0,0.0,1.0
479580,0,1,3400,-57,57,1094.506958,9.0,15,0.50,37600.000000,0,2.1,6.3,0.0,57248.000000,36,0.0,0.0,0.0,1.0
479829,0,1,3400,-57,57,1099.067627,7.7,15,0.50,32256.000000,0,2.1,6.5,0.0,0.0,0.0,0.0,0.0,0.0,1.0
480078,0,1,3400,-57,57,1098.942139,8.2,14,0.96,49696.000000,12,2.1,6.5,0.0,0.0,0.0,0.0,0.0,0.0,1.0
480327,0,1,3400,-57,57,1100.955566,8.6,15,0.64,37536.000000,5,2.1,4.9,0.0,5536.000000,0,0.0,0.0,0.0,1.0
480576,0,1,3400,-57,57,1099.690674,8.8,16,0.57,81349.398438,0,2.1,6.9,0.0,0.0,80,0.0,0.0,0.0,1.0
480825,0,1,3400,-57,57,1100.862061,8.9,15,0.52,45920.000000,4,2.1,7.5,0.0,0.0,0.0,0.0,0.0,0.0,1.0
481074,0,1,3400,-57,57,1098.601807,10,15,0.50,53376.000000,0,2.1,7.5,0.0,0.0,0.0,0.0,0.0,0.0,1.0
481323,0,1,3400,-57,57,1099.781860,8.6,14,0.50,37728.000000,0,2.1,5.7,0.0,8160.000000,29,0.0,0.0,0.0,1.0
481572,0,1,3400,-57,57,1099.107422,9.2,15,0.50,36844.621094,0,2.1,0.0,0.0,0.0,0.0,0.0,0.0,0.0,1.0
481821,0,1,3400,-57,57,1097.753296,12,15,0.50,10688.000000,0,2.1,0.064,0.0,0.0,0.0,0.0,0.0,0.0,1.0
482070,0,1,3400,-57,57,1099.730591,9.2,15,0.50,53472.000000,0,2.1,0.0,0.0,0.0,0.0,0.0,0.0,0.0,1.0
482319,0,1,3400,-57,57,1100.861206,8.6,15,0.52,40672.000000,4,2.1,0.46,0.0,4032.000000,20,0.0,0.0,0.0,1.0
482568,0,1,3400,-57,57,1098.518555,9.4,15,0.50,67052.210938,0,2.1,16,0.0,171662.656250,71,0.0,0.0,0.0,1.0
482817,0,1,3400,-57,57,1103.176392,9.3,15,0.85,82976.000000,3,2.1,16,0.0,0.0,0.0,0.0,0.0,0.0,1.0
483066,0,1,3400,-57,57,1104.314941,8.6,14,0.51,78816.000000,2,2.1,16,0.0,0.0,0.0,0.0,0.0,0.0,1.0
483315,0,1,3400,-57,57,1101.605591,7.9,15,0.79,41024.000000,5,2.1,16,0.0,42752.000000,20,0.0,0.0,0.0,1.0
483564,0,1,3400,-57,57,1100.583740,10,15,0.50,53545.816406,0,2.1,15,0.0,88159.359375,69,0.0,0.0,0.0,1.0
483813,0,1,3400,-57,57,1101.726929,10,15,0.62,45184.000000,4,2.1,14,0.0,0.0,0.0,0.0,0.0,0.0,1.0
484062,0,1,3400,-57,57,1100.703613,9.8,15,0.50,69536.000000,0,2.1,14,0.0,0.0,0.0,0.0,0.0,0.0,1.0
484311,0,1,3400,-57,57,1099.753296,9.7,15,0.53,48448.000000,0,2.1,14,0.0,4384.000000,25,0.0,0.0,0.0,1.0
484560,0,1,3400,-57,57,1100.448730,9.9,15,0.50,21590.361328,0,2.1,0.58,0.0,13333.333008,0,0.0,0.0,0.0,1.0
484809,0,1,3400,-57,57,1101.693481,8.1,16,0.55,73024.000000,0,2.1,0.0,0.0,0.0,0.0,0.0,0.0,0.0,1.0
485058,0,1,3400,-57,57,1098.342773,9.0,14,0.57,54592.000000,6,2.1,0.0,0.0,0.0,0.0,0.0,0.0,0.0,1.0
485307,0,1,3400,-57,57,1099.613403,9.3,15,0.51,62080.000000,3,2.1,0.0,186,0.0,0.0,0.0,0.0,0.0,1.0
485556,0,1,3400,-57,57,1101.277954,9.5,15,0.82,35168.000000,5,2.1,0.0,0.0,7904.000000,12,0.0,0.0,0.0,1.0
485805,0,1,3400,-57,57,1101.683594,8.8,16,0.50,69609.562500,0,2.1,0.0,0.0,0.0,0.0,0.0,0.0,0.0,1.0
486054,0,1,3400,-57,57,1106.540161,8.5,15,0.57,73760.000000,7,2.1,0.0,0.0,0.0,0.0,0.0,0.0,0.0,1.0
486303,0,1,3400,-57,57,1102.120239,7.9,15,0.51,53536.000000,0,2.1,0.29,0.0,5536.000000,25,0.0,0.0,0.0,1.0
486552,0,1,3400,-57,57,1102.216675,8.4,15,0.64,53879.519531,0,2.1,0.53,0.0,7004.016113,43,0.0,0.0,0.0,1.0
486801,0,1,3400,-57,57,1100.092773,9.0,15,0.84,58560.000000,3,2.1,0.0,0.0,0.0,0.0,0.0,0.0,0.0,1.0
487050,0,1,3400,-57,57,1098.194946,9.0,15,0.50,99872.000000,0,2.1,0.0,0.0,0.0,0.0,0.0,0.0,0.0,1.0
487299,0,1,3400,-57,57,1098.322998,8.8,14,0.88,46048.000000,4,2.1,0.0,0.0,2624.000000,20,0.0,0.0,0.0,1.0
487548,0,1,3400,-57,57,1100.232178,8.6,14,0.50,53760.000000,0,2.1,0.0,0.0,5536.000000,0,0.0,0.0,0.0,1.0
487797,0,1,3400,-57,57,1097.053223,9.6,14,0.63,70720.000000,5,2.1,0.0,0.0,0.0,0.0,0.0,0.0,0.0,1.0
488046,0,1,3400,-57,57,1100.092163,9.1,15,0.50,42422.312500,0,2.1,0.0,0.0,0.0,0.0,0.0,0.0,0.0,1.0
488295,0,1,3400,-57,57,1101.586548,7.6,15,0.53,66752.000000,4,2.1,2.8,0.0,196512.000000,56,0.0,0.0,0.0,1.0
488544,0,1,3400,-57,57,1095.195557,8.1,14,0.74,74944.000000,5,2.1,16,0.0,0.0,0.0,0.0,0.0,0.0,1.0
488793,0,1,3400,-57,57,1094.494629,10,14,0.52,59887.550781,0,2.1,16,0.0,0.0,0.0,0.0,0.0,0.0,1.0
489042,0,1,3400,-57,57,1097.663574,8.9,15,0.52,46144.000000,4,2.1,16,0.0,0.0,0.0,0.0,0.0,0.0,1.0
489291,0,1,3400,-57,57,1099.694702,9.9,14,0.53,38816.000000,9,2.1,16,0.0,6720.000000,20,0.0,0.0,0.0,1.0
489540,0,1,3400,-57,57,1104.566650,8.6,15,0.75,59040.000000,0,2.1,21,0.0,0.0,100.000000,0.0,0.0,0.0,1.0
489789,0,1,3400,-57,57,1100.877808,8.6,14,0.51,75392.000000,0,2.1,21,0.0,0.0,0.0,0.0,0.0,0.0,1.0
490038,0,1,3400,-57,57,1099.105835,9.1,15,0.61,56733.066406,3,2.1,21,0.0,0.0,0.0,0.0,0.0,0.0,1.0
490287,0,1,3400,-57,57,1097.812378,12,15,0.67,32192.000000,0,2.1,21,186,0.0,0.0,0.0,0.0,0.0,1.0
490536,0,1,3400,-57,57,1098.470337,8.3,15,0.62,91200.000000,0,2.1,11,0.0,20096.000000,44,0.0,0.0,0.0,1.0
490785,0,1,3400,-57,57,1097.359985,8.8,15,0.51,46144.000000,4,2.1,6.5,0.0,0.0,0.0,0.0,0.0,0.0,1.0
491034,0,1,3400,-57,57,1101.152588,8.2,15,0.50,43008.000000,0,2.1,6.5,0.0,0.0,0.0,0.0,0.0,0.0,1.0
491283,0,1,3400,-57,57,1101.362183,9.2,15,0.52,51630.523438,4,2.1,6.5,186,0.0,0.0,0.0,0.0,0.0,1.0
491532,0,1,3400,-57,57,1102.613403,8.4,15,0.50,48384.000000,0,2.1,0.52,0.0,8160.000000,17,0.0,0.0,0.0,1.0
491781,0,1,3400,-57,57,1100.393799,8.2,15,0.51,94432.000000,2,2.1,0.0,0.0,0.0,0.0,0.0,0.0,0.0,1.0
492030,0,1,3400,-57,57,1097.921387,8.7,15,0.50,85856.000000,0,2.1,0.0,0.0,0.0,0.0,0.0,0.0,0.0,1.0
492279,0,1,3400,-57,57,1099.286865,9.8,15,0.50,74677.289062,0,2.1,0.0,0.0,1306.772949,20,0.0,0.0,0.0,1.0
492528,0,1,3400,-57,57,1101.498047,10,15,0.50,59148.593750,0,2.1,0.0,0.0,11823.292969,14,0.0,0.0,0.0,1.0
492777,0,1,3400,-57,57,1100.696289,8.3,15,0.50,32127.490234,0,2.1,0.0,0.0,0.0,0.0,0.0,0.0,0.0,1.0
493026,0,1,3400,-57,57,1105.202148,7.9,15,0.50,87582.328125,0,2.1,0.0,0.0,0.0,0.0,0.0,0.0,0.0,1.0
493275,0,1,3400,-57,57,1101.409058,8.6,16,0.50,43040.000000,0,2.1,0.60,0.0,0.0,67,0.0,0.0,0.0,1.0
493524,0,1,3400,-57,57,1093.990845,9.5,15,0.50,112064.000000,0,2.1,7.5,0.0,0.0,100.000000,0.0,0.0,0.0,1.0
493773,0,1,3400,-57,57,1092.825439,8.2,15,0.50,42912.000000,0,2.1,7.5,0.0,0.0,0.0,0.0,0.0,0.0,1.0
494022,0,1,3400,-57,57,1095.145020,10.0,16,0.50,42848.000000,0,2.1,7.5,0.0,0.0,0.0,0.0,0.0,0.0,1.0
494271,0,1,3400,-57,57,1095.021118,7.8,14,0.78,52416.000000,9,2.1,7.5,0.0,6720.000000,20,0.0,0.0,0.0,1.0
494520,0,1,3400,-57,57,1096.861206,7.5,15,0.82,59282.867188,6,2.1,21,0.0,0.0,100.000000,0.0,0.0,0.0,1.0
494769,0,1,3400,-57,57,1100.803223,9.2,14,0.50,86361.445312,0,2.1,21,0.0,0.0,0.0,0.0,0.0,0.0,1.0
495018,0,1,3400,-57,57,1102.022095,8.2,15,0.51,91760.953125,0,2.1,21,0.0,0.0,0.0,0.0,0.0,0.0,1.0
495267,0,1,3400,-57,57,1099.025391,9.6,15,0.51,24544.000000,8,2.1,20,0.0,1792.000000,20,0.0,0.0,0.0,1.0
495516,0,1,3400,-57,57,1101.930176,9.3,14,0.60,64289.156250,8,2.1,2.2,0.0,7742.971680,50,0.0,0.0,0.0,1.0
495765,0,1,3400,-57,57,1104.090454,9.1,16,0.50,75392.000000,0,2.1,0.0,0.0,0.0,0.0,0.0,0.0,0.0,1.0
496014,0,1,3400,-57,57,1103.569702,8.5,15,0.64,45024.000000,14,2.1,0.0,0.0,0.0,0.0,0.0,0.0,0.0,1.0
496263,0,1,3400,-57,57,1101.263306,10,15,0.77,38208.000000,9,2.1,0.29,0.0,5536.000000,25,0.0,0.0,0.0,1.0
496512,0,1,3400,-57,57,1096.095703,9.7,15,0.78,75410.359375,5,2.1,0.59,0.0,6948.207031,43,0.0,0.0,0.0,1.0
496761,0,1,3400,-57,57,1097.179443,8.5,15,0.51,69792.000000,0,2.1,0.0,0.0,0.0,0.0,0.0,0.0,0.0,1.0
497010,0,1,3400,-57,57,1100.420166,10,15,0.65,53728.000000,0,2.1,0.0,0.0,0.0,0.0,0.0,0.0,0.0,1.0
497259,0,1,3400,-57,57,1098.005493,9.0,15,0.51,85847.390625,0,2.1,0.0,0.0,8192.771484,17,0.0,0.0,0.0,1.0
497508,0,1,3400,-57,57,1100.050903,11,15,0.50,43264.000000,0,2.1,0.0,0.0,0.0,0.0,0.0,0.0,0.0,1.0
497757,0,1,3400,-57,57,1102.281860,8.5,14,0.50,32224.000000,0,2.1,0.0,0.0,0.0,0.0,0.0,0.0,0.0,1.0
498006,0,1,3400,-57,57,1103.744995,10,15,0.60,80256.000000,2,2.1,0.064,0.0,0.0,0.0,0.0,0.0,0.0,1.0
498255,0,1,3400,-57,57,1102.690308,8.1,15,0.68,54464.000000,6,2.1,0.0,0.0,1312.000000,20,0.0,0.0,0.0,1.0
498504,0,1,3400,-57,57,1097.892578,9.7,14,0.51,51744.000000,4,2.1,0.0,0.0,6752.000000,0,0.0,0.0,0.0,1.0
498753,0,1,3400,-57,57,1098.674438,10,15,0.50,76940.242188,0,2.1,0.0,0.0,0.0,0.0,0.0,0.0,0.0,1.0
499002,0,1,3400,-57,57,1099.475708,8.3,15,0.50,56800.000000,0,2.1,0.0,0.0,0.0,0.0,0.0,0.0,0.0,1.0
499251,0,1,3400,-57,57,1100.448730,8.2,15,0.63,66816.000000,5,2.1,0.0,0.0,11072.000000,0,0.0,0.0,0.0,1.0
499500,0,1,3400,-57,57,1097.693481,8.6,15,0.50,59694.777344,0,2.1,0.0,0.0,1317.269043,0,0.0,0.0,0.0,1.0
499749,0,1,3400,-57,57,1095.909790,9.9,15,0.72,51232.000000,7,2.1,0.0,0.0,0.0,0.0,0.0,0.0,0.0,1.0
499998,0,1,3400,-57,57,1095.750854,8.1,15,0.51,54464.000000,3,2.1,0.0,0.0,0.0,0.0,0.0,0.0,0.0,1.0
500247,0,1,3400,-57,57,1096.489868,9.8,15,0.50,42880.000000,0,2.1,0.89,0.0,17056.000000,25,0.0,0.0,0.0,1.0
500496,0,1,3400,-57,57,1101.334839,8.6,15,0.75,43008.000000,4,2.1,1.2,0.0,6976.000000,43,0.0,0.0,0.0,1.0
500745,0,1,3400,-57,57,1100.347900,7.4,15,0.50,47490.039062,0,2.1,0.0,0.0,0.0,0.0,0.0,0.0,0.0,1.0
500994,0,1,3400,-57,57,1101.774780,7.8,15,0.50,32256.000000,0,2.1,0.0,0.0,0.0,0.0,0.0,0.0,0.0,1.0
501243,0,1,3400,-57,57,1097.709106,9.2,15,0.50,75232.000000,0,2.1,0.24,0.0,4384.000000,25,0.0,0.0,0.0,1.0
501492,0,1,3400,-57,57,1097.505737,8.8,14,0.53,49510.039062,7,2.1,0.58,0.0,6875.501953,43,0.0,0.0,0.0,1.0
501741,0,1,3400,-57,57,1100.911621,9.4,14,0.61,68512.000000,9,2.1,0.0,0.0,0.0,0.0,0.0,0.0,0.0,1.0
501990,0,1,3400,-57,57,1099.617676,9.3,15,0.62,45920.000000,4,2.1,0.0,0.0,0.0,0.0,0.0,0.0,0.0,1.0
502239,0,1,3400,-57,57,1097.626953,8.8,14,0.75,32832.000000,11,2.1,0.0,0.0,0.0,0.0,0.0,0.0,0.0,1.0
502488,0,1,3400,-57,57,1096.161133,10,14,0.50,48256.000000,0,2.1,0.0,0.0,16384.000000,11,0.0,0.0,0.0,1.0
502737,0,1,3400,-57,57,1100.973511,10.0,15,0.52,67712.000000,3,2.1,0.0,0.0,0.0,0.0,0.0,0.0,0.0,1.0
502986,0,1,3400,-57,57,1102.914795,6.2,15,0.50,61928.285156,0,2.1,0.0,0.0,0.0,0.0,0.0,0.0,0.0,1.0
503235,0,1,3400,-57,57,1105.384888,8.3,14,0.53,62144.000000,3,2.1,0.0,186,0.0,0.0,0.0,0.0,0.0,1.0
503484,0,1,3400,-57,57,1101.732056,9.4,14,0.52,69952.000000,0,2.1,0.0,0.0,8160.000000,0,0.0,0.0,0.0,1.0
503733,0,1,3400,-57,57,1104.146973,9.2,15,0.61,64642.570312,0,2.1,0.0,0.0,0.0,0.0,0.0,0.0,0.0,1.0
503982,0,1,3400,-57,57,1096.281982,9.4,16,0.89,23840.000000,8,2.1,0.0,0.0,0.0,0.0,0.0,0.0,0.0,1.0
504231,0,1,3400,-57,57,1100.724243,10,15,0.79,32224.000000,0,2.1,0.24,0.0,4384.000000,25,0.0,0.0,0.0,1.0
504480,0,1,3400,-57,57,1105.173950,9.1,15,0.56,70528.000000,5,2.1,0.58,0.0,7872.000000,40,0.0,0.0,0.0,1.0
504729,0,1,3400,-57,57,1100.412964,8.8,15,0.51,83424.000000,2,2.1,0.0,0.0,0.0,0.0,0.0,0.0,0.0,1.0
504978,0,1,3400,-57,57,1095.098633,10,15,0.54,67392.000000,3,2.1,0.0,0.0,0.0,0.0,0.0,0.0,0.0,1.0
505227,0,1,3400,-57,57,1089.446533,8.8,15,0.50,52749.003906,0,2.1,0.0,0.0,0.0,0.0,0.0,0.0,0.0,1.0
505476,0,1,3400,-57,57,1092.876221,7.7,15,0.50,21504.000000,0,2.1,11,0.0,207200.000000,56,0.0,0.0,0.0,1.0
505725,0,1,3400,-57,57,1093.547485,9.0,15,0.54,86080.000000,0,2.1,16,0.0,0.0,0.0,0.0,0.0,0.0,1.0
505974,0,1,3400,-57,57,1094.963013,8.6,15,0.50,26923.695312,0,2.1,16,0.0,0.0,0.0,0.0,0.0,0.0,1.0
506223,0,1,3400,-57,57,1096.547607,8.6,15,0.51,75104.000000,0,2.1,16,0.0,14624.000000,45,0.0,0.0,0.0,1.0
506472,0,1,3400,-57,57,1100.441528,11,16,0.50,53600.000000,0,2.1,2.2,0.0,8000.000000,43,0.0,0.0,0.0,1.0
506721,0,1,3400,-57,57,1100.362915,9.1,15,0.79,75904.000000,5,2.1,0.0,0.0,0.0,0.0,0.0,0.0,0.0,1.0
506970,0,1,3400,-57,57,1097.112183,9.1,15,0.50,55552.000000,0,2.1,0.0,0.0,0.0,0.0,0.0,0.0,0.0,1.0
507219,0,1,3400,-57,57,1097.516602,9.8,15,0.50,68494.023438,0,2.1,0.0,0.0,2613.545898,20,0.0,0.0,0.0,1.0
507468,0,1,3400,-57,57,1097.153564,8.9,15,0.72,63520.000000,2,2.1,0.0,0.0,8000.000000,43,0.0,0.0,0.0,1.0
507717,0,1,3400,-57,57,1099.243652,12,15,0.71,89696.000000,0,2.1,0.0,0.0,0.0,0.0,0.0,0.0,0.0,1.0
507966,0,1,3400,-57,57,1102.615234,10,15,0.60,46232.933594,4,2.1,0.0,0.0,0.0,0.0,0.0,0.0,0.0,1.0
508215,0,1,3400,-57,57,1099.956787,9.6,15,0.51,73216.000000,3,2.1,0.0,186,0.0,0.0,0.0,0.0,0.0,1.0
508464,0,1,3400,-57,57,1097.310181,8.0,16,0.50,37216.000000,0,2.1,2.8,0.0,30336.000000,44,0.0,0.0,0.0,1.0
508713,0,1,3400,-57,57,1096.526245,11,15,0.71,67168.000000,3,2.1,0.0,0.0,0.0,0.0,0.0,0.0,0.0,1.0
508962,0,1,3400,-57,57,1098.988403,10,15,0.56,23776.000000,8,2.1,0.0,0.0,0.0,0.0,0.0,0.0,0.0,1.0
509211,0,1,3400,-57,57,1098.270508,7.9,14,0.51,59136.000000,0,2.1,2.9,0.0,173984.000000,57,0.0,0.0,0.0,1.0
509460,0,1,3400,-57,57,1101.737549,7.9,15,0.56,59187.250000,0,2.1,16,0.0,0.0,0.0,0.0,0.0,0.0,1.0
509709,0,1,3400,-57,57,1101.378906,8.6,16,0.50,59168.000000,0,2.1,16,0.0,0.0,0.0,0.0,0.0,0.0,1.0
509958,0,1,3400,-57,57,1097.789307,8.2,15,0.68,46232.933594,4,2.1,16,0.0,0.0,0.0,0.0,0.0,0.0,1.0
510207,0,1,3400,-57,57,1097.877075,8.9,15,0.50,46592.000000,0,2.1,12,0.0,8160.000000,17,0.0,0.0,0.0,1.0
510456,0,1,3400,-57,57,1101.218018,8.9,15,0.59,113600.000000,2,2.1,0.0,0.0,0.0,0.0,0.0,0.0,0.0,1.0
510705,0,1,3400,-57,57,1102.647217,8.8,15,0.51,48480.000000,0,2.1,0.0,0.0,0.0,0.0,0.0,0.0,0.0,1.0
510954,0,1,3400,-57,57,1097.740723,9.3,15,0.60,66272.000000,3,2.1,0.0,0.0,0.0,0.0,0.0,0.0,0.0,1.0
511203,0,1,3400,-57,57,1096.859497,9.2,16,0.50,48896.000000,0,2.1,0.60,0.0,0.0,67,0.0,0.0,0.0,1.0
511452,0,1,3400,-57,57,1100.069458,7.6,14,0.50,16128.000000,0,2.1,7.5,0.0,0.0,100.000000,0.0,0.0,0.0,1.0
511701,0,1,3400,-57,57,1102.183350,10,15,0.60,61864.542969,3,2.1,7.6,0.0,0.0,0.0,0.0,0.0,0.0,1.0
511950,0,1,3400,-57,57,1102.997681,9.9,15,0.82,80736.000000,2,2.1,7.5,0.0,0.0,0.0,0.0,0.0,0.0,1.0
512199,0,1,3400,-57,57,1102.362915,8.0,15,0.52,51823.292969,4,2.1,7.5,0.0,46554.218750,0,0.0,0.0,0.0,1.0
512448,0,1,3400,-57,57,1104.326050,9.1,15,0.57,48320.000000,0,2.1,14,0.0,0.0,100.000000,0.0,0.0,0.0,1.0
512697,0,1,3400,-57,57,1108.357056,7.7,15,0.66,29920.000000,6,2.1,14,0.0,0.0,0.0,0.0,0.0,0.0,1.0
512946,0,1,3400,-57,57,1104.410767,9.0,14,0.53,38912.000000,9,2.1,14,0.0,0.0,0.0,0.0,0.0,0.0,1.0
513195,0,1,3400,-57,57,1098.405151,9.1,15,0.53,49184.000000,7,2.1,14,0.0,39872.000000,0,0.0,0.0,0.0,1.0
513444,0,1,3400,-57,57,1099.655151,8.9,15,0.50,37792.000000,0,2.1,16,0.0,267168.000000,60,0.0,0.0,0.0,1.0
513693,0,1,3400,-57,57,1101.308472,9.4,15,0.50,48223.109375,0,2.1,16,0.0,0.0,0.0,0.0,0.0,0.0,1.0
513942,0,1,3400,-57,57,1098.345459,7.5,15,0.50,0.0,0.0,2.1,16,0.0,0.0,0.0,0.0,0.0,0.0,1.0
514191,0,1,3400,-57,57,1096.624268,