time,cc,pci,earfcn,rsrp,pl,cfo,dl_mcs,dl_snr,dl_turbo,dl_brate,dl_bler,ul_ta,ul_mcs,ul_buff,ul_brate,ul_bler,rf_o,rf_u,rf_l,is_attached
0,0,0,4294967295,0.0,0.0,0.0,0.0,0.0,0.0,0.0,0.0,0.0,0.0,0.0,0.0,0.0,0.0,0.0,0.0,0.0
249,0,0,3400,0.0,0.0,0.0,0.0,0.0,0.0,0.0,0.0,0.0,0.0,0.0,0.0,0.0,0.0,0.0,0.0,0.0
498,0,0,3400,0.0,0.0,0.0,0.0,0.0,0.0,0.0,0.0,0.0,0.0,0.0,0.0,0.0,0.0,0.0,0.0,0.0
747,0,1,3400,-59,59,375,0.44,13,0.11,585,0,0.0,0.0,0.0,0.0,0.0,0.0,0.0,0.0,0.0
996,0,1,3400,-59,59,396,2.4,14,0.34,2336.000000,0,0.0,0.0,33,224,0,0.0,0.0,0.0,1.0
1245,0,1,3400,-59,59,399,3.5,14,0.50,0.0,0.0,1.0,0.0,33,0.0,0.0,0.0,0.0,0.0,1.0
1494,0,1,3400,-59,59,395,3.0,14,0.50,5312.000000,0,1.0,9.4,0.0,94496.000000,0,0.0,0.0,0.0,1.0
1743,0,1,3400,-59,59,396,2.2,14,0.50,6112.000000,0,2.1,12,0.0,55712.000000,0,0.0,0.0,0.0,1.0
1992,0,1,3400,-59,59,396,3.5,14,0.50,0.0,0.0,2.1,12,0.0,1024.000000,0,0.0,0.0,0.0,1.0
2241,0,1,3400,-59,59,396,3.5,14,0.50,0.0,0.0,2.1,12,0.0,0.0,0.0,0.0,0.0,0.0,1.0
2490,0,1,3400,-59,59,396,3.5,14,0.50,0.0,0.0,2.1,12,0.0,0.0,0.0,0.0,0.0,0.0,1.0
2739,0,1,3400,-59,59,400,3.5,14,0.50,0.0,0.0,2.1,12,0.0,0.0,0.0,0.0,0.0,0.0,1.0
2988,0,1,3400,-59,59,401,3.5,14,0.50,0.0,0.0,2.1,12,0.0,0.0,0.0,0.0,0.0,0.0,1.0
3237,0,1,3400,-59,59,397,3.5,14,0.50,0.0,0.0,2.1,12,0.0,0.0,0.0,0.0,0.0,0.0,1.0
3486,0,1,3400,-59,59,396,3.5,14,0.50,0.0,0.0,2.1,12,0.0,0.0,0.0,0.0,0.0,0.0,1.0
3735,0,1,3400,-59,59,391,3.5,14,0.50,0.0,0.0,2.1,12,0.0,0.0,0.0,0.0,0.0,0.0,1.0
3984,0,1,3400,-59,59,392,3.5,14,0.50,0.0,0.0,2.1,12,0.0,0.0,0.0,0.0,0.0,0.0,1.0
4233,0,1,3400,-59,59,396,3.5,14,0.50,0.0,0.0,2.1,12,0.0,0.0,0.0,0.0,0.0,0.0,1.0
4482,0,1,3400,-59,59,395,3.5,14,0.50,0.0,0.0,2.1,12,0.0,0.0,0.0,0.0,0.0,0.0,1.0
4731,0,1,3400,-59,59,397,3.5,14,0.50,0.0,0.0,2.1,12,0.0,0.0,0.0,0.0,0.0,0.0,1.0
4980,0,1,3400,-59,59,398,3.5,14,0.50,0.0,0.0,2.1,12,0.0,0.0,0.0,0.0,0.0,0.0,1.0
5229,0,1,3400,-59,59,400,3.5,14,0.50,0.0,0.0,2.1,12,0.0,0.0,0.0,0.0,0.0,0.0,1.0
5478,0,1,3400,-59,59,400,3.5,14,0.50,0.0,0.0,2.1,12,0.0,0.0,0.0,0.0,0.0,0.0,1.0
5727,0,1,3400,-59,59,396,3.5,14,0.50,0.0,0.0,2.1,12,0.0,0.0,0.0,0.0,0.0,0.0,1.0
5976,0,1,3400,-59,59,396,3.5,14,0.50,0.0,0.0,2.1,12,0.0,0.0,0.0,0.0,0.0,0.0,1.0
6225,0,1,3400,-59,59,396,3.5,14,0.50,0.0,0.0,2.1,12,0.0,0.0,0.0,0.0,0.0,0.0,1.0
6474,0,1,3400,-59,59,401,3.5,14,0.50,0.0,0.0,2.1,12,0.0,0.0,0.0,0.0,0.0,0.0,1.0
6723,0,1,3400,-59,59,403,3.5,14,0.50,0.0,0.0,2.1,12,0.0,0.0,0.0,0.0,0.0,0.0,1.0
6972,0,1,3400,-59,59,403,3.5,14,0.50,0.0,0.0,2.1,12,0.0,0.0,0.0,0.0,0.0,0.0,1.0
7221,0,1,3400,-59,59,396,3.5,14,0.50,0.0,0.0,2.1,12,0.0,0.0,0.0,0.0,0.0,0.0,1.0
7470,0,1,3400,-59,59,394,3.5,14,0.50,0.0,0.0,2.1,12,0.0,0.0,0.0,0.0,0.0,0.0,1.0
7719,0,1,3400,-59,59,396,3.5,14,0.50,0.0,0.0,2.1,12,0.0,0.0,0.0,0.0,0.0,0.0,1.0
7968,0,1,3400,-59,59,400,3.5,14,0.50,0.0,0.0,2.1,12,0.0,0.0,0.0,0.0,0.0,0.0,1.0
8217,0,1,3400,-59,59,396,3.5,14,0.50,0.0,0.0,2.1,12,0.0,0.0,0.0,0.0,0.0,0.0,1.0
8466,0,1,3400,-59,59,399,3.5,14,0.50,0.0,0.0,2.1,12,0.0,0.0,0.0,0.0,0.0,0.0,1.0
8715,0,1,3400,-59,59,402,3.5,14,0.50,0.0,0.0,2.1,12,0.0,0.0,0.0,0.0,0.0,0.0,1.0
8964,0,1,3400,-59,59,400,3.5,14,0.50,0.0,0.0,2.1,12,0.0,0.0,0.0,0.0,0.0,0.0,1.0
9213,0,1,3400,-59,59,401,3.5,14,0.50,0.0,0.0,2.1,12,0.0,0.0,0.0,0.0,0.0,0.0,1.0
9462,0,1,3400,-59,59,402,3.5,14,0.50,0.0,0.0,2.1,11,0.0,0.0,0.0,0.0,0.0,0.0,1.0
9711,0,1,3400,-59,59,401,3.5,14,0.50,0.0,0.0,2.1,12,0.0,0.0,0.0,0.0,0.0,0.0,1.0
9960,0,1,3400,-59,59,399,3.5,14,0.50,0.0,0.0,2.1,12,0.0,0.0,0.0,0.0,0.0,0.0,1.0
10209,0,1,3400,-59,59,400,3.5,14,0.50,0.0,0.0,2.1,12,0.0,0.0,0.0,0.0,0.0,0.0,1.0
10458,0,1,3400,-59,59,396,3.5,14,0.50,0.0,0.0,2.1,12,0.0,0.0,0.0,0.0,0.0,0.0,1.0
10707,0,1,3400,-59,59,391,3.5,14,0.50,0.0,0.0,2.1,12,0.0,0.0,0.0,0.0,0.0,0.0,1.0
10956,0,1,3400,-59,59,394,3.5,14,0.50,0.0,0.0,2.1,12,0.0,0.0,0.0,0.0,0.0,0.0,1.0
11205,0,1,3400,-59,59,394,3.5,14,0.50,0.0,0.0,2.1,12,0.0,0.0,0.0,0.0,0.0,0.0,1.0
11454,0,1,3400,-59,59,398,3.5,14,0.50,0.0,0.0,2.1,12,0.0,0.0,0.0,0.0,0.0,0.0,1.0
11703,0,1,3400,-59,59,397,3.5,14,0.50,0.0,0.0,2.1,12,0.0,0.0,0.0,0.0,0.0,0.0,1.0
11952,0,1,3400,-59,59,399,3.5,14,0.50,0.0,0.0,2.1,12,0.0,0.0,0.0,0.0,0.0,0.0,1.0
12201,0,1,3400,-59,59,399,3.5,14,0.50,0.0,0.0,2.1,12,0.0,0.0,0.0,0.0,0.0,0.0,1.0
12450,0,1,3400,-59,59,394,3.5,14,0.50,0.0,0.0,2.1,11,0.0,0.0,0.0,0.0,0.0,0.0,1.0
12699,0,1,3400,-59,59,396,3.5,14,0.50,0.0,0.0,2.1,12,0.0,0.0,0.0,0.0,0.0,0.0,1.0
12948,0,1,3400,-59,59,405,3.5,14,0.50,0.0,0.0,2.1,11,0.0,0.0,0.0,0.0,0.0,0.0,1.0
13197,0,1,3400,-59,59,402,3.5,14,0.50,0.0,0.0,2.1,12,0.0,0.0,0.0,0.0,0.0,0.0,1.0
13446,0,1,3400,-59,59,398,3.5,14,0.50,0.0,0.0,2.1,12,0.0,0.0,0.0,0.0,0.0,0.0,1.0
13695,0,1,3400,-59,59,397,3.5,14,0.50,0.0,0.0,2.1,12,0.0,0.0,0.0,0.0,0.0,0.0,1.0
13944,0,1,3400,-59,59,397,3.5,14,0.50,0.0,0.0,2.1,12,0.0,0.0,0.0,0.0,0.0,0.0,1.0
14193,0,1,3400,-59,59,404,3.5,14,0.50,0.0,0.0,2.1,12,0.0,0.0,0.0,0.0,0.0,0.0,1.0
14442,0,1,3400,-59,59,402,3.5,14,0.50,0.0,0.0,2.1,12,0.0,0.0,0.0,0.0,0.0,0.0,1.0
14691,0,1,3400,-59,59,401,3.5,14,0.50,0.0,0.0,2.1,12,0.0,0.0,0.0,0.0,0.0,0.0,1.0
14940,0,1,3400,-59,59,399,3.5,14,0.50,0.0,0.0,2.1,12,0.0,0.0,0.0,0.0,0.0,0.0,1.0
15189,0,1,3400,-59,59,401,3.5,14,0.50,0.0,0.0,2.1,12,0.0,0.0,0.0,0.0,0.0,0.0,1.0
15438,0,1,3400,-59,59,398,3.5,14,0.50,0.0,0.0,2.1,11,0.0,0.0,0.0,0.0,0.0,0.0,1.0
15687,0,1,3400,-59,59,398,3.5,14,0.50,0.0,0.0,2.1,12,0.0,0.0,0.0,0.0,0.0,0.0,1.0
15936,0,1,3400,-59,59,399,3.5,14,0.50,0.0,0.0,2.1,12,0.0,0.0,0.0,0.0,0.0,0.0,1.0
16185,0,1,3400,-59,59,391,3.5,14,0.50,0.0,0.0,2.1,12,0.0,0.0,0.0,0.0,0.0,0.0,1.0
16434,0,1,3400,-59,59,397,3.5,14,0.50,0.0,0.0,2.1,12,0.0,0.0,0.0,0.0,0.0,0.0,1.0
16683,0,1,3400,-59,59,404,3.5,14,0.50,0.0,0.0,2.1,12,0.0,0.0,0.0,0.0,0.0,0.0,1.0
16932,0,1,3400,-59,59,398,3.5,14,0.50,0.0,0.0,2.1,12,0.0,0.0,0.0,0.0,0.0,0.0,1.0
17181,0,1,3400,-59,59,395,3.5,14,0.50,0.0,0.0,2.1,12,0.0,0.0,0.0,0.0,0.0,0.0,1.0
17430,0,1,3400,-59,59,397,3.5,14,0.50,0.0,0.0,2.1,12,0.0,0.0,0.0,0.0,0.0,0.0,1.0
17679,0,1,3400,-59,59,399,3.5,14,0.50,0.0,0.0,2.1,12,0.0,0.0,0.0,0.0,0.0,0.0,1.0
17928,0,1,3400,-59,59,401,3.5,14,0.50,0.0,0.0,2.1,12,0.0,0.0,0.0,0.0,0.0,0.0,1.0
18177,0,1,3400,-59,59,404,3.5,14,0.50,0.0,0.0,2.1,12,0.0,0.0,0.0,0.0,0.0,0.0,1.0
18426,0,1,3400,-59,59,402,3.5,14,0.50,0.0,0.0,2.1,11,0.0,0.0,0.0,0.0,0.0,0.0,1.0
18675,0,1,3400,-59,59,397,3.5,14,0.50,0.0,0.0,2.1,12,0.0,0.0,0.0,0.0,0.0,0.0,1.0
18924,0,1,3400,-59,59,398,3.5,14,0.50,0.0,0.0,2.1,12,0.0,0.0,0.0,0.0,0.0,0.0,1.0
19173,0,1,3400,-59,59,399,3.5,14,0.50,0.0,0.0,2.1,12,0.0,0.0,0.0,0.0,0.0,0.0,1.0
19422,0,1,3400,-59,59,400,3.5,14,0.50,0.0,0.0,2.1,12,0.0,0.0,0.0,0.0,0.0,0.0,1.0
19671,0,1,3400,-59,59,399,3.5,14,0.50,0.0,0.0,2.1,12,0.0,0.0,0.0,0.0,0.0,0.0,1.0
19920,0,1,3400,-59,59,400,3.5,14,0.50,0.0,0.0,2.1,12,0.0,0.0,0.0,0.0,0.0,0.0,1.0
20169,0,1,3400,-59,59,397,3.5,14,0.50,0.0,0.0,2.1,12,0.0,0.0,0.0,0.0,0.0,0.0,1.0
20418,0,1,3400,-59,59,394,3.5,14,0.50,0.0,0.0,2.1,12,0.0,0.0,0.0,0.0,0.0,0.0,1.0
20667,0,1,3400,-59,59,397,3.5,14,0.50,0.0,0.0,2.1,12,0.0,0.0,0.0,0.0,0.0,0.0,1.0
20916,0,1,3400,-59,59,400,3.5,14,0.50,0.0,0.0,2.1,12,0.0,0.0,0.0,0.0,0.0,0.0,1.0
21165,0,1,3400,-59,59,398,3.5,14,0.50,0.0,0.0,2.1,12,0.0,0.0,0.0,0.0,0.0,0.0,1.0
21414,0,1,3400,-59,59,401,3.5,14,0.50,0.0,0.0,2.1,12,0.0,0.0,0.0,0.0,0.0,0.0,1.0
21663,0,1,3400,-59,59,406,3.5,14,0.50,0.0,0.0,2.1,12,0.0,0.0,0.0,0.0,0.0,0.0,1.0
21912,0,1,3400,-59,59,406,3.5,14,0.50,0.0,0.0,2.1,12,0.0,0.0,0.0,0.0,0.0,0.0,1.0
22161,0,1,3400,-59,59,400,3.5,14,0.50,0.0,0.0,2.1,12,0.0,0.0,0.0,0.0,0.0,0.0,1.0
22410,0,1,3400,-59,59,393,3.5,14,0.50,0.0,0.0,2.1,12,0.0,0.0,0.0,0.0,0.0,0.0,1.0
22659,0,1,3400,-59,59,394,3.5,14,0.50,0.0,0.0,2.1,12,0.0,0.0,0.0,0.0,0.0,0.0,1.0
22908,0,1,3400,-59,59,396,3.5,14,0.50,0.0,0.0,2.1,12,0.0,0.0,0.0,0.0,0.0,0.0,1.0
23157,0,1,3400,-59,59,403,3.5,14,0.50,0.0,0.0,2.1,12,0.0,0.0,0.0,0.0,0.0,0.0,1.0
23406,0,1,3400,-59,59,397,3.5,14,0.50,0.0,0.0,2.1,12,0.0,0.0,0.0,0.0,0.0,0.0,1.0
23655,0,1,3400,-59,59,395,3.5,14,0.50,0.0,0.0,2.1,12,0.0,0.0,0.0,0.0,0.0,0.0,1.0
23904,0,1,3400,-59,59,396,3.5,14,0.50,0.0,0.0,2.1,12,0.0,0.0,0.0,0.0,0.0,0.0,1.0
24153,0,1,3400,-59,59,397,3.5,14,0.50,0.0,0.0,2.1,12,0.0,0.0,0.0,0.0,0.0,0.0,1.0
24402,0,1,3400,-59,59,403,3.5,14,0.50,0.0,0.0,2.1,12,0.0,17056.000000,0,0.0,0.0,0.0,1.0
24651,0,1,3400,-59,59,402,3.5,14,0.50,0.0,0.0,2.1,12,0.0,0.0,0.0,0.0,0.0,0.0,1.0
24900,0,1,3400,-59,59,398,3.5,14,0.50,0.0,0.0,2.1,12,0.0,0.0,0.0,0.0,0.0,0.0,1.0
25149,0,1,3400,-59,59,403,3.5,14,0.50,0.0,0.0,2.1,12,0.0,0.0,0.0,0.0,0.0,0.0,1.0
25398,0,1,3400,-59,59,403,3.5,14,0.50,0.0,0.0,2.1,12,0.0,0.0,0.0,0.0,0.0,0.0,1.0
25647,0,1,3400,-59,59,399,3.5,14,0.50,0.0,0.0,2.1,12,0.0,0.0,0.0,0.0,0.0,0.0,1.0
25896,0,1,3400,-59,59,395,3.5,14,0.50,0.0,0.0,2.1,12,0.0,0.0,0.0,0.0,0.0,0.0,1.0
26145,0,1,3400,-59,59,396,3.5,14,0.50,0.0,0.0,2.1,12,0.0,0.0,0.0,0.0,0.0,0.0,1.0
26394,0,1,3400,-59,59,403,3.5,14,0.50,0.0,0.0,2.1,12,0.0,0.0,0.0,0.0,0.0,0.0,1.0
26643,0,1,3400,-59,59,400,3.5,14,0.50,0.0,0.0,2.1,12,0.0,0.0,0.0,0.0,0.0,0.0,1.0
26892,0,1,3400,-59,59,406,3.5,14,0.50,0.0,0.0,2.1,12,0.0,0.0,0.0,0.0,0.0,0.0,1.0
27141,0,1,3400,-59,59,404,3.5,14,0.50,0.0,0.0,2.1,12,0.0,0.0,0.0,0.0,0.0,0.0,1.0
27390,0,1,3400,-59,59,402,3.5,14,0.50,0.0,0.0,2.1,12,0.0,0.0,0.0,0.0,0.0,0.0,1.0
27639,0,1,3400,-59,59,392,3.5,14,0.50,0.0,0.0,2.1,12,0.0,0.0,0.0,0.0,0.0,0.0,1.0
27888,0,1,3400,-59,59,395,3.5,14,0.50,0.0,0.0,2.1,12,0.0,0.0,0.0,0.0,0.0,0.0,1.0
28137,0,1,3400,-59,59,397,3.5,14,0.50,0.0,0.0,2.1,12,0.0,0.0,0.0,0.0,0.0,0.0,1.0
28386,0,1,3400,-59,59,401,3.5,14,0.50,0.0,0.0,2.1,12,0.0,0.0,0.0,0.0,0.0,0.0,1.0
28635,0,1,3400,-59,59,400,3.5,14,0.50,0.0,0.0,2.1,12,0.0,0.0,0.0,0.0,0.0,0.0,1.0
28884,0,1,3400,-59,59,395,3.5,14,0.50,0.0,0.0,2.1,12,0.0,0.0,0.0,0.0,0.0,0.0,1.0
29133,0,1,3400,-59,59,398,3.5,14,0.50,0.0,0.0,2.1,12,0.0,0.0,0.0,0.0,0.0,0.0,1.0
29382,0,1,3400,-59,59,400,3.5,14,0.50,0.0,0.0,2.1,12,0.0,0.0,0.0,0.0,0.0,0.0,1.0
29631,0,1,3400,-59,59,398,3.5,14,0.50,0.0,0.0,2.1,12,0.0,0.0,0.0,0.0,0.0,0.0,1.0
29880,0,1,3400,-59,59,396,3.5,14,0.50,0.0,0.0,2.1,12,0.0,0.0,0.0,0.0,0.0,0.0,1.0
30129,0,1,3400,-59,59,398,3.5,14,0.50,0.0,0.0,2.1,12,0.0,0.0,0.0,0.0,0.0,0.0,1.0
30378,0,1,3400,-59,59,401,3.5,14,0.50,0.0,0.0,2.1,12,0.0,0.0,0.0,0.0,0.0,0.0,1.0
30627,0,1,3400,-59,59,403,3.5,14,0.50,0.0,0.0,2.1,12,0.0,0.0,0.0,0.0,0.0,0.0,1.0
30876,0,1,3400,-59,59,405,3.5,14,0.50,0.0,0.0,2.1,12,0.0,0.0,0.0,0.0,0.0,0.0,1.0
31125,0,1,3400,-59,59,398,3.5,14,0.50,0.0,0.0,2.1,12,0.0,0.0,0.0,0.0,0.0,0.0,1.0
31374,0,1,3400,-59,59,395,3.5,14,0.50,0.0,0.0,2.1,12,0.0,0.0,0.0,0.0,0.0,0.0,1.0
31623,0,1,3400,-59,59,395,3.5,14,0.50,0.0,0.0,2.1,12,0.0,0.0,0.0,0.0,0.0,0.0,1.0
31872,0,1,3400,-59,59,396,3.5,14,0.50,0.0,0.0,2.1,12,0.0,0.0,0.0,0.0,0.0,0.0,1.0
32121,0,1,3400,-59,59,397,3.5,14,0.50,0.0,0.0,2.1,12,0.0,0.0,0.0,0.0,0.0,0.0,1.0
32370,0,1,3400,-59,59,393,3.5,14,0.50,0.0,0.0,2.1,12,0.0,0.0,0.0,0.0,0.0,0.0,1.0
32619,0,1,3400,-59,59,398,3.5,14,0.50,0.0,0.0,2.1,12,0.0,0.0,0.0,0.0,0.0,0.0,1.0
32868,0,1,3400,-59,59,400,3.5,14,0.50,0.0,0.0,2.1,12,0.0,0.0,0.0,0.0,0.0,0.0,1.0
33117,0,1,3400,-59,59,402,3.5,14,0.50,0.0,0.0,2.1,12,0.0,0.0,0.0,0.0,0.0,0.0,1.0
33366,0,1,3400,-59,59,400,3.5,14,0.50,0.0,0.0,2.1,12,0.0,0.0,0.0,0.0,0.0,0.0,1.0
33615,0,1,3400,-59,59,404,3.5,14,0.50,0.0,0.0,2.1,12,0.0,0.0,0.0,0.0,0.0,0.0,1.0
33864,0,1,3400,-59,59,406,3.5,14,0.50,0.0,0.0,2.1,12,0.0,0.0,0.0,0.0,0.0,0.0,1.0
34113,0,1,3400,-59,59,403,3.5,14,0.50,0.0,0.0,2.1,12,0.0,0.0,0.0,0.0,0.0,0.0,1.0
34362,0,1,3400,-59,59,402,3.5,14,0.50,0.0,0.0,2.1,12,0.0,0.0,0.0,0.0,0.0,0.0,1.0
34611,0,1,3400,-59,59,397,3.5,14,0.50,0.0,0.0,2.1,12,0.0,0.0,0.0,0.0,0.0,0.0,1.0
34860,0,1,3400,-59,59,395,3.5,14,0.50,0.0,0.0,2.1,12,0.0,0.0,0.0,0.0,0.0,0.0,1.0
35109,0,1,3400,-59,59,397,3.5,14,0.50,0.0,0.0,2.1,12,0.0,0.0,0.0,0.0,0.0,0.0,1.0
35358,0,1,3400,-59,59,397,3.5,14,0.50,0.0,0.0,2.1,12,0.0,0.0,0.0,0.0,0.0,0.0,1.0
35607,0,1,3400,-59,59,403,3.5,14,0.50,0.0,0.0,2.1,12,0.0,0.0,0.0,0.0,0.0,0.0,1.0
35856,0,1,3400,-59,59,406,3.5,14,0.50,0.0,0.0,2.1,11,0.0,0.0,0.0,0.0,0.0,0.0,1.0
36105,0,1,3400,-59,59,408,3.5,14,0.50,0.0,0.0,2.1,12,0.0,0.0,0.0,0.0,0.0,0.0,1.0
36354,0,1,3400,-59,59,405,3.5,14,0.50,0.0,0.0,2.1,12,0.0,0.0,0.0,0.0,0.0,0.0,1.0
36603,0,1,3400,-59,59,400,3.5,14,0.50,0.0,0.0,2.1,12,0.0,0.0,0.0,0.0,0.0,0.0,1.0
36852,0,1,3400,-59,59,405,3.5,14,0.50,0.0,0.0,2.1,12,0.0,0.0,0.0,0.0,0.0,0.0,1.0
37101,0,1,3400,-59,59,407,3.5,14,0.50,0.0,0.0,2.1,12,0.0,0.0,0.0,0.0,0.0,0.0,1.0
37350,0,1,3400,-59,59,398,3.5,14,0.50,0.0,0.0,2.1,12,0.0,0.0,0.0,0.0,0.0,0.0,1.0
37599,0,1,3400,-59,59,397,3.5,14,0.50,0.0,0.0,2.1,12,0.0,0.0,0.0,0.0,0.0,0.0,1.0
37848,0,1,3400,-59,59,397,3.5,14,0.50,0.0,0.0,2.1,12,0.0,0.0,0.0,0.0,0.0,0.0,1.0
38097,0,1,3400,-59,59,399,3.5,14,0.50,0.0,0.0,2.1,12,0.0,0.0,0.0,0.0,0.0,0.0,1.0
38346,0,1,3400,-59,59,399,3.5,14,0.50,0.0,0.0,2.1,12,0.0,0.0,0.0,0.0,0.0,0.0,1.0
38595,0,1,3400,-59,59,399,3.5,14,0.50,0.0,0.0,2.1,12,0.0,0.0,0.0,0.0,0.0,0.0,1.0
38844,0,1,3400,-59,59,400,3.5,14,0.50,0.0,0.0,2.1,12,0.0,0.0,0.0,0.0,0.0,0.0,1.0
39093,0,1,3400,-59,59,397,3.5,14,0.50,0.0,0.0,2.1,11,0.0,0.0,0.0,0.0,0.0,0.0,1.0
39342,0,1,3400,-59,59,401,3.5,14,0.50,0.0,0.0,2.1,12,0.0,0.0,0.0,0.0,0.0,0.0,1.0
39591,0,1,3400,-59,59,399,3.5,14,0.50,0.0,0.0,2.1,12,0.0,0.0,0.0,0.0,0.0,0.0,1.0
39840,0,1,3400,-59,59,397,3.5,14,0.50,0.0,0.0,2.1,12,0.0,0.0,0.0,0.0,0.0,0.0,1.0
40089,0,1,3400,-59,59,404,3.5,14,0.50,0.0,0.0,2.1,12,0.0,0.0,0.0,0.0,0.0,0.0,1.0
40338,0,1,3400,-59,59,404,3.5,14,0.50,0.0,0.0,2.1,12,0.0,0.0,0.0,0.0,0.0,0.0,1.0
40587,0,1,3400,-59,59,397,3.5,14,0.50,0.0,0.0,2.1,12,0.0,0.0,0.0,0.0,0.0,0.0,1.0
40836,0,1,3400,-59,59,397,3.5,14,0.50,0.0,0.0,2.1,12,0.0,0.0,0.0,0.0,0.0,0.0,1.0
41085,0,1,3400,-59,59,400,3.5,14,0.50,0.0,0.0,2.1,12,0.0,0.0,0.0,0.0,0.0,0.0,1.0
41334,0,1,3400,-59,59,398,3.5,14,0.50,0.0,0.0,2.1,12,0.0,0.0,0.0,0.0,0.0,0.0,1.0
41583,0,1,3400,-59,59,395,3.5,14,0.50,0.0,0.0,2.1,12,0.0,0.0,0.0,0.0,0.0,0.0,1.0
41832,0,1,3400,-59,59,400,3.5,14,0.50,0.0,0.0,2.1,12,0.0,0.0,0.0,0.0,0.0,0.0,1.0
42081,0,1,3400,-59,59,403,3.5,14,0.50,0.0,0.0,2.1,12,0.0,0.0,0.0,0.0,0.0,0.0,1.0
42330,0,1,3400,-59,59,404,3.5,14,0.50,0.0,0.0,2.1,12,0.0,0.0,0.0,0.0,0.0,0.0,1.0
42579,0,1,3400,-59,59,399,3.5,14,0.50,0.0,0.0,2.1,12,0.0,0.0,0.0,0.0,0.0,0.0,1.0
42828,0,1,3400,-59,59,400,3.5,14,0.50,0.0,0.0,2.1,12,0.0,0.0,0.0,0.0,0.0,0.0,1.0
43077,0,1,3400,-59,59,406,3.5,14,0.50,0.0,0.0,2.1,12,0.0,0.0,0.0,0.0,0.0,0.0,1.0
43326,0,1,3400,-59,59,407,3.5,14,0.50,0.0,0.0,2.1,12,0.0,0.0,0.0,0.0,0.0,0.0,1.0
43575,0,1,3400,-59,59,396,3.5,14,0.50,0.0,0.0,2.1,12,0.0,0.0,0.0,0.0,0.0,0.0,1.0
43824,0,1,3400,-59,59,391,3.5,14,0.50,0.0,0.0,2.1,12,0.0,0.0,0.0,0.0,0.0,0.0,1.0
44073,0,1,3400,-59,59,394,3.5,14,0.50,0.0,0.0,2.1,12,0.0,0.0,0.0,0.0,0.0,0.0,1.0
44322,0,1,3400,-59,59,397,3.5,14,0.50,0.0,0.0,2.1,12,0.0,0.0,0.0,0.0,0.0,0.0,1.0
44571,0,1,3400,-59,59,398,3.5,14,0.50,0.0,0.0,2.1,12,0.0,0.0,0.0,0.0,0.0,0.0,1.0
44820,0,1,3400,-59,59,400,3.5,14,0.50,0.0,0.0,2.1,12,0.0,0.0,0.0,0.0,0.0,0.0,1.0
45069,0,1,3400,-59,59,396,3.5,14,0.50,0.0,0.0,2.1,12,0.0,0.0,0.0,0.0,0.0,0.0,1.0
45318,0,1,3400,-59,59,401,3.5,14,0.50,0.0,0.0,2.1,12,0.0,0.0,0.0,0.0,0.0,0.0,1.0
45567,0,1,3400,-59,59,401,3.5,14,0.50,0.0,0.0,2.1,12,0.0,0.0,0.0,0.0,0.0,0.0,1.0
45816,0,1,3400,-59,59,396,3.5,14,0.50,0.0,0.0,2.1,12,0.0,0.0,0.0,0.0,0.0,0.0,1.0
46065,0,1,3400,-59,59,399,3.5,14,0.50,0.0,0.0,2.1,12,0.0,0.0,0.0,0.0,0.0,0.0,1.0
46314,0,1,3400,-59,59,398,3.5,14,0.50,0.0,0.0,2.1,12,0.0,0.0,0.0,0.0,0.0,0.0,1.0
46563,0,1,3400,-59,59,407,3.5,14,0.50,0.0,0.0,2.1,12,0.0,0.0,0.0,0.0,0.0,0.0,1.0
46812,0,1,3400,-59,59,400,3.5,14,0.50,0.0,0.0,2.1,12,0.0,0.0,0.0,0.0,0.0,0.0,1.0
47061,0,1,3400,-59,59,400,3.5,14,0.50,0.0,0.0,2.1,12,0.0,0.0,0.0,0.0,0.0,0.0,1.0
47310,0,1,3400,-59,59,402,3.5,14,0.50,0.0,0.0,2.1,12,0.0,0.0,0.0,0.0,0.0,0.0,1.0
47559,0,1,3400,-59,59,398,3.5,14,0.50,0.0,0.0,2.1,12,0.0,0.0,0.0,0.0,0.0,0.0,1.0
47808,0,1,3400,-59,59,405,3.5,14,0.50,0.0,0.0,2.1,12,0.0,0.0,0.0,0.0,0.0,0.0,1.0
48057,0,1,3400,-59,59,402,3.5,14,0.50,0.0,0.0,2.1,12,0.0,0.0,0.0,0.0,0.0,0.0,1.0
48306,0,1,3400,-59,59,398,3.5,14,0.50,0.0,0.0,2.1,12,0.0,0.0,0.0,0.0,0.0,0.0,1.0
48555,0,1,3400,-59,59,399,3.5,14,0.50,0.0,0.0,2.1,12,0.0,0.0,0.0,0.0,0.0,0.0,1.0
48804,0,1,3400,-59,59,402,3.5,14,0.50,0.0,0.0,2.1,12,0.0,0.0,0.0,0.0,0.0,0.0,1.0
49053,0,1,3400,-59,59,402,3.5,14,0.50,0.0,0.0,2.1,12,0.0,0.0,0.0,0.0,0.0,0.0,1.0
49302,0,1,3400,-59,59,400,3.5,14,0.50,0.0,0.0,2.1,12,0.0,0.0,0.0,0.0,0.0,0.0,1.0
49551,0,1,3400,-59,59,398,3.5,14,0.50,0.0,0.0,2.1,12,0.0,0.0,0.0,0.0,0.0,0.0,1.0
49800,0,1,3400,-59,59,399,3.5,14,0.50,0.0,0.0,2.1,12,0.0,0.0,0.0,0.0,0.0,0.0,1.0
50049,0,1,3400,-59,59,401,3.5,14,0.50,0.0,0.0,2.1,12,0.0,0.0,0.0,0.0,0.0,0.0,1.0
50298,0,1,3400,-59,59,405,3.5,14,0.50,0.0,0.0,2.1,12,0.0,0.0,0.0,0.0,0.0,0.0,1.0
50547,0,1,3400,-59,59,408,3.5,14,0.50,0.0,0.0,2.1,12,0.0,0.0,0.0,0.0,0.0,0.0,1.0
50796,0,1,3400,-59,59,404,3.5,14,0.50,0.0,0.0,2.1,12,0.0,0.0,0.0,0.0,0.0,0.0,1.0
51045,0,1,3400,-59,59,398,3.5,14,0.50,0.0,0.0,2.1,12,0.0,0.0,0.0,0.0,0.0,0.0,1.0
51294,0,1,3400,-59,59,398,3.5,14,0.50,0.0,0.0,2.1,12,0.0,0.0,0.0,0.0,0.0,0.0,1.0
51543,0,1,3400,-59,59,401,3.5,14,0.50,0.0,0.0,2.1,12,0.0,0.0,0.0,0.0,0.0,0.0,1.0
51792,0,1,3400,-59,59,402,8.6,14,0.50,138880.000000,0,2.1,19,0.0,54400.000000,38,0.0,0.0,0.0,1.0
52041,0,1,3400,-59,59,400,4.9,14,0.50,132032.000000,0,2.1,23,0.0,0.0,80,0.0,0.0,0.0,1.0
52290,0,1,3400,-59,59,401,8.3,14,0.50,86688.000000,0,2.1,23,0.0,0.0,0.0,0.0,0.0,0.0,1.0
52539,0,1,3400,-59,59,400,9.9,14,0.50,152032.000000,0,2.1,23,0.0,0.0,0.0,0.0,0.0,0.0,1.0
52788,0,1,3400,-59,59,403,9.4,14,0.50,135776.000000,0,2.1,11,0.0,33056.000000,9,0.0,0.0,0.0,1.0
53037,0,1,3400,-59,59,398,8.1,14,0.51,99488.000000,3,2.1,7.5,0.0,0.0,0.0,0.0,0.0,0.0,1.0
53286,0,1,3400,-59,59,397,9.0,14,0.50,65824.000000,0,2.1,7.5,0.0,0.0,0.0,0.0,0.0,0.0,1.0
53535,0,1,3400,-59,59,405,6.8,14,0.50,134816.000000,0,2.1,7.5,0.0,0.0,0.0,0.0,0.0,0.0,1.0
53784,0,1,3400,-59,59,400,9.8,14,0.50,112288.000000,0,2.1,12,0.0,40544.000000,0,0.0,0.0,0.0,1.0
54033,0,1,3400,-59,59,395,8.6,14,0.50,126272.000000,0,2.1,14,0.0,0.0,0.0,0.0,0.0,0.0,1.0
54282,0,1,3400,-59,59,400,8.7,14,0.50,100704.000000,0,2.1,14,0.0,0.0,0.0,0.0,0.0,0.0,1.0
54531,0,1,3400,-59,59,402,9.0,14,0.50,167296.000000,0,2.1,14,0.0,0.0,0.0,0.0,0.0,0.0,1.0
54780,0,1,3400,-59,59,399,11,14,0.50,139296.000000,0,2.1,14,0.0,23488.000000,0,0.0,0.0,0.0,1.0
55029,0,1,3400,-59,59,398,9.1,14,0.50,151200.000000,0,2.1,14,0.0,0.0,0.0,0.0,0.0,0.0,1.0
55278,0,1,3400,-59,59,401,7.3,14,0.50,101696.000000,0,2.1,14,0.0,0.0,0.0,0.0,0.0,0.0,1.0
55527,0,1,3400,-59,59,401,7.5,14,0.50,121376.000000,0,2.1,14,0.0,0.0,0.0,0.0,0.0,0.0,1.0
55776,0,1,3400,-59,59,401,8.7,14,0.50,92992.000000,0,2.1,5.9,0.0,24032.000000,36,0.0,0.0,0.0,1.0
56025,0,1,3400,-59,59,406,8.7,14,0.50,104928.000000,0,2.1,0.0,0.0,0.0,0.0,0.0,0.0,0.0,1.0
56274,0,1,3400,-59,59,399,10,14,0.50,86784.000000,0,2.1,0.0,0.0,0.0,0.0,0.0,0.0,0.0,1.0
56523,0,1,3400,-59,59,402,7.7,14,0.50,87200.000000,0,2.1,0.0,0.0,0.0,0.0,0.0,0.0,0.0,1.0
56772,0,1,3400,-59,59,399,8.8,14,0.50,108736.000000,0,2.1,5.5,0.0,0.0,80,0.0,0.0,0.0,1.0
57021,0,1,3400,-59,59,399,10,14,0.50,127968.000000,0,2.1,7.5,0.0,0.0,0.0,0.0,0.0,0.0,1.0
57270,0,1,3400,-59,59,398,8.9,14,0.50,104224.000000,0,2.1,7.5,0.0,0.0,0.0,0.0,0.0,0.0,1.0
57519,0,1,3400,-59,59,403,10,14,0.50,96736.000000,0,2.1,6.3,0.0,39648.000000,0,0.0,0.0,0.0,1.0
57768,0,1,3400,-59,59,403,10,14,0.50,139232.000000,0,2.1,7.5,0.0,0.0,80,0.0,0.0,0.0,1.0
58017,0,1,3400,-59,59,402,10,14,0.50,204864.000000,0,2.1,0.48,0.0,5536.000000,33,0.0,0.0,0.0,1.0
58266,0,1,3400,-59,59,400,10,14,0.51,74624.000000,0,2.1,0.0,0.0,0.0,0.0,0.0,0.0,0.0,1.0
58515,0,1,3400,-59,59,398,7.1,14,0.50,104384.000000,0,2.1,0.0,0.0,0.0,0.0,0.0,0.0,0.0,1.0
58764,0,1,3400,-59,59,397,10,14,0.51,154944.000000,0,2.1,3.9,0.0,14592.000000,12,0.0,0.0,0.0,1.0
59013,0,1,3400,-59,59,403,8.6,14,0.50,119552.000000,0,2.1,5.0,0.0,0.0,0.0,0.0,0.0,0.0,1.0
59262,0,1,3400,-59,59,403,9.5,14,0.50,134624.000000,0,2.1,5.0,0.0,0.0,0.0,0.0,0.0,0.0,1.0
59511,0,1,3400,-59,59,404,12,14,0.50,135264.000000,0,2.1,5.0,0.0,0.0,0.0,0.0,0.0,0.0,1.0
59760,0,1,3400,-59,59,397,9.5,14,0.50,120576.000000,0,2.1,4.0,0.0,23904.000000,46,0.0,0.0,0.0,1.0
60009,0,1,3400,-59,59,399,9.3,14,0.50,133504.000000,0,2.1,0.0,0.0,0.0,0.0,0.0,0.0,0.0,1.0
60258,0,1,3400,-59,59,399,8.0,14,0.50,103616.000000,0,2.1,0.0,0.0,0.0,0.0,0.0,0.0,0.0,1.0
60507,0,1,3400,-59,59,399,8.3,14,0.50,66080.000000,0,2.1,0.0,0.0,0.0,0.0,0.0,0.0,0.0,1.0
60756,0,1,3400,-59,59,399,9.7,14,0.50,132256.000000,0,2.1,14,0.0,6720.000000,50,0.0,0.0,0.0,1.0
61005,0,1,3400,-59,59,404,8.6,14,0.50,108672.000000,0,2.1,21,0.0,0.0,0.0,0.0,0.0,0.0,1.0
61254,0,1,3400,-59,59,402,9.5,14,0.50,124864.000000,0,2.1,21,0.0,0.0,0.0,0.0,0.0,0.0,1.0
61503,0,1,3400,-59,59,403,11,14,0.50,165664.000000,0,2.1,21,0.0,0.0,0.0,0.0,0.0,0.0,1.0
61752,0,1,3400,-59,59,404,7.9,14,0.50,85728.000000,0,2.1,6.7,0.0,15712.000000,14,0.0,0.0,0.0,1.0
62001,0,1,3400,-59,59,406,9.6,14,0.50,136160.000000,0,2.1,0.0,0.0,0.0,0.0,0.0,0.0,0.0,1.0
62250,0,1,3400,-59,59,408,9.6,14,0.50,130400.000000,0,2.1,0.0,0.0,0.0,0.0,0.0,0.0,0.0,1.0
62499,0,1,3400,-59,59,404,13,14,0.52,150848.000000,0,2.1,0.0,0.0,0.0,0.0,0.0,0.0,0.0,1.0
62748,0,1,3400,-59,59,400,9.9,14,0.50,98016.000000,0,2.1,11,0.0,60288.000000,10,0.0,0.0,0.0,1.0
62997,0,1,3400,-59,59,401,11,14,0.50,98272.000000,0,2.1,14,0.0,0.0,0.0,0.0,0.0,0.0,1.0
63246,0,1,3400,-59,59,400,8.5,14,0.50,82176.000000,0,2.1,14,0.0,0.0,0.0,0.0,0.0,0.0,1.0
63495,0,1,3400,-59,59,397,11,14,0.50,113888.000000,0,2.1,14,0.0,0.0,0.0,0.0,0.0,0.0,1.0
63744,0,1,3400,-59,59,398,9.6,14,0.50,174400.000000,0,2.1,14,0.0,23488.000000,0,0.0,0.0,0.0,1.0
63993,0,1,3400,-59,59,401,10.0,14,0.50,91776.000000,0,2.1,14,0.0,0.0,0.0,0.0,0.0,0.0,1.0
64242,0,1,3400,-59,59,399,10,14,0.50,158880.000000,0,2.1,14,0.0,0.0,0.0,0.0,0.0,0.0,1.0
64491,0,1,3400,-59,59,402,10,14,0.50,107680.000000,0,2.1,14,0.0,0.0,0.0,0.0,0.0,0.0,1.0
64740,0,1,3400,-59,59,398,9.6,14,0.50,138624.000000,0,2.1,14,0.0,40544.000000,0,0.0,0.0,0.0,1.0
64989,0,1,3400,-59,59,401,7.0,14,0.50,96416.000000,0,2.1,14,0.0,0.0,0.0,0.0,0.0,0.0,1.0
65238,0,1,3400,-59,59,402,9.0,14,0.50,130304.000000,0,2.1,14,0.0,0.0,0.0,0.0,0.0,0.0,1.0
65487,0,1,3400,-59,59,392,7.4,14,0.50,97568.000000,0,2.1,14,0.0,17056.000000,0,0.0,0.0,0.0,1.0
65736,0,1,3400,-59,59,398,8.4,14,0.50,98336.000000,0,2.1,7.1,0.0,16768.000000,40,0.0,0.0,0.0,1.0
65985,0,1,3400,-59,59,397,8.6,14,0.50,165536.000000,0,2.1,0.0,0.0,0.0,0.0,0.0,0.0,0.0,1.0
66234,0,1,3400,-59,59,398,8.6,14,0.50,131296.000000,0,2.1,0.0,0.0,0.0,0.0,0.0,0.0,0.0,1.0
66483,0,1,3400,-59,59,402,7.7,14,0.50,120992.000000,0,2.1,0.0,0.0,0.0,0.0,0.0,0.0,0.0,1.0
66732,0,1,3400,-59,59,409,7.4,14,0.50,113856.000000,0,2.1,0.82,0.0,12512.000000,36,0.0,0.0,0.0,1.0
66981,0,1,3400,-59,59,403,8.9,14,0.50,112320.000000,0,2.1,0.0,0.0,0.0,0.0,0.0,0.0,0.0,1.0
67230,0,1,3400,-59,59,405,8.6,14,0.50,120128.000000,0,2.1,0.0,0.0,0.0,0.0,0.0,0.0,0.0,1.0
67479,0,1,3400,-59,59,406,10,14,0.50,133376.000000,0,2.1,0.0,0.0,0.0,0.0,0.0,0.0,0.0,1.0
67728,0,1,3400,-59,59,404,7.6,14,0.50,149632.000000,0,2.1,4.5,0.0,23488.000000,0,0.0,0.0,0.0,1.0
67977,0,1,3400,-59,59,403,9.8,14,0.50,70624.000000,0,2.1,6.0,0.0,0.0,0.0,0.0,0.0,0.0,1.0
68226,0,1,3400,-59,59,407,8.8,14,0.50,92480.000000,0,2.1,6.0,0.0,0.0,0.0,0.0,0.0,0.0,1.0
68475,0,1,3400,-59,59,408,6.4,14,0.50,86400.000000,0,2.1,6.0,0.0,0.0,0.0,0.0,0.0,0.0,1.0
68724,0,1,3400,-59,59,405,9.6,14,0.50,113184.000000,0,2.1,0.86,0.0,8192.000000,0,0.0,0.0,0.0,1.0
68973,0,1,3400,-59,59,401,9.6,14,0.50,97824.000000,0,2.1,0.0,0.0,0.0,0.0,0.0,0.0,0.0,1.0
69222,0,1,3400,-59,59,398,10,14,0.50,109600.000000,0,2.1,0.0,0.0,0.0,0.0,0.0,0.0,0.0,1.0
69471,0,1,3400,-59,59,402,8.0,14,0.50,119552.000000,0,2.1,0.0,0.0,0.0,0.0,0.0,0.0,0.0,1.0
69720,0,1,3400,-59,59,403,8.7,14,0.52,168384.000000,0,2.1,5.8,40,4896.000000,33,0.0,0.0,0.0,1.0
69969,0,1,3400,-59,59,407,8.0,14,0.50,98048.000000,0,2.1,6.7,0.0,7104.000000,50,0.0,0.0,0.0,1.0
70218,0,1,3400,-59,59,400,6.9,14,0.50,67296.000000,0,2.1,0.32,0.0,3136.000000,33,0.0,0.0,0.0,1.0
70467,0,1,3400,-59,59,399,9.6,14,0.52,144576.000000,0,2.1,0.0,0.0,0.0,0.0,0.0,0.0,0.0,1.0
70716,0,1,3400,-59,59,404,11,14,0.53,66368.000000,0,2.1,4.6,0.0,26080.000000,0,0.0,0.0,0.0,1.0
70965,0,1,3400,-59,59,407,10,14,0.50,149728.000000,0,2.1,7.0,0.0,0.0,0.0,0.0,0.0,0.0,1.0
71214,0,1,3400,-59,59,404,7.6,14,0.50,87520.000000,0,2.1,14,0.0,17056.000000,0,0.0,0.0,0.0,1.0
71463,0,1,3400,-59,59,402,7.5,14,0.50,90624.000000,0,2.1,14,0.0,0.0,0.0,0.0,0.0,0.0,1.0
71712,0,1,3400,-59,59,404,8.6,14,0.50,135072.000000,0,2.1,14,0.0,17056.000000,57,0.0,0.0,0.0,1.0
71961,0,1,3400,-59,59,402,9.4,14,0.50,124320.000000,0,2.1,14,0.0,0.0,0.0,0.0,0.0,0.0,1.0
72210,0,1,3400,-59,59,402,8.8,14,0.50,152096.000000,0,2.1,14,0.0,0.0,0.0,0.0,0.0,0.0,1.0
72459,0,1,3400,-59,59,402,9.2,14,0.50,151488.000000,0,2.1,14,0.0,0.0,0.0,0.0,0.0,0.0,1.0
72708,0,1,3400,-59,59,396,9.6,14,0.50,152672.000000,0,2.1,14,0.0,23488.000000,20,0.0,0.0,0.0,1.0
72957,0,1,3400,-59,59,401,10,14,0.50,140128.000000,0,2.1,14,0.0,0.0,0.0,0.0,0.0,0.0,1.0
73206,0,1,3400,-59,59,401,8.0,14,0.50,135936.000000,0,2.1,14,0.0,0.0,0.0,0.0,0.0,0.0,1.0
73455,0,1,3400,-59,59,402,8.7,14,0.51,151232.000000,0,2.1,13,0.0,0.0,0.0,0.0,0.0,0.0,1.0
73704,0,1,3400,-59,59,400,10,14,0.54,135200.000000,0,2.1,15,0.0,17056.000000,33,0.0,0.0,0.0,1.0
73953,0,1,3400,-59,59,405,9.4,14,0.50,125184.000000,0,2.1,15,0.0,0.0,0.0,0.0,0.0,0.0,1.0
74202,0,1,3400,-59,59,404,7.6,14,0.50,104992.000000,0,2.1,15,0.0,17056.000000,0,0.0,0.0,0.0,1.0
74451,0,1,3400,-59,59,398,13,14,0.50,123072.000000,0,2.1,15,0.0,17056.000000,0,0.0,0.0,0.0,1.0
74700,0,1,3400,-59,59,395,9.4,14,0.50,139200.000000,0,2.1,15,0.0,0.0,80,0.0,0.0,0.0,1.0
74949,0,1,3400,-59,59,399,8.7,14,0.50,145472.000000,0,2.1,15,0.0,0.0,0.0,0.0,0.0,0.0,1.0
75198,0,1,3400,-59,59,398,7.6,14,0.50,140992.000000,0,2.1,15,0.0,0.0,0.0,0.0,0.0,0.0,1.0
75447,0,1,3400,-59,59,394,8.3,14,0.50,146848.000000,0,2.1,9.8,0.0,5536.000000,0,0.0,0.0,0.0,1.0
75696,0,1,3400,-59,59,396,8.7,14,0.50,104832.000000,0,2.1,12,0.0,23488.000000,20,0.0,0.0,0.0,1.0
75945,0,1,3400,-59,59,401,11,14,0.50,98400.000000,0,2.1,14,0.0,0.0,0.0,0.0,0.0,0.0,1.0
76194,0,1,3400,-59,59,400,7.9,14,0.50,104448.000000,0,2.1,14,0.0,0.0,0.0,0.0,0.0,0.0,1.0
76443,0,1,3400,-59,59,402,9.9,14,0.50,90208.000000,0,2.1,14,0.0,0.0,0.0,0.0,0.0,0.0,1.0
76692,0,1,3400,-59,59,405,8.6,14,0.50,105920.000000,0,2.1,14,0.0,40544.000000,0,0.0,0.0,0.0,1.0
76941,0,1,3400,-59,59,398,7.2,14,0.50,104864.000000,0,2.1,14,0.0,0.0,0.0,0.0,0.0,0.0,1.0
77190,0,1,3400,-59,59,401,9.3,14,0.50,109248.000000,0,2.1,14,0.0,0.0,0.0,0.0,0.0,0.0,1.0
77439,0,1,3400,-59,59,402,8.8,14,0.50,70208.000000,0,2.1,14,0.0,17056.000000,0,0.0,0.0,0.0,1.0
77688,0,1,3400,-59,59,400,11,14,0.50,107968.000000,0,2.1,6.0,0.0,18368.000000,57,0.0,0.0,0.0,1.0
77937,0,1,3400,-59,59,403,9.7,14,0.50,120096.000000,0,2.1,0.0,0.0,0.0,0.0,0.0,0.0,0.0,1.0
78186,0,1,3400,-59,59,407,8.0,14,0.56,114464.000000,4,2.1,0.0,0.0,0.0,0.0,0.0,0.0,0.0,1.0
78435,0,1,3400,-59,59,405,8.0,14,0.50,117472.000000,0,2.1,0.0,0.0,0.0,0.0,0.0,0.0,0.0,1.0
78684,0,1,3400,-59,59,404,9.1,14,0.50,131968.000000,0,2.1,13,0.0,241696.000000,45,0.0,0.0,0.0,1.0
78933,0,1,3400,-59,59,397,9.5,14,0.50,123488.000000,0,2.1,16,0.0,0.0,0.0,0.0,0.0,0.0,1.0
79182,0,1,3400,-59,59,398,9.3,14,0.50,131392.000000,0,2.1,16,0.0,0.0,0.0,0.0,0.0,0.0,1.0
79431,0,1,3400,-59,59,402,8.8,14,0.50,151200.000000,0,2.1,16,0.0,0.0,0.0,0.0,0.0,0.0,1.0
79680,0,1,3400,-59,59,403,8.9,14,0.50,116032.000000,0,2.1,12,0.0,16512.000000,31,0.0,0.0,0.0,1.0
79929,0,1,3400,-59,59,403,10,14,0.50,151296.000000,0,2.1,13,0.0,0.0,0.0,0.0,0.0,0.0,1.0
80178,0,1,3400,-59,59,401,10,14,0.52,154080.000000,0,2.1,13,0.0,0.0,0.0,0.0,0.0,0.0,1.0
80427,0,1,3400,-59,59,402,9.7,14,0.50,109600.000000,0,2.1,13,0.0,0.0,0.0,0.0,0.0,0.0,1.0
80676,0,1,3400,-59,59,400,10,14,0.50,199264.000000,0,2.1,14,0.0,40512.000000,0,0.0,0.0,0.0,1.0
80925,0,1,3400,-59,59,403,7.1,14,0.50,132768.000000,0,2.1,16,0.0,0.0,0.0,0.0,0.0,0.0,1.0
81174,0,1,3400,-59,59,400,8.5,14,0.50,146080.000000,0,2.1,15,0.0,0.0,0.0,0.0,0.0,0.0,1.0
81423,0,1,3400,-59,59,403,7.9,14,0.50,95168.000000,0,2.1,16,0.0,0.0,0.0,0.0,0.0,0.0,1.0
81672,0,1,3400,-59,59,401,11,14,0.50,118784.000000,0,2.1,14,0.0,23488.000000,0,0.0,0.0,0.0,1.0
81921,0,1,3400,-59,59,402,11,14,0.50,108224.000000,0,2.1,14,0.0,0.0,0.0,0.0,0.0,0.0,1.0
82170,0,1,3400,-59,59,403,9.0,14,0.50,130080.000000,0,2.1,14,0.0,0.0,0.0,0.0,0.0,0.0,1.0
82419,0,1,3400,-59,59,401,10,14,0.50,97472.000000,0,2.1,14,0.0,0.0,0.0,0.0,0.0,0.0,1.0
82668,0,1,3400,-59,59,403,8.3,14,0.50,142592.000000,0,2.1,6.0,0.0,23904.000000,36,0.0,0.0,0.0,1.0
82917,0,1,3400,-59,59,398,8.6,14,0.50,49600.000000,0,2.1,0.0,0.0,0.0,0.0,0.0,0.0,0.0,1.0
83166,0,1,3400,-59,59,402,10,14,0.50,174656.000000,0,2.1,0.0,0.0,0.0,0.0,0.0,0.0,0.0,1.0
83415,0,1,3400,-59,59,403,7.7,14,0.50,149696.000000,0,2.1,0.0,0.0,0.0,0.0,0.0,0.0,0.0,1.0
83664,0,1,3400,-59,59,407,13,14,0.51,175264.000000,0,2.1,0.0,0.0,8000.000000,12,0.0,0.0,0.0,1.0
83913,0,1,3400,-59,59,405,9.3,14,0.50,134240.000000,0,2.1,0.0,0.0,5536.000000,33,0.0,0.0,0.0,1.0
84162,0,1,3400,-59,59,398,8.5,14,0.50,162400.000000,0,2.1,0.0,0.0,0.0,0.0,0.0,0.0,0.0,1.0
84411,0,1,3400,-59,59,395,10,14,0.50,117920.000000,0,2.1,0.0,0.0,0.0,0.0,0.0,0.0,0.0,1.0
84660,0,1,3400,-59,59,399,8.8,14,0.50,146816.000000,0,2.1,1.0,0.0,16896.000000,31,0.0,0.0,0.0,1.0
84909,0,1,3400,-59,59,398,8.5,14,0.50,117920.000000,0,2.1,0.0,0.0,0.0,0.0,0.0,0.0,0.0,1.0
85158,0,1,3400,-59,59,401,8.2,14,0.50,104736.000000,0,2.1,0.0,0.0,5536.000000,0,0.0,0.0,0.0,1.0
85407,0,1,3400,-59,59,401,11,14,0.50,129536.000000,0,2.1,0.0,0.0,0.0,0.0,0.0,0.0,0.0,1.0
85656,0,1,3400,-59,59,406,7.9,14,0.50,97216.000000,0,2.1,11,0.0,66560.000000,60,0.0,0.0,0.0,1.0
85905,0,1,3400,-59,59,404,9.7,14,0.50,123936.000000,0,2.1,16,0.0,0.0,0.0,0.0,0.0,0.0,1.0
86154,0,1,3400,-59,59,402,6.3,14,0.50,122272.000000,0,2.1,15,0.0,5536.000000,0,0.0,0.0,0.0,1.0
86403,0,1,3400,-59,59,404,8.8,14,0.50,141632.000000,0,2.1,8.0,0.0,0.0,0.0,0.0,0.0,0.0,1.0
86652,0,1,3400,-59,59,401,8.4,14,0.50,98144.000000,0,2.1,13,0.0,23488.000000,0,0.0,0.0,0.0,1.0
86901,0,1,3400,-59,59,397,8.1,14,0.50,102688.000000,0,2.1,14,0.0,17056.000000,0,0.0,0.0,0.0,1.0
87150,0,1,3400,-59,59,400,9.3,14,0.50,107424.000000,0,2.1,14,0.0,0.0,0.0,0.0,0.0,0.0,1.0
87399,0,1,3400,-59,59,402,7.7,14,0.50,144608.000000,0,2.1,14,0.0,0.0,0.0,0.0,0.0,0.0,1.0
87648,0,1,3400,-59,59,404,9.2,14,0.50,117408.000000,0,2.1,4.2,0.0,23904.000000,42,0.0,0.0,0.0,1.0
87897,0,1,3400,-59,59,401,6.7,14,0.50,159520.000000,0,2.1,0.0,0.0,5536.000000,0,0.0,0.0,0.0,1.0
88146,0,1,3400,-59,59,399,7.7,14,0.50,118336.000000,0,2.1,0.0,0.0,0.0,0.0,0.0,0.0,0.0,1.0
88395,0,1,3400,-59,59,403,9.5,14,0.50,109824.000000,0,2.1,0.0,0.0,0.0,0.0,0.0,0.0,0.0,1.0
88644,0,1,3400,-59,59,405,8.1,14,0.50,109600.000000,0,2.1,12,0.0,23488.000000,0,0.0,0.0,0.0,1.0
88893,0,1,3400,-59,59,400,7.7,14,0.50,97600.000000,0,2.1,14,0.0,0.0,0.0,0.0,0.0,0.0,1.0
89142,0,1,3400,-59,59,399,6.6,14,0.50,65632.000000,0,2.1,14,0.0,0.0,0.0,0.0,0.0,0.0,1.0
89391,0,1,3400,-59,59,399,9.9,14,0.50,122656.000000,0,2.1,13,0.0,0.0,0.0,0.0,0.0,0.0,1.0
89640,0,1,3400,-59,59,399,9.1,14,0.50,67104.000000,0,2.1,12,0.0,30464.000000,58,0.0,0.0,0.0,1.0
89889,0,1,3400,-59,59,397,9.2,14,0.50,126272.000000,0,2.1,0.0,0.0,0.0,0.0,0.0,0.0,0.0,1.0
90138,0,1,3400,-59,59,399,7.7,14,0.50,116768.000000,0,2.1,0.0,0.0,0.0,0,0.0,0.0,0.0,1.0
90387,0,1,3400,-59,59,405,8.4,14,0.50,122880.000000,0,2.1,0.0,0.0,5536.000000,0,0.0,0.0,0.0,1.0
90636,0,1,3400,-59,59,409,8.0,14,0.50,128448.000000,0,2.1,3.3,0.0,23584.000000,39,0.0,0.0,0.0,1.0
90885,0,1,3400,-59,59,400,7.5,14,0.50,125376.000000,0,2.1,0.0,0.0,5536.000000,0,0.0,0.0,0.0,1.0
91134,0,1,3400,-59,59,398,7.9,14,0.50,167392.000000,0,2.1,1.3,0.0,17056.000000,0,0.0,0.0,0.0,1.0
91383,0,1,3400,-59,59,398,7.7,14,0.50,141696.000000,0,2.1,7.5,0.0,17056.000000,0,0.0,0.0,0.0,1.0
91632,0,1,3400,-59,59,406,8.6,14,0.50,126624.000000,0,2.1,13,0.0,23488.000000,0,0.0,0.0,0.0,1.0
91881,0,1,3400,-59,59,403,10,14,0.50,95712.000000,0,2.1,14,0.0,0.0,0.0,0.0,0.0,0.0,1.0
92130,0,1,3400,-59,59,401,8.8,14,0.50,125536.000000,0,2.1,14,0.0,17056.000000,0,0.0,0.0,0.0,1.0
92379,0,1,3400,-59,59,398,8.2,14,0.50,102752.000000,0,2.1,14,0.0,0.0,0.0,0.0,0.0,0.0,1.0
92628,0,1,3400,-59,59,404,9.9,14,0.50,136128.000000,0,2.1,15,0.0,0.0,80,0.0,0.0,0.0,1.0
92877,0,1,3400,-59,59,404,7.8,14,0.50,123360.000000,0,2.1,15,0.0,0.0,0.0,0.0,0.0,0.0,1.0
93126,0,1,3400,-59,59,405,10,14,0.50,113952.000000,0,2.1,15,0.0,0.0,0.0,0.0,0.0,0.0,1.0
93375,0,1,3400,-59,59,410,8.1,14,0.50,68800.000000,0,2.1,15,0.0,0.0,0.0,0.0,0.0,0.0,1.0
93624,0,1,3400,-59,59,400,9.1,14,0.50,145792.000000,0,2.1,7.8,0.0,23584.000000,40,0.0,0.0,0.0,1.0
93873,0,1,3400,-59,59,398,9.9,14,0.50,92192.000000,0,2.1,0.0,0.0,0.0,0.0,0.0,0.0,0.0,1.0
94122,0,1,3400,-59,59,398,9.7,14,0.50,85696.000000,0,2.1,0.0,0.0,0.0,0.0,0.0,0.0,0.0,1.0
94371,0,1,3400,-59,59,402,8.7,14,0.50,87616.000000,0,2.1,0.0,0.0,0.0,0.0,0.0,0.0,0.0,1.0
94620,0,1,3400,-59,59,406,9.1,14,0.50,125344.000000,0,2.1,5.1,0.0,12512.000000,50,0.0,0.0,0.0,1.0
94869,0,1,3400,-59,59,402,9.4,14,0.50,137792.000000,0,2.1,6.0,0.0,5536.000000,0,0.0,0.0,0.0,1.0
95118,0,1,3400,-59,59,406,9.9,14,0.50,91520.000000,0,2.1,6.0,0.0,0.0,0.0,0.0,0.0,0.0,1.0
95367,0,1,3400,-59,59,404,10,14,0.50,133152.000000,0,2.1,6.0,0.0,0.0,0.0,0.0,0.0,0.0,1.0
95616,0,1,3400,-59,59,401,9.7,14,0.50,101472.000000,0,2.1,7.1,0.0,0.0,80,0.0,0.0,0.0,1.0
95865,0,1,3400,-59,59,403,12,14,0.62,75904.000000,0,2.1,7.5,0.0,0.0,0.0,0.0,0.0,0.0,1.0
96114,0,1,3400,-59,59,404,8.6,14,0.50,87520.000000,0,2.1,7.5,0.0,0.0,0.0,0.0,0.0,0.0,1.0
96363,0,1,3400,-59,59,404,8.3,14,0.50,156896.000000,0,2.1,7.5,0.0,0.0,0.0,0.0,0.0,0.0,1.0
96612,0,1,3400,-59,59,402,7.4,14,0.50,97440.000000,0,2.1,3.1,0.0,12512.000000,36,0.0,0.0,0.0,1.0
96861,0,1,3400,-59,59,401,11,14,0.50,143776.000000,0,2.1,0.0,0.0,0.0,0.0,0.0,0.0,0.0,1.0
97110,0,1,3400,-59,59,404,13,14,0.59,149472.000000,0,2.1,0.0,0.0,0.0,0.0,0.0,0.0,0.0,1.0
97359,0,1,3400,-59,59,405,9.3,14,0.50,97344.000000,0,2.1,0.0,0.0,0.0,0.0,0.0,0.0,0.0,1.0
97608,0,1,3400,-59,59,403,9.9,14,0.50,86848.000000,0,2.1,12,0.0,23488.000000,0,0.0,0.0,0.0,1.0
97857,0,1,3400,-59,59,404,8.6,14,0.50,129472.000000,0,2.1,14,0.0,0.0,0.0,0.0,0.0,0.0,1.0
98106,0,1,3400,-59,59,404,8.5,14,0.50,114528.000000,0,2.1,14,0.0,17056.000000,0,0.0,0.0,0.0,1.0
98355,0,1,3400,-59,59,409,9.1,14,0.50,85632.000000,0,2.1,14,0.0,0.0,80,0.0,0.0,0.0,1.0
98604,0,1,3400,-59,59,407,9.7,14,0.50,65248.000000,0,2.1,13,0.0,9824.000000,0,0.0,0.0,0.0,1.0
98853,0,1,3400,-59,59,402,10,14,0.50,135872.000000,0,2.1,12,0.0,0.0,0.0,0.0,0.0,0.0,1.0
99102,0,1,3400,-59,59,402,10,14,0.50,144288.000000,0,2.1,12,0.0,0.0,0.0,0.0,0.0,0.0,1.0
99351,0,1,3400,-59,59,400,9.1,14,0.50,113344.000000,0,2.1,12,0.0,0.0,0.0,0.0,0.0,0.0,1.0
99600,0,1,3400,-59,59,401,10,14,0.50,106528.000000,0,2.1,14,0.0,0.0,80,0.0,0.0,0.0,1.0
99849,0,1,3400,-59,59,405,9.8,14,0.50,118624.000000,0,2.1,14,0.0,0.0,0.0,0.0,0.0,0.0,1.0
100098,0,1,3400,-59,59,400,8.4,14,0.50,131008.000000,0,2.1,10,0.0,3488.000000,0,0.0,0.0,0.0,1.0
100347,0,1,3400,-59,59,403,9.2,14,0.50,129824.000000,0,2.1,6.5,0.0,0.0,0.0,0.0,0.0,0.0,1.0
100596,0,1,3400,-59,59,403,8.8,14,0.50,103904.000000,0,2.1,7.2,0.0,0.0,80,0.0,0.0,0.0,1.0
100845,0,1,3400,-59,59,405,8.5,14,0.50,162720.000000,0,2.1,7.5,0.0,0.0,0.0,0.0,0.0,0.0,1.0
101094,0,1,3400,-59,59,403,8.6,14,0.50,122656.000000,0,2.1,7.5,0.0,0.0,0.0,0.0,0.0,0.0,1.0
101343,0,1,3400,-59,59,401,8.9,14,0.50,135264.000000,0,2.1,7.5,0.0,0.0,0.0,0.0,0.0,0.0,1.0
101592,0,1,3400,-59,59,406,8.2,14,0.50,110912.000000,0,2.1,6.5,0.0,111744.000000,37,0.0,0.0,0.0,1.0
101841,0,1,3400,-59,59,402,9.7,14,0.50,143456.000000,0,2.1,8.7,0.0,22592.000000,0,0.0,0.0,0.0,1.0
102090,0,1,3400,-59,59,406,8.8,14,0.50,128512.000000,0,2.1,14,0.0,0.0,0.0,0.0,0.0,0.0,1.0
102339,0,1,3400,-59,59,408,9.9,14,0.50,130816.000000,0,2.1,14,0.0,0.0,0.0,0.0,0.0,0.0,1.0
102588,0,1,3400,-59,59,398,7.1,14,0.50,158336.000000,0,2.1,6.1,0.0,23904.000000,36,0.0,0.0,0.0,1.0
102837,0,1,3400,-59,59,402,8.8,14,0.50,97088.000000,0,2.1,0.0,0.0,0.0,0.0,0.0,0.0,0.0,1.0
103086,0,1,3400,-59,59,407,8.2,14,0.50,118464.000000,0,2.1,0.0,0.0,0.0,0.0,0.0,0.0,0.0,1.0
103335,0,1,3400,-59,59,402,8.0,14,0.50,150048.000000,0,2.1,0.0,0.0,0.0,0.0,0.0,0.0,0.0,1.0
103584,0,1,3400,-59,59,398,10,14,0.52,171008.000000,0,2.1,10,0.0,15584.000000,0,0.0,0.0,0.0,1.0
103833,0,1,3400,-59,59,402,9.3,14,0.50,129408.000000,0,2.1,12,0.0,0.0,0.0,0.0,0.0,0.0,1.0
104082,0,1,3400,-59,59,404,9.1,14,0.57,139168.000000,0,2.1,12,0.0,0.0,0.0,0.0,0.0,0.0,1.0
104331,0,1,3400,-59,59,402,8.0,14,0.50,115200.000000,0,2.1,12,0.0,0.0,0.0,0.0,0.0,0.0,1.0
104580,0,1,3400,-59,59,400,8.5,14,0.50,124256.000000,0,2.1,5.7,0.0,23904.000000,36,0.0,0.0,0.0,1.0
104829,0,1,3400,-59,59,402,8.8,14,0.50,95968.000000,0,2.1,0.0,0.0,0.0,0.0,0.0,0.0,0.0,1.0
105078,0,1,3400,-59,59,405,6.4,14,0.50,100096.000000,0,2.1,0.0,0.0,0.0,0,0.0,0.0,0.0,1.0
105327,0,1,3400,-59,59,404,9.9,14,0.50,107744.000000,0,2.1,0.0,0.0,5536.000000,0,0.0,0.0,0.0,1.0
105576,0,1,3400,-59,59,404,11,14,0.50,117184.000000,0,2.1,5.4,0.0,23488.000000,0,0.0,0.0,0.0,1.0
105825,0,1,3400,-59,59,409,9.9,14,0.53,112736.000000,5,2.1,6.0,0.0,0.0,0.0,0.0,0.0,0.0,1.0
106074,0,1,3400,-59,59,409,10,14,0.50,123648.000000,0,2.1,6.0,0.0,0.0,0.0,0.0,0.0,0.0,1.0
106323,0,1,3400,-59,59,409,11,14,0.50,96928.000000,0,2.1,6.0,0.0,0.0,0.0,0.0,0.0,0.0,1.0
106572,0,1,3400,-59,59,403,7.5,14,0.50,92640.000000,0,2.1,3.2,0.0,24032.000000,42,0.0,0.0,0.0,1.0
106821,0,1,3400,-59,59,400,9.5,14,0.50,162400.000000,0,2.1,0.0,0.0,0.0,0.0,0.0,0.0,0.0,1.0
107070,0,1,3400,-59,59,402,9.5,14,0.50,161728.000000,0,2.1,0.0,0.0,0.0,0.0,0.0,0.0,0.0,1.0
107319,0,1,3400,-59,59,399,8.0,14,0.50,130912.000000,0,2.1,0.0,0.0,0.0,0.0,0.0,0.0,0.0,1.0
107568,0,1,3400,-59,59,404,8.6,14,0.50,130400.000000,0,2.1,6.3,0.0,23968.000000,48,0.0,0.0,0.0,1.0
107817,0,1,3400,-59,59,402,10,14,0.50,114560.000000,0,2.1,0.0,0.0,0.0,0.0,0.0,0.0,0.0,1.0
108066,0,1,3400,-59,59,404,12,14,0.50,134720.000000,0,2.1,0.0,0.0,0.0,0.0,0.0,0.0,0.0,1.0
108315,0,1,3400,-59,59,403,6.8,14,0.50,152960.000000,0,2.1,0.0,0.0,0.0,0.0,0.0,0.0,0.0,1.0
108564,0,1,3400,-59,59,405,9.4,14,0.50,55616.000000,0,2.1,13,0.0,334848.000000,42,0.0,0.0,0.0,1.0
108813,0,1,3400,-59,59,404,9.9,14,0.50,76864.000000,0,2.1,16,0.0,0.0,0.0,0.0,0.0,0.0,1.0
109062,0,1,3400,-59,59,401,10,14,0.50,175136.000000,0,2.1,16,0.0,0.0,0.0,0.0,0.0,0.0,1.0
109311,0,1,3400,-59,59,403,9.9,14,0.50,102656.000000,0,2.1,16,0.0,0.0,0.0,0.0,0.0,0.0,1.0
109560,0,1,3400,-59,59,398,5.2,14,0.50,112032.000000,0,2.1,14,0.0,23488.000000,0,0.0,0.0,0.0,1.0
109809,0,1,3400,-59,59,401,6.8,14,0.50,95040.000000,0,2.1,14,0.0,0.0,0.0,0.0,0.0,0.0,1.0
110058,0,1,3400,-59,59,402,11,14,0.50,140480.000000,0,2.1,14,0.0,0.0,0.0,0.0,0.0,0.0,1.0
110307,0,1,3400,-59,59,402,7.2,14,0.50,104256.000000,0,2.1,14,0.0,0.0,0.0,0.0,0.0,0.0,1.0
110556,0,1,3400,-59,59,398,9.6,14,0.50,135136.000000,0,2.1,14,0.0,23488.000000,0,0.0,0.0,0.0,1.0
110805,0,1,3400,-59,59,401,9.1,14,0.50,117920.000000,0,2.1,14,0.0,0.0,0.0,0.0,0.0,0.0,1.0
111054,0,1,3400,-59,59,404,7.5,14,0.50,111968.000000,0,2.1,13,0.0,0.0,0.0,0.0,0.0,0.0,1.0
111303,0,1,3400,-59,59,402,8.5,14,0.50,102848.000000,0,2.1,14,0.0,0.0,0.0,0.0,0.0,0.0,1.0
111552,0,1,3400,-59,59,401,8.8,14,0.50,124640.000000,0,2.1,14,0.0,23488.000000,20,0.0,0.0,0.0,1.0
111801,0,1,3400,-59,59,404,8.9,14,0.50,135584.000000,0,2.1,14,0.0,0.0,0.0,0.0,0.0,0.0,1.0
112050,0,1,3400,-59,59,399,9.4,14,0.50,108064.000000,0,2.1,14,0.0,0.0,0.0,0.0,0.0,0.0,1.0
112299,0,1,3400,-59,59,400,8.0,14,0.50,101440.000000,0,2.1,14,0.0,17056.000000,0,0.0,0.0,0.0,1.0
112548,0,1,3400,-59,59,400,8.7,14,0.50,129984.000000,0,2.1,8.1,0.0,18368.000000,57,0.0,0.0,0.0,1.0
112797,0,1,3400,-59,59,400,13,14,0.50,90976.000000,0,2.1,6.0,0.0,0.0,0.0,0.0,0.0,0.0,1.0
113046,0,1,3400,-59,59,405,11,14,0.50,135808.000000,0,2.1,6.0,0.0,0.0,0.0,0.0,0.0,0.0,1.0
113295,0,1,3400,-59,59,405,9.7,14,0.50,145600.000000,0,2.1,6.0,0.0,0.0,0.0,0.0,0.0,0.0,1.0
113544,0,1,3400,-59,59,405,7.1,14,0.50,166528.000000,0,2.1,1.6,0.0,12384.000000,14,0.0,0.0,0.0,1.0
113793,0,1,3400,-59,59,408,8.5,14,0.50,124160.000000,0,2.1,0.0,0.0,0.0,0.0,0.0,0.0,0.0,1.0
114042,0,1,3400,-59,59,406,9.4,14,0.50,138784.000000,0,2.1,0.0,0.0,0.0,0.0,0.0,0.0,0.0,1.0
114291,0,1,3400,-59,59,403,11,14,0.60,117664.000000,0,2.1,0.0,0.0,0.0,0.0,0.0,0.0,0.0,1.0
114540,0,1,3400,-59,59,402,10,14,0.50,124000.000000,0,2.1,2.3,0.0,24032.000000,42,0.0,0.0,0.0,1.0
114789,0,1,3400,-59,59,402,9.6,14,0.50,83776.000000,0,2.1,0.0,0.0,0.0,0.0,0.0,0.0,0.0,1.0
115038,0,1,3400,-59,59,405,11,14,0.50,116736.000000,0,2.1,0.0,0.0,0.0,0.0,0.0,0.0,0.0,1.0
115287,0,1,3400,-59,59,407,9.5,14,0.50,131328.000000,0,2.1,0.0,0.0,0.0,0.0,0.0,0.0,0.0,1.0
115536,0,1,3400,-59,59,406,9.1,14,0.50,151456.000000,0,2.1,4.2,0.0,7328.000000,50,0.0,0.0,0.0,1.0
115785,0,1,3400,-59,59,402,9.5,14,0.50,86560.000000,0,2.1,6.0,0.0,0.0,0.0,0.0,0.0,0.0,1.0
116034,0,1,3400,-59,59,398,9.6,14,0.50,153568.000000,0,2.1,6.0,0.0,0.0,0.0,0.0,0.0,0.0,1.0
116283,0,1,3400,-59,59,398,9.2,14,0.50,129824.000000,0,2.1,6.0,0.0,0.0,0.0,0.0,0.0,0.0,1.0
116532,0,1,3400,-59,59,403,8.7,14,0.50,167840.000000,0,2.1,7.8,0.0,8160.000000,18,0.0,0.0,0.0,1.0
116781,0,1,3400,-59,59,410,10,14,0.50,113952.000000,0,2.1,9.5,0.0,0.0,100.000000,0.0,0.0,0.0,1.0
117030,0,1,3400,-59,59,405,9.4,14,0.50,134464.000000,0,2.1,9.5,0.0,0.0,0.0,0.0,0.0,0.0,1.0
117279,0,1,3400,-59,59,410,8.6,14,0.50,102624.000000,0,2.1,9.5,0.0,0.0,0.0,0.0,0.0,0.0,1.0
117528,0,1,3400,-59,59,409,8.5,14,0.50,123360.000000,0,2.1,6.4,0.0,18048.000000,47,0.0,0.0,0.0,1.0
117777,0,1,3400,-59,59,406,9.6,14,0.50,86400.000000,0,2.1,6.0,0.0,0.0,0.0,0.0,0.0,0.0,1.0
118026,0,1,3400,-59,59,406,7.2,14,0.50,161344.000000,0,2.1,6.0,0.0,0.0,0.0,0.0,0.0,0.0,1.0
118275,0,1,3400,-59,59,406,9.0,14,0.50,161984.000000,0,2.1,6.0,0.0,0.0,0.0,0.0,0.0,0.0,1.0
118524,0,1,3400,-59,59,402,7.9,14,0.50,77600.000000,0,2.1,12,0.0,23488.000000,0,0.0,0.0,0.0,1.0
118773,0,1,3400,-59,59,399,7.6,13,0.50,128704.000000,0,2.1,14,0.0,0.0,0.0,0.0,0.0,0.0,1.0
119022,0,1,3400,-59,59,400,7.7,14,0.50,108544.000000,0,2.1,14,0.0,0.0,0.0,0.0,0.0,0.0,1.0
119271,0,1,3400,-59,59,405,10,14,0.51,94976.000000,0,2.1,14,0.0,0.0,0.0,0.0,0.0,0.0,1.0
119520,0,1,3400,-59,59,410,8.6,14,0.50,141024.000000,0,2.1,14,0.0,23488.000000,0,0.0,0.0,0.0,1.0
119769,0,1,3400,-59,59,404,7.9,14,0.50,100928.000000,0,2.1,14,0.0,0.0,0.0,0.0,0.0,0.0,1.0
120018,0,1,3400,-59,59,406,9.4,14,0.50,140416.000000,0,2.1,14,0.0,0.0,0.0,0.0,0.0,0.0,1.0
120267,0,1,3400,-59,59,410,7.8,14,0.50,110976.000000,0,2.1,14,0.0,0.0,0.0,0.0,0.0,0.0,1.0
120516,0,1,3400,-59,59,402,9.0,14,0.50,81472.000000,0,2.1,14,0.0,23488.000000,0,0.0,0.0,0.0,1.0
120765,0,1,3400,-59,59,405,10.0,14,0.50,128736.000000,0,2.1,14,0.0,0.0,0.0,0.0,0.0,0.0,1.0
121014,0,1,3400,-59,59,404,6.9,14,0.50,93344.000000,0,2.1,14,0.0,0.0,0.0,0.0,0.0,0.0,1.0
121263,0,1,3400,-59,59,402,8.6,14,0.50,146048.000000,0,2.1,14,0.0,0.0,0.0,0.0,0.0,0.0,1.0
121512,0,1,3400,-59,59,402,9.0,14,0.50,113984.000000,0,2.1,14,0.0,23488.000000,0,0.0,0.0,0.0,1.0
121761,0,1,3400,-59,59,408,8.2,14,0.50,129088.000000,0,2.1,14,0.0,0.0,0.0,0.0,0.0,0.0,1.0
122010,0,1,3400,-59,59,406,8.1,14,0.50,91712.000000,0,2.1,14,0.0,0.0,0.0,0.0,0.0,0.0,1.0
122259,0,1,3400,-59,59,403,10,14,0.52,106560.000000,0,2.1,14,0.0,17056.000000,0,0.0,0.0,0.0,1.0
122508,0,1,3400,-59,59,403,9.5,14,0.51,81920.000000,0,2.1,4.5,0.0,18368.000000,60,0.0,0.0,0.0,1.0
122757,0,1,3400,-59,59,406,8.5,14,0.51,125056.000000,3,2.1,0.0,0.0,0.0,0.0,0.0,0.0,0.0,1.0
123006,0,1,3400,-59,59,407,9.2,14,0.50,105632.000000,0,2.1,0.0,0.0,5536.000000,0,0.0,0.0,0.0,1.0
123255,0,1,3400,-59,59,403,10,14,0.50,131392.000000,0,2.1,4.0,0.0,0.0,80,0.0,0.0,0.0,1.0
123504,0,1,3400,-59,59,406,7.9,14,0.50,135968.000000,0,2.1,0.78,0.0,2848.000000,40,0.0,0.0,0.0,1.0
123753,0,1,3400,-59,59,404,7.3,14,0.50,151168.000000,0,2.1,0.0,0.0,3488.000000,0,0.0,0.0,0.0,1.0
124002,0,1,3400,-59,59,401,8.4,14,0.50,108896.000000,0,2.1,0.0,0.0,0.0,0.0,0.0,0.0,0.0,1.0
124251,0,1,3400,-59,59,405,8.9,14,0.50,81024.000000,0,2.1,0.0,0.0,0.0,0.0,0.0,0.0,0.0,1.0
124500,0,1,3400,-59,59,407,9.7,14,0.50,80320.000000,0,2.1,4.5,0.0,23488.000000,0,0.0,0.0,0.0,1.0
124749,0,1,3400,-59,59,409,9.3,14,0.50,129344.000000,0,2.1,4.2,0.0,3488.000000,0,0.0,0.0,0.0,1.0
124998,0,1,3400,-59,59,411,10,14,0.50,113344.000000,0,2.1,0.0,0.0,0.0,0.0,0.0,0.0,0.0,1.0
125248,0,1,3400,-59,59,408,11,14,0.50,203552.000000,0,2.1,0.064,0.0,0.0,0.0,0.0,0.0,0.0,1.0
125497,0,1,3400,-59,59,406,10,14,0.50,108320.000000,0,2.1,11,0.0,23520.000000,33,0.0,0.0,0.0,1.0
125746,0,1,3400,-59,59,405,8.2,14,0.50,86080.000000,0,2.1,12,0.0,0.0,0.0,0.0,0.0,0.0,1.0
125995,0,1,3400,-59,59,408,9.5,14,0.50,97184.000000,0,2.1,14,0.0,17056.000000,0,0.0,0.0,0.0,1.0
126244,0,1,3400,-59,59,410,6.7,14,0.50,154656.000000,0,2.1,16,0.0,0.0,0.0,0.0,0.0,0.0,1.0
126493,0,1,3400,-59,59,404,10,14,0.50,168640.000000,0,2.1,15,0.0,0.0,80,0.0,0.0,0.0,1.0
126742,0,1,3400,-59,59,407,7.9,14,0.50,96928.000000,0,2.1,15,0.0,0.0,0.0,0.0,0.0,0.0,1.0
126991,0,1,3400,-59,59,406,8.1,14,0.50,105984.000000,0,2.1,15,0.0,0.0,0.0,0.0,0.0,0.0,1.0
127240,0,1,3400,-59,59,402,8.1,14,0.50,151264.000000,0,2.1,15,0.0,17056.000000,0,0.0,0.0,0.0,1.0
127489,0,1,3400,-59,59,400,8.1,14,0.50,81056.000000,0,2.1,14,0.0,23488.000000,0,0.0,0.0,0.0,1.0
127738,0,1,3400,-59,59,404,9.3,14,0.50,99168.000000,0,2.1,14,0.0,17056.000000,0,0.0,0.0,0.0,1.0
127987,0,1,3400,-59,59,414,9.4,14,0.50,117120.000000,0,2.1,15,0.0,17056.000000,0,0.0,0.0,0.0,1.0
128236,0,1,3400,-59,59,403,9.9,14,0.50,76032.000000,0,2.1,15,0.0,0.0,0.0,0.0,0.0,0.0,1.0
128485,0,1,3400,-59,59,404,7.4,14,0.50,130112.000000,0,2.1,13,0.0,40576.000000,11,0.0,0.0,0.0,1.0
128734,0,1,3400,-59,59,403,10,14,0.50,134912.000000,0,2.1,12,0.0,0.0,0.0,0.0,0.0,0.0,1.0
128983,0,1,3400,-59,59,406,9.7,14,0.50,97024.000000,0,2.1,11,0.0,0.0,0.0,0.0,0.0,0.0,1.0
129232,0,1,3400,-59,59,409,10,14,0.50,146464.000000,0,2.1,12,0.0,0.0,0.0,0.0,0.0,0.0,1.0
129481,0,1,3400,-59,59,408,9.0,14,0.50,135488.000000,0,2.1,13,0.0,23488.000000,0,0.0,0.0,0.0,1.0
129730,0,1,3400,-59,59,404,8.6,14,0.50,123520.000000,0,2.1,14,0.0,0.0,0.0,0.0,0.0,0.0,1.0
129979,0,1,3400,-59,59,407,9.8,14,0.50,140320.000000,0,2.1,14,0.0,0.0,0.0,0.0,0.0,0.0,1.0
130228,0,1,3400,-59,59,410,11,14,0.50,145216.000000,0,2.1,14,0.0,0.0,0.0,0.0,0.0,0.0,1.0
130477,0,1,3400,-59,59,405,9.9,14,0.50,127072.000000,0,2.1,14,0.0,23488.000000,44,0.0,0.0,0.0,1.0
130726,0,1,3400,-59,59,404,9.8,14,0.50,155072.000000,0,2.1,14,0.0,0.0,0.0,0.0,0.0,0.0,1.0
130975,0,1,3400,-59,59,403,10,14,0.50,215904.000000,0,2.1,13,0.0,0.0,0.0,0.0,0.0,0.0,1.0
131224,0,1,3400,-59,59,402,8.9,14,0.50,108672.000000,0,2.1,14,0.0,0.0,0.0,0.0,0.0,0.0,1.0
131473,0,1,3400,-59,59,409,11,14,0.51,123232.000000,0,2.1,1.8,0.0,12128.000000,0,0.0,0.0,0.0,1.0
131722,0,1,3400,-59,59,408,9.0,14,0.50,108960.000000,0,2.1,0.0,0.0,0.0,0.0,0.0,0.0,0.0,1.0
131971,0,1,3400,-59,59,402,11,14,0.50,112864.000000,0,2.1,0.0,0.0,0.0,0.0,0.0,0.0,0.0,1.0
132220,0,1,3400,-59,59,397,8.6,14,0.50,113440.000000,0,2.1,0.0,0.0,0.0,0.0,0.0,0.0,0.0,1.0
132469,0,1,3400,-59,59,399,9.8,14,0.50,114464.000000,0,2.1,0.82,0.0,10080.000000,36,0.0,0.0,0.0,1.0
132718,0,1,3400,-59,59,407,8.4,14,0.50,135840.000000,0,2.1,0.0,0.0,0.0,0.0,0.0,0.0,0.0,1.0
132967,0,1,3400,-59,59,407,8.7,14,0.50,129504.000000,0,2.1,0.0,0.0,0.0,0.0,0.0,0.0,0.0,1.0
133216,0,1,3400,-59,59,404,6.6,14,0.50,74720.000000,0,2.1,0.0,0.0,0.0,0.0,0.0,0.0,0.0,1.0
133465,0,1,3400,-59,59,407,8.5,14,0.50,108992.000000,0,2.1,1.5,0.0,9184.000000,57,0.0,0.0,0.0,1.0
133714,0,1,3400,-59,59,406,7.4,14,0.50,119840.000000,0,2.1,0.0,0.0,3488.000000,0,0.0,0.0,0.0,1.0
133963,0,1,3400,-59,59,405,9.2,14,0.50,98752.000000,0,2.1,0.0,0.0,0.0,0.0,0.0,0.0,0.0,1.0
134212,0,1,3400,-59,59,401,11,14,0.50,129696.000000,0,2.1,4.0,0.0,0.0,80,0.0,0.0,0.0,1.0
134461,0,1,3400,-59,59,400,8.7,14,0.50,144224.000000,0,2.1,1.1,0.0,8000.000000,0,0.0,0.0,0.0,1.0
134710,0,1,3400,-59,59,402,9.9,14,0.50,48736.000000,0,2.1,0.0,0.0,0.0,0.0,0.0,0.0,0.0,1.0
134959,0,1,3400,-59,59,409,8.1,14,0.50,98688.000000,0,2.1,0.0,0.0,0.0,0.0,0.0,0.0,0.0,1.0
135208,0,1,3400,-59,59,406,7.8,14,0.50,113440.000000,0,2.1,0.0,0.0,0.0,0.0,0.0,0.0,0.0,1.0
135457,0,1,3400,-59,59,406,8.5,14,0.50,64928.000000,0,2.1,2.8,0.0,28288.000000,31,0.0,0.0,0.0,1.0
135706,0,1,3400,-59,59,403,8.9,14,0.50,115904.000000,0,2.1,1.0,0.0,0.0,0.0,0.0,0.0,0.0,1.0
135955,0,1,3400,-59,59,401,9.2,14,0.50,104960.000000,0,2.1,1.0,0.0,0.0,0.0,0.0,0.0,0.0,1.0
136204,0,1,3400,-59,59,400,7.7,14,0.50,121824.000000,0,2.1,1.00,0.0,0.0,0.0,0.0,0.0,0.0,1.0
136453,0,1,3400,-59,59,405,11,14,0.50,90720.000000,0,2.1,6.0,0.0,22912.000000,0,0.0,0.0,0.0,1.0
136702,0,1,3400,-59,59,408,7.4,14,0.50,125216.000000,0,2.1,7.0,0.0,0.0,0.0,0.0,0.0,0.0,1.0
136951,0,1,3400,-59,59,404,10,14,0.55,158304.000000,0,2.1,7.0,0.0,0.0,0.0,0.0,0.0,0.0,1.0
137200,0,1,3400,-59,59,402,8.5,14,0.50,147968.000000,0,2.1,7.4,0.0,17056.000000,0,0.0,0.0,0.0,1.0
137449,0,1,3400,-59,59,404,8.6,14,0.50,110752.000000,0,2.1,12,0.0,40544.000000,0,0.0,0.0,0.0,1.0
137698,0,1,3400,-59,59,405,9.4,14,0.50,65312.000000,0,2.1,14,0.0,0.0,0.0,0.0,0.0,0.0,1.0
137947,0,1,3400,-59,59,407,11,14,0.51,145504.000000,0,2.1,14,0.0,0.0,0.0,0.0,0.0,0.0,1.0
138196,0,1,3400,-59,59,400,9.0,14,0.50,91872.000000,0,2.1,14,0.0,0.0,0.0,0.0,0.0,0.0,1.0
138445,0,1,3400,-59,59,404,9.4,14,0.50,124416.000000,0,2.1,13,0.0,29920.000000,50,0.0,0.0,0.0,1.0
138694,0,1,3400,-59,59,411,9.0,14,0.50,141824.000000,0,2.1,14,0.0,0.0,0.0,0.0,0.0,0.0,1.0
138943,0,1,3400,-59,59,401,9.3,14,0.50,159328.000000,0,2.1,13,0.0,0.0,0,0.0,0.0,0.0,1.0
139192,0,1,3400,-59,59,398,6.8,14,0.50,142816.000000,0,2.1,7.5,0.0,5536.000000,0,0.0,0.0,0.0,1.0
139441,0,1,3400,-59,59,403,10,14,0.52,103424.000000,0,2.1,3.7,0.0,24032.000000,42,0.0,0.0,0.0,1.0
139690,0,1,3400,-59,59,407,6.6,14,0.50,142816.000000,0,2.1,0.0,0.0,5536.000000,0,0.0,0.0,0.0,1.0
139939,0,1,3400,-59,59,403,9.1,14,0.50,177024.000000,0,2.1,0.0,0.0,0.0,0.0,0.0,0.0,0.0,1.0
140188,0,1,3400,-59,59,412,9.6,14,0.50,114528.000000,0,2.1,1.6,0.0,17056.000000,0,0.0,0.0,0.0,1.0
140437,0,1,3400,-59,59,404,8.4,14,0.50,118464.000000,0,2.1,7.5,0.0,17056.000000,33,0.0,0.0,0.0,1.0
140686,0,1,3400,-59,59,399,11,14,0.50,150880.000000,0,2.1,7.5,0.0,0.0,0.0,0.0,0.0,0.0,1.0
140935,0,1,3400,-59,59,406,11,14,0.50,150912.000000,0,2.1,8.3,0.0,17056.000000,0,0.0,0.0,0.0,1.0
141184,0,1,3400,-59,59,404,9.0,14,0.50,134112.000000,0,2.1,14,0.0,17056.000000,0,0.0,0.0,0.0,1.0
141433,0,1,3400,-59,59,402,9.8,14,0.50,140864.000000,0,2.1,6.6,0.0,10464.000000,36,0.0,0.0,0.0,1.0
141682,0,1,3400,-59,59,401,6.7,14,0.50,98016.000000,0,2.1,0.064,0.0,0.0,0.0,0.0,0.0,0.0,1.0
141931,0,1,3400,-59,59,404,10.0,14,0.50,151648.000000,0,2.1,0.0,0.0,0.0,0.0,0.0,0.0,0.0,1.0
142180,0,1,3400,-59,59,406,12,14,0.57,144800.000000,0,2.1,0.0,0.0,0.0,0.0,0.0,0.0,0.0,1.0
142429,0,1,3400,-59,59,407,8.1,14,0.50,145184.000000,0,2.1,7.1,0.0,9568.000000,59,0.0,0.0,0.0,1.0
142678,0,1,3400,-59,59,406,5.6,14,0.50,119264.000000,0,2.1,12,0.0,0.0,0.0,0.0,0.0,0.0,1.0
142927,0,1,3400,-59,59,403,7.8,14,0.50,107776.000000,0,2.1,12,0.0,0.0,0.0,0.0,0.0,0.0,1.0
143176,0,1,3400,-59,59,403,8.1,14,0.50,103936.000000,0,2.1,12,0.0,0.0,0.0,0.0,0.0,0.0,1.0
143425,0,1,3400,-59,59,408,8.5,14,0.50,106496.000000,0,2.1,1.7,0.0,12256.000000,14,0.0,0.0,0.0,1.0
143674,0,1,3400,-59,59,407,10.0,14,0.50,92960.000000,0,2.1,0.0,0.0,0.0,0.0,0.0,0.0,0.0,1.0
143923,0,1,3400,-59,59,402,9.6,14,0.50,76192.000000,0,2.1,0.0,0.0,5536.000000,0,0.0,0.0,0.0,1.0
144172,0,1,3400,-59,59,404,9.2,14,0.50,108032.000000,0,2.1,0.0,0.0,0.0,0.0,0.0,0.0,0.0,1.0
144421,0,1,3400,-59,59,404,8.1,14,0.50,92224.000000,0,2.1,9.7,0.0,23488.000000,0,0.0,0.0,0.0,1.0
144670,0,1,3400,-59,59,404,7.1,14,0.50,80128.000000,0,2.1,14,0.0,0.0,0.0,0.0,0.0,0.0,1.0
144919,0,1,3400,-59,59,409,5.7,14,0.50,136160.000000,0,2.1,14,0.0,0.0,0,0.0,0.0,0.0,1.0
145168,0,1,3400,-59,59,410,9.3,14,0.50,99136.000000,0,2.1,14,0.0,0.0,100.000000,0.0,0.0,0.0,1.0
145417,0,1,3400,-59,59,407,6.9,14,0.50,80384.000000,0,2.1,1.8,0.0,12384.000000,0,0.0,0.0,0.0,1.0
145666,0,1,3400,-59,59,410,10,14,0.50,131488.000000,0,2.1,0.0,0.0,5536.000000,0,0.0,0.0,0.0,1.0
145915,0,1,3400,-59,59,407,7.7,14,0.50,165024.000000,0,2.1,0.0,0.0,0.0,0.0,0.0,0.0,0.0,1.0
146164,0,1,3400,-59,59,402,9.2,14,0.50,112416.000000,0,2.1,0.0,0.0,0.0,0.0,0.0,0.0,0.0,1.0
146413,0,1,3400,-59,59,407,10,14,0.50,151104.000000,0,2.1,12,0.0,23488.000000,43,0.0,0.0,0.0,1.0
146662,0,1,3400,-59,59,403,9.0,14,0.50,93088.000000,0,2.1,14,0.0,0.0,0.0,0.0,0.0,0.0,1.0
146911,0,1,3400,-59,59,401,6.1,14,0.50,132096.000000,0,2.1,14,0.0,0.0,0.0,0.0,0.0,0.0,1.0
147160,0,1,3400,-59,59,404,9.4,14,0.50,134208.000000,0,2.1,14,0.0,0.0,0.0,0.0,0.0,0.0,1.0
147409,0,1,3400,-59,59,405,8.5,14,0.51,135168.000000,0,2.1,6.0,0.0,23904.000000,42,0.0,0.0,0.0,1.0
147658,0,1,3400,-59,59,404,10,14,0.56,112768.000000,0,2.1,0.0,0.0,0.0,0.0,0.0,0.0,0.0,1.0
147907,0,1,3400,-59,59,404,9.8,14,0.50,87872.000000,0,2.1,0.0,0.0,0.0,0.0,0.0,0.0,0.0,1.0
148156,0,1,3400,-59,59,405,9.5,14,0.50,82208.000000,0,2.1,0.0,0.0,0.0,0.0,0.0,0.0,0.0,1.0
148405,0,1,3400,-59,59,409,8.6,14,0.50,127616.000000,0,2.1,0.72,0.0,24960.000000,10,0.0,0.0,0.0,1.0
148654,0,1,3400,-59,59,409,7.8,14,0.50,106752.000000,0,2.1,7.5,0.0,0.0,0.0,0.0,0.0,0.0,1.0
148903,0,1,3400,-59,59,407,7.5,14,0.50,138976.000000,0,2.1,7.5,0.0,17056.000000,0,0.0,0.0,0.0,1.0
149152,0,1,3400,-59,59,403,5.0,14,0.50,130592.000000,0,2.1,7.5,0.0,0.0,0.0,0.0,0.0,0.0,1.0
149401,0,1,3400,-59,59,408,9.3,14,0.50,81024.000000,0,2.1,14,0.0,0.0,80,0.0,0.0,0.0,1.0
149650,0,1,3400,-59,59,410,8.8,14,0.50,129568.000000,0,2.1,15,0.0,0.0,0.0,0.0,0.0,0.0,1.0
149899,0,1,3400,-59,59,405,8.7,14,0.50,81984.000000,0,2.1,15,0.0,0.0,0.0,0.0,0.0,0.0,1.0
150148,0,1,3400,-59,59,406,9.5,14,0.50,118208.000000,0,2.1,15,0.0,0.0,0.0,0.0,0.0,0.0,1.0
150397,0,1,3400,-59,59,406,10,14,0.50,124928.000000,0,2.1,13,0.0,6528.000000,50,0.0,0.0,0.0,1.0
150646,0,1,3400,-59,59,404,7.3,14,0.50,74176.000000,0,2.1,13,0.0,0.0,0.0,0.0,0.0,0.0,1.0
150895,0,1,3400,-59,59,405,7.7,14,0.50,122912.000000,0,2.1,12,0.0,0.0,0.0,0.0,0.0,0.0,1.0
151144,0,1,3400,-59,59,410,8.7,14,0.50,146816.000000,0,2.1,11,0.0,5536.000000,0,0.0,0.0,0.0,1.0
151393,0,1,3400,-59,59,405,7.7,14,0.50,125856.000000,0,2.1,6.6,0.0,29312.000000,53,0.0,0.0,0.0,1.0
151642,0,1,3400,-59,59,400,5.6,14,0.50,119840.000000,0,2.1,7.0,0.0,17056.000000,0,0.0,0.0,0.0,1.0
151891,0,1,3400,-59,59,405,10.0,14,0.50,114720.000000,0,2.1,7.5,0.0,17056.000000,0,0.0,0.0,0.0,1.0
152140,0,1,3400,-59,59,408,11,14,0.50,70112.000000,0,2.1,7.5,0.0,0.0,0.0,0.0,0.0,0.0,1.0
152389,0,1,3400,-59,59,403,7.7,14,0.50,119360.000000,0,2.1,13,0.0,12608.000000,0,0.0,0.0,0.0,1.0
152638,0,1,3400,-59,59,401,9.0,14,0.50,129536.000000,0,2.1,14,0.0,0.0,0.0,0.0,0.0,0.0,1.0
152887,0,1,3400,-59,59,402,8.8,14,0.50,129824.000000,0,2.1,14,0.0,0.0,0.0,0.0,0.0,0.0,1.0
153136,0,1,3400,-59,59,408,9.4,14,0.50,81728.000000,0,2.1,14,0.0,0.0,0.0,0.0,0.0,0.0,1.0
153385,0,1,3400,-59,59,412,8.6,14,0.50,92352.000000,0,2.1,14,40,4896.000000,50,0.0,0.0,0.0,1.0
153634,0,1,3400,-59,59,402,8.2,14,0.50,58976.000000,0,2.1,10,0.0,12640.000000,25,0.0,0.0,0.0,1.0
153883,0,1,3400,-59,59,401,11,14,0.50,81152.000000,0,2.1,0.0,0.0,0.0,0.0,0.0,0.0,0.0,1.0
154132,0,1,3400,-59,59,401,7.2,14,0.50,97440.000000,0,2.1,0.0,0.0,0.0,0.0,0.0,0.0,0.0,1.0
154381,0,1,3400,-59,59,405,9.6,14,0.50,108704.000000,0,2.1,17,0.0,6720.000000,50,0.0,0.0,0.0,1.0
154630,0,1,3400,-59,59,404,9.4,14,0.50,109056.000000,0,2.1,21,0.0,0.0,0.0,0.0,0.0,0.0,1.0
154879,0,1,3400,-59,59,406,7.9,14,0.50,103200.000000,0,2.1,21,0.0,0.0,0.0,0.0,0.0,0.0,1.0
155128,0,1,3400,-59,59,401,9.2,14,0.50,82304.000000,0,2.1,21,0.0,0.0,0.0,0.0,0.0,0.0,1.0
155377,0,1,3400,-59,59,402,6.4,14,0.50,80864.000000,0,2.1,9.8,0.0,13920.000000,53,0.0,0.0,0.0,1.0
155626,0,1,3400,-59,59,410,9.4,14,0.50,81216.000000,0,2.1,6.0,0.0,0.0,0.0,0.0,0.0,0.0,1.0
155875,0,1,3400,-59,59,407,8.8,14,0.50,129696.000000,0,2.1,6.0,0.0,0.0,0.0,0.0,0.0,0.0,1.0
156124,0,1,3400,-59,59,399,9.3,14,0.50,132608.000000,0,2.1,6.0,0.0,0.0,0.0,0.0,0.0,0.0,1.0
156373,0,1,3400,-59,59,400,6.3,14,0.50,112896.000000,0,2.1,2.6,0.0,12512.000000,36,0.0,0.0,0.0,1.0
156622,0,1,3400,-59,59,406,8.8,14,0.50,114240.000000,0,2.1,0.0,0.0,0.0,0.0,0.0,0.0,0.0,1.0
156871,0,1,3400,-59,59,405,8.1,14,0.50,106848.000000,0,2.1,0.0,0.0,0.0,0.0,0.0,0.0,0.0,1.0
157120,0,1,3400,-59,59,403,9.8,14,0.50,151616.000000,0,2.1,0.0,0.0,0.0,0.0,0.0,0.0,0.0,1.0
157369,0,1,3400,-59,59,405,11,14,0.50,108000.000000,0,2.1,4.6,0.0,19968.000000,44,0.0,0.0,0.0,1.0
157618,0,1,3400,-59,59,400,8.4,14,0.50,103776.000000,0,2.1,0.0,0.0,0.0,0.0,0.0,0.0,0.0,1.0
157867,0,1,3400,-59,59,408,8.7,14,0.50,107072.000000,0,2.1,0.0,0.0,0.0,0.0,0.0,0.0,0.0,1.0
158116,0,1,3400,-59,59,405,10.0,14,0.50,129632.000000,0,2.1,0.0,0.0,5536.000000,0,0.0,0.0,0.0,1.0
158365,0,1,3400,-59,59,407,9.4,14,0.50,93056.000000,0,2.1,5.8,40,0.0,80,0.0,0.0,0.0,1.0
158614,0,1,3400,-59,59,410,8.2,14,0.50,158144.000000,0,2.1,6.7,0.0,7104.000000,50,0.0,0.0,0.0,1.0
158863,0,1,3400,-59,59,404,9.6,14,0.50,106272.000000,0,2.1,1.00,0.0,4704.000000,46,0.0,0.0,0.0,1.0
159112,0,1,3400,-59,59,408,10,14,0.50,142592.000000,0,2.1,0.0,0.0,0.0,0.0,0.0,0.0,0.0,1.0
159361,0,1,3400,-59,59,412,10,14,0.50,194752.000000,0,2.1,13,0.0,293568.000000,57,0.0,0.0,0.0,1.0
159610,0,1,3400,-59,59,407,8.0,14,0.50,121344.000000,0,2.1,16,0.0,0.0,0.0,0.0,0.0,0.0,1.0
159859,0,1,3400,-59,59,403,9.6,14,0.50,169952.000000,0,2.1,16,0.0,0.0,0.0,0.0,0.0,0.0,1.0
160108,0,1,3400,-59,59,400,10,14,0.50,104192.000000,0,2.1,16,0.0,0.0,0.0,0.0,0.0,0.0,1.0
160357,0,1,3400,-59,59,404,8.0,14,0.50,117088.000000,0,2.1,12,0.0,15584.000000,0,0.0,0.0,0.0,1.0
160606,0,1,3400,-59,59,408,8.7,14,0.50,128960.000000,0,2.1,13,0.0,0.0,75,0.0,0.0,0.0,1.0
160855,0,1,3400,-59,59,402,9.4,14,0.50,147968.000000,0,2.1,14,0.0,0.0,100.000000,0.0,0.0,0.0,1.0
161104,0,1,3400,-59,59,402,9.4,14,0.50,127872.000000,0,2.1,14,0.0,0.0,0.0,0.0,0.0,0.0,1.0
161353,0,1,3400,-59,59,406,9.6,14,0.50,129184.000000,0,2.1,15,0.0,182560.000000,62,0.0,0.0,0.0,1.0
161602,0,1,3400,-59,59,410,8.2,14,0.50,108928.000000,0,2.1,16,0.0,0.0,0.0,0.0,0.0,0.0,1.0
161851,0,1,3400,-59,59,412,7.9,14,0.50,201536.000000,0,2.1,16,0.0,0.0,0.0,0.0,0.0,0.0,1.0
162100,0,1,3400,-59,59,405,9.9,14,0.50,138336.000000,0,2.1,16,0.0,0.0,0.0,0.0,0.0,0.0,1.0
162349,0,1,3400,-59,59,406,9.1,14,0.50,92736.000000,0,2.1,13,0.0,15584.000000,25,0.0,0.0,0.0,1.0
162598,0,1,3400,-59,59,405,13,14,0.64,87008.000000,0,2.1,12,0.0,0.0,0.0,0.0,0.0,0.0,1.0
162847,0,1,3400,-59,59,409,8.8,14,0.50,96960.000000,0,2.1,12,0.0,0.0,0.0,0.0,0.0,0.0,1.0
163096,0,1,3400,-59,59,411,8.6,14,0.50,103520.000000,0,2.1,12,0.0,0.0,0.0,0.0,0.0,0.0,1.0
163345,0,1,3400,-59,59,407,8.7,14,0.50,124704.000000,0,2.1,13,0.0,23488.000000,0,0.0,0.0,0.0,1.0
163594,0,1,3400,-59,59,403,9.9,14,0.50,108032.000000,0,2.1,13,0.0,0.0,0.0,0.0,0.0,0.0,1.0
163843,0,1,3400,-59,59,402,8.5,14,0.50,116192.000000,0,2.1,14,0.0,17056.000000,0,0.0,0.0,0.0,1.0
164092,0,1,3400,-59,59,404,9.4,14,0.50,118688.000000,0,2.1,14,0.0,0.0,0.0,0.0,0.0,0.0,1.0
164341,0,1,3400,-59,59,408,7.9,14,0.50,118528.000000,0,2.1,13,0.0,23488.000000,0,0.0,0.0,0.0,1.0
164590,0,1,3400,-59,59,408,9.6,14,0.50,114208.000000,0,2.1,15,0.0,17056.000000,0,0.0,0.0,0.0,1.0
164839,0,1,3400,-59,59,407,8.7,14,0.50,112480.000000,0,2.1,15,0.0,0.0,0.0,0.0,0.0,0.0,1.0
165088,0,1,3400,-59,59,405,7.4,14,0.50,133600.000000,0,2.1,15,0.0,0.0,0.0,0.0,0.0,0.0,1.0
165337,0,1,3400,-59,59,405,8.8,14,0.50,179232.000000,0,2.1,14,0.0,23488.000000,0,0.0,0.0,0.0,1.0
165586,0,1,3400,-59,59,407,8.5,14,0.50,77088.000000,0,2.1,14,0.0,0.0,0.0,0.0,0.0,0.0,1.0
165835,0,1,3400,-59,59,407,9.3,14,0.50,142080.000000,0,2.1,13,0.0,0.0,0.0,0.0,0.0,0.0,1.0
166084,0,1,3400,-59,59,402,10,14,0.50,106464.000000,0,2.1,13,0.0,0.0,0.0,0.0,0.0,0.0,1.0
166333,0,1,3400,-59,59,403,9.6,14,0.50,93216.000000,0,2.1,15,0.0,0.0,80,0.0,0.0,0.0,1.0
166582,0,1,3400,-59,59,403,11,14,0.50,136224.000000,0,2.1,15,0.0,0.0,0.0,0.0,0.0,0.0,1.0
166831,0,1,3400,-59,59,404,8.1,14,0.50,125728.000000,0,2.1,15,0.0,0.0,0.0,0.0,0.0,0.0,1.0
167080,0,1,3400,-59,59,405,8.8,14,0.50,123008.000000,0,2.1,15,0.0,0.0,0.0,0.0,0.0,0.0,1.0
167329,0,1,3400,-59,59,407,9.5,14,0.50,150912.000000,0,2.1,9.0,0.0,27584.000000,48,0.0,0.0,0.0,1.0
167578,0,1,3400,-59,59,404,8.0,14,0.50,109440.000000,0,2.1,0.0,0.0,0.0,0.0,0.0,0.0,0.0,1.0
167827,0,1,3400,-59,59,405,8.7,14,0.50,92672.000000,0,2.1,0.0,0.0,0.0,0.0,0.0,0.0,0.0,1.0
168076,0,1,3400,-59,59,414,11,14,0.50,119200.000000,0,2.1,0.0,0.0,5536.000000,0,0.0,0.0,0.0,1.0
168325,0,1,3400,-59,59,413,8.9,14,0.50,93344.000000,0,2.1,4.7,0.0,30336.000000,55,0.0,0.0,0.0,1.0
168574,0,1,3400,-59,59,408,11,14,0.50,122560.000000,0,2.1,0.0,0.0,0.0,0.0,0.0,0.0,0.0,1.0
168823,0,1,3400,-59,59,408,9.5,14,0.50,103712.000000,0,2.1,0.0,0.0,0.0,0.0,0.0,0.0,0.0,1.0
169072,0,1,3400,-59,59,410,7.3,14,0.50,98688.000000,0,2.1,0.048,0.0,0.0,0.0,0.0,0.0,0.0,1.0
169321,0,1,3400,-59,59,401,8.8,14,0.50,104000.000000,0,2.1,0.83,0.0,108928.000000,38,0.0,0.0,0.0,1.0
169570,0,1,3400,-59,59,402,10,14,0.50,103392.000000,0,2.1,0.0,0.0,0.0,0.0,0.0,0.0,0.0,1.0
169819,0,1,3400,-59,59,407,9.6,14,0.50,113920.000000,0,2.1,0.0,0.0,0.0,0.0,0.0,0.0,0.0,1.0
170068,0,1,3400,-59,59,410,8.2,14,0.50,95488.000000,0,2.1,0.0,0.0,0.0,0.0,0.0,0.0,0.0,1.0
170317,0,1,3400,-59,59,411,9.5,14,0.50,155520.000000,0,2.1,12,0.0,23488.000000,0,0.0,0.0,0.0,1.0
170566,0,1,3400,-59,59,406,8.6,14,0.50,93856.000000,0,2.1,14,0.0,0.0,0.0,0.0,0.0,0.0,1.0
170815,0,1,3400,-59,59,402,8.5,14,0.50,157376.000000,0,2.1,14,0.0,0.0,80,0.0,0.0,0.0,1.0
171064,0,1,3400,-59,59,402,8.3,14,0.50,119296.000000,0,2.1,14,0.0,0.0,0.0,0.0,0.0,0.0,1.0
171313,0,1,3400,-59,59,402,11,14,0.50,120704.000000,0,2.1,4.9,0.0,26592.000000,14,0.0,0.0,0.0,1.0
171562,0,1,3400,-59,59,405,11,14,0.50,159552.000000,0,2.1,0.0,0.0,0.0,0.0,0.0,0.0,0.0,1.0
171811,0,1,3400,-59,59,407,9.9,14,0.50,145088.000000,0,2.1,0.0,0.0,0.0,0.0,0.0,0.0,0.0,1.0
172060,0,1,3400,-59,59,402,8.4,14,0.50,148704.000000,0,2.1,0.0,0.0,0.0,0.0,0.0,0.0,0.0,1.0
172309,0,1,3400,-59,59,403,7.5,14,0.50,128320.000000,0,2.1,9.6,0.0,23488.000000,0,0.0,0.0,0.0,1.0
172558,0,1,3400,-59,59,405,7.5,14,0.50,126464.000000,0,2.1,14,0.0,0.0,0.0,0.0,0.0,0.0,1.0
172807,0,1,3400,-59,59,414,6.6,14,0.50,92160.000000,0,2.1,14,0.0,0.0,0.0,0.0,0.0,0.0,1.0
173056,0,1,3400,-59,59,408,7.8,14,0.50,69856.000000,0,2.1,14,0.0,0.0,0.0,0.0,0.0,0.0,1.0
173305,0,1,3400,-59,59,408,8.2,14,0.50,119328.000000,0,2.1,14,0.0,23488.000000,0,0.0,0.0,0.0,1.0
173554,0,1,3400,-59,59,409,8.7,14,0.50,113184.000000,0,2.1,14,0.0,0.0,0.0,0.0,0.0,0.0,1.0
173803,0,1,3400,-59,59,408,7.8,14,0.50,117824.000000,0,2.1,14,0.0,0.0,0.0,0.0,0.0,0.0,1.0
174052,0,1,3400,-59,59,404,9.3,14,0.50,157088.000000,0,2.1,13,0.0,0.0,0.0,0.0,0.0,0.0,1.0
174301,0,1,3400,-59,59,411,10,14,0.50,135936.000000,0,2.1,15,0.0,0.0,80,0.0,0.0,0.0,1.0
174550,0,1,3400,-59,59,406,8.9,14,0.50,91968.000000,0,2.1,15,0.0,0.0,0.0,0.0,0.0,0.0,1.0
174799,0,1,3400,-59,59,403,9.7,14,0.50,64192.000000,0,2.1,15,0.0,0.0,0.0,0.0,0.0,0.0,1.0
175048,0,1,3400,-59,59,402,7.8,14,0.50,120960.000000,0,2.1,12,0.0,5536.000000,0,0.0,0.0,0.0,1.0
175297,0,1,3400,-59,59,401,9.0,14,0.50,140416.000000,0,2.1,12,0.0,23488.000000,0,0.0,0.0,0.0,1.0
175546,0,1,3400,-59,59,408,9.4,14,0.50,92736.000000,0,2.1,14,0.0,0.0,0.0,0.0,0.0,0.0,1.0
175795,0,1,3400,-59,59,407,9.2,14,0.50,86464.000000,0,2.1,14,0.0,0.0,0.0,0.0,0.0,0.0,1.0
176044,0,1,3400,-59,59,406,10,14,0.50,99392.000000,0,2.1,13,0.0,17056.000000,0,0.0,0.0,0.0,1.0
176293,0,1,3400,-59,59,406,8.2,14,0.50,153824.000000,0,2.1,6.0,0.0,23904.000000,36,0.0,0.0,0.0,1.0
176542,0,1,3400,-59,59,406,6.3,14,0.50,115072.000000,0,2.1,0.0,0.0,0.0,0.0,0.0,0.0,0.0,1.0
176791,0,1,3400,-59,59,406,9.6,14,0.50,109120.000000,0,2.1,0.0,0.0,0.0,0.0,0.0,0.0,0.0,1.0
177040,0,1,3400,-59,59,404,10,14,0.50,121216.000000,0,2.1,0.0,0.0,5536.000000,0,0.0,0.0,0.0,1.0
177289,0,1,3400,-59,59,404,9.3,14,0.50,76992.000000,0,2.1,5.4,0.0,0.0,80,0.0,0.0,0.0,1.0
177538,0,1,3400,-59,59,408,7.8,14,0.50,151872.000000,0,2.1,7.5,0.0,0.0,0.0,0.0,0.0,0.0,1.0
177787,0,1,3400,-59,59,412,9.1,14,0.50,108864.000000,0,2.1,7.5,0.0,0.0,0.0,0.0,0.0,0.0,1.0
178036,0,1,3400,-59,59,407,11,14,0.50,136992.000000,0,2.1,7.5,0.0,0.0,0.0,0.0,0.0,0.0,1.0
178285,0,1,3400,-59,59,410,7.5,14,0.50,125440.000000,0,2.1,9.3,0.0,238752.000000,64,0.0,0.0,0.0,1.0
178534,0,1,3400,-59,59,405,9.7,14,0.50,108224.000000,0,2.1,8.0,0.0,0.0,0.0,0.0,0.0,0.0,1.0
178783,0,1,3400,-59,59,400,8.9,14,0.50,119744.000000,0,2.1,8.0,0.0,0.0,0.0,0.0,0.0,0.0,1.0
179032,0,1,3400,-59,59,408,9.5,14,0.50,121056.000000,0,2.1,8.0,0.0,0.0,0.0,0.0,0.0,0.0,1.0
179281,0,1,3400,-59,59,408,7.2,14,0.50,171232.000000,0,2.1,0.90,0.0,8160.000000,17,0.0,0.0,0.0,1.0
179530,0,1,3400,-59,59,413,7.3,14,0.50,94080.000000,0,2.1,0.0,0.0,0.0,0.0,0.0,0.0,0.0,1.0
179779,0,1,3400,-59,59,406,9.0,14,0.50,87136.000000,0,2.1,0.0,0.0,5536.000000,0,0.0,0.0,0.0,1.0
180028,0,1,3400,-59,59,405,5.9,14,0.50,66752.000000,0,2.1,0.0,0.0,0.0,0.0,0.0,0.0,0.0,1.0
180277,0,1,3400,-59,59,404,7.5,14,0.50,124320.000000,0,2.1,12,0.0,23488.000000,0,0.0,0.0,0.0,1.0
180526,0,1,3400,-59,59,405,10,14,0.50,120480.000000,0,2.1,14,0.0,0.0,0.0,0.0,0.0,0.0,1.0
180775,0,1,3400,-59,59,404,8.2,14,0.50,108000.000000,0,2.1,14,0.0,0.0,0.0,0.0,0.0,0.0,1.0
181024,0,1,3400,-59,59,403,8.2,14,0.50,108256.000000,0,2.1,14,0.0,0.0,0.0,0.0,0.0,0.0,1.0
181273,0,1,3400,-59,59,406,8.9,14,0.50,118304.000000,0,2.1,13,0.0,23488.000000,0,0.0,0.0,0.0,1.0
181522,0,1,3400,-59,59,406,8.9,14,0.50,115488.000000,0,2.1,14,0.0,0.0,0.0,0.0,0.0,0.0,1.0
181771,0,1,3400,-59,59,413,9.0,14,0.50,98368.000000,0,2.1,14,0.0,34112.000000,0,0.0,0.0,0.0,1.0
182020,0,1,3400,-59,59,408,10,14,0.50,108864.000000,0,2.1,14,0.0,0.0,0.0,0.0,0.0,0.0,1.0
182269,0,1,3400,-59,59,410,8.2,14,0.50,93632.000000,0,2.1,15,0.0,40544.000000,25,0.0,0.0,0.0,1.0
182518,0,1,3400,-59,59,405,9.1,14,0.50,115360.000000,0,2.1,15,0.0,0.0,0.0,0.0,0.0,0.0,1.0
182767,0,1,3400,-59,59,408,9.9,14,0.50,108320.000000,0,2.1,15,0.0,0.0,0,0.0,0.0,0.0,1.0
183016,0,1,3400,-59,59,404,11,14,0.50,71040.000000,0,2.1,15,0.0,17056.000000,0,0.0,0.0,0.0,1.0
183265,0,1,3400,-59,59,402,8.4,14,0.50,91776.000000,0,2.1,14,0.0,23488.000000,0,0.0,0.0,0.0,1.0
183514,0,1,3400,-59,59,408,10,14,0.50,112320.000000,0,2.1,14,0.0,0.0,0.0,0.0,0.0,0.0,1.0
183763,0,1,3400,-59,59,411,9.4,14,0.50,120384.000000,0,2.1,14,0.0,0.0,0.0,0.0,0.0,0.0,1.0
184012,0,1,3400,-59,59,406,8.7,14,0.50,119968.000000,0,2.1,14,0.0,0.0,0.0,0.0,0.0,0.0,1.0
184261,0,1,3400,-59,59,405,9.0,14,0.50,138336.000000,0,2.1,12,0.0,174368.000000,54,0.0,0.0,0.0,1.0
184510,0,1,3400,-59,59,404,8.4,14,0.50,122880.000000,0,2.1,8.0,0.0,0.0,0.0,0.0,0.0,0.0,1.0
184759,0,1,3400,-59,59,406,11,14,0.50,158080.000000,0,2.1,8.0,0.0,0.0,0.0,0.0,0.0,0.0,1.0
185008,0,1,3400,-59,59,403,8.6,14,0.50,159232.000000,0,2.1,8.0,0.0,0.0,0.0,0.0,0.0,0.0,1.0
185257,0,1,3400,-59,59,410,8.8,14,0.50,114080.000000,0,2.1,13,0.0,12608.000000,0,0.0,0.0,0.0,1.0
185506,0,1,3400,-59,59,415,10,14,0.50,129248.000000,0,2.1,14,0.0,0.0,0.0,0.0,0.0,0.0,1.0
185755,0,1,3400,-59,59,414,7.9,14,0.50,102432.000000,0,2.1,14,0.0,0.0,0.0,0.0,0.0,0.0,1.0
186004,0,1,3400,-59,59,400,7.3,14,0.50,159680.000000,0,2.1,14,0.0,0.0,0.0,0.0,0.0,0.0,1.0
186253,0,1,3400,-59,59,400,7.2,14,0.50,84448.000000,0,2.1,14,0.0,23488.000000,0,0.0,0.0,0.0,1.0
186502,0,1,3400,-59,59,404,8.2,14,0.50,83424.000000,0,2.1,14,0.0,0.0,0.0,0.0,0.0,0.0,1.0
186751,0,1,3400,-59,59,408,10,14,0.50,123200.000000,0,2.1,14,0.0,0.0,0.0,0.0,0.0,0.0,1.0
187000,0,1,3400,-59,59,409,9.0,14,0.50,112448.000000,0,2.1,14,0.0,0.0,0.0,0.0,0.0,0.0,1.0
187249,0,1,3400,-59,59,417,9.5,14,0.50,119328.000000,0,2.1,14,0.0,23488.000000,0,0.0,0.0,0.0,1.0
187498,0,1,3400,-59,59,409,8.3,14,0.50,96416.000000,0,2.1,14,0.0,0.0,0.0,0.0,0.0,0.0,1.0
187747,0,1,3400,-59,59,409,8.4,14,0.50,136800.000000,0,2.1,13,0.0,17056.000000,0,0.0,0.0,0.0,1.0
187996,0,1,3400,-59,59,416,10,14,0.50,161664.000000,0,2.1,14,0.0,0.0,0.0,0.0,0.0,0.0,1.0
188245,0,1,3400,-59,59,412,7.6,14,0.50,109376.000000,0,2.1,14,0.0,23712.000000,42,0.0,0.0,0.0,1.0
188494,0,1,3400,-59,59,412,10,14,0.50,97120.000000,0,2.1,9.9,0.0,17056.000000,0,0.0,0.0,0.0,1.0
188743,0,1,3400,-59,59,404,9.8,14,0.50,123808.000000,0,2.1,14,0.0,0.0,0.0,0.0,0.0,0.0,1.0
188992,0,1,3400,-59,59,405,8.1,14,0.50,113632.000000,0,2.1,14,0.0,0.0,0.0,0.0,0.0,0.0,1.0
189241,0,1,3400,-59,59,407,9.4,14,0.50,147200.000000,0,2.1,6.7,0.0,33664.000000,24,0.0,0.0,0.0,1.0
189490,0,1,3400,-59,59,410,10,14,0.50,119104.000000,0,2.1,1.1,0.0,0.0,0.0,0.0,0.0,0.0,1.0
189739,0,1,3400,-59,59,408,8.3,14,0.50,129440.000000,0,2.1,1.1,0.0,0.0,0,0.0,0.0,0.0,1.0
189988,0,1,3400,-59,59,404,7.8,14,0.50,112832.000000,0,2.1,7.5,0.0,17056.000000,0,0.0,0.0,0.0,1.0
190237,0,1,3400,-59,59,402,8.8,14,0.50,88192.000000,0,2.1,13,0.0,23488.000000,0,0.0,0.0,0.0,1.0
190486,0,1,3400,-59,59,408,11,14,0.50,109376.000000,0,2.1,13,0.0,0.0,0.0,0.0,0.0,0.0,1.0
190735,0,1,3400,-59,59,407,11,14,0.50,136576.000000,0,2.1,14,0.0,0.0,0.0,0.0,0.0,0.0,1.0
190984,0,1,3400,-59,59,410,9.6,14,0.50,90592.000000,0,2.1,14,0.0,17056.000000,0,0.0,0.0,0.0,1.0
191233,0,1,3400,-59,59,402,8.3,14,0.50,96192.000000,0,2.1,12,0.0,21952.000000,44,0.0,0.0,0.0,1.0
191482,0,1,3400,-59,59,406,8.3,14,0.50,141376.000000,0,2.1,12,0.0,0.0,0.0,0.0,0.0,0.0,1.0
191731,0,1,3400,-59,59,408,6.8,14,0.50,94144.000000,0,2.1,12,0.0,0.0,0.0,0.0,0.0,0.0,1.0
191980,0,1,3400,-59,59,405,11,14,0.50,110048.000000,0,2.1,11,0.0,0.0,0.0,0.0,0.0,0.0,1.0
192229,0,1,3400,-59,59,409,7.5,14,0.50,137536.000000,0,2.1,5.3,0.0,8160.000000,17,0.0,0.0,0.0,1.0
192478,0,1,3400,-59,59,408,9.8,14,0.50,123488.000000,0,2.1,0.0,0.0,0.0,0.0,0.0,0.0,0.0,1.0
192727,0,1,3400,-59,59,406,7.8,14,0.50,103040.000000,0,2.1,0.0,0.0,0.0,0.0,0.0,0.0,0.0,1.0
192976,0,1,3400,-59,59,410,11,14,0.50,128128.000000,0,2.1,0.0,0.0,5536.000000,0,0.0,0.0,0.0,1.0
193225,0,1,3400,-59,59,408,9.1,14,0.50,139840.000000,0,2.1,12,0.0,23488.000000,0,0.0,0.0,0.0,1.0
193474,0,1,3400,-59,59,403,9.2,14,0.50,146976.000000,0,2.1,14,0.0,0.0,0.0,0.0,0.0,0.0,1.0
193723,0,1,3400,-59,59,415,14,14,0.50,107744.000000,0,2.1,13,0.0,0.0,0.0,0.0,0.0,0.0,1.0
193972,0,1,3400,-59,59,412,8.0,14,0.50,86208.000000,0,2.1,14,0.0,0.0,0.0,0.0,0.0,0.0,1.0
194221,0,1,3400,-59,59,406,8.3,14,0.50,76640.000000,0,2.1,13,0.0,5536.000000,57,0.0,0.0,0.0,1.0
194470,0,1,3400,-59,59,409,8.2,14,0.50,108960.000000,0,2.1,7.5,0.0,0.0,0.0,0.0,0.0,0.0,1.0
194719,0,1,3400,-59,59,415,11,14,0.52,177408.000000,0,2.1,7.5,0.0,0.0,0.0,0.0,0.0,0.0,1.0
194968,0,1,3400,-59,59,408,7.0,14,0.50,109408.000000,0,2.1,7.5,0.0,0.0,0.0,0.0,0.0,0.0,1.0
195217,0,1,3400,-59,59,403,7.9,14,0.50,108512.000000,0,2.1,1.1,0.0,8160.000000,17,0.0,0.0,0.0,1.0
195466,0,1,3400,-59,59,408,8.6,14,0.50,113856.000000,0,2.1,0.0,0.0,0.0,0.0,0.0,0.0,0.0,1.0
195715,0,1,3400,-59,59,406,8.6,14,0.50,134240.000000,0,2.1,0.0,0.0,0.0,0.0,0.0,0.0,0.0,1.0
195964,0,1,3400,-59,59,406,9.3,14,0.50,80576.000000,0,2.1,0.0,0.0,3488.000000,0,0.0,0.0,0.0,1.0
196213,0,1,3400,-59,59,403,9.5,14,0.50,102016.000000,0,2.1,5.5,0.0,0.0,80,0.0,0.0,0.0,1.0
196462,0,1,3400,-59,59,405,8.4,14,0.50,80640.000000,0,2.1,7.5,0.0,0.0,0.0,0.0,0.0,0.0,1.0
196711,0,1,3400,-59,59,410,10,14,0.50,96480.000000,0,2.1,7.5,0.0,0.0,0.0,0.0,0.0,0.0,1.0
196960,0,1,3400,-59,59,411,9.4,14,0.50,113472.000000,0,2.1,7.5,0.0,0.0,0.0,0.0,0.0,0.0,1.0
197209,0,1,3400,-59,59,410,9.7,14,0.50,115264.000000,0,2.1,9.6,0.0,27584.000000,46,0.0,0.0,0.0,1.0
197458,0,1,3400,-59,59,409,10,14,0.50,129792.000000,0,2.1,0.0,0.0,0.0,0.0,0.0,0.0,0.0,1.0
197707,0,1,3400,-59,59,412,9.4,14,0.50,166464.000000,0,2.1,0.0,0.0,0.0,0.0,0.0,0.0,0.0,1.0
197956,0,1,3400,-59,59,413,8.3,14,0.50,191008.000000,0,2.1,0.0,0.0,0.0,0.0,0.0,0.0,0.0,1.0
198205,0,1,3400,-59,59,405,7.2,14,0.50,101568.000000,0,2.1,0.0,0.0,8160.000000,29,0.0,0.0,0.0,1.0
198454,0,1,3400,-59,59,403,7.2,14,0.50,89888.000000,0,2.1,0.0,0.0,0.0,0.0,0.0,0.0,0.0,1.0
198703,0,1,3400,-59,59,408,7.6,14,0.50,94016.000000,0,2.1,0.0,0.0,0.0,0.0,0.0,0.0,0.0,1.0
198952,0,1,3400,-59,59,406,8.6,14,0.50,112928.000000,0,2.1,0.0,0.0,0.0,0.0,0.0,0.0,0.0,1.0
199201,0,1,3400,-59,59,410,8.2,14,0.50,108096.000000,0,2.1,13,0.0,238464.000000,64,0.0,0.0,0.0,1.0
199450,0,1,3400,-59,59,405,8.6,14,0.50,117728.000000,0,2.1,16,0.0,0.0,0.0,0.0,0.0,0.0,1.0
199699,0,1,3400,-59,59,407,8.4,14,0.50,135264.000000,0,2.1,16,0.0,0.0,0.0,0.0,0.0,0.0,1.0
199948,0,1,3400,-59,59,407,8.7,14,0.50,132960.000000,0,2.1,16,0.0,0.0,0.0,0.0,0.0,0.0,1.0
200197,0,1,3400,-59,59,414,8.9,14,0.50,130016.000000,0,2.1,9.7,0.0,19968.000000,44,0.0,0.0,0.0,1.0
200446,0,1,3400,-59,59,409,8.7,14,0.50,121760.000000,0,2.1,0.0,0.0,0.0,0.0,0.0,0.0,0.0,1.0
200695,0,1,3400,-59,59,405,7.6,14,0.50,141920.000000,0,2.1,0.0,0.0,0.0,0.0,0.0,0.0,0.0,1.0
200944,0,1,3400,-59,59,404,9.5,14,0.50,77504.000000,0,2.1,0.0,0.0,0.0,0.0,0.0,0.0,0.0,1.0
201193,0,1,3400,-59,59,403,8.1,14,0.50,131328.000000,0,2.1,0.0,0.0,8160.000000,29,0.0,0.0,0.0,1.0
201442,0,1,3400,-59,59,410,8.8,14,0.50,105088.000000,0,2.1,0.0,0.0,0.0,0.0,0.0,0.0,0.0,1.0
201691,0,1,3400,-59,59,408,10,14,0.50,130496.000000,0,2.1,0.0,0.0,0.0,0.0,0.0,0.0,0.0,1.0
201940,0,1,3400,-59,59,409,9.4,14,0.50,75712.000000,0,2.1,0.0,0.0,0.0,0.0,0.0,0.0,0.0,1.0
202189,0,1,3400,-59,59,406,7.4,14,0.50,70944.000000,0,2.1,1.3,0.0,19968.000000,31,0.0,0.0,0.0,1.0
202438,0,1,3400,-59,59,406,11,14,0.50,118784.000000,0,2.1,0.0,0.0,0.0,0.0,0.0,0.0,0.0,1.0
202687,0,1,3400,-59,59,405,8.1,14,0.50,120000.000000,0,2.1,0.0,0.0,0.0,0.0,0.0,0.0,0.0,1.0
202936,0,1,3400,-59,59,412,9.5,14,0.50,151360.000000,0,2.1,0.0,0.0,0.0,0.0,0.0,0.0,0.0,1.0
203185,0,1,3400,-59,59,408,8.2,14,0.50,86528.000000,0,2.1,0.0,0.0,8160.000000,17,0.0,0.0,0.0,1.0
203434,0,1,3400,-59,59,413,8.7,14,0.50,145152.000000,0,2.1,0.0,0.0,0.0,0.0,0.0,0.0,0.0,1.0
203683,0,1,3400,-59,59,408,8.0,14,0.50,97184.000000,0,2.1,0.0,0.0,0.0,0.0,0.0,0.0,0.0,1.0
203932,0,1,3400,-59,59,400,8.6,14,0.50,114272.000000,0,2.1,0.0,0.0,5536.000000,0,0.0,0.0,0.0,1.0
204181,0,1,3400,-59,59,402,9.2,14,0.50,117792.000000,0,2.1,9.4,0.0,23488.000000,20,0.0,0.0,0.0,1.0
204430,0,1,3400,-59,59,404,9.9,14,0.50,103040.000000,0,2.1,14,0.0,0.0,0.0,0.0,0.0,0.0,1.0
204679,0,1,3400,-59,59,406,9.0,14,0.50,140544.000000,0,2.1,14,0.0,17056.000000,0,0.0,0.0,0.0,1.0
204928,0,1,3400,-59,59,405,7.6,14,0.50,92704.000000,0,2.1,14,0.0,0.0,0.0,0.0,0.0,0.0,1.0
205177,0,1,3400,-59,59,414,9.4,14,0.50,129728.000000,0,2.1,9.4,0.0,7840.000000,58,0.0,0.0,0.0,1.0
205426,0,1,3400,-59,59,406,8.1,14,0.50,118784.000000,0,2.1,0.0,0.0,0.0,0.0,0.0,0.0,0.0,1.0
205675,0,1,3400,-59,59,405,8.9,14,0.50,87328.000000,0,2.1,0.0,0.0,0.0,0.0,0.0,0.0,0.0,1.0
205924,0,1,3400,-59,59,406,8.9,14,0.50,134656.000000,0,2.1,0.0,0.0,0.0,0.0,0.0,0.0,0.0,1.0
206173,0,1,3400,-59,59,408,8.6,14,0.50,151264.000000,0,2.1,0.0,0.0,13696.000000,30,0.0,0.0,0.0,1.0
206422,0,1,3400,-59,59,408,9.6,14,0.50,133792.000000,0,2.1,0.0,0.0,0.0,0.0,0.0,0.0,0.0,1.0
206671,0,1,3400,-59,59,412,7.4,14,0.50,147840.000000,0,2.1,0.0,0.0,0.0,0.0,0.0,0.0,0.0,1.0
206920,0,1,3400,-59,59,407,6.3,14,0.50,87328.000000,0,2.1,0.36,0.0,17056.000000,0,0.0,0.0,0.0,1.0
207169,0,1,3400,-59,59,405,11,14,0.50,66624.000000,0,2.1,12,0.0,23488.000000,0,0.0,0.0,0.0,1.0
207418,0,1,3400,-59,59,404,6.9,14,0.50,108000.000000,0,2.1,13,0.0,0.0,0.0,0.0,0.0,0.0,1.0
207667,0,1,3400,-59,59,407,9.8,14,0.50,88768.000000,0,2.1,14,0.0,17056.000000,0,0.0,0.0,0.0,1.0
207916,0,1,3400,-59,59,404,7.8,14,0.50,197792.000000,0,2.1,14,0.0,17056.000000,0,0.0,0.0,0.0,1.0
208165,0,1,3400,-59,59,407,9.3,14,0.50,162432.000000,0,2.1,6.6,0.0,28288.000000,31,0.0,0.0,0.0,1.0
208414,0,1,3400,-59,59,410,9.5,14,0.50,60608.000000,0,2.1,1.0,0.0,0.0,0.0,0.0,0.0,0.0,1.0
208663,0,1,3400,-59,59,404,14,14,0.50,126528.000000,0,2.1,1.0,0.0,0.0,0.0,0.0,0.0,0.0,1.0
208912,0,1,3400,-59,59,412,7.5,14,0.50,118688.000000,0,2.1,1.00,0.0,5536.000000,0,0.0,0.0,0.0,1.0
209161,0,1,3400,-59,59,407,9.5,14,0.50,64064.000000,0,2.1,6.8,0.0,14496.000000,33,0.0,0.0,0.0,1.0
209410,0,1,3400,-59,59,403,10,14,0.50,71872.000000,0,2.1,9.0,0.0,0.0,0.0,0.0,0.0,0.0,1.0
209659,0,1,3400,-59,59,404,7.0,14,0.50,102816.000000,0,2.1,9.0,0.0,0.0,0.0,0.0,0.0,0.0,1.0
209908,0,1,3400,-59,59,403,11,14,0.50,135104.000000,0,2.1,9.0,0.0,0.0,0.0,0.0,0.0,0.0,1.0
210157,0,1,3400,-59,59,412,8.5,14,0.50,120480.000000,0,2.1,11,0.0,22976.000000,0,0.0,0.0,0.0,1.0
210406,0,1,3400,-59,59,409,8.3,14,0.50,119200.000000,0,2.1,12,0.0,0.0,0.0,0.0,0.0,0.0,1.0
210655,0,1,3400,-59,59,405,9.1,14,0.50,93792.000000,0,2.1,12,0.0,0.0,0.0,0.0,0.0,0.0,1.0
210904,0,1,3400,-59,59,407,7.4,14,0.50,118912.000000,0,2.1,12,0.0,0.0,0.0,0.0,0.0,0.0,1.0
211153,0,1,3400,-59,59,409,6.6,14,0.50,104544.000000,0,2.1,13,0.0,23488.000000,43,0.0,0.0,0.0,1.0
211402,0,1,3400,-59,59,408,9.0,14,0.50,139552.000000,0,2.1,12,0.0,0.0,0.0,0.0,0.0,0.0,1.0
211651,0,1,3400,-59,59,407,9.1,14,0.50,132480.000000,0,2.1,13,0.0,0.0,67,0.0,0.0,0.0,1.0
211900,0,1,3400,-59,59,402,9.8,14,0.50,110656.000000,0,2.1,7.5,0.0,3488.000000,0,0.0,0.0,0.0,1.0
212149,0,1,3400,-59,59,399,10.0,14,0.50,139488.000000,0,2.1,9.6,0.0,27488.000000,36,0.0,0.0,0.0,1.0
212398,0,1,3400,-59,59,401,6.2,14,0.50,129248.000000,0,2.1,8.6,0.0,34112.000000,0,0.0,0.0,0.0,1.0
212647,0,1,3400,-59,59,410,9.0,14,0.50,139808.000000,0,2.1,12,0.0,0.0,0.0,0.0,0.0,0.0,1.0
212896,0,1,3400,-59,59,411,8.3,14,0.50,136384.000000,0,2.1,12,0.0,0.0,0.0,0.0,0.0,0.0,1.0
213145,0,1,3400,-59,59,410,8.9,14,0.50,103360.000000,0,2.1,13,0.0,23488.000000,0,0.0,0.0,0.0,1.0
213394,0,1,3400,-59,59,404,9.5,14,0.54,118176.000000,0,2.1,13,0.0,0.0,0.0,0.0,0.0,0.0,1.0
213643,0,1,3400,-59,59,408,8.7,14,0.50,91872.000000,0,2.1,14,0.0,0.0,0.0,0.0,0.0,0.0,1.0
213892,0,1,3400,-59,59,408,7.1,14,0.50,126144.000000,0,2.1,14,0.0,34112.000000,0,0.0,0.0,0.0,1.0
214141,0,1,3400,-59,59,406,9.1,14,0.50,110720.000000,0,2.1,10,0.0,30464.000000,50,0.0,0.0,0.0,1.0
214390,0,1,3400,-59,59,407,11,14,0.50,162592.000000,0,2.1,0.0,0.0,0.0,0.0,0.0,0.0,0.0,1.0
214639,0,1,3400,-59,59,407,9.1,14,0.50,129824.000000,0,2.1,0.0,0.0,0.0,0.0,0.0,0.0,0.0,1.0
214888,0,1,3400,-59,59,405,8.9,14,0.50,125344.000000,0,2.1,0.0,0.0,0.0,0.0,0.0,0.0,0.0,1.0
215137,0,1,3400,-59,59,410,8.6,14,0.50,137408.000000,0,2.1,12,0.0,23488.000000,20,0.0,0.0,0.0,1.0
215386,0,1,3400,-59,59,415,10,14,0.50,114528.000000,0,2.1,14,0.0,0.0,0.0,0.0,0.0,0.0,1.0
215635,0,1,3400,-59,59,414,10,14,0.50,125760.000000,0,2.1,14,0.0,0.0,0.0,0.0,0.0,0.0,1.0
215884,0,1,3400,-59,59,414,11,14,0.50,145312.000000,0,2.1,14,0.0,0.0,0.0,0.0,0.0,0.0,1.0
216133,0,1,3400,-59,59,410,7.3,14,0.50,122720.000000,0,2.1,14,0.0,23488.000000,0,0.0,0.0,0.0,1.0
216382,0,1,3400,-59,59,405,8.5,14,0.50,140896.000000,0,2.1,14,0.0,0.0,0.0,0.0,0.0,0.0,1.0
216631,0,1,3400,-59,59,405,9.9,14,0.50,120000.000000,0,2.1,15,0.0,17056.000000,0,0.0,0.0,0.0,1.0
216880,0,1,3400,-59,59,414,8.7,14,0.50,136576.000000,0,2.1,15,0.0,0.0,0.0,0.0,0.0,0.0,1.0
217129,0,1,3400,-59,59,413,10,14,0.50,131296.000000,0,2.1,14,0.0,23488.000000,20,0.0,0.0,0.0,1.0
217378,0,1,3400,-59,59,408,10,14,0.50,87008.000000,0,2.1,13,0.0,0.0,0.0,0.0,0.0,0.0,1.0
217627,0,1,3400,-59,59,412,8.9,14,0.50,140192.000000,0,2.1,14,0.0,0.0,0.0,0.0,0.0,0.0,1.0
217876,0,1,3400,-59,59,413,8.8,14,0.50,135136.000000,0,2.1,14,0.0,0.0,0.0,0.0,0.0,0.0,1.0
218125,0,1,3400,-59,59,407,10.0,14,0.50,130912.000000,0,2.1,14,0.0,23488.000000,0,0.0,0.0,0.0,1.0
218374,0,1,3400,-59,59,405,8.8,14,0.50,120096.000000,0,2.1,13,0.0,0.0,0.0,0.0,0.0,0.0,1.0
218623,0,1,3400,-59,59,406,9.0,14,0.50,83232.000000,0,2.1,14,0.0,0.0,0.0,0.0,0.0,0.0,1.0
218872,0,1,3400,-59,59,409,7.7,14,0.50,86368.000000,0,2.1,14,0.0,0.0,0.0,0.0,0.0,0.0,1.0
219121,0,1,3400,-59,59,411,9.4,14,0.50,118464.000000,0,2.1,3.8,0.0,23904.000000,36,0.0,0.0,0.0,1.0
219370,0,1,3400,-59,59,419,9.5,14,0.50,128512.000000,0,2.1,0.0,0.0,5536.000000,0,0.0,0.0,0.0,1.0
219619,0,1,3400,-59,59,413,10,14,0.50,107808.000000,0,2.1,0.0,0.0,0.0,0.0,0.0,0.0,0.0,1.0
219868,0,1,3400,-59,59,407,8.0,14,0.50,111520.000000,0,2.1,0.0,0.0,0.0,0.0,0.0,0.0,0.0,1.0
220117,0,1,3400,-59,59,406,7.1,14,0.50,119136.000000,0,2.1,5.1,0.0,16512.000000,31,0.0,0.0,0.0,1.0
220366,0,1,3400,-59,59,405,10,14,0.52,113984.000000,0,2.1,6.0,0.0,0.0,0.0,0.0,0.0,0.0,1.0
220615,0,1,3400,-59,59,401,8.7,14,0.50,98752.000000,0,2.1,6.0,0.0,0.0,0.0,0.0,0.0,0.0,1.0
220864,0,1,3400,-59,59,407,6.8,14,0.50,124000.000000,0,2.1,6.0,0.0,0.0,0.0,0.0,0.0,0.0,1.0
221113,0,1,3400,-59,59,413,8.2,14,0.50,134624.000000,0,2.1,12,0.0,23488.000000,20,0.0,0.0,0.0,1.0
221362,0,1,3400,-59,59,408,8.2,14,0.50,113312.000000,0,2.1,14,0.0,0.0,0.0,0.0,0.0,0.0,1.0
221611,0,1,3400,-59,59,410,9.4,14,0.50,102240.000000,0,2.1,14,0.0,0.0,0.0,0.0,0.0,0.0,1.0
221860,0,1,3400,-59,59,410,11,14,0.50,127424.000000,0,2.1,14,0.0,0.0,0.0,0.0,0.0,0.0,1.0
222109,0,1,3400,-59,59,412,8.5,14,0.50,149184.000000,0,2.1,14,0.0,29920.000000,14,0.0,0.0,0.0,1.0
222358,0,1,3400,-59,59,407,11,14,0.50,135072.000000,0,2.1,13,0.0,0.0,0.0,0.0,0.0,0.0,1.0
222607,0,1,3400,-59,59,406,9.5,14,0.50,114016.000000,0,2.1,14,0.0,0.0,0.0,0.0,0.0,0.0,1.0
222856,0,1,3400,-59,59,405,10,14,0.50,113120.000000,0,2.1,13,0.0,0.0,80,0.0,0.0,0.0,1.0
223105,0,1,3400,-59,59,411,7.0,14,0.50,97152.000000,0,2.1,13,0.0,9824.000000,38,0.0,0.0,0.0,1.0
223354,0,1,3400,-59,59,415,8.2,14,0.50,112480.000000,0,2.1,12,0.0,0.0,0.0,0.0,0.0,0.0,1.0
223603,0,1,3400,-59,59,409,11,14,0.50,108192.000000,0,2.1,13,0.0,0.0,0.0,0.0,0.0,0.0,1.0
223852,0,1,3400,-59,59,405,9.4,14,0.50,168128.000000,0,2.1,13,0.0,0.0,80,0.0,0.0,0.0,1.0
224101,0,1,3400,-59,59,405,8.2,14,0.50,98624.000000,0,2.1,4.6,0.0,108928.000000,35,0.0,0.0,0.0,1.0
224350,0,1,3400,-59,59,408,6.8,14,0.50,84992.000000,0,2.1,0.0,0.0,0.0,0.0,0.0,0.0,0.0,1.0
224599,0,1,3400,-59,59,409,10,14,0.50,150336.000000,0,2.1,0.0,0.0,0.0,0.0,0.0,0.0,0.0,1.0
224848,0,1,3400,-59,59,409,9.9,14,0.50,64320.000000,0,2.1,0.0,0.0,0.0,0.0,0.0,0.0,0.0,1.0
225097,0,1,3400,-59,59,413,8.4,14,0.50,98016.000000,0,2.1,0.81,0.0,12512.000000,36,0.0,0.0,0.0,1.0
225346,0,1,3400,-59,59,408,7.0,14,0.50,128672.000000,0,2.1,0.0,0.0,0.0,0.0,0.0,0.0,0.0,1.0
225595,0,1,3400,-59,59,405,9.7,14,0.50,112640.000000,0,2.1,0.0,0.0,0.0,0.0,0.0,0.0,0.0,1.0
225844,0,1,3400,-59,59,409,9.8,14,0.50,158720.000000,0,2.1,0.0,0.0,0.0,0.0,0.0,0.0,0.0,1.0
226093,0,1,3400,-59,59,415,7.6,14,0.50,124576.000000,0,2.1,3.2,0.0,19968.000000,36,0.0,0.0,0.0,1.0
226342,0,1,3400,-59,59,416,11,14,0.50,123520.000000,0,2.1,0.0,0.0,0.0,0.0,0.0,0.0,0.0,1.0
226591,0,1,3400,-59,59,410,11,14,0.51,108192.000000,0,2.1,0.0,0.0,0.0,0.0,0.0,0.0,0.0,1.0
226840,0,1,3400,-59,59,405,8.8,14,0.50,141152.000000,0,2.1,0.0,0.0,0.0,0.0,0.0,0.0,0.0,1.0
227089,0,1,3400,-59,59,405,8.2,14,0.50,135744.000000,0,2.1,14,0.0,152672.000000,65,0.0,0.0,0.0,1.0
227338,0,1,3400,-59,59,406,6.7,14,0.50,74464.000000,0,2.1,16,0.0,0.0,0.0,0.0,0.0,0.0,1.0
227587,0,1,3400,-59,59,409,7.1,14,0.50,99520.000000,0,2.1,12,0.0,22592.000000,0,0.0,0.0,0.0,1.0
227836,0,1,3400,-59,59,407,8.6,14,0.50,131904.000000,0,2.1,16,0.0,0.0,0.0,0.0,0.0,0.0,1.0
228085,0,1,3400,-59,59,411,9.7,14,0.50,145728.000000,0,2.1,14,0.0,23488.000000,20,0.0,0.0,0.0,1.0
228334,0,1,3400,-59,59,414,11,14,0.50,107616.000000,0,2.1,14,0.0,0.0,0.0,0.0,0.0,0.0,1.0
228583,0,1,3400,-59,59,409,8.7,14,0.50,138944.000000,0,2.1,13,0.0,0.0,0.0,0.0,0.0,0.0,1.0
228832,0,1,3400,-59,59,413,9.8,14,0.50,115488.000000,0,2.1,14,0.0,17056.000000,0,0.0,0.0,0.0,1.0
229081,0,1,3400,-59,59,411,9.3,14,0.50,82240.000000,0,2.1,14,0.0,17056.000000,57,0.0,0.0,0.0,1.0
229330,0,1,3400,-59,59,408,11,14,0.50,114784.000000,0,2.1,14,0.0,0.0,0.0,0.0,0.0,0.0,1.0
229579,0,1,3400,-59,59,409,9.0,14,0.50,76768.000000,0,2.1,14,0.0,0.0,0.0,0.0,0.0,0.0,1.0
229828,0,1,3400,-59,59,407,8.9,14,0.50,103360.000000,0,2.1,14,0.0,0.0,0.0,0.0,0.0,0.0,1.0
230077,0,1,3400,-59,59,404,9.1,14,0.50,92576.000000,0,2.1,8.0,0.0,24032.000000,36,0.0,0.0,0.0,1.0
230326,0,1,3400,-59,59,405,6.4,14,0.50,159744.000000,0,2.1,0.0,0.0,0.0,0.0,0.0,0.0,0.0,1.0
230575,0,1,3400,-59,59,415,9.3,14,0.50,142688.000000,0,2.1,7.3,0.0,0.0,80,0.0,0.0,0.0,1.0
230824,0,1,3400,-59,59,415,10,14,0.50,98560.000000,0,2.1,7.5,0.0,0.0,0.0,0.0,0.0,0.0,1.0
231073,0,1,3400,-59,59,409,9.3,14,0.50,97856.000000,0,2.1,13,0.0,13952.000000,0,0.0,0.0,0.0,1.0
231322,0,1,3400,-59,59,408,9.2,14,0.50,98976.000000,0,2.1,14,0.0,0.0,0.0,0.0,0.0,0.0,1.0
231571,0,1,3400,-59,59,413,10,14,0.50,129472.000000,0,2.1,14,0.0,0.0,0.0,0.0,0.0,0.0,1.0
231820,0,1,3400,-59,59,409,9.1,14,0.50,124288.000000,0,2.1,14,0.0,0.0,0.0,0.0,0.0,0.0,1.0
232069,0,1,3400,-59,59,408,11,14,0.50,160576.000000,0,2.1,13,0.0,15584.000000,0,0.0,0.0,0.0,1.0
232318,0,1,3400,-59,59,413,7.9,14,0.50,173408.000000,0,2.1,12,0.0,0.0,0.0,0.0,0.0,0.0,1.0
232567,0,1,3400,-59,59,414,9.0,14,0.50,108608.000000,0,2.1,12,0.0,0.0,0.0,0.0,0.0,0.0,1.0
232816,0,1,3400,-59,59,406,8.5,14,0.50,109216.000000,0,2.1,12,0.0,0.0,0.0,0.0,0.0,0.0,1.0
233065,0,1,3400,-59,59,407,8.5,14,0.50,192320.000000,0,2.1,14,0.0,0.0,80,0.0,0.0,0.0,1.0
233314,0,1,3400,-59,59,409,8.7,14,0.50,93312.000000,0,2.1,9.5,0.0,5536.000000,33,0.0,0.0,0.0,1.0
233563,0,1,3400,-59,59,408,9.7,14,0.50,117920.000000,0,2.1,6.5,0.0,0.0,0.0,0.0,0.0,0.0,1.0
233812,0,1,3400,-59,59,402,8.7,14,0.50,108864.000000,0,2.1,6.5,0.0,0.0,0.0,0.0,0.0,0.0,1.0
234061,0,1,3400,-59,59,404,11,14,0.50,123712.000000,0,2.1,1.0,0.0,12128.000000,0,0.0,0.0,0.0,1.0
234310,0,1,3400,-59,59,405,7.1,14,0.50,151616.000000,0,2.1,0.0,0.0,0.0,0.0,0.0,0.0,0.0,1.0
234559,0,1,3400,-59,59,414,6.8,14,0.50,114976.000000,0,2.1,0.0,0.0,0.0,0.0,0.0,0.0,0.0,1.0
234808,0,1,3400,-59,59,408,10,14,0.50,119904.000000,0,2.1,0.0,0.0,0.0,0.0,0.0,0.0,0.0,1.0
235057,0,1,3400,-59,59,403,8.9,14,0.50,102592.000000,0,2.1,6.7,0.0,0.0,80,0.0,0.0,0.0,1.0
235306,0,1,3400,-59,59,412,8.0,14,0.50,86368.000000,0,2.1,7.5,0.0,0.0,0.0,0.0,0.0,0.0,1.0
235555,0,1,3400,-59,59,411,8.6,14,0.50,113376.000000,0,2.1,7.5,0.0,0.0,0.0,0.0,0.0,0.0,1.0
235804,0,1,3400,-59,59,406,9.2,14,0.50,145120.000000,0,2.1,7.5,0.0,0.0,0.0,0.0,0.0,0.0,1.0
236053,0,1,3400,-59,59,408,11,14,0.50,126944.000000,0,2.1,7.8,0.0,9568.000000,40,0.0,0.0,0.0,1.0
236302,0,1,3400,-59,59,414,9.9,14,0.50,136544.000000,0,1.0,8.0,0.0,5536.000000,0,0.0,0.0,0.0,1.0
236551,0,1,3400,-59,59,411,8.1,14,0.50,104384.000000,0,2.1,8.0,0.0,0.0,0.0,0.0,0.0,0.0,1.0
236800,0,1,3400,-59,59,405,9.1,14,0.50,157120.000000,0,2.1,8.0,0.0,0.0,0.0,0.0,0.0,0.0,1.0
237049,0,1,3400,-59,59,408,8.4,14,0.50,116032.000000,0,2.1,12,0.0,23520.000000,14,0.0,0.0,0.0,1.0
237298,0,1,3400,-59,59,411,10,14,0.50,101408.000000,0,2.1,12,0.0,0.0,0.0,0.0,0.0,0.0,1.0
237547,0,1,3400,-59,59,409,9.2,14,0.50,141728.000000,0,2.1,12,0.0,17056.000000,0,0.0,0.0,0.0,1.0
237796,0,1,3400,-59,59,408,10,14,0.50,163872.000000,0,2.1,12,0.0,0.0,0.0,0.0,0.0,0.0,1.0
238045,0,1,3400,-59,59,407,9.3,14,0.50,119360.000000,0,2.1,5.7,0.0,24032.000000,42,0.0,0.0,0.0,1.0
238294,0,1,3400,-59,59,404,6.5,14,0.50,118656.000000,0,2.1,5.8,0.0,17056.000000,0,0.0,0.0,0.0,1.0
238543,0,1,3400,-59,59,410,8.9,14,0.50,101952.000000,0,2.1,7.5,0.0,17056.000000,0,0.0,0.0,0.0,1.0
238792,0,1,3400,-59,59,412,9.2,14,0.50,108672.000000,0,2.1,7.5,0.0,0.0,0.0,0.0,0.0,0.0,1.0
239041,0,1,3400,-59,59,411,10,14,0.50,115328.000000,0,2.1,12,0.0,23488.000000,0,0.0,0.0,0.0,1.0
239290,0,1,3400,-59,59,413,8.7,14,0.50,129952.000000,0,2.1,13,0.0,0.0,0.0,0.0,0.0,0.0,1.0
239539,0,1,3400,-59,59,407,9.5,14,0.50,114976.000000,0,2.1,14,0.0,0.0,0.0,0.0,0.0,0.0,1.0
239788,0,1,3400,-59,59,408,7.6,14,0.50,159488.000000,0,2.1,14,0.0,0.0,0.0,0.0,0.0,0.0,1.0
240037,0,1,3400,-59,59,404,11,14,0.50,88256.000000,0,2.1,13,0.0,23488.000000,0,0.0,0.0,0.0,1.0
240286,0,1,3400,-59,59,406,8.7,14,0.50,109472.000000,0,2.1,13,0.0,0.0,0.0,0.0,0.0,0.0,1.0
240535,0,1,3400,-59,59,410,11,14,0.50,109728.000000,0,2.1,14,0.0,0.0,0.0,0.0,0.0,0.0,1.0
240784,0,1,3400,-59,59,406,10,14,0.50,104480.000000,0,2.1,14,0.0,0.0,0.0,0.0,0.0,0.0,1.0
241033,0,1,3400,-59,59,408,9.4,14,0.50,166976.000000,0,2.1,6.0,0.0,24032.000000,36,0.0,0.0,0.0,1.0
241282,0,1,3400,-59,59,407,9.1,14,0.50,106656.000000,0,2.1,0.0,0.0,0.0,0.0,0.0,0.0,0.0,1.0
241531,0,1,3400,-59,59,408,9.6,14,0.50,181824.000000,0,2.1,0.0,0.0,0.0,0.0,0.0,0.0,0.0,1.0
241780,0,1,3400,-59,59,412,7.7,14,0.50,125760.000000,0,2.1,0.0,0.0,0.0,0.0,0.0,0.0,0.0,1.0
242029,0,1,3400,-59,59,411,9.3,14,0.50,114336.000000,0,2.1,2.9,0.0,33824.000000,27,0.0,0.0,0.0,1.0
242278,0,1,3400,-59,59,409,8.8,14,0.50,92192.000000,0,2.1,1.0,0.0,0.0,0.0,0.0,0.0,0.0,1.0
242527,0,1,3400,-59,59,413,8.4,14,0.50,106720.000000,0,2.1,1.00,0.0,0.0,0.0,0.0,0.0,0.0,1.0
242776,0,1,3400,-59,59,413,6.7,14,0.50,94720.000000,0,2.1,7.4,0.0,17056.000000,0,0.0,0.0,0.0,1.0
243025,0,1,3400,-59,59,407,9.1,14,0.50,156768.000000,0,2.1,7.8,0.0,5536.000000,57,0.0,0.0,0.0,1.0
243274,0,1,3400,-59,59,410,10,14,0.50,158048.000000,0,2.1,1.0,0.0,0.0,0.0,0.0,0.0,0.0,1.0
243523,0,1,3400,-59,59,411,11,14,0.50,98368.000000,0,2.1,1.0,0.0,5536.000000,0,0.0,0.0,0.0,1.0
243772,0,1,3400,-59,59,408,6.1,14,0.50,60384.000000,0,2.1,1.0,0.0,0.0,0.0,0.0,0.0,0.0,1.0
244021,0,1,3400,-59,59,405,6.9,14,0.50,92768.000000,0,2.1,8.0,0.0,23488.000000,0,0.0,0.0,0.0,1.0
244270,0,1,3400,-59,59,407,7.7,14,0.50,128320.000000,0,2.1,14,0.0,0.0,0.0,0.0,0.0,0.0,1.0
244519,0,1,3400,-59,59,407,9.1,14,0.50,82656.000000,0,2.1,14,0.0,0.0,0.0,0.0,0.0,0.0,1.0
244768,0,1,3400,-59,59,413,8.1,14,0.50,147168.000000,0,2.1,14,0.0,0.0,0.0,0.0,0.0,0.0,1.0
245017,0,1,3400,-59,59,414,9.3,14,0.50,113952.000000,0,2.1,16,0.0,242080.000000,59,0.0,0.0,0.0,1.0
245266,0,1,3400,-59,59,405,8.4,14,0.50,120544.000000,0,2.1,9.8,0.0,5536.000000,0,0.0,0.0,0.0,1.0
245515,0,1,3400,-59,59,409,9.0,14,0.50,117696.000000,0,2.1,8.0,0.0,0.0,0.0,0.0,0.0,0.0,1.0
245764,0,1,3400,-59,59,410,10,14,0.50,127392.000000,0,2.1,8.0,0.0,0.0,0.0,0.0,0.0,0.0,1.0
246013,0,1,3400,-59,59,411,7.7,14,0.50,141952.000000,0,2.1,10,0.0,6528.000000,50,0.0,0.0,0.0,1.0
246262,0,1,3400,-59,59,412,10,14,0.50,99520.000000,0,2.1,12,0.0,0.0,0.0,0.0,0.0,0.0,1.0
246511,0,1,3400,-59,59,413,5.3,14,0.50,104576.000000,0,2.1,12,0.0,0.0,0.0,0.0,0.0,0.0,1.0
246760,0,1,3400,-59,59,404,8.5,14,0.50,105536.000000,0,2.1,9.7,0.0,5536.000000,0,0.0,0.0,0.0,1.0
247009,0,1,3400,-59,59,408,8.7,14,0.50,158528.000000,0,2.1,12,0.0,106368.000000,59,0.0,0.0,0.0,1.0
247258,0,1,3400,-59,59,412,6.4,14,0.50,140320.000000,0,2.1,4.4,0.0,5536.000000,0,0.0,0.0,0.0,1.0
247507,0,1,3400,-59,59,409,8.2,14,0.50,146080.000000,0,2.1,0.0,0.0,0.0,0.0,0.0,0.0,0.0,1.0
247756,0,1,3400,-59,59,410,9.7,14,0.50,141376.000000,0,2.1,0.0,0.0,0.0,0.0,0.0,0.0,0.0,1.0
248005,0,1,3400,-59,59,409,7.1,14,0.50,107200.000000,0,2.1,12,0.0,67264.000000,44,0.0,0.0,0.0,1.0
248254,0,1,3400,-59,59,406,7.9,14,0.50,173856.000000,0,2.1,14,0.0,0.0,0.0,0.0,0.0,0.0,1.0
248503,0,1,3400,-59,59,410,11,14,0.50,98624.000000,0,2.1,14,0.0,0.0,0.0,0.0,0.0,0.0,1.0
248752,0,1,3400,-59,59,416,8.9,14,0.50,124672.000000,0,2.1,14,0.0,0.0,0.0,0.0,0.0,0.0,1.0
249001,0,1,3400,-59,59,414,7.2,14,0.50,95584.000000,0,2.1,1.8,0.0,10624.000000,33,0.0,0.0,0.0,1.0
249250,0,1,3400,-59,59,408,8.8,14,0.50,135424.000000,0,2.1,0.0,0.0,0.0,0.0,0.0,0.0,0.0,1.0
249499,0,1,3400,-59,59,409,6.9,14,0.50,93152.000000,0,2.1,0.0,0.0,0.0,0.0,0.0,0.0,0.0,1.0
249748,0,1,3400,-59,59,408,9.5,14,0.50,150336.000000,0,2.1,0.0,0.0,0.0,0.0,0.0,0.0,0.0,1.0
249997,0,1,3400,-59,59,413,8.1,14,0.50,137120.000000,0,2.1,6.4,0.0,9568.000000,36,0.0,0.0,0.0,1.0
250246,0,1,3400,-59,59,413,8.6,14,0.50,122304.000000,0,2.1,7.5,0.0,0.0,0.0,0.0,0.0,0.0,1.0
250495,0,1,3400,-59,59,414,5.6,14,0.50,127776.000000,0,2.1,6.5,0.0,5536.000000,0,0.0,0.0,0.0,1.0
250744,0,1,3400,-59,59,411,5.0,14,0.50,141056.000000,0,2.1,6.0,0.0,0.0,0.0,0.0,0.0,0.0,1.0
250993,0,1,3400,-59,59,412,9.3,14,0.50,120608.000000,0,2.1,13,0.0,23488.000000,0,0.0,0.0,0.0,1.0
251242,0,1,3400,-59,59,414,8.8,14,0.50,151872.000000,0,2.1,14,0.0,0.0,0.0,0.0,0.0,0.0,1.0
251491,0,1,3400,-59,59,408,13,14,0.50,124896.000000,0,2.1,14,0.0,0.0,0.0,0.0,0.0,0.0,1.0
251740,0,1,3400,-59,59,410,11,14,0.50,134816.000000,0,2.1,13,0.0,0.0,0.0,0.0,0.0,0.0,1.0
251989,0,1,3400,-59,59,408,10,14,0.50,120832.000000,0,2.1,9.2,0.0,39840.000000,0,0.0,0.0,0.0,1.0
252238,0,1,3400,-59,59,416,8.5,14,0.50,107360.000000,0,2.1,6.5,0.0,0.0,0.0,0.0,0.0,0.0,1.0
252487,0,1,3400,-59,59,414,8.5,14,0.50,97536.000000,0,2.1,6.5,0.0,0.0,0.0,0.0,0.0,0.0,1.0
252736,0,1,3400,-59,59,414,9.4,14,0.50,120352.000000,0,2.1,6.5,0.0,0.0,0.0,0.0,0.0,0.0,1.0
252985,0,1,3400,-59,59,417,7.4,14,0.50,119584.000000,0,2.1,5.0,0.0,26912.000000,23,0.0,0.0,0.0,1.0
253234,0,1,3400,-59,59,413,7.7,14,0.50,96896.000000,0,2.1,0.0,0.0,0.0,0.0,0.0,0.0,0.0,1.0
253483,0,1,3400,-59,59,410,7.7,14,0.50,117760.000000,0,2.1,0.0,0.0,0.0,0.0,0.0,0.0,0.0,1.0
253732,0,1,3400,-59,59,409,10,14,0.50,147040.000000,0,2.1,0.0,0.0,0.0,0.0,0.0,0.0,0.0,1.0
253981,0,1,3400,-59,59,411,12,14,0.50,146624.000000,0,2.1,17,0.0,3104.000000,73,0.0,0.0,0.0,1.0
254230,0,1,3400,-59,59,410,9.9,14,0.50,124160.000000,0,2.1,21,0.0,0.0,0.0,0.0,0.0,0.0,1.0
254479,0,1,3400,-59,59,413,9.3,14,0.50,107328.000000,0,2.1,21,0.0,0.0,0.0,0.0,0.0,0.0,1.0
254728,0,1,3400,-59,59,410,8.0,14,0.50,75264.000000,0,2.1,18,0.0,17056.000000,0,0.0,0.0,0.0,1.0
254977,0,1,3400,-59,59,410,9.4,14,0.50,139136.000000,0,2.1,14,0.0,23488.000000,0,0.0,0.0,0.0,1.0
255226,0,1,3400,-59,59,407,9.8,14,0.50,138752.000000,0,2.1,14,0.0,0.0,0.0,0.0,0.0,0.0,1.0
255475,0,1,3400,-59,59,408,9.7,14,0.50,96608.000000,0,2.1,14,0.0,0.0,0.0,0.0,0.0,0.0,1.0
255724,0,1,3400,-59,59,414,10,14,0.50,124896.000000,0,2.1,14,0.0,0.0,0.0,0.0,0.0,0.0,1.0
255973,0,1,3400,-59,59,410,11,14,0.50,128384.000000,0,2.1,14,0.0,17056.000000,57,0.0,0.0,0.0,1.0
256222,0,1,3400,-59,59,410,7.9,14,0.50,119296.000000,0,2.1,14,0.0,17056.000000,0,0.0,0.0,0.0,1.0
256471,0,1,3400,-59,59,407,11,14,0.50,132992.000000,0,2.1,13,0.0,0.0,0.0,0.0,0.0,0.0,1.0
256720,0,1,3400,-59,59,405,9.4,14,0.50,87968.000000,0,2.1,14,0.0,0.0,0.0,0.0,0.0,0.0,1.0
256969,0,1,3400,-59,59,407,9.3,14,0.50,124544.000000,0,2.1,15,0.0,0.0,80,0.0,0.0,0.0,1.0
257218,0,1,3400,-59,59,406,8.9,14,0.50,149984.000000,0,2.1,15,0.0,0.0,0.0,0.0,0.0,0.0,1.0
257467,0,1,3400,-59,59,413,6.5,14,0.50,102304.000000,0,2.1,15,0.0,0.0,0.0,0.0,0.0,0.0,1.0
257716,0,1,3400,-59,59,414,8.4,14,0.50,123840.000000,0,2.1,15,0.0,0.0,0.0,0.0,0.0,0.0,1.0
257965,0,1,3400,-59,59,419,9.0,14,0.50,157344.000000,0,2.1,9.6,0.0,146144.000000,0,0.0,0.0,0.0,1.0
258214,0,1,3400,-59,59,409,8.5,14,0.50,108896.000000,0,2.1,7.5,0.0,0.0,0.0,0.0,0.0,0.0,1.0
258463,0,1,3400,-59,59,403,9.6,14,0.50,141536.000000,0,2.1,7.5,0.0,0.0,0.0,0.0,0.0,0.0,1.0
258712,0,1,3400,-59,59,406,8.2,14,0.50,92224.000000,0,2.1,7.5,0.0,0.0,0.0,0.0,0.0,0.0,1.0
258961,0,1,3400,-59,59,408,10,14,0.50,140512.000000,0,2.1,13,0.0,23488.000000,20,0.0,0.0,0.0,1.0
259210,0,1,3400,-59,59,417,8.6,14,0.50,102016.000000,0,2.1,14,0.0,0.0,0.0,0.0,0.0,0.0,1.0
259459,0,1,3400,-59,59,414,15,14,0.52,147040.000000,0,2.1,14,0.0,17056.000000,0,0.0,0.0,0.0,1.0
259708,0,1,3400,-59,59,417,11,14,0.53,144192.000000,0,2.1,15,0.0,0.0,0.0,0.0,0.0,0.0,1.0
259957,0,1,3400,-59,59,417,8.2,14,0.50,130816.000000,0,2.1,9.7,0.0,28416.000000,31,0.0,0.0,0.0,1.0
260206,0,1,3400,-59,59,408,8.1,14,0.50,92096.000000,0,1.0,6.0,0.0,0.0,0.0,0.0,0.0,0.0,1.0
260455,0,1,3400,-59,59,412,7.9,14,0.50,129120.000000,0,1.0,6.0,0.0,0.0,0.0,0.0,0.0,0.0,1.0
260704,0,1,3400,-59,59,413,8.0,14,0.50,59680.000000,0,1.0,6.0,0.0,0.0,0.0,0.0,0.0,0.0,1.0
260953,0,1,3400,-59,59,409,9.4,14,0.50,96384.000000,0,1.0,12,0.0,23488.000000,20,0.0,0.0,0.0,1.0
261202,0,1,3400,-59,59,405,8.7,14,0.50,119392.000000,0,2.1,14,0.0,0.0,0.0,0.0,0.0,0.0,1.0
261451,0,1,3400,-59,59,403,9.1,14,0.50,136960.000000,0,2.1,14,0.0,0.0,0.0,0.0,0.0,0.0,1.0
261700,0,1,3400,-59,59,412,10,14,0.50,137312.000000,0,2.1,14,0.0,0.0,0.0,0.0,0.0,0.0,1.0
261949,0,1,3400,-59,59,410,9.2,14,0.50,120160.000000,0,2.1,12,0.0,5184.000000,50,0.0,0.0,0.0,1.0
262198,0,1,3400,-59,59,410,7.1,14,0.50,140736.000000,0,2.1,12,0.0,0.0,0.0,0.0,0.0,0.0,1.0
262447,0,1,3400,-59,59,411,7.3,14,0.50,125856.000000,0,2.1,8.1,0.0,5536.000000,0,0.0,0.0,0.0,1.0
262696,0,1,3400,-59,59,408,8.7,14,0.50,76992.000000,0,2.1,8.0,0.0,0.0,0.0,0.0,0.0,0.0,1.0
262945,0,1,3400,-59,59,409,6.9,14,0.50,183872.000000,0,2.1,13,0.0,23488.000000,0,0.0,0.0,0.0,1.0
263194,0,1,3400,-59,59,408,8.7,14,0.50,104128.000000,0,2.1,14,0.0,0.0,0.0,0.0,0.0,0.0,1.0
263443,0,1,3400,-59,59,406,11,14,0.50,164992.000000,0,2.1,14,0.0,0.0,0.0,0.0,0.0,0.0,1.0
263692,0,1,3400,-59,59,408,8.6,14,0.50,128832.000000,0,2.1,13,0.0,0.0,0.0,0.0,0.0,0.0,1.0
263941,0,1,3400,-59,59,409,8.1,14,0.50,152736.000000,0,2.1,14,0.0,23488.000000,0,0.0,0.0,0.0,1.0
264190,0,1,3400,-59,59,409,9.5,14,0.50,155552.000000,0,2.1,14,0.0,0.0,0.0,0.0,0.0,0.0,1.0
264439,0,1,3400,-59,59,415,7.7,14,0.50,156224.000000,0,2.1,13,0.0,0.0,0.0,0.0,0.0,0.0,1.0
264688,0,1,3400,-59,59,412,8.6,14,0.50,86912.000000,0,2.1,14,0.0,0.0,0.0,0.0,0.0,0.0,1.0
264937,0,1,3400,-59,59,405,9.1,14,0.50,114432.000000,0,2.1,15,0.0,283296.000000,58,0.0,0.0,0.0,1.0
265186,0,1,3400,-59,59,406,9.0,14,0.50,118720.000000,0,2.1,16,0.0,0.0,0.0,0.0,0.0,0.0,1.0
265435,0,1,3400,-59,59,405,9.4,14,0.50,71456.000000,0,2.1,12,0.0,5536.000000,0,0.0,0.0,0.0,1.0
265684,0,1,3400,-59,59,406,7.4,14,0.50,112768.000000,0,2.1,8.0,0.0,0.0,0.0,0.0,0.0,0.0,1.0
265933,0,1,3400,-59,59,413,10,14,0.50,121312.000000,0,2.1,8.4,0.0,19072.000000,44,0.0,0.0,0.0,1.0
266182,0,1,3400,-59,59,417,10,14,0.50,108032.000000,0,2.1,7.5,0.0,0.0,0.0,0.0,0.0,0.0,1.0
266431,0,1,3400,-59,59,413,8.8,14,0.50,96672.000000,0,2.1,7.5,0.0,0.0,0.0,0.0,0.0,0.0,1.0
266680,0,1,3400,-59,59,411,8.6,14,0.50,112768.000000,0,2.1,7.5,0.0,0.0,0.0,0.0,0.0,0.0,1.0
266929,0,1,3400,-59,59,408,6.7,14,0.50,118848.000000,0,2.1,18,0.0,6720.000000,50,0.0,0.0,0.0,1.0
267178,0,1,3400,-59,59,409,7.7,14,0.50,92032.000000,0,2.1,21,0.0,0.0,0.0,0.0,0.0,0.0,1.0
267427,0,1,3400,-59,59,410,7.8,14,0.50,154176.000000,0,2.1,7.0,0.0,5536.000000,0,0.0,0.0,0.0,1.0
267676,0,1,3400,-59,59,414,9.9,14,0.50,107264.000000,0,2.1,6.5,0.0,0.0,0.0,0.0,0.0,0.0,1.0
267925,0,1,3400,-59,59,412,7.9,14,0.50,104544.000000,0,2.1,12,0.0,23488.000000,0,0.0,0.0,0.0,1.0
268174,0,1,3400,-59,59,410,9.0,14,0.50,156512.000000,0,2.1,14,0.0,0.0,0.0,0.0,0.0,0.0,1.0
268423,0,1,3400,-59,59,420,10,14,0.50,114016.000000,0,2.1,14,0.0,0.0,0.0,0.0,0.0,0.0,1.0
268672,0,1,3400,-59,59,419,11,14,0.50,147616.000000,0,2.1,14,0.0,0.0,0.0,0.0,0.0,0.0,1.0
268921,0,1,3400,-59,59,410,9.8,14,0.50,109888.000000,0,2.1,15,40,0.0,80,0.0,0.0,0.0,1.0
269170,0,1,3400,-59,59,410,10,14,0.50,141760.000000,0,2.1,13,0.0,7104.000000,50,0.0,0.0,0.0,1.0
269419,0,1,3400,-59,59,412,11,14,0.50,136832.000000,0,2.1,0.32,0.0,3136.000000,33,0.0,0.0,0.0,1.0
269668,0,1,3400,-59,59,413,7.3,14,0.50,59360.000000,0,2.1,0.0,0.0,0.0,0.0,0.0,0.0,0.0,1.0
269917,0,1,3400,-59,59,408,9.5,14,0.50,107392.000000,0,2.1,8.0,0.0,6528.000000,50,0.0,0.0,0.0,1.0
270166,0,1,3400,-59,59,409,8.6,14,0.50,112256.000000,0,2.1,12,0.0,0.0,0.0,0.0,0.0,0.0,1.0
270415,0,1,3400,-59,59,414,9.7,14,0.50,102624.000000,0,2.1,12,0.0,0.0,0.0,0.0,0.0,0.0,1.0
270664,0,1,3400,-59,59,411,8.3,14,0.50,137472.000000,0,2.1,12,0.0,0.0,0.0,0.0,0.0,0.0,1.0
270913,0,1,3400,-59,59,409,7.2,14,0.50,109568.000000,0,2.1,1.5,0.0,8064.000000,0,0.0,0.0,0.0,1.0
271162,0,1,3400,-59,59,405,13,14,0.55,134784.000000,0,2.1,0.0,0.0,0.0,0.0,0.0,0.0,0.0,1.0
271411,0,1,3400,-59,59,409,9.4,14,0.50,140928.000000,0,2.1,0.0,0.0,0.0,0.0,0.0,0.0,0.0,1.0
271660,0,1,3400,-59,59,407,9.1,14,0.50,101472.000000,0,2.1,0.0,0.0,0.0,0.0,0.0,0.0,0.0,1.0
271909,0,1,3400,-59,59,415,8.3,14,0.50,152704.000000,0,2.1,5.8,40,4896.000000,60,0.0,0.0,0.0,1.0
272158,0,1,3400,-59,59,412,8.1,14,0.50,86848.000000,0,2.1,6.7,0.0,7104.000000,50,0.0,0.0,0.0,1.0
272407,0,1,3400,-59,59,407,8.5,14,0.50,96000.000000,0,2.1,0.32,0.0,8672.000000,25,0.0,0.0,0.0,1.0
272656,0,1,3400,-59,59,408,7.8,14,0.50,118752.000000,0,2.1,5.2,0.0,0.0,80,0.0,0.0,0.0,1.0
272905,0,1,3400,-59,59,410,8.8,14,0.50,185440.000000,0,2.1,12,0.0,8160.000000,55,0.0,0.0,0.0,1.0
273154,0,1,3400,-59,59,415,7.2,14,0.50,97504.000000,0,2.1,15,0.0,0.0,0.0,0.0,0.0,0.0,1.0
273403,0,1,3400,-59,59,408,8.9,14,0.50,113344.000000,0,2.1,15,0.0,0.0,0.0,0.0,0.0,0.0,1.0
273652,0,1,3400,-59,59,407,14,14,0.51,139584.000000,0,2.1,8.6,0.0,17056.000000,0,0.0,0.0,0.0,1.0
273901,0,1,3400,-59,59,407,8.1,14,0.50,102752.000000,0,2.1,13,0.0,0.0,80,0.0,0.0,0.0,1.0
274150,0,1,3400,-59,59,414,9.5,14,0.50,97792.000000,0,2.1,15,0.0,0.0,0.0,0.0,0.0,0.0,1.0
274399,0,1,3400,-59,59,412,9.1,14,0.50,135072.000000,0,2.1,15,0.0,0.0,0.0,0.0,0.0,0.0,1.0
274648,0,1,3400,-59,59,409,10,14,0.50,91648.000000,0,2.1,15,0.0,0.0,0.0,0.0,0.0,0.0,1.0
274897,0,1,3400,-59,59,410,8.4,14,0.50,139488.000000,0,2.1,13,0.0,6720.000000,50,0.0,0.0,0.0,1.0
275146,0,1,3400,-59,59,408,6.3,14,0.50,76800.000000,0,2.1,12,0.0,0.0,0.0,0.0,0.0,0.0,1.0
275395,0,1,3400,-59,59,410,8.9,14,0.50,123264.000000,0,2.1,12,0.0,0.0,0.0,0.0,0.0,0.0,1.0
275644,0,1,3400,-59,59,412,9.2,14,0.50,101728.000000,0,2.1,13,0.0,0.0,0.0,0.0,0.0,0.0,1.0
275893,0,1,3400,-59,59,411,11,14,0.50,85088.000000,0,2.1,14,0.0,12256.000000,0,0.0,0.0,0.0,1.0
276142,0,1,3400,-59,59,409,9.8,14,0.50,176416.000000,0,2.1,14,0.0,0.0,0.0,0.0,0.0,0.0,1.0
276391,0,1,3400,-59,59,411,5.6,14,0.50,88224.000000,0,2.1,14,0.0,0.0,0.0,0.0,0.0,0.0,1.0
276640,0,1,3400,-59,59,409,6.9,14,0.50,103776.000000,0,2.1,14,0.0,0.0,0.0,0.0,0.0,0.0,1.0
276889,0,1,3400,-59,59,410,7.7,14,0.50,130304.000000,0,2.1,3.9,0.0,30464.000000,0,0.0,0.0,0.0,1.0
277138,0,1,3400,-59,59,417,8.3,14,0.50,81600.000000,0,2.1,0.0,0.0,0.0,0.0,0.0,0.0,0.0,1.0
277387,0,1,3400,-59,59,414,10,14,0.50,144608.000000,0,2.1,0.0,0.0,0.0,0.0,0.0,0.0,0.0,1.0
277636,0,1,3400,-59,59,406,8.1,14,0.50,134016.000000,0,2.1,0.0,0.0,0.0,0.0,0.0,0.0,0.0,1.0
277885,0,1,3400,-59,59,411,7.8,14,0.50,156800.000000,0,2.1,0.82,0.0,18048.000000,31,0.0,0.0,0.0,1.0
278134,0,1,3400,-59,59,413,10,14,0.50,126272.000000,0,2.1,0.0,0.0,0.0,0.0,0.0,0.0,0.0,1.0
278383,0,1,3400,-59,59,415,9.7,14,0.50,150656.000000,0,2.1,0.0,0.0,0.0,0.0,0.0,0.0,0.0,1.0
278632,0,1,3400,-59,59,413,9.0,14,0.50,153696.000000,0,2.1,0.0,0.0,0.0,0.0,0.0,0.0,0.0,1.0
278881,0,1,3400,-59,59,408,7.9,14,0.50,107776.000000,0,2.1,9.6,0.0,40544.000000,0,0.0,0.0,0.0,1.0
279130,0,1,3400,-59,59,411,7.8,14,0.50,90880.000000,0,2.1,14,0.0,0.0,0.0,0.0,0.0,0.0,1.0
279379,0,1,3400,-59,59,415,11,14,0.50,118880.000000,0,2.1,14,0.0,0.0,0.0,0.0,0.0,0.0,1.0
279628,0,1,3400,-59,59,408,10.0,14,0.51,102176.000000,0,2.1,14,0.0,0.0,0.0,0.0,0.0,0.0,1.0
279877,0,1,3400,-59,59,408,9.0,14,0.50,108832.000000,0,2.1,6.0,0.0,29440.000000,31,0.0,0.0,0.0,1.0
280126,0,1,3400,-59,59,413,9.5,14,0.50,120640.000000,0,2.1,0.0,0.0,0.0,0.0,0.0,0.0,0.0,1.0
280375,0,1,3400,-59,59,412,9.2,14,0.53,70944.000000,0,2.1,0.0,0.0,0.0,0.0,0.0,0.0,0.0,1.0
280624,0,1,3400,-59,59,411,7.6,14,0.50,113376.000000,0,2.1,0.0,0.0,0.0,0.0,0.0,0.0,0.0,1.0
280873,0,1,3400,-59,59,409,13,14,0.50,100896.000000,0,2.1,2.1,0.0,24032.000000,36,0.0,0.0,0.0,1.0
281122,0,1,3400,-59,59,410,8.3,14,0.50,112032.000000,0,2.1,0.0,0.0,0.0,0.0,0.0,0.0,0.0,1.0
281371,0,1,3400,-59,59,410,8.2,14,0.50,146048.000000,0,2.1,0.0,0.0,0.0,0,0.0,0.0,0.0,1.0
281620,0,1,3400,-59,59,411,8.5,14,0.50,134688.000000,0,2.1,0.0,0.0,5536.000000,0,0.0,0.0,0.0,1.0
281869,0,1,3400,-59,59,413,9.7,14,0.50,75648.000000,0,2.1,9.7,0.0,23488.000000,0,0.0,0.0,0.0,1.0
282118,0,1,3400,-59,59,410,7.7,14,0.50,130304.000000,0,2.1,14,0.0,34112.000000,0,0.0,0.0,0.0,1.0
282367,0,1,3400,-59,59,412,9.4,14,0.50,114336.000000,0,2.1,14,0.0,17056.000000,0,0.0,0.0,0.0,1.0
282616,0,1,3400,-59,59,414,10,14,0.53,114400.000000,3,2.1,14,0.0,17056.000000,0,0.0,0.0,0.0,1.0
282865,0,1,3400,-59,59,408,12,14,0.64,129472.000000,0,2.1,8.1,0.0,24032.000000,36,0.0,0.0,0.0,1.0
283114,0,1,3400,-59,59,406,9.3,14,0.50,97024.000000,0,2.1,0.0,0.0,0.0,0.0,0.0,0.0,0.0,1.0
283363,0,1,3400,-59,59,409,8.1,14,0.50,134016.000000,0,2.1,0.0,0.0,0.0,0.0,0.0,0.0,0.0,1.0
283612,0,1,3400,-59,59,415,9.2,14,0.50,135360.000000,0,2.1,0.0,0.0,0.0,0.0,0.0,0.0,0.0,1.0
283861,0,1,3400,-59,59,412,8.0,14,0.50,131904.000000,0,2.1,2.9,0.0,18432.000000,36,0.0,0.0,0.0,1.0
284110,0,1,3400,-59,59,407,10,14,0.50,91808.000000,0,2.1,1.0,0.0,0.0,0.0,0.0,0.0,0.0,1.0
284359,0,1,3400,-59,59,412,10,14,0.50,119840.000000,0,2.1,1.0,0.0,0.0,0.0,0.0,0.0,0.0,1.0
284608,0,1,3400,-59,59,411,9.7,14,0.50,123008.000000,0,2.1,1.0,0.0,0.0,0.0,0.0,0.0,0.0,1.0
284857,0,1,3400,-59,59,406,9.8,14,0.50,125344.000000,0,2.1,8.9,0.0,6720.000000,50,0.0,0.0,0.0,1.0
285106,0,1,3400,-59,59,408,7.8,14,0.50,123456.000000,0,2.1,11,0.0,5536.000000,0,0.0,0.0,0.0,1.0
285355,0,1,3400,-59,59,407,8.0,14,0.50,130400.000000,0,2.1,6.0,0.0,0.0,0.0,0.0,0.0,0.0,1.0
285604,0,1,3400,-59,59,409,9.0,14,0.50,81344.000000,0,2.1,6.0,0.0,0.0,0.0,0.0,0.0,0.0,1.0
285853,0,1,3400,-59,59,410,6.2,14,0.50,149984.000000,0,2.1,13,0.0,23488.000000,0,0.0,0.0,0.0,1.0
286102,0,1,3400,-59,59,410,7.7,14,0.50,86528.000000,0,2.1,14,0.0,17056.000000,0,0.0,0.0,0.0,1.0
286351,0,1,3400,-59,59,414,11,14,0.50,140832.000000,0,2.1,14,0.0,0.0,0.0,0.0,0.0,0.0,1.0
286600,0,1,3400,-59,59,414,9.1,14,0.50,106688.000000,0,2.1,14,0.0,0.0,0.0,0.0,0.0,0.0,1.0
286849,0,1,3400,-59,59,413,11,14,0.50,119936.000000,0,2.1,15,0.0,99840.000000,31,0.0,0.0,0.0,1.0
287098,0,1,3400,-59,59,412,10,14,0.50,124128.000000,0,2.1,16,0.0,17056.000000,0,0.0,0.0,0.0,1.0
287347,0,1,3400,-59,59,409,7.0,14,0.50,121984.000000,0,2.1,16,0.0,17056.000000,0,0.0,0.0,0.0,1.0
287596,0,1,3400,-59,59,411,7.7,14,0.50,65696.000000,0,2.1,16,0.0,0.0,0.0,0.0,0.0,0.0,1.0
287845,0,1,3400,-59,59,407,8.1,14,0.50,139552.000000,0,2.1,14,0.0,5536.000000,57,0.0,0.0,0.0,1.0
288094,0,1,3400,-59,59,403,11,14,0.50,110336.000000,0,2.1,8.0,0.0,0.0,0.0,0.0,0.0,0.0,1.0
288343,0,1,3400,-59,59,408,5.3,14,0.50,103072.000000,0,2.1,8.0,0.0,0.0,0.0,0.0,0.0,0.0,1.0
288592,0,1,3400,-59,59,410,12,14,0.50,103520.000000,0,2.1,8.0,0.0,0.0,0.0,0.0,0.0,0.0,1.0
288841,0,1,3400,-59,59,411,8.7,14,0.50,123808.000000,0,2.1,4.5,0.0,24032.000000,36,0.0,0.0,0.0,1.0
289090,0,1,3400,-59,59,410,7.9,14,0.50,64992.000000,0,2.1,0.0,0.0,0.0,0.0,0.0,0.0,0.0,1.0
289339,0,1,3400,-59,59,408,8.2,14,0.50,170848.000000,0,2.1,0.0,0.0,0.0,0,0.0,0.0,0.0,1.0
289588,0,1,3400,-59,59,409,7.7,14,0.50,124768.000000,0,2.1,0.0,0.0,5536.000000,0,0.0,0.0,0.0,1.0
289837,0,1,3400,-59,59,408,8.7,14,0.50,123488.000000,0,2.1,5.4,0.0,34112.000000,20,0.0,0.0,0.0,1.0
290086,0,1,3400,-59,59,406,7.9,14,0.50,131200.000000,0,2.1,7.5,0.0,0.0,0.0,0.0,0.0,0.0,1.0
290335,0,1,3400,-59,59,412,9.4,14,0.50,91936.000000,0,2.1,7.5,0.0,0.0,0.0,0.0,0.0,0.0,1.0
290584,0,1,3400,-59,59,414,10,14,0.50,145984.000000,0,2.1,7.5,0.0,0.0,0.0,0.0,0.0,0.0,1.0
290833,0,1,3400,-59,59,411,7.7,14,0.50,155040.000000,0,2.1,13,0.0,23488.000000,0,0.0,0.0,0.0,1.0
291082,0,1,3400,-59,59,411,9.7,14,0.50,131904.000000,0,2.1,13,0.0,0.0,0.0,0.0,0.0,0.0,1.0
291331,0,1,3400,-59,59,418,8.3,14,0.50,149376.000000,0,2.1,14,0.0,17056.000000,0,0.0,0.0,0.0,1.0
291580,0,1,3400,-59,59,416,9.6,14,0.50,144960.000000,0,2.1,15,0.0,0.0,80,0.0,0.0,0.0,1.0
291829,0,1,3400,-59,59,412,9.7,14,0.50,160352.000000,0,2.1,1.9,0.0,37792.000000,0,0.0,0.0,0.0,1.0
292078,0,1,3400,-59,59,413,8.5,14,0.50,124992.000000,0,2.1,0.064,0.0,5536.000000,0,0.0,0.0,0.0,1.0
292327,0,1,3400,-59,59,413,9.6,14,0.50,124256.000000,0,2.1,0.0,0.0,0.0,0.0,0.0,0.0,0.0,1.0
292576,0,1,3400,-59,59,415,9.1,14,0.50,127968.000000,0,2.1,0.0,0.0,0.0,0.0,0.0,0.0,0.0,1.0
292825,0,1,3400,-59,59,412,7.7,14,0.50,119552.000000,0,2.1,12,0.0,23488.000000,0,0.0,0.0,0.0,1.0
293074,0,1,3400,-59,59,407,11,14,0.50,137856.000000,0,2.1,14,0.0,0.0,0.0,0.0,0.0,0.0,1.0
293323,0,1,3400,-59,59,408,10,14,0.50,147296.000000,0,2.1,14,0.0,0.0,0.0,0.0,0.0,0.0,1.0
293572,0,1,3400,-59,59,409,9.9,14,0.50,146784.000000,0,2.1,14,0.0,0.0,0.0,0.0,0.0,0.0,1.0
293821,0,1,3400,-59,59,411,9.2,14,0.50,156992.000000,0,2.1,14,0.0,40544.000000,14,0.0,0.0,0.0,1.0
294070,0,1,3400,-59,59,411,9.0,14,0.50,100704.000000,0,2.1,14,0.0,0.0,0.0,0.0,0.0,0.0,1.0
294319,0,1,3400,-59,59,413,11,14,0.50,129376.000000,0,2.1,14,0.0,0.0,0.0,0.0,0.0,0.0,1.0
294568,0,1,3400,-59,59,409,8.5,14,0.50,140384.000000,0,2.1,14,0.0,0.0,0.0,0.0,0.0,0.0,1.0
294817,0,1,3400,-59,59,409,9.7,14,0.50,115680.000000,0,2.1,14,118,0.0,80,0.0,0.0,0.0,1.0
295066,0,1,3400,-59,59,409,11,14,0.50,120480.000000,0,2.1,10,0.0,14304.000000,53,0.0,0.0,0.0,1.0
295315,0,1,3400,-59,59,410,10,14,0.50,120864.000000,0,2.1,0.53,0.0,8768.000000,33,0.0,0.0,0.0,1.0
295564,0,1,3400,-59,59,414,11,14,0.50,145248.000000,0,2.1,0.0,0.0,0.0,0.0,0.0,0.0,0.0,1.0
295813,0,1,3400,-59,59,413,8.2,14,0.50,162400.000000,0,2.1,0.0,0.0,8064.000000,0,0.0,0.0,0.0,1.0
296062,0,1,3400,-59,59,413,8.7,14,0.50,113088.000000,0,2.1,0.0,0.0,0.0,0.0,0.0,0.0,0.0,1.0
296311,0,1,3400,-59,59,411,9.7,14,0.50,136640.000000,0,2.1,0.0,0.0,0.0,0.0,0.0,0.0,0.0,1.0
296560,0,1,3400,-59,59,412,7.6,14,0.50,123168.000000,0,2.1,0.0,0.0,0.0,0.0,0.0,0.0,0.0,1.0
296809,0,1,3400,-59,59,409,8.6,14,0.50,109760.000000,0,2.1,7.7,0.0,23776.000000,40,0.0,0.0,0.0,1.0
297058,0,1,3400,-59,59,403,8.1,14,0.50,175904.000000,0,2.1,7.5,0.0,0.0,0.0,0.0,0.0,0.0,1.0
297307,0,1,3400,-59,59,414,9.9,14,0.50,147008.000000,0,2.1,7.5,0.0,0.0,0.0,0.0,0.0,0.0,1.0
297556,0,1,3400,-59,59,420,8.8,14,0.50,145056.000000,0,2.1,7.5,0.0,0.0,0.0,0.0,0.0,0.0,1.0
297805,0,1,3400,-59,59,413,8.7,14,0.50,103808.000000,0,2.1,7.9,40,4896.000000,33,0.0,0.0,0.0,1.0
298054,0,1,3400,-59,59,409,9.4,14,0.50,118048.000000,0,2.1,7.9,0.0,18624.000000,50,0.0,0.0,0.0,1.0
298303,0,1,3400,-59,59,411,9.1,14,0.50,113792.000000,0,2.1,0.99,0.0,4704.000000,46,0.0,0.0,0.0,1.0
298552,0,1,3400,-59,59,411,8.1,14,0.50,144992.000000,0,2.1,0.0,0.0,0.0,0.0,0.0,0.0,0.0,1.0
298801,0,1,3400,-59,59,407,9.6,14,0.50,83264.000000,0,2.1,0.0,0.0,16384.000000,11,0.0,0.0,0.0,1.0
299050,0,1,3400,-59,59,412,7.7,14,0.50,107136.000000,0,2.1,0.0,0.0,5536.000000,0,0.0,0.0,0.0,1.0
299299,0,1,3400,-59,59,409,10.0,14,0.50,109728.000000,0,2.1,0.0,0.0,0.0,0.0,0.0,0.0,0.0,1.0
299548,0,1,3400,-59,59,410,8.6,14,0.50,109024.000000,0,2.1,5.2,0.0,17056.000000,0,0.0,0.0,0.0,1.0
299797,0,1,3400,-59,59,409,9.0,14,0.50,155072.000000,0,2.1,13,0.0,23488.000000,0,0.0,0.0,0.0,1.0
300046,0,1,3400,-59,59,412,10.0,14,0.50,95200.000000,0,2.1,13,0.0,0.0,0.0,0.0,0.0,0.0,1.0
300295,0,1,3400,-59,59,410,8.0,14,0.50,75904.000000,0,2.1,14,0.0,0.0,0.0,0.0,0.0,0.0,1.0
300544,0,1,3400,-59,59,413,8.1,14,0.50,119808.000000,0,2.1,14,0.0,0.0,0.0,0.0,0.0,0.0,1.0
300793,0,1,3400,-59,59,414,11,14,0.50,108352.000000,0,2.1,14,0.0,23488.000000,0,0.0,0.0,0.0,1.0
301042,0,1,3400,-59,59,417,8.5,14,0.50,165984.000000,0,2.1,14,0.0,0.0,0.0,0.0,0.0,0.0,1.0
301291,0,1,3400,-59,59,410,8.6,14,0.50,97600.000000,0,2.1,13,0.0,0.0,0.0,0.0,0.0,0.0,1.0
301540,0,1,3400,-59,59,407,9.1,14,0.50,170272.000000,0,2.1,14,0.0,0.0,0.0,0.0,0.0,0.0,1.0
301789,0,1,3400,-59,59,411,6.9,14,0.50,154048.000000,0,2.1,12,0.0,23488.000000,0,0.0,0.0,0.0,1.0
302038,0,1,3400,-59,59,420,9.1,14,0.50,114848.000000,0,2.1,12,0.0,0.0,0.0,0.0,0.0,0.0,1.0
302287,0,1,3400,-59,59,411,9.4,14,0.50,113344.000000,0,2.1,12,0.0,0.0,0.0,0.0,0.0,0.0,1.0
302536,0,1,3400,-59,59,410,8.5,14,0.50,162208.000000,0,2.1,12,0.0,0.0,0.0,0.0,0.0,0.0,1.0
302785,0,1,3400,-59,59,411,10,14,0.50,134944.000000,0,2.1,13,0.0,0.0,80,0.0,0.0,0.0,1.0
303034,0,1,3400,-59,59,409,9.6,14,0.50,86080.000000,0,2.1,14,0.0,0.0,0.0,0.0,0.0,0.0,1.0
303283,0,1,3400,-59,59,409,8.8,14,0.50,102208.000000,0,2.1,14,0.0,0.0,0.0,0.0,0.0,0.0,1.0
303532,0,1,3400,-59,59,411,9.5,14,0.50,118336.000000,0,2.1,14,0.0,0.0,0.0,0.0,0.0,0.0,1.0
303781,0,1,3400,-59,59,411,9.1,14,0.50,114464.000000,0,2.1,1.8,0.0,8000.000000,0,0.0,0.0,0.0,1.0
304030,0,1,3400,-59,59,417,9.0,14,0.50,123840.000000,0,2.1,0.0,0.0,0.0,0.0,0.0,0.0,0.0,1.0
304279,0,1,3400,-59,59,419,8.1,14,0.50,137280.000000,0,2.1,0.0,0.0,0.0,0.0,0.0,0.0,0.0,1.0
304528,0,1,3400,-59,59,410,11,14,0.50,124064.000000,0,2.1,0.0,0.0,0.0,0.0,0.0,0.0,0.0,1.0
304777,0,1,3400,-59,59,409,11,14,0.50,114784.000000,0,2.1,7.4,0.0,23904.000000,36,0.0,0.0,0.0,1.0
305026,0,1,3400,-59,59,415,9.6,14,0.50,128928.000000,0,2.1,7.5,0.0,0.0,0.0,0.0,0.0,0.0,1.0
305275,0,1,3400,-59,59,411,9.0,14,0.50,128896.000000,0,2.1,7.5,0.0,0.0,0.0,0.0,0.0,0.0,1.0
305524,0,1,3400,-59,59,414,8.8,14,0.50,93824.000000,0,2.1,7.5,0.0,0.0,0.0,0.0,0.0,0.0,1.0
305773,0,1,3400,-59,59,415,10.0,14,0.50,177632.000000,0,2.1,1.6,0.0,19840.000000,33,0.0,0.0,0.0,1.0
306022,0,1,3400,-59,59,409,9.0,14,0.50,96416.000000,0,2.1,2.2,0.0,0.0,80,0.0,0.0,0.0,1.0
306271,0,1,3400,-59,59,406,7.6,14,0.50,120608.000000,0,2.1,7.5,0.0,0.0,0.0,0.0,0.0,0.0,1.0
306520,0,1,3400,-59,59,416,9.1,14,0.50,80448.000000,0,2.1,7.5,0.0,0.0,0.0,0.0,0.0,0.0,1.0
306769,0,1,3400,-59,59,413,6.9,14,0.50,102208.000000,0,2.1,16,0.0,6720.000000,50,0.0,0.0,0.0,1.0
307018,0,1,3400,-59,59,411,10,14,0.50,92224.000000,0,2.1,21,0.0,0.0,0.0,0.0,0.0,0.0,1.0
307267,0,1,3400,-59,59,409,8.2,14,0.50,106688.000000,0,2.1,21,0.0,0.0,0.0,0.0,0.0,0.0,1.0
307516,0,1,3400,-59,59,410,13,14,0.51,179232.000000,0,2.1,21,0.0,0.0,0.0,0.0,0.0,0.0,1.0
307765,0,1,3400,-59,59,408,9.4,14,0.50,167456.000000,0,2.1,6.7,0.0,12512.000000,36,0.0,0.0,0.0,1.0
308014,0,1,3400,-59,59,409,9.0,14,0.50,136384.000000,0,2.1,0.0,0.0,0.0,0.0,0.0,0.0,0.0,1.0
308263,0,1,3400,-59,59,406,7.1,14,0.50,112672.000000,0,2.1,0.0,0.0,0.0,0,0.0,0.0,0.0,1.0
308512,0,1,3400,-59,59,409,9.6,14,0.50,115072.000000,0,2.1,0.0,0.0,5536.000000,0,0.0,0.0,0.0,1.0
308761,0,1,3400,-59,59,410,6.8,14,0.50,125600.000000,0,2.1,12,0.0,17056.000000,57,0.0,0.0,0.0,1.0
309010,0,1,3400,-59,59,415,9.2,14,0.50,135552.000000,0,2.1,14,0.0,0.0,0.0,0.0,0.0,0.0,1.0
309259,0,1,3400,-59,59,415,7.1,14,0.50,159008.000000,0,2.1,14,0.0,0.0,0.0,0.0,0.0,0.0,1.0
309508,0,1,3400,-59,59,414,8.8,14,0.50,109056.000000,0,2.1,14,0.0,0.0,0.0,0.0,0.0,0.0,1.0
309757,0,1,3400,-59,59,421,8.5,14,0.50,130368.000000,0,2.1,14,0.0,23488.000000,0,0.0,0.0,0.0,1.0
310006,0,1,3400,-59,59,415,9.6,14,0.50,80704.000000,0,2.1,14,0.0,0.0,0.0,0.0,0.0,0.0,1.0
310255,0,1,3400,-59,59,414,11,14,0.52,125088.000000,0,2.1,13,0.0,0.0,0.0,0.0,0.0,0.0,1.0
310504,0,1,3400,-59,59,413,8.6,14,0.50,129632.000000,0,2.1,14,0.0,0.0,0.0,0.0,0.0,0.0,1.0
310753,0,1,3400,-59,59,412,7.8,14,0.50,119296.000000,0,2.1,14,0.0,23488.000000,0,0.0,0.0,0.0,1.0
311002,0,1,3400,-59,59,409,11,14,0.50,134592.000000,0,2.1,14,0.0,0.0,0.0,0.0,0.0,0.0,1.0
311251,0,1,3400,-59,59,408,8.9,14,0.50,108320.000000,0,2.1,14,0.0,0.0,0.0,0.0,0.0,0.0,1.0
311500,0,1,3400,-59,59,415,8.0,14,0.50,115360.000000,0,2.1,14,0.0,0.0,0.0,0.0,0.0,0.0,1.0
311749,0,1,3400,-59,59,409,8.5,14,0.50,114080.000000,0,2.1,14,0.0,0.0,80,0.0,0.0,0.0,1.0
311998,0,1,3400,-59,59,412,10,14,0.50,146816.000000,0,2.1,14,0.0,0.0,0.0,0.0,0.0,0.0,1.0
312247,0,1,3400,-59,59,415,8.8,14,0.50,174816.000000,0,2.1,7.4,0.0,5536.000000,33,0.0,0.0,0.0,1.0
312496,0,1,3400,-59,59,414,10,14,0.50,97088.000000,0,2.1,6.0,0.0,0.0,0.0,0.0,0.0,0.0,1.0
312745,0,1,3400,-59,59,411,8.5,14,0.50,157024.000000,0,2.1,11,0.0,15584.000000,0,0.0,0.0,0.0,1.0
312994,0,1,3400,-59,59,412,11,14,0.50,104128.000000,0,2.1,12,0.0,0.0,0.0,0.0,0.0,0.0,1.0
313243,0,1,3400,-59,59,411,12,14,0.50,103744.000000,0,2.1,13,0.0,17056.000000,0,0.0,0.0,0.0,1.0
313492,0,1,3400,-59,59,414,10,14,0.50,97152.000000,0,2.1,14,0.0,0.0,0.0,0.0,0.0,0.0,1.0
313741,0,1,3400,-59,59,413,8.5,14,0.50,135648.000000,0,2.1,14,0.0,23488.000000,0,0.0,0.0,0.0,1.0
313990,0,1,3400,-59,59,412,13,14,1.1,152736.000000,6,2.1,14,0.0,0.0,0.0,0.0,0.0,0.0,1.0
314239,0,1,3400,-59,59,413,10,14,0.50,87072.000000,0,2.1,14,0.0,0.0,0.0,0.0,0.0,0.0,1.0
314488,0,1,3400,-59,59,416,9.0,14,0.50,97856.000000,0,2.1,13,0.0,0.0,0.0,0.0,0.0,0.0,1.0
314737,0,1,3400,-59,59,414,9.3,14,0.50,113952.000000,0,2.1,14,0.0,23488.000000,0,0.0,0.0,0.0,1.0
314986,0,1,3400,-59,59,412,8.9,14,0.50,140064.000000,0,2.1,13,0.0,0.0,0.0,0.0,0.0,0.0,1.0
315235,0,1,3400,-59,59,412,9.7,14,0.50,151392.000000,0,2.1,14,0.0,0.0,0.0,0.0,0.0,0.0,1.0
315484,0,1,3400,-59,59,414,10,14,0.50,112800.000000,0,2.1,14,0.0,0.0,0.0,0.0,0.0,0.0,1.0
315733,0,1,3400,-59,59,413,11,14,0.50,93696.000000,0,2.1,3.7,0.0,24032.000000,36,0.0,0.0,0.0,1.0
315982,0,1,3400,-59,59,415,11,14,0.50,92672.000000,0,2.1,0.0,0.0,0.0,0.0,0.0,0.0,0.0,1.0
316231,0,1,3400,-59,59,416,8.9,14,0.50,164544.000000,0,2.1,0.064,0.0,0.0,0.0,0.0,0.0,0.0,1.0
316480,0,1,3400,-59,59,417,10.0,14,0.50,129376.000000,0,2.1,0.0,0.0,0.0,0.0,0.0,0.0,0.0,1.0
316729,0,1,3400,-59,59,417,8.5,14,0.50,147136.000000,0,2.1,4.3,0.0,30336.000000,50,0.0,0.0,0.0,1.0
316978,0,1,3400,-59,59,412,9.3,14,0.50,141184.000000,0,2.1,0.064,0.0,0.0,0.0,0.0,0.0,0.0,1.0
317227,0,1,3400,-59,59,410,9.5,14,0.50,113536.000000,0,2.1,0.0,0.0,5536.000000,0,0.0,0.0,0.0,1.0
317476,0,1,3400,-59,59,407,9.5,14,0.53,265888.000000,0,2.1,0.0,0.0,3488.000000,0,0.0,0.0,0.0,1.0
317725,0,1,3400,-59,59,411,9.8,14,0.52,94400.000000,0,2.1,12,0.0,23488.000000,0,0.0,0.0,0.0,1.0
317974,0,1,3400,-59,59,409,8.3,14,0.50,114336.000000,0,2.1,14,0.0,0.0,0.0,0.0,0.0,0.0,1.0
318223,0,1,3400,-59,59,409,9.3,14,0.50,80896.000000,0,2.1,14,0.0,0.0,0.0,0.0,0.0,0.0,1.0
318472,0,1,3400,-59,59,405,8.5,14,0.50,86496.000000,0,2.1,14,0.0,0.0,0.0,0.0,0.0,0.0,1.0
318721,0,1,3400,-59,59,410,7.7,14,0.50,134880.000000,0,2.1,14,0.0,23488.000000,0,0.0,0.0,0.0,1.0
318970,0,1,3400,-59,59,411,8.8,14,0.50,131712.000000,0,2.1,14,0.0,0.0,0.0,0.0,0.0,0.0,1.0
319219,0,1,3400,-59,59,412,9.5,14,0.50,91008.000000,0,2.1,14,0.0,0.0,0.0,0.0,0.0,0.0,1.0
319468,0,1,3400,-59,59,407,9.4,14,0.50,135776.000000,0,2.1,14,0.0,0.0,0.0,0.0,0.0,0.0,1.0
319717,0,1,3400,-59,59,410,8.9,14,0.51,102976.000000,0,2.1,15,0.0,0.0,80,0.0,0.0,0.0,1.0
319966,0,1,3400,-59,59,414,13,14,0.52,108704.000000,0,2.1,15,0.0,0.0,0.0,0.0,0.0,0.0,1.0
320215,0,1,3400,-59,59,410,8.7,14,0.50,96256.000000,0,2.1,15,0.0,0.0,0.0,0.0,0.0,0.0,1.0
320464,0,1,3400,-59,59,407,9.7,14,0.50,107360.000000,0,2.1,15,0.0,0.0,0.0,0.0,0.0,0.0,1.0
320713,0,1,3400,-59,59,413,9.7,14,0.50,91552.000000,0,2.1,14,0.0,9376.000000,44,0.0,0.0,0.0,1.0
320962,0,1,3400,-59,59,419,9.1,14,0.50,130336.000000,0,2.1,14,0.0,0.0,0.0,0.0,0.0,0.0,1.0
321211,0,1,3400,-59,59,415,8.2,14,0.50,125632.000000,0,2.1,14,0.0,0.0,0.0,0.0,0.0,0.0,1.0
321460,0,1,3400,-59,59,409,7.7,14,0.50,158368.000000,0,2.1,14,0.0,0.0,0.0,0.0,0.0,0.0,1.0
321709,0,1,3400,-59,59,406,9.1,14,0.50,124768.000000,0,2.1,6.1,0.0,12384.000000,36,0.0,0.0,0.0,1.0
321958,0,1,3400,-59,59,406,9.1,14,0.50,172928.000000,0,2.1,0.0,0.0,0.0,0.0,0.0,0.0,0.0,1.0
322207,0,1,3400,-59,59,418,8.3,14,0.50,109888.000000,0,2.1,0.0,0.0,5536.000000,0,0.0,0.0,0.0,1.0
322456,0,1,3400,-59,59,416,5.7,14,0.50,115104.000000,0,2.1,0.0,0.0,0.0,0.0,0.0,0.0,0.0,1.0
322705,0,1,3400,-59,59,416,8.6,14,0.50,135520.000000,0,2.1,5.5,0.0,0.0,80,0.0,0.0,0.0,1.0
322954,0,1,3400,-59,59,415,6.7,14,0.50,108896.000000,0,2.1,7.5,0.0,0.0,0.0,0.0,0.0,0.0,1.0
323203,0,1,3400,-59,59,413,5.7,14,0.50,115776.000000,0,2.1,7.5,0.0,0.0,0.0,0.0,0.0,0.0,1.0
323452,0,1,3400,-59,59,408,8.2,14,0.50,136704.000000,0,2.1,7.5,0.0,0.0,0.0,0.0,0.0,0.0,1.0
323701,0,1,3400,-59,59,411,6.2,14,0.50,81888.000000,0,2.1,2.6,0.0,14592.000000,0,0.0,0.0,0.0,1.0
323950,0,1,3400,-59,59,416,6.9,14,0.50,93088.000000,0,1.0,0.0,0.0,3488.000000,0,0.0,0.0,0.0,1.0
324199,0,1,3400,-59,59,424,7.2,14,0.50,143840.000000,0,2.1,0.0,0.0,0.0,0.0,0.0,0.0,0.0,1.0
324448,0,1,3400,-59,59,413,8.0,14,0.50,96448.000000,0,2.1,0.0,0.0,0.0,0.0,0.0,0.0,0.0,1.0
324697,0,1,3400,-59,59,414,7.8,14,0.50,146208.000000,0,2.1,12,0.0,23488.000000,0,0.0,0.0,0.0,1.0
324946,0,1,3400,-59,59,421,9.7,14,0.50,140736.000000,0,2.1,14,0.0,0.0,0.0,0.0,0.0,0.0,1.0
325195,0,1,3400,-59,59,416,11,14,0.50,121216.000000,0,2.1,14,0.0,0.0,0.0,0.0,0.0,0.0,1.0
325444,0,1,3400,-59,59,409,11,14,0.52,112960.000000,0,2.1,13,0.0,0.0,0.0,0.0,0.0,0.0,1.0
325693,0,1,3400,-59,59,413,10,14,0.50,89312.000000,0,2.1,14,0.0,0.0,80,0.0,0.0,0.0,1.0
325942,0,1,3400,-59,59,417,10.0,14,0.50,73536.000000,0,2.1,14,0.0,0.0,0.0,0.0,0.0,0.0,1.0
326191,0,1,3400,-59,59,412,7.5,14,0.50,123456.000000,0,2.1,14,0.0,0.0,0.0,0.0,0.0,0.0,1.0
326440,0,1,3400,-59,59,410,8.0,14,0.50,93024.000000,0,2.1,14,0.0,17056.000000,0,0.0,0.0,0.0,1.0
326689,0,1,3400,-59,59,412,8.1,14,0.50,141856.000000,0,2.1,14,0.0,40544.000000,14,0.0,0.0,0.0,1.0
326938,0,1,3400,-59,59,417,10.0,14,0.50,97472.000000,0,2.1,14,0.0,0.0,0.0,0.0,0.0,0.0,1.0
327187,0,1,3400,-59,59,416,9.9,14,0.50,73888.000000,0,2.1,13,0.0,0.0,0.0,0.0,0.0,0.0,1.0
327436,0,1,3400,-59,59,409,7.8,14,0.50,141600.000000,0,2.1,14,0.0,0.0,0.0,0.0,0.0,0.0,1.0
327685,0,1,3400,-59,59,409,8.6,14,0.50,174784.000000,0,2.1,14,0.0,23488.000000,0,0.0,0.0,0.0,1.0
327934,0,1,3400,-59,59,409,8.7,14,0.50,97568.000000,0,2.1,14,0.0,0.0,0.0,0.0,0.0,0.0,1.0
328183,0,1,3400,-59,59,409,8.7,14,0.50,107072.000000,0,2.1,14,0.0,17056.000000,0,0.0,0.0,0.0,1.0
328432,0,1,3400,-59,59,414,10.0,14,0.50,93408.000000,0,2.1,14,0.0,0.0,0.0,0.0,0.0,0.0,1.0
328681,0,1,3400,-59,59,413,10,14,0.50,159456.000000,0,2.1,15,0.0,21056.000000,50,0.0,0.0,0.0,1.0
328930,0,1,3400,-59,59,408,10,14,0.56,106624.000000,0,2.1,15,0.0,0.0,0.0,0.0,0.0,0.0,1.0
329179,0,1,3400,-59,59,410,8.6,14,0.50,102048.000000,0,2.1,13,0.0,5536.000000,0,0.0,0.0,0.0,1.0
329428,0,1,3400,-59,59,413,10,14,0.50,135776.000000,0,2.1,8.0,0.0,0.0,0.0,0.0,0.0,0.0,1.0
329677,0,1,3400,-59,59,413,9.1,14,0.50,86880.000000,0,2.1,7.6,0.0,0.0,80,0.0,0.0,0.0,1.0
329926,0,1,3400,-59,59,411,8.8,14,0.50,85632.000000,0,2.1,7.5,0.0,0.0,0.0,0.0,0.0,0.0,1.0
330175,0,1,3400,-59,59,410,7.6,14,0.50,112960.000000,0,2.1,7.5,0.0,0.0,0.0,0.0,0.0,0.0,1.0
330424,0,1,3400,-59,59,415,9.3,14,0.50,134912.000000,0,2.1,7.5,0.0,0.0,0.0,0.0,0.0,0.0,1.0
330673,0,1,3400,-59,59,418,9.4,14,0.50,108576.000000,0,2.1,12,0.0,15584.000000,14,0.0,0.0,0.0,1.0
330922,0,1,3400,-59,59,413,10,14,0.50,156064.000000,0,2.1,12,0.0,0.0,0.0,0.0,0.0,0.0,1.0
331171,0,1,3400,-59,59,411,9.3,14,0.50,76736.000000,0,2.1,12,0.0,0.0,0.0,0.0,0.0,0.0,1.0
331420,0,1,3400,-59,59,414,9.6,14,0.50,124640.000000,0,2.1,13,0.0,0.0,0.0,0.0,0.0,0.0,1.0
331669,0,1,3400,-59,59,416,9.1,14,0.50,114112.000000,0,2.1,13,0.0,23488.000000,0,0.0,0.0,0.0,1.0
331918,0,1,3400,-59,59,413,7.1,14,0.50,119552.000000,0,2.1,14,0.0,0.0,0.0,0.0,0.0,0.0,1.0
332167,0,1,3400,-59,59,413,9.3,14,0.50,124960.000000,0,2.1,14,0.0,0.0,0.0,0.0,0.0,0.0,1.0
332416,0,1,3400,-59,59,415,8.9,14,0.50,130880.000000,0,2.1,13,0.0,0.0,0.0,0.0,0.0,0.0,1.0
332665,0,1,3400,-59,59,418,9.1,14,0.50,149632.000000,0,2.1,15,0.0,0.0,80,0.0,0.0,0.0,1.0
332914,0,1,3400,-59,59,412,10,14,0.50,120608.000000,0,2.1,15,0.0,0.0,0.0,0.0,0.0,0.0,1.0
333163,0,1,3400,-59,59,416,8.8,14,0.50,102080.000000,0,2.1,15,0.0,0.0,0.0,0.0,0.0,0.0,1.0
333412,0,1,3400,-59,59,417,6.4,14,0.50,154272.000000,0,2.1,15,0.0,0.0,0.0,0.0,0.0,0.0,1.0
333661,0,1,3400,-59,59,415,8.4,14,0.50,126048.000000,0,2.1,2.2,0.0,8160.000000,17,0.0,0.0,0.0,1.0
333910,0,1,3400,-59,59,410,9.9,14,0.50,118016.000000,0,2.1,0.0,0.0,0.0,0.0,0.0,0.0,0.0,1.0
334159,0,1,3400,-59,59,415,9.6,14,0.50,109984.000000,0,2.1,1.3,0.0,22592.000000,0,0.0,0.0,0.0,1.0
334408,0,1,3400,-59,59,413,8.5,14,0.50,129792.000000,0,2.1,7.5,0.0,0.0,0.0,0.0,0.0,0.0,1.0
334657,0,1,3400,-59,59,411,9.5,14,0.50,66400.000000,0,2.1,7.9,80,3616.000000,0,0.0,0.0,0.0,1.0
334906,0,1,3400,-59,59,407,9.4,14,0.50,114048.000000,0,2.1,6.9,0.0,12000.000000,53,0.0,0.0,0.0,1.0
335155,0,1,3400,-59,59,411,9.1,14,0.50,120096.000000,0,2.1,0.53,0.0,6464.000000,33,0.0,0.0,0.0,1.0
335404,0,1,3400,-59,59,411,8.0,14,0.50,140384.000000,0,2.1,0.0,0.0,0.0,0.0,0.0,0.0,0.0,1.0
335653,0,1,3400,-59,59,409,9.9,14,0.50,156512.000000,0,2.1,10,0.0,15584.000000,0,0.0,0.0,0.0,1.0
335902,0,1,3400,-59,59,415,8.9,14,0.50,141376.000000,0,2.1,12,0.0,0.0,0.0,0.0,0.0,0.0,1.0
336151,0,1,3400,-59,59,414,9.7,14,0.50,119520.000000,0,2.1,12,0.0,0.0,0.0,0.0,0.0,0.0,1.0
336400,0,1,3400,-59,59,410,9.0,14,0.50,148192.000000,0,2.1,13,0.0,0.0,0.0,0.0,0.0,0.0,1.0
336649,0,1,3400,-59,59,417,8.6,14,0.50,129472.000000,0,2.1,15,0.0,216352.000000,39,0.0,0.0,0.0,1.0
336898,0,1,3400,-59,59,414,8.7,14,0.50,118880.000000,0,2.1,16,0.0,0.0,0.0,0.0,0.0,0.0,1.0
337147,0,1,3400,-59,59,414,7.9,14,0.50,98240.000000,0,2.1,16,0.0,0.0,0.0,0.0,0.0,0.0,1.0
337396,0,1,3400,-59,59,416,10,14,0.50,122816.000000,0,2.1,16,0.0,0.0,0.0,0.0,0.0,0.0,1.0
337645,0,1,3400,-59,59,409,10,14,0.50,161120.000000,0,2.1,14,0.0,23488.000000,0,0.0,0.0,0.0,1.0
337894,0,1,3400,-59,59,410,11,14,0.50,121728.000000,0,2.1,14,0.0,0.0,0.0,0.0,0.0,0.0,1.0
338143,0,1,3400,-59,59,407,8.8,14,0.50,88000.000000,0,2.1,13,0.0,0.0,0.0,0.0,0.0,0.0,1.0
338392,0,1,3400,-59,59,412,10,14,0.50,116384.000000,0,2.1,14,0.0,0.0,0.0,0.0,0.0,0.0,1.0
338641,0,1,3400,-59,59,418,8.6,14,0.50,111232.000000,0,2.1,13,0.0,23488.000000,0,0.0,0.0,0.0,1.0
338890,0,1,3400,-59,59,415,9.8,14,0.50,106464.000000,0,2.1,14,0.0,0.0,0.0,0.0,0.0,0.0,1.0
339139,0,1,3400,-59,59,416,9.3,14,0.50,122656.000000,0,2.1,14,0.0,0.0,0.0,0.0,0.0,0.0,1.0
339388,0,1,3400,-59,59,412,8.7,14,0.50,123456.000000,0,2.1,14,0.0,17056.000000,0,0.0,0.0,0.0,1.0
339637,0,1,3400,-59,59,415,8.7,14,0.50,157152.000000,0,2.1,14,40,0.0,80,0.0,0.0,0.0,1.0
339886,0,1,3400,-59,59,413,8.9,14,0.50,92576.000000,0,2.1,12,0.0,7104.000000,0,0.0,0.0,0.0,1.0
340135,0,1,3400,-59,59,411,10,14,0.50,157408.000000,0,2.1,0.0,0.0,0.0,0.0,0.0,0.0,0.0,1.0
340384,0,1,3400,-59,59,411,7.8,14,0.50,120736.000000,0,2.1,0.0,0.0,0.0,0.0,0.0,0.0,0.0,1.0
340633,0,1,3400,-59,59,409,8.9,14,0.50,48544.000000,0,2.1,3.8,0.0,14432.000000,38,0.0,0.0,0.0,1.0
340882,0,1,3400,-59,59,408,6.9,14,0.50,86528.000000,0,2.1,6.0,0.0,0.0,0.0,0.0,0.0,0.0,1.0
341131,0,1,3400,-59,59,415,12,14,0.50,103552.000000,0,2.1,6.0,0.0,0.0,0.0,0.0,0.0,0.0,1.0
341380,0,1,3400,-59,59,418,8.5,14,0.50,97728.000000,0,2.1,6.0,0.0,0.0,0.0,0.0,0.0,0.0,1.0
341629,0,1,3400,-59,59,417,9.2,14,0.50,146400.000000,0,2.1,2.7,0.0,32032.000000,9,0.0,0.0,0.0,1.0
341878,0,1,3400,-59,59,412,9.9,14,0.50,102944.000000,0,2.1,7.6,0.0,0.0,0.0,0.0,0.0,0.0,1.0
342127,0,1,3400,-59,59,413,9.5,14,0.50,86208.000000,0,2.1,7.5,0.0,0.0,0.0,0.0,0.0,0.0,1.0
342376,0,1,3400,-59,59,408,11,14,0.50,130624.000000,0,2.1,7.5,0.0,0.0,0.0,0.0,0.0,0.0,1.0
342625,0,1,3400,-59,59,416,7.8,14,0.50,87904.000000,0,2.1,3.7,0.0,24032.000000,42,0.0,0.0,0.0,1.0
342874,0,1,3400,-59,59,416,8.8,14,0.50,123200.000000,0,2.1,0.0,0.0,0.0,0.0,0.0,0.0,0.0,1.0
343123,0,1,3400,-59,59,411,7.1,14,0.50,112320.000000,0,2.1,6.1,0.0,17056.000000,0,0.0,0.0,0.0,1.0
343372,0,1,3400,-59,59,415,6.8,14,0.50,93312.000000,0,2.1,7.5,0.0,0.0,0.0,0.0,0.0,0.0,1.0
343621,0,1,3400,-59,59,416,6.9,14,0.50,140800.000000,0,2.1,13,0.0,23488.000000,0,0.0,0.0,0.0,1.0
343870,0,1,3400,-59,59,415,8.3,14,0.50,156192.000000,0,2.1,14,0.0,0.0,0.0,0.0,0.0,0.0,1.0
344119,0,1,3400,-59,59,420,8.6,14,0.50,154784.000000,0,2.1,14,0.0,0.0,0.0,0.0,0.0,0.0,1.0
344368,0,1,3400,-59,59,419,9.3,14,0.50,125376.000000,0,2.1,14,0.0,0.0,0.0,0.0,0.0,0.0,1.0
344617,0,1,3400,-59,59,415,8.6,14,0.50,147168.000000,0,2.1,14,0.0,0.0,80,0.0,0.0,0.0,1.0
344866,0,1,3400,-59,59,412,10,14,0.50,84064.000000,0,2.1,10,0.0,5536.000000,0,0.0,0.0,0.0,1.0
345115,0,1,3400,-59,59,409,11,14,0.50,129408.000000,0,2.1,9.7,0.0,17056.000000,0,0.0,0.0,0.0,1.0
345364,0,1,3400,-59,59,410,9.7,14,0.50,121728.000000,0,2.1,14,0.0,0.0,0.0,0.0,0.0,0.0,1.0
345613,0,1,3400,-59,59,412,10,14,0.50,139040.000000,0,2.1,14,0.0,23488.000000,0,0.0,0.0,0.0,1.0
345862,0,1,3400,-59,59,412,8.1,14,0.50,113760.000000,0,2.1,14,0.0,0.0,0.0,0.0,0.0,0.0,1.0
346111,0,1,3400,-59,59,411,7.9,14,0.50,148480.000000,0,2.1,14,0.0,0.0,0.0,0.0,0.0,0.0,1.0
346360,0,1,3400,-59,59,420,10,14,0.50,92640.000000,0,2.1,14,0.0,0.0,0.0,0.0,0.0,0.0,1.0
346609,0,1,3400,-59,59,419,8.9,14,0.50,82656.000000,0,2.1,14,40,0.0,80,0.0,0.0,0.0,1.0
346858,0,1,3400,-59,59,414,8.1,14,0.50,83904.000000,0,2.1,11,0.0,7104.000000,50,0.0,0.0,0.0,1.0
347107,0,1,3400,-59,59,409,7.6,14,0.50,106368.000000,0,2.1,0.38,0.0,3136.000000,33,0.0,0.0,0.0,1.0
347356,0,1,3400,-59,59,416,8.5,14,0.50,114784.000000,0,2.1,0.0,0.0,0.0,0.0,0.0,0.0,0.0,1.0
347605,0,1,3400,-59,59,416,9.7,14,0.51,155680.000000,0,2.1,13,0.0,234176.000000,60,0.0,0.0,0.0,1.0
347854,0,1,3400,-59,59,413,9.0,14,0.50,97024.000000,0,2.1,16,0.0,0.0,0.0,0.0,0.0,0.0,1.0
348103,0,1,3400,-59,59,412,8.0,14,0.50,128896.000000,0,2.1,15,0.0,5536.000000,0,0.0,0.0,0.0,1.0
348352,0,1,3400,-59,59,407,9.9,14,0.50,158304.000000,0,2.1,7.9,0.0,5536.000000,0,0.0,0.0,0.0,1.0
348601,0,1,3400,-59,59,407,11,14,0.50,136928.000000,0,2.1,12,0.0,23488.000000,0,0.0,0.0,0.0,1.0
348850,0,1,3400,-59,59,408,9.6,14,0.50,65664.000000,0,2.1,14,0.0,0.0,0.0,0.0,0.0,0.0,1.0
349099,0,1,3400,-59,59,414,9.5,14,0.50,99936.000000,0,2.1,14,0.0,17056.000000,0,0.0,0.0,0.0,1.0
349348,0,1,3400,-59,59,411,7.4,14,0.50,123264.000000,0,2.1,15,0.0,0.0,0.0,0.0,0.0,0.0,1.0
349597,0,1,3400,-59,59,411,10,14,0.50,64992.000000,0,2.1,4.5,0.0,23904.000000,50,0.0,0.0,0.0,1.0
349847,0,1,3400,-59,59,413,8.9,14,0.50,111104.000000,0,2.1,0.0,0.0,0.0,0.0,0.0,0.0,0.0,1.0
350096,0,1,3400,-59,59,413,7.0,14,0.50,104128.000000,0,2.1,0.13,0.0,0.0,0.0,0.0,0.0,0.0,1.0
350345,0,1,3400,-59,59,411,9.7,14,0.50,125152.000000,0,2.1,0.0,0.0,0.0,0.0,0.0,0.0,0.0,1.0
350594,0,1,3400,-59,59,415,9.1,14,0.50,124416.000000,0,2.1,13,0.0,244800.000000,58,0.0,0.0,0.0,1.0
350843,0,1,3400,-59,59,418,7.5,14,0.50,109696.000000,0,2.1,16,0.0,0.0,0.0,0.0,0.0,0.0,1.0
351092,0,1,3400,-59,59,414,9.3,14,0.50,118432.000000,0,2.1,15,0.0,5536.000000,0,0.0,0.0,0.0,1.0
351341,0,1,3400,-59,59,410,9.2,14,0.50,75744.000000,0,2.1,8.0,0.0,0.0,0.0,0.0,0.0,0.0,1.0
351590,0,1,3400,-59,59,410,10,14,0.50,115328.000000,0,2.1,13,0.0,23488.000000,0,0.0,0.0,0.0,1.0
351839,0,1,3400,-59,59,418,11,14,0.50,132000.000000,0,2.1,14,0.0,0.0,0.0,0.0,0.0,0.0,1.0
352088,0,1,3400,-59,59,418,9.7,14,0.50,153408.000000,0,2.1,14,0.0,0.0,0.0,0.0,0.0,0.0,1.0
352337,0,1,3400,-59,59,407,8.7,14,0.50,90464.000000,0,2.1,14,0.0,0.0,0.0,0.0,0.0,0.0,1.0
352586,0,1,3400,-59,59,411,9.4,14,0.50,110112.000000,0,2.1,15,0.0,0.0,80,0.0,0.0,0.0,1.0
352835,0,1,3400,-59,59,413,9.1,14,0.50,127456.000000,0,2.1,13,0.0,5536.000000,0,0.0,0.0,0.0,1.0
353084,0,1,3400,-59,59,414,8.2,14,0.50,96864.000000,0,2.1,7.5,0.0,0.0,0.0,0.0,0.0,0.0,1.0
353333,0,1,3400,-59,59,409,8.9,14,0.50,146144.000000,0,2.1,7.5,0.0,0.0,0.0,0.0,0.0,0.0,1.0
353582,0,1,3400,-59,59,412,9.1,14,0.50,139808.000000,0,2.1,4.3,0.0,9792.000000,50,0.0,0.0,0.0,1.0
353831,0,1,3400,-59,59,413,11,14,0.50,150368.000000,0,2.1,0.0,0.0,0.0,0.0,0.0,0.0,0.0,1.0
354080,0,1,3400,-59,59,411,9.6,14,0.50,147424.000000,0,2.1,0.0,0.0,0.0,0.0,0.0,0.0,0.0,1.0
354329,0,1,3400,-59,59,412,9.4,14,0.50,127744.000000,0,2.1,0.064,0.0,0.0,0.0,0.0,0.0,0.0,1.0
354578,0,1,3400,-59,59,412,8.0,14,0.50,125056.000000,0,2.1,0.072,0.0,46016.000000,0,0.0,0.0,0.0,1.0
354827,0,1,3400,-59,59,413,9.9,14,0.50,123072.000000,0,2.1,2.2,0.0,17056.000000,0,0.0,0.0,0.0,1.0
355076,0,1,3400,-59,59,413,11,14,0.50,86624.000000,0,2.1,7.5,0.0,0.0,0.0,0.0,0.0,0.0,1.0
355325,0,1,3400,-59,59,409,11,14,0.53,145152.000000,0,2.1,7.5,0.0,17056.000000,0,0.0,0.0,0.0,1.0
355574,0,1,3400,-59,59,412,8.6,14,0.56,111520.000000,0,2.1,7.5,0.0,15872.000000,36,0.0,0.0,0.0,1.0
355823,0,1,3400,-59,59,418,7.5,14,0.50,139200.000000,0,2.1,6.0,0.0,0.0,0.0,0.0,0.0,0.0,1.0
356072,0,1,3400,-59,59,413,8.5,14,0.50,140992.000000,0,2.1,6.0,0.0,0.0,0.0,0.0,0.0,0.0,1.0
356321,0,1,3400,-59,59,417,9.4,14,0.50,113696.000000,0,2.1,6.0,0.0,0.0,0.0,0.0,0.0,0.0,1.0
356570,0,1,3400,-59,59,421,9.0,14,0.50,144128.000000,0,2.1,3.7,0.0,24032.000000,36,0.0,0.0,0.0,1.0
356819,0,1,3400,-59,59,412,5.8,14,0.50,123744.000000,0,2.1,0.0,0.0,0.0,0.0,0.0,0.0,0.0,1.0
357068,0,1,3400,-59,59,406,8.6,14,0.50,151328.000000,0,2.1,0.0,0.0,0.0,0.0,0.0,0.0,0.0,1.0
357317,0,1,3400,-59,59,407,8.7,14,0.50,129856.000000,0,2.1,0.0,0.0,0.0,0.0,0.0,0.0,0.0,1.0
357566,0,1,3400,-59,59,411,10,14,0.50,124096.000000,0,2.1,0.82,0.0,10336.000000,36,0.0,0.0,0.0,1.0
357815,0,1,3400,-59,59,421,7.0,14,0.50,138080.000000,0,2.1,0.0,0.0,0.0,0.0,0.0,0.0,0.0,1.0
358064,0,1,3400,-59,59,417,8.1,14,0.50,157728.000000,0,2.1,1.3,0.0,17056.000000,0,0.0,0.0,0.0,1.0
358313,0,1,3400,-59,59,414,8.9,14,0.50,103072.000000,0,2.1,7.5,0.0,0.0,0.0,0.0,0.0,0.0,1.0
358562,0,1,3400,-59,59,409,8.8,14,0.50,102784.000000,0,2.1,13,0.0,23488.000000,0,0.0,0.0,0.0,1.0
358811,0,1,3400,-59,59,411,8.6,14,0.50,108064.000000,0,2.1,14,0.0,0.0,0.0,0.0,0.0,0.0,1.0
359060,0,1,3400,-59,59,413,8.3,14,0.50,133504.000000,0,2.1,14,0.0,0.0,0.0,0.0,0.0,0.0,1.0
359309,0,1,3400,-59,59,415,9.3,14,0.50,135968.000000,0,2.1,14,0.0,0.0,0.0,0.0,0.0,0.0,1.0
359558,0,1,3400,-59,59,418,10,14,0.50,124384.000000,0,2.1,14,0.0,13632.000000,0,0.0,0.0,0.0,1.0
359807,0,1,3400,-59,59,411,8.3,14,0.50,121088.000000,0,2.1,14,0.0,0.0,0.0,0.0,0.0,0.0,1.0
360056,0,1,3400,-59,59,414,10,14,0.50,113408.000000,0,2.1,14,0.0,0.0,0.0,0.0,0.0,0.0,1.0
360305,0,1,3400,-59,59,416,4.0,14,0.50,111488.000000,0,2.1,14,0.0,0.0,0.0,0.0,0.0,0.0,1.0
360554,0,1,3400,-59,59,413,5.7,14,0.50,103872.000000,0,2.1,12,0.0,52800.000000,43,0.0,0.0,0.0,1.0
360803,0,1,3400,-59,59,411,8.7,14,0.50,162528.000000,0,2.1,11,0.0,0.0,0.0,0.0,0.0,0.0,1.0
361052,0,1,3400,-59,59,412,9.9,14,0.50,113504.000000,0,2.1,11,0.0,0.0,0.0,0.0,0.0,0.0,1.0
361301,0,1,3400,-59,59,419,9.7,14,0.50,97472.000000,0,2.1,11,0.0,0.0,0.0,0.0,0.0,0.0,1.0
361550,0,1,3400,-59,59,416,8.9,14,0.50,108160.000000,0,2.1,4.0,0.0,12512.000000,36,0.0,0.0,0.0,1.0
361799,0,1,3400,-59,59,417,11,14,0.50,81888.000000,0,2.1,0.0,0.0,0.0,0.0,0.0,0.0,0.0,1.0
362048,0,1,3400,-59,59,414,8.4,14,0.50,91584.000000,0,2.1,0.0,0.0,0.0,0.0,0.0,0.0,0.0,1.0
362297,0,1,3400,-59,59,419,7.9,14,0.50,58816.000000,0,2.1,0.0,0.0,0.0,0.0,0.0,0.0,0.0,1.0
362546,0,1,3400,-59,59,423,9.0,14,0.50,140544.000000,0,2.1,12,0.0,23488.000000,0,0.0,0.0,0.0,1.0
362795,0,1,3400,-59,59,413,8.0,14,0.50,134464.000000,0,2.1,14,0.0,0.0,0.0,0.0,0.0,0.0,1.0
363044,0,1,3400,-59,59,410,8.2,14,0.50,129536.000000,0,2.1,13,0.0,0.0,0.0,0.0,0.0,0.0,1.0
363293,0,1,3400,-59,59,413,9.3,14,0.50,120288.000000,0,2.1,14,0.0,0.0,0.0,0.0,0.0,0.0,1.0
363542,0,1,3400,-59,59,416,11,14,0.50,113792.000000,0,2.1,14,0.0,23488.000000,0,0.0,0.0,0.0,1.0
363791,0,1,3400,-59,59,409,11,14,0.50,83712.000000,0,2.1,14,0.0,0.0,0.0,0.0,0.0,0.0,1.0
364040,0,1,3400,-59,59,415,10,14,0.50,138304.000000,0,2.1,14,0.0,0.0,0.0,0.0,0.0,0.0,1.0
364289,0,1,3400,-59,59,417,8.0,14,0.50,129856.000000,0,2.1,13,0.0,0.0,0.0,0.0,0.0,0.0,1.0
364538,0,1,3400,-59,59,407,13,14,0.50,129792.000000,0,2.1,16,0.0,333376.000000,54,0.0,0.0,0.0,1.0
364787,0,1,3400,-59,59,412,8.2,14,0.50,176416.000000,0,2.1,16,0.0,0.0,0.0,0.0,0.0,0.0,1.0
365036,0,1,3400,-59,59,415,6.6,14,0.50,64896.000000,0,2.1,16,0.0,0.0,0.0,0.0,0.0,0.0,1.0
365285,0,1,3400,-59,59,408,7.3,14,0.50,86400.000000,0,2.1,16,0.0,0.0,0.0,0.0,0.0,0.0,1.0
365534,0,1,3400,-59,59,407,9.9,14,0.50,131968.000000,0,2.1,7.0,0.0,23968.000000,40,0.0,0.0,0.0,1.0
365783,0,1,3400,-59,59,419,8.4,14,0.50,107296.000000,0,2.1,0.0,0.0,0.0,0.0,0.0,0.0,0.0,1.0
366032,0,1,3400,-59,59,417,13,14,0.52,90720.000000,0,2.1,0.0,0.0,0.0,0.0,0.0,0.0,0.0,1.0
366281,0,1,3400,-59,59,414,10,14,0.50,119296.000000,0,2.1,0.0,0.0,0.0,0.0,0.0,0.0,0.0,1.0
366530,0,1,3400,-59,59,412,9.1,14,0.50,121056.000000,0,2.1,0.0,0.0,13696.000000,0,0.0,0.0,0.0,1.0
366779,0,1,3400,-59,59,412,8.1,14,0.50,134208.000000,0,2.1,0.0,0.0,0.0,0.0,0.0,0.0,0.0,1.0
367028,0,1,3400,-59,59,417,8.4,14,0.50,109088.000000,0,2.1,0.0,0.0,0.0,0.0,0.0,0.0,0.0,1.0
367277,0,1,3400,-59,59,414,10,14,0.50,98496.000000,0,2.1,0.0,0.0,0.0,0.0,0.0,0.0,0.0,1.0
367526,0,1,3400,-59,59,415,10,14,0.50,82240.000000,0,2.1,12,0.0,23488.000000,0,0.0,0.0,0.0,1.0
367775,0,1,3400,-59,59,422,9.2,14,0.50,146944.000000,0,2.1,14,0.0,17056.000000,0,0.0,0.0,0.0,1.0
368024,0,1,3400,-59,59,422,7.8,14,0.50,145984.000000,0,2.1,14,0.0,0.0,0.0,0.0,0.0,0.0,1.0
368273,0,1,3400,-59,59,415,9.4,14,0.50,107392.000000,0,2.1,14,0.0,0.0,0.0,0.0,0.0,0.0,1.0
368522,0,1,3400,-59,59,416,7.1,14,0.50,106176.000000,0,2.1,14,0.0,23488.000000,20,0.0,0.0,0.0,1.0
368771,0,1,3400,-59,59,413,9.0,14,0.53,119584.000000,0,2.1,14,0.0,0.0,0.0,0.0,0.0,0.0,1.0
369020,0,1,3400,-59,59,415,10,14,0.53,111872.000000,0,2.1,14,0.0,0.0,0.0,0.0,0.0,0.0,1.0
369269,0,1,3400,-59,59,411,8.2,14,0.50,114656.000000,0,2.1,14,0.0,17056.000000,0,0.0,0.0,0.0,1.0
369518,0,1,3400,-59,59,410,9.2,14,0.50,96224.000000,0,2.1,14,0.0,23488.000000,0,0.0,0.0,0.0,1.0
369767,0,1,3400,-59,59,413,11,14,0.50,101120.000000,0,2.1,14,0.0,0.0,0.0,0.0,0.0,0.0,1.0
370016,0,1,3400,-59,59,416,8.4,14,0.50,115520.000000,0,2.1,14,0.0,0.0,0.0,0.0,0.0,0.0,1.0
370265,0,1,3400,-59,59,414,6.9,14,0.50,117728.000000,0,2.1,14,0.0,0.0,0.0,0.0,0.0,0.0,1.0
370514,0,1,3400,-59,59,408,7.7,14,0.50,106592.000000,0,2.1,14,0.0,23488.000000,0,0.0,0.0,0.0,1.0
370763,0,1,3400,-59,59,411,8.8,14,0.50,110976.000000,0,2.1,14,0.0,0.0,0.0,0.0,0.0,0.0,1.0
371012,0,1,3400,-59,59,417,9.3,14,0.50,146560.000000,0,2.1,14,0.0,0.0,0.0,0.0,0.0,0.0,1.0
371261,0,1,3400,-59,59,414,7.7,14,0.50,112928.000000,0,2.1,14,0.0,0.0,0.0,0.0,0.0,0.0,1.0
371510,0,1,3400,-59,59,413,6.6,14,0.50,91040.000000,0,2.1,8.1,0.0,24032.000000,36,0.0,0.0,0.0,1.0
371759,0,1,3400,-59,59,410,9.2,14,0.50,118944.000000,0,2.1,0.0,0.0,0.0,0.0,0.0,0.0,0.0,1.0
372008,0,1,3400,-59,59,414,8.4,14,0.50,173536.000000,0,2.1,0.060,0.0,0.0,0,0.0,0.0,0.0,1.0
372257,0,1,3400,-59,59,417,7.3,14,0.50,147616.000000,0,2.1,7.5,0.0,17056.000000,0,0.0,0.0,0.0,1.0
372506,0,1,3400,-59,59,413,9.1,14,0.50,118464.000000,0,2.1,12,0.0,23488.000000,0,0.0,0.0,0.0,1.0
372755,0,1,3400,-59,59,412,10.0,14,0.50,134304.000000,0,2.1,14,0.0,0.0,0.0,0.0,0.0,0.0,1.0
373004,0,1,3400,-59,59,412,11,14,0.51,114720.000000,0,2.1,14,0.0,0.0,0.0,0.0,0.0,0.0,1.0
373253,0,1,3400,-59,59,413,8.9,14,0.50,130304.000000,0,2.1,14,0.0,0.0,0.0,0.0,0.0,0.0,1.0
373502,0,1,3400,-59,59,416,9.1,14,0.50,150080.000000,0,2.1,14,0.0,23488.000000,0,0.0,0.0,0.0,1.0
373751,0,1,3400,-59,59,412,10,14,0.50,87520.000000,0,2.1,14,0.0,17056.000000,0,0.0,0.0,0.0,1.0
374000,0,1,3400,-59,59,416,8.8,14,0.50,114464.000000,0,2.1,14,0.0,17056.000000,0,0.0,0.0,0.0,1.0
374249,0,1,3400,-59,59,409,10,14,0.50,135424.000000,0,2.1,14,0.0,0.0,0.0,0.0,0.0,0.0,1.0
374498,0,1,3400,-59,59,411,9.4,14,0.50,146944.000000,0,2.1,14,0.0,0.0,80,0.0,0.0,0.0,1.0
374747,0,1,3400,-59,59,419,8.8,14,0.50,201984.000000,0,2.1,14,0.0,17056.000000,0,0.0,0.0,0.0,1.0
374996,0,1,3400,-59,59,419,9.3,14,0.50,92800.000000,0,2.1,14,0.0,0.0,0.0,0.0,0.0,0.0,1.0
375245,0,1,3400,-59,59,414,10,14,0.50,132864.000000,0,2.1,13,0.0,0.0,0.0,0.0,0.0,0.0,1.0
375494,0,1,3400,-59,59,413,9.2,14,0.50,132256.000000,0,2.1,15,0.0,0.0,80,0.0,0.0,0.0,1.0
375743,0,1,3400,-59,59,414,8.1,14,0.50,151328.000000,0,2.1,15,0.0,0.0,0.0,0.0,0.0,0.0,1.0
375992,0,1,3400,-59,59,414,10,14,0.50,113472.000000,0,2.1,15,0.0,0.0,0.0,0.0,0.0,0.0,1.0
376241,0,1,3400,-59,59,416,8.8,14,0.50,128096.000000,0,2.1,15,0.0,0.0,0.0,0.0,0.0,0.0,1.0
376490,0,1,3400,-59,59,415,7.8,14,0.50,97568.000000,0,2.1,2.0,0.0,13696.000000,12,0.0,0.0,0.0,1.0
376739,0,1,3400,-59,59,416,7.0,14,0.50,112224.000000,0,2.1,0.0,0.0,0.0,0.0,0.0,0.0,0.0,1.0
376988,0,1,3400,-59,59,414,9.3,14,0.50,98048.000000,0,2.1,0.0,0.0,0.0,0.0,0.0,0.0,0.0,1.0
377237,0,1,3400,-59,59,413,9.3,14,0.50,120160.000000,0,2.1,0.0,0.0,0.0,0.0,0.0,0.0,0.0,1.0
377486,0,1,3400,-59,59,414,11,14,0.52,151136.000000,0,2.1,13,0.0,235520.000000,62,0.0,0.0,0.0,1.0
377735,0,1,3400,-59,59,413,9.8,14,0.52,142016.000000,0,2.1,16,0.0,0.0,0.0,0.0,0.0,0.0,1.0
377984,0,1,3400,-59,59,416,9.3,14,0.50,130016.000000,0,2.1,16,0.0,0.0,0.0,0.0,0.0,0.0,1.0
378233,0,1,3400,-59,59,420,7.2,14,0.50,119072.000000,0,2.1,16,0.0,0.0,0.0,0.0,0.0,0.0,1.0
378482,0,1,3400,-59,59,414,8.3,14,0.50,108800.000000,0,2.1,6.2,0.0,10752.000000,53,0.0,0.0,0.0,1.0
378731,0,1,3400,-59,59,414,8.7,14,0.50,108928.000000,0,2.1,0.0,0.0,0.0,0.0,0.0,0.0,0.0,1.0
378980,0,1,3400,-59,59,413,9.3,14,0.50,96640.000000,0,2.1,0.0,0.0,0.0,0.0,0.0,0.0,0.0,1.0
379229,0,1,3400,-59,59,416,8.7,14,0.50,150240.000000,0,2.1,0.0,0.0,0.0,0.0,0.0,0.0,0.0,1.0
379478,0,1,3400,-59,59,414,7.5,14,0.50,112800.000000,0,2.1,0.0,0.0,8160.000000,17,0.0,0.0,0.0,1.0
379727,0,1,3400,-59,59,411,7.5,14,0.50,134944.000000,0,2.1,0.064,0.0,0.0,0.0,0.0,0.0,0.0,1.0
379976,0,1,3400,-59,59,412,9.1,14,0.50,81024.000000,0,2.1,0.0,0.0,0.0,0.0,0.0,0.0,0.0,1.0
380225,0,1,3400,-59,59,416,9.2,14,0.50,69888.000000,0,2.1,0.0,0.0,0.0,0.0,0.0,0.0,0.0,1.0
380474,0,1,3400,-59,59,426,9.2,14,0.52,130592.000000,0,2.1,10,0.0,346336.000000,50,0.0,0.0,0.0,1.0
380723,0,1,3400,-59,59,420,8.4,14,0.50,75456.000000,0,2.1,16,0.0,0.0,0.0,0.0,0.0,0.0,1.0
380972,0,1,3400,-59,59,417,8.1,14,0.50,113952.000000,0,2.1,16,0.0,0.0,0.0,0.0,0.0,0.0,1.0
381221,0,1,3400,-59,59,417,7.8,14,0.50,127072.000000,0,2.1,16,0.0,0.0,0.0,0.0,0.0,0.0,1.0
381470,0,1,3400,-59,59,415,8.3,14,0.50,126752.000000,0,2.1,2.1,0.0,59744.000000,17,0.0,0.0,0.0,1.0
381719,0,1,3400,-59,59,416,10.0,14,0.50,124288.000000,0,2.1,0.0,0.0,0.0,0.0,0.0,0.0,0.0,1.0
381968,0,1,3400,-59,59,418,9.2,14,0.50,99072.000000,0,2.1,0.0,0.0,0.0,0.0,0.0,0.0,0.0,1.0
382217,0,1,3400,-59,59,416,8.2,14,0.50,112480.000000,0,2.1,0.0,0.0,0.0,0.0,0.0,0.0,0.0,1.0
382466,0,1,3400,-59,59,413,9.8,14,0.53,90656.000000,0,2.1,4.6,0.0,23584.000000,40,0.0,0.0,0.0,1.0
382715,0,1,3400,-59,59,409,9.7,14,0.50,121472.000000,0,2.1,0.0,0.0,0.0,0.0,0.0,0.0,0.0,1.0
382964,0,1,3400,-59,59,414,8.3,14,0.50,133184.000000,0,2.1,0.0,0.0,0.0,0.0,0.0,0.0,0.0,1.0
383213,0,1,3400,-59,59,415,8.5,14,0.50,135680.000000,0,2.1,0.0,0.0,0.0,0.0,0.0,0.0,0.0,1.0
383462,0,1,3400,-59,59,415,4.7,14,0.50,122528.000000,0,2.1,10,0.0,127680.000000,33,0.0,0.0,0.0,1.0
383711,0,1,3400,-59,59,416,8.6,14,0.50,129856.000000,0,2.1,16,0.0,0.0,0.0,0.0,0.0,0.0,1.0
383960,0,1,3400,-59,59,418,8.4,14,0.50,114400.000000,0,2.1,16,0.0,0.0,0.0,0.0,0.0,0.0,1.0
384209,0,1,3400,-59,59,421,14,14,0.55,87392.000000,0,2.1,16,0.0,0.0,0.0,0.0,0.0,0.0,1.0
384458,0,1,3400,-59,59,413,10,14,0.50,96000.000000,0,2.1,9.8,0.0,19968.000000,44,0.0,0.0,0.0,1.0
384707,0,1,3400,-59,59,415,10,14,0.50,149792.000000,0,2.1,0.0,0.0,0.0,0.0,0.0,0.0,0.0,1.0
384956,0,1,3400,-59,59,415,9.4,14,0.50,129824.000000,0,2.1,0.0,0.0,0.0,0.0,0.0,0.0,0.0,1.0
385205,0,1,3400,-59,59,409,10,14,0.50,113600.000000,0,2.1,0.0,0.0,0.0,0.0,0.0,0.0,0.0,1.0
385454,0,1,3400,-59,59,407,9.7,14,0.50,143680.000000,0,2.1,10,0.0,15584.000000,0,0.0,0.0,0.0,1.0
385703,0,1,3400,-59,59,411,12,14,0.50,94976.000000,0,2.1,12,0.0,0.0,0.0,0.0,0.0,0.0,1.0
385952,0,1,3400,-59,59,413,9.0,14,0.50,130400.000000,0,2.1,12,0.0,0.0,0.0,0.0,0.0,0.0,1.0
386201,0,1,3400,-59,59,419,10,14,0.50,150976.000000,0,2.1,13,0.0,17056.000000,0,0.0,0.0,0.0,1.0
386450,0,1,3400,-59,59,418,7.6,14,0.50,113280.000000,0,2.1,11,0.0,36768.000000,52,0.0,0.0,0.0,1.0
386699,0,1,3400,-59,59,415,9.1,14,0.50,97184.000000,0,2.1,0.0,0.0,0.0,0.0,0.0,0.0,0.0,1.0
386948,0,1,3400,-59,59,412,7.4,14,0.50,127136.000000,0,2.1,0.0,0.0,0.0,0.0,0.0,0.0,0.0,1.0
387197,0,1,3400,-59,59,413,9.6,14,0.50,136064.000000,0,2.1,0.0,0.0,0.0,0.0,0.0,0.0,0.0,1.0
387446,0,1,3400,-59,59,418,8.4,14,0.53,96256.000000,0,2.1,4.5,0.0,19584.000000,40,0.0,0.0,0.0,1.0
387695,0,1,3400,-59,59,415,8.5,14,0.50,117792.000000,0,2.1,6.5,0.0,0.0,0.0,0.0,0.0,0.0,1.0
387944,0,1,3400,-59,59,412,8.2,14,0.50,127136.000000,0,2.1,6.5,0.0,0.0,0.0,0.0,0.0,0.0,1.0
388193,0,1,3400,-59,59,414,6.6,14,0.50,125312.000000,0,2.1,6.5,0.0,0.0,0.0,0.0,0.0,0.0,1.0
388442,0,1,3400,-59,59,416,7.9,14,0.50,123776.000000,0,2.1,7.2,0.0,0.0,80,0.0,0.0,0.0,1.0
388691,0,1,3400,-59,59,416,9.3,14,0.50,117632.000000,0,2.1,7.5,0.0,0.0,0.0,0.0,0.0,0.0,1.0
388940,0,1,3400,-59,59,418,7.7,14,0.50,119936.000000,0,2.1,7.5,0.0,0.0,0.0,0.0,0.0,0.0,1.0
389189,0,1,3400,-59,59,419,9.2,14,0.50,124960.000000,0,2.1,7.5,0.0,0.0,0.0,0.0,0.0,0.0,1.0
389438,0,1,3400,-59,59,419,8.8,14,0.50,163328.000000,0,2.1,7.5,0.0,7648.000000,38,0.0,0.0,0.0,1.0
389687,0,1,3400,-59,59,421,8.5,14,0.50,92480.000000,0,2.1,7.5,0.0,0.0,0.0,0.0,0.0,0.0,1.0
389936,0,1,3400,-59,59,420,8.2,14,0.50,131744.000000,0,2.1,7.5,0.0,5536.000000,0,0.0,0.0,0.0,1.0
390185,0,1,3400,-59,59,415,10,14,0.50,168768.000000,0,2.1,7.5,0.0,0.0,0.0,0.0,0.0,0.0,1.0
390434,0,1,3400,-59,59,411,5.5,14,0.50,101888.000000,0,2.1,13,0.0,182560.000000,62,0.0,0.0,0.0,1.0
390683,0,1,3400,-59,59,412,8.3,14,0.50,108992.000000,0,2.1,16,0.0,0.0,0.0,0.0,0.0,0.0,1.0
390932,0,1,3400,-59,59,412,9.9,14,0.50,112416.000000,0,2.1,8.3,0.0,5536.000000,0,0.0,0.0,0.0,1.0
391181,0,1,3400,-59,59,416,8.4,14,0.50,103872.000000,0,2.1,8.0,0.0,0.0,0.0,0.0,0.0,0.0,1.0
391430,0,1,3400,-59,59,417,9.8,14,0.50,144544.000000,0,2.1,9.7,0.0,17536.000000,33,0.0,0.0,0.0,1.0
391679,0,1,3400,-59,59,416,9.1,14,0.50,128352.000000,0,2.1,12,0.0,0.0,0.0,0.0,0.0,0.0,1.0
391928,0,1,3400,-59,59,412,6.5,14,0.50,104224.000000,0,2.1,12,0.0,0.0,0.0,0.0,0.0,0.0,1.0
392177,0,1,3400,-59,59,418,9.9,14,0.50,128384.000000,0,2.1,12,0.0,0.0,0.0,0.0,0.0,0.0,1.0
392426,0,1,3400,-59,59,416,9.3,14,0.56,140480.000000,0,2.1,13,0.0,23488.000000,0,0.0,0.0,0.0,1.0
392675,0,1,3400,-59,59,408,7.6,14,0.50,142048.000000,0,2.1,14,0.0,0.0,0.0,0.0,0.0,0.0,1.0
392924,0,1,3400,-59,59,412,7.9,14,0.50,107040.000000,0,2.1,14,0.0,0.0,0.0,0.0,0.0,0.0,1.0
393173,0,1,3400,-59,59,421,8.9,14,0.50,118912.000000,0,2.1,14,0.0,0.0,0.0,0.0,0.0,0.0,1.0
393422,0,1,3400,-59,59,417,8.9,14,0.50,139104.000000,0,2.1,14,0.0,23488.000000,20,0.0,0.0,0.0,1.0
393671,0,1,3400,-59,59,412,6.5,14,0.50,122336.000000,0,2.1,14,0.0,0.0,0.0,0.0,0.0,0.0,1.0
393920,0,1,3400,-59,59,415,9.3,14,0.50,123776.000000,0,2.1,14,0.0,0.0,0.0,0.0,0.0,0.0,1.0
394169,0,1,3400,-59,59,415,8.2,14,0.50,102432.000000,0,2.1,14,0.0,0.0,0.0,0.0,0.0,0.0,1.0
394418,0,1,3400,-59,59,417,9.4,14,0.50,133408.000000,0,2.1,14,0.0,23488.000000,0,0.0,0.0,0.0,1.0
394667,0,1,3400,-59,59,419,7.9,14,0.50,108416.000000,0,2.1,14,0.0,0.0,0.0,0.0,0.0,0.0,1.0
394916,0,1,3400,-59,59,416,8.2,14,0.50,119616.000000,0,2.1,14,0.0,0.0,80,0.0,0.0,0.0,1.0
395165,0,1,3400,-59,59,416,8.4,14,0.50,102624.000000,0,2.1,15,0.0,0.0,0.0,0.0,0.0,0.0,1.0
395414,0,1,3400,-59,59,411,7.5,14,0.50,99168.000000,0,2.1,7.2,0.0,19968.000000,44,0.0,0.0,0.0,1.0
395663,0,1,3400,-59,59,412,8.6,14,0.50,76832.000000,0,2.1,0.0,0.0,0.0,0.0,0.0,0.0,0.0,1.0
395912,0,1,3400,-59,59,421,5.0,14,0.50,93600.000000,0,2.1,0.0,0.0,0.0,0.0,0.0,0.0,0.0,1.0
396161,0,1,3400,-59,59,422,13,14,0.51,74752.000000,0,2.1,0.0,0.0,0.0,0.0,0.0,0.0,0.0,1.0
396410,0,1,3400,-59,59,420,7.5,14,0.50,96544.000000,0,2.1,1.5,0.0,7296.000000,53,0.0,0.0,0.0,1.0
396659,0,1,3400,-59,59,421,12,14,0.50,107904.000000,0,2.1,0.0,0.0,0.0,0.0,0.0,0.0,0.0,1.0
396908,0,1,3400,-59,59,427,7.9,14,0.50,108512.000000,0,2.1,7.3,0.0,17056.000000,0,0.0,0.0,0.0,1.0
397157,0,1,3400,-59,59,421,10,14,0.50,147072.000000,0,2.1,7.5,0.0,0.0,0.0,0.0,0.0,0.0,1.0
397406,0,1,3400,-59,59,411,8.6,14,0.50,118176.000000,0,2.1,15,0.0,174592.000000,65,0.0,0.0,0.0,1.0
397655,0,1,3400,-59,59,409,8.5,14,0.50,86688.000000,0,2.1,16,0.0,0.0,0.0,0.0,0.0,0.0,1.0
397904,0,1,3400,-59,59,410,7.2,14,0.50,102112.000000,0,2.1,16,0.0,0.0,0.0,0.0,0.0,0.0,1.0
398153,0,1,3400,-59,59,420,7.8,14,0.50,109024.000000,0,2.1,16,0.0,0.0,0.0,0.0,0.0,0.0,1.0
398402,0,1,3400,-59,59,416,9.1,14,0.50,150304.000000,0,2.1,12,0.0,15584.000000,0,0.0,0.0,0.0,1.0
398651,0,1,3400,-59,59,407,8.0,14,0.50,135776.000000,0,2.1,12,0.0,0.0,0.0,0.0,0.0,0.0,1.0
398900,0,1,3400,-59,59,409,9.0,14,0.50,187840.000000,0,2.1,12,0.0,0.0,0.0,0.0,0.0,0.0,1.0
399149,0,1,3400,-59,59,413,8.5,14,0.50,112960.000000,0,2.1,12,0.0,0.0,0.0,0.0,0.0,0.0,1.0
399398,0,1,3400,-59,59,412,7.2,14,0.50,53152.000000,0,2.1,5.7,0.0,30464.000000,0,0.0,0.0,0.0,1.0
399647,0,1,3400,-59,59,414,6.7,14,0.50,122976.000000,0,2.1,0.0,0.0,0.0,0.0,0.0,0.0,0.0,1.0
399896,0,1,3400,-59,59,408,8.0,14,0.50,133088.000000,0,2.1,0.0,0.0,0.0,0.0,0.0,0.0,0.0,1.0
400145,0,1,3400,-59,59,412,10,14,0.50,105728.000000,0,2.1,0.0,0.0,0.0,0.0,0.0,0.0,0.0,1.0
400394,0,1,3400,-59,59,414,9.3,14,0.50,123840.000000,0,2.1,0.0,0.0,8160.000000,17,0.0,0.0,0.0,1.0
400643,0,1,3400,-59,59,412,7.0,14,0.50,111072.000000,0,2.1,0.0,0.0,0.0,0.0,0.0,0.0,0.0,1.0
400892,0,1,3400,-59,59,410,7.7,14,0.50,80288.000000,0,2.1,0.0,0.0,5536.000000,0,0.0,0.0,0.0,1.0
401141,0,1,3400,-59,59,412,9.4,14,0.50,124896.000000,0,2.1,0.0,0.0,0.0,0.0,0.0,0.0,0.0,1.0
401390,0,1,3400,-59,59,412,8.0,14,0.50,70368.000000,0,2.1,9.6,0.0,23488.000000,0,0.0,0.0,0.0,1.0
401639,0,1,3400,-59,59,419,9.4,14,0.50,132736.000000,0,2.1,15,0.0,0.0,80,0.0,0.0,0.0,1.0
401888,0,1,3400,-59,59,420,8.8,14,0.50,138304.000000,0,2.1,15,0.0,0.0,0.0,0.0,0.0,0.0,1.0
402137,0,1,3400,-59,59,418,7.6,14,0.50,144608.000000,0,2.1,15,0.0,0.0,0.0,0.0,0.0,0.0,1.0
402386,0,1,3400,-59,59,414,9.0,14,0.50,95200.000000,0,2.1,12,0.0,15584.000000,0,0.0,0.0,0.0,1.0
402635,0,1,3400,-59,59,418,9.8,14,0.50,117984.000000,0,2.1,12,0.0,0.0,0.0,0.0,0.0,0.0,1.0
402884,0,1,3400,-59,59,415,8.6,14,0.50,126080.000000,0,2.1,12,0.0,0.0,0.0,0.0,0.0,0.0,1.0
403133,0,1,3400,-59,59,415,8.5,14,0.50,97312.000000,0,2.1,13,0.0,0.0,0.0,0.0,0.0,0.0,1.0
403382,0,1,3400,-59,59,414,9.5,14,0.50,113824.000000,0,2.1,13,0.0,23488.000000,0,0.0,0.0,0.0,1.0
403631,0,1,3400,-59,59,417,9.3,14,0.50,91680.000000,0,2.1,13,0.0,17056.000000,0,0.0,0.0,0.0,1.0
403880,0,1,3400,-59,59,415,8.6,14,0.50,132288.000000,0,2.1,14,0.0,0.0,0.0,0.0,0.0,0.0,1.0
404129,0,1,3400,-59,59,416,9.7,14,0.50,116960.000000,0,2.1,14,0.0,0.0,0.0,0.0,0.0,0.0,1.0
404378,0,1,3400,-59,59,416,11,14,0.50,88320.000000,0,2.1,14,0.0,23488.000000,0,0.0,0.0,0.0,1.0
404627,0,1,3400,-59,59,419,8.8,14,0.50,70816.000000,0,2.1,14,0.0,0.0,0.0,0.0,0.0,0.0,1.0
404876,0,1,3400,-59,59,423,9.8,14,0.50,135424.000000,0,2.1,14,0.0,17056.000000,0,0.0,0.0,0.0,1.0
405125,0,1,3400,-59,59,416,9.1,14,0.50,130592.000000,0,2.1,14,0.0,0.0,0.0,0.0,0.0,0.0,1.0
405374,0,1,3400,-59,59,415,10,14,0.50,125888.000000,0,2.1,14,0.0,23488.000000,0,0.0,0.0,0.0,1.0
405623,0,1,3400,-59,59,411,11,14,0.50,102368.000000,0,2.1,14,0.0,0.0,0.0,0.0,0.0,0.0,1.0
405872,0,1,3400,-59,59,411,8.7,14,0.50,81440.000000,0,2.1,14,0.0,17056.000000,0,0.0,0.0,0.0,1.0
406121,0,1,3400,-59,59,417,8.3,14,0.50,93312.000000,0,2.1,14,0.0,0.0,0.0,0.0,0.0,0.0,1.0
406370,0,1,3400,-59,59,424,7.5,14,0.50,109504.000000,0,2.1,14,0.0,23488.000000,0,0.0,0.0,0.0,1.0
406619,0,1,3400,-59,59,421,8.3,14,0.50,124480.000000,0,2.1,14,0.0,0.0,0.0,0.0,0.0,0.0,1.0
406868,0,1,3400,-59,59,417,11,14,0.54,107872.000000,0,2.1,14,0.0,0.0,0.0,0.0,0.0,0.0,1.0
407117,0,1,3400,-59,59,417,11,14,0.50,183264.000000,0,2.1,14,0.0,0.0,0.0,0.0,0.0,0.0,1.0
407366,0,1,3400,-59,59,415,9.4,14,0.50,133152.000000,0,2.1,5.9,0.0,24032.000000,36,0.0,0.0,0.0,1.0
407615,0,1,3400,-59,59,416,8.8,14,0.50,125056.000000,0,2.1,0.0,0.0,0.0,0.0,0.0,0.0,0.0,1.0
407864,0,1,3400,-59,59,424,10,14,0.50,81344.000000,0,2.1,0.0,0.0,0.0,0.0,0.0,0.0,0.0,1.0
408113,0,1,3400,-59,59,415,12,14,0.66,136000.000000,0,2.1,0.0,0.0,0.0,0.0,0.0,0.0,0.0,1.0
408362,0,1,3400,-59,59,410,8.8,14,0.51,119008.000000,0,2.1,6.5,0.0,19968.000000,56,0.0,0.0,0.0,1.0
408611,0,1,3400,-59,59,413,7.1,14,0.50,134848.000000,0,2.1,0.0,0.0,5536.000000,0,0.0,0.0,0.0,1.0
408860,0,1,3400,-59,59,410,8.5,14,0.50,103456.000000,0,2.1,0.0,0.0,0.0,0.0,0.0,0.0,0.0,1.0
409109,0,1,3400,-59,59,412,9.6,14,0.50,118048.000000,0,2.1,0.064,0.0,0.0,0.0,0.0,0.0,0.0,1.0
409358,0,1,3400,-59,59,412,11,14,0.50,103328.000000,0,2.1,12,0.0,23488.000000,0,0.0,0.0,0.0,1.0
409607,0,1,3400,-59,59,413,9.3,14,0.50,74752.000000,0,2.1,14,0.0,17056.000000,0,0.0,0.0,0.0,1.0
409856,0,1,3400,-59,59,416,7.0,14,0.50,108480.000000,0,2.1,14,0.0,17056.000000,0,0.0,0.0,0.0,1.0
410105,0,1,3400,-59,59,418,8.7,14,0.50,146272.000000,0,2.1,14,0.0,0.0,0.0,0.0,0.0,0.0,1.0
410354,0,1,3400,-59,59,419,10,14,0.50,120768.000000,0,2.1,11,0.0,12896.000000,25,0.0,0.0,0.0,1.0
410603,0,1,3400,-59,59,415,8.4,14,0.50,174400.000000,0,2.1,12,0.0,17056.000000,0,0.0,0.0,0.0,1.0
410852,0,1,3400,-59,59,413,7.6,14,0.50,132608.000000,0,2.1,14,0.0,0.0,0.0,0.0,0.0,0.0,1.0
411101,0,1,3400,-59,59,410,13,14,0.50,113472.000000,0,2.1,14,0.0,0.0,0.0,0.0,0.0,0.0,1.0
411350,0,1,3400,-59,59,413,8.9,14,0.50,114336.000000,0,2.1,14,0.0,23488.000000,0,0.0,0.0,0.0,1.0
411599,0,1,3400,-59,59,418,7.3,14,0.67,106720.000000,5,2.1,14,0.0,0.0,0.0,0.0,0.0,0.0,1.0
411848,0,1,3400,-59,59,417,8.2,14,0.50,106720.000000,0,2.1,14,0.0,0.0,0.0,0.0,0.0,0.0,1.0
412097,0,1,3400,-59,59,413,9.8,14,0.50,104544.000000,0,2.1,14,0.0,0.0,0.0,0.0,0.0,0.0,1.0
412346,0,1,3400,-59,59,412,8.9,14,0.50,113888.000000,0,2.1,12,0.0,23488.000000,0,0.0,0.0,0.0,1.0
412595,0,1,3400,-59,59,412,8.6,14,0.50,119200.000000,0,2.1,12,0.0,0.0,0.0,0.0,0.0,0.0,1.0
412844,0,1,3400,-59,59,415,8.0,14,0.50,124960.000000,0,2.1,12,0.0,0.0,0.0,0.0,0.0,0.0,1.0
413093,0,1,3400,-59,59,416,10,14,0.54,154624.000000,0,2.1,12,0.0,0.0,0.0,0.0,0.0,0.0,1.0
413342,0,1,3400,-59,59,416,7.6,14,0.50,105184.000000,0,2.1,13,0.0,23488.000000,0,0.0,0.0,0.0,1.0
413591,0,1,3400,-59,59,423,9.2,14,0.50,113344.000000,0,2.1,14,0.0,0.0,0.0,0.0,0.0,0.0,1.0
413840,0,1,3400,-59,59,423,11,14,0.53,127360.000000,0,2.1,14,0.0,0.0,0.0,0.0,0.0,0.0,1.0
414089,0,1,3400,-59,59,416,6.0,14,0.51,114496.000000,0,2.1,14,0.0,17056.000000,0,0.0,0.0,0.0,1.0
414338,0,1,3400,-59,59,420,7.6,14,0.50,123168.000000,0,2.1,14,0.0,40544.000000,14,0.0,0.0,0.0,1.0
414587,0,1,3400,-59,59,420,8.0,14,0.50,125312.000000,0,2.1,15,0.0,0.0,0.0,0.0,0.0,0.0,1.0
414836,0,1,3400,-59,59,413,10,14,0.50,70048.000000,0,2.1,15,0.0,0.0,0.0,0.0,0.0,0.0,1.0
415085,0,1,3400,-59,59,408,10.0,14,0.50,131040.000000,0,2.1,15,0.0,0.0,0.0,0.0,0.0,0.0,1.0
415334,0,1,3400,-59,59,415,8.1,14,0.50,124128.000000,0,2.1,14,0.0,23488.000000,0,0.0,0.0,0.0,1.0
415583,0,1,3400,-59,59,421,8.2,14,0.50,84768.000000,0,2.1,14,0.0,0.0,0.0,0.0,0.0,0.0,1.0
415832,0,1,3400,-59,59,419,7.9,14,0.50,112480.000000,0,2.1,14,0.0,0.0,0.0,0.0,0.0,0.0,1.0
416081,0,1,3400,-59,59,416,8.8,14,0.50,149376.000000,0,2.1,14,0.0,0.0,0.0,0.0,0.0,0.0,1.0
416330,0,1,3400,-59,59,417,8.3,14,0.50,140544.000000,0,2.1,14,0.0,23488.000000,0,0.0,0.0,0.0,1.0
416579,0,1,3400,-59,59,417,8.1,14,0.50,141696.000000,0,2.1,14,0.0,0.0,0.0,0.0,0.0,0.0,1.0
416828,0,1,3400,-59,59,414,9.5,14,0.50,140224.000000,0,2.1,14,0.0,17056.000000,0,0.0,0.0,0.0,1.0
417077,0,1,3400,-59,59,406,7.6,14,0.50,131936.000000,0,2.1,14,0.0,17056.000000,0,0.0,0.0,0.0,1.0
417326,0,1,3400,-59,59,411,9.0,14,0.50,109120.000000,0,2.1,12,0.0,23488.000000,0,0.0,0.0,0.0,1.0
417575,0,1,3400,-59,59,416,11,14,0.72,137344.000000,2,2.1,12,0.0,0.0,0.0,0.0,0.0,0.0,1.0
417824,0,1,3400,-59,59,415,9.6,14,0.50,156672.000000,0,2.1,13,0.0,17056.000000,0,0.0,0.0,0.0,1.0
418073,0,1,3400,-59,59,413,10,14,0.50,123680.000000,0,2.1,14,0.0,0.0,0.0,0.0,0.0,0.0,1.0
418322,0,1,3400,-59,59,418,10,14,0.50,92192.000000,0,2.1,14,0.0,0.0,80,0.0,0.0,0.0,1.0
418571,0,1,3400,-59,59,422,6.4,14,0.50,128576.000000,0,2.1,14,0.0,0.0,0.0,0.0,0.0,0.0,1.0
418820,0,1,3400,-59,59,412,8.3,14,0.50,120608.000000,0,2.1,14,0.0,0.0,0.0,0.0,0.0,0.0,1.0
419069,0,1,3400,-59,59,413,8.9,14,0.50,152544.000000,0,2.1,12,0.0,5536.000000,0,0.0,0.0,0.0,1.0
419318,0,1,3400,-59,59,419,9.5,14,0.50,101280.000000,0,2.1,6.9,0.0,0.0,80,0.0,0.0,0.0,1.0
419567,0,1,3400,-59,59,418,9.3,14,0.50,49408.000000,0,2.1,7.5,0.0,0.0,0.0,0.0,0.0,0.0,1.0
419816,0,1,3400,-59,59,415,10,14,0.50,115808.000000,0,2.1,7.5,0.0,0.0,0.0,0.0,0.0,0.0,1.0
420065,0,1,3400,-59,59,415,9.4,14,0.50,151200.000000,0,2.1,7.5,0.0,0.0,0.0,0.0,0.0,0.0,1.0
420314,0,1,3400,-59,59,415,9.8,14,0.50,113472.000000,0,2.1,15,0.0,339168.000000,58,0.0,0.0,0.0,1.0
420563,0,1,3400,-59,59,414,9.3,14,0.50,171520.000000,0,2.1,16,0.0,0.0,0.0,0.0,0.0,0.0,1.0
420812,0,1,3400,-59,59,410,8.6,14,0.50,140672.000000,0,2.1,16,0.0,0.0,0.0,0.0,0.0,0.0,1.0
421061,0,1,3400,-59,59,416,7.6,14,0.50,114528.000000,0,2.1,16,0.0,0.0,0.0,0.0,0.0,0.0,1.0
421310,0,1,3400,-59,59,422,11,14,0.50,75872.000000,0,2.1,8.0,0.0,12512.000000,36,0.0,0.0,0.0,1.0
421559,0,1,3400,-59,59,421,9.4,14,0.50,135104.000000,0,2.1,0.0,0.0,0.0,0.0,0.0,0.0,0.0,1.0
421808,0,1,3400,-59,59,420,10,14,0.50,123584.000000,0,2.1,0.0,0.0,0.0,0.0,0.0,0.0,0.0,1.0
422057,0,1,3400,-59,59,421,9.1,14,0.50,161824.000000,0,2.1,0.0,0.0,0.0,0.0,0.0,0.0,0.0,1.0
422306,0,1,3400,-59,59,412,6.4,14,0.50,145248.000000,0,2.1,0.82,0.0,18688.000000,33,0.0,0.0,0.0,1.0
422555,0,1,3400,-59,59,417,8.7,14,0.50,118656.000000,0,2.1,0.0,0.0,0.0,0.0,0.0,0.0,0.0,1.0
422804,0,1,3400,-59,59,417,9.0,14,0.50,156160.000000,0,2.1,0.0,0.0,0.0,0.0,0.0,0.0,0.0,1.0
423053,0,1,3400,-59,59,416,9.9,14,0.50,59776.000000,0,2.1,0.0,0.0,0.0,0.0,0.0,0.0,0.0,1.0
423302,0,1,3400,-59,59,412,8.4,14,0.50,117920.000000,0,2.1,11,0.0,272192.000000,56,0.0,0.0,0.0,1.0
423551,0,1,3400,-59,59,419,7.8,14,0.50,119520.000000,0,2.1,15,0.0,5536.000000,33,0.0,0.0,0.0,1.0
423800,0,1,3400,-59,59,417,7.5,14,0.50,131328.000000,0,2.1,8.0,0.0,0.0,0.0,0.0,0.0,0.0,1.0
424049,0,1,3400,-59,59,416,8.5,14,0.50,113120.000000,0,2.1,8.0,0.0,0.0,0.0,0.0,0.0,0.0,1.0
424298,0,1,3400,-59,59,414,9.0,14,0.50,146752.000000,0,2.1,3.1,0.0,14240.000000,42,0.0,0.0,0.0,1.0
424547,0,1,3400,-59,59,413,10.0,14,0.50,98368.000000,0,2.1,0.0,0.0,0.0,0.0,0.0,0.0,0.0,1.0
424796,0,1,3400,-59,59,418,9.7,14,0.50,138112.000000,0,2.1,0.0,0.0,0.0,0.0,0.0,0.0,0.0,1.0
425045,0,1,3400,-59,59,415,8.5,14,0.50,197760.000000,0,2.1,0.0,0.0,0.0,0.0,0.0,0.0,0.0,1.0
425294,0,1,3400,-59,59,416,8.4,14,0.50,141184.000000,0,2.1,0.0,0.0,12256.000000,0,0.0,0.0,0.0,1.0
425543,0,1,3400,-59,59,417,9.4,14,0.50,131584.000000,0,2.1,0.0,0.0,0.0,0.0,0.0,0.0,0.0,1.0
425792,0,1,3400,-59,59,417,10,14,0.50,145472.000000,0,2.1,0.0,0.0,0.0,0.0,0.0,0.0,0.0,1.0
426041,0,1,3400,-59,59,412,12,14,0.50,115456.000000,0,2.1,0.0,0.0,0.0,0.0,0.0,0.0,0.0,1.0
426290,0,1,3400,-59,59,413,10,14,0.50,156288.000000,0,2.1,10,0.0,15584.000000,0,0.0,0.0,0.0,1.0
426539,0,1,3400,-59,59,419,10,14,0.50,139232.000000,0,2.1,12,0.0,0.0,0.0,0.0,0.0,0.0,1.0
426788,0,1,3400,-59,59,420,7.1,14,0.50,115840.000000,0,2.1,13,0.0,0.0,0.0,0.0,0.0,0.0,1.0
427037,0,1,3400,-59,59,417,7.6,14,0.50,101600.000000,0,2.1,12,0.0,0.0,0.0,0.0,0.0,0.0,1.0
427286,0,1,3400,-59,59,415,8.3,14,0.50,140224.000000,0,2.1,14,0.0,12608.000000,0,0.0,0.0,0.0,1.0
427535,0,1,3400,-59,59,411,7.0,14,0.50,142656.000000,0,2.1,14,0.0,0.0,0.0,0.0,0.0,0.0,1.0
427784,0,1,3400,-59,59,410,9.0,14,0.50,98752.000000,0,2.1,14,0.0,0.0,0.0,0.0,0.0,0.0,1.0
428033,0,1,3400,-59,59,415,10,14,0.51,135712.000000,0,2.1,14,0.0,0.0,0.0,0.0,0.0,0.0,1.0
428282,0,1,3400,-59,59,416,9.9,14,0.50,82176.000000,0,2.1,8.3,0.0,24032.000000,36,0.0,0.0,0.0,1.0
428531,0,1,3400,-59,59,420,9.3,14,0.50,102112.000000,0,2.1,4.6,0.0,17056.000000,0,0.0,0.0,0.0,1.0
428780,0,1,3400,-59,59,422,11,14,0.50,125600.000000,0,2.1,7.5,0.0,0.0,0.0,0.0,0.0,0.0,1.0
429029,0,1,3400,-59,59,419,9.5,14,0.50,124576.000000,0,2.1,7.5,0.0,0.0,0.0,0.0,0.0,0.0,1.0
429278,0,1,3400,-59,59,412,8.6,14,0.50,91872.000000,0,2.1,12,0.0,23488.000000,0,0.0,0.0,0.0,1.0
429527,0,1,3400,-59,59,411,11,14,0.50,119040.000000,0,2.1,14,0.0,0.0,0.0,0.0,0.0,0.0,1.0
429776,0,1,3400,-59,59,413,12,14,0.50,108736.000000,0,2.1,14,0.0,0.0,0.0,0.0,0.0,0.0,1.0
430025,0,1,3400,-59,59,421,9.2,14,0.50,124992.000000,0,2.1,14,0.0,0.0,0.0,0.0,0.0,0.0,1.0
430274,0,1,3400,-59,59,418,9.4,14,0.50,134176.000000,0,2.1,14,0.0,23488.000000,0,0.0,0.0,0.0,1.0
430523,0,1,3400,-59,59,412,6.9,14,0.50,105344.000000,0,2.1,14,0.0,0.0,0.0,0.0,0.0,0.0,1.0
430772,0,1,3400,-59,59,411,8.1,14,0.50,93088.000000,0,2.1,14,0.0,0.0,0.0,0.0,0.0,0.0,1.0
431021,0,1,3400,-59,59,417,8.0,14,0.50,102272.000000,0,2.1,14,0.0,0.0,0.0,0.0,0.0,0.0,1.0
431270,0,1,3400,-59,59,415,8.9,14,0.50,91904.000000,0,2.1,15,0.0,0.0,80,0.0,0.0,0.0,1.0
431519,0,1,3400,-59,59,411,7.6,14,0.50,122912.000000,0,2.1,10,0.0,5536.000000,33,0.0,0.0,0.0,1.0
431768,0,1,3400,-59,59,413,7.7,14,0.50,165088.000000,0,2.1,7.5,0.0,0.0,0.0,0.0,0.0,0.0,1.0
432017,0,1,3400,-59,59,422,9.5,14,0.50,147232.000000,0,2.1,7.5,0.0,0.0,0.0,0.0,0.0,0.0,1.0
432266,0,1,3400,-59,59,419,8.7,14,0.50,120064.000000,0,2.1,2.3,0.0,16768.000000,0,0.0,0.0,0.0,1.0
432515,0,1,3400,-59,59,416,15,14,0.67,96224.000000,0,2.1,0.0,0.0,0.0,0.0,0.0,0.0,0.0,1.0
432764,0,1,3400,-59,59,418,8.6,14,0.50,114368.000000,0,2.1,0.0,0.0,0.0,0.0,0.0,0.0,0.0,1.0
433013,0,1,3400,-59,59,412,8.8,14,0.50,179872.000000,0,2.1,0.0,0.0,5536.000000,0,0.0,0.0,0.0,1.0
433262,0,1,3400,-59,59,414,9.9,14,0.50,113472.000000,0,2.1,12,0.0,19456.000000,50,0.0,0.0,0.0,1.0
433511,0,1,3400,-59,59,418,8.1,14,0.50,110144.000000,0,2.1,14,0.0,0.0,0.0,0.0,0.0,0.0,1.0
433760,0,1,3400,-59,59,417,10,14,0.50,170208.000000,0,2.1,14,0.0,0.0,0.0,0.0,0.0,0.0,1.0
434009,0,1,3400,-59,59,418,8.8,14,0.50,119136.000000,0,2.1,14,0.0,0.0,0.0,0.0,0.0,0.0,1.0
434258,0,1,3400,-59,59,416,8.6,14,0.50,106112.000000,0,2.1,1.9,0.0,17632.000000,0,0.0,0.0,0.0,1.0
434507,0,1,3400,-59,59,411,6.5,14,0.50,122560.000000,0,2.1,0.0,0.0,0.0,0.0,0.0,0.0,0.0,1.0
434756,0,1,3400,-59,59,416,8.5,14,0.50,146208.000000,0,2.1,0.0,0.0,0.0,0.0,0.0,0.0,0.0,1.0
435005,0,1,3400,-59,59,416,7.8,14,0.50,85792.000000,0,2.1,0.0,0.0,0.0,0.0,0.0,0.0,0.0,1.0
435254,0,1,3400,-59,59,414,6.0,14,0.50,124416.000000,0,2.1,12,0.0,23488.000000,0,0.0,0.0,0.0,1.0
435503,0,1,3400,-59,59,416,9.7,14,0.50,123072.000000,0,2.1,14,0.0,0.0,0.0,0.0,0.0,0.0,1.0
435752,0,1,3400,-59,59,417,8.8,14,0.50,150432.000000,0,2.1,14,0.0,0.0,0.0,0.0,0.0,0.0,1.0
436001,0,1,3400,-59,59,416,8.8,14,0.50,103296.000000,0,2.1,14,0.0,34112.000000,0,0.0,0.0,0.0,1.0
436250,0,1,3400,-59,59,414,9.6,14,0.50,144736.000000,0,2.1,3.8,0.0,24032.000000,36,0.0,0.0,0.0,1.0
436499,0,1,3400,-59,59,414,7.6,14,0.50,107456.000000,0,2.1,0.064,0.0,5536.000000,0,0.0,0.0,0.0,1.0
436748,0,1,3400,-59,59,415,10,14,0.50,107648.000000,0,2.1,0.0,0.0,0.0,0.0,0.0,0.0,0.0,1.0
436997,0,1,3400,-59,59,416,11,14,0.50,105888.000000,0,2.1,0.0,0.0,0.0,0.0,0.0,0.0,0.0,1.0
437246,0,1,3400,-59,59,413,7.9,14,0.50,146240.000000,0,2.1,0.064,0.0,11232.000000,0,0.0,0.0,0.0,1.0
437495,0,1,3400,-59,59,414,9.3,14,0.50,114144.000000,0,2.1,0.0,0.0,0.0,0.0,0.0,0.0,0.0,1.0
437744,0,1,3400,-59,59,411,7.2,14,0.50,133952.000000,0,2.1,0.0,0.0,0.0,0.0,0.0,0.0,0.0,1.0
437993,0,1,3400,-59,59,416,9.7,14,0.50,136928.000000,0,2.1,0.42,0.0,22592.000000,0,0.0,0.0,0.0,1.0
438242,0,1,3400,-59,59,424,10,14,0.50,131648.000000,0,2.1,13,0.0,23488.000000,0,0.0,0.0,0.0,1.0
438491,0,1,3400,-59,59,417,7.7,14,0.50,98240.000000,0,2.1,14,0.0,0.0,0.0,0.0,0.0,0.0,1.0
438740,0,1,3400,-59,59,420,8.0,14,0.50,118208.000000,0,2.1,14,0.0,17056.000000,0,0.0,0.0,0.0,1.0
438989,0,1,3400,-59,59,417,11,14,0.50,170496.000000,0,2.1,14,0.0,0.0,0.0,0.0,0.0,0.0,1.0
439238,0,1,3400,-59,59,417,8.9,14,0.50,171040.000000,0,2.1,14,0.0,23488.000000,0,0.0,0.0,0.0,1.0
439487,0,1,3400,-59,59,420,9.2,14,0.50,103680.000000,0,2.1,14,0.0,0.0,0.0,0.0,0.0,0.0,1.0
439736,0,1,3400,-59,59,417,9.3,14,0.50,142688.000000,0,2.1,14,0.0,0.0,0.0,0.0,0.0,0.0,1.0
439985,0,1,3400,-59,59,415,7.1,14,0.50,132288.000000,0,2.1,13,0.0,0.0,0.0,0.0,0.0,0.0,1.0
440234,0,1,3400,-59,59,417,8.6,14,0.50,155200.000000,0,2.1,8.2,0.0,24032.000000,36,0.0,0.0,0.0,1.0
440483,0,1,3400,-59,59,416,8.8,14,0.50,108896.000000,0,2.1,0.0,0.0,0.0,0.0,0.0,0.0,0.0,1.0
440732,0,1,3400,-59,59,415,7.9,14,0.50,121504.000000,0,2.1,0.0,0.0,0.0,0.0,0.0,0.0,0.0,1.0
440981,0,1,3400,-59,59,418,8.4,14,0.50,60544.000000,0,2.1,0.0,0.0,0.0,0.0,0.0,0.0,0.0,1.0
441230,0,1,3400,-59,59,420,9.7,14,0.50,125280.000000,0,2.1,9.5,0.0,6464.000000,50,0.0,0.0,0.0,1.0
441479,0,1,3400,-59,59,421,11,14,0.50,86560.000000,0,2.1,18,0.0,0.0,0.0,0.0,0.0,0.0,1.0
441728,0,1,3400,-59,59,416,9.3,14,0.50,108768.000000,0,2.1,18,0.0,0.0,0.0,0.0,0.0,0.0,1.0
441977,0,1,3400,-59,59,421,8.6,14,0.50,125408.000000,0,2.1,18,0.0,0.0,0.0,0.0,0.0,0.0,1.0
442226,0,1,3400,-59,59,423,9.0,14,0.50,138688.000000,0,2.1,15,0.0,17056.000000,57,0.0,0.0,0.0,1.0
442475,0,1,3400,-59,59,424,10,14,0.50,150400.000000,0,2.1,14,0.0,0.0,0.0,0.0,0.0,0.0,1.0
442724,0,1,3400,-59,59,423,8.4,14,0.50,112704.000000,0,2.1,14,0.0,0.0,0.0,0.0,0.0,0.0,1.0
442973,0,1,3400,-59,59,411,8.9,14,0.56,145888.000000,0,2.1,14,0.0,0.0,0.0,0.0,0.0,0.0,1.0
443222,0,1,3400,-59,59,412,9.6,14,0.50,116480.000000,0,2.1,14,0.0,23488.000000,0,0.0,0.0,0.0,1.0
443471,0,1,3400,-59,59,413,8.2,14,0.50,149408.000000,0,2.1,14,0.0,0.0,0.0,0.0,0.0,0.0,1.0
443720,0,1,3400,-59,59,413,9.2,14,0.50,124032.000000,0,2.1,14,0.0,0.0,0.0,0.0,0.0,0.0,1.0
443969,0,1,3400,-59,59,418,8.2,14,0.50,97184.000000,0,2.1,14,0.0,0.0,0.0,0.0,0.0,0.0,1.0
444218,0,1,3400,-59,59,419,7.8,14,0.50,122304.000000,0,2.1,9.4,0.0,119072.000000,50,0.0,0.0,0.0,1.0
444467,0,1,3400,-59,59,420,8.5,14,0.50,122944.000000,0,2.1,8.0,0.0,0.0,0.0,0.0,0.0,0.0,1.0
444716,0,1,3400,-59,59,419,6.6,14,0.50,114464.000000,0,2.1,8.0,0.0,0.0,0.0,0.0,0.0,0.0,1.0
444965,0,1,3400,-59,59,420,8.7,14,0.50,92480.000000,0,2.1,8.0,0.0,0.0,0.0,0.0,0.0,0.0,1.0
445214,0,1,3400,-59,59,419,8.8,14,0.50,108768.000000,0,2.1,6.1,0.0,16512.000000,36,0.0,0.0,0.0,1.0
445463,0,1,3400,-59,59,413,6.8,14,0.50,42912.000000,0,2.1,6.0,0.0,0.0,0.0,0.0,0.0,0.0,1.0
445712,0,1,3400,-59,59,417,9.8,14,0.50,118560.000000,0,2.1,6.0,0.0,0.0,0.0,0.0,0.0,0.0,1.0
445961,0,1,3400,-59,59,422,10,14,0.50,97504.000000,0,2.1,6.0,0.0,0.0,0.0,0.0,0.0,0.0,1.0
446210,0,1,3400,-59,59,415,11,14,0.50,123872.000000,0,2.1,7.1,0.0,17056.000000,50,0.0,0.0,0.0,1.0
446459,0,1,3400,-59,59,409,7.8,14,0.50,135840.000000,0,2.1,6.5,0.0,5536.000000,0,0.0,0.0,0.0,1.0
446708,0,1,3400,-59,59,413,6.7,14,0.50,159424.000000,0,2.1,0.0,0.0,5536.000000,0,0.0,0.0,0.0,1.0
446957,0,1,3400,-59,59,413,6.3,14,0.50,122112.000000,0,2.1,0.0,0.0,0.0,0.0,0.0,0.0,0.0,1.0
447206,0,1,3400,-59,59,412,9.5,14,0.50,148608.000000,0,2.1,6.7,0.0,5536.000000,57,0.0,0.0,0.0,1.0
447455,0,1,3400,-59,59,413,6.9,14,0.50,102464.000000,0,2.1,7.5,0.0,0.0,0.0,0.0,0.0,0.0,1.0
447704,0,1,3400,-59,59,419,9.8,14,0.50,78272.000000,0,2.1,7.5,0.0,5536.000000,0,0.0,0.0,0.0,1.0
447953,0,1,3400,-59,59,413,9.3,14,0.50,124256.000000,0,2.1,7.5,0.0,0.0,0.0,0.0,0.0,0.0,1.0
448202,0,1,3400,-59,59,412,10,14,0.50,159232.000000,0,2.1,11,0.0,5536.000000,57,0.0,0.0,0.0,1.0
448451,0,1,3400,-59,59,414,9.3,14,0.50,136800.000000,0,2.1,7.5,0.0,0.0,0.0,0.0,0.0,0.0,1.0
448700,0,1,3400,-59,59,420,9.6,14,0.50,106944.000000,0,2.1,7.5,0.0,0.0,0.0,0.0,0.0,0.0,1.0
448949,0,1,3400,-59,59,419,8.7,14,0.50,97376.000000,0,2.1,7.5,0.0,0.0,0.0,0.0,0.0,0.0,1.0
449198,0,1,3400,-59,59,419,10,14,0.50,71264.000000,0,2.1,1.9,0.0,12512.000000,36,0.0,0.0,0.0,1.0
449447,0,1,3400,-59,59,416,7.6,14,0.50,113664.000000,0,2.1,0.0,0.0,0.0,0.0,0.0,0.0,0.0,1.0
449696,0,1,3400,-59,59,415,10,14,0.50,127776.000000,0,2.1,0.0,0.0,0.0,0.0,0.0,0.0,0.0,1.0
449945,0,1,3400,-59,59,416,7.1,14,0.50,123424.000000,0,2.1,0.0,0.0,5536.000000,0,0.0,0.0,0.0,1.0
450194,0,1,3400,-59,59,413,6.9,14,0.50,130400.000000,0,2.1,5.1,0.0,30688.000000,0,0.0,0.0,0.0,1.0
450443,0,1,3400,-59,59,414,8.0,14,0.50,182848.000000,0,2.1,7.5,0.0,0.0,0.0,0.0,0.0,0.0,1.0
450692,0,1,3400,-59,59,414,8.9,14,0.50,91744.000000,0,2.1,7.5,0.0,0.0,0.0,0.0,0.0,0.0,1.0
450941,0,1,3400,-59,59,412,8.7,14,0.50,92352.000000,0,2.1,7.5,0.0,0.0,0.0,0.0,0.0,0.0,1.0
451190,0,1,3400,-59,59,417,8.7,14,0.50,118240.000000,0,2.1,4.4,0.0,23904.000000,46,0.0,0.0,0.0,1.0
451439,0,1,3400,-59,59,421,8.5,14,0.50,118336.000000,0,2.1,0.0,0.0,0.0,0.0,0.0,0.0,0.0,1.0
451688,0,1,3400,-59,59,419,7.0,14,0.50,102720.000000,0,2.1,0.0,0.0,0.0,0.0,0.0,0.0,0.0,1.0
451937,0,1,3400,-59,59,412,8.6,14,0.50,157024.000000,0,2.1,0.0,0.0,5536.000000,0,0.0,0.0,0.0,1.0
452186,0,1,3400,-59,59,417,9.6,14,0.50,108864.000000,0,2.1,5.2,0.0,19968.000000,44,0.0,0.0,0.0,1.0
452435,0,1,3400,-59,59,414,9.0,14,0.50,164992.000000,0,2.1,0.0,0.0,5536.000000,0,0.0,0.0,0.0,1.0
452684,0,1,3400,-59,59,417,9.7,14,0.50,169120.000000,0,2.1,0.0,0.0,0.0,0.0,0.0,0.0,0.0,1.0
452933,0,1,3400,-59,59,415,7.4,14,0.50,110272.000000,0,2.1,2.8,0.0,17056.000000,0,0.0,0.0,0.0,1.0
453182,0,1,3400,-59,59,411,10,14,0.50,131616.000000,0,2.1,5.3,0.0,24032.000000,36,0.0,0.0,0.0,1.0
453431,0,1,3400,-59,59,414,9.3,14,0.50,97952.000000,0,2.1,0.0,0.0,0.0,0.0,0.0,0.0,0.0,1.0
453680,0,1,3400,-59,59,420,8.0,14,0.50,85600.000000,0,2.1,0.0,0.0,0.0,0.0,0.0,0.0,0.0,1.0
453929,0,1,3400,-59,59,421,9.7,14,0.56,140576.000000,0,2.1,0.0,0.0,0.0,0.0,0.0,0.0,0.0,1.0
454178,0,1,3400,-59,59,415,8.3,14,0.50,74752.000000,0,2.1,5.4,0.0,0.0,80,0.0,0.0,0.0,1.0
454427,0,1,3400,-59,59,412,8.7,14,0.50,138304.000000,0,2.1,7.5,0.0,0.0,0.0,0.0,0.0,0.0,1.0
454676,0,1,3400,-59,59,413,11,14,0.50,92992.000000,0,2.1,7.5,0.0,5536.000000,0,0.0,0.0,0.0,1.0
454925,0,1,3400,-59,59,415,8.5,14,0.50,93440.000000,0,2.1,7.5,0.0,0.0,0.0,0.0,0.0,0.0,1.0
455174,0,1,3400,-59,59,417,7.6,14,0.50,121856.000000,0,2.1,7.7,0.0,59744.000000,24,0.0,0.0,0.0,1.0
455423,0,1,3400,-59,59,419,9.3,14,0.50,97888.000000,0,2.1,7.5,0.0,0.0,0.0,0.0,0.0,0.0,1.0
455672,0,1,3400,-59,59,416,7.5,14,0.50,156288.000000,0,2.1,7.5,0.0,0.0,0.0,0.0,0.0,0.0,1.0
455921,0,1,3400,-59,59,416,11,14,0.50,116544.000000,0,2.1,7.5,0.0,17056.000000,0,0.0,0.0,0.0,1.0
456170,0,1,3400,-59,59,419,8.0,14,0.50,151904.000000,0,2.1,11,0.0,30464.000000,50,0.0,0.0,0.0,1.0
456419,0,1,3400,-59,59,425,9.4,14,0.50,157216.000000,0,2.1,6.0,0.0,0.0,0.0,0.0,0.0,0.0,1.0
456668,0,1,3400,-59,59,426,9.5,14,0.50,108288.000000,0,2.1,6.0,0.0,0.0,0.0,0.0,0.0,0.0,1.0
456917,0,1,3400,-59,59,414,9.9,14,0.50,129184.000000,0,2.1,6.0,0.0,0.0,0.0,0.0,0.0,0.0,1.0
457166,0,1,3400,-59,59,412,7.4,14,0.50,119456.000000,0,2.1,14,0.0,238464.000000,68,0.0,0.0,0.0,1.0
457415,0,1,3400,-59,59,415,6.8,14,0.50,126496.000000,0,2.1,16,0.0,0.0,0.0,0.0,0.0,0.0,1.0
457664,0,1,3400,-59,59,415,6.7,14,0.50,128896.000000,0,2.1,16,0.0,0.0,0.0,0.0,0.0,0.0,1.0
457913,0,1,3400,-59,59,419,11,14,0.74,133312.000000,4,2.1,16,0.0,0.0,0.0,0.0,0.0,0.0,1.0
458162,0,1,3400,-59,59,411,13,14,0.52,123744.000000,0,2.1,12,0.0,15584.000000,0,0.0,0.0,0.0,1.0
458411,0,1,3400,-59,59,415,9.5,14,0.50,120928.000000,0,2.1,12,0.0,0.0,0.0,0.0,0.0,0.0,1.0
458660,0,1,3400,-59,59,418,9.0,14,0.50,116672.000000,0,2.1,12,0.0,0.0,0.0,0.0,0.0,0.0,1.0
458909,0,1,3400,-59,59,418,11,14,0.50,102912.000000,0,2.1,13,0.0,17056.000000,0,0.0,0.0,0.0,1.0
459158,0,1,3400,-59,59,416,9.5,14,0.50,141120.000000,0,2.1,14,0.0,23488.000000,0,0.0,0.0,0.0,1.0
459407,0,1,3400,-59,59,412,8.8,14,0.50,122304.000000,0,2.1,14,0.0,0.0,0.0,0.0,0.0,0.0,1.0
459656,0,1,3400,-59,59,415,11,14,0.50,120736.000000,0,2.1,14,0.0,34112.000000,0,0.0,0.0,0.0,1.0
459905,0,1,3400,-59,59,417,15,14,0.50,114112.000000,0,2.1,15,0.0,0.0,0.0,0.0,0.0,0.0,1.0
460154,0,1,3400,-59,59,417,11,14,0.55,136032.000000,0,2.1,14,0.0,23488.000000,0,0.0,0.0,0.0,1.0
460403,0,1,3400,-59,59,420,9.2,14,0.53,92192.000000,0,2.1,14,0.0,0.0,0.0,0.0,0.0,0.0,1.0
460652,0,1,3400,-59,59,424,8.5,14,0.51,120256.000000,0,2.1,15,0.0,0.0,80,0.0,0.0,0.0,1.0
460901,0,1,3400,-59,59,419,9.6,14,0.50,103040.000000,0,2.1,12,0.0,5536.000000,0,0.0,0.0,0.0,1.0
461150,0,1,3400,-59,59,415,8.1,14,0.50,115392.000000,0,2.1,3.9,0.0,23904.000000,50,0.0,0.0,0.0,1.0
461399,0,1,3400,-59,59,412,7.8,14,0.50,138816.000000,0,2.1,0.0,0.0,0.0,0.0,0.0,0.0,0.0,1.0
461648,0,1,3400,-59,59,416,8.8,14,0.50,166912.000000,0,2.1,0.0,0.0,0.0,0.0,0.0,0.0,0.0,1.0
461897,0,1,3400,-59,59,417,9.3,14,0.50,160672.000000,0,2.1,0.0,0.0,0.0,0.0,0.0,0.0,0.0,1.0
462146,0,1,3400,-59,59,418,11,14,0.50,74720.000000,0,2.1,0.0,0.0,8160.000000,38,0.0,0.0,0.0,1.0
462395,0,1,3400,-59,59,422,11,14,0.50,195232.000000,0,2.1,0.0,0.0,0.0,0.0,0.0,0.0,0.0,1.0
462644,0,1,3400,-59,59,419,8.4,14,0.50,103712.000000,0,2.1,0.0,0.0,0.0,0.0,0.0,0.0,0.0,1.0
462893,0,1,3400,-59,59,418,9.4,14,0.50,128480.000000,0,2.1,0.0,0.0,0.0,0.0,0.0,0.0,0.0,1.0
463142,0,1,3400,-59,59,423,11,14,0.50,120096.000000,0,2.1,12,0.0,23488.000000,0,0.0,0.0,0.0,1.0
463391,0,1,3400,-59,59,418,10,14,0.50,113824.000000,0,2.1,14,0.0,0.0,0.0,0.0,0.0,0.0,1.0
463640,0,1,3400,-59,59,417,8.6,14,0.50,86752.000000,0,2.1,14,0.0,0.0,0.0,0.0,0.0,0.0,1.0
463889,0,1,3400,-59,59,418,9.2,14,0.50,81248.000000,0,2.1,13,0.0,0.0,0.0,0.0,0.0,0.0,1.0
464138,0,1,3400,-59,59,423,10,14,0.50,80992.000000,0,2.1,9.5,0.0,23904.000000,36,0.0,0.0,0.0,1.0
464387,0,1,3400,-59,59,421,9.9,14,0.50,110688.000000,0,2.1,6.0,0.0,0.0,0.0,0.0,0.0,0.0,1.0
464636,0,1,3400,-59,59,419,7.1,14,0.50,171840.000000,0,2.1,6.0,0.0,0.0,0.0,0.0,0.0,0.0,1.0
464885,0,1,3400,-59,59,419,9.2,14,0.50,156992.000000,0,2.1,6.0,0.0,0.0,0.0,0.0,0.0,0.0,1.0
465134,0,1,3400,-59,59,414,9.2,14,0.50,85888.000000,0,2.1,12,0.0,23488.000000,0,0.0,0.0,0.0,1.0
465383,0,1,3400,-59,59,413,8.7,14,0.50,163200.000000,0,2.1,14,0.0,0.0,0.0,0.0,0.0,0.0,1.0
465632,0,1,3400,-59,59,419,9.7,14,0.50,140800.000000,0,2.1,14,0.0,0.0,0.0,0.0,0.0,0.0,1.0
465881,0,1,3400,-59,59,419,7.9,14,0.50,107744.000000,0,2.1,14,0.0,0.0,0.0,0.0,0.0,0.0,1.0
466130,0,1,3400,-59,59,417,9.4,14,0.50,180000.000000,0,2.1,14,0.0,40544.000000,0,0.0,0.0,0.0,1.0
466379,0,1,3400,-59,59,416,9.9,14,0.50,59552.000000,0,2.1,14,0.0,0.0,0.0,0.0,0.0,0.0,1.0
466628,0,1,3400,-59,59,415,7.3,14,0.50,124160.000000,0,2.1,14,0.0,0.0,80,0.0,0.0,0.0,1.0
466877,0,1,3400,-59,59,415,9.0,14,0.50,97152.000000,0,2.1,14,0.0,0.0,0.0,0.0,0.0,0.0,1.0
467126,0,1,3400,-59,59,411,9.8,14,0.50,168832.000000,0,2.1,8.3,0.0,9696.000000,42,0.0,0.0,0.0,1.0
467375,0,1,3400,-59,59,411,9.5,14,0.50,128736.000000,0,2.1,7.9,0.0,0.0,0.0,0.0,0.0,0.0,1.0
467624,0,1,3400,-59,59,414,8.7,14,0.50,114464.000000,0,2.1,8.0,0.0,0.0,0.0,0.0,0.0,0.0,1.0
467873,0,1,3400,-59,59,420,7.9,14,0.50,65184.000000,0,2.1,8.0,0.0,0.0,0.0,0.0,0.0,0.0,1.0
468122,0,1,3400,-59,59,417,11,14,0.50,140000.000000,0,2.1,0.90,0.0,8160.000000,17,0.0,0.0,0.0,1.0
468371,0,1,3400,-59,59,412,6.8,14,0.50,107168.000000,0,2.1,0.0,0.0,0.0,0.0,0.0,0.0,0.0,1.0
468620,0,1,3400,-59,59,415,8.0,14,0.50,170528.000000,0,2.1,0.0,0.0,0.0,0.0,0.0,0.0,0.0,1.0
468869,0,1,3400,-59,59,418,9.3,14,0.50,181024.000000,0,2.1,0.0,0.0,0.0,0.0,0.0,0.0,0.0,1.0
469118,0,1,3400,-59,59,419,7.8,14,0.50,102016.000000,0,2.1,4.5,0.0,38272.000000,24,0.0,0.0,0.0,1.0
469367,0,1,3400,-59,59,420,7.3,14,0.50,101952.000000,0,2.1,6.5,0.0,0.0,0.0,0.0,0.0,0.0,1.0
469616,0,1,3400,-59,59,419,8.8,14,0.50,118048.000000,0,2.1,6.5,0.0,0.0,0.0,0.0,0.0,0.0,1.0
469865,0,1,3400,-59,59,420,9.6,14,0.50,94112.000000,0,2.1,6.5,0.0,0.0,0.0,0.0,0.0,0.0,1.0
470114,0,1,3400,-59,59,413,11,14,0.50,125248.000000,0,2.1,2.8,0.0,12256.000000,36,0.0,0.0,0.0,1.0
470363,0,1,3400,-59,59,412,8.7,14,0.50,107296.000000,0,2.1,0.0,0.0,0.0,0.0,0.0,0.0,0.0,1.0
470612,0,1,3400,-59,59,418,8.5,14,0.50,118080.000000,0,2.1,0.0,0.0,0.0,0.0,0.0,0.0,0.0,1.0
470861,0,1,3400,-59,59,419,9.3,14,0.50,130176.000000,0,2.1,0.0,0.0,0.0,0.0,0.0,0.0,0.0,1.0
471110,0,1,3400,-59,59,412,8.5,14,0.50,92224.000000,0,2.1,14,0.0,6720.000000,50,0.0,0.0,0.0,1.0
471359,0,1,3400,-59,59,410,8.8,14,0.50,134720.000000,0,2.1,21,0.0,0.0,0.0,0.0,0.0,0.0,1.0
471608,0,1,3400,-59,59,415,10,14,0.50,113280.000000,0,2.1,21,0.0,0.0,0.0,0.0,0.0,0.0,1.0
471857,0,1,3400,-59,59,416,8.2,14,0.50,123008.000000,0,2.1,21,0.0,0.0,0.0,0.0,0.0,0.0,1.0
472106,0,1,3400,-59,59,418,9.9,14,0.50,119840.000000,0,2.1,5.5,0.0,27936.000000,29,0.0,0.0,0.0,1.0
472355,0,1,3400,-59,59,418,5.4,14,0.50,120992.000000,0,2.1,7.5,0.0,0.0,0.0,0.0,0.0,0.0,1.0
472604,0,1,3400,-59,59,423,7.1,14,0.50,86304.000000,0,2.1,7.5,0.0,0.0,0,0.0,0.0,0.0,1.0
472853,0,1,3400,-59,59,417,7.8,14,0.50,103488.000000,0,2.1,7.5,0.0,0.0,100.000000,0.0,0.0,0.0,1.0
473102,0,1,3400,-59,59,417,8.2,14,0.50,119840.000000,0,2.1,4.1,0.0,12512.000000,36,0.0,0.0,0.0,1.0
473351,0,1,3400,-59,59,415,8.1,14,0.50,141760.000000,0,2.1,0.0,0.0,0.0,0.0,0.0,0.0,0.0,1.0
473600,0,1,3400,-59,59,413,9.1,14,0.50,130016.000000,0,2.1,0.0,0.0,0.0,0.0,0.0,0.0,0.0,1.0
473849,0,1,3400,-59,59,414,16,14,0.52,121184.000000,0,2.1,0.0,0.0,0.0,0.0,0.0,0.0,0.0,1.0
474098,0,1,3400,-59,59,415,8.5,14,0.50,113760.000000,0,2.1,9.3,0.0,19200.000000,31,0.0,0.0,0.0,1.0
474347,0,1,3400,-59,59,415,8.6,14,0.50,140128.000000,0,2.1,13,0.0,0.0,0.0,0.0,0.0,0.0,1.0
474596,0,1,3400,-59,59,413,7.7,14,0.50,96832.000000,0,2.1,13,0.0,0.0,0.0,0.0,0.0,0.0,1.0
474845,0,1,3400,-59,59,413,9.6,14,0.50,170880.000000,0,2.1,14,0.0,17056.000000,0,0.0,0.0,0.0,1.0
475094,0,1,3400,-59,59,414,7.5,14,0.50,169440.000000,0,2.1,6.1,0.0,29568.000000,31,0.0,0.0,0.0,1.0
475343,0,1,3400,-59,59,416,8.3,14,0.50,102880.000000,0,2.1,0.0,0.0,0.0,0.0,0.0,0.0,0.0,1.0
475592,0,1,3400,-59,59,421,12,14,0.50,103296.000000,0,2.1,7.3,0.0,0.0,80,0.0,0.0,0.0,1.0
475841,0,1,3400,-59,59,422,8.1,14,0.50,135200.000000,0,2.1,7.4,0.0,0.0,0.0,0.0,0.0,0.0,1.0
476090,0,1,3400,-59,59,419,11,14,0.57,117120.000000,0,2.1,14,0.0,229760.000000,54,0.0,0.0,0.0,1.0
476339,0,1,3400,-59,59,418,9.9,14,0.50,145376.000000,0,2.1,16,0.0,0.0,0.0,0.0,0.0,0.0,1.0
476588,0,1,3400,-59,59,411,9.9,14,0.50,157312.000000,0,2.1,16,0.0,0.0,0.0,0.0,0.0,0.0,1.0
476837,0,1,3400,-59,59,414,9.6,14,0.50,120832.000000,0,2.1,16,0.0,0.0,0.0,0.0,0.0,0.0,1.0
477086,0,1,3400,-59,59,421,9.6,14,0.50,123328.000000,0,2.1,15,0.0,209792.000000,59,0.0,0.0,0.0,1.0
477335,0,1,3400,-59,59,418,7.5,14,0.50,154336.000000,0,2.1,8.6,0.0,5536.000000,0,0.0,0.0,0.0,1.0
477584,0,1,3400,-59,59,415,6.5,14,0.50,111744.000000,0,2.1,8.0,0.0,0.0,0.0,0.0,0.0,0.0,1.0
477833,0,1,3400,-59,59,415,8.0,14,0.55,96928.000000,0,2.1,8.0,0.0,0.0,0.0,0.0,0.0,0.0,1.0
478082,0,1,3400,-59,59,421,9.7,14,0.50,92192.000000,0,2.1,13,0.0,59680.000000,69,0.0,0.0,0.0,1.0
478331,0,1,3400,-59,59,425,6.4,14,0.50,158912.000000,0,2.1,16,0.0,0.0,0.0,0.0,0.0,0.0,1.0
478580,0,1,3400,-59,59,421,8.3,14,0.50,129696.000000,0,2.1,16,0.0,0.0,0.0,0.0,0.0,0.0,1.0
478829,0,1,3400,-59,59,408,7.1,14,0.50,130496.000000,0,2.1,16,0.0,0.0,0.0,0.0,0.0,0.0,1.0
479078,0,1,3400,-59,59,412,9.3,14,0.50,123488.000000,0,2.1,3.0,0.0,25056.000000,10,0.0,0.0,0.0,1.0
479327,0,1,3400,-59,59,416,7.5,14,0.50,128992.000000,0,2.1,7.5,0.0,0.0,0.0,0.0,0.0,0.0,1.0
479576,0,1,3400,-59,59,414,8.0,14,0.50,117120.000000,0,2.1,7.5,0.0,0.0,80,0.0,0.0,0.0,1.0
479825,0,1,3400,-59,59,408,10,14,0.50,127456.000000,0,2.1,7.5,0.0,0.0,0.0,0.0,0.0,0.0,1.0
480074,0,1,3400,-59,59,411,8.2,14,0.50,124864.000000,0,2.1,2.1,0.0,11232.000000,0,0.0,0.0,0.0,1.0
480323,0,1,3400,-59,59,413,9.2,14,0.50,108128.000000,0,2.1,7.0,0.0,17056.000000,0,0.0,0.0,0.0,1.0
480572,0,1,3400,-59,59,414,7.7,14,0.50,103712.000000,0,2.1,7.5,0.0,17056.000000,0,0.0,0.0,0.0,1.0
480821,0,1,3400,-59,59,416,8.9,14,0.50,115008.000000,0,2.1,7.5,0.0,0.0,0.0,0.0,0.0,0.0,1.0
481070,0,1,3400,-59,59,417,7.1,14,0.50,112256.000000,0,2.1,11,0.0,23488.000000,0,0.0,0.0,0.0,1.0
481319,0,1,3400,-59,59,418,11,14,0.50,80480.000000,0,2.1,14,0.0,0.0,0.0,0.0,0.0,0.0,1.0
481568,0,1,3400,-59,59,418,9.4,14,0.50,130368.000000,0,2.1,14,0.0,0.0,0.0,0.0,0.0,0.0,1.0
481817,0,1,3400,-59,59,419,8.4,14,0.50,160640.000000,0,2.1,14,0.0,0.0,0.0,0.0,0.0,0.0,1.0
482066,0,1,3400,-59,59,414,5.3,14,0.50,73248.000000,0,2.1,15,0.0,24000.000000,0,0.0,0.0,0.0,1.0
482315,0,1,3400,-59,59,415,8.4,14,0.50,108704.000000,0,2.1,15,0.0,0.0,0.0,0.0,0.0,0.0,1.0
482564,0,1,3400,-59,59,418,11,14,0.50,112704.000000,0,2.1,15,0.0,0.0,0.0,0.0,0.0,0.0,1.0
482813,0,1,3400,-59,59,423,8.7,14,0.50,124896.000000,0,2.1,15,0.0,0.0,0.0,0.0,0.0,0.0,1.0
483062,0,1,3400,-59,59,418,9.8,14,0.50,113408.000000,0,2.1,14,0.0,40544.000000,0,0.0,0.0,0.0,1.0
483311,0,1,3400,-59,59,417,8.8,14,0.50,129088.000000,0,2.1,14,0.0,17056.000000,0,0.0,0.0,0.0,1.0
483560,0,1,3400,-59,59,412,8.3,14,0.50,140416.000000,0,2.1,14,0.0,0.0,80,0.0,0.0,0.0,1.0
483809,0,1,3400,-59,59,410,9.5,14,0.50,104512.000000,0,2.1,14,0.0,0.0,0.0,0.0,0.0,0.0,1.0
484058,0,1,3400,-59,59,411,11,14,0.53,125024.000000,0,2.1,15,0.0,270848.000000,56,0.0,0.0,0.0,1.0
484307,0,1,3400,-59,59,415,9.5,14,0.50,107040.000000,0,2.1,12,0.0,5536.000000,0,0.0,0.0,0.0,1.0
484556,0,1,3400,-59,59,417,9.2,14,0.50,120896.000000,0,2.1,8.0,0.0,0.0,0.0,0.0,0.0,0.0,1.0
484805,0,1,3400,-59,59,418,9.3,14,0.50,155616.000000,0,2.1,8.0,0.0,0.0,0.0,0.0,0.0,0.0,1.0
485054,0,1,3400,-59,59,420,6.6,14,0.50,91072.000000,0,2.1,13,0.0,23488.000000,0,0.0,0.0,0.0,1.0
485303,0,1,3400,-59,59,414,8.6,14,0.50,160832.000000,0,2.1,14,0.0,0.0,0.0,0.0,0.0,0.0,1.0
485552,0,1,3400,-59,59,415,9.4,14,0.50,186144.000000,0,2.1,14,0.0,0.0,0.0,0.0,0.0,0.0,1.0
485801,0,1,3400,-59,59,418,7.6,14,0.50,102912.000000,0,2.1,14,0.0,0.0,0.0,0.0,0.0,0.0,1.0
486050,0,1,3400,-59,59,419,7.0,14,0.50,136320.000000,0,2.1,14,0.0,23488.000000,0,0.0,0.0,0.0,1.0
486299,0,1,3400,-59,59,418,6.9,14,0.50,118144.000000,0,2.1,14,0.0,0.0,0.0,0.0,0.0,0.0,1.0
486548,0,1,3400,-59,59,415,8.6,14,0.50,120256.000000,0,2.1,14,0.0,0.0,0.0,0.0,0.0,0.0,1.0
486797,0,1,3400,-59,59,411,9.6,14,0.50,109248.000000,0,2.1,14,0.0,0.0,0.0,0.0,0.0,0.0,1.0
487046,0,1,3400,-59,59,415,9.1,14,0.50,76032.000000,0,2.1,12,0.0,13888.000000,0,0.0,0.0,0.0,1.0
487295,0,1,3400,-59,59,417,10,14,0.50,76064.000000,0,2.1,12,0.0,0.0,0.0,0.0,0.0,0.0,1.0
487544,0,1,3400,-59,59,419,11,14,0.50,156064.000000,0,2.1,12,0.0,0.0,0.0,0.0,0.0,0.0,1.0
487793,0,1,3400,-59,59,419,14,14,0.51,114560.000000,0,2.1,12,0.0,0.0,0.0,0.0,0.0,0.0,1.0
488042,0,1,3400,-59,59,421,9.3,14,0.50,128096.000000,0,2.1,12,0.0,15584.000000,25,0.0,0.0,0.0,1.0
488291,0,1,3400,-59,59,418,8.2,14,0.50,118080.000000,0,2.1,13,0.0,34112.000000,0,0.0,0.0,0.0,1.0
488540,0,1,3400,-59,59,420,10,14,0.50,149600.000000,0,2.1,14,0.0,0.0,0.0,0.0,0.0,0.0,1.0
488789,0,1,3400,-59,59,419,8.5,14,0.50,134048.000000,0,2.1,14,0.0,0.0,0.0,0.0,0.0,0.0,1.0
489038,0,1,3400,-59,59,414,8.7,14,0.50,123808.000000,0,2.1,6.7,0.0,28288.000000,31,0.0,0.0,0.0,1.0
489287,0,1,3400,-59,59,421,8.3,14,0.50,176544.000000,0,2.1,1.0,0.0,0.0,0.0,0.0,0.0,0.0,1.0
489536,0,1,3400,-59,59,417,11,14,0.50,114752.000000,0,2.1,1.0,0.0,0.0,0.0,0.0,0.0,0.0,1.0
489785,0,1,3400,-59,59,417,7.5,14,0.50,107680.000000,0,2.1,1.0,0.0,0.0,0.0,0.0,0.0,0.0,1.0
490034,0,1,3400,-59,59,421,9.1,14,0.50,141120.000000,0,2.1,9.6,0.0,19200.000000,31,0.0,0.0,0.0,1.0
490283,0,1,3400,-59,59,416,9.8,14,0.50,119168.000000,0,2.1,13,0.0,0.0,0.0,0.0,0.0,0.0,1.0
490532,0,1,3400,-59,59,417,8.3,14,0.50,125088.000000,0,2.1,13,0.0,0.0,0.0,0.0,0.0,0.0,1.0
490781,0,1,3400,-59,59,423,7.6,14,0.50,80576.000000,0,2.1,13,0.0,0.0,0.0,0.0,0.0,0.0,1.0
491030,0,1,3400,-59,59,420,7.1,14,0.50,105504.000000,0,2.1,13,0.0,23488.000000,0,0.0,0.0,0.0,1.0
491279,0,1,3400,-59,59,419,8.4,14,0.50,118720.000000,0,2.1,14,0.0,0.0,0.0,0.0,0.0,0.0,1.0
491528,0,1,3400,-59,59,417,9.2,14,0.50,76352.000000,0,2.1,14,0.0,0.0,0.0,0.0,0.0,0.0,1.0
491777,0,1,3400,-59,59,413,8.8,14,0.50,119744.000000,0,2.1,14,0.0,0.0,0.0,0.0,0.0,0.0,1.0
492026,0,1,3400,-59,59,416,8.5,14,0.50,92800.000000,0,2.1,6.7,0.0,28288.000000,31,0.0,0.0,0.0,1.0
492275,0,1,3400,-59,59,416,9.9,14,0.50,133888.000000,0,2.1,1.0,0.0,0.0,0.0,0.0,0.0,0.0,1.0
492524,0,1,3400,-59,59,419,9.9,14,0.50,92288.000000,0,2.1,1.0,0.0,5536.000000,33,0.0,0.0,0.0,1.0
492773,0,1,3400,-59,59,423,11,14,0.50,127456.000000,0,2.1,1.0,0.0,0.0,0.0,0.0,0.0,0.0,1.0
493022,0,1,3400,-59,59,418,11,14,0.58,128704.000000,0,2.1,0.46,0.0,54720.000000,23,0.0,0.0,0.0,1.0
493271,0,1,3400,-59,59,416,9.2,14,0.50,139168.000000,0,2.1,0.0,0.0,0.0,0.0,0.0,0.0,0.0,1.0
493520,0,1,3400,-59,59,417,8.5,14,0.50,149952.000000,0,2.1,0.0,0.0,0.0,0.0,0.0,0.0,0.0,1.0
493769,0,1,3400,-59,59,418,6.5,14,0.50,124800.000000,0,2.1,0.0,0.0,0.0,0.0,0.0,0.0,0.0,1.0
494018,0,1,3400,-59,59,418,7.7,14,0.50,113024.000000,0,2.1,0.0,0.0,12288.000000,20,0.0,0.0,0.0,1.0
494267,0,1,3400,-59,59,420,9.4,14,0.50,116128.000000,0,2.1,0.064,0.0,0.0,0.0,0.0,0.0,0.0,1.0
494516,0,1,3400,-59,59,415,7.1,14,0.50,169760.000000,0,2.1,0.0,0.0,0.0,0.0,0.0,0.0,0.0,1.0
494765,0,1,3400,-59,59,415,6.6,14,0.50,120608.000000,0,2.1,0.0,0.0,0.0,0.0,0.0,0.0,0.0,1.0
495014,0,1,3400,-59,59,417,9.1,14,0.50,130432.000000,0,2.1,12,0.0,23488.000000,0,0.0,0.0,0.0,1.0
495263,0,1,3400,-59,59,422,7.7,14,0.50,118688.000000,0,2.1,14,0.0,0.0,0.0,0.0,0.0,0.0,1.0
495512,0,1,3400,-59,59,422,8.4,14,0.50,151680.000000,0,2.1,14,0.0,0.0,0.0,0.0,0.0,0.0,1.0
495761,0,1,3400,-59,59,423,10,14,0.50,137568.000000,0,2.1,14,0.0,0.0,0.0,0.0,0.0,0.0,1.0
496010,0,1,3400,-59,59,416,10.0,14,0.50,95935.742188,0,2.1,13,0.0,23582.330078,38,0.0,0.0,0.0,1.0
496259,0,1,3400,-59,59,414,10,14,0.50,86310.757812,0,2.1,14,0.0,0.0,100.000000,0.0,0.0,0.0,1.0
496508,0,1,3400,-59,59,414,5.7,14,0.50,125792.000000,0,2.1,13,0.0,0.0,0,0.0,0.0,0.0,1.0
496757,0,1,3400,-59,59,417,7.3,14,0.50,130464.000000,0,2.1,7.5,0.0,5536.000000,33,0.0,0.0,0.0,1.0
497006,0,1,3400,-59,59,414,11,14,0.50,103680.000000,0,2.1,5.4,0.0,12384.000000,53,0.0,0.0,0.0,1.0
497255,0,1,3400,-59,59,414,11,14,0.50,70720.000000,0,2.1,0.0,0.0,0.0,0.0,0.0,0.0,0.0,1.0
497504,0,1,3400,-59,59,416,8.1,14,0.50,90880.000000,0,2.1,0.0,0.0,0.0,0.0,0.0,0.0,0.0,1.0
497753,0,1,3400,-59,59,416,8.6,14,0.50,125664.000000,0,2.1,0.0,0.0,0.0,0.0,0.0,0.0,0.0,1.0
498002,0,1,3400,-59,59,419,8.8,14,0.50,111648.000000,0,2.1,11,0.0,30816.000000,50,0.0,0.0,0.0,1.0
498251,0,1,3400,-59,59,419,10,14,0.50,97696.000000,0,2.1,0.0,0.0,0.0,0.0,0.0,0.0,0.0,1.0
498500,0,1,3400,-59,59,412,9.9,14,0.50,120320.000000,0,2.1,0.0,0.0,0.0,0.0,0.0,0.0,0.0,1.0
498749,0,1,3400,-59,59,413,9.4,14,0.50,90496.000000,0,2.1,0.0,0.0,0.0,0.0,0.0,0.0,0.0,1.0
498998,0,1,3400,-59,59,413,7.8,14,0.50,135008.000000,0,2.1,17,0.0,6720.000000,50,0.0,0.0,0.0,1.0
499247,0,1,3400,-59,59,412,8.2,14,0.50,137632.000000,0,2.1,21,0.0,0.0,0.0,0.0,0.0,0.0,1.0
499496,0,1,3400,-59,59,417,8.3,14,0.50,109248.000000,0,2.1,15,0.0,17056.000000,0,0.0,0.0,0.0,1.0
499745,0,1,3400,-59,59,415,10,14,0.50,91680.000000,0,2.1,14,0.0,0.0,0.0,0.0,0.0,0.0,1.0
499994,0,1,3400,-59,59,412,9.1,14,0.50,107744.000000,0,2.1,14,0.0,23488.000000,20,0.0,0.0,0.0,1.0
500243,0,1,3400,-59,59,412,9.0,14,0.50,135871.484375,0,2.1,14,0.0,0.0,0.0,0.0,0.0,0.0,1.0
500492,0,1,3400,-59,59,420,7.8,14,0.50,90772.906250,0,2.1,14,0.0,0.0,0.0,0.0,0.0,0.0,1.0
500741,0,1,3400,-59,59,411,9.4,14,0.50,124480.000000,0,2.1,14,0.0,0.0,0.0,0.0,0.0,0.0,1.0
500990,0,1,3400,-59,59,414,10,14,0.50,90880.000000,0,2.1,14,0.0,23488.000000,0,0.0,0.0,0.0,1.0
501239,0,1,3400,-59,59,415,8.6,14,0.50,152064.000000,0,2.1,14,0.0,0.0,0.0,0.0,0.0,0.0,1.0
501488,0,1,3400,-59,59,417,8.7,14,0.50,145664.000000,0,2.1,14,0.0,0.0,0.0,0.0,0.0,0.0,1.0
501737,0,1,3400,-59,59,415,10,14,0.50,121152.000000,0,2.1,15,0.0,0.0,80,0.0,0.0,0.0,1.0
501986,0,1,3400,-59,59,412,10,14,0.50,133888.000000,0,2.1,13,0.0,9824.000000,0,0.0,0.0,0.0,1.0
502235,0,1,3400,-59,59,411,9.1,14,0.54,119104.000000,0,2.1,12,0.0,0.0,0.0,0.0,0.0,0.0,1.0
502484,0,1,3400,-59,59,413,8.6,14,0.50,129638.554688,0,2.1,13,0.0,17124.498047,0,0.0,0.0,0.0,1.0
502733,0,1,3400,-59,59,416,8.4,14,0.50,133163.343750,0,2.1,14,0.0,0.0,0.0,0.0,0.0,0.0,1.0
502982,0,1,3400,-59,59,418,9.1,14,0.50,109056.000000,0,2.1,8.1,0.0,24032.000000,36,0.0,0.0,0.0,1.0
503231,0,1,3400,-59,59,421,8.4,14,0.50,108864.000000,0,2.1,0.0,0.0,0.0,0.0,0.0,0.0,0.0,1.0
503480,0,1,3400,-59,59,424,6.7,14,0.50,121728.000000,0,2.1,0.0,0.0,0.0,0.0,0.0,0.0,0.0,1.0
503729,0,1,3400,-59,59,422,9.1,14,0.50,176832.000000,0,2.1,0.0,0.0,0.0,0.0,0.0,0.0,0.0,1.0
503978,0,1,3400,-59,59,420,9.4,14,0.50,129504.000000,0,2.1,2.1,0.0,24032.000000,36,0.0,0.0,0.0,1.0
504227,0,1,3400,-59,59,420,8.0,14,0.50,71872.000000,0,2.1,0.0,0.0,0.0,0.0,0.0,0.0,0.0,1.0
504476,0,1,3400,-59,59,419,7.4,14,0.50,108128.000000,0,2.1,0.0,0.0,0.0,0.0,0.0,0.0,0.0,1.0
504725,0,1,3400,-59,59,413,10.0,14,0.50,184610.437500,0,2.1,0.064,0.0,0.0,0.0,0.0,0.0,0.0,1.0
504974,0,1,3400,-59,59,414,9.8,14,0.50,132940.234375,0,2.1,9.7,0.0,40382.468750,0,0.0,0.0,0.0,1.0
505223,0,1,3400,-59,59,419,7.1,14,0.50,116800.000000,0,2.1,15,0.0,0.0,0.0,0.0,0.0,0.0,1.0
505472,0,1,3400,-59,59,430,10.0,14,0.50,119456.000000,0,2.1,15,0.0,0.0,0.0,0.0,0.0,0.0,1.0
505721,0,1,3400,-59,59,425,9.5,14,0.50,127264.000000,0,2.1,15,0.0,0.0,0.0,0.0,0.0,0.0,1.0
505970,0,1,3400,-59,59,419,9.1,14,0.50,125920.000000,0,2.1,14,0.0,23488.000000,0,0.0,0.0,0.0,1.0
506219,0,1,3400,-59,59,419,13,14,0.53,149888.000000,0,2.1,14,0.0,0.0,0.0,0.0,0.0,0.0,1.0
506468,0,1,3400,-59,59,417,7.9,14,0.50,149056.000000,0,2.1,14,0.0,0.0,0.0,0.0,0.0,0.0,1.0
506717,0,1,3400,-59,59,415,9.1,14,0.50,76080.320312,0,2.1,14,0.0,0.0,0.0,0.0,0.0,0.0,1.0
506966,0,1,3400,-59,59,418,9.1,14,0.50,124207.171875,0,2.1,15,40,0.0,80,0.0,0.0,0.0,1.0
507215,0,1,3400,-59,59,417,8.3,14,0.50,134272.000000,0,2.1,11,0.0,10240.000000,44,0.0,0.0,0.0,1.0
507464,0,1,3400,-59,59,418,7.4,14,0.50,99040.000000,0,2.1,0.0,0.0,0.0,0.0,0.0,0.0,0.0,1.0
507713,0,1,3400,-59,59,418,7.2,14,0.50,126976.000000,0,2.1,0.0,0.0,0.0,0.0,0.0,0.0,0.0,1.0
507962,0,1,3400,-59,59,416,8.2,14,0.50,138880.000000,0,2.1,1.9,0.0,19968.000000,44,0.0,0.0,0.0,1.0
508211,0,1,3400,-59,59,415,8.5,14,0.50,140864.000000,0,2.1,0.064,0.0,0.0,0.0,0.0,0.0,0.0,1.0
508460,0,1,3400,-59,59,416,9.8,14,0.50,144320.000000,0,2.1,0.064,0.0,0.0,0.0,0.0,0.0,0.0,1.0
508709,0,1,3400,-59,59,420,9.6,14,0.50,125024.000000,0,2.1,0.0,0.0,0.0,0.0,0.0,0.0,0.0,1.0
508958,0,1,3400,-59,59,419,7.2,14,0.55,110008.031250,0,2.1,13,0.0,221429.718750,56,0.0,0.0,0.0,1.0
509207,0,1,3400,-59,59,418,9.3,14,0.50,124143.429688,0,2.1,16,0.0,0.0,0.0,0.0,0.0,0.0,1.0
509456,0,1,3400,-59,59,416,10,14,0.50,174336.000000,0,2.1,16,0.0,0.0,0.0,0.0,0.0,0.0,1.0
509705,0,1,3400,-59,59,419,9.9,14,0.50,93088.000000,0,2.1,12,0.0,5536.000000,0,0.0,0.0,0.0,1.0
509954,0,1,3400,-59,59,416,10.0,14,0.50,127168.000000,0,2.1,4.6,0.0,18368.000000,57,0.0,0.0,0.0,1.0
510203,0,1,3400,-59,59,419,9.7,14,0.50,71008.000000,0,2.1,0.0,0.0,0.0,0.0,0.0,0.0,0.0,1.0
510452,0,1,3400,-59,59,424,9.5,14,0.50,133376.000000,0,2.1,0.0,0.0,0.0,0.0,0.0,0.0,0.0,1.0
510701,0,1,3400,-59,59,418,8.8,14,0.50,172992.000000,0,2.1,0.0,0.0,0.0,0.0,0.0,0.0,0.0,1.0
510950,0,1,3400,-59,59,412,10,14,0.50,139264.000000,0,2.1,0.0,0.0,9952.000000,0,0.0,0.0,0.0,1.0
511199,0,1,3400,-59,59,412,7.9,14,0.50,129280.000000,0,2.1,0.0,0.0,0.0,0.0,0.0,0.0,0.0,1.0
511448,0,1,3400,-59,59,421,9.8,14,0.50,86688.000000,0,2.1,0.0,0.0,0.0,0.0,0.0,0.0,0.0,1.0
511697,0,1,3400,-59,59,417,8.6,14,0.50,129856.000000,0,2.1,0.0,0.0,0.0,0.0,0.0,0.0,0.0,1.0
511946,0,1,3400,-59,59,417,11,14,0.51,131104.000000,0,2.1,2.8,0.0,28288.000000,31,0.0,0.0,0.0,1.0
512195,0,1,3400,-59,59,417,10,14,0.50,84704.000000,0,2.1,1.0,0.0,5536.000000,0,0.0,0.0,0.0,1.0
512444,0,1,3400,-59,59,417,8.9,14,0.50,125344.000000,0,2.1,5.9,0.0,17056.000000,0,0.0,0.0,0.0,1.0
512693,0,1,3400,-59,59,422,9.1,14,0.50,114272.000000,0,2.1,8.5,0.0,0.0,0.0,0.0,0.0,0.0,1.0
512942,0,1,3400,-59,59,421,8.2,14,0.50,152096.000000,0,2.1,6.8,0.0,23776.000000,53,0.0,0.0,0.0,1.0
513191,0,1,3400,-59,59,416,10,14,0.50,119807.226562,0,2.1,0.0,0.0,0.0,0.0,0.0,0.0,0.0,1.0
513440,0,1,3400,-59,59,414,8.6,14,0.50,132685.265625,