Timestamp,num_ues,IMSI,RNTI,,slicing_enabled,slice_id,slice_prb,power_multiplier,scheduling_policy,,dl_mcs,dl_n_samples,dl_buffer [bytes],tx_brate downlink [Mbps],tx_pkts downlink,tx_errors downlink (%),dl_cqi,,ul_mcs,ul_n_samples,ul_buffer [bytes],rx_brate uplink [Mbps],rx_pkts uplink,rx_errors uplink (%),ul_rssi,ul_sinr,phr,,sum_requested_prbs,sum_granted_prbs,,dl_pmi,dl_ri,ul_n,ul_turbo_iters
1613675884080,3,1010123456026,72,,1,2,11,1,2,,0,9,0,0.00594378,3,0,7.85714,,12.6429,14,0,0.1,4,0,0,29.2479,31,,0,12,,0,0,0,1
1613675884330,2,1010123456026,72,,1,2,11,1,2,,0,0,0,0,0,0,7.33333,,12,7,0,0.1,2,0,0,29.1978,31,,0,0,,0,0,0,1
1613675884580,2,1010123456026,72,,1,2,11,1,2,,0,0,0,0,0,0,7.33333,,0,0,0,0,0,0,0,0,0,,0,0,,0,0,0,0
1613675884830,2,1010123456026,72,,1,2,11,1,2,,0,0,0,0,0,0,7.5,,0,0,0,0,0,0,0,0,0,,0,0,,0,0,0,0
1613675885080,3,1010123456026,72,,1,2,11,1,2,,0,0,0,0,0,0,7.57143,,0,0,0,0,0,0,0,0,0,,0,0,,0,0,0,0
1613675885330,4,1010123456026,72,,1,2,11,1,2,,0,0,0,0,0,0,8,,0,0,0,0,0,0,0,0,0,,0,0,,0,0,0,0
1613675885580,4,1010123456026,72,,1,2,11,1,2,,0,0,0,0,0,0,7.66667,,0,0,0,0,0,0,0,0,0,,0,0,,0,0,0,0
1613675885830,4,1010123456026,72,,1,2,11,1,2,,0,0,0,0,0,0,7.83333,,0,0,0,0,0,0,0,0,0,,0,0,,0,0,0,0
1613675886080,4,1010123456026,72,,1,2,11,1,2,,0,0,0,0,0,0,7.85714,,0,0,0,0,0,0,0,0,0,,0,0,,0,0,0,0
1613675886330,3,1010123456026,72,,1,2,11,1,2,,0,0,0,0,0,0,7.66667,,0,0,0,0,0,0,0,0,0,,0,0,,0,0,0,0
1613675886580,3,1010123456026,72,,1,2,11,1,2,,0,0,0,0,0,0,7.5,,0,0,0,0,0,0,0,0,0,,0,0,,0,0,0,0
1613675886830,3,1010123456026,72,,1,2,11,1,2,,0,0,0,0,0,0,7.5,,0,0,0,0,0,0,0,0,0,,0,0,,0,0,0,0
1613675887080,3,1010123456026,72,,1,2,11,1,2,,0,0,0,0,0,0,7.71429,,0,0,0,0,0,0,0,0,0,,0,0,,0,0,0,0
1613675887330,6,1010123456026,72,,1,2,11,1,2,,0,0,0,0,0,0,7.83333,,0,0,0,0,0,0,0,0,0,,0,0,,0,0,0,0
1613675887581,6,1010123456026,72,,1,2,11,1,2,,0,0,0,0,0,0,7.5,,0,0,0,0,0,0,0,0,0,,0,0,,0,0,0,0
1613675887830,6,1010123456026,72,,1,2,11,1,2,,0,0,0,0,0,0,7.66667,,0,0,0,0,0,0,0,0,0,,0,0,,0,0,0,0
1613675888080,6,1010123456026,72,,1,2,11,1,2,,0,0,0,0,0,0,8.57143,,0,0,0,0,0,0,0,0,0,,0,0,,0,0,0,0
1613675888330,5,1010123456026,72,,1,2,11,1,2,,0,0,0,0,0,0,7.83333,,0,0,0,0,0,0,0,0,0,,0,0,,0,0,0,0
1613675888580,5,1010123456026,72,,1,2,11,1,2,,0,0,0,0,0,0,7.33333,,0,0,0,0,0,0,0,0,0,,0,0,,0,0,0,0
1613675888831,8,1010123456026,72,,1,2,11,1,2,,0,0,0,0,0,0,7.5,,0,0,0,0,0,0,0,0,0,,0,0,,0,0,0,0
1613675889080,8,1010123456026,72,,1,2,11,1,2,,0,0,0,0,0,0,7.5,,0,0,0,0,0,0,0,0,0,,0,0,,0,0,0,0
1613675889330,8,1010123456026,72,,1,2,11,1,2,,0,0,0,0,0,0,7.33333,,0,0,0,0,0,0,0,0,0,,0,0,,0,0,0,0
1613675889580,8,1010123456026,72,,1,2,11,1,2,,0,0,0,0,0,0,7.5,,0,0,0,0,0,0,0,0,0,,0,0,,0,0,0,0
1613675889830,6,1010123456026,72,,1,2,11,1,2,,0,0,0,0,0,0,7.66667,,0,0,0,0,0,0,0,0,0,,0,0,,0,0,0,0
1613675890080,6,1010123456026,72,,1,2,11,1,2,,0,0,0,0,0,0,9,,0,0,0,0,0,0,0,0,0,,0,0,,0,0,0,0
1613675890330,6,1010123456026,72,,1,2,11,1,2,,0,0,0,0,0,0,6.5,,0,0,0,0,0,0,0,0,0,,0,0,,0,0,0,0
1613675890580,6,1010123456026,72,,1,2,11,1,2,,0,0,0,0,0,0,7.4,,0,0,0,0,0,0,0,0,0,,0,0,,0,0,0,0
1613675890830,6,1010123456026,72,,1,2,11,1,2,,0,0,0,0,0,0,7.5,,0,0,0,0,0,0,0,0,0,,0,0,,0,0,0,0
1613675891081,6,1010123456026,72,,1,2,11,1,2,,0,0,0,0,0,0,7.33333,,0,0,0,0,0,0,0,0,0,,0,0,,0,0,0,0
1613675891330,6,1010123456026,72,,1,2,11,1,2,,0,0,0,0,0,0,7.2,,0,0,0,0,0,0,0,0,0,,0,0,,0,0,0,0
1613675891580,6,1010123456026,72,,1,2,11,1,2,,0,0,0,0,0,0,7.8,,0,0,0,0,0,0,0,0,0,,0,0,,0,0,0,0
1613675891830,6,1010123456026,72,,1,2,11,1,2,,0,0,0,0,0,0,7.2,,0,0,0,0,0,0,0,0,0,,0,0,,0,0,0,0
1613675892081,6,1010123456026,72,,1,2,11,1,2,,0,0,0,0,0,0,7.75,,0,0,0,0,0,0,0,0,0,,0,0,,0,0,0,0
1613675892331,6,1010123456026,72,,1,2,11,1,2,,0,0,0,0,0,0,8.33333,,0,0,0,0,0,0,0,0,0,,0,0,,0,0,0,0
1613675892580,6,1010123456026,72,,1,2,11,1,2,,0,0,0,0,0,0,7.66667,,0,0,0,0,0,0,0,0,0,,0,0,,0,0,0,0
1613675892830,6,1010123456026,72,,1,2,11,1,2,,0,0,0,0,0,0,8.4,,0,0,0,0,0,0,0,0,0,,0,0,,0,0,0,0
1613675893080,6,1010123456026,72,,1,2,11,1,2,,0,0,0,0,0,0,5.42857,,0,0,0,0,0,0,0,0,0,,0,0,,0,0,0,0
1613675893330,6,1010123456026,72,,1,2,11,1,2,,0,0,0,0,0,0,7.8,,0,0,0,0,0,0,0,0,0,,0,0,,0,0,0,0
1613675893581,6,1010123456026,72,,1,2,11,1,2,,0,0,0,0,0,0,8.66667,,0,0,0,0,0,0,0,0,0,,0,0,,0,0,0,0
1613675893830,6,1010123456026,72,,1,2,11,1,2,,0,0,0,0,0,0,7.66667,,0,0,0,0,0,0,0,0,0,,0,0,,0,0,0,0
1613675894080,6,1010123456026,72,,1,2,11,1,2,,0,0,0,0,0,0,7,,0,0,0,0,0,0,0,0,0,,0,0,,0,0,0,0
1613675894330,6,1010123456026,72,,1,2,11,1,2,,0,0,0,0,0,0,7.4,,0,0,0,0,0,0,0,0,0,,0,0,,0,0,0,0
1613675894580,6,1010123456026,72,,1,2,11,1,2,,0,0,0,0,0,0,7.4,,0,0,0,0,0,0,0,0,0,,0,0,,0,0,0,0
1613675894830,6,1010123456026,72,,1,2,11,1,2,,0,0,0,0,0,0,9.4,,0,0,0,0,0,0,0,0,0,,0,0,,0,0,0,0
1613675895080,6,1010123456026,72,,1,2,11,1,2,,0,0,0,0,0,0,5.71429,,0,0,0,0,0,0,0,0,0,,0,0,,0,0,0,0
1613675895330,6,1010123456026,72,,1,2,11,1,2,,0,0,0,0,0,0,8.5,,0,0,0,0,0,0,0,0,0,,0,0,,0,0,0,0
1613675895580,6,1010123456026,72,,1,2,11,1,2,,0,0,0,0,0,0,7,,0,0,0,0,0,0,0,0,0,,0,0,,0,0,0,0
1613675895830,6,1010123456026,72,,1,2,11,1,2,,0,0,0,0,0,0,7.33333,,0,0,0,0,0,0,0,0,0,,0,0,,0,0,0,0
1613675896080,6,1010123456026,72,,1,2,11,1,2,,0,0,0,0,0,0,7.66667,,0,0,0,0,0,0,0,0,0,,0,0,,0,0,0,0
1613675896330,6,1010123456026,72,,1,2,11,1,2,,0,0,0,0,0,0,8.2,,0,0,0,0,0,0,0,0,0,,0,0,,0,0,0,0
1613675896580,6,1010123456026,72,,1,2,11,1,2,,0,0,0,0,0,0,8.33333,,0,0,0,0,0,0,0,0,0,,0,0,,0,0,0,0
1613675896830,6,1010123456026,72,,1,2,11,1,2,,0,0,0,0,0,0,8.2,,0,0,0,0,0,0,0,0,0,,0,0,,0,0,0,0
1613675897080,6,1010123456026,72,,1,2,11,1,2,,0,0,0,0,0,0,6.71429,,0,0,0,0,0,0,0,0,0,,0,0,,0,0,0,0
1613675897330,6,1010123456026,72,,1,2,11,1,2,,0,0,0,0,0,0,8,,0,0,0,0,0,0,0,0,0,,0,0,,0,0,0,0
1613675897580,6,1010123456026,72,,1,2,11,1,2,,0,0,0,0,0,0,7.75,,0,0,0,0,0,0,0,0,0,,0,0,,0,0,0,0
1613675897830,6,1010123456026,72,,1,2,11,1,2,,0,0,0,0,0,0,7.66667,,0,0,0,0,0,0,0,0,0,,0,0,,0,0,0,0
1613675898080,6,1010123456026,72,,1,2,11,1,2,,0,0,0,0,0,0,7.2,,0,0,0,0,0,0,0,0,0,,0,0,,0,0,0,0
1613675898330,6,1010123456026,72,,1,2,11,1,2,,0,0,0,0,0,0,7.16667,,0,0,0,0,0,0,0,0,0,,0,0,,0,0,0,0
1613675898580,6,1010123456026,72,,1,2,11,1,2,,0,0,0,0,0,0,7.6,,0,0,0,0,0,0,0,0,0,,0,0,,0,0,0,0
1613675898830,6,1010123456026,72,,1,2,11,1,2,,0,0,0,0,0,0,7.83333,,0,0,0,0,0,0,0,0,0,,0,0,,0,0,0,0
1613675899080,6,1010123456026,72,,1,2,11,1,2,,0,0,0,0,0,0,8.4,,0,0,0,0,0,0,0,0,0,,0,0,,0,0,0,0
1613675899330,6,1010123456026,72,,1,2,11,1,2,,0,0,0,0,0,0,8.75,,0,0,0,0,0,0,0,0,0,,0,0,,0,0,0,0
1613675899580,6,1010123456026,72,,1,2,11,1,2,,0,0,0,0,0,0,7.25,,0,0,0,0,0,0,0,0,0,,0,0,,0,0,0,0
1613675899830,6,1010123456026,72,,1,2,11,1,2,,0,0,0,0,0,0,7.83333,,0,0,0,0,0,0,0,0,0,,0,0,,0,0,0,0
1613675900080,6,1010123456026,72,,1,2,11,1,2,,0,0,0,0,0,0,7.6,,0,0,0,0,0,0,0,0,0,,0,0,,0,0,0,0
1613675900330,6,1010123456026,72,,1,2,11,1,2,,0,0,0,0,0,0,7.33333,,0,0,0,0,0,0,0,0,0,,0,0,,0,0,0,0
1613675900580,6,1010123456026,72,,1,2,11,1,2,,0,0,0,0,0,0,7.33333,,0,0,0,0,0,0,0,0,0,,0,0,,0,0,0,0
1613675900830,6,1010123456026,72,,1,2,11,1,2,,0,0,0,0,0,0,8.25,,0,0,0,0,0,0,0,0,0,,0,0,,0,0,0,0
1613675901081,6,1010123456026,72,,1,2,11,1,2,,0,0,0,0,0,0,7.16667,,0,0,0,0,0,0,0,0,0,,0,0,,0,0,0,0
1613675901330,6,1010123456026,72,,1,2,11,1,2,,0,0,0,0,0,0,8,,0,0,0,0,0,0,0,0,0,,0,0,,0,0,0,0
1613675901580,6,1010123456026,72,,1,2,11,1,2,,0,0,0,0,0,0,7.4,,0,0,0,0,0,0,0,0,0,,0,0,,0,0,0,0
1613675901830,6,1010123456026,72,,1,2,11,1,2,,0,0,0,0,0,0,7.2,,0,0,0,0,0,0,0,0,0,,0,0,,0,0,0,0
1613675902081,6,1010123456026,72,,1,2,11,1,2,,0,0,0,0,0,0,7.16667,,0,0,0,0,0,0,0,0,0,,0,0,,0,0,0,0
1613675902330,6,1010123456026,72,,1,2,11,1,2,,0,0,0,0,0,0,8.8,,0,0,0,0,0,0,0,0,0,,0,0,,0,0,0,0
1613675902580,6,1010123456026,72,,1,2,11,1,2,,0,0,0,0,0,0,7.4,,0,0,0,0,0,0,0,0,0,,0,0,,0,0,0,0
1613675902830,6,1010123456026,72,,1,2,11,1,2,,0,0,0,0,0,0,8.5,,0,0,0,0,0,0,0,0,0,,0,0,,0,0,0,0
1613675903081,6,1010123456026,72,,1,2,11,1,2,,0,0,0,0,0,0,6.66667,,0,0,0,0,0,0,0,0,0,,0,0,,0,0,0,0
1613675903330,6,1010123456026,72,,1,2,11,1,2,,0,0,0,0,0,0,7.4,,0,0,0,0,0,0,0,0,0,,0,0,,0,0,0,0
1613675903580,6,1010123456026,72,,1,2,11,1,2,,0,0,0,0,0,0,7.4,,0,0,0,0,0,0,0,0,0,,0,0,,0,0,0,0
1613675903830,6,1010123456026,72,,1,2,11,1,2,,0,0,0,0,0,0,8.33333,,0,0,0,0,0,0,0,0,0,,0,0,,0,0,0,0
1613675904081,6,1010123456026,72,,1,2,11,1,2,,0,0,0,0,0,0,7,,0,0,0,0,0,0,0,0,0,,0,0,,0,0,0,0
1613675904330,6,1010123456026,72,,1,2,11,1,2,,0,0,0,0,0,0,7.33333,,0,0,0,0,0,0,0,0,0,,0,0,,0,0,0,0
1613675904580,6,1010123456026,72,,1,2,11,1,2,,0,0,0,0,0,0,7.66667,,0,0,0,0,0,0,0,0,0,,0,0,,0,0,0,0
1613675904830,6,1010123456026,72,,1,2,11,1,2,,0,0,0,0,0,0,7.66667,,0,0,0,0,0,0,0,0,0,,0,0,,0,0,0,0
1613675905080,6,1010123456026,72,,1,2,11,1,2,,0,0,0,0,0,0,9,,0,0,0,0,0,0,0,0,0,,0,0,,0,0,0,0
1613675905330,6,1010123456026,72,,1,2,11,1,2,,0,0,0,0,0,0,7,,0,0,0,0,0,0,0,0,0,,0,0,,0,0,0,0
1613675905580,6,1010123456026,72,,1,2,11,1,2,,0,0,0,0,0,0,8.4,,0,0,0,0,0,0,0,0,0,,0,0,,0,0,0,0
1613675905830,6,1010123456026,72,,1,2,11,1,2,,0,0,0,0,0,0,7,,0,0,0,0,0,0,0,0,0,,0,0,,0,0,0,0
1613675906080,6,1010123456026,72,,1,2,11,1,2,,0,0,0,0,0,0,7.4,,0,0,0,0,0,0,0,0,0,,0,0,,0,0,0,0
1613675906330,6,1010123456026,72,,1,2,11,1,2,,0,0,0,0,0,0,7.4,,0,0,0,0,0,0,0,0,0,,0,0,,0,0,0,0
1613675906580,6,1010123456026,72,,1,2,11,1,2,,0,0,0,0,0,0,7.83333,,0,0,0,0,0,0,0,0,0,,0,0,,0,0,0,0
1613675906830,6,1010123456026,72,,1,2,11,1,2,,0,0,0,0,0,0,5,,0,0,0,0,0,0,0,0,0,,0,0,,0,0,0,0
1613675907080,6,1010123456026,72,,1,2,11,1,2,,0,0,0,0,0,0,7.66667,,0,0,0,0,0,0,0,0,0,,0,0,,0,0,0,0
1613675907330,6,1010123456026,72,,1,2,11,1,2,,0,0,0,0,0,0,7.33333,,0,0,0,0,0,0,0,0,0,,0,0,,0,0,0,0
1613675907581,6,1010123456026,72,,1,2,11,1,2,,0,0,0,0,0,0,7,,0,0,0,0,0,0,0,0,0,,0,0,,0,0,0,0
1613675907830,6,1010123456026,72,,1,2,11,1,2,,0,0,0,0,0,0,7.2,,0,0,0,0,0,0,0,0,0,,0,0,,0,0,0,0
1613675908080,6,1010123456026,72,,1,2,11,1,2,,0,0,0,0,0,0,8.33333,,0,0,0,0,0,0,0,0,0,,0,0,,0,0,0,0
1613675908330,6,1010123456026,72,,1,2,11,1,2,,0,0,0,0,0,0,9.6,,0,0,0,0,0,0,0,0,0,,0,0,,0,0,0,0
1613675908580,6,1010123456026,72,,1,2,11,1,2,,0,0,0,0,0,0,7.5,,0,0,0,0,0,0,0,0,0,,0,0,,0,0,0,0
1613675908830,6,1010123456026,72,,1,2,11,1,2,,0,0,0,0,0,0,10.6,,0,0,0,0,0,0,0,0,0,,0,0,,0,0,0,0
1613675909080,6,1010123456026,72,,1,2,11,1,2,,0,0,0,0,0,0,7.16667,,0,0,0,0,0,0,0,0,0,,0,0,,0,0,0,0
1613675909330,6,1010123456026,72,,1,2,11,1,2,,0,0,0,0,0,0,7.33333,,0,0,0,0,0,0,0,0,0,,0,0,,0,0,0,0
1613675909580,6,1010123456026,72,,1,2,11,1,2,,0,0,0,0,0,0,7.2,,0,0,0,0,0,0,0,0,0,,0,0,,0,0,0,0
1613675909830,6,1010123456026,72,,1,2,11,1,2,,0,0,0,0,0,0,8.66667,,0,0,0,0,0,0,0,0,0,,0,0,,0,0,0,0
1613675910080,6,1010123456026,72,,1,2,11,1,2,,0,0,0,0,0,0,6.85714,,0,0,0,0,0,0,0,0,0,,0,0,,0,0,0,0
1613675910330,6,1010123456026,72,,1,2,11,1,2,,0,0,0,0,0,0,8.33333,,0,0,0,0,0,0,0,0,0,,0,0,,0,0,0,0
1613675910581,6,1010123456026,72,,1,2,11,1,2,,0,0,0,0,0,0,5.6,,0,0,0,0,0,0,0,0,0,,0,0,,0,0,0,0
1613675910830,6,1010123456026,72,,1,2,11,1,2,,0,0,0,0,0,0,7.33333,,0,0,0,0,0,0,0,0,0,,0,0,,0,0,0,0
1613675911081,6,1010123456026,72,,1,2,11,1,2,,0,0,0,0,0,0,5.85714,,0,0,0,0,0,0,0,0,0,,0,0,,0,0,0,0
1613675911330,6,1010123456026,72,,1,2,11,1,2,,0,0,0,0,0,0,7.4,,0,0,0,0,0,0,0,0,0,,0,0,,0,0,0,0
1613675911580,6,1010123456026,72,,1,2,11,1,2,,0,0,0,0,0,0,10,,0,0,0,0,0,0,0,0,0,,0,0,,0,0,0,0
1613675911830,6,1010123456026,72,,1,2,11,1,2,,0,0,0,0,0,0,7.5,,0,0,0,0,0,0,0,0,0,,0,0,,0,0,0,0
1613675912080,6,1010123456026,72,,1,2,11,1,2,,0,0,0,0,0,0,9.16667,,0,0,0,0,0,0,0,0,0,,0,0,,0,0,0,0
1613675912330,6,1010123456026,72,,1,2,11,1,2,,0,0,0,0,0,0,7.4,,0,0,0,0,0,0,0,0,0,,0,0,,0,0,0,0
1613675912580,6,1010123456026,72,,1,2,11,1,2,,0,0,0,0,0,0,8.75,,0,0,0,0,0,0,0,0,0,,0,0,,0,0,0,0
1613675912830,6,1010123456026,72,,1,2,11,1,2,,0,0,0,0,0,0,7.75,,0,0,0,0,0,0,0,0,0,,0,0,,0,0,0,0
1613675913080,6,1010123456026,72,,1,2,11,1,2,,0,0,0,0,0,0,6.4,,0,0,0,0,0,0,0,0,0,,0,0,,0,0,0,0
1613675913330,6,1010123456026,72,,1,2,11,1,2,,0,0,0,0,0,0,8.66667,,0,0,0,0,0,0,0,0,0,,0,0,,0,0,0,0
1613675913580,6,1010123456026,72,,1,2,11,1,2,,0,0,0,0,0,0,8.5,,0,0,0,0,0,0,0,0,0,,0,0,,0,0,0,0
1613675913830,6,1010123456026,72,,1,2,11,1,2,,0,0,0,0,0,0,7.5,,0,0,0,0,0,0,0,0,0,,0,0,,0,0,0,0
1613675914081,6,1010123456026,72,,1,2,11,1,2,,0,0,0,0,0,0,7.5,,0,0,0,0,0,0,0,0,0,,0,0,,0,0,0,0
1613675914330,6,1010123456026,72,,1,2,11,1,2,,0,0,0,0,0,0,8.83333,,0,0,0,0,0,0,0,0,0,,0,0,,0,0,0,0
1613675914581,6,1010123456026,72,,1,2,11,1,2,,0,0,0,0,0,0,6,,0,0,0,0,0,0,0,0,0,,0,0,,0,0,0,0
1613675914830,6,1010123456026,72,,1,2,11,1,2,,0,0,0,0,0,0,7.5,,0,0,0,0,0,0,0,0,0,,0,0,,0,0,0,0
1613675915080,6,1010123456026,72,,1,2,11,1,2,,0,0,0,0,0,0,7.71429,,0,0,0,0,0,0,0,0,0,,0,0,,0,0,0,0
1613675915330,6,1010123456026,72,,1,2,11,1,2,,0,0,0,0,0,0,7.66667,,0,0,0,0,0,0,0,0,0,,0,0,,0,0,0,0
1613675915580,6,1010123456026,72,,1,2,11,1,2,,0,0,0,0,0,0,9,,0,0,0,0,0,0,0,0,0,,0,0,,0,0,0,0
1613675915830,6,1010123456026,72,,1,2,11,1,2,,0,0,0,0,0,0,6.8,,0,0,0,0,0,0,0,0,0,,0,0,,0,0,0,0
1613675916081,6,1010123456026,72,,1,2,11,1,2,,0,0,0,0,0,0,7.2,,0,0,0,0,0,0,0,0,0,,0,0,,0,0,0,0
1613675916330,6,1010123456026,72,,1,2,11,1,2,,0,0,0,0,0,0,7.2,,0,0,0,0,0,0,0,0,0,,0,0,,0,0,0,0
1613675916580,6,1010123456026,72,,1,2,11,1,2,,0,0,0,0,0,0,7.33333,,0,0,0,0,0,0,0,0,0,,0,0,,0,0,0,0
1613675916830,5,1010123456026,72,,1,2,11,1,2,,0,0,0,0,0,0,8.2,,0,0,0,0,0,0,0,0,0,,0,0,,0,0,0,0
1613675917080,5,1010123456026,72,,1,2,11,1,2,,0,0,0,0,0,0,7.83333,,0,0,0,0,0,0,0,0,0,,0,0,,0,0,0,0
1613675917330,5,1010123456026,72,,1,2,11,1,2,,0,0,0,0,0,0,6.16667,,0,0,0,0,0,0,0,0,0,,0,0,,0,0,0,0
1613675917581,5,1010123456026,72,,1,2,11,1,2,,0,0,0,0,0,0,7.2,,0,0,0,0,0,0,0,0,0,,0,0,,0,0,0,0
1613675917830,5,1010123456026,72,,1,2,11,1,2,,0,0,0,0,0,0,7.66667,,0,0,0,0,0,0,0,0,0,,0,0,,0,0,0,0
1613675918080,5,1010123456026,72,,1,2,11,1,2,,0,0,0,0,0,0,8.14286,,0,0,0,0,0,0,0,0,0,,0,0,,0,0,0,0
1613675918330,5,1010123456026,72,,1,2,11,1,2,,0,0,0,0,0,0,7.33333,,0,0,0,0,0,0,0,0,0,,0,0,,0,0,0,0
1613675918580,5,1010123456026,72,,1,2,11,1,2,,0,0,0,0,0,0,8.33333,,0,0,0,0,0,0,0,0,0,,0,0,,0,0,0,0
1613675918830,5,1010123456026,72,,1,2,11,1,2,,0,0,0,0,0,0,8,,0,0,0,0,0,0,0,0,0,,0,0,,0,0,0,0
1613675919080,5,1010123456026,72,,1,2,11,1,2,,0,0,0,0,0,0,7.71429,,0,0,0,0,0,0,0,0,0,,0,0,,0,0,0,0
1613675919330,5,1010123456026,72,,1,2,11,1,2,,0,0,0,0,0,0,7.8,,0,0,0,0,0,0,0,0,0,,0,0,,0,0,0,0
1613675919581,5,1010123456026,72,,1,2,11,1,2,,0,0,0,0,0,0,7.4,,0,0,0,0,0,0,0,0,0,,0,0,,0,0,0,0
1613675919830,5,1010123456026,72,,1,2,11,1,2,,0,0,0,0,0,0,8.2,,0,0,0,0,0,0,0,0,0,,0,0,,0,0,0,0
1613675920080,5,1010123456026,72,,1,2,11,1,2,,0,0,0,0,0,0,8.28571,,0,0,0,0,0,0,0,0,0,,0,0,,0,0,0,0
1613675920330,5,1010123456026,72,,1,2,11,1,2,,0,0,0,0,0,0,7.33333,,0,0,0,0,0,0,0,0,0,,0,0,,0,0,0,0
1613675920580,5,1010123456026,72,,1,2,11,1,2,,0,0,0,0,0,0,6.75,,0,0,0,0,0,0,0,0,0,,0,0,,0,0,0,0
1613675920830,5,1010123456026,72,,1,2,11,1,2,,0,0,0,0,0,0,7.33333,,0,0,0,0,0,0,0,0,0,,0,0,,0,0,0,0
1613675921080,5,1010123456026,72,,1,2,11,1,2,,0,0,0,0,0,0,7.42857,,0,0,0,0,0,0,0,0,0,,0,0,,0,0,0,0
1613675921330,5,1010123456026,72,,1,2,11,1,2,,0,0,0,0,0,0,6.5,,0,0,0,0,0,0,0,0,0,,0,0,,0,0,0,0
1613675921581,5,1010123456026,72,,1,2,11,1,2,,0,0,0,0,0,0,8.6,,0,0,0,0,0,0,0,0,0,,0,0,,0,0,0,0
1613675921831,5,1010123456026,72,,1,2,11,1,2,,0,0,0,0,0,0,9.6,,0,0,0,0,0,0,0,0,0,,0,0,,0,0,0,0
1613675922081,5,1010123456026,72,,1,2,11,1,2,,0,0,0,0,0,0,9,,0,0,0,0,0,0,0,0,0,,0,0,,0,0,0,0
1613675922330,5,1010123456026,72,,1,2,11,1,2,,0,0,0,0,0,0,7.4,,0,0,0,0,0,0,0,0,0,,0,0,,0,0,0,0
1613675922581,5,1010123456026,72,,1,2,11,1,2,,0,0,0,0,0,0,8,,0,0,0,0,0,0,0,0,0,,0,0,,0,0,0,0
1613675922830,5,1010123456026,72,,1,2,11,1,2,,0,0,0,0,0,0,7,,0,0,0,0,0,0,0,0,0,,0,0,,0,0,0,0
1613675923080,5,1010123456026,72,,1,2,11,1,2,,0,0,0,0,0,0,7.71429,,0,3,0,0.1,1,0,0,0,31,,0,0,,0,0,0,0
1613675923330,5,1010123456026,72,,1,2,11,1,2,,0,0,0,0,0,0,7.8,,0,0,0,0,0,0,0,0,0,,0,0,,0,0,0,0
1613675923580,5,1010123456026,72,,1,2,11,1,2,,0,0,0,0,0,0,8,,0,0,0,0,0,0,0,0,0,,0,0,,0,0,0,0
1613675923830,5,1010123456026,72,,1,2,11,1,2,,0,0,0,0,0,0,7.33333,,0,0,0,0,0,0,0,0,0,,0,0,,0,0,0,0
1613675924081,5,1010123456026,72,,1,2,11,1,2,,0,0,0,0,0,0,6.66667,,0,0,0,0,0,0,0,0,0,,0,0,,0,0,0,0
1613675924330,5,1010123456026,72,,1,2,11,1,2,,0,0,0,0,0,0,6.4,,0,0,0,0,0,0,0,0,0,,0,0,,0,0,0,0
1613675924580,5,1010123456026,72,,1,2,11,1,2,,0,0,0,0,0,0,6.5,,0,0,0,0,0,0,0,0,0,,0,0,,0,0,0,0
1613675924830,5,1010123456026,72,,1,2,11,1,2,,0,0,0,0,0,0,7.5,,0,0,0,0,0,0,0,0,0,,0,0,,0,0,0,0
1613675925081,5,1010123456026,72,,1,2,11,1,2,,0,0,0,0,0,0,7.14286,,0,0,0,0,0,0,0,0,0,,0,0,,0,0,0,0
1613675925330,5,1010123456026,72,,1,2,11,1,2,,0,0,0,0,0,0,8.83333,,0,0,0,0,0,0,0,0,0,,0,0,,0,0,0,0
1613675925580,5,1010123456026,72,,1,2,11,1,2,,0,0,0,0,0,0,7.4,,0,0,0,0,0,0,0,0,0,,0,0,,0,0,0,0
1613675925830,5,1010123456026,72,,1,2,11,1,2,,0,0,0,0,0,0,6.6,,0,0,0,0,0,0,0,0,0,,0,0,,0,0,0,0
1613675926081,5,1010123456026,72,,1,2,11,1,2,,0,0,0,0,0,0,7.4,,0,0,0,0,0,0,0,0,0,,0,0,,0,0,0,0
1613675926330,5,1010123456026,72,,1,2,11,1,2,,0,0,0,0,0,0,6.5,,0,0,0,0,0,0,0,0,0,,0,0,,0,0,0,0
1613675926580,5,1010123456026,72,,1,2,11,1,2,,0,0,0,0,0,0,7.4,,0,0,0,0,0,0,0,0,0,,0,0,,0,0,0,0
1613675926830,5,1010123456026,72,,1,2,11,1,2,,0,0,0,0,0,0,7.4,,0,0,0,0,0,0,0,0,0,,0,0,,0,0,0,0
1613675927081,5,1010123456026,72,,1,2,11,1,2,,0,0,0,0,0,0,8,,0,0,0,0,0,0,0,0,0,,0,0,,0,0,0,0
1613675927330,5,1010123456026,72,,1,2,11,1,2,,0,0,0,0,0,0,10,,0,0,0,0,0,0,0,0,0,,0,0,,0,0,0,0
1613675927580,5,1010123456026,72,,1,2,11,1,2,,0,0,0,0,0,0,7.16667,,0,0,0,0,0,0,0,0,0,,0,0,,0,0,0,0
1613675927830,5,1010123456026,72,,1,2,11,1,2,,0,0,0,0,0,0,7.83333,,0,0,0,0,0,0,0,0,0,,0,0,,0,0,0,0
1613675928080,5,1010123456026,72,,1,2,11,1,2,,0,0,0,0,0,0,8.14286,,0,0,0,0,0,0,0,0,0,,0,0,,0,0,0,0
1613675928330,5,1010123456026,72,,1,2,11,1,2,,0,0,0,0,0,0,8.16667,,0,0,0,0,0,0,0,0,0,,0,0,,0,0,0,0
1613675928580,5,1010123456026,72,,1,2,11,1,2,,0,0,0,0,0,0,7.6,,0,0,0,0,0,0,0,0,0,,0,0,,0,0,0,0
1613675928830,5,1010123456026,72,,1,2,11,1,2,,0,0,0,0,0,0,7.2,,0,0,0,0,0,0,0,0,0,,0,0,,0,0,0,0
1613675929081,5,1010123456026,72,,1,2,11,1,2,,0,0,0,0,0,0,6.28571,,0,0,0,0,0,0,0,0,0,,0,0,,0,0,0,0
1613675929330,5,1010123456026,72,,1,2,11,1,2,,0,0,0,0,0,0,9,,0,0,0,0,0,0,0,0,0,,0,0,,0,0,0,0
1613675929580,5,1010123456026,72,,1,2,11,1,2,,0,0,0,0,0,0,7,,0,0,0,0,0,0,0,0,0,,0,0,,0,0,0,0
1613675929830,5,1010123456026,72,,1,2,11,1,2,,0,0,0,0,0,0,7.5,,0,0,0,0,0,0,0,0,0,,0,0,,0,0,0,0
1613675930080,5,1010123456026,72,,1,2,11,1,2,,0,0,0,0,0,0,7,,0,0,0,0,0,0,0,0,0,,0,0,,0,0,0,0
1613675930331,5,1010123456026,72,,1,2,11,1,2,,0,0,0,0,0,0,7.6,,0,0,0,0,0,0,0,0,0,,0,0,,0,0,0,0
1613675930580,5,1010123456026,72,,1,2,11,1,2,,0,0,0,0,0,0,7.83333,,0,0,0,0,0,0,0,0,0,,0,0,,0,0,0,0
1613675930830,5,1010123456026,72,,1,2,11,1,2,,0,0,0,0,0,0,7.5,,0,0,0,0,0,0,0,0,0,,0,0,,0,0,0,0
1613675931080,5,1010123456026,72,,1,2,11,1,2,,0,0,0,0,0,0,7.6,,0,0,0,0,0,0,0,0,0,,0,0,,0,0,0,0
1613675931330,5,1010123456026,72,,1,2,11,1,2,,0,0,0,0,0,0,8,,0,0,0,0,0,0,0,0,0,,0,0,,0,0,0,0
1613675931580,5,1010123456026,72,,1,2,11,1,2,,0,0,0,0,0,0,8.66667,,0,0,0,0,0,0,0,0,0,,0,0,,0,0,0,0
1613675931830,5,1010123456026,72,,1,2,11,1,2,,0,0,0,0,0,0,8.83333,,0,0,0,0,0,0,0,0,0,,0,0,,0,0,0,0
1613675932080,5,1010123456026,72,,1,2,11,1,2,,0,0,0,0,0,0,8.66667,,0,0,0,0,0,0,0,0,0,,0,0,,0,0,0,0
1613675932331,5,1010123456026,72,,1,2,11,1,2,,0,0,0,0,0,0,6,,0,0,0,0,0,0,0,0,0,,0,0,,0,0,0,0
1613675932580,5,1010123456026,72,,1,2,11,1,2,,0,0,0,0,0,0,6,,0,0,0,0,0,0,0,0,0,,0,0,,0,0,0,0
1613675932830,5,1010123456026,72,,1,2,11,1,2,,0,0,0,0,0,0,7.16667,,0,0,0,0,0,0,0,0,0,,0,0,,0,0,0,0
1613675933081,5,1010123456026,72,,1,2,11,1,2,,5.55555,234,0,0.1368,67,0,6.42857,,9.79661,59,0,0.1,17,47.0588,0,6.51781,31,,93,496,,0,0,0,5.81356
1613675933331,6,1010123456026,72,,1,2,11,1,2,,10.2523,214,103,0.13888,64,0,6.83333,,0,0,0,0,0,0,0,0,0,,193,201,,0,0,0,0
1613675933581,6,1010123456026,72,,1,2,11,1,2,,9.80749,187,179,0.107808,52,0,6.66667,,0,0,0,0,0,0,0,0,0,,165,171,,0,0,0,0
1613675933831,6,1010123456026,72,,1,2,11,1,2,,8.65414,266,0,0.136672,76,0,6.66667,,0,0,0,0,0,0,0,0,0,,235,243,,0,0,0,0
1613675934081,6,1010123456026,72,,1,2,11,1,2,,8.81712,257,0,0.130688,75,0,6.42857,,0.1,24,0,0.1,7,0,0,10.1556,31,,219,219,,0,0,0,1.375
1613675934331,6,1010123456026,72,,1,2,11,1,2,,10.5549,164,0,0.106592,46,0,6.83333,,0,0,0,0,0,0,0,0,0,,141,147,,0,0,0,0
1613675934581,6,1010123456026,72,,1,2,11,1,2,,10.8759,145,0,0.091104,42,0,7.16667,,0,0,0,0,0,0,0,0,0,,126,126,,0,0,0,0
1613675934831,6,1010123456026,72,,1,2,11,1,2,,9.75419,179,0,0.107392,51,0,6.83333,,0,0,0,0,0,0,0,0,0,,159,168,,0,0,0,0
1613675935081,6,1010123456026,72,,1,2,11,1,2,,9.29101,189,0,0.09808,54,0,6.57143,,11.5088,57,0,0.1,17,70.5882,0,5.06428,31,,165,165,,0,0,0,7.47368
1613675935331,6,1010123456026,72,,1,2,11,1,2,,8.80201,298,0,0.161312,85,0,6.5,,0,0,0,0,0,0,0,0,0,,271,291,,0,0,0,0
1613675935581,6,1010123456026,72,,1,2,11,1,2,,8.91124,169,0,0.082016,46,0,6.83333,,0,0,0,0,0,0,0,0,0,,149,153,,0,0,0,0
1613675935831,6,1010123456026,72,,1,2,11,1,2,,6.14085,284,301,0.118976,77,0,6.2,,0,0,0,0,0,0,0,0,0,,304,348,,0,0,0,0
1613675936081,6,1010123456026,72,,1,2,11,1,2,,8.70732,287,0,0.15424,87,0,7.14286,,0.1,10,0,0.1,3,0,0,2.15848,31,,264,282,,0,0,0,1
1613675936330,6,1010123456026,72,,1,2,11,1,2,,10.1278,266,52,0.16302,75,0,6.66667,,0,0,0,0,0,0,0,0,0,,233,237,,0,0,0,0
1613675936580,6,1010123456026,72,,1,2,11,1,2,,10.5566,221,46,0.146088,60,0,7.33333,,0,0,0,0,0,0,0,0,0,,195,204,,0,0,0,0
1613675936831,6,1010123456026,72,,1,2,11,1,2,,7.04416,317,0,0.1304,93,0,6,,0,0,0,0,0,0,0,0,0,,288,300,,0,0,0,0
1613675937081,6,1010123456026,72,,1,2,11,1,2,,9.60993,141,0,0.075328,40,0,7.14286,,0.1,14,0,0.1,4,0,0,15.1494,31,,120,120,,0,0,0,1.42857
1613675937331,6,1010123456026,72,,1,2,11,1,2,,9.12903,217,0,0.11968,66,0,6.16667,,0,0,0,0,0,0,0,0,0,,190,192,,0,0,0,0
1613675937581,6,1010123456026,72,,1,2,11,1,2,,8.68794,141,158,0.064672,33,0,6.66667,,0,0,0,0,0,0,0,0,0,,123,123,,0,0,0,0
1613675937831,6,1010123456026,72,,1,2,11,1,2,,8.17924,212,37,0.107712,64,0,6.83333,,0,0,0,0,0,0,0,0,0,,188,192,,0,0,0,0
1613675938081,6,1010123456026,72,,1,2,11,1,2,,9.75248,202,0,0.108256,58,0,6.85714,,9.11539,26,0,0.1,7,57.1429,0,8.50235,31,,174,174,,0,0,0,6.53846
1613675938331,6,1010123456026,72,,1,2,11,1,2,,9.8,195,0,0.118304,60,0,7.16667,,0,0,0,0,0,0,0,0,0,,170,174,,0,0,0,0
1613675938581,6,1010123456026,72,,1,2,11,1,2,,8.08854,192,0,0.08224,53,0,6.33333,,0,0,0,0,0,0,0,0,0,,174,174,,0,0,0,0
1613675938830,6,1010123456026,72,,1,2,11,1,2,,6.70445,247,0,0.100627,74,0,6.16667,,0,0,0,0,0,0,0,0,0,,232,240,,0,0,0,0
1613675939081,6,1010123456026,72,,1,2,11,1,2,,9.1634,306,0,0.162464,88,0,6.57143,,12.32,25,0,0.1,7,57.1429,0,16.2249,31,,271,279,,0,0,0,5.68
1613675939331,6,1010123456026,72,,1,2,11,1,2,,8.39721,287,175,0.131712,81,0,6.33333,,0,0,0,0,0,0,0,0,0,,258,261,,0,0,0,0
1613675939581,6,1010123456026,72,,1,2,11,1,2,,8.12239,335,0,0.166976,100,0,6.16667,,0,0,0,0,0,0,0,0,0,,296,309,,0,0,0,0
1613675939831,6,1010123456026,72,,1,2,11,1,2,,5.66364,220,0,0.081056,64,0,5.83333,,0,0,0,0,0,0,0,0,0,,196,198,,0,0,0,0
1613675940081,6,1010123456026,72,,1,2,11,1,2,,10.0553,253,0,0.14528,73,0,6.57143,,4.85714,42,0,0.1,12,33.3333,0,13.7957,31,,220,222,,0,0,0,4.16667
1613675940331,6,1010123456026,72,,1,2,11,1,2,,7.96364,275,0,0.135808,79,0,7,,0,0,0,0,0,0,0,0,0,,261,285,,0,0,0,0
1613675940580,6,1010123456026,72,,1,2,11,1,2,,8.68421,304,0,0.142908,83,0,6.5,,0,0,0,0,0,0,0,0,0,,261,261,,0,0,0,0
1613675940830,6,1010123456026,72,,1,2,11,1,2,,7.08276,290,0,0.122313,85,0,5.66667,,0,0,0,0,0,0,0,0,0,,282,297,,0,0,0,0
1613675941081,6,1010123456026,72,,1,2,11,1,2,,9.80296,203,78,0.113184,57,0,6.71429,,0.1,10,0,0.1,3,0,0,2.36472,31,,186,192,,0,0,0,1.6
1613675941331,6,1010123456026,72,,1,2,11,1,2,,9.39773,264,0,0.156704,81,0,6.5,,0,0,0,0,0,0,0,0,0,,227,231,,0,0,0,0
1613675941581,6,1010123456026,72,,1,2,11,1,2,,11.1233,146,0,0.091328,40,0,7.5,,0,0,0,0,0,0,0,0,0,,127,129,,0,0,0,0
1613675941831,6,1010123456026,72,,1,2,11,1,2,,9.46808,188,0,0.107968,56,0,6.5,,0,0,0,0,0,0,0,0,0,,163,165,,0,0,0,0
1613675942081,6,1010123456026,72,,1,2,11,1,2,,8.40116,172,0,0.080032,49,0,6.42857,,0.1,11,0,0.1,3,0,0,8.45071,31,,151,153,,0,0,0,2.09091
1613675942331,6,1010123456026,72,,1,2,11,1,2,,10.3017,179,0,0.109568,52,0,7.33333,,0,0,0,0,0,0,0,0,0,,154,156,,0,0,0,0
1613675942581,6,1010123456026,72,,1,2,11,1,2,,9.43357,286,89,0.153024,80,0,6.83333,,0,0,0,0,0,0,0,0,0,,251,255,,0,0,0,0
1613675942830,6,1010123456026,72,,1,2,11,1,2,,8.30847,295,0,0.140851,87,0,6,,0,0,0,0,0,0,0,0,0,,256,258,,0,0,0,0
1613675943081,6,1010123456026,72,,1,2,11,1,2,,9.08295,217,0,0.109024,62,0,6.85714,,0.1,11,0,0.1,3,0,0,8.71413,31,,200,204,,0,0,0,1
1613675943331,6,1010123456026,72,,1,2,11,1,2,,7.9693,228,20,0.09856,63,0,6.33333,,0,0,0,0,0,0,0,0,0,,200,204,,0,0,0,0
1613675943581,6,1010123456026,72,,1,2,11,1,2,,9.03169,284,121,0.157984,87,0,6.5,,0,0,0,0,0,0,0,0,0,,251,255,,0,0,0,0
1613675943831,6,1010123456026,72,,1,2,11,1,2,,7.27606,355,0,0.138784,97,0,5.83333,,0,0,0,0,0,0,0,0,0,,315,327,,0,0,0,0
1613675944081,6,1010123456026,72,,1,2,11,1,2,,9.26605,218,0,0.129696,69,0,7.57143,,14.9651,86,0,0.1,28,85.7143,0,5.17448,31,,193,195,,0,0,0,8.74419
1613675944331,6,1010123456026,72,,1,2,11,1,2,,10.6286,140,8,0.080416,37,0,7.33333,,0,0,0,0,0,0,0,0,0,,123,123,,0,0,0,0
1613675944581,6,1010123456026,72,,1,2,11,1,2,,8.36747,166,155,0.08272,51,0,5.66667,,0,0,0,0,0,0,0,0,0,,145,147,,0,0,0,0
1613675944831,6,1010123456026,72,,1,2,11,1,2,,7.15353,241,0,0.094496,66,0,6.66667,,0,0,0,0,0,0,0,0,0,,204,204,,0,0,0,0
1613675945081,6,1010123456026,72,,1,2,11,1,2,,6.62113,388,0,0.171264,116,0,5.71429,,0.1,15,0,0.1,4,0,0,9.33285,31,,392,429,,0,0,0,1
1613675945331,6,1010123456026,72,,1,2,11,1,2,,8.056,250,0,0.114528,71,0,6.5,,0,0,0,0,0,0,0,0,0,,228,231,,0,0,0,0
1613675945581,6,1010123456026,72,,1,2,11,1,2,,9.23885,314,69,0.152896,86,0,6.66667,,0,0,0,0,0,0,0,0,0,,280,282,,0,0,0,0
1613675945831,6,1010123456026,72,,1,2,11,1,2,,7.50549,273,0,0.13232,84,0,6.2,,0,0,0,0,0,0,0,0,0,,233,237,,0,0,0,0
1613675946081,6,1010123456026,72,,1,2,11,1,2,,10.6561,189,0,0.123488,55,0,7,,13.2857,7,0,0.1,2,0,0,31.3914,31,,167,171,,0,0,0,1
1613675946331,6,1010123456026,72,,1,2,11,1,2,,8.77733,247,0,0.11488,68,0,6.33333,,0,0,0,0,0,0,0,0,0,,214,216,,0,0,0,0
1613675946581,6,1010123456026,72,,1,2,11,1,2,,8.84052,232,0,0.1248,69,0,6.66667,,0,0,0,0,0,0,0,0,0,,206,213,,0,0,0,0
1613675946831,6,1010123456026,72,,1,2,11,1,2,,8.65272,239,0,0.111264,66,0,6.16667,,0,0,0,0,0,0,0,0,0,,205,207,,0,0,0,0
1613675947081,6,1010123456026,72,,1,2,11,1,2,,10.1103,145,0,0.089728,44,0,6.85714,,0,12,0,0,4,100,0,0,0,,128,132,,0,0,0,0
1613675947331,6,1010123456026,72,,1,2,11,1,2,,8.68797,266,89,0.1304,76,0,6.66667,,0,0,0,0,0,0,0,0,0,,238,240,,0,0,0,0
1613675947581,6,1010123456026,72,,1,2,11,1,2,,6.45526,380,0,0.147392,104,0,6.33333,,0,0,0,0,0,0,0,0,0,,338,345,,0,0,0,0
1613675947831,6,1010123456026,72,,1,2,11,1,2,,5.66959,342,0,0.127232,105,0,5.66667,,0,0,0,0,0,0,0,0,0,,303,318,,0,0,0,0
1613675948081,6,1010123456026,72,,1,2,11,1,2,,10.0394,254,0,0.134848,68,0,7,,4.71429,28,0,0.1,9,44.4444,0,3.78601,31,,222,222,,0,0,0,4.67857
1613675948331,6,1010123456026,72,,1,2,11,1,2,,10.5714,126,0,0.090752,42,0,7.5,,0,0,0,0,0,0,0,0,0,,109,111,,0,0,0,0
1613675948581,6,1010123456026,72,,1,2,11,1,2,,10.797,197,0,0.123392,56,0,7.33333,,0,0,0,0,0,0,0,0,0,,169,171,,0,0,0,0
1613675948831,6,1010123456026,72,,1,2,11,1,2,,9.46296,216,177,0.107648,57,0,6.83333,,0,0,0,0,0,0,0,0,0,,187,189,,0,0,0,0
1613675949081,6,1010123456026,72,,1,2,11,1,2,,8.6446,287,0,0.157472,89,0,6.14286,,10.2703,37,0,0.1,11,72.7273,0,5.87206,31,,255,261,,0,0,0,7.56757
1613675949331,6,1010123456026,72,,1,2,11,1,2,,8.04622,238,0,0.10768,69,0,6.66667,,0,0,0,0,0,0,0,0,0,,223,225,,0,0,0,0
1613675949580,6,1010123456026,72,,1,2,11,1,2,,8.2487,193,0,0.0905382,56,0,6.16667,,0,0,0,0,0,0,0,0,0,,170,174,,0,0,0,0
1613675949831,6,1010123456026,72,,1,2,11,1,2,,7.29268,205,0,0.082624,58,0,6,,0,0,0,0,0,0,0,0,0,,174,174,,0,0,0,0
1613675950081,6,1010123456026,72,,1,2,11,1,2,,9.51741,201,0,0.10256,55,0,7,,0.1,11,0,0.1,3,0,0,18.5477,31,,174,174,,0,0,0,1.36364
1613675950331,6,1010123456026,72,,1,2,11,1,2,,8.51596,188,0,0.098048,58,0,6.5,,0,0,0,0,0,0,0,0,0,,166,168,,0,0,0,0
1613675950581,6,1010123456026,72,,1,2,11,1,2,,10.7257,175,0,0.108224,50,0,7.16667,,0,0,0,0,0,0,0,0,0,,154,156,,0,0,0,0
1613675950831,6,1010123456026,72,,1,2,11,1,2,,9.24737,190,89,0.105056,53,0,6.33333,,0,0,0,0,0,0,0,0,0,,171,177,,0,0,0,0
1613675951081,6,1010123456026,72,,1,2,11,1,2,,8.90032,311,169,0.166976,92,0,7,,0,12,0,0,4,100,0,0,0,,277,288,,0,0,0,0
1613675951331,6,1010123456026,72,,1,2,11,1,2,,8.06667,300,0,0.133984,85,0,7.33333,,0.1,8,0,0.1,2,0,0,14.5137,31,,259,261,,0,0,0,1
1613675951580,6,1010123456026,72,,1,2,11,1,2,,8.36691,139,0,0.0686908,42,0,6.66667,,0,0,0,0,0,0,0,0,0,,120,120,,0,0,0,0
1613675951831,6,1010123456026,72,,1,2,11,1,2,,9.31068,206,0,0.103072,57,0,7.33333,,0,0,0,0,0,0,0,0,0,,177,177,,0,0,0,0
1613675952081,6,1010123456026,72,,1,2,11,1,2,,10.1263,198,0,0.123584,60,0,7.14286,,13,6,0,0.1,2,0,0,32.2289,31,,175,177,,0,0,0,1
1613675952331,6,1010123456026,72,,1,2,11,1,2,,9.78767,146,111,0.07568,39,0,6.66667,,0,0,0,0,0,0,0,0,0,,130,132,,0,0,0,0
1613675952581,6,1010123456026,72,,1,2,11,1,2,,9.84252,254,0,0.145216,76,0,7.16667,,0,0,0,0,0,0,0,0,0,,217,219,,0,0,0,0
1613675952831,6,1010123456026,72,,1,2,11,1,2,,8.66851,181,0,0.081824,47,0,6.16667,,0,0,0,0,0,0,0,0,0,,158,162,,0,0,0,0
1613675953081,6,1010123456026,72,,1,2,11,1,2,,11.4898,147,0,0.112416,47,0,7,,15,13,0,0,4,100,0,1.59908,0,,128,132,,0,0,0,10
1613675953331,6,1010123456026,72,,1,2,11,1,2,,8.10394,279,0,0.12608,80,0,6.33333,,0,0,0,0,0,0,0,0,0,,248,252,,0,0,0,0
1613675953581,6,1010123456026,72,,1,2,11,1,2,,8.69625,293,0,0.146432,84,0,6.66667,,0,0,0,0,0,0,0,0,0,,260,264,,0,0,0,0
1613675953831,6,1010123456026,72,,1,2,11,1,2,,8.04396,364,0,0.17136,102,0,6.33333,,0,0,0,0,0,0,0,0,0,,333,351,,0,0,0,0
1613675954081,6,1010123456026,72,,1,2,11,1,2,,11.0857,210,56,0.136928,61,0,7.42857,,0.1,17,0,0.1,5,0,0,6.81315,31,,185,189,,0,0,0,1
1613675954331,6,1010123456026,72,,1,2,11,1,2,,10.4219,237,0,0.1464,70,0,7,,0,0,0,0,0,0,0,0,0,,202,204,,0,0,0,0
1613675954581,6,1010123456026,72,,1,2,11,1,2,,8.71483,263,0,0.124128,67,0,6.5,,0,0,0,0,0,0,0,0,0,,231,237,,0,0,0,0
1613675954831,6,1010123456026,72,,1,2,11,1,2,,9.816,250,0,0.131104,73,0,7.33333,,0,0,0,0,0,0,0,0,0,,214,216,,0,0,0,0
1613675955081,6,1010123456026,72,,1,2,11,1,2,,10.2984,248,0,0.155648,76,0,7,,0.1,10,0,0.1,3,0,0,1.67019,31,,219,219,,0,0,0,1.4
1613675955331,6,1010123456026,72,,1,2,11,1,2,,8.59854,274,0,0.13536,79,0,6.5,,0,0,0,0,0,0,0,0,0,,243,249,,0,0,0,0
1613675955581,6,1010123456026,72,,1,2,11,1,2,,7.86641,262,0,0.116288,76,0,6.5,,0,0,0,0,0,0,0,0,0,,225,225,,0,0,0,0
1613675955831,6,1010123456026,72,,1,2,11,1,2,,8.25203,246,0,0.124896,72,0,6.16667,,0,0,0,0,0,0,0,0,0,,216,219,,0,0,0,0
1613675956081,6,1010123456026,72,,1,2,11,1,2,,5.00875,343,0,0.113504,100,0,6.14286,,5.625,32,0,0.1,10,50,0,4.18139,31,,355,390,,0,0,0,5.5
1613675956331,6,1010123456026,72,,1,2,11,1,2,,8.88087,277,62,0.137344,72,0,6.5,,0,0,0,0,0,0,0,0,0,,248,255,,0,0,0,0
1613675956581,6,1010123456026,72,,1,2,11,1,2,,8.64873,316,0,0.17168,97,0,7,,0,0,0,0,0,0,0,0,0,,273,285,,0,0,0,0
1613675956831,6,1010123456026,72,,1,2,11,1,2,,9.55379,251,0,0.129184,67,0,6.66667,,0,0,0,0,0,0,0,0,0,,214,216,,0,0,0,0
1613675957081,6,1010123456026,72,,1,2,11,1,2,,9.45098,255,0,0.139648,76,0,6.42857,,0,11,0,0,4,100,0,0,0,,220,222,,0,0,0,0
1613675957331,6,1010123456026,72,,1,2,11,1,2,,8.84492,187,0,0.093632,54,0,6.16667,,0,0,0,0,0,0,0,0,0,,160,162,,0,0,0,0
1613675957581,6,1010123456026,72,,1,2,11,1,2,,7.80729,192,0,0.077696,51,0,6.16667,,0,0,0,0,0,0,0,0,0,,165,165,,0,0,0,0
1613675957831,6,1010123456026,72,,1,2,11,1,2,,7.69636,247,113,0.109888,74,0,6.16667,,0,0,0,0,0,0,0,0,0,,213,213,,0,0,0,0
1613675958081,6,1010123456026,72,,1,2,11,1,2,,8.13333,255,15,0.108864,70,0,6.28571,,14.9677,62,0,0.1,20,80,0,4.84806,31,,219,219,,0,0,0,8.40323
1613675958331,6,1010123456026,72,,1,2,11,1,2,,8.85405,185,0,0.098144,56,0,6.83333,,0,0,0,0,0,0,0,0,0,,157,159,,0,0,0,0
1613675958581,6,1010123456026,72,,1,2,11,1,2,,9.24339,189,0,0.097728,54,0,6.16667,,0,0,0,0,0,0,0,0,0,,163,165,,0,0,0,0
1613675958831,6,1010123456026,72,,1,2,11,1,2,,9.5,212,0,0.113792,61,0,6.33333,,0,0,0,0,0,0,0,0,0,,184,186,,0,0,0,0
1613675959081,6,1010123456026,72,,1,2,11,1,2,,8.26562,192,0,0.082784,52,0,6.14286,,8,11,0,0.1,3,0,0,31.1854,31,,169,171,,0,0,0,1
1613675959331,6,1010123456026,72,,1,2,11,1,2,,9.35526,228,0,0.124704,68,0,7,,0,0,0,0,0,0,0,0,0,,192,192,,0,0,0,0
1613675959581,6,1010123456026,72,,1,2,11,1,2,,10.8466,163,0,0.101792,46,0,7.66667,,0,0,0,0,0,0,0,0,0,,138,138,,0,0,0,0
1613675959831,6,1010123456026,72,,1,2,11,1,2,,9.37008,254,0,0.140544,71,0,7.83333,,0,0,0,0,0,0,0,0,0,,227,237,,0,0,0,0
1613675960081,6,1010123456026,72,,1,2,11,1,2,,8.37321,209,0,0.097312,59,0,6.57143,,11.25,16,0,0.1,5,80,0,1.83746,0,,186,186,,0,0,0,8.25
1613675960331,6,1010123456026,72,,1,2,11,1,2,,9.17557,262,0,0.141088,76,0,6.33333,,0,0,0,0,0,0,0,0,0,,230,240,,0,0,0,0
1613675960581,6,1010123456026,72,,1,2,11,1,2,,8.04286,210,26,0.103072,57,0,6.5,,0,0,0,0,0,0,0,0,0,,186,192,,0,0,0,0
1613675960831,6,1010123456026,72,,1,2,11,1,2,,6.28125,480,0,0.183872,141,0,5.83333,,0,0,0,0,0,0,0,0,0,,437,462,,0,0,0,0
1613675961081,6,1010123456026,72,,1,2,11,1,2,,8.32338,201,0,0.092928,57,0,5.85714,,7.2,25,0,0.1,7,57.1429,0,4.37773,31,,180,180,,0,0,0,6.52
1613675961331,6,1010123456026,72,,1,2,11,1,2,,6.10865,451,0,0.16832,134,0,5.33333,,0,0,0,0,0,0,0,0,0,,444,459,,0,0,0,0
1613675961581,6,1010123456026,72,,1,2,11,1,2,,8.56115,278,11,0.138016,76,0,6,,0,0,0,0,0,0,0,0,0,,256,270,,0,0,0,0
1613675961831,6,1010123456026,72,,1,2,11,1,2,,11.2,190,0,0.142944,61,0,7.33333,,0,0,0,0,0,0,0,0,0,,162,168,,0,0,0,0
1613675962081,6,1010123456026,72,,1,2,11,1,2,,10.1853,232,52,0.133408,62,0,6.85714,,14.0588,34,0,0.1,11,72.7273,0,14.1092,31,,207,213,,0,0,0,6.82353
1613675962331,6,1010123456026,72,,1,2,11,1,2,,10.5583,283,0,0.17808,82,0,7.5,,0,0,0,0,0,0,0,0,0,,240,240,,0,0,0,0
1613675962581,6,1010123456026,72,,1,2,11,1,2,,9.41085,258,0,0.14576,78,0,6.83333,,0,0,0,0,0,0,0,0,0,,225,228,,0,0,0,0
1613675962831,6,1010123456026,72,,1,2,11,1,2,,10.1571,191,0,0.107936,51,0,7.33333,,0,0,0,0,0,0,0,0,0,,163,165,,0,0,0,0
1613675963081,6,1010123456026,72,,1,2,11,1,2,,7.92857,196,0,0.087648,57,0,6.57143,,0,12,0,0,4,100,0,0,0,,169,171,,0,0,0,0
1613675963331,6,1010123456026,72,,1,2,11,1,2,,10.4362,188,0,0.118112,56,0,7.16667,,0,0,0,0,0,0,0,0,0,,162,162,,0,0,0,0
1613675963581,6,1010123456026,72,,1,2,11,1,2,,6.93023,301,0,0.117216,86,0,6.5,,0,0,0,0,0,0,0,0,0,,261,261,,0,0,0,0
1613675963831,6,1010123456026,72,,1,2,11,1,2,,10.1609,230,0,0.123584,61,0,7,,0,0,0,0,0,0,0,0,0,,195,195,,0,0,0,0
1613675964081,6,1010123456026,72,,1,2,11,1,2,,8.56621,219,0,0.109536,65,0,6.42857,,0.1,10,0,0.1,3,0,0,1.46201,31,,196,198,,0,0,0,2.8
1613675964331,6,1010123456026,72,,1,2,11,1,2,,5.69491,236,0,0.087872,70,0,6,,0,0,0,0,0,0,0,0,0,,208,216,,0,0,0,0
1613675964580,6,1010123456026,72,,1,2,11,1,2,,9.03333,270,158,0.129253,73,0,6.33333,,0,0,0,0,0,0,0,0,0,,233,234,,0,0,0,0
1613675964831,6,1010123456026,72,,1,2,11,1,2,,7.02564,390,0,0.169888,118,0,6,,0,0,0,0,0,0,0,0,0,,371,384,,0,0,0,0
1613675965081,6,1010123456026,72,,1,2,11,1,2,,6.55446,404,0,0.166048,118,0,6.5,,0.1,18,0,0.1,6,0,0,5.62976,31,,395,417,,0,0,0,1
1613675965331,6,1010123456026,72,,1,2,11,1,2,,9.736,250,88,0.149568,65,0,7.5,,0,0,0,0,0,0,0,0,0,,225,231,,0,0,0,0
1613675965581,6,1010123456026,72,,1,2,11,1,2,,6.46997,383,0,0.155392,118,0,6.5,,0,0,0,0,0,0,0,0,0,,349,360,,0,0,0,0
1613675965831,6,1010123456026,72,,1,2,11,1,2,,9.04074,270,0,0.135712,75,0,6.83333,,0,0,0,0,0,0,0,0,0,,246,258,,0,0,0,0
1613675966081,6,1010123456026,72,,1,2,11,1,2,,6.32233,394,89,0.15616,116,0,6.71429,,0.1,9,0,0.1,3,0,0,15.0051,31,,377,387,,0,0,0,1
1613675966331,6,1010123456026,72,,1,2,11,1,2,,9.23574,263,0,0.14096,79,0,6.66667,,0,0,0,0,0,0,0,0,0,,225,225,,0,0,0,0
1613675966581,6,1010123456026,72,,1,2,11,1,2,,9.54891,184,0,0.086816,48,0,6.66667,,0,0,0,0,0,0,0,0,0,,162,162,,0,0,0,0
1613675966831,6,1010123456026,72,,1,2,11,1,2,,10.213,216,0,0.129088,64,0,7.16667,,0,0,0,0,0,0,0,0,0,,180,180,,0,0,0,0
1613675967081,6,1010123456026,72,,1,2,11,1,2,,10,157,0,0.091232,47,0,6.42857,,0,12,0,0,4,100,0,0,0,,135,135,,0,0,0,0
1613675967331,6,1010123456026,72,,1,2,11,1,2,,6.72434,341,0,0.14304,98,0,6.83333,,0,0,0,0,0,0,0,0,0,,310,336,,0,0,0,0
1613675967581,6,1010123456026,72,,1,2,11,1,2,,5.18414,391,0,0.136384,108,0,6.33333,,0,0,0,0,0,0,0,0,0,,420,471,,0,0,0,0
1613675967831,6,1010123456026,72,,1,2,11,1,2,,9.69768,215,0,0.111584,59,0,7,,0,0,0,0,0,0,0,0,0,,186,186,,0,0,0,0
1613675968081,6,1010123456026,72,,1,2,11,1,2,,8.86842,228,0,0.123968,65,0,6.42857,,0.1,11,0,0.1,3,0,0,1.34703,31,,204,207,,0,0,0,1.90909
1613675968331,6,1010123456026,72,,1,2,11,1,2,,8.74302,179,0,0.093504,59,0,6.16667,,0,0,0,0,0,0,0,0,0,,154,156,,0,0,0,0
1613675968580,6,1010123456026,72,,1,2,11,1,2,,7.57463,268,89,0.116241,76,0,6.16667,,0,0,0,0,0,0,0,0,0,,248,252,,0,0,0,0
1613675968830,6,1010123456026,72,,1,2,11,1,2,,9.66667,219,0,0.121028,59,0,6.8,,0,0,0,0,0,0,0,0,0,,197,201,,0,0,0,0
1613675969081,6,1010123456026,72,,1,2,11,1,2,,8.37751,249,0,0.129376,79,0,6.57143,,1.4,40,0,0.1,12,8.33333,0,9.89738,31,,220,222,,0,0,0,2.125
1613675969331,6,1010123456026,72,,1,2,11,1,2,,8.90712,323,0,0.176768,93,0,6.33333,,0,0,0,0,0,0,0,0,0,,293,309,,0,0,0,0
1613675969581,6,1010123456026,72,,1,2,11,1,2,,8.39614,207,89,0.090784,56,0,6.66667,,0,0,0,0,0,0,0,0,0,,180,180,,0,0,0,0
1613675969831,6,1010123456026,72,,1,2,11,1,2,,3.82322,379,0,0.12736,112,0,5.5,,0,0,0,0,0,0,0,0,0,,429,489,,0,0,0,0
1613675970081,6,1010123456026,72,,1,2,11,1,2,,5.58199,311,0,0.122784,90,0,6,,4.56522,23,0,0.1,7,57.1429,0,5.38239,31,,342,369,,0,0,0,6.86957
1613675970331,6,1010123456026,72,,1,2,11,1,2,,10.1979,192,0,0.11248,55,0,7.16667,,0,0,0,0,0,0,0,0,0,,166,168,,0,0,0,0
1613675970581,6,1010123456026,72,,1,2,11,1,2,,7.40816,147,0,0.060832,42,0,6.33333,,0,0,0,0,0,0,0,0,0,,130,132,,0,0,0,0
1613675970831,6,1010123456026,72,,1,2,11,1,2,,9.52071,169,0,0.085952,44,0,7,,0,0,0,0,0,0,0,0,0,,155,159,,0,0,0,0
1613675971080,6,1010123456026,72,,1,2,11,1,2,,8.66825,211,0,0.119775,67,0,6.28571,,1.23529,34,0,0.1,10,0,0,11.1017,31,,194,198,,0,0,0,1.58824
1613675971331,6,1010123456026,72,,1,2,11,1,2,,6.54412,272,5,0.094848,72,0,5.83333,,0,0,0,0,0,0,0,0,0,,252,270,,0,0,0,0
1613675971581,6,1010123456026,72,,1,2,11,1,2,,8.92593,216,0,0.114345,64,0,6.33333,,0,0,0,0,0,0,0,0,0,,181,183,,0,0,0,0
1613675971831,6,1010123456026,72,,1,2,11,1,2,,7.65033,306,0,0.13216,88,0,6.16667,,0,0,0,0,0,0,0,0,0,,266,270,,0,0,0,0
1613675972081,6,1010123456026,72,,1,2,11,1,2,,10.1462,260,0,0.156032,78,0,7.14286,,0.1,10,0,0.1,3,0,0,9.68141,31,,226,228,,0,0,0,1
1613675972331,6,1010123456026,72,,1,2,11,1,2,,9.52273,176,20,0.09168,49,0,7.33333,,0,0,0,0,0,0,0,0,0,,154,156,,0,0,0,0
1613675972581,6,1010123456026,72,,1,2,11,1,2,,10.1241,282,0,0.169312,78,0,6.83333,,0,0,0,0,0,0,0,0,0,,242,246,,0,0,0,0
1613675972831,6,1010123456026,72,,1,2,11,1,2,,8.93822,259,0,0.130368,75,0,6.5,,0,0,0,0,0,0,0,0,0,,224,228,,0,0,0,0
1613675973080,6,1010123456026,72,,1,2,11,1,2,,10.0913,241,0,0.143422,69,0,7.28571,,9.23077,26,0,0.1,7,57.1429,0,10.5691,31,,217,219,,0,0,0,6.53846
1613675973330,6,1010123456026,72,,1,2,11,1,2,,8.28992,238,0,0.115373,71,0,6.16667,,0,0,0,0,0,0,0,0,0,,207,207,,0,0,0,0
1613675973581,6,1010123456026,72,,1,2,11,1,2,,9.24057,212,0,0.113664,61,0,6.83333,,0,0,0,0,0,0,0,0,0,,188,192,,0,0,0,0
1613675973831,6,1010123456026,72,,1,2,11,1,2,,7.58079,229,0,0.098816,66,0,6.66667,,0,0,0,0,0,0,0,0,0,,198,198,,0,0,0,0
1613675974081,6,1010123456026,72,,1,2,11,1,2,,9.60338,237,0,0.135008,70,0,6.71429,,7.5,24,0,0.1,8,50,0,11.9119,31,,212,216,,0,0,0,4.75
1613675974331,6,1010123456026,72,,1,2,11,1,2,,8.21713,327,0,0.147904,90,0,6,,0,0,0,0,0,0,0,0,0,,292,303,,0,0,0,0
1613675974581,6,1010123456026,72,,1,2,11,1,2,,8.80978,184,0,0.103807,57,0,6.5,,0,0,0,0,0,0,0,0,0,,164,168,,0,0,0,0
1613675974831,6,1010123456026,72,,1,2,11,1,2,,9.72868,129,0,0.075136,37,0,7.16667,,0,0,0,0,0,0,0,0,0,,112,114,,0,0,0,0
1613675975081,6,1010123456026,72,,1,2,11,1,2,,9.24242,198,52,0.103072,57,0,6.42857,,16,16,0,0,4,100,0,1.78858,0,,181,183,,0,0,0,10
1613675975330,6,1010123456026,72,,1,2,11,1,2,,9.48696,230,0,0.124466,67,0,7,,0,0,0,0,0,0,0,0,0,,196,198,,0,0,0,0
1613675975581,6,1010123456026,72,,1,2,11,1,2,,8.73099,171,0,0.083744,47,0,6.5,,0,0,0,0,0,0,0,0,0,,151,156,,0,0,0,0
1613675975831,6,1010123456026,72,,1,2,11,1,2,,10.8876,169,0,0.109952,50,0,7.33333,,0,0,0,0,0,0,0,0,0,,145,147,,0,0,0,0
1613675976081,6,1010123456026,72,,1,2,11,1,2,,10.8086,162,0,0.107296,48,0,7.28571,,0.1,23,0,0.1,7,0,0,7.76178,31,,151,153,,0,0,0,1.52174
1613675976331,6,1010123456026,72,,1,2,11,1,2,,8.80952,210,0,0.108928,61,0,6.5,,0,0,0,0,0,0,0,0,0,,185,189,,0,0,0,0
1613675976581,6,1010123456026,72,,1,2,11,1,2,,9.77,200,0,0.10832,56,0,6.66667,,0,0,0,0,0,0,0,0,0,,177,177,,0,0,0,0
1613675976831,6,1010123456026,72,,1,2,11,1,2,,7.05042,357,133,0.14768,98,0,6.16667,,0,0,0,0,0,0,0,0,0,,310,312,,0,0,0,0
1613675977081,6,1010123456026,72,,1,2,11,1,2,,6.30662,287,78,0.094848,81,0,5.71429,,0.1,11,0,0.1,3,0,0,2.03416,31,,248,255,,0,0,0,1
1613675977331,6,1010123456026,72,,1,2,11,1,2,,8.78723,188,0,0.100864,61,0,7,,0,0,0,0,0,0,0,0,0,,160,162,,0,0,0,0
1613675977580,6,1010123456026,72,,1,2,11,1,2,,9.168,125,0,0.06551,36,0,6.66667,,0,0,0,0,0,0,0,0,0,,108,108,,0,0,0,0
1613675977831,6,1010123456026,72,,1,2,11,1,2,,9.09578,261,11,0.124448,70,0,6.66667,,0,0,0,0,0,0,0,0,0,,229,231,,0,0,0,0
1613675978081,6,1010123456026,72,,1,2,11,1,2,,8.57627,295,0,0.141856,83,0,6.57143,,0.1,10,0,0.1,3,0,0,0.489914,31,,254,258,,0,0,0,6.6
1613675978331,6,1010123456026,72,,1,2,11,1,2,,7.12681,276,18,0.128704,83,0,6.33333,,0,0,0,0,0,0,0,0,0,,255,270,,0,0,0,0
1613675978581,6,1010123456026,72,,1,2,11,1,2,,6.04271,398,0,0.143328,114,0,5.33333,,0,0,0,0,0,0,0,0,0,,389,411,,0,0,0,0
1613675978831,6,1010123456026,72,,1,2,11,1,2,,8.16327,245,52,0.120928,76,0,6,,0,0,0,0,0,0,0,0,0,,219,219,,0,0,0,0
1613675979081,6,1010123456026,72,,1,2,11,1,2,,9.2335,197,0,0.097632,53,0,6.57143,,0.1,10,0,0.1,3,0,0,2.26552,31,,173,177,,0,0,0,1.4
1613675979331,6,1010123456026,72,,1,2,11,1,2,,9.12245,196,0,0.10048,58,0,6.66667,,0,0,0,0,0,0,0,0,0,,168,168,,0,0,0,0
1613675979581,6,1010123456026,72,,1,2,11,1,2,,7.98868,265,0,0.133056,78,0,6,,0,0,0,0,0,0,0,0,0,,241,252,,0,0,0,0
1613675979830,6,1010123456026,72,,1,2,11,1,2,,7.5125,240,0,0.102137,66,0,6.33333,,0,0,0,0,0,0,0,0,0,,218,222,,0,0,0,0
1613675980081,6,1010123456026,72,,1,2,11,1,2,,7.99435,177,28,0.074784,49,0,6,,0.1,10,0,0.1,3,0,0,13.0009,31,,165,165,,0,0,0,1
1613675980331,6,1010123456026,72,,1,2,11,1,2,,9.57229,166,0,0.094304,53,0,6.83333,,0,0,0,0,0,0,0,0,0,,144,144,,0,0,0,0
1613675980581,6,1010123456026,72,,1,2,11,1,2,,8.36426,291,0,0.143776,84,0,6.5,,0,0,0,0,0,0,0,0,0,,270,282,,0,0,0,0
1613675980831,6,1010123456026,72,,1,2,11,1,2,,7.76821,302,0,0.142656,83,0,5.83333,,0,0,0,0,0,0,0,0,0,,285,309,,0,0,0,0
1613675981081,6,1010123456026,72,,1,2,11,1,2,,9.84615,182,124,0.107712,55,0,7,,0.1,13,0,0.1,4,0,0,8.94596,31,,161,165,,0,0,0,2.23077
1613675981331,6,1010123456026,72,,1,2,11,1,2,,8.2165,194,0,0.087232,54,0,6.16667,,0,0,0,0,0,0,0,0,0,,166,168,,0,0,0,0
1613675981581,6,1010123456026,72,,1,2,11,1,2,,7.18182,385,52,0.159072,111,0,5.83333,,0,0,0,0,0,0,0,0,0,,348,354,,0,0,0,0
1613675981830,6,1010123456026,72,,1,2,11,1,2,,9.70732,246,0,0.132337,70,0,6.83333,,0,0,0,0,0,0,0,0,0,,207,207,,0,0,0,0
1613675982080,6,1010123456026,72,,1,2,11,1,2,,4.29433,282,298,0.0788112,77,0,5.71429,,15,13,0,0,4,100,0,1.61478,0,,270,285,,0,0,0,10
1613675982331,6,1010123456026,72,,1,2,11,1,2,,3.39344,610,0,0.201696,184,0,4.5,,0,0,0,0,0,0,0,0,0,,883,963,,0,0,0,0
1613675982581,6,1010123456026,72,,1,2,11,1,2,,9.90052,191,177,0.11296,54,0,7.16667,,0,0,0,0,0,0,0,0,0,,170,174,,0,0,0,0
1613675982831,6,1010123456026,72,,1,2,11,1,2,,9.23438,256,0,0.13024,72,0,6.5,,0,0,0,0,0,0,0,0,0,,226,228,,0,0,0,0
1613675983081,6,1010123456026,72,,1,2,11,1,2,,9.9403,201,0,0.12384,61,0,7,,6.26087,23,0,0.1,7,57.1429,0,10.1518,31,,176,180,,0,0,0,5.69565
1613675983331,6,1010123456026,72,,1,2,11,1,2,,8.91786,280,0,0.130528,77,0,6.33333,,0,0,0,0,0,0,0,0,0,,240,240,,0,0,0,0
1613675983581,6,1010123456026,72,,1,2,11,1,2,,6.29268,369,0,0.153536,110,0,5.66667,,0,0,0,0,0,0,0,0,0,,363,399,,0,0,0,0
1613675983831,6,1010123456026,72,,1,2,11,1,2,,9.32456,228,0,0.119936,63,0,6.5,,0,0,0,0,0,0,0,0,0,,197,198,,0,0,0,0
1613675984080,6,1010123456026,72,,1,2,11,1,2,,6.95639,321,20,0.132691,91,0,6,,0.1,45,0,0.1,13,23.0769,0,2.81935,31,,299,312,,0,0,0,4.22222
1613675984331,6,1010123456026,72,,1,2,11,1,2,,9.88718,195,0,0.1184,59,0,7,,0,0,0,0,0,0,0,0,0,,173,177,,0,0,0,0
1613675984581,6,1010123456026,72,,1,2,11,1,2,,9.03719,242,0,0.115424,66,0,6.5,,0,0,0,0,0,0,0,0,0,,207,207,,0,0,0,0
1613675984831,6,1010123456026,72,,1,2,11,1,2,,9.8777,278,0,0.159488,82,0,7.4,,0,0,0,0,0,0,0,0,0,,242,246,,0,0,0,0
1613675985081,6,1010123456026,72,,1,2,11,1,2,,9.41538,260,34,0.1408,74,0,6.42857,,0.1,14,0,0.1,4,0,0,15.7705,31,,227,231,,0,0,0,1
1613675985331,6,1010123456026,72,,1,2,11,1,2,,9.516,250,0,0.14048,74,0,7.5,,0,0,0,0,0,0,0,0,0,,222,225,,0,0,0,0
1613675985581,6,1010123456026,72,,1,2,11,1,2,,8.91986,287,69,0.151712,85,0,6.66667,,0,0,0,0,0,0,0,0,0,,260,270,,0,0,0,0
1613675985831,6,1010123456026,72,,1,2,11,1,2,,10.0929,226,89,0.13952,67,0,7,,0,0,0,0,0,0,0,0,0,,197,201,,0,0,0,0
1613675986080,6,1010123456026,72,,1,2,11,1,2,,10.3571,182,0,0.0997269,47,0,7,,15,11,0,0,4,100,0,1.85242,0,,166,168,,0,0,0,10
1613675986330,6,1010123456026,72,,1,2,11,1,2,,5.10127,395,0,0.13449,118,0,5.33333,,0,0,0,0,0,0,0,0,0,,365,375,,0,0,0,0
1613675986581,6,1010123456026,72,,1,2,11,1,2,,7.81022,137,0,0.06096,43,0,6.5,,0,0,0,0,0,0,0,0,0,,123,123,,0,0,0,0
1613675986831,6,1010123456026,72,,1,2,11,1,2,,8.87967,241,0,0.12688,71,0,7.83333,,0,0,0,0,0,0,0,0,0,,211,213,,0,0,0,0
1613675987081,6,1010123456026,72,,1,2,11,1,2,,10.129,217,0,0.121152,61,0,7.14286,,0.1,13,0,0.1,4,25,0,1.46005,31,,186,186,,0,0,0,3.61538
1613675987331,6,1010123456026,72,,1,2,11,1,2,,9.70647,201,0,0.119168,60,0,7,,0,0,0,0,0,0,0,0,0,,175,177,,0,0,0,0
1613675987581,6,1010123456026,72,,1,2,11,1,2,,8.74444,270,0,0.125888,75,0,6.66667,,0,0,0,0,0,0,0,0,0,,231,231,,0,0,0,0
1613675987831,6,1010123456026,72,,1,2,11,1,2,,9.525,160,87,0.088576,46,0,6.66667,,0,0,0,0,0,0,0,0,0,,141,141,,0,0,0,0
1613675988080,6,1010123456026,72,,1,2,11,1,2,,8.04245,212,0,0.0912771,60,0,6.14286,,0.1,10,0,0.1,3,0,0,2.00104,31,,189,189,,0,0,0,1.8
1613675988330,6,1010123456026,72,,1,2,11,1,2,,6.78235,340,0,0.149301,99,0,6.33333,,0,0,0,0,0,0,0,0,0,,319,345,,0,0,0,0
1613675988580,6,1010123456026,72,,1,2,11,1,2,,6.52644,416,158,0.167004,119,0,5.83333,,0,0,0,0,0,0,0,0,0,,404,435,,0,0,0,0
1613675988831,6,1010123456026,72,,1,2,11,1,2,,9.4902,204,50,0.119168,63,0,6.33333,,0,0,0,0,0,0,0,0,0,,183,183,,0,0,0,0
1613675989081,6,1010123456026,72,,1,2,11,1,2,,7.13916,309,209,0.131264,86,0,5.85714,,1.14286,42,0,0.1,12,0,0,8.47084,31,,306,333,,0,0,0,1.33333
1613675989331,6,1010123456026,72,,1,2,11,1,2,,8.92553,282,87,0.148064,84,0,6.66667,,0,0,0,0,0,0,0,0,0,,245,249,,0,0,0,0
1613675989582,6,1010123456026,72,,1,2,11,1,2,,8.46642,268,20,0.124494,73,0,6.66667,,0,0,0,0,0,0,0,0,0,,244,255,,0,0,0,0
1613675989831,6,1010123456026,72,,1,2,11,1,2,,8.9869,229,0,0.132498,68,0,6.66667,,0,0,0,0,0,0,0,0,0,,196,198,,0,0,0,0
1613675990081,6,1010123456026,72,,1,2,11,1,2,,10.4011,182,0,0.11552,55,0,7,,0.1,18,0,0.1,5,20,0,1.91061,31,,160,162,,0,0,0,3.16667
1613675990330,6,1010123456026,72,,1,2,11,1,2,,9.60667,150,0,0.0759518,42,0,7,,0,0,0,0,0,0,0,0,0,,132,132,,0,0,0,0
1613675990580,6,1010123456026,72,,1,2,11,1,2,,12.1274,157,0,0.101815,41,0,7,,0,0,0,0,0,0,0,0,0,,136,138,,0,0,0,0
1613675990830,6,1010123456026,72,,1,2,11,1,2,,10.549,204,0,0.143904,63,0,7.83333,,0,0,0,0,0,0,0,0,0,,175,177,,0,0,0,0
1613675991081,6,1010123456026,72,,1,2,11,1,2,,7.20408,245,0,0.09216,66,0,6,,14.2857,35,0,0.1,12,66.6667,0,12.3915,31,,228,234,,0,0,0,6.65714
1613675991331,6,1010123456026,72,,1,2,11,1,2,,6.7665,197,0,0.081376,64,0,6.16667,,0,0,0,0,0,0,0,0,0,,172,174,,0,0,0,0
1613675991581,6,1010123456026,72,,1,2,11,1,2,,7.84049,326,0,0.138176,91,0,5.66667,,0,0,0,0,0,0,0,0,0,,299,303,,0,0,0,0
1613675991831,6,1010123456026,72,,1,2,11,1,2,,10.6455,220,0,0.12912,61,0,7.16667,,0,0,0,0,0,0,0,0,0,,194,198,,0,0,0,0
1613675992081,6,1010123456026,72,,1,2,11,1,2,,6.79331,329,97,0.145024,93,0,5.85714,,5.25532,47,0,0.1,13,61.5385,0,5.56831,31,,290,300,,0,0,0,6.74468
1613675992331,6,1010123456026,72,,1,2,11,1,2,,7.85441,261,0,0.124544,80,0,6.33333,,0,0,0,0,0,0,0,0,0,,230,234,,0,0,0,0
1613675992580,6,1010123456026,72,,1,2,11,1,2,,8.76271,177,0,0.0822811,48,0,6.66667,,0,0,0,0,0,0,0,0,0,,150,150,,0,0,0,0
1613675992830,6,1010123456026,72,,1,2,11,1,2,,9.58636,220,0,0.125044,66,0,6.5,,0,0,0,0,0,0,0,0,0,,190,192,,0,0,0,0
1613675993081,6,1010123456026,72,,1,2,11,1,2,,9.16304,184,0,0.102656,53,0,6.71429,,0.1,34,0,0.1,10,0,0,7.61808,31,,165,174,,0,0,0,2.08824
1613675993331,6,1010123456026,72,,1,2,11,1,2,,9.7457,291,0,0.166976,82,0,6.83333,,0,0,0,0,0,0,0,0,0,,262,276,,0,0,0,0
1613675993581,6,1010123456026,72,,1,2,11,1,2,,6.49219,256,0,0.1104,73,0,7,,0,0,0,0,0,0,0,0,0,,239,261,,0,0,0,0
1613675993831,6,1010123456026,72,,1,2,11,1,2,,9.67582,182,0,0.115648,53,0,6.8,,0,0,0,0,0,0,0,0,0,,156,162,,0,0,0,0
1613675994081,6,1010123456026,72,,1,2,11,1,2,,9.02985,201,110,0.106336,60,0,6.28571,,3.95455,22,0,0.1,7,57.1429,0,9.93841,31,,181,183,,0,0,0,6.18182
1613675994331,6,1010123456026,72,,1,2,11,1,2,,7.84519,239,0,0.10464,71,0,6.5,,0,0,0,0,0,0,0,0,0,,210,210,,0,0,0,0
1613675994581,6,1010123456026,72,,1,2,11,1,2,,8.49138,232,204,0.098976,59,0,6.5,,0,0,0,0,0,0,0,0,0,,211,213,,0,0,0,0
1613675994830,6,1010123456026,72,,1,2,11,1,2,,6.89196,398,0,0.166361,121,0,5.83333,,0,0,0,0,0,0,0,0,0,,354,366,,0,0,0,0
1613675995080,6,1010123456026,72,,1,2,11,1,2,,10.3027,261,29,0.146281,73,0,7,,15,14,0,0,4,100,0,1.7142,0,,232,234,,0,0,0,10
1613675995331,6,1010123456026,72,,1,2,11,1,2,,9.25,260,0,0.151904,79,0,6.33333,,0,0,0,0,0,0,0,0,0,,231,237,,0,0,0,0
1613675995581,6,1010123456026,72,,1,2,11,1,2,,10.6767,266,0,0.158784,75,0,7.16667,,0,0,0,0,0,0,0,0,0,,229,231,,0,0,0,0
1613675995831,6,1010123456026,72,,1,2,11,1,2,,7.09965,281,0,0.11344,83,0,5.83333,,0,0,0,0,0,0,0,0,0,,262,264,,0,0,0,0
1613675996081,6,1010123456026,72,,1,2,11,1,2,,9.83333,198,0,0.107456,52,0,6.83333,,0.1,11,0,0.1,3,0,0,1.07602,31,,178,186,,0,0,0,1.63636
1613675996331,6,1010123456026,72,,1,2,11,1,2,,9.72785,158,0,0.09648,50,0,6.83333,,0,0,0,0,0,0,0,0,0,,138,138,,0,0,0,0
1613675996581,6,1010123456026,72,,1,2,11,1,2,,6.87906,339,0,0.12832,93,0,5.83333,,0,0,0,0,0,0,0,0,0,,303,309,,0,0,0,0
1613675996831,6,1010123456026,72,,1,2,11,1,2,,10.2,175,0,0.107968,55,0,7,,0,0,0,0,0,0,0,0,0,,150,150,,0,0,0,0
1613675997080,6,1010123456026,72,,1,2,11,1,2,,9.41892,296,0,0.162313,84,0,6.71429,,0.1,29,0,0.1,8,25,0,4.4445,31,,264,270,,0,0,0,4.24138
1613675997330,6,1010123456026,72,,1,2,11,1,2,,7.33168,202,0,0.0883213,60,0,7,,0,0,0,0,0,0,0,0,0,,175,177,,0,0,0,0
1613675997581,6,1010123456026,72,,1,2,11,1,2,,9.36,250,0,0.140704,71,0,6.83333,,0,0,0,0,0,0,0,0,0,,222,234,,0,0,0,0
1613675997831,6,1010123456026,72,,1,2,11,1,2,,8.96644,298,0,0.1472,87,0,6.33333,,0,0,0,0,0,0,0,0,0,,264,264,,0,0,0,0
1613675998081,6,1010123456026,72,,1,2,11,1,2,,9.27064,218,0,0.121344,62,0,6.57143,,0,11,0,0,4,100,0,0,0,,205,210,,0,0,0,0
1613675998331,6,1010123456026,72,,1,2,11,1,2,,6.38041,439,0,0.158592,123,0,5.6,,0,0,0,0,0,0,0,0,0,,437,468,,0,0,0,0
1613675998581,6,1010123456026,72,,1,2,11,1,2,,6.65637,259,0,0.111392,78,0,5.4,,0,0,0,0,0,0,0,0,0,,242,249,,0,0,0,0
1613675998831,6,1010123456026,72,,1,2,11,1,2,,7.43831,308,0,0.124352,86,0,5.66667,,0,0,0,0,0,0,0,0,0,,266,270,,0,0,0,0
1613675999080,6,1010123456026,72,,1,2,11,1,2,,9.72897,214,0,0.10959,57,0,6.71429,,0.1,14,0,0.1,4,0,0,7.74896,31,,185,189,,0,0,0,1
1613675999330,6,1010123456026,72,,1,2,11,1,2,,7.84898,245,0,0.114185,71,0,6.5,,0,0,0,0,0,0,0,0,0,,213,219,,0,0,0,0
1613675999580,6,1010123456026,72,,1,2,11,1,2,,9.21484,256,0,0.137317,74,0,6.4,,0,0,0,0,0,0,0,0,0,,226,231,,0,0,0,0
1613675999831,6,1010123456026,72,,1,2,11,1,2,,9.52414,290,0,0.169792,84,0,7,,0,0,0,0,0,0,0,0,0,,254,264,,0,0,0,0
1613676000081,6,1010123456026,72,,1,2,11,1,2,,10.0596,151,20,0.0904,47,0,6.71429,,8,24,0,0.1,7,57.1429,0,4.73181,31,,135,135,,0,0,0,7
1613676000331,6,1010123456026,72,,1,2,11,1,2,,10.1435,209,0,0.118048,59,0,7.16667,,0,0,0,0,0,0,0,0,0,,181,183,,0,0,0,0
1613676000581,6,1010123456026,72,,1,2,11,1,2,,9.60103,193,0,0.108736,56,0,6.83333,,0,0,0,0,0,0,0,0,0,,169,171,,0,0,0,0
1613676000830,6,1010123456026,72,,1,2,11,1,2,,6.74825,286,248,0.120129,76,0,5.66667,,0,0,0,0,0,0,0,0,0,,252,258,,0,0,0,0
1613676001080,6,1010123456026,72,,1,2,11,1,2,,8.3374,246,0,0.116369,78,0,7,,8.63158,38,0,0.1,11,72.7273,0,4.55434,31,,216,216,,0,0,0,7.63158
1613676001330,6,1010123456026,72,,1,2,11,1,2,,9.7,210,89,0.124723,62,0,6.5,,0,0,0,0,0,0,0,0,0,,185,189,,0,0,0,0
1613676001580,6,1010123456026,72,,1,2,11,1,2,,8.8894,217,0,0.108723,62,0,6.66667,,0,0,0,0,0,0,0,0,0,,183,183,,0,0,0,0
1613676001831,6,1010123456026,72,,1,2,11,1,2,,10.2409,220,0,0.138944,63,0,7,,0,0,0,0,0,0,0,0,0,,196,204,,0,0,0,0
1613676002081,6,1010123456026,72,,1,2,11,1,2,,9.99415,171,0,0.102592,52,0,6.85714,,12.3889,18,0,0.1,6,66.6667,0,14.5494,31,,160,162,,0,0,0,6.5
1613676002331,6,1010123456026,72,,1,2,11,1,2,,10.9516,124,18,0.074688,34,0,7.33333,,0,0,0,0,0,0,0,0,0,,108,108,,0,0,0,0
1613676002581,6,1010123456026,72,,1,2,11,1,2,,9.35931,231,0,0.129472,67,0,6.66667,,0,0,0,0,0,0,0,0,0,,200,204,,0,0,0,0
1613676002831,6,1010123456026,72,,1,2,11,1,2,,7.51073,233,0,0.099616,67,0,6,,0,0,0,0,0,0,0,0,0,,203,207,,0,0,0,0
1613676003080,6,1010123456026,72,,1,2,11,1,2,,8.90102,293,0,0.152835,84,0,6.42857,,1.14286,14,0,0.1,4,0,0,1.446,31,,272,282,,0,0,0,2.85714
1613676003331,6,1010123456026,72,,1,2,11,1,2,,8.41861,258,0,0.125024,73,0,6.33333,,0,0,0,0,0,0,0,0,0,,225,231,,0,0,0,0
1613676003580,6,1010123456026,72,,1,2,11,1,2,,9.96907,194,0,0.113574,57,0,7,,0,0,0,0,0,0,0,0,0,,175,177,,0,0,0,0
1613676003830,6,1010123456026,72,,1,2,11,1,2,,8.30387,181,0,0.0876145,51,0,6.83333,,0,0,0,0,0,0,0,0,0,,161,165,,0,0,0,0
1613676004081,6,1010123456026,72,,1,2,11,1,2,,9.81752,137,0,0.076032,39,0,7.14286,,0.1,11,0,0.1,3,0,0,12.6728,31,,118,120,,0,0,0,1.27273
1613676004331,6,1010123456026,72,,1,2,11,1,2,,10.602,201,0,0.123008,58,0,7.5,,0,0,0,0,0,0,0,0,0,,175,177,,0,0,0,0
1613676004581,6,1010123456026,72,,1,2,11,1,2,,8.39216,204,0,0.098432,58,0,6,,0,0,0,0,0,0,0,0,0,,188,198,,0,0,0,0
1613676004831,6,1010123456026,72,,1,2,11,1,2,,7.8429,331,0,0.142272,91,0,6.33333,,0,0,0,0,0,0,0,0,0,,288,297,,0,0,0,0
1613676005081,6,1010123456026,72,,1,2,11,1,2,,10.3218,174,0,0.108384,52,0,7.28571,,0.1,10,0,0.1,3,0,0,1.45282,31,,150,150,,0,0,0,2.1
1613676005330,6,1010123456026,72,,1,2,11,1,2,,9.79085,306,20,0.163213,84,0,7.16667,,0,0,0,0,0,0,0,0,0,,268,273,,0,0,0,0
1613676005580,6,1010123456026,72,,1,2,11,1,2,,10.2828,198,158,0.12906,62,0,7,,0,0,0,0,0,0,0,0,0,,173,177,,0,0,0,0
1613676005830,6,1010123456026,72,,1,2,11,1,2,,9.89041,146,0,0.0811566,39,0,7.16667,,0,0,0,0,0,0,0,0,0,,127,129,,0,0,0,0
1613676006080,6,1010123456026,72,,1,2,11,1,2,,9.27632,152,158,0.0849157,47,0,6.85714,,0.1,34,0,0.1,10,0,0,4.74118,31,,135,135,,0,0,0,1.82353
1613676006331,6,1010123456026,72,,1,2,11,1,2,,9.89247,186,58,0.10448,53,0,6.5,,0,0,0,0,0,0,0,0,0,,162,162,,0,0,0,0
1613676006581,6,1010123456026,72,,1,2,11,1,2,,8.69167,240,105,0.114784,69,0,6.5,,0,0,0,0,0,0,0,0,0,,204,204,,0,0,0,0
1613676006831,6,1010123456026,72,,1,2,11,1,2,,8.944,375,0,0.19952,105,0,6.5,,0,0,0,0,0,0,0,0,0,,340,357,,0,0,0,0
1613676007080,6,1010123456026,72,,1,2,11,1,2,,11.3176,170,158,0.117976,52,0,7.28571,,6.62069,29,0,0.1,9,44.4444,0,8.99942,31,,148,150,,0,0,0,4.72414
1613676007330,6,1010123456026,72,,1,2,11,1,2,,10.0961,229,0,0.121157,60,0,7.16667,,0,0,0,0,0,0,0,0,0,,195,195,,0,0,0,0
1613676007580,6,1010123456026,72,,1,2,11,1,2,,7.54822,197,0,0.0811566,57,0,5.83333,,0,0,0,0,0,0,0,0,0,,169,171,,0,0,0,0
1613676007830,6,1010123456026,72,,1,2,11,1,2,,6.40714,280,0,0.123534,82,0,5.83333,,0,0,0,0,0,0,0,0,0,,303,333,,0,0,0,0
1613676008080,6,1010123456026,72,,1,2,11,1,2,,9.2408,299,69,0.166908,87,0,6.71429,,9.45455,22,0,0.1,7,57.1429,0,5.60118,31,,264,273,,0,0,0,6.31818
1613676008330,6,1010123456026,72,,1,2,11,1,2,,9.26568,271,0,0.146859,78,0,6.66667,,0,0,0,0,0,0,0,0,0,,233,237,,0,0,0,0
1613676008581,6,1010123456026,72,,1,2,11,1,2,,9.26961,204,20,0.096832,54,0,6.5,,0,0,0,0,0,0,0,0,0,,178,180,,0,0,0,0
1613676008830,6,1010123456026,72,,1,2,11,1,2,,7.8871,310,0,0.148466,89,0,6,,0,0,0,0,0,0,0,0,0,,280,291,,0,0,0,0
1613676009081,6,1010123456026,72,,1,2,11,1,2,,7.96196,184,0,0.093216,57,0,6.42857,,0.1,13,0,0.1,4,0,0,16.2752,31,,166,168,,0,0,0,1.23077
1613676009331,6,1010123456026,72,,1,2,11,1,2,,2.91076,437,0,0.095072,126,0,4.5,,0,0,0,0,0,0,0,0,0,,469,525,,0,0,0,0
1613676009580,6,1010123456026,72,,1,2,11,1,2,,9.51852,216,0,0.116209,63,0,7,,0,0,0,0,0,0,0,0,0,,186,186,,0,0,0,0
1613676009830,6,1010123456026,72,,1,2,11,1,2,,8.90547,201,0,0.0981526,55,0,7.16667,,0,0,0,0,0,0,0,0,0,,185,189,,0,0,0,0
1613676010080,6,1010123456026,72,,1,2,11,1,2,,9.73148,216,0,0.118618,59,0,6.71429,,0,12,0,0,4,100,0,0,0,,192,195,,0,0,0,0
1613676010330,6,1010123456026,72,,1,2,11,1,2,,8.67556,225,0,0.11939,68,0,6.5,,0,0,0,0,0,0,0,0,0,,197,201,,0,0,0,0
1613676010581,6,1010123456026,72,,1,2,11,1,2,,8.9641,195,0,0.108864,59,0,6.83333,,0,0,0,0,0,0,0,0,0,,171,177,,0,0,0,0
1613676010831,6,1010123456026,72,,1,2,11,1,2,,8.26562,320,0,0.153056,91,0,6.33333,,0,0,0,0,0,0,0,0,0,,280,288,,0,0,0,0
1613676011081,6,1010123456026,72,,1,2,11,1,2,,9.47787,226,0,0.124224,66,0,7.14286,,4.13636,44,0,0.1,13,53.8462,0,6.14835,31,,199,201,,0,0,0,6.04545
1613676011331,6,1010123456026,72,,1,2,11,1,2,,8.69708,274,210,0.137696,71,0,6.16667,,0,0,0,0,0,0,0,0,0,,240,243,,0,0,0,0
1613676011580,6,1010123456026,72,,1,2,11,1,2,,5.9581,358,0,0.133237,109,0,6.16667,,0,0,0,0,0,0,0,0,0,,316,333,,0,0,0,0
1613676011830,6,1010123456026,72,,1,2,11,1,2,,8.6902,255,0,0.128,72,0,7.16667,,0,0,0,0,0,0,0,0,0,,232,234,,0,0,0,0
1613676012080,6,1010123456026,72,,1,2,11,1,2,,8.74089,247,315,0.126201,72,0,6.71429,,15,14,0,0,4,100,0,1.74621,0,,214,216,,0,0,0,10
1613676012330,6,1010123456026,72,,1,2,11,1,2,,8.59044,293,0,0.143871,80,0,6,,0,0,0,0,0,0,0,0,0,,258,264,,0,0,0,0
1613676012580,6,1010123456026,72,,1,2,11,1,2,,8.07812,384,0,0.181655,112,0,6.5,,0,0,0,0,0,0,0,0,0,,334,342,,0,0,0,0
1613676012831,6,1010123456026,72,,1,2,11,1,2,,8.84802,329,158,0.178912,97,0,6,,0,0,0,0,0,0,0,0,0,,302,309,,0,0,0,0
1613676013081,6,1010123456026,72,,1,2,11,1,2,,9.69652,201,126,0.113504,56,0,6.85714,,14.7119,59,0,0.1,21,76.1905,0,8.83523,31,,188,198,,0,0,0,7.71186
1613676013331,6,1010123456026,72,,1,2,11,1,2,,6.9319,279,0,0.11664,82,0,6.5,,0,0,0,0,0,0,0,0,0,,253,255,,0,0,0,0
1613676013581,6,1010123456026,72,,1,2,11,1,2,,8.84579,214,0,0.113856,62,0,6.83333,,0,0,0,0,0,0,0,0,0,,189,195,,0,0,0,0
1613676013831,6,1010123456026,72,,1,2,11,1,2,,9.00943,212,135,0.108736,60,0,6.6,,0,0,0,0,0,0,0,0,0,,189,195,,0,0,0,0
1613676014080,6,1010123456026,72,,1,2,11,1,2,,8.60741,270,74,0.12604,73,0,6.14286,,0.1,13,0,0.1,4,0,0,9.32043,31,,244,246,,0,0,0,1.23077
1613676014330,6,1010123456026,72,,1,2,11,1,2,,9.61307,199,0,0.119775,63,0,7.16667,,0,0,0,0,0,0,0,0,0,,169,171,,0,0,0,0
1613676014580,6,1010123456026,72,,1,2,11,1,2,,7.0974,308,225,0.12151,81,0,5.83333,,0,0,0,0,0,0,0,0,0,,276,288,,0,0,0,0
1613676014830,6,1010123456026,72,,1,2,11,1,2,,7.56923,260,58,0.111261,77,0,6,,0,0,0,0,0,0,0,0,0,,234,240,,0,0,0,0
1613676015081,6,1010123456026,72,,1,2,11,1,2,,9.62687,134,0,0.0832,44,0,6.85714,,7.22,50,0,0.1,15,80,0,8.09684,31,,124,126,,0,0,0,8.02
1613676015331,6,1010123456026,72,,1,2,11,1,2,,9.44309,246,0,0.143486,73,0,6.66667,,0,0,0,0,0,0,0,0,0,,217,219,,0,0,0,0
1613676015581,6,1010123456026,72,,1,2,11,1,2,,9.39205,176,0,0.091904,50,0,8.33333,,0,0,0,0,0,0,0,0,0,,153,153,,0,0,0,0
1613676015831,6,1010123456026,72,,1,2,11,1,2,,9.71098,173,0,0.107776,51,0,6.5,,0,0,0,0,0,0,0,0,0,,152,156,,0,0,0,0
1613676016080,6,1010123456026,72,,1,2,11,1,2,,10.2043,230,158,0.139952,65,0,7,,0.1,26,0,0.1,7,28.5714,0,1.67387,31,,207,213,,0,0,0,4.30769
1613676016331,6,1010123456026,72,,1,2,11,1,2,,5.62338,231,0,0.09952,68,0,6.83333,,0,0,0,0,0,0,0,0,0,,259,294,,0,0,0,0
1613676016580,6,1010123456026,72,,1,2,11,1,2,,9.08284,169,0,0.0875823,49,0,6.66667,,0,0,0,0,0,0,0,0,0,,147,147,,0,0,0,0
1613676016830,6,1010123456026,72,,1,2,11,1,2,,5.83209,268,0,0.100691,77,0,6.5,,0,0,0,0,0,0,0,0,0,,245,255,,0,0,0,0
1613676017080,6,1010123456026,72,,1,2,11,1,2,,9.97368,152,0,0.0918876,45,0,7,,0.1,10,0,0.1,3,0,0,9.85831,31,,137,141,,0,0,0,1.4
1613676017331,6,1010123456026,72,,1,2,11,1,2,,10.2321,168,0,0.096832,48,0,6.66667,,0,0,0,0,0,0,0,0,0,,144,144,,0,0,0,0
1613676017581,6,1010123456026,72,,1,2,11,1,2,,8.71958,189,0,0.092384,54,0,7.83333,,0,0,0,0,0,0,0,0,0,,162,162,,0,0,0,0
1613676017831,6,1010123456026,72,,1,2,11,1,2,,7.28606,416,0,0.171232,120,0,6.16667,,0,0,0,0,0,0,0,0,0,,373,378,,0,0,0,0
1613676018080,6,1010123456026,72,,1,2,11,1,2,,9.75,68,0,0.0376867,20,0,6.85714,,8.59091,22,0,0.1,7,57.1429,0,8.80541,31,,60,60,,0,0,0,7.54545
1613676018330,6,1010123456026,72,,1,2,11,1,2,,7.77709,323,0,0.134811,91,0,6,,0,0,0,0,0,0,0,0,0,,288,288,,0,0,0,0
1613676018580,6,1010123456026,72,,1,2,11,1,2,,8.54576,295,256,0.142394,79,0,6.33333,,0,0,0,0,0,0,0,0,0,,272,282,,0,0,0,0
1613676018830,6,1010123456026,72,,1,2,11,1,2,,7.52455,387,0,0.189205,121,0,6,,0,0,0,0,0,0,0,0,0,,362,378,,0,0,0,0
1613676019081,6,1010123456026,72,,1,2,11,1,2,,9.28019,207,0,0.102336,54,0,6.42857,,0.1,17,0,0.1,5,0,0,1.19823,31,,182,186,,0,0,0,2.35294
1613676019331,6,1010123456026,72,,1,2,11,1,2,,6.04615,195,0,0.078752,63,0,5.66667,,0,0,0,0,0,0,0,0,0,,178,180,,0,0,0,0
1613676019581,6,1010123456026,72,,1,2,11,1,2,,8.79487,195,184,0.092896,56,0,6.66667,,0,0,0,0,0,0,0,0,0,,176,180,,0,0,0,0
1613676019831,6,1010123456026,72,,1,2,11,1,2,,9.24752,202,135,0.102656,55,0,6.66667,,0,0,0,0,0,0,0,0,0,,178,180,,0,0,0,0
1613676020081,6,1010123456026,72,,1,2,11,1,2,,8.73518,253,0,0.129824,76,0,6.42857,,0.1,11,0,0.1,3,0,0,1.63748,31,,228,228,,0,0,0,2.18182
1613676020330,6,1010123456026,72,,1,2,11,1,2,,9.5336,253,0,0.143871,78,0,6.83333,,0,0,0,0,0,0,0,0,0,,223,225,,0,0,0,0
1613676020580,6,1010123456026,72,,1,2,11,1,2,,8.50488,307,0,0.142265,86,0,6.5,,0,0,0,0,0,0,0,0,0,,271,273,,0,0,0,0
1613676020830,6,1010123456026,72,,1,2,11,1,2,,9.8716,257,0,0.156948,78,0,6.83333,,0,0,0,0,0,0,0,0,0,,227,231,,0,0,0,0
1613676021080,6,1010123456026,72,,1,2,11,1,2,,8.75581,258,0,0.126233,73,0,6.71429,,9.19231,52,0,0.1,15,80,0,5.78804,31,,236,240,,0,0,0,8
1613676021330,6,1010123456026,72,,1,2,11,1,2,,10.0727,220,20,0.124884,64,0,6.66667,,0,0,0,0,0,0,0,0,0,,195,195,,0,0,0,0
1613676021581,6,1010123456026,72,,1,2,11,1,2,,9.84727,275,0,0.155264,78,0,7.16667,,0,0,0,0,0,0,0,0,0,,238,240,,0,0,0,0
1613676021831,6,1010123456026,72,,1,2,11,1,2,,10.3036,224,0,0.139392,66,0,7.66667,,0,0,0,0,0,0,0,0,0,,191,195,,0,0,0,0
1613676022081,6,1010123456026,72,,1,2,11,1,2,,10.3316,196,0,0.107104,52,0,7.42857,,0.1,15,0,0.1,4,25,0,1.85119,31,,171,171,,0,0,0,4.13333
1613676022330,6,1010123456026,72,,1,2,11,1,2,,8.12274,277,0,0.137253,84,0,5.83333,,0,0,0,0,0,0,0,0,0,,239,243,,0,0,0,0
1613676022581,6,1010123456026,72,,1,2,11,1,2,,10.2599,277,0,0.16688,81,0,7.16667,,0,0,0,0,0,0,0,0,0,,249,252,,0,0,0,0
1613676022830,6,1010123456026,72,,1,2,11,1,2,,5.71638,409,158,0.143968,110,0,5.66667,,0,0,0,0,0,0,0,0,0,,392,414,,0,0,0,0
1613676023080,6,1010123456026,72,,1,2,11,1,2,,8.7658,269,0,0.148916,85,0,6.71429,,0.1,11,0,0.1,4,0,0,4.46452,31,,246,264,,0,0,0,1.36364
1613676023330,6,1010123456026,72,,1,2,11,1,2,,8.45935,246,0,0.122185,74,0,6.16667,,0,0,0,0,0,0,0,0,0,,224,228,,0,0,0,0
1613676023580,6,1010123456026,72,,1,2,11,1,2,,10.6425,207,0,0.128932,56,0,7.16667,,0,0,0,0,0,0,0,0,0,,179,183,,0,0,0,0
1613676023831,6,1010123456026,72,,1,2,11,1,2,,10.5115,174,0,0.107264,51,0,7.33333,,0,0,0,0,0,0,0,0,0,,151,153,,0,0,0,0
1613676024081,6,1010123456026,72,,1,2,11,1,2,,6.43367,392,0,0.1664,119,0,6.14286,,7.7,40,0,0.1,12,66.6667,0,5.52932,31,,377,399,,0,0,0,6.85
1613676024330,6,1010123456026,72,,1,2,11,1,2,,10.7745,204,0,0.14008,60,0,6.66667,,0,0,0,0,0,0,0,0,0,,191,201,,0,0,0,0
1613676024580,6,1010123456026,72,,1,2,11,1,2,,8.91339,254,0,0.12498,67,0,6.66667,,0,0,0,0,0,0,0,0,0,,221,225,,0,0,0,0
1613676024830,6,1010123456026,72,,1,2,11,1,2,,8.62745,204,0,0.0972209,60,0,6.83333,,0,0,0,0,0,0,0,0,0,,181,183,,0,0,0,0
1613676025080,6,1010123456026,72,,1,2,11,1,2,,10.6118,152,0,0.103004,44,0,7,,0.1,17,0,0.1,6,0,0,22.1661,31,,140,150,,0,0,0,1
1613676025330,6,1010123456026,72,,1,2,11,1,2,,3.35867,421,177,0.0966104,120,0,4.83333,,0,0,0,0,0,0,0,0,0,,383,393,,0,0,0,0
1613676025580,6,1010123456026,72,,1,2,11,1,2,,6.13669,278,0,0.101751,86,0,6.5,,0,0,0,0,0,0,0,0,0,,240,240,,0,0,0,0
1613676025830,6,1010123456026,72,,1,2,11,1,2,,10.1189,143,0,0.0860723,41,0,7.16667,,0,0,0,0,0,0,0,0,0,,126,129,,0,0,0,0
1613676026081,6,1010123456026,72,,1,2,11,1,2,,8.7265,234,20,0.108448,64,0,6.85714,,15,13,0,0,4,100,0,1.13007,0,,207,207,,0,0,0,10
1613676026331,6,1010123456026,72,,1,2,11,1,2,,10.0141,142,204,0.085984,42,0,6.66667,,0,0,0,0,0,0,0,0,0,,125,129,,0,0,0,0
1613676026581,6,1010123456026,72,,1,2,11,1,2,,9.64881,168,0,0.102464,51,0,7.16667,,0,0,0,0,0,0,0,0,0,,145,150,,0,0,0,0
1613676026830,6,1010123456026,72,,1,2,11,1,2,,7.74888,223,102,0.0942972,62,0,6.66667,,0,0,0,0,0,0,0,0,0,,200,204,,0,0,0,0
1613676027080,6,1010123456026,72,,1,2,11,1,2,,10.7284,162,0,0.107984,50,0,7.14286,,1.75,24,0,0.1,8,0,0,14.7476,31,,144,144,,0,0,0,1.08333
1613676027330,6,1010123456026,72,,1,2,11,1,2,,9.39423,208,0,0.108594,58,0,7.83333,,0,0,0,0,0,0,0,0,0,,181,186,,0,0,0,0
1613676027580,6,1010123456026,72,,1,2,11,1,2,,5.59145,421,0,0.172787,123,0,5.5,,0,0,0,0,0,0,0,0,0,,434,468,,0,0,0,0
1613676027830,6,1010123456026,72,,1,2,11,1,2,,4.91228,399,0,0.120739,114,0,5.5,,0,0,0,0,0,0,0,0,0,,377,399,,0,0,0,0
1613676028081,6,1010123456026,72,,1,2,11,1,2,,7.65018,283,0,0.131264,82,0,6.42857,,0.1,19,0,0.1,6,0,0,2.17279,31,,264,273,,0,0,0,1.42105
1613676028331,6,1010123456026,72,,1,2,11,1,2,,7.90236,297,158,0.141632,85,0,7.33333,,0,0,0,0,0,0,0,0,0,,269,279,,0,0,0,0
1613676028583,6,1010123456026,72,,1,2,11,1,2,,8.20849,259,0,0.114413,73,0,5.83333,,0,0,0,0,0,0,0,0,0,,222,222,,0,0,0,0
1613676028830,6,1010123456026,72,,1,2,11,1,2,,8.98054,257,47,0.132891,72,0,6.33333,,0,0,0,0,0,0,0,0,0,,237,243,,0,0,0,0
1613676029080,6,1010123456026,72,,1,2,11,1,2,,9.38265,196,0,0.10355,55,0,7.57143,,6.15385,39,0,0.1,11,72.7273,0,8.44501,31,,172,174,,0,0,0,7.69231
1613676029330,6,1010123456026,72,,1,2,11,1,2,,8.44403,268,52,0.126747,76,0,6.33333,,0,0,0,0,0,0,0,0,0,,242,246,,0,0,0,0
1613676029580,6,1010123456026,72,,1,2,11,1,2,,10.2527,186,20,0.108145,54,0,7.16667,,0,0,0,0,0,0,0,0,0,,157,159,,0,0,0,0
1613676029830,6,1010123456026,72,,1,2,11,1,2,,8.26064,188,121,0.0937831,54,0,6.33333,,0,0,0,0,0,0,0,0,0,,164,168,,0,0,0,0
1613676030081,6,1010123456026,72,,1,2,11,1,2,,8.97175,177,0,0.10224,59,0,6.71429,,0.1,11,0,0.1,3,0,0,11.4334,31,,163,165,,0,0,0,1.81818
1613676030331,6,1010123456026,72,,1,2,11,1,2,,9.37395,238,0,0.134496,69,0,6.83333,,0,0,0,0,0,0,0,0,0,,210,216,,0,0,0,0
1613676030580,6,1010123456026,72,,1,2,11,1,2,,9.50235,213,0,0.108016,56,0,6.66667,,0,0,0,0,0,0,0,0,0,,190,195,,0,0,0,0
1613676030831,6,1010123456026,72,,1,2,11,1,2,,9.75697,251,0,0.14528,75,0,6.6,,0,0,0,0,0,0,0,0,0,,221,225,,0,0,0,0
1613676031080,6,1010123456026,72,,1,2,11,1,2,,9.03571,196,0,0.10853,60,0,6.71429,,14.4158,101,0,0.110522,32,84.375,0,4.34145,31,,175,177,,0,0,0,8.39604
1613676031330,6,1010123456026,72,,1,2,11,1,2,,4.66479,355,151,0.0985703,95,0,5.66667,,0,0,0,0,0,0,0,0,0,,336,363,,0,0,0,0
1613676031580,6,1010123456026,72,,1,2,11,1,2,,8.57297,185,0,0.103904,61,0,7.83333,,0,0,0,0,0,0,0,0,0,,161,165,,0,0,0,0
1613676031830,6,1010123456026,72,,1,2,11,1,2,,11.204,201,118,0.123245,52,0,8,,0,0,0,0,0,0,0,0,0,,175,177,,0,0,0,0
1613676032080,6,1010123456026,72,,1,2,11,1,2,,10.2484,153,0,0.112867,51,0,6.14286,,0.1,14,0,0.1,4,0,0,14.5014,31,,139,147,,0,0,0,1.85714
1613676032330,6,1010123456026,72,,1,2,11,1,2,,6.89674,184,0,0.0829558,53,0,6.16667,,0,0,0,0,0,0,0,0,0,,181,198,,0,0,0,0
1613676032581,6,1010123456026,72,,1,2,11,1,2,,8.5,248,0,0.114528,69,0,6.8,,0,0,0,0,0,0,0,0,0,,223,225,,0,0,0,0
1613676032831,6,1010123456026,72,,1,2,11,1,2,,8.00787,254,0,0.115296,72,0,6.33333,,0,0,0,0,0,0,0,0,0,,230,234,,0,0,0,0
1613676033080,6,1010123456026,72,,1,2,11,1,2,,9.68231,277,0,0.157237,80,0,7,,15,16,0,0,4,100,0,1.91717,0,,241,243,,0,0,0,10
1613676033330,6,1010123456026,72,,1,2,11,1,2,,5.18677,257,69,0.106024,77,0,7.16667,,0,0,0,0,0,0,0,0,0,,297,324,,0,0,0,0
1613676033580,6,1010123456026,72,,1,2,11,1,2,,9.78696,230,68,0.12453,62,0,6.83333,,0,0,0,0,0,0,0,0,0,,203,207,,0,0,0,0
1613676033830,6,1010123456026,72,,1,2,11,1,2,,9.50345,145,0,0.0869719,45,0,6.5,,0,0,0,0,0,0,0,0,0,,123,123,,0,0,0,0
1613676034080,6,1010123456026,72,,1,2,11,1,2,,7.95876,194,113,0.0933012,59,0,6.28571,,6.48889,45,0,0.1,13,30.7692,0,10.2814,31,,174,174,,0,0,0,4.42222
1613676034330,6,1010123456026,72,,1,2,11,1,2,,8.85827,254,0,0.130635,73,0,6.33333,,0,0,0,0,0,0,0,0,0,,218,222,,0,0,0,0
1613676034580,6,1010123456026,72,,1,2,11,1,2,,8.11111,234,84,0.11502,66,0,7,,0,0,0,0,0,0,0,0,0,,210,216,,0,0,0,0
1613676034830,6,1010123456026,72,,1,2,11,1,2,,9.048,250,0,0.141398,74,0,6.66667,,0,0,0,0,0,0,0,0,0,,229,243,,0,0,0,0
1613676035081,6,1010123456026,72,,1,2,11,1,2,,9.00769,130,0,0.07072,40,0,6.57143,,16,13,0,0,4,100,0,1.60215,0,,124,126,,0,0,0,10
1613676035331,6,1010123456026,72,,1,2,11,1,2,,3.76125,289,0,0.081184,84,0,5,,0,3,0,0,1,100,0,0,0,,286,330,,0,0,0,0
1613676035580,6,1010123456026,72,,1,2,11,1,2,,9.42593,162,0,0.0871647,47,0,6.83333,,0.1,7,0,0.1,2,0,0,1.98062,31,,142,144,,0,0,0,1.42857
1613676035830,6,1010123456026,72,,1,2,11,1,2,,6.96567,233,0,0.0944578,68,0,6.16667,,0,0,0,0,0,0,0,0,0,,214,216,,0,0,0,0
1613676036080,6,1010123456026,72,,1,2,11,1,2,,9.12572,175,0,0.093012,52,0,7,,0.1,10,0,0.1,3,0,0,21.1361,31,,156,156,,0,0,0,1.3
1613676036330,6,1010123456026,72,,1,2,11,1,2,,8.94141,256,89,0.125333,72,0,5.66667,,0,0,0,0,0,0,0,0,0,,226,228,,0,0,0,0
1613676036580,6,1010123456026,72,,1,2,11,1,2,,9.55897,195,0,0.102554,52,0,6.66667,,0,0,0,0,0,0,0,0,0,,168,168,,0,0,0,0
1613676036831,6,1010123456026,72,,1,2,11,1,2,,9.85156,128,0,0.080704,41,0,6.66667,,0,0,0,0,0,0,0,0,0,,113,117,,0,0,0,0
1613676037080,6,1010123456026,72,,1,2,11,1,2,,9.75,160,0,0.0818956,44,0,7,,15,14,0,0,4,100,0,0.630972,0,,144,144,,0,0,0,10
1613676037331,6,1010123456026,72,,1,2,11,1,2,,6.71428,196,0,0.083456,59,0,5.33333,,0,0,0,0,0,0,0,0,0,,185,189,,0,0,0,0
1613676037580,6,1010123456026,72,,1,2,11,1,2,,9.51744,172,0,0.092498,50,0,6.83333,,0,0,0,0,0,0,0,0,0,,150,150,,0,0,0,0
1613676037830,6,1010123456026,72,,1,2,11,1,2,,5.77389,429,0,0.157815,126,0,5.5,,0,0,0,0,0,0,0,0,0,,394,423,,0,0,0,0
1613676038080,6,1010123456026,72,,1,2,11,1,2,,11.6933,163,0,0.107213,45,0,7.57143,,0.1,10,0,0.1,3,0,0,9.86116,31,,142,144,,0,0,0,1
1613676038330,6,1010123456026,72,,1,2,11,1,2,,8.82377,244,158,0.123984,69,0,6.5,,0,0,0,0,0,0,0,0,0,,207,207,,0,0,0,0
1613676038580,6,1010123456026,72,,1,2,11,1,2,,9.37019,208,19,0.109944,57,0,6.83333,,0,0,0,0,0,0,0,0,0,,178,180,,0,0,0,0
1613676038830,6,1010123456026,72,,1,2,11,1,2,,10.2622,225,12,0.129382,64,0,7.16667,,0,0,0,0,0,0,0,0,0,,207,213,,0,0,0,0
1613676039081,6,1010123456026,72,,1,2,11,1,2,,8.11111,234,105,0.121792,71,0,6.71429,,0.1,14,0,0.1,4,0,0,15.7977,31,,213,213,,0,0,0,1
1613676039330,6,1010123456026,72,,1,2,11,1,2,,9.0765,183,0,0.0932048,55,0,6,,0,0,0,0,0,0,0,0,0,,163,165,,0,0,0,0
1613676039580,6,1010123456026,72,,1,2,11,1,2,,8,229,0,0.108145,69,0,6,,0,0,0,0,0,0,0,0,0,,210,213,,0,0,0,0
1613676039830,6,1010123456026,72,,1,2,11,1,2,,9.26636,214,178,0.119133,57,0,6.5,,0,0,0,0,0,0,0,0,0,,190,198,,0,0,0,0
1613676040080,6,1010123456026,72,,1,2,11,1,2,,6.98827,341,0,0.14988,104,0,5.85714,,16,13,0,0,4,100,0,2.39806,0,,329,342,,0,0,0,10
1613676040330,6,1010123456026,72,,1,2,11,1,2,,7.94071,253,89,0.110265,72,0,6.5,,0,0,0,0,0,0,0,0,0,,219,219,,0,0,0,0
1613676040580,6,1010123456026,72,,1,2,11,1,2,,9.83817,241,0,0.139823,69,0,7.16667,,0,0,0,0,0,0,0,0,0,,210,216,,0,0,0,0
1613676040830,6,1010123456026,72,,1,2,11,1,2,,10.7565,193,0,0.139277,57,0,7.16667,,0,0,0,0,0,0,0,0,0,,173,186,,0,0,0,0
1613676041080,6,1010123456026,72,,1,2,11,1,2,,10.2472,267,0,0.159904,75,0,7.14286,,8.13889,36,0,0.1,11,72.7273,0,3.86287,31,,232,237,,0,0,0,7.5
1613676041330,6,1010123456026,72,,1,2,11,1,2,,8.90909,297,0,0.154827,87,0,6.33333,,0,0,0,0,0,0,0,0,0,,265,267,,0,0,0,0
1613676041581,6,1010123456026,72,,1,2,11,1,2,,8.46828,331,273,0.155456,88,0,6,,0,0,0,0,0,0,0,0,0,,303,315,,0,0,0,0
1613676041830,6,1010123456026,72,,1,2,11,1,2,,7.72598,281,23,0.129189,84,0,6.5,,0,0,0,0,0,0,0,0,0,,247,255,,0,0,0,0
1613676042080,6,1010123456026,72,,1,2,11,1,2,,8.42574,202,158,0.0879036,53,0,6.57143,,0.1,10,0,0.1,3,0,0,11.3981,31,,171,171,,0,0,0,1
1613676042330,6,1010123456026,72,,1,2,11,1,2,,7.75269,279,0,0.132884,88,0,6.16667,,0,0,0,0,0,0,0,0,0,,244,246,,0,0,0,0
1613676042580,6,1010123456026,72,,1,2,11,1,2,,8.98905,274,0,0.133944,73,0,6.33333,,0,0,0,0,0,0,0,0,0,,237,243,,0,0,0,0
1613676042830,6,1010123456026,72,,1,2,11,1,2,,9.46123,245,0,0.143261,72,0,7,,0,0,0,0,0,0,0,0,0,,214,222,,0,0,0,0
1613676043080,6,1010123456026,72,,1,2,11,1,2,,9.38683,243,0,0.140691,73,0,6.71429,,15,19,0,0.1,6,66.6667,0,10.7123,31,,213,219,,0,0,0,6.68421
1613676043330,6,1010123456026,72,,1,2,11,1,2,,10.1675,197,0,0.113349,56,0,7.5,,0,0,0,0,0,0,0,0,0,,168,168,,0,0,0,0
1613676043580,6,1010123456026,72,,1,2,11,1,2,,6.7194,335,99,0.166811,91,0,6,,0,0,0,0,0,0,0,0,0,,454,502,,0,0,0,0
1613676043830,6,1010123456026,72,,1,2,11,1,2,,6.43023,430,0,0.169574,126,0,6,,0,0,0,0,0,0,0,0,0,,400,432,,0,0,0,0
1613676044080,6,1010123456026,72,,1,2,11,1,2,,9.82778,180,89,0.102715,54,0,7,,0.1,15,0,0.1,4,0,0,3.05723,31,,156,156,,0,0,0,1
1613676044330,6,1010123456026,72,,1,2,11,1,2,,8.17033,182,0,0.0822811,51,0,6,,0,0,0,0,0,0,0,0,0,,163,165,,0,0,0,0
1613676044580,6,1010123456026,72,,1,2,11,1,2,,9.78363,171,0,0.0966747,48,0,6.83333,,0,0,0,0,0,0,0,0,0,,148,150,,0,0,0,0
1613676044830,6,1010123456026,72,,1,2,11,1,2,,8.61413,184,0,0.0871647,51,0,6.66667,,0,0,0,0,0,0,0,0,0,,156,156,,0,0,0,0
1613676045080,6,1010123456026,72,,1,2,11,1,2,,8.36332,289,0,0.137928,84,0,6.71429,,0.1,11,0,0.1,3,0,0,1.46805,31,,256,261,,0,0,0,1
1613676045330,6,1010123456026,72,,1,2,11,1,2,,9.23611,216,0,0.120064,64,0,6.5,,0,0,0,0,0,0,0,0,0,,187,189,,0,0,0,0
1613676045581,6,1010123456026,72,,1,2,11,1,2,,10.529,155,111,0.091584,42,0,6.83333,,0,0,0,0,0,0,0,0,0,,139,141,,0,0,0,0
1613676045830,6,1010123456026,72,,1,2,11,1,2,,7.98705,309,0,0.149815,92,0,6.16667,,0,0,0,0,0,0,0,0,0,,279,285,,0,0,0,0
1613676046080,6,1010123456026,72,,1,2,11,1,2,,9.17874,207,89,0.113703,63,0,6.71429,,0.1,14,0,0.1,4,25,0,13.0368,31,,182,186,,0,0,0,3.78571
1613676046330,6,1010123456026,72,,1,2,11,1,2,,8.78261,207,0,0.101847,59,0,6.33333,,0,0,0,0,0,0,0,0,0,,178,180,,0,0,0,0
1613676046580,6,1010123456026,72,,1,2,11,1,2,,8.9087,230,0,0.110908,62,0,6.66667,,0,0,0,0,0,0,0,0,0,,199,201,,0,0,0,0
1613676046830,6,1010123456026,72,,1,2,11,1,2,,7.10299,301,181,0.135165,84,0,6.5,,0,0,0,0,0,0,0,0,0,,277,297,,0,0,0,0
1613676047080,6,1010123456026,72,,1,2,11,1,2,,6.60054,368,275,0.162217,105,0,6.42857,,15,14,0,0,4,100,0,2.23864,0,,443,480,,0,0,0,10
1613676047330,6,1010123456026,72,,1,2,11,1,2,,10.0904,188,0,0.119068,62,0,7.5,,0,0,0,0,0,0,0,0,0,,162,162,,0,0,0,0
1613676047580,6,1010123456026,72,,1,2,11,1,2,,8.57087,254,0,0.120835,70,0,6.16667,,0,0,0,0,0,0,0,0,0,,229,234,,0,0,0,0
1613676047830,6,1010123456026,72,,1,2,11,1,2,,8.90265,226,0,0.114442,66,0,6.5,,0,0,0,0,0,0,0,0,0,,199,201,,0,0,0,0
1613676048080,6,1010123456026,72,,1,2,11,1,2,,7.53991,213,0,0.0988594,65,0,6.28571,,0,11,0,0.1,4,25,0,0,31,,197,201,,0,0,0,0
1613676048331,6,1010123456026,72,,1,2,11,1,2,,9.74648,213,0,0.118816,61,0,6.16667,,0,0,0,0,0,0,0,0,0,,184,186,,0,0,0,0
1613676048580,6,1010123456026,72,,1,2,11,1,2,,6.41469,422,0,0.151775,118,0,5.8,,0,0,0,0,0,0,0,0,0,,380,390,,0,0,0,0
1613676048830,6,1010123456026,72,,1,2,11,1,2,,7.47368,266,158,0.116691,79,0,6,,0,0,0,0,0,0,0,0,0,,232,234,,0,0,0,0
1613676049080,6,1010123456026,72,,1,2,11,1,2,,8.26019,319,0,0.148755,92,0,6.28571,,0.1,13,0,0.1,4,25,0,1.694,31,,292,294,,0,0,0,3.69231
1613676049330,6,1010123456026,72,,1,2,11,1,2,,9.14453,256,0,0.122731,70,0,6.83333,,0,0,0,0,0,0,0,0,0,,219,219,,0,0,0,0
1613676049580,6,1010123456026,72,,1,2,11,1,2,,10.2778,162,0,0.104643,50,0,6.16667,,0,0,0,0,0,0,0,0,0,,142,144,,0,0,0,0
1613676049830,6,1010123456026,72,,1,2,11,1,2,,9.26364,220,0,0.114699,63,0,6.8,,0,0,0,0,0,0,0,0,0,,201,201,,0,0,0,0
1613676050080,6,1010123456026,72,,1,2,11,1,2,,9.43406,182,0,0.0907631,47,0,7.14286,,0.1,13,0,0.1,4,0,0,1.86185,31,,156,156,,0,0,0,1.69231
1613676050330,6,1010123456026,72,,1,2,11,1,2,,8.8486,251,0,0.136225,75,0,6.66667,,0,0,0,0,0,0,0,0,0,,221,225,,0,0,0,0
1613676050580,6,1010123456026,72,,1,2,11,1,2,,7.26425,193,0,0.089992,58,0,6.16667,,0,0,0,0,0,0,0,0,0,,170,174,,0,0,0,0
1613676050830,6,1010123456026,72,,1,2,11,1,2,,10.5103,145,0,0.0866506,41,0,6.83333,,0,0,0,0,0,0,0,0,0,,123,123,,0,0,0,0
1613676051081,6,1010123456026,72,,1,2,11,1,2,,9.80476,210,0,0.118304,61,0,6.85714,,1.5,20,0,0.1,7,0,0,8.86584,31,,184,186,,0,0,0,1.65
1613676051330,6,1010123456026,72,,1,2,11,1,2,,9.52907,172,0,0.0976064,50,0,6.66667,,0,0,0,0,0,0,0,0,0,,153,159,,0,0,0,0
1613676051580,6,1010123456026,72,,1,2,11,1,2,,9.88205,195,20,0.101847,50,0,7.16667,,0,0,0,0,0,0,0,0,0,,169,171,,0,0,0,0
1613676051830,6,1010123456026,72,,1,2,11,1,2,,9.525,200,0,0.120096,64,0,6.83333,,0,0,0,0,0,0,0,0,0,,178,180,,0,0,0,0
1613676052080,6,1010123456026,72,,1,2,11,1,2,,8.9181,232,0,0.118779,64,0,6.71429,,15,13,0,0,4,100,0,2.26815,0,,211,216,,0,0,0,10
1613676052330,6,1010123456026,72,,1,2,11,1,2,,8.35081,248,0,0.126554,75,0,6.66667,,0,0,0,0,0,0,0,0,0,,214,216,,0,0,0,0
1613676052580,6,1010123456026,72,,1,2,11,1,2,,8.08214,280,121,0.131534,80,0,6.16667,,0,0,0,0,0,0,0,0,0,,253,261,,0,0,0,0
1613676052830,6,1010123456026,72,,1,2,11,1,2,,10.367,218,0,0.12588,59,0,7.16667,,0,0,0,0,0,0,0,0,0,,185,189,,0,0,0,0
1613676053080,6,1010123456026,72,,1,2,11,1,2,,5,329,0,0.112064,101,0,5.42857,,0.1,10,0,0.1,3,0,0,2.86007,31,,337,363,,0,0,0,1.4
1613676053330,6,1010123456026,72,,1,2,11,1,2,,9.47418,213,0,0.114185,58,0,6.5,,0,0,0,0,0,0,0,0,0,,191,195,,0,0,0,0
1613676053580,6,1010123456026,72,,1,2,11,1,2,,8.83696,368,0,0.185606,103,0,6.16667,,0,0,0,0,0,0,0,0,0,,341,348,,0,0,0,0
1613676053830,6,1010123456026,72,,1,2,11,1,2,,10.2691,249,0,0.161831,74,0,7,,0,0,0,0,0,0,0,0,0,,221,231,,0,0,0,0
1613676054080,6,1010123456026,72,,1,2,11,1,2,,8.22078,308,20,0.154859,87,0,6.42857,,0.1,13,0,0.1,4,0,0,1.87265,31,,290,312,,0,0,0,1.23077
1613676054330,6,1010123456026,72,,1,2,11,1,2,,10.1852,162,150,0.0943614,46,0,7.16667,,0,0,0,0,0,0,0,0,0,,140,144,,0,0,0,0
1613676054580,6,1010123456026,72,,1,2,11,1,2,,8.46781,233,0,0.120643,71,0,6.33333,,0,0,0,0,0,0,0,0,0,,202,204,,0,0,0,0
1613676054830,6,1010123456026,72,,1,2,11,1,2,,9.87134,171,0,0.0978635,49,0,7,,0,0,0,0,0,0,0,0,0,,148,150,,0,0,0,0
1613676055080,6,1010123456026,72,,1,2,11,1,2,,9.89873,158,0,0.0868434,46,0,6.85714,,0.1,13,0,0.1,4,0,0,1.21667,31,,147,147,,0,0,0,3.38462
1613676055330,6,1010123456026,72,,1,2,11,1,2,,10.5556,144,226,0.0914056,43,0,7.33333,,0,0,0,0,0,0,0,0,0,,125,126,,0,0,0,0
1613676055580,6,1010123456026,72,,1,2,11,1,2,,8.30385,260,158,0.120386,72,0,6.16667,,0,0,0,0,0,0,0,0,0,,228,234,,0,0,0,0
1613676055830,6,1010123456026,72,,1,2,11,1,2,,8.62866,307,89,0.147791,87,0,6.5,,0,0,0,0,0,0,0,0,0,,266,270,,0,0,0,0
1613676056080,6,1010123456026,72,,1,2,11,1,2,,5.54688,384,0,0.151293,117,0,5.57143,,14.9867,75,0,0.1,24,83.3333,0,5.08402,31,,408,429,,0,0,0,8.68
1613676056330,6,1010123456026,72,,1,2,11,1,2,,10.6494,174,0,0.113157,53,0,7.16667,,0,0,0,0,0,0,0,0,0,,152,153,,0,0,0,0
1613676056581,6,1010123456026,72,,1,2,11,1,2,,8.9422,173,89,0.081728,47,0,6,,0,0,0,0,0,0,0,0,0,,156,156,,0,0,0,0
1613676056830,6,1010123456026,72,,1,2,11,1,2,,11.0258,194,0,0.128771,58,0,7.5,,0,0,0,0,0,0,0,0,0,,162,162,,0,0,0,0
1613676057080,6,1010123456026,72,,1,2,11,1,2,,7.67521,234,0,0.103968,61,0,6.42857,,5.90741,54,0,0.1,15,80,0,3.04416,31,,230,249,,0,0,0,8.16667
1613676057330,6,1010123456026,72,,1,2,11,1,2,,9.09346,214,89,0.124755,66,0,6.66667,,0,0,0,0,0,0,0,0,0,,191,198,,0,0,0,0
1613676057580,6,1010123456026,72,,1,2,11,1,2,,8.31443,194,0,0.0903133,55,0,6.5,,0,0,0,0,0,0,0,0,0,,171,171,,0,0,0,0
1613676057830,6,1010123456026,72,,1,2,11,1,2,,7.94558,147,0,0.0688835,44,0,6.5,,0,0,0,0,0,0,0,0,0,,126,126,,0,0,0,0
1613676058080,6,1010123456026,72,,1,2,11,1,2,,7.0641,390,93,0.156787,107,0,5.57143,,8.88372,43,0,0.1,13,38.4615,0,10.6327,31,,366,381,,0,0,0,4.72093
1613676058330,6,1010123456026,72,,1,2,11,1,2,,8.26818,220,0,0.103261,65,0,6.33333,,0,0,0,0,0,0,0,0,0,,191,195,,0,0,0,0
1613676058580,6,1010123456026,72,,1,2,11,1,2,,6.69118,340,29,0.132177,96,0,5.66667,,0,0,0,0,0,0,0,0,0,,307,318,,0,0,0,0
1613676058830,6,1010123456026,72,,1,2,11,1,2,,9.56287,167,158,0.100337,56,0,7.5,,0,0,0,0,0,0,0,0,0,,145,147,,0,0,0,0
1613676059080,6,1010123456026,72,,1,2,11,1,2,,7.01476,271,0,0.116498,80,0,6.14286,,10.2955,44,0,0.1,13,61.5385,0,11.7691,31,,271,285,,0,0,0,6.31818
1613676059330,6,1010123456026,72,,1,2,11,1,2,,8.1681,232,0,0.118747,63,0,6.66667,,0,0,0,0,0,0,0,0,0,,224,234,,0,0,0,0
1613676059580,6,1010123456026,72,,1,2,11,1,2,,6.04558,373,0,0.142329,112,0,5.66667,,0,0,0,0,0,0,0,0,0,,362,384,,0,0,0,0
1613676059830,6,1010123456026,72,,1,2,11,1,2,,9.74093,193,0,0.108048,56,0,6.83333,,0,0,0,0,0,0,0,0,0,,170,171,,0,0,0,0
1613676060080,6,1010123456026,72,,1,2,11,1,2,,5.78158,380,0,0.140498,109,0,6.14286,,15,12,0,0,4,100,0,0.955663,0,,391,420,,0,0,0,10
1613676060330,6,1010123456026,72,,1,2,11,1,2,,9.14894,235,0,0.125269,71,0,6.5,,0,0,0,0,0,0,0,0,0,,204,204,,0,0,0,0
1613676060580,6,1010123456026,72,,1,2,11,1,2,,7.04714,297,15,0.112032,80,0,5.66667,,0,0,0,0,0,0,0,0,0,,270,276,,0,0,0,0
1613676060830,6,1010123456026,72,,1,2,11,1,2,,6.22761,268,158,0.116916,85,0,6.16667,,0,0,0,0,0,0,0,0,0,,249,267,,0,0,0,0
1613676061080,6,1010123456026,72,,1,2,11,1,2,,10.1176,238,0,0.145382,69,0,7,,0.1,22,0,0.1,6,0,0,13.0189,31,,212,219,,0,0,0,1.31818
1613676061330,6,1010123456026,72,,1,2,11,1,2,,6.5,374,0,0.145799,109,0,5.66667,,0,0,0,0,0,0,0,0,0,,340,348,,0,0,0,0
1613676061580,6,1010123456026,72,,1,2,11,1,2,,7.74074,189,158,0.0772691,52,0,6.16667,,0,0,0,0,0,0,0,0,0,,165,165,,0,0,0,0
1613676061830,6,1010123456026,72,,1,2,11,1,2,,9.50943,159,0,0.0813494,45,0,7,,0,0,0,0,0,0,0,0,0,,138,138,,0,0,0,0
1613676062081,6,1010123456026,72,,1,2,11,1,2,,10.9942,171,166,0.107424,49,0,7,,0,12,0,0,4,100,0,0,0,,154,156,,0,0,0,0
1613676062330,6,1010123456026,72,,1,2,11,1,2,,8.32143,224,158,0.120386,71,0,6.5,,0,0,0,0,0,0,0,0,0,,195,195,,0,0,0,0
1613676062580,6,1010123456026,72,,1,2,11,1,2,,10.3915,212,0,0.12392,60,0,7.33333,,0,0,0,0,0,0,0,0,0,,180,180,,0,0,0,0
1613676062830,6,1010123456026,72,,1,2,11,1,2,,9.70988,162,0,0.0814458,41,0,6.83333,,0,0,0,0,0,0,0,0,0,,142,144,,0,0,0,0
1613676063080,6,1010123456026,72,,1,2,11,1,2,,10.0828,169,27,0.0977992,49,0,6.71429,,6.26087,23,0,0.1,7,57.1429,0,10.1822,31,,161,165,,0,0,0,5.69565
1613676063330,6,1010123456026,72,,1,2,11,1,2,,9.42797,236,0,0.145639,72,0,6.83333,,0,0,0,0,0,0,0,0,0,,204,204,,0,0,0,0
1613676063580,6,1010123456026,72,,1,2,11,1,2,,10.1951,123,0,0.080996,39,0,6.83333,,0,0,0,0,0,0,0,0,0,,107,111,,0,0,0,0
1613676063830,6,1010123456026,72,,1,2,11,1,2,,6.78467,274,20,0.110329,76,0,6.16667,,0,0,0,0,0,0,0,0,0,,260,276,,0,0,0,0
1613676064080,6,1010123456026,72,,1,2,11,1,2,,6.60067,298,158,0.123309,87,0,6.42857,,0.1,10,0,0.1,3,0,0,1.73157,31,,273,288,,0,0,0,1.8
1613676064330,6,1010123456026,72,,1,2,11,1,2,,7.20992,262,0,0.11139,78,0,6,,0,0,0,0,0,0,0,0,0,,228,228,,0,0,0,0
1613676064580,6,1010123456026,72,,1,2,11,1,2,,9.33161,193,0,0.103197,56,0,6.83333,,0,0,0,0,0,0,0,0,0,,169,171,,0,0,0,0
1613676064830,6,1010123456026,72,,1,2,11,1,2,,7.78646,192,0,0.0774618,52,0,5.83333,,0,0,0,0,0,0,0,0,0,,166,168,,0,0,0,0
1613676065080,6,1010123456026,72,,1,2,11,1,2,,10.2667,165,0,0.107534,51,0,7.28571,,0.1,10,0,0.1,3,0,0,1.53482,31,,146,150,,0,0,0,1.4
1613676065330,6,1010123456026,72,,1,2,11,1,2,,11.958,119,89,0.0750522,30,0,7.66667,,0,0,0,0,0,0,0,0,0,,102,102,,0,0,0,0
1613676065580,6,1010123456026,72,,1,2,11,1,2,,7.49078,271,0,0.121446,81,0,6.16667,,0,0,0,0,0,0,0,0,0,,232,234,,0,0,0,0
1613676065830,6,1010123456026,72,,1,2,11,1,2,,7.58746,303,0,0.135904,86,0,6,,0,0,0,0,0,0,0,0,0,,274,288,,0,0,0,0
1613676066080,6,1010123456026,72,,1,2,11,1,2,,6.43168,322,119,0.109494,89,0,5.71429,,0.1,22,0,0.1,7,14.2857,0,2.1896,31,,317,321,,0,0,0,2.72727
1613676066330,6,1010123456026,72,,1,2,11,1,2,,7.97411,309,158,0.154378,97,0,6,,0,0,0,0,0,0,0,0,0,,277,285,,0,0,0,0
1613676066580,6,1010123456026,72,,1,2,11,1,2,,5.50521,384,0,0.125847,111,0,5,,0,0,0,0,0,0,0,0,0,,369,381,,0,0,0,0
1613676066830,6,1010123456026,72,,1,2,11,1,2,,9.03061,392,0,0.21208,112,0,7,,0,0,0,0,0,0,0,0,0,,348,360,,0,0,0,0
1613676067080,6,1010123456026,72,,1,2,11,1,2,,8.25417,240,0,0.114827,70,0,6.57143,,0.1,13,0,0.1,4,0,0,1.6815,31,,214,219,,0,0,0,1.53846
1613676067330,6,1010123456026,72,,1,2,11,1,2,,9.07547,212,0,0.108594,60,0,7,,0,0,0,0,0,0,0,0,0,,181,183,,0,0,0,0
1613676067580,6,1010123456026,72,,1,2,11,1,2,,9.336,250,54,0.121317,64,0,6.33333,,0,0,0,0,0,0,0,0,0,,226,228,,0,0,0,0
1613676067830,6,1010123456026,72,,1,2,11,1,2,,8.78878,303,30,0.151454,92,0,6.33333,,0,0,0,0,0,0,0,0,0,,267,267,,0,0,0,0
1613676068080,6,1010123456026,72,,1,2,11,1,2,,9.14904,208,0,0.113992,62,0,6.33333,,0,9,0,0.1,3,0,0,0,31,,181,183,,0,0,0,0
1613676068330,6,1010123456026,72,,1,2,11,1,2,,9.62791,129,0,0.06551,35,0,7,,0,0,0,0,0,0,0,0,0,,111,111,,0,0,0,0
1613676068580,6,1010123456026,72,,1,2,11,1,2,,7.42553,235,217,0.100691,61,0,6,,0,0,0,0,0,0,0,0,0,,204,204,,0,0,0,0
1613676068830,6,1010123456026,72,,1,2,11,1,2,,8.07273,275,0,0.135936,86,0,7.16667,,0,0,0,0,0,0,0,0,0,,262,282,,0,0,0,0
1613676069080,6,1010123456026,72,,1,2,11,1,2,,8.68852,244,0,0.126137,73,0,6.28571,,2.64062,64,0,0.1,18,72.2222,0,2.51859,31,,219,225,,0,0,0,7.79688
1613676069330,6,1010123456026,72,,1,2,11,1,2,,7.26378,254,0,0.102104,70,0,6.33333,,0,0,0,0,0,0,0,0,0,,229,234,,0,0,0,0
1613676069580,6,1010123456026,72,,1,2,11,1,2,,7.82111,341,0,0.138538,93,0,6,,0,0,0,0,0,0,0,0,0,,296,300,,0,0,0,0
1613676069830,6,1010123456026,72,,1,2,11,1,2,,7.75458,273,158,0.124369,82,0,6.5,,0,0,0,0,0,0,0,0,0,,235,237,,0,0,0,0
1613676070080,6,1010123456026,72,,1,2,11,1,2,,7.72258,310,0,0.153928,94,0,6.71429,,0.1,30,0,0.1,8,37.5,0,4.06293,31,,302,318,,0,0,0,5
1613676070330,6,1010123456026,72,,1,2,11,1,2,,7.52016,248,0,0.0951968,68,0,6.16667,,0,0,0,0,0,0,0,0,0,,223,225,,0,0,0,0
1613676070580,6,1010123456026,72,,1,2,11,1,2,,10.6494,174,0,0.112321,50,0,7.16667,,0,0,0,0,0,0,0,0,0,,151,153,,0,0,0,0
1613676070830,6,1010123456026,72,,1,2,11,1,2,,10.1399,193,0,0.115341,56,0,7.66667,,0,0,0,0,0,0,0,0,0,,168,168,,0,0,0,0
1613676071080,6,1010123456026,72,,1,2,11,1,2,,7.83849,291,140,0.130988,83,0,6.57143,,0.1,21,0,0.1,6,33.3333,0,8.34281,31,,266,276,,0,0,0,4.61905
1613676071330,6,1010123456026,72,,1,2,11,1,2,,9.41516,277,89,0.151968,82,0,6.83333,,0,0,0,0,0,0,0,0,0,,240,240,,0,0,0,0
1613676071580,6,1010123456026,72,,1,2,11,1,2,,9.35025,197,0,0.11396,60,0,6.83333,,0,0,0,0,0,0,0,0,0,,169,171,,0,0,0,0
1613676071830,6,1010123456026,72,,1,2,11,1,2,,7.49187,246,122,0.106763,64,0,6.5,,0,0,0,0,0,0,0,0,0,,243,252,,0,0,0,0
1613676072080,6,1010123456026,72,,1,2,11,1,2,,5.06218,386,0,0.130795,114,0,5.85714,,0,12,0,0,4,100,0,0,0,,372,423,,0,0,0,0
1613676072330,6,1010123456026,72,,1,2,11,1,2,,10.6466,116,177,0.0679839,35,0,7.5,,0,0,0,0,0,0,0,0,0,,99,99,,0,0,0,0
1613676072580,6,1010123456026,72,,1,2,11,1,2,,8.67753,307,0,0.15245,86,0,6.5,,0,0,0,0,0,0,0,0,0,,263,267,,0,0,0,0
1613676072830,6,1010123456026,72,,1,2,11,1,2,,6.592,250,0,0.100016,74,0,6.16667,,0,0,0,0,0,0,0,0,0,,214,216,,0,0,0,0
1613676073080,6,1010123456026,72,,1,2,11,1,2,,8.9267,191,0,0.098249,56,0,6.28571,,0,7,0,0.1,3,0,0,0,31,,169,171,,0,0,0,0
1613676073330,6,1010123456026,72,,1,2,11,1,2,,8.82076,212,246,0.104257,60,0,6.33333,,0,0,0,0,0,0,0,0,0,,185,189,,0,0,0,0
1613676073580,6,1010123456026,72,,1,2,11,1,2,,9.96135,207,0,0.124466,62,0,6.66667,,0,0,0,0,0,0,0,0,0,,184,186,,0,0,0,0
1613676073830,6,1010123456026,72,,1,2,11,1,2,,6.24847,326,0,0.123502,94,0,5.83333,,0,0,0,0,0,0,0,0,0,,294,306,,0,0,0,0
1613676074080,6,1010123456026,72,,1,2,11,1,2,,5.46828,331,0,0.118908,98,0,5.42857,,0.1,9,0,0.1,3,0,0,6.51144,31,,329,360,,0,0,0,2
1613676074330,6,1010123456026,72,,1,2,11,1,2,,7.5,322,0,0.138088,88,0,6,,0,0,0,0,0,0,0,0,0,,292,303,,0,0,0,0
1613676074580,6,1010123456026,72,,1,2,11,1,2,,7.02622,267,0,0.108112,80,0,6,,0,0,0,0,0,0,0,0,0,,238,246,,0,0,0,0
1613676074830,6,1010123456026,72,,1,2,11,1,2,,5.90313,351,0,0.142908,104,0,5.5,,0,0,0,0,0,0,0,0,0,,346,396,,0,0,0,0
1613676075080,6,1010123456026,72,,1,2,11,1,2,,8.34177,237,5,0.109494,65,0,6.28571,,13.2857,7,0,0.1,2,0,0,24.152,31,,218,225,,0,0,0,1
1613676075330,6,1010123456026,72,,1,2,11,1,2,,7.55556,369,105,0.160964,109,0,5.83333,,0,0,0,0,0,0,0,0,0,,323,327,,0,0,0,0
1613676075580,6,1010123456026,72,,1,2,11,1,2,,7.38532,327,0,0.144225,98,0,6.33333,,0,0,0,0,0,0,0,0,0,,286,288,,0,0,0,0
1613676075830,6,1010123456026,72,,1,2,11,1,2,,5.40659,273,279,0.0884498,72,0,5.83333,,0,0,0,0,0,0,0,0,0,,258,273,,0,0,0,0
1613676076080,6,1010123456026,72,,1,2,11,1,2,,4.67704,257,0,0.0826345,82,0,6.42857,,15,13,0,0,4,100,0,1.26282,0,,247,258,,0,0,0,10
1613676076330,6,1010123456026,72,,1,2,11,1,2,,9.05072,138,0,0.0689157,37,0,7,,0,0,0,0,0,0,0,0,0,,117,117,,0,0,0,0
1613676076580,6,1010123456026,72,,1,2,11,1,2,,9.98582,282,0,0.164402,83,0,6.83333,,0,0,0,0,0,0,0,0,0,,245,249,,0,0,0,0
1613676076830,6,1010123456026,72,,1,2,11,1,2,,9.03492,315,177,0.163566,89,0,6.83333,,0,0,0,0,0,0,0,0,0,,282,294,,0,0,0,0
1613676077080,6,1010123456026,72,,1,2,11,1,2,,4.13861,303,87,0.0765301,84,0,5.57143,,3.56863,51,0,0.1,15,60,0,3.43062,31,,304,336,,0,0,0,6.72549
1613676077330,6,1010123456026,72,,1,2,11,1,2,,10.8706,201,0,0.140048,63,0,7.16667,,0,0,0,0,0,0,0,0,0,,175,177,,0,0,0,0
1613676077580,6,1010123456026,72,,1,2,11,1,2,,9.42791,215,0,0.134876,65,0,6.83333,,0,0,0,0,0,0,0,0,0,,195,207,,0,0,0,0
1613676077830,6,1010123456026,72,,1,2,11,1,2,,8.64384,146,0,0.0709719,42,0,6.16667,,0,0,0,0,0,0,0,0,0,,126,126,,0,0,0,0
1613676078080,6,1010123456026,72,,1,2,11,1,2,,7.30097,309,42,0.121478,82,0,6.14286,,2.77778,27,0,0.1,8,12.5,0,17.783,31,,290,294,,0,0,0,2.33333
1613676078330,6,1010123456026,72,,1,2,11,1,2,,10.2358,123,0,0.0813815,41,0,7.16667,,0,0,0,0,0,0,0,0,0,,105,105,,0,0,0,0
1613676078580,6,1010123456026,72,,1,2,11,1,2,,9.13793,174,0,0.0873896,49,0,6,,0,0,0,0,0,0,0,0,0,,148,150,,0,0,0,0
1613676078830,6,1010123456026,72,,1,2,11,1,2,,5.34551,301,390,0.0888996,81,0,5.66667,,0,0,0,0,0,0,0,0,0,,305,318,,0,0,0,0
1613676079080,6,1010123456026,72,,1,2,11,1,2,,5.07933,416,0,0.14657,122,0,5.57143,,8.59091,22,0,0.1,7,57.1429,0,5.28625,31,,440,513,,0,0,0,6.09091
1613676079330,6,1010123456026,72,,1,2,11,1,2,,8.07981,213,158,0.106345,64,0,6.5,,0,0,0,0,0,0,0,0,0,,194,198,,0,0,0,0
1613676079580,6,1010123456026,72,,1,2,11,1,2,,9.98282,291,0,0.167518,83,0,7.16667,,0,0,0,0,0,0,0,0,0,,253,255,,0,0,0,0
1613676079830,6,1010123456026,72,,1,2,11,1,2,,9.30124,322,0,0.179502,92,0,6.66667,,0,0,0,0,0,0,0,0,0,,283,294,,0,0,0,0
1613676080081,6,1010123456026,72,,1,2,11,1,2,,6.45098,306,0,0.127488,89,0,6.14286,,0.1,10,0,0.1,3,0,0,1.05386,31,,302,336,,0,0,0,1.7
1613676080330,6,1010123456026,72,,1,2,11,1,2,,9.9322,177,0,0.102774,52,0,7.16667,,0,0,0,0,0,0,0,0,0,,157,159,,0,0,0,0
1613676080580,6,1010123456026,72,,1,2,11,1,2,,11.0591,186,0,0.117944,51,0,7.16667,,0,0,0,0,0,0,0,0,0,,164,168,,0,0,0,0
1613676080830,6,1010123456026,72,,1,2,11,1,2,,9.58947,95,69,0.0543293,29,0,7,,0,0,0,0,0,0,0,0,0,,81,81,,0,0,0,0
1613676081080,6,1010123456026,72,,1,2,11,1,2,,8.94694,245,0,0.141365,74,0,7.14286,,11.4211,19,0,0.1,6,66.6667,0,10.8889,31,,223,231,,0,0,0,6.68421
1613676081330,6,1010123456026,72,,1,2,11,1,2,,9.56363,220,0,0.118683,62,0,6.5,,0,0,0,0,0,0,0,0,0,,190,192,,0,0,0,0
1613676081580,6,1010123456026,72,,1,2,11,1,2,,9.06173,243,0,0.126586,70,0,7,,0,0,0,0,0,0,0,0,0,,213,216,,0,0,0,0
1613676081830,6,1010123456026,72,,1,2,11,1,2,,9.74895,239,0,0.124016,65,0,7.16667,,0,0,0,0,0,0,0,0,0,,204,204,,0,0,0,0
1613676082080,6,1010123456026,72,,1,2,11,1,2,,8.7029,276,0,0.134715,78,0,7,,0,12,0,0,4,100,0,0,0,,246,252,,0,0,0,0
1613676082330,6,1010123456026,72,,1,2,11,1,2,,7.87313,268,0,0.135325,82,0,5.83333,,0,0,0,0,0,0,0,0,0,,235,240,,0,0,0,0
1613676082580,6,1010123456026,72,,1,2,11,1,2,,7.88923,325,0,0.14461,90,0,6.33333,,0,0,0,0,0,0,0,0,0,,291,297,,0,0,0,0
1613676082830,6,1010123456026,72,,1,2,11,1,2,,9.21429,182,0,0.0978956,54,0,6.66667,,0,0,0,0,0,0,0,0,0,,161,165,,0,0,0,0
1613676083080,6,1010123456026,72,,1,2,11,1,2,,9.54124,194,0,0.106699,58,0,6.28571,,0.1,11,0,0.1,3,0,0,2.06236,31,,168,168,,0,0,0,1.27273
1613676083330,6,1010123456026,72,,1,2,11,1,2,,7.60173,231,0,0.100112,66,0,6,,0,0,0,0,0,0,0,0,0,,199,201,,0,0,0,0
1613676083580,6,1010123456026,72,,1,2,11,1,2,,8.82215,298,0,0.152803,85,0,6.66667,,0,0,0,0,0,0,0,0,0,,260,267,,0,0,0,0
1613676083830,6,1010123456026,72,,1,2,11,1,2,,7.93506,154,0,0.0664739,42,0,6.16667,,0,0,0,0,0,0,0,0,0,,138,138,,0,0,0,0
1613676084081,6,1010123456026,72,,1,2,11,1,2,,10.6259,139,0,0.08592,40,0,7.85714,,0,7,0,0.1,3,0,0,0,31,,120,120,,0,0,0,0
1613676084330,6,1010123456026,72,,1,2,11,1,2,,8.39738,229,0,0.103679,61,0,6.33333,,0,0,0,0,0,0,0,0,0,,196,198,,0,0,0,0
1613676084580,6,1010123456026,72,,1,2,11,1,2,,10.0526,152,68,0.0821847,44,0,7,,0,0,0,0,0,0,0,0,0,,129,129,,0,0,0,0
1613676084830,6,1010123456026,72,,1,2,11,1,2,,11.7297,222,158,0.16559,67,0,8,,0,0,0,0,0,0,0,0,0,,191,195,,0,0,0,0
1613676085080,6,1010123456026,72,,1,2,11,1,2,,9.34483,261,0,0.136289,74,0,6.71429,,13.2632,19,0,0.1,6,66.6667,0,17.201,31,,237,240,,0,0,0,6.68421
1613676085330,6,1010123456026,72,,1,2,11,1,2,,8.7485,167,68,0.102618,48,0,6.16667,,0,0,0,0,0,0,0,0,0,,148,156,,0,0,0,0
1613676085580,6,1010123456026,72,,1,2,11,1,2,,6.63545,299,0,0.122859,91,0,5.16667,,0,0,0,0,0,0,0,0,0,,273,282,,0,0,0,0
1613676085830,6,1010123456026,72,,1,2,11,1,2,,9.73543,223,105,0.119743,63,0,6.5,,0,0,0,0,0,0,0,0,0,,192,192,,0,0,0,0
1613676086080,6,1010123456026,72,,1,2,11,1,2,,8.49583,240,0,0.113478,68,0,6.42857,,0,12,0,0,4,100,0,0,0,,207,207,,0,0,0,0
1613676086330,6,1010123456026,72,,1,2,11,1,2,,9.95679,162,0,0.0888032,45,0,7,,0,0,0,0,0,0,0,0,0,,138,138,,0,0,0,0
1613676086580,6,1010123456026,72,,1,2,11,1,2,,12.6264,174,0,0.144032,53,0,7.66667,,0,0,0,0,0,0,0,0,0,,153,159,,0,0,0,0
1613676086830,6,1010123456026,72,,1,2,11,1,2,,10.4847,196,0,0.118394,56,0,7.16667,,0,0,0,0,0,0,0,0,0,,169,171,,0,0,0,0
1613676087080,6,1010123456026,72,,1,2,11,1,2,,10.122,205,0,0.112932,57,0,7,,0.1,10,0,0.1,3,0,0,1.17847,31,,180,180,,0,0,0,2.1
1613676087331,6,1010123456026,72,,1,2,11,1,2,,9.33721,172,0,0.091776,50,0,7.4,,0,0,0,0,0,0,0,0,0,,148,150,,0,0,0,0
1613676087580,6,1010123456026,72,,1,2,11,1,2,,9.00935,214,0,0.119518,63,0,6.83333,,0,0,0,0,0,0,0,0,0,,187,192,,0,0,0,0
1613676087830,6,1010123456026,72,,1,2,11,1,2,,9.23228,254,158,0.130731,71,0,7,,0,0,0,0,0,0,0,0,0,,227,231,,0,0,0,0
1613676088080,6,1010123456026,72,,1,2,11,1,2,,10.2843,197,158,0.124723,60,0,7.14286,,4,33,0,0.1,11,72.7273,0,6.43375,31,,175,177,,0,0,0,7
1613676088330,6,1010123456026,72,,1,2,11,1,2,,8.86667,300,20,0.152546,83,0,6.66667,,0,0,0,0,0,0,0,0,0,,259,264,,0,0,0,0
1613676088580,6,1010123456026,72,,1,2,11,1,2,,9.17647,221,89,0.125205,65,0,6.83333,,0,0,0,0,0,0,0,0,0,,197,201,,0,0,0,0
1613676088830,6,1010123456026,72,,1,2,11,1,2,,10.0407,221,0,0.129253,65,0,7,,0,0,0,0,0,0,0,0,0,,193,195,,0,0,0,0
1613676089080,6,1010123456026,72,,1,2,11,1,2,,9.17308,156,52,0.0759518,43,0,6.57143,,0.1,18,0,0.1,5,0,0,3.33021,31,,135,135,,0,0,0,1.22222
1613676089330,6,1010123456026,72,,1,2,11,1,2,,9.18229,192,0,0.104,57,0,6.83333,,0,0,0,0,0,0,0,0,0,,165,165,,0,0,0,0
1613676089580,6,1010123456026,72,,1,2,11,1,2,,7.40284,211,268,0.0835663,59,0,6,,0,0,0,0,0,0,0,0,0,,184,186,,0,0,0,0
1613676089830,6,1010123456026,72,,1,2,11,1,2,,7.74041,339,105,0.14853,93,0,6.33333,,0,0,0,0,0,0,0,0,0,,303,312,,0,0,0,0
1613676090080,6,1010123456026,72,,1,2,11,1,2,,7.93194,382,0,0.184643,109,0,6.42857,,0.1,11,0,0.1,3,0,0,1.36631,31,,362,387,,0,0,0,1.72727
1613676090330,6,1010123456026,72,,1,2,11,1,2,,9.40158,127,0,0.0824418,43,0,6.83333,,0,0,0,0,0,0,0,0,0,,109,111,,0,0,0,0
1613676090580,6,1010123456026,72,,1,2,11,1,2,,10.5226,199,0,0.119004,57,0,7.33333,,0,0,0,0,0,0,0,0,0,,171,171,,0,0,0,0
1613676090830,6,1010123456026,72,,1,2,11,1,2,,10.6347,167,158,0.102169,46,0,7.16667,,0,0,0,0,0,0,0,0,0,,146,150,,0,0,0,0
1613676091080,6,1010123456026,72,,1,2,11,1,2,,9.46707,167,0,0.0973494,51,0,6.42857,,15.05,80,0,0.157655,25,80,0,6.14377,31,,151,153,,0,0,0,8.2
1613676091330,6,1010123456026,72,,1,2,11,1,2,,7.86713,143,0,0.0607871,38,0,6.66667,,0,0,0,0,0,0,0,0,0,,126,132,,0,0,0,0
1613676091580,6,1010123456026,72,,1,2,11,1,2,,8.65972,144,0,0.0770442,45,0,6.33333,,0,0,0,0,0,0,0,0,0,,127,129,,0,0,0,0
1613676091830,6,1010123456026,72,,1,2,11,1,2,,7.68072,332,0,0.14853,93,0,6,,0,0,0,0,0,0,0,0,0,,308,321,,0,0,0,0
1613676092080,6,1010123456026,72,,1,2,11,1,2,,9.58009,231,0,0.134715,70,0,7,,0.1,10,0,0.1,3,0,0,10.71,31,,203,207,,0,0,0,1.4
1613676092330,6,1010123456026,72,,1,2,11,1,2,,9.51282,195,65,0.102683,53,0,6.5,,0,0,0,0,0,0,0,0,0,,169,171,,0,0,0,0
1613676092580,6,1010123456026,72,,1,2,11,1,2,,3.98884,448,99,0.127679,131,0,5,,0,0,0,0,0,0,0,0,0,,482,528,,0,0,0,0
1613676092830,6,1010123456026,72,,1,2,11,1,2,,8.61585,164,158,0.0814779,47,0,6.66667,,0,0,0,0,0,0,0,0,0,,141,141,,0,0,0,0
1613676093080,6,1010123456026,72,,1,2,11,1,2,,8.58518,270,0,0.125526,76,0,6.85714,,0.1,17,0,0.1,5,0,0,9.53469,31,,243,243,,0,0,0,1.35294
1613676093330,6,1010123456026,72,,1,2,11,1,2,,6.1193,285,0,0.112739,82,0,6,,0,0,0,0,0,0,0,0,0,,271,291,,0,0,0,0
1613676093580,6,1010123456026,72,,1,2,11,1,2,,7.48231,311,0,0.132145,90,0,6.5,,0,0,0,0,0,0,0,0,0,,273,282,,0,0,0,0
1613676093830,6,1010123456026,72,,1,2,11,1,2,,7.60071,283,0,0.126297,82,0,6.33333,,0,0,0,0,0,0,0,0,0,,261,273,,0,0,0,0
1613676094080,6,1010123456026,72,,1,2,11,1,2,,5.20988,405,0,0.161574,118,0,5.57143,,0,12,0,0,4,100,0,0,0,,476,530,,0,0,0,0
1613676094330,6,1010123456026,72,,1,2,11,1,2,,8.58031,193,0,0.0928835,55,0,6.66667,,0.1,4,0,0.1,1,0,0,2.97078,31,,165,165,,0,0,0,1
1613676094580,6,1010123456026,72,,1,2,11,1,2,,9.01087,276,0,0.147566,78,0,6.2,,0,3,0,0.1,1,0,0,0,0,,253,258,,0,0,0,0
1613676094830,6,1010123456026,72,,1,2,11,1,2,,7.83278,299,0,0.151614,90,0,6.5,,0,0,0,0,0,0,0,0,0,,281,297,,0,0,0,0
1613676095080,6,1010123456026,72,,1,2,11,1,2,,3.84078,358,0,0.098506,103,0,5.14286,,8.59091,22,0,0.1,7,57.1429,0,6.64586,31,,371,405,,0,0,0,5.90909
1613676095330,6,1010123456026,72,,1,2,11,1,2,,8.24711,259,20,0.11351,69,0,6.33333,,0,0,0,0,0,0,0,0,0,,243,249,,0,0,0,0
1613676095580,6,1010123456026,72,,1,2,11,1,2,,9.89524,210,0,0.132434,67,0,6.83333,,0,0,0,0,0,0,0,0,0,,181,183,,0,0,0,0
1613676095830,6,1010123456026,72,,1,2,11,1,2,,7.15827,278,0,0.116851,78,0,5.83333,,0,0,0,0,0,0,0,0,0,,245,249,,0,0,0,0
1613676096080,6,1010123456026,72,,1,2,11,1,2,,8.4721,233,0,0.109655,67,0,6.14286,,0.1,24,0,0.1,6,50,0,6.45649,31,,204,204,,0,0,0,6.5
1613676096330,6,1010123456026,72,,1,2,11,1,2,,7.92917,240,0,0.110554,72,0,5.83333,,0,0,0,0,0,0,0,0,0,,213,213,,0,0,0,0
1613676096580,6,1010123456026,72,,1,2,11,1,2,,8.53682,421,0,0.20257,119,0,6.33333,,0,0,0,0,0,0,0,0,0,,380,396,,0,0,0,0
1613676096830,6,1010123456026,72,,1,2,11,1,2,,9.88372,172,145,0.0976064,51,0,7.16667,,0,0,0,0,0,0,0,0,0,,150,150,,0,0,0,0
1613676097081,6,1010123456026,72,,1,2,11,1,2,,8.32653,245,0,0.120192,74,0,6.28571,,8.86957,23,0,0.1,7,57.1429,0,5.80713,31,,216,216,,0,0,0,5.86957
1613676097330,6,1010123456026,72,,1,2,11,1,2,,9.28295,258,92,0.151097,72,0,6.33333,,0,0,0,0,0,0,0,0,0,,241,258,,0,0,0,0
1613676097580,6,1010123456026,72,,1,2,11,1,2,,4.85083,362,0,0.104932,105,0,5.16667,,0,0,0,0,0,0,0,0,0,,343,366,,0,0,0,0
1613676097830,6,1010123456026,72,,1,2,11,1,2,,6.45223,314,650,0.125847,86,0,5.5,,0,0,0,0,0,0,0,0,0,,340,354,,0,0,0,0
1613676098080,6,1010123456026,72,,1,2,11,1,2,,7.98433,319,0,0.176996,102,0,6.85714,,0.1,13,0,0.1,4,25,0,1.23518,31,,333,357,,0,0,0,4.30769
1613676098330,6,1010123456026,72,,1,2,11,1,2,,8.22857,280,0,0.123952,78,0,6.5,,0,0,0,0,0,0,0,0,0,,247,249,,0,0,0,0
1613676098581,6,1010123456026,72,,1,2,11,1,2,,8.45813,203,0,0.105952,62,0,6.5,,0,0,0,0,0,0,0,0,0,,177,183,,0,0,0,0
1613676098830,6,1010123456026,72,,1,2,11,1,2,,8.87762,286,46,0.140305,77,0,6.66667,,0,0,0,0,0,0,0,0,0,,254,258,,0,0,0,0
1613676099080,6,1010123456026,72,,1,2,11,1,2,,9.73311,296,0,0.175807,91,0,7.14286,,0.1,14,0,0.1,4,0,0,7.51087,31,,257,261,,0,0,0,1.64286
1613676099330,6,1010123456026,72,,1,2,11,1,2,,10.05,140,0,0.0807711,41,0,6.66667,,0,0,0,0,0,0,0,0,0,,124,126,,0,0,0,0
1613676099580,6,1010123456026,72,,1,2,11,1,2,,9.43137,255,0,0.130088,70,0,6.83333,,0,0,0,0,0,0,0,0,0,,219,219,,0,0,0,0
1613676099830,6,1010123456026,72,,1,2,11,1,2,,8.46809,235,90,0.117365,63,0,6.83333,,0,0,0,0,0,0,0,0,0,,208,213,,0,0,0,0
1613676100080,6,1010123456026,72,,1,2,11,1,2,,8.25424,236,89,0.118683,74,0,6.28571,,6.32609,46,0,0.1,13,30.7692,0,12.0841,31,,220,234,,0,0,0,4.23913
1613676100330,6,1010123456026,72,,1,2,11,1,2,,10.7835,194,0,0.129349,58,0,7,,0,0,0,0,0,0,0,0,0,,173,177,,0,0,0,0
1613676100580,6,1010123456026,72,,1,2,11,1,2,,7.58219,292,0,0.116145,79,0,6,,0,0,0,0,0,0,0,0,0,,252,252,,0,0,0,0
1613676100830,6,1010123456026,72,,1,2,11,1,2,,8,171,65,0.075759,49,0,6,,0,0,0,0,0,0,0,0,0,,160,162,,0,0,0,0
1613676101080,6,1010123456026,72,,1,2,11,1,2,,4.80229,349,319,0.107052,97,0,5.57143,,0.1,14,0,0.1,4,25,0,8.2029,31,,328,354,,0,0,0,4.07143
1613676101331,6,1010123456026,72,,1,2,11,1,2,,9.09417,223,324,0.120224,65,0,6,,0,0,0,0,0,0,0,0,0,,198,204,,0,0,0,0
1613676101580,6,1010123456026,72,,1,2,11,1,2,,7.28053,303,0,0.140145,95,0,6.33333,,0,0,0,0,0,0,0,0,0,,274,288,,0,0,0,0
1613676101830,6,1010123456026,72,,1,2,11,1,2,,8.56069,173,0,0.0791647,47,0,6.33333,,0,0,0,0,0,0,0,0,0,,155,159,,0,0,0,0
1613676102081,6,1010123456026,72,,1,2,11,1,2,,7.8223,287,0,0.13504,87,0,6.14286,,0.1,11,0,0.1,3,0,0,8.84657,31,,254,258,,0,0,0,1
1613676102330,6,1010123456026,72,,1,2,11,1,2,,8.97026,269,0,0.146699,77,0,6.83333,,0,0,0,0,0,0,0,0,0,,236,246,,0,0,0,0
1613676102580,6,1010123456026,72,,1,2,11,1,2,,9.70492,122,0,0.0646104,34,0,7.16667,,0,0,0,0,0,0,0,0,0,,102,102,,0,0,0,0
1613676102830,6,1010123456026,72,,1,2,11,1,2,,11.3977,171,89,0.107245,45,0,7.5,,0,0,0,0,0,0,0,0,0,,148,150,,0,0,0,0
1613676103080,6,1010123456026,72,,1,2,11,1,2,,7.43598,328,158,0.170153,100,0,6,,4.59184,49,0,0.1,14,28.5714,0,5.47114,31,,325,363,,0,0,0,4.4898
1613676103330,6,1010123456026,72,,1,2,11,1,2,,8.87879,165,0,0.0874538,47,0,6.16667,,0,0,0,0,0,0,0,0,0,,149,153,,0,0,0,0
1613676103580,6,1010123456026,72,,1,2,11,1,2,,9.55769,208,0,0.108498,57,0,6,,0,0,0,0,0,0,0,0,0,,180,180,,0,0,0,0
1613676103830,6,1010123456026,72,,1,2,11,1,2,,9.26407,231,0,0.124916,67,0,7,,0,0,0,0,0,0,0,0,0,,202,204,,0,0,0,0
1613676104080,6,1010123456026,72,,1,2,11,1,2,,7.86872,358,112,0.163116,100,0,6.14286,,12,13,0,0,4,100,0,0.555584,0,,327,345,,0,0,0,10
1613676104330,6,1010123456026,72,,1,2,11,1,2,,10.3708,240,246,0.141783,70,0,7.5,,0.1,7,0,0.1,2,0,0,1.78602,31,,209,213,,0,0,0,1
1613676104580,6,1010123456026,72,,1,2,11,1,2,,10.0887,203,0,0.129124,64,0,7.16667,,0,0,0,0,0,0,0,0,0,,174,174,,0,0,0,0
1613676104830,6,1010123456026,72,,1,2,11,1,2,,10.1744,172,0,0.0970602,47,0,7.16667,,0,0,0,0,0,0,0,0,0,,151,153,,0,0,0,0
1613676105080,6,1010123456026,72,,1,2,11,1,2,,9.26163,172,0,0.0979598,54,0,6.28571,,1.16667,48,0,0.1,14,28.5714,0,9.61416,31,,153,153,,0,0,0,3.58333
1613676105330,6,1010123456026,72,,1,2,11,1,2,,7.99273,275,158,0.121092,80,0,6.66667,,0,0,0,0,0,0,0,0,0,,240,240,,0,0,0,0
1613676105580,6,1010123456026,72,,1,2,11,1,2,,10.2105,171,0,0.102394,48,0,7.16667,,0,0,0,0,0,0,0,0,0,,152,156,,0,0,0,0
1613676105830,6,1010123456026,72,,1,2,11,1,2,,10.9365,252,0,0.166715,74,0,7.16667,,0,0,0,0,0,0,0,0,0,,218,222,,0,0,0,0
1613676106080,6,1010123456026,72,,1,2,11,1,2,,9.45055,182,0,0.103293,55,0,6.57143,,0,12,0,0,4,100,0,0,0,,166,168,,0,0,0,0
1613676106330,6,1010123456026,72,,1,2,11,1,2,,8.94512,164,0,0.0820562,47,0,6.5,,0,0,0,0,0,0,0,0,0,,144,144,,0,0,0,0
1613676106580,6,1010123456026,72,,1,2,11,1,2,,8.39,300,0,0.15306,86,0,6.5,,0,0,0,0,0,0,0,0,0,,269,285,,0,0,0,0
1613676106830,6,1010123456026,72,,1,2,11,1,2,,9.50847,177,0,0.0923052,49,0,7,,0,0,0,0,0,0,0,0,0,,154,156,,0,0,0,0
1613676107080,6,1010123456026,72,,1,2,11,1,2,,7.22886,201,0,0.088996,61,0,6,,0.1,18,0,0.1,5,0,0,10.2954,31,,178,180,,0,0,0,1.55556
1613676107330,6,1010123456026,72,,1,2,11,1,2,,9.02618,191,0,0.092498,52,0,6.8,,0,0,0,0,0,0,0,0,0,,166,168,,0,0,0,0
1613676107580,6,1010123456026,72,,1,2,11,1,2,,10.0772,272,0,0.15759,79,0,7,,0,0,0,0,0,0,0,0,0,,235,237,,0,0,0,0
1613676107830,6,1010123456026,72,,1,2,11,1,2,,9.83696,184,0,0.118394,55,0,6.83333,,0,0,0,0,0,0,0,0,0,,164,171,,0,0,0,0
1613676108080,6,1010123456026,72,,1,2,11,1,2,,9.13453,223,24,0.119807,62,0,6.71429,,9.85714,7,0,0.1,2,0,0,30.6266,31,,200,204,,0,0,0,1
1613676108330,6,1010123456026,72,,1,2,11,1,2,,8.02967,337,0,0.169671,100,0,6,,0,0,0,0,0,0,0,0,0,,308,330,,0,0,0,0
1613676108580,6,1010123456026,72,,1,2,11,1,2,,9.83598,189,0,0.108369,54,0,7.16667,,0,0,0,0,0,0,0,0,0,,163,165,,0,0,0,0
1613676108830,6,1010123456026,72,,1,2,11,1,2,,8.51389,216,89,0.0990201,62,0,6,,0,0,0,0,0,0,0,0,0,,193,195,,0,0,0,0
1613676109080,6,1010123456026,72,,1,2,11,1,2,,7.6039,308,135,0.141815,84,0,6.42857,,8.6087,23,0,0.1,7,57.1429,0,11.2086,31,,292,303,,0,0,0,6.47826
1613676109330,6,1010123456026,72,,1,2,11,1,2,,4.66462,325,0,0.0934618,94,0,5,,0,0,0,0,0,0,0,0,0,,299,315,,0,0,0,0
1613676109580,6,1010123456026,72,,1,2,11,1,2,,8.61435,223,0,0.104739,66,0,7,,0,0,0,0,0,0,0,0,0,,196,198,,0,0,0,0
1613676109830,6,1010123456026,72,,1,2,11,1,2,,7.06516,353,0,0.145606,100,0,6.16667,,0,0,0,0,0,0,0,0,0,,316,327,,0,0,0,0
1613676110080,6,1010123456026,72,,1,2,11,1,2,,7.04545,242,0,0.104546,76,0,5.85714,,15,13,0,0,4,100,0,1.18827,0,,217,219,,0,0,0,10
1613676110330,6,1010123456026,72,,1,2,11,1,2,,7.58333,348,0,0.154924,100,0,5.66667,,0,0,0,0,0,0,0,0,0,,314,330,,0,0,0,0
1613676110580,6,1010123456026,72,,1,2,11,1,2,,6.03976,327,0,0.112675,91,0,6.33333,,0,0,0,0,0,0,0,0,0,,297,309,,0,0,0,0
1613676110830,6,1010123456026,72,,1,2,11,1,2,,9.93514,185,0,0.118651,56,0,7.16667,,0,0,0,0,0,0,0,0,0,,166,171,,0,0,0,0
1613676111080,6,1010123456026,72,,1,2,11,1,2,,9.52153,209,0,0.118811,60,0,6.85714,,0.1,35,0,0.1,11,72.7273,0,2.73961,31,,182,186,,0,0,0,7.28571
1613676111330,6,1010123456026,72,,1,2,11,1,2,,7.00402,249,0,0.10506,70,0,6,,0,0,0,0,0,0,0,0,0,,239,252,,0,0,0,0
1613676111580,6,1010123456026,72,,1,2,11,1,2,,10.0827,133,0,0.0773333,37,0,6.66667,,0,0,0,0,0,0,0,0,0,,117,117,,0,0,0,0
1613676111830,6,1010123456026,72,,1,2,11,1,2,,5.55072,345,0,0.112321,99,0,5.33333,,0,0,0,0,0,0,0,0,0,,309,321,,0,0,0,0
1613676112080,6,1010123456026,72,,1,2,11,1,2,,7.84127,252,0,0.104739,70,0,6.42857,,0.1,31,0,0.1,9,0,0,6.32535,31,,216,216,,0,0,0,2.09677
1613676112330,6,1010123456026,72,,1,2,11,1,2,,6.93401,197,162,0.092498,54,0,7,,0,0,0,0,0,0,0,0,0,,174,180,,0,0,0,0
1613676112580,6,1010123456026,72,,1,2,11,1,2,,7.32898,383,0,0.166426,114,0,6.16667,,0,0,0,0,0,0,0,0,0,,344,360,,0,0,0,0
1613676112830,6,1010123456026,72,,1,2,11,1,2,,8.77454,275,0,0.136546,79,0,6.16667,,0,0,0,0,0,0,0,0,0,,248,252,,0,0,0,0
1613676113080,6,1010123456026,72,,1,2,11,1,2,,9.28646,192,0,0.103454,56,0,6.85714,,9.27273,22,0,0.1,7,57.1429,0,7.36462,31,,166,168,,0,0,0,6.18182
1613676113330,6,1010123456026,72,,1,2,11,1,2,,6.57447,188,0,0.0728032,54,0,6.33333,,0,0,0,0,0,0,0,0,0,,169,171,,0,0,0,0
1613676113580,6,1010123456026,72,,1,2,11,1,2,,9.17062,211,0,0.113349,63,0,6.83333,,0,0,0,0,0,0,0,0,0,,180,180,,0,0,0,0
1613676113830,6,1010123456026,72,,1,2,11,1,2,,10.4717,212,89,0.123727,57,0,7.16667,,0,0,0,0,0,0,0,0,0,,185,189,,0,0,0,0
1613676114080,6,1010123456026,72,,1,2,11,1,2,,9.64815,270,158,0.16212,79,0,7.14286,,8.53659,41,0,0.1,12,66.6667,0,3.87435,31,,241,249,,0,0,0,7.39024
1613676114330,6,1010123456026,72,,1,2,11,1,2,,10.6364,231,20,0.154924,64,0,7.16667,,0,0,0,0,0,0,0,0,0,,206,219,,0,0,0,0
1613676114580,6,1010123456026,72,,1,2,11,1,2,,8.24088,274,0,0.13706,83,0,6.33333,,0,0,0,0,0,0,0,0,0,,236,240,,0,0,0,0
1613676114830,6,1010123456026,72,,1,2,11,1,2,,7.45509,334,0,0.133494,92,0,6.33333,,0,0,0,0,0,0,0,0,0,,292,294,,0,0,0,0
1613676115081,6,1010123456026,72,,1,2,11,1,2,,7.19865,297,77,0.132512,89,0,6.28571,,0.1,10,0,0.1,3,0,0,2.55868,31,,267,273,,0,0,0,1
1613676115330,6,1010123456026,72,,1,2,11,1,2,,9.07914,278,0,0.14657,77,0,6.16667,,0,0,0,0,0,0,0,0,0,,247,255,,0,0,0,0
1613676115580,6,1010123456026,72,,1,2,11,1,2,,8.28745,247,0,0.125751,73,0,6.83333,,0,0,0,0,0,0,0,0,0,,225,240,,0,0,0,0
1613676115830,6,1010123456026,72,,1,2,11,1,2,,7.68394,193,20,0.0881928,55,0,6.33333,,0,0,0,0,0,0,0,0,0,,168,174,,0,0,0,0
1613676116080,6,1010123456026,72,,1,2,11,1,2,,7.46128,297,0,0.131277,84,0,6.42857,,0.1,19,0,0.1,5,20,0,5.46047,31,,274,285,,0,0,0,3.10526
1613676116330,6,1010123456026,72,,1,2,11,1,2,,12.3032,155,0,0.118972,45,0,7.83333,,0,0,0,0,0,0,0,0,0,,135,138,,0,0,0,0
1613676116580,6,1010123456026,72,,1,2,11,1,2,,9.86692,263,0,0.161992,77,0,6.5,,0,0,0,0,0,0,0,0,0,,238,249,,0,0,0,0
1613676116830,6,1010123456026,72,,1,2,11,1,2,,7.2563,238,0,0.0951968,68,0,5.66667,,0,0,0,0,0,0,0,0,0,,207,207,,0,0,0,0
1613676117081,6,1010123456026,72,,1,2,11,1,2,,2.52663,507,0,0.15104,145,0,4.57143,,0,12,0,0,4,100,0,0,0,,811,921,,0,0,0,0
1613676117330,6,1010123456026,72,,1,2,11,1,2,,10.0156,128,0,0.0746988,39,0,6.83333,,0,0,0,0,0,0,0,0,0,,108,108,,0,0,0,0
1613676117580,6,1010123456026,72,,1,2,11,1,2,,8.95378,238,0,0.114378,65,0,6.83333,,0,0,0,0,0,0,0,0,0,,205,207,,0,0,0,0
1613676117830,6,1010123456026,72,,1,2,11,1,2,,8.2618,233,262,0.110843,68,0,6.16667,,0,0,0,0,0,0,0,0,0,,207,213,,0,0,0,0
1613676118080,6,1010123456026,72,,1,2,11,1,2,,5.71605,405,0,0.155373,120,0,5.85714,,0.1,15,0,0.1,4,0,0,3.09678,31,,398,441,,0,0,0,1
1613676118330,6,1010123456026,72,,1,2,11,1,2,,8.50189,265,0,0.126586,71,0,6.66667,,0,0,0,0,0,0,0,0,0,,240,252,,0,0,0,0
1613676118580,6,1010123456026,72,,1,2,11,1,2,,8.24167,240,0,0.114249,72,0,6.16667,,0,0,0,0,0,0,0,0,0,,207,207,,0,0,0,0
1613676118830,6,1010123456026,72,,1,2,11,1,2,,6.23513,370,372,0.142779,104,0,5.66667,,0,0,0,0,0,0,0,0,0,,377,414,,0,0,0,0
1613676119080,6,1010123456026,72,,1,2,11,1,2,,7.45035,282,0,0.135036,87,0,5.85714,,13.2258,31,0,0.1,11,72.7273,0,8.91865,31,,265,285,,0,0,0,7.09677
1613676119330,6,1010123456026,72,,1,2,11,1,2,,9.3046,174,0,0.0872289,47,0,7.16667,,0,0,0,0,0,0,0,0,0,,157,165,,0,0,0,0
1613676119580,6,1010123456026,72,,1,2,11,1,2,,9.75758,231,0,0.145767,70,0,6.83333,,0,0,0,0,0,0,0,0,0,,200,204,,0,0,0,0
1613676119830,6,1010123456026,72,,1,2,11,1,2,,9.31562,301,0,0.151904,81,0,6.83333,,0,0,0,0,0,0,0,0,0,,258,258,,0,0,0,0
1613676120081,6,1010123456026,72,,1,2,11,1,2,,6.55375,307,0,0.132736,94,0,6,,9.71429,14,0,0.1,4,0,0,30.1978,31,,286,309,,0,0,0,1
1613676120330,6,1010123456026,72,,1,2,11,1,2,,7.28117,377,48,0.151293,106,0,6.16667,,0,0,0,0,0,0,0,0,0,,349,363,,0,0,0,0
1613676120580,6,1010123456026,72,,1,2,11,1,2,,8.93252,163,0,0.0870683,47,0,6.66667,,0,0,0,0,0,0,0,0,0,,145,147,,0,0,0,0
1613676120830,6,1010123456026,72,,1,2,11,1,2,,7.97368,228,0,0.100627,63,0,6.5,,0,0,0,0,0,0,0,0,0,,202,207,,0,0,0,0
1613676121080,6,1010123456026,72,,1,2,11,1,2,,8.0935,246,0,0.129896,77,0,5.71429,,6.34921,63,0,0.1,20,65,0,4.28742,31,,243,255,,0,0,0,6.66667
1613676121330,6,1010123456026,72,,1,2,11,1,2,,4.77455,448,0,0.153606,133,0,5.83333,,0,0,0,0,0,0,0,0,0,,475,519,,0,0,0,0
1613676121580,6,1010123456026,72,,1,2,11,1,2,,6.29562,274,0,0.101847,80,0,6,,0,0,0,0,0,0,0,0,0,,244,252,,0,0,0,0
1613676121830,6,1010123456026,72,,1,2,11,1,2,,8.14159,339,20,0.148562,93,0,6.33333,,0,0,0,0,0,0,0,0,0,,299,303,,0,0,0,0
1613676122080,6,1010123456026,72,,1,2,11,1,2,,9.93878,147,0,0.0861687,42,0,7.42857,,15.0256,78,0,0.132466,25,80,0,5.62494,31,,129,129,,0,0,0,8.38461
1613676122330,6,1010123456026,72,,1,2,11,1,2,,9.12664,229,0,0.120514,70,0,6.33333,,0,0,0,0,0,0,0,0,0,,204,204,,0,0,0,0
1613676122580,6,1010123456026,72,,1,2,11,1,2,,9.64865,185,89,0.0999197,52,0,7,,0,0,0,0,0,0,0,0,0,,156,156,,0,0,0,0
1613676122830,6,1010123456026,72,,1,2,11,1,2,,9.31799,239,0,0.128,69,0,6.83333,,0,0,0,0,0,0,0,0,0,,224,228,,0,0,0,0
1613676123080,6,1010123456026,72,,1,2,11,1,2,,10.5549,164,0,0.103357,49,0,7.14286,,8.35897,39,0,0.1,12,66.6667,0,3.1171,31,,149,153,,0,0,0,7.15385
1613676123330,6,1010123456026,72,,1,2,11,1,2,,10.586,186,0,0.123695,56,0,7.33333,,0,0,0,0,0,0,0,0,0,,160,162,,0,0,0,0
1613676123580,6,1010123456026,72,,1,2,11,1,2,,10.876,258,0,0.165655,67,0,7.33333,,0,0,0,0,0,0,0,0,0,,229,237,,0,0,0,0
1613676123830,6,1010123456026,72,,1,2,11,1,2,,7.12091,397,0,0.166843,117,0,5.66667,,0,0,0,0,0,0,0,0,0,,350,363,,0,0,0,0
1613676124080,6,1010123456026,72,,1,2,11,1,2,,8.943,193,0,0.106088,58,0,6.71429,,0.1,12,0,0.1,3,0,0,8.30176,31,,182,186,,0,0,0,2.33333
1613676124330,6,1010123456026,72,,1,2,11,1,2,,8.61991,221,0,0.106892,63,0,6.66667,,0,0,0,0,0,0,0,0,0,,193,195,,0,0,0,0
1613676124580,6,1010123456026,72,,1,2,11,1,2,,9.2674,273,0,0.141205,78,0,6.66667,,0,0,0,0,0,0,0,0,0,,234,234,,0,0,0,0
1613676124830,6,1010123456026,72,,1,2,11,1,2,,11.0909,110,0,0.0750522,34,0,7.5,,0,0,0,0,0,0,0,0,0,,93,93,,0,0,0,0
1613676125080,6,1010123456026,72,,1,2,11,1,2,,9.32636,239,0,0.118651,65,0,6.85714,,0.1,10,0,0.1,3,0,0,20.2929,31,,204,204,,0,0,0,1
1613676125330,6,1010123456026,72,,1,2,11,1,2,,9.84838,277,0,0.172177,80,0,6.83333,,0,0,0,0,0,0,0,0,0,,254,267,,0,0,0,0
1613676125580,6,1010123456026,72,,1,2,11,1,2,,6.21613,310,0,0.11955,90,0,5.83333,,0,0,0,0,0,0,0,0,0,,282,303,,0,0,0,0
1613676125830,6,1010123456026,72,,1,2,11,1,2,,9.5,116,0,0.0631968,32,0,6.4,,0,0,0,0,0,0,0,0,0,,101,105,,0,0,0,0
1613676126080,6,1010123456026,72,,1,2,11,1,2,,9.50641,156,0,0.0871004,47,0,6.57143,,14.8,10,0,0.1,3,33.3333,0,16.2058,31,,132,132,,0,0,0,4.9
1613676126330,6,1010123456026,72,,1,2,11,1,2,,6.90909,330,0,0.128707,94,0,5.83333,,0,0,0,0,0,0,0,0,0,,293,300,,0,0,0,0
1613676126580,6,1010123456026,72,,1,2,11,1,2,,8.10268,224,158,0.0974137,61,0,6.66667,,0,0,0,0,0,0,0,0,0,,218,225,,0,0,0,0
1613676126830,6,1010123456026,72,,1,2,11,1,2,,10.2087,206,0,0.120225,59,0,7,,0,0,0,0,0,0,0,0,0,,178,180,,0,0,0,0
1613676127080,6,1010123456026,72,,1,2,11,1,2,,5.98898,363,0,0.134683,107,0,5.42857,,0,12,0,0,4,100,0,0,0,,355,369,,0,0,0,0
1613676127330,6,1010123456026,72,,1,2,11,1,2,,10.8693,153,0,0.0967068,42,0,7.33333,,0,0,0,0,0,0,0,0,0,,135,141,,0,0,0,0
1613676127580,6,1010123456026,72,,1,2,11,1,2,,7.58158,380,0,0.170827,107,0,5.83333,,0,0,0,0,0,0,0,0,0,,346,363,,0,0,0,0
1613676127830,6,1010123456026,72,,1,2,11,1,2,,10.6905,126,0,0.0753735,38,0,7.16667,,0,0,0,0,0,0,0,0,0,,108,108,,0,0,0,0
1613676128080,6,1010123456026,72,,1,2,11,1,2,,10.248,254,32,0.161735,75,0,6.85714,,0.1,14,0,0.1,4,0,0,1.27485,31,,227,231,,0,0,0,1.5
1613676128330,6,1010123456026,72,,1,2,11,1,2,,9.16102,236,20,0.120707,68,0,7.16667,,0,0,0,0,0,0,0,0,0,,204,204,,0,0,0,0
1613676128580,6,1010123456026,72,,1,2,11,1,2,,10.2532,158,0,0.0916305,44,0,7.16667,,0,0,0,0,0,0,0,0,0,,135,135,,0,0,0,0
1613676128830,6,1010123456026,72,,1,2,11,1,2,,10.8963,164,0,0.0986667,44,0,7.33333,,0,0,0,0,0,0,0,0,0,,141,141,,0,0,0,0
1613676129080,6,1010123456026,72,,1,2,11,1,2,,7.34538,249,0,0.124851,79,0,6.14286,,0.1,17,0,0.1,5,0,0,13.6266,31,,227,237,,0,0,0,1.47059
1613676129330,6,1010123456026,72,,1,2,11,1,2,,10.6981,212,0,0.144803,61,0,7.2,,0,0,0,0,0,0,0,0,0,,188,198,,0,0,0,0
1613676129580,6,1010123456026,72,,1,2,11,1,2,,7.12842,366,158,0.160096,101,0,6,,0,0,0,0,0,0,0,0,0,,345,375,,0,0,0,0
1613676129830,6,1010123456026,72,,1,2,11,1,2,,9.50382,262,0,0.142008,76,0,7.16667,,0,0,0,0,0,0,0,0,0,,226,228,,0,0,0,0
1613676130080,6,1010123456026,72,,1,2,11,1,2,,9.44928,207,0,0.119165,62,0,6.85714,,0.1,11,0,0.1,3,0,0,1.71902,31,,180,186,,0,0,0,1.54545
1613676130330,6,1010123456026,72,,1,2,11,1,2,,9.90535,243,315,0.135647,70,0,6.5,,0,0,0,0,0,0,0,0,0,,219,219,,0,0,0,0
1613676130580,6,1010123456026,72,,1,2,11,1,2,,6.60399,351,0,0.143004,102,0,5.33333,,0,0,0,0,0,0,0,0,0,,330,348,,0,0,0,0
1613676130830,6,1010123456026,72,,1,2,11,1,2,,9.59524,210,0,0.116048,62,0,7.33333,,0,0,0,0,0,0,0,0,0,,184,186,,0,0,0,0
1613676131080,6,1010123456026,72,,1,2,11,1,2,,9.31049,248,0,0.129446,69,0,6.57143,,0.1,11,0,0.1,3,0,0,2.58428,31,,228,234,,0,0,0,1.27273
1613676131330,6,1010123456026,72,,1,2,11,1,2,,5.27536,276,89,0.0862329,77,0,6.33333,,0,0,0,0,0,0,0,0,0,,251,255,,0,0,0,0
1613676131580,6,1010123456026,72,,1,2,11,1,2,,6.36808,307,196,0.129382,86,0,6.16667,,0,0,0,0,0,0,0,0,0,,271,273,,0,0,0,0
1613676131830,6,1010123456026,72,,1,2,11,1,2,,7.87611,226,0,0.112996,71,0,6.66667,,0,0,0,0,0,0,0,0,0,,229,258,,0,0,0,0
1613676132080,6,1010123456026,72,,1,2,11,1,2,,7.74792,361,30,0.18143,110,0,6.71429,,0.1,17,0,0.1,5,20,0,4.55888,31,,354,378,,0,0,0,4.23529
1613676132330,6,1010123456026,72,,1,2,11,1,2,,8.66094,233,60,0.124659,68,0,7.66667,,0,0,0,0,0,0,0,0,0,,214,222,,0,0,0,0
1613676132580,6,1010123456026,72,,1,2,11,1,2,,7.70543,258,0,0.114442,74,0,6,,0,0,0,0,0,0,0,0,0,,234,240,,0,0,0,0
1613676132830,6,1010123456026,72,,1,2,11,1,2,,6.05556,396,0,0.141783,110,0,6,,0,0,0,0,0,0,0,0,0,,391,432,,0,0,0,0
1613676133080,6,1010123456026,72,,1,2,11,1,2,,7.77617,277,0,0.142811,86,0,6.42857,,0,8,0,0.1,3,0,0,0,31,,268,282,,0,0,0,0
1613676133330,6,1010123456026,72,,1,2,11,1,2,,9.84409,186,158,0.103004,53,0,7.16667,,0,0,0,0,0,0,0,0,0,,159,159,,0,0,0,0
1613676133581,6,1010123456026,72,,1,2,11,1,2,,9.73152,257,0,0.139712,69,0,6.66667,,0,0,0,0,0,0,0,0,0,,219,225,,0,0,0,0
1613676133830,6,1010123456026,72,,1,2,11,1,2,,10.4224,232,158,0.131341,64,0,7.33333,,0,0,0,0,0,0,0,0,0,,199,201,,0,0,0,0
1613676134080,6,1010123456026,72,,1,2,11,1,2,,10.7828,198,0,0.127904,58,0,7.28571,,4.53333,45,0,0.1,13,30.7692,0,11.248,31,,175,177,,0,0,0,3.75556
1613676134330,6,1010123456026,72,,1,2,11,1,2,,9.89691,194,0,0.118201,58,0,6.66667,,0,0,0,0,0,0,0,0,0,,169,171,,0,0,0,0
1613676134580,6,1010123456026,72,,1,2,11,1,2,,7.51793,251,74,0.110265,67,0,6,,0,0,0,0,0,0,0,0,0,,216,216,,0,0,0,0
1613676134830,6,1010123456026,72,,1,2,11,1,2,,5.96296,270,0,0.0924016,82,0,5.66667,,0,0,0,0,0,0,0,0,0,,249,252,,0,0,0,0
1613676135080,6,1010123456026,72,,1,2,11,1,2,,7.90741,324,21,0.136321,91,0,5.85714,,0.1,11,0,0.1,3,0,0,9.11264,31,,286,288,,0,0,0,1
1613676135330,6,1010123456026,72,,1,2,11,1,2,,10.5395,152,89,0.0976064,48,0,7.16667,,0,0,0,0,0,0,0,0,0,,129,129,,0,0,0,0
1613676135580,6,1010123456026,72,,1,2,11,1,2,,8.15267,262,0,0.119422,72,0,6.33333,,0,0,0,0,0,0,0,0,0,,228,234,,0,0,0,0
1613676135830,6,1010123456026,72,,1,2,11,1,2,,8.77163,289,158,0.143293,83,0,6.8,,0,0,0,0,0,0,0,0,0,,250,252,,0,0,0,0
1613676136080,6,1010123456026,72,,1,2,11,1,2,,6.40061,327,15,0.122602,92,0,6.14286,,0.1,11,0,0.1,3,0,0,2.64989,31,,303,330,,0,0,0,1.72727
1613676136330,6,1010123456026,72,,1,2,11,1,2,,8.26423,246,158,0.131888,77,0,6.66667,,0,0,0,0,0,0,0,0,0,,219,225,,0,0,0,0
1613676136580,6,1010123456026,72,,1,2,11,1,2,,9.44932,296,0,0.157012,80,0,6.83333,,0,0,0,0,0,0,0,0,0,,261,267,,0,0,0,0
1613676136830,6,1010123456026,72,,1,2,11,1,2,,8.43151,146,105,0.0666024,43,0,6.33333,,0,0,0,0,0,0,0,0,0,,126,126,,0,0,0,0
1613676137080,6,1010123456026,72,,1,2,11,1,2,,9.56219,201,0,0.119614,63,0,6.71429,,0.1,35,0,0.1,11,9.09091,0,9.4219,31,,179,183,,0,0,0,2.11429
1613676137330,6,1010123456026,72,,1,2,11,1,2,,9.8374,246,0,0.140659,71,0,7.16667,,0,0,0,0,0,0,0,0,0,,215,219,,0,0,0,0
1613676137580,6,1010123456026,72,,1,2,11,1,2,,10.845,200,220,0.123759,54,0,6.66667,,0,0,0,0,0,0,0,0,0,,173,177,,0,0,0,0
1613676137830,6,1010123456026,72,,1,2,11,1,2,,8.9619,210,0,0.109847,63,0,6.83333,,0,0,0,0,0,0,0,0,0,,181,183,,0,0,0,0
1613676138080,6,1010123456026,72,,1,2,11,1,2,,9.4257,249,0,0.130667,71,0,6.57143,,0.1,13,0,0.1,4,0,0,8.70074,31,,220,222,,0,0,0,2.07692
1613676138330,6,1010123456026,72,,1,2,11,1,2,,10.0142,211,158,0.124177,60,0,7.16667,,0,0,0,0,0,0,0,0,0,,182,186,,0,0,0,0
1613676138580,6,1010123456026,72,,1,2,11,1,2,,10.5348,187,0,0.128418,54,0,8,,0,0,0,0,0,0,0,0,0,,168,177,,0,0,0,0
1613676138830,6,1010123456026,72,,1,2,11,1,2,,9.56158,203,5,0.0973494,53,0,6.33333,,0,0,0,0,0,0,0,0,0,,177,177,,0,0,0,0
1613676139080,6,1010123456026,72,,1,2,11,1,2,,8.59477,153,0,0.0766586,46,0,6.71429,,0,12,0,0,4,100,0,0,0,,133,135,,0,0,0,0
1613676139330,6,1010123456026,72,,1,2,11,1,2,,9.69301,329,0,0.193799,97,0,6.83333,,0,0,0,0,0,0,0,0,0,,290,294,,0,0,0,0
1613676139580,6,1010123456026,72,,1,2,11,1,2,,10.3855,179,0,0.108145,50,0,7.66667,,0,0,0,0,0,0,0,0,0,,159,162,,0,0,0,0
1613676139830,6,1010123456026,72,,1,2,11,1,2,,7.98222,225,0,0.112289,65,0,7,,0,0,0,0,0,0,0,0,0,,199,207,,0,0,0,0
1613676140080,6,1010123456026,72,,1,2,11,1,2,,10.0239,209,206,0.116466,59,0,6.85714,,0.1,11,0,0.1,3,0,0,1.39418,31,,182,186,,0,0,0,2.18182
1613676140330,6,1010123456026,72,,1,2,11,1,2,,6.43544,395,0,0.156369,114,0,6.16667,,0,0,0,0,0,0,0,0,0,,360,372,,0,0,0,0
1613676140580,6,1010123456026,72,,1,2,11,1,2,,10.7914,163,25,0.0971888,45,0,7.16667,,0,0,0,0,0,0,0,0,0,,143,147,,0,0,0,0
1613676140830,6,1010123456026,72,,1,2,11,1,2,,10.7771,166,0,0.123277,52,0,6.83333,,0,0,0,0,0,0,0,0,0,,148,153,,0,0,0,0
1613676141080,6,1010123456026,72,,1,2,11,1,2,,10.2586,232,100,0.14008,66,0,6.85714,,0.1,15,0,0.1,5,20,0,1.22056,31,,212,222,,0,0,0,3.33333
1613676141330,6,1010123456026,72,,1,2,11,1,2,,8.02966,236,0,0.109847,67,0,5.83333,,0,0,0,0,0,0,0,0,0,,212,216,,0,0,0,0
1613676141580,6,1010123456026,72,,1,2,11,1,2,,8.11111,270,0,0.123084,76,0,6.6,,0,0,0,0,0,0,0,0,0,,236,240,,0,0,0,0
1613676141830,6,1010123456026,72,,1,2,11,1,2,,7.41876,437,10,0.185574,125,0,5.66667,,0,0,0,0,0,0,0,0,0,,378,381,,0,0,0,0
1613676142080,6,1010123456026,72,,1,2,11,1,2,,7.36078,255,0,0.117333,80,0,6.42857,,9.52083,48,0,0.1,14,57.1429,0,7.44623,31,,233,237,,0,0,0,6.39583
1613676142330,6,1010123456026,72,,1,2,11,1,2,,8.86667,270,0,0.125719,73,0,6.83333,,0,0,0,0,0,0,0,0,0,,232,234,,0,0,0,0
1613676142580,6,1010123456026,72,,1,2,11,1,2,,8.68153,157,158,0.0818313,46,0,6.66667,,0,0,0,0,0,0,0,0,0,,135,135,,0,0,0,0
1613676142830,6,1010123456026,72,,1,2,11,1,2,,6.90411,292,0,0.122088,87,0,6.16667,,0,0,0,0,0,0,0,0,0,,264,273,,0,0,0,0
1613676143080,6,1010123456026,72,,1,2,11,1,2,,9.375,160,0,0.0816707,43,0,6.57143,,8.725,40,0,0.1,12,66.6667,0,3.80853,31,,142,144,,0,0,0,7.825
1613676143330,6,1010123456026,72,,1,2,11,1,2,,9.30412,194,0,0.106474,58,0,6.83333,,0,0,0,0,0,0,0,0,0,,169,171,,0,0,0,0
1613676143580,6,1010123456026,72,,1,2,11,1,2,,6.47009,351,0,0.135582,101,0,5.83333,,0,0,0,0,0,0,0,0,0,,334,345,,0,0,0,0
1613676143830,6,1010123456026,72,,1,2,11,1,2,,8.46844,301,0,0.138667,84,0,6.5,,0,0,0,0,0,0,0,0,0,,259,261,,0,0,0,0
1613676144080,6,1010123456026,72,,1,2,11,1,2,,10.4363,204,0,0.127293,60,0,7.14286,,0.1,10,0,0.1,3,0,0,1.15084,31,,177,180,,0,0,0,2.8
1613676144330,6,1010123456026,72,,1,2,11,1,2,,7.64131,276,0,0.138313,80,0,6.16667,,0,0,0,0,0,0,0,0,0,,257,285,,0,0,0,0
1613676144580,6,1010123456026,72,,1,2,11,1,2,,4.37363,455,0,0.1271,126,0,4.66667,,0,0,0,0,0,0,0,0,0,,485,507,,0,0,0,0
1613676144830,6,1010123456026,72,,1,2,11,1,2,,7.2087,230,182,0.0958394,60,0,6.33333,,0,0,0,0,0,0,0,0,0,,195,195,,0,0,0,0
1613676145080,6,1010123456026,72,,1,2,11,1,2,,8.06441,295,0,0.14641,94,0,6.42857,,4.94118,34,0,0.1,11,72.7273,0,10.8384,31,,272,276,,0,0,0,6.82353
1613676145330,6,1010123456026,72,,1,2,11,1,2,,9.54851,268,158,0.14641,77,0,6.83333,,0,0,0,0,0,0,0,0,0,,235,237,,0,0,0,0
1613676145580,6,1010123456026,72,,1,2,11,1,2,,9.47458,236,0,0.12498,65,0,6.83333,,0,0,0,0,0,0,0,0,0,,207,216,,0,0,0,0
1613676145830,6,1010123456026,72,,1,2,11,1,2,,9.65169,267,20,0.140723,73,0,7,,0,0,0,0,0,0,0,0,0,,234,234,,0,0,0,0
1613676146081,6,1010123456026,72,,1,2,11,1,2,,9.8178,236,100,0.145312,71,0,6.57143,,11.3846,39,0,0.1,12,75,0,3.83724,31,,211,219,,0,0,0,7.87179
1613676146330,6,1010123456026,72,,1,2,11,1,2,,7.83846,390,0,0.171181,110,0,7,,0,0,0,0,0,0,0,0,0,,349,354,,0,0,0,0
1613676146580,6,1010123456026,72,,1,2,11,1,2,,8.26506,332,158,0.170088,99,0,6.16667,,0,0,0,0,0,0,0,0,0,,294,303,,0,0,0,0
1613676146830,6,1010123456026,72,,1,2,11,1,2,,9.60774,181,0,0.103004,53,0,6.83333,,0,0,0,0,0,0,0,0,0,,164,168,,0,0,0,0
1613676147080,6,1010123456026,72,,1,2,11,1,2,,8.10526,171,0,0.0768193,49,0,6.57143,,0.1,23,0,0.1,7,57.1429,0,0.8921,31,,147,147,,0,0,0,5.86957
1613676147330,6,1010123456026,72,,1,2,11,1,2,,8.72996,237,0,0.120064,68,0,6.83333,,0,0,0,0,0,0,0,0,0,,211,216,,0,0,0,0
1613676147580,6,1010123456026,72,,1,2,11,1,2,,11.0449,178,0,0.118072,51,0,7,,0,0,0,0,0,0,0,0,0,,154,156,,0,0,0,0
1613676147830,6,1010123456026,72,,1,2,11,1,2,,8.56204,137,0,0.0653494,39,0,6.66667,,0,0,0,0,0,0,0,0,0,,117,117,,0,0,0,0
1613676148081,6,1010123456026,72,,1,2,11,1,2,,10.135,237,0,0.125152,62,0,7,,0.1,14,0,0.1,4,0,0,0.946564,31,,205,207,,0,0,0,3.5
1613676148330,6,1010123456026,72,,1,2,11,1,2,,10.4722,180,0,0.116851,57,0,6.83333,,0,0,0,0,0,0,0,0,0,,154,156,,0,0,0,0
1613676148580,6,1010123456026,72,,1,2,11,1,2,,8.31858,226,0,0.119743,65,0,7.83333,,0,0,0,0,0,0,0,0,0,,213,225,,0,0,0,0
1613676148830,6,1010123456026,72,,1,2,11,1,2,,5.79184,245,0,0.0846265,70,0,5.83333,,0,0,0,0,0,0,0,0,0,,226,228,,0,0,0,0
1613676149080,6,1010123456026,72,,1,2,11,1,2,,9.57143,189,0,0.107759,55,0,6.85714,,0.1,10,0,0.1,3,0,0,1.75988,31,,170,174,,0,0,0,3.3
1613676149330,6,1010123456026,72,,1,2,11,1,2,,11.0126,159,0,0.107084,46,0,7.16667,,0,0,0,0,0,0,0,0,0,,140,144,,0,0,0,0
1613676149580,6,1010123456026,72,,1,2,11,1,2,,8.41026,312,0,0.142233,84,0,6.66667,,0,0,0,0,0,0,0,0,0,,275,282,,0,0,0,0
1613676149830,6,1010123456026,72,,1,2,11,1,2,,7.98551,276,0,0.131631,84,0,6.16667,,0,0,0,0,0,0,0,0,0,,250,252,,0,0,0,0
1613676150080,6,1010123456026,72,,1,2,11,1,2,,7.82819,227,0,0.10988,66,0,7,,13.9545,22,0,0.1,6,66.6667,0,16.8572,31,,216,231,,0,0,0,7.13636
1613676150330,6,1010123456026,72,,1,2,11,1,2,,11.1364,198,0,0.133333,52,0,7.16667,,0,0,0,0,0,0,0,0,0,,174,186,,0,0,0,0
1613676150580,6,1010123456026,72,,1,2,11,1,2,,9.70616,211,48,0.124755,62,0,7.16667,,0,0,0,0,0,0,0,0,0,,184,186,,0,0,0,0
1613676150830,6,1010123456026,72,,1,2,11,1,2,,6.97097,310,158,0.143871,92,0,6.4,,0,0,0,0,0,0,0,0,0,,285,300,,0,0,0,0
1613676151080,6,1010123456026,72,,1,2,11,1,2,,8.92222,270,62,0.132594,72,0,7,,15,16,0,0,4,100,0,0.736542,0,,242,246,,0,0,0,10
1613676151330,6,1010123456026,72,,1,2,11,1,2,,9.30924,249,0,0.149655,79,0,6.5,,0,0,0,0,0,0,0,0,0,,218,228,,0,0,0,0
1613676151580,6,1010123456026,72,,1,2,11,1,2,,9.99519,208,0,0.108755,56,0,7,,0,0,0,0,0,0,0,0,0,,182,186,,0,0,0,0
1613676151830,6,1010123456026,72,,1,2,11,1,2,,10.1933,150,0,0.0968675,47,0,7.16667,,0,0,0,0,0,0,0,0,0,,129,129,,0,0,0,0
1613676152081,6,1010123456026,72,,1,2,11,1,2,,9.56977,172,60,0.091488,48,0,6.71429,,0.1,11,0,0.1,3,0,0,8.64847,31,,151,153,,0,0,0,1.36364
1613676152330,6,1010123456026,72,,1,2,11,1,2,,7.93514,185,0,0.0880643,55,0,6.33333,,0,0,0,0,0,0,0,0,0,,161,165,,0,0,0,0
1613676152580,6,1010123456026,72,,1,2,11,1,2,,9.21101,218,0,0.120615,63,0,6.66667,,0,0,0,0,0,0,0,0,0,,190,192,,0,0,0,0
1613676152830,6,1010123456026,72,,1,2,11,1,2,,9.68681,182,108,0.0916305,49,0,7,,0,0,0,0,0,0,0,0,0,,156,156,,0,0,0,0
1613676153080,6,1010123456026,72,,1,2,11,1,2,,6.5914,372,0,0.154217,105,0,5.85714,,0.1,11,0,0.1,4,0,0,1.45734,31,,343,354,,0,0,0,2.63636
1613676153330,6,1010123456026,72,,1,2,11,1,2,,8.97942,243,0,0.121992,74,0,7.16667,,0,0,0,0,0,0,0,0,0,,224,228,,0,0,0,0
1613676153580,6,1010123456026,72,,1,2,11,1,2,,7.4968,312,176,0.133494,85,0,5.66667,,0,0,0,0,0,0,0,0,0,,272,276,,0,0,0,0
1613676153830,6,1010123456026,72,,1,2,11,1,2,,6.11488,383,0,0.145863,118,0,6.5,,0,0,0,0,0,0,0,0,0,,351,357,,0,0,0,0
1613676154080,6,1010123456026,72,,1,2,11,1,2,,8.61372,277,0,0.14053,81,0,6.42857,,7.2,25,0,0.1,7,57.1429,0,7.96194,31,,253,255,,0,0,0,6.56
1613676154330,6,1010123456026,72,,1,2,11,1,2,,9.42105,209,0,0.103775,55,0,7,,0,0,0,0,0,0,0,0,0,,181,183,,0,0,0,0
1613676154580,6,1010123456026,72,,1,2,11,1,2,,9.40237,169,0,0.0985382,54,0,6.66667,,0,0,0,0,0,0,0,0,0,,147,147,,0,0,0,0
1613676154830,6,1010123456026,72,,1,2,11,1,2,,9.44565,184,20,0.0973815,51,0,7.16667,,0,0,0,0,0,0,0,0,0,,167,171,,0,0,0,0
1613676155080,6,1010123456026,72,,1,2,11,1,2,,7.78205,312,97,0.14808,92,0,6.28571,,0.1,36,0,0.1,11,45.4545,0,6.04896,31,,281,285,,0,0,0,5.47222
1613676155330,6,1010123456026,72,,1,2,11,1,2,,8.00608,329,0,0.163598,96,0,6.5,,0,0,0,0,0,0,0,0,0,,312,324,,0,0,0,0
1613676155580,6,1010123456026,72,,1,2,11,1,2,,9.3946,185,0,0.0929478,51,0,6.66667,,0,0,0,0,0,0,0,0,0,,166,168,,0,0,0,0
1613676155830,6,1010123456026,72,,1,2,11,1,2,,7.44138,290,105,0.142843,84,0,6,,0,0,0,0,0,0,0,0,0,,283,315,,0,0,0,0
1613676156080,6,1010123456026,72,,1,2,11,1,2,,8.31907,257,158,0.115631,70,0,6.42857,,0.1,10,0,0.1,3,0,0,1.71001,31,,227,231,,0,0,0,1.4
1613676156330,6,1010123456026,72,,1,2,11,1,2,,11.3597,139,0,0.0997912,45,0,7.33333,,0,0,0,0,0,0,0,0,0,,120,120,,0,0,0,0
1613676156580,6,1010123456026,72,,1,2,11,1,2,,10.5517,174,0,0.0996627,46,0,7,,0,0,0,0,0,0,0,0,0,,154,156,,0,0,0,0
1613676156830,6,1010123456026,72,,1,2,11,1,2,,8.25571,219,0,0.11502,69,0,6.5,,0,0,0,0,0,0,0,0,0,,204,210,,0,0,0,0
1613676157080,6,1010123456026,72,,1,2,11,1,2,,8.89768,215,0,0.110297,59,0,6.5,,8.41026,39,0,0.1,11,72.7273,0,4.59993,31,,193,198,,0,0,0,7.46154
1613676157330,6,1010123456026,72,,1,2,11,1,2,,5.34012,344,0,0.133655,102,0,6,,0,0,0,0,0,0,0,0,0,,362,384,,0,0,0,0
1613676157580,6,1010123456026,72,,1,2,11,1,2,,9.03889,180,0,0.091759,51,0,7,,0,0,0,0,0,0,0,0,0,,153,153,,0,0,0,0
1613676157830,6,1010123456026,72,,1,2,11,1,2,,9.46445,211,0,0.1191,60,0,6.66667,,0,0,0,0,0,0,0,0,0,,187,192,,0,0,0,0
1613676158080,6,1010123456026,72,,1,2,11,1,2,,7.98438,192,0,0.0884177,57,0,6,,4.47917,48,0,0.1,15,53.3333,0,6.92085,31,,173,177,,0,0,0,6.20833
1613676158330,6,1010123456026,72,,1,2,11,1,2,,9.77068,266,0,0.151486,74,0,6.66667,,0,0,0,0,0,0,0,0,0,,237,243,,0,0,0,0
1613676158580,6,1010123456026,72,,1,2,11,1,2,,9.3691,233,102,0.130442,69,0,6.16667,,0,0,0,0,0,0,0,0,0,,211,213,,0,0,0,0
1613676158830,6,1010123456026,72,,1,2,11,1,2,,8.11765,204,0,0.0926908,59,0,6.66667,,0,0,0,0,0,0,0,0,0,,175,177,,0,0,0,0
1613676159080,6,1010123456026,72,,1,2,11,1,2,,8.77866,253,60,0.116691,69,0,6.28571,,15,16,0,0,4,100,0,2.17162,0,,229,231,,0,0,0,10
1613676159330,6,1010123456026,72,,1,2,11,1,2,,5.00275,363,0,0.120193,109,0,5.33333,,0,0,0,0,0,0,0,0,0,,327,342,,0,0,0,0
1613676159580,6,1010123456026,72,,1,2,11,1,2,,7,265,0,0.10641,77,0,6,,0,0,0,0,0,0,0,0,0,,239,243,,0,0,0,0
1613676159830,6,1010123456026,72,,1,2,11,1,2,,6.65848,448,0,0.167775,124,0,6,,0,0,0,0,0,0,0,0,0,,408,435,,0,0,0,0
1613676160080,6,1010123456026,72,,1,2,11,1,2,,9.44565,184,0,0.11396,59,0,6.57143,,0.1,11,0,0.1,4,25,0,2.46345,31,,167,171,,0,0,0,2.72727
1613676160330,6,1010123456026,72,,1,2,11,1,2,,6.37215,438,0,0.162635,126,0,5.16667,,0,0,0,0,0,0,0,0,0,,402,411,,0,0,0,0
1613676160580,6,1010123456026,72,,1,2,11,1,2,,9.53556,239,20,0.124851,63,0,7,,0,0,0,0,0,0,0,0,0,,206,210,,0,0,0,0
1613676160830,6,1010123456026,72,,1,2,11,1,2,,10.3856,236,0,0.145767,69,0,7,,0,0,0,0,0,0,0,0,0,,209,213,,0,0,0,0
1613676161080,6,1010123456026,72,,1,2,11,1,2,,8.10682,337,0,0.164337,101,0,6.42857,,0.1,11,0,0.1,3,0,0,1.82013,31,,296,300,,0,0,0,3.27273
1613676161330,6,1010123456026,72,,1,2,11,1,2,,8.53659,164,0,0.0821847,47,0,6,,0,0,0,0,0,0,0,0,0,,143,147,,0,0,0,0
1613676161580,6,1010123456026,72,,1,2,11,1,2,,8.13357,277,0,0.121446,76,0,6.33333,,0,0,0,0,0,0,0,0,0,,239,243,,0,0,0,0
1613676161830,6,1010123456026,72,,1,2,11,1,2,,9.1457,151,0,0.0816707,46,0,6.5,,0,0,0,0,0,0,0,0,0,,129,129,,0,0,0,0
1613676162080,6,1010123456026,72,,1,2,11,1,2,,9.3875,240,52,0.124723,67,0,6.57143,,0.1,14,0,0.1,4,0,0,6.57787,31,,221,225,,0,0,0,1
1613676162330,6,1010123456026,72,,1,2,11,1,2,,9.24402,209,0,0.114506,62,0,6.33333,,0,0,0,0,0,0,0,0,0,,181,183,,0,0,0,0
1613676162580,6,1010123456026,72,,1,2,11,1,2,,10.3433,134,0,0.0859759,42,0,7.83333,,0,0,0,0,0,0,0,0,0,,117,117,,0,0,0,0
1613676162830,6,1010123456026,72,,1,2,11,1,2,,7.86473,207,0,0.0926586,58,0,6.33333,,0,0,0,0,0,0,0,0,0,,179,183,,0,0,0,0
1613676163080,6,1010123456026,72,,1,2,11,1,2,,9.52683,205,36,0.109301,60,0,6.71429,,0.1,13,0,0.1,4,0,0,2.90767,31,,184,186,,0,0,0,1.30769
1613676163330,6,1010123456026,72,,1,2,11,1,2,,10.1518,224,0,0.130667,66,0,6.83333,,0,0,0,0,0,0,0,0,0,,192,192,,0,0,0,0
1613676163580,6,1010123456026,72,,1,2,11,1,2,,9.79821,223,0,0.119068,61,0,7,,0,0,0,0,0,0,0,0,0,,193,195,,0,0,0,0
1613676163830,6,1010123456026,72,,1,2,11,1,2,,9.69547,243,0,0.141494,73,0,6.66667,,0,0,0,0,0,0,0,0,0,,217,222,,0,0,0,0
1613676164080,6,1010123456026,72,,1,2,11,1,2,,8.73026,152,0,0.0757269,39,0,6.57143,,0.1,46,0,0.1,15,40,0,1.39844,31,,137,144,,0,0,0,4.84783
1613676164330,6,1010123456026,72,,1,2,11,1,2,,6.50733,341,0,0.144675,103,0,5.5,,0,0,0,0,0,0,0,0,0,,324,336,,0,0,0,0
1613676164580,6,1010123456026,72,,1,2,11,1,2,,7.17424,264,20,0.105799,76,0,5.83333,,0,0,0,0,0,0,0,0,0,,237,243,,0,0,0,0
1613676164830,6,1010123456026,72,,1,2,11,1,2,,6.68097,373,0,0.15155,110,0,5.66667,,0,0,0,0,0,0,0,0,0,,341,354,,0,0,0,0
1613676165080,6,1010123456026,72,,1,2,11,1,2,,9.03723,188,0,0.0986667,50,0,6.57143,,8.66667,24,0,0.1,7,57.1429,0,6.5,31,,166,174,,0,0,0,6.25
1613676165330,6,1010123456026,72,,1,2,11,1,2,,9.18443,244,110,0.118618,68,0,6.5,,0,0,0,0,0,0,0,0,0,,212,216,,0,0,0,0
1613676165580,6,1010123456026,72,,1,2,11,1,2,,9.76684,193,0,0.11894,61,0,7.16667,,0,0,0,0,0,0,0,0,0,,165,165,,0,0,0,0
1613676165830,6,1010123456026,72,,1,2,11,1,2,,9.86207,203,0,0.11849,59,0,6.83333,,0,0,0,0,0,0,0,0,0,,182,186,,0,0,0,0
1613676166080,6,1010123456026,72,,1,2,11,1,2,,8.0815,319,0,0.164048,94,0,6.85714,,14.7755,49,0,0.100016,16,75,0,8.64739,0,,296,312,,0,0,0,7.61225
1613676166330,6,1010123456026,72,,1,2,11,1,2,,8.77095,179,0,0.0878072,51,0,6.5,,0,0,0,0,0,0,0,0,0,,160,162,,0,0,0,0
1613676166580,6,1010123456026,72,,1,2,11,1,2,,7.52258,310,0,0.138056,89,0,6.33333,,0,0,0,0,0,0,0,0,0,,302,318,,0,0,0,0
1613676166830,6,1010123456026,72,,1,2,11,1,2,,9.58051,236,105,0.130313,70,0,6.66667,,0,0,0,0,0,0,0,0,0,,205,207,,0,0,0,0
1613676167081,6,1010123456026,72,,1,2,11,1,2,,6.82873,181,158,0.072224,54,0,6.14286,,7.55172,29,0,0.1,8,50,0,12.113,31,,171,171,,0,0,0,5.65517
1613676167330,6,1010123456026,72,,1,2,11,1,2,,9.78425,292,69,0.161799,84,0,7.33333,,0,0,0,0,0,0,0,0,0,,259,261,,0,0,0,0
1613676167580,6,1010123456026,72,,1,2,11,1,2,,10.7278,158,0,0.0972209,43,0,6.83333,,0,0,0,0,0,0,0,0,0,,136,138,,0,0,0,0
1613676167830,6,1010123456026,72,,1,2,11,1,2,,9.78455,246,0,0.140337,72,0,7,,0,0,0,0,0,0,0,0,0,,210,210,,0,0,0,0
1613676168081,6,1010123456026,72,,1,2,11,1,2,,9.98889,180,327,0.101856,53,0,7,,0,12,0,0,4,100,0,0,0,,163,165,,0,0,0,0
1613676168330,6,1010123456026,72,,1,2,11,1,2,,8.17568,296,0,0.136835,84,0,6,,0,0,0,0,0,0,0,0,0,,266,270,,0,0,0,0
1613676168580,6,1010123456026,72,,1,2,11,1,2,,9.7191,178,0,0.0974458,51,0,6.83333,,0,0,0,0,0,0,0,0,0,,153,153,,0,0,0,0
1613676168830,6,1010123456026,72,,1,2,11,1,2,,7.90476,273,0,0.122024,80,0,6,,0,0,0,0,0,0,0,0,0,,240,240,,0,0,0,0
1613676169080,6,1010123456026,72,,1,2,11,1,2,,7.98397,312,0,0.144,89,0,6.28571,,0.1,14,0,0.1,4,0,0,2.46475,31,,290,300,,0,0,0,1.28571
1613676169330,6,1010123456026,72,,1,2,11,1,2,,8.61682,214,0,0.109044,66,0,6.5,,0,0,0,0,0,0,0,0,0,,191,195,,0,0,0,0
1613676169580,6,1010123456026,72,,1,2,11,1,2,,10.5402,174,0,0.109076,48,0,7.16667,,0,0,0,0,0,0,0,0,0,,156,165,,0,0,0,0
1613676169830,6,1010123456026,72,,1,2,11,1,2,,9.36364,198,0,0.102715,55,0,6.83333,,0,0,0,0,0,0,0,0,0,,174,174,,0,0,0,0
1613676170080,6,1010123456026,72,,1,2,11,1,2,,11.0394,127,69,0.0852369,42,0,7.42857,,0.1,26,0,0.1,7,0,0,6.62415,31,,117,117,,0,0,0,1.5
1613676170330,6,1010123456026,72,,1,2,11,1,2,,10.9259,243,0,0.150458,68,0,7.33333,,0,0,0,0,0,0,0,0,0,,210,210,,0,0,0,0
1613676170580,6,1010123456026,72,,1,2,11,1,2,,6.02532,237,0,0.0845301,67,0,5.83333,,0,0,0,0,0,0,0,0,0,,208,213,,0,0,0,0
1613676170830,6,1010123456026,72,,1,2,11,1,2,,11.25,164,89,0.0969639,45,0,7.33333,,0,0,0,0,0,0,0,0,0,,141,141,,0,0,0,0
1613676171080,6,1010123456026,72,,1,2,11,1,2,,8.79915,234,0,0.1369,75,0,6.57143,,0.1,13,0,0.1,4,25,0,0.981741,31,,209,213,,0,0,0,4.92308
1613676171330,6,1010123456026,72,,1,2,11,1,2,,9.37126,167,84,0.0864578,47,0,6.5,,0,0,0,0,0,0,0,0,0,,147,147,,0,0,0,0
1613676171580,6,1010123456026,72,,1,2,11,1,2,,5.07809,397,315,0.138956,110,0,5.5,,0,0,0,0,0,0,0,0,0,,485,528,,0,0,0,0
1613676171830,6,1010123456026,72,,1,2,11,1,2,,7.46519,316,0,0.146506,96,0,6.66667,,0,0,0,0,0,0,0,0,0,,291,312,,0,0,0,0
1613676172080,6,1010123456026,72,,1,2,11,1,2,,9.31331,233,0,0.124016,66,0,6.71429,,0.1,16,0,0.1,5,0,0,2.31753,31,,204,204,,0,0,0,1.1875
1613676172330,6,1010123456026,72,,1,2,11,1,2,,7.17279,272,194,0.116466,78,0,5.5,,0,0,0,0,0,0,0,0,0,,256,270,,0,0,0,0
1613676172580,6,1010123456026,72,,1,2,11,1,2,,9.24865,185,0,0.103454,57,0,7.33333,,0,0,0,0,0,0,0,0,0,,160,162,,0,0,0,0
1613676172830,6,1010123456026,72,,1,2,11,1,2,,8.33333,246,0,0.125558,72,0,6.16667,,0,0,0,0,0,0,0,0,0,,222,234,,0,0,0,0
1613676173080,6,1010123456026,72,,1,2,11,1,2,,6.63731,386,0,0.171084,113,0,6.14286,,0.1,11,0,0.1,3,0,0,1.5717,31,,391,423,,0,0,0,1.72727
1613676173330,6,1010123456026,72,,1,2,11,1,2,,9.9469,226,0,0.12996,61,0,7.5,,0,0,0,0,0,0,0,0,0,,195,198,,0,0,0,0
1613676173580,6,1010123456026,72,,1,2,11,1,2,,10.2523,214,0,0.134715,62,0,7.16667,,0,0,0,0,0,0,0,0,0,,191,195,,0,0,0,0
1613676173830,6,1010123456026,72,,1,2,11,1,2,,9.26498,317,0,0.173655,91,0,6.83333,,0,0,0,0,0,0,0,0,0,,275,279,,0,0,0,0
1613676174080,6,1010123456026,72,,1,2,11,1,2,,6.05967,419,209,0.152032,119,0,5.57143,,0.1,11,0,0.1,3,0,0,1.64187,31,,377,387,,0,0,0,1.81818
1613676174330,6,1010123456026,72,,1,2,11,1,2,,7.18874,302,0,0.128064,88,0,6.16667,,0,0,0,0,0,0,0,0,0,,280,291,,0,0,0,0
1613676174580,6,1010123456026,72,,1,2,11,1,2,,9.64502,231,121,0.129285,65,0,7,,0,0,0,0,0,0,0,0,0,,195,195,,0,0,0,0
1613676174830,6,1010123456026,72,,1,2,11,1,2,,5.49515,412,101,0.142586,117,0,4.66667,,0,0,0,0,0,0,0,0,0,,381,393,,0,0,0,0
1613676175081,6,1010123456026,72,,1,2,11,1,2,,7.48507,268,0,0.110176,81,0,6.28571,,0.1,20,0,0.1,6,16.6667,0,6.24567,31,,229,231,,0,0,0,3.45
1613676175330,6,1010123456026,72,,1,2,11,1,2,,9.40083,242,0,0.131566,73,0,6.66667,,0,0,0,0,0,0,0,0,0,,210,210,,0,0,0,0
1613676175581,6,1010123456026,72,,1,2,11,1,2,,10.2727,242,123,0.154752,64,0,6.66667,,0,0,0,0,0,0,0,0,0,,214,219,,0,0,0,0
1613676175830,6,1010123456026,72,,1,2,11,1,2,,7.88475,295,89,0.134522,87,0,7.16667,,0,0,0,0,0,0,0,0,0,,256,258,,0,0,0,0
1613676176080,6,1010123456026,72,,1,2,11,1,2,,8.65192,339,0,0.174072,98,0,6,,16,13,0,0,4,100,0,3.10361,0,,301,312,,0,0,0,10
1613676176330,6,1010123456026,72,,1,2,11,1,2,,10.1576,184,0,0.110972,55,0,7,,0.1,7,0,0.1,2,0,0,1.20052,31,,160,162,,0,0,0,1
1613676176580,6,1010123456026,72,,1,2,11,1,2,,9.32327,232,0,0.130313,67,0,6.5,,0,0,0,0,0,0,0,0,0,,207,216,,0,0,0,0
1613676176830,6,1010123456026,72,,1,2,11,1,2,,9.46667,255,0,0.134233,71,0,7,,0,0,0,0,0,0,0,0,0,,216,216,,0,0,0,0
1613676177080,6,1010123456026,72,,1,2,11,1,2,,9.65405,185,0,0.0998554,52,0,7,,3.95522,67,0,0.1,19,52.6316,0,8.25057,31,,162,162,,0,0,0,5.9403
1613676177330,6,1010123456026,72,,1,2,11,1,2,,10.1535,215,0,0.124627,62,0,7,,0,0,0,0,0,0,0,0,0,,185,189,,0,0,0,0
1613676177580,6,1010123456026,72,,1,2,11,1,2,,7.49355,310,0,0.14188,90,0,5.66667,,0,0,0,0,0,0,0,0,0,,286,294,,0,0,0,0
1613676177830,6,1010123456026,72,,1,2,11,1,2,,6.30121,332,0,0.135775,95,0,6.16667,,0,0,0,0,0,0,0,0,0,,330,360,,0,0,0,0
1613676178080,6,1010123456026,72,,1,2,11,1,2,,7.02528,356,0,0.160064,103,0,5.66667,,0.1,15,0,0.1,4,0,0,7.13514,31,,344,372,,0,0,0,3.13333
1613676178330,6,1010123456026,72,,1,2,11,1,2,,8.90272,257,0,0.130474,74,0,6.5,,0,0,0,0,0,0,0,0,0,,223,225,,0,0,0,0
1613676178580,6,1010123456026,72,,1,2,11,1,2,,11.4,175,0,0.113092,48,0,7.5,,0,0,0,0,0,0,0,0,0,,152,156,,0,0,0,0
1613676178830,6,1010123456026,72,,1,2,11,1,2,,5.21903,452,158,0.143871,127,0,4.66667,,0,0,0,0,0,0,0,0,0,,414,438,,0,0,0,0
1613676179080,6,1010123456026,72,,1,2,11,1,2,,10.1325,234,0,0.145606,71,0,7.28571,,0,12,0,0,4,100,0,0,0,,203,207,,0,0,0,0
1613676179330,6,1010123456026,72,,1,2,11,1,2,,8.2328,189,0,0.0938474,54,0,6.16667,,0,0,0,0,0,0,0,0,0,,169,171,,0,0,0,0
1613676179580,6,1010123456026,72,,1,2,11,1,2,,9.99183,367,0,0.210699,102,0,6.83333,,0,0,0,0,0,0,0,0,0,,322,327,,0,0,0,0
1613676179830,6,1010123456026,72,,1,2,11,1,2,,6.69919,246,46,0.0950683,70,0,5.5,,0,0,0,0,0,0,0,0,0,,227,237,,0,0,0,0
1613676180080,6,1010123456026,72,,1,2,11,1,2,,7.14618,301,0,0.148305,90,0,6.57143,,0.1,10,0,0.1,3,0,0,9.88013,31,,289,333,,0,0,0,1.6
1613676180330,6,1010123456026,72,,1,2,11,1,2,,5.67385,325,0,0.112289,91,0,6.16667,,0,0,0,0,0,0,0,0,0,,298,318,,0,0,0,0
1613676180580,6,1010123456026,72,,1,2,11,1,2,,8.12963,216,244,0.0986988,56,0,6.33333,,0,0,0,0,0,0,0,0,0,,202,216,,0,0,0,0
1613676180830,6,1010123456026,72,,1,2,11,1,2,,8.9917,241,0,0.135807,74,0,6.8,,0,0,0,0,0,0,0,0,0,,214,222,,0,0,0,0
1613676181081,6,1010123456026,72,,1,2,11,1,2,,11.5027,187,0,0.133248,57,0,7,,0.1,10,0,0.1,3,0,0,1.93671,31,,163,165,,0,0,0,1
1613676181330,6,1010123456026,72,,1,2,11,1,2,,9.35294,153,0,0.0761446,41,0,7.33333,,0,0,0,0,0,0,0,0,0,,132,132,,0,0,0,0
1613676181580,6,1010123456026,72,,1,2,11,1,2,,7.90984,244,0,0.109558,70,0,6.33333,,0,0,0,0,0,0,0,0,0,,215,219,,0,0,0,0
1613676181830,6,1010123456026,72,,1,2,11,1,2,,6.66078,283,0,0.116659,84,0,6.33333,,0,0,0,0,0,0,0,0,0,,261,267,,0,0,0,0
1613676182080,6,1010123456026,72,,1,2,11,1,2,,8.12598,254,259,0.136321,71,0,7.42857,,0.1,11,0,0.1,3,0,0,1.97916,31,,241,252,,0,0,0,1.36364
1613676182330,6,1010123456026,72,,1,2,11,1,2,,9.29703,202,0,0.113992,60,0,6.83333,,0,0,0,0,0,0,0,0,0,,178,180,,0,0,0,0
1613676182580,6,1010123456026,72,,1,2,11,1,2,,9.45714,140,0,0.0811888,41,0,7.33333,,0,0,0,0,0,0,0,0,0,,130,132,,0,0,0,0
1613676182830,6,1010123456026,72,,1,2,11,1,2,,9.54054,185,0,0.0941365,47,0,6.83333,,0,0,0,0,0,0,0,0,0,,158,162,,0,0,0,0
1613676183080,6,1010123456026,72,,1,2,11,1,2,,10.507,213,0,0.137542,64,0,7.57143,,7.90909,11,0,0.1,3,0,0,26.8891,31,,187,189,,0,0,0,1
1613676183330,6,1010123456026,72,,1,2,11,1,2,,7.26568,271,0,0.121799,81,0,5.5,,0,0,0,0,0,0,0,0,0,,242,258,,0,0,0,0
1613676183581,6,1010123456026,72,,1,2,11,1,2,,10.2797,236,30,0.133984,65,0,8.16667,,0,0,0,0,0,0,0,0,0,,201,201,,0,0,0,0
1613676183830,6,1010123456026,72,,1,2,11,1,2,,10.3014,219,0,0.134426,62,0,7,,0,0,0,0,0,0,0,0,0,,198,204,,0,0,0,0
1613676184080,6,1010123456026,72,,1,2,11,1,2,,8.17073,287,0,0.148402,88,0,6.57143,,15,13,0,0,4,100,0,1.26382,0,,262,270,,0,0,0,10
1613676184330,6,1010123456026,72,,1,2,11,1,2,,7.56587,334,105,0.147598,97,0,5.66667,,0,0,0,0,0,0,0,0,0,,299,306,,0,0,0,0
1613676184580,6,1010123456026,72,,1,2,11,1,2,,8.68203,217,0,0.106056,64,0,6.16667,,0,0,0,0,0,0,0,0,0,,186,186,,0,0,0,0
1613676184831,6,1010123456026,72,,1,2,11,1,2,,5.07143,420,391,0.14336,113,0,5.33333,,0,0,0,0,0,0,0,0,0,,403,432,,0,0,0,0
1613676185080,6,1010123456026,72,,1,2,11,1,2,,9.64931,288,0,0.180691,91,0,6.85714,,0.1,28,0,0.1,8,37.5,0,1.88752,31,,279,294,,0,0,0,4.42857
1613676185330,6,1010123456026,72,,1,2,11,1,2,,6.72764,246,0,0.0898313,69,0,6.16667,,0,0,0,0,0,0,0,0,0,,210,210,,0,0,0,0
1613676185580,6,1010123456026,72,,1,2,11,1,2,,8.66359,217,0,0.104386,60,0,6.66667,,0,0,0,0,0,0,0,0,0,,188,192,,0,0,0,0
1613676185830,6,1010123456026,72,,1,2,11,1,2,,4.09415,393,0,0.120964,113,0,5.66667,,0,0,0,0,0,0,0,0,0,,452,507,,0,0,0,0
1613676186080,6,1010123456026,72,,1,2,11,1,2,,5.8678,295,0,0.112064,86,0,6,,7.38462,26,0,0.1,9,44.4444,0,8.96697,31,,264,264,,0,0,0,5.30769
1613676186330,6,1010123456026,72,,1,2,11,1,2,,10.1171,205,0,0.116594,59,0,6.66667,,0,0,0,0,0,0,0,0,0,,176,180,,0,0,0,0
1613676186580,6,1010123456026,72,,1,2,11,1,2,,8.93333,240,0,0.129285,73,0,6.66667,,0,0,0,0,0,0,0,0,0,,212,216,,0,0,0,0
1613676186830,6,1010123456026,72,,1,2,11,1,2,,8.58446,296,0,0.147823,86,0,5.83333,,0,0,0,0,0,0,0,0,0,,261,267,,0,0,0,0
1613676187080,6,1010123456026,72,,1,2,11,1,2,,8.53716,296,165,0.138442,80,0,6.14286,,0.1,21,0,0.1,6,50,0,1.88919,31,,261,270,,0,0,0,5.90476
1613676187330,6,1010123456026,72,,1,2,11,1,2,,8.2,215,0,0.10098,61,0,6.5,,0,0,0,0,0,0,0,0,0,,185,189,,0,0,0,0
1613676187580,6,1010123456026,72,,1,2,11,1,2,,10.8042,240,52,0.152578,71,0,7.16667,,0,0,0,0,0,0,0,0,0,,206,210,,0,0,0,0
1613676187830,6,1010123456026,72,,1,2,11,1,2,,9.75525,143,0,0.0862008,43,0,6.66667,,0,0,0,0,0,0,0,0,0,,126,129,,0,0,0,0
1613676188080,6,1010123456026,72,,1,2,11,1,2,,8.46215,251,0,0.112096,68,0,6.57143,,0.1,12,0,0.1,4,25,0,0.728231,31,,221,225,,0,0,0,4.16667
1613676188330,6,1010123456026,72,,1,2,11,1,2,,7.775,320,0,0.157237,97,0,6.16667,,0,0,0,0,0,0,0,0,0,,286,294,,0,0,0,0
1613676188580,6,1010123456026,72,,1,2,11,1,2,,5.9645,338,0,0.118361,97,0,5.66667,,0,0,0,0,0,0,0,0,0,,301,309,,0,0,0,0
1613676188830,6,1010123456026,72,,1,2,11,1,2,,8.4876,242,0,0.114602,70,0,6.4,,0,0,0,0,0,0,0,0,0,,213,213,,0,0,0,0
1613676189080,6,1010123456026,72,,1,2,11,1,2,,7.31892,185,0,0.0761446,53,0,6,,0.1,15,0,0.1,4,0,0,1.67291,31,,165,165,,0,0,0,1.26667
1613676189330,6,1010123456026,72,,1,2,11,1,2,,6.66013,306,0,0.104064,84,0,6,,0,0,0,0,0,0,0,0,0,,270,270,,0,0,0,0
1613676189580,6,1010123456026,72,,1,2,11,1,2,,9.54696,181,0,0.10792,58,0,7,,0,0,0,0,0,0,0,0,0,,157,159,,0,0,0,0
1613676189830,6,1010123456026,72,,1,2,11,1,2,,7.14521,303,0,0.1351,85,0,6,,0,0,0,0,0,0,0,0,0,,308,345,,0,0,0,0
1613676190081,6,1010123456026,72,,1,2,11,1,2,,8.41111,360,0,0.186944,106,0,6.42857,,0,15,0,0.1,5,40,0,0,31,,332,354,,0,0,0,0
1613676190330,6,1010123456026,72,,1,2,11,1,2,,8.38838,327,69,0.153124,92,0,6.66667,,0,0,0,0,0,0,0,0,0,,285,291,,0,0,0,0
1613676190580,6,1010123456026,72,,1,2,11,1,2,,8.35681,213,89,0.0990843,61,0,6.5,,0,0,0,0,0,0,0,0,0,,186,186,,0,0,0,0
1613676190830,6,1010123456026,72,,1,2,11,1,2,,9.51984,252,0,0.140402,73,0,6.5,,0,0,0,0,0,0,0,0,0,,219,225,,0,0,0,0
1613676191080,6,1010123456026,72,,1,2,11,1,2,,9.4313,262,0,0.141558,77,0,6.42857,,15.0833,96,0,0.1,30,83.3333,0,5.54283,31,,232,234,,0,0,0,8.44792
1613676191330,6,1010123456026,72,,1,2,11,1,2,,8.00787,254,0,0.106827,66,0,6.5,,0,0,0,0,0,0,0,0,0,,219,222,,0,0,0,0
1613676191580,6,1010123456026,72,,1,2,11,1,2,,9.58333,252,111,0.150104,75,0,6.5,,0,0,0,0,0,0,0,0,0,,231,246,,0,0,0,0
1613676191830,6,1010123456026,72,,1,2,11,1,2,,8.02492,321,0,0.138699,91,0,6.33333,,0,0,0,0,0,0,0,0,0,,284,288,,0,0,0,0
1613676192080,6,1010123456026,72,,1,2,11,1,2,,9.64249,193,0,0.124177,61,0,7.71429,,15.6923,78,0,0.153189,25,80,0,8.4396,31,,169,171,,0,0,0,8.03846
1613676192330,6,1010123456026,72,,1,2,11,1,2,,5.77377,305,0,0.107084,88,0,6.16667,,0,0,0,0,0,0,0,0,0,,265,267,,0,0,0,0
1613676192580,6,1010123456026,72,,1,2,11,1,2,,8.45238,168,158,0.0764337,46,0,6.16667,,0,0,0,0,0,0,0,0,0,,151,153,,0,0,0,0
1613676192830,6,1010123456026,72,,1,2,11,1,2,,11.5294,187,0,0.139534,59,0,7.6,,0,0,0,0,0,0,0,0,0,,167,171,,0,0,0,0
1613676193080,6,1010123456026,72,,1,2,11,1,2,,9.16791,268,0,0.136257,75,0,6.42857,,0.1,14,0,0.1,4,0,0,1.63389,31,,236,240,,0,0,0,2.42857
1613676193330,6,1010123456026,72,,1,2,11,1,2,,9.10385,260,89,0.143486,75,0,7,,0,0,0,0,0,0,0,0,0,,228,234,,0,0,0,0
1613676193580,6,1010123456026,72,,1,2,11,1,2,,7.78151,238,0,0.106281,69,0,6,,0,0,0,0,0,0,0,0,0,,207,207,,0,0,0,0
1613676193830,6,1010123456026,72,,1,2,11,1,2,,10.005,201,0,0.116112,60,0,7.4,,0,0,0,0,0,0,0,0,0,,174,174,,0,0,0,0
1613676194080,6,1010123456026,72,,1,2,11,1,2,,7.95436,241,0,0.109655,69,0,6.42857,,1.10526,38,0,0.1,11,0,0,10.6731,31,,219,219,,0,0,0,1.34211
1613676194330,6,1010123456026,72,,1,2,11,1,2,,9.35974,303,0,0.168803,88,0,6.83333,,0,0,0,0,0,0,0,0,0,,268,276,,0,0,0,0
1613676194580,6,1010123456026,72,,1,2,11,1,2,,10.2353,204,0,0.118522,56,0,7,,0,0,0,0,0,0,0,0,0,,179,183,,0,0,0,0
1613676194830,6,1010123456026,72,,1,2,11,1,2,,8,267,74,0.118586,71,0,6.33333,,0,0,0,0,0,0,0,0,0,,240,249,,0,0,0,0
1613676195081,6,1010123456026,72,,1,2,11,1,2,,11.0533,225,0,0.156704,71,0,7.85714,,15.1059,85,0,0.1,28,85.7143,0,4.70963,31,,204,210,,0,0,0,8.72941
1613676195330,6,1010123456026,72,,1,2,11,1,2,,8.78355,231,0,0.130795,70,0,6.66667,,0,0,0,0,0,0,0,0,0,,202,210,,0,0,0,0
1613676195580,6,1010123456026,72,,1,2,11,1,2,,5.83784,296,0,0.102169,84,0,6,,0,0,0,0,0,0,0,0,0,,254,255,,0,0,0,0
1613676195830,6,1010123456026,72,,1,2,11,1,2,,9.62921,178,0,0.0975743,51,0,6.66667,,0,0,0,0,0,0,0,0,0,,153,153,,0,0,0,0
1613676196080,6,1010123456026,72,,1,2,11,1,2,,7.57877,292,0,0.132691,85,0,6.71429,,7.30435,23,0,0.1,7,57.1429,0,8.91932,31,,267,276,,0,0,0,6.47826
1613676196331,6,1010123456026,72,,1,2,11,1,2,,10.1442,215,187,0.118048,59,0,7.16667,,0,0,0,0,0,0,0,0,0,,183,183,,0,0,0,0
1613676196580,6,1010123456026,72,,1,2,11,1,2,,10.0547,256,0,0.145896,72,0,7.16667,,0,0,0,0,0,0,0,0,0,,221,225,,0,0,0,0
1613676196830,6,1010123456026,72,,1,2,11,1,2,,8.44737,152,0,0.0728675,45,0,6.33333,,0,0,0,0,0,0,0,0,0,,132,132,,0,0,0,0
1613676197081,6,1010123456026,72,,1,2,11,1,2,,10.1961,204,0,0.11568,56,0,7.14286,,11.0189,53,0,0.1,17,70.5882,0,6.08656,31,,181,183,,0,0,0,7.18868
1613676197330,6,1010123456026,72,,1,2,11,1,2,,8.76712,292,0,0.150908,86,0,6.16667,,0,0,0,0,0,0,0,0,0,,261,261,,0,0,0,0
1613676197580,6,1010123456026,72,,1,2,11,1,2,,9.43151,292,0,0.154924,86,0,7.16667,,0,0,0,0,0,0,0,0,0,,257,261,,0,0,0,0
1613676197830,6,1010123456026,72,,1,2,11,1,2,,7.29508,244,0,0.105478,72,0,6.16667,,0,0,0,0,0,0,0,0,0,,210,210,,0,0,0,0
1613676198081,6,1010123456026,72,,1,2,11,1,2,,9.18443,244,0,0.130304,72,0,6.57143,,14.5455,44,0,0.1,13,69.2308,0,11.4323,31,,217,219,,0,0,0,7.13636
1613676198330,6,1010123456026,72,,1,2,11,1,2,,10,142,0,0.0756627,38,0,7.33333,,0,0,0,0,0,0,0,0,0,,123,123,,0,0,0,0
1613676198581,6,1010123456026,72,,1,2,11,1,2,,11.3491,212,315,0.13392,59,0,7.33333,,0,0,0,0,0,0,0,0,0,,181,183,,0,0,0,0
1613676198830,6,1010123456026,72,,1,2,11,1,2,,8.94424,269,0,0.155791,78,0,6.5,,0,0,0,0,0,0,0,0,0,,239,249,,0,0,0,0
1613676199080,6,1010123456026,72,,1,2,11,1,2,,9.25984,254,0,0.137703,76,0,6.71429,,0.1,10,0,0.1,3,0,0,2.71918,31,,227,231,,0,0,0,1.9
1613676199330,6,1010123456026,72,,1,2,11,1,2,,7.78545,275,0,0.125944,77,0,7.33333,,0,0,0,0,0,0,0,0,0,,246,252,,0,0,0,0
1613676199580,6,1010123456026,72,,1,2,11,1,2,,10.347,219,118,0.129896,64,0,7.33333,,0,0,0,0,0,0,0,0,0,,190,192,,0,0,0,0
1613676199830,6,1010123456026,72,,1,2,11,1,2,,9.25292,257,30,0.135518,71,0,7,,0,0,0,0,0,0,0,0,0,,232,240,,0,0,0,0
1613676200080,6,1010123456026,72,,1,2,11,1,2,,10.36,150,0,0.107502,49,0,7.28571,,0.1,11,0,0.1,3,0,0,7.4765,31,,131,135,,0,0,0,1.63636
1613676200330,6,1010123456026,72,,1,2,11,1,2,,7.98206,223,93,0.114538,62,0,6.33333,,0,0,0,0,0,0,0,0,0,,210,231,,0,0,0,0
1613676200580,6,1010123456026,72,,1,2,11,1,2,,5.88259,247,0,0.0898313,69,0,6,,0,0,0,0,0,0,0,0,0,,264,288,,0,0,0,0
1613676200830,6,1010123456026,72,,1,2,11,1,2,,9.27638,199,0,0.107855,59,0,7,,0,0,0,0,0,0,0,0,0,,168,168,,0,0,0,0
1613676201080,6,1010123456026,72,,1,2,11,1,2,,8.69714,175,0,0.0876787,51,0,6.42857,,0.1,13,0,0.1,4,0,0,17.6652,31,,154,156,,0,0,0,1
1613676201330,6,1010123456026,72,,1,2,11,1,2,,5.78588,425,0,0.15788,121,0,5.83333,,0,0,0,0,0,0,0,0,0,,422,453,,0,0,0,0
1613676201580,6,1010123456026,72,,1,2,11,1,2,,6.75987,304,74,0.111968,82,0,5.83333,,0,0,0,0,0,0,0,0,0,,267,273,,0,0,0,0
1613676201830,6,1010123456026,72,,1,2,11,1,2,,10.0309,162,0,0.102522,51,0,7.16667,,0,0,0,0,0,0,0,0,0,,139,141,,0,0,0,0
1613676202081,6,1010123456026,72,,1,2,11,1,2,,9.56432,241,29,0.140032,72,0,7,,14.8947,19,0,0.1,6,66.6667,0,8.58233,31,,239,246,,0,0,0,7.15789
1613676202330,6,1010123456026,72,,1,2,11,1,2,,10.6054,147,0,0.102201,48,0,6.83333,,0,0,0,0,0,0,0,0,0,,132,132,,0,0,0,0
1613676202580,6,1010123456026,72,,1,2,11,1,2,,9.03608,194,30,0.0981205,55,0,6.83333,,0,0,0,0,0,0,0,0,0,,172,174,,0,0,0,0
1613676202830,6,1010123456026,72,,1,2,11,1,2,,8.79444,180,0,0.0924337,53,0,6.66667,,0,0,0,0,0,0,0,0,0,,154,156,,0,0,0,0
1613676203080,6,1010123456026,72,,1,2,11,1,2,,8.70968,217,0,0.109333,63,0,6.57143,,0,12,0,0,4,100,0,0,0,,190,192,,0,0,0,0
1613676203330,6,1010123456026,72,,1,2,11,1,2,,10.0905,199,0,0.102811,52,0,6.8,,0,0,0,0,0,0,0,0,0,,177,177,,0,0,0,0
1613676203580,6,1010123456026,72,,1,2,11,1,2,,6.15588,340,314,0.135775,94,0,5.5,,0,0,0,0,0,0,0,0,0,,336,369,,0,0,0,0
1613676203830,6,1010123456026,72,,1,2,11,1,2,,7.02015,397,0,0.169863,117,0,6,,0,0,0,0,0,0,0,0,0,,356,375,,0,0,0,0
1613676204080,6,1010123456026,72,,1,2,11,1,2,,8.35714,266,0,0.132177,80,0,5.57143,,6.29508,61,0,0.1,16,62.5,0,3.30427,31,,239,249,,0,0,0,7.06557
1613676204330,6,1010123456026,72,,1,2,11,1,2,,6.44092,347,0,0.134972,103,0,5.66667,,0,0,0,0,0,0,0,0,0,,316,324,,0,0,0,0
1613676204580,6,1010123456026,72,,1,2,11,1,2,,9.94841,252,0,0.146024,69,0,7.16667,,0,0,0,0,0,0,0,0,0,,225,237,,0,0,0,0
1613676204830,6,1010123456026,72,,1,2,11,1,2,,10.4064,187,0,0.118747,57,0,7.83333,,0,0,0,0,0,0,0,0,0,,163,165,,0,0,0,0
1613676205080,6,1010123456026,72,,1,2,11,1,2,,9.27468,233,0,0.11306,62,0,6.57143,,0.1,10,0,0.1,3,0,0,1.06371,31,,205,207,,0,0,0,2.6
1613676205330,6,1010123456026,72,,1,2,11,1,2,,7.84936,312,0,0.150329,95,0,6,,0,0,0,0,0,0,0,0,0,,277,282,,0,0,0,0
1613676205580,6,1010123456026,72,,1,2,11,1,2,,8.47131,244,0,0.109526,67,0,6.33333,,0,0,0,0,0,0,0,0,0,,211,213,,0,0,0,0
1613676205830,6,1010123456026,72,,1,2,11,1,2,,10.3836,159,0,0.10249,49,0,7.16667,,0,0,0,0,0,0,0,0,0,,139,141,,0,0,0,0
1613676206080,6,1010123456026,72,,1,2,11,1,2,,10.4573,164,0,0.101783,47,0,7.28571,,0.1,10,0,0.1,3,0,0,1.32194,31,,143,147,,0,0,0,3.6
1613676206330,6,1010123456026,72,,1,2,11,1,2,,10.9444,162,0,0.101719,46,0,8.16667,,0,0,0,0,0,0,0,0,0,,138,138,,0,0,0,0
1613676206580,6,1010123456026,72,,1,2,11,1,2,,11.3668,199,0,0.138378,57,0,8.16667,,0,0,0,0,0,0,0,0,0,,172,174,,0,0,0,0
1613676206830,6,1010123456026,72,,1,2,11,1,2,,9.01829,164,20,0.0819598,46,0,6.33333,,0,0,0,0,0,0,0,0,0,,145,147,,0,0,0,0
1613676207080,6,1010123456026,72,,1,2,11,1,2,,8.36364,220,103,0.113767,63,0,7.28571,,8.36842,38,0,0.1,11,72.7273,0,7.25087,31,,191,195,,0,0,0,7.39474
1613676207330,6,1010123456026,72,,1,2,11,1,2,,8.93433,335,108,0.169639,95,0,6.83333,,0,0,0,0,0,0,0,0,0,,290,294,,0,0,0,0
1613676207580,6,1010123456026,72,,1,2,11,1,2,,9.6278,223,0,0.123952,64,0,7,,0,0,0,0,0,0,0,0,0,,193,195,,0,0,0,0
1613676207830,6,1010123456026,72,,1,2,11,1,2,,8.12681,276,0,0.121189,78,0,6.16667,,0,0,0,0,0,0,0,0,0,,242,246,,0,0,0,0
1613676208080,6,1010123456026,72,,1,2,11,1,2,,7.1134,194,165,0.0935261,59,0,6.71429,,0.1,13,0,0.1,4,0,0,9.37444,31,,189,204,,0,0,0,1
1613676208330,6,1010123456026,72,,1,2,11,1,2,,8.61165,206,158,0.101333,60,0,6,,0,0,0,0,0,0,0,0,0,,180,180,,0,0,0,0
1613676208580,6,1010123456026,72,,1,2,11,1,2,,9.34595,185,0,0.100241,52,0,6.33333,,0,0,0,0,0,0,0,0,0,,163,171,,0,0,0,0
1613676208830,6,1010123456026,72,,1,2,11,1,2,,5.25237,317,0,0.103036,94,0,5.66667,,0,0,0,0,0,0,0,0,0,,295,297,,0,0,0,0
1613676209080,6,1010123456026,72,,1,2,11,1,2,,10.6816,179,0,0.107663,49,0,7.71429,,0.1,15,0,0.1,4,0,0,8.39529,31,,157,159,,0,0,0,1.2
1613676209330,6,1010123456026,72,,1,2,11,1,2,,9.1226,261,0,0.141944,78,0,6.33333,,0,0,0,0,0,0,0,0,0,,228,234,,0,0,0,0
1613676209580,6,1010123456026,72,,1,2,11,1,2,,10.8716,109,108,0.0646426,28,0,7.33333,,0,0,0,0,0,0,0,0,0,,95,99,,0,0,0,0
1613676209831,6,1010123456026,72,,1,2,11,1,2,,5.31302,361,0,0.133664,99,0,5.33333,,0,0,0,0,0,0,0,0,0,,378,417,,0,0,0,0
1613676210080,6,1010123456026,72,,1,2,11,1,2,,9.1284,257,405,0.149173,76,0,6.28571,,16,14,0,0,4,100,0,2.07023,0,,254,270,,0,0,0,10
1613676210330,6,1010123456026,72,,1,2,11,1,2,,6.53231,325,0,0.155663,98,0,6.83333,,0.1,7,0,0.1,2,0,0,0.979837,31,,346,390,,0,0,0,1
1613676210580,6,1010123456026,72,,1,2,11,1,2,,9.4973,185,0,0.0999518,55,0,6.66667,,0,0,0,0,0,0,0,0,0,,162,162,,0,0,0,0
1613676210830,6,1010123456026,72,,1,2,11,1,2,,8.91866,209,0,0.109108,59,0,6.66667,,0,0,0,0,0,0,0,0,0,,184,192,,0,0,0,0
1613676211080,6,1010123456026,72,,1,2,11,1,2,,9.30732,205,0,0.108305,58,0,6.85714,,1,10,0,0.1,3,0,0,10.9607,31,,186,186,,0,0,0,1
1613676211330,6,1010123456026,72,,1,2,11,1,2,,7.90991,333,105,0.154378,96,0,6,,0,0,0,0,0,0,0,0,0,,296,303,,0,0,0,0
1613676211580,6,1010123456026,72,,1,2,11,1,2,,8.09434,159,0,0.0767229,48,0,5.83333,,0,0,0,0,0,0,0,0,0,,139,141,,0,0,0,0
1613676211830,6,1010123456026,72,,1,2,11,1,2,,9.56098,205,0,0.108691,59,0,6.5,,0,0,0,0,0,0,0,0,0,,177,177,,0,0,0,0
1613676212080,6,1010123456026,72,,1,2,11,1,2,,6.4485,301,69,0.123598,92,0,6,,0,6,0,0.1,2,0,0,0,31,,287,300,,0,0,0,0
1613676212330,6,1010123456026,72,,1,2,11,1,2,,9.68571,175,0,0.0974458,51,0,6.83333,,0,0,0,0,0,0,0,0,0,,150,150,,0,0,0,0
1613676212580,6,1010123456026,72,,1,2,11,1,2,,7.00926,216,0,0.0852369,60,0,5.16667,,0,0,0,0,0,0,0,0,0,,208,216,,0,0,0,0
1613676212830,6,1010123456026,72,,1,2,11,1,2,,5.22034,472,0,0.178699,138,0,5.5,,0,0,0,0,0,0,0,0,0,,469,519,,0,0,0,0
1613676213080,6,1010123456026,72,,1,2,11,1,2,,7.61502,213,156,0.0941365,62,0,6.14286,,9,25,0,0.1,7,57.1429,0,7.92893,31,,197,201,,0,0,0,6.4
1613676213330,6,1010123456026,72,,1,2,11,1,2,,9.48571,245,0,0.135229,72,0,7,,0,0,0,0,0,0,0,0,0,,208,210,,0,0,0,0
1613676213580,6,1010123456026,72,,1,2,11,1,2,,8.03817,262,0,0.121639,75,0,6.5,,0,0,0,0,0,0,0,0,0,,237,243,,0,0,0,0
1613676213830,6,1010123456026,72,,1,2,11,1,2,,8.15672,268,91,0.114185,69,0,6.66667,,0,0,0,0,0,0,0,0,0,,235,237,,0,0,0,0
1613676214081,6,1010123456026,72,,1,2,11,1,2,,7.79195,149,0,0.078432,51,0,6.66667,,8.25806,31,0,0.1,9,44.4444,0,8.54559,31,,134,138,,0,0,0,5.64516
1613676214331,6,1010123456026,72,,1,2,11,1,2,,9.36131,274,0,0.140448,77,0,6.83333,,0,0,0,0,0,0,0,0,0,,238,240,,0,0,0,0
1613676214580,6,1010123456026,72,,1,2,11,1,2,,9.86161,224,0,0.130345,66,0,7,,0,0,0,0,0,0,0,0,0,,193,195,,0,0,0,0
1613676214830,6,1010123456026,72,,1,2,11,1,2,,9.62656,241,48,0.125269,64,0,7.16667,,0,0,0,0,0,0,0,0,0,,209,213,,0,0,0,0
1613676215080,6,1010123456026,72,,1,2,11,1,2,,8.33803,284,0,0.137735,81,0,6.71429,,0.1,14,0,0.1,4,0,0,6.8767,31,,248,252,,0,0,0,1
1613676215330,6,1010123456026,72,,1,2,11,1,2,,9.68103,232,0,0.122313,67,0,7,,0,0,0,0,0,0,0,0,0,,201,201,,0,0,0,0
1613676215580,6,1010123456026,72,,1,2,11,1,2,,9.79661,177,0,0.105606,55,0,8,,0,0,0,0,0,0,0,0,0,,156,156,,0,0,0,0
1613676215830,6,1010123456026,72,,1,2,11,1,2,,9.21008,238,0,0.130024,70,0,6.66667,,0,0,0,0,0,0,0,0,0,,206,210,,0,0,0,0
1613676216080,6,1010123456026,72,,1,2,11,1,2,,8.95954,346,0,0.164659,94,0,6.57143,,7.42857,28,0,0.1,8,50,0,9.33438,31,,298,300,,0,0,0,5.28571
1613676216330,6,1010123456026,72,,1,2,11,1,2,,10.3444,151,0,0.100434,48,0,7,,0,0,0,0,0,0,0,0,0,,133,135,,0,0,0,0
1613676216580,6,1010123456026,72,,1,2,11,1,2,,8.56735,245,0,0.127325,71,0,6.33333,,0,0,0,0,0,0,0,0,0,,225,237,,0,0,0,0
1613676216830,6,1010123456026,72,,1,2,11,1,2,,10.5679,243,20,0.145317,64,0,7,,0,0,0,0,0,0,0,0,0,,213,222,,0,0,0,0
1613676217080,6,1010123456026,72,,1,2,11,1,2,,8.75,88,0,0.0509237,27,0,6.83333,,0.1,12,0,0.1,3,0,0,1.02953,31,,75,75,,0,0,0,2
1613676217330,6,1010123456026,72,,1,2,11,1,2,,5.56442,326,0,0.121992,97,0,5.83333,,0,0,0,0,0,0,0,0,0,,303,309,,0,0,0,0
1613676217580,6,1010123456026,72,,1,2,11,1,2,,9.51659,211,0,0.107245,57,0,6.66667,,0,0,0,0,0,0,0,0,0,,184,186,,0,0,0,0
1613676217830,6,1010123456026,72,,1,2,11,1,2,,9.02264,265,0,0.136225,75,0,6.66667,,0,0,0,0,0,0,0,0,0,,229,231,,0,0,0,0
1613676218080,6,1010123456026,72,,1,2,11,1,2,,9.77465,284,0,0.155406,80,0,6.85714,,6.5,24,0,0.1,7,57.1429,0,13.5565,31,,257,261,,0,0,0,5.875
1613676218330,6,1010123456026,72,,1,2,11,1,2,,7.16139,316,0,0.135165,95,0,6,,0,0,0,0,0,0,0,0,0,,283,291,,0,0,0,0
1613676218580,6,1010123456026,72,,1,2,11,1,2,,10.1468,218,69,0.134779,65,0,7,,0,0,0,0,0,0,0,0,0,,192,198,,0,0,0,0
1613676218830,6,1010123456026,72,,1,2,11,1,2,,8.90458,262,0,0.141558,76,0,6.66667,,0,0,0,0,0,0,0,0,0,,231,240,,0,0,0,0
1613676219080,6,1010123456026,72,,1,2,11,1,2,,9.75889,253,0,0.13645,67,0,7,,9,24,0,0.1,7,57.1429,0,9.05582,31,,222,228,,0,0,0,5.875
1613676219330,6,1010123456026,72,,1,2,11,1,2,,8.75,176,231,0.0962249,50,0,6.16667,,0,0,0,0,0,0,0,0,0,,153,159,,0,0,0,0
1613676219580,6,1010123456026,72,,1,2,11,1,2,,7.2,265,315,0.12604,79,0,8,,0,0,0,0,0,0,0,0,0,,284,315,,0,0,0,0
1613676219830,6,1010123456026,72,,1,2,11,1,2,,8.81933,238,116,0.112129,64,0,6.33333,,0,0,0,0,0,0,0,0,0,,222,228,,0,0,0,0
1613676220081,6,1010123456026,72,,1,2,11,1,2,,7.96939,294,0,0.148352,90,0,6.14286,,0.1,10,0,0.1,3,0,0,1.76427,31,,260,264,,0,0,0,1
1613676220330,6,1010123456026,72,,1,2,11,1,2,,10.1698,212,0,0.132016,63,0,7.16667,,0,0,0,0,0,0,0,0,0,,187,192,,0,0,0,0
1613676220580,6,1010123456026,72,,1,2,11,1,2,,7.8677,257,0,0.120546,74,0,6.5,,0,0,0,0,0,0,0,0,0,,227,231,,0,0,0,0
1613676220830,6,1010123456026,72,,1,2,11,1,2,,8.28095,210,0,0.099245,60,0,6.66667,,0,0,0,0,0,0,0,0,0,,183,183,,0,0,0,0
1613676221080,6,1010123456026,72,,1,2,11,1,2,,9.8125,208,0,0.119614,61,0,6.85714,,0.1,11,0,0.1,3,0,0,13.4847,31,,184,186,,0,0,0,1
1613676221330,6,1010123456026,72,,1,2,11,1,2,,8.26693,251,0,0.110233,70,0,6.33333,,0,0,0,0,0,0,0,0,0,,220,222,,0,0,0,0
1613676221580,6,1010123456026,72,,1,2,11,1,2,,9.28804,184,0,0.102876,53,0,6.83333,,0,0,0,0,0,0,0,0,0,,165,171,,0,0,0,0
1613676221830,6,1010123456026,72,,1,2,11,1,2,,9.61338,269,0,0.156337,81,0,7,,0,0,0,0,0,0,0,0,0,,238,240,,0,0,0,0
1613676222080,6,1010123456026,72,,1,2,11,1,2,,10.546,174,0,0.102201,46,0,7,,9.52381,42,0,0.1,12,66.6667,0,4.0541,31,,150,156,,0,0,0,7
1613676222330,6,1010123456026,72,,1,2,11,1,2,,8.9214,229,0,0.123534,67,0,6.83333,,0,0,0,0,0,0,0,0,0,,196,198,,0,0,0,0
1613676222580,6,1010123456026,72,,1,2,11,1,2,,9.67249,229,0,0.119871,61,0,6.66667,,0,0,0,0,0,0,0,0,0,,200,204,,0,0,0,0
1613676222830,6,1010123456026,72,,1,2,11,1,2,,5.74462,325,0,0.144675,99,0,6,,0,0,0,0,0,0,0,0,0,,353,396,,0,0,0,0
1613676223080,6,1010123456026,72,,1,2,11,1,2,,10.125,160,0,0.0919518,47,0,7.14286,,0,0,0,0,0,0,0,0,0,,141,141,,0,0,0,0
1613676223330,6,1010123456026,72,,1,2,11,1,2,,8.712,125,0,0.0604659,36,0,6.33333,,0.1,7,0,0.1,2,0,0,1.51956,31,,108,108,,0,0,0,2.71429
1613676223580,6,1010123456026,72,,1,2,11,1,2,,9.13684,190,0,0.0865863,48,0,7.16667,,0,0,0,0,0,0,0,0,0,,162,162,,0,0,0,0
1613676223830,6,1010123456026,72,,1,2,11,1,2,,10.6575,181,0,0.123888,58,0,7.33333,,0,0,0,0,0,0,0,0,0,,157,159,,0,0,0,0
1613676224080,6,1010123456026,72,,1,2,11,1,2,,8.32016,253,0,0.136225,73,0,6,,0.1,18,0,0.1,5,20,0,6.58228,31,,234,255,,0,0,0,3.44444
1613676224330,6,1010123456026,72,,1,2,11,1,2,,9.03432,204,0,0.109558,59,0,6.5,,0,0,0,0,0,0,0,0,0,,183,189,,0,0,0,0
1613676224580,6,1010123456026,72,,1,2,11,1,2,,8.87324,142,0,0.0654779,37,0,6.83333,,0,0,0,0,0,0,0,0,0,,130,132,,0,0,0,0
1613676224830,6,1010123456026,72,,1,2,11,1,2,,8.45833,264,0,0.12588,75,0,6.66667,,0,0,0,0,0,0,0,0,0,,233,237,,0,0,0,0
1613676225080,6,1010123456026,72,,1,2,11,1,2,,8.75537,233,0,0.114635,67,0,6.28571,,0.1,37,0,0.1,11,0,0,4.11469,31,,207,207,,0,0,0,2.2973
1613676225330,6,1010123456026,72,,1,2,11,1,2,,7.55224,201,0,0.0906024,60,0,6.33333,,0,0,0,0,0,0,0,0,0,,180,186,,0,0,0,0
1613676225580,6,1010123456026,72,,1,2,11,1,2,,9.93689,206,0,0.127293,62,0,7,,0,0,0,0,0,0,0,0,0,,184,189,,0,0,0,0
1613676225830,6,1010123456026,72,,1,2,11,1,2,,10.7303,178,0,0.11306,52,0,6.83333,,0,0,0,0,0,0,0,0,0,,157,159,,0,0,0,0
1613676226080,6,1010123456026,72,,1,2,11,1,2,,10.2197,173,0,0.108048,50,0,7.28571,,0.1,13,0,0.1,4,0,0,5.65084,31,,152,156,,0,0,0,1.46154
1613676226330,6,1010123456026,72,,1,2,11,1,2,,10.9506,263,0,0.161092,68,0,7.16667,,0,0,0,0,0,0,0,0,0,,228,234,,0,0,0,0
1613676226580,6,1010123456026,72,,1,2,11,1,2,,10.0774,310,0,0.182618,95,0,6.83333,,0,0,0,0,0,0,0,0,0,,267,267,,0,0,0,0
1613676226830,6,1010123456026,72,,1,2,11,1,2,,9.3516,219,89,0.131149,64,0,6.83333,,0,0,0,0,0,0,0,0,0,,203,213,,0,0,0,0
1613676227080,6,1010123456026,72,,1,2,11,1,2,,10.1792,212,0,0.118972,57,0,7,,0.48,50,0,0.1,14,71.4286,0,5.90534,31,,187,192,,0,0,0,7.3
1613676227330,6,1010123456026,72,,1,2,11,1,2,,11.1389,144,0,0.107438,46,0,7.66667,,0,0,0,0,0,0,0,0,0,,124,126,,0,0,0,0
1613676227581,6,1010123456026,72,,1,2,11,1,2,,8.70866,254,0,0.119456,70,0,6.66667,,0,0,0,0,0,0,0,0,0,,220,222,,0,0,0,0
1613676227830,6,1010123456026,72,,1,2,11,1,2,,8.22458,236,0,0.110683,71,0,6.5,,0,0,0,0,0,0,0,0,0,,204,204,,0,0,0,0
1613676228080,6,1010123456026,72,,1,2,11,1,2,,9.73913,276,0,0.155502,77,0,7.14286,,0,12,0,0,4,100,0,0,0,,241,249,,0,0,0,0
1613676228330,6,1010123456026,72,,1,2,11,1,2,,7.44706,255,89,0.109269,70,0,6.16667,,0,0,0,0,0,0,0,0,0,,238,252,,0,0,0,0
1613676228581,6,1010123456026,72,,1,2,11,1,2,,6.68166,289,20,0.126592,86,0,6.33333,,0,0,0,0,0,0,0,0,0,,271,282,,0,0,0,0
1613676228831,6,1010123456026,72,,1,2,11,1,2,,7.58657,283,84,0.13872,81,0,6,,0,0,0,0,0,0,0,0,0,,263,282,,0,0,0,0
1613676229081,6,1010123456026,72,,1,2,11,1,2,,8.5,126,89,0.06768,41,0,7.16667,,0.1,18,0,0.1,5,40,0,1.0329,31,,115,117,,0,0,0,4.66667
1613676229330,6,1010123456026,72,,1,2,11,1,2,,8.52062,194,0,0.093012,57,0,6.2,,0,0,0,0,0,0,0,0,0,,168,168,,0,0,0,0
1613676229580,6,1010123456026,72,,1,2,11,1,2,,7.40893,291,0,0.121799,84,0,5.66667,,0,0,0,0,0,0,0,0,0,,256,258,,0,0,0,0
1613676229830,6,1010123456026,72,,1,2,11,1,2,,7.8,190,0,0.0821526,53,0,6,,0,0,0,0,0,0,0,0,0,,163,165,,0,0,0,0
1613676230080,6,1010123456026,72,,1,2,11,1,2,,9.73214,280,0,0.163277,83,0,7,,0.1,12,0,0.1,4,0,0,2.87403,31,,256,264,,0,0,0,1
1613676230330,6,1010123456026,72,,1,2,11,1,2,,9.61809,199,0,0.103133,56,0,6.66667,,0,0,0,0,0,0,0,0,0,,174,174,,0,0,0,0
1613676230580,6,1010123456026,72,,1,2,11,1,2,,9.40664,241,0,0.12996,69,0,6.83333,,0,0,0,0,0,0,0,0,0,,209,213,,0,0,0,0
1613676230830,6,1010123456026,72,,1,2,11,1,2,,4.39915,471,7,0.133719,134,0,5,,0,0,0,0,0,0,0,0,0,,456,480,,0,0,0,0
1613676231080,6,1010123456026,72,,1,2,11,1,2,,6.23788,433,60,0.173558,130,0,5.42857,,0.25,16,0,0.1,5,20,0,5.50265,31,,437,471,,0,0,0,4.1875
1613676231330,6,1010123456026,72,,1,2,11,1,2,,7.86486,185,0,0.0774297,51,0,6.5,,0,0,0,0,0,0,0,0,0,,159,159,,0,0,0,0
1613676231580,6,1010123456026,72,,1,2,11,1,2,,8.9593,172,0,0.0874217,50,0,6.66667,,0,0,0,0,0,0,0,0,0,,148,150,,0,0,0,0
1613676231830,6,1010123456026,72,,1,2,11,1,2,,8.44927,276,0,0.131502,80,0,6.5,,0,0,0,0,0,0,0,0,0,,243,243,,0,0,0,0
1613676232081,6,1010123456026,72,,1,2,11,1,2,,9.04494,178,44,0.092,53,0,6.57143,,1.30233,43,0,0.1,13,15.3846,0,11.1068,31,,156,156,,0,0,0,2.83721
1613676232330,6,1010123456026,72,,1,2,11,1,2,,9.18056,144,0,0.0713574,40,0,6.66667,,0,0,0,0,0,0,0,0,0,,129,129,,0,0,0,0
1613676232580,6,1010123456026,72,,1,2,11,1,2,,4.59621,317,0,0.108498,94,0,5.16667,,0,0,0,0,0,0,0,0,0,,311,351,,0,0,0,0
1613676232830,6,1010123456026,72,,1,2,11,1,2,,7.63356,292,0,0.127165,84,0,6.5,,0,0,0,0,0,0,0,0,0,,260,264,,0,0,0,0
1613676233080,6,1010123456026,72,,1,2,11,1,2,,10.1545,246,0,0.145992,72,0,7.14286,,0.1,12,0,0.1,4,0,0,1.85282,31,,218,222,,0,0,0,1.75
1613676233330,6,1010123456026,72,,1,2,11,1,2,,8.47111,225,0,0.109783,66,0,6,,0,0,0,0,0,0,0,0,0,,201,201,,0,0,0,0
1613676233580,6,1010123456026,72,,1,2,11,1,2,,7.875,232,0,0.104482,64,0,6.33333,,0,0,0,0,0,0,0,0,0,,212,222,,0,0,0,0
1613676233830,6,1010123456026,72,,1,2,11,1,2,,7.44815,270,0,0.121157,81,0,6.16667,,0,0,0,0,0,0,0,0,0,,246,252,,0,0,0,0
1613676234081,6,1010123456026,72,,1,2,11,1,2,,9.23711,194,0,0.098816,56,0,6.71429,,0.1,14,0,0.1,4,0,0,9.17132,31,,168,168,,0,0,0,1
1613676234330,6,1010123456026,72,,1,2,11,1,2,,6.74306,288,0,0.105896,80,0,5.83333,,0,0,0,0,0,0,0,0,0,,252,252,,0,0,0,0
1613676234580,6,1010123456026,72,,1,2,11,1,2,,9.62879,264,0,0.146217,75,0,7.16667,,0,0,0,0,0,0,0,0,0,,226,228,,0,0,0,0
1613676234830,6,1010123456026,72,,1,2,11,1,2,,7.03846,286,0,0.117398,83,0,5.83333,,0,0,0,0,0,0,0,0,0,,270,276,,0,0,0,0
1613676235080,6,1010123456026,72,,1,2,11,1,2,,7.5,214,0,0.0884819,61,0,6.28571,,0.1,17,0,0.1,5,0,0,7.04796,31,,183,183,,0,0,0,1.17647
1613676235330,6,1010123456026,72,,1,2,11,1,2,,9.60081,248,0,0.145799,75,0,7,,0,0,0,0,0,0,0,0,0,,220,222,,0,0,0,0
1613676235580,6,1010123456026,72,,1,2,11,1,2,,9.11055,199,0,0.0981526,55,0,6.66667,,0,0,0,0,0,0,0,0,0,,180,180,,0,0,0,0
1613676235830,6,1010123456026,72,,1,2,11,1,2,,8.2973,296,105,0.143165,87,0,6,,0,0,0,0,0,0,0,0,0,,259,261,,0,0,0,0
1613676236080,6,1010123456026,72,,1,2,11,1,2,,8.616,250,0,0.122956,72,0,7.42857,,0.1,19,0,0.1,6,50,0,1.54443,31,,226,228,,0,0,0,5.78947
1613676236330,6,1010123456026,72,,1,2,11,1,2,,9.42553,235,0,0.12739,66,0,6.66667,,0,0,0,0,0,0,0,0,0,,203,207,,0,0,0,0
1613676236580,6,1010123456026,72,,1,2,11,1,2,,9.21935,310,158,0.17449,93,0,6.5,,0,0,0,0,0,0,0,0,0,,275,285,,0,0,0,0
1613676236830,6,1010123456026,72,,1,2,11,1,2,,4.16008,506,0,0.16196,144,0,5.16667,,0,0,0,0,0,0,0,0,0,,562,624,,0,0,0,0
1613676237080,6,1010123456026,72,,1,2,11,1,2,,9.54468,235,0,0.132498,71,0,7,,0.1,10,0,0.1,3,0,0,1.99582,31,,207,207,,0,0,0,1.8
1613676237330,6,1010123456026,72,,1,2,11,1,2,,9.44595,222,158,0.123373,64,0,6.33333,,0,0,0,0,0,0,0,0,0,,198,204,,0,0,0,0
1613676237581,6,1010123456026,72,,1,2,11,1,2,,6.72549,204,272,0.083456,52,0,6.16667,,0,0,0,0,0,0,0,0,0,,179,183,,0,0,0,0
1613676237830,6,1010123456026,72,,1,2,11,1,2,,7.68817,279,49,0.117526,85,0,6.66667,,0,0,0,0,0,0,0,0,0,,249,249,,0,0,0,0
1613676238081,6,1010123456026,72,,1,2,11,1,2,,6.34012,344,0,0.148992,102,0,6.14286,,0.1,10,0,0.1,3,0,0,9.67725,31,,324,354,,0,0,0,1
1613676238330,6,1010123456026,72,,1,2,11,1,2,,10.5377,199,0,0.11788,54,0,7,,0,0,0,0,0,0,0,0,0,,178,186,,0,0,0,0
1613676238581,6,1010123456026,72,,1,2,11,1,2,,8.69259,270,0,0.143808,79,0,6.5,,0,0,0,0,0,0,0,0,0,,237,243,,0,0,0,0
1613676238830,6,1010123456026,72,,1,2,11,1,2,,9.37643,263,0,0.139309,78,0,6.83333,,0,0,0,0,0,0,0,0,0,,231,231,,0,0,0,0
1613676239080,6,1010123456026,72,,1,2,11,1,2,,10.0361,166,0,0.102201,49,0,7.14286,,6.70968,31,0,0.1,9,44.4444,0,7.03535,31,,142,144,,0,0,0,4.87097
1613676239330,6,1010123456026,72,,1,2,11,1,2,,9.24268,239,158,0.125108,69,0,6.16667,,0,0,0,0,0,0,0,0,0,,211,213,,0,0,0,0
1613676239580,6,1010123456026,72,,1,2,11,1,2,,9.01639,305,0,0.158394,87,0,6.5,,0,0,0,0,0,0,0,0,0,,264,270,,0,0,0,0
1613676239830,6,1010123456026,72,,1,2,11,1,2,,9.10853,258,5,0.117301,66,0,6,,0,0,0,0,0,0,0,0,0,,223,225,,0,0,0,0
1613676240081,6,1010123456026,72,,1,2,11,1,2,,6.13801,413,0,0.154624,122,0,5.85714,,6.54545,22,0,0.1,7,57.1429,0,10.1899,0,,376,378,,0,0,0,5.90909
1613676240330,6,1010123456026,72,,1,2,11,1,2,,8.78277,267,49,0.137221,80,0,6.66667,,0,0,0,0,0,0,0,0,0,,231,237,,0,0,0,0
1613676240580,6,1010123456026,72,,1,2,11,1,2,,9.97826,230,0,0.131952,67,0,6.83333,,0,0,0,0,0,0,0,0,0,,195,195,,0,0,0,0
1613676240830,6,1010123456026,72,,1,2,11,1,2,,7.76842,285,89,0.119486,80,0,6.16667,,0,0,0,0,0,0,0,0,0,,248,252,,0,0,0,0
1613676241080,6,1010123456026,72,,1,2,11,1,2,,7.84513,226,0,0.110329,69,0,6.28571,,0.1,24,0,0.1,8,62.5,0,6.54384,31,,203,207,,0,0,0,7.25
1613676241330,6,1010123456026,72,,1,2,11,1,2,,7.00593,337,0,0.139695,96,0,6.33333,,0,0,0,0,0,0,0,0,0,,304,318,,0,0,0,0
1613676241580,6,1010123456026,72,,1,2,11,1,2,,10.3873,204,0,0.123598,58,0,7,,0,0,0,0,0,0,0,0,0,,181,183,,0,0,0,0
1613676241830,6,1010123456026,72,,1,2,11,1,2,,9.09362,235,0,0.125558,67,0,6.83333,,0,0,0,0,0,0,0,0,0,,206,213,,0,0,0,0
1613676242080,6,1010123456026,72,,1,2,11,1,2,,11.3514,185,0,0.123181,53,0,7.28571,,0.1,10,0,0.1,3,0,0,2.18256,31,,160,162,,0,0,0,1.7
1613676242330,6,1010123456026,72,,1,2,11,1,2,,9.90498,221,134,0.123855,61,0,7,,0,0,0,0,0,0,0,0,0,,201,210,,0,0,0,0
1613676242581,6,1010123456026,72,,1,2,11,1,2,,7.56569,274,0,0.126688,81,0,5.83333,,0,0,0,0,0,0,0,0,0,,245,249,,0,0,0,0
1613676242830,6,1010123456026,72,,1,2,11,1,2,,8.19565,230,0,0.105092,66,0,7.16667,,0,0,0,0,0,0,0,0,0,,211,213,,0,0,0,0
1613676243080,6,1010123456026,72,,1,2,11,1,2,,7.52551,196,0,0.0889639,60,0,6,,0.1,10,0,0.1,3,0,0,1.28334,31,,175,177,,0,0,0,2.8
1613676243330,6,1010123456026,72,,1,2,11,1,2,,9.34783,345,69,0.179534,99,0,6.66667,,0,0,0,0,0,0,0,0,0,,305,309,,0,0,0,0
1613676243581,6,1010123456026,72,,1,2,11,1,2,,9.29694,229,0,0.124608,66,0,6.16667,,0,0,0,0,0,0,0,0,0,,197,201,,0,0,0,0
1613676243831,6,1010123456026,72,,1,2,11,1,2,,7.887,177,0,0.07136,47,0,6.33333,,0,0,0,0,0,0,0,0,0,,153,153,,0,0,0,0
1613676244081,6,1010123456026,72,,1,2,11,1,2,,5.37367,281,0,0.09968,80,0,5.85714,,0.1,21,0,0.1,6,0,0,4.45455,31,,255,258,,0,0,0,1.71429
1613676244330,6,1010123456026,72,,1,2,11,1,2,,7.15385,247,315,0.117783,78,0,6.33333,,0,0,0,0,0,0,0,0,0,,260,282,,0,0,0,0
1613676244580,6,1010123456026,72,,1,2,11,1,2,,10.3929,140,0,0.0811566,38,0,7.16667,,0,0,0,0,0,0,0,0,0,,118,120,,0,0,0,0
1613676244830,6,1010123456026,72,,1,2,11,1,2,,9.24615,130,0,0.0757912,39,0,6.66667,,0,0,0,0,0,0,0,0,0,,113,117,,0,0,0,0
1613676245081,6,1010123456026,72,,1,2,11,1,2,,6.08911,303,117,0.1112,81,0,6.14286,,15,16,0,0,4,100,0,0.792304,0,,280,291,,0,0,0,10
1613676245330,6,1010123456026,72,,1,2,11,1,2,,8.72759,290,246,0.142233,84,0,6.16667,,0,0,0,0,0,0,0,0,0,,256,264,,0,0,0,0
1613676245580,6,1010123456026,72,,1,2,11,1,2,,8.77778,225,0,0.135743,70,0,6.33333,,0,0,0,0,0,0,0,0,0,,201,207,,0,0,0,0
1613676245830,6,1010123456026,72,,1,2,11,1,2,,8.55111,225,0,0.109205,65,0,6.5,,0,0,0,0,0,0,0,0,0,,195,195,,0,0,0,0
1613676246080,6,1010123456026,72,,1,2,11,1,2,,7.17905,296,111,0.133301,86,0,6.42857,,0.1,10,0,0.1,3,0,0,1.61916,31,,274,276,,0,0,0,3.7
1613676246330,6,1010123456026,72,,1,2,11,1,2,,8.37342,158,0,0.082249,47,0,6.83333,,0,0,0,0,0,0,0,0,0,,138,144,,0,0,0,0
1613676246580,6,1010123456026,72,,1,2,11,1,2,,7.7276,279,0,0.126394,78,0,6.16667,,0,0,0,0,0,0,0,0,0,,257,267,,0,0,0,0
1613676246830,6,1010123456026,72,,1,2,11,1,2,,8.90336,238,0,0.125141,71,0,7,,0,0,0,0,0,0,0,0,0,,204,204,,0,0,0,0
1613676247080,6,1010123456026,72,,1,2,11,1,2,,9.43636,275,0,0.156819,80,0,6.71429,,0.1,19,0,0.1,5,0,0,11.0364,31,,251,261,,0,0,0,1.21053
1613676247330,6,1010123456026,72,,1,2,11,1,2,,9.19504,282,190,0.141333,78,0,6.83333,,0,0,0,0,0,0,0,0,0,,250,258,,0,0,0,0
1613676247580,6,1010123456026,72,,1,2,11,1,2,,9.39904,208,0,0.119036,61,0,6.66667,,0,0,0,0,0,0,0,0,0,,176,180,,0,0,0,0
1613676247830,6,1010123456026,72,,1,2,11,1,2,,9.56364,165,0,0.0817992,44,0,7,,0,0,0,0,0,0,0,0,0,,141,141,,0,0,0,0
1613676248080,6,1010123456026,72,,1,2,11,1,2,,9.05952,168,117,0.0818635,46,0,6.57143,,15,13,0,0,4,100,0,2.52734,0,,146,150,,0,0,0,10
1613676248331,6,1010123456026,72,,1,2,11,1,2,,7.93309,269,0,0.13648,82,0,6,,0,0,0,0,0,0,0,0,0,,233,237,,0,0,0,0
1613676248580,6,1010123456026,72,,1,2,11,1,2,,4.26064,376,0,0.110233,110,0,5,,0,0,0,0,0,0,0,0,0,,362,387,,0,0,0,0
1613676248830,6,1010123456026,72,,1,2,11,1,2,,8.36131,274,105,0.124112,76,0,6,,0,0,0,0,0,0,0,0,0,,238,240,,0,0,0,0
1613676249081,6,1010123456026,72,,1,2,11,1,2,,6.95221,272,52,0.114304,82,0,6,,0.1,17,0,0.1,5,20,0,1.9946,31,,251,255,,0,0,0,3.82353
1613676249331,6,1010123456026,72,,1,2,11,1,2,,8.65462,249,123,0.125024,68,0,5.83333,,0,0,0,0,0,0,0,0,0,,224,228,,0,0,0,0
1613676249580,6,1010123456026,72,,1,2,11,1,2,,6.2482,278,20,0.101173,80,0,6.33333,,0,0,0,0,0,0,0,0,0,,261,282,,0,0,0,0
1613676249830,6,1010123456026,72,,1,2,11,1,2,,9.34597,211,0,0.124402,64,0,6.5,,0,0,0,0,0,0,0,0,0,,179,183,,0,0,0,0
1613676250080,6,1010123456026,72,,1,2,11,1,2,,8.52683,205,0,0.0984418,59,0,7,,0.1,11,0,0.1,3,0,0,2.23015,31,,177,177,,0,0,0,1
1613676250330,6,1010123456026,72,,1,2,11,1,2,,8.69068,236,0,0.117526,65,0,6.66667,,0,0,0,0,0,0,0,0,0,,204,210,,0,0,0,0
1613676250580,6,1010123456026,72,,1,2,11,1,2,,6.50681,367,105,0.157751,103,0,5.16667,,0,0,0,0,0,0,0,0,0,,367,396,,0,0,0,0
1613676250830,6,1010123456026,72,,1,2,11,1,2,,9.66995,203,0,0.119261,62,0,7,,0,0,0,0,0,0,0,0,0,,174,174,,0,0,0,0
1613676251080,6,1010123456026,72,,1,2,11,1,2,,9.57051,156,0,0.0815743,43,0,6.85714,,6.26087,23,0,0.1,7,57.1429,0,9.89249,31,,135,135,,0,0,0,5.69565
1613676251330,6,1010123456026,72,,1,2,11,1,2,,8.9631,271,0,0.136739,77,0,6,,0,0,0,0,0,0,0,0,0,,238,240,,0,0,0,0
1613676251581,6,1010123456026,72,,1,2,11,1,2,,8.97959,245,0,0.129728,70,0,6.66667,,0,0,0,0,0,0,0,0,0,,214,222,,0,0,0,0
1613676251830,6,1010123456026,72,,1,2,11,1,2,,8.08929,168,0,0.0761767,44,0,6,,0,0,0,0,0,0,0,0,0,,145,147,,0,0,0,0
1613676252080,6,1010123456026,72,,1,2,11,1,2,,9.1,220,0,0.120321,71,0,7,,0.1,17,0,0.1,5,20,0,7.00573,31,,192,192,,0,0,0,2.82353
1613676252330,6,1010123456026,72,,1,2,11,1,2,,10.9816,163,0,0.107984,47,0,7.5,,0,0,0,0,0,0,0,0,0,,142,144,,0,0,0,0
1613676252580,6,1010123456026,72,,1,2,11,1,2,,10.5,152,0,0.0922731,44,0,7.16667,,0,0,0,0,0,0,0,0,0,,132,132,,0,0,0,0
1613676252831,6,1010123456026,72,,1,2,11,1,2,,7.61765,306,0,0.1368,89,0,6.2,,0,0,0,0,0,0,0,0,0,,275,285,,0,0,0,0
1613676253080,6,1010123456026,72,,1,2,11,1,2,,10.6358,162,0,0.0970924,46,0,7.14286,,12,16,0,0.1,5,80,0,6.82327,0,,139,141,,0,0,0,7.75
1613676253331,6,1010123456026,72,,1,2,11,1,2,,7.35252,278,25,0.109408,74,0,5.66667,,0,0,0,0,0,0,0,0,0,,250,252,,0,0,0,0
1613676253580,6,1010123456026,72,,1,2,11,1,2,,8.39544,263,105,0.14355,82,0,6.66667,,0,0,0,0,0,0,0,0,0,,254,270,,0,0,0,0
1613676253830,6,1010123456026,72,,1,2,11,1,2,,7.93077,260,169,0.106635,68,0,5.83333,,0,0,0,0,0,0,0,0,0,,233,243,,0,0,0,0
1613676254080,6,1010123456026,72,,1,2,11,1,2,,9.14458,166,0,0.102426,55,0,6.85714,,13.5,8,0,0.1,2,0,0,29.9071,31,,143,147,,0,0,0,1
1613676254331,6,1010123456026,72,,1,2,11,1,2,,9.72222,234,0,0.124608,67,0,6.66667,,0,0,0,0,0,0,0,0,0,,201,201,,0,0,0,0
1613676254580,6,1010123456026,72,,1,2,11,1,2,,9.01208,331,177,0.157044,90,0,6.66667,,0,0,0,0,0,0,0,0,0,,287,291,,0,0,0,0
1613676254830,6,1010123456026,72,,1,2,11,1,2,,8.26899,316,0,0.17041,96,0,6.8,,0,0,0,0,0,0,0,0,0,,280,294,,0,0,0,0
1613676255080,6,1010123456026,72,,1,2,11,1,2,,5.70185,379,158,0.125687,111,0,6.71429,,15,13,0,0,4,100,0,1.30145,0,,362,366,,0,0,0,10
1613676255330,6,1010123456026,72,,1,2,11,1,2,,9.01158,259,0,0.137639,74,0,6.66667,,0,0,0,0,0,0,0,0,0,,233,243,,0,0,0,0
1613676255580,6,1010123456026,72,,1,2,11,1,2,,9.00844,237,0,0.128225,66,0,6.66667,,0,0,0,0,0,0,0,0,0,,221,234,,0,0,0,0
1613676255830,6,1010123456026,72,,1,2,11,1,2,,7.61481,270,0,0.132498,83,0,5.83333,,0,0,0,0,0,0,0,0,0,,237,246,,0,0,0,0
1613676256080,6,1010123456026,72,,1,2,11,1,2,,8.62807,285,0,0.142233,81,0,6.42857,,8,26,0,0.1,8,50,0,7.36726,31,,258,267,,0,0,0,5.61538
1613676256330,6,1010123456026,72,,1,2,11,1,2,,9.05825,206,93,0.113799,60,0,6.5,,0,0,0,0,0,0,0,0,0,,179,183,,0,0,0,0
1613676256580,6,1010123456026,72,,1,2,11,1,2,,7.59799,199,0,0.0886426,58,0,6,,0,0,0,0,0,0,0,0,0,,170,174,,0,0,0,0
1613676256830,6,1010123456026,72,,1,2,11,1,2,,9,224,0,0.108884,62,0,6.33333,,0,0,0,0,0,0,0,0,0,,195,195,,0,0,0,0
1613676257081,6,1010123456026,72,,1,2,11,1,2,,6.53213,389,119,0.161344,112,0,5.42857,,0.1,10,0,0.1,3,0,0,14.463,31,,378,417,,0,0,0,1.9
1613676257330,6,1010123456026,72,,1,2,11,1,2,,7.48294,381,56,0.175486,109,0,6.5,,0,0,0,0,0,0,0,0,0,,346,369,,0,0,0,0
1613676257580,6,1010123456026,72,,1,2,11,1,2,,8.3209,268,0,0.130827,79,0,7,,0,0,0,0,0,0,0,0,0,,231,237,,0,0,0,0
1613676257830,6,1010123456026,72,,1,2,11,1,2,,10.652,204,69,0.11849,55,0,7.16667,,0,0,0,0,0,0,0,0,0,,176,180,,0,0,0,0
1613676258080,6,1010123456026,72,,1,2,11,1,2,,9.78244,262,55,0.145928,74,0,7,,15,16,0,0,4,100,0,1.09665,0,,236,240,,0,0,0,10
1613676258331,6,1010123456026,72,,1,2,11,1,2,,9.23744,219,158,0.128576,64,0,6.83333,,0,0,0,0,0,0,0,0,0,,190,192,,0,0,0,0
1613676258580,6,1010123456026,72,,1,2,11,1,2,,6.78451,297,0,0.127647,84,0,6,,0,0,0,0,0,0,0,0,0,,262,270,,0,0,0,0
1613676258830,6,1010123456026,72,,1,2,11,1,2,,8.07973,301,175,0.14053,84,0,6.16667,,0,0,0,0,0,0,0,0,0,,267,273,,0,0,0,0
1613676259080,6,1010123456026,72,,1,2,11,1,2,,8.45026,191,0,0.0946506,61,0,7,,0.1,11,0,0.1,3,0,0,1.40184,31,,168,168,,0,0,0,2.09091
1613676259330,6,1010123456026,72,,1,2,11,1,2,,9.57143,203,0,0.118651,60,0,7.16667,,0,0,0,0,0,0,0,0,0,,173,177,,0,0,0,0
1613676259580,6,1010123456026,72,,1,2,11,1,2,,7.63855,249,0,0.100402,67,0,6.16667,,0,0,0,0,0,0,0,0,0,,220,222,,0,0,0,0
1613676259830,6,1010123456026,72,,1,2,11,1,2,,11.1858,183,0,0.120257,54,0,7.66667,,0,0,0,0,0,0,0,0,0,,156,156,,0,0,0,0
1613676260080,6,1010123456026,72,,1,2,11,1,2,,7.11816,347,0,0.154281,99,0,6,,0.1,10,0,0.1,3,0,0,1.91026,31,,320,333,,0,0,0,1.4
1613676260330,6,1010123456026,72,,1,2,11,1,2,,6.21392,388,0,0.149237,117,0,6.16667,,0,0,0,0,0,0,0,0,0,,358,378,,0,0,0,0
1613676260580,6,1010123456026,72,,1,2,11,1,2,,9.3105,219,0,0.119004,62,0,6.83333,,0,0,0,0,0,0,0,0,0,,188,192,,0,0,0,0
1613676260830,6,1010123456026,72,,1,2,11,1,2,,8.20979,286,158,0.128932,81,0,6.16667,,0,0,0,0,0,0,0,0,0,,259,261,,0,0,0,0
1613676261080,6,1010123456026,72,,1,2,11,1,2,,8.78838,241,0,0.108884,64,0,6.42857,,6.26087,23,0,0.1,7,57.1429,0,10.5271,31,,208,210,,0,0,0,5.69565
1613676261330,6,1010123456026,72,,1,2,11,1,2,,8.07203,236,0,0.12347,75,0,6.66667,,0,0,0,0,0,0,0,0,0,,214,216,,0,0,0,0
1613676261581,6,1010123456026,72,,1,2,11,1,2,,10.3077,143,31,0.079968,34,0,7.83333,,0,0,0,0,0,0,0,0,0,,125,129,,0,0,0,0
1613676261830,6,1010123456026,72,,1,2,11,1,2,,6.35842,279,0,0.122474,87,0,6.16667,,0,0,0,0,0,0,0,0,0,,243,249,,0,0,0,0
1613676262081,6,1010123456026,72,,1,2,11,1,2,,8.44025,318,135,0.136192,85,0,6.28571,,0.1,14,0,0.1,4,0,0,7.24373,31,,280,282,,0,0,0,1.78571
1613676262330,6,1010123456026,72,,1,2,11,1,2,,9.44017,234,69,0.136418,71,0,7,,0,0,0,0,0,0,0,0,0,,207,213,,0,0,0,0
1613676262581,6,1010123456026,72,,1,2,11,1,2,,10.2573,171,0,0.106912,48,0,7.2,,0,0,0,0,0,0,0,0,0,,146,150,,0,0,0,0
1613676262830,6,1010123456026,72,,1,2,11,1,2,,8.99346,153,0,0.0874859,48,0,6.5,,0,0,0,0,0,0,0,0,0,,137,141,,0,0,0,0
1613676263080,6,1010123456026,72,,1,2,11,1,2,,8.55215,163,0,0.0712289,44,0,6.42857,,0,12,0,0,4,100,0,0,0,,141,141,,0,0,0,0
1613676263330,6,1010123456026,72,,1,2,11,1,2,,9.34177,237,0,0.120578,67,0,6.5,,0.1,7,0,0.1,2,0,0,1.88354,31,,201,201,,0,0,0,1
1613676263580,6,1010123456026,72,,1,2,11,1,2,,8.87831,189,0,0.0978635,57,0,6.66667,,0,0,0,0,0,0,0,0,0,,165,165,,0,0,0,0
1613676263830,6,1010123456026,72,,1,2,11,1,2,,8.57971,276,0,0.131116,75,0,6.5,,0,0,0,0,0,0,0,0,0,,251,258,,0,0,0,0
1613676264080,6,1010123456026,72,,1,2,11,1,2,,10.4031,196,0,0.124402,60,0,7,,0.1,10,0,0.1,3,0,0,1.40449,31,,172,174,,0,0,0,2.4
1613676264330,6,1010123456026,72,,1,2,11,1,2,,9.39095,243,140,0.130378,69,0,6,,0,0,0,0,0,0,0,0,0,,220,222,,0,0,0,0
1613676264580,6,1010123456026,72,,1,2,11,1,2,,7.84112,214,0,0.098988,62,0,6.66667,,0,0,0,0,0,0,0,0,0,,192,198,,0,0,0,0
1613676264830,6,1010123456026,72,,1,2,11,1,2,,6.3855,262,0,0.0907309,73,0,5.66667,,0,0,0,0,0,0,0,0,0,,230,234,,0,0,0,0
1613676265080,6,1010123456026,72,,1,2,11,1,2,,9.37917,240,0,0.131084,73,0,6.28571,,0.1,21,0,0.1,6,33.3333,0,4.76979,31,,220,222,,0,0,0,6.28571
1613676265330,6,1010123456026,72,,1,2,11,1,2,,8.55556,243,0,0.109333,64,0,7,,0,0,0,0,0,0,0,0,0,,211,213,,0,0,0,0
1613676265580,6,1010123456026,72,,1,2,11,1,2,,9.19372,191,0,0.113928,61,0,6.5,,0,0,0,0,0,0,0,0,0,,170,174,,0,0,0,0
1613676265830,6,1010123456026,72,,1,2,11,1,2,,9.223,287,15,0.151454,79,0,6.66667,,0,0,0,0,0,0,0,0,0,,260,267,,0,0,0,0
1613676266080,6,1010123456026,72,,1,2,11,1,2,,9.6214,243,0,0.140787,74,0,7,,15,14,0,0,4,100,0,1.50823,0,,214,216,,0,0,0,10
1613676266330,6,1010123456026,72,,1,2,11,1,2,,9.57511,233,0,0.123855,66,0,7.16667,,0,0,0,0,0,0,0,0,0,,198,198,,0,0,0,0
1613676266580,6,1010123456026,72,,1,2,11,1,2,,9.3522,159,0,0.0867791,46,0,6.66667,,0,0,0,0,0,0,0,0,0,,139,141,,0,0,0,0
1613676266830,6,1010123456026,72,,1,2,11,1,2,,9.06168,227,0,0.11457,65,0,7.16667,,0,0,0,0,0,0,0,0,0,,195,195,,0,0,0,0
1613676267080,6,1010123456026,72,,1,2,11,1,2,,8,207,0,0.0991486,59,0,6.42857,,0.1,11,0,0.1,3,0,0,1.41018,31,,180,186,,0,0,0,2
1613676267330,6,1010123456026,72,,1,2,11,1,2,,8.68924,251,158,0.125912,72,0,6.83333,,0,0,0,0,0,0,0,0,0,,221,225,,0,0,0,0
1613676267580,6,1010123456026,72,,1,2,11,1,2,,8.33435,329,0,0.153253,92,0,6.66667,,0,0,0,0,0,0,0,0,0,,289,291,,0,0,0,0
1613676267830,6,1010123456026,72,,1,2,11,1,2,,9.39264,163,0,0.0974458,49,0,7,,0,0,0,0,0,0,0,0,0,,143,147,,0,0,0,0
1613676268080,6,1010123456026,72,,1,2,11,1,2,,10.7154,267,0,0.166361,75,0,8,,14.9744,78,0,0.13812,25,80,0,7.39932,31,,235,237,,0,0,0,7.80769
1613676268330,6,1010123456026,72,,1,2,11,1,2,,9.80488,123,0,0.0759197,38,0,6.33333,,0,0,0,0,0,0,0,0,0,,106,108,,0,0,0,0
1613676268580,6,1010123456026,72,,1,2,11,1,2,,6.76712,292,60,0.127004,83,0,5.66667,,0,0,0,0,0,0,0,0,0,,282,297,,0,0,0,0
1613676268830,6,1010123456026,72,,1,2,11,1,2,,8.82418,273,0,0.141847,80,0,6.5,,0,0,0,0,0,0,0,0,0,,240,246,,0,0,0,0
1613676269080,6,1010123456026,72,,1,2,11,1,2,,10.5628,199,0,0.124273,57,0,7.33333,,0.1,11,0,0.1,3,0,0,2.19287,31,,178,183,,0,0,0,1.27273
1613676269330,6,1010123456026,72,,1,2,11,1,2,,5.70145,345,60,0.118715,97,0,6.5,,0,0,0,0,0,0,0,0,0,,315,330,,0,0,0,0
1613676269581,6,1010123456026,72,,1,2,11,1,2,,9.04369,206,0,0.109024,62,0,5.83333,,0,0,0,0,0,0,0,0,0,,178,180,,0,0,0,0
1613676269830,6,1010123456026,72,,1,2,11,1,2,,5.04222,450,0,0.13796,126,0,5.33333,,0,0,0,0,0,0,0,0,0,,410,423,,0,0,0,0
1613676270080,6,1010123456026,72,,1,2,11,1,2,,8.34,200,0,0.104803,63,0,6.42857,,0.1,19,0,0.1,6,0,0,7.11795,31,,188,192,,0,0,0,2.21053
1613676270331,6,1010123456026,72,,1,2,11,1,2,,8.36965,257,84,0.114944,70,0,6,,0,0,0,0,0,0,0,0,0,,222,222,,0,0,0,0
1613676270580,6,1010123456026,72,,1,2,11,1,2,,7.76133,331,49,0.146859,95,0,6.16667,,0,0,0,0,0,0,0,0,0,,303,309,,0,0,0,0
1613676270830,6,1010123456026,72,,1,2,11,1,2,,5.26394,269,0,0.109044,84,0,6.16667,,0,0,0,0,0,0,0,0,0,,294,321,,0,0,0,0
1613676271081,6,1010123456026,72,,1,2,11,1,2,,7.52631,285,0,0.117856,78,0,6.28571,,15,16,0,0,4,100,0,1.56971,0,,266,279,,0,0,0,10
1613676271330,6,1010123456026,72,,1,2,11,1,2,,9.75481,208,0,0.127197,65,0,6.66667,,0,0,0,0,0,0,0,0,0,,182,186,,0,0,0,0
1613676271580,6,1010123456026,72,,1,2,11,1,2,,8.27843,255,0,0.112032,71,0,6.33333,,0,0,0,0,0,0,0,0,0,,219,219,,0,0,0,0
1613676271830,6,1010123456026,72,,1,2,11,1,2,,9.19231,260,0,0.13706,74,0,6.66667,,0,0,0,0,0,0,0,0,0,,225,228,,0,0,0,0
1613676272080,6,1010123456026,72,,1,2,11,1,2,,6.25871,402,0,0.1591,119,0,5.57143,,7.38462,26,0,0.1,7,57.1429,0,7.35168,31,,370,384,,0,0,0,6.69231
1613676272330,6,1010123456026,72,,1,2,11,1,2,,9.43038,237,0,0.126554,65,0,7,,0,0,0,0,0,0,0,0,0,,203,207,,0,0,0,0
1613676272581,6,1010123456026,72,,1,2,11,1,2,,8.26512,215,121,0.101504,62,0,6,,0,0,0,0,0,0,0,0,0,,187,189,,0,0,0,0
1613676272831,6,1010123456026,72,,1,2,11,1,2,,8.83077,325,89,0.157632,90,0,6.6,,0,0,0,0,0,0,0,0,0,,278,282,,0,0,0,0
1613676273081,6,1010123456026,72,,1,2,11,1,2,,5.88957,326,0,0.128,95,0,6,,10.25,24,0,0.1,7,57.1429,0,10.7115,31,,332,369,,0,0,0,6.25
1613676273331,6,1010123456026,72,,1,2,11,1,2,,10.0643,171,0,0.096608,48,0,7,,0,0,0,0,0,0,0,0,0,,147,147,,0,0,0,0
1613676273581,6,1010123456026,72,,1,2,11,1,2,,7.624,250,196,0.110496,72,0,5.83333,,0,0,0,0,0,0,0,0,0,,225,231,,0,0,0,0
1613676273830,6,1010123456026,72,,1,2,11,1,2,,6.86513,304,0,0.123245,92,0,5.66667,,0,0,0,0,0,0,0,0,0,,272,276,,0,0,0,0
1613676274080,6,1010123456026,72,,1,2,11,1,2,,6.16614,319,0,0.117141,92,0,5.57143,,15,13,0,0,4,100,0,1.47969,0,,333,360,,0,0,0,10
1613676274330,6,1010123456026,72,,1,2,11,1,2,,8.42953,298,89,0.143197,86,0,6.16667,,0,0,0,0,0,0,0,0,0,,264,270,,0,0,0,0
1613676274580,6,1010123456026,72,,1,2,11,1,2,,9.71505,186,0,0.108337,57,0,6.83333,,0,0,0,0,0,0,0,0,0,,159,159,,0,0,0,0
1613676274830,6,1010123456026,72,,1,2,11,1,2,,7.32225,391,166,0.15412,104,0,5.83333,,0,0,0,0,0,0,0,0,0,,346,351,,0,0,0,0
1613676275080,6,1010123456026,72,,1,2,11,1,2,,5.73171,328,0,0.114795,97,0,5.71429,,0.1,16,0,0.1,4,25,0,2.14076,31,,312,330,,0,0,0,4
1613676275331,6,1010123456026,72,,1,2,11,1,2,,8.65079,315,139,0.149952,90,0,6.16667,,0,0,0,0,0,0,0,0,0,,278,282,,0,0,0,0
1613676275581,6,1010123456026,72,,1,2,11,1,2,,9.29046,241,0,0.138528,76,0,7,,0,0,0,0,0,0,0,0,0,,209,213,,0,0,0,0
1613676275830,6,1010123456026,72,,1,2,11,1,2,,9.10329,213,0,0.109012,61,0,6.83333,,0,0,0,0,0,0,0,0,0,,189,189,,0,0,0,0
1613676276080,6,1010123456026,72,,1,2,11,1,2,,9.2488,209,134,0.113735,58,0,6.57143,,0.1,24,0,0.1,8,50,0,3.93311,31,,180,186,,0,0,0,5.75
1613676276330,6,1010123456026,72,,1,2,11,1,2,,8.15686,306,0,0.147791,90,0,7.16667,,0,0,0,0,0,0,0,0,0,,280,291,,0,0,0,0
1613676276580,6,1010123456026,72,,1,2,11,1,2,,9.11354,229,0,0.119936,66,0,7,,0,0,0,0,0,0,0,0,0,,199,201,,0,0,0,0
1613676276830,6,1010123456026,72,,1,2,11,1,2,,7.68996,229,60,0.0987309,63,0,6.33333,,0,0,0,0,0,0,0,0,0,,202,204,,0,0,0,0
1613676277081,6,1010123456026,72,,1,2,11,1,2,,8.52091,263,0,0.131072,77,0,6.42857,,8.36364,22,0,0.1,8,50,0,7.03028,31,,243,249,,0,0,0,5.09091
1613676277331,6,1010123456026,72,,1,2,11,1,2,,10.2102,176,0,0.107392,50,0,6.66667,,0,0,0,0,0,0,0,0,0,,153,159,,0,0,0,0
1613676277580,6,1010123456026,72,,1,2,11,1,2,,7.93426,289,0,0.127004,80,0,5.83333,,0,0,0,0,0,0,0,0,0,,250,252,,0,0,0,0
1613676277830,6,1010123456026,72,,1,2,11,1,2,,6.56075,321,0,0.124369,100,0,5.83333,,0,0,0,0,0,0,0,0,0,,286,288,,0,0,0,0
1613676278080,6,1010123456026,72,,1,2,11,1,2,,9.03902,205,0,0.104,58,0,6.85714,,1.71429,14,0,0.1,4,0,0,16.0732,31,,177,177,,0,0,0,1
1613676278330,6,1010123456026,72,,1,2,11,1,2,,7.83019,212,0,0.0987952,61,0,6.66667,,0,0,0,0,0,0,0,0,0,,192,201,,0,0,0,0
1613676278580,6,1010123456026,72,,1,2,11,1,2,,9.28302,106,0,0.0543614,30,0,7,,0,0,0,0,0,0,0,0,0,,90,90,,0,0,0,0
1613676278830,6,1010123456026,72,,1,2,11,1,2,,10.3121,173,0,0.107631,49,0,7,,0,0,0,0,0,0,0,0,0,,150,156,,0,0,0,0
1613676279080,6,1010123456026,72,,1,2,11,1,2,,8.06748,163,89,0.0663454,43,0,6.28571,,15,12,0,0,4,100,0,2.39532,0,,144,144,,0,0,0,10
1613676279330,6,1010123456026,72,,1,2,11,1,2,,7.15902,327,121,0.138795,97,0,6,,0,0,0,0,0,0,0,0,0,,288,294,,0,0,0,0
1613676279580,6,1010123456026,72,,1,2,11,1,2,,8.87912,182,0,0.0936225,54,0,6.66667,,0,0,0,0,0,0,0,0,0,,163,165,,0,0,0,0
1613676279830,6,1010123456026,72,,1,2,11,1,2,,7.92388,289,0,0.136514,81,0,7,,0,0,0,0,0,0,0,0,0,,295,321,,0,0,0,0
1613676280081,6,1010123456026,72,,1,2,11,1,2,,10.0657,213,0,0.118048,60,0,7,,0.1,11,0,0.1,3,0,0,0.858343,31,,189,189,,0,0,0,3.90909
1613676280330,6,1010123456026,72,,1,2,11,1,2,,10.442,138,0,0.0859438,38,0,7.33333,,0,0,0,0,0,0,0,0,0,,117,120,,0,0,0,0
1613676280580,6,1010123456026,72,,1,2,11,1,2,,7.7563,238,158,0.115855,74,0,5.66667,,0,0,0,0,0,0,0,0,0,,209,213,,0,0,0,0
1613676280830,6,1010123456026,72,,1,2,11,1,2,,8.07407,189,0,0.0873896,54,0,6.66667,,0,0,0,0,0,0,0,0,0,,164,168,,0,0,0,0
1613676281080,6,1010123456026,72,,1,2,11,1,2,,8.53975,239,0,0.120867,70,0,6.14286,,0.1,21,0,0.1,6,16.6667,0,3.22601,31,,212,216,,0,0,0,2.90476
1613676281330,6,1010123456026,72,,1,2,11,1,2,,8.28053,303,47,0.147309,85,0,6.16667,,0,0,0,0,0,0,0,0,0,,267,270,,0,0,0,0
1613676281580,6,1010123456026,72,,1,2,11,1,2,,7.92974,427,55,0.19351,118,0,6.16667,,0,0,0,0,0,0,0,0,0,,378,393,,0,0,0,0
1613676281830,6,1010123456026,72,,1,2,11,1,2,,6.75862,348,315,0.161703,102,0,6.16667,,0,0,0,0,0,0,0,0,0,,353,381,,0,0,0,0
1613676282080,6,1010123456026,72,,1,2,11,1,2,,7.30667,150,0,0.069494,47,0,6.71429,,0.1,25,0,0.1,8,25,0,10.2364,31,,144,156,,0,0,0,3.76
1613676282330,6,1010123456026,72,,1,2,11,1,2,,7.83137,255,87,0.105189,70,0,6.33333,,0,0,0,0,0,0,0,0,0,,229,231,,0,0,0,0
1613676282580,6,1010123456026,72,,1,2,11,1,2,,8.7343,207,0,0.107277,61,0,6.33333,,0,0,0,0,0,0,0,0,0,,177,180,,0,0,0,0
1613676282830,6,1010123456026,72,,1,2,11,1,2,,8.78613,173,0,0.0991486,48,0,7.33333,,0,0,0,0,0,0,0,0,0,,159,165,,0,0,0,0
1613676283080,6,1010123456026,72,,1,2,11,1,2,,9.58849,226,0,0.124562,64,0,6.85714,,8.75,24,0,0.1,7,57.1429,0,1.18724,31,,199,201,,0,0,0,6.54167
1613676283330,6,1010123456026,72,,1,2,11,1,2,,9.09375,256,0,0.136096,75,0,6.66667,,0,0,0,0,0,0,0,0,0,,239,243,,0,0,0,0
1613676283580,6,1010123456026,72,,1,2,11,1,2,,8.52195,205,0,0.0997912,59,0,6.33333,,0,0,0,0,0,0,0,0,0,,177,177,,0,0,0,0
1613676283831,6,1010123456026,72,,1,2,11,1,2,,7.84239,184,158,0.08144,53,0,6.33333,,0,0,0,0,0,0,0,0,0,,157,159,,0,0,0,0
1613676284080,6,1010123456026,72,,1,2,11,1,2,,8.78017,232,0,0.119904,69,0,6.57143,,0,11,0,0.1,4,0,0,0,31,,202,204,,0,0,0,0
1613676284330,6,1010123456026,72,,1,2,11,1,2,,5.43284,268,0,0.0908273,77,0,5.83333,,0,0,0,0,0,0,0,0,0,,232,234,,0,0,0,0
1613676284581,6,1010123456026,72,,1,2,11,1,2,,10.3983,241,0,0.150272,69,0,7,,0,0,0,0,0,0,0,0,0,,212,219,,0,0,0,0
1613676284830,6,1010123456026,72,,1,2,11,1,2,,9.08881,304,209,0.152578,85,0,6.83333,,0,0,0,0,0,0,0,0,0,,268,270,,0,0,0,0
1613676285080,6,1010123456026,72,,1,2,11,1,2,,10.325,200,0,0.1289,60,0,7,,15,12,0,0,4,100,0,2.21304,0,,177,183,,0,0,0,10
1613676285330,6,1010123456026,72,,1,2,11,1,2,,8.77301,163,0,0.0731566,39,0,6.83333,,0,0,0,0,0,0,0,0,0,,141,141,,0,0,0,0
1613676285580,6,1010123456026,72,,1,2,11,1,2,,9.08364,275,0,0.156691,87,0,7.4,,0,0,0,0,0,0,0,0,0,,243,249,,0,0,0,0
1613676285830,6,1010123456026,72,,1,2,11,1,2,,7.18502,227,0,0.0938795,65,0,6.16667,,0,0,0,0,0,0,0,0,0,,198,198,,0,0,0,0
1613676286080,6,1010123456026,72,,1,2,11,1,2,,8.13095,168,0,0.0773655,48,0,7,,15.0617,81,0,0.196948,26,76.9231,0,6.56476,31,,150,150,,0,0,0,8
1613676286331,6,1010123456026,72,,1,2,11,1,2,,8.74088,274,89,0.13552,77,0,6.5,,0,0,0,0,0,0,0,0,0,,236,240,,0,0,0,0
1613676286580,6,1010123456026,72,,1,2,11,1,2,,8.59596,198,0,0.0928835,55,0,6.5,,0,0,0,0,0,0,0,0,0,,171,171,,0,0,0,0
1613676286830,6,1010123456026,72,,1,2,11,1,2,,10.1451,255,0,0.171952,74,0,6.66667,,0,0,0,0,0,0,0,0,0,,236,258,,0,0,0,0
1613676287081,6,1010123456026,72,,1,2,11,1,2,,10,142,0,0.080576,39,0,7.14286,,0.1,10,0,0.1,3,0,0,2.11937,31,,123,123,,0,0,0,1.7
1613676287330,6,1010123456026,72,,1,2,11,1,2,,9.74,100,0,0.0651566,33,0,6.83333,,0,0,0,0,0,0,0,0,0,,89,93,,0,0,0,0
1613676287580,6,1010123456026,72,,1,2,11,1,2,,8.78543,247,124,0.11412,64,0,6.66667,,0,0,0,0,0,0,0,0,0,,219,222,,0,0,0,0
1613676287830,6,1010123456026,72,,1,2,11,1,2,,8.81071,280,20,0.152514,86,0,7,,0,0,0,0,0,0,0,0,0,,243,249,,0,0,0,0
1613676288081,6,1010123456026,72,,1,2,11,1,2,,8.67279,272,0,0.136,80,0,7.57143,,13.6842,38,0,0.1,11,72.7273,0,10.7409,31,,237,237,,0,0,0,7.39474
1613676288330,6,1010123456026,72,,1,2,11,1,2,,6.67769,242,0,0.0864578,64,0,5.5,,0,0,0,0,0,0,0,0,0,,226,234,,0,0,0,0
1613676288580,6,1010123456026,72,,1,2,11,1,2,,10.7544,114,0,0.0787791,38,0,7.4,,0,0,0,0,0,0,0,0,0,,99,99,,0,0,0,0
1613676288830,6,1010123456026,72,,1,2,11,1,2,,8.67347,196,0,0.0990843,57,0,6.33333,,0,0,0,0,0,0,0,0,0,,176,180,,0,0,0,0
1613676289080,6,1010123456026,72,,1,2,11,1,2,,9.08427,178,0,0.0970602,53,0,6.85714,,8.86957,23,0,0.1,7,57.1429,0,10.3186,31,,159,159,,0,0,0,5.69565
1613676289330,6,1010123456026,72,,1,2,11,1,2,,10.2547,212,0,0.119229,56,0,7.2,,0,0,0,0,0,0,0,0,0,,187,192,,0,0,0,0
1613676289580,6,1010123456026,72,,1,2,11,1,2,,9.54645,183,69,0.102972,54,0,7,,0,0,0,0,0,0,0,0,0,,161,165,,0,0,0,0
1613676289830,6,1010123456026,72,,1,2,11,1,2,,9.53333,270,0,0.162185,81,0,6.66667,,0,0,0,0,0,0,0,0,0,,234,240,,0,0,0,0
1613676290080,6,1010123456026,72,,1,2,11,1,2,,9.28267,329,0,0.164819,89,0,6.57143,,0.1,11,0,0.1,3,0,0,1.49101,31,,288,291,,0,0,0,2.72727
1613676290330,6,1010123456026,72,,1,2,11,1,2,,9.45896,268,0,0.145253,76,0,6.83333,,0,0,0,0,0,0,0,0,0,,229,231,,0,0,0,0
1613676290581,6,1010123456026,72,,1,2,11,1,2,,8.14674,184,105,0.093088,57,0,6.5,,0,0,0,0,0,0,0,0,0,,157,159,,0,0,0,0
1613676290830,6,1010123456026,72,,1,2,11,1,2,,8.9751,241,0,0.119743,66,0,6.66667,,0,0,0,0,0,0,0,0,0,,210,216,,0,0,0,0
1613676291081,6,1010123456026,72,,1,2,11,1,2,,6.42322,267,0,0.11648,82,0,6.28571,,0.1,13,0,0.1,4,25,0,1.39666,31,,291,321,,0,0,0,4.07692
1613676291330,6,1010123456026,72,,1,2,11,1,2,,8.1339,351,0,0.154474,97,0,6,,0,0,0,0,0,0,0,0,0,,302,306,,0,0,0,0
1613676291580,6,1010123456026,72,,1,2,11,1,2,,10.331,145,0,0.08649,42,0,7.16667,,0,0,0,0,0,0,0,0,0,,126,126,,0,0,0,0
1613676291831,6,1010123456026,72,,1,2,11,1,2,,9.17788,208,63,0.107936,57,0,7.16667,,0,0,0,0,0,0,0,0,0,,188,192,,0,0,0,0
1613676292080,6,1010123456026,72,,1,2,11,1,2,,7.76113,247,0,0.116787,77,0,6.71429,,0.1,21,0,0.1,6,50,0,1.51684,31,,213,213,,0,0,0,6.28571
1613676292330,6,1010123456026,72,,1,2,11,1,2,,9.98305,177,0,0.0965141,47,0,6.83333,,0,0,0,0,0,0,0,0,0,,154,156,,0,0,0,0
1613676292581,6,1010123456026,72,,1,2,11,1,2,,9.48851,174,30,0.092608,51,0,7,,0,0,0,0,0,0,0,0,0,,151,153,,0,0,0,0
1613676292830,6,1010123456026,72,,1,2,11,1,2,,8.32331,266,25,0.126201,72,0,6.33333,,0,0,0,0,0,0,0,0,0,,235,237,,0,0,0,0
1613676293080,6,1010123456026,72,,1,2,11,1,2,,8.24569,232,0,0.110169,67,0,6.42857,,0.1,53,0,0.1,15,60,0,2.8086,31,,205,213,,0,0,0,6.73585
1613676293330,6,1010123456026,72,,1,2,11,1,2,,8.17054,387,158,0.196627,118,0,6.16667,,0,0,0,0,0,0,0,0,0,,345,360,,0,0,0,0
1613676293580,6,1010123456026,72,,1,2,11,1,2,,7.20055,364,0,0.154313,101,0,5.66667,,0,0,0,0,0,0,0,0,0,,339,366,,0,0,0,0
1613676293830,6,1010123456026,72,,1,2,11,1,2,,8.70142,211,0,0.108884,64,0,6.6,,0,0,0,0,0,0,0,0,0,,182,186,,0,0,0,0
1613676294080,6,1010123456026,72,,1,2,11,1,2,,6.65799,269,0,0.106281,78,0,5.85714,,8.59091,22,0,0.1,7,57.1429,0,5.26817,31,,241,243,,0,0,0,6.72727
1613676294330,6,1010123456026,72,,1,2,11,1,2,,7.21451,317,0,0.13343,90,0,6.33333,,0,0,0,0,0,0,0,0,0,,281,291,,0,0,0,0
1613676294580,6,1010123456026,72,,1,2,11,1,2,,5.06709,313,0,0.0869719,84,0,5.33333,,0,0,0,0,0,0,0,0,0,,291,306,,0,0,0,0
1613676294831,6,1010123456026,72,,1,2,11,1,2,,8.84034,238,0,0.11968,70,0,6.33333,,0,0,0,0,0,0,0,0,0,,201,201,,0,0,0,0
1613676295080,6,1010123456026,72,,1,2,11,1,2,,9.60116,173,0,0.102618,54,0,7.2,,0.1,71,0,0.1,21,57.1429,0,2.33312,31,,154,156,,0,0,0,6.59155
1613676295331,6,1010123456026,72,,1,2,11,1,2,,9.69898,196,0,0.108224,57,0,5.83333,,0,0,0,0,0,0,0,0,0,,174,174,,0,0,0,0
1613676295580,6,1010123456026,72,,1,2,11,1,2,,7.86592,358,0,0.159871,102,0,6.5,,0,0,0,0,0,0,0,0,0,,320,330,,0,0,0,0
1613676295830,6,1010123456026,72,,1,2,11,1,2,,8.08696,253,0,0.10445,68,0,6.33333,,0,0,0,0,0,0,0,0,0,,231,231,,0,0,0,0
1613676296080,6,1010123456026,72,,1,2,11,1,2,,8.34583,240,461,0.125687,66,0,6,,7.96364,55,0,0.1,16,50,0,5.61673,31,,221,228,,0,0,0,5.8
1613676296330,6,1010123456026,72,,1,2,11,1,2,,8.59091,198,0,0.108755,65,0,7,,0,0,0,0,0,0,0,0,0,,189,195,,0,0,0,0
1613676296580,6,1010123456026,72,,1,2,11,1,2,,7.91635,263,0,0.131245,75,0,6.16667,,0,0,0,0,0,0,0,0,0,,249,261,,0,0,0,0
1613676296830,6,1010123456026,72,,1,2,11,1,2,,7.975,320,0,0.142233,87,0,6.5,,0,0,0,0,0,0,0,0,0,,278,288,,0,0,0,0
1613676297081,6,1010123456026,72,,1,2,11,1,2,,9.49308,217,0,0.120992,63,0,6.71429,,0.1,15,0,0.1,4,25,0,1.90093,31,,188,192,,0,0,0,3.8
1613676297330,6,1010123456026,72,,1,2,11,1,2,,11.5207,169,190,0.110458,48,0,7.33333,,0,0,0,0,0,0,0,0,0,,150,153,,0,0,0,0
1613676297580,6,1010123456026,72,,1,2,11,1,2,,9.47953,171,0,0.0977992,51,0,6.83333,,0,0,0,0,0,0,0,0,0,,150,150,,0,0,0,0
1613676297830,6,1010123456026,72,,1,2,11,1,2,,3.10744,363,349,0.0946185,98,0,4.66667,,0,0,0,0,0,0,0,0,0,,442,516,,0,0,0,0
1613676298080,6,1010123456026,72,,1,2,11,1,2,,3.70161,496,0,0.160032,151,0,6,,0.1,16,0,0.1,5,40,0,1.54511,31,,607,690,,0,0,0,5
1613676298330,6,1010123456026,72,,1,2,11,1,2,,9.05,200,172,0.0981847,54,0,6.16667,,0,0,0,0,0,0,0,0,0,,172,174,,0,0,0,0
1613676298580,6,1010123456026,72,,1,2,11,1,2,,9.4269,171,0,0.0975422,52,0,6.66667,,0,0,0,0,0,0,0,0,0,,149,153,,0,0,0,0
1613676298830,6,1010123456026,72,,1,2,11,1,2,,11.3409,220,0,0.139406,61,0,7.66667,,0,0,0,0,0,0,0,0,0,,190,192,,0,0,0,0
1613676299080,6,1010123456026,72,,1,2,11,1,2,,6.4,420,0,0.167133,121,0,6.28571,,8.02899,69,0,0.1,21,76.1905,0,3.05415,31,,395,417,,0,0,0,7.86957
1613676299331,6,1010123456026,72,,1,2,11,1,2,,8.38136,236,89,0.104384,65,0,6.16667,,0,0,0,0,0,0,0,0,0,,209,213,,0,0,0,0
1613676299581,6,1010123456026,72,,1,2,11,1,2,,7.00283,353,113,0.15408,106,0,5.2,,0,0,0,0,0,0,0,0,0,,328,339,,0,0,0,0
1613676299831,6,1010123456026,72,,1,2,11,1,2,,7.71726,336,0,0.153856,100,0,6.66667,,0,0,0,0,0,0,0,0,0,,296,306,,0,0,0,0
1613676300080,6,1010123456026,72,,1,2,11,1,2,,8.8913,230,0,0.108819,62,0,6.42857,,0.1,11,0,0.1,3,0,0,18.0114,31,,205,207,,0,0,0,1.36364
1613676300330,6,1010123456026,72,,1,2,11,1,2,,10.4709,206,49,0.118747,58,0,7,,0,0,0,0,0,0,0,0,0,,177,177,,0,0,0,0
1613676300580,6,1010123456026,72,,1,2,11,1,2,,8.28863,343,0,0.163888,96,0,6.33333,,0,0,0,0,0,0,0,0,0,,300,306,,0,0,0,0
1613676300830,6,1010123456026,72,,1,2,11,1,2,,10.1302,192,0,0.128514,60,0,7.16667,,0,0,0,0,0,0,0,0,0,,169,171,,0,0,0,0
1613676301081,6,1010123456026,72,,1,2,11,1,2,,10.435,177,0,0.10784,52,0,6.85714,,15,15,0,0,4,100,0,0.871552,0,,154,156,,0,0,0,10
1613676301330,6,1010123456026,72,,1,2,11,1,2,,6.51475,305,0,0.117269,87,0,6,,0,0,0,0,0,0,0,0,0,,262,264,,0,0,0,0
1613676301580,6,1010123456026,72,,1,2,11,1,2,,6.95667,300,0,0.121992,82,0,6.83333,,0,0,0,0,0,0,0,0,0,,266,282,,0,0,0,0
1613676301830,6,1010123456026,72,,1,2,11,1,2,,8.66438,292,89,0.144161,83,0,6.66667,,0,0,0,0,0,0,0,0,0,,250,252,,0,0,0,0
1613676302080,6,1010123456026,72,,1,2,11,1,2,,5.69816,381,0,0.128932,113,0,5.42857,,0.1,14,0,0.1,4,0,0,8.77133,31,,348,357,,0,0,0,1.5
1613676302330,6,1010123456026,72,,1,2,11,1,2,,10.1485,101,0,0.0594056,29,0,6.66667,,0,0,0,0,0,0,0,0,0,,88,90,,0,0,0,0
1613676302580,6,1010123456026,72,,1,2,11,1,2,,9.71226,212,0,0.113799,56,0,6.83333,,0,0,0,0,0,0,0,0,0,,182,186,,0,0,0,0
1613676302830,6,1010123456026,72,,1,2,11,1,2,,7.33649,211,89,0.0890281,63,0,6.16667,,0,0,0,0,0,0,0,0,0,,180,180,,0,0,0,0
1613676303080,6,1010123456026,72,,1,2,11,1,2,,10.6984,252,0,0.160996,72,0,7.66667,,0,12,0,0,4,100,0,0,0,,237,243,,0,0,0,0
1613676303331,6,1010123456026,72,,1,2,11,1,2,,9.82156,269,0,0.164864,78,0,7.2,,0,0,0,0,0,0,0,0,0,,238,246,,0,0,0,0
1613676303580,6,1010123456026,72,,1,2,11,1,2,,10.6214,243,0,0.149044,66,0,7.33333,,0,0,0,0,0,0,0,0,0,,212,216,,0,0,0,0
1613676303830,6,1010123456026,72,,1,2,11,1,2,,9.81429,140,0,0.0791004,42,0,6.66667,,0,0,0,0,0,0,0,0,0,,120,120,,0,0,0,0
1613676304080,6,1010123456026,72,,1,2,11,1,2,,7.76604,265,0,0.131631,81,0,6.14286,,8.67391,46,0,0.1,15,53.3333,0,6.2314,31,,240,246,,0,0,0,5.91304
1613676304330,6,1010123456026,72,,1,2,11,1,2,,8.52966,236,0,0.109751,65,0,6.5,,0,0,0,0,0,0,0,0,0,,206,210,,0,0,0,0
1613676304580,6,1010123456026,72,,1,2,11,1,2,,9.90222,225,0,0.123502,62,0,7.16667,,0,0,0,0,0,0,0,0,0,,193,195,,0,0,0,0
1613676304830,6,1010123456026,72,,1,2,11,1,2,,9.51791,307,0,0.178859,93,0,6.5,,0,0,0,0,0,0,0,0,0,,267,273,,0,0,0,0
1613676305080,6,1010123456026,72,,1,2,11,1,2,,9.27317,205,0,0.114056,59,0,6.85714,,0.1,14,0,0.1,4,0,0,15.0801,31,,181,189,,0,0,0,2.14286
1613676305331,6,1010123456026,72,,1,2,11,1,2,,9.99582,239,0,0.134464,68,0,6.66667,,0,0,0,0,0,0,0,0,0,,207,210,,0,0,0,0
1613676305581,6,1010123456026,72,,1,2,11,1,2,,6.25668,374,0,0.139648,106,0,6,,0,0,0,0,0,0,0,0,0,,337,351,,0,0,0,0
1613676305830,6,1010123456026,72,,1,2,11,1,2,,10.6797,153,0,0.101783,45,0,7.16667,,0,0,0,0,0,0,0,0,0,,133,138,,0,0,0,0
1613676306080,6,1010123456026,72,,1,2,11,1,2,,8.90871,241,34,0.119325,66,0,6.57143,,11.3684,57,0,0.1,16,68.75,0,6.41679,31,,217,225,,0,0,0,7.2807
1613676306330,6,1010123456026,72,,1,2,11,1,2,,9.62778,180,0,0.0973173,52,0,6.83333,,0,0,0,0,0,0,0,0,0,,153,153,,0,0,0,0
1613676306580,6,1010123456026,72,,1,2,11,1,2,,9.65385,208,11,0.104,54,0,7,,0,0,0,0,0,0,0,0,0,,178,180,,0,0,0,0
1613676306830,6,1010123456026,72,,1,2,11,1,2,,10.0512,254,0,0.166233,81,0,6.66667,,0,0,0,0,0,0,0,0,0,,224,234,,0,0,0,0
1613676307080,6,1010123456026,72,,1,2,11,1,2,,9.37811,201,0,0.105253,56,0,7,,0.1,10,0,0.1,3,0,0,2.0534,31,,175,177,,0,0,0,2.1
1613676307330,6,1010123456026,72,,1,2,11,1,2,,8.08904,292,0,0.150361,86,0,7,,0,0,0,0,0,0,0,0,0,,277,294,,0,0,0,0
1613676307580,6,1010123456026,72,,1,2,11,1,2,,7.43779,217,84,0.0896064,58,0,5.83333,,0,0,0,0,0,0,0,0,0,,203,207,,0,0,0,0
1613676307830,6,1010123456026,72,,1,2,11,1,2,,6.61358,383,158,0.164948,108,0,5.83333,,0,0,0,0,0,0,0,0,0,,374,411,,0,0,0,0
1613676308081,6,1010123456026,72,,1,2,11,1,2,,7.47978,371,0,0.17312,110,0,6.28571,,0.1,11,0,0.1,3,0,0,2.17197,31,,336,357,,0,0,0,1.27273
1613676308330,6,1010123456026,72,,1,2,11,1,2,,8.64643,280,0,0.137928,82,0,6,,0,0,0,0,0,0,0,0,0,,244,246,,0,0,0,0
1613676308580,6,1010123456026,72,,1,2,11,1,2,,8.4625,320,52,0.15547,93,0,6.2,,0,0,0,0,0,0,0,0,0,,281,285,,0,0,0,0
1613676308830,6,1010123456026,72,,1,2,11,1,2,,8.78333,240,0,0.120225,70,0,6.66667,,0,0,0,0,0,0,0,0,0,,204,204,,0,0,0,0
1613676309081,6,1010123456026,72,,1,2,11,1,2,,9.3069,290,0,0.1616,82,0,6.85714,,1.91429,70,0,0.1,21,52.381,0,5.87086,31,,262,273,,0,0,0,5.74286
1613676309330,6,1010123456026,72,,1,2,11,1,2,,9.37344,241,0,0.14143,73,0,6.66667,,0,0,0,0,0,0,0,0,0,,222,228,,0,0,0,0
1613676309580,6,1010123456026,72,,1,2,11,1,2,,6.70349,344,0,0.128578,92,0,6.16667,,0,0,0,0,0,0,0,0,0,,312,324,,0,0,0,0
1613676309830,6,1010123456026,72,,1,2,11,1,2,,7.94811,212,0,0.110361,67,0,5.83333,,0,0,0,0,0,0,0,0,0,,185,189,,0,0,0,0
1613676310080,6,1010123456026,72,,1,2,11,1,2,,10.1657,175,0,0.0919518,47,0,6.85714,,4.20588,34,0,0.1,11,45.4545,0,9.03882,31,,154,156,,0,0,0,5.02941
1613676310330,6,1010123456026,72,,1,2,11,1,2,,7.22105,380,20,0.170988,110,0,7.5,,0,0,0,0,0,0,0,0,0,,334,342,,0,0,0,0
1613676310580,6,1010123456026,72,,1,2,11,1,2,,9.86857,175,0,0.102426,52,0,7,,0,0,0,0,0,0,0,0,0,,150,150,,0,0,0,0
1613676310831,6,1010123456026,72,,1,2,11,1,2,,8.75572,262,67,0.129984,76,0,6.83333,,0,0,0,0,0,0,0,0,0,,233,237,,0,0,0,0
1613676311081,6,1010123456026,72,,1,2,11,1,2,,8.77711,166,0,0.081536,46,0,6.42857,,0,12,0,0,4,100,0,0,0,,145,147,,0,0,0,0
1613676311330,6,1010123456026,72,,1,2,11,1,2,,11.1694,183,56,0.11804,52,0,7.6,,0,0,0,0,0,0,0,0,0,,157,159,,0,0,0,0
1613676311581,6,1010123456026,72,,1,2,11,1,2,,10.2254,173,69,0.107328,51,0,7.16667,,0,0,0,0,0,0,0,0,0,,148,150,,0,0,0,0
1613676311830,6,1010123456026,72,,1,2,11,1,2,,7.57143,273,0,0.135165,77,0,6.33333,,0,0,0,0,0,0,0,0,0,,246,258,,0,0,0,0
1613676312080,6,1010123456026,72,,1,2,11,1,2,,9.43056,144,0,0.0779759,43,0,7.28571,,0.1,11,0,0.1,3,0,0,0.888305,31,,126,126,,0,0,0,4.18182
1613676312330,6,1010123456026,72,,1,2,11,1,2,,7.30581,327,0,0.143743,93,0,6,,0,0,0,0,0,0,0,0,0,,309,315,,0,0,0,0
1613676312580,6,1010123456026,72,,1,2,11,1,2,,8.99556,225,0,0.103775,60,0,6.33333,,0,0,0,0,0,0,0,0,0,,192,192,,0,0,0,0
1613676312831,6,1010123456026,72,,1,2,11,1,2,,10.0694,173,102,0.102912,52,0,7.33333,,0,0,0,0,0,0,0,0,0,,153,159,,0,0,0,0
1613676313081,6,1010123456026,72,,1,2,11,1,2,,10.4142,239,0,0.147328,69,0,7.33333,,0.1,17,0,0.1,5,0,0,1.47373,31,,207,207,,0,0,0,1.82353
1613676313330,6,1010123456026,72,,1,2,11,1,2,,6.27306,271,246,0.0932048,76,0,6,,0,0,0,0,0,0,0,0,0,,241,246,,0,0,0,0
1613676313580,6,1010123456026,72,,1,2,11,1,2,,7.17361,288,0,0.127582,86,0,6.33333,,0,0,0,0,0,0,0,0,0,,252,258,,0,0,0,0
1613676313830,6,1010123456026,72,,1,2,11,1,2,,5.70357,280,0,0.0962249,80,0,6.16667,,0,0,0,0,0,0,0,0,0,,242,246,,0,0,0,0
1613676314080,6,1010123456026,72,,1,2,11,1,2,,5.37075,294,0,0.0965783,82,0,5.85714,,0,9,0,0.1,3,0,0,0,31,,278,291,,0,0,0,0
1613676314331,6,1010123456026,72,,1,2,11,1,2,,11.0391,179,0,0.123712,55,0,7.5,,0,0,0,0,0,0,0,0,0,,152,156,,0,0,0,0
1613676314580,6,1010123456026,72,,1,2,11,1,2,,7.82609,322,0,0.158554,94,0,5.66667,,0,0,0,0,0,0,0,0,0,,297,315,,0,0,0,0
1613676314830,6,1010123456026,72,,1,2,11,1,2,,9.24901,253,0,0.12408,67,0,6.83333,,0,0,0,0,0,0,0,0,0,,224,228,,0,0,0,0
1613676315081,6,1010123456026,72,,1,2,11,1,2,,7.09627,322,0,0.15968,101,0,5.57143,,0.1,11,0,0.1,3,0,0,12.0769,31,,355,375,,0,0,0,1
1613676315330,6,1010123456026,72,,1,2,11,1,2,,7.95021,241,0,0.115181,69,0,6.5,,0,0,0,0,0,0,0,0,0,,211,219,,0,0,0,0
1613676315580,6,1010123456026,72,,1,2,11,1,2,,9.22619,168,0,0.0841767,45,0,6.66667,,0,0,0,0,0,0,0,0,0,,145,147,,0,0,0,0
1613676315830,6,1010123456026,72,,1,2,11,1,2,,8.67586,290,0,0.150779,84,0,6.66667,,0,0,0,0,0,0,0,0,0,,259,273,,0,0,0,0
1613676316080,6,1010123456026,72,,1,2,11,1,2,,9.86441,236,0,0.144482,72,0,7.14286,,11.3846,39,0,0.1,11,72.7273,0,6.51951,31,,212,216,,0,0,0,7.53846
1613676316331,6,1010123456026,72,,1,2,11,1,2,,8.33625,229,0,0.114816,68,0,6.5,,0,0,0,0,0,0,0,0,0,,204,210,,0,0,0,0
1613676316580,6,1010123456026,72,,1,2,11,1,2,,8.59248,319,0,0.158522,92,0,6.5,,0,0,0,0,0,0,0,0,0,,290,294,,0,0,0,0
1613676316830,6,1010123456026,72,,1,2,11,1,2,,10.2367,207,116,0.118458,56,0,7.16667,,0,0,0,0,0,0,0,0,0,,181,183,,0,0,0,0
1613676317081,6,1010123456026,72,,1,2,11,1,2,,8.01376,218,0,0.109376,68,0,6.57143,,15,14,0,0,4,100,0,1.64173,0,,199,201,,0,0,0,10
1613676317330,6,1010123456026,72,,1,2,11,1,2,,10,227,0,0.135161,65,0,7.16667,,0,0,0,0,0,0,0,0,0,,191,195,,0,0,0,0
1613676317580,6,1010123456026,72,,1,2,11,1,2,,8.28179,291,207,0.132209,81,0,6.16667,,0,0,0,0,0,0,0,0,0,,250,252,,0,0,0,0
1613676317830,6,1010123456026,72,,1,2,11,1,2,,10.5301,166,131,0.0971888,47,0,7.5,,0,0,0,0,0,0,0,0,0,,149,150,,0,0,0,0
1613676318081,6,1010123456026,72,,1,2,11,1,2,,9.28962,183,0,0.097824,52,0,6.42857,,0.1,44,0,0.1,14,14.2857,0,6.16183,31,,161,165,,0,0,0,3.63636
1613676318331,6,1010123456026,72,,1,2,11,1,2,,8.21908,283,128,0.147232,87,0,6,,0,0,0,0,0,0,0,0,0,,253,261,,0,0,0,0
1613676318580,6,1010123456026,72,,1,2,11,1,2,,7.25199,377,102,0.154892,107,0,5.83333,,0,0,0,0,0,0,0,0,0,,336,348,,0,0,0,0
1613676318830,6,1010123456026,72,,1,2,11,1,2,,8.77143,245,0,0.120321,71,0,6.83333,,0,0,0,0,0,0,0,0,0,,207,207,,0,0,0,0
1613676319081,6,1010123456026,72,,1,2,11,1,2,,8.18077,260,0,0.120864,69,0,6,,0.1,14,0,0.1,4,25,0,1.52725,31,,245,255,,0,0,0,4.5
1613676319330,6,1010123456026,72,,1,2,11,1,2,,8.78992,238,0,0.124402,75,0,6.66667,,0,0,0,0,0,0,0,0,0,,201,201,,0,0,0,0
1613676319580,6,1010123456026,72,,1,2,11,1,2,,6.25157,318,0,0.13796,92,0,6.33333,,0,0,0,0,0,0,0,0,0,,333,381,,0,0,0,0
1613676319830,6,1010123456026,72,,1,2,11,1,2,,9.46774,124,0,0.0704257,35,0,7,,0,0,0,0,0,0,0,0,0,,107,111,,0,0,0,0
1613676320080,6,1010123456026,72,,1,2,11,1,2,,6.26129,310,0,0.107727,85,0,6.57143,,0.1,27,0,0.1,8,50,0,1.99489,31,,271,273,,0,0,0,5
1613676320331,6,1010123456026,72,,1,2,11,1,2,,5.86792,424,0,0.172224,126,0,5.5,,0,0,0,0,0,0,0,0,0,,461,501,,0,0,0,0
1613676320581,6,1010123456026,72,,1,2,11,1,2,,9.57076,212,89,0.113888,58,0,6.33333,,0,0,0,0,0,0,0,0,0,,189,195,,0,0,0,0
1613676320830,6,1010123456026,72,,1,2,11,1,2,,7.557,307,0,0.138345,90,0,5.83333,,0,0,0,0,0,0,0,0,0,,268,273,,0,0,0,0
1613676321080,6,1010123456026,72,,1,2,11,1,2,,7.30384,339,68,0.144578,101,0,5.83333,,0.1,17,0,0.1,5,40,0,1.21797,31,,329,339,,0,0,0,5.52941
1613676321330,6,1010123456026,72,,1,2,11,1,2,,6.37203,379,0,0.136096,110,0,5.33333,,0,0,0,0,0,0,0,0,0,,334,342,,0,0,0,0
1613676321580,6,1010123456026,72,,1,2,11,1,2,,9.77966,177,0,0.0871647,47,0,7,,0,0,0,0,0,0,0,0,0,,153,153,,0,0,0,0
1613676321831,6,1010123456026,72,,1,2,11,1,2,,6.75835,389,0,0.171296,116,0,5.83333,,0,0,0,0,0,0,0,0,0,,350,372,,0,0,0,0
1613676322081,6,1010123456026,72,,1,2,11,1,2,,11.2474,194,0,0.133312,57,0,7,,0.1,15,0,0.1,4,25,0,7.73381,31,,177,180,,0,0,0,3.66667
1613676322330,6,1010123456026,72,,1,2,11,1,2,,9.58736,269,0,0.1511,73,0,6.5,,0,0,0,0,0,0,0,0,0,,239,249,,0,0,0,0
1613676322581,6,1010123456026,72,,1,2,11,1,2,,10.8482,191,0,0.12432,59,0,7,,0,0,0,0,0,0,0,0,0,,166,168,,0,0,0,0
1613676322830,6,1010123456026,72,,1,2,11,1,2,,8.42643,333,0,0.163116,95,0,6.16667,,0,0,0,0,0,0,0,0,0,,291,294,,0,0,0,0
1613676323080,6,1010123456026,72,,1,2,11,1,2,,10.3276,174,45,0.106281,50,0,6.57143,,8.86957,23,0,0.1,7,57.1429,0,10.4331,31,,158,162,,0,0,0,5.69565
1613676323330,6,1010123456026,72,,1,2,11,1,2,,5.43578,436,175,0.171213,124,0,5.16667,,0,0,0,0,0,0,0,0,0,,493,528,,0,0,0,0
1613676323581,6,1010123456026,72,,1,2,11,1,2,,9.10417,144,0,0.076224,42,0,6.33333,,0,0,0,0,0,0,0,0,0,,123,123,,0,0,0,0
1613676323830,6,1010123456026,72,,1,2,11,1,2,,4.41534,313,0,0.110651,92,0,5.33333,,0,0,0,0,0,0,0,0,0,,343,372,,0,0,0,0
1613676324080,6,1010123456026,72,,1,2,11,1,2,,8.19318,176,105,0.0921125,51,0,6.42857,,0.1,19,0,0.1,6,0,0,1.30462,31,,167,171,,0,0,0,1.63158
1613676324330,6,1010123456026,72,,1,2,11,1,2,,10.2805,164,0,0.102522,48,0,6.83333,,0,0,0,0,0,0,0,0,0,,146,153,,0,0,0,0
1613676324581,6,1010123456026,72,,1,2,11,1,2,,9.625,192,0,0.10208,52,0,6.83333,,0,0,0,0,0,0,0,0,0,,166,168,,0,0,0,0
1613676324831,6,1010123456026,72,,1,2,11,1,2,,9.24893,233,0,0.123456,66,0,7,,0,0,0,0,0,0,0,0,0,,199,201,,0,0,0,0
1613676325080,6,1010123456026,72,,1,2,11,1,2,,9.6068,206,0,0.119518,59,0,6.57143,,0.1,11,0,0.1,3,0,0,1.05455,31,,182,189,,0,0,0,1.27273
1613676325331,6,1010123456026,72,,1,2,11,1,2,,8.55987,309,0,0.163168,91,0,6.83333,,0,0,0,0,0,0,0,0,0,,272,282,,0,0,0,0
1613676325580,6,1010123456026,72,,1,2,11,1,2,,10.5529,170,0,0.108498,51,0,7,,0,0,0,0,0,0,0,0,0,,154,156,,0,0,0,0
1613676325831,6,1010123456026,72,,1,2,11,1,2,,8.2095,358,0,0.158816,99,0,6.33333,,0,0,0,0,0,0,0,0,0,,322,330,,0,0,0,0
1613676326080,6,1010123456026,72,,1,2,11,1,2,,10.0213,188,0,0.118394,55,0,7.71429,,0.1,27,0,0.1,8,25,0,6.66458,31,,167,171,,0,0,0,2.88889
1613676326330,6,1010123456026,72,,1,2,11,1,2,,5.78211,436,0,0.147406,125,0,5.4,,0,0,0,0,0,0,0,0,0,,418,438,,0,0,0,0
1613676326581,6,1010123456026,72,,1,2,11,1,2,,9.9127,252,0,0.134144,69,0,7,,0,0,0,0,0,0,0,0,0,,221,225,,0,0,0,0
1613676326830,6,1010123456026,72,,1,2,11,1,2,,8.26601,203,0,0.103871,62,0,6.33333,,0,0,0,0,0,0,0,0,0,,174,174,,0,0,0,0
1613676327080,6,1010123456026,72,,1,2,11,1,2,,10.0377,212,0,0.139855,67,0,7.14286,,8.32,25,0,0.1,8,37.5,0,6.67835,31,,194,198,,0,0,0,4.92
1613676327331,6,1010123456026,72,,1,2,11,1,2,,8.55959,193,20,0.08688,53,0,6.2,,0,0,0,0,0,0,0,0,0,,165,165,,0,0,0,0
1613676327580,6,1010123456026,72,,1,2,11,1,2,,6.09852,406,52,0.141398,117,0,5.33333,,0,0,0,0,0,0,0,0,0,,363,369,,0,0,0,0
1613676327830,6,1010123456026,72,,1,2,11,1,2,,10.0476,168,38,0.0919197,47,0,7.16667,,0,0,0,0,0,0,0,0,0,,142,144,,0,0,0,0
1613676328081,6,1010123456026,72,,1,2,11,1,2,,7.3908,261,0,0.120224,78,0,6.42857,,15,14,0,0,4,100,0,1.70146,0,,243,249,,0,0,0,10
1613676328331,6,1010123456026,72,,1,2,11,1,2,,9.31081,74,0,0.038624,22,0,6.83333,,0,0,0,0,0,0,0,0,0,,63,63,,0,0,0,0
1613676328580,6,1010123456026,72,,1,2,11,1,2,,10.6429,168,0,0.0911486,42,0,7.16667,,0,0,0,0,0,0,0,0,0,,144,144,,0,0,0,0
1613676328831,6,1010123456026,72,,1,2,11,1,2,,8.60494,243,0,0.130656,76,0,6.66667,,0,0,0,0,0,0,0,0,0,,217,219,,0,0,0,0
1613676329080,6,1010123456026,72,,1,2,11,1,2,,10.6625,160,0,0.102458,46,0,7.14286,,0.1,17,0,0.1,5,20,0,6.21975,31,,139,141,,0,0,0,3.47059
1613676329330,6,1010123456026,72,,1,2,11,1,2,,9.89862,217,0,0.127165,59,0,7.33333,,0,0,0,0,0,0,0,0,0,,189,195,,0,0,0,0
1613676329580,6,1010123456026,72,,1,2,11,1,2,,9.85772,246,0,0.136064,71,0,7.5,,0,0,0,0,0,0,0,0,0,,217,219,,0,0,0,0
1613676329830,6,1010123456026,72,,1,2,11,1,2,,10.6295,224,0,0.151357,66,0,7.16667,,0,0,0,0,0,0,0,0,0,,195,201,,0,0,0,0
1613676330081,6,1010123456026,72,,1,2,11,1,2,,7.98131,321,0,0.151711,92,0,5.85714,,0.1,11,0,0.1,3,0,0,0.959204,31,,289,294,,0,0,0,2.90909
1613676330330,6,1010123456026,72,,1,2,11,1,2,,7.60159,251,0,0.1111,76,0,6.5,,0,0,0,0,0,0,0,0,0,,218,222,,0,0,0,0
1613676330580,6,1010123456026,72,,1,2,11,1,2,,8.56604,159,0,0.0814137,45,0,6.5,,0,0,0,0,0,0,0,0,0,,140,144,,0,0,0,0
1613676330831,6,1010123456026,72,,1,2,11,1,2,,9.18447,206,0,0.099968,53,0,6.66667,,0,0,0,0,0,0,0,0,0,,183,183,,0,0,0,0
1613676331081,6,1010123456026,72,,1,2,11,1,2,,7.04377,297,102,0.14624,96,0,5.85714,,0.1,14,0,0.1,4,25,0,1.82733,31,,351,393,,0,0,0,4.42857
1613676331330,6,1010123456026,72,,1,2,11,1,2,,9.18605,301,0,0.157847,87,0,7,,0,0,0,0,0,0,0,0,0,,256,258,,0,0,0,0
1613676331580,6,1010123456026,72,,1,2,11,1,2,,8.43007,286,0,0.137285,82,0,6.16667,,0,0,0,0,0,0,0,0,0,,268,276,,0,0,0,0
1613676331830,6,1010123456026,72,,1,2,11,1,2,,9.16667,162,0,0.0862651,46,0,6.83333,,0,0,0,0,0,0,0,0,0,,145,147,,0,0,0,0
1613676332081,6,1010123456026,72,,1,2,11,1,2,,11.1475,122,0,0.080896,37,0,7.66667,,0.1,11,0,0.1,3,0,0,8.30173,31,,108,108,,0,0,0,1.36364
1613676332330,6,1010123456026,72,,1,2,11,1,2,,9.91489,188,158,0.102008,49,0,7.16667,,0,0,0,0,0,0,0,0,0,,160,162,,0,0,0,0
1613676332581,6,1010123456026,72,,1,2,11,1,2,,4.80829,386,18,0.115712,116,0,5,,0,0,0,0,0,0,0,0,0,,350,360,,0,0,0,0
1613676332830,6,1010123456026,72,,1,2,11,1,2,,8.98201,278,0,0.142169,79,0,6.33333,,0,0,0,0,0,0,0,0,0,,251,255,,0,0,0,0
1613676333080,6,1010123456026,72,,1,2,11,1,2,,7.77132,258,158,0.11351,73,0,6.28571,,7.38462,26,0,0.1,7,57.1429,0,3.68724,31,,228,234,,0,0,0,6.65385
1613676333330,6,1010123456026,72,,1,2,11,1,2,,8.81312,305,0,0.170988,89,0,6.66667,,0,0,0,0,0,0,0,0,0,,278,300,,0,0,0,0
1613676333581,6,1010123456026,72,,1,2,11,1,2,,8.92996,257,99,0.1304,74,0,6.83333,,0,0,0,0,0,0,0,0,0,,229,231,,0,0,0,0
1613676333831,6,1010123456026,72,,1,2,11,1,2,,8.82258,186,89,0.097504,56,0,6.83333,,0,0,0,0,0,0,0,0,0,,169,171,,0,0,0,0
1613676334081,6,1010123456026,72,,1,2,11,1,2,,8.59825,229,0,0.114432,67,0,6.28571,,0.1,10,0,0.1,3,0,0,1.62055,31,,206,210,,0,0,0,2.2
1613676334331,6,1010123456026,72,,1,2,11,1,2,,9.925,200,0,0.107232,53,0,7,,0,0,0,0,0,0,0,0,0,,172,174,,0,0,0,0
1613676334581,6,1010123456026,72,,1,2,11,1,2,,4.7281,331,177,0.092288,96,0,5.16667,,0,0,0,0,0,0,0,0,0,,303,303,,0,0,0,0
1613676334830,6,1010123456026,72,,1,2,11,1,2,,10.7073,287,131,0.167775,78,0,7.33333,,0,0,0,0,0,0,0,0,0,,246,252,,0,0,0,0
1613676335080,6,1010123456026,72,,1,2,11,1,2,,9.18265,219,0,0.122988,65,0,7,,0.1,13,0,0.1,4,0,0,1.51812,31,,189,189,,0,0,0,1.46154
1613676335331,6,1010123456026,72,,1,2,11,1,2,,9.31401,207,0,0.120768,64,0,6.33333,,0,0,0,0,0,0,0,0,0,,196,201,,0,0,0,0
1613676335581,6,1010123456026,72,,1,2,11,1,2,,8.0927,356,158,0.174432,104,0,6.83333,,0,0,0,0,0,0,0,0,0,,328,348,,0,0,0,0
1613676335831,6,1010123456026,72,,1,2,11,1,2,,9.08156,282,0,0.146752,81,0,6.16667,,0,0,0,0,0,0,0,0,0,,249,255,,0,0,0,0
1613676336080,6,1010123456026,72,,1,2,11,1,2,,9.67308,208,0,0.113414,58,0,7,,0.1,13,0,0.1,4,0,0,6.18867,31,,184,186,,0,0,0,1.61538
1613676336331,6,1010123456026,72,,1,2,11,1,2,,10.2896,183,0,0.112864,56,0,7,,0,0,0,0,0,0,0,0,0,,159,159,,0,0,0,0
1613676336580,6,1010123456026,72,,1,2,11,1,2,,9.26115,157,0,0.0728032,41,0,6.83333,,0,0,0,0,0,0,0,0,0,,135,135,,0,0,0,0
1613676336831,6,1010123456026,72,,1,2,11,1,2,,10.6968,221,0,0.136576,63,0,7.33333,,0,0,0,0,0,0,0,0,0,,192,192,,0,0,0,0
1613676337081,6,1010123456026,72,,1,2,11,1,2,,9.11413,184,0,0.108032,58,0,6.28571,,15,13,0,0,4,100,0,0.700615,0,,164,168,,0,0,0,10
1613676337330,6,1010123456026,72,,1,2,11,1,2,,8.94608,204,0,0.097992,56,0,6.66667,,0,0,0,0,0,0,0,0,0,,184,186,,0,0,0,0
1613676337580,6,1010123456026,72,,1,2,11,1,2,,8.76812,276,0,0.147181,80,0,6.5,,0,0,0,0,0,0,0,0,0,,246,252,,0,0,0,0
1613676337831,6,1010123456026,72,,1,2,11,1,2,,10.3077,91,0,0.059296,28,0,6.83333,,0,0,0,0,0,0,0,0,0,,78,78,,0,0,0,0
1613676338080,6,1010123456026,72,,1,2,11,1,2,,9.04278,187,134,0.0927229,51,0,6.57143,,12.44,25,0,0.1,7,57.1429,0,15.661,31,,167,171,,0,0,0,6.04
1613676338331,6,1010123456026,72,,1,2,11,1,2,,6.72368,304,0,0.117216,89,0,6.33333,,0,0,0,0,0,0,0,0,0,,258,258,,0,0,0,0
1613676338580,6,1010123456026,72,,1,2,11,1,2,,9.54949,293,0,0.16302,84,0,6.25,,0,0,0,0,0,0,0,0,0,,266,270,,0,0,0,0
1613676338831,6,1010123456026,72,,1,2,11,1,2,,7.3705,278,0,0.115488,76,0,7,,0,0,0,0,0,0,0,0,0,,249,261,,0,0,0,0
1613676339081,6,1010123456026,72,,1,2,11,1,2,,8.56552,290,66,0.141408,85,0,6.85714,,0.1,15,0,0.1,4,0,0,14.0867,31,,256,258,,0,0,0,1.26667
1613676339330,6,1010123456026,72,,1,2,11,1,2,,6.79684,443,0,0.177992,125,0,5.66667,,0,0,0,0,0,0,0,0,0,,383,387,,0,0,0,0
1613676339581,6,1010123456026,72,,1,2,11,1,2,,9.43182,176,49,0.096672,52,0,7,,0,0,0,0,0,0,0,0,0,,156,156,,0,0,0,0
1613676339830,6,1010123456026,72,,1,2,11,1,2,,10.0264,227,58,0.130056,65,0,6.83333,,0,0,0,0,0,0,0,0,0,,196,198,,0,0,0,0
1613676340081,6,1010123456026,72,,1,2,11,1,2,,9.6,195,0,0.112928,59,0,7,,0,12,0,0,4,100,0,0,0,,163,165,,0,0,0,0
1613676340330,6,1010123456026,72,,1,2,11,1,2,,10.5385,221,0,0.129317,60,0,7.16667,,0,0,0,0,0,0,0,0,0,,190,192,,0,0,0,0
1613676340581,6,1010123456026,72,,1,2,11,1,2,,7.8375,320,111,0.14416,92,0,6,,0,0,0,0,0,0,0,0,0,,294,300,,0,0,0,0
1613676340830,6,1010123456026,72,,1,2,11,1,2,,8.15356,267,0,0.129799,81,0,6.33333,,0,0,0,0,0,0,0,0,0,,239,243,,0,0,0,0
1613676341081,6,1010123456026,72,,1,2,11,1,2,,5.7351,302,97,0.116608,87,0,4.85714,,0.1,15,0,0.1,4,0,0,13.8676,31,,376,417,,0,0,0,1.53333
1613676341330,6,1010123456026,72,,1,2,11,1,2,,9.81938,227,0,0.130474,67,0,7.66667,,0,0,0,0,0,0,0,0,0,,196,198,,0,0,0,0
1613676341581,6,1010123456026,72,,1,2,11,1,2,,7.88615,325,0,0.142432,93,0,6,,0,0,0,0,0,0,0,0,0,,281,285,,0,0,0,0
1613676341830,6,1010123456026,72,,1,2,11,1,2,,9.58273,139,0,0.0702329,36,0,7.16667,,0,0,0,0,0,0,0,0,0,,118,120,,0,0,0,0
1613676342080,6,1010123456026,72,,1,2,11,1,2,,8.9703,202,0,0.113896,63,0,6.16667,,8.42857,21,0,0.1,7,57.1429,0,6.25581,31,,182,186,,0,0,0,5.85714
1613676342331,6,1010123456026,72,,1,2,11,1,2,,7.95286,297,0,0.1424,86,0,7,,0,0,0,0,0,0,0,0,0,,268,282,,0,0,0,0
1613676342580,6,1010123456026,72,,1,2,11,1,2,,9.24,250,0,0.125141,69,0,6.33333,,0,0,0,0,0,0,0,0,0,,218,222,,0,0,0,0
1613676342830,6,1010123456026,72,,1,2,11,1,2,,6.47719,285,0,0.117108,86,0,6,,0,0,0,0,0,0,0,0,0,,253,255,,0,0,0,0
1613676343081,6,1010123456026,72,,1,2,11,1,2,,6.04819,332,0,0.122144,92,0,6.42857,,0.1,19,0,0.1,6,16.6667,0,4.42835,31,,313,345,,0,0,0,2.57895
1613676343331,6,1010123456026,72,,1,2,11,1,2,,11.8606,165,0,0.122752,51,0,7.83333,,0,0,0,0,0,0,0,0,0,,138,138,,0,0,0,0
1613676343581,6,1010123456026,72,,1,2,11,1,2,,9.07025,242,0,0.12752,69,0,6.66667,,0,0,0,0,0,0,0,0,0,,215,219,,0,0,0,0
1613676343830,6,1010123456026,72,,1,2,11,1,2,,8.36453,203,0,0.0899277,55,0,6,,0,0,0,0,0,0,0,0,0,,174,174,,0,0,0,0
1613676344081,6,1010123456026,72,,1,2,11,1,2,,10.0743,202,0,0.123616,62,0,7.14286,,0,12,0,0,4,100,0,0,0,,182,186,,0,0,0,0
1613676344330,6,1010123456026,72,,1,2,11,1,2,,8.94862,253,0,0.131502,73,0,6.66667,,0,0,0,0,0,0,0,0,0,,221,225,,0,0,0,0
1613676344581,6,1010123456026,72,,1,2,11,1,2,,9.77432,257,89,0.134464,69,0,7.16667,,0,0,0,0,0,0,0,0,0,,220,222,,0,0,0,0
1613676344830,6,1010123456026,72,,1,2,11,1,2,,9.5083,301,0,0.16739,87,0,7,,0,0,0,0,0,0,0,0,0,,262,264,,0,0,0,0
1613676345081,6,1010123456026,72,,1,2,11,1,2,,9.1551,245,0,0.14064,73,0,6.57143,,0.1,10,0,0.1,3,0,0,2.65852,31,,216,228,,0,0,0,1
1613676345331,6,1010123456026,72,,1,2,11,1,2,,9.35088,228,0,0.114496,63,0,6.66667,,0,0,0,0,0,0,0,0,0,,200,204,,0,0,0,0
1613676345581,6,1010123456026,72,,1,2,11,1,2,,9.87558,217,158,0.13136,63,0,7,,0,0,0,0,0,0,0,0,0,,188,192,,0,0,0,0
1613676345830,6,1010123456026,72,,1,2,11,1,2,,9.62121,198,0,0.105799,55,0,6.83333,,0,0,0,0,0,0,0,0,0,,170,174,,0,0,0,0
1613676346081,6,1010123456026,72,,1,2,11,1,2,,8.26471,272,73,0.126016,77,0,6.14286,,4.73684,38,0,0.1,11,72.7273,0,8.4319,31,,239,246,,0,0,0,7.63158
1613676346331,6,1010123456026,72,,1,2,11,1,2,,8.52206,272,0,0.136512,82,0,6.16667,,0,0,0,0,0,0,0,0,0,,234,234,,0,0,0,0
1613676346581,6,1010123456026,72,,1,2,11,1,2,,6.24915,293,0,0.106784,84,0,5.83333,,0,0,0,0,0,0,0,0,0,,276,282,,0,0,0,0
1613676346831,6,1010123456026,72,,1,2,11,1,2,,8.67114,149,239,0.07168,37,0,6.33333,,0,0,0,0,0,0,0,0,0,,141,144,,0,0,0,0
1613676347080,6,1010123456026,72,,1,2,11,1,2,,6.9276,221,16,0.0921125,68,0,6.57143,,9.23077,26,0,0.1,7,57.1429,0,6.56399,31,,197,201,,0,0,0,6.19231
1613676347331,6,1010123456026,72,,1,2,11,1,2,,7.39366,221,81,0.095392,58,0,5.5,,0,0,0,0,0,0,0,0,0,,192,192,,0,0,0,0
1613676347581,6,1010123456026,72,,1,2,11,1,2,,6.22983,409,0,0.157248,124,0,6.33333,,0,0,0,0,0,0,0,0,0,,364,372,,0,0,0,0
1613676347831,6,1010123456026,72,,1,2,11,1,2,,9.87619,315,0,0.169472,87,0,6.66667,,0,0,0,0,0,0,0,0,0,,273,279,,0,0,0,0
1613676348080,6,1010123456026,72,,1,2,11,1,2,,9.64641,181,0,0.111647,56,0,7,,0.1,11,0,0.1,3,0,0,4.06003,31,,160,162,,0,0,0,1.90909
1613676348330,6,1010123456026,72,,1,2,11,1,2,,9.91518,224,0,0.116209,58,0,7,,0,0,0,0,0,0,0,0,0,,196,198,,0,0,0,0
1613676348580,6,1010123456026,72,,1,2,11,1,2,,6.4125,400,0,0.174811,118,0,6.16667,,0,0,0,0,0,0,0,0,0,,404,432,,0,0,0,0
1613676348830,6,1010123456026,72,,1,2,11,1,2,,8.42473,186,0,0.082249,52,0,6.16667,,0,0,0,0,0,0,0,0,0,,163,165,,0,0,0,0
1613676349081,6,1010123456026,72,,1,2,11,1,2,,10.7632,266,0,0.176704,78,0,7.28571,,0.1,11,0,0.1,3,0,0,2.36908,31,,234,240,,0,0,0,1.36364
1613676349331,6,1010123456026,72,,1,2,11,1,2,,9.68932,206,0,0.11856,62,0,6.83333,,0,0,0,0,0,0,0,0,0,,178,180,,0,0,0,0
1613676349581,6,1010123456026,72,,1,2,11,1,2,,4.9738,229,118,0.067264,64,0,5.66667,,0,0,0,0,0,0,0,0,0,,233,249,,0,0,0,0
1613676349830,6,1010123456026,72,,1,2,11,1,2,,6.56044,364,0,0.141847,107,0,5.33333,,0,0,0,0,0,0,0,0,0,,322,324,,0,0,0,0
1613676350081,6,1010123456026,72,,1,2,11,1,2,,9.85714,266,42,0.15568,80,0,6.85714,,0.1,19,0,0.1,6,0,0,1.24049,31,,247,249,,0,0,0,1.84211
1613676350330,6,1010123456026,72,,1,2,11,1,2,,9.04365,252,171,0.13102,72,0,6.83333,,0,0,0,0,0,0,0,0,0,,219,225,,0,0,0,0
1613676350580,6,1010123456026,72,,1,2,11,1,2,,9.82143,224,0,0.135293,65,0,7.66667,,0,0,0,0,0,0,0,0,0,,195,201,,0,0,0,0
1613676350831,6,1010123456026,72,,1,2,11,1,2,,9.22308,130,113,0.064832,36,0,6.5,,0,0,0,0,0,0,0,0,0,,111,111,,0,0,0,0
1613676351080,6,1010123456026,72,,1,2,11,1,2,,7.9434,212,0,0.113896,64,0,6.14286,,9.23684,38,0,0.1,11,72.7273,0,4.50414,31,,232,252,,0,0,0,7.15789
1613676351331,6,1010123456026,72,,1,2,11,1,2,,7.66816,223,0,0.103776,63,0,6.16667,,0,0,0,0,0,0,0,0,0,,218,234,,0,0,0,0
1613676351580,6,1010123456026,72,,1,2,11,1,2,,7.59893,374,428,0.176964,101,0,6.16667,,0,0,0,0,0,0,0,0,0,,367,402,,0,0,0,0
1613676351831,6,1010123456026,72,,1,2,11,1,2,,8.63851,296,30,0.15488,88,0,7.5,,0,0,0,0,0,0,0,0,0,,264,276,,0,0,0,0
1613676352080,6,1010123456026,72,,1,2,11,1,2,,6.13636,352,0,0.150233,107,0,5.71429,,12.9697,99,0,0.1,32,87.5,0,4.66853,31,,337,375,,0,0,0,8.81818
1613676352331,6,1010123456026,72,,1,2,11,1,2,,8.5,214,0,0.101248,60,0,6.66667,,0,0,0,0,0,0,0,0,0,,190,192,,0,0,0,0
1613676352580,6,1010123456026,72,,1,2,11,1,2,,6.90312,320,113,0.140048,94,0,5.83333,,0,0,0,0,0,0,0,0,0,,321,339,,0,0,0,0
1613676352831,6,1010123456026,72,,1,2,11,1,2,,7.38728,173,19,0.066976,47,0,5,,0,0,0,0,0,0,0,0,0,,147,147,,0,0,0,0
1613676353081,6,1010123456026,72,,1,2,11,1,2,,7.65472,307,69,0.134976,89,0,6.42857,,0.1,13,0,0.1,4,0,0,16.1929,31,,276,282,,0,0,0,1
1613676353331,6,1010123456026,72,,1,2,11,1,2,,12.7333,165,35,0.118848,45,0,8.5,,0,0,0,0,0,0,0,0,0,,142,144,,0,0,0,0
1613676353581,6,1010123456026,72,,1,2,11,1,2,,9.34184,196,0,0.118048,61,0,6.66667,,0,0,0,0,0,0,0,0,0,,168,168,,0,0,0,0
1613676353831,6,1010123456026,72,,1,2,11,1,2,,8.6875,240,0,0.119648,69,0,6.66667,,0,0,0,0,0,0,0,0,0,,212,216,,0,0,0,0
1613676354081,6,1010123456026,72,,1,2,11,1,2,,9.18848,191,0,0.102976,56,0,6.85714,,0,10,0,0,4,100,0,0,0,,169,171,,0,0,0,0
1613676354330,6,1010123456026,72,,1,2,11,1,2,,9.45228,241,0,0.123952,65,0,6.66667,,0,0,0,0,0,0,0,0,0,,209,213,,0,0,0,0
1613676354581,6,1010123456026,72,,1,2,11,1,2,,9.00398,251,0,0.12576,73,0,7,,0,0,0,0,0,0,0,0,0,,224,228,,0,0,0,0
1613676354830,6,1010123456026,72,,1,2,11,1,2,,5.6391,266,0,0.106313,79,0,6.16667,,0,0,0,0,0,0,0,0,0,,254,270,,0,0,0,0
1613676355080,6,1010123456026,72,,1,2,11,1,2,,9.03333,240,0,0.122153,68,0,6.42857,,5.30435,46,0,0.1,13,30.7692,0,10.1911,31,,211,213,,0,0,0,4.69565
1613676355331,6,1010123456026,72,,1,2,11,1,2,,8.93841,276,0,0.139296,81,0,7,,0,0,0,0,0,0,0,0,0,,237,237,,0,0,0,0
1613676355580,6,1010123456026,72,,1,2,11,1,2,,8.94146,205,0,0.0987631,54,0,7,,0,0,0,0,0,0,0,0,0,,175,177,,0,0,0,0
1613676355830,6,1010123456026,72,,1,2,11,1,2,,6.60284,282,20,0.115759,82,0,6,,0,0,0,0,0,0,0,0,0,,267,288,,0,0,0,0
1613676356081,6,1010123456026,72,,1,2,11,1,2,,7.61006,159,0,0.06768,44,0,6.28571,,0.1,13,0,0.1,4,0,0,9.19004,31,,138,138,,0,0,0,1.23077
1613676356331,6,1010123456026,72,,1,2,11,1,2,,7.65588,340,178,0.156992,96,0,6.66667,,0,0,0,0,0,0,0,0,0,,309,324,,0,0,0,0
1613676356580,6,1010123456026,72,,1,2,11,1,2,,5.86618,411,0,0.146442,120,0,6.16667,,0,0,0,0,0,0,0,0,0,,366,372,,0,0,0,0
1613676356831,6,1010123456026,72,,1,2,11,1,2,,10.0759,237,66,0.145216,70,0,7.16667,,0,0,0,0,0,0,0,0,0,,210,213,,0,0,0,0
1613676357081,6,1010123456026,72,,1,2,11,1,2,,8.3787,169,89,0.081952,51,0,6.85714,,8.73913,23,0,0.1,7,57.1429,0,8.34697,31,,147,147,,0,0,0,6.08696
1613676357330,6,1010123456026,72,,1,2,11,1,2,,9.31058,293,69,0.156723,84,0,7,,0,0,0,0,0,0,0,0,0,,260,264,,0,0,0,0
1613676357580,6,1010123456026,72,,1,2,11,1,2,,9.46428,140,0,0.0706827,35,0,6.66667,,0,0,0,0,0,0,0,0,0,,118,120,,0,0,0,0
1613676357830,6,1010123456026,72,,1,2,11,1,2,,8.66358,324,0,0.169478,97,0,6.83333,,0,0,0,0,0,0,0,0,0,,291,303,,0,0,0,0
1613676358081,6,1010123456026,72,,1,2,11,1,2,,11.2016,243,0,0.180608,71,0,7.28571,,7.38462,26,0,0.1,7,57.1429,0,7.79164,31,,212,222,,0,0,0,6.53846
1613676358331,6,1010123456026,72,,1,2,11,1,2,,7.73543,223,0,0.099968,61,0,6,,0,0,0,0,0,0,0,0,0,,196,198,,0,0,0,0
1613676358580,6,1010123456026,72,,1,2,11,1,2,,6.06788,383,0,0.138924,115,0,6,,0,0,0,0,0,0,0,0,0,,348,354,,0,0,0,0
1613676358831,6,1010123456026,72,,1,2,11,1,2,,9.36283,226,0,0.1192,65,0,6.83333,,0,0,0,0,0,0,0,0,0,,193,195,,0,0,0,0
1613676359080,6,1010123456026,72,,1,2,11,1,2,,9.98413,189,0,0.112996,55,0,6.83333,,0.1,20,0,0.1,6,0,0,7.54899,31,,169,174,,0,0,0,1
1613676359330,6,1010123456026,72,,1,2,11,1,2,,9.87446,231,0,0.135165,66,0,6.83333,,0,0,0,0,0,0,0,0,0,,203,207,,0,0,0,0
1613676359581,6,1010123456026,72,,1,2,11,1,2,,9.87037,270,0,0.156672,78,0,7,,0,0,0,0,0,0,0,0,0,,236,240,,0,0,0,0
1613676359830,6,1010123456026,72,,1,2,11,1,2,,8.7623,244,0,0.123566,68,0,6.16667,,0,0,0,0,0,0,0,0,0,,222,228,,0,0,0,0
1613676360081,6,1010123456026,72,,1,2,11,1,2,,8.86179,246,0,0.13248,75,0,7.42857,,0.1,14,0,0.1,4,0,0,2.35526,31,,219,219,,0,0,0,1.85714
1613676360330,6,1010123456026,72,,1,2,11,1,2,,9.44048,252,175,0.130345,67,0,6.83333,,0,0,0,0,0,0,0,0,0,,234,240,,0,0,0,0
1613676360581,6,1010123456026,72,,1,2,11,1,2,,10.0042,240,0,0.150432,75,0,7,,0,0,0,0,0,0,0,0,0,,205,207,,0,0,0,0
1613676360830,6,1010123456026,72,,1,2,11,1,2,,5.77741,301,0,0.102137,86,0,5.5,,0,0,0,0,0,0,0,0,0,,296,303,,0,0,0,0
1613676361081,6,1010123456026,72,,1,2,11,1,2,,4.59627,322,132,0.097216,92,0,5.42857,,13.4648,71,0,0.113152,22,72.7273,0,7.41182,31,,350,378,,0,0,0,7.33803
1613676361330,6,1010123456026,72,,1,2,11,1,2,,8.89789,284,142,0.139888,80,0,6.16667,,0,0,0,0,0,0,0,0,0,,243,249,,0,0,0,0
1613676361580,6,1010123456026,72,,1,2,11,1,2,,8.11957,276,0,0.134072,85,0,6.5,,0,0,0,0,0,0,0,0,0,,239,243,,0,0,0,0
1613676361830,6,1010123456026,72,,1,2,11,1,2,,9.77489,231,0,0.124948,65,0,6.83333,,0,0,0,0,0,0,0,0,0,,210,210,,0,0,0,0
1613676362080,6,1010123456026,72,,1,2,11,1,2,,9.17266,278,0,0.151871,81,0,6.71429,,15.4857,35,0,0.1,11,72.7273,0,12.3652,31,,250,255,,0,0,0,7.68571
1613676362330,6,1010123456026,72,,1,2,11,1,2,,7.51181,254,0,0.115952,76,0,6.83333,,0,0,0,0,0,0,0,0,0,,221,225,,0,0,0,0
1613676362581,6,1010123456026,72,,1,2,11,1,2,,9.80645,217,0,0.118752,60,0,6.66667,,0,0,0,0,0,0,0,0,0,,192,198,,0,0,0,0
1613676362830,6,1010123456026,72,,1,2,11,1,2,,9.14,250,0,0.135261,69,0,6.33333,,0,0,0,0,0,0,0,0,0,,217,225,,0,0,0,0
1613676363081,6,1010123456026,72,,1,2,11,1,2,,10.411,146,0,0.09312,47,0,6.71429,,15,16,0,0,4,100,0,2.76933,0,,135,135,,0,0,0,10
1613676363331,6,1010123456026,72,,1,2,11,1,2,,5.78019,414,63,0.14592,117,0,5.33333,,0,0,0,0,0,0,0,0,0,,431,471,,0,0,0,0
1613676363581,6,1010123456026,72,,1,2,11,1,2,,8.73853,218,0,0.10384,61,0,6.66667,,0,0,0,0,0,0,0,0,0,,184,186,,0,0,0,0
1613676363831,6,1010123456026,72,,1,2,11,1,2,,5.57857,280,99,0.111744,85,0,6,,0,0,0,0,0,0,0,0,0,,294,324,,0,0,0,0
1613676364080,6,1010123456026,72,,1,2,11,1,2,,8.46415,265,0,0.142104,80,0,6.14286,,10.4103,39,0,0.1,12,66.6667,0,3.77823,31,,244,252,,0,0,0,7.79487
1613676364331,6,1010123456026,72,,1,2,11,1,2,,7.9321,162,0,0.071168,46,0,6.66667,,0,0,0,0,0,0,0,0,0,,141,141,,0,0,0,0
1613676364580,6,1010123456026,72,,1,2,11,1,2,,9.00948,211,0,0.10898,59,0,6.66667,,0,0,0,0,0,0,0,0,0,,190,195,,0,0,0,0
1613676364831,6,1010123456026,72,,1,2,11,1,2,,7.90604,298,20,0.146464,86,0,6.83333,,0,0,0,0,0,0,0,0,0,,264,273,,0,0,0,0
1613676365081,6,1010123456026,72,,1,2,11,1,2,,9.23737,198,121,0.108832,59,0,6.14286,,0.1,15,0,0.1,4,0,0,14.6971,31,,177,180,,0,0,0,1
1613676365330,6,1010123456026,72,,1,2,11,1,2,,9.56051,157,0,0.0876466,45,0,6.83333,,0,0,0,0,0,0,0,0,0,,133,135,,0,0,0,0
1613676365581,6,1010123456026,72,,1,2,11,1,2,,9.67188,192,0,0.108,55,0,6.83333,,0,0,0,0,0,0,0,0,0,,168,174,,0,0,0,0
1613676365830,6,1010123456026,72,,1,2,11,1,2,,8.6383,235,0,0.11955,64,0,6.83333,,0,0,0,0,0,0,0,0,0,,206,216,,0,0,0,0
1613676366080,6,1010123456026,72,,1,2,11,1,2,,9.33333,222,0,0.122602,66,0,7.14286,,12.0857,35,0,0.1,11,72.7273,0,7.36081,31,,198,198,,0,0,0,7.42857
1613676366330,6,1010123456026,72,,1,2,11,1,2,,10.5395,215,89,0.129831,61,0,6.83333,,0,0,0,0,0,0,0,0,0,,186,186,,0,0,0,0
1613676366581,6,1010123456026,72,,1,2,11,1,2,,8.82269,282,0,0.139936,78,0,6.33333,,0,0,0,0,0,0,0,0,0,,241,246,,0,0,0,0
1613676366830,6,1010123456026,72,,1,2,11,1,2,,7.18152,303,0,0.120739,86,0,6.16667,,0,0,0,0,0,0,0,0,0,,266,270,,0,0,0,0
1613676367081,6,1010123456026,72,,1,2,11,1,2,,10.5879,165,119,0.1128,51,0,6.85714,,0,12,0,0.1,4,25,0,0,31,,143,147,,0,0,0,0
1613676367331,6,1010123456026,72,,1,2,11,1,2,,5.25183,409,117,0.125312,112,0,5.16667,,0,0,0,0,0,0,0,0,0,,432,477,,0,0,0,0
1613676367581,6,1010123456026,72,,1,2,11,1,2,,4.04187,406,0,0.13152,122,0,5.16667,,0,0,0,0,0,0,0,0,0,,425,492,,0,0,0,0
1613676367830,6,1010123456026,72,,1,2,11,1,2,,7.92941,255,0,0.130474,74,0,6.16667,,0,0,0,0,0,0,0,0,0,,245,267,,0,0,0,0
1613676368081,6,1010123456026,72,,1,2,11,1,2,,7.59119,318,0,0.132928,87,0,6.57143,,0,12,0,0.1,4,25,0,0,31,,278,282,,0,0,0,0
1613676368331,6,1010123456026,72,,1,2,11,1,2,,10.8378,148,0,0.10192,47,0,7.16667,,0,0,0,0,0,0,0,0,0,,128,132,,0,0,0,0
1613676368581,6,1010123456026,72,,1,2,11,1,2,,10.3227,313,0,0.19328,90,0,7,,0,0,0,0,0,0,0,0,0,,281,291,,0,0,0,0
1613676368830,6,1010123456026,72,,1,2,11,1,2,,9.08759,274,0,0.141269,77,0,7,,0,0,0,0,0,0,0,0,0,,233,237,,0,0,0,0
1613676369081,6,1010123456026,72,,1,2,11,1,2,,5.22483,298,274,0.09984,80,0,6,,0.1,11,0,0.1,3,0,0,2.2421,31,,319,354,,0,0,0,1.27273
1613676369331,6,1010123456026,72,,1,2,11,1,2,,9.19928,276,105,0.148416,86,0,6.33333,,0,0,0,0,0,0,0,0,0,,239,240,,0,0,0,0
1613676369581,6,1010123456026,72,,1,2,11,1,2,,5.70029,347,89,0.105376,97,0,5.5,,0,0,0,0,0,0,0,0,0,,311,315,,0,0,0,0
1613676369831,6,1010123456026,72,,1,2,11,1,2,,9.84404,218,0,0.121952,62,0,7,,0,0,0,0,0,0,0,0,0,,187,189,,0,0,0,0
1613676370081,6,1010123456026,72,,1,2,11,1,2,,10.5594,143,0,0.100896,46,0,7.14286,,0.1,10,0,0.1,3,0,0,12.8552,31,,126,132,,0,0,0,2.5
1613676370330,6,1010123456026,72,,1,2,11,1,2,,9.96993,133,0,0.0754378,38,0,7,,0,0,0,0,0,0,0,0,0,,114,114,,0,0,0,0
1613676370580,6,1010123456026,72,,1,2,11,1,2,,10.0729,192,0,0.112803,55,0,7,,0,0,0,0,0,0,0,0,0,,166,168,,0,0,0,0
1613676370831,6,1010123456026,72,,1,2,11,1,2,,9.69922,256,0,0.144576,74,0,6.83333,,0,0,0,0,0,0,0,0,0,,227,231,,0,0,0,0
1613676371081,6,1010123456026,72,,1,2,11,1,2,,9.77987,159,14,0.07904,40,0,7.57143,,0,12,0,0,4,100,0,0,0,,139,141,,0,0,0,0
1613676371331,6,1010123456026,72,,1,2,11,1,2,,10.224,250,158,0.152832,77,0,6.83333,,0,0,0,0,0,0,0,0,0,,211,213,,0,0,0,0
1613676371580,6,1010123456026,72,,1,2,11,1,2,,9.84337,249,87,0.135133,68,0,6.83333,,0,0,0,0,0,0,0,0,0,,217,219,,0,0,0,0
1613676371830,6,1010123456026,72,,1,2,11,1,2,,10.5385,234,0,0.145831,69,0,7.16667,,0,0,0,0,0,0,0,0,0,,208,210,,0,0,0,0
1613676372081,6,1010123456026,72,,1,2,11,1,2,,8.4739,249,0,0.122464,74,0,6.42857,,0.1,11,0,0.1,3,0,0,1.01792,31,,217,219,,0,0,0,2.45455
1613676372330,6,1010123456026,72,,1,2,11,1,2,,5.60852,493,0,0.172016,138,0,5.5,,0,0,0,0,0,0,0,0,0,,472,519,,0,0,0,0
1613676372581,6,1010123456026,72,,1,2,11,1,2,,10.6256,211,0,0.13904,63,0,7.33333,,0,0,0,0,0,0,0,0,0,,180,180,,0,0,0,0
1613676372830,6,1010123456026,72,,1,2,11,1,2,,8.33884,242,0,0.11547,67,0,6.5,,0,0,0,0,0,0,0,0,0,,208,210,,0,0,0,0
1613676373081,6,1010123456026,72,,1,2,11,1,2,,10.4923,195,0,0.116864,57,0,7.42857,,6.78261,23,0,0.1,7,57.1429,0,9.32109,31,,168,168,,0,0,0,6.21739
1613676373331,6,1010123456026,72,,1,2,11,1,2,,10.8426,197,0,0.123296,55,0,7.33333,,0,0,0,0,0,0,0,0,0,,170,174,,0,0,0,0
1613676373581,6,1010123456026,72,,1,2,11,1,2,,7.64725,309,248,0.139968,84,0,5.83333,,0,0,0,0,0,0,0,0,0,,272,288,,0,0,0,0
1613676373830,6,1010123456026,72,,1,2,11,1,2,,4.17485,326,0,0.101558,101,0,6.16667,,0,0,0,0,0,0,0,0,0,,297,318,,0,0,0,0
1613676374081,6,1010123456026,72,,1,2,11,1,2,,8.78161,174,0,0.087296,50,0,7,,0,11,0,0,4,100,0,0,0,,152,156,,0,0,0,0
1613676374331,6,1010123456026,72,,1,2,11,1,2,,10.6646,164,0,0.101344,44,0,7.16667,,0,0,0,0,0,0,0,0,0,,143,147,,0,0,0,0
1613676374580,6,1010123456026,72,,1,2,11,1,2,,8.036,250,0,0.11592,75,0,6.33333,,0,0,0,0,0,0,0,0,0,,225,225,,0,0,0,0
1613676374830,6,1010123456026,72,,1,2,11,1,2,,9.1,210,0,0.104,58,0,6.83333,,0,0,0,0,0,0,0,0,0,,183,183,,0,0,0,0
1613676375080,6,1010123456026,72,,1,2,11,1,2,,10.6484,182,0,0.118361,54,0,7.14286,,0.1,11,0,0.1,4,0,0,6.03783,31,,156,156,,0,0,0,2.63636
1613676375331,6,1010123456026,72,,1,2,11,1,2,,7.3547,234,0,0.089344,65,0,6.16667,,0,0,0,0,0,0,0,0,0,,213,213,,0,0,0,0
1613676375581,6,1010123456026,72,,1,2,11,1,2,,6.14563,309,0,0.126944,89,0,6.83333,,0,0,0,0,0,0,0,0,0,,281,312,,0,0,0,0
1613676375830,6,1010123456026,72,,1,2,11,1,2,,8.50806,248,0,0.125751,72,0,6.33333,,0,0,0,0,0,0,0,0,0,,217,219,,0,0,0,0
1613676376081,6,1010123456026,72,,1,2,11,1,2,,9.27381,252,0,0.13952,72,0,6.71429,,10.8158,38,0,0.1,11,63.6364,0,6.83025,31,,223,231,,0,0,0,6.68421
1613676376331,6,1010123456026,72,,1,2,11,1,2,,7.71429,231,0,0.094624,64,0,6.16667,,0,0,0,0,0,0,0,0,0,,202,204,,0,0,0,0
1613676376581,6,1010123456026,72,,1,2,11,1,2,,5.37662,462,0,0.1632,136,0,5.16667,,0,0,0,0,0,0,0,0,0,,440,465,,0,0,0,0
1613676376831,6,1010123456026,72,,1,2,11,1,2,,9.83142,261,0,0.14,72,0,7,,0,0,0,0,0,0,0,0,0,,231,231,,0,0,0,0
1613676377081,6,1010123456026,72,,1,2,11,1,2,,5.75627,279,409,0.108288,77,0,5.42857,,13.1429,84,0,0.100864,26,76.9231,0,4.18314,31,,294,309,,0,0,0,7.64286
1613676377331,6,1010123456026,72,,1,2,11,1,2,,3.92878,337,0,0.110624,104,0,5.5,,0,0,0,0,0,0,0,0,0,,393,453,,0,0,0,0
1613676377581,6,1010123456026,72,,1,2,11,1,2,,8.81319,364,0,0.18944,100,0,6.66667,,0,0,0,0,0,0,0,0,0,,325,342,,0,0,0,0
1613676377830,6,1010123456026,72,,1,2,11,1,2,,8.14523,241,0,0.114602,71,0,6.33333,,0,0,0,0,0,0,0,0,0,,207,207,,0,0,0,0
1613676378081,6,1010123456026,72,,1,2,11,1,2,,9.06015,266,0,0.138912,77,0,6.57143,,7.23077,26,0,0.1,7,57.1429,0,13.2254,31,,232,234,,0,0,0,6.53846
1613676378331,6,1010123456026,72,,1,2,11,1,2,,8.39837,246,0,0.116416,69,0,6.66667,,0,0,0,0,0,0,0,0,0,,231,243,,0,0,0,0
1613676378581,6,1010123456026,72,,1,2,11,1,2,,6.73743,358,0,0.137856,101,0,6.16667,,0,0,0,0,0,0,0,0,0,,314,315,,0,0,0,0
1613676378831,6,1010123456026,72,,1,2,11,1,2,,9.22128,235,0,0.136,74,0,6.5,,0,0,0,0,0,0,0,0,0,,212,216,,0,0,0,0
1613676379081,6,1010123456026,72,,1,2,11,1,2,,9.35814,215,39,0.113056,58,0,6.28571,,0,6,0,0.1,2,0,0,0,31,,193,195,,0,0,0,0
1613676379330,6,1010123456026,72,,1,2,11,1,2,,3.51991,452,0,0.108145,134,0,5.16667,,0,0,0,0,0,0,0,0,0,,402,408,,0,0,0,0
1613676379580,6,1010123456026,72,,1,2,11,1,2,,9.36065,244,0,0.130956,69,0,7.83333,,0,0,0,0,0,0,0,0,0,,213,219,,0,0,0,0
1613676379831,6,1010123456026,72,,1,2,11,1,2,,8.22066,213,0,0.11424,64,0,6.33333,,0,0,0,0,0,0,0,0,0,,191,195,,0,0,0,0
1613676380080,6,1010123456026,72,,1,2,11,1,2,,9.58571,210,0,0.0997912,54,0,6.28571,,0,12,0,0,4,100,0,0,0,,183,183,,0,0,0,0
1613676380331,6,1010123456026,72,,1,2,11,1,2,,5.83594,256,0,0.098496,81,0,7,,0.857143,7,0,0.1,2,0,0,1.91624,31,,234,234,,0,0,0,1
1613676380581,6,1010123456026,72,,1,2,11,1,2,,8.33333,147,0,0.071456,42,0,6.16667,,0,0,0,0,0,0,0,0,0,,130,132,,0,0,0,0
1613676380831,6,1010123456026,72,,1,2,11,1,2,,8.51883,239,0,0.114848,69,0,6,,0,0,0,0,0,0,0,0,0,,215,219,,0,0,0,0
1613676381081,6,1010123456026,72,,1,2,11,1,2,,10.1394,165,73,0.096544,45,0,7,,0.1,11,0,0.1,3,0,0,8.48089,31,,150,156,,0,0,0,1.36364
1613676381330,6,1010123456026,72,,1,2,11,1,2,,5.86686,353,0,0.138988,102,0,6,,0,0,0,0,0,0,0,0,0,,360,393,,0,0,0,0
1613676381581,6,1010123456026,72,,1,2,11,1,2,,7.20158,253,0,0.106848,71,0,6.4,,0,0,0,0,0,0,0,0,0,,223,225,,0,0,0,0
1613676381831,6,1010123456026,72,,1,2,11,1,2,,8.60092,218,0,0.111936,59,0,6.16667,,0,0,0,0,0,0,0,0,0,,191,201,,0,0,0,0
1613676382081,6,1010123456026,72,,1,2,11,1,2,,8.9814,215,132,0.113856,67,0,6.28571,,0.1,12,0,0.1,4,0,0,5.98994,31,,189,189,,0,0,0,1.25
1613676382331,6,1010123456026,72,,1,2,11,1,2,,4.79661,531,0,0.154496,150,0,5.33333,,0,0,0,0,0,0,0,0,0,,485,519,,0,0,0,0
1613676382580,6,1010123456026,72,,1,2,11,1,2,,8.76635,214,0,0.120321,67,0,6.83333,,0,0,0,0,0,0,0,0,0,,185,189,,0,0,0,0
1613676382831,6,1010123456026,72,,1,2,11,1,2,,9.62319,207,0,0.1192,60,0,6.5,,0,0,0,0,0,0,0,0,0,,182,186,,0,0,0,0
1613676383081,6,1010123456026,72,,1,2,11,1,2,,8.62879,132,0,0.060064,36,0,6.71429,,9.38095,42,0,0.1,13,69.2308,0,5.48178,31,,121,123,,0,0,0,7.07143
1613676383331,6,1010123456026,72,,1,2,11,1,2,,8.05333,300,158,0.142432,89,0,6.2,,0,0,0,0,0,0,0,0,0,,262,264,,0,0,0,0
1613676383580,6,1010123456026,72,,1,2,11,1,2,,8.76016,246,0,0.110972,64,0,6.66667,,0,0,0,0,0,0,0,0,0,,210,210,,0,0,0,0
1613676383830,6,1010123456026,72,,1,2,11,1,2,,9.51899,158,0,0.0910843,48,0,7,,0,0,0,0,0,0,0,0,0,,136,138,,0,0,0,0
1613676384081,6,1010123456026,72,,1,2,11,1,2,,8.53689,244,0,0.125632,74,0,6.42857,,0.1,16,0,0.1,5,0,0,1.59978,31,,216,222,,0,0,0,1.1875
1613676384331,6,1010123456026,72,,1,2,11,1,2,,9.37729,273,0,0.150944,78,0,7,,0,0,0,0,0,0,0,0,0,,239,246,,0,0,0,0
1613676384581,6,1010123456026,72,,1,2,11,1,2,,7.08451,355,68,0.143744,99,0,5.66667,,0,0,0,0,0,0,0,0,0,,312,318,,0,0,0,0
1613676384831,6,1010123456026,72,,1,2,11,1,2,,8.81223,229,0,0.119232,68,0,6.83333,,0,0,0,0,0,0,0,0,0,,198,204,,0,0,0,0
1613676385081,6,1010123456026,72,,1,2,11,1,2,,9.74146,205,0,0.108096,56,0,7.14286,,0.1,14,0,0.1,4,0,0,1.37756,31,,184,186,,0,0,0,2.07143
1613676385330,6,1010123456026,72,,1,2,11,1,2,,9.28125,192,0,0.092498,52,0,6.5,,0,0,0,0,0,0,0,0,0,,165,165,,0,0,0,0
1613676385580,6,1010123456026,72,,1,2,11,1,2,,8.125,352,0,0.175422,107,0,6.16667,,0,0,0,0,0,0,0,0,0,,306,312,,0,0,0,0
1613676385830,6,1010123456026,72,,1,2,11,1,2,,10.7244,225,0,0.140723,65,0,7.33333,,0,0,0,0,0,0,0,0,0,,196,198,,0,0,0,0
1613676386081,6,1010123456026,72,,1,2,11,1,2,,7.52542,236,0,0.09344,62,0,7,,1.11628,43,0,0.1,13,15.3846,0,5.73616,31,,220,231,,0,0,0,3.46512
1613676386330,6,1010123456026,72,,1,2,11,1,2,,9.61778,225,0,0.145639,70,0,7,,0,0,0,0,0,0,0,0,0,,199,204,,0,0,0,0
1613676386581,6,1010123456026,72,,1,2,11,1,2,,8.95455,198,0,0.103136,59,0,6.83333,,0,0,0,0,0,0,0,0,0,,171,171,,0,0,0,0
1613676386831,6,1010123456026,72,,1,2,11,1,2,,8.98083,313,0,0.152896,88,0,6.33333,,0,0,0,0,0,0,0,0,0,,272,276,,0,0,0,0
1613676387081,6,1010123456026,72,,1,2,11,1,2,,10.7468,237,0,0.155776,70,0,7.14286,,6.26087,23,0,0.1,7,57.1429,0,10.2622,31,,207,213,,0,0,0,5.69565
1613676387331,6,1010123456026,72,,1,2,11,1,2,,9.43023,172,0,0.091616,49,0,6.83333,,0,0,0,0,0,0,0,0,0,,147,147,,0,0,0,0
1613676387581,6,1010123456026,72,,1,2,11,1,2,,6.85922,206,0,0.0832,60,0,6.16667,,0,0,0,0,0,0,0,0,0,,186,186,,0,0,0,0
1613676387830,6,1010123456026,72,,1,2,11,1,2,,10.8964,222,156,0.136675,59,0,7.33333,,0,0,0,0,0,0,0,0,0,,195,201,,0,0,0,0
1613676388080,6,1010123456026,72,,1,2,11,1,2,,7.14805,385,0,0.178924,115,0,6.42857,,15.0843,83,0,0.104129,28,85.7143,0,4.63405,31,,358,369,,0,0,0,8.80723
1613676388330,6,1010123456026,72,,1,2,11,1,2,,8.8247,251,0,0.120353,70,0,6.33333,,0,0,0,0,0,0,0,0,0,,213,213,,0,0,0,0
1613676388581,6,1010123456026,72,,1,2,11,1,2,,9.79426,209,0,0.119424,63,0,6.66667,,0,0,0,0,0,0,0,0,0,,178,180,,0,0,0,0
1613676388831,6,1010123456026,72,,1,2,11,1,2,,10.1524,210,0,0.123584,60,0,6.83333,,0,0,0,0,0,0,0,0,0,,184,189,,0,0,0,0
1613676389081,6,1010123456026,72,,1,2,11,1,2,,9.76256,219,0,0.123616,62,0,6.71429,,0.1,13,0,0.1,4,0,0,16.2252,31,,187,189,,0,0,0,1.69231
1613676389331,6,1010123456026,72,,1,2,11,1,2,,8.15225,289,0,0.1376,84,0,6.66667,,0,0,0,0,0,0,0,0,0,,255,261,,0,0,0,0
1613676389581,6,1010123456026,72,,1,2,11,1,2,,9.42601,223,207,0.123776,64,0,6.5,,0,0,0,0,0,0,0,0,0,,203,207,,0,0,0,0
1613676389830,6,1010123456026,72,,1,2,11,1,2,,9.96053,228,0,0.127004,65,0,7.2,,0,0,0,0,0,0,0,0,0,,196,198,,0,0,0,0
1613676390081,6,1010123456026,72,,1,2,11,1,2,,9.2437,238,0,0.124704,67,0,6.85714,,13.7143,7,0,0.1,2,0,0,32.0431,31,,213,219,,0,0,0,1
1613676390331,6,1010123456026,72,,1,2,11,1,2,,9.76957,230,0,0.142944,72,0,6.5,,0,0,0,0,0,0,0,0,0,,204,210,,0,0,0,0
1613676390581,6,1010123456026,72,,1,2,11,1,2,,8.59799,199,0,0.094848,55,0,6.33333,,0,0,0,0,0,0,0,0,0,,175,177,,0,0,0,0
1613676390830,6,1010123456026,72,,1,2,11,1,2,,8.84409,186,0,0.0953896,55,0,6.33333,,0,0,0,0,0,0,0,0,0,,163,165,,0,0,0,0
1613676391081,6,1010123456026,72,,1,2,11,1,2,,9.82993,294,0,0.17232,85,0,6.71429,,0,12,0,0,4,100,0,0,0,,258,264,,0,0,0,0
1613676391331,6,1010123456026,72,,1,2,11,1,2,,9.30808,198,89,0.09696,54,0,7,,0,0,0,0,0,0,0,0,0,,174,174,,0,0,0,0
1613676391581,6,1010123456026,72,,1,2,11,1,2,,9.10039,259,7,0.12864,73,0,6.5,,0,0,0,0,0,0,0,0,0,,229,231,,0,0,0,0
1613676391831,6,1010123456026,72,,1,2,11,1,2,,10.0251,279,0,0.173792,86,0,7,,0,0,0,0,0,0,0,0,0,,239,243,,0,0,0,0
1613676392080,6,1010123456026,72,,1,2,11,1,2,,7.27313,227,30,0.0943614,66,0,6.14286,,0.1,11,0,0.1,3,0,0,6.40765,31,,206,210,,0,0,0,1.63636
1613676392330,6,1010123456026,72,,1,2,11,1,2,,8.44485,272,0,0.13192,79,0,6.16667,,0,0,0,0,0,0,0,0,0,,232,234,,0,0,0,0
1613676392581,6,1010123456026,72,,1,2,11,1,2,,9.80335,239,0,0.139424,67,0,7.16667,,0,0,0,0,0,0,0,0,0,,214,222,,0,0,0,0
1613676392830,6,1010123456026,72,,1,2,11,1,2,,9.20152,263,0,0.146635,79,0,7,,0,0,0,0,0,0,0,0,0,,230,234,,0,0,0,0
1613676393081,6,1010123456026,72,,1,2,11,1,2,,9.66467,167,0,0.085984,45,0,7.71429,,15.1899,79,0,0.10992,25,80,0,6.63282,31,,144,144,,0,0,0,8.06329
1613676393331,6,1010123456026,72,,1,2,11,1,2,,9.625,200,0,0.10784,57,0,6.83333,,0,0,0,0,0,0,0,0,0,,171,171,,0,0,0,0
1613676393581,6,1010123456026,72,,1,2,11,1,2,,8.4359,195,69,0.108352,58,0,5.5,,0,0,0,0,0,0,0,0,0,,188,201,,0,0,0,0
1613676393831,6,1010123456026,72,,1,2,11,1,2,,8.93417,319,0,0.178784,93,0,6.5,,0,0,0,0,0,0,0,0,0,,276,285,,0,0,0,0
1613676394081,6,1010123456026,72,,1,2,11,1,2,,7.76027,292,0,0.126272,81,0,6.14286,,0.1,13,0,0.1,4,25,0,0.939221,31,,258,264,,0,0,0,3.92308
1613676394330,6,1010123456026,72,,1,2,11,1,2,,10.9399,233,0,0.145285,66,0,7,,0,0,0,0,0,0,0,0,0,,199,201,,0,0,0,0
1613676394580,6,1010123456026,72,,1,2,11,1,2,,7.20077,259,0,0.105606,75,0,6,,0,0,0,0,0,0,0,0,0,,226,228,,0,0,0,0
1613676394830,6,1010123456026,72,,1,2,11,1,2,,8.81657,169,0,0.0872932,51,0,6.66667,,0,0,0,0,0,0,0,0,0,,144,144,,0,0,0,0
1613676395081,6,1010123456026,72,,1,2,11,1,2,,5.625,456,0,0.168192,134,0,5.57143,,0.1,13,0,0.1,4,0,0,2.80601,31,,477,519,,0,0,0,1.46154
1613676395331,6,1010123456026,72,,1,2,11,1,2,,8.37398,246,0,0.11488,71,0,6,,0,0,0,0,0,0,0,0,0,,217,219,,0,0,0,0
1613676395581,6,1010123456026,72,,1,2,11,1,2,,6.02631,266,0,0.09552,77,0,5.66667,,0,0,0,0,0,0,0,0,0,,238,240,,0,0,0,0
1613676395831,6,1010123456026,72,,1,2,11,1,2,,5.29643,280,0,0.100352,78,0,6.16667,,0,0,0,0,0,0,0,0,0,,307,339,,0,0,0,0
1613676396081,6,1010123456026,72,,1,2,11,1,2,,9.50327,306,0,0.183296,93,0,6.42857,,15.0588,85,0,0.1,27,88.8889,0,4.37009,31,,278,288,,0,0,0,8.94118
1613676396331,6,1010123456026,72,,1,2,11,1,2,,7.79468,263,0,0.1152,74,0,6,,0,0,0,0,0,0,0,0,0,,234,240,,0,0,0,0
1613676396580,6,1010123456026,72,,1,2,11,1,2,,7.98106,264,0,0.116787,76,0,6.33333,,0,0,0,0,0,0,0,0,0,,230,234,,0,0,0,0
1613676396831,6,1010123456026,72,,1,2,11,1,2,,10,132,0,0.090944,40,0,6.5,,0,0,0,0,0,0,0,0,0,,116,120,,0,0,0,0
1613676397081,6,1010123456026,72,,1,2,11,1,2,,9.31148,183,0,0.091968,51,0,6.85714,,8.62162,37,0,0.1,11,72.7273,0,2.79823,31,,162,162,,0,0,0,7.81081
1613676397331,6,1010123456026,72,,1,2,11,1,2,,11,204,0,0.133376,58,0,7.83333,,0,0,0,0,0,0,0,0,0,,183,186,,0,0,0,0
1613676397581,6,1010123456026,72,,1,2,11,1,2,,9.02655,226,0,0.113856,65,0,6.83333,,0,0,0,0,0,0,0,0,0,,195,195,,0,0,0,0
1613676397831,6,1010123456026,72,,1,2,11,1,2,,9.67164,201,0,0.11856,62,0,6.83333,,0,0,0,0,0,0,0,0,0,,171,171,,0,0,0,0
1613676398081,6,1010123456026,72,,1,2,11,1,2,,9.86719,256,0,0.145152,71,0,6.85714,,0.1,10,0,0.1,3,0,0,12.3434,31,,227,234,,0,0,0,1
1613676398331,6,1010123456026,72,,1,2,11,1,2,,8.31985,272,0,0.130816,81,0,6.5,,0,0,0,0,0,0,0,0,0,,234,234,,0,0,0,0
1613676398580,6,1010123456026,72,,1,2,11,1,2,,9.58411,214,0,0.114249,61,0,6.83333,,0,0,0,0,0,0,0,0,0,,184,186,,0,0,0,0
1613676398831,6,1010123456026,72,,1,2,11,1,2,,10.7711,201,0,0.122848,56,0,7.5,,0,0,0,0,0,0,0,0,0,,182,186,,0,0,0,0
1613676399081,6,1010123456026,72,,1,2,11,1,2,,10.5862,174,0,0.117824,53,0,7.28571,,0.1,14,0,0.1,4,25,0,1.47309,31,,150,150,,0,0,0,4.35714
1613676399331,6,1010123456026,72,,1,2,11,1,2,,2.66526,475,265,0.1104,129,0,3.16667,,0,0,0,0,0,0,0,0,0,,574,663,,0,0,0,0
1613676399581,6,1010123456026,72,,1,2,11,1,2,,6.50663,377,89,0.147104,110,0,6.83333,,0,0,0,0,0,0,0,0,0,,351,372,,0,0,0,0
1613676399830,6,1010123456026,72,,1,2,11,1,2,,9.59914,232,0,0.129831,68,0,6.83333,,0,0,0,0,0,0,0,0,0,,195,195,,0,0,0,0
1613676400081,6,1010123456026,72,,1,2,11,1,2,,10.0619,226,40,0.1288,60,0,7.14286,,0.1,15,0,0.1,4,25,0,1.66577,31,,199,207,,0,0,0,3.6
1613676400331,6,1010123456026,72,,1,2,11,1,2,,9.8287,216,0,0.134624,68,0,7.16667,,0,0,0,0,0,0,0,0,0,,183,186,,0,0,0,0
1613676400581,6,1010123456026,72,,1,2,11,1,2,,10.1584,202,0,0.112992,55,0,7.2,,0,0,0,0,0,0,0,0,0,,175,177,,0,0,0,0
1613676400831,6,1010123456026,72,,1,2,11,1,2,,7.06818,352,0,0.149216,104,0,5.33333,,0,0,0,0,0,0,0,0,0,,327,342,,0,0,0,0
1613676401081,6,1010123456026,72,,1,2,11,1,2,,7.07348,313,153,0.123456,83,0,5.85714,,0.1,13,0,0.1,4,0,0,14.2591,31,,293,306,,0,0,0,1.30769
1613676401331,6,1010123456026,72,,1,2,11,1,2,,7.70724,304,0,0.1352,94,0,6.66667,,0,0,0,0,0,0,0,0,0,,268,270,,0,0,0,0
1613676401581,6,1010123456026,72,,1,2,11,1,2,,10.0287,279,0,0.155168,77,0,7,,0,0,0,0,0,0,0,0,0,,240,246,,0,0,0,0
1613676401831,6,1010123456026,72,,1,2,11,1,2,,10.8345,139,0,0.102912,44,0,7.33333,,0,0,0,0,0,0,0,0,0,,122,126,,0,0,0,0
1613676402081,6,1010123456026,72,,1,2,11,1,2,,9.6087,184,34,0.107328,52,0,7.57143,,6.93333,30,0,0.1,9,44.4444,0,13.7436,31,,165,171,,0,0,0,4.9
1613676402331,6,1010123456026,72,,1,2,11,1,2,,8.59394,165,20,0.065792,41,0,6.66667,,0,0,0,0,0,0,0,0,0,,141,141,,0,0,0,0
1613676402581,6,1010123456026,72,,1,2,11,1,2,,9.55385,65,0,0.048288,26,0,7,,0,0,0,0,0,0,0,0,0,,54,54,,0,0,0,0
1613676402831,6,1010123456026,72,,1,2,11,1,2,,0,0,0,0,0,0,7.33333,,0,0,0,0,0,0,0,0,0,,0,0,,0,0,0,0
1613676403080,6,1010123456026,72,,1,2,11,1,2,,0,0,0,0,0,0,7.57143,,0,0,0,0,0,0,0,0,0,,0,0,,0,0,0,0
1613676403330,6,1010123456026,72,,1,2,11,1,2,,0,0,0,0,0,0,7.66667,,0,0,0,0,0,0,0,0,0,,0,0,,0,0,0,0
1613676403580,6,1010123456026,72,,1,2,11,1,2,,0,0,0,0,0,0,7.6,,0,0,0,0,0,0,0,0,0,,0,0,,0,0,0,0
1613676403830,6,1010123456026,72,,1,2,11,1,2,,0,0,0,0,0,0,8,,0,0,0,0,0,0,0,0,0,,0,0,,0,0,0,0
1613676404081,6,1010123456026,72,,1,2,11,1,2,,0,0,0,0,0,0,7,,0,0,0,0,0,0,0,0,0,,0,0,,0,0,0,0
1613676404330,6,1010123456026,72,,1,2,11,1,2,,0,0,0,0,0,0,7,,0,0,0,0,0,0,0,0,0,,0,0,,0,0,0,0
1613676404580,6,1010123456026,72,,1,2,11,1,2,,0,0,0,0,0,0,8.5,,0,0,0,0,0,0,0,0,0,,0,0,,0,0,0,0
1613676404831,6,1010123456026,72,,1,2,11,1,2,,0,0,0,0,0,0,7.66667,,0,0,0,0,0,0,0,0,0,,0,0,,0,0,0,0
1613676405080,6,1010123456026,72,,1,2,11,1,2,,0,0,0,0,0,0,7.14286,,0,0,0,0,0,0,0,0,0,,0,0,,0,0,0,0
1613676405330,6,1010123456026,72,,1,2,11,1,2,,0,0,0,0,0,0,7.2,,0,0,0,0,0,0,0,0,0,,0,0,,0,0,0,0
1613676405581,6,1010123456026,72,,1,2,11,1,2,,0,0,0,0,0,0,8.83333,,0,0,0,0,0,0,0,0,0,,0,0,,0,0,0,0
1613676405831,6,1010123456026,72,,1,2,11,1,2,,0,0,0,0,0,0,7.4,,0,0,0,0,0,0,0,0,0,,0,0,,0,0,0,0
1613676406081,6,1010123456026,72,,1,2,11,1,2,,0,0,0,0,0,0,7,,0,0,0,0,0,0,0,0,0,,0,0,,0,0,0,0
1613676406330,6,1010123456026,72,,1,2,11,1,2,,0,0,0,0,0,0,8,,0,0,0,0,0,0,0,0,0,,0,0,,0,0,0,0
1613676406580,6,1010123456026,72,,1,2,11,1,2,,0,0,0,0,0,0,7.33333,,0,0,0,0,0,0,0,0,0,,0,0,,0,0,0,0
1613676406831,6,1010123456026,72,,1,2,11,1,2,,0,0,0,0,0,0,7.2,,0,0,0,0,0,0,0,0,0,,0,0,,0,0,0,0
1613676407081,6,1010123456026,72,,1,2,11,1,2,,0,0,0,0,0,0,7.42857,,0,0,0,0,0,0,0,0,0,,0,0,,0,0,0,0
1613676407330,6,1010123456026,72,,1,2,11,1,2,,0,0,0,0,0,0,7,,0,0,0,0,0,0,0,0,0,,0,0,,0,0,0,0
1613676407580,6,1010123456026,72,,1,2,11,1,2,,0,0,0,0,0,0,8.8,,0,0,0,0,0,0,0,0,0,,0,0,,0,0,0,0
1613676407830,6,1010123456026,72,,1,2,11,1,2,,0,0,0,0,0,0,7.83333,,0,0,0,0,0,0,0,0,0,,0,0,,0,0,0,0
1613676408081,6,1010123456026,72,,1,2,11,1,2,,0,0,0,0,0,0,7.4,,0,0,0,0,0,0,0,0,0,,0,0,,0,0,0,0
1613676408331,6,1010123456026,72,,1,2,11,1,2,,0,0,0,0,0,0,11,,0,0,0,0,0,0,0,0,0,,0,0,,0,0,0,0
1613676408580,6,1010123456026,72,,1,2,11,1,2,,0,0,0,0,0,0,0.1,,0,0,0,0,0,0,0,0,0,,0,0,,0,0,0,0
1613676408830,6,1010123456026,72,,1,2,11,1,2,,0,0,0,0,0,0,14,,0,0,0,0,0,0,0,0,0,,0,0,,0,0,0,0
1613676409080,6,1010123456026,72,,1,2,11,1,2,,0,0,0,0,0,0,10,,0,0,0,0,0,0,0,0,0,,0,0,,0,0,0,0
1613676409330,6,1010123456026,72,,1,2,11,1,2,,0,0,0,0,0,0,8.4,,0,0,0,0,0,0,0,0,0,,0,0,,0,0,0,0
1613676409580,6,1010123456026,72,,1,2,11,1,2,,0,0,0,0,0,0,3,,0,0,0,0,0,0,0,0,0,,0,0,,0,0,0,0
1613676409830,6,1010123456026,72,,1,2,11,1,2,,0,0,0,0,0,0,1.5,,0,0,0,0,0,0,0,0,0,,0,0,,0,0,0,0
1613676410080,6,1010123456026,72,,1,2,11,1,2,,0,0,0,0,0,0,5,,0,0,0,0,0,0,0,0,0,,0,0,,0,0,0,0
1613676410330,6,1010123456026,72,,1,2,11,1,2,,0,0,0,0,0,0,0.1,,0,0,0,0,0,0,0,0,0,,0,0,,0,0,0,0
1613676410581,6,1010123456026,72,,1,2,11,1,2,,0,0,0,0,0,0,5,,0,0,0,0,0,0,0,0,0,,0,0,,0,0,0,0
1613676410830,6,1010123456026,72,,1,2,11,1,2,,0,0,0,0,0,0,4.25,,0,0,0,0,0,0,0,0,0,,0,0,,0,0,0,0
1613676411081,6,1010123456026,72,,1,2,11,1,2,,0,0,0,0,0,0,5,,0,0,0,0,0,0,0,0,0,,0,0,,0,0,0,0
1613676411330,6,1010123456026,72,,1,2,11,1,2,,0,0,0,0,0,0,5,,0,0,0,0,0,0,0,0,0,,0,0,,0,0,0,0
1613676411580,6,1010123456026,72,,1,2,11,1,2,,0,0,0,0,0,0,6,,0,0,0,0,0,0,0,0,0,,0,0,,0,0,0,0
1613676411830,6,1010123456026,72,,1,2,11,1,2,,0,0,0,0,0,0,8,,0,0,0,0,0,0,0,0,0,,0,0,,0,0,0,0
1613676412080,6,1010123456026,72,,1,2,11,1,2,,0,0,0,0,0,0,10.3333,,0,0,0,0,0,0,0,0,0,,0,0,,0,0,0,0
1613676412330,6,1010123456026,72,,1,2,11,1,2,,0,0,0,0,0,0,6.5,,0,12,0,0,4,100,0,0,0,,0,0,,0,0,0,0
1613676412580,6,1010123456026,72,,1,2,11,1,2,,0,0,0,0,0,0,6,,0,0,0,0,0,0,0,0,0,,0,0,,0,0,0,0
1613676412830,6,1010123456026,72,,1,2,11,1,2,,0,0,0,0,0,0,6,,0,0,0,0,0,0,0,0,0,,0,0,,0,0,0,0
1613676413081,6,1010123456026,72,,1,2,11,1,2,,0,0,0,0,0,0,8,,0,0,0,0,0,0,0,0,0,,0,0,,0,0,0,0
1613676413330,6,1010123456026,72,,1,2,11,1,2,,0,0,0,0,0,0,0.1,,0,0,0,0,0,0,0,0,0,,0,0,,0,0,0,0
1613676413581,6,1010123456026,72,,1,2,11,1,2,,0,0,0,0,0,0,9,,0,0,0,0,0,0,0,0,0,,0,0,,0,0,0,0
1613676413830,6,1010123456026,72,,1,2,11,1,2,,0,0,0,0,0,0,5,,0,0,0,0,0,0,0,0,0,,0,0,,0,0,0,0
1613676414080,6,1010123456026,72,,1,2,11,1,2,,0,0,0,0,0,0,5.8,,0,0,0,0,0,0,0,0,0,,0,0,,0,0,0,0
1613676414330,6,1010123456026,72,,1,2,11,1,2,,0,0,0,0,0,0,4,,0,0,0,0,0,0,0,0,0,,0,0,,0,0,0,0
1613676414580,6,1010123456026,72,,1,2,11,1,2,,0,0,0,0,0,0,0.1,,0,0,0,0,0,0,0,0,0,,0,0,,0,0,0,0
1613676414830,6,1010123456026,72,,1,2,11,1,2,,0,0,0,0,0,0,6.25,,0,0,0,0,0,0,0,0,0,,0,0,,0,0,0,0
1613676415080,6,1010123456026,72,,1,2,11,1,2,,0,0,0,0,0,0,5,,0,0,0,0,0,0,0,0,0,,0,0,,0,0,0,0
1613676415330,6,1010123456026,72,,1,2,11,1,2,,0,0,0,0,0,0,2,,0,0,0,0,0,0,0,0,0,,0,0,,0,0,0,0
1613676415580,6,1010123456026,72,,1,2,11,1,2,,0,0,0,0,0,0,7.5,,0,0,0,0,0,0,0,0,0,,0,0,,0,0,0,0
